Query_ID	Target_ID	Optimal_offset	p-value	E-value	q-value	Overlap	Query_consensus	Target_consensus	Orientation
1-TCAGACAGAAA	BATF3_HUMAN.H11MO.0.B	3	0.000127483	0.0980343	0.196069	11	TCAGACAGAAA	GAGTCATAATGAAACTG	-
2-CAATACTTAAT	PO4F3_HUMAN.H11MO.0.D	2	0.00010404	0.0800068	0.0990042	11	CAATACTTAAT	ATGAATAATTAATGA	-
2-CAATACTTAAT	PO4F1_HUMAN.H11MO.0.D	2	0.00013057	0.100408	0.0990042	11	CAATACTTAAT	ATGAATAATTAATG	-
2-CAATACTTAAT	LHX3_HUMAN.H11MO.0.C	-1	0.000391141	0.300788	0.197721	10	CAATACTTAAT	ATTAATTAATTTT	-
2-CAATACTTAAT	HNF1B_HUMAN.H11MO.1.A	-1	0.00101533	0.780788	0.378935	10	CAATACTTAAT	AATCATTAACT	-
2-CAATACTTAAT	ZFHX3_HUMAN.H11MO.0.D	0	0.00153847	1.18308	0.378935	11	CAATACTTAAT	TAATTATTAAT	-
2-CAATACTTAAT	DLX2_HUMAN.H11MO.0.D	-2	0.00163063	1.25395	0.378935	8	CAATACTTAAT	ATAATTAT	+
2-CAATACTTAAT	NKX32_HUMAN.H11MO.0.C	0	0.00174913	1.34508	0.378935	10	CAATACTTAAT	AAACACTTAA	-
2-CAATACTTAAT	HNF1B_HUMAN.H11MO.0.A	3	0.00233929	1.79891	0.44344	11	CAATACTTAAT	GGTTAATGATTAACC	+
2-CAATACTTAAT	LMX1A_HUMAN.H11MO.0.D	6	0.00304623	2.34255	0.451455	11	CAATACTTAAT	ATAATTAAATAATTAATTA	-
2-CAATACTTAAT	PDX1_HUMAN.H11MO.1.A	-2	0.00327466	2.51821	0.451455	9	CAATACTTAAT	ATAATTAAT	-
8-ATCTGCCTCCCA	ZN770_HUMAN.H11MO.1.C	0	5.48331e-05	0.0421667	0.082977	11	ATCTGCCTCCCA	CTCAGCCTCCC	-
8-ATCTGCCTCCCA	ZN770_HUMAN.H11MO.0.C	11	0.000146923	0.112984	0.111167	11	ATCTGCCTCCCA	GATCCTCCCGCCTCAGCCTCCC	-
8-ATCTGCCTCCCA	WT1_HUMAN.H11MO.1.B	-2	0.000810754	0.62347	0.320936	10	ATCTGCCTCCCA	CCTCCTCCCAC	-
8-ATCTGCCTCCCA	HEN1_HUMAN.H11MO.0.C	8	0.000848327	0.652364	0.320936	12	ATCTGCCTCCCA	TGGGGAGCAGCTGCGTCCCT	+
8-ATCTGCCTCCCA	TAL1_HUMAN.H11MO.1.A	3	0.0014909	1.1465	0.432611	12	ATCTGCCTCCCA	CACATCTGCTTCCTG	-
8-ATCTGCCTCCCA	SMAD2_HUMAN.H11MO.0.A	1	0.00184516	1.41893	0.432611	11	ATCTGCCTCCCA	TGTCTGTCACCT	+
8-ATCTGCCTCCCA	IKZF1_HUMAN.H11MO.0.C	-5	0.00200115	1.53889	0.432611	7	ATCTGCCTCCCA	TCTCCCAA	-
8-ATCTGCCTCCCA	OLIG2_HUMAN.H11MO.0.B	2	0.00277467	2.13372	0.436778	12	ATCTGCCTCCCA	CCAGCTGTTTCCCTTCTG	+
8-ATCTGCCTCCCA	TWST1_HUMAN.H11MO.0.A	2	0.00288633	2.21958	0.436778	12	ATCTGCCTCCCA	ACATCTGGTTTTAATTA	+
8-ATCTGCCTCCCA	ZN586_HUMAN.H11MO.0.C	3	0.00384813	2.95921	0.457381	12	ATCTGCCTCCCA	CATTTTTTCCTCCTAGGCCT	-
8-ATCTGCCTCCCA	ASCL1_HUMAN.H11MO.0.A	4	0.00436003	3.35287	0.457381	10	ATCTGCCTCCCA	CTGCACCTGCTCCC	+
8-ATCTGCCTCCCA	E2F6_HUMAN.H11MO.0.A	1	0.00470484	3.61802	0.457381	12	ATCTGCCTCCCA	CCCTTCCCGCCCC	-
8-ATCTGCCTCCCA	VEZF1_HUMAN.H11MO.1.C	-2	0.00473347	3.64004	0.457381	10	ATCTGCCTCCCA	CCCCCTCCCTCT	-
8-ATCTGCCTCCCA	ZN263_HUMAN.H11MO.0.A	9	0.0056393	4.33662	0.457381	11	ATCTGCCTCCCA	CTCCTCCTCTCCCTCCTCCC	-
8-ATCTGCCTCCCA	PO5F1_HUMAN.H11MO.0.A	0	0.00564018	4.3373	0.457381	12	ATCTGCCTCCCA	ATTTGCATAACAAAGG	-
8-ATCTGCCTCCCA	ZN263_HUMAN.H11MO.1.A	-2	0.00587532	4.51812	0.457381	10	ATCTGCCTCCCA	CCTCCTCCCTC	-
8-ATCTGCCTCCCA	PATZ1_HUMAN.H11MO.1.C	-3	0.00608229	4.67728	0.457381	9	ATCTGCCTCCCA	CCCCTCCCT	-
8-ATCTGCCTCCCA	ATOH1_HUMAN.H11MO.0.B	2	0.00608229	4.67728	0.457381	7	ATCTGCCTCCCA	CCATCTGCT	-
8-ATCTGCCTCCCA	MYF6_HUMAN.H11MO.0.C	1	0.00645205	4.96163	0.457381	6	ATCTGCCTCCCA	CAGCTGC	+
8-ATCTGCCTCCCA	ZN219_HUMAN.H11MO.0.D	-1	0.00651112	5.00705	0.457381	11	ATCTGCCTCCCA	TCCGCCCCCCTC	-
8-ATCTGCCTCCCA	ZN350_HUMAN.H11MO.1.D	11	0.00700584	5.38749	0.457381	12	ATCTGCCTCCCA	GGGCAACAAATCCCTGCGCCCCGT	-
8-ATCTGCCTCCCA	NGN2_HUMAN.H11MO.0.D	3	0.00723009	5.55994	0.457381	9	ATCTGCCTCCCA	GCCATCTGCTCC	-
8-ATCTGCCTCCCA	NDF2_HUMAN.H11MO.0.B	2	0.00725394	5.57828	0.457381	7	ATCTGCCTCCCA	CCATCTGTT	-
8-ATCTGCCTCCCA	SMAD3_HUMAN.H11MO.0.B	0	0.00802229	6.16914	0.458469	12	ATCTGCCTCCCA	CTCTGTCACCTG	+
8-ATCTGCCTCCCA	MYB_HUMAN.H11MO.0.A	2	0.00802229	6.16914	0.458469	10	ATCTGCCTCCCA	CCAACTGCCACC	-
8-ATCTGCCTCCCA	WT1_HUMAN.H11MO.0.C	3	0.0081801	6.29049	0.458469	12	ATCTGCCTCCCA	CCCCCCCTCCTCCCCCGCCC	-
8-ATCTGCCTCCCA	EGR2_HUMAN.H11MO.1.A	-2	0.00947998	7.29011	0.490837	10	ATCTGCCTCCCA	CCCCCGCCCACGCCCC	-
8-ATCTGCCTCCCA	NDF1_HUMAN.H11MO.0.A	3	0.00954712	7.34173	0.490837	7	ATCTGCCTCCCA	ACCATCTGTC	-
8-ATCTGCCTCCCA	VEZF1_HUMAN.H11MO.0.C	3	0.00973068	7.48289	0.490837	12	ATCTGCCTCCCA	CCCCTCCCCCTCCCCCCTCCCC	-
8-ATCTGCCTCCCA	PO5F1_HUMAN.H11MO.1.A	0	0.0100789	7.7507	0.492003	10	ATCTGCCTCCCA	ATTTGCATAT	-
8-ATCTGCCTCCCA	PTF1A_HUMAN.H11MO.0.B	2	0.0105681	8.12689	0.496991	12	ATCTGCCTCCCA	CCAGCTGCCCCCTTTCCC	+
8-ATCTGCCTCCCA	ASCL2_HUMAN.H11MO.0.D	2	0.010838	8.33439	0.496991	7	ATCTGCCTCCCA	CCAGCTGCT	+
10-AGTCACTTCC	SPI1_HUMAN.H11MO.0.A	0	0.000386651	0.297335	0.293894	10	AGTCACTTCC	TTTCACTTCCTCTTTTT	-
10-AGTCACTTCC	SPIB_HUMAN.H11MO.0.A	0	0.000386651	0.297335	0.293894	10	AGTCACTTCC	TTTCACTTCCTCTTTTT	-
10-AGTCACTTCC	ELK1_HUMAN.H11MO.0.B	-2	0.000706773	0.543509	0.358146	8	AGTCACTTCC	CCACTTCCGGT	-
10-AGTCACTTCC	ZN528_HUMAN.H11MO.0.C	5	0.00203333	1.56363	0.400431	10	AGTCACTTCC	TCAGAAATGGCTTCCCTGGG	-
10-AGTCACTTCC	ELF2_HUMAN.H11MO.0.C	-2	0.00248162	1.90837	0.400431	8	AGTCACTTCC	CCACTTCCGGGTT	-
10-AGTCACTTCC	GABPA_HUMAN.H11MO.0.A	-2	0.00264776	2.03613	0.400431	8	AGTCACTTCC	CCACTTCCGGTTCC	-
10-AGTCACTTCC	EHF_HUMAN.H11MO.0.B	-1	0.00274707	2.1125	0.400431	9	AGTCACTTCC	GCCACTTCCTGGTTC	-
10-AGTCACTTCC	IRF4_HUMAN.H11MO.0.A	2	0.00275343	2.11739	0.400431	10	AGTCACTTCC	AGTTTCACTTCCTCTTTT	-
10-AGTCACTTCC	FOS_HUMAN.H11MO.0.A	3	0.00303544	2.33426	0.400431	6	AGTCACTTCC	GTGAGTCAC	+
10-AGTCACTTCC	IRF8_HUMAN.H11MO.0.B	4	0.00331026	2.54559	0.400431	10	AGTCACTTCC	TTACTTTCACTTCCTCTTTT	-
10-AGTCACTTCC	ELK4_HUMAN.H11MO.0.A	-2	0.00336202	2.58539	0.400431	8	AGTCACTTCC	CCACTTCCGGTC	-
10-AGTCACTTCC	BC11A_HUMAN.H11MO.0.A	1	0.00397616	3.05767	0.400431	10	AGTCACTTCC	TTTTCACTTCCTCTTTT	-
10-AGTCACTTCC	JUND_HUMAN.H11MO.0.A	4	0.00451941	3.47543	0.400431	7	AGTCACTTCC	GATGAGTCATC	+
10-AGTCACTTCC	ELF1_HUMAN.H11MO.0.A	-2	0.00472071	3.63023	0.400431	8	AGTCACTTCC	CCACTTCCGGGTTC	-
10-AGTCACTTCC	JUN_HUMAN.H11MO.0.A	4	0.00478089	3.6765	0.400431	7	AGTCACTTCC	GATGAGTCATC	+
10-AGTCACTTCC	NR2E1_HUMAN.H11MO.0.D	9	0.00501044	3.85303	0.400431	8	AGTCACTTCC	AAGTCAAAAAGTCAATT	+
10-AGTCACTTCC	FOSL1_HUMAN.H11MO.0.A	5	0.0052882	4.06662	0.400431	7	AGTCACTTCC	GGATGAGTCACC	+
10-AGTCACTTCC	JUNB_HUMAN.H11MO.0.A	4	0.00534661	4.11154	0.400431	7	AGTCACTTCC	TCTGAGTCACC	+
10-AGTCACTTCC	ETV1_HUMAN.H11MO.0.A	-3	0.00597406	4.59405	0.400431	7	AGTCACTTCC	CACTTCCGGCC	-
10-AGTCACTTCC	ELF5_HUMAN.H11MO.0.A	-2	0.00614555	4.72593	0.400431	8	AGTCACTTCC	CCACTTCCTCCTTCC	-
10-AGTCACTTCC	FOSL2_HUMAN.H11MO.0.A	5	0.00624438	4.80193	0.400431	7	AGTCACTTCC	GGATGAGTCATC	+
10-AGTCACTTCC	ETS1_HUMAN.H11MO.0.A	-2	0.00653887	5.02839	0.400431	8	AGTCACTTCC	CCACTTCCTGTCT	-
10-AGTCACTTCC	ETV5_HUMAN.H11MO.0.C	-1	0.00660452	5.07888	0.400431	9	AGTCACTTCC	CTCACTTCCTGCTC	-
10-AGTCACTTCC	E4F1_HUMAN.H11MO.0.D	0	0.00695688	5.34984	0.400431	9	AGTCACTTCC	CGTGACGTC	+
10-AGTCACTTCC	TFEB_HUMAN.H11MO.0.C	0	0.00695688	5.34984	0.400431	9	AGTCACTTCC	GGTCACGTG	+
10-AGTCACTTCC	HIF1A_HUMAN.H11MO.0.C	-2	0.00711197	5.46911	0.400431	8	AGTCACTTCC	GCACGTCC	-
10-AGTCACTTCC	ELF3_HUMAN.H11MO.0.A	-2	0.00822413	6.32436	0.415649	8	AGTCACTTCC	CCACTTCCTGGTTC	-
10-AGTCACTTCC	MITF_HUMAN.H11MO.0.A	0	0.00862405	6.63189	0.415649	10	AGTCACTTCC	GGTCACGTGA	-
10-AGTCACTTCC	NKX31_HUMAN.H11MO.0.C	1	0.00865535	6.65597	0.415649	10	AGTCACTTCC	AAAGCACTTAAC	-
10-AGTCACTTCC	NKX23_HUMAN.H11MO.0.D	0	0.00874934	6.72824	0.415649	10	AGTCACTTCC	AACCACTTAAC	-
10-AGTCACTTCC	XBP1_HUMAN.H11MO.0.D	-1	0.00874934	6.72824	0.415649	9	AGTCACTTCC	GCCACGTCAGC	-
10-AGTCACTTCC	EPAS1_HUMAN.H11MO.0.B	-1	0.00977893	7.52	0.449174	9	AGTCACTTCC	GGCACGTAC	-
10-AGTCACTTCC	ERG_HUMAN.H11MO.0.A	-2	0.0100865	7.75648	0.449174	8	AGTCACTTCC	CCACTTCCTGCCC	-
10-AGTCACTTCC	TFE3_HUMAN.H11MO.0.B	0	0.0107028	8.23042	0.449174	10	AGTCACTTCC	GGTCACGTGA	+
10-AGTCACTTCC	USF1_HUMAN.H11MO.0.A	0	0.0107132	8.23843	0.449174	10	AGTCACTTCC	GGTCACGTGACC	+
10-AGTCACTTCC	FOSB_HUMAN.H11MO.0.A	3	0.0109324	8.407	0.449174	6	AGTCACTTCC	ATGAGTCAT	+
10-AGTCACTTCC	NFE2_HUMAN.H11MO.0.A	5	0.0118233	9.09213	0.472996	8	AGTCACTTCC	TGCTGAGTCATGC	-
10-AGTCACTTCC	NF2L1_HUMAN.H11MO.0.C	0	0.0122856	9.44761	0.477188	7	AGTCACTTCC	AGTCATT	+
10-AGTCACTTCC	NKX32_HUMAN.H11MO.0.C	0	0.0125559	9.6555	0.477188	10	AGTCACTTCC	AAACACTTAA	-
11-AGAGCAGAAGG	NDF2_HUMAN.H11MO.0.B	-2	0.000405927	0.312158	0.31691	9	AGAGCAGAAGG	AACAGATGG	+
11-AGAGCAGAAGG	NGN2_HUMAN.H11MO.0.D	0	0.000415361	0.319413	0.31691	11	AGAGCAGAAGG	GGAGCAGATGGC	+
11-AGAGCAGAAGG	ATOH1_HUMAN.H11MO.0.B	-2	0.00061869	0.475773	0.31691	9	AGAGCAGAAGG	AGCAGATGG	+
12-CAGTCAAGC	PAX1_HUMAN.H11MO.0.D	1	0.000228881	0.17601	0.352019	9	CAGTCAAGC	TCAGTCAAGCGTGACGA	-
13-CAGAGAGAAAG	PRDM1_HUMAN.H11MO.0.A	0	0.000169688	0.13049	0.260981	11	CAGAGAGAAAG	GAAAGTGAAAGTGA	+
14-GAAATAAAGA	FOXQ1_HUMAN.H11MO.0.C	-1	0.000376861	0.289806	0.308258	9	GAAATAAAGA	AAATAAACAATT	-
14-GAAATAAAGA	FOXJ2_HUMAN.H11MO.0.C	0	0.000401461	0.308724	0.308258	10	GAAATAAAGA	TAAATAAACA	-
14-GAAATAAAGA	FOXF1_HUMAN.H11MO.0.D	0	0.000621628	0.478032	0.318207	10	GAAATAAAGA	AAAATAAACAT	-
15-AAGTGGCAT	CR3L1_HUMAN.H11MO.0.D	3	0.000212359	0.163304	0.326608	8	AAGTGGCAT	GCCACGTGGCA	+
15-AAGTGGCAT	NKX23_HUMAN.H11MO.0.D	3	0.000509123	0.391515	0.391515	8	AAGTGGCAT	GTTAAGTGGTT	+
16-AATGAACAAG	FOXQ1_HUMAN.H11MO.0.C	1	0.000265322	0.204033	0.408066	10	AATGAACAAG	AAATAAACAATT	-
16-AATGAACAAG	FOXO4_HUMAN.H11MO.0.C	0	0.000626517	0.481792	0.460009	9	AATGAACAAG	AATAAACAA	-
16-AATGAACAAG	FOXJ3_HUMAN.H11MO.0.A	4	0.00103093	0.792783	0.460009	9	AATGAACAAG	AAAAAATAAACAA	-
16-AATGAACAAG	FOXL1_HUMAN.H11MO.0.D	7	0.00119638	0.920018	0.460009	10	AATGAACAAG	AAAAGTAAACAAACAAACA	-
18-CTTGTTTTACGGG	HXC13_HUMAN.H11MO.0.D	-2	4.81378e-05	0.0370179	0.0738274	11	CTTGTTTTACGGG	ATTTTTACGAG	+
19-CAAAATCCMTTC	ZN394_HUMAN.H11MO.1.D	-3	0.000210915	0.162193	0.324387	9	CAAAATCCATTC	ATTCCATTC	-
20-ATCAATTC	PAX7_HUMAN.H11MO.0.D	3	3.69134e-05	0.0283864	0.0567612	8	ATCAATTC	ATAATCAATTA	-
20-ATCAATTC	HNF6_HUMAN.H11MO.0.B	2	0.00010442	0.0802986	0.0802824	8	ATCAATTC	AAATCAATAAA	-
20-ATCAATTC	PAX3_HUMAN.H11MO.0.D	3	0.000317837	0.244416	0.162911	8	ATCAATTC	TTAATCGATTATC	-
20-ATCAATTC	ZN140_HUMAN.H11MO.0.C	8	0.000751486	0.577893	0.288888	8	ATCAATTC	TATGACCCAGCAATTCCGCTCCTA	+
21-AAACAGCTGTTT	TAL1_HUMAN.H11MO.1.A	4	8.88608e-05	0.0683339	0.0660874	11	AAACAGCTGTTT	CAGGAAGCAGATGTG	+
21-AAACAGCTGTTT	TFAP4_HUMAN.H11MO.0.A	-2	0.000287875	0.221376	0.0674894	10	AAACAGCTGTTT	CCAGCTGTTT	+
21-AAACAGCTGTTT	FIGLA_HUMAN.H11MO.0.D	0	0.000353353	0.271728	0.0674894	11	AAACAGCTGTTT	TAACAGGTGTT	+
21-AAACAGCTGTTT	MYOD1_HUMAN.H11MO.1.A	0	0.000494139	0.379993	0.0674894	11	AAACAGCTGTTT	CTGCAGCTGTC	+
21-AAACAGCTGTTT	PTF1A_HUMAN.H11MO.1.B	-1	0.000535006	0.41142	0.0674894	9	AAACAGCTGTTT	AGCAGCTGG	+
21-AAACAGCTGTTT	OLIG2_HUMAN.H11MO.1.B	-2	0.000584928	0.44981	0.0674894	10	AAACAGCTGTTT	CCATCTGTTT	+
21-AAACAGCTGTTT	BHA15_HUMAN.H11MO.0.B	1	0.000686154	0.527652	0.0674894	10	AAACAGCTGTTT	GCAGCAGCTGG	+
21-AAACAGCTGTTT	HTF4_HUMAN.H11MO.0.A	-1	0.000769659	0.591868	0.0674894	10	AAACAGCTGTTT	TGCAGCTGTG	+
21-AAACAGCTGTTT	OLIG2_HUMAN.H11MO.0.B	-2	0.00111804	0.859772	0.0674894	10	AAACAGCTGTTT	CCAGCTGTTTCCCTTCTG	+
21-AAACAGCTGTTT	OLIG1_HUMAN.H11MO.0.D	-1	0.00117521	0.903733	0.0674894	11	AAACAGCTGTTT	ACCATATGTTTTTT	+
21-AAACAGCTGTTT	MYOG_HUMAN.H11MO.0.B	0	0.00120986	0.930379	0.0674894	12	AAACAGCTGTTT	CCGCAGCTGTCCC	+
21-AAACAGCTGTTT	SCRT1_HUMAN.H11MO.0.D	1	0.00120986	0.930379	0.0674894	12	AAACAGCTGTTT	GCAACAGGTGGTT	+
21-AAACAGCTGTTT	TWST1_HUMAN.H11MO.1.A	-1	0.00122942	0.945422	0.0674894	10	AAACAGCTGTTT	CACATCTGGT	+
21-AAACAGCTGTTT	ITF2_HUMAN.H11MO.0.C	-1	0.00131287	1.0096	0.0674894	10	AAACAGCTGTTT	GGCAGCTGGG	+
21-AAACAGCTGTTT	ASCL2_HUMAN.H11MO.0.D	-2	0.00136119	1.04675	0.0674894	9	AAACAGCTGTTT	CCAGCTGCT	+
21-AAACAGCTGTTT	LYL1_HUMAN.H11MO.0.A	-2	0.00167951	1.29155	0.0754315	10	AAACAGCTGTTT	CCAGCTGTTTCCTG	+
21-AAACAGCTGTTT	ZN317_HUMAN.H11MO.0.C	3	0.00178118	1.36973	0.0754315	12	AAACAGCTGTTT	GAATGACAGCTGACTTCTCA	+
21-AAACAGCTGTTT	TF2LX_HUMAN.H11MO.0.D	4	0.0019568	1.50478	0.0754315	11	AAACAGCTGTTT	ACTATGACAGCTGTC	+
21-AAACAGCTGTTT	TWST1_HUMAN.H11MO.0.A	-2	0.00227098	1.74638	0.0754315	10	AAACAGCTGTTT	ACATCTGGTTTTAATTA	+
21-AAACAGCTGTTT	MYF6_HUMAN.H11MO.0.C	-3	0.00228566	1.75767	0.0754315	7	AAACAGCTGTTT	CAGCTGC	+
21-AAACAGCTGTTT	MYOD1_HUMAN.H11MO.0.A	-2	0.00232936	1.79127	0.0754315	10	AAACAGCTGTTT	GCAGCTGTTCCTGCC	+
21-AAACAGCTGTTT	ZBT18_HUMAN.H11MO.0.C	-1	0.00238861	1.83684	0.0754315	11	AAACAGCTGTTT	TCCAGATGTGG	+
21-AAACAGCTGTTT	TGIF2_HUMAN.H11MO.0.D	1	0.00238861	1.83684	0.0754315	10	AAACAGCTGTTT	ATGACAGCTGT	+
21-AAACAGCTGTTT	BHE22_HUMAN.H11MO.0.D	-1	0.00244585	1.88086	0.0754315	11	AAACAGCTGTTT	ACCATATGTTTTT	+
21-AAACAGCTGTTT	TFE2_HUMAN.H11MO.0.A	-1	0.00253562	1.94989	0.0754315	11	AAACAGCTGTTT	CACAGCTGCAG	+
21-AAACAGCTGTTT	NDF1_HUMAN.H11MO.0.A	-1	0.00360405	2.77152	0.0980993	10	AAACAGCTGTTT	GACAGATGGT	+
21-AAACAGCTGTTT	PTF1A_HUMAN.H11MO.0.B	-2	0.00365136	2.8079	0.0980993	10	AAACAGCTGTTT	CCAGCTGCCCCCTTTCCC	+
21-AAACAGCTGTTT	ATOH1_HUMAN.H11MO.0.B	-1	0.00369857	2.8442	0.0980993	9	AAACAGCTGTTT	AGCAGATGG	+
21-AAACAGCTGTTT	ID4_HUMAN.H11MO.0.D	-1	0.00382521	2.94159	0.0980993	11	AAACAGCTGTTT	GACAGGTGTAA	+
21-AAACAGCTGTTT	NDF2_HUMAN.H11MO.0.B	-1	0.00540653	4.15762	0.134031	9	AAACAGCTGTTT	AACAGATGG	+
21-AAACAGCTGTTT	MEIS2_HUMAN.H11MO.0.B	1	0.00777485	5.97886	0.186526	12	AAACAGCTGTTT	TTGACAGCTGTCA	+
21-AAACAGCTGTTT	NGN2_HUMAN.H11MO.0.D	1	0.00874856	6.72764	0.199927	11	AAACAGCTGTTT	GGAGCAGATGGC	+
21-AAACAGCTGTTT	MESP1_HUMAN.H11MO.0.D	-2	0.00887109	6.82186	0.199927	10	AAACAGCTGTTT	GCAGGTGTGGA	+
21-AAACAGCTGTTT	FOXP1_HUMAN.H11MO.0.A	-5	0.00992585	7.63298	0.217119	7	AAACAGCTGTTT	TTTGTTTAT	+
21-AAACAGCTGTTT	OLIG3_HUMAN.H11MO.0.D	-1	0.0104306	8.02115	0.221641	11	AAACAGCTGTTT	ACCATATGTTT	+
21-AAACAGCTGTTT	FOXP2_HUMAN.H11MO.0.C	-6	0.0125466	9.6483	0.2551	6	AAACAGCTGTTT	CTGTTTACA	+
21-AAACAGCTGTTT	MAFF_HUMAN.H11MO.0.B	5	0.0126912	9.75956	0.2551	12	AAACAGCTGTTT	TGCTGAGTCAGCATTTTT	+
21-AAACAGCTGTTT	ASCL1_HUMAN.H11MO.0.A	0	0.0140875	10.8333	0.275715	12	AAACAGCTGTTT	CTGCACCTGCTCCC	+
21-AAACAGCTGTTT	FOXO3_HUMAN.H11MO.0.B	-5	0.0151568	11.6556	0.289035	7	AAACAGCTGTTT	CTTGTTTACA	+
21-AAACAGCTGTTT	HEN1_HUMAN.H11MO.0.C	4	0.0156153	12.0081	0.290334	12	AAACAGCTGTTT	TGGGGAGCAGCTGCGTCCCT	+
21-AAACAGCTGTTT	ZN341_HUMAN.H11MO.1.C	1	0.0167003	12.8425	0.30241	8	AAACAGCTGTTT	GGAACAGCC	+
21-AAACAGCTGTTT	FOXO1_HUMAN.H11MO.0.A	-3	0.017078	13.133	0.30241	9	AAACAGCTGTTT	TTCCTGTTTACT	+
21-AAACAGCTGTTT	FOXP3_HUMAN.H11MO.0.D	-3	0.0186847	14.3685	0.323166	9	AAACAGCTGTTT	AATTTGTTT	+
21-AAACAGCTGTTT	SNAI2_HUMAN.H11MO.0.A	-1	0.0208822	16.0584	0.352966	10	AAACAGCTGTTT	GGCAGGTGCA	+
21-AAACAGCTGTTT	SCRT2_HUMAN.H11MO.0.D	3	0.0214514	16.4962	0.35453	10	AAACAGCTGTTT	ATGCAACAGGTGG	+
21-AAACAGCTGTTT	SNAI1_HUMAN.H11MO.0.C	-2	0.0258707	19.8946	0.418273	8	AAACAGCTGTTT	CCAGGTGG	+
21-AAACAGCTGTTT	MAF_HUMAN.H11MO.0.A	1	0.0298144	22.9273	0.471778	12	AAACAGCTGTTT	GAATCTGCTGACTCAGCAA	+
23-AACAGGTG	SCRT1_HUMAN.H11MO.0.D	2	1.74708e-07	0.00013435	0.000256892	8	AACAGGTG	GCAACAGGTGGTT	+
23-AACAGGTG	SCRT2_HUMAN.H11MO.0.D	4	3.5598e-07	0.000273748	0.000261718	8	AACAGGTG	ATGCAACAGGTGG	+
23-AACAGGTG	FIGLA_HUMAN.H11MO.0.D	1	1.46834e-05	0.0112916	0.00719689	8	AACAGGTG	TAACAGGTGTT	+
23-AACAGGTG	SNAI2_HUMAN.H11MO.0.A	0	4.5064e-05	0.0346542	0.0165656	8	AACAGGTG	GGCAGGTGCA	+
23-AACAGGTG	SNAI1_HUMAN.H11MO.0.C	-1	6.75784e-05	0.0519678	0.0198736	7	AACAGGTG	CCAGGTGG	+
23-AACAGGTG	ID4_HUMAN.H11MO.0.D	0	8.83191e-05	0.0679174	0.0216442	8	AACAGGTG	GACAGGTGTAA	+
23-AACAGGTG	MESP1_HUMAN.H11MO.0.D	-1	0.000140789	0.108267	0.0295739	7	AACAGGTG	GCAGGTGTGGA	+
23-AACAGGTG	TAL1_HUMAN.H11MO.1.A	5	0.000395845	0.304405	0.0702958	8	AACAGGTG	CAGGAAGCAGATGTG	+
23-AACAGGTG	ZN134_HUMAN.H11MO.1.C	5	0.000491068	0.377632	0.0702958	8	AACAGGTG	ACCTAATCAGGTGAAGG	+
23-AACAGGTG	MYOD1_HUMAN.H11MO.1.A	0	0.00052935	0.40707	0.0702958	8	AACAGGTG	GACAGCTGCAG	-
23-AACAGGTG	ZEB1_HUMAN.H11MO.0.A	0	0.000543705	0.418109	0.0702958	8	AACAGGTG	GACAGGTGAG	+
23-AACAGGTG	MYF6_HUMAN.H11MO.0.C	-1	0.00062268	0.478841	0.0702958	7	AACAGGTG	GCAGCTG	-
23-AACAGGTG	NDF2_HUMAN.H11MO.0.B	0	0.000631051	0.485278	0.0702958	8	AACAGGTG	AACAGATGG	+
23-AACAGGTG	ASCL2_HUMAN.H11MO.0.D	0	0.000675683	0.5196	0.0702958	8	AACAGGTG	AGCAGCTGG	-
23-AACAGGTG	NDF1_HUMAN.H11MO.0.A	0	0.000717105	0.551454	0.0702958	8	AACAGGTG	GACAGATGGT	+
23-AACAGGTG	ATOH1_HUMAN.H11MO.0.B	0	0.000884724	0.680353	0.0740225	8	AACAGGTG	AGCAGATGG	+
23-AACAGGTG	ASCL1_HUMAN.H11MO.0.A	3	0.000887481	0.682473	0.0740225	8	AACAGGTG	GGGAGCAGGTGCAG	-
23-AACAGGTG	BHA15_HUMAN.H11MO.0.B	2	0.000921267	0.708454	0.0740225	8	AACAGGTG	GCAGCAGCTGG	+
23-AACAGGTG	NGN2_HUMAN.H11MO.0.D	2	0.000982618	0.755633	0.0740225	8	AACAGGTG	GGAGCAGATGGC	+
23-AACAGGTG	MYOD1_HUMAN.H11MO.0.A	6	0.00100683	0.774252	0.0740225	8	AACAGGTG	GGCAGGAACAGCTGC	-
23-AACAGGTG	TFAP4_HUMAN.H11MO.0.A	1	0.00139726	1.0745	0.0978357	8	AACAGGTG	AAACAGCTGG	-
23-AACAGGTG	PTF1A_HUMAN.H11MO.1.B	0	0.00149144	1.14692	0.099683	8	AACAGGTG	AGCAGCTGG	+
23-AACAGGTG	ZN134_HUMAN.H11MO.0.C	10	0.00160328	1.23292	0.102499	8	AACAGGTG	GCCTCACCTAATCAGTTGAAGG	+
23-AACAGGTG	HTF4_HUMAN.H11MO.0.A	0	0.00205049	1.57683	0.120602	8	AACAGGTG	TGCAGCTGTG	+
23-AACAGGTG	ITF2_HUMAN.H11MO.0.C	0	0.00205049	1.57683	0.120602	8	AACAGGTG	GGCAGCTGGG	+
23-AACAGGTG	OLIG2_HUMAN.H11MO.0.B	9	0.00234924	1.80656	0.128497	8	AACAGGTG	CAGAAGGGAAACAGCTGG	-
23-AACAGGTG	MYOG_HUMAN.H11MO.0.B	2	0.00239944	1.84517	0.128497	8	AACAGGTG	GGGACAGCTGCGG	-
23-AACAGGTG	GRHL1_HUMAN.H11MO.0.D	4	0.00246558	1.89603	0.128497	8	AACAGGTG	GAAAAACAGGTT	-
23-AACAGGTG	TGIF2_HUMAN.H11MO.0.D	2	0.00260923	2.0065	0.128497	8	AACAGGTG	ATGACAGCTGT	+
23-AACAGGTG	TWST1_HUMAN.H11MO.1.A	0	0.00263129	2.02346	0.128497	8	AACAGGTG	ACCAGATGTG	-
23-AACAGGTG	MXI1_HUMAN.H11MO.1.A	1	0.00277676	2.13533	0.128497	8	AACAGGTG	GAGCACGTGGG	-
23-AACAGGTG	EOMES_HUMAN.H11MO.0.D	0	0.00279644	2.15047	0.128497	8	AACAGGTG	AGGAGGTGTTAA	+
23-AACAGGTG	TBR1_HUMAN.H11MO.0.D	-1	0.00372577	2.86512	0.166012	7	AACAGGTG	AAAGGTGTGAAAA	+
23-AACAGGTG	MEIS2_HUMAN.H11MO.0.B	2	0.00447747	3.44317	0.177061	8	AACAGGTG	TTGACAGCTGTCA	+
23-AACAGGTG	OLIG2_HUMAN.H11MO.1.B	1	0.00453839	3.49002	0.177061	8	AACAGGTG	AAACAGATGG	-
23-AACAGGTG	TF2LX_HUMAN.H11MO.0.D	0	0.00455218	3.50063	0.177061	8	AACAGGTG	GACAGCTGTCATAGT	-
23-AACAGGTG	PTF1A_HUMAN.H11MO.0.B	9	0.00477971	3.6756	0.177061	8	AACAGGTG	GGGAAAGGGGGCAGCTGG	-
23-AACAGGTG	TFE2_HUMAN.H11MO.0.A	0	0.00479706	3.68894	0.177061	8	AACAGGTG	CACAGCTGCAG	+
23-AACAGGTG	BHE40_HUMAN.H11MO.0.A	0	0.00481664	3.704	0.177061	8	AACAGGTG	GGCACGTGAC	+
23-AACAGGTG	MAX_HUMAN.H11MO.0.A	1	0.00481664	3.704	0.177061	8	AACAGGTG	GAGCACGTGG	+
23-AACAGGTG	TWST1_HUMAN.H11MO.0.A	8	0.00495017	3.80668	0.177531	8	AACAGGTG	TAATTAAAACCAGATGT	-
23-AACAGGTG	MLX_HUMAN.H11MO.0.D	2	0.00509066	3.91472	0.178223	8	AACAGGTG	TGATCACGTGC	+
23-AACAGGTG	MEIS3_HUMAN.H11MO.0.D	3	0.00540104	4.1534	0.184692	8	AACAGGTG	TTTGACAGGTG	+
23-AACAGGTG	BMAL1_HUMAN.H11MO.0.A	0	0.00607616	4.67257	0.194966	8	AACAGGTG	GCCACGTGACT	+
23-AACAGGTG	ZBT18_HUMAN.H11MO.0.C	1	0.00607616	4.67257	0.194966	8	AACAGGTG	CCACATCTGGA	-
23-AACAGGTG	TBX3_HUMAN.H11MO.0.C	-1	0.00723951	5.56718	0.211453	7	AACAGGTG	GGAGGTGGGAA	+
23-AACAGGTG	TBX5_HUMAN.H11MO.0.D	-3	0.00727062	5.59111	0.211453	5	AACAGGTG	AGGTGTGA	+
23-AACAGGTG	GRHL2_HUMAN.H11MO.0.A	4	0.00733409	5.63991	0.211453	8	AACAGGTG	GTCAAACAGGTT	-
23-AACAGGTG	ZIC3_HUMAN.H11MO.0.B	4	0.00783097	6.02201	0.221437	8	AACAGGTG	TCACAGCAGGGGGCC	-
23-AACAGGTG	MYC_HUMAN.H11MO.0.A	0	0.00812616	6.24901	0.224271	8	AACAGGTG	GCCACGTGCTC	+
23-AACAGGTG	HEY1_HUMAN.H11MO.0.D	1	0.00823625	6.33368	0.224271	8	AACAGGTG	CGACACGTGCCA	-
23-AACAGGTG	FOXO1_HUMAN.H11MO.0.A	4	0.00872505	6.70957	0.230277	8	AACAGGTG	AGTAAACAGGAA	-
23-AACAGGTG	LYL1_HUMAN.H11MO.0.A	5	0.00877001	6.74413	0.230277	8	AACAGGTG	CAGGAAACAGCTGG	-
23-AACAGGTG	RFX5_HUMAN.H11MO.0.A	10	0.00913807	7.02717	0.235598	8	AACAGGTG	TCTGCCTAGCAACAGCTGAC	-
23-AACAGGTG	OLIG1_HUMAN.H11MO.0.D	4	0.00929311	7.1464	0.235598	8	AACAGGTG	AAAAAACATATGGT	-
23-AACAGGTG	BHE22_HUMAN.H11MO.0.D	3	0.0096401	7.41324	0.236644	8	AACAGGTG	AAAAACATATGGT	-
23-AACAGGTG	FOXO3_HUMAN.H11MO.0.B	4	0.0102146	7.85504	0.237921	6	AACAGGTG	TGTAAACAAG	-
23-AACAGGTG	TFE3_HUMAN.H11MO.0.B	-1	0.0108024	8.30705	0.244368	7	AACAGGTG	TCACGTGACC	-
23-AACAGGTG	ZIC2_HUMAN.H11MO.0.D	4	0.0110983	8.53461	0.247259	8	AACAGGTG	TCACAGCAGGGGGCC	-
23-AACAGGTG	TFEB_HUMAN.H11MO.0.C	-2	0.0120179	9.24176	0.261041	6	AACAGGTG	CACGTGACC	-
23-AACAGGTG	MITF_HUMAN.H11MO.0.A	-1	0.0127566	9.80986	0.261107	7	AACAGGTG	TCACGTGACC	+
23-AACAGGTG	USF1_HUMAN.H11MO.0.A	1	0.0129629	9.9685	0.261107	8	AACAGGTG	GGTCACGTGACC	-
23-AACAGGTG	ZN335_HUMAN.H11MO.1.A	-1	0.0134389	10.3345	0.261807	7	AACAGGTG	TCAGGCA	-
23-AACAGGTG	MYCN_HUMAN.H11MO.0.A	1	0.0144796	11.1348	0.262007	8	AACAGGTG	GCCCACGTGGCC	-
23-AACAGGTG	HEN1_HUMAN.H11MO.0.C	5	0.0146113	11.2361	0.262007	8	AACAGGTG	TGGGGAGCAGCTGCGTCCCT	+
23-AACAGGTG	ZN317_HUMAN.H11MO.0.C	4	0.0154737	11.8993	0.267679	8	AACAGGTG	GAATGACAGCTGACTTCTCA	+
23-AACAGGTG	OLIG3_HUMAN.H11MO.0.D	1	0.015885	12.2156	0.271598	8	AACAGGTG	AAACATATGGT	-
23-AACAGGTG	TBX4_HUMAN.H11MO.0.D	-2	0.0163826	12.5983	0.276887	6	AACAGGTG	AAGGTGTGAAATTTCACACC	+
23-AACAGGTG	MXI1_HUMAN.H11MO.0.A	6	0.0184017	14.1509	0.294108	8	AACAGGTG	CCCGCCGCCACGTGC	-
23-AACAGGTG	PRGR_HUMAN.H11MO.1.A	2	0.0195076	15.0013	0.30068	7	AACAGGTG	AGAACAGAA	+
23-AACAGGTG	FOXP2_HUMAN.H11MO.0.C	4	0.0195076	15.0013	0.30068	5	AACAGGTG	TGTAAACAG	-
23-AACAGGTG	TBX2_HUMAN.H11MO.0.D	6	0.0198611	15.2732	0.301072	8	AACAGGTG	TGCCATCAGAGGTGTGAAAAGCGAC	+
23-AACAGGTG	CTCF_HUMAN.H11MO.0.A	5	0.0201564	15.5002	0.302298	8	AACAGGTG	TGGCCACCAGGGGGCGCCA	+
23-AACAGGTG	CLOCK_HUMAN.H11MO.0.C	2	0.0203532	15.6516	0.302298	8	AACAGGTG	CAGACACGTGAACA	+
23-AACAGGTG	ZN341_HUMAN.H11MO.1.C	2	0.0228137	17.5437	0.335454	7	AACAGGTG	GGAACAGCC	+
23-AACAGGTG	HES5_HUMAN.H11MO.0.D	1	0.0235025	18.0734	0.342161	8	AACAGGTG	CGGCACGTGCCA	-
23-AACAGGTG	PPARD_HUMAN.H11MO.0.D	5	0.0239072	18.3847	0.344641	8	AACAGGTG	TAGGACAAAGGTCA	+
23-AACAGGTG	FOXO6_HUMAN.H11MO.0.D	5	0.0259108	19.9254	0.369898	8	AACAGGTG	ACGTAAACAAGTT	-
23-AACAGGTG	USF2_HUMAN.H11MO.0.A	7	0.0280053	21.5361	0.389667	8	AACAGGTG	CGCCGCGGCCACGTGACCC	-
23-AACAGGTG	CR3L1_HUMAN.H11MO.0.D	0	0.0283556	21.8055	0.389667	8	AACAGGTG	GCCACGTGGCA	+
23-AACAGGTG	PPARA_HUMAN.H11MO.1.B	-1	0.0294587	22.6537	0.401076	7	AACAGGTG	AAAGGTCAG	+
23-AACAGGTG	NR4A3_HUMAN.H11MO.0.D	0	0.0312095	24.0001	0.419615	8	AACAGGTG	CAAAGGTCAG	+
23-AACAGGTG	IRX3_HUMAN.H11MO.0.D	2	0.031391	24.1397	0.419615	8	AACAGGTG	ATTACATGAAA	-
23-AACAGGTG	FOXA3_HUMAN.H11MO.0.B	7	0.0335509	25.8006	0.440477	6	AACAGGTG	CAAAGTAAACAAG	-
23-AACAGGTG	MYB_HUMAN.H11MO.0.A	3	0.0354563	27.2659	0.45973	8	AACAGGTG	GGTGGCAGTTGG	+
23-AACAGGTG	FOXP1_HUMAN.H11MO.0.A	3	0.0359815	27.6698	0.45973	6	AACAGGTG	ATAAACAAA	-
23-AACAGGTG	TBX19_HUMAN.H11MO.0.D	8	0.0362679	27.89	0.45973	8	AACAGGTG	ATTTCACACGTAGGTGTGAAAT	+
23-AACAGGTG	ZBTB4_HUMAN.H11MO.0.D	7	0.0382175	29.3893	0.480302	8	AACAGGTG	CCTAGATGGCAGGTGGG	+
23-AACAGGTG	NR1D1_HUMAN.H11MO.1.D	3	0.0401207	30.8528	0.495746	8	AACAGGTG	AAAAGTAGGTCAAA	+
24-ASCTGGGAAGCGG	TEAD2_HUMAN.H11MO.0.D	-1	0.000245119	0.188497	0.221479	12	ACCTGGGAAGCGG	CCTGGAATGTGG	-
24-ASCTGGGAAGCGG	ZF64A_HUMAN.H11MO.0.D	3	0.000292126	0.224645	0.221479	13	ACCTGGGAAGCGG	GGGGCCCGGGAACCTG	+
24-ASCTGGGAAGCGG	WT1_HUMAN.H11MO.1.B	-2	0.000547651	0.421143	0.268048	11	ACCTGGGAAGCGG	GTGGGAGGAGG	+
24-ASCTGGGAAGCGG	ETS1_HUMAN.H11MO.0.A	0	0.000807427	0.620911	0.268048	13	ACCTGGGAAGCGG	AGACAGGAAGTGG	+
24-ASCTGGGAAGCGG	IKZF1_HUMAN.H11MO.0.C	-2	0.00100461	0.772546	0.268048	8	ACCTGGGAAGCGG	TTGGGAGA	+
24-ASCTGGGAAGCGG	MZF1_HUMAN.H11MO.0.B	0	0.00118245	0.909306	0.268048	13	ACCTGGGAAGCGG	GGAGGGGATTGGG	+
24-ASCTGGGAAGCGG	ELF1_HUMAN.H11MO.0.A	1	0.00156332	1.20219	0.268048	13	ACCTGGGAAGCGG	GAACCCGGAAGTGG	+
24-ASCTGGGAAGCGG	ELF2_HUMAN.H11MO.0.C	0	0.00182642	1.40452	0.268048	13	ACCTGGGAAGCGG	AACCCGGAAGTGG	+
24-ASCTGGGAAGCGG	ERG_HUMAN.H11MO.0.A	0	0.00182642	1.40452	0.268048	13	ACCTGGGAAGCGG	GGGCAGGAAGTGG	+
24-ASCTGGGAAGCGG	SUH_HUMAN.H11MO.0.A	1	0.00187266	1.44007	0.268048	10	ACCTGGGAAGCGG	GGCGTGGGAAA	+
24-ASCTGGGAAGCGG	ELK4_HUMAN.H11MO.0.A	-1	0.00228695	1.75867	0.268048	12	ACCTGGGAAGCGG	GACCGGAAGTGG	+
24-ASCTGGGAAGCGG	VEZF1_HUMAN.H11MO.1.C	-1	0.00228695	1.75867	0.268048	12	ACCTGGGAAGCGG	AGAGGGAGGGGG	+
24-ASCTGGGAAGCGG	ZNF76_HUMAN.H11MO.0.C	6	0.002419	1.86021	0.268048	13	ACCTGGGAAGCGG	GGGGCATTCTGGGAATTGTAGT	+
24-ASCTGGGAAGCGG	ETS2_HUMAN.H11MO.0.B	-1	0.00247485	1.90316	0.268048	12	ACCTGGGAAGCGG	GGAAGGAAGAGGA	+
24-ASCTGGGAAGCGG	FLI1_HUMAN.H11MO.1.A	0	0.0029618	2.27762	0.285372	13	ACCTGGGAAGCGG	AGGCAGGAAGTGG	+
24-ASCTGGGAAGCGG	FEV_HUMAN.H11MO.0.B	-2	0.0030112	2.31561	0.285372	10	ACCTGGGAAGCGG	GCGGGAAGCG	+
24-ASCTGGGAAGCGG	PATZ1_HUMAN.H11MO.1.C	-3	0.0032911	2.53085	0.293552	9	ACCTGGGAAGCGG	AGGGAGGGG	+
24-ASCTGGGAAGCGG	ETV1_HUMAN.H11MO.0.A	-1	0.00428517	3.29529	0.360984	11	ACCTGGGAAGCGG	GGCCGGAAGTG	+
24-ASCTGGGAAGCGG	HIC2_HUMAN.H11MO.0.D	0	0.00455781	3.50496	0.363744	11	ACCTGGGAAGCGG	GCCTGGCATGT	-
24-ASCTGGGAAGCGG	ELF5_HUMAN.H11MO.0.A	2	0.00539563	4.14924	0.395339	13	ACCTGGGAAGCGG	GGAAGGAGGAAGTGG	+
24-ASCTGGGAAGCGG	BCL6B_HUMAN.H11MO.0.D	-2	0.00547516	4.2104	0.395339	11	ACCTGGGAAGCGG	CTAGAAAGCAT	-
24-ASCTGGGAAGCGG	GABPA_HUMAN.H11MO.0.A	1	0.00599889	4.61314	0.400094	13	ACCTGGGAAGCGG	GGAACCGGAAGTGG	+
24-ASCTGGGAAGCGG	ZN528_HUMAN.H11MO.0.C	0	0.00672594	5.17225	0.400094	13	ACCTGGGAAGCGG	CCCAGGGAAGCCATTTCTGA	+
24-ASCTGGGAAGCGG	TEAD1_HUMAN.H11MO.0.A	1	0.00681404	5.24	0.400094	11	ACCTGGGAAGCGG	TGGCTGGAATGT	-
24-ASCTGGGAAGCGG	ETV7_HUMAN.H11MO.0.D	-3	0.00699639	5.38022	0.400094	7	ACCTGGGAAGCGG	CAGGAAG	+
24-ASCTGGGAAGCGG	MECP2_HUMAN.H11MO.0.C	-1	0.00699639	5.38022	0.400094	7	ACCTGGGAAGCGG	CCCGGAG	+
24-ASCTGGGAAGCGG	EHF_HUMAN.H11MO.0.B	1	0.00712415	5.47847	0.400094	13	ACCTGGGAAGCGG	GAACCAGGAAGTGGC	+
24-ASCTGGGAAGCGG	ZN143_HUMAN.H11MO.0.A	4	0.00768358	5.90867	0.413974	13	ACCTGGGAAGCGG	GGCATTCTGGGAATTGTAGTTC	+
24-ASCTGGGAAGCGG	ELF3_HUMAN.H11MO.0.A	1	0.00791731	6.08842	0.413974	13	ACCTGGGAAGCGG	GAACCAGGAAGTGG	+
24-ASCTGGGAAGCGG	ELK3_HUMAN.H11MO.0.D	-1	0.0085868	6.60325	0.431488	12	ACCTGGGAAGCGG	CCCAGGAAGTGC	+
24-ASCTGGGAAGCGG	ELK1_HUMAN.H11MO.0.B	-2	0.0088214	6.78366	0.431488	11	ACCTGGGAAGCGG	ACCGGAAGTGG	+
24-ASCTGGGAAGCGG	ZN549_HUMAN.H11MO.0.C	7	0.0104279	8.01906	0.494128	13	ACCTGGGAAGCGG	ATTCATGAATTGGGCAGCAC	+
24-ASCTGGGAAGCGG	E2F6_HUMAN.H11MO.0.A	1	0.0109865	8.44864	0.496902	12	ACCTGGGAAGCGG	GGGGCGGGAAGGG	+
24-ASCTGGGAAGCGG	STAT3_HUMAN.H11MO.0.A	0	0.0113998	8.76646	0.496902	12	ACCTGGGAAGCGG	TTCCGGGAAATG	-
24-ASCTGGGAAGCGG	ZSC31_HUMAN.H11MO.0.C	3	0.0114695	8.82007	0.496902	13	ACCTGGGAAGCGG	GGCAGCAGGGCAGTTATG	+
24-ASCTGGGAAGCGG	ETV2_HUMAN.H11MO.0.B	2	0.0118295	9.09687	0.49826	13	ACCTGGGAAGCGG	GGAAACAGGAAGTGGG	+
28-CYACTGAACTCC	NR1I2_HUMAN.H11MO.1.D	-3	0.000185861	0.142927	0.275743	8	CCACTGAACTCC	GTGAACTT	-
28-CYACTGAACTCC	NR1I3_HUMAN.H11MO.1.D	-3	0.000359116	0.27616	0.275743	8	CCACTGAACTCC	ATGAACTT	-
28-CYACTGAACTCC	RARB_HUMAN.H11MO.0.D	0	0.000612573	0.471068	0.299149	11	CCACTGAACTCC	GCCCTGACCTC	-
28-CYACTGAACTCC	VDR_HUMAN.H11MO.1.A	-3	0.000779197	0.599202	0.299149	9	CCACTGAACTCC	CTGAACCCA	-
38-ATGAATAAATG	ZN586_HUMAN.H11MO.0.C	9	0.000164603	0.126579	0.213227	11	ATGAATAAATG	AGGCCTAGGAGGAAAAAATG	+
38-ATGAATAAATG	PO4F1_HUMAN.H11MO.0.D	0	0.000350452	0.269497	0.213227	11	ATGAATAAATG	ATGAATAATTAATG	-
38-ATGAATAAATG	PO4F3_HUMAN.H11MO.0.D	0	0.000423645	0.325783	0.213227	11	ATGAATAAATG	ATGAATAATTAATGA	-
38-ATGAATAAATG	PIT1_HUMAN.H11MO.0.C	3	0.00107433	0.826162	0.305851	10	ATGAATAAATG	CTCATGAATATAT	+
38-ATGAATAAATG	DUXA_HUMAN.H11MO.0.D	-1	0.00114468	0.880258	0.305851	10	ATGAATAAATG	TGATTAAATTA	+
38-ATGAATAAATG	HXC6_HUMAN.H11MO.0.D	2	0.00121534	0.934599	0.305851	11	ATGAATAAATG	AAAGTAATAAATCAT	-
38-ATGAATAAATG	HXB7_HUMAN.H11MO.0.C	1	0.00158967	1.22246	0.342903	9	ATGAATAAATG	CATTAATCAA	-
38-ATGAATAAATG	HXB8_HUMAN.H11MO.0.C	2	0.00199733	1.53595	0.376983	9	ATGAATAAATG	GCATTAATCAA	-
38-ATGAATAAATG	ZFHX3_HUMAN.H11MO.0.D	0	0.00291547	2.24199	0.489134	11	ATGAATAAATG	ATTAATAATTA	+
41-AGGAAGGAGC	FLI1_HUMAN.H11MO.0.A	6	0.000126656	0.0973987	0.19323	10	AGGAAGGAGC	GGAGGAAGGAAGGAGGGA	+
41-AGGAAGGAGC	ERG_HUMAN.H11MO.0.A	4	0.000680809	0.523542	0.253949	9	AGGAAGGAGC	GGGCAGGAAGTGG	+
41-AGGAAGGAGC	ETV7_HUMAN.H11MO.0.D	1	0.000710729	0.546551	0.253949	6	AGGAAGGAGC	CAGGAAG	+
41-AGGAAGGAGC	FLI1_HUMAN.H11MO.1.A	4	0.000769072	0.591416	0.253949	9	AGGAAGGAGC	AGGCAGGAAGTGG	+
41-AGGAAGGAGC	ZN263_HUMAN.H11MO.1.A	1	0.00110841	0.852365	0.253949	10	AGGAAGGAGC	GAGGGAGGAGG	+
41-AGGAAGGAGC	ETV4_HUMAN.H11MO.0.B	3	0.00110841	0.852365	0.253949	8	AGGAAGGAGC	AACAGGAAGGG	+
41-AGGAAGGAGC	PATZ1_HUMAN.H11MO.1.C	0	0.00143912	1.10668	0.253949	9	AGGAAGGAGC	AGGGAGGGG	+
41-AGGAAGGAGC	ETV6_HUMAN.H11MO.0.D	2	0.00143912	1.10668	0.253949	7	AGGAAGGAGC	ACAGGAAGT	+
41-AGGAAGGAGC	ETV2_HUMAN.H11MO.0.B	6	0.00168266	1.29397	0.253949	10	AGGAAGGAGC	GGAAACAGGAAGTGGG	+
41-AGGAAGGAGC	EHF_HUMAN.H11MO.0.B	5	0.00185476	1.42631	0.253949	10	AGGAAGGAGC	GAACCAGGAAGTGGC	+
41-AGGAAGGAGC	ETV5_HUMAN.H11MO.0.C	4	0.00199746	1.53605	0.253949	10	AGGAAGGAGC	GAGCAGGAAGTGAG	+
41-AGGAAGGAGC	ELF3_HUMAN.H11MO.0.A	5	0.00199746	1.53605	0.253949	9	AGGAAGGAGC	GAACCAGGAAGTGG	+
41-AGGAAGGAGC	ZSC22_HUMAN.H11MO.0.C	6	0.00252376	1.94078	0.295309	10	AGGAAGGAGC	GGTCTGAGGGAGGAGG	+
41-AGGAAGGAGC	WT1_HUMAN.H11MO.1.B	1	0.00276455	2.12594	0.295309	10	AGGAAGGAGC	GTGGGAGGAGG	+
41-AGGAAGGAGC	ZN257_HUMAN.H11MO.0.C	2	0.00309534	2.38031	0.295309	10	AGGAAGGAGC	AGAGGCAAGAGC	-
41-AGGAAGGAGC	ELF5_HUMAN.H11MO.0.A	6	0.00309705	2.38163	0.295309	9	AGGAAGGAGC	GGAAGGAGGAAGTGG	+
41-AGGAAGGAGC	MAZ_HUMAN.H11MO.1.A	1	0.00344672	2.65053	0.309318	10	AGGAAGGAGC	GAGGGAGGGGG	+
41-AGGAAGGAGC	ZN263_HUMAN.H11MO.0.A	3	0.00401901	3.09062	0.34064	10	AGGAAGGAGC	GGGAGGAGGGAGAGGAGGAG	+
41-AGGAAGGAGC	SMCA1_HUMAN.H11MO.0.C	2	0.0047816	3.67705	0.364917	10	AGGAAGGAGC	CCAAGAAGAATG	+
41-AGGAAGGAGC	ETS1_HUMAN.H11MO.0.A	4	0.00478382	3.67876	0.364917	9	AGGAAGGAGC	AGACAGGAAGTGG	+
41-AGGAAGGAGC	ETS2_HUMAN.H11MO.0.B	3	0.00504748	3.88152	0.366694	10	AGGAAGGAGC	GGAAGGAAGAGGA	+
41-AGGAAGGAGC	NFAT5_HUMAN.H11MO.0.D	2	0.00589891	4.53626	0.40907	9	AGGAAGGAGC	AGAGGAAAAGG	+
41-AGGAAGGAGC	HEN1_HUMAN.H11MO.0.C	1	0.00698467	5.37121	0.463305	10	AGGAAGGAGC	AGGGACGCAGCTGCTCCCCA	-
41-AGGAAGGAGC	ZN341_HUMAN.H11MO.0.C	12	0.00771286	5.93119	0.49029	10	AGGAAGGAGC	GGGGGGGGGGGGAGGGAAGAGC	+
45-ATCRTGTAA	HLF_HUMAN.H11MO.0.C	1	0.000152782	0.117489	0.234979	9	ATCATGTAA	GATTACGTAACAG	+
46-CAACACAGTGAAA	ZN121_HUMAN.H11MO.0.C	5	0.000134396	0.10335	0.206701	13	CAACACAGTGAAA	CTGGGCAACATAGCAAGACC	+
47-ACAGTGGGC	ZKSC1_HUMAN.H11MO.0.B	5	0.000522166	0.401546	0.436984	9	ACAGTGGGC	GGCACACAGTAGGTCCTCA	-
47-ACAGTGGGC	EGR3_HUMAN.H11MO.0.D	0	0.000568249	0.436984	0.436984	9	ACAGTGGGC	AGAGTGGGTGT	+
47-ACAGTGGGC	INSM1_HUMAN.H11MO.0.C	2	0.000995723	0.765711	0.479158	9	ACAGTGGGC	TGTCAGGGGGCA	+
47-ACAGTGGGC	CTCFL_HUMAN.H11MO.0.A	4	0.00124619	0.958317	0.479158	9	ACAGTGGGC	GCCGCCAGGGGGCGCCG	+
50-GGCTGGGTGCA	ZN331_HUMAN.H11MO.0.C	0	0.000349006	0.268385	0.438589	11	GGCTGGGTGCA	GGCTGGGCTCAGCTGGGTGG	+
50-GGCTGGGTGCA	ZN329_HUMAN.H11MO.0.C	8	0.000570337	0.438589	0.438589	11	GGCTGGGTGCA	TCAGGCATGGCTGGATCCAG	-
53-CCGGAAAAGC	ZN341_HUMAN.H11MO.1.C	-2	7.74126e-05	0.0595303	0.118959	8	CCGGAAAAGC	GGAACAGCC	+
54-TGATATATCA	MGAP_HUMAN.H11MO.0.D	5	0.000131227	0.100913	0.100872	10	TGATATATCA	AGGTGTGAATTTTCAC	+
57-ACTTCCATAA	HSF1_HUMAN.H11MO.1.A	-1	0.000308762	0.237438	0.356483	9	ACTTCCATAA	TTTCCAGAA	-
57-ACTTCCATAA	DBP_HUMAN.H11MO.0.B	0	0.000504831	0.388215	0.356483	10	ACTTCCATAA	TGTTACATAAC	-
57-ACTTCCATAA	NFIL3_HUMAN.H11MO.0.D	-1	0.00069535	0.534724	0.356483	9	ACTTCCATAA	ATTACATAACT	-
58-CCCCAAGGGG	CTCFL_HUMAN.H11MO.0.A	1	0.000575804	0.442794	0.339702	10	CCCCAAGGGG	GCCGCCAGGGGGCGCCG	+
58-CCCCAAGGGG	ZN423_HUMAN.H11MO.0.D	3	0.00058108	0.446851	0.339702	10	CCCCAAGGGG	GGCACCCAAGGGTGC	+
58-CCCCAAGGGG	COE1_HUMAN.H11MO.0.A	3	0.000662618	0.509553	0.339702	10	CCCCAAGGGG	AAGTCCCCAGGGACC	+
62-GTGGCAACC	RFX2_HUMAN.H11MO.1.A	2	3.4761e-06	0.00267312	0.0047208	9	GTGGCAACC	CCATGGCAACCG	-
62-GTGGCAACC	RFX1_HUMAN.H11MO.1.B	2	8.69052e-06	0.00668301	0.0047208	9	GTGGCAACC	CCATGGCAACC	-
62-GTGGCAACC	RFX2_HUMAN.H11MO.0.A	8	9.24038e-06	0.00710585	0.0047208	9	GTGGCAACC	CCGTTGCCATGGCAACCG	-
62-GTGGCAACC	RFX4_HUMAN.H11MO.0.D	6	2.28243e-05	0.0175519	0.00724713	9	GTGGCAACC	GTTACCATGGCAACG	-
62-GTGGCAACC	ZBT7B_HUMAN.H11MO.0.D	9	2.36423e-05	0.0181809	0.00724713	9	GTGGCAACC	CCCGTTGCCATGGCAACGGCG	-
62-GTGGCAACC	RFX1_HUMAN.H11MO.0.B	8	4.44268e-05	0.0341642	0.0113486	9	GTGGCAACC	CCGTCGCCATGGCAACCGGGGC	-
62-GTGGCAACC	RFX3_HUMAN.H11MO.0.B	5	5.23116e-05	0.0402276	0.0114537	9	GTGGCAACC	TTACCATGGCAACC	-
62-GTGGCAACC	HIC1_HUMAN.H11MO.0.C	-1	0.000126509	0.0972854	0.024237	8	GTGGCAACC	GGGCAACCC	-
62-GTGGCAACC	RFX5_HUMAN.H11MO.1.A	1	0.00119045	0.915454	0.202728	9	GTGGCAACC	CCTAGCAACAG	-
62-GTGGCAACC	RFX5_HUMAN.H11MO.0.A	5	0.00296396	2.27929	0.412978	9	GTGGCAACC	TCTGCCTAGCAACAGCTGAC	-
62-GTGGCAACC	CR3L1_HUMAN.H11MO.0.D	5	0.00381064	2.93038	0.486703	6	GTGGCAACC	GCCACGTGGCA	+
63-AACAGGCA	ZN335_HUMAN.H11MO.1.A	-1	9.50896e-05	0.0731239	0.146248	7	AACAGGCA	TCAGGCA	-
67-GAGAGGTGAAC	ZN768_HUMAN.H11MO.0.C	8	9.72899e-06	0.00748159	0.0147581	11	GAGAGGTGAAC	GAGGCTCAGAGAGGTTAAGT	+
67-GAGAGGTGAAC	PPARG_HUMAN.H11MO.1.A	0	0.00212063	1.63076	0.489635	9	GAGAGGTGAAC	CAAAGGTCA	+
67-GAGAGGTGAAC	ID4_HUMAN.H11MO.0.D	0	0.00230283	1.77088	0.489635	11	GAGAGGTGAAC	GACAGGTGTAA	+
67-GAGAGGTGAAC	NR1H2_HUMAN.H11MO.0.D	7	0.00259174	1.99305	0.489635	11	GAGAGGTGAAC	TAAAGGTCAAAGGTCAACG	+
67-GAGAGGTGAAC	ZEB1_HUMAN.H11MO.0.A	0	0.00266881	2.05232	0.489635	10	GAGAGGTGAAC	GACAGGTGAG	+
67-GAGAGGTGAAC	TBR1_HUMAN.H11MO.0.D	1	0.00282196	2.17009	0.489635	11	GAGAGGTGAAC	AAAGGTGTGAAAA	+
67-GAGAGGTGAAC	SNAI2_HUMAN.H11MO.0.A	0	0.00299369	2.30215	0.489635	10	GAGAGGTGAAC	GGCAGGTGCA	+
67-GAGAGGTGAAC	PPARA_HUMAN.H11MO.1.B	-1	0.00322358	2.47893	0.489635	9	GAGAGGTGAAC	AAAGGTCAG	+
67-GAGAGGTGAAC	COT2_HUMAN.H11MO.0.A	0	0.00333859	2.56738	0.489635	11	GAGAGGTGAAC	CAAAGGTCAGAGG	+
67-GAGAGGTGAAC	NR2C1_HUMAN.H11MO.0.C	3	0.00352953	2.71421	0.489635	10	GAGAGGTGAAC	GGCCAGAGGTCAG	+
67-GAGAGGTGAAC	RXRA_HUMAN.H11MO.1.A	0	0.0035506	2.73041	0.489635	10	GAGAGGTGAAC	CAGAGGTCAG	+
69-ACTGATTGG	CEBPZ_HUMAN.H11MO.0.D	0	1.91674e-05	0.0147397	0.019226	9	ACTGATTGG	GCTGATTGGCT	+
69-ACTGATTGG	FOXI1_HUMAN.H11MO.0.B	1	2.50719e-05	0.0192803	0.019226	9	ACTGATTGG	CTCTGATTGGTT	+
69-ACTGATTGG	NFYC_HUMAN.H11MO.0.A	1	0.000100456	0.0772506	0.0505851	9	ACTGATTGG	CTCTGATTGGCTAG	-
69-ACTGATTGG	NFYB_HUMAN.H11MO.0.A	1	0.000131932	0.101456	0.0505851	9	ACTGATTGG	CTCTGATTGGCTG	-
69-ACTGATTGG	NFYA_HUMAN.H11MO.0.A	1	0.000208739	0.16052	0.0640272	9	ACTGATTGG	TTCTGATTGGCTGA	-
69-ACTGATTGG	ZN134_HUMAN.H11MO.1.C	6	0.000612602	0.471091	0.134306	9	ACTGATTGG	CCTTCACCTGATTAGGT	-
69-ACTGATTGG	PBX3_HUMAN.H11MO.1.A	-2	0.000696846	0.535875	0.134306	7	ACTGATTGG	TGATTGGCA	+
69-ACTGATTGG	LHX6_HUMAN.H11MO.0.D	1	0.000700574	0.538741	0.134306	9	ACTGATTGG	CTCTGATTAC	+
69-ACTGATTGG	ZN134_HUMAN.H11MO.0.C	6	0.000816557	0.627933	0.139148	9	ACTGATTGG	CCTTCAACTGATTAGGTGAGGC	-
69-ACTGATTGG	DUX4_HUMAN.H11MO.0.A	-2	0.0030376	2.33591	0.465866	7	ACTGATTGG	TGATTAGGTTA	+
70-AGGGGAGAAAA	TBR1_HUMAN.H11MO.0.D	2	0.000153117	0.117747	0.235494	11	AGGGGAGAAAA	AAAGGTGTGAAAA	+
72-CAACCCTCTCCCTG	PATZ1_HUMAN.H11MO.1.C	-4	3.02182e-05	0.0232378	0.0461209	9	CAACCCTCTCCCTG	CCCCTCCCT	-
72-CAACCCTCTCCCTG	MAZ_HUMAN.H11MO.1.A	-3	0.0011782	0.906032	0.450138	11	CAACCCTCTCCCTG	CCCCCTCCCTC	-
72-CAACCCTCTCCCTG	ZN281_HUMAN.H11MO.0.A	-1	0.00137958	1.0609	0.450138	13	CAACCCTCTCCCTG	TCCCCTCCCCCACCC	-
72-CAACCCTCTCCCTG	ZBT17_HUMAN.H11MO.0.A	5	0.0014585	1.12158	0.450138	14	CAACCCTCTCCCTG	CTTCCCCTCCCCCACCCTC	-
72-CAACCCTCTCCCTG	KLF6_HUMAN.H11MO.0.A	3	0.00163251	1.2554	0.450138	14	CAACCCTCTCCCTG	CCCCCGGCCCCGCCCTTCC	-
72-CAACCCTCTCCCTG	VEZF1_HUMAN.H11MO.1.C	-3	0.00250554	1.92676	0.450138	11	CAACCCTCTCCCTG	CCCCCTCCCTCT	-
72-CAACCCTCTCCCTG	ZBT48_HUMAN.H11MO.0.C	-3	0.00280891	2.16005	0.450138	11	CAACCCTCTCCCTG	CACGGTCCCTAA	-
72-CAACCCTCTCCCTG	VEZF1_HUMAN.H11MO.0.C	2	0.00316133	2.43106	0.450138	14	CAACCCTCTCCCTG	CCCCTCCCCCTCCCCCCTCCCC	-
72-CAACCCTCTCCCTG	WT1_HUMAN.H11MO.1.B	-3	0.00331003	2.54542	0.450138	11	CAACCCTCTCCCTG	CCTCCTCCCAC	-
72-CAACCCTCTCCCTG	ETV5_HUMAN.H11MO.0.C	-3	0.00362511	2.78771	0.450138	11	CAACCCTCTCCCTG	CTCACTTCCTGCTC	-
72-CAACCCTCTCCCTG	ZSC22_HUMAN.H11MO.0.C	3	0.00371679	2.85821	0.450138	13	CAACCCTCTCCCTG	CCTCCTCCCTCAGACC	-
72-CAACCCTCTCCCTG	ZN335_HUMAN.H11MO.0.A	7	0.00371921	2.86008	0.450138	14	CAACCCTCTCCCTG	GGCTGTCCTCGGCGCTGCCTGA	+
72-CAACCCTCTCCCTG	TBX15_HUMAN.H11MO.0.D	3	0.00412385	3.17124	0.450138	14	CAACCCTCTCCCTG	CCCCCACCCCCCCCCCCCC	-
72-CAACCCTCTCCCTG	KLF5_HUMAN.H11MO.0.A	1	0.00447808	3.44364	0.450138	13	CAACCCTCTCCCTG	CCCAGCCCCACCCT	-
72-CAACCCTCTCCCTG	PATZ1_HUMAN.H11MO.0.C	9	0.00460655	3.54244	0.450138	13	CAACCCTCTCCCTG	CCTCCCCCCCCGCCCCCTCCCC	-
72-CAACCCTCTCCCTG	PPARD_HUMAN.H11MO.0.D	0	0.00471886	3.6288	0.450138	14	CAACCCTCTCCCTG	TGACCTTTGTCCTA	-
72-CAACCCTCTCCCTG	EGR2_HUMAN.H11MO.0.A	2	0.00547839	4.21288	0.460244	14	CAACCCTCTCCCTG	CCCCTCCCACACCCCCCC	-
72-CAACCCTCTCCCTG	ERG_HUMAN.H11MO.0.A	-4	0.00586687	4.51163	0.460244	10	CAACCCTCTCCCTG	CCACTTCCTGCCC	-
72-CAACCCTCTCCCTG	MAZ_HUMAN.H11MO.0.A	8	0.00599294	4.60857	0.460244	14	CAACCCTCTCCCTG	CCCCCCCCCCCCCCCCTCCCCC	-
72-CAACCCTCTCCCTG	ETV7_HUMAN.H11MO.0.D	-7	0.006031	4.63784	0.460244	7	CAACCCTCTCCCTG	CTTCCTG	-
72-CAACCCTCTCCCTG	ZN467_HUMAN.H11MO.0.C	9	0.00664905	5.11312	0.481151	13	CAACCCTCTCCCTG	CCCCCCCCCCCCTCCCCTCCCC	-
72-CAACCCTCTCCCTG	ZN708_HUMAN.H11MO.1.D	-4	0.0074266	5.71106	0.481151	9	CAACCCTCTCCCTG	GCTGTACCT	-
72-CAACCCTCTCCCTG	EGR1_HUMAN.H11MO.0.A	3	0.00745058	5.72949	0.481151	14	CAACCCTCTCCCTG	CCCCCGCCCACGCCCTC	-
72-CAACCCTCTCCCTG	ETS1_HUMAN.H11MO.0.A	-4	0.00761155	5.85328	0.481151	10	CAACCCTCTCCCTG	CCACTTCCTGTCT	-
72-CAACCCTCTCCCTG	FLI1_HUMAN.H11MO.1.A	-4	0.00801381	6.16262	0.481151	10	CAACCCTCTCCCTG	CCACTTCCTGCCT	-
72-CAACCCTCTCCCTG	WT1_HUMAN.H11MO.0.C	8	0.00819644	6.30306	0.481151	12	CAACCCTCTCCCTG	CCCCCCCTCCTCCCCCGCCC	-
72-CAACCCTCTCCCTG	KLF1_HUMAN.H11MO.0.A	1	0.00872312	6.70808	0.493103	13	CAACCCTCTCCCTG	CCCGGCCCCGCCCC	-
73-AAGTTGCTGA	MAFK_HUMAN.H11MO.0.A	1	0.000138307	0.106358	0.138957	10	AAGTTGCTGA	AAAATTGCTGAGTCAGCA	+
73-AAGTTGCTGA	MAF_HUMAN.H11MO.0.A	1	0.000264774	0.203611	0.138957	10	AAGTTGCTGA	GAATCTGCTGACTCAGCAA	+
73-AAGTTGCTGA	MAFG_HUMAN.H11MO.0.A	1	0.000274051	0.210745	0.138957	10	AAGTTGCTGA	AAAATTGCTGACTCAGCA	+
73-AAGTTGCTGA	MAF_HUMAN.H11MO.1.B	-4	0.000418106	0.321523	0.138957	6	AAGTTGCTGA	TGCTGACT	+
73-AAGTTGCTGA	NF2L2_HUMAN.H11MO.0.A	-1	0.000452724	0.348145	0.138957	9	AAGTTGCTGA	AACTGCTGAGTCAT	+
73-AAGTTGCTGA	REST_HUMAN.H11MO.0.A	11	0.000616298	0.473933	0.139952	10	AAGTTGCTGA	GGGCGCTGTCCATGGTGCTGAA	-
73-AAGTTGCTGA	MAFG_HUMAN.H11MO.1.A	-4	0.000638352	0.490893	0.139952	6	AAGTTGCTGA	TGCTGAGT	+
73-AAGTTGCTGA	MAFF_HUMAN.H11MO.1.B	-4	0.000833202	0.640733	0.159837	6	AAGTTGCTGA	TGCTGAGTC	+
75-GTTTGATTA	ZN250_HUMAN.H11MO.0.C	10	8.64574e-05	0.0664857	0.126099	9	GTTTGATTA	TACCATGCTGTTTTGATTAC	+
75-GTTTGATTA	FOXL1_HUMAN.H11MO.0.D	5	0.000198537	0.152675	0.144784	9	GTTTGATTA	TGTTTGTTTGTTTACTTTT	+
75-GTTTGATTA	HXB8_HUMAN.H11MO.0.C	-2	0.000488422	0.375597	0.237456	7	GTTTGATTA	TTGATTAATGC	+
75-GTTTGATTA	LHX6_HUMAN.H11MO.0.D	0	0.000722262	0.55542	0.23935	9	GTTTGATTA	CTCTGATTAC	+
75-GTTTGATTA	HXB7_HUMAN.H11MO.0.C	-2	0.000820528	0.630986	0.23935	7	GTTTGATTA	TTGATTAATG	+
75-GTTTGATTA	DUXA_HUMAN.H11MO.0.D	-3	0.00153041	1.17688	0.326369	6	GTTTGATTA	TGATTAAATTA	+
75-GTTTGATTA	UNC4_HUMAN.H11MO.0.D	2	0.00172892	1.32954	0.326369	9	GTTTGATTA	TAATTTAATTA	+
75-GTTTGATTA	HXC6_HUMAN.H11MO.0.D	2	0.00182415	1.40277	0.326369	9	GTTTGATTA	ATGATTTATTACTTT	+
75-GTTTGATTA	PAX7_HUMAN.H11MO.0.D	1	0.00262841	2.02125	0.326369	9	GTTTGATTA	TAATTGATTAT	+
75-GTTTGATTA	DRGX_HUMAN.H11MO.0.D	2	0.00278774	2.14377	0.326369	9	GTTTGATTA	TAATTTAATTA	+
75-GTTTGATTA	FOXJ2_HUMAN.H11MO.0.C	1	0.00294982	2.26841	0.326369	9	GTTTGATTA	TGTTTATTTA	+
75-GTTTGATTA	HXA5_HUMAN.H11MO.0.D	-2	0.00294982	2.26841	0.326369	7	GTTTGATTA	TTGATTAATG	+
75-GTTTGATTA	DUX4_HUMAN.H11MO.0.A	-3	0.00313362	2.40976	0.326369	6	GTTTGATTA	TGATTAGGTTA	+
75-GTTTGATTA	HXD9_HUMAN.H11MO.0.D	1	0.00331267	2.54744	0.326369	9	GTTTGATTA	AATTTTATTA	+
75-GTTTGATTA	ALX4_HUMAN.H11MO.0.D	3	0.00393489	3.02593	0.326369	9	GTTTGATTA	TTAATTAAATTA	+
75-GTTTGATTA	PHX2A_HUMAN.H11MO.0.D	2	0.00417921	3.21381	0.326369	9	GTTTGATTA	TAATTTAATTA	+
75-GTTTGATTA	FOXI1_HUMAN.H11MO.0.B	0	0.00441291	3.39353	0.326369	9	GTTTGATTA	CTCTGATTGGTT	+
75-GTTTGATTA	PHX2B_HUMAN.H11MO.0.D	2	0.00495216	3.80821	0.326369	9	GTTTGATTA	TAATTTAATTA	+
75-GTTTGATTA	LHX3_HUMAN.H11MO.0.C	2	0.00501337	3.85528	0.326369	9	GTTTGATTA	AAAATTAATTAAT	+
75-GTTTGATTA	ARX_HUMAN.H11MO.0.D	3	0.00501337	3.85528	0.326369	9	GTTTGATTA	CTAATTAAATTAA	-
75-GTTTGATTA	PBX1_HUMAN.H11MO.1.C	5	0.00533958	4.10614	0.326369	9	GTTTGATTA	AATTTGATTGATGGG	+
75-GTTTGATTA	FOXM1_HUMAN.H11MO.0.A	1	0.00618643	4.75736	0.326369	9	GTTTGATTA	TGTTTGCTTTGC	+
75-GTTTGATTA	FOXP3_HUMAN.H11MO.0.D	1	0.00655455	5.04045	0.326369	8	GTTTGATTA	AATTTGTTT	+
75-GTTTGATTA	FOXP1_HUMAN.H11MO.0.A	-1	0.00692688	5.32677	0.326369	8	GTTTGATTA	TTTGTTTAT	+
75-GTTTGATTA	HXC8_HUMAN.H11MO.0.D	-1	0.00693403	5.33227	0.326369	8	GTTTGATTA	TTTGATTGATGCCC	+
75-GTTTGATTA	ALX3_HUMAN.H11MO.0.D	2	0.0072942	5.60924	0.326369	9	GTTTGATTA	TAATTTAATTA	-
75-GTTTGATTA	PAX3_HUMAN.H11MO.0.D	3	0.00741916	5.70533	0.326369	9	GTTTGATTA	GATAATCGATTAA	+
75-GTTTGATTA	MIXL1_HUMAN.H11MO.0.D	0	0.00770158	5.92251	0.326369	9	GTTTGATTA	ATCTAATTAAC	-
75-GTTTGATTA	FOXC1_HUMAN.H11MO.0.C	4	0.00792759	6.09632	0.326369	9	GTTTGATTA	CATTGTTTACTTAAG	+
75-GTTTGATTA	FOXF2_HUMAN.H11MO.0.D	1	0.00812976	6.25178	0.326369	9	GTTTGATTA	TGTTTACTTTT	+
75-GTTTGATTA	FOXO4_HUMAN.H11MO.0.C	-2	0.00816885	6.28184	0.326369	7	GTTTGATTA	TTGTTTATT	+
75-GTTTGATTA	PITX2_HUMAN.H11MO.0.D	-1	0.00853296	6.56184	0.327511	8	GTTTGATTA	TGGGATTAAA	+
75-GTTTGATTA	PDX1_HUMAN.H11MO.0.A	1	0.00911019	7.00574	0.3407	8	GTTTGATTA	TGATTGATG	+
75-GTTTGATTA	SRY_HUMAN.H11MO.0.B	0	0.00961741	7.39579	0.348428	9	GTTTGATTA	TTTTGTTTT	+
75-GTTTGATTA	HNF6_HUMAN.H11MO.0.B	2	0.0100704	7.74413	0.348428	9	GTTTGATTA	TTTATTGATTT	+
75-GTTTGATTA	FOXF1_HUMAN.H11MO.0.D	2	0.0106179	8.16518	0.348428	9	GTTTGATTA	ATGTTTATTTT	+
75-GTTTGATTA	PRRX2_HUMAN.H11MO.0.C	-2	0.0109401	8.41294	0.348428	7	GTTTGATTA	TTAATTG	+
75-GTTTGATTA	CUX2_HUMAN.H11MO.0.D	2	0.0111928	8.60723	0.348428	9	GTTTGATTA	TTCATTGATTT	-
75-GTTTGATTA	FOXQ1_HUMAN.H11MO.0.C	0	0.011228	8.63432	0.348428	9	GTTTGATTA	TATTGTTTATTT	+
75-GTTTGATTA	RAX2_HUMAN.H11MO.0.D	2	0.011228	8.63432	0.348428	9	GTTTGATTA	TAATTTAATTAG	-
75-GTTTGATTA	ALX1_HUMAN.H11MO.0.B	3	0.011836	9.10186	0.359643	9	GTTTGATTA	ATAATTGAATTA	+
75-GTTTGATTA	VAX2_HUMAN.H11MO.0.D	4	0.0123768	9.51779	0.359785	9	GTTTGATTA	ATTAGGGTAATTAGTG	+
75-GTTTGATTA	PDX1_HUMAN.H11MO.1.A	-1	0.0132461	10.1862	0.359785	8	GTTTGATTA	ATTAATTAT	+
75-GTTTGATTA	FOXO6_HUMAN.H11MO.0.D	1	0.0133988	10.3037	0.359785	9	GTTTGATTA	AACTTGTTTACGT	+
75-GTTTGATTA	GSC_HUMAN.H11MO.0.D	0	0.0137927	10.6066	0.359785	9	GTTTGATTA	AAGGGATTAGC	+
75-GTTTGATTA	HXC12_HUMAN.H11MO.0.D	0	0.0138454	10.6471	0.359785	9	GTTTGATTA	TTTTTATGACCT	+
75-GTTTGATTA	HXB6_HUMAN.H11MO.0.D	-1	0.0141177	10.8565	0.359785	8	GTTTGATTA	AATGATTGATGCA	+
75-GTTTGATTA	FOXO3_HUMAN.H11MO.0.B	-1	0.014463	11.1221	0.359785	8	GTTTGATTA	CTTGTTTACA	+
75-GTTTGATTA	HXB13_HUMAN.H11MO.0.A	-1	0.014463	11.1221	0.359785	8	GTTTGATTA	TTTTATTGGC	+
75-GTTTGATTA	LMX1B_HUMAN.H11MO.0.D	9	0.015099	11.6112	0.359785	9	GTTTGATTA	AAATAAATCAATTAATTA	-
75-GTTTGATTA	FOXD3_HUMAN.H11MO.0.D	3	0.0151597	11.6578	0.359785	9	GTTTGATTA	TTTGTTTACTTAGCA	+
75-GTTTGATTA	OTX1_HUMAN.H11MO.0.D	-2	0.0152126	11.6985	0.359785	7	GTTTGATTA	AGGATTAG	+
75-GTTTGATTA	GFI1_HUMAN.H11MO.0.C	1	0.0152291	11.7112	0.359785	9	GTTTGATTA	GCTGTGATTT	+
75-GTTTGATTA	NKX62_HUMAN.H11MO.0.D	0	0.0152941	11.7612	0.359785	9	GTTTGATTA	AATTAATTACC	+
75-GTTTGATTA	PROP1_HUMAN.H11MO.0.D	2	0.0152941	11.7612	0.359785	9	GTTTGATTA	TAATTCAATTA	-
75-GTTTGATTA	TF7L2_HUMAN.H11MO.0.A	2	0.016491	12.6815	0.365135	9	GTTTGATTA	CCCTTTGATGTGG	+
75-GTTTGATTA	HXD3_HUMAN.H11MO.0.D	0	0.0169451	13.0308	0.365135	9	GTTTGATTA	GGTTAATTAGG	+
75-GTTTGATTA	TF7L1_HUMAN.H11MO.0.B	3	0.0173596	13.3495	0.365135	9	GTTTGATTA	TGCCTTTGATGTT	+
75-GTTTGATTA	MEIS1_HUMAN.H11MO.0.A	2	0.0179041	13.7683	0.365135	9	GTTTGATTA	ATGATTTATGGC	+
75-GTTTGATTA	FOXD1_HUMAN.H11MO.0.D	0	0.0186654	14.3537	0.365135	9	GTTTGATTA	CTTTGTTTACTTAAG	+
75-GTTTGATTA	LHX2_HUMAN.H11MO.0.A	0	0.0188376	14.4861	0.365135	9	GTTTGATTA	TTTTAATTAGTT	+
75-GTTTGATTA	HXD4_HUMAN.H11MO.0.D	-2	0.0188474	14.4936	0.365135	7	GTTTGATTA	TTAATTGA	+
75-GTTTGATTA	CPEB1_HUMAN.H11MO.0.D	0	0.0188677	14.5093	0.365135	9	GTTTGATTA	TTTTTATTTTTTTTTTT	+
75-GTTTGATTA	ZN232_HUMAN.H11MO.0.D	7	0.019292	14.8356	0.365135	9	GTTTGATTA	TGTTAAATGTAGATTAAGT	+
75-GTTTGATTA	HXC9_HUMAN.H11MO.0.C	-1	0.0196459	15.1077	0.365135	8	GTTTGATTA	TTTTATTGCC	+
75-GTTTGATTA	HXD10_HUMAN.H11MO.0.D	2	0.0196459	15.1077	0.365135	8	GTTTGATTA	TGCTTTAATT	+
75-GTTTGATTA	OTX2_HUMAN.H11MO.0.A	0	0.0197272	15.1702	0.365135	9	GTTTGATTA	AGGGGATTAAC	+
75-GTTTGATTA	HXA2_HUMAN.H11MO.0.D	-1	0.0197272	15.1702	0.365135	8	GTTTGATTA	GGTAATTAGCG	+
75-GTTTGATTA	NOTO_HUMAN.H11MO.0.D	-1	0.0197272	15.1702	0.365135	8	GTTTGATTA	GTTAATTAGGT	+
75-GTTTGATTA	FOXP2_HUMAN.H11MO.0.C	-2	0.0200406	15.4112	0.365135	7	GTTTGATTA	CTGTTTACA	+
75-GTTTGATTA	PBX2_HUMAN.H11MO.0.C	6	0.0206808	15.9035	0.365135	9	GTTTGATTA	TAAATTGATTGATGG	+
75-GTTTGATTA	CDX2_HUMAN.H11MO.0.A	-1	0.0208393	16.0254	0.365135	8	GTTTGATTA	TTTTATTGCTGT	+
75-GTTTGATTA	DDIT3_HUMAN.H11MO.0.D	0	0.021718	16.7012	0.365135	9	GTTTGATTA	ATTGCATCAT	-
75-GTTTGATTA	MEOX2_HUMAN.H11MO.0.D	1	0.021806	16.7688	0.365135	9	GTTTGATTA	ATCATAATTAA	-
75-GTTTGATTA	VSX2_HUMAN.H11MO.0.D	-2	0.0219109	16.8495	0.365135	7	GTTTGATTA	TTAATTAGCTTC	+
75-GTTTGATTA	NR2E3_HUMAN.H11MO.0.C	4	0.0222745	17.1291	0.365135	9	GTTTGATTA	TGACTTTTGACTTT	-
75-GTTTGATTA	TBR1_HUMAN.H11MO.0.D	4	0.0223682	17.2012	0.365135	9	GTTTGATTA	AAAGGTGTGAAAA	+
75-GTTTGATTA	HXC10_HUMAN.H11MO.0.D	9	0.0225618	17.35	0.365135	9	GTTTGATTA	TTTTTAATTTTTTTATTAC	+
75-GTTTGATTA	FOXC2_HUMAN.H11MO.0.D	0	0.0228917	17.6037	0.365135	9	GTTTGATTA	GTTTGTTTTGCCAGA	+
75-GTTTGATTA	ONEC3_HUMAN.H11MO.0.D	0	0.023032	17.7116	0.365135	9	GTTTGATTA	TATTGATTTTTT	+
75-GTTTGATTA	FOXJ3_HUMAN.H11MO.1.B	4	0.0235166	18.0842	0.368808	9	GTTTGATTA	TTGTTTTTGTTTA	+
75-GTTTGATTA	HXA13_HUMAN.H11MO.0.C	1	0.0240818	18.5189	0.369721	9	GTTTGATTA	GGTTTTATTGG	+
75-GTTTGATTA	HXA9_HUMAN.H11MO.0.B	2	0.0240818	18.5189	0.369721	9	GTTTGATTA	ATGATTTATGG	+
75-GTTTGATTA	HXD11_HUMAN.H11MO.0.D	0	0.0252984	19.4545	0.384354	9	GTTTGATTA	TTTTTATTACT	+
75-GTTTGATTA	BATF3_HUMAN.H11MO.0.B	2	0.0256738	19.7431	0.386036	9	GTTTGATTA	CAGTTTCATTATGACTC	+
75-GTTTGATTA	PO4F3_HUMAN.H11MO.0.D	1	0.0279709	21.5097	0.407959	9	GTTTGATTA	TCATTAATTATTCAT	+
75-GTTTGATTA	DLX3_HUMAN.H11MO.0.C	-1	0.0291844	22.4428	0.421179	8	GTTTGATTA	TGTAATTATC	-
75-GTTTGATTA	HSFY1_HUMAN.H11MO.0.D	4	0.0294549	22.6508	0.421179	8	GTTTGATTA	ATACGTTCGAAT	-
75-GTTTGATTA	DPRX_HUMAN.H11MO.0.D	-1	0.0307411	23.6399	0.424285	8	GTTTGATTA	ACGGATTATCC	+
75-GTTTGATTA	PO6F2_HUMAN.H11MO.0.D	-1	0.0307411	23.6399	0.424285	8	GTTTGATTA	GTTAATTAGCT	+
75-GTTTGATTA	FOXA1_HUMAN.H11MO.0.A	1	0.0309183	23.7762	0.424285	9	GTTTGATTA	TGTTTACTTTGG	+
75-GTTTGATTA	VSX1_HUMAN.H11MO.0.D	5	0.0315265	24.2439	0.424285	9	GTTTGATTA	AAATTAGCTAATTA	-
75-GTTTGATTA	GFI1B_HUMAN.H11MO.0.A	1	0.0321447	24.7193	0.424285	9	GTTTGATTA	GCTGTGATTT	+
75-GTTTGATTA	HXC11_HUMAN.H11MO.0.D	0	0.0322575	24.806	0.424285	9	GTTTGATTA	TTTTTACGACC	+
75-GTTTGATTA	LHX4_HUMAN.H11MO.0.D	-2	0.0322575	24.806	0.424285	7	GTTTGATTA	CTAATTAACTT	-
75-GTTTGATTA	ZN214_HUMAN.H11MO.0.C	13	0.0327227	25.1638	0.424285	9	GTTTGATTA	TCCTTTTTGAGGCCTTTGATGA	+
75-GTTTGATTA	P5F1B_HUMAN.H11MO.0.D	2	0.0328842	25.288	0.424285	9	GTTTGATTA	TAATTTGCATATTCAT	+
75-GTTTGATTA	FOXJ3_HUMAN.H11MO.0.A	-2	0.0331629	25.5023	0.424285	7	GTTTGATTA	TTGTTTATTTTTT	+
75-GTTTGATTA	FOXG1_HUMAN.H11MO.0.D	-1	0.0346248	26.6265	0.439136	8	GTTTGATTA	ATTGTTTATATTTTTTT	+
75-GTTTGATTA	HNF1B_HUMAN.H11MO.1.A	0	0.0354938	27.2947	0.442462	9	GTTTGATTA	AGTTAATGATT	+
75-GTTTGATTA	HXA11_HUMAN.H11MO.0.D	4	0.0365058	28.0729	0.444584	9	GTTTGATTA	TAAAATTTTATGA	+
75-GTTTGATTA	FOXA2_HUMAN.H11MO.0.A	1	0.0374479	28.7974	0.444584	9	GTTTGATTA	TGTTTACTTAGC	+
75-GTTTGATTA	ZN418_HUMAN.H11MO.1.D	0	0.0374479	28.7974	0.444584	9	GTTTGATTA	TGTTGCTTCTAG	+
75-GTTTGATTA	ZNF18_HUMAN.H11MO.0.C	1	0.0374479	28.7974	0.444584	9	GTTTGATTA	GGTGTGAACTGG	+
75-GTTTGATTA	CRX_HUMAN.H11MO.0.B	2	0.0382876	29.4431	0.444584	9	GTTTGATTA	TAAGAGGATTAGG	+
75-GTTTGATTA	FOXK1_HUMAN.H11MO.0.A	1	0.0388825	29.9006	0.444584	9	GTTTGATTA	TGTTTACTTT	+
75-GTTTGATTA	LBX2_HUMAN.H11MO.0.D	-1	0.0390171	30.0041	0.444584	8	GTTTGATTA	GTTAATTAGGT	+
75-GTTTGATTA	RX_HUMAN.H11MO.0.D	-2	0.0390171	30.0041	0.444584	7	GTTTGATTA	TTAATTAGCAA	+
75-GTTTGATTA	GSX2_HUMAN.H11MO.0.D	6	0.0399471	30.7193	0.4466	9	GTTTGATTA	ATTAAAAACTAATTAA	-
75-GTTTGATTA	MEOX1_HUMAN.H11MO.0.D	-1	0.0399471	30.7193	0.4466	8	GTTTGATTA	GGTAATTAGCGTTAAT	+
75-GTTTGATTA	PO4F1_HUMAN.H11MO.0.D	0	0.0401126	30.8466	0.4466	9	GTTTGATTA	CATTAATTATTCAT	+
75-GTTTGATTA	HXD12_HUMAN.H11MO.0.D	1	0.0428476	32.9498	0.473436	9	GTTTGATTA	AATTTTATTAC	+
75-GTTTGATTA	LMX1A_HUMAN.H11MO.0.D	10	0.0432871	33.2878	0.474697	9	GTTTGATTA	ATAATTAAATAATTAATTA	-
75-GTTTGATTA	TCF7_HUMAN.H11MO.0.A	3	0.0439611	33.8061	0.47849	9	GTTTGATTA	TTCCTTTGATGTGGTT	-
75-GTTTGATTA	PAX4_HUMAN.H11MO.0.D	-1	0.0451858	34.7479	0.486126	8	GTTTGATTA	GCGAATTAGTTA	-
75-GTTTGATTA	FOXD2_HUMAN.H11MO.0.D	9	0.0454318	34.937	0.486126	9	GTTTGATTA	TATGTAAATATTTATTTAA	+
75-GTTTGATTA	MGAP_HUMAN.H11MO.0.D	2	0.0460992	35.4503	0.486126	9	GTTTGATTA	AGGTGTGAATTTTCAC	+
75-GTTTGATTA	EMX2_HUMAN.H11MO.0.D	3	0.047329	36.396	0.486126	9	GTTTGATTA	ATTAGCTAATTA	-
75-GTTTGATTA	STAT2_HUMAN.H11MO.0.A	6	0.0476702	36.6584	0.486206	9	GTTTGATTA	CTTTCAGTTTCATTTTCCT	-
75-GTTTGATTA	MSX2_HUMAN.H11MO.0.D	-2	0.0485285	37.3184	0.488231	7	GTTTGATTA	ACAATTA	-
75-GTTTGATTA	TWST1_HUMAN.H11MO.0.A	8	0.0485382	37.3259	0.488231	9	GTTTGATTA	ACATCTGGTTTTAATTA	+
75-GTTTGATTA	DLX5_HUMAN.H11MO.0.D	2	0.0492185	37.849	0.488338	9	GTTTGATTA	ACCTATAATTA	-
75-GTTTGATTA	NFIL3_HUMAN.H11MO.0.D	0	0.0492185	37.849	0.488338	9	GTTTGATTA	ATTACATAACT	-
75-GTTTGATTA	DLX6_HUMAN.H11MO.0.D	6	0.0498637	38.3452	0.491397	9	GTTTGATTA	AAATTAAGGTAATTA	+
75-GTTTGATTA	LHX8_HUMAN.H11MO.0.D	0	0.0506439	38.9451	0.492431	9	GTTTGATTA	CGCTAATTACAATTAATT	+
75-GTTTGATTA	MSX1_HUMAN.H11MO.0.D	8	0.0506439	38.9451	0.492431	9	GTTTGATTA	TAATTGGTTTTTAATTGG	+
75-GTTTGATTA	HXC13_HUMAN.H11MO.0.D	1	0.0515206	39.6193	0.494614	9	GTTTGATTA	ATTTTTACGAG	+
75-GTTTGATTA	FOXO1_HUMAN.H11MO.0.A	1	0.0518858	39.9002	0.494614	9	GTTTGATTA	TTCCTGTTTACT	+
75-GTTTGATTA	EMX1_HUMAN.H11MO.0.D	-3	0.0518858	39.9002	0.494614	6	GTTTGATTA	TAATTAGCTAAT	+
77-ACAAAAGGAAA	ZFP28_HUMAN.H11MO.0.C	4	0.000657363	0.505512	0.411493	11	ACAAAAGGAAA	TGACACAAGAAGAAATAGAA	-
77-ACAAAAGGAAA	ELF3_HUMAN.H11MO.0.A	0	0.000963906	0.741243	0.411493	11	ACAAAAGGAAA	GAACCAGGAAGTGG	+
77-ACAAAAGGAAA	SRF_HUMAN.H11MO.0.A	7	0.00128751	0.990095	0.411493	11	ACAAAAGGAAA	CATGCCCATATAAGGCAA	-
77-ACAAAAGGAAA	ZN394_HUMAN.H11MO.1.D	-2	0.0016983	1.30599	0.411493	9	ACAAAAGGAAA	GAATGGAAT	+
77-ACAAAAGGAAA	NFAC1_HUMAN.H11MO.1.B	-3	0.00194814	1.49812	0.411493	8	ACAAAAGGAAA	AATGGAAAAT	+
77-ACAAAAGGAAA	ETV7_HUMAN.H11MO.0.D	-4	0.00198452	1.5261	0.411493	7	ACAAAAGGAAA	CAGGAAG	+
77-ACAAAAGGAAA	ETV6_HUMAN.H11MO.0.D	-3	0.00219327	1.68663	0.411493	8	ACAAAAGGAAA	ACAGGAAGT	+
77-ACAAAAGGAAA	ZNF41_HUMAN.H11MO.1.C	-1	0.00254923	1.96036	0.411493	10	ACAAAAGGAAA	CACAAGGGAGAA	+
77-ACAAAAGGAAA	BATF3_HUMAN.H11MO.0.B	3	0.00262891	2.02163	0.411493	11	ACAAAAGGAAA	GAGTCATAATGAAACTG	-
77-ACAAAAGGAAA	PRDM6_HUMAN.H11MO.0.C	-2	0.00297693	2.28926	0.411493	9	ACAAAAGGAAA	AAAAAGAAAAAAA	+
77-ACAAAAGGAAA	STAT1_HUMAN.H11MO.1.A	1	0.00328034	2.52258	0.411493	11	ACAAAAGGAAA	AAGAAAATGAAACTGAAAG	+
77-ACAAAAGGAAA	IRF5_HUMAN.H11MO.0.D	-2	0.00340417	2.6178	0.411493	9	ACAAAAGGAAA	TAAAGGAAAGCCAAAAGTGA	+
77-ACAAAAGGAAA	ETV4_HUMAN.H11MO.0.B	-2	0.00352172	2.7082	0.411493	9	ACAAAAGGAAA	AACAGGAAGGG	+
77-ACAAAAGGAAA	ETV2_HUMAN.H11MO.0.B	1	0.00455094	3.49968	0.461969	11	ACAAAAGGAAA	GGAAACAGGAAGTGGG	+
77-ACAAAAGGAAA	EHF_HUMAN.H11MO.0.B	0	0.00489142	3.7615	0.461969	11	ACAAAAGGAAA	GAACCAGGAAGTGGC	+
77-ACAAAAGGAAA	STAT2_HUMAN.H11MO.0.A	1	0.00516156	3.96924	0.461969	11	ACAAAAGGAAA	AGGAAAATGAAACTGAAAG	+
77-ACAAAAGGAAA	SPI1_HUMAN.H11MO.0.A	1	0.00547437	4.20979	0.461969	11	ACAAAAGGAAA	AAAAAGAGGAAGTGAAA	+
77-ACAAAAGGAAA	FOXG1_HUMAN.H11MO.0.D	2	0.00547437	4.20979	0.461969	11	ACAAAAGGAAA	AAAAAAATATAAACAAT	-
78-TAATCTAA	ALX4_HUMAN.H11MO.0.D	0	1.03558e-05	0.00796361	0.0152787	8	TAATCTAA	TAATTTAATTAA	-
78-TAATCTAA	ARX_HUMAN.H11MO.0.D	1	2.00294e-05	0.0154026	0.0152787	8	TAATCTAA	TTAATTTAATTAG	+
78-TAATCTAA	DRGX_HUMAN.H11MO.0.D	0	4.33699e-05	0.0333514	0.0169677	8	TAATCTAA	TAATTTAATTA	+
78-TAATCTAA	PHX2A_HUMAN.H11MO.0.D	0	6.08309e-05	0.046779	0.0169677	8	TAATCTAA	TAATTTAATTA	+
78-TAATCTAA	UNC4_HUMAN.H11MO.0.D	0	6.6087e-05	0.0508209	0.0169677	8	TAATCTAA	TAATTTAATTA	+
78-TAATCTAA	PHX2B_HUMAN.H11MO.0.D	0	7.78523e-05	0.0598684	0.0169677	8	TAATCTAA	TAATTTAATTA	+
78-TAATCTAA	DUX4_HUMAN.H11MO.0.A	0	7.78523e-05	0.0598684	0.0169677	8	TAATCTAA	TAACCTAATCA	-
78-TAATCTAA	ALX3_HUMAN.H11MO.0.D	0	0.000116054	0.0892459	0.022132	8	TAATCTAA	TAATTTAATTA	-
78-TAATCTAA	ZN232_HUMAN.H11MO.0.D	3	0.000176576	0.135787	0.0299321	8	TAATCTAA	ACTTAATCTACATTTAACA	-
78-TAATCTAA	DUXA_HUMAN.H11MO.0.D	0	0.000479626	0.368832	0.073173	8	TAATCTAA	TAATTTAATCA	-
78-TAATCTAA	ALX1_HUMAN.H11MO.0.B	0	0.000548187	0.421556	0.0760299	8	TAATCTAA	TAATTCAATTAT	-
78-TAATCTAA	ZN250_HUMAN.H11MO.0.C	1	0.000767202	0.589978	0.0975387	8	TAATCTAA	GTAATCAAAACAGCATGGTA	-
78-TAATCTAA	PROP1_HUMAN.H11MO.0.D	0	0.00103258	0.794056	0.12118	8	TAATCTAA	TAATTCAATTA	-
78-TAATCTAA	RAX2_HUMAN.H11MO.0.D	0	0.00134933	1.03764	0.147041	8	TAATCTAA	TAATTTAATTAG	-
78-TAATCTAA	PAX7_HUMAN.H11MO.0.D	1	0.00274275	2.10918	0.278962	8	TAATCTAA	ATAATCAATTA	-
78-TAATCTAA	PRRX1_HUMAN.H11MO.0.D	0	0.00368008	2.82998	0.318106	7	TAATCTAA	TAATCTG	+
78-TAATCTAA	PITX2_HUMAN.H11MO.0.D	2	0.00375314	2.88617	0.318106	8	TAATCTAA	TTTAATCCCA	-
78-TAATCTAA	PAX3_HUMAN.H11MO.0.D	1	0.00416804	3.20523	0.334678	8	TAATCTAA	TTAATCGATTATC	-
78-TAATCTAA	ZNF85_HUMAN.H11MO.1.C	5	0.00599408	4.60945	0.435464	8	TAATCTAA	TGAAGTAATCTTT	+
80-AAACAAGTAAA	HMX1_HUMAN.H11MO.0.D	6	0.000604187	0.46462	0.498618	11	AAACAAGTAAA	ATTAAAAAACAATTAAC	-
80-AAACAAGTAAA	NR2E1_HUMAN.H11MO.0.D	4	0.000735007	0.56522	0.498618	11	AAACAAGTAAA	AAGTCAAAAAGTCAATT	+
80-AAACAAGTAAA	HMX2_HUMAN.H11MO.0.D	0	0.00129212	0.993643	0.498618	11	AAACAAGTAAA	AACCAATTAAA	-
80-AAACAAGTAAA	FOXL1_HUMAN.H11MO.0.D	6	0.00152046	1.16923	0.498618	11	AAACAAGTAAA	AAAAGTAAACAAACAAACA	-
80-AAACAAGTAAA	PAX7_HUMAN.H11MO.0.D	2	0.00164808	1.26737	0.498618	9	AAACAAGTAAA	ATAATCAATTA	-
80-AAACAAGTAAA	HXC6_HUMAN.H11MO.0.D	0	0.00194941	1.4991	0.498618	11	AAACAAGTAAA	AAAGTAATAAATCAT	-
85-TCCACAGCAAACA	FOXM1_HUMAN.H11MO.0.A	-1	1.65977e-05	0.0127637	0.0255221	12	TCCACAGCAAACA	GCAAAGCAAACA	-
85-TCCACAGCAAACA	FOXA1_HUMAN.H11MO.0.A	-1	0.000224888	0.172939	0.172904	12	TCCACAGCAAACA	CCAAAGTAAACA	-
85-TCCACAGCAAACA	FOXA2_HUMAN.H11MO.0.A	-1	0.000414872	0.319037	0.180378	12	TCCACAGCAAACA	GCTAAGTAAACA	-
85-TCCACAGCAAACA	FOXD3_HUMAN.H11MO.0.D	0	0.000542923	0.417508	0.180378	13	TCCACAGCAAACA	TGCTAAGTAAACAAA	-
85-TCCACAGCAAACA	FOXF2_HUMAN.H11MO.0.D	-2	0.000586524	0.451037	0.180378	11	TCCACAGCAAACA	AAAAGTAAACA	-
85-TCCACAGCAAACA	FOXK1_HUMAN.H11MO.0.A	-3	0.0011381	0.875195	0.291673	10	TCCACAGCAAACA	AAAGTAAACA	-
85-TCCACAGCAAACA	FOXA3_HUMAN.H11MO.0.B	-2	0.00221659	1.70456	0.486918	11	TCCACAGCAAACA	CAAAGTAAACAAG	-
85-TCCACAGCAAACA	MAFG_HUMAN.H11MO.1.A	-1	0.00257677	1.98153	0.495283	8	TCCACAGCAAACA	ACTCAGCA	-
90-ACAAAAGTCACAG	NR4A3_HUMAN.H11MO.0.D	-1	5.02861e-05	0.03867	0.0678572	10	ACAAAAGTCACAG	CAAAGGTCAG	+
90-ACAAAAGTCACAG	NR4A2_HUMAN.H11MO.0.C	-2	8.89564e-05	0.0684075	0.0678572	9	ACAAAAGTCACAG	AAAGGTCAC	+
90-ACAAAAGTCACAG	NR4A1_HUMAN.H11MO.0.A	-2	0.000345631	0.265791	0.147174	9	ACAAAAGTCACAG	AAAGGTCAG	+
90-ACAAAAGTCACAG	RXRG_HUMAN.H11MO.0.B	2	0.000597629	0.459577	0.147174	11	ACAAAAGTCACAG	GGTCAAAGGTCAC	+
90-ACAAAAGTCACAG	COT2_HUMAN.H11MO.0.A	-1	0.000634065	0.487596	0.147174	12	ACAAAAGTCACAG	CAAAGGTCAGAGG	+
90-ACAAAAGTCACAG	NR2E3_HUMAN.H11MO.0.C	4	0.00064432	0.495482	0.147174	10	ACAAAAGTCACAG	AAAGTCAAAAGTCA	+
90-ACAAAAGTCACAG	PPARG_HUMAN.H11MO.1.A	-1	0.000675274	0.519286	0.147174	9	ACAAAAGTCACAG	CAAAGGTCA	+
90-ACAAAAGTCACAG	PPARA_HUMAN.H11MO.1.B	-2	0.00137	1.05353	0.261263	9	ACAAAAGTCACAG	AAAGGTCAG	+
90-ACAAAAGTCACAG	MGAP_HUMAN.H11MO.0.D	1	0.00173675	1.33556	0.278465	13	ACAAAAGTCACAG	GTGAAAATTCACACCT	-
90-ACAAAAGTCACAG	ERR1_HUMAN.H11MO.0.A	0	0.00219307	1.68647	0.278465	13	ACAAAAGTCACAG	CTCAAGGTCACACAG	+
90-ACAAAAGTCACAG	COT2_HUMAN.H11MO.1.A	4	0.00230254	1.77065	0.278465	13	ACAAAAGTCACAG	GGGGTCAAAGGTCAGGG	+
90-ACAAAAGTCACAG	TF2LX_HUMAN.H11MO.0.D	1	0.00244447	1.8798	0.278465	13	ACAAAAGTCACAG	GACAGCTGTCATAGT	-
90-ACAAAAGTCACAG	ZN708_HUMAN.H11MO.1.D	-5	0.00251353	1.9329	0.278465	8	ACAAAAGTCACAG	AGGTACAGC	+
90-ACAAAAGTCACAG	NR1H3_HUMAN.H11MO.1.B	-2	0.00255535	1.96506	0.278465	10	ACAAAAGTCACAG	AAAGGTCAGA	+
90-ACAAAAGTCACAG	COT1_HUMAN.H11MO.1.C	0	0.00276029	2.12266	0.280745	13	ACAAAAGTCACAG	GCAGAGGTCAGGG	+
90-ACAAAAGTCACAG	ERR2_HUMAN.H11MO.0.A	-1	0.00371262	2.85501	0.354005	9	ACAAAAGTCACAG	TCAAGGTCA	+
90-ACAAAAGTCACAG	TGIF2_HUMAN.H11MO.0.D	0	0.00422759	3.25102	0.356328	11	ACAAAAGTCACAG	ACAGCTGTCAT	-
90-ACAAAAGTCACAG	NR1H2_HUMAN.H11MO.0.D	-1	0.00440271	3.38568	0.356328	12	ACAAAAGTCACAG	TAAAGGTCAAAGGTCAACG	+
90-ACAAAAGTCACAG	NR2E1_HUMAN.H11MO.0.D	4	0.00461023	3.54527	0.356328	13	ACAAAAGTCACAG	AAGTCAAAAAGTCAATT	+
90-ACAAAAGTCACAG	RXRA_HUMAN.H11MO.1.A	-1	0.00467123	3.59218	0.356328	10	ACAAAAGTCACAG	CAGAGGTCAG	+
90-ACAAAAGTCACAG	RARA_HUMAN.H11MO.1.A	-3	0.00590308	4.53947	0.428853	10	ACAAAAGTCACAG	AAGGTCAGGG	+
90-ACAAAAGTCACAG	FOXH1_HUMAN.H11MO.0.A	-3	0.00693802	5.33533	0.468943	9	ACAAAAGTCACAG	CAATCCACA	-
90-ACAAAAGTCACAG	PRDM1_HUMAN.H11MO.0.A	-2	0.00706967	5.43658	0.468943	11	ACAAAAGTCACAG	GAAAGTGAAAGTGA	+
90-ACAAAAGTCACAG	ZN708_HUMAN.H11MO.0.C	6	0.00745426	5.73232	0.469095	13	ACAAAAGTCACAG	GCCTAATAAGCAGGTACAGC	+
90-ACAAAAGTCACAG	ESR2_HUMAN.H11MO.1.A	-4	0.00768691	5.91123	0.469095	7	ACAAAAGTCACAG	AGGTCAC	+
90-ACAAAAGTCACAG	RXRB_HUMAN.H11MO.0.C	-2	0.00832271	6.40016	0.48836	10	ACAAAAGTCACAG	TGAGGTCACA	+
90-ACAAAAGTCACAG	E4F1_HUMAN.H11MO.0.D	-3	0.00883244	6.79215	0.499075	9	ACAAAAGTCACAG	GACGTCACG	-
95-TGGAGGAAAAAG	ZN586_HUMAN.H11MO.0.C	6	1.1721e-05	0.00901344	0.0179172	12	TGGAGGAAAAAG	AGGCCTAGGAGGAAAAAATG	+
95-TGGAGGAAAAAG	NFAC2_HUMAN.H11MO.0.B	-3	0.00034003	0.261483	0.232293	9	TGGAGGAAAAAG	TGGAAAATT	+
95-TGGAGGAAAAAG	NFAT5_HUMAN.H11MO.0.D	-1	0.000588739	0.45274	0.232293	11	TGGAGGAAAAAG	AGAGGAAAAGG	+
95-TGGAGGAAAAAG	PRDM6_HUMAN.H11MO.0.C	0	0.00060784	0.467429	0.232293	12	TGGAGGAAAAAG	AAAAAGAAAAAAA	+
95-TGGAGGAAAAAG	NFAC4_HUMAN.H11MO.0.C	-3	0.00087056	0.669461	0.25651	9	TGGAGGAAAAAG	AGGAAAATTT	+
95-TGGAGGAAAAAG	NFAC1_HUMAN.H11MO.1.B	-1	0.00116889	0.89888	0.25651	10	TGGAGGAAAAAG	AATGGAAAAT	+
95-TGGAGGAAAAAG	ETV7_HUMAN.H11MO.0.D	-2	0.00117462	0.90328	0.25651	7	TGGAGGAAAAAG	CAGGAAG	+
95-TGGAGGAAAAAG	NFAC3_HUMAN.H11MO.0.B	-3	0.00147212	1.13206	0.269707	9	TGGAGGAAAAAG	TGGAAAACT	+
95-TGGAGGAAAAAG	ZN263_HUMAN.H11MO.0.A	0	0.00165688	1.27414	0.269707	12	TGGAGGAAAAAG	GGGAGGAGGGAGAGGAGGAG	+
95-TGGAGGAAAAAG	ETV6_HUMAN.H11MO.0.D	-1	0.00176436	1.35679	0.269707	9	TGGAGGAAAAAG	ACAGGAAGT	+
95-TGGAGGAAAAAG	ZFP28_HUMAN.H11MO.0.C	6	0.0024074	1.85129	0.33455	12	TGGAGGAAAAAG	TGACACAAGAAGAAATAGAA	-
95-TGGAGGAAAAAG	ETS2_HUMAN.H11MO.0.B	0	0.00286276	2.20147	0.364679	12	TGGAGGAAAAAG	GGAAGGAAGAGGA	+
95-TGGAGGAAAAAG	ETV5_HUMAN.H11MO.0.C	1	0.00349358	2.68656	0.370458	12	TGGAGGAAAAAG	GAGCAGGAAGTGAG	+
95-TGGAGGAAAAAG	FLI1_HUMAN.H11MO.1.A	1	0.00350678	2.69671	0.370458	12	TGGAGGAAAAAG	AGGCAGGAAGTGG	+
95-TGGAGGAAAAAG	ZN257_HUMAN.H11MO.0.C	-1	0.0038083	2.92858	0.370458	11	TGGAGGAAAAAG	AGAGGCAAGAGC	-
95-TGGAGGAAAAAG	ERG_HUMAN.H11MO.0.A	1	0.00387751	2.98181	0.370458	12	TGGAGGAAAAAG	GGGCAGGAAGTGG	+
95-TGGAGGAAAAAG	ETV4_HUMAN.H11MO.0.B	0	0.00450139	3.46157	0.404766	11	TGGAGGAAAAAG	AACAGGAAGGG	+
95-TGGAGGAAAAAG	ZN384_HUMAN.H11MO.0.C	-4	0.00514411	3.95582	0.436862	8	TGGAGGAAAAAG	GGAAAAAATCGG	+
95-TGGAGGAAAAAG	NFAC1_HUMAN.H11MO.0.B	-2	0.00573629	4.41121	0.461513	10	TGGAGGAAAAAG	ATGGAAAAAAAGAAA	+
95-TGGAGGAAAAAG	FLI1_HUMAN.H11MO.0.A	3	0.00658161	5.06126	0.485292	12	TGGAGGAAAAAG	GGAGGAAGGAAGGAGGGA	+
95-TGGAGGAAAAAG	NR1H2_HUMAN.H11MO.0.D	0	0.00666678	5.12676	0.485292	12	TGGAGGAAAAAG	TAAAGGTCAAAGGTCAACG	+
95-TGGAGGAAAAAG	E2F7_HUMAN.H11MO.0.B	1	0.00699221	5.37701	0.485845	12	TGGAGGAAAAAG	GGGGCGGGAAAGG	+
99-AAGAGGGAAGG	ZBTB4_HUMAN.H11MO.0.D	2	0.000428821	0.329763	0.417022	11	AAGAGGGAAGG	CCTAGATGGCAGGTGGG	+
99-AAGAGGGAAGG	ZN257_HUMAN.H11MO.0.C	-1	0.000553543	0.425675	0.417022	10	AAGAGGGAAGG	AGAGGCAAGAGC	-
99-AAGAGGGAAGG	ZN281_HUMAN.H11MO.0.A	2	0.00125618	0.966004	0.435488	11	AAGAGGGAAGG	GGGTGGGGGAGGGGA	+
99-AAGAGGGAAGG	PATZ1_HUMAN.H11MO.1.C	-3	0.001461	1.12351	0.435488	8	AAGAGGGAAGG	AGGGAGGGG	+
99-AAGAGGGAAGG	MAZ_HUMAN.H11MO.1.A	-2	0.00150795	1.15962	0.435488	9	AAGAGGGAAGG	GAGGGAGGGGG	+
99-AAGAGGGAAGG	HXB1_HUMAN.H11MO.0.D	-1	0.00180485	1.38793	0.435488	10	AAGAGGGAAGG	TGATGGATGG	+
99-AAGAGGGAAGG	E2F6_HUMAN.H11MO.0.A	1	0.00230791	1.77478	0.435488	11	AAGAGGGAAGG	GGGGCGGGAAGGG	+
99-AAGAGGGAAGG	VEZF1_HUMAN.H11MO.1.C	-1	0.00231222	1.7781	0.435488	10	AAGAGGGAAGG	AGAGGGAGGGGG	+
99-AAGAGGGAAGG	ELF5_HUMAN.H11MO.0.A	2	0.00274952	2.11438	0.46031	11	AAGAGGGAAGG	GGAAGGAGGAAGTGG	+
99-AAGAGGGAAGG	FLI1_HUMAN.H11MO.0.A	2	0.00312065	2.39978	0.46796	11	AAGAGGGAAGG	GGAGGAAGGAAGGAGGGA	+
99-AAGAGGGAAGG	ZN528_HUMAN.H11MO.0.C	0	0.00380858	2.9288	0.46796	11	AAGAGGGAAGG	CCCAGGGAAGCCATTTCTGA	+
99-AAGAGGGAAGG	E2F1_HUMAN.H11MO.0.A	3	0.00416237	3.20086	0.46796	11	AAGAGGGAAGG	GGGGGGCGGGAAAG	+
99-AAGAGGGAAGG	PRDM1_HUMAN.H11MO.0.A	0	0.00540917	4.15965	0.46796	11	AAGAGGGAAGG	GAAAGTGAAAGTGA	+
99-AAGAGGGAAGG	TBX1_HUMAN.H11MO.0.D	0	0.0055554	4.27211	0.46796	11	AAGAGGGAAGG	GGGTGGGCAGGGGTGGGCGG	+
99-AAGAGGGAAGG	SPI1_HUMAN.H11MO.0.A	3	0.00588605	4.52637	0.46796	11	AAGAGGGAAGG	AAAAAGAGGAAGTGAAA	+
99-AAGAGGGAAGG	TFDP1_HUMAN.H11MO.0.C	3	0.005999	4.61323	0.46796	11	AAGAGGGAAGG	GGGGGGCGGGAAAA	+
99-AAGAGGGAAGG	ETV7_HUMAN.H11MO.0.D	-3	0.0061592	4.73642	0.46796	7	AAGAGGGAAGG	CAGGAAG	+
99-AAGAGGGAAGG	ZN768_HUMAN.H11MO.0.C	8	0.00617693	4.75006	0.46796	11	AAGAGGGAAGG	GAGGCTCAGAGAGGTTAAGT	+
99-AAGAGGGAAGG	ZNF41_HUMAN.H11MO.1.C	1	0.00633651	4.87278	0.46796	11	AAGAGGGAAGG	CACAAGGGAGAA	+
99-AAGAGGGAAGG	E2F3_HUMAN.H11MO.0.A	1	0.00687428	5.28632	0.46796	10	AAGAGGGAAGG	AGGGCGGGAAA	+
99-AAGAGGGAAGG	ZN148_HUMAN.H11MO.0.D	3	0.00711751	5.47337	0.46796	11	AAGAGGGAAGG	GGGGTGGGGGAGGGG	+
99-AAGAGGGAAGG	MZF1_HUMAN.H11MO.0.B	0	0.00736373	5.6627	0.46796	11	AAGAGGGAAGG	GGAGGGGATTGGG	+
99-AAGAGGGAAGG	SPIB_HUMAN.H11MO.0.A	3	0.00762679	5.865	0.46796	11	AAGAGGGAAGG	AAAAAGAGGAAGTGAAA	+
99-AAGAGGGAAGG	ZN586_HUMAN.H11MO.0.C	6	0.00802419	6.1706	0.46796	11	AAGAGGGAAGG	AGGCCTAGGAGGAAAAAATG	+
99-AAGAGGGAAGG	ELF3_HUMAN.H11MO.0.A	1	0.0081469	6.26497	0.46796	11	AAGAGGGAAGG	GAACCAGGAAGTGG	+
99-AAGAGGGAAGG	SALL4_HUMAN.H11MO.0.B	-1	0.00855634	6.57983	0.46796	10	AAGAGGGAAGG	GGAGGGTGGG	+
99-AAGAGGGAAGG	ETV4_HUMAN.H11MO.0.B	0	0.0088767	6.82618	0.46796	11	AAGAGGGAAGG	AACAGGAAGGG	+
99-AAGAGGGAAGG	VEZF1_HUMAN.H11MO.0.C	4	0.00897086	6.89859	0.46796	11	AAGAGGGAAGG	GGGGAGGGGGGAGGGGGAGGGG	+
99-AAGAGGGAAGG	E2F4_HUMAN.H11MO.0.A	2	0.00900678	6.92622	0.46796	11	AAGAGGGAAGG	GGGGGCGGGAAAT	+
99-AAGAGGGAAGG	ZBT17_HUMAN.H11MO.0.A	4	0.00995161	7.65279	0.481793	11	AAGAGGGAAGG	GAGGGTGGGGGAGGGGAAG	+
99-AAGAGGGAAGG	ETV5_HUMAN.H11MO.0.C	1	0.00995398	7.65461	0.481793	11	AAGAGGGAAGG	GAGCAGGAAGTGAG	+
99-AAGAGGGAAGG	ELF2_HUMAN.H11MO.0.C	0	0.0104554	8.0402	0.481793	11	AAGAGGGAAGG	AACCCGGAAGTGG	+
99-AAGAGGGAAGG	FLI1_HUMAN.H11MO.1.A	0	0.0109843	8.44692	0.481793	11	AAGAGGGAAGG	AGGCAGGAAGTGG	+
99-AAGAGGGAAGG	ZN219_HUMAN.H11MO.0.D	0	0.0110235	8.47706	0.481793	11	AAGAGGGAAGG	GAGGGGGGCGGA	+
99-AAGAGGGAAGG	EHF_HUMAN.H11MO.0.B	1	0.0111916	8.60633	0.481793	11	AAGAGGGAAGG	GAACCAGGAAGTGGC	+
99-AAGAGGGAAGG	ETV6_HUMAN.H11MO.0.D	-1	0.0123751	9.51642	0.49277	9	AAGAGGGAAGG	ACAGGAAGT	+
99-AAGAGGGAAGG	E2F7_HUMAN.H11MO.0.B	1	0.012723	9.78396	0.49277	11	AAGAGGGAAGG	GGGGCGGGAAAGG	+
99-AAGAGGGAAGG	TYY1_HUMAN.H11MO.0.A	1	0.0127715	9.82129	0.49277	11	AAGAGGGAAGG	CAAGATGGCGGC	+
99-AAGAGGGAAGG	ZBT48_HUMAN.H11MO.0.C	-1	0.0127715	9.82129	0.49277	10	AAGAGGGAAGG	TTAGGGACCGTG	+
99-AAGAGGGAAGG	WT1_HUMAN.H11MO.1.B	-2	0.0132343	10.1772	0.49277	9	AAGAGGGAAGG	GTGGGAGGAGG	+
99-AAGAGGGAAGG	E2F8_HUMAN.H11MO.0.D	2	0.0134088	10.3114	0.49277	10	AAGAGGGAAGG	TTTGGCGGGAAA	+
101-ATMTGAATATMT	P5F1B_HUMAN.H11MO.0.D	2	0.000254619	0.195802	0.391525	12	ATCTGAATATCT	TAATTTGCATATTCAT	+
101-ATMTGAATATMT	PIT1_HUMAN.H11MO.0.C	1	0.000661684	0.508835	0.425156	12	ATCTGAATATCT	CTCATGAATATAT	+
101-ATMTGAATATMT	PO2F2_HUMAN.H11MO.0.A	1	0.000829471	0.637863	0.425156	10	ATCTGAATATCT	CATTTGCATAT	-
101-ATMTGAATATMT	PO3F4_HUMAN.H11MO.0.D	2	0.00163807	1.25968	0.489138	12	ATCTGAATATCT	TAATTTGCATAATTTAT	+
101-ATMTGAATATMT	FOXB1_HUMAN.H11MO.0.D	3	0.00163807	1.25968	0.489138	12	ATCTGAATATCT	GTTATGTAAATATTGAC	-
105-AAAGGAAAAGC	ZN341_HUMAN.H11MO.1.C	-3	9.10655e-05	0.0700293	0.117255	8	AAAGGAAAAGC	GGAACAGCC	+
105-AAAGGAAAAGC	NFAC2_HUMAN.H11MO.0.B	-2	0.000227492	0.174941	0.117255	9	AAAGGAAAAGC	TGGAAAATT	+
105-AAAGGAAAAGC	NFAC1_HUMAN.H11MO.1.B	0	0.00023124	0.177823	0.117255	10	AAAGGAAAAGC	AATGGAAAAT	+
105-AAAGGAAAAGC	ZN708_HUMAN.H11MO.1.D	-2	0.000341178	0.262366	0.129751	9	AAAGGAAAAGC	AGGTACAGC	+
105-AAAGGAAAAGC	NFAC4_HUMAN.H11MO.0.C	-2	0.000433566	0.333412	0.131909	9	AAAGGAAAAGC	AGGAAAATTT	+
105-AAAGGAAAAGC	PRDM6_HUMAN.H11MO.0.C	1	0.00059036	0.453987	0.140952	11	AAAGGAAAAGC	AAAAAGAAAAAAA	+
105-AAAGGAAAAGC	NFAC3_HUMAN.H11MO.0.B	-2	0.000699006	0.537536	0.140952	9	AAAGGAAAAGC	TGGAAAACT	+
105-AAAGGAAAAGC	PRDM1_HUMAN.H11MO.0.A	1	0.000741264	0.570032	0.140952	11	AAAGGAAAAGC	GAAAGTGAAAGTGA	+
105-AAAGGAAAAGC	IRF5_HUMAN.H11MO.0.D	1	0.000931033	0.715964	0.149266	11	AAAGGAAAAGC	TAAAGGAAAGCCAAAAGTGA	+
105-AAAGGAAAAGC	NFAT5_HUMAN.H11MO.0.D	0	0.000981232	0.754568	0.149266	11	AAAGGAAAAGC	AGAGGAAAAGG	+
105-AAAGGAAAAGC	ETV7_HUMAN.H11MO.0.D	-1	0.00161346	1.24075	0.223128	7	AAAGGAAAAGC	CAGGAAG	+
105-AAAGGAAAAGC	ZN394_HUMAN.H11MO.1.D	1	0.00187621	1.4428	0.237843	8	AAAGGAAAAGC	GAATGGAAT	+
105-AAAGGAAAAGC	IRF2_HUMAN.H11MO.0.A	7	0.00217273	1.67083	0.254245	11	AAAGGAAAAGC	GAAAGTGAAAGTGAAAGTAA	+
105-AAAGGAAAAGC	MYNN_HUMAN.H11MO.0.D	4	0.00286944	2.2066	0.302172	11	AAAGGAAAAGC	TTTCAAAATAAAAGTCC	-
105-AAAGGAAAAGC	STAT2_HUMAN.H11MO.0.A	4	0.00304997	2.34543	0.302172	11	AAAGGAAAAGC	AGGAAAATGAAACTGAAAG	+
105-AAAGGAAAAGC	IRF1_HUMAN.H11MO.0.A	7	0.00317823	2.44406	0.302172	11	AAAGGAAAAGC	GAAAATGAAAGTGAAAGTAA	+
105-AAAGGAAAAGC	ZN708_HUMAN.H11MO.0.C	9	0.00353694	2.71991	0.316496	11	AAAGGAAAAGC	GCCTAATAAGCAGGTACAGC	+
105-AAAGGAAAAGC	ZN341_HUMAN.H11MO.0.C	11	0.00440282	3.38577	0.349807	11	AAAGGAAAAGC	GGGGGGGGGGGGAGGGAAGAGC	+
105-AAAGGAAAAGC	STAT1_HUMAN.H11MO.1.A	4	0.00465373	3.57872	0.349807	11	AAAGGAAAAGC	AAGAAAATGAAACTGAAAG	+
105-AAAGGAAAAGC	ETV6_HUMAN.H11MO.0.D	0	0.00472682	3.63493	0.349807	9	AAAGGAAAAGC	ACAGGAAGT	+
105-AAAGGAAAAGC	IRF7_HUMAN.H11MO.0.C	1	0.00507635	3.90372	0.349807	9	AAAGGAAAAGC	GAAAGTGAAA	+
105-AAAGGAAAAGC	FLI1_HUMAN.H11MO.1.A	2	0.00537759	4.13537	0.349807	11	AAAGGAAAAGC	AGGCAGGAAGTGG	+
105-AAAGGAAAAGC	IRF3_HUMAN.H11MO.0.B	7	0.00538393	4.14024	0.349807	11	AAAGGAAAAGC	GAAAGGGAAAGGGAAAGTGA	+
105-AAAGGAAAAGC	NFAC1_HUMAN.H11MO.0.B	-1	0.00551887	4.24401	0.349807	10	AAAGGAAAAGC	ATGGAAAAAAAGAAA	+
105-AAAGGAAAAGC	IRF9_HUMAN.H11MO.0.C	1	0.00621824	4.78183	0.370667	11	AAAGGAAAAGC	GAAAGCGAAACT	+
105-AAAGGAAAAGC	ETV4_HUMAN.H11MO.0.B	1	0.0063353	4.87184	0.370667	10	AAAGGAAAAGC	AACAGGAAGGG	+
105-AAAGGAAAAGC	ETS2_HUMAN.H11MO.0.B	1	0.00689969	5.30586	0.376947	11	AAAGGAAAAGC	GGAAGGAAGAGGA	+
105-AAAGGAAAAGC	ETV5_HUMAN.H11MO.0.C	2	0.00693824	5.3355	0.376947	11	AAAGGAAAAGC	GAGCAGGAAGTGAG	+
105-AAAGGAAAAGC	ERG_HUMAN.H11MO.0.A	2	0.00761391	5.8551	0.399392	11	AAAGGAAAAGC	GGGCAGGAAGTGG	+
105-AAAGGAAAAGC	ETV2_HUMAN.H11MO.0.B	4	0.00904774	6.95771	0.452166	11	AAAGGAAAAGC	GGAAACAGGAAGTGGG	+
105-AAAGGAAAAGC	ELK3_HUMAN.H11MO.0.D	1	0.00921447	7.08592	0.452166	11	AAAGGAAAAGC	CCCAGGAAGTGC	+
105-AAAGGAAAAGC	NR1H2_HUMAN.H11MO.0.D	8	0.00995212	7.65318	0.473103	11	AAAGGAAAAGC	TAAAGGTCAAAGGTCAACG	+
106-AGTCCACACT	FOXH1_HUMAN.H11MO.0.A	1	0.00050615	0.389229	0.404468	8	AGTCCACACT	CAATCCACA	-
106-AGTCCACACT	ZNF18_HUMAN.H11MO.0.C	2	0.00062121	0.47771	0.404468	10	AGTCCACACT	CCAGTTCACACC	-
106-AGTCCACACT	ZSCA4_HUMAN.H11MO.0.D	0	0.00078895	0.606702	0.404468	10	AGTCCACACT	AGTGCACACACT	-
108-ACAATGGAC	ZNF8_HUMAN.H11MO.0.C	14	5.10962e-05	0.0392929	0.0784673	8	ACAATGGAC	TGTGGTATATCCATACAATGGA	+
108-ACAATGGAC	SOX17_HUMAN.H11MO.0.C	3	0.00033588	0.258291	0.191262	8	ACAATGGAC	AAAACAATGGC	-
108-ACAATGGAC	REST_HUMAN.H11MO.0.A	6	0.000373637	0.287326	0.191262	9	ACAATGGAC	TTCAGCACCATGGACAGCGCCC	+
108-ACAATGGAC	SOX15_HUMAN.H11MO.0.D	1	0.000641824	0.493562	0.246409	6	ACAATGGAC	AACAATG	-
108-ACAATGGAC	SOX3_HUMAN.H11MO.0.B	3	0.00156159	1.20086	0.433691	8	ACAATGGAC	GGGACAAAGGC	-
108-ACAATGGAC	SOX5_HUMAN.H11MO.0.C	2	0.001869	1.43726	0.433691	6	ACAATGGAC	TAACAATA	-
108-ACAATGGAC	SOX10_HUMAN.H11MO.0.B	1	0.00197687	1.52021	0.433691	9	ACAATGGAC	AACAATGCCTCCTTTG	-
108-ACAATGGAC	SOX2_HUMAN.H11MO.0.A	4	0.0025344	1.94896	0.486503	9	ACAATGGAC	GAGAACAAAGGGA	-
108-ACAATGGAC	SOX9_HUMAN.H11MO.0.B	2	0.00285274	2.19376	0.486766	9	ACAATGGAC	GAACAAAGGCCCCTTT	-
110-AAGGAAGCCC	ZN436_HUMAN.H11MO.0.C	7	7.11762e-05	0.0547345	0.109161	10	AAGGAAGCCC	CCTCCTCCAGGAAGCCTTCCCTGA	-
110-AAGGAAGCCC	ETV7_HUMAN.H11MO.0.D	0	0.000282925	0.217569	0.216956	7	AAGGAAGCCC	CAGGAAG	+
110-AAGGAAGCCC	ZN528_HUMAN.H11MO.0.C	3	0.000440601	0.338822	0.225245	10	AAGGAAGCCC	CCCAGGGAAGCCATTTCTGA	+
110-AAGGAAGCCC	FLI1_HUMAN.H11MO.1.A	3	0.00112228	0.863034	0.430302	10	AAGGAAGCCC	AGGCAGGAAGTGG	+
111-ATTGCATGG	ZNF8_HUMAN.H11MO.0.C	3	0.000128292	0.0986569	0.196887	9	ATTGCATGG	TCCATTGTATGGATATACCACA	-
113-ACCTCCCCCTTTTC	ZN281_HUMAN.H11MO.0.A	2	0.000197733	0.152057	0.135373	13	ACCTCCCCCTTTTC	TCCCCTCCCCCACCC	-
113-ACCTCCCCCTTTTC	VEZF1_HUMAN.H11MO.0.C	7	0.00032365	0.248887	0.135373	14	ACCTCCCCCTTTTC	CCCCTCCCCCTCCCCCCTCCCC	-
113-ACCTCCCCCTTTTC	ZN148_HUMAN.H11MO.0.D	1	0.00034598	0.266058	0.135373	14	ACCTCCCCCTTTTC	CCCCTCCCCCACCCC	-
113-ACCTCCCCCTTTTC	ZN816_HUMAN.H11MO.0.C	6	0.00045097	0.346796	0.135373	14	ACCTCCCCCTTTTC	CCCTGCATGTCCCCCTTTTTT	-
113-ACCTCCCCCTTTTC	ZSC22_HUMAN.H11MO.0.C	-1	0.00051078	0.39279	0.135373	13	ACCTCCCCCTTTTC	CCTCCTCCCTCAGACC	-
113-ACCTCCCCCTTTTC	KLF15_HUMAN.H11MO.0.A	-1	0.000540023	0.415278	0.135373	13	ACCTCCCCCTTTTC	CCCCCCCCTGCTCCTCCCC	-
113-ACCTCCCCCTTTTC	EGR2_HUMAN.H11MO.0.A	1	0.000796088	0.612192	0.145296	14	ACCTCCCCCTTTTC	CCCCTCCCACACCCCCCC	-
113-ACCTCCCCCTTTTC	WT1_HUMAN.H11MO.0.C	7	0.000829661	0.638009	0.145296	13	ACCTCCCCCTTTTC	CCCCCCCTCCTCCCCCGCCC	-
113-ACCTCCCCCTTTTC	TAF1_HUMAN.H11MO.0.A	2	0.00086941	0.668576	0.145296	14	ACCTCCCCCTTTTC	CCGCCGCCGCCATCTT	-
113-ACCTCCCCCTTTTC	ZN219_HUMAN.H11MO.0.D	0	0.00113978	0.876488	0.15897	12	ACCTCCCCCTTTTC	TCCGCCCCCCTC	-
113-ACCTCCCCCTTTTC	ZIC1_HUMAN.H11MO.0.B	1	0.00116261	0.89405	0.15897	8	ACCTCCCCCTTTTC	GACCACCCC	-
113-ACCTCCCCCTTTTC	ZBT17_HUMAN.H11MO.0.A	4	0.00130729	1.0053	0.163473	14	ACCTCCCCCTTTTC	CTTCCCCTCCCCCACCCTC	-
113-ACCTCCCCCTTTTC	SPI1_HUMAN.H11MO.0.A	4	0.0015046	1.15704	0.163473	13	ACCTCCCCCTTTTC	TTTCACTTCCTCTTTTT	-
113-ACCTCCCCCTTTTC	WT1_HUMAN.H11MO.1.B	2	0.0015893	1.22217	0.163473	9	ACCTCCCCCTTTTC	CCTCCTCCCAC	-
113-ACCTCCCCCTTTTC	EGR2_HUMAN.H11MO.1.A	2	0.00163029	1.2537	0.163473	14	ACCTCCCCCTTTTC	CCCCCGCCCACGCCCC	-
113-ACCTCCCCCTTTTC	GLIS3_HUMAN.H11MO.0.D	1	0.00176726	1.35902	0.166132	9	ACCTCCCCCTTTTC	TACCCCCCAC	-
113-ACCTCCCCCTTTTC	SPIB_HUMAN.H11MO.0.A	4	0.00188328	1.44824	0.166624	13	ACCTCCCCCTTTTC	TTTCACTTCCTCTTTTT	-
113-ACCTCCCCCTTTTC	ZN784_HUMAN.H11MO.0.D	2	0.00204962	1.57616	0.171267	9	ACCTCCCCCTTTTC	GTACCTACCTC	-
113-ACCTCCCCCTTTTC	SP4_HUMAN.H11MO.0.A	6	0.00246537	1.89587	0.195164	14	ACCTCCCCCTTTTC	CCCGGCCCCGCCCCCTTCCC	-
113-ACCTCCCCCTTTTC	MAZ_HUMAN.H11MO.1.A	2	0.00263188	2.02392	0.197928	9	ACCTCCCCCTTTTC	CCCCCTCCCTC	-
113-ACCTCCCCCTTTTC	ZN263_HUMAN.H11MO.1.A	-1	0.00279978	2.15303	0.200529	11	ACCTCCCCCTTTTC	CCTCCTCCCTC	-
113-ACCTCCCCCTTTTC	KLF4_HUMAN.H11MO.0.A	0	0.00299145	2.30042	0.202831	10	ACCTCCCCCTTTTC	GCCACACCCT	-
113-ACCTCCCCCTTTTC	SP2_HUMAN.H11MO.1.B	2	0.00318047	2.44578	0.202831	10	ACCTCCCCCTTTTC	GCCCCGCCCCCT	-
113-ACCTCCCCCTTTTC	SP4_HUMAN.H11MO.1.A	4	0.00332808	2.55929	0.202831	12	ACCTCCCCCTTTTC	CGGCCCCGCCCCCTCC	-
113-ACCTCCCCCTTTTC	VEZF1_HUMAN.H11MO.1.C	2	0.00337134	2.59256	0.202831	10	ACCTCCCCCTTTTC	CCCCCTCCCTCT	-
113-ACCTCCCCCTTTTC	KLF13_HUMAN.H11MO.0.D	0	0.00403531	3.10315	0.229286	11	ACCTCCCCCTTTTC	CACGCCCCCCT	-
113-ACCTCCCCCTTTTC	SALL4_HUMAN.H11MO.0.B	0	0.00411596	3.16517	0.229286	10	ACCTCCCCCTTTTC	CCCACCCTCC	-
113-ACCTCCCCCTTTTC	EGR1_HUMAN.H11MO.0.A	2	0.00448515	3.44908	0.2396	14	ACCTCCCCCTTTTC	CCCCCGCCCACGCCCTC	-
113-ACCTCCCCCTTTTC	PATZ1_HUMAN.H11MO.1.C	-1	0.0046197	3.55255	0.2396	9	ACCTCCCCCTTTTC	CCCCTCCCT	-
113-ACCTCCCCCTTTTC	MAZ_HUMAN.H11MO.0.A	7	0.00523583	4.02635	0.251992	14	ACCTCCCCCTTTTC	CCCCCCCCCCCCCCCCTCCCCC	-
113-ACCTCCCCCTTTTC	ZN740_HUMAN.H11MO.0.D	3	0.00537574	4.13394	0.251992	11	ACCTCCCCCTTTTC	CCCACCCCCCCCCC	-
113-ACCTCCCCCTTTTC	TBX15_HUMAN.H11MO.0.D	5	0.00544615	4.18809	0.251992	14	ACCTCCCCCTTTTC	CCCCCACCCCCCCCCCCCC	-
113-ACCTCCCCCTTTTC	ZIC4_HUMAN.H11MO.0.D	1	0.00552878	4.25163	0.251992	14	ACCTCCCCCTTTTC	GACCCCCCGCTGTGC	-
113-ACCTCCCCCTTTTC	SPIC_HUMAN.H11MO.0.D	-2	0.00619898	4.76702	0.266394	12	ACCTCCCCCTTTTC	CCTCCCCTTCCTC	-
113-ACCTCCCCCTTTTC	GLIS1_HUMAN.H11MO.0.D	2	0.00619898	4.76702	0.266394	11	ACCTCCCCCTTTTC	AGACCCCCCACGA	-
113-ACCTCCCCCTTTTC	SP3_HUMAN.H11MO.0.B	7	0.00682486	5.24831	0.278951	13	ACCTCCCCCTTTTC	CCCCGGCCCCGCCCCCCCCC	-
113-ACCTCCCCCTTTTC	TYY2_HUMAN.H11MO.0.D	-3	0.00686213	5.27698	0.278951	11	ACCTCCCCCTTTTC	GCCGCCATTTT	-
113-ACCTCCCCCTTTTC	ZN816_HUMAN.H11MO.1.C	3	0.00734895	5.65134	0.290879	11	ACCTCCCCCTTTTC	TGCATGTCCCCCTT	-
113-ACCTCCCCCTTTTC	ZN263_HUMAN.H11MO.0.A	1	0.00756659	5.81871	0.291815	14	ACCTCCCCCTTTTC	CTCCTCCTCTCCCTCCTCCC	-
113-ACCTCCCCCTTTTC	SP2_HUMAN.H11MO.0.A	8	0.00882292	6.78483	0.33176	14	ACCTCCCCCTTTTC	CCCCCGGCCCCGCCCCCCCCCC	-
113-ACCTCCCCCTTTTC	KLF6_HUMAN.H11MO.0.A	5	0.00958238	7.36885	0.351387	14	ACCTCCCCCTTTTC	CCCCCGGCCCCGCCCTTCC	-
113-ACCTCCCCCTTTTC	KLF3_HUMAN.H11MO.0.B	4	0.0100761	7.74854	0.351387	14	ACCTCCCCCTTTTC	CCCGGCCCCGCCCCTCCCC	-
113-ACCTCCCCCTTTTC	RXRA_HUMAN.H11MO.0.A	5	0.0102648	7.89361	0.351387	14	ACCTCCCCCTTTTC	CTCTGACCTCTGCCTCCCCC	-
113-ACCTCCCCCTTTTC	ZN467_HUMAN.H11MO.0.C	2	0.0102794	7.90484	0.351387	14	ACCTCCCCCTTTTC	CCCCCCCCCCCCTCCCCTCCCC	-
113-ACCTCCCCCTTTTC	GLIS2_HUMAN.H11MO.0.D	1	0.0116049	8.92417	0.377433	13	ACCTCCCCCTTTTC	GACCCCCCGCGAAG	-
113-ACCTCCCCCTTTTC	E2F6_HUMAN.H11MO.0.A	1	0.0116294	8.94299	0.377433	12	ACCTCCCCCTTTTC	CCCTTCCCGCCCC	-
113-ACCTCCCCCTTTTC	TBX1_HUMAN.H11MO.0.D	2	0.0119252	9.1705	0.377433	14	ACCTCCCCCTTTTC	CCGCCCACCCCTGCCCACCC	-
113-ACCTCCCCCTTTTC	ZNF41_HUMAN.H11MO.1.C	-2	0.0121106	9.31302	0.377433	12	ACCTCCCCCTTTTC	TTCTCCCTTGTG	-
113-ACCTCCCCCTTTTC	ZN713_HUMAN.H11MO.0.D	2	0.012296	9.45565	0.377433	14	ACCTCCCCCTTTTC	TTTCATGTCTTTTTTCTAT	-
113-ACCTCCCCCTTTTC	KLF9_HUMAN.H11MO.0.C	1	0.0130561	10.0402	0.39275	14	ACCTCCCCCTTTTC	GGCCACGCCCCCTCC	-
113-ACCTCCCCCTTTTC	KLF5_HUMAN.H11MO.0.A	4	0.0148639	11.4304	0.437135	10	ACCTCCCCCTTTTC	CCCAGCCCCACCCT	-
113-ACCTCCCCCTTTTC	ELF5_HUMAN.H11MO.0.A	2	0.0151129	11.6218	0.437135	13	ACCTCCCCCTTTTC	CCACTTCCTCCTTCC	-
113-ACCTCCCCCTTTTC	SP1_HUMAN.H11MO.1.A	4	0.0156097	12.0039	0.440213	10	ACCTCCCCCTTTTC	CGGCCCCGCCCCCC	-
113-ACCTCCCCCTTTTC	ZN708_HUMAN.H11MO.0.C	5	0.0160134	12.3143	0.440213	14	ACCTCCCCCTTTTC	GCTGTACCTGCTTATTAGGC	-
113-ACCTCCCCCTTTTC	NR0B1_HUMAN.H11MO.0.D	-1	0.016265	12.5078	0.440213	10	ACCTCCCCCTTTTC	TCTCCCACGC	-
113-ACCTCCCCCTTTTC	TFDP1_HUMAN.H11MO.0.C	0	0.01639	12.6039	0.440213	14	ACCTCCCCCTTTTC	TTTTCCCGCCCCCC	-
113-ACCTCCCCCTTTTC	FEZF1_HUMAN.H11MO.0.C	-1	0.0174642	13.43	0.452934	12	ACCTCCCCCTTTTC	GCTGCTCTTTTT	+
113-ACCTCCCCCTTTTC	PATZ1_HUMAN.H11MO.0.C	8	0.0177345	13.6378	0.452934	14	ACCTCCCCCTTTTC	CCTCCCCCCCCGCCCCCTCCCC	-
113-ACCTCCCCCTTTTC	KLF16_HUMAN.H11MO.0.D	-1	0.018147	13.955	0.452934	13	ACCTCCCCCTTTTC	CCCCCCCCCCCCCGCCCCC	-
113-ACCTCCCCCTTTTC	BC11A_HUMAN.H11MO.0.A	5	0.018286	14.0619	0.452934	12	ACCTCCCCCTTTTC	TTTTCACTTCCTCTTTT	-
113-ACCTCCCCCTTTTC	EGR3_HUMAN.H11MO.0.D	-1	0.0186705	14.3576	0.452934	11	ACCTCCCCCTTTTC	ACACCCACTCT	-
113-ACCTCCCCCTTTTC	GLI2_HUMAN.H11MO.0.D	2	0.0186705	14.3576	0.452934	9	ACCTCCCCCTTTTC	AGACCACCCAC	-
113-ACCTCCCCCTTTTC	PTF1A_HUMAN.H11MO.0.B	2	0.0192859	14.8308	0.456321	14	ACCTCCCCCTTTTC	CCAGCTGCCCCCTTTCCC	+
113-ACCTCCCCCTTTTC	RARA_HUMAN.H11MO.0.A	5	0.0194168	14.9316	0.456321	14	ACCTCCCCCTTTTC	CCTTGACCTCTTGATCCCCC	-
117-AACCCCGCCT	SP2_HUMAN.H11MO.1.B	-1	0.000489987	0.3768	0.348013	9	AACCCCGCCT	GCCCCGCCCCCT	-
117-AACCCCGCCT	SP1_HUMAN.H11MO.1.A	1	0.000624673	0.480373	0.348013	10	AACCCCGCCT	CGGCCCCGCCCCCC	-
117-AACCCCGCCT	KLF12_HUMAN.H11MO.0.C	-1	0.000751604	0.577983	0.348013	9	AACCCCGCCT	GCCCCGCCCCT	-
117-AACCCCGCCT	SP2_HUMAN.H11MO.0.A	5	0.000912669	0.701842	0.348013	10	AACCCCGCCT	CCCCCGGCCCCGCCCCCCCCCC	-
117-AACCCCGCCT	SP4_HUMAN.H11MO.1.A	1	0.00145105	1.11586	0.429749	10	AACCCCGCCT	CGGCCCCGCCCCCTCC	-
117-AACCCCGCCT	SP1_HUMAN.H11MO.0.A	9	0.00169054	1.30002	0.429749	10	AACCCCGCCT	CCCCCCCCCGGCCCCGCCCCCC	-
117-AACCCCGCCT	SP4_HUMAN.H11MO.0.A	3	0.00219376	1.687	0.435951	10	AACCCCGCCT	CCCGGCCCCGCCCCCTTCCC	-
117-AACCCCGCCT	ZN740_HUMAN.H11MO.0.D	2	0.00230077	1.76929	0.435951	10	AACCCCGCCT	CCCACCCCCCCCCC	-
117-AACCCCGCCT	E2F4_HUMAN.H11MO.0.A	1	0.00283963	2.18367	0.435951	10	AACCCCGCCT	ATTTCCCGCCCCC	-
117-AACCCCGCCT	TFDP1_HUMAN.H11MO.0.C	1	0.00340537	2.61873	0.435951	10	AACCCCGCCT	TTTTCCCGCCCCCC	-
117-AACCCCGCCT	SP3_HUMAN.H11MO.0.B	4	0.00368986	2.8375	0.435951	10	AACCCCGCCT	CCCCGGCCCCGCCCCCCCCC	-
117-AACCCCGCCT	MAZ_HUMAN.H11MO.1.A	-1	0.00415604	3.19599	0.435951	9	AACCCCGCCT	CCCCCTCCCTC	-
117-AACCCCGCCT	E2F7_HUMAN.H11MO.0.B	2	0.00417225	3.20846	0.435951	10	AACCCCGCCT	CCTTTCCCGCCCC	-
117-AACCCCGCCT	ZN770_HUMAN.H11MO.1.C	-2	0.00438622	3.373	0.435951	8	AACCCCGCCT	CTCAGCCTCCC	-
117-AACCCCGCCT	CENPB_HUMAN.H11MO.0.D	-1	0.00510067	3.92242	0.435951	9	AACCCCGCCT	AACCCGCATCGTACGAA	-
117-AACCCCGCCT	EGR4_HUMAN.H11MO.0.D	-1	0.00514983	3.96022	0.435951	9	AACCCCGCCT	GCCCTGCCGCC	-
117-AACCCCGCCT	ZN331_HUMAN.H11MO.0.C	11	0.00516461	3.97158	0.435951	9	AACCCCGCCT	CCACCCAGCTGAGCCCAGCC	-
117-AACCCCGCCT	KLF3_HUMAN.H11MO.0.B	3	0.0052866	4.0654	0.435951	10	AACCCCGCCT	CCCGGCCCCGCCCCTCCCC	-
117-AACCCCGCCT	GCM2_HUMAN.H11MO.0.D	0	0.00543062	4.17615	0.435951	10	AACCCCGCCT	ATACCCGCATC	-
117-AACCCCGCCT	KLF4_HUMAN.H11MO.0.A	-1	0.0061247	4.7099	0.467086	9	AACCCCGCCT	GCCACACCCT	-
119-CACAGAGCCAA	ZN554_HUMAN.H11MO.1.D	-1	5.31207e-05	0.0408498	0.0816997	9	CACAGAGCCAA	GCAGAGCCA	+
121-AAAAACAACCA	FOXJ3_HUMAN.H11MO.0.A	1	0.000325128	0.250023	0.256756	11	AAAAACAACCA	AAAAAATAAACAA	-
121-AAAAACAACCA	FOXL1_HUMAN.H11MO.0.D	8	0.000334607	0.257313	0.256756	11	AAAAACAACCA	AAAAGTAAACAAACAAACA	-
121-AAAAACAACCA	FUBP1_HUMAN.H11MO.0.D	1	0.0010527	0.80953	0.425133	11	AAAAACAACCA	AAAAAAACACAA	-
121-AAAAACAACCA	FOXO4_HUMAN.H11MO.0.C	1	0.00110807	0.852109	0.425133	8	AAAAACAACCA	AATAAACAA	-
121-AAAAACAACCA	FOXQ1_HUMAN.H11MO.0.C	2	0.0018379	1.41335	0.46427	10	AAAAACAACCA	AAATAAACAATT	-
121-AAAAACAACCA	FOXJ2_HUMAN.H11MO.0.C	-1	0.00185531	1.42673	0.46427	10	AAAAACAACCA	TAAATAAACA	-
121-AAAAACAACCA	FOXJ3_HUMAN.H11MO.1.B	2	0.00241668	1.85843	0.46427	11	AAAAACAACCA	TAAACAAAAACAA	-
121-AAAAACAACCA	SRY_HUMAN.H11MO.0.B	-1	0.00260339	2.002	0.46427	9	AAAAACAACCA	AAAACAAAA	-
121-AAAAACAACCA	FOXF1_HUMAN.H11MO.0.D	-1	0.00272269	2.09375	0.46427	10	AAAAACAACCA	AAAATAAACAT	-
125-AGGGACCTGA	ZBT48_HUMAN.H11MO.0.C	2	0.000844485	0.649409	0.459165	10	AGGGACCTGA	TTAGGGACCGTG	+
125-AGGGACCTGA	RXRB_HUMAN.H11MO.0.C	0	0.000896994	0.689788	0.459165	10	AGGGACCTGA	TGTGACCTCA	-
125-AGGGACCTGA	THA_HUMAN.H11MO.1.D	-1	0.000896994	0.689788	0.459165	9	AGGGACCTGA	CTGACCTGAA	-
127-AACAGGAGGGA	SCRT1_HUMAN.H11MO.0.D	2	0.000164632	0.126602	0.249805	11	AACAGGAGGGA	GCAACAGGTGGTT	+
128-AGCTGGAAGCC	ZIC3_HUMAN.H11MO.0.B	4	0.000830667	0.638783	0.437499	11	AGCTGGAAGCC	TCACAGCAGGGGGCC	-
128-AGCTGGAAGCC	ETV1_HUMAN.H11MO.0.A	0	0.00124489	0.957319	0.437499	11	AGCTGGAAGCC	GGCCGGAAGTG	+
128-AGCTGGAAGCC	HSF1_HUMAN.H11MO.1.A	0	0.00205646	1.58142	0.437499	9	AGCTGGAAGCC	TTCTGGAAA	+
128-AGCTGGAAGCC	ZN436_HUMAN.H11MO.0.C	5	0.00209406	1.61033	0.437499	11	AGCTGGAAGCC	CCTCCTCCAGGAAGCCTTCCCTGA	-
128-AGCTGGAAGCC	ELF2_HUMAN.H11MO.0.C	1	0.00237983	1.83009	0.437499	11	AGCTGGAAGCC	AACCCGGAAGTGG	+
128-AGCTGGAAGCC	ZIC2_HUMAN.H11MO.0.D	4	0.00269009	2.06868	0.437499	11	AGCTGGAAGCC	TCACAGCAGGGGGCC	-
128-AGCTGGAAGCC	ETV7_HUMAN.H11MO.0.D	-2	0.0033233	2.55562	0.437499	7	AGCTGGAAGCC	CAGGAAG	+
128-AGCTGGAAGCC	ELF5_HUMAN.H11MO.0.A	3	0.00370408	2.84844	0.437499	11	AGCTGGAAGCC	GGAAGGAGGAAGTGG	+
128-AGCTGGAAGCC	FLI1_HUMAN.H11MO.1.A	1	0.00403962	3.10647	0.437499	11	AGCTGGAAGCC	AGGCAGGAAGTGG	+
128-AGCTGGAAGCC	PTF1A_HUMAN.H11MO.1.B	3	0.00439634	3.38078	0.437499	6	AGCTGGAAGCC	AGCAGCTGG	+
128-AGCTGGAAGCC	ELF1_HUMAN.H11MO.0.A	2	0.00448651	3.45013	0.437499	11	AGCTGGAAGCC	GAACCCGGAAGTGG	+
128-AGCTGGAAGCC	ERG_HUMAN.H11MO.0.A	1	0.00471758	3.62782	0.437499	11	AGCTGGAAGCC	GGGCAGGAAGTGG	+
128-AGCTGGAAGCC	FEV_HUMAN.H11MO.0.B	-1	0.00474288	3.64728	0.437499	10	AGCTGGAAGCC	GCGGGAAGCG	+
128-AGCTGGAAGCC	ZN528_HUMAN.H11MO.0.C	1	0.00487759	3.75087	0.437499	11	AGCTGGAAGCC	CCCAGGGAAGCCATTTCTGA	+
128-AGCTGGAAGCC	HEN1_HUMAN.H11MO.0.C	8	0.00487759	3.75087	0.437499	11	AGCTGGAAGCC	AGGGACGCAGCTGCTCCCCA	-
128-AGCTGGAAGCC	ELK4_HUMAN.H11MO.0.A	0	0.00496049	3.81462	0.437499	11	AGCTGGAAGCC	GACCGGAAGTGG	+
128-AGCTGGAAGCC	SMAD4_HUMAN.H11MO.0.B	0	0.005227	4.01956	0.437499	11	AGCTGGAAGCC	AGGTGCCAGACAG	-
128-AGCTGGAAGCC	ETV4_HUMAN.H11MO.0.B	0	0.00533956	4.10612	0.437499	11	AGCTGGAAGCC	AACAGGAAGGG	+
128-AGCTGGAAGCC	ELK3_HUMAN.H11MO.0.D	0	0.00549469	4.22542	0.437499	11	AGCTGGAAGCC	CCCAGGAAGTGC	+
128-AGCTGGAAGCC	TFAP4_HUMAN.H11MO.0.A	4	0.00687754	5.28883	0.452111	6	AGCTGGAAGCC	AAACAGCTGG	-
128-AGCTGGAAGCC	BHA15_HUMAN.H11MO.0.B	5	0.00725113	5.57612	0.452111	6	AGCTGGAAGCC	GCAGCAGCTGG	+
128-AGCTGGAAGCC	GABPA_HUMAN.H11MO.0.A	2	0.00746243	5.73861	0.452111	11	AGCTGGAAGCC	GGAACCGGAAGTGG	+
128-AGCTGGAAGCC	SMAD2_HUMAN.H11MO.0.A	0	0.00781619	6.01065	0.452111	11	AGCTGGAAGCC	AGGTGACAGACA	-
128-AGCTGGAAGCC	EHF_HUMAN.H11MO.0.B	2	0.00799803	6.15049	0.452111	11	AGCTGGAAGCC	GAACCAGGAAGTGGC	+
128-AGCTGGAAGCC	ELK1_HUMAN.H11MO.0.B	-1	0.00801845	6.16619	0.452111	10	AGCTGGAAGCC	ACCGGAAGTGG	+
128-AGCTGGAAGCC	E2F3_HUMAN.H11MO.0.A	2	0.00801845	6.16619	0.452111	9	AGCTGGAAGCC	AGGGCGGGAAA	+
128-AGCTGGAAGCC	ETV6_HUMAN.H11MO.0.D	-1	0.00809192	6.22269	0.452111	9	AGCTGGAAGCC	ACAGGAAGT	+
128-AGCTGGAAGCC	ETV2_HUMAN.H11MO.0.B	3	0.00836789	6.43491	0.452111	11	AGCTGGAAGCC	GGAAACAGGAAGTGGG	+
128-AGCTGGAAGCC	ZN418_HUMAN.H11MO.0.C	6	0.00903727	6.94966	0.47144	11	AGCTGGAAGCC	GGAAGAGGCTAAAAGCA	-
129-CCTGCCCCCAA	EGR4_HUMAN.H11MO.0.D	2	9.01964e-05	0.069361	0.108874	9	CCTGCCCCCAA	GCCCTGCCGCC	-
129-CCTGCCCCCAA	ZN281_HUMAN.H11MO.0.A	2	0.000190921	0.146818	0.108874	11	CCTGCCCCCAA	TCCCCTCCCCCACCC	-
129-CCTGCCCCCAA	ZN148_HUMAN.H11MO.0.D	1	0.000216569	0.166541	0.108874	11	CCTGCCCCCAA	CCCCTCCCCCACCCC	-
129-CCTGCCCCCAA	SP1_HUMAN.H11MO.1.A	4	0.00029387	0.225986	0.110801	10	CCTGCCCCCAA	CGGCCCCGCCCCCC	-
129-CCTGCCCCCAA	SP1_HUMAN.H11MO.0.A	12	0.000452812	0.348212	0.136583	10	CCTGCCCCCAA	CCCCCCCCCGGCCCCGCCCCCC	-
129-CCTGCCCCCAA	SP2_HUMAN.H11MO.1.B	2	0.000965174	0.742219	0.212957	10	CCTGCCCCCAA	GCCCCGCCCCCT	-
129-CCTGCCCCCAA	ZN219_HUMAN.H11MO.0.D	1	0.00108093	0.831238	0.212957	11	CCTGCCCCCAA	TCCGCCCCCCTC	-
129-CCTGCCCCCAA	TBX1_HUMAN.H11MO.0.D	9	0.00112962	0.86868	0.212957	11	CCTGCCCCCAA	CCGCCCACCCCTGCCCACCC	-
129-CCTGCCCCCAA	SP2_HUMAN.H11MO.0.A	8	0.00159104	1.22351	0.266616	11	CCTGCCCCCAA	CCCCCGGCCCCGCCCCCCCCCC	-
129-CCTGCCCCCAA	KLF12_HUMAN.H11MO.0.C	2	0.00180735	1.38985	0.272578	9	CCTGCCCCCAA	GCCCCGCCCCT	-
129-CCTGCCCCCAA	ZN816_HUMAN.H11MO.1.C	2	0.00305786	2.3515	0.388539	11	CCTGCCCCCAA	TGCATGTCCCCCTT	-
129-CCTGCCCCCAA	INSM1_HUMAN.H11MO.0.C	-2	0.00376635	2.89633	0.388539	9	CCTGCCCCCAA	TGCCCCCTGACA	-
129-CCTGCCCCCAA	ZBT17_HUMAN.H11MO.0.A	4	0.00392808	3.02069	0.388539	11	CCTGCCCCCAA	CTTCCCCTCCCCCACCCTC	-
129-CCTGCCCCCAA	SP3_HUMAN.H11MO.0.B	7	0.00409091	3.14591	0.388539	11	CCTGCCCCCAA	CCCCGGCCCCGCCCCCCCCC	-
129-CCTGCCCCCAA	KLF14_HUMAN.H11MO.0.D	2	0.00418589	3.21895	0.388539	11	CCTGCCCCCAA	GCCACGCCCCCCT	-
129-CCTGCCCCCAA	E2F4_HUMAN.H11MO.0.A	4	0.00440812	3.38985	0.388539	9	CCTGCCCCCAA	ATTTCCCGCCCCC	-
129-CCTGCCCCCAA	KLF13_HUMAN.H11MO.0.D	0	0.00449218	3.45449	0.388539	11	CCTGCCCCCAA	CACGCCCCCCT	-
129-CCTGCCCCCAA	ZN320_HUMAN.H11MO.0.C	9	0.00480056	3.69163	0.388539	11	CCTGCCCCCAA	CACTGGCCCCCTGGTCCCAC	-
129-CCTGCCCCCAA	ASCL1_HUMAN.H11MO.0.A	5	0.00489485	3.76414	0.388539	9	CCTGCCCCCAA	CTGCACCTGCTCCC	+
129-CCTGCCCCCAA	WT1_HUMAN.H11MO.1.B	0	0.00552456	4.24839	0.39413	11	CCTGCCCCCAA	CCTCCTCCCAC	-
129-CCTGCCCCCAA	TFDP1_HUMAN.H11MO.0.C	4	0.00570697	4.38866	0.39413	10	CCTGCCCCCAA	TTTTCCCGCCCCCC	-
129-CCTGCCCCCAA	ZN770_HUMAN.H11MO.1.C	1	0.00581522	4.47191	0.39413	10	CCTGCCCCCAA	CTCAGCCTCCC	-
129-CCTGCCCCCAA	VDR_HUMAN.H11MO.1.A	-1	0.00601061	4.62216	0.39413	9	CCTGCCCCCAA	CTGAACCCA	-
129-CCTGCCCCCAA	ZN816_HUMAN.H11MO.0.C	5	0.00645384	4.963	0.40556	11	CCTGCCCCCAA	CCCTGCATGTCCCCCTTTTTT	-
129-CCTGCCCCCAA	ZBTB4_HUMAN.H11MO.0.D	4	0.00691362	5.31657	0.405957	11	CCTGCCCCCAA	CCCACCTGCCATCTAGG	-
129-CCTGCCCCCAA	GLIS1_HUMAN.H11MO.0.D	-1	0.00732362	5.63187	0.405957	10	CCTGCCCCCAA	AGACCCCCCACGA	-
129-CCTGCCCCCAA	RARG_HUMAN.H11MO.1.B	-1	0.00762403	5.86288	0.405957	8	CCTGCCCCCAA	CTGACCTC	-
129-CCTGCCCCCAA	RORA_HUMAN.H11MO.0.C	1	0.00808911	6.22053	0.405957	11	CCTGCCCCCAA	CCCTGACCTAGTT	-
129-CCTGCCCCCAA	THA_HUMAN.H11MO.1.D	-1	0.00830297	6.38499	0.405957	10	CCTGCCCCCAA	CTGACCTGAA	-
129-CCTGCCCCCAA	ZN490_HUMAN.H11MO.0.C	5	0.00846496	6.50955	0.405957	11	CCTGCCCCCAA	GATATGCTGCCTTCAAGAGACCCA	-
129-CCTGCCCCCAA	KLF9_HUMAN.H11MO.0.C	3	0.00869695	6.68795	0.405957	11	CCTGCCCCCAA	GGCCACGCCCCCTCC	-
129-CCTGCCCCCAA	PLAL1_HUMAN.H11MO.0.D	-1	0.0087414	6.72214	0.405957	10	CCTGCCCCCAA	GGGCCCCCCG	-
129-CCTGCCCCCAA	NR1H4_HUMAN.H11MO.1.B	0	0.00906534	6.97125	0.405957	8	CCTGCCCCCAA	ACTGACCT	-
129-CCTGCCCCCAA	MAZ_HUMAN.H11MO.1.A	2	0.0091519	7.03781	0.405957	9	CCTGCCCCCAA	CCCCCTCCCTC	-
129-CCTGCCCCCAA	SP4_HUMAN.H11MO.1.A	4	0.00956337	7.35423	0.411778	11	CCTGCCCCCAA	CGGCCCCGCCCCCTCC	-
129-CCTGCCCCCAA	COT1_HUMAN.H11MO.1.C	1	0.00984749	7.57272	0.411778	11	CCTGCCCCCAA	CCCTGACCTCTGC	-
129-CCTGCCCCCAA	ZN263_HUMAN.H11MO.1.A	0	0.0101022	7.76861	0.411778	11	CCTGCCCCCAA	CCTCCTCCCTC	-
129-CCTGCCCCCAA	E2F1_HUMAN.H11MO.0.A	4	0.0103774	7.98019	0.411862	10	CCTGCCCCCAA	CTTTCCCGCCCCCC	-
129-CCTGCCCCCAA	SP4_HUMAN.H11MO.0.A	6	0.0114925	8.83775	0.432036	11	CCTGCCCCCAA	CCCGGCCCCGCCCCCTTCCC	-
129-CCTGCCCCCAA	GLIS3_HUMAN.H11MO.0.D	-2	0.0118532	9.11508	0.432036	9	CCTGCCCCCAA	TACCCCCCAC	-
129-CCTGCCCCCAA	RARA_HUMAN.H11MO.1.A	1	0.0118532	9.11508	0.432036	9	CCTGCCCCCAA	CCCTGACCTT	-
129-CCTGCCCCCAA	IKZF1_HUMAN.H11MO.0.C	-3	0.0120315	9.25224	0.432036	8	CCTGCCCCCAA	TCTCCCAA	-
129-CCTGCCCCCAA	FLI1_HUMAN.H11MO.0.A	9	0.0127431	9.79941	0.43838	9	CCTGCCCCCAA	TCCCTCCTTCCTTCCTCC	-
129-CCTGCCCCCAA	SALL4_HUMAN.H11MO.0.B	1	0.0130987	10.0729	0.43838	9	CCTGCCCCCAA	CCCACCCTCC	-
129-CCTGCCCCCAA	PURA_HUMAN.H11MO.0.D	1	0.0131916	10.1443	0.43838	11	CCTGCCCCCAA	CCCTGCCCCCCCCTTCC	-
129-CCTGCCCCCAA	RXRB_HUMAN.H11MO.0.C	0	0.0137657	10.5858	0.43838	10	CCTGCCCCCAA	TGTGACCTCA	-
129-CCTGCCCCCAA	ZN740_HUMAN.H11MO.0.D	0	0.0138583	10.657	0.43838	11	CCTGCCCCCAA	CCCACCCCCCCCCC	-
129-CCTGCCCCCAA	EGR2_HUMAN.H11MO.0.A	1	0.0140456	10.801	0.43838	11	CCTGCCCCCAA	CCCCTCCCACACCCCCCC	-
129-CCTGCCCCCAA	SMAD2_HUMAN.H11MO.0.A	2	0.014462	11.1213	0.43838	10	CCTGCCCCCAA	TGTCTGTCACCT	+
129-CCTGCCCCCAA	TBX20_HUMAN.H11MO.0.D	1	0.0145336	11.1763	0.43838	11	CCTGCCCCCAA	ACCTGTCAGCACCT	-
129-CCTGCCCCCAA	SMAD3_HUMAN.H11MO.0.B	1	0.0151633	11.6606	0.44001	11	CCTGCCCCCAA	CTCTGTCACCTG	+
129-CCTGCCCCCAA	E2F7_HUMAN.H11MO.0.B	5	0.0151711	11.6666	0.44001	8	CCTGCCCCCAA	CCTTTCCCGCCCC	-
129-CCTGCCCCCAA	ZBT7A_HUMAN.H11MO.0.A	-1	0.0157173	12.0866	0.446675	9	CCTGCCCCCAA	GAGACCCCC	-
129-CCTGCCCCCAA	ZSC31_HUMAN.H11MO.0.C	9	0.01623	12.4809	0.446675	9	CCTGCCCCCAA	CATAACTGCCCTGCTGCC	-
129-CCTGCCCCCAA	KLF16_HUMAN.H11MO.0.D	10	0.0162894	12.5266	0.446675	9	CCTGCCCCCAA	CCCCCCCCCCCCCGCCCCC	-
129-CCTGCCCCCAA	WT1_HUMAN.H11MO.0.C	8	0.0169979	13.0714	0.457779	11	CCTGCCCCCAA	CCCCCCCTCCTCCCCCGCCC	-
129-CCTGCCCCCAA	EGR1_HUMAN.H11MO.0.A	2	0.0184371	14.1781	0.479415	11	CCTGCCCCCAA	CCCCCGCCCACGCCCTC	-
129-CCTGCCCCCAA	ZFX_HUMAN.H11MO.1.A	6	0.0184371	14.1781	0.479415	11	CCTGCCCCCAA	CCCCGGCCTCCGCCCCC	-
129-CCTGCCCCCAA	ZN257_HUMAN.H11MO.0.C	3	0.0191626	14.736	0.488907	9	CCTGCCCCCAA	GCTCTTGCCTCT	+
129-CCTGCCCCCAA	E2F3_HUMAN.H11MO.0.A	3	0.0197684	15.2019	0.488907	8	CCTGCCCCCAA	TTTCCCGCCCT	-
129-CCTGCCCCCAA	PPARD_HUMAN.H11MO.0.D	3	0.0201742	15.5139	0.488907	11	CCTGCCCCCAA	TGACCTTTGTCCTA	-
129-CCTGCCCCCAA	COT1_HUMAN.H11MO.0.C	1	0.0202533	15.5748	0.488907	11	CCTGCCCCCAA	CCCTGACCTCTGACCCC	-
129-CCTGCCCCCAA	ZN784_HUMAN.H11MO.0.D	3	0.0207114	15.9271	0.488907	8	CCTGCCCCCAA	GTACCTACCTC	-
129-CCTGCCCCCAA	ESR2_HUMAN.H11MO.1.A	-1	0.0207471	15.9545	0.488907	7	CCTGCCCCCAA	GTGACCT	-
134-CTCATCTGGA	ZBT18_HUMAN.H11MO.0.C	1	0.000106249	0.0817057	0.105781	10	CTCATCTGGA	CCACATCTGGA	-
134-CTCATCTGGA	TWST1_HUMAN.H11MO.1.A	0	0.000138126	0.106219	0.105781	10	CTCATCTGGA	CACATCTGGT	+
134-CTCATCTGGA	ZN331_HUMAN.H11MO.0.C	7	0.000366794	0.282064	0.187268	10	CTCATCTGGA	GGCTGGGCTCAGCTGGGTGG	+
134-CTCATCTGGA	HTF4_HUMAN.H11MO.0.A	0	0.00110674	0.851084	0.423787	10	CTCATCTGGA	CACAGCTGCA	-
134-CTCATCTGGA	ZEB1_HUMAN.H11MO.0.A	0	0.00329537	2.53414	0.493035	10	CTCATCTGGA	CTCACCTGTC	-
134-CTCATCTGGA	TWST1_HUMAN.H11MO.0.A	-1	0.00335892	2.58301	0.493035	9	CTCATCTGGA	ACATCTGGTTTTAATTA	+
134-CTCATCTGGA	ITF2_HUMAN.H11MO.0.C	0	0.00348306	2.67847	0.493035	10	CTCATCTGGA	CCCAGCTGCC	-
134-CTCATCTGGA	TFAP4_HUMAN.H11MO.0.A	1	0.00368068	2.83044	0.493035	9	CTCATCTGGA	AAACAGCTGG	-
134-CTCATCTGGA	GATA4_HUMAN.H11MO.0.A	1	0.00388869	2.9904	0.493035	9	CTCATCTGGA	TCTTATCTGT	-
134-CTCATCTGGA	HSF1_HUMAN.H11MO.1.A	-3	0.0039116	3.00802	0.493035	7	CTCATCTGGA	TTCTGGAAA	+
134-CTCATCTGGA	ZIC3_HUMAN.H11MO.0.B	1	0.00430798	3.31284	0.493035	10	CTCATCTGGA	TCACAGCAGGGGGCC	-
134-CTCATCTGGA	NDF1_HUMAN.H11MO.0.A	0	0.00433789	3.33583	0.493035	10	CTCATCTGGA	ACCATCTGTC	-
134-CTCATCTGGA	GATA6_HUMAN.H11MO.0.A	4	0.00452587	3.48039	0.493035	9	CTCATCTGGA	TTATCTTATCTGT	-
134-CTCATCTGGA	SNAI1_HUMAN.H11MO.0.C	-1	0.00459711	3.53518	0.493035	8	CTCATCTGGA	CCACCTGG	-
134-CTCATCTGGA	NGN2_HUMAN.H11MO.0.D	0	0.00531374	4.08627	0.493035	10	CTCATCTGGA	GCCATCTGCTCC	-
134-CTCATCTGGA	ATOH1_HUMAN.H11MO.0.B	-1	0.0054818	4.2155	0.493035	9	CTCATCTGGA	CCATCTGCT	-
134-CTCATCTGGA	ZIC2_HUMAN.H11MO.0.D	1	0.00565172	4.34617	0.493035	10	CTCATCTGGA	TCACAGCAGGGGGCC	-
134-CTCATCTGGA	NDF2_HUMAN.H11MO.0.B	-1	0.00579414	4.45569	0.493035	9	CTCATCTGGA	CCATCTGTT	-
137-ATCGCAAC	RFX4_HUMAN.H11MO.0.D	6	0.000264065	0.203066	0.195494	8	ATCGCAAC	GTTACCATGGCAACG	-
137-ATCGCAAC	RFX2_HUMAN.H11MO.1.A	2	0.00027591	0.212175	0.195494	8	ATCGCAAC	CCATGGCAACCG	-
137-ATCGCAAC	RFX3_HUMAN.H11MO.0.B	5	0.000482491	0.371035	0.195494	8	ATCGCAAC	TTACCATGGCAACC	-
137-ATCGCAAC	RFX1_HUMAN.H11MO.1.B	2	0.000534536	0.411058	0.195494	8	ATCGCAAC	CCATGGCAACC	-
137-ATCGCAAC	RFX2_HUMAN.H11MO.0.A	8	0.00063609	0.489153	0.195494	8	ATCGCAAC	CCGTTGCCATGGCAACCG	-
137-ATCGCAAC	ZBED1_HUMAN.H11MO.0.D	2	0.0017449	1.34183	0.411646	8	ATCGCAAC	ATATCGCGACATA	-
137-ATCGCAAC	ZBT7B_HUMAN.H11MO.0.D	9	0.00187516	1.44199	0.411646	8	ATCGCAAC	CCCGTTGCCATGGCAACGGCG	-
140-ATGAAGGCCAGAG	RORA_HUMAN.H11MO.0.C	0	0.00093157	0.716377	0.367058	13	ATGAAGGCCAGAG	AACTAGGTCAGGG	+
140-ATGAAGGCCAGAG	ERR3_HUMAN.H11MO.0.B	-1	0.00117706	0.905156	0.367058	9	ATGAAGGCCAGAG	TCAAGGTCA	+
140-ATGAAGGCCAGAG	NR4A1_HUMAN.H11MO.0.A	-2	0.0012647	0.972552	0.367058	9	ATGAAGGCCAGAG	AAAGGTCAG	+
140-ATGAAGGCCAGAG	NR4A2_HUMAN.H11MO.0.C	-2	0.00156528	1.2037	0.367058	9	ATGAAGGCCAGAG	AAAGGTCAC	+
140-ATGAAGGCCAGAG	RARA_HUMAN.H11MO.1.A	-3	0.00174663	1.34316	0.367058	10	ATGAAGGCCAGAG	AAGGTCAGGG	+
140-ATGAAGGCCAGAG	ERR2_HUMAN.H11MO.0.A	-1	0.00180107	1.38502	0.367058	9	ATGAAGGCCAGAG	TCAAGGTCA	+
140-ATGAAGGCCAGAG	PPARA_HUMAN.H11MO.0.B	0	0.00191844	1.47528	0.367058	13	ATGAAGGCCAGAG	AACTGGGGCAAAGGTCA	+
140-ATGAAGGCCAGAG	PPARG_HUMAN.H11MO.0.A	0	0.00191844	1.47528	0.367058	13	ATGAAGGCCAGAG	AAGTGGGGCAAAGGTCA	+
140-ATGAAGGCCAGAG	PPARA_HUMAN.H11MO.1.B	-2	0.00271987	2.09158	0.462575	9	ATGAAGGCCAGAG	AAAGGTCAG	+
140-ATGAAGGCCAGAG	PBX3_HUMAN.H11MO.0.A	-1	0.00338043	2.59955	0.475683	11	ATGAAGGCCAGAG	TGATTGACAGG	+
140-ATGAAGGCCAGAG	NR1H3_HUMAN.H11MO.1.B	-2	0.00372926	2.8678	0.475683	10	ATGAAGGCCAGAG	AAAGGTCAGA	+
140-ATGAAGGCCAGAG	PBX1_HUMAN.H11MO.0.A	-1	0.00372926	2.8678	0.475683	10	ATGAAGGCCAGAG	TGATTGACAG	+
140-ATGAAGGCCAGAG	STF1_HUMAN.H11MO.0.B	1	0.00451746	3.47393	0.484513	10	ATGAAGGCCAGAG	GCTCAAGGCCA	+
140-ATGAAGGCCAGAG	ERR1_HUMAN.H11MO.0.A	0	0.00452356	3.47862	0.484513	13	ATGAAGGCCAGAG	CTCAAGGTCACACAG	+
140-ATGAAGGCCAGAG	SOX8_HUMAN.H11MO.0.D	2	0.00491798	3.78192	0.484513	13	ATGAAGGCCAGAG	GCATCAATTGCAGTGA	-
140-ATGAAGGCCAGAG	PKNX1_HUMAN.H11MO.0.B	-1	0.00506464	3.89471	0.484513	11	ATGAAGGCCAGAG	TGATTGACAGG	+
141-ACAGGCATGTGCCTC	HES7_HUMAN.H11MO.0.D	-2	1.99308e-05	0.0153268	0.0149481	12	ACAGGCATGTGCCTC	TGGCACGTGCCG	+
141-ACAGGCATGTGCCTC	HES5_HUMAN.H11MO.0.D	-2	7.30463e-05	0.0561726	0.0273924	12	ACAGGCATGTGCCTC	TGGCACGTGCCG	+
141-ACAGGCATGTGCCTC	ZN335_HUMAN.H11MO.1.A	0	0.000393939	0.302939	0.0923448	7	ACAGGCATGTGCCTC	TCAGGCA	-
141-ACAGGCATGTGCCTC	HEY1_HUMAN.H11MO.0.D	-2	0.000465359	0.357861	0.0923448	12	ACAGGCATGTGCCTC	CGACACGTGCCA	-
141-ACAGGCATGTGCCTC	P73_HUMAN.H11MO.1.A	0	0.000465359	0.357861	0.0923448	12	ACAGGCATGTGCCTC	CCAGGCATGTTC	-
141-ACAGGCATGTGCCTC	P63_HUMAN.H11MO.1.A	-1	0.000656366	0.504745	0.109394	11	ACAGGCATGTGCCTC	CAGGCATGCTC	-
141-ACAGGCATGTGCCTC	P53_HUMAN.H11MO.1.A	1	0.000924654	0.711059	0.138698	12	ACAGGCATGTGCCTC	CCCAGGCATGTCC	-
141-ACAGGCATGTGCCTC	BMAL1_HUMAN.H11MO.0.A	-3	0.00138065	1.06172	0.188271	11	ACAGGCATGTGCCTC	GCCACGTGACT	+
141-ACAGGCATGTGCCTC	BHE40_HUMAN.H11MO.0.A	-3	0.00151788	1.16725	0.189735	10	ACAGGCATGTGCCTC	GTCACGTGCC	-
141-ACAGGCATGTGCCTC	TEAD2_HUMAN.H11MO.0.D	0	0.00224177	1.72392	0.239033	12	ACAGGCATGTGCCTC	CCTGGAATGTGG	-
141-ACAGGCATGTGCCTC	MYC_HUMAN.H11MO.0.A	-3	0.00252394	1.94091	0.239033	11	ACAGGCATGTGCCTC	GCCACGTGCTC	+
141-ACAGGCATGTGCCTC	SNAI2_HUMAN.H11MO.0.A	-3	0.00254968	1.96071	0.239033	10	ACAGGCATGTGCCTC	GGCAGGTGCA	+
141-ACAGGCATGTGCCTC	ZN708_HUMAN.H11MO.1.D	-5	0.00324421	2.4948	0.286254	9	ACAGGCATGTGCCTC	GCTGTACCT	-
141-ACAGGCATGTGCCTC	HEY2_HUMAN.H11MO.0.D	1	0.00441394	3.39432	0.353334	15	ACAGGCATGTGCCTC	TAATGCCACGTGCCCCC	-
141-ACAGGCATGTGCCTC	ZN816_HUMAN.H11MO.0.C	0	0.00447557	3.44171	0.353334	15	ACAGGCATGTGCCTC	CCCTGCATGTCCCCCTTTTTT	-
141-ACAGGCATGTGCCTC	ZN257_HUMAN.H11MO.0.C	0	0.00610233	4.69269	0.423752	12	ACAGGCATGTGCCTC	AGAGGCAAGAGC	-
141-ACAGGCATGTGCCTC	CLOCK_HUMAN.H11MO.0.C	-1	0.00621504	4.77936	0.423752	14	ACAGGCATGTGCCTC	CAGACACGTGAACA	+
141-ACAGGCATGTGCCTC	ZFX_HUMAN.H11MO.1.A	1	0.00715763	5.50422	0.466802	15	ACAGGCATGTGCCTC	CCCCGGCCTCCGCCCCC	-
141-ACAGGCATGTGCCTC	MAX_HUMAN.H11MO.0.A	-2	0.00758209	5.83063	0.473881	10	ACAGGCATGTGCCTC	GAGCACGTGG	+
141-ACAGGCATGTGCCTC	ID4_HUMAN.H11MO.0.D	-3	0.00827312	6.36203	0.473921	11	ACAGGCATGTGCCTC	GACAGGTGTAA	+
141-ACAGGCATGTGCCTC	TFE3_HUMAN.H11MO.0.B	-4	0.00841633	6.47216	0.473921	10	ACAGGCATGTGCCTC	TCACGTGACC	-
141-ACAGGCATGTGCCTC	USF1_HUMAN.H11MO.0.A	-2	0.00853057	6.56001	0.473921	12	ACAGGCATGTGCCTC	GGTCACGTGACC	-
141-ACAGGCATGTGCCTC	MITF_HUMAN.H11MO.0.A	-4	0.00933464	7.17834	0.491383	10	ACAGGCATGTGCCTC	TCACGTGACC	+
141-ACAGGCATGTGCCTC	MXI1_HUMAN.H11MO.1.A	-2	0.00959012	7.37481	0.491383	11	ACAGGCATGTGCCTC	GAGCACGTGGG	-
141-ACAGGCATGTGCCTC	P53_HUMAN.H11MO.0.A	8	0.0104095	8.00493	0.495613	12	ACAGGCATGTGCCTC	AGACATGCCCAGACATGCCC	+
141-ACAGGCATGTGCCTC	HIC2_HUMAN.H11MO.0.D	1	0.0105731	8.13069	0.495613	10	ACAGGCATGTGCCTC	GCCTGGCATGT	-
142-AGCCATCAAATA	NANOG_HUMAN.H11MO.1.B	1	0.000115618	0.0889102	0.116713	10	AGCCATCAAATA	GAGCCATCAAG	+
142-AGCCATCAAATA	HXA1_HUMAN.H11MO.0.C	1	0.000211102	0.162338	0.116713	9	AGCCATCAAATA	CATCCATCAA	-
142-AGCCATCAAATA	HXC9_HUMAN.H11MO.0.C	0	0.000282556	0.217286	0.116713	10	AGCCATCAAATA	GGCAATAAAA	-
142-AGCCATCAAATA	PBX1_HUMAN.H11MO.1.C	3	0.000303607	0.233474	0.116713	12	AGCCATCAAATA	CCCATCAATCAAATT	-
142-AGCCATCAAATA	CDX2_HUMAN.H11MO.0.A	2	0.000745222	0.573076	0.229184	10	AGCCATCAAATA	ACAGCAATAAAA	-
142-AGCCATCAAATA	OZF_HUMAN.H11MO.0.C	13	0.00151864	1.16783	0.389199	11	AGCCATCAAATA	TGGAATACTATGCAGCCATGAAAA	-
143-CCTGTCTCAGCCTCC	ZN770_HUMAN.H11MO.0.C	6	3.62106e-07	0.00027846	0.000550109	15	CCTGTCTCAGCCTCC	GATCCTCCCGCCTCAGCCTCCC	-
143-CCTGTCTCAGCCTCC	ZN770_HUMAN.H11MO.1.C	-5	2.71405e-06	0.00208711	0.00206158	10	CCTGTCTCAGCCTCC	CTCAGCCTCCC	-
143-CCTGTCTCAGCCTCC	ZN768_HUMAN.H11MO.0.C	6	2.90859e-05	0.022367	0.014729	14	CCTGTCTCAGCCTCC	ACTTAACCTCTCTGAGCCTC	-
143-CCTGTCTCAGCCTCC	MAFK_HUMAN.H11MO.1.A	1	0.000779381	0.599344	0.296007	12	CCTGTCTCAGCCTCC	TGCTGACTCAGCA	-
143-CCTGTCTCAGCCTCC	BACH1_HUMAN.H11MO.0.A	1	0.00192361	1.47926	0.388521	12	CCTGTCTCAGCCTCC	GCATGACTCAGCA	-
143-CCTGTCTCAGCCTCC	BACH2_HUMAN.H11MO.0.A	-1	0.00211156	1.62379	0.388521	11	CCTGTCTCAGCCTCC	ATGACTCAGCA	-
143-CCTGTCTCAGCCTCC	ZN554_HUMAN.H11MO.1.D	-2	0.00222576	1.71161	0.388521	9	CCTGTCTCAGCCTCC	TGGCTCTGC	-
143-CCTGTCTCAGCCTCC	SP4_HUMAN.H11MO.0.A	0	0.00267488	2.05698	0.388521	15	CCTGTCTCAGCCTCC	CCCGGCCCCGCCCCCTTCCC	-
143-CCTGTCTCAGCCTCC	EGR4_HUMAN.H11MO.0.D	-4	0.00277975	2.13763	0.388521	11	CCTGTCTCAGCCTCC	GCCCTGCCGCC	-
143-CCTGTCTCAGCCTCC	MAFB_HUMAN.H11MO.0.B	-1	0.00345164	2.65431	0.388521	11	CCTGTCTCAGCCTCC	CTGAGTCAGCA	-
143-CCTGTCTCAGCCTCC	NRL_HUMAN.H11MO.0.D	-1	0.00364187	2.8006	0.388521	11	CCTGTCTCAGCCTCC	CTGCGTCAGCA	-
143-CCTGTCTCAGCCTCC	NFE2_HUMAN.H11MO.0.A	1	0.00391028	3.007	0.388521	12	CCTGTCTCAGCCTCC	GCATGACTCAGCA	+
143-CCTGTCTCAGCCTCC	MAF_HUMAN.H11MO.1.B	-4	0.00404787	3.11282	0.388521	8	CCTGTCTCAGCCTCC	AGTCAGCA	-
143-CCTGTCTCAGCCTCC	SP1_HUMAN.H11MO.0.A	6	0.00406449	3.12559	0.388521	15	CCTGTCTCAGCCTCC	CCCCCCCCCGGCCCCGCCCCCC	-
143-CCTGTCTCAGCCTCC	FOSL1_HUMAN.H11MO.0.A	0	0.00426108	3.27677	0.388521	12	CCTGTCTCAGCCTCC	GGTGACTCATCC	-
143-CCTGTCTCAGCCTCC	MAFF_HUMAN.H11MO.1.B	-3	0.00430078	3.3073	0.388521	9	CCTGTCTCAGCCTCC	GACTCAGCA	-
143-CCTGTCTCAGCCTCC	SP2_HUMAN.H11MO.0.A	2	0.00446318	3.43219	0.388521	15	CCTGTCTCAGCCTCC	CCCCCGGCCCCGCCCCCCCCCC	-
143-CCTGTCTCAGCCTCC	JUNB_HUMAN.H11MO.0.A	0	0.00474887	3.65188	0.388521	11	CCTGTCTCAGCCTCC	GGTGACTCAGA	-
143-CCTGTCTCAGCCTCC	MAFK_HUMAN.H11MO.0.A	1	0.00485909	3.73664	0.388521	15	CCTGTCTCAGCCTCC	TGCTGACTCAGCAATTTT	-
143-CCTGTCTCAGCCTCC	FOS_HUMAN.H11MO.0.A	-1	0.00574374	4.41693	0.407336	9	CCTGTCTCAGCCTCC	GTGACTCAC	-
143-CCTGTCTCAGCCTCC	NF2L2_HUMAN.H11MO.0.A	-1	0.00602762	4.63524	0.407336	14	CCTGTCTCAGCCTCC	ATGACTCAGCAGTT	-
143-CCTGTCTCAGCCTCC	JUND_HUMAN.H11MO.0.A	0	0.00616336	4.73963	0.407336	11	CCTGTCTCAGCCTCC	GATGACTCATC	-
143-CCTGTCTCAGCCTCC	FOSB_HUMAN.H11MO.0.A	-1	0.00681238	5.23872	0.407336	9	CCTGTCTCAGCCTCC	ATGACTCAT	-
143-CCTGTCTCAGCCTCC	MAFG_HUMAN.H11MO.0.A	1	0.00698448	5.37107	0.407336	15	CCTGTCTCAGCCTCC	TGCTGAGTCAGCAATTTT	-
143-CCTGTCTCAGCCTCC	MAFG_HUMAN.H11MO.1.A	-4	0.00703409	5.40921	0.407336	8	CCTGTCTCAGCCTCC	ACTCAGCA	-
143-CCTGTCTCAGCCTCC	PLAG1_HUMAN.H11MO.0.D	2	0.00731824	5.62773	0.407336	15	CCTGTCTCAGCCTCC	CCCCTCCTGATGCCCCC	-
143-CCTGTCTCAGCCTCC	FOSL2_HUMAN.H11MO.0.A	0	0.00739977	5.69042	0.407336	12	CCTGTCTCAGCCTCC	GATGACTCATCC	-
143-CCTGTCTCAGCCTCC	SALL4_HUMAN.H11MO.0.B	-5	0.00804963	6.19016	0.407336	10	CCTGTCTCAGCCTCC	CCCACCCTCC	-
143-CCTGTCTCAGCCTCC	JUN_HUMAN.H11MO.0.A	0	0.0083755	6.44076	0.407336	11	CCTGTCTCAGCCTCC	GATGACTCATC	-
143-CCTGTCTCAGCCTCC	ZN263_HUMAN.H11MO.0.A	1	0.00847639	6.51834	0.407336	15	CCTGTCTCAGCCTCC	CTCCTCCTCTCCCTCCTCCC	-
143-CCTGTCTCAGCCTCC	TGIF1_HUMAN.H11MO.0.A	0	0.00872144	6.70679	0.407336	7	CCTGTCTCAGCCTCC	GCTGTCA	-
143-CCTGTCTCAGCCTCC	KLF5_HUMAN.H11MO.0.A	1	0.00872579	6.71013	0.407336	13	CCTGTCTCAGCCTCC	CCCAGCCCCACCCT	-
143-CCTGTCTCAGCCTCC	MAZ_HUMAN.H11MO.0.A	4	0.00884819	6.80426	0.407336	15	CCTGTCTCAGCCTCC	CCCCCCCCCCCCCCCCTCCCCC	-
143-CCTGTCTCAGCCTCC	ZNF76_HUMAN.H11MO.0.C	4	0.00925109	7.11409	0.413358	15	CCTGTCTCAGCCTCC	ACTACAATTCCCAGAATGCCCC	-
143-CCTGTCTCAGCCTCC	ZBTB6_HUMAN.H11MO.0.C	-2	0.0102158	7.85592	0.44342	13	CCTGTCTCAGCCTCC	CGGCTCCAGCACC	-
143-CCTGTCTCAGCCTCC	ZN143_HUMAN.H11MO.0.A	6	0.0105645	8.1241	0.44582	15	CCTGTCTCAGCCTCC	GAACTACAATTCCCAGAATGCC	-
143-CCTGTCTCAGCCTCC	KLF15_HUMAN.H11MO.0.A	5	0.0110537	8.50027	0.453855	14	CCTGTCTCAGCCTCC	CCCCCCCCTGCTCCTCCCC	-
143-CCTGTCTCAGCCTCC	ZN467_HUMAN.H11MO.0.C	5	0.0120495	9.26604	0.481722	15	CCTGTCTCAGCCTCC	CCCCCCCCCCCCTCCCCTCCCC	-
144-GGCAGCTCCA	MYOD1_HUMAN.H11MO.1.A	0	0.00156596	1.20422	0.463089	10	GGCAGCTCCA	GACAGCTGCAG	-
144-GGCAGCTCCA	ASCL2_HUMAN.H11MO.0.D	0	0.00162063	1.24626	0.463089	9	GGCAGCTCCA	AGCAGCTGG	-
144-GGCAGCTCCA	PTF1A_HUMAN.H11MO.1.B	0	0.0020601	1.58422	0.463089	9	GGCAGCTCCA	AGCAGCTGG	+
144-GGCAGCTCCA	ZN563_HUMAN.H11MO.1.C	2	0.00246966	1.89917	0.463089	10	GGCAGCTCCA	CAGGCAGCACAG	+
144-GGCAGCTCCA	MYOG_HUMAN.H11MO.0.B	2	0.0026067	2.00455	0.463089	10	GGCAGCTCCA	GGGACAGCTGCGG	-
144-GGCAGCTCCA	MYF6_HUMAN.H11MO.0.C	-2	0.00271638	2.08889	0.463089	7	GGCAGCTCCA	CAGCTGC	+
144-GGCAGCTCCA	ZN341_HUMAN.H11MO.1.C	0	0.0027647	2.12605	0.463089	9	GGCAGCTCCA	GGCTGTTCC	-
144-GGCAGCTCCA	REST_HUMAN.H11MO.0.A	12	0.00313888	2.4138	0.463089	10	GGCAGCTCCA	TTCAGCACCATGGACAGCGCCC	+
144-GGCAGCTCCA	ZBTB6_HUMAN.H11MO.0.C	-2	0.0038367	2.95043	0.463089	8	GGCAGCTCCA	CGGCTCCAGCACC	-
144-GGCAGCTCCA	ZN549_HUMAN.H11MO.0.C	12	0.0040063	3.08084	0.463089	8	GGCAGCTCCA	ATTCATGAATTGGGCAGCAC	+
144-GGCAGCTCCA	TFE2_HUMAN.H11MO.0.A	0	0.00426487	3.27968	0.463089	10	GGCAGCTCCA	CACAGCTGCAG	+
144-GGCAGCTCCA	ITF2_HUMAN.H11MO.0.C	0	0.00456609	3.51133	0.463089	10	GGCAGCTCCA	CCCAGCTGCC	-
144-GGCAGCTCCA	ASCL1_HUMAN.H11MO.0.A	3	0.00484387	3.72494	0.463089	10	GGCAGCTCCA	GGGAGCAGGTGCAG	-
145-ATTTATTAAGT	HXC6_HUMAN.H11MO.0.D	3	5.99999e-05	0.0461399	0.0886874	11	ATTTATTAAGT	ATGATTTATTACTTT	+
145-ATTTATTAAGT	LHX3_HUMAN.H11MO.0.C	0	0.000303898	0.233698	0.215017	11	ATTTATTAAGT	ATTAATTAATTTT	-
145-ATTTATTAAGT	HNF1B_HUMAN.H11MO.1.A	0	0.000436398	0.33559	0.215017	11	ATTTATTAAGT	AATCATTAACT	-
145-ATTTATTAAGT	ZFHX3_HUMAN.H11MO.0.D	1	0.00124249	0.955473	0.36731	10	ATTTATTAAGT	TAATTATTAAT	-
145-ATTTATTAAGT	PAX7_HUMAN.H11MO.0.D	2	0.00216143	1.66214	0.374794	9	ATTTATTAAGT	TAATTGATTAT	+
145-ATTTATTAAGT	HNF1B_HUMAN.H11MO.0.A	4	0.00218023	1.67659	0.374794	11	ATTTATTAAGT	GGTTAATCATTAACC	-
145-ATTTATTAAGT	DUXA_HUMAN.H11MO.0.D	-2	0.00228204	1.75489	0.374794	9	ATTTATTAAGT	TGATTAAATTA	+
145-ATTTATTAAGT	HXA9_HUMAN.H11MO.0.B	3	0.00298541	2.29578	0.376745	8	ATTTATTAAGT	ATGATTTATGG	+
145-ATTTATTAAGT	HNF1A_HUMAN.H11MO.0.C	4	0.00413662	3.18106	0.376745	11	ATTTATTAAGT	GGTTAATGATTAACT	+
145-ATTTATTAAGT	NR2E1_HUMAN.H11MO.0.D	1	0.00467765	3.59712	0.376745	11	ATTTATTAAGT	AAGTCAAAAAGTCAATT	+
145-ATTTATTAAGT	NKX32_HUMAN.H11MO.0.C	-5	0.00467766	3.59712	0.376745	6	ATTTATTAAGT	TTAAGTGTTT	+
145-ATTTATTAAGT	NKX62_HUMAN.H11MO.0.D	0	0.00478794	3.68192	0.376745	11	ATTTATTAAGT	GGTAATTAATT	-
145-ATTTATTAAGT	PAX3_HUMAN.H11MO.0.D	4	0.00497427	3.82521	0.376745	9	ATTTATTAAGT	GATAATCGATTAA	+
145-ATTTATTAAGT	NOTO_HUMAN.H11MO.0.D	0	0.00558692	4.29634	0.376745	11	ATTTATTAAGT	GTTAATTAGGT	+
145-ATTTATTAAGT	UNC4_HUMAN.H11MO.0.D	-2	0.00558692	4.29634	0.376745	9	ATTTATTAAGT	TAATTAAATTA	-
145-ATTTATTAAGT	DUX4_HUMAN.H11MO.0.A	-2	0.00587973	4.52151	0.376745	9	ATTTATTAAGT	TGATTAGGTTA	+
145-ATTTATTAAGT	RAX2_HUMAN.H11MO.0.D	-1	0.00638264	4.90825	0.376745	10	ATTTATTAAGT	CTAATTAAATTA	+
145-ATTTATTAAGT	ALX4_HUMAN.H11MO.0.D	-1	0.00671086	5.16065	0.376745	10	ATTTATTAAGT	TTAATTAAATTA	+
145-ATTTATTAAGT	HXB8_HUMAN.H11MO.0.C	-1	0.00684611	5.26466	0.376745	10	ATTTATTAAGT	TTGATTAATGC	+
145-ATTTATTAAGT	PO4F3_HUMAN.H11MO.0.D	-2	0.00726056	5.58337	0.376745	9	ATTTATTAAGT	TCATTAATTATTCAT	+
145-ATTTATTAAGT	HXB7_HUMAN.H11MO.0.C	-1	0.00752219	5.78456	0.376745	10	ATTTATTAAGT	TTGATTAATG	+
145-ATTTATTAAGT	PO4F1_HUMAN.H11MO.0.D	3	0.00785719	6.04218	0.376745	11	ATTTATTAAGT	ATGAATAATTAATG	-
145-ATTTATTAAGT	ALX3_HUMAN.H11MO.0.D	-2	0.00795848	6.12007	0.376745	9	ATTTATTAAGT	TAATTAAATTA	+
145-ATTTATTAAGT	HXA5_HUMAN.H11MO.0.D	-1	0.00878034	6.75208	0.376745	10	ATTTATTAAGT	TTGATTAATG	+
145-ATTTATTAAGT	MEIS1_HUMAN.H11MO.0.A	3	0.00995912	7.65856	0.376745	9	ATTTATTAAGT	ATGATTTATGGC	+
145-ATTTATTAAGT	LMX1A_HUMAN.H11MO.0.D	2	0.0101865	7.8334	0.376745	11	ATTTATTAAGT	TAATTAATTATTTAATTAA	+
145-ATTTATTAAGT	MIXL1_HUMAN.H11MO.0.D	0	0.0101922	7.83776	0.376745	11	ATTTATTAAGT	GTTAATTAGAT	+
145-ATTTATTAAGT	HXB13_HUMAN.H11MO.0.A	0	0.0102299	7.86681	0.376745	10	ATTTATTAAGT	TTTTATTGGC	+
145-ATTTATTAAGT	LMX1B_HUMAN.H11MO.0.D	6	0.0106801	8.21303	0.376745	11	ATTTATTAAGT	AAATAAATCAATTAATTA	-
145-ATTTATTAAGT	LHX4_HUMAN.H11MO.0.D	-1	0.0107034	8.23088	0.376745	10	ATTTATTAAGT	CTAATTAACTT	-
145-ATTTATTAAGT	ZN232_HUMAN.H11MO.0.D	8	0.0107055	8.23255	0.376745	11	ATTTATTAAGT	TGTTAAATGTAGATTAAGT	+
145-ATTTATTAAGT	FOXF1_HUMAN.H11MO.0.D	2	0.0112382	8.64214	0.376745	9	ATTTATTAAGT	ATGTTTATTTT	+
145-ATTTATTAAGT	HXC12_HUMAN.H11MO.0.D	1	0.0115144	8.85454	0.376745	11	ATTTATTAAGT	TTTTTATGACCT	+
145-ATTTATTAAGT	PHX2A_HUMAN.H11MO.0.D	-2	0.0117975	9.07229	0.376745	9	ATTTATTAAGT	TAATTAAATTA	-
145-ATTTATTAAGT	HXB6_HUMAN.H11MO.0.D	4	0.0121179	9.31866	0.376745	9	ATTTATTAAGT	AATGATTGATGCA	+
145-ATTTATTAAGT	HXD11_HUMAN.H11MO.0.D	1	0.0123824	9.52209	0.376745	10	ATTTATTAAGT	TTTTTATTACT	+
145-ATTTATTAAGT	PDX1_HUMAN.H11MO.1.A	0	0.0127266	9.78677	0.376745	9	ATTTATTAAGT	ATTAATTAT	+
145-ATTTATTAAGT	DRGX_HUMAN.H11MO.0.D	-2	0.012994	9.99237	0.376745	9	ATTTATTAAGT	TAATTAAATTA	-
145-ATTTATTAAGT	HXA2_HUMAN.H11MO.0.D	0	0.0136332	10.4839	0.376745	11	ATTTATTAAGT	GGTAATTAGCG	+
145-ATTTATTAAGT	HXA10_HUMAN.H11MO.0.C	4	0.0139378	10.7182	0.376745	8	ATTTATTAAGT	GATAATTTATGA	+
145-ATTTATTAAGT	ARX_HUMAN.H11MO.0.D	-1	0.0139776	10.7488	0.376745	10	ATTTATTAAGT	CTAATTAAATTAA	-
145-ATTTATTAAGT	HBP1_HUMAN.H11MO.0.D	0	0.014118	10.8568	0.376745	9	ATTTATTAAGT	ATTCATTGA	+
145-ATTTATTAAGT	FOXJ2_HUMAN.H11MO.0.C	1	0.0152372	11.7174	0.376745	9	ATTTATTAAGT	TGTTTATTTA	+
145-ATTTATTAAGT	HXC8_HUMAN.H11MO.0.D	0	0.0154549	11.8848	0.376745	11	ATTTATTAAGT	TTTGATTGATGCCC	+
145-ATTTATTAAGT	MEOX2_HUMAN.H11MO.0.D	2	0.0157285	12.0953	0.376745	9	ATTTATTAAGT	ATCATAATTAA	-
145-ATTTATTAAGT	PHX2B_HUMAN.H11MO.0.D	-2	0.0157285	12.0953	0.376745	9	ATTTATTAAGT	TAATTAAATTA	-
145-ATTTATTAAGT	EMX1_HUMAN.H11MO.0.D	0	0.0160544	12.3459	0.376745	11	ATTTATTAAGT	ATTAGCTAATTA	-
145-ATTTATTAAGT	PRRX2_HUMAN.H11MO.0.C	-2	0.0160575	12.3482	0.376745	7	ATTTATTAAGT	CAATTAA	-
145-ATTTATTAAGT	HXD4_HUMAN.H11MO.0.D	-1	0.0174214	13.397	0.389696	8	ATTTATTAAGT	TTAATTGA	+
145-ATTTATTAAGT	EMX2_HUMAN.H11MO.0.D	0	0.0176252	13.5538	0.389696	11	ATTTATTAAGT	ATTAGCTAATTA	-
145-ATTTATTAAGT	CPEB1_HUMAN.H11MO.0.D	1	0.0178837	13.7526	0.389696	11	ATTTATTAAGT	TTTTTATTTTTTTTTTT	+
145-ATTTATTAAGT	HNF6_HUMAN.H11MO.0.B	-1	0.0189825	14.5975	0.39502	10	ATTTATTAAGT	TTTATTGATTT	+
145-ATTTATTAAGT	HXD13_HUMAN.H11MO.0.D	-1	0.0189825	14.5975	0.39502	10	ATTTATTAAGT	TTTATTAGGGA	+
145-ATTTATTAAGT	PO4F2_HUMAN.H11MO.0.D	2	0.0193813	14.9042	0.39502	11	ATTTATTAAGT	CAGCTCATTAATA	-
145-ATTTATTAAGT	CDX1_HUMAN.H11MO.0.C	0	0.0204609	15.7344	0.397944	8	ATTTATTAAGT	ATTTATGT	+
145-ATTTATTAAGT	FOXL1_HUMAN.H11MO.0.D	5	0.0210329	16.1743	0.398581	11	ATTTATTAAGT	TGTTTGTTTGTTTACTTTT	+
145-ATTTATTAAGT	HMX3_HUMAN.H11MO.0.D	-3	0.0218151	16.7758	0.403069	8	ATTTATTAAGT	CGTTAATTGCT	+
145-ATTTATTAAGT	NKX23_HUMAN.H11MO.0.D	-4	0.0218151	16.7758	0.403069	7	ATTTATTAAGT	GTTAAGTGGTT	+
145-ATTTATTAAGT	LHX2_HUMAN.H11MO.0.A	1	0.0221871	17.0619	0.404881	11	ATTTATTAAGT	AACTAATTAAAA	-
145-ATTTATTAAGT	PAX4_HUMAN.H11MO.0.D	0	0.0232197	17.8559	0.410996	11	ATTTATTAAGT	GCGAATTAGTTA	-
145-ATTTATTAAGT	LBX2_HUMAN.H11MO.0.D	0	0.0239125	18.3887	0.410996	11	ATTTATTAAGT	GTTAATTAGGT	+
145-ATTTATTAAGT	HXD3_HUMAN.H11MO.0.D	1	0.0239125	18.3887	0.410996	10	ATTTATTAAGT	GGTTAATTAGG	+
145-ATTTATTAAGT	BARX2_HUMAN.H11MO.0.D	-2	0.0246246	18.9363	0.411061	9	ATTTATTAAGT	TCATTAATTG	+
145-ATTTATTAAGT	HXD9_HUMAN.H11MO.0.D	2	0.0246246	18.9363	0.411061	8	ATTTATTAAGT	AATTTTATTA	+
145-ATTTATTAAGT	RX_HUMAN.H11MO.0.D	2	0.0250287	19.2471	0.411061	9	ATTTATTAAGT	TTGCTAATTAA	-
145-ATTTATTAAGT	NOBOX_HUMAN.H11MO.0.C	0	0.0258611	19.8872	0.420065	9	ATTTATTAAGT	ACCAATTAG	-
145-ATTTATTAAGT	HXD12_HUMAN.H11MO.0.D	2	0.0274046	21.0741	0.427215	9	ATTTATTAAGT	AATTTTATTAC	+
145-ATTTATTAAGT	CDC5L_HUMAN.H11MO.0.D	1	0.0274574	21.1147	0.427215	11	ATTTATTAAGT	ATTATGTTAAATCAC	-
145-ATTTATTAAGT	PO6F2_HUMAN.H11MO.0.D	0	0.0299839	23.0576	0.456907	11	ATTTATTAAGT	GTTAATTAGCT	+
145-ATTTATTAAGT	HXC9_HUMAN.H11MO.0.C	0	0.032553	25.0332	0.473402	10	ATTTATTAAGT	TTTTATTGCC	+
145-ATTTATTAAGT	DMBX1_HUMAN.H11MO.0.D	1	0.0332286	25.5528	0.473402	11	ATTTATTAAGT	AATTAATTAGATTATAATTA	-
145-ATTTATTAAGT	CUX2_HUMAN.H11MO.0.D	-1	0.0342691	26.353	0.473402	10	ATTTATTAAGT	TTCATTGATTT	-
145-ATTTATTAAGT	ISL2_HUMAN.H11MO.0.D	-3	0.0342691	26.353	0.473402	8	ATTTATTAAGT	CGTTAATTGCT	+
145-ATTTATTAAGT	HMX2_HUMAN.H11MO.0.D	-4	0.0358173	27.5435	0.48571	7	ATTTATTAAGT	TTTAATTGGTT	+
145-ATTTATTAAGT	VAX2_HUMAN.H11MO.0.D	1	0.0375435	28.871	0.486825	11	ATTTATTAAGT	CACTAATTACCCTATT	-
145-ATTTATTAAGT	FOXQ1_HUMAN.H11MO.0.C	1	0.0378313	29.0923	0.486825	11	ATTTATTAAGT	TATTGTTTATTT	+
145-ATTTATTAAGT	ONEC3_HUMAN.H11MO.0.D	5	0.0378313	29.0923	0.486825	7	ATTTATTAAGT	TATTGATTTTTT	+
145-ATTTATTAAGT	ZN410_HUMAN.H11MO.0.D	-3	0.0378756	29.1263	0.486825	8	ATTTATTAAGT	TATTATGGGATGG	+
147-ACTCAGCT	NF2L2_HUMAN.H11MO.0.A	3	3.6224e-05	0.0278563	0.0256108	8	ACTCAGCT	ATGACTCAGCAGTT	-
147-ACTCAGCT	MAFG_HUMAN.H11MO.1.A	0	6.21796e-05	0.0478161	0.0256108	8	ACTCAGCT	ACTCAGCA	-
147-ACTCAGCT	NFE2_HUMAN.H11MO.0.A	5	6.22919e-05	0.0479025	0.0256108	8	ACTCAGCT	GCATGACTCAGCA	+
147-ACTCAGCT	BACH2_HUMAN.H11MO.0.A	3	8.12241e-05	0.0624613	0.0256108	8	ACTCAGCT	ATGACTCAGCA	-
147-ACTCAGCT	MAFK_HUMAN.H11MO.1.A	5	9.40311e-05	0.0723099	0.0256108	8	ACTCAGCT	TGCTGACTCAGCA	-
147-ACTCAGCT	MAFF_HUMAN.H11MO.1.B	1	0.000101593	0.0781247	0.0256108	8	ACTCAGCT	GACTCAGCA	-
147-ACTCAGCT	BACH1_HUMAN.H11MO.0.A	5	0.000151262	0.11632	0.0326847	8	ACTCAGCT	GCATGACTCAGCA	-
147-ACTCAGCT	MAF_HUMAN.H11MO.1.B	0	0.000265449	0.20413	0.0501885	8	ACTCAGCT	AGTCAGCA	-
147-ACTCAGCT	ZN331_HUMAN.H11MO.0.C	6	0.000373669	0.287351	0.0627997	8	ACTCAGCT	GGCTGGGCTCAGCTGGGTGG	+
147-ACTCAGCT	MAFK_HUMAN.H11MO.0.A	5	0.000462694	0.355811	0.0699853	8	ACTCAGCT	TGCTGACTCAGCAATTTT	-
147-ACTCAGCT	MAFG_HUMAN.H11MO.0.A	10	0.000536576	0.412627	0.0731735	8	ACTCAGCT	AAAATTGCTGACTCAGCA	+
147-ACTCAGCT	TFAP4_HUMAN.H11MO.0.A	0	0.000580526	0.446425	0.0731735	8	ACTCAGCT	AAACAGCTGG	-
147-ACTCAGCT	HEN1_HUMAN.H11MO.0.C	4	0.00073108	0.562201	0.083457	8	ACTCAGCT	AGGGACGCAGCTGCTCCCCA	-
147-ACTCAGCT	JUNB_HUMAN.H11MO.0.A	4	0.000857309	0.659271	0.086449	7	ACTCAGCT	GGTGACTCAGA	-
147-ACTCAGCT	JUND_HUMAN.H11MO.0.A	4	0.000982035	0.755185	0.0928369	7	ACTCAGCT	GATGACTCATC	-
147-ACTCAGCT	FOSL1_HUMAN.H11MO.0.A	4	0.00119932	0.922274	0.100895	8	ACTCAGCT	GGTGACTCATCC	-
147-ACTCAGCT	JUN_HUMAN.H11MO.0.A	4	0.00120068	0.923324	0.100895	7	ACTCAGCT	GATGACTCATC	-
147-ACTCAGCT	MAFB_HUMAN.H11MO.0.B	3	0.00128295	0.986585	0.102133	8	ACTCAGCT	CTGAGTCAGCA	-
147-ACTCAGCT	FOSL2_HUMAN.H11MO.0.A	4	0.00167028	1.28444	0.12632	8	ACTCAGCT	GATGACTCATCC	-
147-ACTCAGCT	ZN317_HUMAN.H11MO.0.C	5	0.00210097	1.61564	0.151326	8	ACTCAGCT	TGAGAAGTCAGCTGTCATTC	-
147-ACTCAGCT	FOS_HUMAN.H11MO.0.A	3	0.00245352	1.88676	0.168687	6	ACTCAGCT	GTGACTCAC	-
147-ACTCAGCT	ZN554_HUMAN.H11MO.1.D	2	0.00260935	2.00659	0.1716	7	ACTCAGCT	TGGCTCTGC	-
147-ACTCAGCT	HTF4_HUMAN.H11MO.0.A	-1	0.00334785	2.5745	0.187562	7	ACTCAGCT	CACAGCTGCA	-
147-ACTCAGCT	MAFF_HUMAN.H11MO.0.B	10	0.00369801	2.84377	0.199767	8	ACTCAGCT	AAAAATGCTGACTCAGCA	-
147-ACTCAGCT	MAF_HUMAN.H11MO.0.A	6	0.00401686	3.08897	0.202525	8	ACTCAGCT	TTGCTGAGTCAGCAGATTC	-
147-ACTCAGCT	ITF2_HUMAN.H11MO.0.C	-1	0.00425903	3.27519	0.207808	7	ACTCAGCT	CCCAGCTGCC	-
147-ACTCAGCT	MYOG_HUMAN.H11MO.0.B	0	0.00474185	3.64648	0.219207	8	ACTCAGCT	CCGCAGCTGTCCC	+
147-ACTCAGCT	FOSB_HUMAN.H11MO.0.A	3	0.0047825	3.67774	0.219207	6	ACTCAGCT	ATGACTCAT	-
147-ACTCAGCT	MYOD1_HUMAN.H11MO.1.A	0	0.00538205	4.1388	0.232591	8	ACTCAGCT	CTGCAGCTGTC	+
147-ACTCAGCT	NRL_HUMAN.H11MO.0.D	3	0.00538205	4.1388	0.232591	8	ACTCAGCT	CTGCGTCAGCA	-
147-ACTCAGCT	ZIC3_HUMAN.H11MO.0.B	0	0.00615329	4.73188	0.258534	8	ACTCAGCT	TCACAGCAGGGGGCC	-
147-ACTCAGCT	MYF6_HUMAN.H11MO.0.C	-3	0.00658162	5.06126	0.269057	5	ACTCAGCT	CAGCTGC	+
147-ACTCAGCT	BHA15_HUMAN.H11MO.0.B	1	0.00961177	7.39145	0.37278	8	ACTCAGCT	GCAGCAGCTGG	+
147-ACTCAGCT	PTF1A_HUMAN.H11MO.1.B	-2	0.0101338	7.79286	0.375456	6	ACTCAGCT	CCAGCTGCT	-
147-ACTCAGCT	TFE2_HUMAN.H11MO.0.A	-1	0.0107599	8.2744	0.378491	7	ACTCAGCT	CACAGCTGCAG	+
147-ACTCAGCT	ZBT18_HUMAN.H11MO.0.C	0	0.0120321	9.25271	0.41	8	ACTCAGCT	CCACATCTGGA	-
147-ACTCAGCT	PTF1A_HUMAN.H11MO.0.B	8	0.0124689	9.5886	0.41	8	ACTCAGCT	GGGAAAGGGGGCAGCTGG	-
147-ACTCAGCT	ASCL2_HUMAN.H11MO.0.D	-2	0.0148925	11.4523	0.459711	6	ACTCAGCT	CCAGCTGCT	+
147-ACTCAGCT	VSX2_HUMAN.H11MO.0.D	2	0.0152515	11.7284	0.461376	8	ACTCAGCT	TTAATTAGCTTC	+
147-ACTCAGCT	ZN563_HUMAN.H11MO.1.C	-1	0.0161084	12.3873	0.468556	7	ACTCAGCT	CTGTGCTGCCTG	-
150-AGGCAGCATG	ZN490_HUMAN.H11MO.0.C	12	0.000197669	0.152008	0.303159	10	AGGCAGCATG	TGGGTCTCTTGAAGGCAGCATATC	+
150-AGGCAGCATG	ZN250_HUMAN.H11MO.0.C	7	0.000928296	0.71386	0.308877	10	AGGCAGCATG	GTAATCAAAACAGCATGGTA	-
150-AGGCAGCATG	MAFG_HUMAN.H11MO.1.A	0	0.000965934	0.742803	0.308877	8	AGGCAGCATG	ACTCAGCA	-
150-AGGCAGCATG	MAF_HUMAN.H11MO.1.B	0	0.000965934	0.742803	0.308877	8	AGGCAGCATG	AGTCAGCA	-
150-AGGCAGCATG	MAFF_HUMAN.H11MO.1.B	1	0.00100699	0.774373	0.308877	8	AGGCAGCATG	GACTCAGCA	-
150-AGGCAGCATG	ZN549_HUMAN.H11MO.0.C	11	0.0018142	1.39512	0.415531	9	AGGCAGCATG	ATTCATGAATTGGGCAGCAC	+
150-AGGCAGCATG	ZN563_HUMAN.H11MO.1.C	1	0.00189658	1.45847	0.415531	10	AGGCAGCATG	CAGGCAGCACAG	+
153-TCAAAGAAAAAATAW	FOXJ3_HUMAN.H11MO.0.A	-2	0.000439325	0.337841	0.321944	13	TCAAAGAAAAAATAA	AAAAAATAAACAA	-
153-TCAAAGAAAAAATAW	FOXJ3_HUMAN.H11MO.1.B	-1	0.000465894	0.358272	0.321944	13	TCAAAGAAAAAATAA	TAAACAAAAACAA	-
153-TCAAAGAAAAAATAW	CPEB1_HUMAN.H11MO.0.D	-1	0.000636528	0.48949	0.321944	14	TCAAAGAAAAAATAA	AAAAAAAAAAATAAAAA	-
153-TCAAAGAAAAAATAW	PRDM6_HUMAN.H11MO.0.C	0	0.000928149	0.713746	0.324213	13	TCAAAGAAAAAATAA	AAAAAGAAAAAAA	+
153-TCAAAGAAAAAATAW	FOXQ1_HUMAN.H11MO.0.C	-2	0.00126074	0.96951	0.324213	12	TCAAAGAAAAAATAA	AAATAAACAATT	-
153-TCAAAGAAAAAATAW	FOXM1_HUMAN.H11MO.0.A	0	0.0015801	1.2151	0.324213	12	TCAAAGAAAAAATAA	GCAAAGCAAACA	-
153-TCAAAGAAAAAATAW	ZFP28_HUMAN.H11MO.0.C	3	0.00233276	1.79389	0.324213	15	TCAAAGAAAAAATAA	TGACACAAGAAGAAATAGAA	-
153-TCAAAGAAAAAATAW	IRF1_HUMAN.H11MO.0.A	5	0.0024552	1.88805	0.324213	15	TCAAAGAAAAAATAA	GAAAATGAAAGTGAAAGTAA	+
153-TCAAAGAAAAAATAW	FOXL1_HUMAN.H11MO.0.D	4	0.00252114	1.93876	0.324213	15	TCAAAGAAAAAATAA	AAAAGTAAACAAACAAACA	-
153-TCAAAGAAAAAATAW	BATF3_HUMAN.H11MO.0.B	3	0.00291311	2.24018	0.324213	14	TCAAAGAAAAAATAA	GAGTCATAATGAAACTG	-
153-TCAAAGAAAAAATAW	FOXF2_HUMAN.H11MO.0.D	-1	0.00304467	2.34135	0.324213	11	TCAAAGAAAAAATAA	AAAAGTAAACA	-
153-TCAAAGAAAAAATAW	HMX1_HUMAN.H11MO.0.D	1	0.00321915	2.47553	0.324213	15	TCAAAGAAAAAATAA	ATTAAAAAACAATTAAC	-
153-TCAAAGAAAAAATAW	IRF9_HUMAN.H11MO.0.C	-1	0.00358335	2.75559	0.324213	12	TCAAAGAAAAAATAA	GAAAGCGAAACT	+
153-TCAAAGAAAAAATAW	IRF2_HUMAN.H11MO.0.A	5	0.00386236	2.97015	0.324213	15	TCAAAGAAAAAATAA	GAAAGTGAAAGTGAAAGTAA	+
153-TCAAAGAAAAAATAW	TF7L1_HUMAN.H11MO.0.B	4	0.00396303	3.04757	0.324213	9	TCAAAGAAAAAATAA	AACATCAAAGGCA	-
153-TCAAAGAAAAAATAW	SMCA1_HUMAN.H11MO.0.C	-1	0.00398366	3.06344	0.324213	12	TCAAAGAAAAAATAA	CCAAGAAGAATG	+
153-TCAAAGAAAAAATAW	IRF7_HUMAN.H11MO.0.C	-1	0.00424394	3.26359	0.324213	10	TCAAAGAAAAAATAA	GAAAGTGAAA	+
153-TCAAAGAAAAAATAW	FOXJ2_HUMAN.H11MO.0.C	-1	0.00424394	3.26359	0.324213	10	TCAAAGAAAAAATAA	TAAATAAACA	-
153-TCAAAGAAAAAATAW	ZN680_HUMAN.H11MO.0.C	4	0.00447891	3.44428	0.324213	15	TCAAAGAAAAAATAA	CATGTCCAAGAAGAATGAGG	+
153-TCAAAGAAAAAATAW	GATA3_HUMAN.H11MO.0.A	-2	0.00448709	3.45057	0.324213	11	TCAAAGAAAAAATAA	AAAGATAAGAA	+
153-TCAAAGAAAAAATAW	FOXF1_HUMAN.H11MO.0.D	-4	0.00448709	3.45057	0.324213	11	TCAAAGAAAAAATAA	AAAATAAACAT	-
153-TCAAAGAAAAAATAW	ANDR_HUMAN.H11MO.0.A	1	0.00560139	4.30747	0.381806	15	TCAAAGAAAAAATAA	AGCAAACAAAAAAGAACA	-
153-TCAAAGAAAAAATAW	EVI1_HUMAN.H11MO.0.B	-3	0.00580597	4.46479	0.381806	12	TCAAAGAAAAAATAA	AAGATAAGATAAGATA	+
153-TCAAAGAAAAAATAW	FOXA1_HUMAN.H11MO.0.A	0	0.00603906	4.64404	0.381806	12	TCAAAGAAAAAATAA	CCAAAGTAAACA	-
153-TCAAAGAAAAAATAW	HXC10_HUMAN.H11MO.0.D	4	0.00707453	5.44031	0.422764	15	TCAAAGAAAAAATAA	GTAATAAAAAAATTAAAAA	-
153-TCAAAGAAAAAATAW	FOXA3_HUMAN.H11MO.0.B	-1	0.00724414	5.57074	0.422764	13	TCAAAGAAAAAATAA	CAAAGTAAACAAG	-
153-TCAAAGAAAAAATAW	PRDM1_HUMAN.H11MO.0.A	-1	0.00785867	6.04332	0.441642	14	TCAAAGAAAAAATAA	GAAAGTGAAAGTGA	+
153-TCAAAGAAAAAATAW	FOXD3_HUMAN.H11MO.0.D	1	0.00858635	6.6029	0.455055	14	TCAAAGAAAAAATAA	TGCTAAGTAAACAAA	-
153-TCAAAGAAAAAATAW	STA5A_HUMAN.H11MO.0.A	1	0.00880545	6.77139	0.455055	9	TCAAAGAAAAAATAA	TTCTAGGAAA	+
153-TCAAAGAAAAAATAW	FOXD1_HUMAN.H11MO.0.D	0	0.00899704	6.91873	0.455055	15	TCAAAGAAAAAATAA	CTTAAGTAAACAAAG	-
153-TCAAAGAAAAAATAW	ZN384_HUMAN.H11MO.0.C	-4	0.00950629	7.31034	0.460051	11	TCAAAGAAAAAATAA	GGAAAAAATCGG	+
153-TCAAAGAAAAAATAW	GATA6_HUMAN.H11MO.0.A	-2	0.00970221	7.461	0.460051	13	TCAAAGAAAAAATAA	ACAGATAAGATAA	+
153-TCAAAGAAAAAATAW	FOXK1_HUMAN.H11MO.0.A	-2	0.0103615	7.96797	0.47327	10	TCAAAGAAAAAATAA	AAAGTAAACA	-
153-TCAAAGAAAAAATAW	NR2F6_HUMAN.H11MO.0.D	3	0.0108161	8.3176	0.47327	15	TCAAAGAAAAAATAA	AGGACAAAGTTCAATTGA	+
153-TCAAAGAAAAAATAW	HBP1_HUMAN.H11MO.0.D	0	0.0113802	8.7514	0.47327	9	TCAAAGAAAAAATAA	TCAATGAAT	-
153-TCAAAGAAAAAATAW	STA5B_HUMAN.H11MO.0.A	3	0.011574	8.90043	0.47327	9	TCAAAGAAAAAATAA	ATTTCTAAGAAA	-
153-TCAAAGAAAAAATAW	MYNN_HUMAN.H11MO.0.D	2	0.0116626	8.96857	0.47327	15	TCAAAGAAAAAATAA	TTTCAAAATAAAAGTCC	-
153-TCAAAGAAAAAATAW	BATF_HUMAN.H11MO.0.A	5	0.0118524	9.11452	0.47327	13	TCAAAGAAAAAATAA	ATGAGTCATATCGAAAGT	-
153-TCAAAGAAAAAATAW	MSX1_HUMAN.H11MO.0.D	4	0.0124043	9.53893	0.482607	14	TCAAAGAAAAAATAA	CCAATTAAAAACCAATTA	-
155-CCAGCCACCCCCK	KLF5_HUMAN.H11MO.0.A	1	4.40231e-05	0.0338538	0.0324255	13	CCAGCCACCCCCT	CCCAGCCCCACCCT	-
155-CCAGCCACCCCCK	TBX15_HUMAN.H11MO.0.D	3	6.28972e-05	0.0483679	0.0324255	13	CCAGCCACCCCCT	CCCCCACCCCCCCCCCCCC	-
155-CCAGCCACCCCCK	KLF8_HUMAN.H11MO.0.C	-5	9.36132e-05	0.0719886	0.0324255	8	CCAGCCACCCCCT	CACCCCCTG	-
155-CCAGCCACCCCCK	KLF1_HUMAN.H11MO.0.A	1	9.4666e-05	0.0727981	0.0324255	13	CCAGCCACCCCCT	CCCGGCCCCGCCCC	-
155-CCAGCCACCCCCK	ZN740_HUMAN.H11MO.0.D	0	0.00010845	0.0833982	0.0324255	13	CCAGCCACCCCCT	CCCACCCCCCCCCC	-
155-CCAGCCACCCCCK	RREB1_HUMAN.H11MO.0.D	4	0.000158415	0.121821	0.0394703	13	CCAGCCACCCCCT	ACCCCAAACCACCCCCCCCCCC	-
155-CCAGCCACCCCCK	EGR2_HUMAN.H11MO.1.A	3	0.000358904	0.275997	0.054582	13	CCAGCCACCCCCT	CCCCCGCCCACGCCCC	-
155-CCAGCCACCCCCK	ZN219_HUMAN.H11MO.0.D	1	0.000372981	0.286822	0.054582	11	CCAGCCACCCCCT	TCCGCCCCCCTC	-
155-CCAGCCACCCCCK	ZN281_HUMAN.H11MO.0.A	2	0.00038661	0.297303	0.054582	13	CCAGCCACCCCCT	TCCCCTCCCCCACCC	-
155-CCAGCCACCCCCK	KLF4_HUMAN.H11MO.0.A	-3	0.000437725	0.336611	0.054582	10	CCAGCCACCCCCT	GCCACACCCT	-
155-CCAGCCACCCCCK	EGR4_HUMAN.H11MO.0.D	2	0.00044917	0.345412	0.054582	9	CCAGCCACCCCCT	GCCCTGCCGCC	-
155-CCAGCCACCCCCK	KLF16_HUMAN.H11MO.0.D	5	0.000473015	0.363749	0.054582	13	CCAGCCACCCCCT	CCCCCCCCCCCCCGCCCCC	-
155-CCAGCCACCCCCK	EGR1_HUMAN.H11MO.0.A	3	0.000474642	0.365	0.054582	13	CCAGCCACCCCCT	CCCCCGCCCACGCCCTC	-
155-CCAGCCACCCCCK	ARNT2_HUMAN.H11MO.0.D	1	0.000699207	0.53769	0.0615025	11	CCAGCCACCCCCT	GCCTCCCACGCC	-
155-CCAGCCACCCCCK	ZN770_HUMAN.H11MO.1.C	1	0.000703938	0.541328	0.0615025	10	CCAGCCACCCCCT	CTCAGCCTCCC	-
155-CCAGCCACCCCCK	EGR2_HUMAN.H11MO.0.A	2	0.000739435	0.568626	0.0615025	13	CCAGCCACCCCCT	CCCCTCCCACACCCCCCC	-
155-CCAGCCACCCCCK	WT1_HUMAN.H11MO.0.C	4	0.000765455	0.588635	0.0615025	13	CCAGCCACCCCCT	CCCCCCCTCCTCCCCCGCCC	-
155-CCAGCCACCCCCK	PRDM4_HUMAN.H11MO.0.D	3	0.000806912	0.620515	0.0615025	13	CCAGCCACCCCCT	TTTCAAGGCCCCCCAC	-
155-CCAGCCACCCCCK	TBX1_HUMAN.H11MO.0.D	0	0.000814333	0.626222	0.0615025	13	CCAGCCACCCCCT	CCGCCCACCCCTGCCCACCC	-
155-CCAGCCACCCCCK	KLF3_HUMAN.H11MO.0.B	1	0.000830232	0.638448	0.0615025	13	CCAGCCACCCCCT	CCCGGCCCCGCCCCTCCCC	-
155-CCAGCCACCCCCK	ZN148_HUMAN.H11MO.0.D	1	0.000863944	0.664373	0.0615025	13	CCAGCCACCCCCT	CCCCTCCCCCACCCC	-
155-CCAGCCACCCCCK	KLF6_HUMAN.H11MO.0.A	3	0.000938427	0.72165	0.0637682	13	CCAGCCACCCCCT	CCCCCGGCCCCGCCCTTCC	-
155-CCAGCCACCCCCK	SALL4_HUMAN.H11MO.0.B	-3	0.001037	0.797455	0.0674029	10	CCAGCCACCCCCT	CCCACCCTCC	-
155-CCAGCCACCCCCK	MAZ_HUMAN.H11MO.1.A	-1	0.00115983	0.891906	0.0700781	11	CCAGCCACCCCCT	CCCCCTCCCTC	-
155-CCAGCCACCCCCK	SP2_HUMAN.H11MO.0.A	8	0.00117191	0.901202	0.0700781	13	CCAGCCACCCCCT	CCCCCGGCCCCGCCCCCCCCCC	-
155-CCAGCCACCCCCK	GLI2_HUMAN.H11MO.0.D	3	0.001311	1.00816	0.07338	8	CCAGCCACCCCCT	AGACCACCCAC	-
155-CCAGCCACCCCCK	SP3_HUMAN.H11MO.0.B	4	0.0013253	1.01916	0.07338	13	CCAGCCACCCCCT	CCCCGGCCCCGCCCCCCCCC	-
155-CCAGCCACCCCCK	GLI3_HUMAN.H11MO.0.B	-1	0.00148053	1.13852	0.0773122	11	CCAGCCACCCCCT	GGACCACCCAA	-
155-CCAGCCACCCCCK	ZIC1_HUMAN.H11MO.0.B	-2	0.00149975	1.15331	0.0773122	9	CCAGCCACCCCCT	GACCACCCC	-
155-CCAGCCACCCCCK	WT1_HUMAN.H11MO.1.B	-1	0.0015728	1.20949	0.0783753	11	CCAGCCACCCCCT	CCTCCTCCCAC	-
155-CCAGCCACCCCCK	SP2_HUMAN.H11MO.1.B	-1	0.00217393	1.67175	0.104836	12	CCAGCCACCCCCT	GCCCCGCCCCCT	-
155-CCAGCCACCCCCK	MAZ_HUMAN.H11MO.0.A	10	0.00253738	1.95124	0.115505	12	CCAGCCACCCCCT	CCCCCCCCCCCCCCCCTCCCCC	-
155-CCAGCCACCCCCK	SP1_HUMAN.H11MO.1.A	1	0.00254969	1.96071	0.115505	13	CCAGCCACCCCCT	CGGCCCCGCCCCCC	-
155-CCAGCCACCCCCK	GLI1_HUMAN.H11MO.0.D	-1	0.00289356	2.22514	0.127227	12	CCAGCCACCCCCT	AGACCACCCAGG	-
155-CCAGCCACCCCCK	SP4_HUMAN.H11MO.1.A	4	0.00309178	2.37758	0.132059	12	CCAGCCACCCCCT	CGGCCCCGCCCCCTCC	-
155-CCAGCCACCCCCK	PURA_HUMAN.H11MO.0.D	1	0.00336891	2.59069	0.13638	13	CCAGCCACCCCCT	CCCTGCCCCCCCCTTCC	-
155-CCAGCCACCCCCK	HXB1_HUMAN.H11MO.0.D	0	0.00337541	2.59569	0.13638	10	CCAGCCACCCCCT	CCATCCATCA	-
155-CCAGCCACCCCCK	TBX3_HUMAN.H11MO.0.C	-1	0.00358187	2.75446	0.140914	11	CCAGCCACCCCCT	TTCCCACCTCC	-
155-CCAGCCACCCCCK	KLF15_HUMAN.H11MO.0.A	2	0.00402986	3.09896	0.154473	13	CCAGCCACCCCCT	CCCCCCCCTGCTCCTCCCC	-
155-CCAGCCACCCCCK	ZBT17_HUMAN.H11MO.0.A	4	0.00475728	3.65834	0.177797	13	CCAGCCACCCCCT	CTTCCCCTCCCCCACCCTC	-
155-CCAGCCACCCCCK	ZBT7A_HUMAN.H11MO.0.A	-3	0.00502792	3.86647	0.183329	9	CCAGCCACCCCCT	GAGACCCCC	-
155-CCAGCCACCCCCK	PATZ1_HUMAN.H11MO.0.C	5	0.00559498	4.30254	0.194517	13	CCAGCCACCCCCT	CCTCCCCCCCCGCCCCCTCCCC	-
155-CCAGCCACCCCCK	ZN770_HUMAN.H11MO.0.C	12	0.00559498	4.30254	0.194517	10	CCAGCCACCCCCT	GATCCTCCCGCCTCAGCCTCCC	-
155-CCAGCCACCCCCK	KLF14_HUMAN.H11MO.0.D	1	0.00573746	4.41211	0.194645	12	CCAGCCACCCCCT	GCCACGCCCCCCT	-
155-CCAGCCACCCCCK	ZN329_HUMAN.H11MO.0.C	6	0.00585907	4.50563	0.194645	13	CCAGCCACCCCCT	CTGGATCCAGCCATGCCTGA	+
155-CCAGCCACCCCCK	ZN784_HUMAN.H11MO.0.D	0	0.00628099	4.83008	0.195241	11	CCAGCCACCCCCT	GTACCTACCTC	-
155-CCAGCCACCCCCK	KLF9_HUMAN.H11MO.0.C	3	0.0063026	4.8467	0.195241	12	CCAGCCACCCCCT	GGCCACGCCCCCTCC	-
155-CCAGCCACCCCCK	Z324A_HUMAN.H11MO.0.C	3	0.00637968	4.90597	0.195241	13	CCAGCCACCCCCT	TATCAAACCATCCTTTGCTGCCA	+
155-CCAGCCACCCCCK	PROX1_HUMAN.H11MO.0.D	2	0.00649081	4.99143	0.195241	13	CCAGCCACCCCCT	CCCAACCCGCCTTACCC	-
155-CCAGCCACCCCCK	ZN320_HUMAN.H11MO.0.C	8	0.00653001	5.02158	0.195241	12	CCAGCCACCCCCT	CACTGGCCCCCTGGTCCCAC	-
155-CCAGCCACCCCCK	HXA1_HUMAN.H11MO.0.C	-1	0.0071867	5.52657	0.204936	10	CCAGCCACCCCCT	CATCCATCAA	-
155-CCAGCCACCCCCK	RUNX2_HUMAN.H11MO.0.A	1	0.00719158	5.53032	0.204936	13	CCAGCCACCCCCT	AAAAACCACAGACA	-
155-CCAGCCACCCCCK	KLF12_HUMAN.H11MO.0.C	-3	0.00740262	5.69262	0.204936	10	CCAGCCACCCCCT	GCCCCGCCCCT	-
155-CCAGCCACCCCCK	EGR3_HUMAN.H11MO.0.D	-4	0.00740262	5.69262	0.204936	9	CCAGCCACCCCCT	ACACCCACTCT	-
155-CCAGCCACCCCCK	GLIS3_HUMAN.H11MO.0.D	-2	0.00804373	6.18563	0.218636	10	CCAGCCACCCCCT	TACCCCCCAC	-
155-CCAGCCACCCCCK	SP1_HUMAN.H11MO.0.A	7	0.00862837	6.63521	0.230339	13	CCAGCCACCCCCT	CCCCCCCCCGGCCCCGCCCCCC	-
155-CCAGCCACCCCCK	ZBTB4_HUMAN.H11MO.0.D	1	0.00988851	7.60426	0.257545	13	CCAGCCACCCCCT	CCCACCTGCCATCTAGG	-
155-CCAGCCACCCCCK	SP4_HUMAN.H11MO.0.A	6	0.00999207	7.6839	0.257545	13	CCAGCCACCCCCT	CCCGGCCCCGCCCCCTTCCC	-
155-CCAGCCACCCCCK	ZNF76_HUMAN.H11MO.0.C	10	0.0106612	8.19847	0.264211	12	CCAGCCACCCCCT	ACTACAATTCCCAGAATGCCCC	-
155-CCAGCCACCCCCK	ZN263_HUMAN.H11MO.1.A	-1	0.0107809	8.29051	0.264211	11	CCAGCCACCCCCT	CCTCCTCCCTC	-
155-CCAGCCACCCCCK	KLF13_HUMAN.H11MO.0.D	-3	0.0107809	8.29051	0.264211	10	CCAGCCACCCCCT	CACGCCCCCCT	-
155-CCAGCCACCCCCK	VEZF1_HUMAN.H11MO.1.C	-1	0.011205	8.61665	0.265496	12	CCAGCCACCCCCT	CCCCCTCCCTCT	-
155-CCAGCCACCCCCK	GLIS1_HUMAN.H11MO.0.D	3	0.011337	8.71817	0.265496	10	CCAGCCACCCCCT	AGACCCCCCACGA	-
155-CCAGCCACCCCCK	XBP1_HUMAN.H11MO.0.D	-3	0.0113661	8.74052	0.265496	10	CCAGCCACCCCCT	GCCACGTCAGC	-
155-CCAGCCACCCCCK	TFDP1_HUMAN.H11MO.0.C	4	0.0120627	9.27619	0.277432	10	CCAGCCACCCCCT	TTTTCCCGCCCCCC	-
155-CCAGCCACCCCCK	ZN449_HUMAN.H11MO.0.C	4	0.0126254	9.70893	0.285975	7	CCAGCCACCCCCT	AAGCCCAACCA	-
155-CCAGCCACCCCCK	ZSC22_HUMAN.H11MO.0.C	-1	0.013705	10.5391	0.305795	12	CCAGCCACCCCCT	CCTCCTCCCTCAGACC	-
155-CCAGCCACCCCCK	VEZF1_HUMAN.H11MO.0.C	4	0.0145511	11.1898	0.315262	13	CCAGCCACCCCCT	CCCCTCCCCCTCCCCCCTCCCC	-
155-CCAGCCACCCCCK	ZN467_HUMAN.H11MO.0.C	11	0.0145511	11.1898	0.315262	11	CCAGCCACCCCCT	CCCCCCCCCCCCTCCCCTCCCC	-
155-CCAGCCACCCCCK	SRBP2_HUMAN.H11MO.0.B	3	0.0153522	11.8058	0.327868	10	CCAGCCACCCCCT	CCTCACCCCACCC	-
155-CCAGCCACCCCCK	HIC1_HUMAN.H11MO.0.C	-2	0.0160813	12.3665	0.338601	9	CCAGCCACCCCCT	GGGCAACCC	-
155-CCAGCCACCCCCK	TBX20_HUMAN.H11MO.0.D	1	0.0171243	13.1686	0.355554	13	CCAGCCACCCCCT	ACCTGTCAGCACCT	-
155-CCAGCCACCCCCK	ZN341_HUMAN.H11MO.0.C	6	0.0178291	13.7106	0.365118	13	CCAGCCACCCCCT	GCTCTTCCCTCCCCCCCCCCCC	-
155-CCAGCCACCCCCK	E2F4_HUMAN.H11MO.0.A	1	0.0196586	15.1174	0.39429	12	CCAGCCACCCCCT	ATTTCCCGCCCCC	-
155-CCAGCCACCCCCK	PATZ1_HUMAN.H11MO.1.C	-4	0.0200268	15.4006	0.39429	9	CCAGCCACCCCCT	CCCCTCCCT	-
155-CCAGCCACCCCCK	MESP1_HUMAN.H11MO.0.D	-1	0.0200449	15.4145	0.39429	11	CCAGCCACCCCCT	TCCACACCTGC	-
155-CCAGCCACCCCCK	TAF1_HUMAN.H11MO.0.A	2	0.0203768	15.6698	0.395614	13	CCAGCCACCCCCT	CCGCCGCCGCCATCTT	-
155-CCAGCCACCCCCK	E2F1_HUMAN.H11MO.0.A	4	0.0218643	16.8136	0.419051	10	CCAGCCACCCCCT	CTTTCCCGCCCCCC	-
155-CCAGCCACCCCCK	P53_HUMAN.H11MO.0.A	8	0.0224847	17.2907	0.425488	12	CCAGCCACCCCCT	AGACATGCCCAGACATGCCC	+
155-CCAGCCACCCCCK	SNAI1_HUMAN.H11MO.0.C	-4	0.023378	17.9777	0.436862	8	CCAGCCACCCCCT	CCACCTGG	-
155-CCAGCCACCCCCK	ZIC4_HUMAN.H11MO.0.D	-2	0.0246859	18.9835	0.455607	11	CCAGCCACCCCCT	GACCCCCCGCTGTGC	-
155-CCAGCCACCCCCK	P53_HUMAN.H11MO.1.A	1	0.0262762	20.2064	0.479043	12	CCAGCCACCCCCT	CCCAGGCATGTCC	-
156-CAATGTCCCCT	ZN816_HUMAN.H11MO.0.C	4	0.000124309	0.0955939	0.191188	11	CAATGTCCCCT	CCCTGCATGTCCCCCTTTTTT	-
156-CAATGTCCCCT	ZN816_HUMAN.H11MO.1.C	1	0.000376473	0.289508	0.289508	11	CAATGTCCCCT	TGCATGTCCCCCTT	-
157-GCTCAGCCTCCC	ZN770_HUMAN.H11MO.1.C	-1	4.68023e-07	0.00035991	0.000710631	11	GCTCAGCCTCCC	CTCAGCCTCCC	-
157-GCTCAGCCTCCC	ZN770_HUMAN.H11MO.0.C	10	5.08969e-06	0.00391397	0.00386401	12	GCTCAGCCTCCC	GATCCTCCCGCCTCAGCCTCCC	-
157-GCTCAGCCTCCC	SP2_HUMAN.H11MO.1.B	0	0.000569821	0.438193	0.279304	12	GCTCAGCCTCCC	GCCCCGCCCCCT	-
157-GCTCAGCCTCCC	EGR4_HUMAN.H11MO.0.D	0	0.000735801	0.565831	0.279304	11	GCTCAGCCTCCC	GCCCTGCCGCC	-
157-GCTCAGCCTCCC	WT1_HUMAN.H11MO.0.C	2	0.000957696	0.736468	0.290827	12	GCTCAGCCTCCC	CCCCCCCTCCTCCCCCGCCC	-
157-GCTCAGCCTCCC	WT1_HUMAN.H11MO.1.B	-3	0.00126056	0.96937	0.318999	9	GCTCAGCCTCCC	CCTCCTCCCAC	-
157-GCTCAGCCTCCC	SP1_HUMAN.H11MO.1.A	2	0.0022533	1.73279	0.390665	12	GCTCAGCCTCCC	CGGCCCCGCCCCCC	-
157-GCTCAGCCTCCC	ZN219_HUMAN.H11MO.0.D	-2	0.00236963	1.82225	0.390665	10	GCTCAGCCTCCC	TCCGCCCCCCTC	-
157-GCTCAGCCTCCC	ZN768_HUMAN.H11MO.0.C	0	0.00238663	1.83532	0.390665	12	GCTCAGCCTCCC	ACTTAACCTCTCTGAGCCTC	-
157-GCTCAGCCTCCC	MAZ_HUMAN.H11MO.1.A	-3	0.00314865	2.42131	0.390665	9	GCTCAGCCTCCC	CCCCCTCCCTC	-
157-GCTCAGCCTCCC	MAF_HUMAN.H11MO.1.B	0	0.00321043	2.46882	0.390665	8	GCTCAGCCTCCC	AGTCAGCA	-
157-GCTCAGCCTCCC	SP2_HUMAN.H11MO.0.A	6	0.00355763	2.73582	0.390665	12	GCTCAGCCTCCC	CCCCCGGCCCCGCCCCCCCCCC	-
157-GCTCAGCCTCCC	MAFG_HUMAN.H11MO.1.A	0	0.00365417	2.81005	0.390665	8	GCTCAGCCTCCC	ACTCAGCA	-
157-GCTCAGCCTCCC	SP1_HUMAN.H11MO.0.A	10	0.00375655	2.88879	0.390665	12	GCTCAGCCTCCC	CCCCCCCCCGGCCCCGCCCCCC	-
157-GCTCAGCCTCCC	SALL4_HUMAN.H11MO.0.B	-1	0.00409437	3.14857	0.390665	10	GCTCAGCCTCCC	CCCACCCTCC	-
157-GCTCAGCCTCCC	SP4_HUMAN.H11MO.0.A	4	0.00411669	3.16573	0.390665	12	GCTCAGCCTCCC	CCCGGCCCCGCCCCCTTCCC	-
157-GCTCAGCCTCCC	ZN467_HUMAN.H11MO.0.C	9	0.00546803	4.20492	0.449323	12	GCTCAGCCTCCC	CCCCCCCCCCCCTCCCCTCCCC	-
157-GCTCAGCCTCCC	SP4_HUMAN.H11MO.1.A	2	0.0058607	4.50688	0.449323	12	GCTCAGCCTCCC	CGGCCCCGCCCCCTCC	-
157-GCTCAGCCTCCC	ZN263_HUMAN.H11MO.1.A	-3	0.00605023	4.65263	0.449323	9	GCTCAGCCTCCC	CCTCCTCCCTC	-
157-GCTCAGCCTCCC	ZN449_HUMAN.H11MO.0.C	2	0.00605023	4.65263	0.449323	9	GCTCAGCCTCCC	AAGCCCAACCA	-
157-GCTCAGCCTCCC	ZN708_HUMAN.H11MO.1.D	0	0.00632547	4.86429	0.449323	9	GCTCAGCCTCCC	GCTGTACCT	-
157-GCTCAGCCTCCC	ZN263_HUMAN.H11MO.0.A	8	0.00661494	5.08689	0.449323	12	GCTCAGCCTCCC	CTCCTCCTCTCCCTCCTCCC	-
157-GCTCAGCCTCCC	ZN331_HUMAN.H11MO.0.C	7	0.00696627	5.35706	0.449323	12	GCTCAGCCTCCC	CCACCCAGCTGAGCCCAGCC	-
157-GCTCAGCCTCCC	ZN554_HUMAN.H11MO.1.D	2	0.0071022	5.46159	0.449323	7	GCTCAGCCTCCC	TGGCTCTGC	-
157-GCTCAGCCTCCC	MAZ_HUMAN.H11MO.0.A	8	0.00748712	5.7576	0.454728	12	GCTCAGCCTCCC	CCCCCCCCCCCCCCCCTCCCCC	-
157-GCTCAGCCTCCC	KLF5_HUMAN.H11MO.0.A	-1	0.00789144	6.06852	0.457824	11	GCTCAGCCTCCC	CCCAGCCCCACCCT	-
157-GCTCAGCCTCCC	TBX15_HUMAN.H11MO.0.D	1	0.00814115	6.26054	0.457824	12	GCTCAGCCTCCC	CCCCCACCCCCCCCCCCCC	-
157-GCTCAGCCTCCC	CRX_HUMAN.H11MO.0.B	0	0.00927672	7.13379	0.48757	12	GCTCAGCCTCCC	CCTAATCCTCTTA	-
157-GCTCAGCCTCCC	VEZF1_HUMAN.H11MO.0.C	2	0.00967741	7.44193	0.48757	12	GCTCAGCCTCCC	CCCCTCCCCCTCCCCCCTCCCC	-
157-GCTCAGCCTCCC	IKZF1_HUMAN.H11MO.0.C	-6	0.00987318	7.59247	0.48757	6	GCTCAGCCTCCC	TCTCCCAA	-
157-GCTCAGCCTCCC	SP3_HUMAN.H11MO.0.B	5	0.00995456	7.65506	0.48757	12	GCTCAGCCTCCC	CCCCGGCCCCGCCCCCCCCC	-
157-GCTCAGCCTCCC	ESR1_HUMAN.H11MO.0.A	1	0.0105703	8.12854	0.490419	12	GCTCAGCCTCCC	AGGTCACCCTGACCT	+
157-GCTCAGCCTCCC	PATZ1_HUMAN.H11MO.1.C	-4	0.0111745	8.59315	0.490419	8	GCTCAGCCTCCC	CCCCTCCCT	-
157-GCTCAGCCTCCC	GSC2_HUMAN.H11MO.0.D	0	0.0113047	8.6933	0.490419	11	GCTCAGCCTCCC	CCTAATCCGCT	-
157-GCTCAGCCTCCC	KLF12_HUMAN.H11MO.0.C	0	0.0113047	8.6933	0.490419	11	GCTCAGCCTCCC	GCCCCGCCCCT	-
159-CCCTTACCARGG	RFX2_HUMAN.H11MO.1.A	0	0.000444908	0.342134	0.328791	12	CCCTTACCAGGG	CGGTTGCCATGG	+
159-CCCTTACCARGG	ZBT7B_HUMAN.H11MO.0.D	2	0.000526008	0.4045	0.328791	12	CCCTTACCAGGG	CGCCGTTGCCATGGCAACGGG	+
159-CCCTTACCARGG	REST_HUMAN.H11MO.0.A	3	0.000749535	0.576393	0.328791	12	CCCTTACCAGGG	GGGCGCTGTCCATGGTGCTGAA	-
159-CCCTTACCARGG	RFX1_HUMAN.H11MO.1.B	-1	0.000856968	0.659008	0.328791	11	CCCTTACCAGGG	GGTTGCCATGG	+
159-CCCTTACCARGG	RFX1_HUMAN.H11MO.0.B	4	0.00118446	0.910847	0.363551	12	CCCTTACCAGGG	GCCCCGGTTGCCATGGCGACGG	+
159-CCCTTACCARGG	RFX2_HUMAN.H11MO.0.A	0	0.00170139	1.30837	0.435179	12	CCCTTACCAGGG	CGGTTGCCATGGCAACGG	+
162-AGGATCAGAG	ZN768_HUMAN.H11MO.0.C	1	0.000189289	0.145563	0.291126	10	AGGATCAGAG	GAGGCTCAGAGAGGTTAAGT	+
164-ATTTATTAAATA	HXC6_HUMAN.H11MO.0.D	3	4.30824e-05	0.0331304	0.0628601	12	ATTTATTAAATA	ATGATTTATTACTTT	+
164-ATTTATTAAATA	LHX3_HUMAN.H11MO.0.C	0	0.000105435	0.0810794	0.0769183	12	ATTTATTAAATA	ATTAATTAATTTT	-
164-ATTTATTAAATA	ZFHX3_HUMAN.H11MO.0.D	-1	0.000275139	0.211582	0.113508	11	ATTTATTAAATA	ATTAATAATTA	+
164-ATTTATTAAATA	HNF1B_HUMAN.H11MO.1.A	0	0.000311179	0.239297	0.113508	11	ATTTATTAAATA	AATCATTAACT	-
164-ATTTATTAAATA	PAX7_HUMAN.H11MO.0.D	2	0.000762277	0.586191	0.16538	9	ATTTATTAAATA	TAATTGATTAT	+
164-ATTTATTAAATA	DUXA_HUMAN.H11MO.0.D	-2	0.000807846	0.621234	0.16538	10	ATTTATTAAATA	TGATTAAATTA	+
164-ATTTATTAAATA	PO4F3_HUMAN.H11MO.0.D	-2	0.00106718	0.820662	0.17301	10	ATTTATTAAATA	TCATTAATTATTCAT	+
164-ATTTATTAAATA	RAX2_HUMAN.H11MO.0.D	-1	0.00126641	0.973866	0.177252	11	ATTTATTAAATA	CTAATTAAATTA	+
164-ATTTATTAAATA	UNC4_HUMAN.H11MO.0.D	-2	0.001428	1.09813	0.177252	10	ATTTATTAAATA	TAATTAAATTA	-
164-ATTTATTAAATA	ALX4_HUMAN.H11MO.0.D	-1	0.00148895	1.145	0.177252	11	ATTTATTAAATA	TTAATTAAATTA	+
164-ATTTATTAAATA	ALX3_HUMAN.H11MO.0.D	-2	0.00159662	1.2278	0.177252	10	ATTTATTAAATA	TAATTAAATTA	+
164-ATTTATTAAATA	PAX3_HUMAN.H11MO.0.D	4	0.00181338	1.39449	0.177252	9	ATTTATTAAATA	GATAATCGATTAA	+
164-ATTTATTAAATA	HNF1B_HUMAN.H11MO.0.A	4	0.00182224	1.4013	0.177252	11	ATTTATTAAATA	GGTTAATCATTAACC	-
164-ATTTATTAAATA	LMX1B_HUMAN.H11MO.0.D	6	0.0020979	1.61329	0.191311	12	ATTTATTAAATA	AAATAAATCAATTAATTA	-
164-ATTTATTAAATA	LHX4_HUMAN.H11MO.0.D	-1	0.00275851	2.12129	0.215316	11	ATTTATTAAATA	CTAATTAACTT	-
164-ATTTATTAAATA	NKX62_HUMAN.H11MO.0.D	0	0.00275851	2.12129	0.215316	11	ATTTATTAAATA	GGTAATTAATT	-
164-ATTTATTAAATA	HXB8_HUMAN.H11MO.0.C	-1	0.00291056	2.23822	0.215316	11	ATTTATTAAATA	TTGATTAATGC	+
164-ATTTATTAAATA	EMX2_HUMAN.H11MO.0.D	0	0.00295143	2.26965	0.215316	12	ATTTATTAAATA	ATTAGCTAATTA	-
164-ATTTATTAAATA	EMX1_HUMAN.H11MO.0.D	0	0.00327104	2.51543	0.218898	12	ATTTATTAAATA	ATTAGCTAATTA	-
164-ATTTATTAAATA	MIXL1_HUMAN.H11MO.0.D	0	0.00341506	2.62618	0.218898	11	ATTTATTAAATA	GTTAATTAGAT	+
164-ATTTATTAAATA	DRGX_HUMAN.H11MO.0.D	-2	0.00360062	2.76888	0.218898	10	ATTTATTAAATA	TAATTAAATTA	-
164-ATTTATTAAATA	HXA9_HUMAN.H11MO.0.B	3	0.00360062	2.76888	0.218898	8	ATTTATTAAATA	ATGATTTATGG	+
164-ATTTATTAAATA	PHX2A_HUMAN.H11MO.0.D	-2	0.00421534	3.2416	0.232628	10	ATTTATTAAATA	TAATTAAATTA	-
164-ATTTATTAAATA	HXB7_HUMAN.H11MO.0.C	-1	0.00456757	3.51246	0.232628	10	ATTTATTAAATA	TTGATTAATG	+
164-ATTTATTAAATA	RX_HUMAN.H11MO.0.D	-1	0.00574859	4.42066	0.232628	11	ATTTATTAAATA	TTAATTAGCAA	+
164-ATTTATTAAATA	PHX2B_HUMAN.H11MO.0.D	-2	0.00574859	4.42066	0.232628	10	ATTTATTAAATA	TAATTAAATTA	-
164-ATTTATTAAATA	HNF1A_HUMAN.H11MO.0.C	4	0.0058486	4.49757	0.232628	11	ATTTATTAAATA	GGTTAATGATTAACT	+
164-ATTTATTAAATA	HXA5_HUMAN.H11MO.0.D	-1	0.00597564	4.59527	0.232628	10	ATTTATTAAATA	TTGATTAATG	+
164-ATTTATTAAATA	ARX_HUMAN.H11MO.0.D	-1	0.00611023	4.69876	0.232628	11	ATTTATTAAATA	CTAATTAAATTAA	-
164-ATTTATTAAATA	HXB6_HUMAN.H11MO.0.D	4	0.00611023	4.69876	0.232628	9	ATTTATTAAATA	AATGATTGATGCA	+
164-ATTTATTAAATA	PO4F1_HUMAN.H11MO.0.D	1	0.00611583	4.70308	0.232628	12	ATTTATTAAATA	CATTAATTATTCAT	+
164-ATTTATTAAATA	NOTO_HUMAN.H11MO.0.D	0	0.00636539	4.89498	0.232628	11	ATTTATTAAATA	GTTAATTAGGT	+
164-ATTTATTAAATA	PRRX2_HUMAN.H11MO.0.C	-2	0.00663718	5.10399	0.232628	7	ATTTATTAAATA	CAATTAA	-
164-ATTTATTAAATA	HXB13_HUMAN.H11MO.0.A	0	0.00664371	5.10901	0.232628	10	ATTTATTAAATA	TTTTATTGGC	+
164-ATTTATTAAATA	FOXF1_HUMAN.H11MO.0.D	2	0.00669632	5.14947	0.232628	9	ATTTATTAAATA	ATGTTTATTTT	+
164-ATTTATTAAATA	HBP1_HUMAN.H11MO.0.D	0	0.00788034	6.05998	0.237696	9	ATTTATTAAATA	ATTCATTGA	+
164-ATTTATTAAATA	HXD13_HUMAN.H11MO.0.D	-1	0.0081861	6.29511	0.237696	11	ATTTATTAAATA	TTTATTAGGGA	+
164-ATTTATTAAATA	HXC12_HUMAN.H11MO.0.D	1	0.00841237	6.46911	0.237696	11	ATTTATTAAATA	TTTTTATGACCT	+
164-ATTTATTAAATA	BARX2_HUMAN.H11MO.0.D	-2	0.00862724	6.63435	0.237696	10	ATTTATTAAATA	CAATTAATGA	-
164-ATTTATTAAATA	PAX4_HUMAN.H11MO.0.D	0	0.00882682	6.78783	0.237696	12	ATTTATTAAATA	GCGAATTAGTTA	-
164-ATTTATTAAATA	HXA2_HUMAN.H11MO.0.D	0	0.00904101	6.95254	0.237696	11	ATTTATTAAATA	GGTAATTAGCG	+
164-ATTTATTAAATA	FOXJ2_HUMAN.H11MO.0.C	1	0.00908431	6.98584	0.237696	9	ATTTATTAAATA	TGTTTATTTA	+
164-ATTTATTAAATA	LMX1A_HUMAN.H11MO.0.D	7	0.00916302	7.04636	0.237696	12	ATTTATTAAATA	ATAATTAAATAATTAATTA	-
164-ATTTATTAAATA	HXA10_HUMAN.H11MO.0.C	4	0.00926017	7.12107	0.237696	8	ATTTATTAAATA	GATAATTTATGA	+
164-ATTTATTAAATA	HXD4_HUMAN.H11MO.0.D	-1	0.00961166	7.39137	0.237696	8	ATTTATTAAATA	TTAATTGA	+
164-ATTTATTAAATA	MEOX2_HUMAN.H11MO.0.D	2	0.0104792	8.0585	0.250653	9	ATTTATTAAATA	ATCATAATTAA	-
164-ATTTATTAAATA	MEIS1_HUMAN.H11MO.0.A	3	0.0106816	8.21415	0.250862	9	ATTTATTAAATA	ATGATTTATGGC	+
164-ATTTATTAAATA	PDX1_HUMAN.H11MO.1.A	-1	0.0108653	8.35545	0.250862	9	ATTTATTAAATA	ATAATTAAT	-
164-ATTTATTAAATA	DUX4_HUMAN.H11MO.0.A	-2	0.0110037	8.46185	0.250862	10	ATTTATTAAATA	TGATTAGGTTA	+
164-ATTTATTAAATA	PO4F2_HUMAN.H11MO.0.D	2	0.0118955	9.14766	0.2653	11	ATTTATTAAATA	CAGCTCATTAATA	-
164-ATTTATTAAATA	NR2E1_HUMAN.H11MO.0.D	5	0.0127799	9.82775	0.266382	12	ATTTATTAAATA	AATTGACTTTTTGACTT	-
164-ATTTATTAAATA	HXD9_HUMAN.H11MO.0.D	2	0.0143261	11.0168	0.289727	8	ATTTATTAAATA	AATTTTATTA	+
164-ATTTATTAAATA	HXD11_HUMAN.H11MO.0.D	1	0.0146942	11.2998	0.289727	10	ATTTATTAAATA	TTTTTATTACT	+
164-ATTTATTAAATA	HNF6_HUMAN.H11MO.0.B	3	0.0146942	11.2998	0.289727	8	ATTTATTAAATA	TTTATTGATTT	+
164-ATTTATTAAATA	FOXL1_HUMAN.H11MO.0.D	5	0.0153739	11.8225	0.291992	12	ATTTATTAAATA	TGTTTGTTTGTTTACTTTT	+
164-ATTTATTAAATA	PO6F2_HUMAN.H11MO.0.D	1	0.01541	11.8503	0.291992	10	ATTTATTAAATA	AGCTAATTAAC	-
164-ATTTATTAAATA	VSX1_HUMAN.H11MO.0.D	2	0.0156501	12.0349	0.291992	12	ATTTATTAAATA	AAATTAGCTAATTA	-
164-ATTTATTAAATA	HXC9_HUMAN.H11MO.0.C	0	0.0166152	12.7771	0.291992	10	ATTTATTAAATA	TTTTATTGCC	+
164-ATTTATTAAATA	CPEB1_HUMAN.H11MO.0.D	1	0.0168331	12.9447	0.291992	12	ATTTATTAAATA	TTTTTATTTTTTTTTTT	+
164-ATTTATTAAATA	SHOX_HUMAN.H11MO.0.D	4	0.0168331	12.9447	0.291992	12	ATTTATTAAATA	AAAAATTAACTAATTAG	-
164-ATTTATTAAATA	HXD3_HUMAN.H11MO.0.D	0	0.0169388	13.026	0.291992	11	ATTTATTAAATA	CCTAATTAACC	-
164-ATTTATTAAATA	LHX2_HUMAN.H11MO.0.A	1	0.0170104	13.081	0.291992	11	ATTTATTAAATA	AACTAATTAAAA	-
164-ATTTATTAAATA	SHOX2_HUMAN.H11MO.0.D	4	0.0176136	13.5449	0.298596	12	ATTTATTAAATA	TAAAATTAACTAATTAG	-
164-ATTTATTAAATA	VSX2_HUMAN.H11MO.0.D	-1	0.0178044	13.6916	0.298596	11	ATTTATTAAATA	TTAATTAGCTTC	+
164-ATTTATTAAATA	CDC5L_HUMAN.H11MO.0.D	1	0.0188295	14.4799	0.308692	12	ATTTATTAAATA	ATTATGTTAAATCAC	-
164-ATTTATTAAATA	NOBOX_HUMAN.H11MO.0.C	0	0.0191719	14.7432	0.310812	9	ATTTATTAAATA	ACCAATTAG	-
164-ATTTATTAAATA	HME1_HUMAN.H11MO.0.D	3	0.0210791	16.2098	0.325456	12	ATTTATTAAATA	ATAATTGGGTAATTAGC	-
164-ATTTATTAAATA	HXC8_HUMAN.H11MO.0.D	4	0.0214135	16.467	0.325456	10	ATTTATTAAATA	GGGCATCAATCAAA	-
164-ATTTATTAAATA	ISX_HUMAN.H11MO.0.D	-1	0.0219987	16.917	0.329682	11	ATTTATTAAATA	TTAATTAGCTTAAATT	+
164-ATTTATTAAATA	HXD12_HUMAN.H11MO.0.D	2	0.0224015	17.2267	0.329682	9	ATTTATTAAATA	AATTTTATTAC	+
164-ATTTATTAAATA	PROP1_HUMAN.H11MO.0.D	-2	0.023455	18.0369	0.329682	10	ATTTATTAAATA	TAATTGAATTA	+
164-ATTTATTAAATA	MSX1_HUMAN.H11MO.0.D	2	0.0237455	18.2603	0.329965	12	ATTTATTAAATA	CCAATTAAAAACCAATTA	-
164-ATTTATTAAATA	PO6F1_HUMAN.H11MO.0.D	4	0.0245034	18.8431	0.331715	9	ATTTATTAAATA	CATAATTTATGCA	+
164-ATTTATTAAATA	ZBT49_HUMAN.H11MO.0.D	-1	0.0245535	18.8817	0.331715	11	ATTTATTAAATA	CCAATTAGCGC	-
164-ATTTATTAAATA	DLX2_HUMAN.H11MO.0.D	2	0.0253131	19.4658	0.334789	6	ATTTATTAAATA	ATAATTAT	-
164-ATTTATTAAATA	ONEC3_HUMAN.H11MO.0.D	5	0.0254942	19.605	0.334789	7	ATTTATTAAATA	TATTGATTTTTT	+
164-ATTTATTAAATA	LBX2_HUMAN.H11MO.0.D	0	0.0256989	19.7624	0.334789	11	ATTTATTAAATA	GTTAATTAGGT	+
164-ATTTATTAAATA	CDX1_HUMAN.H11MO.0.C	0	0.0266446	20.4897	0.341173	8	ATTTATTAAATA	ATTTATGT	+
164-ATTTATTAAATA	BSH_HUMAN.H11MO.0.D	-2	0.0266566	20.4989	0.341173	10	ATTTATTAAATA	CAATTAACTCATTA	-
164-ATTTATTAAATA	LHX9_HUMAN.H11MO.0.D	5	0.0270971	20.8377	0.343796	12	ATTTATTAAATA	TAATTAATAGCTAATTAG	-
164-ATTTATTAAATA	FOXQ1_HUMAN.H11MO.0.C	4	0.027842	21.4105	0.347208	8	ATTTATTAAATA	TATTGTTTATTT	+
164-ATTTATTAAATA	FOXB1_HUMAN.H11MO.0.D	3	0.0286748	22.051	0.354564	12	ATTTATTAAATA	GTCAATATTTACATAAC	+
164-ATTTATTAAATA	DMBX1_HUMAN.H11MO.0.D	1	0.0303555	23.3434	0.366924	12	ATTTATTAAATA	AATTAATTAGATTATAATTA	-
164-ATTTATTAAATA	PIT1_HUMAN.H11MO.0.C	0	0.0317837	24.4417	0.366924	12	ATTTATTAAATA	ATATATTCATGAG	-
164-ATTTATTAAATA	HMX3_HUMAN.H11MO.0.D	0	0.0321892	24.7535	0.366924	11	ATTTATTAAATA	AGCAATTAACG	-
164-ATTTATTAAATA	ONEC2_HUMAN.H11MO.0.D	4	0.0393405	30.2529	0.431583	12	ATTTATTAAATA	GTCTTGTTATTGATTTTTTTT	+
164-ATTTATTAAATA	GBX1_HUMAN.H11MO.0.D	4	0.0403374	31.0195	0.439216	12	ATTTATTAAATA	AAATTTTAGCTAATTAG	-
164-ATTTATTAAATA	VAX2_HUMAN.H11MO.0.D	1	0.0419063	32.2259	0.448471	12	ATTTATTAAATA	CACTAATTACCCTATT	-
164-ATTTATTAAATA	HXB3_HUMAN.H11MO.0.D	5	0.0425239	32.7009	0.448471	9	ATTTATTAAATA	TAAAAACTAATTAA	-
164-ATTTATTAAATA	FOXC1_HUMAN.H11MO.0.C	1	0.0427242	32.8549	0.448471	12	ATTTATTAAATA	CATTGTTTACTTAAG	+
164-ATTTATTAAATA	PBX2_HUMAN.H11MO.0.C	3	0.0427242	32.8549	0.448471	12	ATTTATTAAATA	TAAATTGATTGATGG	+
164-ATTTATTAAATA	MSX2_HUMAN.H11MO.0.D	-1	0.0431908	33.2137	0.45013	7	ATTTATTAAATA	ACAATTA	-
164-ATTTATTAAATA	LHX6_HUMAN.H11MO.0.D	1	0.0445056	34.2248	0.460544	9	ATTTATTAAATA	CTCTGATTAC	+
164-ATTTATTAAATA	ESX1_HUMAN.H11MO.0.D	3	0.0457099	35.1509	0.469675	12	ATTTATTAAATA	AATTATTGCTAATTAGC	-
164-ATTTATTAAATA	CUX2_HUMAN.H11MO.0.D	-1	0.0497864	38.2857	0.49706	11	ATTTATTAAATA	TTCATTGATTT	-
164-ATTTATTAAATA	FOXO4_HUMAN.H11MO.0.C	-2	0.0500785	38.5104	0.49706	9	ATTTATTAAATA	TTGTTTATT	+
166-CATGTTGAAAC	DDIT3_HUMAN.H11MO.0.D	-1	0.000180956	0.139155	0.259806	10	CATGTTGAAAC	ATGATGCAAT	+
166-CATGTTGAAAC	BATF3_HUMAN.H11MO.0.B	4	0.000363533	0.279557	0.259806	11	CATGTTGAAAC	GAGTCATAATGAAACTG	-
166-CATGTTGAAAC	ATF4_HUMAN.H11MO.0.A	1	0.000506773	0.389708	0.259806	11	CATGTTGAAAC	AGATGATGCAAT	+
166-CATGTTGAAAC	CEBPG_HUMAN.H11MO.0.B	1	0.00092461	0.711025	0.355513	11	CATGTTGAAAC	GGATGATGCAAT	-
167-CCAGGAGAAA	ZN586_HUMAN.H11MO.0.C	4	0.000289669	0.222756	0.445511	10	CCAGGAGAAA	AGGCCTAGGAGGAAAAAATG	+
168-ACTACAGGTGTGCAC	SNAI1_HUMAN.H11MO.0.C	-3	8.17748e-05	0.0628848	0.106562	8	ACTACAGGTGTGCAC	CCAGGTGG	+
168-ACTACAGGTGTGCAC	MESP1_HUMAN.H11MO.0.D	-3	0.000267244	0.205511	0.106562	11	ACTACAGGTGTGCAC	GCAGGTGTGGA	+
168-ACTACAGGTGTGCAC	SCRT1_HUMAN.H11MO.0.D	0	0.000347302	0.267076	0.106562	13	ACTACAGGTGTGCAC	GCAACAGGTGGTT	+
168-ACTACAGGTGTGCAC	TBR1_HUMAN.H11MO.0.D	-3	0.00038654	0.297249	0.106562	12	ACTACAGGTGTGCAC	AAAGGTGTGAAAA	+
168-ACTACAGGTGTGCAC	SCRT2_HUMAN.H11MO.0.D	2	0.0004077	0.313521	0.106562	11	ACTACAGGTGTGCAC	ATGCAACAGGTGG	+
168-ACTACAGGTGTGCAC	SNAI2_HUMAN.H11MO.0.A	-2	0.000524074	0.403013	0.106562	10	ACTACAGGTGTGCAC	GGCAGGTGCA	+
168-ACTACAGGTGTGCAC	MYF6_HUMAN.H11MO.0.C	-3	0.000552785	0.425091	0.106562	7	ACTACAGGTGTGCAC	GCAGCTG	-
168-ACTACAGGTGTGCAC	FIGLA_HUMAN.H11MO.0.D	-1	0.000570775	0.438926	0.106562	11	ACTACAGGTGTGCAC	TAACAGGTGTT	+
168-ACTACAGGTGTGCAC	ZEB1_HUMAN.H11MO.0.A	-2	0.000628216	0.483098	0.106562	10	ACTACAGGTGTGCAC	GACAGGTGAG	+
168-ACTACAGGTGTGCAC	TFE2_HUMAN.H11MO.0.A	-1	0.000847573	0.651784	0.111747	11	ACTACAGGTGTGCAC	CTGCAGCTGTG	-
168-ACTACAGGTGTGCAC	TBX5_HUMAN.H11MO.0.D	-5	0.000911123	0.700653	0.111747	8	ACTACAGGTGTGCAC	AGGTGTGA	+
168-ACTACAGGTGTGCAC	ID4_HUMAN.H11MO.0.D	-2	0.00094737	0.728528	0.111747	11	ACTACAGGTGTGCAC	GACAGGTGTAA	+
168-ACTACAGGTGTGCAC	HTF4_HUMAN.H11MO.0.A	-2	0.000951576	0.731762	0.111747	10	ACTACAGGTGTGCAC	TGCAGCTGTG	+
168-ACTACAGGTGTGCAC	ZSCA4_HUMAN.H11MO.0.D	-4	0.00103164	0.793329	0.112495	11	ACTACAGGTGTGCAC	AGTGTGTGCACT	+
168-ACTACAGGTGTGCAC	ZBT18_HUMAN.H11MO.0.C	-2	0.00224915	1.7296	0.228909	11	ACTACAGGTGTGCAC	TCCAGATGTGG	+
168-ACTACAGGTGTGCAC	ZNF18_HUMAN.H11MO.0.C	-6	0.00259555	1.99598	0.247654	9	ACTACAGGTGTGCAC	GGTGTGAACTGG	+
168-ACTACAGGTGTGCAC	TFAP4_HUMAN.H11MO.0.A	-3	0.00385604	2.96529	0.34628	10	ACTACAGGTGTGCAC	CCAGCTGTTT	+
168-ACTACAGGTGTGCAC	ITF2_HUMAN.H11MO.0.C	-2	0.00452312	3.47828	0.371161	10	ACTACAGGTGTGCAC	GGCAGCTGGG	+
168-ACTACAGGTGTGCAC	MYOD1_HUMAN.H11MO.1.A	-1	0.00461936	3.55229	0.371161	11	ACTACAGGTGTGCAC	CTGCAGCTGTC	+
168-ACTACAGGTGTGCAC	TWST1_HUMAN.H11MO.1.A	-2	0.00558037	4.29131	0.409953	10	ACTACAGGTGTGCAC	ACCAGATGTG	-
168-ACTACAGGTGTGCAC	TGIF2_HUMAN.H11MO.0.D	0	0.00563921	4.33656	0.409953	11	ACTACAGGTGTGCAC	ATGACAGCTGT	+
168-ACTACAGGTGTGCAC	MYOG_HUMAN.H11MO.0.B	-1	0.00703152	5.40724	0.459059	13	ACTACAGGTGTGCAC	CCGCAGCTGTCCC	+
168-ACTACAGGTGTGCAC	ASCL2_HUMAN.H11MO.0.D	-2	0.0072168	5.54972	0.459059	9	ACTACAGGTGTGCAC	AGCAGCTGG	-
168-ACTACAGGTGTGCAC	TBX2_HUMAN.H11MO.0.D	4	0.00761752	5.85788	0.465167	15	ACTACAGGTGTGCAC	TGCCATCAGAGGTGTGAAAAGCGAC	+
168-ACTACAGGTGTGCAC	ASCL1_HUMAN.H11MO.0.A	1	0.00883938	6.79748	0.499796	13	ACTACAGGTGTGCAC	GGGAGCAGGTGCAG	-
170-ATTAGCCGGGCAG	ZN549_HUMAN.H11MO.0.C	4	0.000171481	0.131869	0.263737	13	ATTAGCCGGGCAG	ATTCATGAATTGGGCAGCAC	+
170-ATTAGCCGGGCAG	ZSC31_HUMAN.H11MO.0.C	0	0.000492228	0.378523	0.378523	13	ATTAGCCGGGCAG	GGCAGCAGGGCAGTTATG	+
173-ACATTCTTG	TEAD2_HUMAN.H11MO.0.D	2	0.000587423	0.451729	0.452596	9	ACATTCTTG	CCACATTCCAGG	+
173-ACATTCTTG	HXB2_HUMAN.H11MO.0.D	4	0.000910642	0.700284	0.452596	9	ACATTCTTG	TAGAACATTCTAGAA	+
173-ACATTCTTG	HSF4_HUMAN.H11MO.0.D	4	0.00097157	0.747137	0.452596	9	ACATTCTTG	TAGAACGTTCTAGAA	+
173-ACATTCTTG	ZN136_HUMAN.H11MO.0.C	11	0.00117888	0.906561	0.452596	9	ACATTCTTG	TGCTGGATATAGTATTCTTGGTTG	+
173-ACATTCTTG	TEAD4_HUMAN.H11MO.0.A	0	0.00153003	1.1766	0.453046	9	ACATTCTTG	ACATTCCTGGCAT	+
173-ACATTCTTG	TEAD1_HUMAN.H11MO.0.A	0	0.00182434	1.40292	0.453046	9	ACATTCTTG	ACATTCCAGCCA	+
173-ACATTCTTG	SOX1_HUMAN.H11MO.0.D	7	0.00206509	1.58806	0.453046	9	ACATTCTTG	ATGAATAACATTCATC	-
174-CCTCATCCTCC	ZN770_HUMAN.H11MO.0.C	10	2.11756e-05	0.0162841	0.0321826	11	CCTCATCCTCC	GATCCTCCCGCCTCAGCCTCCC	-
174-CCTCATCCTCC	ZN263_HUMAN.H11MO.0.A	8	5.98125e-05	0.0459958	0.0454515	11	CCTCATCCTCC	CTCCTCCTCTCCCTCCTCCC	-
174-CCTCATCCTCC	ZN680_HUMAN.H11MO.0.C	0	0.000117788	0.0905792	0.0562099	11	CCTCATCCTCC	CCTCATTCTTCTTGGACATG	-
174-CCTCATCCTCC	ZN770_HUMAN.H11MO.1.C	-1	0.000147941	0.113766	0.0562099	10	CCTCATCCTCC	CTCAGCCTCCC	-
174-CCTCATCCTCC	WT1_HUMAN.H11MO.0.C	2	0.000226226	0.173968	0.0687636	11	CCTCATCCTCC	CCCCCCCTCCTCCCCCGCCC	-
174-CCTCATCCTCC	ZSC22_HUMAN.H11MO.0.C	0	0.000935405	0.719326	0.236938	11	CCTCATCCTCC	CCTCCTCCCTCAGACC	-
174-CCTCATCCTCC	ZN263_HUMAN.H11MO.1.A	0	0.00113083	0.869608	0.245519	11	CCTCATCCTCC	CCTCCTCCCTC	-
174-CCTCATCCTCC	CRX_HUMAN.H11MO.0.B	0	0.00165011	1.26893	0.299473	11	CCTCATCCTCC	CCTAATCCTCTTA	-
174-CCTCATCCTCC	ZN467_HUMAN.H11MO.0.C	9	0.00195634	1.50442	0.299473	11	CCTCATCCTCC	CCCCCCCCCCCCTCCCCTCCCC	-
174-CCTCATCCTCC	GSC2_HUMAN.H11MO.0.D	0	0.00197048	1.5153	0.299473	11	CCTCATCCTCC	CCTAATCCGCT	-
174-CCTCATCCTCC	ZN281_HUMAN.H11MO.0.A	3	0.00244905	1.88332	0.306787	11	CCTCATCCTCC	TCCCCTCCCCCACCC	-
174-CCTCATCCTCC	KLF15_HUMAN.H11MO.0.A	6	0.00262597	2.01937	0.306787	11	CCTCATCCTCC	CCCCCCCCTGCTCCTCCCC	-
174-CCTCATCCTCC	MAZ_HUMAN.H11MO.0.A	8	0.00273683	2.10463	0.306787	11	CCTCATCCTCC	CCCCCCCCCCCCCCCCTCCCCC	-
174-CCTCATCCTCC	ZN436_HUMAN.H11MO.0.C	-3	0.00282605	2.17323	0.306787	8	CCTCATCCTCC	CCTCCTCCAGGAAGCCTTCCCTGA	-
174-CCTCATCCTCC	WT1_HUMAN.H11MO.1.B	-3	0.00355425	2.73322	0.328998	8	CCTCATCCTCC	CCTCCTCCCAC	-
174-CCTCATCCTCC	VEZF1_HUMAN.H11MO.0.C	2	0.00360016	2.76852	0.328998	11	CCTCATCCTCC	CCCCTCCCCCTCCCCCCTCCCC	-
174-CCTCATCCTCC	ERG_HUMAN.H11MO.0.A	0	0.00368008	2.82998	0.328998	11	CCTCATCCTCC	CCACTTCCTGCCC	-
174-CCTCATCCTCC	OTX2_HUMAN.H11MO.0.A	0	0.00394781	3.03587	0.333326	11	CCTCATCCTCC	GTTAATCCCCT	-
174-CCTCATCCTCC	VEZF1_HUMAN.H11MO.1.C	0	0.00429215	3.30066	0.343326	11	CCTCATCCTCC	CCCCCTCCCTCT	-
174-CCTCATCCTCC	GSC_HUMAN.H11MO.0.D	0	0.0048602	3.73749	0.369326	11	CCTCATCCTCC	GCTAATCCCTT	-
174-CCTCATCCTCC	ETS1_HUMAN.H11MO.0.A	0	0.00555042	4.26828	0.401691	11	CCTCATCCTCC	CCACTTCCTGTCT	-
174-CCTCATCCTCC	SALL4_HUMAN.H11MO.0.B	-1	0.00624589	4.80309	0.418303	10	CCTCATCCTCC	CCCACCCTCC	-
174-CCTCATCCTCC	ZFX_HUMAN.H11MO.1.A	6	0.00640527	4.92565	0.418303	11	CCTCATCCTCC	CCCCGGCCTCCGCCCCC	-
174-CCTCATCCTCC	ZBT17_HUMAN.H11MO.0.A	5	0.00681999	5.24457	0.418303	11	CCTCATCCTCC	CTTCCCCTCCCCCACCCTC	-
174-CCTCATCCTCC	RHXF1_HUMAN.H11MO.0.D	0	0.00694599	5.34147	0.418303	11	CCTCATCCTCC	GTTAATCCCCG	-
174-CCTCATCCTCC	ETV5_HUMAN.H11MO.0.C	1	0.00715614	5.50307	0.418303	11	CCTCATCCTCC	CTCACTTCCTGCTC	-
174-CCTCATCCTCC	FLI1_HUMAN.H11MO.0.A	3	0.00754987	5.80585	0.424973	11	CCTCATCCTCC	TCCCTCCTTCCTTCCTCC	-
174-CCTCATCCTCC	FLI1_HUMAN.H11MO.1.A	0	0.00787975	6.05953	0.427701	11	CCTCATCCTCC	CCACTTCCTGCCT	-
178-AGCTCAAGTGAT	TFE3_HUMAN.H11MO.0.B	-1	0.000295153	0.226973	0.398758	10	AGCTCAAGTGAT	GGTCACGTGA	+
178-AGCTCAAGTGAT	MITF_HUMAN.H11MO.0.A	-1	0.00114224	0.878384	0.469865	10	AGCTCAAGTGAT	GGTCACGTGA	-
178-AGCTCAAGTGAT	NKX23_HUMAN.H11MO.0.D	-2	0.00179501	1.38036	0.469865	10	AGCTCAAGTGAT	GTTAAGTGGTT	+
178-AGCTCAAGTGAT	USF1_HUMAN.H11MO.0.A	-1	0.00206522	1.58815	0.469865	11	AGCTCAAGTGAT	GGTCACGTGACC	-
178-AGCTCAAGTGAT	TFEB_HUMAN.H11MO.0.C	-1	0.00237965	1.82995	0.469865	9	AGCTCAAGTGAT	GGTCACGTG	+
178-AGCTCAAGTGAT	BHE40_HUMAN.H11MO.0.A	-2	0.00269628	2.07344	0.469865	10	AGCTCAAGTGAT	GTCACGTGCC	-
178-AGCTCAAGTGAT	MLX_HUMAN.H11MO.0.D	-3	0.00276092	2.12315	0.469865	9	AGCTCAAGTGAT	GCACGTGATCA	-
178-AGCTCAAGTGAT	NR6A1_HUMAN.H11MO.0.B	1	0.00338722	2.60477	0.471642	12	AGCTCAAGTGAT	AAGTTCAAGGTCA	+
178-AGCTCAAGTGAT	NKX32_HUMAN.H11MO.0.C	-3	0.00396286	3.04744	0.486221	9	AGCTCAAGTGAT	TTAAGTGTTT	+
180-ATTTCCTTTCC	ZN394_HUMAN.H11MO.1.D	-1	0.000250229	0.192426	0.203566	9	ATTTCCTTTCC	ATTCCATTC	-
180-ATTTCCTTTCC	IRF4_HUMAN.H11MO.0.A	1	0.000637763	0.490439	0.203566	11	ATTTCCTTTCC	AGTTTCACTTCCTCTTTT	-
180-ATTTCCTTTCC	IRF8_HUMAN.H11MO.0.B	3	0.000653579	0.502603	0.203566	11	ATTTCCTTTCC	TTACTTTCACTTCCTCTTTT	-
180-ATTTCCTTTCC	STAT1_HUMAN.H11MO.1.A	6	0.000668916	0.514396	0.203566	11	ATTTCCTTTCC	CTTTCAGTTTCATTTTCTT	-
180-ATTTCCTTTCC	STAT2_HUMAN.H11MO.0.A	6	0.000668916	0.514396	0.203566	11	ATTTCCTTTCC	CTTTCAGTTTCATTTTCCT	-
180-ATTTCCTTTCC	ETV6_HUMAN.H11MO.0.D	0	0.000996205	0.766082	0.252639	9	ATTTCCTTTCC	ACTTCCTGT	-
180-ATTTCCTTTCC	IRF5_HUMAN.H11MO.0.D	10	0.00118306	0.909774	0.257165	10	ATTTCCTTTCC	TCACTTTTGGCTTTCCTTTA	-
180-ATTTCCTTTCC	IRF7_HUMAN.H11MO.0.C	0	0.00199431	1.53362	0.282602	10	ATTTCCTTTCC	TTTCACTTTC	-
180-ATTTCCTTTCC	ETV5_HUMAN.H11MO.0.C	3	0.00231216	1.77805	0.282602	11	ATTTCCTTTCC	CTCACTTCCTGCTC	-
180-ATTTCCTTTCC	FLI1_HUMAN.H11MO.1.A	2	0.00231329	1.77892	0.282602	11	ATTTCCTTTCC	CCACTTCCTGCCT	-
180-ATTTCCTTTCC	ETV4_HUMAN.H11MO.0.B	1	0.00234206	1.80104	0.282602	10	ATTTCCTTTCC	CCCTTCCTGTT	-
180-ATTTCCTTTCC	ERG_HUMAN.H11MO.0.A	2	0.00257563	1.98066	0.282602	11	ATTTCCTTTCC	CCACTTCCTGCCC	-
180-ATTTCCTTTCC	ETV7_HUMAN.H11MO.0.D	-1	0.00268289	2.06314	0.282602	7	ATTTCCTTTCC	CTTCCTG	-
180-ATTTCCTTTCC	REL_HUMAN.H11MO.0.B	4	0.00291461	2.24133	0.282602	11	ATTTCCTTTCC	TGGAATTTCCCTTCA	-
180-ATTTCCTTTCC	NFAC1_HUMAN.H11MO.1.B	1	0.00330064	2.53819	0.282602	9	ATTTCCTTTCC	TTTTTCCATT	-
180-ATTTCCTTTCC	FLI1_HUMAN.H11MO.0.A	5	0.00350302	2.69382	0.282602	11	ATTTCCTTTCC	TCCCTCCTTCCTTCCTCC	-
180-ATTTCCTTTCC	IRF9_HUMAN.H11MO.0.C	1	0.00353059	2.71502	0.282602	11	ATTTCCTTTCC	AGTTTCGCTTTC	-
180-ATTTCCTTTCC	ZN502_HUMAN.H11MO.0.C	0	0.00363538	2.79561	0.282602	11	ATTTCCTTTCC	GATTCCATTCGATTCCATTC	-
180-ATTTCCTTTCC	ETS1_HUMAN.H11MO.0.A	2	0.00392827	3.02084	0.282602	11	ATTTCCTTTCC	CCACTTCCTGTCT	-
180-ATTTCCTTTCC	ETV2_HUMAN.H11MO.0.B	3	0.00397231	3.05471	0.282602	11	ATTTCCTTTCC	CCCACTTCCTGTTTCC	-
180-ATTTCCTTTCC	SMCA5_HUMAN.H11MO.0.C	0	0.00400512	3.07994	0.282602	11	ATTTCCTTTCC	GATTCCATTCCATTC	-
180-ATTTCCTTTCC	ZN140_HUMAN.H11MO.0.C	11	0.00420589	3.23433	0.282602	11	ATTTCCTTTCC	TATGACCCAGCAATTCCGCTCCTA	+
180-ATTTCCTTTCC	IRF3_HUMAN.H11MO.0.B	9	0.00427169	3.28493	0.282602	11	ATTTCCTTTCC	TCACTTTCCCTTTCCCTTTC	-
180-ATTTCCTTTCC	BC11A_HUMAN.H11MO.0.A	0	0.00452471	3.4795	0.286868	11	ATTTCCTTTCC	TTTTCACTTCCTCTTTT	-
180-ATTTCCTTTCC	PRDM1_HUMAN.H11MO.0.A	3	0.0053634	4.12445	0.32644	11	ATTTCCTTTCC	TCACTTTCACTTTC	-
180-ATTTCCTTTCC	PRDM6_HUMAN.H11MO.0.C	3	0.00622716	4.78869	0.364435	10	ATTTCCTTTCC	TTTTTTTCTTTTT	-
180-ATTTCCTTTCC	PO2F1_HUMAN.H11MO.0.C	2	0.00700962	5.3904	0.395033	11	ATTTCCTTTCC	TTATTTGCATTCGATT	-
180-ATTTCCTTTCC	FOXM1_HUMAN.H11MO.0.A	1	0.00797817	6.13521	0.406941	11	ATTTCCTTTCC	TGTTTGCTTTGC	+
180-ATTTCCTTTCC	IRF1_HUMAN.H11MO.0.A	3	0.00799754	6.15011	0.406941	11	ATTTCCTTTCC	TTACTTTCACTTTCATTTTC	-
180-ATTTCCTTTCC	ELF3_HUMAN.H11MO.0.A	2	0.00802323	6.16987	0.406941	11	ATTTCCTTTCC	CCACTTCCTGGTTC	-
180-ATTTCCTTTCC	NFAT5_HUMAN.H11MO.0.D	2	0.00902501	6.94024	0.427937	9	ATTTCCTTTCC	CCTTTTCCTCT	-
180-ATTTCCTTTCC	NFAC1_HUMAN.H11MO.0.B	2	0.00949586	7.30231	0.427937	11	ATTTCCTTTCC	TTTCTTTTTTTCCAT	-
180-ATTTCCTTTCC	NR4A1_HUMAN.H11MO.0.A	0	0.00961025	7.39028	0.427937	9	ATTTCCTTTCC	CTGACCTTT	-
180-ATTTCCTTTCC	IRF2_HUMAN.H11MO.0.A	3	0.00979437	7.53187	0.427937	11	ATTTCCTTTCC	TTACTTTCACTTTCACTTTC	-
180-ATTTCCTTTCC	PPARG_HUMAN.H11MO.1.A	-1	0.0101355	7.79421	0.427937	9	ATTTCCTTTCC	TGACCTTTG	-
180-ATTTCCTTTCC	ZFP28_HUMAN.H11MO.0.C	4	0.0102983	7.91942	0.427937	11	ATTTCCTTTCC	TTCTATTTCTTCTTGTGTCA	+
180-ATTTCCTTTCC	NFAC4_HUMAN.H11MO.0.C	-2	0.0105489	8.11212	0.427937	9	ATTTCCTTTCC	AAATTTTCCT	-
180-ATTTCCTTTCC	NR4A2_HUMAN.H11MO.0.C	0	0.0106871	8.21839	0.427937	9	ATTTCCTTTCC	GTGACCTTT	-
180-ATTTCCTTTCC	SPIB_HUMAN.H11MO.0.A	-1	0.0112776	8.67247	0.440002	10	ATTTCCTTTCC	TTTCACTTCCTCTTTTT	-
185-ATTTTTAGACAAAT	MEF2D_HUMAN.H11MO.0.A	4	0.000214541	0.164982	0.329963	8	ATTTTTAGACAAAT	TGCTATTTTTAG	+
188-CACAGAGAC	ZN768_HUMAN.H11MO.0.C	4	0.00018374	0.141296	0.282593	9	CACAGAGAC	GAGGCTCAGAGAGGTTAAGT	+
189-GAGGGCTGGAGAG	ZBTB4_HUMAN.H11MO.0.D	4	0.000250065	0.1923	0.151483	13	GAGGGCTGGAGAG	CCTAGATGGCAGGTGGG	+
189-GAGGGCTGGAGAG	E2F3_HUMAN.H11MO.0.A	-1	0.000310716	0.23894	0.151483	11	GAGGGCTGGAGAG	AGGGCGGGAAA	+
189-GAGGGCTGGAGAG	TFDP1_HUMAN.H11MO.0.C	1	0.000408996	0.314518	0.151483	13	GAGGGCTGGAGAG	GGGGGGCGGGAAAA	+
189-GAGGGCTGGAGAG	E2F4_HUMAN.H11MO.0.A	0	0.000409862	0.315184	0.151483	13	GAGGGCTGGAGAG	GGGGGCGGGAAAT	+
189-GAGGGCTGGAGAG	E2F1_HUMAN.H11MO.0.A	1	0.000549565	0.422615	0.151483	13	GAGGGCTGGAGAG	GGGGGGCGGGAAAG	+
189-GAGGGCTGGAGAG	TBX1_HUMAN.H11MO.0.D	2	0.000681337	0.523948	0.151483	13	GAGGGCTGGAGAG	GGGTGGGCAGGGGTGGGCGG	+
189-GAGGGCTGGAGAG	E2F6_HUMAN.H11MO.0.A	-1	0.000696962	0.535964	0.151483	12	GAGGGCTGGAGAG	GGGGCGGGAAGGG	+
189-GAGGGCTGGAGAG	OZF_HUMAN.H11MO.0.C	4	0.000977213	0.751477	0.185845	13	GAGGGCTGGAGAG	TTTTCATGGCTGCATAGTATTCCA	+
189-GAGGGCTGGAGAG	E2F7_HUMAN.H11MO.0.B	-1	0.00182308	1.40195	0.308187	12	GAGGGCTGGAGAG	GGGGCGGGAAAGG	+
190-CATATGGCAA	OLIG3_HUMAN.H11MO.0.D	3	9.58237e-05	0.0736884	0.147251	8	CATATGGCAA	AAACATATGGT	-
191-AGGACCACAG	RUNX1_HUMAN.H11MO.0.A	0	0.000261068	0.200761	0.228571	10	AGGACCACAG	GAAACCACAGA	-
191-AGGACCACAG	RUNX3_HUMAN.H11MO.0.A	-1	0.000363333	0.279403	0.228571	9	AGGACCACAG	AAACCACAAA	-
191-AGGACCACAG	PEBB_HUMAN.H11MO.0.C	0	0.000629575	0.484143	0.228571	10	AGGACCACAG	CAAACCACAGA	-
191-AGGACCACAG	GLI2_HUMAN.H11MO.0.D	-1	0.000629575	0.484143	0.228571	9	AGGACCACAG	AGACCACCCAC	-
191-AGGACCACAG	RUNX2_HUMAN.H11MO.0.A	1	0.000743714	0.571916	0.228571	10	AGGACCACAG	AAAAACCACAGACA	-
193-AAATAGCTGG	TFAP4_HUMAN.H11MO.0.A	0	0.000610139	0.469197	0.37916	10	AAATAGCTGG	AAACAGCTGG	-
193-AAATAGCTGG	MEF2D_HUMAN.H11MO.0.A	4	0.000732988	0.563668	0.37916	8	AAATAGCTGG	CTAAAAATAGCA	-
193-AAATAGCTGG	BHA15_HUMAN.H11MO.0.B	1	0.000931192	0.716087	0.37916	10	AAATAGCTGG	GCAGCAGCTGG	+
193-AAATAGCTGG	VSX2_HUMAN.H11MO.0.D	2	0.00111347	0.85626	0.37916	10	AAATAGCTGG	TTAATTAGCTTC	+
193-AAATAGCTGG	MEF2C_HUMAN.H11MO.0.A	5	0.00124546	0.957758	0.37916	8	AAATAGCTGG	GCTAAAAATAGCA	-
193-AAATAGCTGG	MEF2A_HUMAN.H11MO.0.A	5	0.00148432	1.14144	0.37916	8	AAATAGCTGG	GCTAAAAATAGAA	-
193-AAATAGCTGG	MEF2B_HUMAN.H11MO.0.A	4	0.00189373	1.45628	0.414637	10	AAATAGCTGG	CCAAAAATAGCAAC	-
195-CCAGAGTGCTGG	REST_HUMAN.H11MO.0.A	9	0.000185374	0.142553	0.285106	12	CCAGAGTGCTGG	GGGCGCTGTCCATGGTGCTGAA	-
195-CCAGAGTGCTGG	ZBTB4_HUMAN.H11MO.0.D	1	0.000562554	0.432604	0.432604	12	CCAGAGTGCTGG	CCTAGATGGCAGGTGGG	+
196-CAGCCCAGCCC	ZN449_HUMAN.H11MO.0.C	0	4.18139e-06	0.00321549	0.00637924	11	CAGCCCAGCCC	AAGCCCAACCA	-
196-CAGCCCAGCCC	SP1_HUMAN.H11MO.1.A	0	1.98562e-05	0.0152694	0.0151466	11	CAGCCCAGCCC	CGGCCCCGCCCCCC	-
196-CAGCCCAGCCC	SP1_HUMAN.H11MO.0.A	8	3.14236e-05	0.0241648	0.0159803	11	CAGCCCAGCCC	CCCCCCCCCGGCCCCGCCCCCC	-
196-CAGCCCAGCCC	ZN331_HUMAN.H11MO.0.C	5	4.64921e-05	0.0357524	0.0177324	11	CAGCCCAGCCC	CCACCCAGCTGAGCCCAGCC	-
196-CAGCCCAGCCC	KLF12_HUMAN.H11MO.0.C	-2	7.45007e-05	0.057291	0.0227321	9	CAGCCCAGCCC	GCCCCGCCCCT	-
196-CAGCCCAGCCC	TBX1_HUMAN.H11MO.0.D	5	0.000431887	0.332121	0.0900835	11	CAGCCCAGCCC	CCGCCCACCCCTGCCCACCC	-
196-CAGCCCAGCCC	KLF5_HUMAN.H11MO.0.A	2	0.00047482	0.365136	0.0900835	11	CAGCCCAGCCC	CCCAGCCCCACCCT	-
196-CAGCCCAGCCC	KLF1_HUMAN.H11MO.0.A	2	0.00050379	0.387415	0.0900835	11	CAGCCCAGCCC	CCCGGCCCCGCCCC	-
196-CAGCCCAGCCC	KLF3_HUMAN.H11MO.0.B	2	0.000531421	0.408663	0.0900835	11	CAGCCCAGCCC	CCCGGCCCCGCCCCTCCCC	-
196-CAGCCCAGCCC	SP4_HUMAN.H11MO.1.A	0	0.000631621	0.485716	0.0963618	11	CAGCCCAGCCC	CGGCCCCGCCCCCTCC	-
196-CAGCCCAGCCC	SP2_HUMAN.H11MO.0.A	4	0.000783042	0.602159	0.100448	11	CAGCCCAGCCC	CCCCCGGCCCCGCCCCCCCCCC	-
196-CAGCCCAGCCC	SP3_HUMAN.H11MO.0.B	3	0.000790088	0.607578	0.100448	11	CAGCCCAGCCC	CCCCGGCCCCGCCCCCCCCC	-
196-CAGCCCAGCCC	SP2_HUMAN.H11MO.1.B	-2	0.00134061	1.03093	0.157329	9	CAGCCCAGCCC	GCCCCGCCCCCT	-
196-CAGCCCAGCCC	KLF6_HUMAN.H11MO.0.A	4	0.00190993	1.46874	0.191892	11	CAGCCCAGCCC	CCCCCGGCCCCGCCCTTCC	-
196-CAGCCCAGCCC	SP4_HUMAN.H11MO.0.A	2	0.00198683	1.52788	0.191892	11	CAGCCCAGCCC	CCCGGCCCCGCCCCCTTCCC	-
196-CAGCCCAGCCC	KLF4_HUMAN.H11MO.0.A	-2	0.00201246	1.54758	0.191892	9	CAGCCCAGCCC	GCCACACCCT	-
196-CAGCCCAGCCC	EGR4_HUMAN.H11MO.0.D	-2	0.0024798	1.90697	0.222545	9	CAGCCCAGCCC	GCCCTGCCGCC	-
196-CAGCCCAGCCC	KLF16_HUMAN.H11MO.0.D	6	0.00330702	2.5431	0.280293	11	CAGCCCAGCCC	CCCCCCCCCCCCCGCCCCC	-
196-CAGCCCAGCCC	MAZ_HUMAN.H11MO.1.A	-2	0.00359926	2.76783	0.289007	9	CAGCCCAGCCC	CCCCCTCCCTC	-
196-CAGCCCAGCCC	KLF9_HUMAN.H11MO.0.C	-1	0.00491984	3.78336	0.375292	10	CAGCCCAGCCC	GGCCACGCCCCCTCC	-
196-CAGCCCAGCCC	HAND1_HUMAN.H11MO.1.D	-4	0.00580173	4.46153	0.411585	7	CAGCCCAGCCC	CCAGGCC	-
196-CAGCCCAGCCC	ZN281_HUMAN.H11MO.0.A	-2	0.00603497	4.64089	0.411585	9	CAGCCCAGCCC	TCCCCTCCCCCACCC	-
196-CAGCCCAGCCC	GLI1_HUMAN.H11MO.0.D	-1	0.00620495	4.77161	0.411585	10	CAGCCCAGCCC	AGACCACCCAGG	-
196-CAGCCCAGCCC	ZN219_HUMAN.H11MO.0.D	1	0.00652454	5.01737	0.414751	11	CAGCCCAGCCC	TCCGCCCCCCTC	-
196-CAGCCCAGCCC	HEN1_HUMAN.H11MO.0.C	7	0.00719443	5.53252	0.423553	11	CAGCCCAGCCC	AGGGACGCAGCTGCTCCCCA	-
196-CAGCCCAGCCC	SRBP2_HUMAN.H11MO.0.B	3	0.00721825	5.55084	0.423553	10	CAGCCCAGCCC	CCTCACCCCACCC	-
196-CAGCCCAGCCC	ZSC31_HUMAN.H11MO.0.C	5	0.00803367	6.17789	0.45394	11	CAGCCCAGCCC	CATAACTGCCCTGCTGCC	-
196-CAGCCCAGCCC	SALL4_HUMAN.H11MO.0.B	-3	0.00862704	6.63419	0.470059	8	CAGCCCAGCCC	CCCACCCTCC	-
196-CAGCCCAGCCC	TBX15_HUMAN.H11MO.0.D	3	0.0093504	7.19046	0.491905	11	CAGCCCAGCCC	CCCCCACCCCCCCCCCCCC	-
198-ACCTTTAAC	RXRG_HUMAN.H11MO.0.B	3	5.20796e-06	0.00400492	0.00599304	9	ACCTTTAAC	GTGACCTTTGACC	-
198-ACCTTTAAC	ZN232_HUMAN.H11MO.0.D	9	7.82043e-06	0.00601391	0.00599304	9	ACCTTTAAC	ACTTAATCTACATTTAACA	-
198-ACCTTTAAC	NR1H2_HUMAN.H11MO.0.D	5	2.10281e-05	0.0161706	0.010743	9	ACCTTTAAC	CGTTGACCTTTGACCTTTA	-
198-ACCTTTAAC	NR6A1_HUMAN.H11MO.0.B	2	0.000220582	0.169627	0.0845193	9	ACCTTTAAC	TGACCTTGAACTT	-
198-ACCTTTAAC	PPARD_HUMAN.H11MO.0.D	2	0.000678398	0.521688	0.207951	9	ACCTTTAAC	TGACCTTTGTCCTA	-
198-ACCTTTAAC	HNF1B_HUMAN.H11MO.1.A	1	0.00159848	1.22923	0.350078	9	ACCTTTAAC	AATCATTAACT	-
198-ACCTTTAAC	NR4A2_HUMAN.H11MO.0.C	3	0.00159888	1.22954	0.350078	6	ACCTTTAAC	GTGACCTTT	-
198-ACCTTTAAC	PPARA_HUMAN.H11MO.0.B	2	0.00212287	1.63248	0.352084	9	ACCTTTAAC	TGACCTTTGCCCCAGTT	-
198-ACCTTTAAC	NR4A3_HUMAN.H11MO.0.D	3	0.00229211	1.76264	0.352084	7	ACCTTTAAC	CTGACCTTTG	-
198-ACCTTTAAC	ERR3_HUMAN.H11MO.0.B	2	0.00229721	1.76655	0.352084	7	ACCTTTAAC	TGACCTTGA	-
198-ACCTTTAAC	PPARG_HUMAN.H11MO.0.A	2	0.00325497	2.50307	0.453525	9	ACCTTTAAC	TGACCTTTGCCCCACTT	-
200-AGCCGCAGG	AP2C_HUMAN.H11MO.0.A	1	0.000266106	0.204636	0.406715	9	AGCCGCAGG	TGGCCTCAGGGCAT	-
200-AGCCGCAGG	ZSC31_HUMAN.H11MO.0.C	0	0.000529342	0.407064	0.406715	9	AGCCGCAGG	GGCAGCAGGGCAGTTATG	+
200-AGCCGCAGG	AP2A_HUMAN.H11MO.0.A	2	0.000956463	0.73552	0.489927	9	AGCCGCAGG	ATGGCCTCAGGGCAT	-
200-AGCCGCAGG	AP2D_HUMAN.H11MO.0.D	3	0.00129555	0.996278	0.497713	9	AGCCGCAGG	ACGCGCCTCGGGCG	-
202-AATGGAGTC	ZN502_HUMAN.H11MO.0.C	11	4.55588e-05	0.0350347	0.0700694	9	AATGGAGTC	GAATGGAATCGAATGGAATC	+
202-AATGGAGTC	SMCA5_HUMAN.H11MO.0.C	6	0.000373076	0.286895	0.286895	9	AATGGAGTC	GAATGGAATGGAATC	+
203-ACCTCCCCTCCC	ZN467_HUMAN.H11MO.0.C	9	2.25068e-05	0.0173077	0.0166153	12	ACCTCCCCTCCC	CCCCCCCCCCCCTCCCCTCCCC	-
203-ACCTCCCCTCCC	PATZ1_HUMAN.H11MO.1.C	-4	2.31192e-05	0.0177786	0.0166153	8	ACCTCCCCTCCC	CCCCTCCCT	-
203-ACCTCCCCTCCC	MAZ_HUMAN.H11MO.1.A	-3	4.08857e-05	0.0314411	0.0166153	9	ACCTCCCCTCCC	CCCCCTCCCTC	-
203-ACCTCCCCTCCC	ZN281_HUMAN.H11MO.0.A	-3	4.46246e-05	0.0343163	0.0166153	9	ACCTCCCCTCCC	TCCCCTCCCCCACCC	-
203-ACCTCCCCTCCC	TBX1_HUMAN.H11MO.0.D	8	9.88771e-05	0.0760365	0.0294523	12	ACCTCCCCTCCC	CCGCCCACCCCTGCCCACCC	-
203-ACCTCCCCTCCC	WT1_HUMAN.H11MO.0.C	2	0.000128809	0.0990543	0.0319735	12	ACCTCCCCTCCC	CCCCCCCTCCTCCCCCGCCC	-
203-ACCTCCCCTCCC	KLF5_HUMAN.H11MO.0.A	1	0.000216575	0.166546	0.0388477	12	ACCTCCCCTCCC	CCCAGCCCCACCCT	-
203-ACCTCCCCTCCC	ZN219_HUMAN.H11MO.0.D	0	0.000226524	0.174197	0.0388477	12	ACCTCCCCTCCC	TCCGCCCCCCTC	-
203-ACCTCCCCTCCC	ZBT17_HUMAN.H11MO.0.A	-1	0.000234755	0.180526	0.0388477	11	ACCTCCCCTCCC	CTTCCCCTCCCCCACCCTC	-
203-ACCTCCCCTCCC	SP4_HUMAN.H11MO.1.A	-1	0.000307807	0.236704	0.0442729	11	ACCTCCCCTCCC	CGGCCCCGCCCCCTCC	-
203-ACCTCCCCTCCC	ZN740_HUMAN.H11MO.0.D	0	0.000353268	0.271663	0.0442729	12	ACCTCCCCTCCC	CCCACCCCCCCCCC	-
203-ACCTCCCCTCCC	MAZ_HUMAN.H11MO.0.A	8	0.000379799	0.292066	0.0442729	12	ACCTCCCCTCCC	CCCCCCCCCCCCCCCCTCCCCC	-
203-ACCTCCCCTCCC	KLF16_HUMAN.H11MO.0.D	5	0.000386445	0.297176	0.0442729	12	ACCTCCCCTCCC	CCCCCCCCCCCCCGCCCCC	-
203-ACCTCCCCTCCC	KLF15_HUMAN.H11MO.0.A	6	0.000590945	0.454437	0.0598862	12	ACCTCCCCTCCC	CCCCCCCCTGCTCCTCCCC	-
203-ACCTCCCCTCCC	SP1_HUMAN.H11MO.1.A	-1	0.000603148	0.463821	0.0598862	11	ACCTCCCCTCCC	CGGCCCCGCCCCCC	-
203-ACCTCCCCTCCC	SP3_HUMAN.H11MO.0.B	2	0.000697426	0.536321	0.0619103	12	ACCTCCCCTCCC	CCCCGGCCCCGCCCCCCCCC	-
203-ACCTCCCCTCCC	TBX15_HUMAN.H11MO.0.D	2	0.000706673	0.543431	0.0619103	12	ACCTCCCCTCCC	CCCCCACCCCCCCCCCCCC	-
203-ACCTCCCCTCCC	ZN148_HUMAN.H11MO.0.D	-4	0.000795309	0.611593	0.0658048	8	ACCTCCCCTCCC	CCCCTCCCCCACCCC	-
203-ACCTCCCCTCCC	KLF6_HUMAN.H11MO.0.A	3	0.000894358	0.687761	0.0673452	12	ACCTCCCCTCCC	CCCCCGGCCCCGCCCTTCC	-
203-ACCTCCCCTCCC	KLF1_HUMAN.H11MO.0.A	1	0.000904363	0.695455	0.0673452	12	ACCTCCCCTCCC	CCCGGCCCCGCCCC	-
203-ACCTCCCCTCCC	KLF12_HUMAN.H11MO.0.C	-3	0.00111211	0.855211	0.0788717	9	ACCTCCCCTCCC	GCCCCGCCCCT	-
203-ACCTCCCCTCCC	ZN768_HUMAN.H11MO.0.C	0	0.00125265	0.963284	0.0834874	12	ACCTCCCCTCCC	ACTTAACCTCTCTGAGCCTC	-
203-ACCTCCCCTCCC	ZIC1_HUMAN.H11MO.0.B	1	0.0012893	0.991474	0.0834874	8	ACCTCCCCTCCC	GACCACCCC	-
203-ACCTCCCCTCCC	KLF3_HUMAN.H11MO.0.B	1	0.00141849	1.09082	0.0861152	12	ACCTCCCCTCCC	CCCGGCCCCGCCCCTCCCC	-
203-ACCTCCCCTCCC	WT1_HUMAN.H11MO.1.B	-3	0.00148943	1.14537	0.0861152	9	ACCTCCCCTCCC	CCTCCTCCCAC	-
203-ACCTCCCCTCCC	KLF4_HUMAN.H11MO.0.A	-3	0.00150335	1.15607	0.0861152	9	ACCTCCCCTCCC	GCCACACCCT	-
203-ACCTCCCCTCCC	VEZF1_HUMAN.H11MO.1.C	-3	0.00220388	1.69479	0.118789	9	ACCTCCCCTCCC	CCCCCTCCCTCT	-
203-ACCTCCCCTCCC	E2F6_HUMAN.H11MO.0.A	0	0.00223326	1.71738	0.118789	12	ACCTCCCCTCCC	CCCTTCCCGCCCC	-
203-ACCTCCCCTCCC	SP1_HUMAN.H11MO.0.A	7	0.00236028	1.81506	0.121216	12	ACCTCCCCTCCC	CCCCCCCCCGGCCCCGCCCCCC	-
203-ACCTCCCCTCCC	SP2_HUMAN.H11MO.1.B	-3	0.00259455	1.99521	0.125795	9	ACCTCCCCTCCC	GCCCCGCCCCCT	-
203-ACCTCCCCTCCC	ZSC22_HUMAN.H11MO.0.C	-1	0.0027364	2.10429	0.125795	11	ACCTCCCCTCCC	CCTCCTCCCTCAGACC	-
203-ACCTCCCCTCCC	VEZF1_HUMAN.H11MO.0.C	2	0.00278729	2.14343	0.125795	12	ACCTCCCCTCCC	CCCCTCCCCCTCCCCCCTCCCC	-
203-ACCTCCCCTCCC	ZNF76_HUMAN.H11MO.0.C	0	0.00278729	2.14343	0.125795	12	ACCTCCCCTCCC	ACTACAATTCCCAGAATGCCCC	-
203-ACCTCCCCTCCC	ZN263_HUMAN.H11MO.1.A	-1	0.00293974	2.26066	0.128773	11	ACCTCCCCTCCC	CCTCCTCCCTC	-
203-ACCTCCCCTCCC	E2F4_HUMAN.H11MO.0.A	-1	0.00380448	2.92564	0.16189	11	ACCTCCCCTCCC	ATTTCCCGCCCCC	-
203-ACCTCCCCTCCC	SALL4_HUMAN.H11MO.0.B	-5	0.00406233	3.12393	0.168061	7	ACCTCCCCTCCC	CCCACCCTCC	-
203-ACCTCCCCTCCC	ZN263_HUMAN.H11MO.0.A	8	0.00423228	3.25462	0.169869	12	ACCTCCCCTCCC	CTCCTCCTCTCCCTCCTCCC	-
203-ACCTCCCCTCCC	E2F1_HUMAN.H11MO.0.A	-1	0.00439123	3.37685	0.169869	11	ACCTCCCCTCCC	CTTTCCCGCCCCCC	-
203-ACCTCCCCTCCC	MZF1_HUMAN.H11MO.0.B	2	0.00444822	3.42068	0.169869	11	ACCTCCCCTCCC	CCCAATCCCCTCC	-
203-ACCTCCCCTCCC	ZN143_HUMAN.H11MO.0.A	2	0.00478995	3.68347	0.178346	12	ACCTCCCCTCCC	GAACTACAATTCCCAGAATGCC	-
203-ACCTCCCCTCCC	E2F7_HUMAN.H11MO.0.B	0	0.00493244	3.79305	0.179173	12	ACCTCCCCTCCC	CCTTTCCCGCCCC	-
203-ACCTCCCCTCCC	ZN140_HUMAN.H11MO.0.C	11	0.00527873	4.05934	0.186873	12	ACCTCCCCTCCC	TATGACCCAGCAATTCCGCTCCTA	+
203-ACCTCCCCTCCC	TFDP1_HUMAN.H11MO.0.C	-1	0.00539537	4.14904	0.186873	11	ACCTCCCCTCCC	TTTTCCCGCCCCCC	-
203-ACCTCCCCTCCC	KLF9_HUMAN.H11MO.0.C	4	0.00593282	4.56234	0.200818	11	ACCTCCCCTCCC	GGCCACGCCCCCTCC	-
203-ACCTCCCCTCCC	SP2_HUMAN.H11MO.0.A	3	0.00623344	4.79351	0.202497	12	ACCTCCCCTCCC	CCCCCGGCCCCGCCCCCCCCCC	-
203-ACCTCCCCTCCC	ZBTB4_HUMAN.H11MO.0.D	3	0.00625436	4.8096	0.202497	12	ACCTCCCCTCCC	CCCACCTGCCATCTAGG	-
203-ACCTCCCCTCCC	SRBP2_HUMAN.H11MO.0.B	1	0.00669677	5.14982	0.212208	12	ACCTCCCCTCCC	CCTCACCCCACCC	-
203-ACCTCCCCTCCC	PATZ1_HUMAN.H11MO.0.C	8	0.00728381	5.60125	0.222866	12	ACCTCCCCTCCC	CCTCCCCCCCCGCCCCCTCCCC	-
203-ACCTCCCCTCCC	ZN770_HUMAN.H11MO.1.C	-1	0.00733241	5.63862	0.222866	11	ACCTCCCCTCCC	CTCAGCCTCCC	-
203-ACCTCCCCTCCC	E2F3_HUMAN.H11MO.0.A	-2	0.00772376	5.93957	0.230066	10	ACCTCCCCTCCC	TTTCCCGCCCT	-
203-ACCTCCCCTCCC	EGR4_HUMAN.H11MO.0.D	0	0.00856526	6.58669	0.249146	11	ACCTCCCCTCCC	GCCCTGCCGCC	-
203-ACCTCCCCTCCC	SP4_HUMAN.H11MO.0.A	1	0.00874676	6.72626	0.249146	12	ACCTCCCCTCCC	CCCGGCCCCGCCCCCTTCCC	-
203-ACCTCCCCTCCC	ZN784_HUMAN.H11MO.0.D	2	0.00901717	6.9342	0.249146	9	ACCTCCCCTCCC	GTACCTACCTC	-
203-ACCTCCCCTCCC	ZN257_HUMAN.H11MO.0.C	1	0.00903344	6.94672	0.249146	11	ACCTCCCCTCCC	GCTCTTGCCTCT	+
203-ACCTCCCCTCCC	SPIC_HUMAN.H11MO.0.D	-1	0.00949176	7.29916	0.257026	11	ACCTCCCCTCCC	CCTCCCCTTCCTC	-
203-ACCTCCCCTCCC	THA11_HUMAN.H11MO.0.B	2	0.00989378	7.60831	0.263129	12	ACCTCCCCTCCC	GAACTACAACTCCCAGCATGCC	-
203-ACCTCCCCTCCC	EGR2_HUMAN.H11MO.1.A	-3	0.0104161	8.00995	0.272159	9	ACCTCCCCTCCC	CCCCCGCCCACGCCCC	-
203-ACCTCCCCTCCC	SPIB_HUMAN.H11MO.0.A	4	0.0108512	8.34454	0.275925	12	ACCTCCCCTCCC	TTTCACTTCCTCTTTTT	-
203-ACCTCCCCTCCC	ZN770_HUMAN.H11MO.0.C	2	0.0109403	8.41308	0.275925	12	ACCTCCCCTCCC	GATCCTCCCGCCTCAGCCTCCC	-
203-ACCTCCCCTCCC	EGR2_HUMAN.H11MO.0.A	1	0.011116	8.5482	0.275925	12	ACCTCCCCTCCC	CCCCTCCCACACCCCCCC	-
203-ACCTCCCCTCCC	HINFP_HUMAN.H11MO.0.C	2	0.0114853	8.8322	0.280418	12	ACCTCCCCTCCC	TAACGTCCGCTAGCGC	-
203-ACCTCCCCTCCC	ZN816_HUMAN.H11MO.0.C	6	0.0122906	9.45146	0.286154	12	ACCTCCCCTCCC	CCCTGCATGTCCCCCTTTTTT	-
203-ACCTCCCCTCCC	COT1_HUMAN.H11MO.0.C	5	0.0125621	9.66028	0.286154	12	ACCTCCCCTCCC	CCCTGACCTCTGACCCC	-
203-ACCTCCCCTCCC	EGR1_HUMAN.H11MO.0.A	2	0.0125621	9.66028	0.286154	12	ACCTCCCCTCCC	CCCCCGCCCACGCCCTC	-
203-ACCTCCCCTCCC	SPI1_HUMAN.H11MO.0.A	4	0.0125621	9.66028	0.286154	12	ACCTCCCCTCCC	TTTCACTTCCTCTTTTT	-
203-ACCTCCCCTCCC	IKZF1_HUMAN.H11MO.0.C	-6	0.0128559	9.88616	0.286154	6	ACCTCCCCTCCC	TCTCCCAA	-
203-ACCTCCCCTCCC	FLI1_HUMAN.H11MO.0.A	-1	0.012873	9.89937	0.286154	11	ACCTCCCCTCCC	TCCCTCCTTCCTTCCTCC	-
203-ACCTCCCCTCCC	PURA_HUMAN.H11MO.0.D	5	0.0131856	10.1397	0.287901	12	ACCTCCCCTCCC	CCCTGCCCCCCCCTTCC	-
203-ACCTCCCCTCCC	GLIS1_HUMAN.H11MO.0.D	-1	0.0133383	10.2571	0.287901	11	ACCTCCCCTCCC	AGACCCCCCACGA	-
203-ACCTCCCCTCCC	Z324A_HUMAN.H11MO.0.C	6	0.0137081	10.5415	0.290264	12	ACCTCCCCTCCC	TATCAAACCATCCTTTGCTGCCA	+
203-ACCTCCCCTCCC	THB_HUMAN.H11MO.0.C	2	0.0138375	10.641	0.290264	12	ACCTCCCCTCCC	TGACCTGACCTGACCTC	-
203-ACCTCCCCTCCC	E2F4_HUMAN.H11MO.1.A	3	0.0151837	11.6763	0.314079	11	ACCTCCCCTCCC	TCAAATTTCCCGCC	-
203-ACCTCCCCTCCC	GLIS3_HUMAN.H11MO.0.D	-2	0.0155742	11.9765	0.317743	10	ACCTCCCCTCCC	TACCCCCCAC	-
203-ACCTCCCCTCCC	REL_HUMAN.H11MO.0.B	3	0.0166091	12.7724	0.33139	12	ACCTCCCCTCCC	TGGAATTTCCCTTCA	-
203-ACCTCCCCTCCC	ZN816_HUMAN.H11MO.1.C	3	0.0166881	12.8331	0.33139	11	ACCTCCCCTCCC	TGCATGTCCCCCTT	-
203-ACCTCCCCTCCC	ZSC31_HUMAN.H11MO.0.C	3	0.017178	13.2099	0.336629	12	ACCTCCCCTCCC	CATAACTGCCCTGCTGCC	-
203-ACCTCCCCTCCC	KLF14_HUMAN.H11MO.0.D	0	0.0177325	13.6363	0.342983	12	ACCTCCCCTCCC	GCCACGCCCCCCT	-
203-ACCTCCCCTCCC	ZFX_HUMAN.H11MO.1.A	5	0.0184127	14.1594	0.351574	12	ACCTCCCCTCCC	CCCCGGCCTCCGCCCCC	-
203-ACCTCCCCTCCC	EGR3_HUMAN.H11MO.0.D	0	0.0190461	14.6465	0.357497	11	ACCTCCCCTCCC	ACACCCACTCT	-
203-ACCTCCCCTCCC	GABPA_HUMAN.H11MO.0.A	2	0.019203	14.7671	0.357497	12	ACCTCCCCTCCC	CCACTTCCGGTTCC	-
203-ACCTCCCCTCCC	NKX25_HUMAN.H11MO.0.B	-4	0.0201826	15.5204	0.371096	8	ACCTCCCCTCCC	CCTCTCCA	-
203-ACCTCCCCTCCC	PRDM1_HUMAN.H11MO.0.A	2	0.021068	16.2013	0.378044	12	ACCTCCCCTCCC	TCACTTTCACTTTC	-
203-ACCTCCCCTCCC	ZEB1_HUMAN.H11MO.0.A	-2	0.0210681	16.2014	0.378044	10	ACCTCCCCTCCC	CTCACCTGTC	-
203-ACCTCCCCTCCC	RARA_HUMAN.H11MO.1.A	0	0.0221399	17.0256	0.392545	10	ACCTCCCCTCCC	CCCTGACCTT	-
203-ACCTCCCCTCCC	COT1_HUMAN.H11MO.1.C	0	0.0245212	18.8568	0.424657	12	ACCTCCCCTCCC	CCCTGACCTCTGC	-
203-ACCTCCCCTCCC	ETS1_HUMAN.H11MO.0.A	2	0.0245212	18.8568	0.424657	11	ACCTCCCCTCCC	CCACTTCCTGTCT	-
203-ACCTCCCCTCCC	E2F8_HUMAN.H11MO.0.D	-2	0.0271215	20.8564	0.464289	10	ACCTCCCCTCCC	TTTCCCGCCAAA	-
203-ACCTCCCCTCCC	SRBP1_HUMAN.H11MO.0.A	-2	0.0278682	21.4307	0.471651	10	ACCTCCCCTCCC	CTCACCCCACC	-
203-ACCTCCCCTCCC	RARG_HUMAN.H11MO.1.B	-2	0.0294981	22.684	0.493626	8	ACCTCCCCTCCC	CTGACCTC	-
205-AYTGSCART	PKNX1_HUMAN.H11MO.0.B	2	0.000711585	0.547209	0.36698	9	ACTGGCAGT	TGATTGACAGG	+
205-AYTGSCART	PBX1_HUMAN.H11MO.0.A	2	0.000954629	0.73411	0.36698	8	ACTGGCAGT	TGATTGACAG	+
205-AYTGSCART	PBX3_HUMAN.H11MO.0.A	2	0.00170629	1.31214	0.437291	9	ACTGGCAGT	TGATTGACAGG	+
207-CAGGCACCTGCT	SNAI2_HUMAN.H11MO.0.A	-2	1.09337e-05	0.00840801	0.00973476	10	CAGGCACCTGCT	TGCACCTGCC	-
207-CAGGCACCTGCT	ASCL2_HUMAN.H11MO.0.D	-3	1.32317e-05	0.0101752	0.00973476	9	CAGGCACCTGCT	CCAGCTGCT	+
207-CAGGCACCTGCT	MYF6_HUMAN.H11MO.0.C	-4	3.33705e-05	0.0256619	0.0163674	7	CAGGCACCTGCT	CAGCTGC	+
207-CAGGCACCTGCT	ASCL1_HUMAN.H11MO.0.A	-1	8.34057e-05	0.064139	0.0248291	11	CAGGCACCTGCT	CTGCACCTGCTCCC	+
207-CAGGCACCTGCT	SNAI1_HUMAN.H11MO.0.C	-3	9.85592e-05	0.075792	0.0248291	8	CAGGCACCTGCT	CCACCTGG	-
207-CAGGCACCTGCT	HES7_HUMAN.H11MO.0.D	-1	0.000101245	0.0778574	0.0248291	11	CAGGCACCTGCT	TGGCACGTGCCG	+
207-CAGGCACCTGCT	HES5_HUMAN.H11MO.0.D	-1	0.000149207	0.11474	0.0274434	11	CAGGCACCTGCT	TGGCACGTGCCG	+
207-CAGGCACCTGCT	ID4_HUMAN.H11MO.0.D	-1	0.000196432	0.151056	0.0321151	11	CAGGCACCTGCT	TTACACCTGTC	-
207-CAGGCACCTGCT	PTF1A_HUMAN.H11MO.1.B	-3	0.000339273	0.260901	0.0453832	9	CAGGCACCTGCT	CCAGCTGCT	-
207-CAGGCACCTGCT	ITF2_HUMAN.H11MO.0.C	-2	0.00037913	0.291551	0.0464886	10	CAGGCACCTGCT	CCCAGCTGCC	-
207-CAGGCACCTGCT	MESP1_HUMAN.H11MO.0.D	0	0.000503951	0.387538	0.055064	11	CAGGCACCTGCT	TCCACACCTGC	-
207-CAGGCACCTGCT	BHE40_HUMAN.H11MO.0.A	-2	0.00052391	0.402886	0.055064	10	CAGGCACCTGCT	GTCACGTGCC	-
207-CAGGCACCTGCT	ZN335_HUMAN.H11MO.1.A	1	0.000855779	0.658094	0.080831	6	CAGGCACCTGCT	TCAGGCA	-
207-CAGGCACCTGCT	BMAL1_HUMAN.H11MO.0.A	-1	0.000919494	0.707091	0.080831	11	CAGGCACCTGCT	AGTCACGTGGC	-
207-CAGGCACCTGCT	ATOH1_HUMAN.H11MO.0.B	-3	0.000933872	0.718148	0.080831	9	CAGGCACCTGCT	CCATCTGCT	-
207-CAGGCACCTGCT	HEY1_HUMAN.H11MO.0.D	-1	0.00123227	0.947617	0.0951666	11	CAGGCACCTGCT	CGACACGTGCCA	-
207-CAGGCACCTGCT	TFE2_HUMAN.H11MO.0.A	-2	0.00123245	0.947755	0.0951666	10	CAGGCACCTGCT	CACAGCTGCAG	+
207-CAGGCACCTGCT	FIGLA_HUMAN.H11MO.0.D	-2	0.00146569	1.12712	0.0951666	10	CAGGCACCTGCT	AACACCTGTTA	-
207-CAGGCACCTGCT	BHA15_HUMAN.H11MO.0.B	-3	0.00155223	1.19367	0.0951666	9	CAGGCACCTGCT	CCAGCTGCTGC	-
207-CAGGCACCTGCT	MYOG_HUMAN.H11MO.0.B	0	0.00189335	1.45599	0.111437	12	CAGGCACCTGCT	GGGACAGCTGCGG	-
207-CAGGCACCTGCT	MYOD1_HUMAN.H11MO.1.A	-1	0.00218077	1.67702	0.114423	11	CAGGCACCTGCT	CTGCAGCTGTC	+
207-CAGGCACCTGCT	SCRT1_HUMAN.H11MO.0.D	-1	0.00235729	1.81276	0.114423	11	CAGGCACCTGCT	AACCACCTGTTGC	-
207-CAGGCACCTGCT	MAX_HUMAN.H11MO.0.A	-3	0.00240848	1.85212	0.114423	9	CAGGCACCTGCT	CCACGTGCTC	-
207-CAGGCACCTGCT	HTF4_HUMAN.H11MO.0.A	-2	0.0025523	1.96272	0.114423	10	CAGGCACCTGCT	CACAGCTGCA	-
207-CAGGCACCTGCT	MYC_HUMAN.H11MO.0.A	-1	0.00272471	2.0953	0.114423	11	CAGGCACCTGCT	GAGCACGTGGC	-
207-CAGGCACCTGCT	ZIC3_HUMAN.H11MO.0.B	-1	0.00276553	2.12669	0.114423	11	CAGGCACCTGCT	GGCCCCCTGCTGTGA	+
207-CAGGCACCTGCT	TAL1_HUMAN.H11MO.1.A	-2	0.00276553	2.12669	0.114423	10	CAGGCACCTGCT	CACATCTGCTTCCTG	-
207-CAGGCACCTGCT	NGN2_HUMAN.H11MO.0.D	-2	0.00298716	2.29712	0.114423	10	CAGGCACCTGCT	GCCATCTGCTCC	-
207-CAGGCACCTGCT	CLOCK_HUMAN.H11MO.0.C	0	0.00315128	2.42333	0.114423	12	CAGGCACCTGCT	CAGACACGTGAACA	+
207-CAGGCACCTGCT	MXI1_HUMAN.H11MO.1.A	-2	0.0032134	2.47111	0.114423	10	CAGGCACCTGCT	CCCACGTGCTC	+
207-CAGGCACCTGCT	ZN335_HUMAN.H11MO.0.A	1	0.00322654	2.48121	0.114423	12	CAGGCACCTGCT	TCAGGCAGCGCCGAGGACAGCC	-
207-CAGGCACCTGCT	NDF2_HUMAN.H11MO.0.B	-3	0.00326605	2.51159	0.114423	9	CAGGCACCTGCT	CCATCTGTT	-
207-CAGGCACCTGCT	NDF1_HUMAN.H11MO.0.A	-2	0.00425887	3.27507	0.140297	10	CAGGCACCTGCT	ACCATCTGTC	-
207-CAGGCACCTGCT	ZIC2_HUMAN.H11MO.0.D	-1	0.00470614	3.61902	0.140297	11	CAGGCACCTGCT	GGCCCCCTGCTGTGA	+
207-CAGGCACCTGCT	MXI1_HUMAN.H11MO.0.A	4	0.00470614	3.61902	0.140297	11	CAGGCACCTGCT	CCCGCCGCCACGTGC	-
207-CAGGCACCTGCT	ZEB1_HUMAN.H11MO.0.A	-2	0.00503161	3.86931	0.140297	10	CAGGCACCTGCT	CTCACCTGTC	-
207-CAGGCACCTGCT	ZN563_HUMAN.H11MO.0.C	10	0.00510946	3.92917	0.140297	11	CAGGCACCTGCT	GGGATCCTCACTGGCAGCTGC	+
207-CAGGCACCTGCT	MYOD1_HUMAN.H11MO.0.A	-3	0.00522232	4.01596	0.140297	9	CAGGCACCTGCT	GCAGCTGTTCCTGCC	+
207-CAGGCACCTGCT	HES1_HUMAN.H11MO.0.D	0	0.00522244	4.01606	0.140297	12	CAGGCACCTGCT	CCGCCACGAGCCC	+
207-CAGGCACCTGCT	TFEB_HUMAN.H11MO.0.C	-1	0.00523386	4.02484	0.140297	9	CAGGCACCTGCT	GGTCACGTG	+
207-CAGGCACCTGCT	TFE3_HUMAN.H11MO.0.B	-1	0.00531689	4.08869	0.140297	10	CAGGCACCTGCT	GGTCACGTGA	+
207-CAGGCACCTGCT	MITF_HUMAN.H11MO.0.A	-1	0.00531689	4.08869	0.140297	10	CAGGCACCTGCT	GGTCACGTGA	-
207-CAGGCACCTGCT	EOMES_HUMAN.H11MO.0.D	0	0.00534176	4.10781	0.140297	12	CAGGCACCTGCT	TTAACACCTCCT	-
207-CAGGCACCTGCT	HEN1_HUMAN.H11MO.0.C	3	0.00547855	4.21301	0.140297	12	CAGGCACCTGCT	AGGGACGCAGCTGCTCCCCA	-
207-CAGGCACCTGCT	PTF1A_HUMAN.H11MO.0.B	7	0.00550143	4.2306	0.140297	11	CAGGCACCTGCT	GGGAAAGGGGGCAGCTGG	-
207-CAGGCACCTGCT	TWST1_HUMAN.H11MO.1.A	-2	0.00561714	4.31958	0.140297	10	CAGGCACCTGCT	CACATCTGGT	+
207-CAGGCACCTGCT	USF1_HUMAN.H11MO.0.A	-1	0.0056255	4.32601	0.140297	11	CAGGCACCTGCT	GGTCACGTGACC	+
207-CAGGCACCTGCT	MYCN_HUMAN.H11MO.0.A	-1	0.00592325	4.55498	0.144827	11	CAGGCACCTGCT	GGCCACGTGGGC	+
207-CAGGCACCTGCT	ZN134_HUMAN.H11MO.1.C	0	0.00600397	4.61706	0.144827	12	CAGGCACCTGCT	CCTTCACCTGATTAGGT	-
207-CAGGCACCTGCT	TBX3_HUMAN.H11MO.0.C	0	0.00714464	5.49423	0.166462	11	CAGGCACCTGCT	TTCCCACCTCC	-
207-CAGGCACCTGCT	HEY2_HUMAN.H11MO.0.D	2	0.00775954	5.96709	0.173452	12	CAGGCACCTGCT	TAATGCCACGTGCCCCC	-
207-CAGGCACCTGCT	MLX_HUMAN.H11MO.0.D	-3	0.00833986	6.41335	0.180463	9	CAGGCACCTGCT	GCACGTGATCA	-
207-CAGGCACCTGCT	EPAS1_HUMAN.H11MO.0.B	-2	0.00872603	6.71032	0.186083	9	CAGGCACCTGCT	GGCACGTAC	-
207-CAGGCACCTGCT	SCRT2_HUMAN.H11MO.0.D	-3	0.009582	7.36855	0.20141	9	CAGGCACCTGCT	CCACCTGTTGCAT	-
207-CAGGCACCTGCT	HIF1A_HUMAN.H11MO.0.C	-3	0.0101768	7.82594	0.207978	8	CAGGCACCTGCT	GCACGTCC	-
207-CAGGCACCTGCT	HIC2_HUMAN.H11MO.0.D	2	0.0118863	9.14059	0.23635	9	CAGGCACCTGCT	GCCTGGCATGT	-
207-CAGGCACCTGCT	OLIG2_HUMAN.H11MO.1.B	-3	0.0138327	10.6374	0.267814	9	CAGGCACCTGCT	CCATCTGTTT	+
207-CAGGCACCTGCT	ARNT_HUMAN.H11MO.0.B	-2	0.015045	11.5696	0.283816	9	CAGGCACCTGCT	GGCACGTAC	-
207-CAGGCACCTGCT	P63_HUMAN.H11MO.0.A	2	0.0159456	12.2622	0.285206	12	CAGGCACCTGCT	GGCATGTCCAGGCATGCCC	+
207-CAGGCACCTGCT	USF2_HUMAN.H11MO.0.A	0	0.0159456	12.2622	0.285206	12	CAGGCACCTGCT	GGGTCACGTGGCCGCGGCG	+
207-CAGGCACCTGCT	ZN563_HUMAN.H11MO.1.C	0	0.0160012	12.3049	0.285206	12	CAGGCACCTGCT	CAGGCAGCACAG	+
207-CAGGCACCTGCT	TBX5_HUMAN.H11MO.0.D	-1	0.016096	12.3778	0.285206	8	CAGGCACCTGCT	TCACACCT	-
207-CAGGCACCTGCT	NRF1_HUMAN.H11MO.0.A	0	0.0162817	12.5206	0.285206	12	CAGGCACCTGCT	CCTGCGCATGCGCAGTG	-
207-CAGGCACCTGCT	HIC1_HUMAN.H11MO.0.C	-1	0.0176343	13.5608	0.292439	9	CAGGCACCTGCT	GGGCAACCC	-
207-CAGGCACCTGCT	TFAP4_HUMAN.H11MO.0.A	-3	0.0178209	13.7043	0.292439	9	CAGGCACCTGCT	CCAGCTGTTT	+
207-CAGGCACCTGCT	ZN134_HUMAN.H11MO.0.C	0	0.017887	13.7551	0.292439	12	CAGGCACCTGCT	CCTTCAACTGATTAGGTGAGGC	-
207-CAGGCACCTGCT	MLXPL_HUMAN.H11MO.0.D	8	0.0184265	14.17	0.295661	11	CAGGCACCTGCT	CCACGGCGGTGTCACATGC	-
207-CAGGCACCTGCT	SMAD4_HUMAN.H11MO.0.B	4	0.0188268	14.4778	0.295661	9	CAGGCACCTGCT	CTGTCTGGCACCT	+
207-CAGGCACCTGCT	HSF1_HUMAN.H11MO.0.A	2	0.0188879	14.5248	0.295661	12	CAGGCACCTGCT	TTCTAGAACCTTCCA	-
207-CAGGCACCTGCT	CTCF_HUMAN.H11MO.0.A	2	0.0193289	14.8639	0.29938	12	CAGGCACCTGCT	TGGCGCCCCCTGGTGGCCA	-
207-CAGGCACCTGCT	ZBT48_HUMAN.H11MO.0.C	1	0.0202845	15.5988	0.307703	11	CAGGCACCTGCT	TTAGGGACCGTG	+
207-CAGGCACCTGCT	SMAD3_HUMAN.H11MO.0.B	2	0.0212583	16.3477	0.312801	10	CAGGCACCTGCT	CTCTGTCACCTG	+
207-CAGGCACCTGCT	SMAD2_HUMAN.H11MO.0.A	3	0.0212583	16.3477	0.312801	9	CAGGCACCTGCT	TGTCTGTCACCT	+
207-CAGGCACCTGCT	OLIG2_HUMAN.H11MO.0.B	-3	0.0220903	16.9875	0.31867	9	CAGGCACCTGCT	CCAGCTGTTTCCCTTCTG	+
207-CAGGCACCTGCT	ZBT18_HUMAN.H11MO.0.C	-1	0.0223946	17.2214	0.319923	11	CAGGCACCTGCT	CCACATCTGGA	-
207-CAGGCACCTGCT	ZFX_HUMAN.H11MO.0.A	1	0.0228385	17.5628	0.323127	9	CAGGCACCTGCT	CCAGGCCCCG	+
207-CAGGCACCTGCT	AHR_HUMAN.H11MO.0.B	1	0.0266472	20.4917	0.372834	8	CAGGCACCTGCT	GCACGCAAC	-
207-CAGGCACCTGCT	RFX5_HUMAN.H11MO.0.A	5	0.0268585	20.6542	0.372834	12	CAGGCACCTGCT	TCTGCCTAGCAACAGCTGAC	-
207-CAGGCACCTGCT	ZBTB6_HUMAN.H11MO.0.C	-1	0.0285229	21.9341	0.38955	11	CAGGCACCTGCT	CGGCTCCAGCACC	-
207-CAGGCACCTGCT	HESX1_HUMAN.H11MO.0.D	2	0.0288569	22.191	0.38955	12	CAGGCACCTGCT	ATCCGGCACGTGGCCT	+
207-CAGGCACCTGCT	ZF64A_HUMAN.H11MO.0.D	6	0.0288569	22.191	0.38955	10	CAGGCACCTGCT	GGGGCCCGGGAACCTG	+
207-CAGGCACCTGCT	HSF4_HUMAN.H11MO.0.D	2	0.0313344	24.0961	0.415372	12	CAGGCACCTGCT	TTCTAGAACGTTCTA	-
207-CAGGCACCTGCT	ZN329_HUMAN.H11MO.0.C	0	0.0338117	26.0012	0.439691	12	CAGGCACCTGCT	CTGGATCCAGCCATGCCTGA	+
207-CAGGCACCTGCT	PO2F2_HUMAN.H11MO.0.A	1	0.0340654	26.1963	0.439691	10	CAGGCACCTGCT	ATATGCAAATG	+
207-CAGGCACCTGCT	ZBTB4_HUMAN.H11MO.0.D	-2	0.0358103	27.5381	0.456012	10	CAGGCACCTGCT	CCCACCTGCCATCTAGG	-
207-CAGGCACCTGCT	NKX31_HUMAN.H11MO.0.C	0	0.0384518	29.5694	0.463273	12	CAGGCACCTGCT	AAAGCACTTAAC	-
207-CAGGCACCTGCT	ZN816_HUMAN.H11MO.0.C	6	0.0384711	29.5843	0.463273	12	CAGGCACCTGCT	AAAAAAGGGGGACATGCAGGG	+
207-CAGGCACCTGCT	P73_HUMAN.H11MO.0.A	3	0.0386761	29.742	0.463273	12	CAGGCACCTGCT	AGACATGCCCAGACATGCC	+
207-CAGGCACCTGCT	BHE41_HUMAN.H11MO.0.D	3	0.038726	29.7803	0.463273	12	CAGGCACCTGCT	ACCGGGTCACGTGCAGAAGG	+
207-CAGGCACCTGCT	ETV2_HUMAN.H11MO.0.B	5	0.0394846	30.3636	0.466516	11	CAGGCACCTGCT	GGAAACAGGAAGTGGG	+
207-CAGGCACCTGCT	P63_HUMAN.H11MO.1.A	0	0.040839	31.4052	0.466516	11	CAGGCACCTGCT	CAGGCATGCTC	-
207-CAGGCACCTGCT	ZN784_HUMAN.H11MO.0.D	-3	0.040839	31.4052	0.466516	9	CAGGCACCTGCT	GTACCTACCTC	-
207-CAGGCACCTGCT	HXB2_HUMAN.H11MO.0.D	2	0.0408994	31.4517	0.466516	12	CAGGCACCTGCT	TTCTAGAATGTTCTA	-
207-CAGGCACCTGCT	KLF15_HUMAN.H11MO.0.A	6	0.0422795	32.5129	0.478089	12	CAGGCACCTGCT	CCCCCCCCTGCTCCTCCCC	-
207-CAGGCACCTGCT	TBX21_HUMAN.H11MO.0.A	0	0.0425639	32.7316	0.478089	12	CAGGCACCTGCT	TTCACACCTCCAC	-
207-CAGGCACCTGCT	OSR2_HUMAN.H11MO.0.C	3	0.043109	33.1508	0.480544	12	CAGGCACCTGCT	GCTGCTGCTTCTGCTG	+
207-CAGGCACCTGCT	P73_HUMAN.H11MO.1.A	1	0.0438875	33.7495	0.485543	11	CAGGCACCTGCT	CCAGGCATGTTC	-
207-CAGGCACCTGCT	ZN816_HUMAN.H11MO.1.C	2	0.0451915	34.7523	0.494254	12	CAGGCACCTGCT	AAGGGGGACATGCA	+
207-CAGGCACCTGCT	ZN350_HUMAN.H11MO.1.D	6	0.0455871	35.0565	0.494254	12	CAGGCACCTGCT	GGGCAACAAATCCCTGCGCCCCGT	-
207-CAGGCACCTGCT	P53_HUMAN.H11MO.1.A	2	0.0464256	35.7013	0.494254	11	CAGGCACCTGCT	CCCAGGCATGTCC	-
207-CAGGCACCTGCT	LYL1_HUMAN.H11MO.0.A	0	0.0471864	36.2864	0.495939	12	CAGGCACCTGCT	CAGGAAACAGCTGG	-
208-AGAGAACAGAGAG	ZN768_HUMAN.H11MO.0.C	0	0.000975383	0.75007	0.447313	13	AGAGAACAGAGAG	GAGGCTCAGAGAGGTTAAGT	+
208-AGAGAACAGAGAG	SOX4_HUMAN.H11MO.0.B	-1	0.00104956	0.807115	0.447313	12	AGAGAACAGAGAG	GAGAACAAAGGA	-
208-AGAGAACAGAGAG	GCR_HUMAN.H11MO.1.A	0	0.00111152	0.854755	0.447313	12	AGAGAACAGAGAG	AAAGAACAGAAT	+
208-AGAGAACAGAGAG	PRGR_HUMAN.H11MO.1.A	-2	0.00144465	1.11094	0.447313	9	AGAGAACAGAGAG	AGAACAGAA	+
208-AGAGAACAGAGAG	ZIM3_HUMAN.H11MO.0.C	2	0.00161839	1.24455	0.447313	13	AGAGAACAGAGAG	GCAAGCAACAGAAACCCAA	-
208-AGAGAACAGAGAG	ANDR_HUMAN.H11MO.2.A	1	0.00174654	1.34309	0.447313	11	AGAGAACAGAGAG	AAAAGAACAGAG	-
208-AGAGAACAGAGAG	SOX10_HUMAN.H11MO.1.A	-1	0.00220964	1.69922	0.485074	12	AGAGAACAGAGAG	GAGAACAAAGGAA	-
209-ATTAATTAGCA	VSX2_HUMAN.H11MO.0.D	-1	1.15882e-05	0.00891135	0.0163299	10	ATTAATTAGCA	TTAATTAGCTTC	+
209-ATTAATTAGCA	PO6F2_HUMAN.H11MO.0.D	0	8.13573e-05	0.0625637	0.0372999	11	ATTAATTAGCA	GTTAATTAGCT	+
209-ATTAATTAGCA	LHX3_HUMAN.H11MO.0.C	3	0.000119379	0.0918024	0.0372999	10	ATTAATTAGCA	AAAATTAATTAAT	+
209-ATTAATTAGCA	DLX3_HUMAN.H11MO.0.C	0	0.000134626	0.103528	0.0372999	10	ATTAATTAGCA	TGTAATTATC	-
209-ATTAATTAGCA	HXA2_HUMAN.H11MO.0.D	0	0.00019466	0.149694	0.0372999	11	ATTAATTAGCA	GGTAATTAGCG	+
209-ATTAATTAGCA	PRRX2_HUMAN.H11MO.0.C	-2	0.000207644	0.159678	0.0372999	7	ATTAATTAGCA	CAATTAA	-
209-ATTAATTAGCA	EMX1_HUMAN.H11MO.0.D	-2	0.000249135	0.191585	0.0372999	9	ATTAATTAGCA	TAATTAGCTAAT	+
209-ATTAATTAGCA	EMX2_HUMAN.H11MO.0.D	-2	0.000249135	0.191585	0.0372999	9	ATTAATTAGCA	TAATTAGCTAAT	+
209-ATTAATTAGCA	NOTO_HUMAN.H11MO.0.D	0	0.000269355	0.207134	0.0372999	11	ATTAATTAGCA	GTTAATTAGGT	+
209-ATTAATTAGCA	RX_HUMAN.H11MO.0.D	-1	0.000287232	0.220881	0.0372999	10	ATTAATTAGCA	TTAATTAGCAA	+
209-ATTAATTAGCA	LBX2_HUMAN.H11MO.0.D	0	0.000326398	0.251	0.0372999	11	ATTAATTAGCA	GTTAATTAGGT	+
209-ATTAATTAGCA	LHX2_HUMAN.H11MO.0.A	1	0.000342423	0.263323	0.0372999	11	ATTAATTAGCA	AACTAATTAAAA	-
209-ATTAATTAGCA	HXD3_HUMAN.H11MO.0.D	0	0.000347822	0.267475	0.0372999	11	ATTAATTAGCA	CCTAATTAACC	-
209-ATTAATTAGCA	MIXL1_HUMAN.H11MO.0.D	1	0.000370568	0.284967	0.0372999	10	ATTAATTAGCA	ATCTAATTAAC	-
209-ATTAATTAGCA	PDX1_HUMAN.H11MO.1.A	0	0.000446229	0.34315	0.0380035	9	ATTAATTAGCA	ATTAATTAT	+
209-ATTAATTAGCA	VAX1_HUMAN.H11MO.0.D	0	0.00047581	0.365898	0.0380035	11	ATTAATTAGCA	GGTAATTAGGGTTAATTA	+
209-ATTAATTAGCA	HMX1_HUMAN.H11MO.0.D	0	0.000478227	0.367757	0.0380035	11	ATTAATTAGCA	ATTAAAAAACAATTAAC	-
209-ATTAATTAGCA	NOBOX_HUMAN.H11MO.0.C	0	0.000512873	0.3944	0.0380035	9	ATTAATTAGCA	ACCAATTAG	-
209-ATTAATTAGCA	MEOX1_HUMAN.H11MO.0.D	0	0.000535617	0.411889	0.0380035	11	ATTAATTAGCA	GGTAATTAGCGTTAAT	+
209-ATTAATTAGCA	HNF1B_HUMAN.H11MO.1.A	0	0.000539369	0.414775	0.0380035	11	ATTAATTAGCA	AATCATTAACT	-
209-ATTAATTAGCA	PO4F2_HUMAN.H11MO.0.D	1	0.000669127	0.514559	0.0411631	11	ATTAATTAGCA	TATTAATGAGCTG	+
209-ATTAATTAGCA	DLX1_HUMAN.H11MO.0.D	-2	0.000686401	0.527842	0.0411631	9	ATTAATTAGCA	TAATTAGCATAATTTA	-
209-ATTAATTAGCA	MEOX2_HUMAN.H11MO.0.D	-1	0.000689686	0.530369	0.0411631	10	ATTAATTAGCA	TTAATTATGAT	+
209-ATTAATTAGCA	VSX1_HUMAN.H11MO.0.D	-2	0.000701055	0.539111	0.0411631	9	ATTAATTAGCA	TAATTAGCTAATTT	+
209-ATTAATTAGCA	LHX4_HUMAN.H11MO.0.D	-1	0.000827456	0.636314	0.0466415	10	ATTAATTAGCA	CTAATTAACTT	-
209-ATTAATTAGCA	ZBT49_HUMAN.H11MO.0.D	-1	0.000933284	0.717695	0.0487099	10	ATTAATTAGCA	CCAATTAGCGC	-
209-ATTAATTAGCA	LHX9_HUMAN.H11MO.0.D	-1	0.00100308	0.771367	0.0504829	10	ATTAATTAGCA	CTAATTAGCTATTAATTA	+
209-ATTAATTAGCA	HXA5_HUMAN.H11MO.0.D	1	0.00112175	0.862626	0.052291	9	ATTAATTAGCA	CATTAATCAA	-
209-ATTAATTAGCA	PO4F3_HUMAN.H11MO.0.D	2	0.00120904	0.929754	0.052291	11	ATTAATTAGCA	TCATTAATTATTCAT	+
209-ATTAATTAGCA	VAX2_HUMAN.H11MO.0.D	5	0.00125532	0.965338	0.052291	11	ATTAATTAGCA	ATTAGGGTAATTAGTG	+
209-ATTAATTAGCA	NKX62_HUMAN.H11MO.0.D	1	0.00125632	0.966113	0.052291	10	ATTAATTAGCA	AATTAATTACC	+
209-ATTAATTAGCA	ESX1_HUMAN.H11MO.0.D	0	0.00127619	0.981393	0.052291	11	ATTAATTAGCA	GCTAATTAGCAATAATT	+
209-ATTAATTAGCA	PAX4_HUMAN.H11MO.0.D	0	0.00129876	0.998744	0.052291	11	ATTAATTAGCA	GCGAATTAGTTA	-
209-ATTAATTAGCA	PAX3_HUMAN.H11MO.0.D	3	0.00136447	1.04927	0.0534107	10	ATTAATTAGCA	TTAATCGATTATC	-
209-ATTAATTAGCA	ZFHX3_HUMAN.H11MO.0.D	3	0.00178281	1.37098	0.0634044	8	ATTAATTAGCA	ATTAATAATTA	+
209-ATTAATTAGCA	RAX2_HUMAN.H11MO.0.D	3	0.00183526	1.41131	0.0634044	9	ATTAATTAGCA	TAATTTAATTAG	-
209-ATTAATTAGCA	NF2L2_HUMAN.H11MO.0.A	0	0.00226236	1.73975	0.0680797	11	ATTAATTAGCA	ATGACTCAGCAGTT	-
209-ATTAATTAGCA	MAF_HUMAN.H11MO.1.B	-3	0.00226887	1.74476	0.0680797	8	ATTAATTAGCA	AGTCAGCA	-
209-ATTAATTAGCA	UNC4_HUMAN.H11MO.0.D	3	0.00237323	1.82501	0.0680797	8	ATTAATTAGCA	TAATTTAATTA	+
209-ATTAATTAGCA	ISX_HUMAN.H11MO.0.D	-1	0.00237578	1.82698	0.0680797	10	ATTAATTAGCA	TTAATTAGCTTAAATT	+
209-ATTAATTAGCA	PO4F1_HUMAN.H11MO.0.D	1	0.00239345	1.84056	0.0680797	11	ATTAATTAGCA	CATTAATTATTCAT	+
209-ATTAATTAGCA	HME1_HUMAN.H11MO.0.D	7	0.00242144	1.86209	0.0680797	10	ATTAATTAGCA	ATAATTGGGTAATTAGC	-
209-ATTAATTAGCA	PAX7_HUMAN.H11MO.0.D	2	0.00251142	1.93129	0.0680797	9	ATTAATTAGCA	TAATTGATTAT	+
209-ATTAATTAGCA	GBX1_HUMAN.H11MO.0.D	-1	0.0025632	1.9711	0.0680797	10	ATTAATTAGCA	CTAATTAGCTAAAATTT	+
209-ATTAATTAGCA	SHOX2_HUMAN.H11MO.0.D	8	0.0025632	1.9711	0.0680797	9	ATTAATTAGCA	TAAAATTAACTAATTAG	-
209-ATTAATTAGCA	BACH2_HUMAN.H11MO.0.A	0	0.00265713	2.04333	0.0680797	11	ATTAATTAGCA	ATGACTCAGCA	-
209-ATTAATTAGCA	ALX4_HUMAN.H11MO.0.D	3	0.00272234	2.09348	0.068505	9	ATTAATTAGCA	TAATTTAATTAA	-
209-ATTAATTAGCA	GBX2_HUMAN.H11MO.0.D	-1	0.00287021	2.2072	0.0709589	10	ATTAATTAGCA	CTAATTAGCCTTTAATT	+
209-ATTAATTAGCA	MAFB_HUMAN.H11MO.0.B	0	0.00297257	2.28591	0.0709983	11	ATTAATTAGCA	CTGAGTCAGCA	-
209-ATTAATTAGCA	DLX2_HUMAN.H11MO.0.D	-1	0.00313925	2.41408	0.0729896	8	ATTAATTAGCA	ATAATTAT	-
209-ATTAATTAGCA	MSX2_HUMAN.H11MO.0.D	-1	0.00315954	2.42968	0.0729896	7	ATTAATTAGCA	ACAATTA	-
209-ATTAATTAGCA	HXD8_HUMAN.H11MO.0.D	-2	0.00332276	2.5552	0.0753303	9	ATTAATTAGCA	TAATTTGCATA	+
209-ATTAATTAGCA	HXB7_HUMAN.H11MO.0.C	1	0.00349238	2.68564	0.0753303	9	ATTAATTAGCA	CATTAATCAA	-
209-ATTAATTAGCA	MAFG_HUMAN.H11MO.1.A	-3	0.00356705	2.74306	0.0753303	8	ATTAATTAGCA	ACTCAGCA	-
209-ATTAATTAGCA	VENTX_HUMAN.H11MO.0.D	8	0.0035816	2.75425	0.0753303	11	ATTAATTAGCA	AATTAGAAACCAATTAGCG	-
209-ATTAATTAGCA	MAFK_HUMAN.H11MO.0.A	2	0.00381436	2.93325	0.0784693	11	ATTAATTAGCA	TGCTGACTCAGCAATTTT	-
209-ATTAATTAGCA	P5F1B_HUMAN.H11MO.0.D	-2	0.00392657	3.01953	0.0784693	9	ATTAATTAGCA	TAATTTGCATATTCAT	+
209-ATTAATTAGCA	HXB3_HUMAN.H11MO.0.D	-1	0.00393718	3.02769	0.0784693	10	ATTAATTAGCA	TTAATTAGTTTTTA	+
209-ATTAATTAGCA	PO3F4_HUMAN.H11MO.0.D	-2	0.00400926	3.08312	0.0784693	9	ATTAATTAGCA	TAATTTGCATAATTTAT	+
209-ATTAATTAGCA	DMBX1_HUMAN.H11MO.0.D	1	0.00416304	3.20138	0.0784881	11	ATTAATTAGCA	AATTAATTAGATTATAATTA	-
209-ATTAATTAGCA	HNF1B_HUMAN.H11MO.0.A	4	0.00420634	3.23468	0.0784881	11	ATTAATTAGCA	GGTTAATCATTAACC	-
209-ATTAATTAGCA	LMX1A_HUMAN.H11MO.0.D	11	0.00423302	3.25519	0.0784881	8	ATTAATTAGCA	ATAATTAAATAATTAATTA	-
209-ATTAATTAGCA	SHOX_HUMAN.H11MO.0.D	8	0.00447412	3.4406	0.0800875	9	ATTAATTAGCA	AAAAATTAACTAATTAG	-
209-ATTAATTAGCA	LMX1B_HUMAN.H11MO.0.D	10	0.00450133	3.46152	0.0800875	8	ATTAATTAGCA	AAATAAATCAATTAATTA	-
209-ATTAATTAGCA	DRGX_HUMAN.H11MO.0.D	3	0.00461833	3.5515	0.0800875	8	ATTAATTAGCA	TAATTTAATTA	+
209-ATTAATTAGCA	ALX3_HUMAN.H11MO.0.D	3	0.00461833	3.5515	0.0800875	8	ATTAATTAGCA	TAATTTAATTA	-
209-ATTAATTAGCA	PHX2A_HUMAN.H11MO.0.D	3	0.00487538	3.74916	0.0812731	8	ATTAATTAGCA	TAATTTAATTA	+
209-ATTAATTAGCA	NFE2_HUMAN.H11MO.0.A	2	0.00491648	3.78078	0.0812731	11	ATTAATTAGCA	GCATGACTCAGCA	+
209-ATTAATTAGCA	MAFF_HUMAN.H11MO.1.B	-2	0.00508151	3.90768	0.0823078	9	ATTAATTAGCA	GACTCAGCA	-
209-ATTAATTAGCA	MSX1_HUMAN.H11MO.0.D	3	0.00530181	4.0771	0.0830137	11	ATTAATTAGCA	CCAATTAAAAACCAATTA	-
209-ATTAATTAGCA	HXD4_HUMAN.H11MO.0.D	-1	0.00552356	4.24762	0.0846055	8	ATTAATTAGCA	TTAATTGA	+
209-ATTAATTAGCA	HXB8_HUMAN.H11MO.0.C	2	0.00572866	4.40534	0.0852432	9	ATTAATTAGCA	GCATTAATCAA	-
209-ATTAATTAGCA	DLX6_HUMAN.H11MO.0.D	-2	0.00580716	4.4657	0.0852432	9	ATTAATTAGCA	TAATTACCTTAATTT	-
209-ATTAATTAGCA	ARX_HUMAN.H11MO.0.D	4	0.00640584	4.92609	0.0900712	9	ATTAATTAGCA	TTAATTTAATTAG	+
209-ATTAATTAGCA	GSX1_HUMAN.H11MO.0.D	-2	0.00680449	5.23265	0.0923467	9	ATTAATTAGCA	TAATTAGTTTTTAAT	+
209-ATTAATTAGCA	LHX6_HUMAN.H11MO.0.D	-1	0.00684568	5.26433	0.0923467	10	ATTAATTAGCA	GTAATCAGAG	-
209-ATTAATTAGCA	BARX2_HUMAN.H11MO.0.D	-2	0.00684568	5.26433	0.0923467	9	ATTAATTAGCA	CAATTAATGA	-
209-ATTAATTAGCA	PHX2B_HUMAN.H11MO.0.D	3	0.00708316	5.44695	0.0940903	8	ATTAATTAGCA	TAATTTAATTA	+
209-ATTAATTAGCA	DLX4_HUMAN.H11MO.0.D	-2	0.00747364	5.74723	0.0940903	9	ATTAATTAGCA	TAATTACCCTAAATTT	+
209-ATTAATTAGCA	ISL2_HUMAN.H11MO.0.D	0	0.00786676	6.04954	0.0958234	11	ATTAATTAGCA	AGCAATTAACG	-
209-ATTAATTAGCA	PO6F1_HUMAN.H11MO.0.D	3	0.00788791	6.0658	0.0958234	10	ATTAATTAGCA	TGCATAAATTATG	-
209-ATTAATTAGCA	HNF1A_HUMAN.H11MO.0.C	4	0.00795853	6.12011	0.0958549	11	ATTAATTAGCA	AGTTAATCATTAACC	-
209-ATTAATTAGCA	GSX2_HUMAN.H11MO.0.D	-1	0.00829592	6.37956	0.097528	10	ATTAATTAGCA	TTAATTAGTTTTTAAT	+
209-ATTAATTAGCA	BACH1_HUMAN.H11MO.0.A	2	0.00920128	7.07578	0.106281	11	ATTAATTAGCA	GCATGACTCAGCA	-
209-ATTAATTAGCA	HXC8_HUMAN.H11MO.0.D	4	0.0101433	7.80021	0.113142	10	ATTAATTAGCA	TTTGATTGATGCCC	+
209-ATTAATTAGCA	NRL_HUMAN.H11MO.0.D	0	0.0101911	7.83698	0.113142	11	ATTAATTAGCA	CTGCGTCAGCA	-
209-ATTAATTAGCA	HMX3_HUMAN.H11MO.0.D	0	0.0107264	8.24858	0.118089	11	ATTAATTAGCA	AGCAATTAACG	-
209-ATTAATTAGCA	HMX2_HUMAN.H11MO.0.D	0	0.0112875	8.68011	0.122355	11	ATTAATTAGCA	TTTAATTGGTT	+
209-ATTAATTAGCA	MAFG_HUMAN.H11MO.0.A	2	0.0116816	8.98317	0.124981	11	ATTAATTAGCA	TGCTGAGTCAGCAATTTT	-
209-ATTAATTAGCA	HXB6_HUMAN.H11MO.0.D	3	0.0118471	9.11042	0.125524	10	ATTAATTAGCA	TGCATCAATCATT	-
209-ATTAATTAGCA	LHX8_HUMAN.H11MO.0.D	1	0.0122927	9.45307	0.127372	11	ATTAATTAGCA	CGCTAATTACAATTAATT	+
209-ATTAATTAGCA	MAFK_HUMAN.H11MO.1.A	2	0.0130894	10.0657	0.132243	11	ATTAATTAGCA	TGCTGACTCAGCA	-
209-ATTAATTAGCA	PO2F2_HUMAN.H11MO.0.A	-3	0.013815	10.6237	0.137097	8	ATTAATTAGCA	CATTTGCATAT	-
209-ATTAATTAGCA	PBX3_HUMAN.H11MO.1.A	-2	0.0147958	11.3779	0.142808	9	ATTAATTAGCA	TGATTGGCA	+
209-ATTAATTAGCA	MAFF_HUMAN.H11MO.0.B	7	0.0150422	11.5674	0.144198	11	ATTAATTAGCA	AAAAATGCTGACTCAGCA	-
209-ATTAATTAGCA	MAF_HUMAN.H11MO.0.A	3	0.0166207	12.7813	0.156175	11	ATTAATTAGCA	TTGCTGAGTCAGCAGATTC	-
209-ATTAATTAGCA	ARI3A_HUMAN.H11MO.0.D	1	0.016624	12.7839	0.156175	11	ATTAATTAGCA	AATTAATCGAAATCAAATTAAA	+
209-ATTAATTAGCA	NKX61_HUMAN.H11MO.0.B	1	0.0183555	14.1154	0.169329	11	ATTAATTAGCA	GATTAATGGGAATTTAATG	+
209-ATTAATTAGCA	FOXJ3_HUMAN.H11MO.0.A	1	0.0184423	14.1821	0.169329	11	ATTAATTAGCA	AAAAAATAAACAA	-
209-ATTAATTAGCA	HME2_HUMAN.H11MO.0.D	0	0.0185994	14.3029	0.169329	11	ATTAATTAGCA	GGTAATTAGGG	+
209-ATTAATTAGCA	MEIS1_HUMAN.H11MO.0.A	3	0.0195522	15.0357	0.175495	9	ATTAATTAGCA	ATGATTTATGGC	+
209-ATTAATTAGCA	HMBX1_HUMAN.H11MO.0.D	-2	0.0203372	15.6393	0.178974	9	ATTAATTAGCA	TAACTAGCT	-
209-ATTAATTAGCA	ZN333_HUMAN.H11MO.0.D	-2	0.0203372	15.6393	0.178974	9	ATTAATTAGCA	TCATTATCG	-
209-ATTAATTAGCA	FOXF1_HUMAN.H11MO.0.D	-1	0.0205053	15.7686	0.178974	10	ATTAATTAGCA	AAAATAAACAT	-
209-ATTAATTAGCA	HXA10_HUMAN.H11MO.0.C	2	0.0205159	15.7767	0.178974	10	ATTAATTAGCA	TCATAAATTATC	-
209-ATTAATTAGCA	BSH_HUMAN.H11MO.0.D	-2	0.0222777	17.1315	0.191423	9	ATTAATTAGCA	CAATTAACTCATTA	-
209-ATTAATTAGCA	NFIA_HUMAN.H11MO.1.D	-4	0.023393	17.9892	0.199788	7	ATTAATTAGCA	CTTGGCA	+
209-ATTAATTAGCA	CEBPZ_HUMAN.H11MO.0.D	0	0.0260773	20.0535	0.21365	11	ATTAATTAGCA	GCTGATTGGCT	+
209-ATTAATTAGCA	DLX5_HUMAN.H11MO.0.D	3	0.0260773	20.0535	0.21365	8	ATTAATTAGCA	ACCTATAATTA	-
209-ATTAATTAGCA	PROP1_HUMAN.H11MO.0.D	3	0.0260773	20.0535	0.21365	8	ATTAATTAGCA	TAATTCAATTA	-
209-ATTAATTAGCA	ZN547_HUMAN.H11MO.0.C	9	0.0295874	22.7527	0.236898	11	ATTAATTAGCA	GTATGCCTGCTGCATTAGCA	-
209-ATTAATTAGCA	HXA9_HUMAN.H11MO.0.B	2	0.0300498	23.1083	0.239241	9	ATTAATTAGCA	CCATAAATCAT	-
209-ATTAATTAGCA	HXD9_HUMAN.H11MO.0.D	2	0.0305402	23.4854	0.24178	8	ATTAATTAGCA	AATTTTATTA	+
209-ATTAATTAGCA	PDX1_HUMAN.H11MO.0.A	1	0.0322042	24.765	0.253528	8	ATTAATTAGCA	CATCAATCA	-
209-ATTAATTAGCA	PO2F3_HUMAN.H11MO.0.D	-1	0.0323899	24.9078	0.253574	10	ATTAATTAGCA	CAAATTTGCATAAC	-
209-ATTAATTAGCA	MEF2D_HUMAN.H11MO.0.A	1	0.034379	26.4375	0.26766	11	ATTAATTAGCA	CTAAAAATAGCA	-
209-ATTAATTAGCA	HNF6_HUMAN.H11MO.0.B	3	0.0361982	27.8364	0.280275	8	ATTAATTAGCA	TTTATTGATTT	+
209-ATTAATTAGCA	DPRX_HUMAN.H11MO.0.D	0	0.0379029	29.1473	0.290283	11	ATTAATTAGCA	ACGGATTATCC	+
209-ATTAATTAGCA	MEF2B_HUMAN.H11MO.0.A	1	0.0388668	29.8886	0.296056	11	ATTAATTAGCA	CCAAAAATAGCAAC	-
209-ATTAATTAGCA	ALX1_HUMAN.H11MO.0.B	3	0.0412282	31.7045	0.309032	9	ATTAATTAGCA	TAATTCAATTAT	-
209-ATTAATTAGCA	HXB4_HUMAN.H11MO.0.B	-1	0.0414755	31.8947	0.309242	8	ATTAATTAGCA	TTAATGGC	+
209-ATTAATTAGCA	HXC6_HUMAN.H11MO.0.D	3	0.0432509	33.26	0.320782	11	ATTAATTAGCA	ATGATTTATTACTTT	+
209-ATTAATTAGCA	CUX1_HUMAN.H11MO.0.C	2	0.0444641	34.1929	0.328053	11	ATTAATTAGCA	CCATCGATCCCCCT	-
209-ATTAATTAGCA	ISL1_HUMAN.H11MO.0.A	-1	0.0453878	34.9032	0.331969	9	ATTAATTAGCA	TCCATTAGC	-
209-ATTAATTAGCA	GSC_HUMAN.H11MO.0.D	1	0.047556	36.5706	0.343668	10	ATTAATTAGCA	AAGGGATTAGC	+
209-ATTAATTAGCA	DUXA_HUMAN.H11MO.0.D	2	0.0519946	39.9839	0.368191	9	ATTAATTAGCA	TGATTAAATTA	+
209-ATTAATTAGCA	PO5F1_HUMAN.H11MO.1.A	-4	0.053622	41.2353	0.37722	7	ATTAATTAGCA	ATTTGCATAT	-
209-ATTAATTAGCA	FOXQ1_HUMAN.H11MO.0.C	-2	0.0538051	41.3761	0.37722	9	ATTAATTAGCA	AAATAAACAATT	-
209-ATTAATTAGCA	ZN140_HUMAN.H11MO.0.C	1	0.0546624	42.0354	0.377595	11	ATTAATTAGCA	TATGACCCAGCAATTCCGCTCCTA	+
209-ATTAATTAGCA	NKX23_HUMAN.H11MO.0.D	0	0.0567973	43.6772	0.386656	11	ATTAATTAGCA	GTTAAGTGGTT	+
209-ATTAATTAGCA	PO3F1_HUMAN.H11MO.0.C	1	0.0578596	44.4941	0.390119	11	ATTAATTAGCA	TTTGCATTACAATG	-
209-ATTAATTAGCA	ETV3_HUMAN.H11MO.0.D	-1	0.0578596	44.4941	0.390119	10	ATTAATTAGCA	TACATTTGCACTTC	+
209-ATTAATTAGCA	PBX1_HUMAN.H11MO.1.C	6	0.0588619	45.2648	0.394987	9	ATTAATTAGCA	AATTTGATTGATGGG	+
209-ATTAATTAGCA	PO3F2_HUMAN.H11MO.0.A	3	0.0603961	46.4446	0.403361	11	ATTAATTAGCA	TTCATGCATATTCATTC	+
209-ATTAATTAGCA	CUX2_HUMAN.H11MO.0.D	2	0.0619883	47.669	0.406293	9	ATTAATTAGCA	AAATCAATGAA	+
209-ATTAATTAGCA	OZF_HUMAN.H11MO.0.C	6	0.0625508	48.1016	0.406486	11	ATTAATTAGCA	TGGAATACTATGCAGCCATGAAAA	-
209-ATTAATTAGCA	PO3F3_HUMAN.H11MO.0.D	-2	0.0630713	48.5019	0.406486	9	ATTAATTAGCA	AAATTTGCATAATTTAT	-
209-ATTAATTAGCA	MEF2A_HUMAN.H11MO.0.A	2	0.0631693	48.5772	0.406486	11	ATTAATTAGCA	GCTAAAAATAGAA	-
209-ATTAATTAGCA	NKX61_HUMAN.H11MO.1.B	-1	0.0655612	50.4166	0.418044	7	ATTAATTAGCA	TTCATTA	-
209-ATTAATTAGCA	MEF2C_HUMAN.H11MO.0.A	2	0.0659226	50.6945	0.418455	11	ATTAATTAGCA	GCTAAAAATAGCA	-
209-ATTAATTAGCA	NFYC_HUMAN.H11MO.0.A	1	0.0686627	52.8016	0.428869	11	ATTAATTAGCA	CTCTGATTGGCTAG	-
209-ATTAATTAGCA	PIT1_HUMAN.H11MO.0.C	4	0.0687805	52.8922	0.428869	9	ATTAATTAGCA	ATATATTCATGAG	-
209-ATTAATTAGCA	HBP1_HUMAN.H11MO.0.D	-1	0.0692757	53.273	0.430054	9	ATTAATTAGCA	TCAATGAAT	-
209-ATTAATTAGCA	BARH2_HUMAN.H11MO.0.D	8	0.0698223	53.6934	0.431546	10	ATTAATTAGCA	CAATTAGGACCAATTAGC	-
209-ATTAATTAGCA	Z354A_HUMAN.H11MO.0.C	2	0.0714215	54.9231	0.438838	11	ATTAATTAGCA	ACATTAAATGTAAATGGACTAAAT	-
209-ATTAATTAGCA	NFYA_HUMAN.H11MO.0.A	1	0.0716249	55.0796	0.438838	11	ATTAATTAGCA	TTCTGATTGGCTGA	-
209-ATTAATTAGCA	FOXL1_HUMAN.H11MO.0.D	4	0.0733287	56.3898	0.445356	11	ATTAATTAGCA	AAAAGTAAACAAACAAACA	-
209-ATTAATTAGCA	PO5F1_HUMAN.H11MO.0.A	-4	0.0759552	58.4095	0.457414	7	ATTAATTAGCA	ATTTGCATAACAAAGG	-
209-ATTAATTAGCA	ZN680_HUMAN.H11MO.0.C	10	0.0797281	61.3109	0.474057	10	ATTAATTAGCA	CATGTCCAAGAAGAATGAGG	+
209-ATTAATTAGCA	FOXO4_HUMAN.H11MO.0.C	-3	0.0830389	63.8569	0.490276	8	ATTAATTAGCA	AATAAACAA	-
209-ATTAATTAGCA	HXC9_HUMAN.H11MO.0.C	0	0.0834996	64.2112	0.490276	10	ATTAATTAGCA	TTTTATTGCC	+
209-ATTAATTAGCA	NKX32_HUMAN.H11MO.0.C	-1	0.0834996	64.2112	0.490276	10	ATTAATTAGCA	TTAAGTGTTT	+
209-ATTAATTAGCA	NFYB_HUMAN.H11MO.0.A	1	0.0847497	65.1725	0.495551	11	ATTAATTAGCA	CTCTGATTGGCTG	-
213-TTTCATAAAACTC	HXD9_HUMAN.H11MO.0.D	-2	0.000509656	0.391926	0.486099	10	TTTCATAAAACTC	TAATTAAATT	-
213-TTTCATAAAACTC	STA5A_HUMAN.H11MO.0.A	0	0.00165509	1.27277	0.486099	10	TTTCATAAAACTC	TTTCCTAGAA	-
213-TTTCATAAAACTC	STA5B_HUMAN.H11MO.0.A	0	0.0016859	1.29646	0.486099	12	TTTCATAAAACTC	TTTCTTAGAAAT	+
213-TTTCATAAAACTC	HXC11_HUMAN.H11MO.0.D	0	0.00195509	1.50346	0.486099	11	TTTCATAAAACTC	GGTCGTAAAAA	-
213-TTTCATAAAACTC	HXC12_HUMAN.H11MO.0.D	1	0.00267389	2.05622	0.486099	11	TTTCATAAAACTC	AGGTCATAAAAA	-
213-TTTCATAAAACTC	HXD11_HUMAN.H11MO.0.D	0	0.00294919	2.26793	0.486099	11	TTTCATAAAACTC	AGTAATAAAAA	-
213-TTTCATAAAACTC	PO2F1_HUMAN.H11MO.0.C	4	0.00305006	2.3455	0.486099	12	TTTCATAAAACTC	TTATTTGCATTCGATT	-
213-TTTCATAAAACTC	HXA11_HUMAN.H11MO.0.D	-2	0.00361432	2.77941	0.486099	11	TTTCATAAAACTC	TCATAAAATTTTA	-
213-TTTCATAAAACTC	NFIL3_HUMAN.H11MO.0.D	1	0.00392917	3.02153	0.486099	10	TTTCATAAAACTC	ATTACATAACT	-
213-TTTCATAAAACTC	HXC13_HUMAN.H11MO.0.D	-1	0.00415844	3.19784	0.486099	11	TTTCATAAAACTC	CTCGTAAAAAT	-
213-TTTCATAAAACTC	CDX1_HUMAN.H11MO.0.C	-2	0.00430518	3.31068	0.486099	8	TTTCATAAAACTC	ACATAAAT	-
213-TTTCATAAAACTC	HXB6_HUMAN.H11MO.0.D	-1	0.00449536	3.45693	0.486099	12	TTTCATAAAACTC	TGCATCAATCATT	-
213-TTTCATAAAACTC	MEIS1_HUMAN.H11MO.0.A	-1	0.00466899	3.59045	0.486099	12	TTTCATAAAACTC	GCCATAAATCAT	-
213-TTTCATAAAACTC	HXB13_HUMAN.H11MO.0.A	0	0.00492931	3.79064	0.486099	10	TTTCATAAAACTC	GCCAATAAAA	-
213-TTTCATAAAACTC	HXA10_HUMAN.H11MO.0.C	-2	0.004931	3.79194	0.486099	11	TTTCATAAAACTC	TCATAAATTATC	-
213-TTTCATAAAACTC	HXA9_HUMAN.H11MO.0.B	-2	0.00520579	4.00326	0.486099	11	TTTCATAAAACTC	CCATAAATCAT	-
213-TTTCATAAAACTC	HXD12_HUMAN.H11MO.0.D	-1	0.00581686	4.47317	0.486099	11	TTTCATAAAACTC	GTAATAAAATT	-
213-TTTCATAAAACTC	PO5F1_HUMAN.H11MO.0.A	2	0.00618326	4.75493	0.486099	13	TTTCATAAAACTC	ATTTGCATAACAAAGG	-
213-TTTCATAAAACTC	STAT1_HUMAN.H11MO.0.A	4	0.00664522	5.11017	0.486099	13	TTTCATAAAACTC	CCCCTTTCCTGGAAATCAC	+
213-TTTCATAAAACTC	HXC10_HUMAN.H11MO.0.D	-1	0.00664522	5.11017	0.486099	12	TTTCATAAAACTC	GTAATAAAAAAATTAAAAA	-
213-TTTCATAAAACTC	ZN582_HUMAN.H11MO.0.C	5	0.0066691	5.12854	0.486099	13	TTTCATAAAACTC	GTTGATTGCATTCGATTCCATTCG	-
220-AGGAAAGAAATAA	HXC6_HUMAN.H11MO.0.D	-3	5.63575e-05	0.0433389	0.0853756	10	AGGAAAGAAATAA	AAAGTAATAAATCAT	-
220-AGGAAAGAAATAA	CPEB1_HUMAN.H11MO.0.D	1	0.000275457	0.211826	0.208644	13	AGGAAAGAAATAA	AAAAAAAAAAATAAAAA	-
220-AGGAAAGAAATAA	FOXL1_HUMAN.H11MO.0.D	3	0.000619974	0.47676	0.313065	13	AGGAAAGAAATAA	AAAAGTAAACAAACAAACA	-
222-CCGCGGGCCGCCG	AP2B_HUMAN.H11MO.0.B	2	0.000261725	0.201266	0.402532	8	CCGCGGGCCGCCG	GCCCCCGGGC	-
223-AAAGGTAAAAACA	NR4A2_HUMAN.H11MO.0.C	0	0.000665982	0.51214	0.484716	9	AAAGGTAAAAACA	AAAGGTCAC	+
223-AAAGGTAAAAACA	GATA3_HUMAN.H11MO.0.A	0	0.0012568	0.966479	0.484716	11	AAAGGTAAAAACA	AAAGATAAGAA	+
223-AAAGGTAAAAACA	NR4A3_HUMAN.H11MO.0.D	1	0.0012853	0.988397	0.484716	9	AAAGGTAAAAACA	CAAAGGTCAG	+
223-AAAGGTAAAAACA	FOXL1_HUMAN.H11MO.0.D	0	0.00149059	1.14627	0.484716	13	AAAGGTAAAAACA	AAAAGTAAACAAACAAACA	-
223-AAAGGTAAAAACA	IRF5_HUMAN.H11MO.0.D	1	0.00157922	1.21442	0.484716	13	AAAGGTAAAAACA	TAAAGGAAAGCCAAAAGTGA	+
228-GGGGGCGGCA	KLF13_HUMAN.H11MO.0.D	2	6.91935e-05	0.0532098	0.104629	9	GGGGGCGGCA	AGGGGGGCGTG	+
228-GGGGGCGGCA	CTCFL_HUMAN.H11MO.0.A	7	0.000347591	0.267297	0.154631	10	GGGGGCGGCA	GCCGCCAGGGGGCGCCG	+
228-GGGGGCGGCA	ZN219_HUMAN.H11MO.0.D	3	0.000425979	0.327578	0.154631	9	GGGGGCGGCA	GAGGGGGGCGGA	+
228-GGGGGCGGCA	INSM1_HUMAN.H11MO.0.C	5	0.000516889	0.397487	0.154631	7	GGGGGCGGCA	TGTCAGGGGGCA	+
228-GGGGGCGGCA	SP1_HUMAN.H11MO.1.A	1	0.000573409	0.440952	0.154631	10	GGGGGCGGCA	GGGGGGCGGGGCCG	+
228-GGGGGCGGCA	SP1_HUMAN.H11MO.0.A	1	0.000873308	0.671574	0.154631	10	GGGGGCGGCA	GGGGGGCGGGGCCGGGGGGGGG	+
228-GGGGGCGGCA	SP2_HUMAN.H11MO.1.B	1	0.000969578	0.745606	0.154631	10	GGGGGCGGCA	AGGGGGCGGGGC	+
228-GGGGGCGGCA	E2F4_HUMAN.H11MO.0.A	0	0.00101281	0.778848	0.154631	10	GGGGGCGGCA	GGGGGCGGGAAAT	+
228-GGGGGCGGCA	EGR1_HUMAN.H11MO.0.A	6	0.00112424	0.86454	0.154631	10	GGGGGCGGCA	GAGGGCGTGGGCGGGGG	+
228-GGGGGCGGCA	KLF14_HUMAN.H11MO.0.D	2	0.00114567	0.881017	0.154631	10	GGGGGCGGCA	AGGGGGGCGTGGC	+
228-GGGGGCGGCA	KLF5_HUMAN.H11MO.0.A	1	0.00137984	1.0611	0.154631	10	GGGGGCGGCA	AGGGTGGGGCTGGG	+
228-GGGGGCGGCA	CTCF_HUMAN.H11MO.0.A	9	0.00137993	1.06116	0.154631	10	GGGGGCGGCA	TGGCCACCAGGGGGCGCCA	+
228-GGGGGCGGCA	KLF4_HUMAN.H11MO.0.A	1	0.00145631	1.1199	0.154631	9	GGGGGCGGCA	AGGGTGTGGC	+
228-GGGGGCGGCA	TFDP1_HUMAN.H11MO.0.C	1	0.00146649	1.12773	0.154631	10	GGGGGCGGCA	GGGGGGCGGGAAAA	+
228-GGGGGCGGCA	E2F1_HUMAN.H11MO.0.A	1	0.00155821	1.19826	0.154631	10	GGGGGCGGCA	GGGGGGCGGGAAAG	+
228-GGGGGCGGCA	SP2_HUMAN.H11MO.0.A	5	0.00165638	1.27375	0.154631	10	GGGGGCGGCA	GGGGGGGGGGCGGGGCCGGGGG	+
228-GGGGGCGGCA	ZBT7A_HUMAN.H11MO.0.A	1	0.00175937	1.35296	0.154631	8	GGGGGCGGCA	GGGGGTCTC	+
228-GGGGGCGGCA	KLF9_HUMAN.H11MO.0.C	5	0.00193457	1.48768	0.154631	10	GGGGGCGGCA	GGAGGGGGCGTGGCC	+
228-GGGGGCGGCA	KLF1_HUMAN.H11MO.0.A	1	0.00210296	1.61717	0.154631	10	GGGGGCGGCA	GGGGCGGGGCCGGG	+
228-GGGGGCGGCA	ZN740_HUMAN.H11MO.0.D	2	0.00210296	1.61717	0.154631	10	GGGGGCGGCA	GGGGGGGGGGTGGG	+
228-GGGGGCGGCA	KLF12_HUMAN.H11MO.0.C	2	0.00214748	1.65141	0.154631	9	GGGGGCGGCA	AGGGGCGGGGC	+
228-GGGGGCGGCA	ZN148_HUMAN.H11MO.0.D	5	0.00245508	1.88796	0.168745	10	GGGGGCGGCA	GGGGTGGGGGAGGGG	+
228-GGGGGCGGCA	SP3_HUMAN.H11MO.0.B	4	0.00353301	2.71689	0.223418	10	GGGGGCGGCA	GGGGGGGGGCGGGGCCGGGG	+
228-GGGGGCGGCA	PRDM4_HUMAN.H11MO.0.D	1	0.00354603	2.7269	0.223418	10	GGGGGCGGCA	GTGGGGGGCCTTGAAA	+
228-GGGGGCGGCA	PLAL1_HUMAN.H11MO.0.D	2	0.00373066	2.86888	0.225648	8	GGGGGCGGCA	CGGGGGGCCC	+
228-GGGGGCGGCA	EGR2_HUMAN.H11MO.1.A	5	0.00421499	3.24133	0.245137	10	GGGGGCGGCA	GGGGCGTGGGCGGGGG	+
228-GGGGGCGGCA	SP4_HUMAN.H11MO.1.A	3	0.00472423	3.63294	0.259062	10	GGGGGCGGCA	GGAGGGGGCGGGGCCG	+
228-GGGGGCGGCA	GLIS3_HUMAN.H11MO.0.D	0	0.00494981	3.8064	0.259062	10	GGGGGCGGCA	GTGGGGGGTA	+
228-GGGGGCGGCA	EGR2_HUMAN.H11MO.0.A	8	0.00496838	3.82068	0.259062	10	GGGGGCGGCA	GGGGGGGTGTGGGAGGGG	+
228-GGGGGCGGCA	E2F6_HUMAN.H11MO.0.A	-1	0.00553046	4.25292	0.269957	9	GGGGGCGGCA	GGGGCGGGAAGGG	+
228-GGGGGCGGCA	E2F2_HUMAN.H11MO.0.B	-1	0.00553439	4.25594	0.269957	9	GGGGGCGGCA	GGCGCGAAAC	+
228-GGGGGCGGCA	SP4_HUMAN.H11MO.0.A	5	0.00630411	4.84786	0.297147	10	GGGGGCGGCA	GGGAAGGGGGCGGGGCCGGG	+
228-GGGGGCGGCA	TAF1_HUMAN.H11MO.0.A	5	0.00661539	5.08723	0.297147	10	GGGGGCGGCA	AAGATGGCGGCGGCGG	+
228-GGGGGCGGCA	ZN350_HUMAN.H11MO.1.D	0	0.00668134	5.13795	0.297147	10	GGGGGCGGCA	ACGGGGCGCAGGGATTTGTTGCCC	+
228-GGGGGCGGCA	MAZ_HUMAN.H11MO.1.A	2	0.00701943	5.39794	0.297906	9	GGGGGCGGCA	GAGGGAGGGGG	+
228-GGGGGCGGCA	KLF3_HUMAN.H11MO.0.B	6	0.00724414	5.57074	0.297906	10	GGGGGCGGCA	GGGGAGGGGCGGGGCCGGG	+
228-GGGGGCGGCA	SALL4_HUMAN.H11MO.0.B	1	0.00728944	5.60558	0.297906	9	GGGGGCGGCA	GGAGGGTGGG	+
228-GGGGGCGGCA	KLF8_HUMAN.H11MO.0.C	2	0.00776536	5.97156	0.309004	7	GGGGGCGGCA	CAGGGGGTG	+
228-GGGGGCGGCA	ZN281_HUMAN.H11MO.0.A	4	0.00852499	6.55572	0.323179	10	GGGGGCGGCA	GGGTGGGGGAGGGGA	+
228-GGGGGCGGCA	E2F7_HUMAN.H11MO.0.B	-1	0.00854903	6.57421	0.323179	9	GGGGGCGGCA	GGGGCGGGAAAGG	+
228-GGGGGCGGCA	ZN770_HUMAN.H11MO.1.C	1	0.00918032	7.05967	0.33858	10	GGGGGCGGCA	GGGAGGCTGAG	+
228-GGGGGCGGCA	KLF16_HUMAN.H11MO.0.D	0	0.0106514	8.19095	0.374564	10	GGGGGCGGCA	GGGGGCGGGGGGGGGGGGG	+
228-GGGGGCGGCA	TBX15_HUMAN.H11MO.0.D	8	0.0106514	8.19095	0.374564	10	GGGGGCGGCA	GGGGGGGGGGGGGTGGGGG	+
228-GGGGGCGGCA	WT1_HUMAN.H11MO.0.C	4	0.0109861	8.44828	0.377551	10	GGGGGCGGCA	GGGCGGGGGAGGAGGGGGGG	+
228-GGGGGCGGCA	ZIC1_HUMAN.H11MO.0.B	-1	0.0121109	9.31325	0.406958	9	GGGGGCGGCA	GGGGTGGTC	+
228-GGGGGCGGCA	WT1_HUMAN.H11MO.1.B	0	0.0125836	9.67677	0.409418	10	GGGGGCGGCA	GTGGGAGGAGG	+
228-GGGGGCGGCA	KLF6_HUMAN.H11MO.0.A	4	0.013209	10.1577	0.409418	10	GGGGGCGGCA	GGAAGGGCGGGGCCGGGGG	+
228-GGGGGCGGCA	ATF2_HUMAN.H11MO.2.C	0	0.0132532	10.1917	0.409418	10	GGGGGCGGCA	GATGACGTCAC	+
228-GGGGGCGGCA	MAZ_HUMAN.H11MO.0.A	6	0.0134903	10.374	0.409418	10	GGGGGCGGCA	GGGGGAGGGGGGGGGGGGGGGG	+
228-GGGGGCGGCA	TBX1_HUMAN.H11MO.0.D	9	0.01363	10.4814	0.409418	10	GGGGGCGGCA	GGGTGGGCAGGGGTGGGCGG	+
228-GGGGGCGGCA	TYY1_HUMAN.H11MO.0.A	3	0.0138086	10.6188	0.409418	9	GGGGGCGGCA	CAAGATGGCGGC	+
228-GGGGGCGGCA	EGR4_HUMAN.H11MO.0.D	0	0.0146924	11.2985	0.427245	10	GGGGGCGGCA	GGCGGCAGGGC	+
228-GGGGGCGGCA	ZSC22_HUMAN.H11MO.0.C	8	0.0156057	12.0007	0.445239	8	GGGGGCGGCA	GGTCTGAGGGAGGAGG	+
228-GGGGGCGGCA	ZN549_HUMAN.H11MO.0.C	9	0.0168474	12.9556	0.470772	10	GGGGGCGGCA	ATTCATGAATTGGGCAGCAC	+
228-GGGGGCGGCA	EGR3_HUMAN.H11MO.0.D	3	0.0171233	13.1678	0.470772	8	GGGGGCGGCA	AGAGTGGGTGT	+
228-GGGGGCGGCA	E2F3_HUMAN.H11MO.0.A	-1	0.0180124	13.8516	0.486375	9	GGGGGCGGCA	AGGGCGGGAAA	+
231-ACTAATTTTTTG	MSX2_HUMAN.H11MO.0.D	-2	0.000595519	0.457954	0.476003	7	ACTAATTTTTTG	TAATTGT	+
231-ACTAATTTTTTG	ONEC3_HUMAN.H11MO.0.D	1	0.000875902	0.673569	0.476003	11	ACTAATTTTTTG	TATTGATTTTTT	+
231-ACTAATTTTTTG	PRRX2_HUMAN.H11MO.0.C	-1	0.000952006	0.732093	0.476003	7	ACTAATTTTTTG	TTAATTG	+
231-ACTAATTTTTTG	LHX3_HUMAN.H11MO.0.C	4	0.0028366	2.18135	0.489674	9	ACTAATTTTTTG	ATTAATTAATTTT	-
231-ACTAATTTTTTG	NOBOX_HUMAN.H11MO.0.C	-1	0.00357149	2.74648	0.489674	9	ACTAATTTTTTG	CTAATTGGT	+
231-ACTAATTTTTTG	BARX1_HUMAN.H11MO.0.D	-1	0.00371598	2.85759	0.489674	11	ACTAATTTTTTG	CTAATTGTTTTT	+
231-ACTAATTTTTTG	MIXL1_HUMAN.H11MO.0.D	0	0.00424058	3.261	0.489674	11	ACTAATTTTTTG	GTTAATTAGAT	+
231-ACTAATTTTTTG	LMX1A_HUMAN.H11MO.0.D	2	0.00457452	3.5178	0.489674	12	ACTAATTTTTTG	TAATTAATTATTTAATTAA	+
231-ACTAATTTTTTG	NR2E1_HUMAN.H11MO.0.D	1	0.00462052	3.55318	0.489674	12	ACTAATTTTTTG	AATTGACTTTTTGACTT	-
231-ACTAATTTTTTG	NOTO_HUMAN.H11MO.0.D	0	0.00550755	4.23531	0.489674	11	ACTAATTTTTTG	GTTAATTAGGT	+
231-ACTAATTTTTTG	DLX2_HUMAN.H11MO.0.D	-1	0.00625661	4.81133	0.489674	8	ACTAATTTTTTG	ATAATTAT	-
231-ACTAATTTTTTG	DLX3_HUMAN.H11MO.0.C	0	0.00645706	4.96548	0.489674	10	ACTAATTTTTTG	GATAATTACA	+
231-ACTAATTTTTTG	MYNN_HUMAN.H11MO.0.D	2	0.00655305	5.0393	0.489674	12	ACTAATTTTTTG	GGACTTTTATTTTGAAA	+
231-ACTAATTTTTTG	HXA2_HUMAN.H11MO.0.D	1	0.00676605	5.20309	0.489674	10	ACTAATTTTTTG	CGCTAATTACC	-
231-ACTAATTTTTTG	HXD4_HUMAN.H11MO.0.D	-1	0.00706301	5.43146	0.489674	8	ACTAATTTTTTG	TTAATTGA	+
231-ACTAATTTTTTG	LBX2_HUMAN.H11MO.0.D	0	0.00711997	5.47526	0.489674	11	ACTAATTTTTTG	GTTAATTAGGT	+
231-ACTAATTTTTTG	RAX2_HUMAN.H11MO.0.D	-1	0.00713707	5.48841	0.489674	11	ACTAATTTTTTG	CTAATTAAATTA	+
231-ACTAATTTTTTG	PO6F2_HUMAN.H11MO.0.D	1	0.00749102	5.7606	0.489674	10	ACTAATTTTTTG	AGCTAATTAAC	-
231-ACTAATTTTTTG	HXC6_HUMAN.H11MO.0.D	3	0.00780107	5.99902	0.489674	12	ACTAATTTTTTG	ATGATTTATTACTTT	+
231-ACTAATTTTTTG	LHX2_HUMAN.H11MO.0.A	1	0.00910593	7.00246	0.489674	11	ACTAATTTTTTG	TTTTAATTAGTT	+
231-ACTAATTTTTTG	VENTX_HUMAN.H11MO.0.D	1	0.00918427	7.06271	0.489674	12	ACTAATTTTTTG	CGCTAATTGGTTTCTAATT	+
231-ACTAATTTTTTG	PAX4_HUMAN.H11MO.0.D	2	0.00955589	7.34848	0.489674	10	ACTAATTTTTTG	TAACTAATTCGC	+
231-ACTAATTTTTTG	LHX4_HUMAN.H11MO.0.D	2	0.00963062	7.40595	0.489674	9	ACTAATTTTTTG	AAGTTAATTAG	+
231-ACTAATTTTTTG	ALX4_HUMAN.H11MO.0.D	-2	0.0100264	7.71034	0.489674	10	ACTAATTTTTTG	TAATTTAATTAA	-
231-ACTAATTTTTTG	EMX1_HUMAN.H11MO.0.D	4	0.0105184	8.08868	0.489674	8	ACTAATTTTTTG	ATTAGCTAATTA	-
231-ACTAATTTTTTG	ALX3_HUMAN.H11MO.0.D	-2	0.0106351	8.17838	0.489674	10	ACTAATTTTTTG	TAATTAAATTA	+
231-ACTAATTTTTTG	DRGX_HUMAN.H11MO.0.D	-2	0.0106351	8.17838	0.489674	10	ACTAATTTTTTG	TAATTTAATTA	+
231-ACTAATTTTTTG	HMX1_HUMAN.H11MO.0.D	0	0.0106383	8.18086	0.489674	12	ACTAATTTTTTG	GTTAATTGTTTTTTAAT	+
231-ACTAATTTTTTG	PO4F3_HUMAN.H11MO.0.D	2	0.0108965	8.37941	0.489674	12	ACTAATTTTTTG	TCATTAATTATTCAT	+
231-ACTAATTTTTTG	VAX1_HUMAN.H11MO.0.D	8	0.010961	8.42903	0.489674	10	ACTAATTTTTTG	TAATTAACCCTAATTACC	-
231-ACTAATTTTTTG	EMX2_HUMAN.H11MO.0.D	4	0.0110328	8.48419	0.489674	8	ACTAATTTTTTG	ATTAGCTAATTA	-
231-ACTAATTTTTTG	HXA9_HUMAN.H11MO.0.B	-1	0.0117357	9.02478	0.489674	11	ACTAATTTTTTG	ATGATTTATGG	+
231-ACTAATTTTTTG	RX_HUMAN.H11MO.0.D	-1	0.0117357	9.02478	0.489674	11	ACTAATTTTTTG	TTAATTAGCAA	+
231-ACTAATTTTTTG	MEF2D_HUMAN.H11MO.0.A	0	0.0121321	9.32955	0.489674	12	ACTAATTTTTTG	TGCTATTTTTAG	+
231-ACTAATTTTTTG	ZN384_HUMAN.H11MO.0.C	-1	0.0121321	9.32955	0.489674	11	ACTAATTTTTTG	CCGATTTTTTCC	-
231-ACTAATTTTTTG	PDX1_HUMAN.H11MO.1.A	0	0.0124679	9.58785	0.489674	9	ACTAATTTTTTG	ATTAATTAT	+
231-ACTAATTTTTTG	UNC4_HUMAN.H11MO.0.D	-2	0.0129409	9.95153	0.489674	10	ACTAATTTTTTG	TAATTTAATTA	+
231-ACTAATTTTTTG	MEF2A_HUMAN.H11MO.0.A	1	0.0129931	9.9917	0.489674	12	ACTAATTTTTTG	TTCTATTTTTAGC	+
231-ACTAATTTTTTG	ZBT49_HUMAN.H11MO.0.D	2	0.0135854	10.4472	0.489674	9	ACTAATTTTTTG	GCGCTAATTGG	+
231-ACTAATTTTTTG	PHX2A_HUMAN.H11MO.0.D	-2	0.0142595	10.9655	0.489674	10	ACTAATTTTTTG	TAATTAAATTA	-
231-ACTAATTTTTTG	HME1_HUMAN.H11MO.0.D	0	0.0147819	11.3673	0.489674	12	ACTAATTTTTTG	GCTAATTACCCAATTAT	+
231-ACTAATTTTTTG	MEF2C_HUMAN.H11MO.0.A	0	0.0149301	11.4813	0.489674	12	ACTAATTTTTTG	TGCTATTTTTAGC	+
231-ACTAATTTTTTG	PAX7_HUMAN.H11MO.0.D	-2	0.0149644	11.5076	0.489674	10	ACTAATTTTTTG	TAATTGATTAT	+
231-ACTAATTTTTTG	VAX2_HUMAN.H11MO.0.D	1	0.0154587	11.8877	0.489674	12	ACTAATTTTTTG	CACTAATTACCCTATT	-
231-ACTAATTTTTTG	ARX_HUMAN.H11MO.0.D	-1	0.0156328	12.0217	0.489674	11	ACTAATTTTTTG	TTAATTTAATTAG	+
231-ACTAATTTTTTG	PO4F2_HUMAN.H11MO.0.D	1	0.0171306	13.1734	0.489674	12	ACTAATTTTTTG	TATTAATGAGCTG	+
231-ACTAATTTTTTG	SHOX2_HUMAN.H11MO.0.D	-1	0.0177711	13.666	0.489674	11	ACTAATTTTTTG	CTAATTAGTTAATTTTA	+
231-ACTAATTTTTTG	HMX2_HUMAN.H11MO.0.D	0	0.0181175	13.9324	0.489674	11	ACTAATTTTTTG	TTTAATTGGTT	+
231-ACTAATTTTTTG	VSX2_HUMAN.H11MO.0.D	3	0.0184504	14.1884	0.489674	9	ACTAATTTTTTG	GAAGCTAATTAA	-
231-ACTAATTTTTTG	GSC_HUMAN.H11MO.0.D	0	0.018996	14.6079	0.489674	11	ACTAATTTTTTG	GCTAATCCCTT	-
231-ACTAATTTTTTG	PHX2B_HUMAN.H11MO.0.D	-2	0.018996	14.6079	0.489674	10	ACTAATTTTTTG	TAATTAAATTA	-
231-ACTAATTTTTTG	SHOX_HUMAN.H11MO.0.D	-1	0.0194651	14.9686	0.489674	11	ACTAATTTTTTG	CTAATTAGTTAATTTTT	+
231-ACTAATTTTTTG	MEF2B_HUMAN.H11MO.0.A	3	0.0196787	15.1329	0.489674	11	ACTAATTTTTTG	GTTGCTATTTTTGG	+
231-ACTAATTTTTTG	DLX5_HUMAN.H11MO.0.D	-2	0.0199134	15.3134	0.489674	10	ACTAATTTTTTG	TAATTATAGGT	+
231-ACTAATTTTTTG	PO4F1_HUMAN.H11MO.0.D	1	0.0205817	15.8273	0.497944	12	ACTAATTTTTTG	CATTAATTATTCAT	+
233-CCCTGAACTTAA	NR6A1_HUMAN.H11MO.0.B	3	7.57283e-05	0.0582351	0.0986428	10	CCCTGAACTTAA	TGACCTTGAACTT	-
233-CCCTGAACTTAA	NR1I2_HUMAN.H11MO.1.D	-2	0.000142803	0.109816	0.0986428	8	CCCTGAACTTAA	GTGAACTT	-
233-CCCTGAACTTAA	NR1I3_HUMAN.H11MO.1.D	-2	0.000193208	0.148577	0.0986428	8	CCCTGAACTTAA	ATGAACTT	-
233-CCCTGAACTTAA	RARA_HUMAN.H11MO.0.A	0	0.000574331	0.441661	0.21992	12	CCCTGAACTTAA	CCTTGACCTCTTGATCCCCC	-
233-CCCTGAACTTAA	RARA_HUMAN.H11MO.1.A	0	0.00090789	0.698168	0.278116	10	CCCTGAACTTAA	CCCTGACCTT	-
233-CCCTGAACTTAA	THA_HUMAN.H11MO.1.D	-2	0.0025557	1.96534	0.450129	10	CCCTGAACTTAA	CTGACCTGAA	-
233-CCCTGAACTTAA	ERR2_HUMAN.H11MO.0.A	-3	0.00285858	2.19825	0.450129	9	CCCTGAACTTAA	TGACCTTGA	-
233-CCCTGAACTTAA	RARB_HUMAN.H11MO.0.D	1	0.00301133	2.31571	0.450129	10	CCCTGAACTTAA	GCCCTGACCTC	-
233-CCCTGAACTTAA	COT2_HUMAN.H11MO.0.A	1	0.00307006	2.36088	0.450129	12	CCCTGAACTTAA	CCTCTGACCTTTG	-
233-CCCTGAACTTAA	NR4A2_HUMAN.H11MO.0.C	-2	0.00340044	2.61494	0.450129	9	CCCTGAACTTAA	GTGACCTTT	-
233-CCCTGAACTTAA	NR4A3_HUMAN.H11MO.0.D	-2	0.00375459	2.88728	0.450129	10	CCCTGAACTTAA	CTGACCTTTG	-
233-CCCTGAACTTAA	RXRB_HUMAN.H11MO.0.C	-1	0.00396348	3.04791	0.450129	10	CCCTGAACTTAA	TGTGACCTCA	-
233-CCCTGAACTTAA	VDR_HUMAN.H11MO.1.A	-2	0.00403624	3.10387	0.450129	9	CCCTGAACTTAA	CTGAACCCA	-
233-CCCTGAACTTAA	RARG_HUMAN.H11MO.1.B	-2	0.00449738	3.45849	0.450129	8	CCCTGAACTTAA	CTGACCTC	-
233-CCCTGAACTTAA	PPARA_HUMAN.H11MO.1.B	-2	0.00534578	4.1109	0.450129	9	CCCTGAACTTAA	CTGACCTTT	-
233-CCCTGAACTTAA	RXRA_HUMAN.H11MO.1.A	-2	0.0054617	4.20005	0.450129	10	CCCTGAACTTAA	CTGACCTCTG	-
233-CCCTGAACTTAA	NR1H3_HUMAN.H11MO.1.B	-1	0.00575748	4.42751	0.450129	10	CCCTGAACTTAA	TCTGACCTTT	-
233-CCCTGAACTTAA	ESR2_HUMAN.H11MO.1.A	-2	0.0058462	4.49573	0.450129	7	CCCTGAACTTAA	GTGACCT	-
233-CCCTGAACTTAA	NR1I2_HUMAN.H11MO.0.C	-2	0.00585702	4.50405	0.450129	10	CCCTGAACTTAA	CTGAACTTTTTTGACCTCA	-
233-CCCTGAACTTAA	COT1_HUMAN.H11MO.1.C	0	0.00594744	4.57358	0.450129	12	CCCTGAACTTAA	CCCTGACCTCTGC	-
233-CCCTGAACTTAA	ERR1_HUMAN.H11MO.0.A	2	0.00617156	4.74593	0.450129	12	CCCTGAACTTAA	CTGTGTGACCTTGAG	-
236-AAAAATTAAATTGG	UNC4_HUMAN.H11MO.0.D	-2	0.000282807	0.217479	0.114973	11	AAAAATTAAATTGG	TAATTAAATTA	-
236-AAAAATTAAATTGG	HNF1B_HUMAN.H11MO.1.A	0	0.000321797	0.247462	0.114973	11	AAAAATTAAATTGG	AATCATTAACT	-
236-AAAAATTAAATTGG	ARX_HUMAN.H11MO.0.D	-1	0.0003818	0.293604	0.114973	13	AAAAATTAAATTGG	CTAATTAAATTAA	-
236-AAAAATTAAATTGG	LHX3_HUMAN.H11MO.0.C	0	0.0003818	0.293604	0.114973	13	AAAAATTAAATTGG	ATTAATTAATTTT	-
236-AAAAATTAAATTGG	HXD9_HUMAN.H11MO.0.D	-2	0.000455539	0.350309	0.114973	10	AAAAATTAAATTGG	TAATTAAATT	-
236-AAAAATTAAATTGG	PHX2B_HUMAN.H11MO.0.D	-2	0.000501748	0.385844	0.114973	11	AAAAATTAAATTGG	TAATTAAATTA	-
236-AAAAATTAAATTGG	ALX3_HUMAN.H11MO.0.D	-2	0.000604742	0.465047	0.114973	11	AAAAATTAAATTGG	TAATTAAATTA	+
236-AAAAATTAAATTGG	PHX2A_HUMAN.H11MO.0.D	-2	0.00068408	0.526058	0.114973	11	AAAAATTAAATTGG	TAATTAAATTA	-
236-AAAAATTAAATTGG	MSX2_HUMAN.H11MO.0.D	-1	0.000750986	0.577508	0.114973	7	AAAAATTAAATTGG	ACAATTA	-
236-AAAAATTAAATTGG	DRGX_HUMAN.H11MO.0.D	-2	0.000773092	0.594508	0.114973	11	AAAAATTAAATTGG	TAATTAAATTA	-
236-AAAAATTAAATTGG	ALX4_HUMAN.H11MO.0.D	-1	0.000943736	0.725733	0.127591	12	AAAAATTAAATTGG	TTAATTAAATTA	+
236-AAAAATTAAATTGG	SOX7_HUMAN.H11MO.0.D	0	0.00114271	0.878747	0.130735	14	AAAAATTAAATTGG	AACAATGAAATTGTTT	+
236-AAAAATTAAATTGG	RAX2_HUMAN.H11MO.0.D	-1	0.00125235	0.963057	0.130735	12	AAAAATTAAATTGG	CTAATTAAATTA	+
236-AAAAATTAAATTGG	PRRX2_HUMAN.H11MO.0.C	-2	0.00140514	1.08056	0.130735	7	AAAAATTAAATTGG	CAATTAA	-
236-AAAAATTAAATTGG	SOX11_HUMAN.H11MO.0.D	0	0.00140653	1.08162	0.130735	14	AAAAATTAAATTGG	AACAATGCAATTGTTC	+
236-AAAAATTAAATTGG	ONEC3_HUMAN.H11MO.0.D	0	0.00184615	1.41969	0.133322	12	AAAAATTAAATTGG	AAAAAATCAATA	-
236-AAAAATTAAATTGG	PROP1_HUMAN.H11MO.0.D	-2	0.00187887	1.44485	0.133322	11	AAAAATTAAATTGG	TAATTGAATTA	+
236-AAAAATTAAATTGG	HXD4_HUMAN.H11MO.0.D	-1	0.0018826	1.44772	0.133322	8	AAAAATTAAATTGG	TCAATTAA	-
236-AAAAATTAAATTGG	LHX4_HUMAN.H11MO.0.D	-1	0.00312497	2.4031	0.211245	11	AAAAATTAAATTGG	CTAATTAACTT	-
236-AAAAATTAAATTGG	FOXD2_HUMAN.H11MO.0.D	5	0.00347698	2.6738	0.217816	14	AAAAATTAAATTGG	TATGTAAATATTTATTTAA	+
236-AAAAATTAAATTGG	ALX1_HUMAN.H11MO.0.B	-1	0.0035151	2.70311	0.217816	12	AAAAATTAAATTGG	ATAATTGAATTA	+
236-AAAAATTAAATTGG	NKX62_HUMAN.H11MO.0.D	0	0.00411442	3.16399	0.226438	11	AAAAATTAAATTGG	GGTAATTAATT	-
236-AAAAATTAAATTGG	PDX1_HUMAN.H11MO.1.A	-1	0.00426328	3.27846	0.226438	9	AAAAATTAAATTGG	ATAATTAAT	-
236-AAAAATTAAATTGG	HMX3_HUMAN.H11MO.0.D	0	0.00458613	3.52673	0.235186	11	AAAAATTAAATTGG	AGCAATTAACG	-
236-AAAAATTAAATTGG	PO4F3_HUMAN.H11MO.0.D	3	0.00517433	3.97906	0.253991	12	AAAAATTAAATTGG	ATGAATAATTAATGA	-
236-AAAAATTAAATTGG	LMX1A_HUMAN.H11MO.0.D	-2	0.00538354	4.13994	0.253991	12	AAAAATTAAATTGG	TAATTAATTATTTAATTAA	+
236-AAAAATTAAATTGG	FOXJ3_HUMAN.H11MO.1.B	1	0.00546518	4.20272	0.253991	12	AAAAATTAAATTGG	TAAACAAAAACAA	-
236-AAAAATTAAATTGG	NOBOX_HUMAN.H11MO.0.C	0	0.00573228	4.40813	0.258331	9	AAAAATTAAATTGG	ACCAATTAG	-
236-AAAAATTAAATTGG	HNF1B_HUMAN.H11MO.0.A	4	0.00655591	5.0415	0.2607	11	AAAAATTAAATTGG	GGTTAATCATTAACC	-
236-AAAAATTAAATTGG	PO4F1_HUMAN.H11MO.0.D	3	0.00657775	5.05829	0.2607	11	AAAAATTAAATTGG	ATGAATAATTAATG	-
236-AAAAATTAAATTGG	HMX2_HUMAN.H11MO.0.D	1	0.00666133	5.12256	0.2607	10	AAAAATTAAATTGG	AACCAATTAAA	-
236-AAAAATTAAATTGG	IRF9_HUMAN.H11MO.0.C	0	0.00685502	5.27151	0.261401	12	AAAAATTAAATTGG	GAAAGCGAAACT	+
236-AAAAATTAAATTGG	NOTO_HUMAN.H11MO.0.D	1	0.0082078	6.3118	0.281786	10	AAAAATTAAATTGG	ACCTAATTAAC	-
236-AAAAATTAAATTGG	NR2E1_HUMAN.H11MO.0.D	5	0.00852645	6.55684	0.281786	12	AAAAATTAAATTGG	AAGTCAAAAAGTCAATT	+
236-AAAAATTAAATTGG	CPEB1_HUMAN.H11MO.0.D	6	0.00852645	6.55684	0.281786	11	AAAAATTAAATTGG	AAAAAAAAAAATAAAAA	-
236-AAAAATTAAATTGG	HNF1A_HUMAN.H11MO.0.C	4	0.00907482	6.97853	0.287934	11	AAAAATTAAATTGG	AGTTAATCATTAACC	-
236-AAAAATTAAATTGG	DUXA_HUMAN.H11MO.0.D	-2	0.00909971	6.99767	0.287934	11	AAAAATTAAATTGG	TGATTAAATTA	+
236-AAAAATTAAATTGG	IRF7_HUMAN.H11MO.0.C	0	0.0112447	8.6472	0.334575	10	AAAAATTAAATTGG	GAAAGTGAAA	+
236-AAAAATTAAATTGG	SOX21_HUMAN.H11MO.0.D	0	0.0112487	8.65021	0.334575	14	AAAAATTAAATTGG	AACAATACCATTGTTT	-
236-AAAAATTAAATTGG	IRF1_HUMAN.H11MO.0.A	0	0.0116589	8.96566	0.339835	14	AAAAATTAAATTGG	GAAAATGAAAGTGAAAGTAA	+
236-AAAAATTAAATTGG	ZFHX3_HUMAN.H11MO.0.D	1	0.0123395	9.48909	0.339835	10	AAAAATTAAATTGG	TAATTATTAAT	-
236-AAAAATTAAATTGG	MIXL1_HUMAN.H11MO.0.D	0	0.0129728	9.97608	0.343725	11	AAAAATTAAATTGG	GTTAATTAGAT	+
236-AAAAATTAAATTGG	STAT1_HUMAN.H11MO.1.A	2	0.0135988	10.4574	0.343725	14	AAAAATTAAATTGG	AAGAAAATGAAACTGAAAG	+
236-AAAAATTAAATTGG	IRF2_HUMAN.H11MO.0.A	0	0.0139675	10.741	0.343725	14	AAAAATTAAATTGG	GAAAGTGAAAGTGAAAGTAA	+
236-AAAAATTAAATTGG	STAT2_HUMAN.H11MO.0.A	2	0.0142206	10.9356	0.343725	14	AAAAATTAAATTGG	AGGAAAATGAAACTGAAAG	+
236-AAAAATTAAATTGG	LHX2_HUMAN.H11MO.0.A	1	0.0142658	10.9704	0.343725	11	AAAAATTAAATTGG	AACTAATTAAAA	-
236-AAAAATTAAATTGG	HXA2_HUMAN.H11MO.0.D	0	0.0143298	11.0196	0.343725	11	AAAAATTAAATTGG	GGTAATTAGCG	+
236-AAAAATTAAATTGG	ZBT49_HUMAN.H11MO.0.D	-1	0.0143298	11.0196	0.343725	11	AAAAATTAAATTGG	CCAATTAGCGC	-
236-AAAAATTAAATTGG	FOXJ3_HUMAN.H11MO.0.A	1	0.0148045	11.3846	0.349475	12	AAAAATTAAATTGG	AAAAAATAAACAA	-
236-AAAAATTAAATTGG	PRRX1_HUMAN.H11MO.0.D	-6	0.0154238	11.8609	0.358405	7	AAAAATTAAATTGG	TAATCTG	+
236-AAAAATTAAATTGG	RX_HUMAN.H11MO.0.D	2	0.0166106	12.7735	0.370215	9	AAAAATTAAATTGG	TTGCTAATTAA	-
236-AAAAATTAAATTGG	DLX2_HUMAN.H11MO.0.D	-1	0.0166788	12.826	0.370215	8	AAAAATTAAATTGG	ATAATTAT	+
236-AAAAATTAAATTGG	MEOX2_HUMAN.H11MO.0.D	2	0.0192191	14.7795	0.397081	9	AAAAATTAAATTGG	ATCATAATTAA	-
236-AAAAATTAAATTGG	ZFP82_HUMAN.H11MO.0.C	8	0.0192242	14.7834	0.397081	14	AAAAATTAAATTGG	GAAGAGAGAATTAGTGAAATGGAA	-
236-AAAAATTAAATTGG	HMX1_HUMAN.H11MO.0.D	7	0.0199196	15.3182	0.401637	10	AAAAATTAAATTGG	ATTAAAAAACAATTAAC	-
236-AAAAATTAAATTGG	HXD3_HUMAN.H11MO.0.D	0	0.0201684	15.5095	0.401637	11	AAAAATTAAATTGG	CCTAATTAACC	-
236-AAAAATTAAATTGG	MSX1_HUMAN.H11MO.0.D	-1	0.020255	15.5761	0.401637	13	AAAAATTAAATTGG	CCAATTAAAAACCAATTA	-
236-AAAAATTAAATTGG	LBX2_HUMAN.H11MO.0.D	-4	0.0211602	16.2722	0.414066	10	AAAAATTAAATTGG	GTTAATTAGGT	+
236-AAAAATTAAATTGG	PRDM1_HUMAN.H11MO.0.A	0	0.0233597	17.9636	0.420925	14	AAAAATTAAATTGG	GAAAGTGAAAGTGA	+
236-AAAAATTAAATTGG	SOX8_HUMAN.H11MO.0.D	2	0.0237103	18.2332	0.420925	14	AAAAATTAAATTGG	GCATCAATTGCAGTGA	-
236-AAAAATTAAATTGG	FOXP3_HUMAN.H11MO.0.D	-3	0.024	18.456	0.420925	9	AAAAATTAAATTGG	AAACAAATT	-
236-AAAAATTAAATTGG	HXA11_HUMAN.H11MO.0.D	1	0.0242549	18.6521	0.420925	12	AAAAATTAAATTGG	TAAAATTTTATGA	+
236-AAAAATTAAATTGG	MEF2A_HUMAN.H11MO.0.A	3	0.0242549	18.6521	0.420925	10	AAAAATTAAATTGG	GCTAAAAATAGAA	-
236-AAAAATTAAATTGG	EMX1_HUMAN.H11MO.0.D	-2	0.0249071	19.1536	0.420925	12	AAAAATTAAATTGG	TAATTAGCTAAT	+
236-AAAAATTAAATTGG	EMX2_HUMAN.H11MO.0.D	-2	0.0249071	19.1536	0.420925	12	AAAAATTAAATTGG	TAATTAGCTAAT	+
236-AAAAATTAAATTGG	PAX4_HUMAN.H11MO.0.D	0	0.0249071	19.1536	0.420925	12	AAAAATTAAATTGG	GCGAATTAGTTA	-
236-AAAAATTAAATTGG	DLX5_HUMAN.H11MO.0.D	-2	0.025587	19.6764	0.422805	11	AAAAATTAAATTGG	TAATTATAGGT	+
236-AAAAATTAAATTGG	PO6F1_HUMAN.H11MO.0.D	3	0.0264765	20.3604	0.432695	10	AAAAATTAAATTGG	TGCATAAATTATG	-
236-AAAAATTAAATTGG	MEF2C_HUMAN.H11MO.0.A	3	0.0276555	21.2671	0.442244	10	AAAAATTAAATTGG	GCTAAAAATAGCA	-
236-AAAAATTAAATTGG	BARX2_HUMAN.H11MO.0.D	-2	0.0280141	21.5429	0.443213	10	AAAAATTAAATTGG	CAATTAATGA	-
236-AAAAATTAAATTGG	FOXB1_HUMAN.H11MO.0.D	7	0.0304508	23.4167	0.473149	10	AAAAATTAAATTGG	GTTATGTAAATATTGAC	-
236-AAAAATTAAATTGG	ISL2_HUMAN.H11MO.0.D	0	0.0308371	23.7138	0.473149	11	AAAAATTAAATTGG	AGCAATTAACG	-
236-AAAAATTAAATTGG	HXD10_HUMAN.H11MO.0.D	-3	0.0308607	23.7319	0.473149	10	AAAAATTAAATTGG	AATTAAAGCA	-
236-AAAAATTAAATTGG	Z354A_HUMAN.H11MO.0.C	4	0.032352	24.8787	0.485993	14	AAAAATTAAATTGG	ACATTAAATGTAAATGGACTAAAT	-
236-AAAAATTAAATTGG	HMGA1_HUMAN.H11MO.0.D	-1	0.0333045	25.6111	0.495297	7	AAAAATTAAATTGG	AAAATAC	-
239-ACTCAGGGAAGWG	PATZ1_HUMAN.H11MO.1.C	-4	0.000324809	0.249778	0.451926	9	ACTCAGGGAAGAG	AGGGAGGGG	+
239-ACTCAGGGAAGWG	ZN528_HUMAN.H11MO.0.C	-1	0.000594479	0.457155	0.451926	12	ACTCAGGGAAGAG	CCCAGGGAAGCCATTTCTGA	+
242-ATCCTCCCTA	ZN263_HUMAN.H11MO.1.A	1	0.000231699	0.178177	0.245699	10	ATCCTCCCTA	CCTCCTCCCTC	-
242-ATCCTCCCTA	WT1_HUMAN.H11MO.1.B	1	0.000319505	0.245699	0.245699	10	ATCCTCCCTA	CCTCCTCCCAC	-
242-ATCCTCCCTA	PATZ1_HUMAN.H11MO.1.C	0	0.000659009	0.506778	0.337852	9	ATCCTCCCTA	CCCCTCCCT	-
242-ATCCTCCCTA	ZN263_HUMAN.H11MO.0.A	12	0.0011436	0.879429	0.439714	8	ATCCTCCCTA	CTCCTCCTCTCCCTCCTCCC	-
246-CCCGTCTCGGCCTCC	ZN770_HUMAN.H11MO.0.C	6	1.20433e-06	0.000926128	0.00185188	15	CCCGTCTCGGCCTCC	GATCCTCCCGCCTCAGCCTCCC	-
246-CCCGTCTCGGCCTCC	ZN770_HUMAN.H11MO.1.C	-5	2.32915e-05	0.0179111	0.0179075	10	CCCGTCTCGGCCTCC	CTCAGCCTCCC	-
246-CCCGTCTCGGCCTCC	ZN586_HUMAN.H11MO.0.C	7	0.000655582	0.504142	0.270405	13	CCCGTCTCGGCCTCC	CATTTTTTCCTCCTAGGCCT	-
246-CCCGTCTCGGCCTCC	ZFX_HUMAN.H11MO.0.A	-5	0.000703406	0.540919	0.270405	10	CCCGTCTCGGCCTCC	CGGGGCCTGG	-
246-CCCGTCTCGGCCTCC	ZN768_HUMAN.H11MO.0.C	6	0.00144275	1.10948	0.443701	14	CCCGTCTCGGCCTCC	ACTTAACCTCTCTGAGCCTC	-
247-CTGCCCAACC	ZN449_HUMAN.H11MO.0.C	0	1.03556e-05	0.00796347	0.0159269	10	CTGCCCAACC	AAGCCCAACCA	-
247-CTGCCCAACC	TBX1_HUMAN.H11MO.0.D	10	0.000239261	0.183992	0.183992	10	CTGCCCAACC	CCGCCCACCCCTGCCCACCC	-
247-CTGCCCAACC	ZN549_HUMAN.H11MO.0.C	3	0.0009369	0.720476	0.439947	10	CTGCCCAACC	GTGCTGCCCAATTCATGAAT	-
247-CTGCCCAACC	KLF5_HUMAN.H11MO.0.A	2	0.00114421	0.879895	0.439947	10	CTGCCCAACC	CCCAGCCCCACCCT	-
249-AAGAAAAGAAGAA	ZFP28_HUMAN.H11MO.0.C	1	0.000397361	0.305571	0.379679	13	AAGAAAAGAAGAA	TGACACAAGAAGAAATAGAA	-
249-AAGAAAAGAAGAA	IRF5_HUMAN.H11MO.0.D	2	0.000585013	0.449875	0.379679	13	AAGAAAAGAAGAA	TAAAGGAAAGCCAAAAGTGA	+
249-AAGAAAAGAAGAA	CPEB1_HUMAN.H11MO.0.D	1	0.000971742	0.74727	0.379679	13	AAGAAAAGAAGAA	AAAAAAAAAAATAAAAA	-
249-AAGAAAAGAAGAA	SMCA1_HUMAN.H11MO.0.C	-3	0.000990466	0.761669	0.379679	10	AAGAAAAGAAGAA	CCAAGAAGAATG	+
249-AAGAAAAGAAGAA	EVI1_HUMAN.H11MO.0.B	0	0.00185396	1.4257	0.482618	13	AAGAAAAGAAGAA	AAGATAAGATAAGATA	+
249-AAGAAAAGAAGAA	SPI1_HUMAN.H11MO.0.A	-2	0.00199326	1.53281	0.482618	11	AAGAAAAGAAGAA	AAAAAGAGGAAGTGAAA	+
249-AAGAAAAGAAGAA	SPIB_HUMAN.H11MO.0.A	-2	0.00220325	1.6943	0.482618	11	AAGAAAAGAAGAA	AAAAAGAGGAAGTGAAA	+
252-AGGAGGCAAGG	ZN257_HUMAN.H11MO.0.C	-1	4.33138e-05	0.0333083	0.0664145	10	AGGAGGCAAGG	AGAGGCAAGAGC	-
252-AGGAGGCAAGG	ZN770_HUMAN.H11MO.1.C	0	0.00034861	0.268081	0.262673	11	AGGAGGCAAGG	GGGAGGCTGAG	+
252-AGGAGGCAAGG	EGR4_HUMAN.H11MO.0.D	-1	0.000528421	0.406355	0.262673	10	AGGAGGCAAGG	GGCGGCAGGGC	+
252-AGGAGGCAAGG	ZN586_HUMAN.H11MO.0.C	6	0.000685233	0.526944	0.262673	11	AGGAGGCAAGG	AGGCCTAGGAGGAAAAAATG	+
253-CCCCTTCCCAG	TBX1_HUMAN.H11MO.0.D	7	5.52283e-05	0.0424706	0.0831841	11	CCCCTTCCCAG	CCGCCCACCCCTGCCCACCC	-
253-CCCCTTCCCAG	PATZ1_HUMAN.H11MO.1.C	-1	0.000270881	0.208308	0.203999	9	CCCCTTCCCAG	CCCCTCCCT	-
253-CCCCTTCCCAG	ZN281_HUMAN.H11MO.0.A	1	0.000594941	0.45751	0.225582	11	CCCCTTCCCAG	TCCCCTCCCCCACCC	-
253-CCCCTTCCCAG	MAZ_HUMAN.H11MO.1.A	0	0.000599081	0.460693	0.225582	11	CCCCTTCCCAG	CCCCCTCCCTC	-
253-CCCCTTCCCAG	IKZF1_HUMAN.H11MO.0.C	-3	0.00101616	0.781425	0.259022	8	CCCCTTCCCAG	TCTCCCAA	-
253-CCCCTTCCCAG	ZNF76_HUMAN.H11MO.0.C	3	0.00103183	0.793479	0.259022	11	CCCCTTCCCAG	ACTACAATTCCCAGAATGCCCC	-
253-CCCCTTCCCAG	STAT1_HUMAN.H11MO.0.A	1	0.00177524	1.36516	0.323411	11	CCCCTTCCCAG	CCCCTTTCCTGGAAATCAC	+
253-CCCCTTCCCAG	ZN143_HUMAN.H11MO.0.A	5	0.00206325	1.58664	0.323411	11	CCCCTTCCCAG	GAACTACAATTCCCAGAATGCC	-
253-CCCCTTCCCAG	VEZF1_HUMAN.H11MO.1.C	0	0.0021626	1.66304	0.323411	11	CCCCTTCCCAG	CCCCCTCCCTCT	-
253-CCCCTTCCCAG	STAT3_HUMAN.H11MO.0.A	-1	0.0025407	1.9538	0.323411	10	CCCCTTCCCAG	CATTTCCCGGAA	+
253-CCCCTTCCCAG	SP1_HUMAN.H11MO.1.A	3	0.00282831	2.17497	0.323411	11	CCCCTTCCCAG	CGGCCCCGCCCCCC	-
253-CCCCTTCCCAG	ZN148_HUMAN.H11MO.0.D	0	0.00287437	2.21039	0.323411	11	CCCCTTCCCAG	CCCCTCCCCCACCCC	-
253-CCCCTTCCCAG	WT1_HUMAN.H11MO.1.B	0	0.00320104	2.4616	0.323411	11	CCCCTTCCCAG	CCTCCTCCCAC	-
253-CCCCTTCCCAG	THA11_HUMAN.H11MO.0.B	5	0.00322082	2.47681	0.323411	11	CCCCTTCCCAG	GAACTACAACTCCCAGCATGCC	-
253-CCCCTTCCCAG	ZN467_HUMAN.H11MO.0.C	12	0.00322082	2.47681	0.323411	10	CCCCTTCCCAG	CCCCCCCCCCCCTCCCCTCCCC	-
253-CCCCTTCCCAG	KLF12_HUMAN.H11MO.0.C	1	0.00416622	3.20382	0.392194	10	CCCCTTCCCAG	GCCCCGCCCCT	-
253-CCCCTTCCCAG	ELF2_HUMAN.H11MO.0.C	0	0.00528134	4.06135	0.467923	11	CCCCTTCCCAG	CCACTTCCGGGTT	-
253-CCCCTTCCCAG	INSM1_HUMAN.H11MO.0.C	2	0.00584084	4.49161	0.473945	10	CCCCTTCCCAG	TGCCCCCTGACA	-
253-CCCCTTCCCAG	ELF1_HUMAN.H11MO.0.A	0	0.00616223	4.73875	0.473945	11	CCCCTTCCCAG	CCACTTCCGGGTTC	-
253-CCCCTTCCCAG	SUH_HUMAN.H11MO.0.A	-3	0.00629331	4.83956	0.473945	8	CCCCTTCCCAG	TTTCCCACGCC	-
256-AGAGGATCACTTGA	TFE3_HUMAN.H11MO.0.B	-4	0.000181924	0.139899	0.279742	10	AGAGGATCACTTGA	GGTCACGTGA	+
256-AGAGGATCACTTGA	MITF_HUMAN.H11MO.0.A	-4	0.000452525	0.347992	0.347921	10	AGAGGATCACTTGA	GGTCACGTGA	-
256-AGAGGATCACTTGA	MLX_HUMAN.H11MO.0.D	-3	0.000765958	0.589022	0.365456	11	AGAGGATCACTTGA	TGATCACGTGC	+
258-AATATGACAT	ATF2_HUMAN.H11MO.1.B	2	0.000170005	0.130734	0.261468	10	AATATGACAT	AAATGATGACATCATCATTT	-
259-CGTGAGAACTCAC	MGAP_HUMAN.H11MO.0.D	-1	0.000166872	0.128324	0.256649	12	CGTGAGAACTCAC	GTGAAAATTCACACCT	-
260-GCCAAATCCCCCTCT	RELB_HUMAN.H11MO.0.C	0	0.000436931	0.336	0.447813	12	GCCAAATCCCCCTCT	GGGAAATCCCCC	-
260-GCCAAATCCCCCTCT	ZEP1_HUMAN.H11MO.0.D	1	0.000719118	0.553002	0.447813	11	GCCAAATCCCCCTCT	TGGGAAATCCCC	+
260-GCCAAATCCCCCTCT	MZF1_HUMAN.H11MO.0.B	-1	0.00102812	0.790624	0.447813	13	GCCAAATCCCCCTCT	CCCAATCCCCTCC	-
260-GCCAAATCCCCCTCT	KLF9_HUMAN.H11MO.0.C	1	0.00172811	1.32891	0.447813	14	GCCAAATCCCCCTCT	GGCCACGCCCCCTCC	-
260-GCCAAATCCCCCTCT	XBP1_HUMAN.H11MO.0.D	0	0.00182044	1.39992	0.447813	11	GCCAAATCCCCCTCT	GCCACGTCAGC	-
260-GCCAAATCCCCCTCT	NFKB1_HUMAN.H11MO.1.B	0	0.0019352	1.48817	0.447813	11	GCCAAATCCCCCTCT	GGGAAATTCCC	+
260-GCCAAATCCCCCTCT	ZN816_HUMAN.H11MO.0.C	3	0.00222326	1.70969	0.447813	15	GCCAAATCCCCCTCT	CCCTGCATGTCCCCCTTTTTT	-
260-GCCAAATCCCCCTCT	ZN816_HUMAN.H11MO.1.C	0	0.00233725	1.79734	0.447813	14	GCCAAATCCCCCTCT	TGCATGTCCCCCTT	-
260-GCCAAATCCCCCTCT	NFIA_HUMAN.H11MO.1.D	1	0.00262445	2.0182	0.447813	6	GCCAAATCCCCCTCT	TGCCAAG	-
263-AAGATGAATG	ZN680_HUMAN.H11MO.0.C	7	5.80894e-05	0.0446708	0.0893415	10	AAGATGAATG	CATGTCCAAGAAGAATGAGG	+
264-ACAAGGCCATTA	NR5A2_HUMAN.H11MO.0.B	2	0.000228018	0.175346	0.124076	9	ACAAGGCCATTA	GTTCAAGGCCA	+
264-ACAAGGCCATTA	ERR2_HUMAN.H11MO.0.A	0	0.000230671	0.177386	0.124076	9	ACAAGGCCATTA	TCAAGGTCA	+
264-ACAAGGCCATTA	STF1_HUMAN.H11MO.0.B	2	0.000243342	0.18713	0.124076	9	ACAAGGCCATTA	GCTCAAGGCCA	+
264-ACAAGGCCATTA	SOX15_HUMAN.H11MO.0.D	1	0.00104739	0.805442	0.384847	6	ACAAGGCCATTA	AACAATG	-
264-ACAAGGCCATTA	ERR3_HUMAN.H11MO.0.B	0	0.00125796	0.96737	0.384847	9	ACAAGGCCATTA	TCAAGGTCA	+
264-ACAAGGCCATTA	NR4A2_HUMAN.H11MO.0.C	-1	0.00208583	1.60401	0.388273	9	ACAAGGCCATTA	AAAGGTCAC	+
264-ACAAGGCCATTA	ERR1_HUMAN.H11MO.0.A	1	0.00220204	1.69337	0.388273	12	ACAAGGCCATTA	CTCAAGGTCACACAG	+
264-ACAAGGCCATTA	SOX11_HUMAN.H11MO.0.D	2	0.00234317	1.80189	0.388273	12	ACAAGGCCATTA	GAACAATTGCATTGTT	-
264-ACAAGGCCATTA	HXB4_HUMAN.H11MO.0.B	-5	0.00263492	2.02625	0.388273	7	ACAAGGCCATTA	GCCATTAA	-
264-ACAAGGCCATTA	PPARA_HUMAN.H11MO.1.B	-1	0.00360872	2.7751	0.388273	9	ACAAGGCCATTA	AAAGGTCAG	+
264-ACAAGGCCATTA	ZN264_HUMAN.H11MO.0.C	4	0.00362433	2.78711	0.388273	12	ACAAGGCCATTA	TCTTATAAGGGCACTAATCCCATT	+
264-ACAAGGCCATTA	SOX7_HUMAN.H11MO.0.D	1	0.0038066	2.92728	0.388273	12	ACAAGGCCATTA	AACAATGAAATTGTTT	+
264-ACAAGGCCATTA	NR1H3_HUMAN.H11MO.1.B	-1	0.00380747	2.92795	0.388273	10	ACAAGGCCATTA	AAAGGTCAGA	+
264-ACAAGGCCATTA	SOX21_HUMAN.H11MO.0.D	1	0.00445938	3.42926	0.42633	12	ACAAGGCCATTA	AACAATACCATTGTTT	-
264-ACAAGGCCATTA	NR6A1_HUMAN.H11MO.0.B	4	0.00503094	3.86879	0.444561	9	ACAAGGCCATTA	AAGTTCAAGGTCA	+
264-ACAAGGCCATTA	NANOG_HUMAN.H11MO.1.B	-3	0.00523134	4.0229	0.444561	9	ACAAGGCCATTA	GAGCCATCAAG	+
264-ACAAGGCCATTA	NR4A1_HUMAN.H11MO.0.A	-1	0.00577398	4.44019	0.464851	9	ACAAGGCCATTA	AAAGGTCAG	+
264-ACAAGGCCATTA	SOX10_HUMAN.H11MO.0.B	1	0.00640868	4.92827	0.483131	12	ACAAGGCCATTA	AACAATGCCTCCTTTG	-
264-ACAAGGCCATTA	NR4A3_HUMAN.H11MO.0.D	0	0.00663274	5.10057	0.483131	10	ACAAGGCCATTA	CAAAGGTCAG	+
267-AAAGAGTGTG	ZSCA4_HUMAN.H11MO.0.D	-2	0.000431824	0.332073	0.381378	8	AAAGAGTGTG	AGTGTGTGCACT	+
267-AAAGAGTGTG	ZN250_HUMAN.H11MO.0.C	7	0.00049594	0.381378	0.381378	10	AAAGAGTGTG	GTAATCAAAACAGCATGGTA	-
274-ACTCCAGCTGG	TFAP4_HUMAN.H11MO.0.A	-1	0.000292126	0.224645	0.17654	10	ACTCCAGCTGG	AAACAGCTGG	-
274-ACTCCAGCTGG	BHA15_HUMAN.H11MO.0.B	0	0.000462686	0.355805	0.17654	11	ACTCCAGCTGG	GCAGCAGCTGG	+
274-ACTCCAGCTGG	MYOD1_HUMAN.H11MO.1.A	-1	0.000782533	0.601768	0.17654	10	ACTCCAGCTGG	CTGCAGCTGTC	+
274-ACTCCAGCTGG	PTF1A_HUMAN.H11MO.1.B	-3	0.000911605	0.701024	0.17654	8	ACTCCAGCTGG	CCAGCTGCT	-
274-ACTCCAGCTGG	ATOH1_HUMAN.H11MO.0.B	-3	0.001237	0.951254	0.17654	8	ACTCCAGCTGG	CCATCTGCT	-
274-ACTCCAGCTGG	TFE2_HUMAN.H11MO.0.A	-1	0.00130354	1.00242	0.17654	10	ACTCCAGCTGG	CTGCAGCTGTG	-
274-ACTCCAGCTGG	MYOG_HUMAN.H11MO.0.B	-1	0.00133992	1.0304	0.17654	10	ACTCCAGCTGG	CCGCAGCTGTCCC	+
274-ACTCCAGCTGG	SNAI1_HUMAN.H11MO.0.C	-3	0.0016047	1.23402	0.17654	8	ACTCCAGCTGG	CCAGGTGG	+
274-ACTCCAGCTGG	MYF6_HUMAN.H11MO.0.C	-4	0.00174841	1.34453	0.17654	7	ACTCCAGCTGG	CAGCTGC	+
274-ACTCCAGCTGG	ZBT18_HUMAN.H11MO.0.C	-2	0.00251599	1.9348	0.231431	9	ACTCCAGCTGG	TCCAGATGTGG	+
274-ACTCCAGCTGG	NDF2_HUMAN.H11MO.0.B	-3	0.0029841	2.29477	0.231431	8	ACTCCAGCTGG	CCATCTGTT	-
274-ACTCCAGCTGG	ZIC3_HUMAN.H11MO.0.B	2	0.00304597	2.34235	0.231431	11	ACTCCAGCTGG	GGCCCCCTGCTGTGA	+
274-ACTCCAGCTGG	HTF4_HUMAN.H11MO.0.A	-2	0.00309317	2.37864	0.231431	9	ACTCCAGCTGG	TGCAGCTGTG	+
274-ACTCCAGCTGG	ZBTB6_HUMAN.H11MO.0.C	2	0.00334479	2.57215	0.231431	11	ACTCCAGCTGG	CGGCTCCAGCACC	-
274-ACTCCAGCTGG	NDF1_HUMAN.H11MO.0.A	-2	0.00364275	2.80127	0.231431	9	ACTCCAGCTGG	ACCATCTGTC	-
274-ACTCCAGCTGG	ASCL2_HUMAN.H11MO.0.D	-3	0.0039569	3.04286	0.231431	8	ACTCCAGCTGG	CCAGCTGCT	+
274-ACTCCAGCTGG	PTF1A_HUMAN.H11MO.0.B	7	0.00405322	3.11693	0.231431	11	ACTCCAGCTGG	GGGAAAGGGGGCAGCTGG	-
274-ACTCCAGCTGG	ITF2_HUMAN.H11MO.0.C	-2	0.00428223	3.29304	0.231431	9	ACTCCAGCTGG	GGCAGCTGGG	+
274-ACTCCAGCTGG	TWST1_HUMAN.H11MO.1.A	-2	0.00451763	3.47406	0.231431	9	ACTCCAGCTGG	ACCAGATGTG	-
274-ACTCCAGCTGG	NGN2_HUMAN.H11MO.0.D	0	0.00458408	3.52516	0.231431	11	ACTCCAGCTGG	GGAGCAGATGGC	+
274-ACTCCAGCTGG	ZIC2_HUMAN.H11MO.0.D	2	0.00628155	4.83051	0.288299	11	ACTCCAGCTGG	GGCCCCCTGCTGTGA	+
274-ACTCCAGCTGG	ASCL1_HUMAN.H11MO.0.A	-1	0.00792798	6.09662	0.347648	10	ACTCCAGCTGG	CTGCACCTGCTCCC	+
274-ACTCCAGCTGG	MYOD1_HUMAN.H11MO.0.A	4	0.00890234	6.8459	0.354822	11	ACTCCAGCTGG	GGCAGGAACAGCTGC	-
274-ACTCCAGCTGG	FIGLA_HUMAN.H11MO.0.D	-1	0.0100606	7.73658	0.380937	10	ACTCCAGCTGG	TAACAGGTGTT	+
274-ACTCCAGCTGG	NKX21_HUMAN.H11MO.0.A	3	0.0114498	8.80493	0.422966	7	ACTCCAGCTGG	GCCACTCAAG	-
274-ACTCCAGCTGG	MESP1_HUMAN.H11MO.0.D	0	0.0122199	9.39707	0.430415	11	ACTCCAGCTGG	TCCACACCTGC	-
274-ACTCCAGCTGG	TWST1_HUMAN.H11MO.0.A	6	0.0140841	10.8307	0.474031	11	ACTCCAGCTGG	TAATTAAAACCAGATGT	-
278-CCCACCCCCATCCS	ZN281_HUMAN.H11MO.0.A	2	3.89131e-06	0.00299242	0.00585847	13	CCCACCCCCATCCG	TCCCCTCCCCCACCC	-
278-CCCACCCCCATCCS	ZN148_HUMAN.H11MO.0.D	1	9.72535e-06	0.00747879	0.00732089	14	CCCACCCCCATCCG	CCCCTCCCCCACCCC	-
278-CCCACCCCCATCCS	TBX1_HUMAN.H11MO.0.D	3	2.13693e-05	0.016433	0.010724	14	CCCACCCCCATCCG	CCGCCCACCCCTGCCCACCC	-
278-CCCACCCCCATCCS	TBX15_HUMAN.H11MO.0.D	2	0.000115923	0.0891452	0.0315444	14	CCCACCCCCATCCG	CCCCCACCCCCCCCCCCCC	-
278-CCCACCCCCATCCS	ZSC22_HUMAN.H11MO.0.C	-1	0.000137608	0.105821	0.0315444	13	CCCACCCCCATCCG	CCTCCTCCCTCAGACC	-
278-CCCACCCCCATCCS	KLF5_HUMAN.H11MO.0.A	0	0.000144539	0.111151	0.0315444	14	CCCACCCCCATCCG	CCCAGCCCCACCCT	-
278-CCCACCCCCATCCS	KLF16_HUMAN.H11MO.0.D	4	0.000148349	0.11408	0.0315444	14	CCCACCCCCATCCG	CCCCCCCCCCCCCGCCCCC	-
278-CCCACCCCCATCCS	ZBT17_HUMAN.H11MO.0.A	4	0.000167619	0.128899	0.0315444	14	CCCACCCCCATCCG	CTTCCCCTCCCCCACCCTC	-
278-CCCACCCCCATCCS	KLF4_HUMAN.H11MO.0.A	0	0.000280856	0.215978	0.0459491	10	CCCACCCCCATCCG	GCCACACCCT	-
278-CCCACCCCCATCCS	ZN219_HUMAN.H11MO.0.D	0	0.000324517	0.249553	0.0459491	12	CCCACCCCCATCCG	TCCGCCCCCCTC	-
278-CCCACCCCCATCCS	EGR2_HUMAN.H11MO.0.A	1	0.000335723	0.258171	0.0459491	14	CCCACCCCCATCCG	CCCCTCCCACACCCCCCC	-
278-CCCACCCCCATCCS	KLF14_HUMAN.H11MO.0.D	0	0.000414101	0.318443	0.0519533	13	CCCACCCCCATCCG	GCCACGCCCCCCT	-
278-CCCACCCCCATCCS	SP2_HUMAN.H11MO.0.A	8	0.000535361	0.411693	0.0598065	14	CCCACCCCCATCCG	CCCCCGGCCCCGCCCCCCCCCC	-
278-CCCACCCCCATCCS	KLF1_HUMAN.H11MO.0.A	0	0.000585761	0.45045	0.0598065	14	CCCACCCCCATCCG	CCCGGCCCCGCCCC	-
278-CCCACCCCCATCCS	SALL4_HUMAN.H11MO.0.B	0	0.000625622	0.481103	0.0598065	10	CCCACCCCCATCCG	CCCACCCTCC	-
278-CCCACCCCCATCCS	KLF3_HUMAN.H11MO.0.B	4	0.00072326	0.556187	0.0598065	14	CCCACCCCCATCCG	CCCGGCCCCGCCCCTCCCC	-
278-CCCACCCCCATCCS	SP4_HUMAN.H11MO.0.A	6	0.000728773	0.560426	0.0598065	14	CCCACCCCCATCCG	CCCGGCCCCGCCCCCTTCCC	-
278-CCCACCCCCATCCS	EGR2_HUMAN.H11MO.1.A	2	0.000741015	0.569841	0.0598065	14	CCCACCCCCATCCG	CCCCCGCCCACGCCCC	-
278-CCCACCCCCATCCS	MAZ_HUMAN.H11MO.0.A	7	0.000754767	0.580416	0.0598065	14	CCCACCCCCATCCG	CCCCCCCCCCCCCCCCTCCCCC	-
278-CCCACCCCCATCCS	SP3_HUMAN.H11MO.0.B	7	0.000963856	0.741205	0.0725556	13	CCCACCCCCATCCG	CCCCGGCCCCGCCCCCCCCC	-
278-CCCACCCCCATCCS	KLF9_HUMAN.H11MO.0.C	1	0.00114422	0.879907	0.0814616	14	CCCACCCCCATCCG	GGCCACGCCCCCTCC	-
278-CCCACCCCCATCCS	KLF6_HUMAN.H11MO.0.A	2	0.00119038	0.915405	0.0814616	14	CCCACCCCCATCCG	CCCCCGGCCCCGCCCTTCC	-
278-CCCACCCCCATCCS	SP4_HUMAN.H11MO.1.A	4	0.00127923	0.983732	0.0830617	12	CCCACCCCCATCCG	CGGCCCCGCCCCCTCC	-
278-CCCACCCCCATCCS	KLF15_HUMAN.H11MO.0.A	5	0.00132718	1.0206	0.0830617	14	CCCACCCCCATCCG	CCCCCCCCTGCTCCTCCCC	-
278-CCCACCCCCATCCS	GCM2_HUMAN.H11MO.0.D	-1	0.00137928	1.06067	0.0830617	11	CCCACCCCCATCCG	ATACCCGCATC	-
278-CCCACCCCCATCCS	ZN467_HUMAN.H11MO.0.C	7	0.00155299	1.19425	0.0853231	14	CCCACCCCCATCCG	CCCCCCCCCCCCTCCCCTCCCC	-
278-CCCACCCCCATCCS	ZN740_HUMAN.H11MO.0.D	0	0.00156709	1.20509	0.0853231	14	CCCACCCCCATCCG	CCCACCCCCCCCCC	-
278-CCCACCCCCATCCS	RREB1_HUMAN.H11MO.0.D	7	0.00163955	1.26081	0.0853231	14	CCCACCCCCATCCG	ACCCCAAACCACCCCCCCCCCC	-
278-CCCACCCCCATCCS	EGR4_HUMAN.H11MO.0.D	2	0.00164352	1.26387	0.0853231	9	CCCACCCCCATCCG	GCCCTGCCGCC	-
278-CCCACCCCCATCCS	EGR1_HUMAN.H11MO.0.A	2	0.00170355	1.31003	0.0854912	14	CCCACCCCCATCCG	CCCCCGCCCACGCCCTC	-
278-CCCACCCCCATCCS	PATZ1_HUMAN.H11MO.0.C	7	0.00192722	1.48204	0.0935964	14	CCCACCCCCATCCG	CCTCCCCCCCCGCCCCCTCCCC	-
278-CCCACCCCCATCCS	MAZ_HUMAN.H11MO.1.A	0	0.00206996	1.5918	0.0973868	11	CCCACCCCCATCCG	CCCCCTCCCTC	-
278-CCCACCCCCATCCS	WT1_HUMAN.H11MO.0.C	0	0.00241219	1.85498	0.110049	14	CCCACCCCCATCCG	CCCCCCCTCCTCCCCCGCCC	-
278-CCCACCCCCATCCS	SP2_HUMAN.H11MO.1.B	2	0.00270321	2.07877	0.119699	10	CCCACCCCCATCCG	GCCCCGCCCCCT	-
278-CCCACCCCCATCCS	GLIS1_HUMAN.H11MO.0.D	-1	0.00331057	2.54583	0.142404	13	CCCACCCCCATCCG	AGACCCCCCACGA	-
278-CCCACCCCCATCCS	SP1_HUMAN.H11MO.1.A	4	0.00359345	2.76336	0.150279	10	CCCACCCCCATCCG	CGGCCCCGCCCCCC	-
278-CCCACCCCCATCCS	KLF8_HUMAN.H11MO.0.C	-2	0.0037208	2.86129	0.151399	9	CCCACCCCCATCCG	CACCCCCTG	-
278-CCCACCCCCATCCS	VEZF1_HUMAN.H11MO.0.C	0	0.00401334	3.08626	0.159005	14	CCCACCCCCATCCG	CCCCTCCCCCTCCCCCCTCCCC	-
278-CCCACCCCCATCCS	SP1_HUMAN.H11MO.0.A	6	0.00422374	3.24805	0.16305	14	CCCACCCCCATCCG	CCCCCCCCCGGCCCCGCCCCCC	-
278-CCCACCCCCATCCS	KLF12_HUMAN.H11MO.0.C	0	0.00477109	3.66897	0.179575	11	CCCACCCCCATCCG	GCCCCGCCCCT	-
278-CCCACCCCCATCCS	ZN449_HUMAN.H11MO.0.C	-3	0.0050359	3.87261	0.184919	11	CCCACCCCCATCCG	AAGCCCAACCA	-
278-CCCACCCCCATCCS	ZIC1_HUMAN.H11MO.0.B	1	0.00677182	5.20753	0.236634	8	CCCACCCCCATCCG	GACCACCCC	-
278-CCCACCCCCATCCS	GLIS3_HUMAN.H11MO.0.D	-2	0.00690605	5.31075	0.236634	10	CCCACCCCCATCCG	TACCCCCCAC	-
278-CCCACCCCCATCCS	GLI1_HUMAN.H11MO.0.D	2	0.00691577	5.31823	0.236634	10	CCCACCCCCATCCG	AGACCACCCAGG	-
278-CCCACCCCCATCCS	ZN341_HUMAN.H11MO.0.C	6	0.00732628	5.63391	0.240355	14	CCCACCCCCATCCG	GCTCTTCCCTCCCCCCCCCCCC	-
278-CCCACCCCCATCCS	ZN263_HUMAN.H11MO.0.A	6	0.00734382	5.6474	0.240355	14	CCCACCCCCATCCG	CTCCTCCTCTCCCTCCTCCC	-
278-CCCACCCCCATCCS	TAF1_HUMAN.H11MO.0.A	2	0.00834638	6.41836	0.267355	14	CCCACCCCCATCCG	CCGCCGCCGCCATCTT	-
278-CCCACCCCCATCCS	KLF13_HUMAN.H11MO.0.D	0	0.00900257	6.92298	0.282367	11	CCCACCCCCATCCG	CACGCCCCCCT	-
278-CCCACCCCCATCCS	GCM1_HUMAN.H11MO.0.D	0	0.00957242	7.36119	0.294113	14	CCCACCCCCATCCG	AATACCCGCATGTG	-
278-CCCACCCCCATCCS	EGR3_HUMAN.H11MO.0.D	-3	0.0105039	8.07753	0.308179	11	CCCACCCCCATCCG	ACACCCACTCT	-
278-CCCACCCCCATCCS	GLIS2_HUMAN.H11MO.0.D	-2	0.010521	8.09064	0.308179	12	CCCACCCCCATCCG	GACCCCCCGCGAAG	-
278-CCCACCCCCATCCS	E2F4_HUMAN.H11MO.0.A	4	0.010872	8.36058	0.308179	9	CCCACCCCCATCCG	ATTTCCCGCCCCC	-
278-CCCACCCCCATCCS	GLI2_HUMAN.H11MO.0.D	2	0.0110537	8.50029	0.308179	9	CCCACCCCCATCCG	AGACCACCCAC	-
278-CCCACCCCCATCCS	GSC2_HUMAN.H11MO.0.D	-5	0.0110537	8.50029	0.308179	9	CCCACCCCCATCCG	CCTAATCCGCT	-
278-CCCACCCCCATCCS	PURA_HUMAN.H11MO.0.D	4	0.0118675	9.12612	0.324852	13	CCCACCCCCATCCG	CCCTGCCCCCCCCTTCC	-
278-CCCACCCCCATCCS	BRAC_HUMAN.H11MO.0.A	4	0.0136463	10.494	0.366872	14	CCCACCCCCATCCG	ATTTCACACCTCCCTGCTAA	-
278-CCCACCCCCATCCS	ZBTB4_HUMAN.H11MO.0.D	1	0.0149498	11.4964	0.388742	14	CCCACCCCCATCCG	CCCACCTGCCATCTAGG	-
278-CCCACCCCCATCCS	PATZ1_HUMAN.H11MO.1.C	-1	0.0149762	11.5167	0.388742	9	CCCACCCCCATCCG	CCCCTCCCT	-
278-CCCACCCCCATCCS	TFDP1_HUMAN.H11MO.0.C	4	0.0159694	12.2805	0.407499	10	CCCACCCCCATCCG	TTTTCCCGCCCCCC	-
278-CCCACCCCCATCCS	SRBP2_HUMAN.H11MO.0.B	0	0.0165748	12.746	0.415897	13	CCCACCCCCATCCG	CCTCACCCCACCC	-
278-CCCACCCCCATCCS	GLI3_HUMAN.H11MO.0.B	2	0.0173374	13.3325	0.421443	9	CCCACCCCCATCCG	GGACCACCCAA	-
278-CCCACCCCCATCCS	SPIC_HUMAN.H11MO.0.D	-2	0.0173557	13.3465	0.421443	12	CCCACCCCCATCCG	CCTCCCCTTCCTC	-
278-CCCACCCCCATCCS	WT1_HUMAN.H11MO.1.B	0	0.0182082	14.0021	0.435127	11	CCCACCCCCATCCG	CCTCCTCCCAC	-
278-CCCACCCCCATCCS	TBX21_HUMAN.H11MO.0.A	2	0.0190201	14.6265	0.445586	11	CCCACCCCCATCCG	TTCACACCTCCAC	-
278-CCCACCCCCATCCS	ARNT2_HUMAN.H11MO.0.D	4	0.0192378	14.7939	0.445586	8	CCCACCCCCATCCG	GCCTCCCACGCC	-
278-CCCACCCCCATCCS	ZN770_HUMAN.H11MO.0.C	5	0.0197985	15.225	0.451623	14	CCCACCCCCATCCG	GATCCTCCCGCCTCAGCCTCCC	-
278-CCCACCCCCATCCS	MZF1_HUMAN.H11MO.0.B	0	0.0208304	16.0186	0.460823	13	CCCACCCCCATCCG	CCCAATCCCCTCC	-
278-CCCACCCCCATCCS	TBX3_HUMAN.H11MO.0.C	2	0.0210665	16.2001	0.460823	9	CCCACCCCCATCCG	TTCCCACCTCC	-
278-CCCACCCCCATCCS	VEZF1_HUMAN.H11MO.1.C	-1	0.02112	16.2413	0.460823	12	CCCACCCCCATCCG	CCCCCTCCCTCT	-
278-CCCACCCCCATCCS	IKZF1_HUMAN.H11MO.0.C	-3	0.022804	17.5362	0.48498	8	CCCACCCCCATCCG	TCTCCCAA	-
278-CCCACCCCCATCCS	TYY2_HUMAN.H11MO.0.D	-3	0.0231936	17.8359	0.48498	11	CCCACCCCCATCCG	GCCGCCATTTT	-
278-CCCACCCCCATCCS	SUH_HUMAN.H11MO.0.A	3	0.0231936	17.8359	0.48498	8	CCCACCCCCATCCG	TTTCCCACGCC	-
280-ACCAAATTAA	NOTO_HUMAN.H11MO.0.D	0	0.000105956	0.08148	0.0909179	10	ACCAAATTAA	ACCTAATTAAC	-
280-ACCAAATTAA	LBX2_HUMAN.H11MO.0.D	0	0.000121306	0.0932846	0.0909179	10	ACCAAATTAA	ACCTAATTAAC	-
280-ACCAAATTAA	MIXL1_HUMAN.H11MO.0.D	0	0.000536432	0.412516	0.197443	10	ACCAAATTAA	ATCTAATTAAC	-
280-ACCAAATTAA	PO6F2_HUMAN.H11MO.0.D	0	0.000872885	0.671249	0.197443	10	ACCAAATTAA	AGCTAATTAAC	-
280-ACCAAATTAA	DMBX1_HUMAN.H11MO.0.D	8	0.000966762	0.74344	0.197443	10	ACCAAATTAA	TAATTATAATCTAATTAATT	+
280-ACCAAATTAA	LMX1A_HUMAN.H11MO.0.D	6	0.00100128	0.769987	0.197443	10	ACCAAATTAA	ATAATTAAATAATTAATTA	-
280-ACCAAATTAA	FOXP3_HUMAN.H11MO.0.D	1	0.00104357	0.802506	0.197443	8	ACCAAATTAA	AAACAAATT	-
280-ACCAAATTAA	PRRX2_HUMAN.H11MO.0.C	-3	0.00114271	0.87874	0.197443	7	ACCAAATTAA	CAATTAA	-
280-ACCAAATTAA	HXD4_HUMAN.H11MO.0.D	-2	0.00130275	1.00182	0.197443	8	ACCAAATTAA	TCAATTAA	-
280-ACCAAATTAA	MSX2_HUMAN.H11MO.0.D	-2	0.00131718	1.01291	0.197443	7	ACCAAATTAA	ACAATTA	-
280-ACCAAATTAA	ALX3_HUMAN.H11MO.0.D	2	0.00186557	1.43462	0.230627	9	ACCAAATTAA	TAATTTAATTA	-
280-ACCAAATTAA	ISX_HUMAN.H11MO.0.D	6	0.00189499	1.45725	0.230627	10	ACCAAATTAA	AATTTAAGCTAATTAA	-
280-ACCAAATTAA	RAX2_HUMAN.H11MO.0.D	2	0.00221969	1.70694	0.230627	10	ACCAAATTAA	TAATTTAATTAG	-
280-ACCAAATTAA	VSX2_HUMAN.H11MO.0.D	2	0.00221969	1.70694	0.230627	10	ACCAAATTAA	GAAGCTAATTAA	-
280-ACCAAATTAA	NOBOX_HUMAN.H11MO.0.C	-1	0.00230784	1.77473	0.230627	9	ACCAAATTAA	ACCAATTAG	-
280-ACCAAATTAA	RX_HUMAN.H11MO.0.D	1	0.00292588	2.25	0.257216	10	ACCAAATTAA	TTGCTAATTAA	-
280-ACCAAATTAA	HXD3_HUMAN.H11MO.0.D	-1	0.00292588	2.25	0.257216	9	ACCAAATTAA	CCTAATTAACC	-
280-ACCAAATTAA	ALX4_HUMAN.H11MO.0.D	2	0.00327981	2.52218	0.257216	10	ACCAAATTAA	TAATTTAATTAA	-
280-ACCAAATTAA	LHX3_HUMAN.H11MO.0.C	-1	0.00346498	2.66457	0.257216	9	ACCAAATTAA	ATTAATTAATTTT	-
280-ACCAAATTAA	PHX2A_HUMAN.H11MO.0.D	2	0.00364672	2.80433	0.257216	9	ACCAAATTAA	TAATTTAATTA	+
280-ACCAAATTAA	LHX2_HUMAN.H11MO.0.A	0	0.00366036	2.81482	0.257216	10	ACCAAATTAA	AACTAATTAAAA	-
280-ACCAAATTAA	PRRX1_HUMAN.H11MO.0.D	-2	0.00422195	3.24668	0.257216	7	ACCAAATTAA	CAGATTA	-
280-ACCAAATTAA	SHOX_HUMAN.H11MO.0.D	7	0.004232	3.25441	0.257216	10	ACCAAATTAA	AAAAATTAACTAATTAG	-
280-ACCAAATTAA	PHX2B_HUMAN.H11MO.0.D	2	0.00453027	3.48378	0.257216	9	ACCAAATTAA	TAATTTAATTA	+
280-ACCAAATTAA	UNC4_HUMAN.H11MO.0.D	2	0.00453027	3.48378	0.257216	9	ACCAAATTAA	TAATTAAATTA	-
280-ACCAAATTAA	HMX2_HUMAN.H11MO.0.D	0	0.00478035	3.67609	0.257216	10	ACCAAATTAA	AACCAATTAAA	-
280-ACCAAATTAA	ARX_HUMAN.H11MO.0.D	3	0.00480464	3.69477	0.257216	10	ACCAAATTAA	CTAATTAAATTAA	-
280-ACCAAATTAA	DRGX_HUMAN.H11MO.0.D	2	0.00531947	4.09067	0.265793	9	ACCAAATTAA	TAATTAAATTA	-
280-ACCAAATTAA	MYNN_HUMAN.H11MO.0.D	1	0.00588209	4.52332	0.265976	10	ACCAAATTAA	TTTCAAAATAAAAGTCC	-
280-ACCAAATTAA	NKX62_HUMAN.H11MO.0.D	-1	0.00623491	4.79464	0.265976	9	ACCAAATTAA	GGTAATTAATT	-
280-ACCAAATTAA	PO4F2_HUMAN.H11MO.0.D	1	0.0062731	4.82401	0.265976	10	ACCAAATTAA	CAGCTCATTAATA	-
280-ACCAAATTAA	VSX1_HUMAN.H11MO.0.D	5	0.00638777	4.9122	0.265976	9	ACCAAATTAA	AAATTAGCTAATTA	-
280-ACCAAATTAA	PDX1_HUMAN.H11MO.1.A	-2	0.00760099	5.84516	0.282923	8	ACCAAATTAA	ATAATTAAT	-
280-ACCAAATTAA	NR1D1_HUMAN.H11MO.1.D	4	0.0078834	6.06233	0.282923	10	ACCAAATTAA	TTTGACCTACTTTT	-
280-ACCAAATTAA	HMX3_HUMAN.H11MO.0.D	-1	0.00809071	6.22175	0.282923	9	ACCAAATTAA	AGCAATTAACG	-
280-ACCAAATTAA	SHOX2_HUMAN.H11MO.0.D	7	0.00811165	6.23786	0.282923	10	ACCAAATTAA	TAAAATTAACTAATTAG	-
280-ACCAAATTAA	EMX1_HUMAN.H11MO.0.D	3	0.00812255	6.24624	0.282923	9	ACCAAATTAA	ATTAGCTAATTA	-
280-ACCAAATTAA	HXB3_HUMAN.H11MO.0.D	4	0.00830473	6.38634	0.282923	10	ACCAAATTAA	TAAAAACTAATTAA	-
280-ACCAAATTAA	PROP1_HUMAN.H11MO.0.D	2	0.00896646	6.89521	0.294551	9	ACCAAATTAA	TAATTCAATTA	-
280-ACCAAATTAA	DUX4_HUMAN.H11MO.0.A	2	0.00943636	7.25656	0.294551	9	ACCAAATTAA	TAACCTAATCA	-
280-ACCAAATTAA	EMX2_HUMAN.H11MO.0.D	3	0.00947394	7.28546	0.294551	9	ACCAAATTAA	ATTAGCTAATTA	-
280-ACCAAATTAA	LHX9_HUMAN.H11MO.0.D	8	0.00948607	7.29478	0.294551	10	ACCAAATTAA	TAATTAATAGCTAATTAG	-
280-ACCAAATTAA	ARI3A_HUMAN.H11MO.0.D	11	0.00962856	7.40437	0.294551	10	ACCAAATTAA	AATTAATCGAAATCAAATTAAA	+
280-ACCAAATTAA	MSX1_HUMAN.H11MO.0.D	-2	0.0105325	8.0995	0.31576	8	ACCAAATTAA	CCAATTAAAAACCAATTA	-
280-ACCAAATTAA	GSX2_HUMAN.H11MO.0.D	6	0.0109706	8.43641	0.316674	10	ACCAAATTAA	ATTAAAAACTAATTAA	-
280-ACCAAATTAA	ZBT49_HUMAN.H11MO.0.D	-2	0.0115517	8.88328	0.326713	8	ACCAAATTAA	CCAATTAGCGC	-
280-ACCAAATTAA	MEOX2_HUMAN.H11MO.0.D	1	0.0121447	9.33924	0.33525	10	ACCAAATTAA	ATCATAATTAA	-
280-ACCAAATTAA	GBX1_HUMAN.H11MO.0.D	7	0.0123009	9.45938	0.33525	10	ACCAAATTAA	AAATTTTAGCTAATTAG	-
280-ACCAAATTAA	LHX4_HUMAN.H11MO.0.D	-2	0.0127654	9.8166	0.341698	8	ACCAAATTAA	CTAATTAACTT	-
280-ACCAAATTAA	ESX1_HUMAN.H11MO.0.D	6	0.0136207	10.4743	0.358195	10	ACCAAATTAA	AATTATTGCTAATTAGC	-
280-ACCAAATTAA	ALX1_HUMAN.H11MO.0.B	2	0.015613	12.0064	0.390667	10	ACCAAATTAA	TAATTCAATTAT	-
280-ACCAAATTAA	MEOX1_HUMAN.H11MO.0.D	5	0.0156373	12.0251	0.390667	10	ACCAAATTAA	ATTAACGCTAATTACC	-
280-ACCAAATTAA	NKX32_HUMAN.H11MO.0.C	0	0.0175314	13.4817	0.423859	10	ACCAAATTAA	AAACACTTAA	-
280-ACCAAATTAA	DLX3_HUMAN.H11MO.0.C	-1	0.0175314	13.4817	0.423859	9	ACCAAATTAA	TGTAATTATC	-
280-ACCAAATTAA	LMX1B_HUMAN.H11MO.0.D	5	0.0184362	14.1774	0.428559	10	ACCAAATTAA	AAATAAATCAATTAATTA	-
280-ACCAAATTAA	GBX2_HUMAN.H11MO.0.D	7	0.0193268	14.8623	0.428559	10	ACCAAATTAA	AATTAAAGGCTAATTAG	-
280-ACCAAATTAA	GSX1_HUMAN.H11MO.0.D	6	0.0194514	14.9581	0.428559	9	ACCAAATTAA	ATTAAAAACTAATTA	-
280-ACCAAATTAA	HXA2_HUMAN.H11MO.0.D	0	0.0198126	15.2359	0.428559	10	ACCAAATTAA	CGCTAATTACC	-
280-ACCAAATTAA	PAX4_HUMAN.H11MO.0.D	-1	0.0198888	15.2945	0.428559	9	ACCAAATTAA	GCGAATTAGTTA	-
280-ACCAAATTAA	TCF7_HUMAN.H11MO.0.A	1	0.020013	15.39	0.428559	10	ACCAAATTAA	AACCACATCAAAGGAA	+
280-ACCAAATTAA	DLX2_HUMAN.H11MO.0.D	-2	0.0209411	16.1037	0.44157	8	ACCAAATTAA	ATAATTAT	-
280-ACCAAATTAA	VAX1_HUMAN.H11MO.0.D	7	0.0213788	16.4403	0.44157	10	ACCAAATTAA	TAATTAACCCTAATTACC	-
280-ACCAAATTAA	BARX2_HUMAN.H11MO.0.D	-3	0.0223559	17.1917	0.446814	7	ACCAAATTAA	CAATTAATGA	-
280-ACCAAATTAA	HMX1_HUMAN.H11MO.0.D	6	0.0234914	18.0649	0.46333	10	ACCAAATTAA	ATTAAAAAACAATTAAC	-
280-ACCAAATTAA	HME1_HUMAN.H11MO.0.D	6	0.0246522	18.9576	0.475479	10	ACCAAATTAA	ATAATTGGGTAATTAGC	-
283-AACAGTAAGT	ELF3_HUMAN.H11MO.0.A	2	0.00109901	0.845139	0.438655	10	AACAGTAAGT	GAACCAGGAAGTGG	+
283-AACAGTAAGT	ETV2_HUMAN.H11MO.0.B	3	0.00166485	1.28027	0.438655	10	AACAGTAAGT	GGAAACAGGAAGTGGG	+
283-AACAGTAAGT	PRGR_HUMAN.H11MO.0.A	3	0.00198629	1.52746	0.438655	10	AACAGTAAGT	AAGAACAGAATGTTCT	-
283-AACAGTAAGT	SPI1_HUMAN.H11MO.0.A	3	0.00199175	1.53166	0.438655	10	AACAGTAAGT	AAAAAGAGGAAGTGAAA	+
283-AACAGTAAGT	EHF_HUMAN.H11MO.0.B	2	0.00231733	1.78203	0.438655	10	AACAGTAAGT	GAACCAGGAAGTGGC	+
283-AACAGTAAGT	PRDM1_HUMAN.H11MO.0.A	2	0.00249191	1.91628	0.438655	10	AACAGTAAGT	GAAAGTGAAAGTGA	+
283-AACAGTAAGT	SPIB_HUMAN.H11MO.0.A	3	0.00251515	1.93415	0.438655	10	AACAGTAAGT	AAAAAGAGGAAGTGAAA	+
283-AACAGTAAGT	ZN250_HUMAN.H11MO.0.C	8	0.00251623	1.93498	0.438655	10	AACAGTAAGT	GTAATCAAAACAGCATGGTA	-
283-AACAGTAAGT	ETV4_HUMAN.H11MO.0.B	0	0.00274862	2.11369	0.438655	10	AACAGTAAGT	AACAGGAAGGG	+
283-AACAGTAAGT	ZIM3_HUMAN.H11MO.0.C	6	0.00345662	2.65814	0.438655	10	AACAGTAAGT	GCAAGCAACAGAAACCCAA	-
283-AACAGTAAGT	ETV6_HUMAN.H11MO.0.D	-1	0.00346431	2.66406	0.438655	9	AACAGTAAGT	ACAGGAAGT	+
283-AACAGTAAGT	ERG_HUMAN.H11MO.0.A	1	0.00428141	3.2924	0.438655	10	AACAGTAAGT	GGGCAGGAAGTGG	+
283-AACAGTAAGT	SOX5_HUMAN.H11MO.0.C	1	0.00429206	3.3006	0.438655	7	AACAGTAAGT	TAACAATA	-
283-AACAGTAAGT	ELF5_HUMAN.H11MO.0.A	3	0.00430153	3.30787	0.438655	10	AACAGTAAGT	GGAAGGAGGAAGTGG	+
283-AACAGTAAGT	GCR_HUMAN.H11MO.0.A	2	0.00430153	3.30787	0.438655	10	AACAGTAAGT	AGAACATTCTGTTCT	-
283-AACAGTAAGT	ETS1_HUMAN.H11MO.0.A	1	0.00477208	3.66973	0.456225	10	AACAGTAAGT	AGACAGGAAGTGG	+
283-AACAGTAAGT	ZKSC1_HUMAN.H11MO.0.B	4	0.00512678	3.9425	0.461305	10	AACAGTAAGT	GGCACACAGTAGGTCCTCA	-
283-AACAGTAAGT	FLI1_HUMAN.H11MO.1.A	1	0.00623603	4.79551	0.478083	10	AACAGTAAGT	AGGCAGGAAGTGG	+
283-AACAGTAAGT	ELK1_HUMAN.H11MO.0.B	-1	0.00654341	5.03188	0.478083	9	AACAGTAAGT	ACCGGAAGTGG	+
283-AACAGTAAGT	ELK3_HUMAN.H11MO.0.D	0	0.00656344	5.04728	0.478083	10	AACAGTAAGT	CCCAGGAAGTGC	+
285-AATTTCAGAGT	SOX7_HUMAN.H11MO.0.D	4	0.000138054	0.106164	0.146673	11	AATTTCAGAGT	AAACAATTTCATTGTT	-
285-AATTTCAGAGT	SOX11_HUMAN.H11MO.0.D	4	0.000190732	0.146673	0.146673	11	AATTTCAGAGT	GAACAATTGCATTGTT	-
285-AATTTCAGAGT	SOX8_HUMAN.H11MO.0.D	5	0.000380239	0.292404	0.194936	11	AATTTCAGAGT	GCATCAATTGCAGTGA	-
291-CATAAAGTCA	NR2E1_HUMAN.H11MO.0.D	4	7.32417e-06	0.00563229	0.0112476	10	CATAAAGTCA	AAGTCAAAAAGTCAATT	+
295-GCCTCTTGAA	ZN490_HUMAN.H11MO.0.C	3	6.97794e-05	0.0536603	0.107321	10	GCCTCTTGAA	TGGGTCTCTTGAAGGCAGCATATC	+
300-TCCGAGGAA	STAT6_HUMAN.H11MO.0.B	1	0.000103635	0.079695	0.159045	9	TCCGAGGAA	TTCTCAGGAAA	+
301-AAAACTCAAT	ONEC3_HUMAN.H11MO.0.D	1	4.53539e-05	0.0348771	0.0697542	10	AAAACTCAAT	AAAAAATCAATA	-
301-AAAACTCAAT	NR2E1_HUMAN.H11MO.0.D	6	0.000404481	0.311046	0.311046	10	AAAACTCAAT	AAGTCAAAAAGTCAATT	+
301-AAAACTCAAT	ONEC2_HUMAN.H11MO.0.D	3	0.000632688	0.486537	0.324358	10	AAAACTCAAT	AAAAAAAATCAATAACAAGAC	-
301-AAAACTCAAT	HMX1_HUMAN.H11MO.0.D	3	0.000981669	0.754904	0.377452	10	AAAACTCAAT	ATTAAAAAACAATTAAC	-
304-ACAAAGGCCCT	SOX4_HUMAN.H11MO.0.B	4	0.00131745	1.01312	0.438716	8	ACAAAGGCCCT	GAGAACAAAGGA	-
304-ACAAAGGCCCT	SOX3_HUMAN.H11MO.0.B	3	0.00133184	1.02419	0.438716	8	ACAAAGGCCCT	GGGACAAAGGC	-
304-ACAAAGGCCCT	SOX10_HUMAN.H11MO.0.B	1	0.00138928	1.06836	0.438716	11	ACAAAGGCCCT	AACAATGCCTCCTTTG	-
304-ACAAAGGCCCT	SOX9_HUMAN.H11MO.0.B	2	0.00138928	1.06836	0.438716	11	ACAAAGGCCCT	GAACAAAGGCCCCTTT	-
304-ACAAAGGCCCT	HNF4A_HUMAN.H11MO.0.A	4	0.0015549	1.19572	0.438716	10	ACAAAGGCCCT	GAGTCCAAAGTCCA	+
304-ACAAAGGCCCT	HNF4G_HUMAN.H11MO.0.B	4	0.00173706	1.3358	0.438716	10	ACAAAGGCCCT	GAGTCCAAAGTCCA	+
304-ACAAAGGCCCT	SOX15_HUMAN.H11MO.0.D	1	0.00205336	1.57903	0.438716	6	ACAAAGGCCCT	AACAATG	-
304-ACAAAGGCCCT	SOX10_HUMAN.H11MO.1.A	4	0.00283171	2.17759	0.438716	9	ACAAAGGCCCT	GAGAACAAAGGAA	-
304-ACAAAGGCCCT	PPARG_HUMAN.H11MO.1.A	-1	0.00294912	2.26787	0.438716	9	ACAAAGGCCCT	CAAAGGTCA	+
304-ACAAAGGCCCT	SOX2_HUMAN.H11MO.0.A	4	0.00298628	2.29645	0.438716	9	ACAAAGGCCCT	GAGAACAAAGGGA	-
304-ACAAAGGCCCT	RXRG_HUMAN.H11MO.0.B	2	0.00314869	2.42134	0.438716	11	ACAAAGGCCCT	GGTCAAAGGTCAC	+
304-ACAAAGGCCCT	NR4A3_HUMAN.H11MO.0.D	-1	0.00384564	2.9573	0.491173	10	ACAAAGGCCCT	CAAAGGTCAG	+
305-AGCATTAAGGGAATT	ZN143_HUMAN.H11MO.0.A	0	0.000419675	0.32273	0.324601	15	AGCATTAAGGGAATT	GGCATTCTGGGAATTGTAGTTC	+
305-AGCATTAAGGGAATT	THA11_HUMAN.H11MO.0.B	0	0.000516639	0.397296	0.324601	15	AGCATTAAGGGAATT	GGCATGCTGGGAGTTGTAGTTC	+
305-AGCATTAAGGGAATT	ZNF76_HUMAN.H11MO.0.C	2	0.000634534	0.487957	0.324601	15	AGCATTAAGGGAATT	GGGGCATTCTGGGAATTGTAGT	+
306-ATATTTGTATA	P5F1B_HUMAN.H11MO.0.D	0	0.000206925	0.159125	0.317771	11	ATATTTGTATA	TAATTTGCATATTCAT	+
306-ATATTTGTATA	PO2F2_HUMAN.H11MO.0.A	-1	0.00102302	0.786704	0.465234	10	ATATTTGTATA	CATTTGCATAT	-
306-ATATTTGTATA	FOXJ2_HUMAN.H11MO.0.C	-1	0.00105562	0.811775	0.465234	10	ATATTTGTATA	TGTTTATTTA	+
306-ATATTTGTATA	FOXB1_HUMAN.H11MO.0.D	4	0.00137123	1.05448	0.465234	11	ATATTTGTATA	GTCAATATTTACATAAC	+
306-ATATTTGTATA	PO3F4_HUMAN.H11MO.0.D	0	0.00162611	1.25048	0.465234	11	ATATTTGTATA	TAATTTGCATAATTTAT	+
306-ATATTTGTATA	FOXD2_HUMAN.H11MO.0.D	7	0.0018177	1.39781	0.465234	11	ATATTTGTATA	TATGTAAATATTTATTTAA	+
308-CAGGTGTGTGCTA	MESP1_HUMAN.H11MO.0.D	1	0.000254123	0.195421	0.268106	10	CAGGTGTGTGCTA	GCAGGTGTGGA	+
308-CAGGTGTGTGCTA	SNAI1_HUMAN.H11MO.0.C	1	0.000350086	0.269216	0.268106	7	CAGGTGTGTGCTA	CCAGGTGG	+
308-CAGGTGTGTGCTA	TBX5_HUMAN.H11MO.0.D	-1	0.000627101	0.48224	0.288046	8	CAGGTGTGTGCTA	AGGTGTGA	+
308-CAGGTGTGTGCTA	ZEB1_HUMAN.H11MO.0.A	2	0.00109737	0.843876	0.288046	8	CAGGTGTGTGCTA	GACAGGTGAG	+
308-CAGGTGTGTGCTA	ZSCA4_HUMAN.H11MO.0.D	-2	0.00121262	0.932501	0.288046	11	CAGGTGTGTGCTA	AGTGTGTGCACT	+
308-CAGGTGTGTGCTA	HTF4_HUMAN.H11MO.0.A	2	0.00123583	0.950353	0.288046	8	CAGGTGTGTGCTA	TGCAGCTGTG	+
308-CAGGTGTGTGCTA	ID4_HUMAN.H11MO.0.D	2	0.00131643	1.01234	0.288046	9	CAGGTGTGTGCTA	GACAGGTGTAA	+
308-CAGGTGTGTGCTA	MYF6_HUMAN.H11MO.0.C	1	0.00173111	1.33122	0.312075	6	CAGGTGTGTGCTA	GCAGCTG	-
308-CAGGTGTGTGCTA	TBX1_HUMAN.H11MO.0.D	7	0.00183375	1.41015	0.312075	13	CAGGTGTGTGCTA	GGGTGGGCAGGGGTGGGCGG	+
308-CAGGTGTGTGCTA	FIGLA_HUMAN.H11MO.0.D	3	0.0020471	1.57422	0.313546	8	CAGGTGTGTGCTA	TAACAGGTGTT	+
308-CAGGTGTGTGCTA	SNAI2_HUMAN.H11MO.0.A	2	0.00261644	2.01205	0.364318	8	CAGGTGTGTGCTA	GGCAGGTGCA	+
308-CAGGTGTGTGCTA	TBR1_HUMAN.H11MO.0.D	1	0.00309987	2.3838	0.395662	12	CAGGTGTGTGCTA	AAAGGTGTGAAAA	+
308-CAGGTGTGTGCTA	ITF2_HUMAN.H11MO.0.C	2	0.00345783	2.65907	0.407401	8	CAGGTGTGTGCTA	GGCAGCTGGG	+
309-CATTAACCTC	HNF1B_HUMAN.H11MO.1.A	3	0.000312439	0.240265	0.373583	8	CATTAACCTC	AATCATTAACT	-
309-CATTAACCTC	ZN652_HUMAN.H11MO.0.D	-1	0.000486424	0.37406	0.373583	9	CATTAACCTC	ATTAACCCTTT	-
312-GCAACCATTTA	ZFP42_HUMAN.H11MO.0.A	1	0.000317301	0.244004	0.488009	11	GCAACCATTTA	GGCAGCCATTTT	+
313-GCCAGCAAATAAAA	HXB13_HUMAN.H11MO.0.A	-4	0.000271282	0.208616	0.411493	10	GCCAGCAAATAAAA	GCCAATAAAA	-
314-ACAGCCCAGC	ZN449_HUMAN.H11MO.0.C	-1	6.37116e-05	0.0489942	0.0979885	9	ACAGCCCAGC	AAGCCCAACCA	-
314-ACAGCCCAGC	ZSC31_HUMAN.H11MO.0.C	4	0.000463823	0.35668	0.35668	10	ACAGCCCAGC	CATAACTGCCCTGCTGCC	-
315-AGCTGCCCAA	ZN549_HUMAN.H11MO.0.C	1	6.75453e-05	0.0519423	0.103524	10	AGCTGCCCAA	GTGCTGCCCAATTCATGAAT	-
316-CAGATGGGGG	NDF2_HUMAN.H11MO.0.B	2	0.000140448	0.108004	0.0915606	7	CAGATGGGGG	AACAGATGG	+
316-CAGATGGGGG	NDF1_HUMAN.H11MO.0.A	2	0.000227658	0.175069	0.0915606	8	CAGATGGGGG	GACAGATGGT	+
316-CAGATGGGGG	ZSC22_HUMAN.H11MO.0.C	3	0.000247977	0.190694	0.0915606	10	CAGATGGGGG	GGTCTGAGGGAGGAGG	+
316-CAGATGGGGG	ATOH1_HUMAN.H11MO.0.B	2	0.000279763	0.215138	0.0915606	7	CAGATGGGGG	AGCAGATGG	+
316-CAGATGGGGG	NGN2_HUMAN.H11MO.0.D	4	0.0003129	0.24062	0.0915606	8	CAGATGGGGG	GGAGCAGATGGC	+
316-CAGATGGGGG	ZIC4_HUMAN.H11MO.0.D	3	0.000363306	0.279383	0.0915606	10	CAGATGGGGG	GCACAGCGGGGGGTC	+
316-CAGATGGGGG	ZN331_HUMAN.H11MO.0.C	9	0.000637202	0.490009	0.118134	10	CAGATGGGGG	GGCTGGGCTCAGCTGGGTGG	+
316-CAGATGGGGG	TWST1_HUMAN.H11MO.1.A	2	0.000664147	0.510729	0.118134	8	CAGATGGGGG	ACCAGATGTG	-
316-CAGATGGGGG	TYY1_HUMAN.H11MO.0.A	1	0.000703121	0.5407	0.118134	10	CAGATGGGGG	CAAGATGGCGGC	+
316-CAGATGGGGG	ZN281_HUMAN.H11MO.0.A	-1	0.00141342	1.08692	0.175316	9	CAGATGGGGG	GGGTGGGGGAGGGGA	+
316-CAGATGGGGG	ITF2_HUMAN.H11MO.0.C	2	0.00144239	1.1092	0.175316	8	CAGATGGGGG	GGCAGCTGGG	+
316-CAGATGGGGG	TYY2_HUMAN.H11MO.0.D	0	0.0016072	1.23594	0.175316	10	CAGATGGGGG	AAAATGGCGGC	+
316-CAGATGGGGG	ZBT18_HUMAN.H11MO.0.C	2	0.0016072	1.23594	0.175316	9	CAGATGGGGG	TCCAGATGTGG	+
316-CAGATGGGGG	ZN134_HUMAN.H11MO.1.C	7	0.00162317	1.24822	0.175316	10	CAGATGGGGG	ACCTAATCAGGTGAAGG	+
316-CAGATGGGGG	PTF1A_HUMAN.H11MO.1.B	2	0.00177949	1.36843	0.179387	7	CAGATGGGGG	AGCAGCTGG	+
316-CAGATGGGGG	MESP1_HUMAN.H11MO.0.D	1	0.00201969	1.55314	0.190876	10	CAGATGGGGG	GCAGGTGTGGA	+
316-CAGATGGGGG	GCM1_HUMAN.H11MO.0.D	0	0.00241998	1.86096	0.215086	10	CAGATGGGGG	CACATGCGGGTATT	+
316-CAGATGGGGG	HTF4_HUMAN.H11MO.0.A	2	0.00256034	1.9689	0.215086	8	CAGATGGGGG	TGCAGCTGTG	+
316-CAGATGGGGG	CTCFL_HUMAN.H11MO.0.A	2	0.00307034	2.36109	0.240341	10	CAGATGGGGG	GCCGCCAGGGGGCGCCG	+
316-CAGATGGGGG	ZBTB4_HUMAN.H11MO.0.D	2	0.00324902	2.4985	0.240341	10	CAGATGGGGG	CCTAGATGGCAGGTGGG	+
316-CAGATGGGGG	GCM2_HUMAN.H11MO.0.D	-2	0.00333781	2.56677	0.240341	8	CAGATGGGGG	GATGCGGGTAT	+
316-CAGATGGGGG	ZN134_HUMAN.H11MO.0.C	12	0.00381481	2.93359	0.261738	10	CAGATGGGGG	GCCTCACCTAATCAGTTGAAGG	+
316-CAGATGGGGG	SNAI1_HUMAN.H11MO.0.C	1	0.00398114	3.0615	0.261738	7	CAGATGGGGG	CCAGGTGG	+
316-CAGATGGGGG	GLIS1_HUMAN.H11MO.0.D	0	0.00438563	3.37255	0.275115	10	CAGATGGGGG	TCGTGGGGGGTCT	+
316-CAGATGGGGG	TAL1_HUMAN.H11MO.1.A	7	0.00465241	3.57771	0.275115	8	CAGATGGGGG	CAGGAAGCAGATGTG	+
316-CAGATGGGGG	MYF6_HUMAN.H11MO.0.C	1	0.00479379	3.68643	0.275115	6	CAGATGGGGG	GCAGCTG	-
316-CAGATGGGGG	ZIC3_HUMAN.H11MO.0.B	3	0.00491238	3.77762	0.275115	10	CAGATGGGGG	TCACAGCAGGGGGCC	-
316-CAGATGGGGG	MYOD1_HUMAN.H11MO.1.A	2	0.00542716	4.17348	0.285543	9	CAGATGGGGG	GACAGCTGCAG	-
316-CAGATGGGGG	ZN740_HUMAN.H11MO.0.D	-2	0.00552834	4.25129	0.285543	8	CAGATGGGGG	GGGGGGGGGGTGGG	+
316-CAGATGGGGG	MYOG_HUMAN.H11MO.0.B	4	0.00573435	4.40971	0.285543	9	CAGATGGGGG	GGGACAGCTGCGG	-
316-CAGATGGGGG	ASCL2_HUMAN.H11MO.0.D	2	0.00596804	4.58942	0.285543	7	CAGATGGGGG	AGCAGCTGG	-
316-CAGATGGGGG	ZN219_HUMAN.H11MO.0.D	-2	0.00604275	4.64688	0.285543	8	CAGATGGGGG	GAGGGGGGCGGA	+
316-CAGATGGGGG	ZIC2_HUMAN.H11MO.0.D	3	0.00677728	5.21173	0.292022	10	CAGATGGGGG	TCACAGCAGGGGGCC	-
316-CAGATGGGGG	ASCL1_HUMAN.H11MO.0.A	5	0.00683675	5.25746	0.292022	9	CAGATGGGGG	GGGAGCAGGTGCAG	-
316-CAGATGGGGG	ZN816_HUMAN.H11MO.0.C	1	0.0069188	5.32056	0.292022	10	CAGATGGGGG	AAAAAAGGGGGACATGCAGGG	+
316-CAGATGGGGG	BHA15_HUMAN.H11MO.0.B	4	0.00705943	5.4287	0.292022	7	CAGATGGGGG	GCAGCAGCTGG	+
316-CAGATGGGGG	ZN148_HUMAN.H11MO.0.D	0	0.00714546	5.49486	0.292022	10	CAGATGGGGG	GGGGTGGGGGAGGGG	+
316-CAGATGGGGG	ZFP42_HUMAN.H11MO.0.A	0	0.00784547	6.03316	0.312192	10	CAGATGGGGG	AAAATGGCTGCC	-
316-CAGATGGGGG	SMAD1_HUMAN.H11MO.0.D	2	0.00826094	6.35266	0.318105	10	CAGATGGGGG	GGCAGACAGGCT	-
316-CAGATGGGGG	OLIG2_HUMAN.H11MO.1.B	3	0.00841481	6.47099	0.318105	7	CAGATGGGGG	AAACAGATGG	-
316-CAGATGGGGG	TFE2_HUMAN.H11MO.0.A	3	0.00868048	6.67529	0.320145	8	CAGATGGGGG	CTGCAGCTGTG	-
316-CAGATGGGGG	GLIS2_HUMAN.H11MO.0.D	2	0.010353	7.96148	0.369533	10	CAGATGGGGG	CTTCGCGGGGGGTC	+
316-CAGATGGGGG	TFAP4_HUMAN.H11MO.0.A	1	0.010877	8.36438	0.369533	9	CAGATGGGGG	CCAGCTGTTT	+
316-CAGATGGGGG	OLIG3_HUMAN.H11MO.0.D	3	0.0111892	8.60446	0.369533	8	CAGATGGGGG	AAACATATGGT	-
316-CAGATGGGGG	TWST1_HUMAN.H11MO.0.A	10	0.0112415	8.64471	0.369533	7	CAGATGGGGG	TAATTAAAACCAGATGT	-
316-CAGATGGGGG	GLIS3_HUMAN.H11MO.0.D	-2	0.0120371	9.25649	0.387266	8	CAGATGGGGG	GTGGGGGGTA	+
316-CAGATGGGGG	OLIG2_HUMAN.H11MO.0.B	11	0.0124545	9.57753	0.390662	7	CAGATGGGGG	CAGAAGGGAAACAGCTGG	-
316-CAGATGGGGG	FIGLA_HUMAN.H11MO.0.D	3	0.0129991	9.99627	0.393123	8	CAGATGGGGG	TAACAGGTGTT	+
316-CAGATGGGGG	TAF1_HUMAN.H11MO.0.A	0	0.0136234	10.4764	0.403926	10	CAGATGGGGG	AAGATGGCGGCGGCGG	+
316-CAGATGGGGG	MXI1_HUMAN.H11MO.0.A	1	0.014661	11.2743	0.426331	10	CAGATGGGGG	GCACGTGGCGGCGGG	+
316-CAGATGGGGG	ZBT17_HUMAN.H11MO.0.A	1	0.0151332	11.6375	0.43176	10	CAGATGGGGG	GAGGGTGGGGGAGGGGAAG	+
316-CAGATGGGGG	ID4_HUMAN.H11MO.0.D	2	0.0158326	12.1753	0.437682	9	CAGATGGGGG	GACAGGTGTAA	+
316-CAGATGGGGG	CTCF_HUMAN.H11MO.0.A	4	0.0159197	12.2422	0.437682	10	CAGATGGGGG	TGGCCACCAGGGGGCGCCA	+
316-CAGATGGGGG	BHE23_HUMAN.H11MO.0.D	2	0.0174834	13.4448	0.472091	10	CAGATGGGGG	AGCATATGGTGG	+
316-CAGATGGGGG	ZN768_HUMAN.H11MO.0.C	6	0.0182165	14.0085	0.477637	10	CAGATGGGGG	GAGGCTCAGAGAGGTTAAGT	+
316-CAGATGGGGG	GATA2_HUMAN.H11MO.1.A	1	0.0183206	14.0885	0.477637	10	CAGATGGGGG	ACAGATAAGAA	+
316-CAGATGGGGG	KLF9_HUMAN.H11MO.0.C	-2	0.0187632	14.4289	0.480885	8	CAGATGGGGG	GGAGGGGGCGTGGCC	+
316-CAGATGGGGG	HXA1_HUMAN.H11MO.0.C	0	0.0197695	15.2028	0.498233	10	CAGATGGGGG	TTGATGGATG	+
316-CAGATGGGGG	TBX1_HUMAN.H11MO.0.D	7	0.0201317	15.4813	0.499043	10	CAGATGGGGG	GGGTGGGCAGGGGTGGGCGG	+
317-AATGTTTTTAT	FOXD2_HUMAN.H11MO.0.D	6	0.000484593	0.372652	0.392537	11	AATGTTTTTAT	TATGTAAATATTTATTTAA	+
317-AATGTTTTTAT	FOXQ1_HUMAN.H11MO.0.C	1	0.000935872	0.719685	0.392537	11	AATGTTTTTAT	TATTGTTTATTT	+
317-AATGTTTTTAT	OLIG1_HUMAN.H11MO.0.D	4	0.000988982	0.760527	0.392537	10	AATGTTTTTAT	ACCATATGTTTTTT	+
317-AATGTTTTTAT	ZN250_HUMAN.H11MO.0.C	6	0.00103619	0.796831	0.392537	11	AATGTTTTTAT	TACCATGCTGTTTTGATTAC	+
317-AATGTTTTTAT	SOX1_HUMAN.H11MO.0.D	4	0.00146963	1.13015	0.395799	11	AATGTTTTTAT	GATGAATGTTATTCAT	+
317-AATGTTTTTAT	FOXF1_HUMAN.H11MO.0.D	-1	0.0015672	1.20518	0.395799	10	AATGTTTTTAT	ATGTTTATTTT	+
317-AATGTTTTTAT	HXD10_HUMAN.H11MO.0.D	-2	0.00258479	1.9877	0.400262	9	AATGTTTTTAT	TGCTTTAATT	+
317-AATGTTTTTAT	HXC10_HUMAN.H11MO.0.D	5	0.00293155	2.25437	0.400262	11	AATGTTTTTAT	TTTTTAATTTTTTTATTAC	+
317-AATGTTTTTAT	FOXP3_HUMAN.H11MO.0.D	0	0.00306171	2.35445	0.400262	9	AATGTTTTTAT	AATTTGTTT	+
317-AATGTTTTTAT	FOXB1_HUMAN.H11MO.0.D	3	0.0030823	2.37029	0.400262	11	AATGTTTTTAT	GTCAATATTTACATAAC	+
317-AATGTTTTTAT	FOXJ2_HUMAN.H11MO.0.C	-2	0.0032292	2.48326	0.400262	9	AATGTTTTTAT	TGTTTATTTA	+
317-AATGTTTTTAT	FOXJ3_HUMAN.H11MO.0.A	-1	0.00368294	2.83218	0.400262	10	AATGTTTTTAT	TTGTTTATTTTTT	+
317-AATGTTTTTAT	FOXP1_HUMAN.H11MO.0.A	-2	0.00386187	2.96978	0.400262	9	AATGTTTTTAT	TTTGTTTAT	+
317-AATGTTTTTAT	HXB13_HUMAN.H11MO.0.A	-5	0.00402094	3.09211	0.400262	6	AATGTTTTTAT	TTTTATTGGC	+
317-AATGTTTTTAT	FOXK1_HUMAN.H11MO.0.A	-2	0.00448131	3.44613	0.400262	9	AATGTTTTTAT	TGTTTACTTT	+
317-AATGTTTTTAT	ONEC3_HUMAN.H11MO.0.D	1	0.00475529	3.65682	0.400262	11	AATGTTTTTAT	TATTGATTTTTT	+
317-AATGTTTTTAT	ALX1_HUMAN.H11MO.0.B	1	0.00475529	3.65682	0.400262	11	AATGTTTTTAT	TAATTCAATTAT	-
317-AATGTTTTTAT	BHE22_HUMAN.H11MO.0.D	4	0.00477255	3.67009	0.400262	9	AATGTTTTTAT	ACCATATGTTTTT	+
317-AATGTTTTTAT	DRGX_HUMAN.H11MO.0.D	1	0.00536524	4.12587	0.400262	10	AATGTTTTTAT	TAATTTAATTA	+
317-AATGTTTTTAT	CPEB1_HUMAN.H11MO.0.D	-4	0.00580884	4.467	0.400262	7	AATGTTTTTAT	TTTTTATTTTTTTTTTT	+
317-AATGTTTTTAT	SOX21_HUMAN.H11MO.0.D	4	0.00595652	4.58056	0.400262	11	AATGTTTTTAT	AAACAATGGTATTGTT	+
317-AATGTTTTTAT	FOXG1_HUMAN.H11MO.0.D	0	0.00611594	4.70316	0.400262	11	AATGTTTTTAT	ATTGTTTATATTTTTTT	+
317-AATGTTTTTAT	PHX2A_HUMAN.H11MO.0.D	1	0.00625554	4.81051	0.400262	10	AATGTTTTTAT	TAATTTAATTA	+
317-AATGTTTTTAT	ALX4_HUMAN.H11MO.0.D	1	0.00645135	4.96108	0.400262	11	AATGTTTTTAT	TAATTTAATTAA	-
317-AATGTTTTTAT	PHX2B_HUMAN.H11MO.0.D	1	0.00692345	5.32413	0.400262	10	AATGTTTTTAT	TAATTTAATTA	+
317-AATGTTTTTAT	UNC4_HUMAN.H11MO.0.D	1	0.00692345	5.32413	0.400262	10	AATGTTTTTAT	TAATTTAATTA	+
317-AATGTTTTTAT	BARX1_HUMAN.H11MO.0.D	2	0.00713194	5.48446	0.400262	10	AATGTTTTTAT	CTAATTGTTTTT	+
317-AATGTTTTTAT	FOXF2_HUMAN.H11MO.0.D	-2	0.00846248	6.50765	0.446587	9	AATGTTTTTAT	TGTTTACTTTT	+
317-AATGTTTTTAT	SOX5_HUMAN.H11MO.0.C	1	0.0085468	6.57249	0.446587	7	AATGTTTTTAT	TATTGTTA	+
317-AATGTTTTTAT	HXA13_HUMAN.H11MO.0.C	-3	0.00889401	6.83949	0.449238	8	AATGTTTTTAT	GGTTTTATTGG	+
317-AATGTTTTTAT	TBP_HUMAN.H11MO.0.A	-3	0.00984382	7.5699	0.481174	8	AATGTTTTTAT	CCTTTTATAG	-
317-AATGTTTTTAT	FOXC1_HUMAN.H11MO.0.C	1	0.0103732	7.977	0.491206	11	AATGTTTTTAT	CATTGTTTACTTAAG	+
319-GCTATGGTA	RFX3_HUMAN.H11MO.0.B	4	0.000345287	0.265526	0.328384	9	GCTATGGTA	GGTTGCCATGGTAA	+
319-GCTATGGTA	RFX4_HUMAN.H11MO.0.D	4	0.000427028	0.328384	0.328384	9	GCTATGGTA	CGTTGCCATGGTAAC	+
326-ATCCCAGGGG	COE1_HUMAN.H11MO.0.A	1	0.000212797	0.163641	0.327281	10	ATCCCAGGGG	GGTCCCTGGGGACTT	-
331-CACACTTCCTG	ETV2_HUMAN.H11MO.0.B	0	0.000145488	0.11188	0.0401027	11	CACACTTCCTG	CCCACTTCCTGTTTCC	-
331-CACACTTCCTG	ELK1_HUMAN.H11MO.0.B	-1	0.000163398	0.125653	0.0401027	10	CACACTTCCTG	CCACTTCCGGT	-
331-CACACTTCCTG	EHF_HUMAN.H11MO.0.B	0	0.000181858	0.139848	0.0401027	11	CACACTTCCTG	GCCACTTCCTGGTTC	-
331-CACACTTCCTG	ETV7_HUMAN.H11MO.0.D	-4	0.000190878	0.146785	0.0401027	7	CACACTTCCTG	CTTCCTG	-
331-CACACTTCCTG	ETS1_HUMAN.H11MO.0.A	-1	0.00019604	0.150755	0.0401027	10	CACACTTCCTG	CCACTTCCTGTCT	-
331-CACACTTCCTG	ETV4_HUMAN.H11MO.0.B	-2	0.000223633	0.171974	0.0401027	9	CACACTTCCTG	CCCTTCCTGTT	-
331-CACACTTCCTG	ETV6_HUMAN.H11MO.0.D	-3	0.000229674	0.176619	0.0401027	8	CACACTTCCTG	ACTTCCTGT	-
331-CACACTTCCTG	SPI1_HUMAN.H11MO.0.A	1	0.000245816	0.189032	0.0401027	11	CACACTTCCTG	TTTCACTTCCTCTTTTT	-
331-CACACTTCCTG	SPIB_HUMAN.H11MO.0.A	1	0.000278862	0.214445	0.0401027	11	CACACTTCCTG	TTTCACTTCCTCTTTTT	-
331-CACACTTCCTG	ERG_HUMAN.H11MO.0.A	-1	0.000284332	0.218652	0.0401027	10	CACACTTCCTG	CCACTTCCTGCCC	-
331-CACACTTCCTG	ETV5_HUMAN.H11MO.0.C	0	0.000298824	0.229795	0.0401027	11	CACACTTCCTG	CTCACTTCCTGCTC	-
331-CACACTTCCTG	ELF3_HUMAN.H11MO.0.A	-1	0.000317735	0.244338	0.0401027	10	CACACTTCCTG	CCACTTCCTGGTTC	-
331-CACACTTCCTG	ETV1_HUMAN.H11MO.0.A	-2	0.000412687	0.317356	0.0469985	9	CACACTTCCTG	CACTTCCGGCC	-
331-CACACTTCCTG	FLI1_HUMAN.H11MO.1.A	-1	0.000434432	0.334078	0.0469985	10	CACACTTCCTG	CCACTTCCTGCCT	-
331-CACACTTCCTG	FLI1_HUMAN.H11MO.0.A	2	0.00058298	0.448312	0.0581266	11	CACACTTCCTG	TCCCTCCTTCCTTCCTCC	-
331-CACACTTCCTG	ZN680_HUMAN.H11MO.0.C	3	0.000634114	0.487634	0.0581266	11	CACACTTCCTG	CCTCATTCTTCTTGGACATG	-
331-CACACTTCCTG	ELF1_HUMAN.H11MO.0.A	-1	0.000652429	0.501718	0.0581266	10	CACACTTCCTG	CCACTTCCGGGTTC	-
331-CACACTTCCTG	ELK3_HUMAN.H11MO.0.D	-1	0.000697523	0.536395	0.0586917	10	CACACTTCCTG	GCACTTCCTGGG	-
331-CACACTTCCTG	ELF5_HUMAN.H11MO.0.A	-1	0.000785474	0.60403	0.0626136	10	CACACTTCCTG	CCACTTCCTCCTTCC	-
331-CACACTTCCTG	ELK4_HUMAN.H11MO.0.A	-1	0.000829612	0.637972	0.0628254	10	CACACTTCCTG	CCACTTCCGGTC	-
331-CACACTTCCTG	ELF2_HUMAN.H11MO.0.C	-1	0.000929633	0.714888	0.0670475	10	CACACTTCCTG	CCACTTCCGGGTT	-
331-CACACTTCCTG	GABPA_HUMAN.H11MO.0.A	-1	0.00145504	1.11892	0.100171	10	CACACTTCCTG	CCACTTCCGGTTCC	-
331-CACACTTCCTG	BC11A_HUMAN.H11MO.0.A	2	0.00245006	1.8841	0.161339	11	CACACTTCCTG	TTTTCACTTCCTCTTTT	-
331-CACACTTCCTG	TBX5_HUMAN.H11MO.0.D	1	0.00319833	2.45951	0.197498	7	CACACTTCCTG	TCACACCT	-
331-CACACTTCCTG	FEV_HUMAN.H11MO.0.B	-2	0.00325997	2.50691	0.197498	9	CACACTTCCTG	CGCTTCCCGC	-
331-CACACTTCCTG	EOMES_HUMAN.H11MO.0.D	2	0.00385029	2.96087	0.214249	10	CACACTTCCTG	TTAACACCTCCT	-
331-CACACTTCCTG	TBR1_HUMAN.H11MO.0.D	4	0.00385384	2.9636	0.214249	9	CACACTTCCTG	TTTTCACACCTTT	-
331-CACACTTCCTG	IRF4_HUMAN.H11MO.0.A	3	0.00401902	3.09063	0.214249	11	CACACTTCCTG	AGTTTCACTTCCTCTTTT	-
331-CACACTTCCTG	ZN436_HUMAN.H11MO.0.C	6	0.00410229	3.15466	0.214249	11	CACACTTCCTG	TCAGGGAAGGCTTCCTGGAGGAGG	+
331-CACACTTCCTG	KLF8_HUMAN.H11MO.0.C	-2	0.00441343	3.39393	0.222815	9	CACACTTCCTG	CACCCCCTG	-
331-CACACTTCCTG	SMCA1_HUMAN.H11MO.0.C	0	0.00498778	3.8356	0.243689	11	CACACTTCCTG	CATTCTTCTTGG	-
331-CACACTTCCTG	IRF8_HUMAN.H11MO.0.B	5	0.00706491	5.43292	0.327549	11	CACACTTCCTG	TTACTTTCACTTCCTCTTTT	-
331-CACACTTCCTG	STAT1_HUMAN.H11MO.0.A	0	0.00713675	5.48816	0.327549	11	CACACTTCCTG	CCCCTTTCCTGGAAATCAC	+
331-CACACTTCCTG	ETS2_HUMAN.H11MO.0.B	0	0.0105645	8.12411	0.470118	11	CACACTTCCTG	TCCTCTTCCTTCC	-
331-CACACTTCCTG	NFAT5_HUMAN.H11MO.0.D	-1	0.0108639	8.35432	0.470118	10	CACACTTCCTG	CCTTTTCCTCT	-
332-CGCGTGAGC	TFE3_HUMAN.H11MO.0.B	1	0.000648775	0.498908	0.26899	9	CGCGTGAGC	TCACGTGACC	-
332-CGCGTGAGC	NRF1_HUMAN.H11MO.0.A	4	0.000734461	0.564801	0.26899	9	CGCGTGAGC	CCTGCGCATGCGCAGTG	-
332-CGCGTGAGC	TFEB_HUMAN.H11MO.0.C	0	0.000894002	0.687488	0.26899	9	CGCGTGAGC	CACGTGACC	-
332-CGCGTGAGC	MITF_HUMAN.H11MO.0.A	1	0.00101306	0.779043	0.26899	9	CGCGTGAGC	TCACGTGACC	+
332-CGCGTGAGC	KAISO_HUMAN.H11MO.1.A	3	0.00129534	0.996115	0.26899	8	CGCGTGAGC	TCTCGCGAGAA	+
332-CGCGTGAGC	KAISO_HUMAN.H11MO.0.A	7	0.00144057	1.1078	0.26899	8	CGCGTGAGC	CAAATCTCGCGAGAA	+
332-CGCGTGAGC	MLX_HUMAN.H11MO.0.D	1	0.00155819	1.19825	0.26899	9	CGCGTGAGC	GCACGTGATCA	-
332-CGCGTGAGC	BHE40_HUMAN.H11MO.0.A	2	0.00176426	1.35672	0.26899	8	CGCGTGAGC	GGCACGTGAC	+
332-CGCGTGAGC	AHR_HUMAN.H11MO.0.B	2	0.00177318	1.36357	0.26899	7	CGCGTGAGC	GTTGCGTGC	+
332-CGCGTGAGC	USF1_HUMAN.H11MO.0.A	3	0.00209089	1.60789	0.26899	9	CGCGTGAGC	GGTCACGTGACC	-
332-CGCGTGAGC	BMAL1_HUMAN.H11MO.0.A	2	0.00283787	2.18233	0.325927	9	CGCGTGAGC	GCCACGTGACT	+
332-CGCGTGAGC	USF2_HUMAN.H11MO.0.A	9	0.00298695	2.29696	0.325927	9	CGCGTGAGC	CGCCGCGGCCACGTGACCC	-
332-CGCGTGAGC	MYCN_HUMAN.H11MO.0.A	3	0.00399881	3.07508	0.360959	9	CGCGTGAGC	GGCCACGTGGGC	+
332-CGCGTGAGC	NRL_HUMAN.H11MO.0.D	1	0.00401729	3.0893	0.360959	9	CGCGTGAGC	CTGCGTCAGCA	-
332-CGCGTGAGC	ATF3_HUMAN.H11MO.0.A	2	0.00425314	3.27066	0.360959	9	CGCGTGAGC	ATCACGTCACC	-
332-CGCGTGAGC	MAX_HUMAN.H11MO.0.A	1	0.00628438	4.83269	0.447461	9	CGCGTGAGC	CCACGTGCTC	-
332-CGCGTGAGC	XBP1_HUMAN.H11MO.0.D	2	0.00629762	4.84287	0.447461	9	CGCGTGAGC	GCCACGTCAGC	-
332-CGCGTGAGC	CR3L2_HUMAN.H11MO.0.D	3	0.00674205	5.18464	0.447461	9	CGCGTGAGC	TGCCACGTCATCA	-
332-CGCGTGAGC	ATF6A_HUMAN.H11MO.0.B	1	0.00702186	5.39981	0.447461	9	CGCGTGAGC	CCACGTCACCAC	-
332-CGCGTGAGC	MXI1_HUMAN.H11MO.1.A	3	0.00702985	5.40596	0.447461	8	CGCGTGAGC	GAGCACGTGGG	-
332-CGCGTGAGC	MTF1_HUMAN.H11MO.0.C	3	0.00759426	5.83999	0.464051	9	CGCGTGAGC	AGTGCCGTGTGCAAAAC	+
336-GCAGTGCCAGC	ZN554_HUMAN.H11MO.1.D	0	0.000295765	0.227443	0.390766	9	GCAGTGCCAGC	GCAGAGCCA	+
336-GCAGTGCCAGC	HIC2_HUMAN.H11MO.0.D	-1	0.00050869	0.391182	0.390766	10	GCAGTGCCAGC	ACATGCCAGGC	+
336-GCAGTGCCAGC	MAFK_HUMAN.H11MO.1.A	1	0.000803128	0.617605	0.411299	11	GCAGTGCCAGC	TGCTGAGTCAGCA	+
338-GCTACGCCC	KLF14_HUMAN.H11MO.0.D	0	0.000103627	0.0796894	0.0779902	9	GCTACGCCC	GCCACGCCCCCCT	-
338-GCTACGCCC	KLF12_HUMAN.H11MO.0.C	0	0.000117288	0.0901945	0.0779902	9	GCTACGCCC	GCCCCGCCCCT	-
338-GCTACGCCC	KLF9_HUMAN.H11MO.0.C	1	0.000153058	0.117701	0.0779902	9	GCTACGCCC	GGCCACGCCCCCTCC	-
338-GCTACGCCC	KLF4_HUMAN.H11MO.0.A	0	0.000336635	0.258872	0.117357	9	GCTACGCCC	GCCACACCCT	-
338-GCTACGCCC	SP1_HUMAN.H11MO.1.A	2	0.000383861	0.295189	0.117357	9	GCTACGCCC	CGGCCCCGCCCCCC	-
338-GCTACGCCC	SP1_HUMAN.H11MO.0.A	10	0.000697354	0.536265	0.161126	9	GCTACGCCC	CCCCCCCCCGGCCCCGCCCCCC	-
338-GCTACGCCC	HEN1_HUMAN.H11MO.0.C	9	0.000737831	0.567392	0.161126	9	GCTACGCCC	TGGGGAGCAGCTGCGTCCCT	+
338-GCTACGCCC	KLF1_HUMAN.H11MO.0.A	4	0.000853425	0.656284	0.163073	9	GCTACGCCC	CCCGGCCCCGCCCC	-
338-GCTACGCCC	ZN331_HUMAN.H11MO.0.C	7	0.00125676	0.966452	0.201423	9	GCTACGCCC	CCACCCAGCTGAGCCCAGCC	-
338-GCTACGCCC	KLF3_HUMAN.H11MO.0.B	4	0.00131766	1.01328	0.201423	9	GCTACGCCC	CCCGGCCCCGCCCCTCCCC	-
338-GCTACGCCC	KLF5_HUMAN.H11MO.0.A	4	0.00314084	2.41531	0.406346	9	GCTACGCCC	CCCAGCCCCACCCT	-
338-GCTACGCCC	SP4_HUMAN.H11MO.0.A	4	0.00366137	2.81559	0.406346	9	GCTACGCCC	CCCGGCCCCGCCCCCTTCCC	-
338-GCTACGCCC	E2F2_HUMAN.H11MO.0.B	0	0.00401402	3.08678	0.406346	9	GCTACGCCC	GTTTCGCGCC	-
338-GCTACGCCC	KLF6_HUMAN.H11MO.0.A	6	0.00404339	3.10936	0.406346	9	GCTACGCCC	CCCCCGGCCCCGCCCTTCC	-
338-GCTACGCCC	SP3_HUMAN.H11MO.0.B	5	0.0041311	3.17681	0.406346	9	GCTACGCCC	CCCCGGCCCCGCCCCCCCCC	-
338-GCTACGCCC	KLF13_HUMAN.H11MO.0.D	-2	0.00425314	3.27066	0.406346	7	GCTACGCCC	CACGCCCCCCT	-
338-GCTACGCCC	SP4_HUMAN.H11MO.1.A	2	0.00456607	3.51131	0.410582	9	GCTACGCCC	CGGCCCCGCCCCCTCC	-
338-GCTACGCCC	SP2_HUMAN.H11MO.1.B	0	0.00531538	4.08753	0.427648	9	GCTACGCCC	GCCCCGCCCCCT	-
339-GGGTGGTAAA	GLI3_HUMAN.H11MO.0.B	2	0.000265867	0.204452	0.407485	9	GGGTGGTAAA	TTGGGTGGTCC	+
339-GGGTGGTAAA	GLI2_HUMAN.H11MO.0.D	2	0.000922531	0.709426	0.475401	9	GGGTGGTAAA	GTGGGTGGTCT	+
339-GGGTGGTAAA	ZIC1_HUMAN.H11MO.0.B	1	0.00098872	0.760326	0.475401	8	GGGTGGTAAA	GGGGTGGTC	+
339-GGGTGGTAAA	GLI1_HUMAN.H11MO.0.D	3	0.00124072	0.954113	0.475401	9	GGGTGGTAAA	CCTGGGTGGTCT	+
339-GGGTGGTAAA	GLIS1_HUMAN.H11MO.0.D	4	0.00155881	1.19872	0.477825	9	GGGTGGTAAA	TCGTGGGGGGTCT	+
339-GGGTGGTAAA	GLIS3_HUMAN.H11MO.0.D	2	0.0019891	1.52961	0.484091	8	GGGTGGTAAA	GTGGGGGGTA	+
339-GGGTGGTAAA	HXC12_HUMAN.H11MO.0.D	0	0.00221095	1.70022	0.484091	10	GGGTGGTAAA	AGGTCATAAAAA	-
342-CAAAAACAAAG	SOX15_HUMAN.H11MO.0.D	-4	9.95015e-05	0.0765167	0.150369	7	CAAAAACAAAG	AACAATG	-
342-CAAAAACAAAG	SRY_HUMAN.H11MO.0.B	-2	0.00030757	0.236521	0.156804	9	CAAAAACAAAG	AAAACAAAA	-
342-CAAAAACAAAG	SOX4_HUMAN.H11MO.0.B	-1	0.000311278	0.239373	0.156804	10	CAAAAACAAAG	GAGAACAAAGGA	-
342-CAAAAACAAAG	FOXO4_HUMAN.H11MO.0.C	0	0.000430987	0.331429	0.16283	9	CAAAAACAAAG	AATAAACAA	-
342-CAAAAACAAAG	FOXP1_HUMAN.H11MO.0.A	-1	0.000561337	0.431668	0.169661	9	CAAAAACAAAG	ATAAACAAA	-
342-CAAAAACAAAG	SOX10_HUMAN.H11MO.1.A	-1	0.000900617	0.692575	0.22469	10	CAAAAACAAAG	GAGAACAAAGGAA	-
342-CAAAAACAAAG	SOX2_HUMAN.H11MO.0.A	-1	0.00113094	0.869695	0.22469	10	CAAAAACAAAG	GAGAACAAAGGGA	-
342-CAAAAACAAAG	FOXL1_HUMAN.H11MO.0.D	7	0.00120592	0.92735	0.22469	11	CAAAAACAAAG	AAAAGTAAACAAACAAACA	-
342-CAAAAACAAAG	FOXQ1_HUMAN.H11MO.0.C	1	0.00133813	1.02902	0.22469	11	CAAAAACAAAG	AAATAAACAATT	-
342-CAAAAACAAAG	OLIG1_HUMAN.H11MO.0.D	0	0.00196778	1.51322	0.273557	11	CAAAAACAAAG	AAAAAACATATGGT	-
342-CAAAAACAAAG	TF7L2_HUMAN.H11MO.0.A	0	0.0020815	1.60067	0.273557	11	CAAAAACAAAG	CCACATCAAAGGG	-
342-CAAAAACAAAG	FOXJ3_HUMAN.H11MO.0.A	4	0.00219762	1.68997	0.273557	9	CAAAAACAAAG	AAAAAATAAACAA	-
342-CAAAAACAAAG	SOX3_HUMAN.H11MO.0.B	-2	0.00235322	1.80962	0.273557	9	CAAAAACAAAG	GGGACAAAGGC	-
342-CAAAAACAAAG	SOX5_HUMAN.H11MO.0.C	-3	0.00267316	2.05566	0.288553	8	CAAAAACAAAG	TAACAATA	-
342-CAAAAACAAAG	FOXJ3_HUMAN.H11MO.1.B	4	0.00303148	2.33121	0.305417	9	CAAAAACAAAG	TAAACAAAAACAA	-
342-CAAAAACAAAG	MYNN_HUMAN.H11MO.0.D	3	0.00408136	3.13856	0.38549	11	CAAAAACAAAG	TTTCAAAATAAAAGTCC	-
342-CAAAAACAAAG	TCF7_HUMAN.H11MO.0.A	2	0.00442371	3.40183	0.393248	11	CAAAAACAAAG	AACCACATCAAAGGAA	+
342-CAAAAACAAAG	SOX18_HUMAN.H11MO.0.D	3	0.00507978	3.90635	0.404499	11	CAAAAACAAAG	GGAAAAGAACAATGGGTTC	-
342-CAAAAACAAAG	SOX2_HUMAN.H11MO.1.A	3	0.00544645	4.18832	0.404499	11	CAAAAACAAAG	TTTGCATAACAAAGGA	-
342-CAAAAACAAAG	FOXG1_HUMAN.H11MO.0.D	7	0.00652141	5.01496	0.404499	10	CAAAAACAAAG	AAAAAAATATAAACAAT	-
342-CAAAAACAAAG	FOXJ2_HUMAN.H11MO.0.C	-2	0.00668985	5.14449	0.404499	9	CAAAAACAAAG	TAAATAAACA	-
342-CAAAAACAAAG	FOXF1_HUMAN.H11MO.0.D	2	0.00672144	5.16878	0.404499	9	CAAAAACAAAG	AAAATAAACAT	-
342-CAAAAACAAAG	ZFP28_HUMAN.H11MO.0.C	5	0.00687225	5.28476	0.404499	11	CAAAAACAAAG	TGACACAAGAAGAAATAGAA	-
342-CAAAAACAAAG	ZN384_HUMAN.H11MO.0.C	1	0.00725931	5.58241	0.404499	11	CAAAAACAAAG	GGAAAAAATCGG	+
342-CAAAAACAAAG	MEF2A_HUMAN.H11MO.0.A	2	0.00726955	5.59028	0.404499	11	CAAAAACAAAG	GCTAAAAATAGAA	-
342-CAAAAACAAAG	PRDM1_HUMAN.H11MO.0.A	0	0.00729147	5.60714	0.404499	11	CAAAAACAAAG	GAAAGTGAAAGTGA	+
342-CAAAAACAAAG	SOX13_HUMAN.H11MO.0.D	-3	0.00746214	5.73838	0.404499	8	CAAAAACAAAG	GAACAATG	-
342-CAAAAACAAAG	TF7L1_HUMAN.H11MO.0.B	-1	0.00764095	5.87589	0.404499	10	CAAAAACAAAG	AACATCAAAGGCA	-
342-CAAAAACAAAG	SOX9_HUMAN.H11MO.1.B	-3	0.0078134	6.0085	0.404499	8	CAAAAACAAAG	AAACAATGG	-
342-CAAAAACAAAG	MEF2C_HUMAN.H11MO.0.A	2	0.0080299	6.17499	0.404499	11	CAAAAACAAAG	GCTAAAAATAGCA	-
342-CAAAAACAAAG	FOXP3_HUMAN.H11MO.0.D	-3	0.00870591	6.69484	0.424406	8	CAAAAACAAAG	AAACAAATT	-
342-CAAAAACAAAG	LEF1_HUMAN.H11MO.0.A	1	0.00934297	7.18474	0.42525	11	CAAAAACAAAG	AGCAAATCAAAGGA	-
342-CAAAAACAAAG	BATF3_HUMAN.H11MO.0.B	4	0.00976089	7.50612	0.42525	11	CAAAAACAAAG	GAGTCATAATGAAACTG	-
342-CAAAAACAAAG	FOXO1_HUMAN.H11MO.0.A	0	0.00976494	7.50924	0.42525	11	CAAAAACAAAG	AGTAAACAGGAA	-
342-CAAAAACAAAG	ZN418_HUMAN.H11MO.1.D	1	0.0102532	7.88474	0.42525	11	CAAAAACAAAG	CTAGAAGCAACA	-
342-CAAAAACAAAG	BHE22_HUMAN.H11MO.0.D	-1	0.0102648	7.89361	0.42525	10	CAAAAACAAAG	AAAAACATATGGT	-
342-CAAAAACAAAG	STAT1_HUMAN.H11MO.1.A	2	0.0104116	8.00651	0.42525	11	CAAAAACAAAG	AAGAAAATGAAACTGAAAG	+
342-CAAAAACAAAG	IRF2_HUMAN.H11MO.0.A	0	0.0108593	8.35083	0.431865	11	CAAAAACAAAG	GAAAGTGAAAGTGAAAGTAA	+
342-CAAAAACAAAG	FOXC2_HUMAN.H11MO.0.D	4	0.0115921	8.91435	0.449188	11	CAAAAACAAAG	TCTGGCAAAACAAAC	-
342-CAAAAACAAAG	SOX9_HUMAN.H11MO.0.B	-3	0.0127383	9.79572	0.481259	8	CAAAAACAAAG	GAACAAAGGCCCCTTT	-
342-CAAAAACAAAG	SOX17_HUMAN.H11MO.0.C	-2	0.0134277	10.3259	0.494934	9	CAAAAACAAAG	AAAACAATGGC	-
344-CTCAGGTTTC	SIX2_HUMAN.H11MO.0.A	2	8.63758e-05	0.066423	0.122454	10	CTCAGGTTTC	GTCTCAGGTTTCA	-
344-CTCAGGTTTC	SIX1_HUMAN.H11MO.0.A	3	0.000159238	0.122454	0.122454	10	CTCAGGTTTC	GGTATCAGGTTTCA	-
354-AAAAAGAAAAGAAAG	PRDM6_HUMAN.H11MO.0.C	0	0.000148555	0.114239	0.144885	13	AAAAAGAAAAGAAAG	AAAAAGAAAAAAA	+
354-AAAAAGAAAAGAAAG	CPEB1_HUMAN.H11MO.0.D	1	0.000326853	0.25135	0.144885	15	AAAAAGAAAAGAAAG	AAAAAAAAAAATAAAAA	-
354-AAAAAGAAAAGAAAG	IRF8_HUMAN.H11MO.0.B	2	0.000447154	0.343861	0.144885	15	AAAAAGAAAAGAAAG	AAAAGAGGAAGTGAAAGTAA	+
354-AAAAAGAAAAGAAAG	FOXL1_HUMAN.H11MO.0.D	-1	0.000451363	0.347098	0.144885	14	AAAAAGAAAAGAAAG	AAAAGTAAACAAACAAACA	-
354-AAAAAGAAAAGAAAG	STAT2_HUMAN.H11MO.0.A	3	0.00055408	0.426087	0.144885	15	AAAAAGAAAAGAAAG	AGGAAAATGAAACTGAAAG	+
354-AAAAAGAAAAGAAAG	IRF4_HUMAN.H11MO.0.A	2	0.000573907	0.441335	0.144885	15	AAAAAGAAAAGAAAG	AAAAGAGGAAGTGAAACT	+
354-AAAAAGAAAAGAAAG	STAT1_HUMAN.H11MO.1.A	3	0.000678675	0.521901	0.146858	15	AAAAAGAAAAGAAAG	AAGAAAATGAAACTGAAAG	+
354-AAAAAGAAAAGAAAG	ZIM3_HUMAN.H11MO.0.C	0	0.000789051	0.60678	0.149399	15	AAAAAGAAAAGAAAG	GCAAGCAACAGAAACCCAA	-
354-AAAAAGAAAAGAAAG	ZFP28_HUMAN.H11MO.0.C	6	0.00116569	0.896417	0.196189	14	AAAAAGAAAAGAAAG	TGACACAAGAAGAAATAGAA	-
354-AAAAAGAAAAGAAAG	IRF1_HUMAN.H11MO.0.A	2	0.00148777	1.1441	0.211283	15	AAAAAGAAAAGAAAG	GAAAATGAAAGTGAAAGTAA	+
354-AAAAAGAAAAGAAAG	ZN713_HUMAN.H11MO.0.D	5	0.00156868	1.20632	0.211283	14	AAAAAGAAAAGAAAG	ATAGAAAAATGACATGAAA	+
354-AAAAAGAAAAGAAAG	GATA3_HUMAN.H11MO.0.A	-2	0.00167384	1.28718	0.211283	11	AAAAAGAAAAGAAAG	AAAGATAAGAA	+
354-AAAAAGAAAAGAAAG	IRF2_HUMAN.H11MO.0.A	2	0.00189248	1.45532	0.220506	15	AAAAAGAAAAGAAAG	GAAAGTGAAAGTGAAAGTAA	+
354-AAAAAGAAAAGAAAG	GATA6_HUMAN.H11MO.0.A	-2	0.00209475	1.61087	0.22664	13	AAAAAGAAAAGAAAG	ACAGATAAGATAA	+
354-AAAAAGAAAAGAAAG	EVI1_HUMAN.H11MO.0.B	2	0.00248584	1.91161	0.251024	14	AAAAAGAAAAGAAAG	AAGATAAGATAAGATA	+
354-AAAAAGAAAAGAAAG	FOXJ3_HUMAN.H11MO.0.A	0	0.00282284	2.17076	0.267238	13	AAAAAGAAAAGAAAG	AAAAAATAAACAA	-
354-AAAAAGAAAAGAAAG	ANDR_HUMAN.H11MO.0.A	3	0.00358354	2.75574	0.306914	15	AAAAAGAAAAGAAAG	AGCAAACAAAAAAGAACA	-
354-AAAAAGAAAAGAAAG	IRF3_HUMAN.H11MO.0.B	2	0.00364718	2.80468	0.306914	15	AAAAAGAAAAGAAAG	GAAAGGGAAAGGGAAAGTGA	+
354-AAAAAGAAAAGAAAG	GATA4_HUMAN.H11MO.0.A	-2	0.00390701	3.00449	0.309625	10	AAAAAGAAAAGAAAG	ACAGATAAGA	+
354-AAAAAGAAAAGAAAG	PRDM1_HUMAN.H11MO.0.A	-4	0.00408822	3.14384	0.309625	11	AAAAAGAAAAGAAAG	GAAAGTGAAAGTGA	+
354-AAAAAGAAAAGAAAG	FOXJ3_HUMAN.H11MO.1.B	1	0.0043717	3.36184	0.315329	12	AAAAAGAAAAGAAAG	TAAACAAAAACAA	-
354-AAAAAGAAAAGAAAG	IRF5_HUMAN.H11MO.0.D	0	0.00458146	3.52314	0.315438	15	AAAAAGAAAAGAAAG	TAAAGGAAAGCCAAAAGTGA	+
354-AAAAAGAAAAGAAAG	FOXD1_HUMAN.H11MO.0.D	0	0.00538321	4.13969	0.354524	15	AAAAAGAAAAGAAAG	CTTAAGTAAACAAAG	-
354-AAAAAGAAAAGAAAG	IRF9_HUMAN.H11MO.0.C	1	0.00590615	4.54183	0.362556	11	AAAAAGAAAAGAAAG	GAAAGCGAAACT	+
354-AAAAAGAAAAGAAAG	FOXF2_HUMAN.H11MO.0.D	-1	0.00598387	4.6016	0.362556	11	AAAAAGAAAAGAAAG	AAAAGTAAACA	-
354-AAAAAGAAAAGAAAG	BC11A_HUMAN.H11MO.0.A	2	0.00669795	5.15072	0.390212	15	AAAAAGAAAAGAAAG	AAAAGAGGAAGTGAAAA	+
354-AAAAAGAAAAGAAAG	IRF7_HUMAN.H11MO.0.C	1	0.0074536	5.73182	0.412166	9	AAAAAGAAAAGAAAG	GAAAGTGAAA	+
354-AAAAAGAAAAGAAAG	GATA1_HUMAN.H11MO.1.A	-2	0.00769847	5.92013	0.412166	11	AAAAAGAAAAGAAAG	ACAGATAAGAA	+
354-AAAAAGAAAAGAAAG	ANDR_HUMAN.H11MO.2.A	-1	0.00789111	6.06826	0.412166	12	AAAAAGAAAAGAAAG	AAAAGAACAGAG	-
354-AAAAAGAAAAGAAAG	FOXM1_HUMAN.H11MO.0.A	0	0.00867993	6.67487	0.430776	12	AAAAAGAAAAGAAAG	GCAAAGCAAACA	-
354-AAAAAGAAAAGAAAG	ZN250_HUMAN.H11MO.0.C	2	0.00890494	6.8479	0.430776	15	AAAAAGAAAAGAAAG	GTAATCAAAACAGCATGGTA	-
354-AAAAAGAAAAGAAAG	FEZF1_HUMAN.H11MO.0.C	0	0.0095414	7.33733	0.430776	12	AAAAAGAAAAGAAAG	AAAAAGAGCAGC	-
354-AAAAAGAAAAGAAAG	SOX15_HUMAN.H11MO.0.D	-8	0.00984988	7.57456	0.430776	7	AAAAAGAAAAGAAAG	AACAATG	-
354-AAAAAGAAAAGAAAG	FUBP1_HUMAN.H11MO.0.D	0	0.0100012	7.69095	0.430776	12	AAAAAGAAAAGAAAG	AAAAAAACACAA	-
354-AAAAAGAAAAGAAAG	FOXC1_HUMAN.H11MO.0.C	0	0.0104098	8.00512	0.430776	15	AAAAAGAAAAGAAAG	CTTAAGTAAACAATG	-
354-AAAAAGAAAAGAAAG	ZN274_HUMAN.H11MO.0.A	1	0.0105789	8.1352	0.430776	15	AAAAAGAAAAGAAAG	CATACTGGAGAGAAACCCTA	+
354-AAAAAGAAAAGAAAG	ZN232_HUMAN.H11MO.0.D	3	0.0110216	8.47561	0.430776	15	AAAAAGAAAAGAAAG	TGTTAAATGTAGATTAAGT	+
354-AAAAAGAAAAGAAAG	PRGR_HUMAN.H11MO.1.A	-4	0.011109	8.54285	0.430776	9	AAAAAGAAAAGAAAG	AGAACAGAA	+
354-AAAAAGAAAAGAAAG	GATA2_HUMAN.H11MO.1.A	-2	0.0114129	8.77651	0.430776	11	AAAAAGAAAAGAAAG	ACAGATAAGAA	+
354-AAAAAGAAAAGAAAG	GCR_HUMAN.H11MO.1.A	-2	0.0120536	9.26919	0.430776	12	AAAAAGAAAAGAAAG	AAAGAACAGAAT	+
354-AAAAAGAAAAGAAAG	NR2E3_HUMAN.H11MO.0.C	0	0.0120591	9.27343	0.430776	14	AAAAAGAAAAGAAAG	AAAGTCAAAAGTCA	+
354-AAAAAGAAAAGAAAG	SOX2_HUMAN.H11MO.0.A	0	0.0121108	9.31318	0.430776	13	AAAAAGAAAAGAAAG	GAGAACAAAGGGA	-
354-AAAAAGAAAAGAAAG	FOXG1_HUMAN.H11MO.0.D	3	0.0122289	9.40402	0.430776	14	AAAAAGAAAAGAAAG	AAAAAAATATAAACAAT	-
354-AAAAAGAAAAGAAAG	SOX10_HUMAN.H11MO.1.A	-5	0.0138393	10.6424	0.46968	10	AAAAAGAAAAGAAAG	GAGAACAAAGGAA	-
354-AAAAAGAAAAGAAAG	ZN394_HUMAN.H11MO.0.C	1	0.0142287	10.9419	0.46968	15	AAAAAGAAAAGAAAG	AGAATGGAATAGAATGGAAT	+
354-AAAAAGAAAAGAAAG	SPIB_HUMAN.H11MO.0.A	3	0.0144575	11.1178	0.46968	14	AAAAAGAAAAGAAAG	AAAAAGAGGAAGTGAAA	+
354-AAAAAGAAAAGAAAG	MYNN_HUMAN.H11MO.0.D	3	0.0150706	11.5893	0.46968	14	AAAAAGAAAAGAAAG	TTTCAAAATAAAAGTCC	-
354-AAAAAGAAAAGAAAG	FOXA1_HUMAN.H11MO.0.A	0	0.0151654	11.6622	0.46968	12	AAAAAGAAAAGAAAG	CCAAAGTAAACA	-
354-AAAAAGAAAAGAAAG	FOXK1_HUMAN.H11MO.0.A	-2	0.0160261	12.3241	0.46968	10	AAAAAGAAAAGAAAG	AAAGTAAACA	-
354-AAAAAGAAAAGAAAG	FOXO4_HUMAN.H11MO.0.C	-4	0.0160989	12.38	0.46968	9	AAAAAGAAAAGAAAG	AATAAACAA	-
354-AAAAAGAAAAGAAAG	SRY_HUMAN.H11MO.0.B	-1	0.0160989	12.38	0.46968	9	AAAAAGAAAAGAAAG	AAAACAAAA	-
354-AAAAAGAAAAGAAAG	ZN502_HUMAN.H11MO.0.C	0	0.016124	12.3994	0.46968	15	AAAAAGAAAAGAAAG	GAATGGAATCGAATGGAATC	+
354-AAAAAGAAAAGAAAG	ZN586_HUMAN.H11MO.0.C	5	0.0168058	12.9237	0.480304	15	AAAAAGAAAAGAAAG	AGGCCTAGGAGGAAAAAATG	+
354-AAAAAGAAAAGAAAG	SOX4_HUMAN.H11MO.0.B	-5	0.0173719	13.359	0.487289	10	AAAAAGAAAAGAAAG	GAGAACAAAGGA	-
358-CCTCAGACTCCCA	ZN770_HUMAN.H11MO.1.C	-1	3.08545e-05	0.0237271	0.0301793	11	CCTCAGACTCCCA	CTCAGCCTCCC	-
358-CCTCAGACTCCCA	ZN770_HUMAN.H11MO.0.C	10	3.92449e-05	0.0301793	0.0301793	12	CCTCAGACTCCCA	GATCCTCCCGCCTCAGCCTCCC	-
364-CAGCTGCCGCC	HEN1_HUMAN.H11MO.0.C	7	4.07681e-06	0.00313507	0.00599754	11	CAGCTGCCGCC	TGGGGAGCAGCTGCGTCCCT	+
364-CAGCTGCCGCC	MYF6_HUMAN.H11MO.0.C	0	2.45754e-05	0.0188985	0.0103555	7	CAGCTGCCGCC	CAGCTGC	+
364-CAGCTGCCGCC	BHA15_HUMAN.H11MO.0.B	1	2.81566e-05	0.0216524	0.0103555	10	CAGCTGCCGCC	CCAGCTGCTGC	-
364-CAGCTGCCGCC	PTF1A_HUMAN.H11MO.1.B	1	4.44136e-05	0.034154	0.0130677	8	CAGCTGCCGCC	CCAGCTGCT	-
364-CAGCTGCCGCC	PTF1A_HUMAN.H11MO.0.B	1	8.82892e-05	0.0678944	0.0185372	11	CAGCTGCCGCC	CCAGCTGCCCCCTTTCCC	+
364-CAGCTGCCGCC	ASCL1_HUMAN.H11MO.0.A	3	9.14389e-05	0.0703165	0.0185372	11	CAGCTGCCGCC	CTGCACCTGCTCCC	+
364-CAGCTGCCGCC	ASCL2_HUMAN.H11MO.0.D	1	0.000100805	0.077519	0.0185372	8	CAGCTGCCGCC	CCAGCTGCT	+
364-CAGCTGCCGCC	MYOD1_HUMAN.H11MO.1.A	2	0.000129074	0.0992578	0.0210983	9	CAGCTGCCGCC	GACAGCTGCAG	-
364-CAGCTGCCGCC	MYOD1_HUMAN.H11MO.0.A	1	0.000210374	0.161778	0.0294229	11	CAGCTGCCGCC	GCAGCTGTTCCTGCC	+
364-CAGCTGCCGCC	ITF2_HUMAN.H11MO.0.C	2	0.000222306	0.170953	0.0294229	8	CAGCTGCCGCC	CCCAGCTGCC	-
364-CAGCTGCCGCC	MYOG_HUMAN.H11MO.0.B	3	0.000240002	0.184561	0.0294229	10	CAGCTGCCGCC	CCGCAGCTGTCCC	+
364-CAGCTGCCGCC	TFE2_HUMAN.H11MO.0.A	2	0.00039275	0.302025	0.0444452	9	CAGCTGCCGCC	CACAGCTGCAG	+
364-CAGCTGCCGCC	TAL1_HUMAN.H11MO.1.A	2	0.0005912	0.454633	0.0579823	11	CAGCTGCCGCC	CACATCTGCTTCCTG	-
364-CAGCTGCCGCC	HTF4_HUMAN.H11MO.0.A	2	0.000926044	0.712128	0.0762286	8	CAGCTGCCGCC	CACAGCTGCA	-
364-CAGCTGCCGCC	ATOH1_HUMAN.H11MO.0.B	1	0.000932692	0.71724	0.0762286	8	CAGCTGCCGCC	CCATCTGCT	-
364-CAGCTGCCGCC	TFAP4_HUMAN.H11MO.0.A	1	0.00124284	0.955747	0.0892584	9	CAGCTGCCGCC	CCAGCTGTTT	+
364-CAGCTGCCGCC	ZN563_HUMAN.H11MO.1.C	2	0.00182344	1.40222	0.116631	10	CAGCTGCCGCC	CTGTGCTGCCTG	-
364-CAGCTGCCGCC	NDF2_HUMAN.H11MO.0.B	1	0.00195125	1.50051	0.119606	8	CAGCTGCCGCC	CCATCTGTT	-
364-CAGCTGCCGCC	MYB_HUMAN.H11MO.0.A	1	0.00252036	1.93815	0.128541	11	CAGCTGCCGCC	CCAACTGCCACC	-
364-CAGCTGCCGCC	NGN2_HUMAN.H11MO.0.D	2	0.00252036	1.93815	0.128541	10	CAGCTGCCGCC	GCCATCTGCTCC	-
364-CAGCTGCCGCC	E2F6_HUMAN.H11MO.0.A	0	0.00252307	1.94024	0.128541	11	CAGCTGCCGCC	CCCTTCCCGCCCC	-
364-CAGCTGCCGCC	TAF1_HUMAN.H11MO.0.A	0	0.00253389	1.94856	0.128541	11	CAGCTGCCGCC	CCGCCGCCGCCATCTT	-
364-CAGCTGCCGCC	MYBA_HUMAN.H11MO.0.D	4	0.00270319	2.07876	0.132559	11	CAGCTGCCGCC	TCTCCAACTGCCACT	-
364-CAGCTGCCGCC	ZN331_HUMAN.H11MO.0.C	5	0.00302009	2.32245	0.134635	11	CAGCTGCCGCC	CCACCCAGCTGAGCCCAGCC	-
364-CAGCTGCCGCC	EGR4_HUMAN.H11MO.0.D	0	0.00317475	2.44138	0.137367	11	CAGCTGCCGCC	GCCCTGCCGCC	-
364-CAGCTGCCGCC	E2F7_HUMAN.H11MO.0.B	0	0.00346537	2.66487	0.145658	11	CAGCTGCCGCC	CCTTTCCCGCCCC	-
364-CAGCTGCCGCC	OLIG2_HUMAN.H11MO.0.B	1	0.00361349	2.77877	0.147664	11	CAGCTGCCGCC	CCAGCTGTTTCCCTTCTG	+
364-CAGCTGCCGCC	OSR2_HUMAN.H11MO.0.C	4	0.00454493	3.49505	0.171626	11	CAGCTGCCGCC	GCTGCTGCTTCTGCTG	+
364-CAGCTGCCGCC	ZN563_HUMAN.H11MO.0.C	1	0.00454985	3.49883	0.171626	11	CAGCTGCCGCC	GCAGCTGCCAGTGAGGATCCC	-
364-CAGCTGCCGCC	LYL1_HUMAN.H11MO.0.A	1	0.0052474	4.03525	0.191158	11	CAGCTGCCGCC	CCAGCTGTTTCCTG	+
364-CAGCTGCCGCC	ZBT18_HUMAN.H11MO.0.C	2	0.00535269	4.11622	0.191158	9	CAGCTGCCGCC	TCCAGATGTGG	+
364-CAGCTGCCGCC	SP2_HUMAN.H11MO.0.A	3	0.00547525	4.21047	0.191158	11	CAGCTGCCGCC	CCCCCGGCCCCGCCCCCCCCCC	-
364-CAGCTGCCGCC	NDF1_HUMAN.H11MO.0.A	2	0.00558739	4.2967	0.191158	8	CAGCTGCCGCC	ACCATCTGTC	-
364-CAGCTGCCGCC	ZBTB4_HUMAN.H11MO.0.D	2	0.00573498	4.4102	0.191748	11	CAGCTGCCGCC	CCCACCTGCCATCTAGG	-
364-CAGCTGCCGCC	HES7_HUMAN.H11MO.0.D	3	0.00640688	4.92689	0.200762	9	CAGCTGCCGCC	TGGCACGTGCCG	+
364-CAGCTGCCGCC	TGIF2_HUMAN.H11MO.0.D	1	0.00656428	5.04793	0.200762	10	CAGCTGCCGCC	ACAGCTGTCAT	-
364-CAGCTGCCGCC	HEY2_HUMAN.H11MO.0.D	6	0.0066869	5.14223	0.200762	11	CAGCTGCCGCC	TAATGCCACGTGCCCCC	-
364-CAGCTGCCGCC	E2F4_HUMAN.H11MO.0.A	-1	0.0074498	5.7289	0.214895	10	CAGCTGCCGCC	ATTTCCCGCCCCC	-
364-CAGCTGCCGCC	SNAI2_HUMAN.H11MO.0.A	2	0.00805489	6.19421	0.223581	8	CAGCTGCCGCC	TGCACCTGCC	-
364-CAGCTGCCGCC	TFDP1_HUMAN.H11MO.0.C	-1	0.00866767	6.66544	0.236135	10	CAGCTGCCGCC	TTTTCCCGCCCCCC	-
364-CAGCTGCCGCC	ID4_HUMAN.H11MO.0.D	2	0.00931757	7.16521	0.2468	9	CAGCTGCCGCC	GACAGGTGTAA	+
364-CAGCTGCCGCC	E2F1_HUMAN.H11MO.0.A	-1	0.00956242	7.3535	0.2468	10	CAGCTGCCGCC	CTTTCCCGCCCCCC	-
364-CAGCTGCCGCC	TF2LX_HUMAN.H11MO.0.D	7	0.0107572	8.27227	0.266874	8	CAGCTGCCGCC	ACTATGACAGCTGTC	+
364-CAGCTGCCGCC	SNAI1_HUMAN.H11MO.0.C	1	0.0110485	8.49633	0.266874	7	CAGCTGCCGCC	CCACCTGG	-
364-CAGCTGCCGCC	E2F4_HUMAN.H11MO.1.A	3	0.0110658	8.50962	0.266874	11	CAGCTGCCGCC	TCAAATTTCCCGCC	-
364-CAGCTGCCGCC	CTCFL_HUMAN.H11MO.0.A	5	0.012154	9.34644	0.28839	11	CAGCTGCCGCC	GCCGCCAGGGGGCGCCG	+
364-CAGCTGCCGCC	CTCF_HUMAN.H11MO.0.A	7	0.0143029	10.9989	0.311842	11	CAGCTGCCGCC	TGGCCACCAGGGGGCGCCA	+
364-CAGCTGCCGCC	ZN770_HUMAN.H11MO.0.C	10	0.0144142	11.0845	0.311842	11	CAGCTGCCGCC	GATCCTCCCGCCTCAGCCTCCC	-
364-CAGCTGCCGCC	TYY2_HUMAN.H11MO.0.D	-5	0.0151355	11.6392	0.320493	6	CAGCTGCCGCC	GCCGCCATTTT	-
364-CAGCTGCCGCC	HES5_HUMAN.H11MO.0.D	3	0.0153952	11.8389	0.320493	9	CAGCTGCCGCC	CGGCACGTGCCA	-
364-CAGCTGCCGCC	ZN134_HUMAN.H11MO.1.C	7	0.0154677	11.8946	0.320493	10	CAGCTGCCGCC	ACCTAATCAGGTGAAGG	+
364-CAGCTGCCGCC	TYY1_HUMAN.H11MO.0.A	-5	0.0161365	12.409	0.329531	6	CAGCTGCCGCC	GCCGCCATCTTG	-
364-CAGCTGCCGCC	ZIC3_HUMAN.H11MO.0.B	3	0.0165521	12.7286	0.329531	11	CAGCTGCCGCC	TCACAGCAGGGGGCC	-
364-CAGCTGCCGCC	OLIG2_HUMAN.H11MO.1.B	1	0.0170715	13.128	0.329531	9	CAGCTGCCGCC	CCATCTGTTT	+
364-CAGCTGCCGCC	TWST1_HUMAN.H11MO.1.A	2	0.0170715	13.128	0.329531	8	CAGCTGCCGCC	ACCAGATGTG	-
364-CAGCTGCCGCC	SP4_HUMAN.H11MO.0.A	1	0.0172478	13.2636	0.329531	11	CAGCTGCCGCC	CCCGGCCCCGCCCCCTTCCC	-
364-CAGCTGCCGCC	NRL_HUMAN.H11MO.0.D	-1	0.0182849	14.0611	0.344866	10	CAGCTGCCGCC	TGCTGACGCAG	+
364-CAGCTGCCGCC	MESP1_HUMAN.H11MO.0.D	1	0.0191612	14.735	0.3516	10	CAGCTGCCGCC	GCAGGTGTGGA	+
364-CAGCTGCCGCC	FIGLA_HUMAN.H11MO.0.D	2	0.0191612	14.735	0.3516	9	CAGCTGCCGCC	AACACCTGTTA	-
364-CAGCTGCCGCC	ZN770_HUMAN.H11MO.1.C	-1	0.0200759	15.4384	0.3516	10	CAGCTGCCGCC	CTCAGCCTCCC	-
364-CAGCTGCCGCC	ELF2_HUMAN.H11MO.0.C	0	0.0203528	15.6513	0.352255	11	CAGCTGCCGCC	CCACTTCCGGGTT	-
364-CAGCTGCCGCC	HESX1_HUMAN.H11MO.0.D	4	0.0208898	16.0643	0.356601	11	CAGCTGCCGCC	AGGCCACGTGCCGGAT	-
364-CAGCTGCCGCC	ZN350_HUMAN.H11MO.1.D	10	0.0210887	16.2172	0.356601	11	CAGCTGCCGCC	GGGCAACAAATCCCTGCGCCCCGT	-
364-CAGCTGCCGCC	MAFA_HUMAN.H11MO.0.D	0	0.021613	16.6204	0.360759	11	CAGCTGCCGCC	GTGCTGACCCCGCAGCCTTCG	+
364-CAGCTGCCGCC	ZN784_HUMAN.H11MO.0.D	1	0.0220268	16.9386	0.360759	10	CAGCTGCCGCC	GTACCTACCTC	-
364-CAGCTGCCGCC	SCRT1_HUMAN.H11MO.0.D	3	0.0223053	17.1527	0.360759	10	CAGCTGCCGCC	AACCACCTGTTGC	-
364-CAGCTGCCGCC	ZSC31_HUMAN.H11MO.0.C	10	0.0239771	18.4384	0.382296	8	CAGCTGCCGCC	CATAACTGCCCTGCTGCC	-
364-CAGCTGCCGCC	SCRT2_HUMAN.H11MO.0.D	1	0.0244273	18.7846	0.382296	11	CAGCTGCCGCC	CCACCTGTTGCAT	-
364-CAGCTGCCGCC	MEIS2_HUMAN.H11MO.0.B	4	0.0244273	18.7846	0.382296	9	CAGCTGCCGCC	TTGACAGCTGTCA	+
364-CAGCTGCCGCC	TBX1_HUMAN.H11MO.0.D	7	0.0251613	19.349	0.38379	11	CAGCTGCCGCC	CCGCCCACCCCTGCCCACCC	-
364-CAGCTGCCGCC	ZIC2_HUMAN.H11MO.0.D	3	0.0262571	20.1917	0.38379	11	CAGCTGCCGCC	TCACAGCAGGGGGCC	-
364-CAGCTGCCGCC	ZN317_HUMAN.H11MO.0.C	6	0.0263543	20.2665	0.38379	11	CAGCTGCCGCC	GAATGACAGCTGACTTCTCA	+
364-CAGCTGCCGCC	INSM1_HUMAN.H11MO.0.C	-4	0.0267517	20.572	0.38379	7	CAGCTGCCGCC	TGCCCCCTGACA	-
364-CAGCTGCCGCC	SP1_HUMAN.H11MO.0.A	7	0.0268414	20.641	0.38379	11	CAGCTGCCGCC	CCCCCCCCCGGCCCCGCCCCCC	-
364-CAGCTGCCGCC	GABPA_HUMAN.H11MO.0.A	0	0.0268706	20.6635	0.38379	11	CAGCTGCCGCC	CCACTTCCGGTTCC	-
364-CAGCTGCCGCC	HIC1_HUMAN.H11MO.0.C	0	0.0278545	21.4201	0.38469	9	CAGCTGCCGCC	GGGTTGCCC	+
364-CAGCTGCCGCC	SMAD2_HUMAN.H11MO.0.A	0	0.0279797	21.5164	0.38469	11	CAGCTGCCGCC	TGTCTGTCACCT	+
364-CAGCTGCCGCC	ELK4_HUMAN.H11MO.0.A	0	0.0279797	21.5164	0.38469	11	CAGCTGCCGCC	CCACTTCCGGTC	-
364-CAGCTGCCGCC	SMAD3_HUMAN.H11MO.0.B	-1	0.0279797	21.5164	0.38469	10	CAGCTGCCGCC	CTCTGTCACCTG	+
364-CAGCTGCCGCC	E2F3_HUMAN.H11MO.0.A	-2	0.0289731	22.2803	0.389488	9	CAGCTGCCGCC	TTTCCCGCCCT	-
364-CAGCTGCCGCC	SP1_HUMAN.H11MO.1.A	-1	0.0293876	22.5991	0.389488	10	CAGCTGCCGCC	CGGCCCCGCCCCCC	-
364-CAGCTGCCGCC	MEIS3_HUMAN.H11MO.0.D	0	0.0303095	23.308	0.394596	11	CAGCTGCCGCC	CACCTGTCAAA	-
364-CAGCTGCCGCC	ETV1_HUMAN.H11MO.0.A	-1	0.0303095	23.308	0.394596	10	CAGCTGCCGCC	CACTTCCGGCC	-
364-CAGCTGCCGCC	ATF1_HUMAN.H11MO.0.B	-1	0.0331524	25.4942	0.420445	10	CAGCTGCCGCC	CGGTGACGTCA	+
364-CAGCTGCCGCC	SP3_HUMAN.H11MO.0.B	2	0.0346554	26.65	0.428807	11	CAGCTGCCGCC	CCCCGGCCCCGCCCCCCCCC	-
364-CAGCTGCCGCC	ZEB1_HUMAN.H11MO.0.A	2	0.0346862	26.6737	0.428807	8	CAGCTGCCGCC	CTCACCTGTC	-
364-CAGCTGCCGCC	ZN320_HUMAN.H11MO.0.C	0	0.0362483	27.8749	0.444384	11	CAGCTGCCGCC	CACTGGCCCCCTGGTCCCAC	-
364-CAGCTGCCGCC	ZN134_HUMAN.H11MO.0.C	12	0.0369969	28.4506	0.449813	10	CAGCTGCCGCC	GCCTCACCTAATCAGTTGAAGG	+
364-CAGCTGCCGCC	CREB1_HUMAN.H11MO.0.A	-1	0.0378719	29.1235	0.455929	10	CAGCTGCCGCC	CGATGACGTCA	+
364-CAGCTGCCGCC	HEY1_HUMAN.H11MO.0.D	3	0.0381197	29.3141	0.455929	9	CAGCTGCCGCC	TGGCACGTGTCG	+
364-CAGCTGCCGCC	ZN708_HUMAN.H11MO.1.D	-1	0.0389722	29.9696	0.462366	9	CAGCTGCCGCC	AGGTACAGC	+
364-CAGCTGCCGCC	ZN549_HUMAN.H11MO.0.C	0	0.0396329	30.4777	0.466442	11	CAGCTGCCGCC	GTGCTGCCCAATTCATGAAT	-
365-CCACCTGTAA	SNAI1_HUMAN.H11MO.0.C	0	1.79751e-05	0.0138229	0.026926	8	CCACCTGTAA	CCACCTGG	-
365-CCACCTGTAA	FIGLA_HUMAN.H11MO.0.D	1	9.72382e-05	0.0747761	0.0728294	10	CCACCTGTAA	AACACCTGTTA	-
365-CCACCTGTAA	SNAI2_HUMAN.H11MO.0.A	1	0.00039162	0.301156	0.13977	9	CCACCTGTAA	TGCACCTGCC	-
365-CCACCTGTAA	SCRT1_HUMAN.H11MO.0.D	2	0.000397582	0.305741	0.13977	10	CCACCTGTAA	AACCACCTGTTGC	-
365-CCACCTGTAA	TGIF2_HUMAN.H11MO.0.D	0	0.000540303	0.415493	0.13977	10	CCACCTGTAA	ACAGCTGTCAT	-
365-CCACCTGTAA	SCRT2_HUMAN.H11MO.0.D	0	0.00077746	0.597866	0.13977	10	CCACCTGTAA	CCACCTGTTGCAT	-
365-CCACCTGTAA	MYF6_HUMAN.H11MO.0.C	-1	0.000854135	0.65683	0.13977	7	CCACCTGTAA	CAGCTGC	+
365-CCACCTGTAA	MEIS2_HUMAN.H11MO.0.B	2	0.000875703	0.673415	0.13977	10	CCACCTGTAA	TGACAGCTGTCAA	-
365-CCACCTGTAA	NDF2_HUMAN.H11MO.0.B	0	0.000940862	0.723523	0.13977	9	CCACCTGTAA	CCATCTGTT	-
365-CCACCTGTAA	MEIS3_HUMAN.H11MO.0.D	-1	0.000978433	0.752415	0.13977	9	CCACCTGTAA	CACCTGTCAAA	-
365-CCACCTGTAA	MESP1_HUMAN.H11MO.0.D	3	0.00103708	0.797514	0.13977	8	CCACCTGTAA	TCCACACCTGC	-
365-CCACCTGTAA	NDF1_HUMAN.H11MO.0.A	1	0.00115258	0.886333	0.13977	9	CCACCTGTAA	ACCATCTGTC	-
365-CCACCTGTAA	ATOH1_HUMAN.H11MO.0.B	0	0.00127791	0.982715	0.13977	9	CCACCTGTAA	CCATCTGCT	-
365-CCACCTGTAA	CR3L1_HUMAN.H11MO.0.D	2	0.0013063	1.00454	0.13977	9	CCACCTGTAA	TGCCACGTGGC	-
365-CCACCTGTAA	ID4_HUMAN.H11MO.0.D	2	0.00164011	1.26125	0.154954	9	CCACCTGTAA	TTACACCTGTC	-
365-CCACCTGTAA	TFE2_HUMAN.H11MO.0.A	1	0.00173528	1.33443	0.154954	10	CCACCTGTAA	CACAGCTGCAG	+
365-CCACCTGTAA	ZN232_HUMAN.H11MO.0.D	7	0.00175853	1.35231	0.154954	10	CCACCTGTAA	ACTTAATCTACATTTAACA	-
365-CCACCTGTAA	ZEB1_HUMAN.H11MO.0.A	1	0.00269794	2.07472	0.212705	9	CCACCTGTAA	CTCACCTGTC	-
365-CCACCTGTAA	NGN2_HUMAN.H11MO.0.D	1	0.00288798	2.22086	0.216304	10	CCACCTGTAA	GCCATCTGCTCC	-
365-CCACCTGTAA	HEY1_HUMAN.H11MO.0.D	2	0.00322005	2.47622	0.228787	10	CCACCTGTAA	CGACACGTGCCA	-
365-CCACCTGTAA	MAX_HUMAN.H11MO.0.A	0	0.00336012	2.58393	0.228787	10	CCACCTGTAA	CCACGTGCTC	-
365-CCACCTGTAA	ZBTB4_HUMAN.H11MO.0.D	1	0.00356601	2.74226	0.232249	10	CCACCTGTAA	CCCACCTGCCATCTAGG	-
365-CCACCTGTAA	ITF2_HUMAN.H11MO.0.C	1	0.00374549	2.88028	0.233775	9	CCACCTGTAA	CCCAGCTGCC	-
365-CCACCTGTAA	HTF4_HUMAN.H11MO.0.A	1	0.00417181	3.20812	0.249968	9	CCACCTGTAA	CACAGCTGCA	-
365-CCACCTGTAA	TFAP4_HUMAN.H11MO.0.A	0	0.00464303	3.57049	0.261436	10	CCACCTGTAA	CCAGCTGTTT	+
365-CCACCTGTAA	ASCL2_HUMAN.H11MO.0.D	0	0.00484886	3.72877	0.261436	9	CCACCTGTAA	CCAGCTGCT	+
365-CCACCTGTAA	MXI1_HUMAN.H11MO.1.A	1	0.00488679	3.75794	0.261436	10	CCACCTGTAA	CCCACGTGCTC	+
365-CCACCTGTAA	TWST1_HUMAN.H11MO.1.A	1	0.00516346	3.9707	0.266712	9	CCACCTGTAA	CACATCTGGT	+
365-CCACCTGTAA	MYC_HUMAN.H11MO.0.A	1	0.00571854	4.39756	0.279243	10	CCACCTGTAA	GCCACGTGCTC	+
365-CCACCTGTAA	MYCN_HUMAN.H11MO.0.A	2	0.00577888	4.44396	0.279243	10	CCACCTGTAA	GGCCACGTGGGC	+
365-CCACCTGTAA	PTF1A_HUMAN.H11MO.1.B	0	0.00604183	4.64617	0.282826	9	CCACCTGTAA	CCAGCTGCT	-
365-CCACCTGTAA	MYOD1_HUMAN.H11MO.1.A	2	0.00668034	5.13718	0.297423	9	CCACCTGTAA	CTGCAGCTGTC	+
365-CCACCTGTAA	INSM1_HUMAN.H11MO.0.C	2	0.00675077	5.19134	0.297423	10	CCACCTGTAA	TGCCCCCTGACA	-
365-CCACCTGTAA	ZBT18_HUMAN.H11MO.0.C	1	0.00703294	5.40833	0.301002	10	CCACCTGTAA	TCCAGATGTGG	+
365-CCACCTGTAA	TBX5_HUMAN.H11MO.0.D	2	0.0074401	5.72143	0.309582	6	CCACCTGTAA	TCACACCT	-
365-CCACCTGTAA	TF2LX_HUMAN.H11MO.0.D	1	0.00807936	6.21303	0.318373	10	CCACCTGTAA	GACAGCTGTCATAGT	-
365-CCACCTGTAA	BMAL1_HUMAN.H11MO.0.A	2	0.00819701	6.3035	0.318373	9	CCACCTGTAA	AGTCACGTGGC	-
365-CCACCTGTAA	BHA15_HUMAN.H11MO.0.B	0	0.0095379	7.33465	0.319616	10	CCACCTGTAA	CCAGCTGCTGC	-
365-CCACCTGTAA	MYOD1_HUMAN.H11MO.0.A	0	0.00991474	7.62444	0.319616	10	CCACCTGTAA	GCAGCTGTTCCTGCC	+
365-CCACCTGTAA	ASCL1_HUMAN.H11MO.0.A	2	0.00994333	7.64642	0.319616	10	CCACCTGTAA	CTGCACCTGCTCCC	+
365-CCACCTGTAA	MLX_HUMAN.H11MO.0.D	0	0.0100283	7.71174	0.319616	10	CCACCTGTAA	GCACGTGATCA	-
365-CCACCTGTAA	MXI1_HUMAN.H11MO.0.A	7	0.0115358	8.87099	0.359288	8	CCACCTGTAA	CCCGCCGCCACGTGC	-
365-CCACCTGTAA	MYOG_HUMAN.H11MO.0.B	2	0.0118662	9.1251	0.359288	10	CCACCTGTAA	CCGCAGCTGTCCC	+
365-CCACCTGTAA	TGIF1_HUMAN.H11MO.0.A	-3	0.0127209	9.78238	0.36645	7	CCACCTGTAA	GCTGTCA	-
365-CCACCTGTAA	TFEB_HUMAN.H11MO.0.C	2	0.0133792	10.2886	0.371199	7	CCACCTGTAA	GGTCACGTG	+
365-CCACCTGTAA	NKX23_HUMAN.H11MO.0.D	2	0.013495	10.3776	0.371199	9	CCACCTGTAA	AACCACTTAAC	-
365-CCACCTGTAA	OLIG2_HUMAN.H11MO.1.B	0	0.0143395	11.0271	0.376842	10	CCACCTGTAA	CCATCTGTTT	+
365-CCACCTGTAA	BHE40_HUMAN.H11MO.0.A	1	0.0143395	11.0271	0.376842	9	CCACCTGTAA	GTCACGTGCC	-
365-CCACCTGTAA	TAL1_HUMAN.H11MO.1.A	1	0.0155317	11.9439	0.387765	10	CCACCTGTAA	CACATCTGCTTCCTG	-
365-CCACCTGTAA	TBX3_HUMAN.H11MO.0.C	3	0.0171952	13.2231	0.412783	8	CCACCTGTAA	TTCCCACCTCC	-
365-CCACCTGTAA	MITF_HUMAN.H11MO.0.A	2	0.0182989	14.0718	0.412783	8	CCACCTGTAA	GGTCACGTGA	-
365-CCACCTGTAA	IRX3_HUMAN.H11MO.0.D	0	0.0189207	14.55	0.412783	10	CCACCTGTAA	TTTCATGTAAT	+
365-CCACCTGTAA	DLX5_HUMAN.H11MO.0.D	-2	0.0189207	14.55	0.412783	8	CCACCTGTAA	ACCTATAATTA	-
365-CCACCTGTAA	HES5_HUMAN.H11MO.0.D	2	0.0190979	14.6863	0.412783	10	CCACCTGTAA	TGGCACGTGCCG	+
365-CCACCTGTAA	ZN436_HUMAN.H11MO.0.C	3	0.0191331	14.7133	0.412783	10	CCACCTGTAA	CCTCCTCCAGGAAGCCTTCCCTGA	-
365-CCACCTGTAA	TWST1_HUMAN.H11MO.0.A	0	0.0228251	17.5525	0.45926	10	CCACCTGTAA	ACATCTGGTTTTAATTA	+
365-CCACCTGTAA	HES7_HUMAN.H11MO.0.D	2	0.0253133	19.466	0.473979	10	CCACCTGTAA	CGGCACGTGCCA	-
365-CCACCTGTAA	PTF1A_HUMAN.H11MO.0.B	0	0.0264717	20.3567	0.486165	10	CCACCTGTAA	CCAGCTGCCCCCTTTCCC	+
365-CCACCTGTAA	TBR1_HUMAN.H11MO.0.D	5	0.0267931	20.6039	0.486165	8	CCACCTGTAA	TTTTCACACCTTT	-
365-CCACCTGTAA	MEIS1_HUMAN.H11MO.1.B	-3	0.0269378	20.7151	0.486165	7	CCACCTGTAA	GCTGTCAGC	-
367-AGAAGGAATTA	ELF3_HUMAN.H11MO.0.A	2	0.000272552	0.209592	0.267871	11	AGAAGGAATTA	GAACCAGGAAGTGG	+
367-AGAAGGAATTA	HMX1_HUMAN.H11MO.0.D	4	0.000420072	0.323035	0.267871	11	AGAAGGAATTA	ATTAAAAAACAATTAAC	-
367-AGAAGGAATTA	ZN586_HUMAN.H11MO.0.C	6	0.00119159	0.91633	0.267871	11	AGAAGGAATTA	AGGCCTAGGAGGAAAAAATG	+
367-AGAAGGAATTA	PRRX2_HUMAN.H11MO.0.C	-5	0.00149733	1.15144	0.267871	6	AGAAGGAATTA	CAATTAA	-
367-AGAAGGAATTA	EHF_HUMAN.H11MO.0.B	2	0.00160104	1.2312	0.267871	11	AGAAGGAATTA	GAACCAGGAAGTGGC	+
367-AGAAGGAATTA	NOBOX_HUMAN.H11MO.0.C	-3	0.00173321	1.33284	0.267871	8	AGAAGGAATTA	ACCAATTAG	-
367-AGAAGGAATTA	DLX3_HUMAN.H11MO.0.C	-3	0.00174245	1.33994	0.267871	8	AGAAGGAATTA	TGTAATTATC	-
367-AGAAGGAATTA	HXB3_HUMAN.H11MO.0.D	2	0.00185918	1.42971	0.267871	11	AGAAGGAATTA	TAAAAACTAATTAA	-
367-AGAAGGAATTA	GSC_HUMAN.H11MO.0.D	-2	0.00196761	1.51309	0.267871	9	AGAAGGAATTA	AAGGGATTAGC	+
367-AGAAGGAATTA	LHX3_HUMAN.H11MO.0.C	0	0.00218678	1.68163	0.267871	11	AGAAGGAATTA	AAAATTAATTAAT	+
367-AGAAGGAATTA	ELF5_HUMAN.H11MO.0.A	3	0.00222838	1.71363	0.267871	11	AGAAGGAATTA	GGAAGGAGGAAGTGG	+
367-AGAAGGAATTA	MSX2_HUMAN.H11MO.0.D	-4	0.00227352	1.74834	0.267871	7	AGAAGGAATTA	ACAATTA	-
367-AGAAGGAATTA	RX_HUMAN.H11MO.0.D	-1	0.00258618	1.98877	0.267871	10	AGAAGGAATTA	TTGCTAATTAA	-
367-AGAAGGAATTA	ZN680_HUMAN.H11MO.0.C	7	0.00294129	2.26185	0.267871	11	AGAAGGAATTA	CATGTCCAAGAAGAATGAGG	+
367-AGAAGGAATTA	ETV4_HUMAN.H11MO.0.B	0	0.00320784	2.46683	0.267871	11	AGAAGGAATTA	AACAGGAAGGG	+
367-AGAAGGAATTA	ETV6_HUMAN.H11MO.0.D	-1	0.00355376	2.73284	0.267871	9	AGAAGGAATTA	ACAGGAAGT	+
367-AGAAGGAATTA	HME1_HUMAN.H11MO.0.D	4	0.00367656	2.82727	0.267871	11	AGAAGGAATTA	ATAATTGGGTAATTAGC	-
367-AGAAGGAATTA	SHOX_HUMAN.H11MO.0.D	5	0.00387736	2.98169	0.267871	11	AGAAGGAATTA	AAAAATTAACTAATTAG	-
367-AGAAGGAATTA	DLX2_HUMAN.H11MO.0.D	-4	0.0039536	3.04032	0.267871	7	AGAAGGAATTA	ATAATTAT	-
367-AGAAGGAATTA	SHOX2_HUMAN.H11MO.0.D	5	0.00430999	3.31438	0.267871	11	AGAAGGAATTA	TAAAATTAACTAATTAG	-
367-AGAAGGAATTA	VENTX_HUMAN.H11MO.0.D	5	0.004585	3.52586	0.267871	11	AGAAGGAATTA	AATTAGAAACCAATTAGCG	-
367-AGAAGGAATTA	PITX3_HUMAN.H11MO.0.D	6	0.00459198	3.53123	0.267871	11	AGAAGGAATTA	GGGGGATTAAGGGATTAA	+
367-AGAAGGAATTA	ETV5_HUMAN.H11MO.0.C	1	0.00460312	3.5398	0.267871	11	AGAAGGAATTA	GAGCAGGAAGTGAG	+
367-AGAAGGAATTA	MIXL1_HUMAN.H11MO.0.D	-2	0.00489262	3.76243	0.267871	9	AGAAGGAATTA	ATCTAATTAAC	-
367-AGAAGGAATTA	DLX4_HUMAN.H11MO.0.D	5	0.00491294	3.77805	0.267871	11	AGAAGGAATTA	AAATTTAGGGTAATTA	-
367-AGAAGGAATTA	ESX1_HUMAN.H11MO.0.D	4	0.00559608	4.30339	0.267871	11	AGAAGGAATTA	AATTATTGCTAATTAGC	-
367-AGAAGGAATTA	LHX8_HUMAN.H11MO.0.D	4	0.00566128	4.35352	0.267871	11	AGAAGGAATTA	AATTAATTGTAATTAGCG	-
367-AGAAGGAATTA	HXA2_HUMAN.H11MO.0.D	-3	0.00571476	4.39465	0.267871	8	AGAAGGAATTA	GGTAATTAGCG	+
367-AGAAGGAATTA	ISX_HUMAN.H11MO.0.D	4	0.00573721	4.41192	0.267871	11	AGAAGGAATTA	AATTTAAGCTAATTAA	-
367-AGAAGGAATTA	GBX2_HUMAN.H11MO.0.D	5	0.00589276	4.53153	0.267871	11	AGAAGGAATTA	AATTAAAGGCTAATTAG	-
367-AGAAGGAATTA	OTX2_HUMAN.H11MO.0.A	-2	0.00601628	4.62652	0.267871	9	AGAAGGAATTA	AGGGGATTAAC	+
367-AGAAGGAATTA	ETV7_HUMAN.H11MO.0.D	-2	0.00607401	4.67092	0.267871	7	AGAAGGAATTA	CAGGAAG	+
367-AGAAGGAATTA	GBX1_HUMAN.H11MO.0.D	5	0.006204	4.77087	0.267871	11	AGAAGGAATTA	AAATTTTAGCTAATTAG	-
367-AGAAGGAATTA	FLI1_HUMAN.H11MO.1.A	1	0.00623315	4.79329	0.267871	11	AGAAGGAATTA	AGGCAGGAAGTGG	+
367-AGAAGGAATTA	GSX2_HUMAN.H11MO.0.D	4	0.00635626	4.88797	0.267871	11	AGAAGGAATTA	ATTAAAAACTAATTAA	-
367-AGAAGGAATTA	VSX1_HUMAN.H11MO.0.D	3	0.00728113	5.59919	0.275109	11	AGAAGGAATTA	AAATTAGCTAATTA	-
367-AGAAGGAATTA	LHX9_HUMAN.H11MO.0.D	6	0.00732304	5.63142	0.275109	11	AGAAGGAATTA	TAATTAATAGCTAATTAG	-
367-AGAAGGAATTA	HXD4_HUMAN.H11MO.0.D	-4	0.00760395	5.84744	0.275109	7	AGAAGGAATTA	TCAATTAA	-
367-AGAAGGAATTA	ETV2_HUMAN.H11MO.0.B	3	0.00778452	5.9863	0.275109	11	AGAAGGAATTA	GGAAACAGGAAGTGGG	+
367-AGAAGGAATTA	BARH1_HUMAN.H11MO.0.D	2	0.00800863	6.15864	0.275109	11	AGAAGGAATTA	TTAAGAGCATTTA	-
367-AGAAGGAATTA	FLI1_HUMAN.H11MO.0.A	3	0.00810631	6.23376	0.275109	11	AGAAGGAATTA	GGAGGAAGGAAGGAGGGA	+
367-AGAAGGAATTA	LBX2_HUMAN.H11MO.0.D	-2	0.00815985	6.27493	0.275109	9	AGAAGGAATTA	ACCTAATTAAC	-
367-AGAAGGAATTA	EMX2_HUMAN.H11MO.0.D	1	0.00838864	6.45087	0.275109	11	AGAAGGAATTA	ATTAGCTAATTA	-
367-AGAAGGAATTA	ERG_HUMAN.H11MO.0.A	1	0.00841581	6.47176	0.275109	11	AGAAGGAATTA	GGGCAGGAAGTGG	+
367-AGAAGGAATTA	NOTO_HUMAN.H11MO.0.D	-2	0.00857968	6.59778	0.275109	9	AGAAGGAATTA	ACCTAATTAAC	-
367-AGAAGGAATTA	DPRX_HUMAN.H11MO.0.D	-3	0.00857968	6.59778	0.275109	8	AGAAGGAATTA	ACGGATTATCC	+
367-AGAAGGAATTA	HMX3_HUMAN.H11MO.0.D	-3	0.00901951	6.936	0.283059	8	AGAAGGAATTA	AGCAATTAACG	-
367-AGAAGGAATTA	ZNF41_HUMAN.H11MO.1.C	1	0.00972686	7.47996	0.298898	11	AGAAGGAATTA	CACAAGGGAGAA	+
367-AGAAGGAATTA	TEAD1_HUMAN.H11MO.0.A	1	0.0102152	7.8555	0.307499	11	AGAAGGAATTA	TGGCTGGAATGT	-
367-AGAAGGAATTA	DLX6_HUMAN.H11MO.0.D	4	0.0110457	8.49417	0.315493	11	AGAAGGAATTA	AAATTAAGGTAATTA	+
367-AGAAGGAATTA	LHX2_HUMAN.H11MO.0.A	-2	0.0112608	8.65953	0.315493	9	AGAAGGAATTA	AACTAATTAAAA	-
367-AGAAGGAATTA	SPI1_HUMAN.H11MO.0.A	3	0.0113378	8.71875	0.315493	11	AGAAGGAATTA	AAAAAGAGGAAGTGAAA	+
367-AGAAGGAATTA	LMX1A_HUMAN.H11MO.0.D	8	0.0115298	8.86639	0.315493	11	AGAAGGAATTA	ATAATTAAATAATTAATTA	-
367-AGAAGGAATTA	PAX7_HUMAN.H11MO.0.D	0	0.0115502	8.88213	0.315493	11	AGAAGGAATTA	ATAATCAATTA	-
367-AGAAGGAATTA	MSX1_HUMAN.H11MO.0.D	7	0.0120796	9.28921	0.318168	11	AGAAGGAATTA	CCAATTAAAAACCAATTA	-
367-AGAAGGAATTA	VAX1_HUMAN.H11MO.0.D	-3	0.0120796	9.28921	0.318168	8	AGAAGGAATTA	GGTAATTAGGGTTAATTA	+
367-AGAAGGAATTA	TEAD4_HUMAN.H11MO.0.A	2	0.0124341	9.56184	0.32176	11	AGAAGGAATTA	ATGCCAGGAATGT	-
367-AGAAGGAATTA	ZN394_HUMAN.H11MO.1.D	0	0.0127815	9.82901	0.325048	9	AGAAGGAATTA	GAATGGAAT	+
367-AGAAGGAATTA	EMX1_HUMAN.H11MO.0.D	1	0.0136551	10.5008	0.341378	11	AGAAGGAATTA	ATTAGCTAATTA	-
367-AGAAGGAATTA	SPIB_HUMAN.H11MO.0.A	3	0.0144599	11.1196	0.355471	11	AGAAGGAATTA	AAAAAGAGGAAGTGAAA	+
367-AGAAGGAATTA	MEOX2_HUMAN.H11MO.0.D	-1	0.0154533	11.8836	0.36891	10	AGAAGGAATTA	ATCATAATTAA	-
367-AGAAGGAATTA	RAX2_HUMAN.H11MO.0.D	0	0.0157504	12.1121	0.36891	11	AGAAGGAATTA	TAATTTAATTAG	-
367-AGAAGGAATTA	PITX1_HUMAN.H11MO.0.D	-3	0.0157649	12.1232	0.36891	8	AGAAGGAATTA	AGGGATTAA	+
367-AGAAGGAATTA	HXC6_HUMAN.H11MO.0.D	-1	0.0162229	12.4754	0.36891	10	AGAAGGAATTA	AAAGTAATAAATCAT	-
367-AGAAGGAATTA	BARX1_HUMAN.H11MO.0.D	0	0.0165125	12.6981	0.36891	11	AGAAGGAATTA	AAAAACAATTAG	-
367-AGAAGGAATTA	HMX2_HUMAN.H11MO.0.D	-2	0.0170043	13.0763	0.36891	9	AGAAGGAATTA	AACCAATTAAA	-
367-AGAAGGAATTA	GSX1_HUMAN.H11MO.0.D	4	0.0170074	13.0787	0.36891	11	AGAAGGAATTA	ATTAAAAACTAATTA	-
367-AGAAGGAATTA	PAX4_HUMAN.H11MO.0.D	-3	0.0173084	13.3101	0.369997	8	AGAAGGAATTA	GCGAATTAGTTA	-
367-AGAAGGAATTA	ZBT49_HUMAN.H11MO.0.D	-4	0.0178326	13.7132	0.372693	7	AGAAGGAATTA	CCAATTAGCGC	-
367-AGAAGGAATTA	ZNF85_HUMAN.H11MO.1.C	0	0.0181633	13.9676	0.372693	11	AGAAGGAATTA	TGAAGTAATCTTT	+
367-AGAAGGAATTA	VAX2_HUMAN.H11MO.0.D	2	0.0186801	14.365	0.372693	11	AGAAGGAATTA	ATTAGGGTAATTAGTG	+
367-AGAAGGAATTA	ISL2_HUMAN.H11MO.0.D	-3	0.0186978	14.3786	0.372693	8	AGAAGGAATTA	AGCAATTAACG	-
367-AGAAGGAATTA	NKX62_HUMAN.H11MO.0.D	-3	0.0186978	14.3786	0.372693	8	AGAAGGAATTA	GGTAATTAATT	-
367-AGAAGGAATTA	ETS2_HUMAN.H11MO.0.B	0	0.0199328	15.3283	0.392012	11	AGAAGGAATTA	GGAAGGAAGAGGA	+
367-AGAAGGAATTA	PO4F3_HUMAN.H11MO.0.D	4	0.0205055	15.7687	0.397968	11	AGAAGGAATTA	ATGAATAATTAATGA	-
367-AGAAGGAATTA	IRF4_HUMAN.H11MO.0.A	2	0.0214773	16.5161	0.411416	11	AGAAGGAATTA	AAAAGAGGAAGTGAAACT	+
367-AGAAGGAATTA	NFAT5_HUMAN.H11MO.0.D	-1	0.0225591	17.3479	0.421198	10	AGAAGGAATTA	AGAGGAAAAGG	+
367-AGAAGGAATTA	LHX4_HUMAN.H11MO.0.D	-4	0.0236324	18.1733	0.429942	7	AGAAGGAATTA	CTAATTAACTT	-
367-AGAAGGAATTA	MEOX1_HUMAN.H11MO.0.D	-3	0.0246752	18.9753	0.429942	8	AGAAGGAATTA	GGTAATTAGCGTTAAT	+
367-AGAAGGAATTA	ETS1_HUMAN.H11MO.0.A	1	0.025071	19.2796	0.429942	11	AGAAGGAATTA	AGACAGGAAGTGG	+
367-AGAAGGAATTA	OTX1_HUMAN.H11MO.0.D	-4	0.025428	19.5542	0.429942	7	AGAAGGAATTA	AGGATTAG	+
367-AGAAGGAATTA	NKX32_HUMAN.H11MO.0.C	-2	0.0256804	19.7483	0.429942	9	AGAAGGAATTA	AAACACTTAA	-
367-AGAAGGAATTA	HXB8_HUMAN.H11MO.0.C	-1	0.0259205	19.9329	0.429942	10	AGAAGGAATTA	GCATTAATCAA	-
367-AGAAGGAATTA	CRX_HUMAN.H11MO.0.B	0	0.0262338	20.1738	0.429942	11	AGAAGGAATTA	TAAGAGGATTAGG	+
367-AGAAGGAATTA	PAX3_HUMAN.H11MO.0.D	0	0.0262338	20.1738	0.429942	11	AGAAGGAATTA	TTAATCGATTATC	-
367-AGAAGGAATTA	PO6F1_HUMAN.H11MO.0.D	0	0.0262338	20.1738	0.429942	11	AGAAGGAATTA	TGCATAAATTATG	-
367-AGAAGGAATTA	ZFP28_HUMAN.H11MO.0.C	7	0.0271648	20.8898	0.437084	11	AGAAGGAATTA	TGACACAAGAAGAAATAGAA	-
367-AGAAGGAATTA	PO4F1_HUMAN.H11MO.0.D	-2	0.0276087	21.2311	0.437084	9	AGAAGGAATTA	CATTAATTATTCAT	+
367-AGAAGGAATTA	CPEB1_HUMAN.H11MO.0.D	3	0.0278629	21.4265	0.437084	11	AGAAGGAATTA	AAAAAAAAAAATAAAAA	-
367-AGAAGGAATTA	LMX1B_HUMAN.H11MO.0.D	3	0.0283428	21.7956	0.437084	11	AGAAGGAATTA	AAATAAATCAATTAATTA	-
367-AGAAGGAATTA	DMBX1_HUMAN.H11MO.0.D	6	0.0284475	21.8761	0.437084	11	AGAAGGAATTA	TAATTATAATCTAATTAATT	+
367-AGAAGGAATTA	ZFHX3_HUMAN.H11MO.0.D	0	0.0297333	22.8649	0.447514	11	AGAAGGAATTA	ATTAATAATTA	+
367-AGAAGGAATTA	PRDM6_HUMAN.H11MO.0.C	0	0.0300233	23.0879	0.447514	11	AGAAGGAATTA	AAAAAGAAAAAAA	+
367-AGAAGGAATTA	VSX2_HUMAN.H11MO.0.D	-4	0.0300365	23.0981	0.447514	7	AGAAGGAATTA	TTAATTAGCTTC	+
367-AGAAGGAATTA	SOX8_HUMAN.H11MO.0.D	-1	0.0309558	23.805	0.45373	10	AGAAGGAATTA	GCATCAATTGCAGTGA	-
367-AGAAGGAATTA	ZIC3_HUMAN.H11MO.0.B	4	0.0323089	24.8456	0.45373	11	AGAAGGAATTA	TCACAGCAGGGGGCC	-
367-AGAAGGAATTA	HXD3_HUMAN.H11MO.0.D	-3	0.0325513	25.0319	0.45373	8	AGAAGGAATTA	CCTAATTAACC	-
367-AGAAGGAATTA	ZKSC1_HUMAN.H11MO.0.B	7	0.0326974	25.1443	0.45373	11	AGAAGGAATTA	GGCACACAGTAGGTCCTCA	-
367-AGAAGGAATTA	MZF1_HUMAN.H11MO.0.B	0	0.0328191	25.2379	0.45373	11	AGAAGGAATTA	GGAGGGGATTGGG	+
367-AGAAGGAATTA	TEAD2_HUMAN.H11MO.0.D	-1	0.0328443	25.2572	0.45373	10	AGAAGGAATTA	CCTGGAATGTGG	-
367-AGAAGGAATTA	PDX1_HUMAN.H11MO.1.A	-4	0.0334575	25.7288	0.45373	7	AGAAGGAATTA	ATAATTAAT	-
367-AGAAGGAATTA	BARH2_HUMAN.H11MO.0.D	5	0.0339673	26.1209	0.45373	11	AGAAGGAATTA	CAATTAGGACCAATTAGC	-
367-AGAAGGAATTA	HXB7_HUMAN.H11MO.0.C	-2	0.0340389	26.1759	0.45373	9	AGAAGGAATTA	CATTAATCAA	-
367-AGAAGGAATTA	ALX3_HUMAN.H11MO.0.D	0	0.0340491	26.1838	0.45373	11	AGAAGGAATTA	TAATTTAATTA	-
367-AGAAGGAATTA	ZN652_HUMAN.H11MO.0.D	-2	0.0340491	26.1838	0.45373	9	AGAAGGAATTA	AAAGGGTTAAT	+
367-AGAAGGAATTA	ZNF85_HUMAN.H11MO.0.C	9	0.0341451	26.2576	0.45373	11	AGAAGGAATTA	ATAGAAAACTGAAGTAATCT	+
367-AGAAGGAATTA	HXB4_HUMAN.H11MO.0.B	-4	0.0345738	26.5873	0.455325	7	AGAAGGAATTA	GCCATTAA	-
367-AGAAGGAATTA	ELF2_HUMAN.H11MO.0.C	1	0.035849	27.5679	0.457171	11	AGAAGGAATTA	AACCCGGAAGTGG	+
367-AGAAGGAATTA	ELF1_HUMAN.H11MO.0.A	2	0.0360617	27.7315	0.457171	11	AGAAGGAATTA	GAACCCGGAAGTGG	+
367-AGAAGGAATTA	ZNF41_HUMAN.H11MO.0.C	1	0.0364192	28.0063	0.457171	11	AGAAGGAATTA	CACAAGGGAGTAAGGCACCATGAG	+
367-AGAAGGAATTA	DLX5_HUMAN.H11MO.0.D	0	0.0372334	28.6325	0.457171	11	AGAAGGAATTA	ACCTATAATTA	-
367-AGAAGGAATTA	IRF8_HUMAN.H11MO.0.B	2	0.0373634	28.7324	0.457171	11	AGAAGGAATTA	AAAAGAGGAAGTGAAAGTAA	+
367-AGAAGGAATTA	SMCA1_HUMAN.H11MO.0.C	-1	0.0375036	28.8402	0.457171	10	AGAAGGAATTA	CCAAGAAGAATG	+
367-AGAAGGAATTA	RHXF1_HUMAN.H11MO.0.D	-2	0.0406839	31.2859	0.483941	9	AGAAGGAATTA	CGGGGATTAAC	+
367-AGAAGGAATTA	PO6F2_HUMAN.H11MO.0.D	-3	0.0406839	31.2859	0.483941	8	AGAAGGAATTA	GTTAATTAGCT	+
367-AGAAGGAATTA	NFAC1_HUMAN.H11MO.1.B	-1	0.0427977	32.9114	0.49706	10	AGAAGGAATTA	AATGGAAAAT	+
369-AACAAAACTG	ZN250_HUMAN.H11MO.0.C	3	6.41733e-05	0.0493492	0.0986985	10	AACAAAACTG	GTAATCAAAACAGCATGGTA	-
370-CACAGAAATC	ZIM3_HUMAN.H11MO.0.C	6	0.000144037	0.110764	0.221529	10	CACAGAAATC	GCAAGCAACAGAAACCCAA	-
382-AGGCCCGGGGAG	MECP2_HUMAN.H11MO.0.C	-3	0.000285375	0.219453	0.224942	7	AGGCCCGGGGAG	CCCGGAG	+
382-AGGCCCGGGGAG	ZF64A_HUMAN.H11MO.0.D	1	0.000300189	0.230846	0.224942	12	AGGCCCGGGGAG	GGGGCCCGGGAACCTG	+
382-AGGCCCGGGGAG	AP2B_HUMAN.H11MO.0.B	-2	0.000440008	0.338366	0.224942	10	AGGCCCGGGGAG	GCCCGGGGGC	+
382-AGGCCCGGGGAG	ZN768_HUMAN.H11MO.0.C	1	0.00081727	0.628481	0.313355	12	AGGCCCGGGGAG	GAGGCTCAGAGAGGTTAAGT	+
382-AGGCCCGGGGAG	ZFX_HUMAN.H11MO.0.A	2	0.00166427	1.27982	0.425406	8	AGGCCCGGGGAG	CCAGGCCCCG	+
382-AGGCCCGGGGAG	AP2D_HUMAN.H11MO.0.D	-1	0.0021334	1.64058	0.463299	11	AGGCCCGGGGAG	CGCCCGAGGCGCGT	+
382-AGGCCCGGGGAG	MBD2_HUMAN.H11MO.0.B	0	0.00241669	1.85843	0.463299	11	AGGCCCGGGGAG	GGGGCCGGAGG	+
382-AGGCCCGGGGAG	ZN148_HUMAN.H11MO.0.D	0	0.00361842	2.78256	0.495376	12	AGGCCCGGGGAG	GGGGTGGGGGAGGGG	+
382-AGGCCCGGGGAG	TBX1_HUMAN.H11MO.0.D	3	0.00362463	2.78734	0.495376	12	AGGCCCGGGGAG	GGGTGGGCAGGGGTGGGCGG	+
382-AGGCCCGGGGAG	ZN770_HUMAN.H11MO.0.C	3	0.00387601	2.98065	0.495376	12	AGGCCCGGGGAG	GGGAGGCTGAGGCGGGAGGATC	+
383-CTCTCTGCCCC	ZN768_HUMAN.H11MO.0.C	7	1.84219e-05	0.0141664	0.0280163	11	CTCTCTGCCCC	ACTTAACCTCTCTGAGCCTC	-
383-CTCTCTGCCCC	SMAD1_HUMAN.H11MO.0.D	3	0.000405649	0.311944	0.308458	9	CTCTCTGCCCC	AGCCTGTCTGCC	+
383-CTCTCTGCCCC	UBIP1_HUMAN.H11MO.0.D	-1	0.00085535	0.657764	0.433609	7	CTCTCTGCCCC	TTTCTGC	-
385-TAAAAGGGAA	PRDM1_HUMAN.H11MO.0.A	-1	0.000721438	0.554786	0.448437	9	TAAAAGGGAA	GAAAGTGAAAGTGA	+
385-TAAAAGGGAA	IRF2_HUMAN.H11MO.0.A	5	0.00115622	0.88913	0.448437	10	TAAAAGGGAA	GAAAGTGAAAGTGAAAGTAA	+
385-TAAAAGGGAA	IRF5_HUMAN.H11MO.0.D	-1	0.00147683	1.13568	0.448437	9	TAAAAGGGAA	TAAAGGAAAGCCAAAAGTGA	+
385-TAAAAGGGAA	IRF7_HUMAN.H11MO.0.C	-1	0.00165307	1.27121	0.448437	9	TAAAAGGGAA	GAAAGTGAAA	+
385-TAAAAGGGAA	IRF1_HUMAN.H11MO.0.A	5	0.00187887	1.44485	0.448437	10	TAAAAGGGAA	GAAAATGAAAGTGAAAGTAA	+
385-TAAAAGGGAA	IRF9_HUMAN.H11MO.0.C	-1	0.00196294	1.5095	0.448437	9	TAAAAGGGAA	GAAAGCGAAACT	+
385-TAAAAGGGAA	SRF_HUMAN.H11MO.0.A	8	0.00235765	1.81303	0.448437	10	TAAAAGGGAA	CATGCCCATATAAGGCAA	-
385-TAAAAGGGAA	ZN502_HUMAN.H11MO.0.C	8	0.00300547	2.31121	0.448437	10	TAAAAGGGAA	GAATGGAATCGAATGGAATC	+
385-TAAAAGGGAA	ZN394_HUMAN.H11MO.1.D	-2	0.00323915	2.49091	0.448437	8	TAAAAGGGAA	GAATGGAAT	+
385-TAAAAGGGAA	RXRG_HUMAN.H11MO.0.B	2	0.0032472	2.4971	0.448437	10	TAAAAGGGAA	GGTCAAAGGTCAC	+
385-TAAAAGGGAA	SPIB_HUMAN.H11MO.0.A	1	0.00354549	2.72648	0.448437	10	TAAAAGGGAA	AAAAAGAGGAAGTGAAA	+
385-TAAAAGGGAA	ZNF41_HUMAN.H11MO.1.C	0	0.00362406	2.78691	0.448437	10	TAAAAGGGAA	CACAAGGGAGAA	+
385-TAAAAGGGAA	FEZF1_HUMAN.H11MO.0.C	0	0.00382718	2.9431	0.448437	10	TAAAAGGGAA	AAAAAGAGCAGC	-
385-TAAAAGGGAA	SPI1_HUMAN.H11MO.0.A	1	0.00494661	3.80395	0.470107	10	TAAAAGGGAA	AAAAAGAGGAAGTGAAA	+
385-TAAAAGGGAA	ZN586_HUMAN.H11MO.0.C	5	0.00500575	3.84942	0.470107	10	TAAAAGGGAA	AGGCCTAGGAGGAAAAAATG	+
385-TAAAAGGGAA	TF7L1_HUMAN.H11MO.0.B	4	0.00501949	3.85999	0.470107	9	TAAAAGGGAA	AACATCAAAGGCA	-
385-TAAAAGGGAA	PPARG_HUMAN.H11MO.1.A	-1	0.00570013	4.3834	0.470107	9	TAAAAGGGAA	CAAAGGTCA	+
385-TAAAAGGGAA	NR4A1_HUMAN.H11MO.0.A	-2	0.00570013	4.3834	0.470107	8	TAAAAGGGAA	AAAGGTCAG	+
385-TAAAAGGGAA	IRF3_HUMAN.H11MO.0.B	5	0.0065919	5.06917	0.470107	10	TAAAAGGGAA	GAAAGGGAAAGGGAAAGTGA	+
385-TAAAAGGGAA	ZFP82_HUMAN.H11MO.0.C	14	0.00667765	5.13511	0.470107	10	TAAAAGGGAA	GAAGAGAGAATTAGTGAAATGGAA	-
385-TAAAAGGGAA	IRF4_HUMAN.H11MO.0.A	0	0.0068273	5.25019	0.470107	10	TAAAAGGGAA	AAAAGAGGAAGTGAAACT	+
385-TAAAAGGGAA	ZN528_HUMAN.H11MO.0.C	-1	0.00696023	5.35241	0.470107	9	TAAAAGGGAA	CCCAGGGAAGCCATTTCTGA	+
385-TAAAAGGGAA	NR4A2_HUMAN.H11MO.0.C	-2	0.00709837	5.45864	0.470107	8	TAAAAGGGAA	AAAGGTCAC	+
385-TAAAAGGGAA	REL_HUMAN.H11MO.0.B	-1	0.00774866	5.95872	0.471832	9	TAAAAGGGAA	TGAAGGGAAATTCCA	+
385-TAAAAGGGAA	IRF8_HUMAN.H11MO.0.B	0	0.00818244	6.2923	0.471832	10	TAAAAGGGAA	AAAAGAGGAAGTGAAAGTAA	+
385-TAAAAGGGAA	TF7L2_HUMAN.H11MO.0.A	5	0.00849185	6.53023	0.471832	8	TAAAAGGGAA	CCACATCAAAGGG	-
385-TAAAAGGGAA	TCF7_HUMAN.H11MO.0.A	7	0.00882859	6.78918	0.471832	9	TAAAAGGGAA	AACCACATCAAAGGAA	+
385-TAAAAGGGAA	ZN350_HUMAN.H11MO.0.C	7	0.00891143	6.85289	0.471832	10	TAAAAGGGAA	TAGGTCATAAAAGGACTG	-
385-TAAAAGGGAA	ZNF8_HUMAN.H11MO.0.C	13	0.00903866	6.95073	0.471832	9	TAAAAGGGAA	TGTGGTATATCCATACAATGGA	+
385-TAAAAGGGAA	PPARA_HUMAN.H11MO.1.B	-2	0.0092927	7.14609	0.471832	8	TAAAAGGGAA	AAAGGTCAG	+
386-AAGGTAGAAT	ZN232_HUMAN.H11MO.0.D	5	0.000110351	0.0848603	0.169721	10	AAGGTAGAAT	TGTTAAATGTAGATTAAGT	+
387-ACTAAATTAC	UNC4_HUMAN.H11MO.0.D	2	0.000150301	0.115581	0.160998	9	ACTAAATTAC	TAATTAAATTA	-
387-ACTAAATTAC	ALX4_HUMAN.H11MO.0.D	3	0.000253195	0.194707	0.160998	9	ACTAAATTAC	TTAATTAAATTA	+
387-ACTAAATTAC	ARX_HUMAN.H11MO.0.D	3	0.000344398	0.264842	0.160998	10	ACTAAATTAC	CTAATTAAATTAA	-
387-ACTAAATTAC	DRGX_HUMAN.H11MO.0.D	2	0.000424825	0.32669	0.160998	9	ACTAAATTAC	TAATTAAATTA	-
387-ACTAAATTAC	PHX2A_HUMAN.H11MO.0.D	2	0.000697591	0.536448	0.211419	9	ACTAAATTAC	TAATTAAATTA	-
387-ACTAAATTAC	PHX2B_HUMAN.H11MO.0.D	2	0.00106301	0.817456	0.230202	9	ACTAAATTAC	TAATTAAATTA	-
387-ACTAAATTAC	LHX3_HUMAN.H11MO.0.C	2	0.0014194	1.09152	0.235369	10	ACTAAATTAC	AAAATTAATTAAT	+
387-ACTAAATTAC	MIXL1_HUMAN.H11MO.0.D	0	0.00160149	1.23154	0.235369	10	ACTAAATTAC	ATCTAATTAAC	-
387-ACTAAATTAC	ALX3_HUMAN.H11MO.0.D	2	0.00160149	1.23154	0.235369	9	ACTAAATTAC	TAATTTAATTA	-
387-ACTAAATTAC	RAX2_HUMAN.H11MO.0.D	2	0.00201848	1.55221	0.235369	10	ACTAAATTAC	TAATTTAATTAG	-
387-ACTAAATTAC	MSX2_HUMAN.H11MO.0.D	-2	0.00273296	2.10165	0.258553	7	ACTAAATTAC	ACAATTA	-
387-ACTAAATTAC	HXD4_HUMAN.H11MO.0.D	-2	0.00289954	2.22974	0.258553	8	ACTAAATTAC	TCAATTAA	-
387-ACTAAATTAC	HXA9_HUMAN.H11MO.0.B	1	0.00352545	2.71107	0.267815	10	ACTAAATTAC	CCATAAATCAT	-
387-ACTAAATTAC	DUXA_HUMAN.H11MO.0.D	2	0.00352545	2.71107	0.267815	9	ACTAAATTAC	TGATTAAATTA	+
387-ACTAAATTAC	PROP1_HUMAN.H11MO.0.D	2	0.00415343	3.19399	0.299818	9	ACTAAATTAC	TAATTGAATTA	+
387-ACTAAATTAC	PRRX2_HUMAN.H11MO.0.C	-3	0.00467202	3.59278	0.307926	7	ACTAAATTAC	CAATTAA	-
387-ACTAAATTAC	ALX1_HUMAN.H11MO.0.B	3	0.00574742	4.41977	0.3485	9	ACTAAATTAC	ATAATTGAATTA	+
387-ACTAAATTAC	HXC6_HUMAN.H11MO.0.D	5	0.00611467	4.70218	0.356508	10	ACTAAATTAC	AAAGTAATAAATCAT	-
387-ACTAAATTAC	HXA2_HUMAN.H11MO.0.D	0	0.00637313	4.90094	0.357815	10	ACTAAATTAC	CGCTAATTACC	-
387-ACTAAATTAC	DUX4_HUMAN.H11MO.0.A	2	0.00671737	5.16566	0.363673	9	ACTAAATTAC	TGATTAGGTTA	+
387-ACTAAATTAC	NOTO_HUMAN.H11MO.0.D	0	0.00745799	5.7352	0.376852	10	ACTAAATTAC	ACCTAATTAAC	-
387-ACTAAATTAC	PAX7_HUMAN.H11MO.0.D	2	0.00745799	5.7352	0.376852	9	ACTAAATTAC	ATAATCAATTA	-
395-GATCCCAGCTACTCA	BHA15_HUMAN.H11MO.0.B	-4	0.000466452	0.358701	0.366147	11	GATCCCAGCTACTCA	CCAGCTGCTGC	-
395-GATCCCAGCTACTCA	PTF1A_HUMAN.H11MO.1.B	-4	0.000553638	0.425748	0.366147	9	GATCCCAGCTACTCA	CCAGCTGCT	-
395-GATCCCAGCTACTCA	ASCL2_HUMAN.H11MO.0.D	-4	0.000714812	0.54969	0.366147	9	GATCCCAGCTACTCA	CCAGCTGCT	+
396-GAGGTGGATGGAG	HXB1_HUMAN.H11MO.0.D	-1	0.000135376	0.104105	0.207759	10	GAGGTGGATGGAG	TGATGGATGG	+
396-GAGGTGGATGGAG	ZN219_HUMAN.H11MO.0.D	0	0.000356931	0.27448	0.273887	12	GAGGTGGATGGAG	GAGGGGGGCGGA	+
396-GAGGTGGATGGAG	ZN281_HUMAN.H11MO.0.A	2	0.00134732	1.03609	0.474828	13	GAGGTGGATGGAG	GGGTGGGGGAGGGGA	+
396-GAGGTGGATGGAG	SMCA5_HUMAN.H11MO.0.C	0	0.00141839	1.09074	0.474828	13	GAGGTGGATGGAG	GAATGGAATGGAATC	+
396-GAGGTGGATGGAG	KLF15_HUMAN.H11MO.0.A	3	0.001547	1.18964	0.474828	13	GAGGTGGATGGAG	GGGGAGGAGCAGGGGGGGG	+
398-TATGGCTGCA	OZF_HUMAN.H11MO.0.C	4	1.05577e-05	0.00811891	0.0122725	10	TATGGCTGCA	TTTTCATGGCTGCATAGTATTCCA	+
398-TATGGCTGCA	ZN260_HUMAN.H11MO.0.C	4	1.5959e-05	0.0122725	0.0122725	10	TATGGCTGCA	TTTTTATGGCTGCATAGTATTCCA	+
398-TATGGCTGCA	ZFP42_HUMAN.H11MO.0.A	2	0.00039647	0.304885	0.203257	10	TATGGCTGCA	AAAATGGCTGCC	-
398-TATGGCTGCA	TYY1_HUMAN.H11MO.0.A	3	0.000829773	0.638096	0.319048	9	TATGGCTGCA	CAAGATGGCGGC	+
400-ATTAAATGAAA	Z354A_HUMAN.H11MO.0.C	2	0.000202587	0.155789	0.153048	11	ATTAAATGAAA	ACATTAAATGTAAATGGACTAAAT	-
400-ATTAAATGAAA	UNC4_HUMAN.H11MO.0.D	2	0.00020667	0.158929	0.153048	9	ATTAAATGAAA	TAATTAAATTA	-
400-ATTAAATGAAA	ARX_HUMAN.H11MO.0.D	3	0.000382106	0.293839	0.188643	10	ATTAAATGAAA	CTAATTAAATTAA	-
400-ATTAAATGAAA	ALX4_HUMAN.H11MO.0.D	3	0.000545476	0.419471	0.201974	9	ATTAAATGAAA	TTAATTAAATTA	+
400-ATTAAATGAAA	DRGX_HUMAN.H11MO.0.D	2	0.000776791	0.597352	0.202041	9	ATTAAATGAAA	TAATTAAATTA	-
400-ATTAAATGAAA	ARI3A_HUMAN.H11MO.0.D	1	0.00101165	0.777959	0.202041	11	ATTAAATGAAA	AATTAATCGAAATCAAATTAAA	+
400-ATTAAATGAAA	DUXA_HUMAN.H11MO.0.D	2	0.00116008	0.892099	0.202041	9	ATTAAATGAAA	TGATTAAATTA	+
400-ATTAAATGAAA	ALX3_HUMAN.H11MO.0.D	2	0.0012986	0.998622	0.202041	9	ATTAAATGAAA	TAATTAAATTA	+
400-ATTAAATGAAA	PHX2A_HUMAN.H11MO.0.D	2	0.0012986	0.998622	0.202041	9	ATTAAATGAAA	TAATTAAATTA	-
400-ATTAAATGAAA	ZN502_HUMAN.H11MO.0.C	7	0.00136415	1.04903	0.202041	11	ATTAAATGAAA	GAATGGAATCGAATGGAATC	+
400-ATTAAATGAAA	PHX2B_HUMAN.H11MO.0.D	2	0.00181296	1.39416	0.212707	9	ATTAAATGAAA	TAATTAAATTA	-
400-ATTAAATGAAA	STAT2_HUMAN.H11MO.0.A	1	0.00206637	1.58904	0.212707	11	ATTAAATGAAA	AGGAAAATGAAACTGAAAG	+
400-ATTAAATGAAA	PO2F1_HUMAN.H11MO.0.C	1	0.00213181	1.63936	0.212707	11	ATTAAATGAAA	AATCGAATGCAAATAA	+
400-ATTAAATGAAA	NKX61_HUMAN.H11MO.1.B	-3	0.00232109	1.78492	0.212707	7	ATTAAATGAAA	TAATGAA	+
400-ATTAAATGAAA	RAX2_HUMAN.H11MO.0.D	3	0.00235421	1.81038	0.212707	9	ATTAAATGAAA	CTAATTAAATTA	+
400-ATTAAATGAAA	STAT1_HUMAN.H11MO.1.A	1	0.00244147	1.87749	0.212707	11	ATTAAATGAAA	AAGAAAATGAAACTGAAAG	+
400-ATTAAATGAAA	IRF8_HUMAN.H11MO.0.B	5	0.00283781	2.18227	0.233501	11	ATTAAATGAAA	AAAAGAGGAAGTGAAAGTAA	+
400-ATTAAATGAAA	HMX2_HUMAN.H11MO.0.D	0	0.00311324	2.39408	0.242682	11	ATTAAATGAAA	TTTAATTGGTT	+
400-ATTAAATGAAA	SMCA5_HUMAN.H11MO.0.C	2	0.00431334	3.31696	0.30421	11	ATTAAATGAAA	GAATGGAATGGAATC	+
400-ATTAAATGAAA	IRF4_HUMAN.H11MO.0.A	5	0.00467881	3.59801	0.314986	11	ATTAAATGAAA	AAAAGAGGAAGTGAAACT	+
400-ATTAAATGAAA	HMX3_HUMAN.H11MO.0.D	1	0.00498732	3.83525	0.321158	10	ATTAAATGAAA	CGTTAATTGCT	+
400-ATTAAATGAAA	CPEB1_HUMAN.H11MO.0.D	5	0.00631593	4.85695	0.332436	11	ATTAAATGAAA	AAAAAAAAAAATAAAAA	-
400-ATTAAATGAAA	NKX32_HUMAN.H11MO.0.C	-1	0.0070572	5.42699	0.332436	10	ATTAAATGAAA	TTAAGTGTTT	+
400-ATTAAATGAAA	PROP1_HUMAN.H11MO.0.D	2	0.00712469	5.47889	0.332436	9	ATTAAATGAAA	TAATTGAATTA	+
400-ATTAAATGAAA	MSX1_HUMAN.H11MO.0.D	3	0.00745029	5.72927	0.332436	11	ATTAAATGAAA	CCAATTAAAAACCAATTA	-
400-ATTAAATGAAA	IRF5_HUMAN.H11MO.0.D	-2	0.00818149	6.29156	0.332436	9	ATTAAATGAAA	TAAAGGAAAGCCAAAAGTGA	+
400-ATTAAATGAAA	HXC8_HUMAN.H11MO.0.D	3	0.0085913	6.60671	0.332436	11	ATTAAATGAAA	GGGCATCAATCAAA	-
400-ATTAAATGAAA	STAT4_HUMAN.H11MO.0.A	0	0.00870097	6.69105	0.332436	11	ATTAAATGAAA	CTTCCAGGAAA	-
400-ATTAAATGAAA	HXD4_HUMAN.H11MO.0.D	-2	0.0087919	6.76097	0.332436	8	ATTAAATGAAA	TCAATTAA	-
400-ATTAAATGAAA	LHX3_HUMAN.H11MO.0.C	4	0.0089779	6.90401	0.332436	9	ATTAAATGAAA	ATTAATTAATTTT	-
400-ATTAAATGAAA	STA5A_HUMAN.H11MO.0.A	-1	0.00913496	7.02479	0.332436	10	ATTAAATGAAA	TTCTAGGAAA	+
400-ATTAAATGAAA	ISL2_HUMAN.H11MO.0.D	1	0.00914272	7.03076	0.332436	10	ATTAAATGAAA	CGTTAATTGCT	+
400-ATTAAATGAAA	HXA9_HUMAN.H11MO.0.B	1	0.00914272	7.03076	0.332436	10	ATTAAATGAAA	CCATAAATCAT	-
400-ATTAAATGAAA	IRF1_HUMAN.H11MO.0.A	5	0.00952344	7.32352	0.332436	11	ATTAAATGAAA	GAAAATGAAAGTGAAAGTAA	+
400-ATTAAATGAAA	LMX1B_HUMAN.H11MO.0.D	2	0.00958118	7.36793	0.332436	11	ATTAAATGAAA	TAATTAATTGATTTATTT	+
400-ATTAAATGAAA	IRF2_HUMAN.H11MO.0.A	5	0.010014	7.70077	0.332436	11	ATTAAATGAAA	GAAAGTGAAAGTGAAAGTAA	+
400-ATTAAATGAAA	DUX4_HUMAN.H11MO.0.A	2	0.0100893	7.75866	0.332436	9	ATTAAATGAAA	TGATTAGGTTA	+
400-ATTAAATGAAA	HXD10_HUMAN.H11MO.0.D	1	0.0106384	8.18092	0.332436	9	ATTAAATGAAA	AATTAAAGCA	-
400-ATTAAATGAAA	HBP1_HUMAN.H11MO.0.D	-2	0.0107254	8.2478	0.332436	9	ATTAAATGAAA	TCAATGAAT	-
400-ATTAAATGAAA	ALX1_HUMAN.H11MO.0.B	3	0.0114056	8.77087	0.332436	9	ATTAAATGAAA	ATAATTGAATTA	+
400-ATTAAATGAAA	PRDM1_HUMAN.H11MO.0.A	-1	0.0115098	8.85101	0.332436	10	ATTAAATGAAA	GAAAGTGAAAGTGA	+
400-ATTAAATGAAA	ZN232_HUMAN.H11MO.0.D	1	0.0117084	9.00375	0.332436	11	ATTAAATGAAA	TGTTAAATGTAGATTAAGT	+
400-ATTAAATGAAA	STA5B_HUMAN.H11MO.0.A	1	0.0119671	9.20273	0.332436	11	ATTAAATGAAA	ATTTCTAAGAAA	-
400-ATTAAATGAAA	ZFP82_HUMAN.H11MO.0.C	13	0.0122569	9.42559	0.332436	11	ATTAAATGAAA	GAAGAGAGAATTAGTGAAATGGAA	-
400-ATTAAATGAAA	HXC6_HUMAN.H11MO.0.D	5	0.012345	9.49332	0.332436	10	ATTAAATGAAA	AAAGTAATAAATCAT	-
400-ATTAAATGAAA	MIXL1_HUMAN.H11MO.0.D	0	0.0141617	10.8904	0.369868	11	ATTAAATGAAA	ATCTAATTAAC	-
400-ATTAAATGAAA	ZN582_HUMAN.H11MO.0.C	8	0.0142345	10.9463	0.369868	11	ATTAAATGAAA	CGAATGGAATCGAATGCAATCAAC	+
400-ATTAAATGAAA	PRRX2_HUMAN.H11MO.0.C	-1	0.0149337	11.4841	0.381346	7	ATTAAATGAAA	TTAATTG	+
400-ATTAAATGAAA	IRX3_HUMAN.H11MO.0.D	0	0.0155766	11.9784	0.39102	11	ATTAAATGAAA	ATTACATGAAA	-
400-ATTAAATGAAA	HXB7_HUMAN.H11MO.0.C	0	0.0166177	12.779	0.410204	10	ATTAAATGAAA	CATTAATCAA	-
400-ATTAAATGAAA	LHX8_HUMAN.H11MO.0.D	1	0.0180135	13.8524	0.416166	11	ATTAAATGAAA	AATTAATTGTAATTAGCG	-
400-ATTAAATGAAA	IRF7_HUMAN.H11MO.0.C	-1	0.0183083	14.0791	0.416166	10	ATTAAATGAAA	GAAAGTGAAA	+
400-ATTAAATGAAA	PRDM6_HUMAN.H11MO.0.C	-2	0.0183456	14.1078	0.416166	9	ATTAAATGAAA	AAAAAGAAAAAAA	+
400-ATTAAATGAAA	HXB8_HUMAN.H11MO.0.C	1	0.0188027	14.4593	0.416166	10	ATTAAATGAAA	GCATTAATCAA	-
400-ATTAAATGAAA	NKX62_HUMAN.H11MO.0.D	4	0.0188027	14.4593	0.416166	7	ATTAAATGAAA	GGTAATTAATT	-
400-ATTAAATGAAA	ZNF8_HUMAN.H11MO.0.C	12	0.0192139	14.7755	0.418491	10	ATTAAATGAAA	TGTGGTATATCCATACAATGGA	+
400-ATTAAATGAAA	TCF7_HUMAN.H11MO.0.A	1	0.0217244	16.706	0.466312	11	ATTAAATGAAA	AACCACATCAAAGGAA	+
400-ATTAAATGAAA	NFIL3_HUMAN.H11MO.0.D	0	0.02263	17.4024	0.469407	11	ATTAAATGAAA	ATTACATAACT	-
400-ATTAAATGAAA	ZFP28_HUMAN.H11MO.0.C	4	0.0228193	17.5481	0.469407	11	ATTAAATGAAA	TGACACAAGAAGAAATAGAA	-
400-ATTAAATGAAA	DLX6_HUMAN.H11MO.0.D	2	0.0248833	19.1353	0.498675	11	ATTAAATGAAA	TAATTACCTTAATTT	-
400-ATTAAATGAAA	FOXL1_HUMAN.H11MO.0.D	3	0.0251211	19.3182	0.498675	11	ATTAAATGAAA	AAAAGTAAACAAACAAACA	-
400-ATTAAATGAAA	HXA11_HUMAN.H11MO.0.D	2	0.0252522	19.419	0.498675	11	ATTAAATGAAA	TCATAAAATTTTA	-
402-TGCCAACM	NFIC_HUMAN.H11MO.1.A	1	0.000150743	0.115922	0.14277	8	TGCCAACA	CTGCCAAGA	-
402-TGCCAACM	NFIA_HUMAN.H11MO.1.D	0	0.000264523	0.203418	0.14277	7	TGCCAACA	TGCCAAG	-
402-TGCCAACM	RFX2_HUMAN.H11MO.1.A	3	0.000279272	0.21476	0.14277	8	TGCCAACA	CCATGGCAACCG	-
402-TGCCAACM	RFX2_HUMAN.H11MO.0.A	9	0.000517824	0.398207	0.171246	8	TGCCAACA	CCGTTGCCATGGCAACCG	-
402-TGCCAACM	NFIB_HUMAN.H11MO.0.D	1	0.000661296	0.508536	0.171246	8	TGCCAACA	CTGCCAGGG	-
402-TGCCAACM	RFX4_HUMAN.H11MO.0.D	7	0.000707986	0.544441	0.171246	8	TGCCAACA	GTTACCATGGCAACG	-
402-TGCCAACM	RFX1_HUMAN.H11MO.1.B	3	0.000873738	0.671905	0.171246	8	TGCCAACA	CCATGGCAACC	-
402-TGCCAACM	RFX3_HUMAN.H11MO.0.B	6	0.000972292	0.747693	0.171246	8	TGCCAACA	TTACCATGGCAACC	-
402-TGCCAACM	HIC2_HUMAN.H11MO.0.D	3	0.00100492	0.772784	0.171246	8	TGCCAACA	ACATGCCAGGC	+
402-TGCCAACM	ZSCA4_HUMAN.H11MO.0.D	2	0.00252439	1.94126	0.387158	8	TGCCAACA	AGTGCACACACT	-
402-TGCCAACM	ZBT7B_HUMAN.H11MO.0.D	10	0.00294662	2.26595	0.410831	8	TGCCAACA	CCCGTTGCCATGGCAACGGCG	-
403-ACCTCCACSTCC	ZBTB6_HUMAN.H11MO.0.C	1	0.000749992	0.576744	0.483159	12	ACCTCCACCTCC	CGGCTCCAGCACC	-
403-ACCTCCACSTCC	ZN770_HUMAN.H11MO.0.C	9	0.00116146	0.89316	0.483159	12	ACCTCCACCTCC	GATCCTCCCGCCTCAGCCTCCC	-
403-ACCTCCACSTCC	WT1_HUMAN.H11MO.0.C	7	0.00129603	0.996646	0.483159	12	ACCTCCACCTCC	CCCCCCCTCCTCCCCCGCCC	-
403-ACCTCCACSTCC	ZN281_HUMAN.H11MO.0.A	2	0.00153893	1.18343	0.483159	12	ACCTCCACCTCC	TCCCCTCCCCCACCC	-
403-ACCTCCACSTCC	ZN467_HUMAN.H11MO.0.C	8	0.00219053	1.68452	0.483159	12	ACCTCCACCTCC	CCCCCCCCCCCCTCCCCTCCCC	-
403-ACCTCCACSTCC	ZN263_HUMAN.H11MO.0.A	4	0.00229028	1.76122	0.483159	12	ACCTCCACCTCC	CTCCTCCTCTCCCTCCTCCC	-
403-ACCTCCACSTCC	ZN770_HUMAN.H11MO.1.C	-2	0.00240263	1.84763	0.483159	10	ACCTCCACCTCC	CTCAGCCTCCC	-
403-ACCTCCACSTCC	ZSC22_HUMAN.H11MO.0.C	-1	0.00353214	2.71622	0.483159	11	ACCTCCACCTCC	CCTCCTCCCTCAGACC	-
403-ACCTCCACSTCC	ELF5_HUMAN.H11MO.0.A	2	0.00368311	2.83231	0.483159	12	ACCTCCACCTCC	CCACTTCCTCCTTCC	-
403-ACCTCCACSTCC	ZN263_HUMAN.H11MO.1.A	-1	0.00419837	3.22854	0.483159	11	ACCTCCACCTCC	CCTCCTCCCTC	-
403-ACCTCCACSTCC	ZN143_HUMAN.H11MO.0.A	1	0.00449154	3.45399	0.483159	12	ACCTCCACCTCC	GAACTACAATTCCCAGAATGCC	-
403-ACCTCCACSTCC	ZN148_HUMAN.H11MO.0.D	1	0.00479095	3.68424	0.483159	12	ACCTCCACCTCC	CCCCTCCCCCACCCC	-
403-ACCTCCACSTCC	VEZF1_HUMAN.H11MO.0.C	1	0.00500117	3.8459	0.483159	12	ACCTCCACCTCC	CCCCTCCCCCTCCCCCCTCCCC	-
403-ACCTCCACSTCC	XBP1_HUMAN.H11MO.0.D	-3	0.00581312	4.47029	0.483159	9	ACCTCCACCTCC	GCCACGTCAGC	-
403-ACCTCCACSTCC	SP4_HUMAN.H11MO.1.A	4	0.00696216	5.3539	0.483159	12	ACCTCCACCTCC	CGGCCCCGCCCCCTCC	-
403-ACCTCCACSTCC	KLF15_HUMAN.H11MO.0.A	5	0.007115	5.47144	0.483159	12	ACCTCCACCTCC	CCCCCCCCTGCTCCTCCCC	-
403-ACCTCCACSTCC	THA11_HUMAN.H11MO.0.B	1	0.00762708	5.86523	0.483159	12	ACCTCCACCTCC	GAACTACAACTCCCAGCATGCC	-
403-ACCTCCACSTCC	TAF1_HUMAN.H11MO.0.A	-1	0.00770696	5.92665	0.483159	11	ACCTCCACCTCC	CCGCCGCCGCCATCTT	-
403-ACCTCCACSTCC	EGR2_HUMAN.H11MO.0.A	4	0.00781215	6.00754	0.483159	12	ACCTCCACCTCC	CCCCTCCCACACCCCCCC	-
403-ACCTCCACSTCC	ZBT17_HUMAN.H11MO.0.A	4	0.00788523	6.06374	0.483159	12	ACCTCCACCTCC	CTTCCCCTCCCCCACCCTC	-
403-ACCTCCACSTCC	MAZ_HUMAN.H11MO.0.A	7	0.00803317	6.1775	0.483159	12	ACCTCCACCTCC	CCCCCCCCCCCCCCCCTCCCCC	-
403-ACCTCCACSTCC	ZN219_HUMAN.H11MO.0.D	-3	0.00809533	6.22531	0.483159	9	ACCTCCACCTCC	TCCGCCCCCCTC	-
403-ACCTCCACSTCC	HIF1A_HUMAN.H11MO.0.C	-4	0.0081206	6.24474	0.483159	8	ACCTCCACCTCC	GCACGTCC	-
403-ACCTCCACSTCC	TBX15_HUMAN.H11MO.0.D	5	0.0082987	6.3817	0.483159	12	ACCTCCACCTCC	CCCCCACCCCCCCCCCCCC	-
403-ACCTCCACSTCC	ATF6A_HUMAN.H11MO.0.B	-4	0.00851639	6.54911	0.483159	8	ACCTCCACCTCC	CCACGTCACCAC	-
403-ACCTCCACSTCC	SNAI1_HUMAN.H11MO.0.C	-4	0.00863087	6.63714	0.483159	8	ACCTCCACCTCC	CCACCTGG	-
403-ACCTCCACSTCC	ARNT2_HUMAN.H11MO.0.D	1	0.00895778	6.88853	0.483159	11	ACCTCCACCTCC	GCCTCCCACGCC	-
403-ACCTCCACSTCC	SPI1_HUMAN.H11MO.0.A	-2	0.00934092	7.18317	0.483159	10	ACCTCCACCTCC	TTTCACTTCCTCTTTTT	-
403-ACCTCCACSTCC	ZNF76_HUMAN.H11MO.0.C	-1	0.00937483	7.20924	0.483159	11	ACCTCCACCTCC	ACTACAATTCCCAGAATGCCCC	-
403-ACCTCCACSTCC	ZN816_HUMAN.H11MO.0.C	0	0.00955007	7.344	0.483159	12	ACCTCCACCTCC	CCCTGCATGTCCCCCTTTTTT	-
405-AACCAATC	FOXI1_HUMAN.H11MO.0.B	0	3.7791e-05	0.0290612	0.0579968	8	AACCAATC	AACCAATCAGAG	-
405-AACCAATC	CEBPZ_HUMAN.H11MO.0.D	0	0.00012943	0.0995316	0.0914354	8	AACCAATC	AGCCAATCAGC	-
405-AACCAATC	NFYA_HUMAN.H11MO.0.A	2	0.000237917	0.182958	0.0914354	8	AACCAATC	TCAGCCAATCAGAA	+
405-AACCAATC	NFYB_HUMAN.H11MO.0.A	1	0.000238319	0.183267	0.0914354	8	AACCAATC	CAGCCAATCAGAG	+
405-AACCAATC	NFYC_HUMAN.H11MO.0.A	2	0.000613044	0.471431	0.188164	8	AACCAATC	CTAGCCAATCAGAG	+
405-AACCAATC	DUX4_HUMAN.H11MO.0.A	2	0.0014188	1.09106	0.3629	8	AACCAATC	TAACCTAATCA	-
405-AACCAATC	HNF6_HUMAN.H11MO.0.B	1	0.00172121	1.32361	0.377357	8	AACCAATC	AAATCAATAAA	-
407-CACCTGACACC	SNAI1_HUMAN.H11MO.0.C	1	0.000150295	0.115577	0.0997229	7	CACCTGACACC	CCACCTGG	-
407-CACCTGACACC	TFEB_HUMAN.H11MO.0.C	0	0.000242205	0.186256	0.0997229	9	CACCTGACACC	CACGTGACC	-
407-CACCTGACACC	TFE3_HUMAN.H11MO.0.B	1	0.000391624	0.301159	0.0997229	9	CACCTGACACC	TCACGTGACC	-
407-CACCTGACACC	SNAI2_HUMAN.H11MO.0.A	2	0.000418989	0.322203	0.0997229	8	CACCTGACACC	TGCACCTGCC	-
407-CACCTGACACC	INSM1_HUMAN.H11MO.0.C	3	0.000430546	0.33109	0.0997229	9	CACCTGACACC	TGCCCCCTGACA	-
407-CACCTGACACC	ASCL1_HUMAN.H11MO.0.A	3	0.000499185	0.383873	0.0997229	11	CACCTGACACC	CTGCACCTGCTCCC	+
407-CACCTGACACC	TGIF2_HUMAN.H11MO.0.D	1	0.000619595	0.476469	0.0997229	10	CACCTGACACC	ACAGCTGTCAT	-
407-CACCTGACACC	FIGLA_HUMAN.H11MO.0.D	2	0.000619595	0.476469	0.0997229	9	CACCTGACACC	AACACCTGTTA	-
407-CACCTGACACC	USF2_HUMAN.H11MO.0.A	9	0.000658419	0.506324	0.0997229	10	CACCTGACACC	CGCCGCGGCCACGTGACCC	-
407-CACCTGACACC	ID4_HUMAN.H11MO.0.D	3	0.000704384	0.541671	0.0997229	8	CACCTGACACC	TTACACCTGTC	-
407-CACCTGACACC	MEIS3_HUMAN.H11MO.0.D	0	0.00075075	0.577327	0.0997229	11	CACCTGACACC	CACCTGTCAAA	-
407-CACCTGACACC	ZEB1_HUMAN.H11MO.0.A	2	0.000922659	0.709525	0.102598	8	CACCTGACACC	CTCACCTGTC	-
407-CACCTGACACC	ZBTB4_HUMAN.H11MO.0.D	2	0.000951751	0.731897	0.102598	11	CACCTGACACC	CCCACCTGCCATCTAGG	-
407-CACCTGACACC	MEIS2_HUMAN.H11MO.0.B	3	0.000994727	0.764945	0.102598	10	CACCTGACACC	TGACAGCTGTCAA	-
407-CACCTGACACC	USF1_HUMAN.H11MO.0.A	3	0.00105327	0.809964	0.102598	9	CACCTGACACC	GGTCACGTGACC	-
407-CACCTGACACC	MYF6_HUMAN.H11MO.0.C	0	0.00133708	1.02821	0.122104	7	CACCTGACACC	CAGCTGC	+
407-CACCTGACACC	MITF_HUMAN.H11MO.0.A	1	0.00143741	1.10536	0.123544	9	CACCTGACACC	TCACGTGACC	+
407-CACCTGACACC	CR3L1_HUMAN.H11MO.0.D	2	0.00168214	1.29357	0.136547	9	CACCTGACACC	GCCACGTGGCA	+
407-CACCTGACACC	MESP1_HUMAN.H11MO.0.D	4	0.00201497	1.54951	0.15023	7	CACCTGACACC	TCCACACCTGC	-
407-CACCTGACACC	HEY1_HUMAN.H11MO.0.D	3	0.00205634	1.58132	0.15023	9	CACCTGACACC	CGACACGTGCCA	-
407-CACCTGACACC	MYB_HUMAN.H11MO.0.A	1	0.00245591	1.88859	0.170878	11	CACCTGACACC	CCAACTGCCACC	-
407-CACCTGACACC	HES7_HUMAN.H11MO.0.D	3	0.00260447	2.00284	0.172977	9	CACCTGACACC	CGGCACGTGCCA	-
407-CACCTGACACC	MYOD1_HUMAN.H11MO.0.A	1	0.00280423	2.15645	0.178147	11	CACCTGACACC	GCAGCTGTTCCTGCC	+
407-CACCTGACACC	MLX_HUMAN.H11MO.0.D	1	0.00362333	2.78634	0.204549	10	CACCTGACACC	GCACGTGATCA	-
407-CACCTGACACC	BHE41_HUMAN.H11MO.0.D	7	0.0036824	2.83176	0.204549	11	CACCTGACACC	GCTTCTGCACGTGACCCGGT	-
407-CACCTGACACC	BHE40_HUMAN.H11MO.0.A	2	0.00378103	2.90761	0.204549	8	CACCTGACACC	GGCACGTGAC	+
407-CACCTGACACC	ZN335_HUMAN.H11MO.1.A	0	0.0039198	3.01433	0.204549	7	CACCTGACACC	TGCCTGA	+
407-CACCTGACACC	THB_HUMAN.H11MO.1.D	1	0.00424799	3.26671	0.214031	9	CACCTGACACC	TGACCTGACC	-
407-CACCTGACACC	TAL1_HUMAN.H11MO.1.A	2	0.00472169	3.63098	0.220099	11	CACCTGACACC	CACATCTGCTTCCTG	-
407-CACCTGACACC	MLXPL_HUMAN.H11MO.0.D	1	0.00478008	3.67588	0.220099	11	CACCTGACACC	GCATGTGACACCGCCGTGG	+
407-CACCTGACACC	ZNF18_HUMAN.H11MO.0.C	1	0.00547413	4.20961	0.220099	11	CACCTGACACC	CCAGTTCACACC	-
407-CACCTGACACC	TBX2_HUMAN.H11MO.0.D	4	0.00559958	4.30608	0.220099	11	CACCTGACACC	GTCGCTTTTCACACCTCTGATGGCA	-
407-CACCTGACACC	PTF1A_HUMAN.H11MO.0.B	1	0.0057691	4.43644	0.220099	11	CACCTGACACC	CCAGCTGCCCCCTTTCCC	+
407-CACCTGACACC	HES5_HUMAN.H11MO.0.D	3	0.00578688	4.45011	0.220099	9	CACCTGACACC	TGGCACGTGCCG	+
407-CACCTGACACC	MEIS1_HUMAN.H11MO.1.B	-2	0.00595724	4.58112	0.220099	9	CACCTGACACC	GCTGACAGC	+
407-CACCTGACACC	SIX1_HUMAN.H11MO.0.A	3	0.00596183	4.58465	0.220099	11	CACCTGACACC	TGAAACCTGATACC	+
407-CACCTGACACC	SRBP1_HUMAN.H11MO.0.A	2	0.0060254	4.63354	0.220099	9	CACCTGACACC	CTCACCCCACC	-
407-CACCTGACACC	HEN1_HUMAN.H11MO.0.C	7	0.00621421	4.77873	0.221459	11	CACCTGACACC	AGGGACGCAGCTGCTCCCCA	-
407-CACCTGACACC	MYOG_HUMAN.H11MO.0.B	3	0.00651499	5.01003	0.22665	10	CACCTGACACC	CCGCAGCTGTCCC	+
407-CACCTGACACC	SMAD4_HUMAN.H11MO.0.B	1	0.00688294	5.29298	0.233605	11	CACCTGACACC	CTGTCTGGCACCT	+
407-CACCTGACACC	ATF6A_HUMAN.H11MO.0.B	1	0.00721086	5.54515	0.233605	11	CACCTGACACC	CCACGTCACCAC	-
407-CACCTGACACC	ZN317_HUMAN.H11MO.0.C	6	0.00779193	5.99199	0.233605	11	CACCTGACACC	GAATGACAGCTGACTTCTCA	+
407-CACCTGACACC	ASCL2_HUMAN.H11MO.0.D	1	0.00796137	6.12229	0.233605	8	CACCTGACACC	CCAGCTGCT	+
407-CACCTGACACC	TGIF1_HUMAN.H11MO.0.A	-2	0.00814723	6.26522	0.233605	7	CACCTGACACC	GCTGTCA	-
407-CACCTGACACC	ATOH1_HUMAN.H11MO.0.B	1	0.00843041	6.48298	0.233605	8	CACCTGACACC	CCATCTGCT	-
407-CACCTGACACC	SMAD2_HUMAN.H11MO.0.A	0	0.00848448	6.52457	0.233605	11	CACCTGACACC	TGTCTGTCACCT	+
407-CACCTGACACC	TBX5_HUMAN.H11MO.0.D	-4	0.00849312	6.53121	0.233605	7	CACCTGACACC	TCACACCT	-
407-CACCTGACACC	MYBA_HUMAN.H11MO.0.D	4	0.00870083	6.69093	0.233605	11	CACCTGACACC	TCTCCAACTGCCACT	-
407-CACCTGACACC	NGN2_HUMAN.H11MO.0.D	2	0.00895319	6.885	0.233605	10	CACCTGACACC	GCCATCTGCTCC	-
407-CACCTGACACC	BRAC_HUMAN.H11MO.1.B	-1	0.00932568	7.17145	0.237672	10	CACCTGACACC	ATTTCACACCT	-
407-CACCTGACACC	BMAL1_HUMAN.H11MO.0.A	2	0.00983935	7.56646	0.237672	9	CACCTGACACC	GCCACGTGACT	+
407-CACCTGACACC	ITF2_HUMAN.H11MO.0.C	2	0.00987435	7.59337	0.237672	8	CACCTGACACC	CCCAGCTGCC	-
407-CACCTGACACC	SCRT2_HUMAN.H11MO.0.D	1	0.0100476	7.72657	0.237672	11	CACCTGACACC	CCACCTGTTGCAT	-
407-CACCTGACACC	TBX20_HUMAN.H11MO.0.D	-1	0.0102804	7.90563	0.237672	10	CACCTGACACC	ACCTGTCAGCACCT	-
407-CACCTGACACC	NDF1_HUMAN.H11MO.0.A	2	0.0104265	8.01801	0.237672	8	CACCTGACACC	ACCATCTGTC	-
407-CACCTGACACC	NDF2_HUMAN.H11MO.0.B	1	0.010573	8.13065	0.237672	8	CACCTGACACC	CCATCTGTT	-
407-CACCTGACACC	TF2LX_HUMAN.H11MO.0.D	2	0.0107919	8.29897	0.238916	11	CACCTGACACC	GACAGCTGTCATAGT	-
407-CACCTGACACC	MGAP_HUMAN.H11MO.0.D	4	0.0110974	8.53389	0.240052	11	CACCTGACACC	GTGAAAATTCACACCT	-
407-CACCTGACACC	SCRT1_HUMAN.H11MO.0.D	3	0.0111718	8.59111	0.240052	10	CACCTGACACC	AACCACCTGTTGC	-
407-CACCTGACACC	PTF1A_HUMAN.H11MO.1.B	1	0.0124973	9.61044	0.257404	8	CACCTGACACC	CCAGCTGCT	-
407-CACCTGACACC	HEY2_HUMAN.H11MO.0.D	6	0.0124982	9.61113	0.257404	11	CACCTGACACC	TAATGCCACGTGCCCCC	-
407-CACCTGACACC	ZN331_HUMAN.H11MO.0.C	5	0.0127829	9.83003	0.257404	11	CACCTGACACC	CCACCCAGCTGAGCCCAGCC	-
407-CACCTGACACC	THA_HUMAN.H11MO.1.D	2	0.0129325	9.94506	0.257404	8	CACCTGACACC	CTGACCTGAA	-
407-CACCTGACACC	TBX15_HUMAN.H11MO.0.D	4	0.0130363	10.0249	0.257404	11	CACCTGACACC	CCCCCACCCCCCCCCCCCC	-
407-CACCTGACACC	ATF3_HUMAN.H11MO.0.A	2	0.0135121	10.3908	0.259777	9	CACCTGACACC	ATCACGTCACC	-
407-CACCTGACACC	MXI1_HUMAN.H11MO.0.A	1	0.0148054	11.3854	0.277641	11	CACCTGACACC	GCACGTGGCGGCGGG	+
407-CACCTGACACC	MYOD1_HUMAN.H11MO.1.A	3	0.0149931	11.5297	0.277641	8	CACCTGACACC	CTGCAGCTGTC	+
407-CACCTGACACC	TBX4_HUMAN.H11MO.0.D	7	0.0150113	11.5437	0.277641	11	CACCTGACACC	GGTGTGAAATTTCACACCTT	-
407-CACCTGACACC	BHA15_HUMAN.H11MO.0.B	1	0.0157883	12.1412	0.288361	10	CACCTGACACC	CCAGCTGCTGC	-
407-CACCTGACACC	NKX23_HUMAN.H11MO.0.D	3	0.016622	12.7823	0.299841	8	CACCTGACACC	AACCACTTAAC	-
407-CACCTGACACC	HTF4_HUMAN.H11MO.0.A	2	0.0168416	12.9512	0.300097	8	CACCTGACACC	CACAGCTGCA	-
407-CACCTGACACC	E4F1_HUMAN.H11MO.0.D	0	0.0173422	13.3362	0.305294	9	CACCTGACACC	GACGTCACG	-
407-CACCTGACACC	RXRG_HUMAN.H11MO.0.B	2	0.0178089	13.695	0.309777	11	CACCTGACACC	GTGACCTTTGACC	-
407-CACCTGACACC	LYL1_HUMAN.H11MO.0.A	1	0.0191863	14.7543	0.325975	11	CACCTGACACC	CCAGCTGTTTCCTG	+
407-CACCTGACACC	BRAC_HUMAN.H11MO.0.A	-1	0.0195279	15.017	0.327965	10	CACCTGACACC	ATTTCACACCTCCCTGCTAA	-
407-CACCTGACACC	THB_HUMAN.H11MO.0.C	1	0.021044	16.1828	0.339192	11	CACCTGACACC	TGACCTGACCTGACCTC	-
407-CACCTGACACC	TBX1_HUMAN.H11MO.0.D	7	0.021658	16.655	0.339192	11	CACCTGACACC	CCGCCCACCCCTGCCCACCC	-
407-CACCTGACACC	NR1I3_HUMAN.H11MO.0.C	7	0.0221905	17.0645	0.339192	11	CACCTGACACC	CTGAACTTTCCTGACCCC	-
407-CACCTGACACC	PPARD_HUMAN.H11MO.0.D	1	0.0223126	17.1584	0.339192	11	CACCTGACACC	TGACCTTTGTCCTA	-
407-CACCTGACACC	HIC2_HUMAN.H11MO.0.D	-1	0.0225314	17.3267	0.339192	10	CACCTGACACC	GCCTGGCATGT	-
407-CACCTGACACC	NR2C2_HUMAN.H11MO.0.B	1	0.0227055	17.4605	0.339192	11	CACCTGACACC	TGACCCGGAACC	-
407-CACCTGACACC	SIX2_HUMAN.H11MO.0.A	3	0.0228984	17.6089	0.339192	10	CACCTGACACC	TGAAACCTGAGAC	+
407-CACCTGACACC	ZN134_HUMAN.H11MO.1.C	4	0.0232896	17.9097	0.339192	11	CACCTGACACC	CCTTCACCTGATTAGGT	-
407-CACCTGACACC	ZN784_HUMAN.H11MO.0.D	1	0.0236849	18.2137	0.339192	10	CACCTGACACC	GTACCTACCTC	-
407-CACCTGACACC	MYC_HUMAN.H11MO.0.A	3	0.0236849	18.2137	0.339192	8	CACCTGACACC	GAGCACGTGGC	-
407-CACCTGACACC	EOMES_HUMAN.H11MO.0.D	4	0.0238609	18.349	0.339192	8	CACCTGACACC	TTAACACCTCCT	-
407-CACCTGACACC	TFAP4_HUMAN.H11MO.0.A	1	0.0241428	18.5658	0.339192	9	CACCTGACACC	CCAGCTGTTT	+
407-CACCTGACACC	IRX2_HUMAN.H11MO.0.D	2	0.0243795	18.7478	0.339256	11	CACCTGACACC	CCAACATGCCCACCCATGT	-
407-CACCTGACACC	COT2_HUMAN.H11MO.0.A	0	0.0252814	19.4414	0.34523	11	CACCTGACACC	CCTCTGACCTTTG	-
407-CACCTGACACC	COT1_HUMAN.H11MO.1.C	-1	0.0252814	19.4414	0.34523	10	CACCTGACACC	CCCTGACCTCTGC	-
407-CACCTGACACC	RARB_HUMAN.H11MO.0.D	0	0.0261548	20.1131	0.349668	11	CACCTGACACC	GCCCTGACCTC	-
407-CACCTGACACC	TBR1_HUMAN.H11MO.0.D	6	0.0265554	20.4211	0.349668	7	CACCTGACACC	TTTTCACACCTTT	-
407-CACCTGACACC	OLIG2_HUMAN.H11MO.0.B	1	0.0271531	20.8808	0.354237	11	CACCTGACACC	CCAGCTGTTTCCCTTCTG	+
407-CACCTGACACC	CLOCK_HUMAN.H11MO.0.C	4	0.0285667	21.9678	0.36893	10	CACCTGACACC	TGTTCACGTGTCTG	-
407-CACCTGACACC	MYCN_HUMAN.H11MO.0.A	3	0.0290369	22.3294	0.36893	9	CACCTGACACC	GCCCACGTGGCC	-
407-CACCTGACACC	NFIB_HUMAN.H11MO.0.D	-1	0.0293334	22.5574	0.369485	9	CACCTGACACC	CCCTGGCAG	+
407-CACCTGACACC	RARG_HUMAN.H11MO.1.B	-3	0.0312913	24.063	0.385445	8	CACCTGACACC	CTGACCTC	-
407-CACCTGACACC	TWST1_HUMAN.H11MO.0.A	1	0.0313919	24.1404	0.385445	11	CACCTGACACC	ACATCTGGTTTTAATTA	+
407-CACCTGACACC	TFE2_HUMAN.H11MO.0.A	2	0.031809	24.4612	0.387312	9	CACCTGACACC	CACAGCTGCAG	+
407-CACCTGACACC	TBX3_HUMAN.H11MO.0.C	4	0.0333854	25.6733	0.393652	7	CACCTGACACC	TTCCCACCTCC	-
407-CACCTGACACC	CREB3_HUMAN.H11MO.0.D	3	0.0338417	26.0242	0.393652	10	CACCTGACACC	TGCCACGTCACCA	-
407-CACCTGACACC	CR3L2_HUMAN.H11MO.0.D	4	0.0338417	26.0242	0.393652	9	CACCTGACACC	TGATGACGTGGCA	+
407-CACCTGACACC	ZN329_HUMAN.H11MO.0.C	13	0.0340989	26.222	0.393652	7	CACCTGACACC	CTGGATCCAGCCATGCCTGA	+
407-CACCTGACACC	MAX_HUMAN.H11MO.0.A	1	0.0342156	26.3118	0.393652	9	CACCTGACACC	CCACGTGCTC	-
407-CACCTGACACC	NF2L1_HUMAN.H11MO.0.C	-2	0.0346244	26.6262	0.395243	7	CACCTGACACC	AATGACT	-
407-CACCTGACACC	MXI1_HUMAN.H11MO.1.A	2	0.0350318	26.9395	0.396794	9	CACCTGACACC	CCCACGTGCTC	+
407-CACCTGACACC	NR2C1_HUMAN.H11MO.0.C	2	0.035499	27.2988	0.397764	11	CACCTGACACC	CTGACCTCTGGCC	-
407-CACCTGACACC	EPAS1_HUMAN.H11MO.0.B	1	0.0359342	27.6334	0.397764	8	CACCTGACACC	GTACGTGCC	+
407-CACCTGACACC	VDR_HUMAN.H11MO.1.A	-3	0.0359342	27.6334	0.397764	8	CACCTGACACC	CTGAACCCA	-
407-CACCTGACACC	ZBT18_HUMAN.H11MO.0.C	3	0.0367511	28.2616	0.402655	8	CACCTGACACC	CCACATCTGGA	-
407-CACCTGACACC	SMAD3_HUMAN.H11MO.0.B	-1	0.0369272	28.397	0.402655	10	CACCTGACACC	CTCTGTCACCTG	+
407-CACCTGACACC	RARA_HUMAN.H11MO.1.A	-1	0.0377186	29.0056	0.405237	10	CACCTGACACC	CCCTGACCTT	-
407-CACCTGACACC	MAFA_HUMAN.H11MO.0.D	0	0.0387185	29.7745	0.412942	11	CACCTGACACC	GTGCTGACCCCGCAGCCTTCG	+
407-CACCTGACACC	NRL_HUMAN.H11MO.0.D	-1	0.0404191	31.0823	0.427956	10	CACCTGACACC	TGCTGACGCAG	+
407-CACCTGACACC	MTF1_HUMAN.H11MO.0.C	6	0.0419533	32.2621	0.439102	11	CACCTGACACC	GTTTTGCACACGGCACT	-
407-CACCTGACACC	CREM_HUMAN.H11MO.0.C	-1	0.0423733	32.5851	0.439102	10	CACCTGACACC	CACTGACGTCA	+
407-CACCTGACACC	ESR2_HUMAN.H11MO.1.A	-3	0.0432659	33.2715	0.445194	7	CACCTGACACC	GTGACCT	-
407-CACCTGACACC	RXRB_HUMAN.H11MO.0.C	3	0.0435772	33.5109	0.445262	7	CACCTGACACC	TGTGACCTCA	-
407-CACCTGACACC	TBX19_HUMAN.H11MO.0.D	-1	0.0481068	36.9941	0.484588	10	CACCTGACACC	ATTTCACACCTACGTGTGAAAT	-
407-CACCTGACACC	MBD2_HUMAN.H11MO.0.B	1	0.0487526	37.4908	0.484588	10	CACCTGACACC	CCTCCGGCCCG	-
407-CACCTGACACC	WT1_HUMAN.H11MO.1.B	1	0.0487526	37.4908	0.484588	10	CACCTGACACC	CCTCCTCCCAC	-
407-CACCTGACACC	NR1H4_HUMAN.H11MO.1.B	-2	0.0500533	38.4909	0.494154	8	CACCTGACACC	ACTGACCT	-
407-CACCTGACACC	COT1_HUMAN.H11MO.0.C	-1	0.0506556	38.9542	0.496744	10	CACCTGACACC	CCCTGACCTCTGACCCC	-
408-AAGTGAAAATGT	PRDM1_HUMAN.H11MO.0.A	2	8.88181e-05	0.0683011	0.088106	12	AAGTGAAAATGT	GAAAGTGAAAGTGA	+
408-AAGTGAAAATGT	IRF8_HUMAN.H11MO.0.B	8	0.000125444	0.0964666	0.088106	12	AAGTGAAAATGT	AAAAGAGGAAGTGAAAGTAA	+
408-AAGTGAAAATGT	IRF2_HUMAN.H11MO.0.A	8	0.000211127	0.162357	0.088106	12	AAGTGAAAATGT	GAAAGTGAAAGTGAAAGTAA	+
408-AAGTGAAAATGT	ETV3_HUMAN.H11MO.0.D	1	0.000230244	0.177058	0.088106	12	AAGTGAAAATGT	GAAGTGCAAATGTA	-
408-AAGTGAAAATGT	IRF1_HUMAN.H11MO.0.A	8	0.000396163	0.30465	0.10869	12	AAGTGAAAATGT	GAAAATGAAAGTGAAAGTAA	+
408-AAGTGAAAATGT	NR2E1_HUMAN.H11MO.0.D	0	0.000426052	0.327634	0.10869	12	AAGTGAAAATGT	AAGTCAAAAAGTCAATT	+
408-AAGTGAAAATGT	IRF9_HUMAN.H11MO.0.C	2	0.000510191	0.392337	0.111561	10	AAGTGAAAATGT	GAAAGCGAAACT	+
408-AAGTGAAAATGT	IRF4_HUMAN.H11MO.0.A	8	0.000830839	0.638915	0.158966	10	AAGTGAAAATGT	AAAAGAGGAAGTGAAACT	+
408-AAGTGAAAATGT	STAT2_HUMAN.H11MO.0.A	4	0.00124578	0.958006	0.211873	12	AAGTGAAAATGT	AGGAAAATGAAACTGAAAG	+
408-AAGTGAAAATGT	STAT1_HUMAN.H11MO.1.A	4	0.0016551	1.27277	0.253338	12	AAGTGAAAATGT	AAGAAAATGAAACTGAAAG	+
408-AAGTGAAAATGT	NR2E3_HUMAN.H11MO.0.C	1	0.00244532	1.88045	0.336298	12	AAGTGAAAATGT	AAAGTCAAAAGTCA	+
408-AAGTGAAAATGT	IRF7_HUMAN.H11MO.0.C	2	0.00267386	2.0562	0.336298	8	AAGTGAAAATGT	GAAAGTGAAA	+
408-AAGTGAAAATGT	ZN586_HUMAN.H11MO.0.C	9	0.00285621	2.19643	0.336298	11	AAGTGAAAATGT	AGGCCTAGGAGGAAAAAATG	+
408-AAGTGAAAATGT	SOX11_HUMAN.H11MO.0.D	2	0.00392668	3.01962	0.429313	12	AAGTGAAAATGT	AACAATGCAATTGTTC	+
408-AAGTGAAAATGT	SOX7_HUMAN.H11MO.0.D	2	0.004835	3.71812	0.493381	12	AAGTGAAAATGT	AACAATGAAATTGTTT	+
409-AGGTCTAGGGG	ZN586_HUMAN.H11MO.0.C	0	1.69437e-05	0.0130297	0.0260595	11	AGGTCTAGGGG	AGGCCTAGGAGGAAAAAATG	+
410-ACAGATGRTG	NDF1_HUMAN.H11MO.0.A	1	1.35759e-05	0.0104398	0.0205146	9	ACAGATGGTG	GACAGATGGT	+
410-ACAGATGRTG	NGN2_HUMAN.H11MO.0.D	3	7.47185e-05	0.0574586	0.0457756	9	ACAGATGGTG	GGAGCAGATGGC	+
410-ACAGATGRTG	NDF2_HUMAN.H11MO.0.B	1	9.08781e-05	0.0698853	0.0457756	8	ACAGATGGTG	AACAGATGG	+
410-ACAGATGRTG	ATOH1_HUMAN.H11MO.0.B	1	0.000133945	0.103004	0.0506014	8	ACAGATGGTG	AGCAGATGG	+
410-ACAGATGRTG	OLIG1_HUMAN.H11MO.0.D	5	0.00016819	0.129338	0.0508309	9	ACAGATGGTG	AAAAAACATATGGT	-
410-ACAGATGRTG	MYOD1_HUMAN.H11MO.1.A	1	0.000307984	0.23684	0.0775663	10	ACAGATGGTG	GACAGCTGCAG	-
410-ACAGATGRTG	BHE22_HUMAN.H11MO.0.D	4	0.000458633	0.352689	0.0928246	9	ACAGATGGTG	AAAAACATATGGT	-
410-ACAGATGRTG	TWST1_HUMAN.H11MO.1.A	1	0.000491424	0.377905	0.0928246	9	ACAGATGGTG	ACCAGATGTG	-
410-ACAGATGRTG	OLIG3_HUMAN.H11MO.0.D	2	0.000691059	0.531424	0.110703	9	ACAGATGGTG	AAACATATGGT	-
410-ACAGATGRTG	SCRT1_HUMAN.H11MO.0.D	3	0.000732591	0.563362	0.110703	10	ACAGATGGTG	GCAACAGGTGGTT	+
410-ACAGATGRTG	MYOG_HUMAN.H11MO.0.B	3	0.000951591	0.731773	0.130724	10	ACAGATGGTG	GGGACAGCTGCGG	-
410-ACAGATGRTG	FIGLA_HUMAN.H11MO.0.D	2	0.00123565	0.950215	0.1556	9	ACAGATGGTG	TAACAGGTGTT	+
410-ACAGATGRTG	TFAP4_HUMAN.H11MO.0.A	2	0.00140057	1.07704	0.162801	8	ACAGATGGTG	AAACAGCTGG	-
410-ACAGATGRTG	MYF6_HUMAN.H11MO.0.C	0	0.00183602	1.4119	0.184962	7	ACAGATGGTG	GCAGCTG	-
410-ACAGATGRTG	SNAI1_HUMAN.H11MO.0.C	0	0.00196262	1.50926	0.185359	8	ACAGATGGTG	CCAGGTGG	+
410-ACAGATGRTG	ZBT18_HUMAN.H11MO.0.C	1	0.00216297	1.66333	0.192264	10	ACAGATGGTG	TCCAGATGTGG	+
410-ACAGATGRTG	BHA15_HUMAN.H11MO.0.B	0	0.00259471	1.99533	0.207035	10	ACAGATGGTG	CCAGCTGCTGC	-
410-ACAGATGRTG	OLIG2_HUMAN.H11MO.1.B	2	0.00276574	2.12685	0.208967	8	ACAGATGGTG	AAACAGATGG	-
410-ACAGATGRTG	SCRT2_HUMAN.H11MO.0.D	5	0.00292907	2.25246	0.210769	8	ACAGATGGTG	ATGCAACAGGTGG	+
410-ACAGATGRTG	TAL1_HUMAN.H11MO.1.A	6	0.00339231	2.60869	0.233007	9	ACAGATGGTG	CAGGAAGCAGATGTG	+
410-ACAGATGRTG	PTF1A_HUMAN.H11MO.1.B	1	0.00363583	2.79595	0.238876	8	ACAGATGGTG	AGCAGCTGG	+
410-ACAGATGRTG	MESP1_HUMAN.H11MO.0.D	0	0.00496142	3.81533	0.302332	10	ACAGATGGTG	GCAGGTGTGGA	+
410-ACAGATGRTG	HXB1_HUMAN.H11MO.0.D	2	0.00500181	3.84639	0.302332	8	ACAGATGGTG	TGATGGATGG	+
410-ACAGATGRTG	ASCL1_HUMAN.H11MO.0.A	4	0.00591518	4.54877	0.309921	10	ACAGATGGTG	GGGAGCAGGTGCAG	-
410-ACAGATGRTG	ASCL2_HUMAN.H11MO.0.D	1	0.0062625	4.81586	0.315444	8	ACAGATGGTG	AGCAGCTGG	-
410-ACAGATGRTG	BHE23_HUMAN.H11MO.0.D	1	0.00677713	5.21161	0.319825	10	ACAGATGGTG	AGCATATGGTGG	+
410-ACAGATGRTG	TGIF2_HUMAN.H11MO.0.D	3	0.00698038	5.36791	0.319825	8	ACAGATGGTG	ATGACAGCTGT	+
410-ACAGATGRTG	SNAI2_HUMAN.H11MO.0.A	1	0.00705853	5.42801	0.319825	9	ACAGATGGTG	GGCAGGTGCA	+
410-ACAGATGRTG	TFE2_HUMAN.H11MO.0.A	1	0.00738317	5.67766	0.319825	10	ACAGATGGTG	CACAGCTGCAG	+
410-ACAGATGRTG	HTF4_HUMAN.H11MO.0.A	1	0.00746975	5.74424	0.319825	9	ACAGATGGTG	CACAGCTGCA	-
410-ACAGATGRTG	MYOD1_HUMAN.H11MO.0.A	7	0.00811897	6.24349	0.319825	8	ACAGATGGTG	GGCAGGAACAGCTGC	-
410-ACAGATGRTG	OLIG2_HUMAN.H11MO.0.B	10	0.00813823	6.2583	0.319825	8	ACAGATGGTG	CAGAAGGGAAACAGCTGG	-
410-ACAGATGRTG	TWST1_HUMAN.H11MO.0.A	9	0.00823654	6.3339	0.319825	8	ACAGATGGTG	TAATTAAAACCAGATGT	-
410-ACAGATGRTG	ID4_HUMAN.H11MO.0.D	1	0.00825431	6.34756	0.319825	10	ACAGATGGTG	GACAGGTGTAA	+
410-ACAGATGRTG	MEIS2_HUMAN.H11MO.0.B	3	0.00877062	6.74461	0.330049	10	ACAGATGGTG	TTGACAGCTGTCA	+
410-ACAGATGRTG	TYY1_HUMAN.H11MO.0.A	0	0.00895501	6.8864	0.330049	10	ACAGATGGTG	CAAGATGGCGGC	+
410-ACAGATGRTG	ATF2_HUMAN.H11MO.1.B	1	0.009178	7.05788	0.330214	10	ACAGATGGTG	AAATGATGATGTCATCATTT	+
410-ACAGATGRTG	ITF2_HUMAN.H11MO.0.C	1	0.0104412	8.02926	0.366925	9	ACAGATGGTG	GGCAGCTGGG	+
410-ACAGATGRTG	ZN134_HUMAN.H11MO.1.C	6	0.0121825	9.36831	0.401226	10	ACAGATGGTG	ACCTAATCAGGTGAAGG	+
410-ACAGATGRTG	ZN768_HUMAN.H11MO.0.C	7	0.0160412	12.3357	0.493971	10	ACAGATGGTG	GAGGCTCAGAGAGGTTAAGT	+
410-ACAGATGRTG	MEIS3_HUMAN.H11MO.0.D	4	0.0166715	12.8204	0.493971	7	ACAGATGGTG	TTTGACAGGTG	+
411-ATTTTTTTTTTTTG	FOXJ3_HUMAN.H11MO.1.B	-1	0.000124893	0.0960426	0.0890253	13	ATTTTTTTTTTTTG	TTGTTTTTGTTTA	+
411-ATTTTTTTTTTTTG	FOXJ3_HUMAN.H11MO.0.A	0	0.000159032	0.122296	0.0890253	13	ATTTTTTTTTTTTG	TTGTTTATTTTTT	+
411-ATTTTTTTTTTTTG	CPEB1_HUMAN.H11MO.0.D	5	0.000174714	0.134355	0.0890253	12	ATTTTTTTTTTTTG	TTTTTATTTTTTTTTTT	+
411-ATTTTTTTTTTTTG	FUBP1_HUMAN.H11MO.0.D	-1	0.000845742	0.650375	0.263593	12	ATTTTTTTTTTTTG	TTGTGTTTTTTT	+
411-ATTTTTTTTTTTTG	HXC6_HUMAN.H11MO.0.D	3	0.000862178	0.663015	0.263593	12	ATTTTTTTTTTTTG	ATGATTTATTACTTT	+
411-ATTTTTTTTTTTTG	FOXF1_HUMAN.H11MO.0.D	0	0.00176688	1.35873	0.432493	11	ATTTTTTTTTTTTG	ATGTTTATTTT	+
411-ATTTTTTTTTTTTG	ONEC3_HUMAN.H11MO.0.D	5	0.00218043	1.67675	0.432493	7	ATTTTTTTTTTTTG	TATTGATTTTTT	+
411-ATTTTTTTTTTTTG	FOXL1_HUMAN.H11MO.0.D	0	0.00270465	2.07988	0.432493	14	ATTTTTTTTTTTTG	TGTTTGTTTGTTTACTTTT	+
411-ATTTTTTTTTTTTG	Z354A_HUMAN.H11MO.0.C	9	0.00304423	2.34101	0.432493	14	ATTTTTTTTTTTTG	ATTTAGTCCATTTACATTTAATGT	+
411-ATTTTTTTTTTTTG	FOXJ2_HUMAN.H11MO.0.C	-1	0.00319391	2.45612	0.432493	10	ATTTTTTTTTTTTG	TGTTTATTTA	+
411-ATTTTTTTTTTTTG	MEF2B_HUMAN.H11MO.0.A	0	0.00346394	2.66377	0.432493	14	ATTTTTTTTTTTTG	GTTGCTATTTTTGG	+
411-ATTTTTTTTTTTTG	HMX1_HUMAN.H11MO.0.D	4	0.00374684	2.88132	0.432493	13	ATTTTTTTTTTTTG	GTTAATTGTTTTTTAAT	+
411-ATTTTTTTTTTTTG	IRF9_HUMAN.H11MO.0.C	0	0.00411923	3.16769	0.432493	12	ATTTTTTTTTTTTG	AGTTTCGCTTTC	-
411-ATTTTTTTTTTTTG	STAT1_HUMAN.H11MO.1.A	5	0.00420466	3.23339	0.432493	14	ATTTTTTTTTTTTG	CTTTCAGTTTCATTTTCTT	-
411-ATTTTTTTTTTTTG	STAT2_HUMAN.H11MO.0.A	5	0.00441254	3.39324	0.432493	14	ATTTTTTTTTTTTG	CTTTCAGTTTCATTTTCCT	-
411-ATTTTTTTTTTTTG	FOXG1_HUMAN.H11MO.0.D	3	0.00476239	3.66227	0.432493	14	ATTTTTTTTTTTTG	ATTGTTTATATTTTTTT	+
411-ATTTTTTTTTTTTG	FOXQ1_HUMAN.H11MO.0.C	1	0.00480974	3.69869	0.432493	11	ATTTTTTTTTTTTG	TATTGTTTATTT	+
413-AAATAAAATCGA	CPEB1_HUMAN.H11MO.0.D	8	0.000392584	0.301897	0.329128	9	AAATAAAATCGA	AAAAAAAAAAATAAAAA	-
413-AAATAAAATCGA	ONEC3_HUMAN.H11MO.0.D	-2	0.000433649	0.333476	0.329128	10	AAATAAAATCGA	AAAAAATCAATA	-
413-AAATAAAATCGA	ONEC2_HUMAN.H11MO.0.D	0	0.000700924	0.539011	0.354656	12	AAATAAAATCGA	AAAAAAAATCAATAACAAGAC	-
413-AAATAAAATCGA	STAT2_HUMAN.H11MO.0.A	4	0.00123764	0.951748	0.370779	12	AAATAAAATCGA	AGGAAAATGAAACTGAAAG	+
413-AAATAAAATCGA	HXB13_HUMAN.H11MO.0.A	2	0.00146378	1.12565	0.370779	8	AAATAAAATCGA	GCCAATAAAA	-
413-AAATAAAATCGA	HXA13_HUMAN.H11MO.0.C	1	0.00151517	1.16517	0.370779	10	AAATAAAATCGA	CCAATAAAACC	-
413-AAATAAAATCGA	ZN502_HUMAN.H11MO.0.C	0	0.00172864	1.32932	0.370779	12	AAATAAAATCGA	GAATGGAATCGAATGGAATC	+
413-AAATAAAATCGA	STAT1_HUMAN.H11MO.1.A	4	0.00195411	1.50271	0.370779	12	AAATAAAATCGA	AAGAAAATGAAACTGAAAG	+
413-AAATAAAATCGA	MSX1_HUMAN.H11MO.0.D	2	0.00286962	2.20674	0.474274	12	AAATAAAATCGA	CCAATTAAAAACCAATTA	-
413-AAATAAAATCGA	HXD12_HUMAN.H11MO.0.D	1	0.00338409	2.60236	0.474274	10	AAATAAAATCGA	GTAATAAAATT	-
413-AAATAAAATCGA	FOXJ3_HUMAN.H11MO.1.B	1	0.00343688	2.64296	0.474274	12	AAATAAAATCGA	TAAACAAAAACAA	-
415-AAATGAATAATW	ZFHX3_HUMAN.H11MO.0.D	0	2.45078e-05	0.0188465	0.0350527	11	AAATGAATAATT	TAATTATTAAT	-
415-AAATGAATAATW	FOXQ1_HUMAN.H11MO.0.C	0	0.000210894	0.162177	0.0865054	12	AAATGAATAATT	AAATAAACAATT	-
415-AAATGAATAATW	HNF1B_HUMAN.H11MO.1.A	-1	0.000293477	0.225684	0.0865054	11	AAATGAATAATT	AATCATTAACT	-
415-AAATGAATAATW	HNF6_HUMAN.H11MO.0.B	0	0.000410323	0.315538	0.0865054	11	AAATGAATAATT	AAATCAATAAA	-
415-AAATGAATAATW	PO4F3_HUMAN.H11MO.0.D	-2	0.000430652	0.331172	0.0865054	10	AAATGAATAATT	ATGAATAATTAATGA	-
415-AAATGAATAATW	HNF1B_HUMAN.H11MO.0.A	3	0.000460246	0.35393	0.0865054	12	AAATGAATAATT	GGTTAATGATTAACC	+
415-AAATGAATAATW	PO4F1_HUMAN.H11MO.0.D	-2	0.000539061	0.414538	0.0865054	10	AAATGAATAATT	ATGAATAATTAATG	-
415-AAATGAATAATW	HXC6_HUMAN.H11MO.0.D	4	0.000598737	0.460428	0.0865054	11	AAATGAATAATT	AAAGTAATAAATCAT	-
415-AAATGAATAATW	PIT1_HUMAN.H11MO.0.C	1	0.000692086	0.532214	0.0865054	12	AAATGAATAATT	CTCATGAATATAT	+
415-AAATGAATAATW	FOSL2_HUMAN.H11MO.0.A	0	0.000696201	0.535378	0.0865054	12	AAATGAATAATT	GGATGAGTCATC	+
415-AAATGAATAATW	LHX3_HUMAN.H11MO.0.C	1	0.000786264	0.604637	0.0865054	12	AAATGAATAATT	AAAATTAATTAAT	+
415-AAATGAATAATW	JUN_HUMAN.H11MO.0.A	-1	0.000891918	0.685885	0.0911203	11	AAATGAATAATT	GATGACTCATC	-
415-AAATGAATAATW	NKX61_HUMAN.H11MO.1.B	0	0.00135598	1.04275	0.111876	7	AAATGAATAATT	TAATGAA	+
415-AAATGAATAATW	HNF1A_HUMAN.H11MO.0.C	3	0.00136648	1.05082	0.111876	12	AAATGAATAATT	GGTTAATGATTAACT	+
415-AAATGAATAATW	FOSL1_HUMAN.H11MO.0.A	0	0.00147151	1.13159	0.111876	12	AAATGAATAATT	GGATGAGTCACC	+
415-AAATGAATAATW	HXB7_HUMAN.H11MO.0.C	-2	0.00148618	1.14287	0.111876	10	AAATGAATAATT	TTGATTAATG	+
415-AAATGAATAATW	CUX2_HUMAN.H11MO.0.D	0	0.00237077	1.82312	0.129884	11	AAATGAATAATT	AAATCAATGAA	+
415-AAATGAATAATW	JUND_HUMAN.H11MO.0.A	-1	0.00237077	1.82312	0.129884	11	AAATGAATAATT	GATGACTCATC	-
415-AAATGAATAATW	HXB8_HUMAN.H11MO.0.C	-2	0.00237077	1.82312	0.129884	10	AAATGAATAATT	TTGATTAATGC	+
415-AAATGAATAATW	PO4F2_HUMAN.H11MO.0.D	1	0.0025115	1.93134	0.129884	12	AAATGAATAATT	CAGCTCATTAATA	-
415-AAATGAATAATW	BATF_HUMAN.H11MO.1.A	-1	0.0026671	2.051	0.129884	11	AAATGAATAATT	ATTGAGTCATC	-
415-AAATGAATAATW	HXA9_HUMAN.H11MO.0.B	0	0.0026671	2.051	0.129884	11	AAATGAATAATT	CCATAAATCAT	-
415-AAATGAATAATW	FOSB_HUMAN.H11MO.0.A	-2	0.00272431	2.095	0.129884	9	AAATGAATAATT	ATGAGTCAT	+
415-AAATGAATAATW	BSH_HUMAN.H11MO.0.D	1	0.00286199	2.20087	0.132046	12	AAATGAATAATT	TAATGAGTTAATTG	+
415-AAATGAATAATW	ONEC2_HUMAN.H11MO.0.D	5	0.00313258	2.40896	0.140014	12	AAATGAATAATT	AAAAAAAATCAATAACAAGAC	-
415-AAATGAATAATW	MEIS1_HUMAN.H11MO.0.A	1	0.00336887	2.59066	0.14074	11	AAATGAATAATT	GCCATAAATCAT	-
415-AAATGAATAATW	PO3F4_HUMAN.H11MO.0.D	2	0.00344367	2.64818	0.14074	12	AAATGAATAATT	TAATTTGCATAATTTAT	+
415-AAATGAATAATW	JUNB_HUMAN.H11MO.0.A	-1	0.00356539	2.74178	0.14074	11	AAATGAATAATT	GGTGACTCAGA	-
415-AAATGAATAATW	FOS_HUMAN.H11MO.0.A	-2	0.00368821	2.83624	0.14074	9	AAATGAATAATT	GTGACTCAC	-
415-AAATGAATAATW	BATF_HUMAN.H11MO.0.A	7	0.00383763	2.95114	0.14074	11	AAATGAATAATT	ACTTTCGATATGACTCAT	+
415-AAATGAATAATW	SOX1_HUMAN.H11MO.0.D	-2	0.00457298	3.51662	0.152993	10	AAATGAATAATT	ATGAATAACATTCATC	-
415-AAATGAATAATW	CPEB1_HUMAN.H11MO.0.D	4	0.00459962	3.53711	0.152993	12	AAATGAATAATT	AAAAAAAAAAATAAAAA	-
415-AAATGAATAATW	BARX2_HUMAN.H11MO.0.D	0	0.00487089	3.74572	0.154815	10	AAATGAATAATT	CAATTAATGA	-
415-AAATGAATAATW	HXB6_HUMAN.H11MO.0.D	1	0.00528635	4.0652	0.160337	12	AAATGAATAATT	TGCATCAATCATT	-
415-AAATGAATAATW	HXA10_HUMAN.H11MO.0.C	0	0.00559959	4.30608	0.160337	12	AAATGAATAATT	TCATAAATTATC	-
415-AAATGAATAATW	SMCA1_HUMAN.H11MO.0.C	0	0.00591808	4.551	0.162973	12	AAATGAATAATT	CCAAGAAGAATG	+
415-AAATGAATAATW	PAX7_HUMAN.H11MO.0.D	1	0.00661667	5.08822	0.17539	10	AAATGAATAATT	TAATTGATTAT	+
415-AAATGAATAATW	LMX1A_HUMAN.H11MO.0.D	0	0.00668555	5.14119	0.17539	12	AAATGAATAATT	TAATTAATTATTTAATTAA	+
415-AAATGAATAATW	FOXJ3_HUMAN.H11MO.0.A	3	0.00696544	5.35642	0.17539	10	AAATGAATAATT	AAAAAATAAACAA	-
415-AAATGAATAATW	FOXF1_HUMAN.H11MO.0.D	1	0.00698977	5.37513	0.17539	10	AAATGAATAATT	AAAATAAACAT	-
415-AAATGAATAATW	ZN652_HUMAN.H11MO.0.D	0	0.00738224	5.67694	0.182045	11	AAATGAATAATT	AAAGGGTTAAT	+
415-AAATGAATAATW	NF2L1_HUMAN.H11MO.0.C	-1	0.00757477	5.825	0.183627	7	AAATGAATAATT	AATGACT	-
415-AAATGAATAATW	PRDM6_HUMAN.H11MO.0.C	1	0.00865003	6.65187	0.200749	12	AAATGAATAATT	AAAAAGAAAAAAA	+
415-AAATGAATAATW	NR2E1_HUMAN.H11MO.0.D	0	0.00899034	6.91357	0.204105	12	AAATGAATAATT	AAGTCAAAAAGTCAATT	+
415-AAATGAATAATW	DUXA_HUMAN.H11MO.0.D	-3	0.00916469	7.04765	0.204812	9	AAATGAATAATT	TGATTAAATTA	+
415-AAATGAATAATW	PO3F3_HUMAN.H11MO.0.D	2	0.00949212	7.29944	0.208866	12	AAATGAATAATT	AAATTTGCATAATTTAT	-
415-AAATGAATAATW	ONEC3_HUMAN.H11MO.0.D	3	0.0112958	8.68647	0.241135	9	AAATGAATAATT	AAAAAATCAATA	-
415-AAATGAATAATW	FOXJ2_HUMAN.H11MO.0.C	1	0.0117628	9.04561	0.246478	9	AAATGAATAATT	TAAATAAACA	-
415-AAATGAATAATW	PAX3_HUMAN.H11MO.0.D	3	0.0118908	9.14399	0.246478	10	AAATGAATAATT	GATAATCGATTAA	+
415-AAATGAATAATW	HXA5_HUMAN.H11MO.0.D	-2	0.0124049	9.53938	0.249672	10	AAATGAATAATT	TTGATTAATG	+
415-AAATGAATAATW	GSC_HUMAN.H11MO.0.D	0	0.0125923	9.68349	0.249672	11	AAATGAATAATT	AAGGGATTAGC	+
415-AAATGAATAATW	FOXL1_HUMAN.H11MO.0.D	6	0.012899	9.91932	0.249672	12	AAATGAATAATT	AAAAGTAAACAAACAAACA	-
415-AAATGAATAATW	PO5F1_HUMAN.H11MO.1.A	0	0.0130791	10.0578	0.249672	10	AAATGAATAATT	ATATGCAAAT	+
415-AAATGAATAATW	PO2F2_HUMAN.H11MO.0.A	0	0.0132668	10.2021	0.249672	11	AAATGAATAATT	ATATGCAAATG	+
415-AAATGAATAATW	UNC4_HUMAN.H11MO.0.D	1	0.0132668	10.2021	0.249672	10	AAATGAATAATT	TAATTAAATTA	-
415-AAATGAATAATW	RAX2_HUMAN.H11MO.0.D	1	0.0146487	11.2648	0.272098	11	AAATGAATAATT	TAATTTAATTAG	-
415-AAATGAATAATW	PDX1_HUMAN.H11MO.0.A	-1	0.0152455	11.7238	0.278141	9	AAATGAATAATT	CATCAATCA	-
415-AAATGAATAATW	PBX1_HUMAN.H11MO.1.C	1	0.0155574	11.9636	0.278141	12	AAATGAATAATT	AATTTGATTGATGGG	+
415-AAATGAATAATW	HXD4_HUMAN.H11MO.0.D	1	0.0160452	12.3388	0.283321	7	AAATGAATAATT	TCAATTAA	-
415-AAATGAATAATW	CEBPB_HUMAN.H11MO.0.A	0	0.0170755	13.1311	0.29354	12	AAATGAATAATT	TATTGCACAATC	-
415-AAATGAATAATW	NKX62_HUMAN.H11MO.0.D	-1	0.0180592	13.8875	0.294856	11	AAATGAATAATT	GGTAATTAATT	-
415-AAATGAATAATW	PBX2_HUMAN.H11MO.0.C	2	0.0181416	13.9509	0.294856	12	AAATGAATAATT	TAAATTGATTGATGG	+
415-AAATGAATAATW	NFIL3_HUMAN.H11MO.0.D	-1	0.0189969	14.6086	0.301896	11	AAATGAATAATT	ATTACATAACT	-
415-AAATGAATAATW	NOTO_HUMAN.H11MO.0.D	0	0.0189969	14.6086	0.301896	11	AAATGAATAATT	ACCTAATTAAC	-
415-AAATGAATAATW	HXC8_HUMAN.H11MO.0.D	-1	0.01921	14.7725	0.301929	11	AAATGAATAATT	TTTGATTGATGCCC	+
415-AAATGAATAATW	HOMEZ_HUMAN.H11MO.0.D	4	0.0200758	15.4383	0.312106	11	AAATGAATAATT	AAAAAAACGATTTTT	-
415-AAATGAATAATW	MEOX2_HUMAN.H11MO.0.D	1	0.0210068	16.1543	0.323069	10	AAATGAATAATT	ATCATAATTAA	-
415-AAATGAATAATW	EMX1_HUMAN.H11MO.0.D	-1	0.0219487	16.8785	0.333963	11	AAATGAATAATT	ATTAGCTAATTA	-
415-AAATGAATAATW	PAX4_HUMAN.H11MO.0.D	2	0.0230636	17.7359	0.346487	10	AAATGAATAATT	GCGAATTAGTTA	-
415-AAATGAATAATW	EMX2_HUMAN.H11MO.0.D	-1	0.0242296	18.6326	0.346487	11	AAATGAATAATT	ATTAGCTAATTA	-
415-AAATGAATAATW	HMX1_HUMAN.H11MO.0.D	5	0.0242459	18.6451	0.346487	12	AAATGAATAATT	ATTAAAAAACAATTAAC	-
415-AAATGAATAATW	LHX4_HUMAN.H11MO.0.D	-2	0.0243866	18.7533	0.346487	10	AAATGAATAATT	CTAATTAACTT	-
415-AAATGAATAATW	FOXO4_HUMAN.H11MO.0.C	-1	0.0244676	18.8156	0.346487	9	AAATGAATAATT	AATAAACAA	-
415-AAATGAATAATW	PDX1_HUMAN.H11MO.1.A	-2	0.0244676	18.8156	0.346487	9	AAATGAATAATT	ATAATTAAT	-
415-AAATGAATAATW	PO2F3_HUMAN.H11MO.0.D	1	0.0285481	21.9535	0.388151	12	AAATGAATAATT	GTTATGCAAATTTG	+
415-AAATGAATAATW	NKX61_HUMAN.H11MO.0.B	3	0.0293784	22.592	0.388151	12	AAATGAATAATT	GATTAATGGGAATTTAATG	+
415-AAATGAATAATW	FOXJ3_HUMAN.H11MO.1.B	0	0.0294345	22.6351	0.388151	12	AAATGAATAATT	TAAACAAAAACAA	-
415-AAATGAATAATW	HXB3_HUMAN.H11MO.0.D	1	0.0299666	23.0443	0.388151	12	AAATGAATAATT	TTAATTAGTTTTTA	+
415-AAATGAATAATW	HBP1_HUMAN.H11MO.0.D	1	0.030004	23.0731	0.388151	8	AAATGAATAATT	TCAATGAAT	-
415-AAATGAATAATW	MSX1_HUMAN.H11MO.0.D	1	0.031099	23.9151	0.388151	12	AAATGAATAATT	CCAATTAAAAACCAATTA	-
415-AAATGAATAATW	OTX2_HUMAN.H11MO.0.A	0	0.0311306	23.9394	0.388151	11	AAATGAATAATT	AGGGGATTAAC	+
415-AAATGAATAATW	P5F1B_HUMAN.H11MO.0.D	4	0.032164	24.7342	0.388151	12	AAATGAATAATT	ATGAATATGCAAATTA	-
415-AAATGAATAATW	HME1_HUMAN.H11MO.0.D	2	0.032591	25.0624	0.388151	12	AAATGAATAATT	ATAATTGGGTAATTAGC	-
415-AAATGAATAATW	ALX3_HUMAN.H11MO.0.D	1	0.0326664	25.1204	0.388151	10	AAATGAATAATT	TAATTTAATTA	-
415-AAATGAATAATW	PO6F1_HUMAN.H11MO.0.D	1	0.0339928	26.1405	0.388151	12	AAATGAATAATT	TGCATAAATTATG	-
415-AAATGAATAATW	ATF4_HUMAN.H11MO.0.A	-1	0.0340068	26.1512	0.388151	11	AAATGAATAATT	ATTGCATCATCT	-
415-AAATGAATAATW	OTX1_HUMAN.H11MO.0.D	-2	0.0342439	26.3336	0.388151	8	AAATGAATAATT	AGGATTAG	+
415-AAATGAATAATW	DRGX_HUMAN.H11MO.0.D	1	0.0342701	26.3537	0.388151	10	AAATGAATAATT	TAATTAAATTA	-
415-AAATGAATAATW	DUX4_HUMAN.H11MO.0.A	-3	0.0342701	26.3537	0.388151	9	AAATGAATAATT	TGATTAGGTTA	+
415-AAATGAATAATW	NFAC1_HUMAN.H11MO.1.B	-1	0.0359257	27.6269	0.388151	10	AAATGAATAATT	AATGGAAAAT	+
415-AAATGAATAATW	PROP1_HUMAN.H11MO.0.D	1	0.0359444	27.6412	0.388151	10	AAATGAATAATT	TAATTGAATTA	+
415-AAATGAATAATW	GSX1_HUMAN.H11MO.0.D	0	0.0361637	27.8099	0.388151	12	AAATGAATAATT	TAATTAGTTTTTAAT	+
415-AAATGAATAATW	HXA2_HUMAN.H11MO.0.D	-1	0.0376919	28.9851	0.388151	11	AAATGAATAATT	GGTAATTAGCG	+
415-AAATGAATAATW	DBP_HUMAN.H11MO.0.B	0	0.0376919	28.9851	0.388151	11	AAATGAATAATT	TGTTACATAAC	-
415-AAATGAATAATW	PHX2A_HUMAN.H11MO.0.D	1	0.0376919	28.9851	0.388151	10	AAATGAATAATT	TAATTAAATTA	-
415-AAATGAATAATW	FOXC1_HUMAN.H11MO.0.C	3	0.0379242	29.1637	0.388151	12	AAATGAATAATT	CTTAAGTAAACAATG	-
415-AAATGAATAATW	PRRX2_HUMAN.H11MO.0.C	0	0.0379724	29.2008	0.388151	7	AAATGAATAATT	CAATTAA	-
415-AAATGAATAATW	SOX13_HUMAN.H11MO.0.D	-4	0.0379932	29.2167	0.388151	8	AAATGAATAATT	GAACAATG	-
415-AAATGAATAATW	GSX2_HUMAN.H11MO.0.D	1	0.0389659	29.9648	0.388151	12	AAATGAATAATT	TTAATTAGTTTTTAAT	+
415-AAATGAATAATW	HXC10_HUMAN.H11MO.0.D	1	0.0393752	30.2795	0.388151	12	AAATGAATAATT	GTAATAAAAAAATTAAAAA	-
415-AAATGAATAATW	HXD8_HUMAN.H11MO.0.D	-1	0.0395154	30.3873	0.388151	11	AAATGAATAATT	TATGCAAATTA	-
415-AAATGAATAATW	LMX1B_HUMAN.H11MO.0.D	-3	0.0396212	30.4687	0.388151	9	AAATGAATAATT	TAATTAATTGATTTATTT	+
415-AAATGAATAATW	DLX6_HUMAN.H11MO.0.D	2	0.0397611	30.5763	0.388151	12	AAATGAATAATT	AAATTAAGGTAATTA	+
415-AAATGAATAATW	VSX1_HUMAN.H11MO.0.D	1	0.0398933	30.678	0.388151	12	AAATGAATAATT	AAATTAGCTAATTA	-
415-AAATGAATAATW	CEBPA_HUMAN.H11MO.0.A	0	0.0410701	31.5829	0.391609	12	AAATGAATAATT	GATTGCACAACC	-
415-AAATGAATAATW	CEBPG_HUMAN.H11MO.0.B	-1	0.0410701	31.5829	0.391609	11	AAATGAATAATT	ATTGCATCATCC	+
415-AAATGAATAATW	ALX1_HUMAN.H11MO.0.B	1	0.0430295	33.0897	0.400791	11	AAATGAATAATT	TAATTCAATTAT	-
415-AAATGAATAATW	GATA5_HUMAN.H11MO.0.D	1	0.0434342	33.4009	0.400791	12	AAATGAATAATT	TAAGAGATAACTTAGAT	+
415-AAATGAATAATW	DMBX1_HUMAN.H11MO.0.D	8	0.04484	34.4819	0.403341	12	AAATGAATAATT	TAATTATAATCTAATTAATT	+
415-AAATGAATAATW	ALX4_HUMAN.H11MO.0.D	2	0.045072	34.6603	0.403341	10	AAATGAATAATT	TTAATTAAATTA	+
415-AAATGAATAATW	DPRX_HUMAN.H11MO.0.D	-1	0.0454697	34.9662	0.403341	11	AAATGAATAATT	ACGGATTATCC	+
415-AAATGAATAATW	LHX9_HUMAN.H11MO.0.D	4	0.0456846	35.1314	0.403341	12	AAATGAATAATT	TAATTAATAGCTAATTAG	-
415-AAATGAATAATW	PITX3_HUMAN.H11MO.0.D	8	0.0456846	35.1314	0.403341	10	AAATGAATAATT	GGGGGATTAAGGGATTAA	+
415-AAATGAATAATW	ZN394_HUMAN.H11MO.1.D	1	0.0468087	35.9959	0.409005	8	AAATGAATAATT	GAATGGAAT	+
415-AAATGAATAATW	ZN680_HUMAN.H11MO.0.C	5	0.047021	36.1591	0.409005	12	AAATGAATAATT	CATGTCCAAGAAGAATGAGG	+
415-AAATGAATAATW	NFE2_HUMAN.H11MO.0.A	0	0.047184	36.2845	0.409005	12	AAATGAATAATT	GCATGACTCAGCA	+
415-AAATGAATAATW	FOXG1_HUMAN.H11MO.0.D	6	0.0477055	36.6855	0.411035	11	AAATGAATAATT	AAAAAAATATAAACAAT	-
415-AAATGAATAATW	FEZF1_HUMAN.H11MO.0.C	1	0.049418	38.0024	0.416347	11	AAATGAATAATT	AAAAAGAGCAGC	-
415-AAATGAATAATW	PO6F2_HUMAN.H11MO.0.D	0	0.0498722	38.3518	0.416347	11	AAATGAATAATT	AGCTAATTAAC	-
415-AAATGAATAATW	LHX6_HUMAN.H11MO.0.D	0	0.0500687	38.5028	0.416347	10	AAATGAATAATT	CTCTGATTAC	+
415-AAATGAATAATW	HXD9_HUMAN.H11MO.0.D	0	0.0500687	38.5028	0.416347	10	AAATGAATAATT	TAATTAAATT	-
415-AAATGAATAATW	NFAC3_HUMAN.H11MO.0.B	-3	0.0515291	39.6259	0.421911	9	AAATGAATAATT	TGGAAAACT	+
415-AAATGAATAATW	ZFP28_HUMAN.H11MO.0.C	4	0.0516672	39.7321	0.421911	12	AAATGAATAATT	TGACACAAGAAGAAATAGAA	-
415-AAATGAATAATW	ZBT49_HUMAN.H11MO.0.D	-3	0.0522127	40.1516	0.421911	9	AAATGAATAATT	GCGCTAATTGG	+
415-AAATGAATAATW	ETV3_HUMAN.H11MO.0.D	1	0.0526622	40.4972	0.423153	12	AAATGAATAATT	GAAGTGCAAATGTA	-
415-AAATGAATAATW	HMBX1_HUMAN.H11MO.0.D	-3	0.054044	41.5599	0.430743	9	AAATGAATAATT	TAACTAGCT	-
415-AAATGAATAATW	PHX2B_HUMAN.H11MO.0.D	1	0.0546502	42.026	0.430743	10	AAATGAATAATT	TAATTAAATTA	-
415-AAATGAATAATW	SOX18_HUMAN.H11MO.0.D	2	0.0547961	42.1382	0.430743	12	AAATGAATAATT	GGAAAAGAACAATGGGTTC	-
415-AAATGAATAATW	GBX2_HUMAN.H11MO.0.D	3	0.0548115	42.15	0.430743	12	AAATGAATAATT	AATTAAAGGCTAATTAG	-
415-AAATGAATAATW	FOXA3_HUMAN.H11MO.0.B	2	0.056615	43.537	0.434283	11	AAATGAATAATT	CAAAGTAAACAAG	-
415-AAATGAATAATW	SOX5_HUMAN.H11MO.0.C	-4	0.0569192	43.7709	0.434283	8	AAATGAATAATT	TAACAATA	-
415-AAATGAATAATW	SPI1_HUMAN.H11MO.0.A	1	0.0573794	44.1248	0.434283	12	AAATGAATAATT	AAAAAGAGGAAGTGAAA	+
415-AAATGAATAATW	FOXB1_HUMAN.H11MO.0.D	3	0.0573794	44.1248	0.434283	12	AAATGAATAATT	GTTATGTAAATATTGAC	-
415-AAATGAATAATW	VENTX_HUMAN.H11MO.0.D	7	0.0573874	44.1309	0.434283	12	AAATGAATAATT	AATTAGAAACCAATTAGCG	-
415-AAATGAATAATW	HXD3_HUMAN.H11MO.0.D	-1	0.0598298	46.0091	0.449694	11	AAATGAATAATT	CCTAATTAACC	-
415-AAATGAATAATW	SHOX2_HUMAN.H11MO.0.D	3	0.0600526	46.1805	0.449694	12	AAATGAATAATT	TAAAATTAACTAATTAG	-
415-AAATGAATAATW	LHX2_HUMAN.H11MO.0.A	3	0.0619509	47.6402	0.458958	9	AAATGAATAATT	AACTAATTAAAA	-
415-AAATGAATAATW	NFAC2_HUMAN.H11MO.0.B	-3	0.0622525	47.8722	0.458958	9	AAATGAATAATT	TGGAAAATT	+
415-AAATGAATAATW	DLX2_HUMAN.H11MO.0.D	-6	0.0627903	48.2857	0.460549	6	AAATGAATAATT	ATAATTAT	+
415-AAATGAATAATW	PO2F1_HUMAN.H11MO.0.C	4	0.0647364	49.7823	0.46803	12	AAATGAATAATT	AATCGAATGCAAATAA	+
415-AAATGAATAATW	MSX2_HUMAN.H11MO.0.D	1	0.0647919	49.825	0.46803	6	AAATGAATAATT	ACAATTA	-
415-AAATGAATAATW	PO3F2_HUMAN.H11MO.0.A	1	0.0657284	50.5452	0.470045	12	AAATGAATAATT	TTCATGCATATTCATTC	+
415-AAATGAATAATW	NR2E3_HUMAN.H11MO.0.C	1	0.0659366	50.7052	0.470045	12	AAATGAATAATT	AAAGTCAAAAGTCA	+
415-AAATGAATAATW	ARX_HUMAN.H11MO.0.D	2	0.0676711	52.0391	0.471633	11	AAATGAATAATT	CTAATTAAATTAA	-
415-AAATGAATAATW	ZFP42_HUMAN.H11MO.0.A	1	0.0677001	52.0614	0.471633	11	AAATGAATAATT	AAAATGGCTGCC	-
415-AAATGAATAATW	SHOX_HUMAN.H11MO.0.D	3	0.0687381	52.8596	0.471633	12	AAATGAATAATT	AAAAATTAACTAATTAG	-
415-AAATGAATAATW	FOXD2_HUMAN.H11MO.0.D	2	0.0688596	52.953	0.471633	12	AAATGAATAATT	TTAAATAAATATTTACATA	-
415-AAATGAATAATW	NF2L2_HUMAN.H11MO.0.A	-2	0.0689179	52.9979	0.471633	10	AAATGAATAATT	ATGACTCAGCAGTT	-
415-AAATGAATAATW	ANDR_HUMAN.H11MO.2.A	0	0.0739114	56.8379	0.49664	12	AAATGAATAATT	AAAAGAACAGAG	-
415-AAATGAATAATW	MEF2D_HUMAN.H11MO.0.A	0	0.0739114	56.8379	0.49664	12	AAATGAATAATT	CTAAAAATAGCA	-
415-AAATGAATAATW	PO5F1_HUMAN.H11MO.0.A	6	0.0739611	56.8761	0.49664	10	AAATGAATAATT	CCTTTGTTATGCAAAT	+
415-AAATGAATAATW	MIXL1_HUMAN.H11MO.0.D	-1	0.0747157	57.4564	0.49704	11	AAATGAATAATT	ATCTAATTAAC	-
415-AAATGAATAATW	GBX1_HUMAN.H11MO.0.D	3	0.0751188	57.7664	0.497408	12	AAATGAATAATT	AAATTTTAGCTAATTAG	-
416-GCTAATTTTTAAAAT	HNF1A_HUMAN.H11MO.0.C	1	0.00115322	0.886825	0.478379	14	GCTAATTTTTAAAAT	GGTTAATGATTAACT	+
416-GCTAATTTTTAAAAT	HNF1B_HUMAN.H11MO.0.A	1	0.0012711	0.977478	0.478379	14	GCTAATTTTTAAAAT	GGTTAATGATTAACC	+
416-GCTAATTTTTAAAAT	MSX2_HUMAN.H11MO.0.D	-2	0.00131452	1.01087	0.478379	7	GCTAATTTTTAAAAT	TAATTGT	+
416-GCTAATTTTTAAAAT	ZFHX3_HUMAN.H11MO.0.D	-2	0.00156872	1.20635	0.478379	11	GCTAATTTTTAAAAT	TAATTATTAAT	-
420-CTGAACAGC	ZN341_HUMAN.H11MO.1.C	-1	0.000157814	0.121359	0.242717	8	CTGAACAGC	GGAACAGCC	+
427-CATCATCCA	ATF2_HUMAN.H11MO.1.B	9	0.000348475	0.267977	0.380446	9	CATCATCCA	AAATGATGACATCATCATTT	-
427-CATCATCCA	ATF4_HUMAN.H11MO.0.A	4	0.000602915	0.463641	0.380446	8	CATCATCCA	ATTGCATCATCT	-
427-CATCATCCA	CEBPG_HUMAN.H11MO.0.B	4	0.000780793	0.60043	0.380446	8	CATCATCCA	ATTGCATCATCC	+
427-CATCATCCA	ZN436_HUMAN.H11MO.0.C	0	0.000989656	0.761045	0.380446	9	CATCATCCA	CCTCCTCCAGGAAGCCTTCCCTGA	-
428-CCCCTCCCGGG	PATZ1_HUMAN.H11MO.1.C	0	1.54879e-05	0.0119102	0.0231213	9	CCCCTCCCGGG	CCCCTCCCT	-
428-CCCCTCCCGGG	MAZ_HUMAN.H11MO.1.A	1	5.00183e-05	0.0384641	0.0373351	10	CCCCTCCCGGG	CCCCCTCCCTC	-
428-CCCCTCCCGGG	CTCFL_HUMAN.H11MO.0.A	6	0.000213191	0.163944	0.104822	11	CCCCTCCCGGG	CGGCGCCCCCTGGCGGC	-
428-CCCCTCCCGGG	KLF12_HUMAN.H11MO.0.C	1	0.000280863	0.215983	0.104822	10	CCCCTCCCGGG	GCCCCGCCCCT	-
428-CCCCTCCCGGG	ZF64A_HUMAN.H11MO.0.D	1	0.000528069	0.406085	0.128305	11	CCCCTCCCGGG	CAGGTTCCCGGGCCCC	-
428-CCCCTCCCGGG	ZN281_HUMAN.H11MO.0.A	1	0.000539084	0.414556	0.128305	11	CCCCTCCCGGG	TCCCCTCCCCCACCC	-
428-CCCCTCCCGGG	ZN467_HUMAN.H11MO.0.C	13	0.000652309	0.501625	0.128305	9	CCCCTCCCGGG	CCCCCCCCCCCCTCCCCTCCCC	-
428-CCCCTCCCGGG	SP1_HUMAN.H11MO.1.A	3	0.000715888	0.550518	0.128305	11	CCCCTCCCGGG	CGGCCCCGCCCCCC	-
428-CCCCTCCCGGG	ZN436_HUMAN.H11MO.0.C	1	0.000851099	0.654495	0.128305	11	CCCCTCCCGGG	CCTCCTCCAGGAAGCCTTCCCTGA	-
428-CCCCTCCCGGG	VEZF1_HUMAN.H11MO.1.C	1	0.00101603	0.781325	0.128305	11	CCCCTCCCGGG	CCCCCTCCCTCT	-
428-CCCCTCCCGGG	ELK4_HUMAN.H11MO.0.A	0	0.00107501	0.826679	0.128305	11	CCCCTCCCGGG	CCACTTCCGGTC	-
428-CCCCTCCCGGG	GLIS1_HUMAN.H11MO.0.D	3	0.00120231	0.924574	0.128305	10	CCCCTCCCGGG	AGACCCCCCACGA	-
428-CCCCTCCCGGG	KLF4_HUMAN.H11MO.0.A	1	0.00120794	0.928903	0.128305	9	CCCCTCCCGGG	GCCACACCCT	-
428-CCCCTCCCGGG	ELK1_HUMAN.H11MO.0.B	0	0.00128918	0.991383	0.128305	11	CCCCTCCCGGG	CCACTTCCGGT	-
428-CCCCTCCCGGG	WT1_HUMAN.H11MO.1.B	1	0.00128918	0.991383	0.128305	10	CCCCTCCCGGG	CCTCCTCCCAC	-
428-CCCCTCCCGGG	KLF5_HUMAN.H11MO.0.A	5	0.00167261	1.28624	0.129506	9	CCCCTCCCGGG	CCCAGCCCCACCCT	-
428-CCCCTCCCGGG	SP3_HUMAN.H11MO.0.B	6	0.00167805	1.29042	0.129506	11	CCCCTCCCGGG	CCCCGGCCCCGCCCCCCCCC	-
428-CCCCTCCCGGG	ZN148_HUMAN.H11MO.0.D	0	0.00169616	1.30435	0.129506	11	CCCCTCCCGGG	CCCCTCCCCCACCCC	-
428-CCCCTCCCGGG	MECP2_HUMAN.H11MO.0.C	-4	0.00177357	1.36388	0.129506	7	CCCCTCCCGGG	CTCCGGG	-
428-CCCCTCCCGGG	WT1_HUMAN.H11MO.0.C	6	0.00177579	1.36559	0.129506	11	CCCCTCCCGGG	CCCCCCCTCCTCCCCCGCCC	-
428-CCCCTCCCGGG	SALL4_HUMAN.H11MO.0.B	-1	0.00191664	1.4739	0.129506	10	CCCCTCCCGGG	CCCACCCTCC	-
428-CCCCTCCCGGG	ELF2_HUMAN.H11MO.0.C	0	0.00197552	1.51918	0.129506	11	CCCCTCCCGGG	CCACTTCCGGGTT	-
428-CCCCTCCCGGG	KLF3_HUMAN.H11MO.0.B	5	0.00202068	1.55391	0.129506	11	CCCCTCCCGGG	CCCGGCCCCGCCCCTCCCC	-
428-CCCCTCCCGGG	ELF1_HUMAN.H11MO.0.A	0	0.00208202	1.60107	0.129506	11	CCCCTCCCGGG	CCACTTCCGGGTTC	-
428-CCCCTCCCGGG	KLF6_HUMAN.H11MO.0.A	7	0.00238678	1.83544	0.142525	11	CCCCTCCCGGG	CCCCCGGCCCCGCCCTTCC	-
428-CCCCTCCCGGG	ETV1_HUMAN.H11MO.0.A	-1	0.00249395	1.91785	0.143197	10	CCCCTCCCGGG	CACTTCCGGCC	-
428-CCCCTCCCGGG	KLF1_HUMAN.H11MO.0.A	5	0.00272576	2.09611	0.15071	9	CCCCTCCCGGG	CCCGGCCCCGCCCC	-
428-CCCCTCCCGGG	GLIS2_HUMAN.H11MO.0.D	2	0.00287504	2.2109	0.150783	11	CCCCTCCCGGG	GACCCCCCGCGAAG	-
428-CCCCTCCCGGG	TBX1_HUMAN.H11MO.0.D	7	0.00292909	2.25247	0.150783	11	CCCCTCCCGGG	CCGCCCACCCCTGCCCACCC	-
428-CCCCTCCCGGG	ZN263_HUMAN.H11MO.1.A	1	0.00343637	2.64257	0.158601	10	CCCCTCCCGGG	CCTCCTCCCTC	-
428-CCCCTCCCGGG	SP1_HUMAN.H11MO.0.A	11	0.00345836	2.65948	0.158601	11	CCCCTCCCGGG	CCCCCCCCCGGCCCCGCCCCCC	-
428-CCCCTCCCGGG	ZN740_HUMAN.H11MO.0.D	4	0.00355184	2.73136	0.158601	10	CCCCTCCCGGG	CCCACCCCCCCCCC	-
428-CCCCTCCCGGG	SP4_HUMAN.H11MO.1.A	3	0.00357929	2.75247	0.158601	11	CCCCTCCCGGG	CGGCCCCGCCCCCTCC	-
428-CCCCTCCCGGG	ZIC3_HUMAN.H11MO.0.B	3	0.00361215	2.77774	0.158601	11	CCCCTCCCGGG	GGCCCCCTGCTGTGA	+
428-CCCCTCCCGGG	MAZ_HUMAN.H11MO.0.A	12	0.00429464	3.30258	0.170742	10	CCCCTCCCGGG	CCCCCCCCCCCCCCCCTCCCCC	-
428-CCCCTCCCGGG	PLAG1_HUMAN.H11MO.0.D	0	0.0042971	3.30447	0.170742	11	CCCCTCCCGGG	CCCCTCCTGATGCCCCC	-
428-CCCCTCCCGGG	E2F6_HUMAN.H11MO.0.A	0	0.00437086	3.36119	0.170742	11	CCCCTCCCGGG	CCCTTCCCGCCCC	-
428-CCCCTCCCGGG	KLF15_HUMAN.H11MO.0.A	10	0.00456394	3.50967	0.170742	9	CCCCTCCCGGG	CCCCCCCCTGCTCCTCCCC	-
428-CCCCTCCCGGG	SP2_HUMAN.H11MO.1.B	1	0.00459957	3.53707	0.170742	11	CCCCTCCCGGG	GCCCCGCCCCCT	-
428-CCCCTCCCGGG	ZIC2_HUMAN.H11MO.0.D	3	0.00468929	3.60606	0.170742	11	CCCCTCCCGGG	GGCCCCCTGCTGTGA	+
428-CCCCTCCCGGG	GABPA_HUMAN.H11MO.0.A	0	0.0048503	3.72988	0.1724	11	CCCCTCCCGGG	CCACTTCCGGTTCC	-
428-CCCCTCCCGGG	ZIC4_HUMAN.H11MO.0.D	3	0.00519851	3.99766	0.18048	11	CCCCTCCCGGG	GACCCCCCGCTGTGC	-
428-CCCCTCCCGGG	KLF16_HUMAN.H11MO.0.D	9	0.00562941	4.32902	0.190998	10	CCCCTCCCGGG	CCCCCCCCCCCCCGCCCCC	-
428-CCCCTCCCGGG	ZN586_HUMAN.H11MO.0.C	6	0.00685332	5.2702	0.224648	11	CCCCTCCCGGG	CATTTTTTCCTCCTAGGCCT	-
428-CCCCTCCCGGG	CTCF_HUMAN.H11MO.0.A	6	0.00692218	5.32315	0.224648	11	CCCCTCCCGGG	TGGCGCCCCCTGGTGGCCA	-
428-CCCCTCCCGGG	ZIC1_HUMAN.H11MO.0.B	0	0.0071096	5.46728	0.225822	9	CCCCTCCCGGG	GACCACCCC	-
428-CCCCTCCCGGG	KAISO_HUMAN.H11MO.1.A	-1	0.00745016	5.72917	0.231709	10	CCCCTCCCGGG	TTCTCGCGAGA	-
428-CCCCTCCCGGG	TBX15_HUMAN.H11MO.0.D	1	0.0080668	6.20337	0.240923	11	CCCCTCCCGGG	CCCCCACCCCCCCCCCCCC	-
428-CCCCTCCCGGG	ZNF76_HUMAN.H11MO.0.C	4	0.00806919	6.20521	0.240923	11	CCCCTCCCGGG	ACTACAATTCCCAGAATGCCCC	-
428-CCCCTCCCGGG	ZN263_HUMAN.H11MO.0.A	12	0.00841017	6.46742	0.24618	8	CCCCTCCCGGG	CTCCTCCTCTCCCTCCTCCC	-
428-CCCCTCCCGGG	EGR2_HUMAN.H11MO.1.A	1	0.00900767	6.9269	0.253746	11	CCCCTCCCGGG	CCCCCGCCCACGCCCC	-
428-CCCCTCCCGGG	IKZF1_HUMAN.H11MO.0.C	-2	0.00914167	7.02994	0.253746	8	CCCCTCCCGGG	TCTCCCAA	-
428-CCCCTCCCGGG	GLIS3_HUMAN.H11MO.0.D	2	0.00917855	7.0583	0.253746	8	CCCCTCCCGGG	TACCCCCCAC	-
428-CCCCTCCCGGG	ZBT17_HUMAN.H11MO.0.A	3	0.00938457	7.21674	0.254724	11	CCCCTCCCGGG	CTTCCCCTCCCCCACCCTC	-
428-CCCCTCCCGGG	KLF8_HUMAN.H11MO.0.C	-1	0.00982422	7.55482	0.261896	9	CCCCTCCCGGG	CACCCCCTG	-
428-CCCCTCCCGGG	THA11_HUMAN.H11MO.0.B	6	0.0104071	8.00305	0.267867	11	CCCCTCCCGGG	GAACTACAACTCCCAGCATGCC	-
428-CCCCTCCCGGG	VEZF1_HUMAN.H11MO.0.C	6	0.0104071	8.00305	0.267867	11	CCCCTCCCGGG	CCCCTCCCCCTCCCCCCTCCCC	-
428-CCCCTCCCGGG	EGR1_HUMAN.H11MO.0.A	1	0.0112754	8.67077	0.285297	11	CCCCTCCCGGG	CCCCCGCCCACGCCCTC	-
428-CCCCTCCCGGG	EGR2_HUMAN.H11MO.0.A	0	0.0132345	10.1773	0.323889	11	CCCCTCCCGGG	CCCCTCCCACACCCCCCC	-
428-CCCCTCCCGGG	STAT1_HUMAN.H11MO.0.A	1	0.0139332	10.7146	0.331231	11	CCCCTCCCGGG	CCCCTTTCCTGGAAATCAC	+
428-CCCCTCCCGGG	SP2_HUMAN.H11MO.0.A	7	0.0140327	10.7911	0.331231	11	CCCCTCCCGGG	CCCCCGGCCCCGCCCCCCCCCC	-
428-CCCCTCCCGGG	ZN219_HUMAN.H11MO.0.D	2	0.0143457	11.0318	0.331231	10	CCCCTCCCGGG	TCCGCCCCCCTC	-
428-CCCCTCCCGGG	FEV_HUMAN.H11MO.0.B	0	0.014422	11.0905	0.331231	10	CCCCTCCCGGG	CGCTTCCCGC	-
428-CCCCTCCCGGG	AP2B_HUMAN.H11MO.0.B	-2	0.0151501	11.6504	0.339821	9	CCCCTCCCGGG	GCCCCCGGGC	-
428-CCCCTCCCGGG	ZN143_HUMAN.H11MO.0.A	6	0.0154789	11.9033	0.339821	11	CCCCTCCCGGG	GAACTACAATTCCCAGAATGCC	-
428-CCCCTCCCGGG	PATZ1_HUMAN.H11MO.0.C	13	0.0154789	11.9033	0.339821	9	CCCCTCCCGGG	CCTCCCCCCCCGCCCCCTCCCC	-
428-CCCCTCCCGGG	ETS1_HUMAN.H11MO.0.A	0	0.0157582	12.1181	0.340939	11	CCCCTCCCGGG	CCACTTCCTGTCT	-
428-CCCCTCCCGGG	E2F1_HUMAN.H11MO.0.A	-1	0.0173762	13.3623	0.370575	10	CCCCTCCCGGG	CTTTCCCGCCCCCC	-
428-CCCCTCCCGGG	ELK3_HUMAN.H11MO.0.D	1	0.0181452	13.9537	0.381524	11	CCCCTCCCGGG	GCACTTCCTGGG	-
428-CCCCTCCCGGG	ZN768_HUMAN.H11MO.0.C	4	0.0184982	14.2251	0.383355	11	CCCCTCCCGGG	ACTTAACCTCTCTGAGCCTC	-
428-CCCCTCCCGGG	EGR4_HUMAN.H11MO.0.D	0	0.0187459	14.4156	0.383355	11	CCCCTCCCGGG	GCCCTGCCGCC	-
428-CCCCTCCCGGG	INSM1_HUMAN.H11MO.0.C	3	0.0190081	14.6172	0.383464	9	CCCCTCCCGGG	TGCCCCCTGACA	-
428-CCCCTCCCGGG	ZN784_HUMAN.H11MO.0.D	1	0.0196436	15.1059	0.391001	10	CCCCTCCCGGG	GTACCTACCTC	-
428-CCCCTCCCGGG	KAISO_HUMAN.H11MO.0.A	-1	0.0204045	15.6911	0.40037	10	CCCCTCCCGGG	TTCTCGCGAGATTTG	-
428-CCCCTCCCGGG	NKX25_HUMAN.H11MO.0.B	0	0.0208771	16.0545	0.40037	8	CCCCTCCCGGG	CCTCTCCA	-
428-CCCCTCCCGGG	ZSC22_HUMAN.H11MO.0.C	1	0.0223698	17.2024	0.417437	11	CCCCTCCCGGG	CCTCCTCCCTCAGACC	-
428-CCCCTCCCGGG	E2F4_HUMAN.H11MO.0.A	3	0.0249934	19.2199	0.460637	10	CCCCTCCCGGG	ATTTCCCGCCCCC	-
428-CCCCTCCCGGG	NKX21_HUMAN.H11MO.0.A	1	0.0257373	19.792	0.468562	9	CCCCTCCCGGG	GCCACTCAAG	-
428-CCCCTCCCGGG	SP4_HUMAN.H11MO.0.A	5	0.0269333	20.7117	0.478662	11	CCCCTCCCGGG	CCCGGCCCCGCCCCCTTCCC	-
428-CCCCTCCCGGG	GLI1_HUMAN.H11MO.0.D	1	0.0273873	21.0608	0.481004	11	CCCCTCCCGGG	AGACCACCCAGG	-
428-CCCCTCCCGGG	COE1_HUMAN.H11MO.0.A	1	0.0280844	21.5969	0.487417	11	CCCCTCCCGGG	AAGTCCCCAGGGACC	+
428-CCCCTCCCGGG	STAT3_HUMAN.H11MO.0.A	0	0.0286436	22.0269	0.487417	11	CCCCTCCCGGG	CATTTCCCGGAA	+
428-CCCCTCCCGGG	REST_HUMAN.H11MO.0.A	4	0.028732	22.0949	0.487417	11	CCCCTCCCGGG	GGGCGCTGTCCATGGTGCTGAA	-
429-GACTACAGGTGCC	THA11_HUMAN.H11MO.0.B	1	3.9587e-05	0.0304424	0.0595846	13	GACTACAGGTGCC	GAACTACAACTCCCAGCATGCC	-
429-GACTACAGGTGCC	ZN143_HUMAN.H11MO.0.A	1	8.91353e-05	0.0685451	0.0670812	13	GACTACAGGTGCC	GAACTACAATTCCCAGAATGCC	-
429-GACTACAGGTGCC	SNAI1_HUMAN.H11MO.0.C	-4	0.000199944	0.153757	0.0846012	8	GACTACAGGTGCC	CCAGGTGG	+
429-GACTACAGGTGCC	SNAI2_HUMAN.H11MO.0.A	-3	0.00022483	0.172895	0.0846012	10	GACTACAGGTGCC	GGCAGGTGCA	+
429-GACTACAGGTGCC	SCRT1_HUMAN.H11MO.0.D	-1	0.000371928	0.286012	0.104118	12	GACTACAGGTGCC	GCAACAGGTGGTT	+
429-GACTACAGGTGCC	SCRT2_HUMAN.H11MO.0.D	1	0.000463525	0.356451	0.104118	12	GACTACAGGTGCC	ATGCAACAGGTGG	+
429-GACTACAGGTGCC	ID4_HUMAN.H11MO.0.D	-3	0.000484219	0.372364	0.104118	10	GACTACAGGTGCC	GACAGGTGTAA	+
429-GACTACAGGTGCC	HES5_HUMAN.H11MO.0.D	-2	0.000685809	0.527387	0.121806	11	GACTACAGGTGCC	CGGCACGTGCCA	-
429-GACTACAGGTGCC	FIGLA_HUMAN.H11MO.0.D	-2	0.000728333	0.560088	0.121806	11	GACTACAGGTGCC	TAACAGGTGTT	+
429-GACTACAGGTGCC	HEY1_HUMAN.H11MO.0.D	-2	0.00171314	1.31741	0.257854	11	GACTACAGGTGCC	CGACACGTGCCA	-
429-GACTACAGGTGCC	MYF6_HUMAN.H11MO.0.C	-4	0.00189426	1.45669	0.259196	7	GACTACAGGTGCC	GCAGCTG	-
429-GACTACAGGTGCC	MESP1_HUMAN.H11MO.0.D	-4	0.00234088	1.80014	0.293616	9	GACTACAGGTGCC	GCAGGTGTGGA	+
429-GACTACAGGTGCC	ZNF76_HUMAN.H11MO.0.C	-1	0.00265779	2.04384	0.307722	12	GACTACAGGTGCC	ACTACAATTCCCAGAATGCCCC	-
429-GACTACAGGTGCC	ZEB1_HUMAN.H11MO.0.A	-3	0.00316755	2.43585	0.313053	10	GACTACAGGTGCC	GACAGGTGAG	+
429-GACTACAGGTGCC	ASCL1_HUMAN.H11MO.0.A	0	0.00323005	2.48391	0.313053	13	GACTACAGGTGCC	GGGAGCAGGTGCAG	-
429-GACTACAGGTGCC	HES7_HUMAN.H11MO.0.D	-2	0.003513	2.7015	0.313053	11	GACTACAGGTGCC	CGGCACGTGCCA	-
429-GACTACAGGTGCC	ITF2_HUMAN.H11MO.0.C	-3	0.00394399	3.03293	0.313053	10	GACTACAGGTGCC	CCCAGCTGCC	-
429-GACTACAGGTGCC	MYOD1_HUMAN.H11MO.1.A	-3	0.00396374	3.04812	0.313053	10	GACTACAGGTGCC	GACAGCTGCAG	-
429-GACTACAGGTGCC	PTF1A_HUMAN.H11MO.1.B	-4	0.00406041	3.12245	0.313053	9	GACTACAGGTGCC	CCAGCTGCT	-
429-GACTACAGGTGCC	ZN382_HUMAN.H11MO.0.C	7	0.00415975	3.19885	0.313053	13	GACTACAGGTGCC	GAGACATCACTACAGACCCTAC	-
429-GACTACAGGTGCC	ASCL2_HUMAN.H11MO.0.D	-4	0.0045534	3.50156	0.315687	9	GACTACAGGTGCC	CCAGCTGCT	+
429-GACTACAGGTGCC	BHE40_HUMAN.H11MO.0.A	-3	0.00574273	4.41616	0.375813	10	GACTACAGGTGCC	GTCACGTGCC	-
429-GACTACAGGTGCC	TFE2_HUMAN.H11MO.0.A	-2	0.00627023	4.82181	0.386305	11	GACTACAGGTGCC	CTGCAGCTGTG	-
429-GACTACAGGTGCC	BMAL1_HUMAN.H11MO.0.A	-3	0.00692968	5.32893	0.386305	10	GACTACAGGTGCC	GCCACGTGACT	+
429-GACTACAGGTGCC	MYOG_HUMAN.H11MO.0.B	-2	0.00857629	6.59517	0.426895	11	GACTACAGGTGCC	CCGCAGCTGTCCC	+
429-GACTACAGGTGCC	TAL1_HUMAN.H11MO.1.A	2	0.00868088	6.6756	0.426895	13	GACTACAGGTGCC	CAGGAAGCAGATGTG	+
429-GACTACAGGTGCC	HTF4_HUMAN.H11MO.0.A	-3	0.00917395	7.05477	0.426895	10	GACTACAGGTGCC	CACAGCTGCA	-
429-GACTACAGGTGCC	ZN490_HUMAN.H11MO.0.C	8	0.00999261	7.68432	0.442366	13	GACTACAGGTGCC	GATATGCTGCCTTCAAGAGACCCA	-
429-GACTACAGGTGCC	TGIF2_HUMAN.H11MO.0.D	-4	0.0118606	9.12083	0.479297	9	GACTACAGGTGCC	ACAGCTGTCAT	-
429-GACTACAGGTGCC	MAX_HUMAN.H11MO.0.A	-4	0.0124217	9.55229	0.479297	9	GACTACAGGTGCC	CCACGTGCTC	-
429-GACTACAGGTGCC	MYOD1_HUMAN.H11MO.0.A	3	0.0129989	9.99613	0.479297	12	GACTACAGGTGCC	GGCAGGAACAGCTGC	-
429-GACTACAGGTGCC	NDF1_HUMAN.H11MO.0.A	-3	0.0130559	10.04	0.479297	10	GACTACAGGTGCC	GACAGATGGT	+
429-GACTACAGGTGCC	TFE3_HUMAN.H11MO.0.B	-4	0.0130559	10.04	0.479297	9	GACTACAGGTGCC	TCACGTGACC	-
429-GACTACAGGTGCC	CTCFL_HUMAN.H11MO.0.A	0	0.0139655	10.7394	0.488841	13	GACTACAGGTGCC	GCCGCCAGGGGGCGCCG	+
429-GACTACAGGTGCC	MYC_HUMAN.H11MO.0.A	-3	0.0143445	11.0309	0.490697	10	GACTACAGGTGCC	GCCACGTGCTC	+
429-GACTACAGGTGCC	NGN2_HUMAN.H11MO.0.D	-1	0.0147246	11.3232	0.492508	12	GACTACAGGTGCC	GGAGCAGATGGC	+
435-CTCCTGCCTTGGCC	ZN770_HUMAN.H11MO.0.C	4	4.96826e-05	0.038206	0.0748694	14	CTCCTGCCTTGGCC	GATCCTCCCGCCTCAGCCTCCC	-
435-CTCCTGCCTTGGCC	ZSC22_HUMAN.H11MO.0.C	1	0.000523868	0.402855	0.357794	14	CTCCTGCCTTGGCC	CCTCCTCCCTCAGACC	-
435-CTCCTGCCTTGGCC	NR5A2_HUMAN.H11MO.0.B	-3	0.000862568	0.663315	0.357794	11	CTCCTGCCTTGGCC	TGGCCTTGAAC	-
435-CTCCTGCCTTGGCC	NFIA_HUMAN.H11MO.1.D	-7	0.000949715	0.730331	0.357794	7	CTCCTGCCTTGGCC	CTTGGCA	+
437-CCCCGCCCCCGC	SP1_HUMAN.H11MO.0.A	11	2.08813e-07	0.000160577	0.000233297	11	CCCCGCCCCCGC	CCCCCCCCCGGCCCCGCCCCCC	-
437-CCCCGCCCCCGC	SP1_HUMAN.H11MO.1.A	3	3.12959e-07	0.000240666	0.000233297	11	CCCCGCCCCCGC	CGGCCCCGCCCCCC	-
437-CCCCGCCCCCGC	ZN281_HUMAN.H11MO.0.A	1	6.53267e-07	0.000502362	0.000324654	12	CCCCGCCCCCGC	TCCCCTCCCCCACCC	-
437-CCCCGCCCCCGC	ZN148_HUMAN.H11MO.0.D	0	1.13375e-06	0.000871854	0.00042258	12	CCCCGCCCCCGC	CCCCTCCCCCACCCC	-
437-CCCCGCCCCCGC	KLF12_HUMAN.H11MO.0.C	1	1.5622e-06	0.00120134	0.000465821	10	CCCCGCCCCCGC	GCCCCGCCCCT	-
437-CCCCGCCCCCGC	SP2_HUMAN.H11MO.1.B	1	2.88078e-06	0.00221532	0.00071583	11	CCCCGCCCCCGC	GCCCCGCCCCCT	-
437-CCCCGCCCCCGC	SP2_HUMAN.H11MO.0.A	7	4.88165e-06	0.00375399	0.000910867	12	CCCCGCCCCCGC	CCCCCGGCCCCGCCCCCCCCCC	-
437-CCCCGCCCCCGC	EGR4_HUMAN.H11MO.0.D	1	4.88758e-06	0.00375855	0.000910867	10	CCCCGCCCCCGC	GCCCTGCCGCC	-
437-CCCCGCCCCCGC	SP3_HUMAN.H11MO.0.B	6	6.7908e-06	0.00522212	0.00112494	12	CCCCGCCCCCGC	CCCCGGCCCCGCCCCCCCCC	-
437-CCCCGCCCCCGC	KLF9_HUMAN.H11MO.0.C	2	9.66641e-06	0.00743347	0.0012623	12	CCCCGCCCCCGC	GGCCACGCCCCCTCC	-
437-CCCCGCCCCCGC	KLF14_HUMAN.H11MO.0.D	1	9.86233e-06	0.00758413	0.0012623	12	CCCCGCCCCCGC	GCCACGCCCCCCT	-
437-CCCCGCCCCCGC	SP4_HUMAN.H11MO.1.A	3	1.016e-05	0.00781305	0.0012623	12	CCCCGCCCCCGC	CGGCCCCGCCCCCTCC	-
437-CCCCGCCCCCGC	MAZ_HUMAN.H11MO.1.A	1	1.44315e-05	0.0110978	0.00165508	10	CCCCGCCCCCGC	CCCCCTCCCTC	-
437-CCCCGCCCCCGC	EGR1_HUMAN.H11MO.0.A	1	2.38022e-05	0.0183039	0.00253478	12	CCCCGCCCCCGC	CCCCCGCCCACGCCCTC	-
437-CCCCGCCCCCGC	KLF3_HUMAN.H11MO.0.B	5	3.29239e-05	0.0253185	0.00327243	12	CCCCGCCCCCGC	CCCGGCCCCGCCCCTCCCC	-
437-CCCCGCCCCCGC	EGR2_HUMAN.H11MO.1.A	1	3.71763e-05	0.0285886	0.00346416	12	CCCCGCCCCCGC	CCCCCGCCCACGCCCC	-
437-CCCCGCCCCCGC	KLF13_HUMAN.H11MO.0.D	-1	4.31956e-05	0.0332174	0.00378828	11	CCCCGCCCCCGC	CACGCCCCCCT	-
437-CCCCGCCCCCGC	WT1_HUMAN.H11MO.0.C	6	7.11005e-05	0.0546763	0.0054861	12	CCCCGCCCCCGC	CCCCCCCTCCTCCCCCGCCC	-
437-CCCCGCCCCCGC	TBX15_HUMAN.H11MO.0.D	1	7.28107e-05	0.0559914	0.0054861	12	CCCCGCCCCCGC	CCCCCACCCCCCCCCCCCC	-
437-CCCCGCCCCCGC	EGR2_HUMAN.H11MO.0.A	0	7.3594e-05	0.0565938	0.0054861	12	CCCCGCCCCCGC	CCCCTCCCACACCCCCCC	-
437-CCCCGCCCCCGC	SP4_HUMAN.H11MO.0.A	5	0.000134975	0.103796	0.00958263	12	CCCCGCCCCCGC	CCCGGCCCCGCCCCCTTCCC	-
437-CCCCGCCCCCGC	KLF4_HUMAN.H11MO.0.A	1	0.000152282	0.117105	0.01032	9	CCCCGCCCCCGC	GCCACACCCT	-
437-CCCCGCCCCCGC	KLF6_HUMAN.H11MO.0.A	7	0.000199986	0.153789	0.0129635	12	CCCCGCCCCCGC	CCCCCGGCCCCGCCCTTCC	-
437-CCCCGCCCCCGC	E2F4_HUMAN.H11MO.0.A	3	0.000217724	0.16743	0.0135253	10	CCCCGCCCCCGC	ATTTCCCGCCCCC	-
437-CCCCGCCCCCGC	KLF1_HUMAN.H11MO.0.A	5	0.000253122	0.19465	0.0150952	9	CCCCGCCCCCGC	CCCGGCCCCGCCCC	-
437-CCCCGCCCCCGC	TBX1_HUMAN.H11MO.0.D	2	0.00028342	0.21795	0.0159148	12	CCCCGCCCCCGC	CCGCCCACCCCTGCCCACCC	-
437-CCCCGCCCCCGC	KLF16_HUMAN.H11MO.0.D	3	0.000288213	0.221636	0.0159148	12	CCCCGCCCCCGC	CCCCCCCCCCCCCGCCCCC	-
437-CCCCGCCCCCGC	ZBT17_HUMAN.H11MO.0.A	3	0.000325036	0.249953	0.0173071	12	CCCCGCCCCCGC	CTTCCCCTCCCCCACCCTC	-
437-CCCCGCCCCCGC	PATZ1_HUMAN.H11MO.0.C	7	0.000383029	0.294549	0.0196918	12	CCCCGCCCCCGC	CCTCCCCCCCCGCCCCCTCCCC	-
437-CCCCGCCCCCGC	ZN740_HUMAN.H11MO.0.D	1	0.000428874	0.329804	0.0213137	12	CCCCGCCCCCGC	CCCACCCCCCCCCC	-
437-CCCCGCCCCCGC	ZN219_HUMAN.H11MO.0.D	-1	0.000521246	0.400838	0.0250687	11	CCCCGCCCCCGC	TCCGCCCCCCTC	-
437-CCCCGCCCCCGC	TFDP1_HUMAN.H11MO.0.C	3	0.000639797	0.492004	0.0298087	11	CCCCGCCCCCGC	TTTTCCCGCCCCCC	-
437-CCCCGCCCCCGC	SALL4_HUMAN.H11MO.0.B	-1	0.000732071	0.562962	0.0330743	10	CCCCGCCCCCGC	CCCACCCTCC	-
437-CCCCGCCCCCGC	KLF15_HUMAN.H11MO.0.A	4	0.000781457	0.60094	0.0342671	12	CCCCGCCCCCGC	CCCCCCCCTGCTCCTCCCC	-
437-CCCCGCCCCCGC	ZN770_HUMAN.H11MO.1.C	0	0.000886921	0.682042	0.0377805	11	CCCCGCCCCCGC	CTCAGCCTCCC	-
437-CCCCGCCCCCGC	ZN320_HUMAN.H11MO.0.C	8	0.00102612	0.789083	0.0424957	12	CCCCGCCCCCGC	CACTGGCCCCCTGGTCCCAC	-
437-CCCCGCCCCCGC	E2F1_HUMAN.H11MO.0.A	3	0.00111612	0.8583	0.0449741	11	CCCCGCCCCCGC	CTTTCCCGCCCCCC	-
437-CCCCGCCCCCGC	MAZ_HUMAN.H11MO.0.A	6	0.0016192	1.24517	0.0635285	12	CCCCGCCCCCGC	CCCCCCCCCCCCCCCCTCCCCC	-
437-CCCCGCCCCCGC	PATZ1_HUMAN.H11MO.1.C	0	0.00190807	1.4673	0.0729424	9	CCCCGCCCCCGC	CCCCTCCCT	-
437-CCCCGCCCCCGC	KLF5_HUMAN.H11MO.0.A	5	0.00201802	1.55186	0.0736491	9	CCCCGCCCCCGC	CCCAGCCCCACCCT	-
437-CCCCGCCCCCGC	ZBT7A_HUMAN.H11MO.0.A	-2	0.00202535	1.55749	0.0736491	9	CCCCGCCCCCGC	GAGACCCCC	-
437-CCCCGCCCCCGC	E2F7_HUMAN.H11MO.0.B	4	0.00229122	1.76194	0.0813332	9	CCCCGCCCCCGC	CCTTTCCCGCCCC	-
437-CCCCGCCCCCGC	CTCFL_HUMAN.H11MO.0.A	0	0.00270162	2.07755	0.0936714	12	CCCCGCCCCCGC	CGGCGCCCCCTGGCGGC	-
437-CCCCGCCCCCGC	ZIC4_HUMAN.H11MO.0.D	-2	0.00287138	2.20809	0.0972946	10	CCCCGCCCCCGC	GACCCCCCGCTGTGC	-
437-CCCCGCCCCCGC	AP2D_HUMAN.H11MO.0.D	0	0.00322682	2.48142	0.106909	12	CCCCGCCCCCGC	ACGCGCCTCGGGCG	-
437-CCCCGCCCCCGC	ZSC22_HUMAN.H11MO.0.C	1	0.00374525	2.88009	0.121387	12	CCCCGCCCCCGC	CCTCCTCCCTCAGACC	-
437-CCCCGCCCCCGC	PURA_HUMAN.H11MO.0.D	0	0.0040911	3.14606	0.129776	12	CCCCGCCCCCGC	CCCTGCCCCCCCCTTCC	-
437-CCCCGCCCCCGC	INSM1_HUMAN.H11MO.0.C	-3	0.00427832	3.29003	0.132887	9	CCCCGCCCCCGC	TGCCCCCTGACA	-
437-CCCCGCCCCCGC	GLIS1_HUMAN.H11MO.0.D	1	0.00494044	3.7992	0.148821	12	CCCCGCCCCCGC	AGACCCCCCACGA	-
437-CCCCGCCCCCGC	NR0B1_HUMAN.H11MO.0.D	-2	0.00501711	3.85815	0.148821	10	CCCCGCCCCCGC	TCTCCCACGC	-
437-CCCCGCCCCCGC	GLIS2_HUMAN.H11MO.0.D	0	0.00509078	3.91481	0.148821	12	CCCCGCCCCCGC	GACCCCCCGCGAAG	-
437-CCCCGCCCCCGC	ATF6A_HUMAN.H11MO.0.B	0	0.00523455	4.02537	0.150082	12	CCCCGCCCCCGC	CCACGTCACCAC	-
437-CCCCGCCCCCGC	EGR3_HUMAN.H11MO.0.D	-2	0.00554888	4.26709	0.156092	10	CCCCGCCCCCGC	ACACCCACTCT	-
437-CCCCGCCCCCGC	ZIC1_HUMAN.H11MO.0.B	0	0.00671795	5.16611	0.182236	9	CCCCGCCCCCGC	GACCACCCC	-
437-CCCCGCCCCCGC	ZN770_HUMAN.H11MO.0.C	5	0.0067534	5.19337	0.182236	12	CCCCGCCCCCGC	GATCCTCCCGCCTCAGCCTCCC	-
437-CCCCGCCCCCGC	TAF1_HUMAN.H11MO.0.A	1	0.00684497	5.26378	0.182236	12	CCCCGCCCCCGC	CCGCCGCCGCCATCTT	-
437-CCCCGCCCCCGC	ZN467_HUMAN.H11MO.0.C	13	0.00746847	5.74325	0.195347	9	CCCCGCCCCCGC	CCCCCCCCCCCCTCCCCTCCCC	-
437-CCCCGCCCCCGC	E2F6_HUMAN.H11MO.0.A	4	0.00769845	5.92011	0.197891	9	CCCCGCCCCCGC	CCCTTCCCGCCCC	-
437-CCCCGCCCCCGC	WT1_HUMAN.H11MO.1.B	1	0.00789616	6.07214	0.199533	10	CCCCGCCCCCGC	CCTCCTCCCAC	-
437-CCCCGCCCCCGC	PLAL1_HUMAN.H11MO.0.D	-2	0.00804082	6.18339	0.199545	10	CCCCGCCCCCGC	GGGCCCCCCG	-
437-CCCCGCCCCCGC	VEZF1_HUMAN.H11MO.1.C	1	0.00816432	6.27836	0.199545	11	CCCCGCCCCCGC	CCCCCTCCCTCT	-
437-CCCCGCCCCCGC	E2F3_HUMAN.H11MO.0.A	2	0.00916134	7.04507	0.220302	9	CCCCGCCCCCGC	TTTCCCGCCCT	-
437-CCCCGCCCCCGC	VEZF1_HUMAN.H11MO.0.C	6	0.011092	8.52977	0.262495	12	CCCCGCCCCCGC	CCCCTCCCCCTCCCCCCTCCCC	-
437-CCCCGCCCCCGC	MBD2_HUMAN.H11MO.0.B	1	0.0122751	9.43957	0.285954	10	CCCCGCCCCCGC	CCTCCGGCCCG	-
437-CCCCGCCCCCGC	ZN524_HUMAN.H11MO.0.D	0	0.0136216	10.475	0.312441	12	CCCCGCCCCCGC	ACTCGAACCCTCGAACCC	-
437-CCCCGCCCCCGC	GLIS3_HUMAN.H11MO.0.D	0	0.0140126	10.7757	0.315444	10	CCCCGCCCCCGC	TACCCCCCAC	-
437-CCCCGCCCCCGC	ZN263_HUMAN.H11MO.1.A	1	0.0141757	10.9011	0.315444	10	CCCCGCCCCCGC	CCTCCTCCCTC	-
437-CCCCGCCCCCGC	KLF8_HUMAN.H11MO.0.C	-3	0.0149121	11.4674	0.326949	9	CCCCGCCCCCGC	CACCCCCTG	-
437-CCCCGCCCCCGC	ZBT14_HUMAN.H11MO.0.C	0	0.0156998	12.0732	0.339232	9	CCCCGCCCCCGC	GCGCGCTCC	-
437-CCCCGCCCCCGC	CTCF_HUMAN.H11MO.0.A	0	0.0174138	13.3912	0.370891	12	CCCCGCCCCCGC	TGGCGCCCCCTGGTGGCCA	-
437-CCCCGCCCCCGC	PROX1_HUMAN.H11MO.0.D	4	0.0192966	14.8391	0.405205	12	CCCCGCCCCCGC	CCCAACCCGCCTTACCC	-
437-CCCCGCCCCCGC	ZFX_HUMAN.H11MO.0.A	-1	0.0197188	15.1637	0.408318	10	CCCCGCCCCCGC	CCAGGCCCCG	+
437-CCCCGCCCCCGC	XBP1_HUMAN.H11MO.0.D	1	0.0206521	15.8815	0.416903	10	CCCCGCCCCCGC	GCCACGTCAGC	-
437-CCCCGCCCCCGC	ZSC31_HUMAN.H11MO.0.C	8	0.0206926	15.9126	0.416903	10	CCCCGCCCCCGC	CATAACTGCCCTGCTGCC	-
437-CCCCGCCCCCGC	ZBTB4_HUMAN.H11MO.1.D	-2	0.021966	16.8919	0.436658	10	CCCCGCCCCCGC	CCACCACCGCTATTG	-
437-CCCCGCCCCCGC	GCM2_HUMAN.H11MO.0.D	-4	0.0237142	18.2362	0.465207	8	CCCCGCCCCCGC	ATACCCGCATC	-
437-CCCCGCCCCCGC	HEY2_HUMAN.H11MO.0.D	5	0.0242052	18.6138	0.468672	12	CCCCGCCCCCGC	TAATGCCACGTGCCCCC	-
437-CCCCGCCCCCGC	SRBP2_HUMAN.H11MO.0.B	0	0.0246419	18.9496	0.471011	12	CCCCGCCCCCGC	CCTCACCCCACCC	-
437-CCCCGCCCCCGC	PRDM4_HUMAN.H11MO.0.D	3	0.0254522	19.5727	0.480341	12	CCCCGCCCCCGC	TTTCAAGGCCCCCCAC	-
437-CCCCGCCCCCGC	ZF64A_HUMAN.H11MO.0.D	6	0.0266089	20.4622	0.495893	10	CCCCGCCCCCGC	CAGGTTCCCGGGCCCC	-
444-TAGGTCAA	NR1D1_HUMAN.H11MO.1.D	5	9.61524e-06	0.00739412	0.0145147	8	TAGGTCAA	AAAAGTAGGTCAAA	+
444-TAGGTCAA	NR1H2_HUMAN.H11MO.0.D	2	0.000112275	0.0863392	0.0668449	8	TAGGTCAA	TAAAGGTCAAAGGTCAACG	+
444-TAGGTCAA	ESR2_HUMAN.H11MO.1.A	-1	0.000132844	0.102157	0.0668449	7	TAGGTCAA	AGGTCAC	+
444-TAGGTCAA	NR6A1_HUMAN.H11MO.0.B	0	0.00032389	0.249072	0.069589	8	TAGGTCAA	AAGTTCAAGGTCA	+
444-TAGGTCAA	THA_HUMAN.H11MO.1.D	2	0.000382178	0.293895	0.069589	8	TAGGTCAA	TTCAGGTCAG	+
444-TAGGTCAA	NR4A2_HUMAN.H11MO.0.C	1	0.00044663	0.343459	0.069589	8	TAGGTCAA	AAAGGTCAC	+
444-TAGGTCAA	RARB_HUMAN.H11MO.0.D	0	0.000494123	0.379981	0.069589	8	TAGGTCAA	GAGGTCAGGGC	+
444-TAGGTCAA	RORG_HUMAN.H11MO.0.C	5	0.000564534	0.434126	0.069589	7	TAGGTCAA	GAAAGTGGGTCA	+
444-TAGGTCAA	COT2_HUMAN.H11MO.0.A	2	0.000623108	0.47917	0.069589	8	TAGGTCAA	CAAAGGTCAGAGG	+
444-TAGGTCAA	PPARA_HUMAN.H11MO.1.B	1	0.000632687	0.486537	0.069589	8	TAGGTCAA	AAAGGTCAG	+
444-TAGGTCAA	RARG_HUMAN.H11MO.1.B	0	0.000668162	0.513816	0.069589	8	TAGGTCAA	GAGGTCAG	+
444-TAGGTCAA	RXRG_HUMAN.H11MO.0.B	5	0.000668982	0.514447	0.069589	8	TAGGTCAA	GGTCAAAGGTCAC	+
444-TAGGTCAA	NR1H3_HUMAN.H11MO.1.B	1	0.000719271	0.553119	0.069589	8	TAGGTCAA	AAAGGTCAGA	+
444-TAGGTCAA	RXRB_HUMAN.H11MO.0.C	1	0.000719271	0.553119	0.069589	8	TAGGTCAA	TGAGGTCACA	+
444-TAGGTCAA	ERR2_HUMAN.H11MO.0.A	2	0.00077625	0.596936	0.069589	7	TAGGTCAA	TCAAGGTCA	+
444-TAGGTCAA	RXRA_HUMAN.H11MO.1.A	2	0.000824645	0.634152	0.069589	8	TAGGTCAA	CAGAGGTCAG	+
444-TAGGTCAA	RARA_HUMAN.H11MO.1.A	0	0.000882515	0.678654	0.069589	8	TAGGTCAA	AAGGTCAGGG	+
444-TAGGTCAA	RORA_HUMAN.H11MO.0.C	3	0.000885664	0.681076	0.069589	8	TAGGTCAA	AACTAGGTCAGGG	+
444-TAGGTCAA	ESR1_HUMAN.H11MO.1.A	1	0.000944096	0.72601	0.069589	8	TAGGTCAA	CAAGGTCACC	+
444-TAGGTCAA	NR1H4_HUMAN.H11MO.1.B	-1	0.00099861	0.767931	0.069589	7	TAGGTCAA	AGGTCAGT	+
444-TAGGTCAA	ERR1_HUMAN.H11MO.0.A	3	0.00101	0.776693	0.069589	8	TAGGTCAA	CTCAAGGTCACACAG	+
444-TAGGTCAA	ERR3_HUMAN.H11MO.0.B	2	0.00101418	0.779907	0.069589	7	TAGGTCAA	TCAAGGTCA	+
444-TAGGTCAA	THB_HUMAN.H11MO.1.D	3	0.00107923	0.829928	0.0708326	7	TAGGTCAA	GGTCAGGTCA	+
444-TAGGTCAA	NR4A3_HUMAN.H11MO.0.D	2	0.00140413	1.07977	0.0862189	8	TAGGTCAA	CAAAGGTCAG	+
444-TAGGTCAA	NR2C1_HUMAN.H11MO.0.C	5	0.00142789	1.09805	0.0862189	8	TAGGTCAA	GGCCAGAGGTCAG	+
444-TAGGTCAA	RARA_HUMAN.H11MO.0.A	10	0.00226558	1.74223	0.131538	8	TAGGTCAA	GGGGGATCAAGAGGTCAAGG	+
444-TAGGTCAA	NR2E1_HUMAN.H11MO.0.D	7	0.00246185	1.89316	0.13764	8	TAGGTCAA	AAGTCAAAAAGTCAATT	+
444-TAGGTCAA	COT1_HUMAN.H11MO.1.C	3	0.00274219	2.10874	0.147838	8	TAGGTCAA	GCAGAGGTCAGGG	+
444-TAGGTCAA	NR2E3_HUMAN.H11MO.0.C	0	0.00296238	2.27807	0.154202	8	TAGGTCAA	AAAGTCAAAAGTCA	+
444-TAGGTCAA	COT2_HUMAN.H11MO.1.A	7	0.00341046	2.62264	0.171608	8	TAGGTCAA	GGGGTCAAAGGTCAGGG	+
444-TAGGTCAA	NR1I3_HUMAN.H11MO.1.D	0	0.00427918	3.29069	0.207483	8	TAGGTCAA	AAGTTCAT	+
444-TAGGTCAA	FOXB1_HUMAN.H11MO.0.D	2	0.00439831	3.3823	0.207483	8	TAGGTCAA	GTTATGTAAATATTGAC	-
444-TAGGTCAA	NR1I2_HUMAN.H11MO.1.D	0	0.00454611	3.49596	0.207921	8	TAGGTCAA	AAGTTCAC	+
444-TAGGTCAA	THB_HUMAN.H11MO.0.C	10	0.00468306	3.60128	0.207921	7	TAGGTCAA	GAGGTCAGGTCAGGTCA	+
444-TAGGTCAA	PPARD_HUMAN.H11MO.0.D	7	0.00487649	3.75002	0.208442	7	TAGGTCAA	TAGGACAAAGGTCA	+
444-TAGGTCAA	RARG_HUMAN.H11MO.2.D	12	0.00497097	3.82268	0.208442	8	TAGGTCAA	GGGGGTCACCCAGAGGTCAC	+
444-TAGGTCAA	PPARA_HUMAN.H11MO.0.B	3	0.00564143	4.33826	0.22912	8	TAGGTCAA	AACTGGGGCAAAGGTCA	+
444-TAGGTCAA	PPARG_HUMAN.H11MO.1.A	2	0.00576767	4.43534	0.22912	7	TAGGTCAA	CAAAGGTCA	+
444-TAGGTCAA	COT1_HUMAN.H11MO.0.C	7	0.00599871	4.61301	0.232188	8	TAGGTCAA	GGGGTCAGAGGTCAGGG	+
444-TAGGTCAA	ZN784_HUMAN.H11MO.0.D	4	0.00648879	4.98988	0.243152	7	TAGGTCAA	GAGGTAGGTAC	+
444-TAGGTCAA	ESR1_HUMAN.H11MO.0.A	-1	0.00660412	5.07857	0.243152	7	TAGGTCAA	AGGTCACCCTGACCT	+
444-TAGGTCAA	NR4A1_HUMAN.H11MO.0.A	1	0.00727875	5.59736	0.255966	8	TAGGTCAA	AAAGGTCAG	+
444-TAGGTCAA	STF1_HUMAN.H11MO.0.B	4	0.00729127	5.60699	0.255966	7	TAGGTCAA	GCTCAAGGCCA	+
444-TAGGTCAA	RARG_HUMAN.H11MO.0.B	-1	0.00835598	6.42575	0.286676	7	TAGGTCAA	AGGTCAGAGTGACCTGGG	+
444-TAGGTCAA	FOXF2_HUMAN.H11MO.0.D	1	0.00917824	7.05807	0.307506	8	TAGGTCAA	AAAAGTAAACA	-
444-TAGGTCAA	NR1I3_HUMAN.H11MO.0.C	0	0.00941273	7.23839	0.307506	8	TAGGTCAA	GGGGTCAGGAAAGTTCAG	+
444-TAGGTCAA	ZN232_HUMAN.H11MO.0.D	9	0.00962419	7.401	0.307506	8	TAGGTCAA	TGTTAAATGTAGATTAAGT	+
444-TAGGTCAA	RXRA_HUMAN.H11MO.0.A	10	0.00977797	7.51926	0.307506	8	TAGGTCAA	GGGGGAGGCAGAGGTCAGAG	+
444-TAGGTCAA	FOXD1_HUMAN.H11MO.0.D	2	0.010564	8.12371	0.325446	8	TAGGTCAA	CTTAAGTAAACAAAG	-
444-TAGGTCAA	HNF4A_HUMAN.H11MO.0.A	0	0.0111309	8.55963	0.33119	8	TAGGTCAA	GAGTCCAAAGTCCA	+
444-TAGGTCAA	FOXA3_HUMAN.H11MO.0.B	1	0.0121991	9.38114	0.354138	8	TAGGTCAA	CAAAGTAAACAAG	-
444-TAGGTCAA	PPARG_HUMAN.H11MO.0.A	3	0.0129522	9.96023	0.368905	8	TAGGTCAA	AAGTGGGGCAAAGGTCA	+
444-TAGGTCAA	RARA_HUMAN.H11MO.2.A	-1	0.0145178	11.1642	0.405839	7	TAGGTCAA	AGGTCACCGAGAGGTCA	+
444-TAGGTCAA	NR5A2_HUMAN.H11MO.0.B	4	0.0151585	11.6569	0.416046	7	TAGGTCAA	GTTCAAGGCCA	+
444-TAGGTCAA	HNF4G_HUMAN.H11MO.0.B	0	0.0156066	12.0015	0.420695	8	TAGGTCAA	GAGTCCAAAGTCCA	+
444-TAGGTCAA	NR2F6_HUMAN.H11MO.0.D	-1	0.0167717	12.8974	0.444169	7	TAGGTCAA	AGGACAAAGTTCAATTGA	+
444-TAGGTCAA	FOXC1_HUMAN.H11MO.0.C	2	0.0175627	13.5057	0.448623	8	TAGGTCAA	CTTAAGTAAACAATG	-
444-TAGGTCAA	FOS_HUMAN.H11MO.0.A	1	0.0176662	13.5853	0.448623	8	TAGGTCAA	GTGAGTCAC	+
444-TAGGTCAA	CREB5_HUMAN.H11MO.0.D	2	0.0178314	13.7124	0.448623	8	TAGGTCAA	ATGACGTCATC	-
444-TAGGTCAA	VDR_HUMAN.H11MO.1.A	1	0.0186281	14.325	0.460691	8	TAGGTCAA	TGGGTTCAG	+
444-TAGGTCAA	NR1D1_HUMAN.H11MO.0.B	7	0.0192267	14.7853	0.460691	8	TAGGTCAA	AGGGAAGTGGGTCAGAAGG	+
444-TAGGTCAA	ZKSC1_HUMAN.H11MO.0.B	9	0.0192267	14.7853	0.460691	8	TAGGTCAA	GGCACACAGTAGGTCCTCA	-
444-TAGGTCAA	THA_HUMAN.H11MO.0.C	9	0.0203148	15.6221	0.479159	8	TAGGTCAA	GGGTCACTTCAGGTCAG	+
444-TAGGTCAA	ZN652_HUMAN.H11MO.0.D	2	0.0209216	16.0887	0.485879	8	TAGGTCAA	AAAGGGTTAAT	+
445-AGAATAGGCAAA	P5F1B_HUMAN.H11MO.0.D	1	9.00172e-05	0.0692232	0.138446	12	AGAATAGGCAAA	ATGAATATGCAAATTA	-
449-TGAGAAAAACAAAC	FOXP1_HUMAN.H11MO.0.A	-4	0.000428337	0.329391	0.315452	9	TGAGAAAAACAAAC	ATAAACAAA	-
449-TGAGAAAAACAAAC	SRY_HUMAN.H11MO.0.B	-5	0.000947908	0.728941	0.315452	9	TGAGAAAAACAAAC	AAAACAAAA	-
449-TGAGAAAAACAAAC	FOXL1_HUMAN.H11MO.0.D	4	0.00113142	0.870063	0.315452	14	TGAGAAAAACAAAC	AAAAGTAAACAAACAAACA	-
449-TGAGAAAAACAAAC	FOXJ2_HUMAN.H11MO.0.C	-5	0.00124754	0.959359	0.315452	9	TGAGAAAAACAAAC	TAAATAAACA	-
449-TGAGAAAAACAAAC	STAT1_HUMAN.H11MO.1.A	-1	0.00133564	1.02711	0.315452	13	TGAGAAAAACAAAC	AAGAAAATGAAACTGAAAG	+
449-TGAGAAAAACAAAC	FOXO4_HUMAN.H11MO.0.C	-3	0.00153452	1.18005	0.315452	9	TGAGAAAAACAAAC	AATAAACAA	-
449-TGAGAAAAACAAAC	FOXJ3_HUMAN.H11MO.0.A	-3	0.00178212	1.37045	0.315452	11	TGAGAAAAACAAAC	AAAAAATAAACAA	-
449-TGAGAAAAACAAAC	STAT2_HUMAN.H11MO.0.A	-1	0.0018519	1.42411	0.315452	13	TGAGAAAAACAAAC	AGGAAAATGAAACTGAAAG	+
449-TGAGAAAAACAAAC	FOXQ1_HUMAN.H11MO.0.C	-2	0.00217783	1.67475	0.315452	12	TGAGAAAAACAAAC	AAATAAACAATT	-
449-TGAGAAAAACAAAC	IRF9_HUMAN.H11MO.0.C	-3	0.00230358	1.77146	0.315452	11	TGAGAAAAACAAAC	GAAAGCGAAACT	+
449-TGAGAAAAACAAAC	FOXK1_HUMAN.H11MO.0.A	-1	0.00234155	1.80065	0.315452	10	TGAGAAAAACAAAC	AAAGTAAACA	-
449-TGAGAAAAACAAAC	FOXF1_HUMAN.H11MO.0.D	-1	0.00248908	1.9141	0.315452	11	TGAGAAAAACAAAC	AAAATAAACAT	-
449-TGAGAAAAACAAAC	FOXM1_HUMAN.H11MO.0.A	-3	0.00321214	2.47013	0.36855	11	TGAGAAAAACAAAC	GCAAAGCAAACA	-
449-TGAGAAAAACAAAC	FUBP1_HUMAN.H11MO.0.D	-4	0.00339273	2.60901	0.36855	10	TGAGAAAAACAAAC	AAAAAAACACAA	-
449-TGAGAAAAACAAAC	FOXG1_HUMAN.H11MO.0.D	0	0.00434637	3.34236	0.430423	14	TGAGAAAAACAAAC	AAAAAAATATAAACAAT	-
449-TGAGAAAAACAAAC	IRF7_HUMAN.H11MO.0.C	-3	0.00453289	3.48579	0.430423	10	TGAGAAAAACAAAC	GAAAGTGAAA	+
449-TGAGAAAAACAAAC	FOXD3_HUMAN.H11MO.0.D	2	0.00481137	3.69994	0.430423	13	TGAGAAAAACAAAC	TGCTAAGTAAACAAA	-
449-TGAGAAAAACAAAC	SOX2_HUMAN.H11MO.1.A	0	0.00515217	3.96202	0.435305	14	TGAGAAAAACAAAC	TTTGCATAACAAAGGA	-
449-TGAGAAAAACAAAC	IRF3_HUMAN.H11MO.0.B	3	0.00590938	4.54431	0.444438	14	TGAGAAAAACAAAC	GAAAGGGAAAGGGAAAGTGA	+
449-TGAGAAAAACAAAC	FOXC2_HUMAN.H11MO.0.D	1	0.00648171	4.98444	0.444438	14	TGAGAAAAACAAAC	TCTGGCAAAACAAAC	-
449-TGAGAAAAACAAAC	PRDM6_HUMAN.H11MO.0.C	2	0.00665043	5.11418	0.444438	11	TGAGAAAAACAAAC	AAAAAGAAAAAAA	+
449-TGAGAAAAACAAAC	FOXD1_HUMAN.H11MO.0.D	1	0.00680773	5.23515	0.444438	14	TGAGAAAAACAAAC	CTTAAGTAAACAAAG	-
449-TGAGAAAAACAAAC	OLIG1_HUMAN.H11MO.0.D	-3	0.00700488	5.38675	0.444438	11	TGAGAAAAACAAAC	AAAAAACATATGGT	-
449-TGAGAAAAACAAAC	ONEC3_HUMAN.H11MO.0.D	-2	0.00714407	5.49379	0.444438	12	TGAGAAAAACAAAC	AAAAAATCAATA	-
449-TGAGAAAAACAAAC	SOX5_HUMAN.H11MO.0.C	-6	0.00730593	5.61826	0.444438	8	TGAGAAAAACAAAC	TAACAATA	-
450-AAAAAATAAAATGA	CPEB1_HUMAN.H11MO.0.D	5	2.72316e-05	0.0209411	0.0333335	12	AAAAAATAAAATGA	AAAAAAAAAAATAAAAA	-
450-AAAAAATAAAATGA	IRF1_HUMAN.H11MO.0.A	0	4.47184e-05	0.0343884	0.0333335	14	AAAAAATAAAATGA	GAAAATGAAAGTGAAAGTAA	+
450-AAAAAATAAAATGA	IRF2_HUMAN.H11MO.0.A	0	9.9157e-05	0.0762518	0.049275	14	AAAAAATAAAATGA	GAAAGTGAAAGTGAAAGTAA	+
450-AAAAAATAAAATGA	FOXJ3_HUMAN.H11MO.0.A	0	0.000927105	0.712944	0.290848	13	AAAAAATAAAATGA	AAAAAATAAACAA	-
450-AAAAAATAAAATGA	GATA3_HUMAN.H11MO.0.A	-1	0.00128552	0.988561	0.290848	11	AAAAAATAAAATGA	AAAGATAAGAA	+
450-AAAAAATAAAATGA	IRF8_HUMAN.H11MO.0.B	0	0.00148273	1.14022	0.290848	14	AAAAAATAAAATGA	AAAAGAGGAAGTGAAAGTAA	+
450-AAAAAATAAAATGA	HXB13_HUMAN.H11MO.0.A	-1	0.00155484	1.19567	0.290848	10	AAAAAATAAAATGA	GCCAATAAAA	-
450-AAAAAATAAAATGA	STAT1_HUMAN.H11MO.1.A	2	0.0016264	1.2507	0.290848	14	AAAAAATAAAATGA	AAGAAAATGAAACTGAAAG	+
450-AAAAAATAAAATGA	SPIB_HUMAN.H11MO.0.A	1	0.00183344	1.40992	0.290848	14	AAAAAATAAAATGA	AAAAAGAGGAAGTGAAA	+
450-AAAAAATAAAATGA	BC11A_HUMAN.H11MO.0.A	0	0.00227419	1.74885	0.290848	14	AAAAAATAAAATGA	AAAAGAGGAAGTGAAAA	+
450-AAAAAATAAAATGA	IRF4_HUMAN.H11MO.0.A	0	0.00229192	1.76249	0.290848	14	AAAAAATAAAATGA	AAAAGAGGAAGTGAAACT	+
450-AAAAAATAAAATGA	STAT2_HUMAN.H11MO.0.A	2	0.00237945	1.8298	0.290848	14	AAAAAATAAAATGA	AGGAAAATGAAACTGAAAG	+
450-AAAAAATAAAATGA	HXD11_HUMAN.H11MO.0.D	-1	0.00253621	1.95034	0.290848	11	AAAAAATAAAATGA	AGTAATAAAAA	-
450-AAAAAATAAAATGA	IRF3_HUMAN.H11MO.0.B	0	0.00300454	2.31049	0.294122	14	AAAAAATAAAATGA	GAAAGGGAAAGGGAAAGTGA	+
450-AAAAAATAAAATGA	ZFP28_HUMAN.H11MO.0.C	5	0.00352056	2.70731	0.294122	14	AAAAAATAAAATGA	TGACACAAGAAGAAATAGAA	-
450-AAAAAATAAAATGA	HXC12_HUMAN.H11MO.0.D	0	0.00446042	3.43006	0.294122	12	AAAAAATAAAATGA	AGGTCATAAAAA	-
450-AAAAAATAAAATGA	HMGA1_HUMAN.H11MO.0.D	-2	0.00450967	3.46793	0.294122	7	AAAAAATAAAATGA	AAAATAC	-
450-AAAAAATAAAATGA	HXD12_HUMAN.H11MO.0.D	-2	0.00457846	3.52084	0.294122	11	AAAAAATAAAATGA	GTAATAAAATT	-
450-AAAAAATAAAATGA	UNC4_HUMAN.H11MO.0.D	-3	0.00457846	3.52084	0.294122	11	AAAAAATAAAATGA	TAATTAAATTA	-
450-AAAAAATAAAATGA	GATA6_HUMAN.H11MO.0.A	-1	0.00472786	3.63572	0.294122	13	AAAAAATAAAATGA	ACAGATAAGATAA	+
450-AAAAAATAAAATGA	PROP1_HUMAN.H11MO.0.D	-3	0.00485043	3.72998	0.294122	11	AAAAAATAAAATGA	TAATTGAATTA	+
450-AAAAAATAAAATGA	SPI1_HUMAN.H11MO.0.A	1	0.0049734	3.82454	0.294122	14	AAAAAATAAAATGA	AAAAAGAGGAAGTGAAA	+
450-AAAAAATAAAATGA	PRDM6_HUMAN.H11MO.0.C	-1	0.00498636	3.83451	0.294122	13	AAAAAATAAAATGA	AAAAAGAAAAAAA	+
450-AAAAAATAAAATGA	PHX2A_HUMAN.H11MO.0.D	-3	0.00513729	3.95058	0.294122	11	AAAAAATAAAATGA	TAATTAAATTA	-
450-AAAAAATAAAATGA	DRGX_HUMAN.H11MO.0.D	-3	0.0054398	4.18321	0.294122	11	AAAAAATAAAATGA	TAATTAAATTA	-
450-AAAAAATAAAATGA	SRY_HUMAN.H11MO.0.B	-2	0.00553479	4.25625	0.294122	9	AAAAAATAAAATGA	AAAACAAAA	-
450-AAAAAATAAAATGA	ZN350_HUMAN.H11MO.0.C	1	0.00555754	4.27375	0.294122	14	AAAAAATAAAATGA	TAGGTCATAAAAGGACTG	-
450-AAAAAATAAAATGA	MEF2D_HUMAN.H11MO.0.A	1	0.00556572	4.28004	0.294122	11	AAAAAATAAAATGA	CTAAAAATAGCA	-
450-AAAAAATAAAATGA	PHX2B_HUMAN.H11MO.0.D	-3	0.00575872	4.42845	0.294122	11	AAAAAATAAAATGA	TAATTAAATTA	-
450-AAAAAATAAAATGA	HMX1_HUMAN.H11MO.0.D	2	0.00608667	4.68065	0.294122	14	AAAAAATAAAATGA	ATTAAAAAACAATTAAC	-
450-AAAAAATAAAATGA	MEF2A_HUMAN.H11MO.0.A	2	0.0061578	4.73535	0.294122	11	AAAAAATAAAATGA	GCTAAAAATAGAA	-
450-AAAAAATAAAATGA	MEF2C_HUMAN.H11MO.0.A	2	0.00648824	4.98946	0.294122	11	AAAAAATAAAATGA	GCTAAAAATAGCA	-
450-AAAAAATAAAATGA	ONEC3_HUMAN.H11MO.0.D	0	0.00655576	5.04138	0.294122	12	AAAAAATAAAATGA	AAAAAATCAATA	-
450-AAAAAATAAAATGA	FOXF1_HUMAN.H11MO.0.D	-2	0.00682215	5.24623	0.294122	11	AAAAAATAAAATGA	AAAATAAACAT	-
450-AAAAAATAAAATGA	MEF2B_HUMAN.H11MO.0.A	1	0.00703513	5.41002	0.294122	13	AAAAAATAAAATGA	CCAAAAATAGCAAC	-
450-AAAAAATAAAATGA	ALX3_HUMAN.H11MO.0.D	-3	0.0072151	5.54841	0.294122	11	AAAAAATAAAATGA	TAATTAAATTA	+
450-AAAAAATAAAATGA	HXC6_HUMAN.H11MO.0.D	0	0.0072997	5.61347	0.294122	14	AAAAAATAAAATGA	AAAGTAATAAATCAT	-
450-AAAAAATAAAATGA	FUBP1_HUMAN.H11MO.0.D	1	0.00770676	5.9265	0.302352	11	AAAAAATAAAATGA	AAAAAAACACAA	-
450-AAAAAATAAAATGA	FOXJ3_HUMAN.H11MO.1.B	1	0.0084021	6.46121	0.307895	12	AAAAAATAAAATGA	TAAACAAAAACAA	-
450-AAAAAATAAAATGA	FOXL1_HUMAN.H11MO.0.D	-1	0.00860907	6.62037	0.307895	13	AAAAAATAAAATGA	AAAAGTAAACAAACAAACA	-
450-AAAAAATAAAATGA	LMX1A_HUMAN.H11MO.0.D	6	0.00860907	6.62037	0.307895	13	AAAAAATAAAATGA	ATAATTAAATAATTAATTA	-
450-AAAAAATAAAATGA	OLIG1_HUMAN.H11MO.0.D	-1	0.00902927	6.94351	0.307895	13	AAAAAATAAAATGA	AAAAAACATATGGT	-
450-AAAAAATAAAATGA	ALX1_HUMAN.H11MO.0.B	-2	0.00904217	6.95343	0.307895	12	AAAAAATAAAATGA	ATAATTGAATTA	+
450-AAAAAATAAAATGA	HXC9_HUMAN.H11MO.0.C	-1	0.00908721	6.98807	0.307895	10	AAAAAATAAAATGA	GGCAATAAAA	-
450-AAAAAATAAAATGA	ALX4_HUMAN.H11MO.0.D	-2	0.00953276	7.33069	0.311726	12	AAAAAATAAAATGA	TTAATTAAATTA	+
450-AAAAAATAAAATGA	HXD10_HUMAN.H11MO.0.D	-4	0.0096185	7.39663	0.311726	10	AAAAAATAAAATGA	AATTAAAGCA	-
450-AAAAAATAAAATGA	EVI1_HUMAN.H11MO.0.B	3	0.0105681	8.12685	0.335214	13	AAAAAATAAAATGA	AAGATAAGATAAGATA	+
450-AAAAAATAAAATGA	ATF2_HUMAN.H11MO.1.B	0	0.0112389	8.64272	0.336886	14	AAAAAATAAAATGA	AAATGATGACATCATCATTT	-
450-AAAAAATAAAATGA	PRDM1_HUMAN.H11MO.0.A	0	0.0115387	8.87325	0.336886	14	AAAAAATAAAATGA	GAAAGTGAAAGTGA	+
450-AAAAAATAAAATGA	TCF7_HUMAN.H11MO.0.A	1	0.0116336	8.94628	0.336886	14	AAAAAATAAAATGA	AACCACATCAAAGGAA	+
450-AAAAAATAAAATGA	RAX2_HUMAN.H11MO.0.D	-2	0.0117507	9.03627	0.336886	12	AAAAAATAAAATGA	CTAATTAAATTA	+
450-AAAAAATAAAATGA	LEF1_HUMAN.H11MO.0.A	0	0.01334	10.2585	0.366836	14	AAAAAATAAAATGA	AGCAAATCAAAGGA	-
450-AAAAAATAAAATGA	LHX3_HUMAN.H11MO.0.C	-2	0.01389	10.6814	0.366836	12	AAAAAATAAAATGA	AAAATTAATTAAT	+
450-AAAAAATAAAATGA	ARX_HUMAN.H11MO.0.D	-2	0.01389	10.6814	0.366836	12	AAAAAATAAAATGA	CTAATTAAATTAA	-
450-AAAAAATAAAATGA	HXD9_HUMAN.H11MO.0.D	-3	0.0142109	10.9282	0.366836	10	AAAAAATAAAATGA	TAATTAAATT	-
450-AAAAAATAAAATGA	CDX2_HUMAN.H11MO.0.A	1	0.0144346	11.1002	0.366836	11	AAAAAATAAAATGA	ACAGCAATAAAA	-
450-AAAAAATAAAATGA	NKX61_HUMAN.H11MO.1.B	-8	0.0146192	11.2422	0.366836	6	AAAAAATAAAATGA	TAATGAA	+
450-AAAAAATAAAATGA	GATA4_HUMAN.H11MO.0.A	-1	0.0150099	11.5426	0.366836	10	AAAAAATAAAATGA	ACAGATAAGA	+
450-AAAAAATAAAATGA	TBP_HUMAN.H11MO.0.A	-3	0.0150099	11.5426	0.366836	10	AAAAAATAAAATGA	CTATAAAAGG	+
450-AAAAAATAAAATGA	NR2E1_HUMAN.H11MO.0.D	0	0.0152985	11.7645	0.367858	14	AAAAAATAAAATGA	AAGTCAAAAAGTCAATT	+
450-AAAAAATAAAATGA	IRF7_HUMAN.H11MO.0.C	-6	0.0158497	12.1884	0.37504	8	AAAAAATAAAATGA	GAAAGTGAAA	+
450-AAAAAATAAAATGA	NF2L1_HUMAN.H11MO.0.C	-9	0.0166487	12.8028	0.37504	5	AAAAAATAAAATGA	AATGACT	-
450-AAAAAATAAAATGA	FOXG1_HUMAN.H11MO.0.D	1	0.0167958	12.916	0.37504	14	AAAAAATAAAATGA	AAAAAAATATAAACAAT	-
450-AAAAAATAAAATGA	ZFP82_HUMAN.H11MO.0.C	8	0.0170912	13.1431	0.37504	14	AAAAAATAAAATGA	GAAGAGAGAATTAGTGAAATGGAA	-
450-AAAAAATAAAATGA	FOXJ2_HUMAN.H11MO.0.C	-2	0.017659	13.5798	0.37569	10	AAAAAATAAAATGA	TAAATAAACA	-
450-AAAAAATAAAATGA	SOX2_HUMAN.H11MO.0.A	-1	0.0177319	13.6358	0.37569	13	AAAAAATAAAATGA	GAGAACAAAGGGA	-
450-AAAAAATAAAATGA	FOXQ1_HUMAN.H11MO.0.C	-1	0.0185765	14.2853	0.37569	12	AAAAAATAAAATGA	AAATAAACAATT	-
450-AAAAAATAAAATGA	IRF5_HUMAN.H11MO.0.D	6	0.0189326	14.5592	0.37569	14	AAAAAATAAAATGA	TAAAGGAAAGCCAAAAGTGA	+
450-AAAAAATAAAATGA	CDX1_HUMAN.H11MO.0.C	-3	0.0189726	14.5899	0.37569	8	AAAAAATAAAATGA	ACATAAAT	-
450-AAAAAATAAAATGA	ONEC2_HUMAN.H11MO.0.D	6	0.0191522	14.7281	0.37569	14	AAAAAATAAAATGA	AAAAAAAATCAATAACAAGAC	-
450-AAAAAATAAAATGA	HXA10_HUMAN.H11MO.0.C	-3	0.019525	15.0148	0.378029	11	AAAAAATAAAATGA	TCATAAATTATC	-
450-AAAAAATAAAATGA	TF7L2_HUMAN.H11MO.0.A	-1	0.0204826	15.7511	0.38944	13	AAAAAATAAAATGA	CCACATCAAAGGG	-
450-AAAAAATAAAATGA	Z354A_HUMAN.H11MO.0.C	3	0.0206369	15.8697	0.38944	14	AAAAAATAAAATGA	ACATTAAATGTAAATGGACTAAAT	-
450-AAAAAATAAAATGA	PRRX1_HUMAN.H11MO.0.D	-6	0.0214816	16.5193	0.395397	7	AAAAAATAAAATGA	TAATCTG	+
450-AAAAAATAAAATGA	BHE22_HUMAN.H11MO.0.D	-2	0.021483	16.5204	0.395397	12	AAAAAATAAAATGA	AAAAACATATGGT	-
450-AAAAAATAAAATGA	SOX17_HUMAN.H11MO.0.C	-4	0.0221232	17.0127	0.402215	10	AAAAAATAAAATGA	AAAACAATGGC	-
450-AAAAAATAAAATGA	HXA13_HUMAN.H11MO.0.C	-2	0.023274	17.8977	0.418039	11	AAAAAATAAAATGA	CCAATAAAACC	-
450-AAAAAATAAAATGA	HXD4_HUMAN.H11MO.0.D	-2	0.0240164	18.4686	0.426239	8	AAAAAATAAAATGA	TCAATTAA	-
450-AAAAAATAAAATGA	IRF9_HUMAN.H11MO.0.C	0	0.0249639	19.1972	0.437842	12	AAAAAATAAAATGA	GAAAGCGAAACT	+
450-AAAAAATAAAATGA	ANDR_HUMAN.H11MO.0.A	2	0.0256391	19.7164	0.439566	14	AAAAAATAAAATGA	AGCAAACAAAAAAGAACA	-
450-AAAAAATAAAATGA	NR2E3_HUMAN.H11MO.0.C	0	0.0257111	19.7718	0.439566	14	AAAAAATAAAATGA	AAAGTCAAAAGTCA	+
450-AAAAAATAAAATGA	SOX10_HUMAN.H11MO.1.A	-1	0.0259467	19.953	0.439566	13	AAAAAATAAAATGA	GAGAACAAAGGAA	-
450-AAAAAATAAAATGA	HXC10_HUMAN.H11MO.0.D	-2	0.0266397	20.4859	0.446235	12	AAAAAATAAAATGA	GTAATAAAAAAATTAAAAA	-
450-AAAAAATAAAATGA	HXC13_HUMAN.H11MO.0.D	-2	0.028439	21.8696	0.469225	11	AAAAAATAAAATGA	CTCGTAAAAAT	-
450-AAAAAATAAAATGA	MYNN_HUMAN.H11MO.0.D	2	0.0289812	22.2866	0.469225	14	AAAAAATAAAATGA	TTTCAAAATAAAAGTCC	-
450-AAAAAATAAAATGA	PRGR_HUMAN.H11MO.0.A	-1	0.0292712	22.5095	0.469225	13	AAAAAATAAAATGA	AAGAACAGAATGTTCT	-
450-AAAAAATAAAATGA	GATA2_HUMAN.H11MO.1.A	-1	0.0298821	22.9794	0.473923	11	AAAAAATAAAATGA	ACAGATAAGAA	+
450-AAAAAATAAAATGA	HXB3_HUMAN.H11MO.0.D	-1	0.0308145	23.6963	0.475227	13	AAAAAATAAAATGA	TAAAAACTAATTAA	-
450-AAAAAATAAAATGA	FOXP1_HUMAN.H11MO.0.A	-1	0.0312206	24.0087	0.475227	9	AAAAAATAAAATGA	ATAAACAAA	-
450-AAAAAATAAAATGA	TF7L1_HUMAN.H11MO.0.B	-2	0.0312394	24.0231	0.475227	12	AAAAAATAAAATGA	AACATCAAAGGCA	-
450-AAAAAATAAAATGA	PBX2_HUMAN.H11MO.0.C	1	0.0327621	25.194	0.477098	14	AAAAAATAAAATGA	CCATCAATCAATTTA	-
450-AAAAAATAAAATGA	HOMEZ_HUMAN.H11MO.0.D	-4	0.0327621	25.194	0.477098	10	AAAAAATAAAATGA	AAAAAAACGATTTTT	-
450-AAAAAATAAAATGA	FOXO4_HUMAN.H11MO.0.C	0	0.0329261	25.3202	0.477098	9	AAAAAATAAAATGA	AATAAACAA	-
450-AAAAAATAAAATGA	GATA1_HUMAN.H11MO.1.A	-1	0.0329679	25.3523	0.477098	11	AAAAAATAAAATGA	ACAGATAAGAA	+
450-AAAAAATAAAATGA	SOX4_HUMAN.H11MO.0.B	-1	0.0332826	25.5943	0.477098	12	AAAAAATAAAATGA	GAGAACAAAGGA	-
450-AAAAAATAAAATGA	SOX5_HUMAN.H11MO.0.C	0	0.0338441	26.0261	0.480527	8	AAAAAATAAAATGA	TAACAATA	-
450-AAAAAATAAAATGA	HXB7_HUMAN.H11MO.0.C	0	0.0347618	26.7318	0.4889	10	AAAAAATAAAATGA	CATTAATCAA	-
450-AAAAAATAAAATGA	ELF3_HUMAN.H11MO.0.A	0	0.0352286	27.0908	0.490836	14	AAAAAATAAAATGA	GAACCAGGAAGTGG	+
450-AAAAAATAAAATGA	GATA5_HUMAN.H11MO.0.D	1	0.0361028	27.7631	0.496988	14	AAAAAATAAAATGA	TAAGAGATAACTTAGAT	+
450-AAAAAATAAAATGA	DUXA_HUMAN.H11MO.0.D	-3	0.036337	27.9431	0.496988	11	AAAAAATAAAATGA	TAATTTAATCA	-
451-CCACTCCTGGC	TBX1_HUMAN.H11MO.0.D	4	0.000324702	0.249696	0.497221	11	CCACTCCTGGC	CCGCCCACCCCTGCCCACCC	-
452-AWTGCTGGGATTACA	PITX2_HUMAN.H11MO.0.D	-5	0.000173135	0.133141	0.241332	10	ATTGCTGGGATTACA	TGGGATTAAA	+
452-AWTGCTGGGATTACA	OTX1_HUMAN.H11MO.0.D	-6	0.000419709	0.322756	0.241332	8	ATTGCTGGGATTACA	AGGATTAG	+
452-AWTGCTGGGATTACA	PITX3_HUMAN.H11MO.0.D	4	0.000471759	0.362783	0.241332	14	ATTGCTGGGATTACA	GGGGGATTAAGGGATTAA	+
452-AWTGCTGGGATTACA	GSC_HUMAN.H11MO.0.D	-4	0.000645773	0.496599	0.247763	11	ATTGCTGGGATTACA	AAGGGATTAGC	+
452-AWTGCTGGGATTACA	GFI1_HUMAN.H11MO.0.C	-3	0.00133218	1.02444	0.361119	10	ATTGCTGGGATTACA	GCTGTGATTT	+
452-AWTGCTGGGATTACA	GFI1B_HUMAN.H11MO.0.A	-3	0.00141184	1.08571	0.361119	10	ATTGCTGGGATTACA	GCTGTGATTT	+
452-AWTGCTGGGATTACA	DPRX_HUMAN.H11MO.0.D	-5	0.00220821	1.69811	0.422697	10	ATTGCTGGGATTACA	ACGGATTATCC	+
452-AWTGCTGGGATTACA	OTX2_HUMAN.H11MO.0.A	-4	0.00245846	1.89056	0.422697	11	ATTGCTGGGATTACA	AGGGGATTAAC	+
452-AWTGCTGGGATTACA	PITX1_HUMAN.H11MO.0.D	-5	0.00247888	1.90626	0.422697	9	ATTGCTGGGATTACA	AGGGATTAA	+
455-AGCCCCAGGG	AP2C_HUMAN.H11MO.0.A	1	0.000253284	0.194775	0.163553	10	AGCCCCAGGG	TGGCCTCAGGGCAT	-
455-AGCCCCAGGG	COE1_HUMAN.H11MO.0.A	2	0.000298931	0.229878	0.163553	10	AGCCCCAGGG	AAGTCCCCAGGGACC	+
455-AGCCCCAGGG	ZN423_HUMAN.H11MO.0.D	2	0.000319298	0.24554	0.163553	10	AGCCCCAGGG	GGCACCCAAGGGTGC	+
455-AGCCCCAGGG	AP2A_HUMAN.H11MO.0.A	2	0.000502902	0.386732	0.1932	10	AGCCCCAGGG	ATGGCCTCAGGGCAT	-
455-AGCCCCAGGG	AP2B_HUMAN.H11MO.0.B	-1	0.000901876	0.693543	0.27718	9	AGCCCCAGGG	GCCCGGGGGC	+
455-AGCCCCAGGG	ZN586_HUMAN.H11MO.0.C	0	0.00120897	0.929695	0.309633	10	AGCCCCAGGG	AGGCCTAGGAGGAAAAAATG	+
455-AGCCCCAGGG	REST_HUMAN.H11MO.0.A	3	0.00150683	1.15875	0.330788	10	AGCCCCAGGG	TTCAGCACCATGGACAGCGCCC	+
456-GGTGTGGGGA	TBX1_HUMAN.H11MO.0.D	9	0.000573448	0.440981	0.417066	10	GGTGTGGGGA	GGGTGGGCAGGGGTGGGCGG	+
456-GGTGTGGGGA	KLF4_HUMAN.H11MO.0.A	2	0.000799536	0.614843	0.417066	8	GGTGTGGGGA	AGGGTGTGGC	+
456-GGTGTGGGGA	ZN281_HUMAN.H11MO.0.A	5	0.00081978	0.630411	0.417066	10	GGTGTGGGGA	GGGTGGGGGAGGGGA	+
456-GGTGTGGGGA	ZN219_HUMAN.H11MO.0.D	2	0.00116367	0.894863	0.425857	10	GGTGTGGGGA	GAGGGGGGCGGA	+
456-GGTGTGGGGA	KLF5_HUMAN.H11MO.0.A	2	0.0013951	1.07283	0.425857	10	GGTGTGGGGA	AGGGTGGGGCTGGG	+
456-GGTGTGGGGA	ZN148_HUMAN.H11MO.0.D	6	0.00185286	1.42485	0.430664	9	GGTGTGGGGA	GGGGTGGGGGAGGGG	+
456-GGTGTGGGGA	GLIS1_HUMAN.H11MO.0.D	1	0.00199484	1.53403	0.430664	10	GGTGTGGGGA	TCGTGGGGGGTCT	+
456-GGTGTGGGGA	KLF12_HUMAN.H11MO.0.C	1	0.00270094	2.07702	0.430664	10	GGTGTGGGGA	AGGGGCGGGGC	+
456-GGTGTGGGGA	GLIS3_HUMAN.H11MO.0.D	-1	0.00324987	2.49915	0.430664	9	GGTGTGGGGA	GTGGGGGGTA	+
456-GGTGTGGGGA	SRBP1_HUMAN.H11MO.0.A	0	0.00360922	2.77549	0.430664	10	GGTGTGGGGA	GGTGGGGTGAG	+
456-GGTGTGGGGA	KLF1_HUMAN.H11MO.0.A	2	0.00385221	2.96235	0.430664	10	GGTGTGGGGA	GGGGCGGGGCCGGG	+
456-GGTGTGGGGA	MAZ_HUMAN.H11MO.1.A	1	0.00404681	3.112	0.430664	10	GGTGTGGGGA	GAGGGAGGGGG	+
456-GGTGTGGGGA	SP1_HUMAN.H11MO.1.A	2	0.00408069	3.13805	0.430664	10	GGTGTGGGGA	GGGGGGCGGGGCCG	+
456-GGTGTGGGGA	TBX15_HUMAN.H11MO.0.D	9	0.00447931	3.44459	0.430664	10	GGTGTGGGGA	GGGGGGGGGGGGGTGGGGG	+
456-GGTGTGGGGA	KLF16_HUMAN.H11MO.0.D	3	0.00474952	3.65238	0.430664	10	GGTGTGGGGA	GGGGGCGGGGGGGGGGGGG	+
456-GGTGTGGGGA	EGR4_HUMAN.H11MO.0.D	1	0.00479687	3.68879	0.430664	10	GGTGTGGGGA	GGCGGCAGGGC	+
456-GGTGTGGGGA	SUH_HUMAN.H11MO.0.A	0	0.00479687	3.68879	0.430664	10	GGTGTGGGGA	GGCGTGGGAAA	+
456-GGTGTGGGGA	TBX5_HUMAN.H11MO.0.D	1	0.00553788	4.25863	0.444266	7	GGTGTGGGGA	AGGTGTGA	+
456-GGTGTGGGGA	TBR1_HUMAN.H11MO.0.D	3	0.00598446	4.60205	0.444266	10	GGTGTGGGGA	AAAGGTGTGAAAA	+
456-GGTGTGGGGA	ZSCA4_HUMAN.H11MO.0.D	0	0.00599993	4.61394	0.444266	10	GGTGTGGGGA	AGTGTGTGCACT	+
456-GGTGTGGGGA	SP2_HUMAN.H11MO.1.B	2	0.00634146	4.87659	0.444266	10	GGTGTGGGGA	AGGGGGCGGGGC	+
456-GGTGTGGGGA	SP4_HUMAN.H11MO.1.A	4	0.00646903	4.97469	0.444266	10	GGTGTGGGGA	GGAGGGGGCGGGGCCG	+
456-GGTGTGGGGA	KLF9_HUMAN.H11MO.0.C	6	0.00669487	5.14835	0.444266	9	GGTGTGGGGA	GGAGGGGGCGTGGCC	+
456-GGTGTGGGGA	SP1_HUMAN.H11MO.0.A	2	0.00721107	5.54532	0.448281	10	GGTGTGGGGA	GGGGGGCGGGGCCGGGGGGGGG	+
456-GGTGTGGGGA	MESP1_HUMAN.H11MO.0.D	3	0.00747721	5.74997	0.448281	8	GGTGTGGGGA	GCAGGTGTGGA	+
456-GGTGTGGGGA	RREB1_HUMAN.H11MO.0.D	12	0.0076365	5.87247	0.448281	10	GGTGTGGGGA	GGGGGGGGGGGTGGTTTGGGGT	+
456-GGTGTGGGGA	KLF14_HUMAN.H11MO.0.D	5	0.00832489	6.40184	0.470591	8	GGTGTGGGGA	AGGGGGGCGTGGC	+
459-ATGATAMAAT	DDIT3_HUMAN.H11MO.0.D	0	5.53105e-05	0.0425338	0.0606793	10	ATGATAAAAT	ATGATGCAAT	+
459-ATGATAMAAT	ATF4_HUMAN.H11MO.0.A	2	7.94997e-05	0.0611352	0.0606793	10	ATGATAAAAT	AGATGATGCAAT	+
459-ATGATAMAAT	CEBPG_HUMAN.H11MO.0.B	2	0.000158659	0.122009	0.0807327	10	ATGATAAAAT	GGATGATGCAAT	-
459-ATGATAMAAT	DUXA_HUMAN.H11MO.0.D	-1	0.000792662	0.609557	0.284352	9	ATGATAAAAT	TGATTAAATTA	+
459-ATGATAMAAT	ZN586_HUMAN.H11MO.0.C	9	0.000931367	0.716221	0.284352	10	ATGATAAAAT	AGGCCTAGGAGGAAAAAATG	+
459-ATGATAMAAT	EVI1_HUMAN.H11MO.0.B	5	0.0012914	0.993088	0.328561	10	ATGATAAAAT	AAGATAAGATAAGATA	+
459-ATGATAMAAT	CPEB1_HUMAN.H11MO.0.D	7	0.00164723	1.26672	0.329118	10	ATGATAAAAT	AAAAAAAAAAATAAAAA	-
459-ATGATAMAAT	BATF_HUMAN.H11MO.1.A	1	0.00172479	1.32636	0.329118	10	ATGATAAAAT	GATGACTCAAT	+
459-ATGATAMAAT	DUX4_HUMAN.H11MO.0.A	-1	0.00258062	1.9845	0.43771	9	ATGATAAAAT	TGATTAGGTTA	+
463-AACTGCATG	ZN250_HUMAN.H11MO.0.C	8	0.00011704	0.0900037	0.180007	9	AACTGCATG	GTAATCAAAACAGCATGGTA	-
464-ATCAGGTCA	THA_HUMAN.H11MO.1.D	0	1.46808e-05	0.0112895	0.0139419	9	ATCAGGTCA	TTCAGGTCAG	+
464-ATCAGGTCA	THB_HUMAN.H11MO.1.D	1	1.86587e-05	0.0143485	0.0139419	9	ATCAGGTCA	GGTCAGGTCA	+
464-ATCAGGTCA	RXRB_HUMAN.H11MO.0.C	-1	5.51829e-05	0.0424357	0.0274888	8	ATCAGGTCA	TGAGGTCACA	+
464-ATCAGGTCA	THB_HUMAN.H11MO.0.C	8	0.000150772	0.115943	0.0478745	9	ATCAGGTCA	GAGGTCAGGTCAGGTCA	+
464-ATCAGGTCA	ESR2_HUMAN.H11MO.1.A	-3	0.000160178	0.123177	0.0478745	6	ATCAGGTCA	AGGTCAC	+
464-ATCAGGTCA	RARG_HUMAN.H11MO.1.B	-2	0.000328062	0.25228	0.0688094	7	ATCAGGTCA	GAGGTCAG	+
464-ATCAGGTCA	NR1D1_HUMAN.H11MO.1.D	3	0.000346593	0.26653	0.0688094	9	ATCAGGTCA	AAAAGTAGGTCAAA	+
464-ATCAGGTCA	ATF7_HUMAN.H11MO.0.D	0	0.000368355	0.283265	0.0688094	9	ATCAGGTCA	ATGACGTCATC	-
464-ATCAGGTCA	CREB5_HUMAN.H11MO.0.D	0	0.000420688	0.323509	0.0698537	9	ATCAGGTCA	ATGACGTCATC	-
464-ATCAGGTCA	ZN134_HUMAN.H11MO.1.C	5	0.000812322	0.624676	0.0859071	9	ATCAGGTCA	ACCTAATCAGGTGAAGG	+
464-ATCAGGTCA	RARB_HUMAN.H11MO.0.D	-2	0.000856349	0.658532	0.0859071	7	ATCAGGTCA	GAGGTCAGGGC	+
464-ATCAGGTCA	RXRA_HUMAN.H11MO.1.A	0	0.000857153	0.659151	0.0859071	9	ATCAGGTCA	CAGAGGTCAG	+
464-ATCAGGTCA	RARA_HUMAN.H11MO.1.A	-2	0.000857153	0.659151	0.0859071	7	ATCAGGTCA	AAGGTCAGGG	+
464-ATCAGGTCA	ESR1_HUMAN.H11MO.1.A	-1	0.000912906	0.702024	0.0859071	8	ATCAGGTCA	CAAGGTCACC	+
464-ATCAGGTCA	ZN134_HUMAN.H11MO.0.C	10	0.000948907	0.72971	0.0859071	9	ATCAGGTCA	GCCTCACCTAATCAGTTGAAGG	+
464-ATCAGGTCA	JDP2_HUMAN.H11MO.0.D	2	0.00102312	0.786782	0.0859071	9	ATCAGGTCA	TGATGACGTCAT	+
464-ATCAGGTCA	ATF2_HUMAN.H11MO.0.B	1	0.00103435	0.795412	0.0859071	9	ATCAGGTCA	GATGACGTCAT	+
464-ATCAGGTCA	NR1H3_HUMAN.H11MO.1.B	-1	0.00103474	0.795713	0.0859071	8	ATCAGGTCA	AAAGGTCAGA	+
464-ATCAGGTCA	ATF2_HUMAN.H11MO.1.B	5	0.00138682	1.06646	0.109078	9	ATCAGGTCA	AAATGATGATGTCATCATTT	+
464-ATCAGGTCA	NR1H4_HUMAN.H11MO.1.B	-3	0.00156229	1.2014	0.116736	6	ATCAGGTCA	AGGTCAGT	+
464-ATCAGGTCA	NR4A2_HUMAN.H11MO.0.C	-1	0.00190521	1.46511	0.12379	8	ATCAGGTCA	AAAGGTCAC	+
464-ATCAGGTCA	PPARA_HUMAN.H11MO.1.B	-1	0.00190521	1.46511	0.12379	8	ATCAGGTCA	AAAGGTCAG	+
464-ATCAGGTCA	THA_HUMAN.H11MO.0.C	7	0.00211927	1.62972	0.131962	9	ATCAGGTCA	GGGTCACTTCAGGTCAG	+
464-ATCAGGTCA	CREM_HUMAN.H11MO.0.C	-1	0.00242394	1.86401	0.144895	8	ATCAGGTCA	TGACGTCAGTG	-
464-ATCAGGTCA	ERR2_HUMAN.H11MO.0.A	0	0.00256548	1.97285	0.147457	9	ATCAGGTCA	TCAAGGTCA	+
464-ATCAGGTCA	NR2C1_HUMAN.H11MO.0.C	3	0.00274372	2.10992	0.151862	9	ATCAGGTCA	GGCCAGAGGTCAG	+
464-ATCAGGTCA	TFE3_HUMAN.H11MO.0.B	-1	0.0028818	2.2161	0.153807	8	ATCAGGTCA	TCACGTGACC	-
464-ATCAGGTCA	COT2_HUMAN.H11MO.0.A	0	0.00327415	2.51782	0.168722	9	ATCAGGTCA	CAAAGGTCAGAGG	+
464-ATCAGGTCA	ERR3_HUMAN.H11MO.0.B	0	0.00363605	2.79612	0.181126	9	ATCAGGTCA	TCAAGGTCA	+
464-ATCAGGTCA	NR4A3_HUMAN.H11MO.0.D	0	0.00406545	3.12633	0.189858	9	ATCAGGTCA	CAAAGGTCAG	+
464-ATCAGGTCA	RORA_HUMAN.H11MO.0.C	1	0.00463105	3.56128	0.209719	9	ATCAGGTCA	AACTAGGTCAGGG	+
464-ATCAGGTCA	ATF2_HUMAN.H11MO.2.C	1	0.00483694	3.7196	0.2126	9	ATCAGGTCA	GATGACGTCAC	+
464-ATCAGGTCA	ZSC31_HUMAN.H11MO.0.C	3	0.00540911	4.15961	0.230956	9	ATCAGGTCA	GGCAGCAGGGCAGTTATG	+
464-ATCAGGTCA	SCRT2_HUMAN.H11MO.0.D	4	0.00613956	4.72132	0.233106	9	ATCAGGTCA	ATGCAACAGGTGG	+
464-ATCAGGTCA	ATF6A_HUMAN.H11MO.0.B	-1	0.00638777	4.9122	0.233106	8	ATCAGGTCA	CCACGTCACCAC	-
464-ATCAGGTCA	RARG_HUMAN.H11MO.2.D	10	0.00640662	4.92669	0.233106	9	ATCAGGTCA	GGGGGTCACCCAGAGGTCAC	+
464-ATCAGGTCA	SCRT1_HUMAN.H11MO.0.D	2	0.00649086	4.99147	0.233106	9	ATCAGGTCA	GCAACAGGTGGTT	+
464-ATCAGGTCA	ATF3_HUMAN.H11MO.0.A	0	0.00674224	5.18478	0.233106	9	ATCAGGTCA	ATCACGTCACC	-
464-ATCAGGTCA	NR1I3_HUMAN.H11MO.1.D	-2	0.00713857	5.48956	0.233106	7	ATCAGGTCA	AAGTTCAT	+
464-ATCAGGTCA	RARA_HUMAN.H11MO.0.A	8	0.00718932	5.52859	0.233106	9	ATCAGGTCA	GGGGGATCAAGAGGTCAAGG	+
464-ATCAGGTCA	COT1_HUMAN.H11MO.1.C	1	0.0072495	5.57487	0.233106	9	ATCAGGTCA	GCAGAGGTCAGGG	+
464-ATCAGGTCA	ERR1_HUMAN.H11MO.0.A	1	0.00733128	5.63775	0.233106	9	ATCAGGTCA	CTCAAGGTCACACAG	+
464-ATCAGGTCA	RORG_HUMAN.H11MO.0.C	3	0.00795072	6.1141	0.239346	9	ATCAGGTCA	GAAAGTGGGTCA	+
464-ATCAGGTCA	PPARD_HUMAN.H11MO.0.D	5	0.00800255	6.15396	0.239346	9	ATCAGGTCA	TAGGACAAAGGTCA	+
464-ATCAGGTCA	NR1I2_HUMAN.H11MO.1.D	-2	0.008008	6.15815	0.239346	7	ATCAGGTCA	AAGTTCAC	+
464-ATCAGGTCA	PRRX1_HUMAN.H11MO.0.D	-2	0.00836877	6.43559	0.240508	7	ATCAGGTCA	CAGATTA	-
464-ATCAGGTCA	NR2E1_HUMAN.H11MO.0.D	5	0.00867517	6.67121	0.24461	9	ATCAGGTCA	AAGTCAAAAAGTCAATT	+
464-ATCAGGTCA	ZEB1_HUMAN.H11MO.0.A	0	0.00926261	7.12295	0.256337	9	ATCAGGTCA	GACAGGTGAG	+
464-ATCAGGTCA	COT2_HUMAN.H11MO.1.A	5	0.00969118	7.45252	0.260714	9	ATCAGGTCA	GGGGTCAAAGGTCAGGG	+
464-ATCAGGTCA	MITF_HUMAN.H11MO.0.A	-1	0.0097697	7.5129	0.260714	8	ATCAGGTCA	TCACGTGACC	+
464-ATCAGGTCA	CREB3_HUMAN.H11MO.0.D	1	0.0100407	7.72127	0.263244	9	ATCAGGTCA	TGCCACGTCACCA	-
464-ATCAGGTCA	VDR_HUMAN.H11MO.1.A	-1	0.0110091	8.46597	0.283657	8	ATCAGGTCA	TGGGTTCAG	+
464-ATCAGGTCA	SNAI1_HUMAN.H11MO.0.C	-1	0.0118741	9.1312	0.298434	8	ATCAGGTCA	CCAGGTGG	+
464-ATCAGGTCA	CR3L2_HUMAN.H11MO.0.D	1	0.0124154	9.54743	0.298434	9	ATCAGGTCA	TGCCACGTCATCA	-
464-ATCAGGTCA	NR6A1_HUMAN.H11MO.0.B	-2	0.0124154	9.54743	0.298434	7	ATCAGGTCA	AAGTTCAAGGTCA	+
464-ATCAGGTCA	FIGLA_HUMAN.H11MO.0.D	1	0.0127808	9.82842	0.298434	9	ATCAGGTCA	TAACAGGTGTT	+
464-ATCAGGTCA	CREB1_HUMAN.H11MO.0.A	-1	0.0127808	9.82842	0.298434	8	ATCAGGTCA	TGACGTCATCG	-
464-ATCAGGTCA	ATF1_HUMAN.H11MO.0.B	-1	0.0134629	10.353	0.309527	8	ATCAGGTCA	TGACGTCACCG	-
464-ATCAGGTCA	NR1H3_HUMAN.H11MO.0.B	10	0.0136929	10.5298	0.310044	9	ATCAGGTCA	CAGAGGTCACTGCAGGTCA	+
464-ATCAGGTCA	ESR1_HUMAN.H11MO.0.A	-3	0.0156062	12.0012	0.335524	6	ATCAGGTCA	AGGTCACCCTGACCT	+
464-ATCAGGTCA	DUX4_HUMAN.H11MO.0.A	2	0.0157163	12.0858	0.335524	9	ATCAGGTCA	TGATTAGGTTA	+
464-ATCAGGTCA	ID4_HUMAN.H11MO.0.D	0	0.0157163	12.0858	0.335524	9	ATCAGGTCA	GACAGGTGTAA	+
464-ATCAGGTCA	MLX_HUMAN.H11MO.0.D	2	0.0157163	12.0858	0.335524	9	ATCAGGTCA	TGATCACGTGC	+
464-ATCAGGTCA	DUXA_HUMAN.H11MO.0.D	2	0.0174046	13.3842	0.363203	9	ATCAGGTCA	TGATTAAATTA	+
464-ATCAGGTCA	COT1_HUMAN.H11MO.0.C	5	0.0174989	13.4566	0.363203	9	ATCAGGTCA	GGGGTCAGAGGTCAGGG	+
464-ATCAGGTCA	LHX6_HUMAN.H11MO.0.D	3	0.0182226	14.0132	0.373043	7	ATCAGGTCA	GTAATCAGAG	-
464-ATCAGGTCA	USF1_HUMAN.H11MO.0.A	1	0.0193504	14.8804	0.390777	9	ATCAGGTCA	GGTCACGTGACC	-
464-ATCAGGTCA	RXRG_HUMAN.H11MO.0.B	3	0.019753	15.1901	0.393589	9	ATCAGGTCA	GGTCAAAGGTCAC	+
464-ATCAGGTCA	RXRA_HUMAN.H11MO.0.A	8	0.0204036	15.6904	0.401204	9	ATCAGGTCA	GGGGGAGGCAGAGGTCAGAG	+
464-ATCAGGTCA	AP2C_HUMAN.H11MO.0.A	4	0.0217592	16.7328	0.422302	9	ATCAGGTCA	TGGCCTCAGGGCAT	-
464-ATCAGGTCA	NR1H2_HUMAN.H11MO.0.D	0	0.0232184	17.855	0.444846	9	ATCAGGTCA	TAAAGGTCAAAGGTCAACG	+
464-ATCAGGTCA	SIX1_HUMAN.H11MO.0.A	3	0.0240594	18.5017	0.455124	9	ATCAGGTCA	GGTATCAGGTTTCA	-
464-ATCAGGTCA	NR1I2_HUMAN.H11MO.0.C	9	0.0244429	18.7966	0.456599	9	ATCAGGTCA	TGAGGTCAAAAAAGTTCAG	+
464-ATCAGGTCA	RARG_HUMAN.H11MO.0.B	-3	0.0248672	19.1229	0.45879	6	ATCAGGTCA	AGGTCAGAGTGACCTGGG	+
464-ATCAGGTCA	STF1_HUMAN.H11MO.0.B	2	0.0259415	19.949	0.467077	9	ATCAGGTCA	GCTCAAGGCCA	+
464-ATCAGGTCA	MESP1_HUMAN.H11MO.0.D	-1	0.0259415	19.949	0.467077	8	ATCAGGTCA	GCAGGTGTGGA	+
464-ATCAGGTCA	SNAI2_HUMAN.H11MO.0.A	0	0.0271255	20.8595	0.473364	9	ATCAGGTCA	GGCAGGTGCA	+
464-ATCAGGTCA	SRBP1_HUMAN.H11MO.0.A	1	0.027241	20.9483	0.473364	9	ATCAGGTCA	GGTGGGGTGAG	+
464-ATCAGGTCA	ZN329_HUMAN.H11MO.0.C	-1	0.0278165	21.3909	0.47781	8	ATCAGGTCA	TCAGGCATGGCTGGATCCAG	-
464-ATCAGGTCA	ZN335_HUMAN.H11MO.1.A	-1	0.0292803	22.5165	0.486188	7	ATCAGGTCA	TCAGGCA	-
464-ATCAGGTCA	NR4A1_HUMAN.H11MO.0.A	-1	0.0305554	23.4971	0.496025	8	ATCAGGTCA	AAAGGTCAG	+
464-ATCAGGTCA	GATA6_HUMAN.H11MO.0.A	4	0.0308685	23.7379	0.496025	9	ATCAGGTCA	ACAGATAAGATAA	+
465-GAGGAGTGGA	ZN140_HUMAN.H11MO.0.C	0	0.00013458	0.103492	0.206942	10	GAGGAGTGGA	TAGGAGCGGAATTGCTGGGTCATA	-
469-CCCCGCCCCGTCTCN	KLF12_HUMAN.H11MO.0.C	1	2.14418e-06	0.00164888	0.0032043	10	CCCCGCCCCGTCTCA	GCCCCGCCCCT	-
469-CCCCGCCCCGTCTCN	SP1_HUMAN.H11MO.0.A	6	6.18551e-06	0.00475666	0.00462186	15	CCCCGCCCCGTCTCA	CCCCCCCCCGGCCCCGCCCCCC	-
469-CCCCGCCCCGTCTCN	ZN148_HUMAN.H11MO.0.D	0	9.29663e-06	0.00714911	0.00463101	15	CCCCGCCCCGTCTCA	CCCCTCCCCCACCCC	-
469-CCCCGCCCCGTCTCN	SP1_HUMAN.H11MO.1.A	3	2.00987e-05	0.0154559	0.00680465	11	CCCCGCCCCGTCTCA	CGGCCCCGCCCCCC	-
469-CCCCGCCCCGTCTCN	SP2_HUMAN.H11MO.0.A	7	3.10987e-05	0.0239149	0.00680465	15	CCCCGCCCCGTCTCA	CCCCCGGCCCCGCCCCCCCCCC	-
469-CCCCGCCCCGTCTCN	KLF3_HUMAN.H11MO.0.B	5	3.33892e-05	0.0256763	0.00680465	14	CCCCGCCCCGTCTCA	CCCGGCCCCGCCCCTCCCC	-
469-CCCCGCCCCGTCTCN	SP3_HUMAN.H11MO.0.B	6	3.61169e-05	0.0277739	0.00680465	14	CCCCGCCCCGTCTCA	CCCCGGCCCCGCCCCCCCCC	-
469-CCCCGCCCCGTCTCN	ZN281_HUMAN.H11MO.0.A	1	3.6427e-05	0.0280124	0.00680465	14	CCCCGCCCCGTCTCA	TCCCCTCCCCCACCC	-
469-CCCCGCCCCGTCTCN	SP4_HUMAN.H11MO.0.A	5	4.37036e-05	0.0336081	0.00725682	15	CCCCGCCCCGTCTCA	CCCGGCCCCGCCCCCTTCCC	-
469-CCCCGCCCCGTCTCN	TBX1_HUMAN.H11MO.0.D	2	5.27919e-05	0.040597	0.00788931	15	CCCCGCCCCGTCTCA	CCGCCCACCCCTGCCCACCC	-
469-CCCCGCCCCGTCTCN	SP2_HUMAN.H11MO.1.B	1	7.66287e-05	0.0589275	0.0104105	11	CCCCGCCCCGTCTCA	GCCCCGCCCCCT	-
469-CCCCGCCCCGTCTCN	KLF16_HUMAN.H11MO.0.D	4	0.00010852	0.0834515	0.0134459	15	CCCCGCCCCGTCTCA	CCCCCCCCCCCCCGCCCCC	-
469-CCCCGCCCCGTCTCN	SP4_HUMAN.H11MO.1.A	3	0.000116967	0.0899475	0.0134459	13	CCCCGCCCCGTCTCA	CGGCCCCGCCCCCTCC	-
469-CCCCGCCCCGTCTCN	PATZ1_HUMAN.H11MO.0.C	7	0.00016658	0.1281	0.0176009	15	CCCCGCCCCGTCTCA	CCTCCCCCCCCGCCCCCTCCCC	-
469-CCCCGCCCCGTCTCN	KLF9_HUMAN.H11MO.0.C	2	0.000176667	0.135857	0.0176009	13	CCCCGCCCCGTCTCA	GGCCACGCCCCCTCC	-
469-CCCCGCCCCGTCTCN	EGR1_HUMAN.H11MO.0.A	1	0.000209336	0.160979	0.0195522	15	CCCCGCCCCGTCTCA	CCCCCGCCCACGCCCTC	-
469-CCCCGCCCCGTCTCN	EGR2_HUMAN.H11MO.0.A	0	0.000299245	0.230119	0.0263057	15	CCCCGCCCCGTCTCA	CCCCTCCCACACCCCCCC	-
469-CCCCGCCCCGTCTCN	KLF4_HUMAN.H11MO.0.A	1	0.000335775	0.258211	0.0276524	9	CCCCGCCCCGTCTCA	GCCACACCCT	-
469-CCCCGCCCCGTCTCN	EGR2_HUMAN.H11MO.1.A	1	0.000351572	0.270359	0.0276524	15	CCCCGCCCCGTCTCA	CCCCCGCCCACGCCCC	-
469-CCCCGCCCCGTCTCN	MAZ_HUMAN.H11MO.1.A	1	0.000482828	0.371295	0.0348656	10	CCCCGCCCCGTCTCA	CCCCCTCCCTC	-
469-CCCCGCCCCGTCTCN	TBX15_HUMAN.H11MO.0.D	1	0.000489943	0.376766	0.0348656	15	CCCCGCCCCGTCTCA	CCCCCACCCCCCCCCCCCC	-
469-CCCCGCCCCGTCTCN	KLF14_HUMAN.H11MO.0.D	1	0.000567076	0.436081	0.0362181	12	CCCCGCCCCGTCTCA	GCCACGCCCCCCT	-
469-CCCCGCCCCGTCTCN	ZBT17_HUMAN.H11MO.0.A	3	0.00057868	0.445005	0.0362181	15	CCCCGCCCCGTCTCA	CTTCCCCTCCCCCACCCTC	-
469-CCCCGCCCCGTCTCN	EGR4_HUMAN.H11MO.0.D	1	0.000581655	0.447293	0.0362181	10	CCCCGCCCCGTCTCA	GCCCTGCCGCC	-
469-CCCCGCCCCGTCTCN	KLF15_HUMAN.H11MO.0.A	5	0.000761176	0.585344	0.0450804	14	CCCCGCCCCGTCTCA	CCCCCCCCTGCTCCTCCCC	-
469-CCCCGCCCCGTCTCN	KLF1_HUMAN.H11MO.0.A	0	0.000784314	0.603137	0.0450804	14	CCCCGCCCCGTCTCA	CCCGGCCCCGCCCC	-
469-CCCCGCCCCGTCTCN	XBP1_HUMAN.H11MO.0.D	-4	0.00083907	0.645245	0.0464415	11	CCCCGCCCCGTCTCA	GCCACGTCAGC	-
469-CCCCGCCCCGTCTCN	ZN467_HUMAN.H11MO.0.C	7	0.00102553	0.788634	0.0542078	15	CCCCGCCCCGTCTCA	CCCCCCCCCCCCTCCCCTCCCC	-
469-CCCCGCCCCGTCTCN	KLF6_HUMAN.H11MO.0.A	7	0.00105193	0.808937	0.0542078	12	CCCCGCCCCGTCTCA	CCCCCGGCCCCGCCCTTCC	-
469-CCCCGCCCCGTCTCN	WT1_HUMAN.H11MO.0.C	0	0.00133251	1.0247	0.0663775	15	CCCCGCCCCGTCTCA	CCCCCCCTCCTCCCCCGCCC	-
469-CCCCGCCCCGTCTCN	MAZ_HUMAN.H11MO.0.A	7	0.00141422	1.08754	0.0681755	15	CCCCGCCCCGTCTCA	CCCCCCCCCCCCCCCCTCCCCC	-
469-CCCCGCCCCGTCTCN	HEY1_HUMAN.H11MO.0.D	-3	0.00223071	1.71542	0.104175	12	CCCCGCCCCGTCTCA	CGACACGTGCCA	-
469-CCCCGCCCCGTCTCN	VEZF1_HUMAN.H11MO.0.C	0	0.00238475	1.83388	0.107994	15	CCCCGCCCCGTCTCA	CCCCTCCCCCTCCCCCCTCCCC	-
469-CCCCGCCCCGTCTCN	PATZ1_HUMAN.H11MO.1.C	0	0.00246619	1.8965	0.108398	9	CCCCGCCCCGTCTCA	CCCCTCCCT	-
469-CCCCGCCCCGTCTCN	SALL4_HUMAN.H11MO.0.B	-1	0.00284701	2.18935	0.11549	10	CCCCGCCCCGTCTCA	CCCACCCTCC	-
469-CCCCGCCCCGTCTCN	E2F4_HUMAN.H11MO.0.A	3	0.00293515	2.25713	0.11549	10	CCCCGCCCCGTCTCA	ATTTCCCGCCCCC	-
469-CCCCGCCCCGTCTCN	KLF5_HUMAN.H11MO.0.A	0	0.00293667	2.2583	0.11549	14	CCCCGCCCCGTCTCA	CCCAGCCCCACCCT	-
469-CCCCGCCCCGTCTCN	ZN740_HUMAN.H11MO.0.D	-1	0.00293667	2.2583	0.11549	14	CCCCGCCCCGTCTCA	CCCACCCCCCCCCC	-
469-CCCCGCCCCGTCTCN	KLF13_HUMAN.H11MO.0.D	-1	0.00355254	2.7319	0.134932	11	CCCCGCCCCGTCTCA	CACGCCCCCCT	-
469-CCCCGCCCCGTCTCN	E2F7_HUMAN.H11MO.0.B	-1	0.00361163	2.77734	0.134932	13	CCCCGCCCCGTCTCA	CCTTTCCCGCCCC	-
469-CCCCGCCCCGTCTCN	ZN219_HUMAN.H11MO.0.D	1	0.00402507	3.09528	0.14671	11	CCCCGCCCCGTCTCA	TCCGCCCCCCTC	-
469-CCCCGCCCCGTCTCN	TFDP1_HUMAN.H11MO.0.C	3	0.00461099	3.54586	0.164065	11	CCCCGCCCCGTCTCA	TTTTCCCGCCCCCC	-
469-CCCCGCCCCGTCTCN	ZSC22_HUMAN.H11MO.0.C	-1	0.00482006	3.70663	0.167516	14	CCCCGCCCCGTCTCA	CCTCCTCCCTCAGACC	-
469-CCCCGCCCCGTCTCN	CREB3_HUMAN.H11MO.0.D	-3	0.0054239	4.17098	0.184218	12	CCCCGCCCCGTCTCA	TGCCACGTCACCA	-
469-CCCCGCCCCGTCTCN	GLIS2_HUMAN.H11MO.0.D	4	0.00561209	4.3157	0.186373	10	CCCCGCCCCGTCTCA	GACCCCCCGCGAAG	-
469-CCCCGCCCCGTCTCN	INSM1_HUMAN.H11MO.0.C	-3	0.0064167	4.93444	0.205467	12	CCCCGCCCCGTCTCA	TGCCCCCTGACA	-
469-CCCCGCCCCGTCTCN	ZN770_HUMAN.H11MO.0.C	6	0.00646201	4.96929	0.205467	15	CCCCGCCCCGTCTCA	GATCCTCCCGCCTCAGCCTCCC	-
469-CCCCGCCCCGTCTCN	E2F1_HUMAN.H11MO.0.A	3	0.0068136	5.23966	0.212132	11	CCCCGCCCCGTCTCA	CTTTCCCGCCCCCC	-
469-CCCCGCCCCGTCTCN	P53_HUMAN.H11MO.1.A	0	0.00805811	6.19669	0.245759	13	CCCCGCCCCGTCTCA	CCCAGGCATGTCC	-
469-CCCCGCCCCGTCTCN	CR3L1_HUMAN.H11MO.0.D	-3	0.0083602	6.42899	0.249872	11	CCCCGCCCCGTCTCA	TGCCACGTGGC	-
469-CCCCGCCCCGTCTCN	ZIC1_HUMAN.H11MO.0.B	0	0.00867724	6.6728	0.254263	9	CCCCGCCCCGTCTCA	GACCACCCC	-
469-CCCCGCCCCGTCTCN	ZN341_HUMAN.H11MO.0.C	6	0.00945856	7.27363	0.266017	15	CCCCGCCCCGTCTCA	GCTCTTCCCTCCCCCCCCCCCC	-
469-CCCCGCCCCGTCTCN	ZIC4_HUMAN.H11MO.0.D	4	0.0094732	7.28489	0.266017	11	CCCCGCCCCGTCTCA	GACCCCCCGCTGTGC	-
469-CCCCGCCCCGTCTCN	E2F3_HUMAN.H11MO.0.A	2	0.00975989	7.50535	0.266017	9	CCCCGCCCCGTCTCA	TTTCCCGCCCT	-
469-CCCCGCCCCGTCTCN	PLAG1_HUMAN.H11MO.0.D	0	0.00979041	7.52883	0.266017	15	CCCCGCCCCGTCTCA	CCCCTCCTGATGCCCCC	-
469-CCCCGCCCCGTCTCN	PROX1_HUMAN.H11MO.0.D	-1	0.010253	7.88457	0.269326	14	CCCCGCCCCGTCTCA	CCCAACCCGCCTTACCC	-
469-CCCCGCCCCGTCTCN	EGR3_HUMAN.H11MO.0.D	-2	0.0102726	7.89966	0.269326	11	CCCCGCCCCGTCTCA	ACACCCACTCT	-
469-CCCCGCCCCGTCTCN	SPIC_HUMAN.H11MO.0.D	-2	0.0124182	9.54962	0.314543	13	CCCCGCCCCGTCTCA	CCTCCCCTTCCTC	-
469-CCCCGCCCCGTCTCN	GLIS3_HUMAN.H11MO.0.D	2	0.012763	9.81476	0.317888	8	CCCCGCCCCGTCTCA	TACCCCCCAC	-
469-CCCCGCCCCGTCTCN	HES5_HUMAN.H11MO.0.D	-3	0.013512	10.3907	0.331026	12	CCCCGCCCCGTCTCA	CGGCACGTGCCA	-
469-CCCCGCCCCGTCTCN	ARNT2_HUMAN.H11MO.0.D	0	0.0141793	10.9039	0.336346	12	CCCCGCCCCGTCTCA	GCCTCCCACGCC	-
469-CCCCGCCCCGTCTCN	ATF6A_HUMAN.H11MO.0.B	-5	0.0141793	10.9039	0.336346	10	CCCCGCCCCGTCTCA	CCACGTCACCAC	-
469-CCCCGCCCCGTCTCN	ZN320_HUMAN.H11MO.0.C	8	0.014712	11.3135	0.338208	12	CCCCGCCCCGTCTCA	CACTGGCCCCCTGGTCCCAC	-
469-CCCCGCCCCGTCTCN	ZFX_HUMAN.H11MO.1.A	1	0.0147529	11.345	0.338208	15	CCCCGCCCCGTCTCA	CCCCGGCCTCCGCCCCC	-
469-CCCCGCCCCGTCTCN	ZN816_HUMAN.H11MO.0.C	-1	0.0149367	11.4864	0.338208	14	CCCCGCCCCGTCTCA	CCCTGCATGTCCCCCTTTTTT	-
469-CCCCGCCCCGTCTCN	SRBP2_HUMAN.H11MO.0.B	0	0.0156983	12.072	0.344997	13	CCCCGCCCCGTCTCA	CCTCACCCCACCC	-
469-CCCCGCCCCGTCTCN	E2F6_HUMAN.H11MO.0.A	4	0.0156983	12.072	0.344997	9	CCCCGCCCCGTCTCA	CCCTTCCCGCCCC	-
469-CCCCGCCCCGTCTCN	CTCFL_HUMAN.H11MO.0.A	0	0.0161331	12.4064	0.346102	15	CCCCGCCCCGTCTCA	CGGCGCCCCCTGGCGGC	-
469-CCCCGCCCCGTCTCN	CR3L2_HUMAN.H11MO.0.D	-3	0.0164434	12.645	0.346102	12	CCCCGCCCCGTCTCA	TGCCACGTCATCA	-
469-CCCCGCCCCGTCTCN	PURA_HUMAN.H11MO.0.D	4	0.016867	12.9707	0.350088	13	CCCCGCCCCGTCTCA	CCCTGCCCCCCCCTTCC	-
469-CCCCGCCCCGTCTCN	VEZF1_HUMAN.H11MO.1.C	1	0.0171638	13.199	0.351368	11	CCCCGCCCCGTCTCA	CCCCCTCCCTCT	-
469-CCCCGCCCCGTCTCN	ZN554_HUMAN.H11MO.0.C	3	0.0184043	14.1529	0.371671	15	CCCCGCCCCGTCTCA	AGCACCCCACATGGCTCAGC	-
469-CCCCGCCCCGTCTCN	GLIS1_HUMAN.H11MO.0.D	2	0.0188785	14.5176	0.376165	11	CCCCGCCCCGTCTCA	AGACCCCCCACGA	-
469-CCCCGCCCCGTCTCN	ZN263_HUMAN.H11MO.0.A	6	0.0210107	16.1572	0.413142	14	CCCCGCCCCGTCTCA	CTCCTCCTCTCCCTCCTCCC	-
469-CCCCGCCCCGTCTCN	MXI1_HUMAN.H11MO.0.A	2	0.0223222	17.1658	0.433229	13	CCCCGCCCCGTCTCA	CCCGCCGCCACGTGC	-
469-CCCCGCCCCGTCTCN	TAF1_HUMAN.H11MO.0.A	4	0.0229873	17.6772	0.440417	12	CCCCGCCCCGTCTCA	CCGCCGCCGCCATCTT	-
469-CCCCGCCCCGTCTCN	THAP1_HUMAN.H11MO.0.C	0	0.0234502	18.0332	0.443599	15	CCCCGCCCCGTCTCA	CGCCGCCATCTTGGCTGCGGGC	+
469-CCCCGCCCCGTCTCN	ZBT7A_HUMAN.H11MO.0.A	-2	0.0258041	19.8433	0.475645	9	CCCCGCCCCGTCTCA	GAGACCCCC	-
469-CCCCGCCCCGTCTCN	COT1_HUMAN.H11MO.0.C	0	0.0260929	20.0654	0.475645	15	CCCCGCCCCGTCTCA	CCCTGACCTCTGACCCC	-
469-CCCCGCCCCGTCTCN	HES7_HUMAN.H11MO.0.D	-3	0.0260991	20.0702	0.475645	12	CCCCGCCCCGTCTCA	CGGCACGTGCCA	-
470-CCTGATTTA	HXA9_HUMAN.H11MO.0.B	-1	0.000103812	0.0798315	0.15854	8	CCTGATTTA	ATGATTTATGG	+
470-CCTGATTTA	HXC6_HUMAN.H11MO.0.D	-1	0.000321966	0.247592	0.24585	8	CCTGATTTA	ATGATTTATTACTTT	+
470-CCTGATTTA	MEIS1_HUMAN.H11MO.0.A	-1	0.000651993	0.501383	0.331904	8	CCTGATTTA	ATGATTTATGGC	+
470-CCTGATTTA	HXB7_HUMAN.H11MO.0.C	-1	0.00117111	0.900586	0.428948	8	CCTGATTTA	TTGATTAATG	+
470-CCTGATTTA	HXB6_HUMAN.H11MO.0.D	0	0.00140438	1.07997	0.428948	9	CCTGATTTA	AATGATTGATGCA	+
471-GGTCCTGAA	REST_HUMAN.H11MO.0.A	13	1.10706e-05	0.00851327	0.0170265	9	GGTCCTGAA	GGGCGCTGTCCATGGTGCTGAA	-
474-GAGATGGCGC	TYY1_HUMAN.H11MO.0.A	1	0.000157508	0.121124	0.242247	10	GAGATGGCGC	CAAGATGGCGGC	+
476-ACTCCTGACCTTGTG	ERR2_HUMAN.H11MO.0.A	-5	7.87983e-06	0.00605959	0.0119742	9	ACTCCTGACCTTGTG	TGACCTTGA	-
476-ACTCCTGACCTTGTG	ERR3_HUMAN.H11MO.0.B	-5	4.93717e-05	0.0379669	0.0375126	9	ACTCCTGACCTTGTG	TGACCTTGA	-
476-ACTCCTGACCTTGTG	NR4A2_HUMAN.H11MO.0.C	-4	7.85263e-05	0.0603867	0.0375672	9	ACTCCTGACCTTGTG	GTGACCTTT	-
476-ACTCCTGACCTTGTG	ESR2_HUMAN.H11MO.1.A	-4	0.000121318	0.0932939	0.0375672	7	ACTCCTGACCTTGTG	GTGACCT	-
476-ACTCCTGACCTTGTG	NR4A3_HUMAN.H11MO.0.D	-4	0.000124551	0.0957796	0.0375672	10	ACTCCTGACCTTGTG	CTGACCTTTG	-
476-ACTCCTGACCTTGTG	ERR1_HUMAN.H11MO.0.A	0	0.000157597	0.121192	0.0375672	15	ACTCCTGACCTTGTG	CTGTGTGACCTTGAG	-
476-ACTCCTGACCTTGTG	STF1_HUMAN.H11MO.0.B	-5	0.000191245	0.147067	0.0375672	10	ACTCCTGACCTTGTG	TGGCCTTGAGC	-
476-ACTCCTGACCTTGTG	PPARA_HUMAN.H11MO.1.B	-4	0.000205694	0.158179	0.0375672	9	ACTCCTGACCTTGTG	CTGACCTTT	-
476-ACTCCTGACCTTGTG	RARG_HUMAN.H11MO.1.B	-4	0.000222496	0.171099	0.0375672	8	ACTCCTGACCTTGTG	CTGACCTC	-
476-ACTCCTGACCTTGTG	RARA_HUMAN.H11MO.1.A	-2	0.000297334	0.22865	0.0438386	10	ACTCCTGACCTTGTG	CCCTGACCTT	-
476-ACTCCTGACCTTGTG	ESR1_HUMAN.H11MO.1.A	-3	0.000317337	0.244032	0.0438386	10	ACTCCTGACCTTGTG	GGTGACCTTG	-
476-ACTCCTGACCTTGTG	RARB_HUMAN.H11MO.0.D	-1	0.00037749	0.29029	0.0475165	11	ACTCCTGACCTTGTG	GCCCTGACCTC	-
476-ACTCCTGACCTTGTG	NR5A2_HUMAN.H11MO.0.B	-5	0.000425932	0.327542	0.0475165	10	ACTCCTGACCTTGTG	TGGCCTTGAAC	-
476-ACTCCTGACCTTGTG	NR1H3_HUMAN.H11MO.1.B	-3	0.000437768	0.336644	0.0475165	10	ACTCCTGACCTTGTG	TCTGACCTTT	-
476-ACTCCTGACCTTGTG	COT2_HUMAN.H11MO.0.A	-1	0.000822981	0.632872	0.0795882	13	ACTCCTGACCTTGTG	CCTCTGACCTTTG	-
476-ACTCCTGACCTTGTG	NR1H4_HUMAN.H11MO.1.B	-3	0.000837992	0.644416	0.0795882	8	ACTCCTGACCTTGTG	ACTGACCT	-
476-ACTCCTGACCTTGTG	RXRA_HUMAN.H11MO.1.A	-4	0.00110739	0.851582	0.0989874	10	ACTCCTGACCTTGTG	CTGACCTCTG	-
476-ACTCCTGACCTTGTG	RXRB_HUMAN.H11MO.0.C	-3	0.001883	1.44802	0.147488	10	ACTCCTGACCTTGTG	TGTGACCTCA	-
476-ACTCCTGACCTTGTG	RORA_HUMAN.H11MO.0.C	-2	0.00197284	1.51711	0.147488	13	ACTCCTGACCTTGTG	CCCTGACCTAGTT	-
476-ACTCCTGACCTTGTG	THA_HUMAN.H11MO.1.D	-4	0.00199507	1.53421	0.147488	10	ACTCCTGACCTTGTG	CTGACCTGAA	-
476-ACTCCTGACCTTGTG	NR1I3_HUMAN.H11MO.1.D	-4	0.0020382	1.56737	0.147488	8	ACTCCTGACCTTGTG	ATGAACTT	-
476-ACTCCTGACCTTGTG	NR4A1_HUMAN.H11MO.0.A	-4	0.00282694	2.17392	0.195264	9	ACTCCTGACCTTGTG	CTGACCTTT	-
476-ACTCCTGACCTTGTG	COT1_HUMAN.H11MO.1.C	-2	0.00356142	2.73873	0.235301	13	ACTCCTGACCTTGTG	CCCTGACCTCTGC	-
476-ACTCCTGACCTTGTG	NR6A1_HUMAN.H11MO.0.B	-5	0.0037375	2.87414	0.235737	10	ACTCCTGACCTTGTG	TGACCTTGAACTT	-
476-ACTCCTGACCTTGTG	NR1I2_HUMAN.H11MO.1.D	-4	0.00387827	2.98239	0.235737	8	ACTCCTGACCTTGTG	GTGAACTT	-
476-ACTCCTGACCTTGTG	NR2C1_HUMAN.H11MO.0.C	-4	0.00411439	3.16396	0.24047	11	ACTCCTGACCTTGTG	CTGACCTCTGGCC	-
476-ACTCCTGACCTTGTG	NR2E3_HUMAN.H11MO.0.C	2	0.00617055	4.74515	0.347287	12	ACTCCTGACCTTGTG	TGACTTTTGACTTT	-
476-ACTCCTGACCTTGTG	NR1D1_HUMAN.H11MO.1.D	-3	0.00645527	4.9641	0.350336	12	ACTCCTGACCTTGTG	TTTGACCTACTTTT	-
476-ACTCCTGACCTTGTG	NR2E1_HUMAN.H11MO.0.D	-2	0.00680393	5.23223	0.356526	13	ACTCCTGACCTTGTG	AATTGACTTTTTGACTT	-
476-ACTCCTGACCTTGTG	COT2_HUMAN.H11MO.1.A	-2	0.00742	5.70598	0.370056	13	ACTCCTGACCTTGTG	CCCTGACCTTTGACCCC	-
476-ACTCCTGACCTTGTG	ATF6A_HUMAN.H11MO.0.B	-1	0.00769643	5.91855	0.370056	12	ACTCCTGACCTTGTG	GTGGTGACGTGG	+
476-ACTCCTGACCTTGTG	NRL_HUMAN.H11MO.0.D	-2	0.00779272	5.9926	0.370056	11	ACTCCTGACCTTGTG	TGCTGACGCAG	+
476-ACTCCTGACCTTGTG	THB_HUMAN.H11MO.1.D	-5	0.00830865	6.38936	0.3826	10	ACTCCTGACCTTGTG	TGACCTGACC	-
476-ACTCCTGACCTTGTG	RARA_HUMAN.H11MO.0.A	-2	0.00871107	6.69881	0.389333	13	ACTCCTGACCTTGTG	CCTTGACCTCTTGATCCCCC	-
476-ACTCCTGACCTTGTG	TFEB_HUMAN.H11MO.0.C	-1	0.0104917	8.06808	0.455477	9	ACTCCTGACCTTGTG	CACGTGACC	-
476-ACTCCTGACCTTGTG	NR1H2_HUMAN.H11MO.0.D	5	0.0112065	8.61782	0.455477	14	ACTCCTGACCTTGTG	CGTTGACCTTTGACCTTTA	-
476-ACTCCTGACCTTGTG	COT1_HUMAN.H11MO.0.C	-2	0.0113595	8.73542	0.455477	13	ACTCCTGACCTTGTG	CCCTGACCTCTGACCCC	-
476-ACTCCTGACCTTGTG	MAF_HUMAN.H11MO.1.B	-2	0.0113899	8.75887	0.455477	8	ACTCCTGACCTTGTG	TGCTGACT	+
476-ACTCCTGACCTTGTG	TFE3_HUMAN.H11MO.0.B	0	0.0119067	9.15628	0.460043	10	ACTCCTGACCTTGTG	TCACGTGACC	-
476-ACTCCTGACCTTGTG	MAFB_HUMAN.H11MO.0.B	-2	0.0121096	9.31227	0.460043	11	ACTCCTGACCTTGTG	TGCTGACTCAG	+
476-ACTCCTGACCTTGTG	SOX15_HUMAN.H11MO.0.D	-8	0.0124327	9.56074	0.460798	7	ACTCCTGACCTTGTG	CATTGTT	+
478-ATTCCTCCTG	ZN680_HUMAN.H11MO.0.C	4	3.07263e-05	0.0236285	0.0470313	10	ATTCCTCCTG	CCTCATTCTTCTTGGACATG	-
478-ATTCCTCCTG	ZN586_HUMAN.H11MO.0.C	5	0.000268441	0.206431	0.205445	10	ATTCCTCCTG	CATTTTTTCCTCCTAGGCCT	-
478-ATTCCTCCTG	ELF3_HUMAN.H11MO.0.A	3	0.00180255	1.38616	0.493689	10	ATTCCTCCTG	CCACTTCCTGGTTC	-
478-ATTCCTCCTG	SMCA1_HUMAN.H11MO.0.C	1	0.00200213	1.53964	0.493689	10	ATTCCTCCTG	CATTCTTCTTGG	-
478-ATTCCTCCTG	ZIC3_HUMAN.H11MO.0.B	2	0.00210818	1.62119	0.493689	10	ATTCCTCCTG	GGCCCCCTGCTGTGA	+
478-ATTCCTCCTG	ELF5_HUMAN.H11MO.0.A	3	0.0029653	2.28031	0.493689	10	ATTCCTCCTG	CCACTTCCTCCTTCC	-
478-ATTCCTCCTG	ETV5_HUMAN.H11MO.0.C	4	0.00300513	2.31095	0.493689	10	ATTCCTCCTG	CTCACTTCCTGCTC	-
478-ATTCCTCCTG	SNAI1_HUMAN.H11MO.0.C	-3	0.00363601	2.79609	0.493689	7	ATTCCTCCTG	CCACCTGG	-
478-ATTCCTCCTG	ETV6_HUMAN.H11MO.0.D	1	0.00373297	2.87065	0.493689	8	ATTCCTCCTG	ACTTCCTGT	-
478-ATTCCTCCTG	ETV7_HUMAN.H11MO.0.D	0	0.00403726	3.10466	0.493689	7	ATTCCTCCTG	CTTCCTG	-
478-ATTCCTCCTG	ZN263_HUMAN.H11MO.1.A	0	0.004104	3.15597	0.493689	10	ATTCCTCCTG	CCTCCTCCCTC	-
478-ATTCCTCCTG	ZIC2_HUMAN.H11MO.0.D	2	0.00437097	3.36127	0.493689	10	ATTCCTCCTG	GGCCCCCTGCTGTGA	+
478-ATTCCTCCTG	ETV4_HUMAN.H11MO.0.B	2	0.00457116	3.51522	0.493689	9	ATTCCTCCTG	CCCTTCCTGTT	-
478-ATTCCTCCTG	ZN436_HUMAN.H11MO.0.C	0	0.00458678	3.52723	0.493689	10	ATTCCTCCTG	CCTCCTCCAGGAAGCCTTCCCTGA	-
478-ATTCCTCCTG	TEAD1_HUMAN.H11MO.0.A	2	0.00483802	3.72044	0.493689	10	ATTCCTCCTG	ACATTCCAGCCA	+
479-CAGGAACAGC	ZN708_HUMAN.H11MO.1.D	-1	8.605e-07	0.000661725	0.00131453	9	CAGGAACAGC	AGGTACAGC	+
479-CAGGAACAGC	ZN341_HUMAN.H11MO.1.C	-2	5.90902e-06	0.00454403	0.00381733	8	CAGGAACAGC	GGAACAGCC	+
479-CAGGAACAGC	ZN708_HUMAN.H11MO.0.C	10	7.49654e-06	0.00576484	0.00381733	10	CAGGAACAGC	GCCTAATAAGCAGGTACAGC	+
479-CAGGAACAGC	ZN329_HUMAN.H11MO.0.C	1	0.000534415	0.410966	0.191418	10	CAGGAACAGC	TCAGGCATGGCTGGATCCAG	-
479-CAGGAACAGC	REST_HUMAN.H11MO.0.A	8	0.000626517	0.481792	0.191418	10	CAGGAACAGC	TTCAGCACCATGGACAGCGCCC	+
479-CAGGAACAGC	MYOD1_HUMAN.H11MO.0.A	2	0.000786715	0.604984	0.200303	10	CAGGAACAGC	GGCAGGAACAGCTGC	-
479-CAGGAACAGC	GCR_HUMAN.H11MO.1.A	0	0.00122375	0.941067	0.226526	10	CAGGAACAGC	AAAGAACAGAAT	+
479-CAGGAACAGC	ZN341_HUMAN.H11MO.0.C	12	0.00125487	0.964995	0.226526	10	CAGGAACAGC	GGGGGGGGGGGGAGGGAAGAGC	+
479-CAGGAACAGC	PRGR_HUMAN.H11MO.1.A	-2	0.00133456	1.02628	0.226526	8	CAGGAACAGC	AGAACAGAA	+
479-CAGGAACAGC	ETV4_HUMAN.H11MO.0.B	2	0.0015431	1.18665	0.23573	9	CAGGAACAGC	AACAGGAAGGG	+
479-CAGGAACAGC	ANDR_HUMAN.H11MO.2.A	1	0.00183504	1.41114	0.254843	10	CAGGAACAGC	AAAAGAACAGAG	-
479-CAGGAACAGC	ETV7_HUMAN.H11MO.0.D	0	0.00233196	1.79328	0.296866	7	CAGGAACAGC	CAGGAAG	+
479-CAGGAACAGC	ETV6_HUMAN.H11MO.0.D	1	0.00258552	1.98827	0.297203	8	CAGGAACAGC	ACAGGAAGT	+
479-CAGGAACAGC	ELK3_HUMAN.H11MO.0.D	2	0.00272371	2.09454	0.297203	10	CAGGAACAGC	CCCAGGAAGTGC	+
479-CAGGAACAGC	ETV2_HUMAN.H11MO.0.B	5	0.00293575	2.25759	0.298984	10	CAGGAACAGC	GGAAACAGGAAGTGGG	+
479-CAGGAACAGC	ETV5_HUMAN.H11MO.0.C	3	0.00363957	2.79883	0.340174	10	CAGGAACAGC	GAGCAGGAAGTGAG	+
479-CAGGAACAGC	RFX5_HUMAN.H11MO.1.A	2	0.00378556	2.91109	0.340174	9	CAGGAACAGC	CCTAGCAACAG	-
479-CAGGAACAGC	ERG_HUMAN.H11MO.0.A	3	0.00422371	3.24803	0.358461	10	CAGGAACAGC	GGGCAGGAAGTGG	+
479-CAGGAACAGC	BHA15_HUMAN.H11MO.0.B	-2	0.00523039	4.02217	0.420534	8	CAGGAACAGC	GCAGCAGCTGG	+
479-CAGGAACAGC	OSR2_HUMAN.H11MO.0.C	3	0.00569936	4.38281	0.435328	10	CAGGAACAGC	CAGCAGAAGCAGCAGC	-
479-CAGGAACAGC	FLI1_HUMAN.H11MO.1.A	3	0.00614647	4.72663	0.447123	10	CAGGAACAGC	AGGCAGGAAGTGG	+
480-TTGCAATAAA	HXC9_HUMAN.H11MO.0.C	-1	6.9027e-05	0.0530818	0.106164	9	TTGCAATAAA	GGCAATAAAA	-
480-TTGCAATAAA	CDX2_HUMAN.H11MO.0.A	1	0.000249159	0.191603	0.191603	10	TTGCAATAAA	ACAGCAATAAAA	-
480-TTGCAATAAA	HXB13_HUMAN.H11MO.0.A	-1	0.000470753	0.362009	0.241339	9	TTGCAATAAA	GCCAATAAAA	-
481-AAAAAAAAATATA	CPEB1_HUMAN.H11MO.0.D	2	2.00266e-05	0.0154005	0.0306136	13	AAAAAAAAATATA	AAAAAAAAAAATAAAAA	-
481-AAAAAAAAATATA	OLIG1_HUMAN.H11MO.0.D	-1	0.00043459	0.3342	0.264023	12	AAAAAAAAATATA	AAAAAACATATGGT	-
481-AAAAAAAAATATA	FOXJ3_HUMAN.H11MO.0.A	1	0.000599792	0.46124	0.264023	12	AAAAAAAAATATA	AAAAAATAAACAA	-
481-AAAAAAAAATATA	ZFP28_HUMAN.H11MO.0.C	6	0.000785854	0.604322	0.264023	13	AAAAAAAAATATA	TGACACAAGAAGAAATAGAA	-
481-AAAAAAAAATATA	FOXD2_HUMAN.H11MO.0.D	2	0.000863585	0.664097	0.264023	13	AAAAAAAAATATA	TTAAATAAATATTTACATA	-
481-AAAAAAAAATATA	FOXG1_HUMAN.H11MO.0.D	0	0.00115232	0.886131	0.29358	13	AAAAAAAAATATA	AAAAAAATATAAACAAT	-
481-AAAAAAAAATATA	FOXJ2_HUMAN.H11MO.0.C	-1	0.00152327	1.1714	0.304687	10	AAAAAAAAATATA	TAAATAAACA	-
481-AAAAAAAAATATA	FOXL1_HUMAN.H11MO.0.D	0	0.00177047	1.36149	0.304687	13	AAAAAAAAATATA	AAAAGTAAACAAACAAACA	-
481-AAAAAAAAATATA	FOXF1_HUMAN.H11MO.0.D	-1	0.00193594	1.48874	0.304687	11	AAAAAAAAATATA	AAAATAAACAT	-
481-AAAAAAAAATATA	ONEC3_HUMAN.H11MO.0.D	-3	0.00199318	1.53276	0.304687	10	AAAAAAAAATATA	AAAAAATCAATA	-
481-AAAAAAAAATATA	FOXJ3_HUMAN.H11MO.1.B	1	0.00332507	2.55698	0.422326	12	AAAAAAAAATATA	TAAACAAAAACAA	-
481-AAAAAAAAATATA	BHE22_HUMAN.H11MO.0.D	-2	0.00332507	2.55698	0.422326	11	AAAAAAAAATATA	AAAAACATATGGT	-
481-AAAAAAAAATATA	EVI1_HUMAN.H11MO.0.B	3	0.00383957	2.95263	0.422326	13	AAAAAAAAATATA	AAGATAAGATAAGATA	+
481-AAAAAAAAATATA	FOXQ1_HUMAN.H11MO.0.C	1	0.00400296	3.07827	0.422326	11	AAAAAAAAATATA	AAATAAACAATT	-
481-AAAAAAAAATATA	MEF2C_HUMAN.H11MO.0.A	-1	0.00421703	3.24289	0.422326	12	AAAAAAAAATATA	GCTAAAAATAGCA	-
481-AAAAAAAAATATA	MEF2A_HUMAN.H11MO.0.A	-1	0.0044204	3.39929	0.422326	12	AAAAAAAAATATA	GCTAAAAATAGAA	-
481-AAAAAAAAATATA	SOX5_HUMAN.H11MO.0.C	-3	0.00484065	3.72246	0.435272	8	AAAAAAAAATATA	TAACAATA	-
481-AAAAAAAAATATA	HXC6_HUMAN.H11MO.0.D	-2	0.00526963	4.05234	0.447521	11	AAAAAAAAATATA	AAAGTAATAAATCAT	-
481-AAAAAAAAATATA	HMGA1_HUMAN.H11MO.0.D	-5	0.00562806	4.32798	0.452805	7	AAAAAAAAATATA	AAAATAC	-
481-AAAAAAAAATATA	FUBP1_HUMAN.H11MO.0.D	-2	0.0064634	4.97035	0.494012	11	AAAAAAAAATATA	AAAAAAACACAA	-
482-CCACCTCCACA	ZN148_HUMAN.H11MO.0.D	2	0.000708041	0.544484	0.348409	11	CCACCTCCACA	CCCCTCCCCCACCCC	-
482-CCACCTCCACA	EGR2_HUMAN.H11MO.0.A	2	0.000827744	0.636535	0.348409	11	CCACCTCCACA	CCCCTCCCACACCCCCCC	-
482-CCACCTCCACA	XBP1_HUMAN.H11MO.0.D	1	0.000896218	0.689192	0.348409	10	CCACCTCCACA	GCCACGTCAGC	-
482-CCACCTCCACA	ZN436_HUMAN.H11MO.0.C	0	0.00107495	0.826637	0.348409	11	CCACCTCCACA	CCTCCTCCAGGAAGCCTTCCCTGA	-
482-CCACCTCCACA	EGR2_HUMAN.H11MO.1.A	3	0.00126765	0.974827	0.348409	11	CCACCTCCACA	CCCCCGCCCACGCCCC	-
482-CCACCTCCACA	ZN281_HUMAN.H11MO.0.A	3	0.00138516	1.06519	0.348409	11	CCACCTCCACA	TCCCCTCCCCCACCC	-
482-CCACCTCCACA	ATF6A_HUMAN.H11MO.0.B	0	0.00163842	1.25994	0.351976	11	CCACCTCCACA	CCACGTCACCAC	-
482-CCACCTCCACA	CR3L2_HUMAN.H11MO.0.D	2	0.00213464	1.64154	0.351976	11	CCACCTCCACA	TGCCACGTCATCA	-
482-CCACCTCCACA	KLF14_HUMAN.H11MO.0.D	1	0.00213464	1.64154	0.351976	11	CCACCTCCACA	GCCACGCCCCCCT	-
482-CCACCTCCACA	VEZF1_HUMAN.H11MO.1.C	0	0.00290773	2.23605	0.351976	11	CCACCTCCACA	CCCCCTCCCTCT	-
482-CCACCTCCACA	PATZ1_HUMAN.H11MO.1.C	-1	0.00302423	2.32563	0.351976	9	CCACCTCCACA	CCCCTCCCT	-
482-CCACCTCCACA	WT1_HUMAN.H11MO.0.C	5	0.003364	2.58692	0.351976	11	CCACCTCCACA	CCCCCCCTCCTCCCCCGCCC	-
482-CCACCTCCACA	MAZ_HUMAN.H11MO.1.A	0	0.00344089	2.64605	0.351976	11	CCACCTCCACA	CCCCCTCCCTC	-
482-CCACCTCCACA	EGR1_HUMAN.H11MO.0.A	3	0.00389213	2.99305	0.351976	11	CCACCTCCACA	CCCCCGCCCACGCCCTC	-
482-CCACCTCCACA	MAZ_HUMAN.H11MO.0.A	11	0.00419835	3.22853	0.351976	11	CCACCTCCACA	CCCCCCCCCCCCCCCCTCCCCC	-
482-CCACCTCCACA	ZN467_HUMAN.H11MO.0.C	12	0.0044453	3.41844	0.351976	10	CCACCTCCACA	CCCCCCCCCCCCTCCCCTCCCC	-
482-CCACCTCCACA	ZN219_HUMAN.H11MO.0.D	1	0.0045316	3.4848	0.351976	11	CCACCTCCACA	TCCGCCCCCCTC	-
482-CCACCTCCACA	ZN263_HUMAN.H11MO.1.A	0	0.00479909	3.6905	0.351976	11	CCACCTCCACA	CCTCCTCCCTC	-
482-CCACCTCCACA	SNAI1_HUMAN.H11MO.0.C	0	0.0048582	3.73595	0.351976	8	CCACCTCCACA	CCACCTGG	-
482-CCACCTCCACA	SPI1_HUMAN.H11MO.0.A	2	0.00486639	3.74225	0.351976	11	CCACCTCCACA	TTTCACTTCCTCTTTTT	-
482-CCACCTCCACA	TBX15_HUMAN.H11MO.0.D	3	0.0051068	3.92713	0.351976	11	CCACCTCCACA	CCCCCACCCCCCCCCCCCC	-
482-CCACCTCCACA	ZN740_HUMAN.H11MO.0.D	1	0.00513091	3.94567	0.351976	11	CCACCTCCACA	CCCACCCCCCCCCC	-
482-CCACCTCCACA	CREB3_HUMAN.H11MO.0.D	2	0.00580856	4.46678	0.381138	11	CCACCTCCACA	TGCCACGTCACCA	-
482-CCACCTCCACA	KLF16_HUMAN.H11MO.0.D	3	0.00672954	5.17502	0.405427	11	CCACCTCCACA	CCCCCCCCCCCCCGCCCCC	-
482-CCACCTCCACA	ZSC22_HUMAN.H11MO.0.C	0	0.00739084	5.68356	0.405427	11	CCACCTCCACA	CCTCCTCCCTCAGACC	-
482-CCACCTCCACA	WT1_HUMAN.H11MO.1.B	0	0.00739484	5.68663	0.405427	11	CCACCTCCACA	CCTCCTCCCAC	-
482-CCACCTCCACA	KLF9_HUMAN.H11MO.0.C	2	0.00751823	5.78152	0.405427	11	CCACCTCCACA	GGCCACGCCCCCTCC	-
482-CCACCTCCACA	SPIB_HUMAN.H11MO.0.A	2	0.00752732	5.78851	0.405427	11	CCACCTCCACA	TTTCACTTCCTCTTTTT	-
482-CCACCTCCACA	KLF4_HUMAN.H11MO.0.A	1	0.00779055	5.99093	0.405427	9	CCACCTCCACA	GCCACACCCT	-
482-CCACCTCCACA	TBX3_HUMAN.H11MO.0.C	3	0.00822226	6.32292	0.406457	8	CCACCTCCACA	TTCCCACCTCC	-
482-CCACCTCCACA	ZBT17_HUMAN.H11MO.0.A	5	0.00835813	6.4274	0.406457	11	CCACCTCCACA	CTTCCCCTCCCCCACCCTC	-
482-CCACCTCCACA	KLF15_HUMAN.H11MO.0.A	9	0.00881859	6.7815	0.406457	10	CCACCTCCACA	CCCCCCCCTGCTCCTCCCC	-
482-CCACCTCCACA	VEZF1_HUMAN.H11MO.0.C	5	0.00915201	7.0379	0.406457	11	CCACCTCCACA	CCCCTCCCCCTCCCCCCTCCCC	-
482-CCACCTCCACA	TBX1_HUMAN.H11MO.0.D	6	0.00915696	7.0417	0.406457	11	CCACCTCCACA	CCGCCCACCCCTGCCCACCC	-
482-CCACCTCCACA	FOXH1_HUMAN.H11MO.0.A	-2	0.0103156	7.93267	0.432447	9	CCACCTCCACA	CAATCCACA	-
482-CCACCTCCACA	ZIC1_HUMAN.H11MO.0.B	-1	0.0103156	7.93267	0.432447	9	CCACCTCCACA	GACCACCCC	-
482-CCACCTCCACA	RREB1_HUMAN.H11MO.0.D	8	0.0107527	8.26882	0.435235	11	CCACCTCCACA	ACCCCAAACCACCCCCCCCCCC	-
482-CCACCTCCACA	ZN770_HUMAN.H11MO.1.C	2	0.0112472	8.64913	0.435235	9	CCACCTCCACA	CTCAGCCTCCC	-
482-CCACCTCCACA	MESP1_HUMAN.H11MO.0.D	3	0.0112472	8.64913	0.435235	8	CCACCTCCACA	TCCACACCTGC	-
482-CCACCTCCACA	ETS1_HUMAN.H11MO.0.A	0	0.0120819	9.291	0.443208	11	CCACCTCCACA	CCACTTCCTGTCT	-
482-CCACCTCCACA	EGR4_HUMAN.H11MO.0.D	3	0.0124648	9.5854	0.443208	8	CCACCTCCACA	GCCCTGCCGCC	-
482-CCACCTCCACA	ZN263_HUMAN.H11MO.0.A	8	0.0125803	9.67428	0.443208	11	CCACCTCCACA	CTCCTCCTCTCCCTCCTCCC	-
482-CCACCTCCACA	SP2_HUMAN.H11MO.1.B	3	0.0129867	9.98677	0.443208	9	CCACCTCCACA	GCCCCGCCCCCT	-
482-CCACCTCCACA	TAF1_HUMAN.H11MO.0.A	3	0.0131362	10.1018	0.443208	11	CCACCTCCACA	CCGCCGCCGCCATCTT	-
482-CCACCTCCACA	TBX21_HUMAN.H11MO.0.A	3	0.0133711	10.2824	0.443208	10	CCACCTCCACA	TTCACACCTCCAC	-
482-CCACCTCCACA	ZN784_HUMAN.H11MO.0.D	0	0.0138027	10.6143	0.443208	11	CCACCTCCACA	GTACCTACCTC	-
482-CCACCTCCACA	FIGLA_HUMAN.H11MO.0.D	1	0.0138027	10.6143	0.443208	10	CCACCTCCACA	AACACCTGTTA	-
482-CCACCTCCACA	MYF6_HUMAN.H11MO.0.C	-1	0.0145315	11.1747	0.456889	7	CCACCTCCACA	CAGCTGC	+
482-CCACCTCCACA	EOMES_HUMAN.H11MO.0.D	3	0.0151031	11.6143	0.460953	9	CCACCTCCACA	TTAACACCTCCT	-
482-CCACCTCCACA	ID4_HUMAN.H11MO.0.D	2	0.0152716	11.7439	0.460953	9	CCACCTCCACA	TTACACCTGTC	-
482-CCACCTCCACA	ZN816_HUMAN.H11MO.1.C	1	0.0161457	12.416	0.465659	11	CCACCTCCACA	TGCATGTCCCCCTT	-
482-CCACCTCCACA	ITF2_HUMAN.H11MO.0.C	1	0.0163481	12.5717	0.465659	9	CCACCTCCACA	CCCAGCTGCC	-
482-CCACCTCCACA	SP2_HUMAN.H11MO.0.A	9	0.0163634	12.5834	0.465659	11	CCACCTCCACA	CCCCCGGCCCCGCCCCCCCCCC	-
482-CCACCTCCACA	KLF5_HUMAN.H11MO.0.A	-1	0.016969	13.0492	0.465659	10	CCACCTCCACA	CCCAGCCCCACCCT	-
482-CCACCTCCACA	TBX5_HUMAN.H11MO.0.D	2	0.0169703	13.0501	0.465659	6	CCACCTCCACA	TCACACCT	-
482-CCACCTCCACA	HIF1A_HUMAN.H11MO.0.C	0	0.0179555	13.8078	0.480923	8	CCACCTCCACA	GCACGTCC	-
482-CCACCTCCACA	ZBTB4_HUMAN.H11MO.0.D	1	0.0181639	13.968	0.480923	11	CCACCTCCACA	CCCACCTGCCATCTAGG	-
482-CCACCTCCACA	PATZ1_HUMAN.H11MO.0.C	12	0.0190829	14.6748	0.496545	10	CCACCTCCACA	CCTCCCCCCCCGCCCCCTCCCC	-
490-ACAAACAAATAA	CPEB1_HUMAN.H11MO.0.D	2	0.000119583	0.0919592	0.151818	12	ACAAACAAATAA	AAAAAAAAAAATAAAAA	-
490-ACAAACAAATAA	FOXL1_HUMAN.H11MO.0.D	8	0.000200812	0.154425	0.151818	11	ACAAACAAATAA	AAAAGTAAACAAACAAACA	-
490-ACAAACAAATAA	HXC6_HUMAN.H11MO.0.D	-2	0.000394026	0.303006	0.182017	10	ACAAACAAATAA	AAAGTAATAAATCAT	-
490-ACAAACAAATAA	FOXP3_HUMAN.H11MO.0.D	-2	0.000542744	0.41737	0.182017	9	ACAAACAAATAA	AAACAAATT	-
490-ACAAACAAATAA	FOXJ2_HUMAN.H11MO.0.C	-1	0.000601893	0.462855	0.182017	10	ACAAACAAATAA	TAAATAAACA	-
490-ACAAACAAATAA	HMX1_HUMAN.H11MO.0.D	4	0.000887214	0.682267	0.223584	12	ACAAACAAATAA	ATTAAAAAACAATTAAC	-
490-ACAAACAAATAA	FOXP1_HUMAN.H11MO.0.A	0	0.00247754	1.90523	0.445264	9	ACAAACAAATAA	ATAAACAAA	-
490-ACAAACAAATAA	FOXO4_HUMAN.H11MO.0.C	1	0.00280673	2.15837	0.445264	8	ACAAACAAATAA	AATAAACAA	-
490-ACAAACAAATAA	FOXJ3_HUMAN.H11MO.0.A	1	0.00327044	2.51497	0.445264	12	ACAAACAAATAA	AAAAAATAAACAA	-
490-ACAAACAAATAA	ANDR_HUMAN.H11MO.0.A	1	0.00340682	2.61984	0.445264	12	ACAAACAAATAA	AGCAAACAAAAAAGAACA	-
490-ACAAACAAATAA	FOXJ3_HUMAN.H11MO.1.B	-1	0.00402453	3.09486	0.445264	11	ACAAACAAATAA	TAAACAAAAACAA	-
490-ACAAACAAATAA	SRY_HUMAN.H11MO.0.B	-1	0.0043049	3.31047	0.445264	9	ACAAACAAATAA	AAAACAAAA	-
490-ACAAACAAATAA	BHE22_HUMAN.H11MO.0.D	0	0.00445987	3.42964	0.445264	12	ACAAACAAATAA	AAAAACATATGGT	-
490-ACAAACAAATAA	HMX2_HUMAN.H11MO.0.D	-2	0.00471653	3.62701	0.445264	10	ACAAACAAATAA	AACCAATTAAA	-
490-ACAAACAAATAA	PAX7_HUMAN.H11MO.0.D	0	0.00497513	3.82587	0.445264	11	ACAAACAAATAA	ATAATCAATTA	-
490-ACAAACAAATAA	HMX3_HUMAN.H11MO.0.D	-3	0.00524691	4.03487	0.445264	9	ACAAACAAATAA	AGCAATTAACG	-
490-ACAAACAAATAA	DUX4_HUMAN.H11MO.0.A	-1	0.00553249	4.25448	0.445264	11	ACAAACAAATAA	TAACCTAATCA	-
490-ACAAACAAATAA	FOXG1_HUMAN.H11MO.0.D	0	0.00557886	4.29014	0.445264	12	ACAAACAAATAA	AAAAAAATATAAACAAT	-
490-ACAAACAAATAA	BARX1_HUMAN.H11MO.0.D	0	0.00587453	4.51751	0.445264	12	ACAAACAAATAA	AAAAACAATTAG	-
490-ACAAACAAATAA	HXD4_HUMAN.H11MO.0.D	-4	0.00598944	4.60588	0.445264	8	ACAAACAAATAA	TCAATTAA	-
490-ACAAACAAATAA	OLIG1_HUMAN.H11MO.0.D	1	0.0063705	4.89891	0.445264	12	ACAAACAAATAA	AAAAAACATATGGT	-
490-ACAAACAAATAA	FOXF1_HUMAN.H11MO.0.D	-1	0.00647853	4.98199	0.445264	11	ACAAACAAATAA	AAAATAAACAT	-
490-ACAAACAAATAA	FOXQ1_HUMAN.H11MO.0.C	2	0.0068362	5.25704	0.449418	10	ACAAACAAATAA	AAATAAACAATT	-
490-ACAAACAAATAA	ZFHX3_HUMAN.H11MO.0.D	-2	0.0075734	5.82395	0.477138	10	ACAAACAAATAA	TAATTATTAAT	-
491-CCTCTTCGCTTCCCC	ZN467_HUMAN.H11MO.0.C	7	0.000185096	0.142339	0.122574	15	CCTCTTCGCTTCCCC	CCCCCCCCCCCCTCCCCTCCCC	-
491-CCTCTTCGCTTCCCC	WT1_HUMAN.H11MO.0.C	0	0.000269601	0.207323	0.122574	15	CCTCTTCGCTTCCCC	CCCCCCCTCCTCCCCCGCCC	-
491-CCTCTTCGCTTCCCC	ZN341_HUMAN.H11MO.0.C	0	0.00034454	0.264951	0.122574	15	CCTCTTCGCTTCCCC	GCTCTTCCCTCCCCCCCCCCCC	-
491-CCTCTTCGCTTCCCC	VEZF1_HUMAN.H11MO.0.C	0	0.000389135	0.299245	0.122574	15	CCTCTTCGCTTCCCC	CCCCTCCCCCTCCCCCCTCCCC	-
491-CCTCTTCGCTTCCCC	KLF15_HUMAN.H11MO.0.A	4	0.00040102	0.308385	0.122574	15	CCTCTTCGCTTCCCC	CCCCCCCCTGCTCCTCCCC	-
491-CCTCTTCGCTTCCCC	MAZ_HUMAN.H11MO.0.A	6	0.000525621	0.404203	0.133883	15	CCTCTTCGCTTCCCC	CCCCCCCCCCCCCCCCTCCCCC	-
491-CCTCTTCGCTTCCCC	ZBT17_HUMAN.H11MO.0.A	-3	0.000962132	0.73988	0.210059	12	CCTCTTCGCTTCCCC	CTTCCCCTCCCCCACCCTC	-
491-CCTCTTCGCTTCCCC	PATZ1_HUMAN.H11MO.0.C	7	0.00185876	1.42939	0.311362	15	CCTCTTCGCTTCCCC	CCTCCCCCCCCGCCCCCTCCCC	-
491-CCTCTTCGCTTCCCC	PLAG1_HUMAN.H11MO.0.D	2	0.00203733	1.56671	0.311362	15	CCTCTTCGCTTCCCC	CCCCTCCTGATGCCCCC	-
491-CCTCTTCGCTTCCCC	BC11A_HUMAN.H11MO.0.A	-2	0.00203733	1.56671	0.311362	13	CCTCTTCGCTTCCCC	TTTTCACTTCCTCTTTT	-
491-CCTCTTCGCTTCCCC	ZSC22_HUMAN.H11MO.0.C	0	0.00379172	2.91584	0.458333	15	CCTCTTCGCTTCCCC	CCTCCTCCCTCAGACC	-
491-CCTCTTCGCTTCCCC	IRF3_HUMAN.H11MO.0.B	1	0.00388304	2.98606	0.458333	15	CCTCTTCGCTTCCCC	TCACTTTCCCTTTCCCTTTC	-
491-CCTCTTCGCTTCCCC	ZN770_HUMAN.H11MO.0.C	8	0.00439224	3.37763	0.458333	14	CCTCTTCGCTTCCCC	GATCCTCCCGCCTCAGCCTCCC	-
491-CCTCTTCGCTTCCCC	TBX15_HUMAN.H11MO.0.D	3	0.00439606	3.38057	0.458333	15	CCTCTTCGCTTCCCC	CCCCCACCCCCCCCCCCCC	-
491-CCTCTTCGCTTCCCC	RXRA_HUMAN.H11MO.0.A	6	0.00503217	3.86974	0.458333	14	CCTCTTCGCTTCCCC	CTCTGACCTCTGCCTCCCCC	-
491-CCTCTTCGCTTCCCC	IRF8_HUMAN.H11MO.0.B	1	0.00529707	4.07345	0.458333	15	CCTCTTCGCTTCCCC	TTACTTTCACTTCCTCTTTT	-
491-CCTCTTCGCTTCCCC	TBX1_HUMAN.H11MO.0.D	7	0.00529707	4.07345	0.458333	13	CCTCTTCGCTTCCCC	CCGCCCACCCCTGCCCACCC	-
491-CCTCTTCGCTTCCCC	KLF16_HUMAN.H11MO.0.D	4	0.00539821	4.15122	0.458333	15	CCTCTTCGCTTCCCC	CCCCCCCCCCCCCGCCCCC	-
491-CCTCTTCGCTTCCCC	NKX25_HUMAN.H11MO.0.B	0	0.00603573	4.64148	0.48549	8	CCTCTTCGCTTCCCC	CCTCTCCA	-
493-AGGGGGGCAGGA	TBX1_HUMAN.H11MO.0.D	0	0.000209268	0.160927	0.117417	12	AGGGGGGCAGGA	GGGTGGGCAGGGGTGGGCGG	+
493-AGGGGGGCAGGA	ZN219_HUMAN.H11MO.0.D	1	0.000229983	0.176857	0.117417	11	AGGGGGGCAGGA	GAGGGGGGCGGA	+
493-AGGGGGGCAGGA	TFDP1_HUMAN.H11MO.0.C	-1	0.000310148	0.238504	0.117417	11	AGGGGGGCAGGA	GGGGGGCGGGAAAA	+
493-AGGGGGGCAGGA	WT1_HUMAN.H11MO.0.C	1	0.000393189	0.302362	0.117417	12	AGGGGGGCAGGA	GGGCGGGGGAGGAGGGGGGG	+
493-AGGGGGGCAGGA	SP1_HUMAN.H11MO.1.A	-1	0.000419705	0.322753	0.117417	11	AGGGGGGCAGGA	GGGGGGCGGGGCCG	+
493-AGGGGGGCAGGA	EGR4_HUMAN.H11MO.0.D	-2	0.000528669	0.406547	0.117417	10	AGGGGGGCAGGA	GGCGGCAGGGC	+
493-AGGGGGGCAGGA	ZN816_HUMAN.H11MO.1.C	1	0.000565053	0.434526	0.117417	12	AGGGGGGCAGGA	AAGGGGGACATGCA	+
493-AGGGGGGCAGGA	E2F4_HUMAN.H11MO.0.A	-2	0.000729916	0.561305	0.117417	10	AGGGGGGCAGGA	GGGGGCGGGAAAT	+
493-AGGGGGGCAGGA	SP2_HUMAN.H11MO.1.B	-1	0.000810698	0.623427	0.117417	11	AGGGGGGCAGGA	AGGGGGCGGGGC	+
493-AGGGGGGCAGGA	E2F1_HUMAN.H11MO.0.A	-1	0.000849622	0.653359	0.117417	11	AGGGGGGCAGGA	GGGGGGCGGGAAAG	+
493-AGGGGGGCAGGA	SP2_HUMAN.H11MO.0.A	3	0.000866088	0.666022	0.117417	12	AGGGGGGCAGGA	GGGGGGGGGGCGGGGCCGGGGG	+
493-AGGGGGGCAGGA	ZN816_HUMAN.H11MO.0.C	5	0.000949132	0.729883	0.117952	12	AGGGGGGCAGGA	AAAAAAGGGGGACATGCAGGG	+
493-AGGGGGGCAGGA	SP1_HUMAN.H11MO.0.A	-1	0.00123367	0.948695	0.140242	11	AGGGGGGCAGGA	GGGGGGCGGGGCCGGGGGGGGG	+
493-AGGGGGGCAGGA	ZN148_HUMAN.H11MO.0.D	2	0.00131658	1.01245	0.140242	12	AGGGGGGCAGGA	GGGGTGGGGGAGGGG	+
493-AGGGGGGCAGGA	ZN740_HUMAN.H11MO.0.D	3	0.00158207	1.21661	0.144442	11	AGGGGGGCAGGA	GGGGGGGGGGTGGG	+
493-AGGGGGGCAGGA	PLAL1_HUMAN.H11MO.0.D	0	0.00162307	1.24814	0.144442	10	AGGGGGGCAGGA	CGGGGGGCCC	+
493-AGGGGGGCAGGA	ZN281_HUMAN.H11MO.0.A	1	0.00164658	1.26622	0.144442	12	AGGGGGGCAGGA	GGGTGGGGGAGGGGA	+
493-AGGGGGGCAGGA	FLI1_HUMAN.H11MO.0.A	-2	0.00184455	1.41846	0.152819	10	AGGGGGGCAGGA	GGAGGAAGGAAGGAGGGA	+
493-AGGGGGGCAGGA	E2F3_HUMAN.H11MO.0.A	-3	0.00228613	1.75803	0.178694	9	AGGGGGGCAGGA	AGGGCGGGAAA	+
493-AGGGGGGCAGGA	KLF14_HUMAN.H11MO.0.D	0	0.0026358	2.02693	0.178694	12	AGGGGGGCAGGA	AGGGGGGCGTGGC	+
493-AGGGGGGCAGGA	ZN350_HUMAN.H11MO.1.D	1	0.00269174	2.06995	0.178694	12	AGGGGGGCAGGA	ACGGGGCGCAGGGATTTGTTGCCC	+
493-AGGGGGGCAGGA	KLF13_HUMAN.H11MO.0.D	0	0.00270195	2.0778	0.178694	11	AGGGGGGCAGGA	AGGGGGGCGTG	+
493-AGGGGGGCAGGA	GLIS3_HUMAN.H11MO.0.D	1	0.00275599	2.11936	0.178694	9	AGGGGGGCAGGA	GTGGGGGGTA	+
493-AGGGGGGCAGGA	ZSC31_HUMAN.H11MO.0.C	3	0.00302666	2.3275	0.180249	12	AGGGGGGCAGGA	GGCAGCAGGGCAGTTATG	+
493-AGGGGGGCAGGA	E2F6_HUMAN.H11MO.0.A	0	0.00326269	2.50901	0.180249	12	AGGGGGGCAGGA	GGGGCGGGAAGGG	+
493-AGGGGGGCAGGA	E2F7_HUMAN.H11MO.0.B	-3	0.00326269	2.50901	0.180249	9	AGGGGGGCAGGA	GGGGCGGGAAAGG	+
493-AGGGGGGCAGGA	ZN770_HUMAN.H11MO.1.C	-1	0.00336701	2.58923	0.180249	11	AGGGGGGCAGGA	GGGAGGCTGAG	+
493-AGGGGGGCAGGA	NR1D1_HUMAN.H11MO.0.B	5	0.00338749	2.60498	0.180249	12	AGGGGGGCAGGA	AGGGAAGTGGGTCAGAAGG	+
493-AGGGGGGCAGGA	SP3_HUMAN.H11MO.0.B	2	0.0035513	2.73095	0.180249	12	AGGGGGGCAGGA	GGGGGGGGGCGGGGCCGGGG	+
493-AGGGGGGCAGGA	RORA_HUMAN.H11MO.0.C	1	0.00362606	2.78844	0.180249	12	AGGGGGGCAGGA	AACTAGGTCAGGG	+
493-AGGGGGGCAGGA	INSM1_HUMAN.H11MO.0.C	3	0.00402515	3.09534	0.193633	9	AGGGGGGCAGGA	TGTCAGGGGGCA	+
493-AGGGGGGCAGGA	ZN549_HUMAN.H11MO.0.C	7	0.00440161	3.38484	0.199462	12	AGGGGGGCAGGA	ATTCATGAATTGGGCAGCAC	+
493-AGGGGGGCAGGA	ZN263_HUMAN.H11MO.1.A	0	0.00441382	3.39423	0.199462	11	AGGGGGGCAGGA	GAGGGAGGAGG	+
493-AGGGGGGCAGGA	SP4_HUMAN.H11MO.1.A	1	0.00539006	4.14495	0.228437	12	AGGGGGGCAGGA	GGAGGGGGCGGGGCCG	+
493-AGGGGGGCAGGA	KLF5_HUMAN.H11MO.0.A	2	0.00567976	4.36773	0.228437	12	AGGGGGGCAGGA	AGGGTGGGGCTGGG	+
493-AGGGGGGCAGGA	TBX15_HUMAN.H11MO.0.D	6	0.00575657	4.4268	0.228437	12	AGGGGGGCAGGA	GGGGGGGGGGGGGTGGGGG	+
493-AGGGGGGCAGGA	SP4_HUMAN.H11MO.0.A	3	0.00603842	4.64354	0.228437	12	AGGGGGGCAGGA	GGGAAGGGGGCGGGGCCGGG	+
493-AGGGGGGCAGGA	PRDM4_HUMAN.H11MO.0.D	2	0.00628735	4.83497	0.228437	12	AGGGGGGCAGGA	GTGGGGGGCCTTGAAA	+
493-AGGGGGGCAGGA	EGR2_HUMAN.H11MO.0.A	5	0.0063395	4.87508	0.228437	12	AGGGGGGCAGGA	GGGGGGGTGTGGGAGGGG	+
493-AGGGGGGCAGGA	MAZ_HUMAN.H11MO.0.A	5	0.00647528	4.97949	0.228437	12	AGGGGGGCAGGA	GGGGGAGGGGGGGGGGGGGGGG	+
493-AGGGGGGCAGGA	ZN341_HUMAN.H11MO.0.C	5	0.00647528	4.97949	0.228437	12	AGGGGGGCAGGA	GGGGGGGGGGGGAGGGAAGAGC	+
493-AGGGGGGCAGGA	ZBT7A_HUMAN.H11MO.0.A	-1	0.00658047	5.06038	0.228437	9	AGGGGGGCAGGA	GGGGGTCTC	+
493-AGGGGGGCAGGA	ETV2_HUMAN.H11MO.0.B	-2	0.00661604	5.08774	0.228437	10	AGGGGGGCAGGA	GGAAACAGGAAGTGGG	+
493-AGGGGGGCAGGA	KLF12_HUMAN.H11MO.0.C	-2	0.00673998	5.18304	0.228437	10	AGGGGGGCAGGA	AGGGGCGGGGC	+
493-AGGGGGGCAGGA	EGR2_HUMAN.H11MO.1.A	2	0.00696062	5.35272	0.230672	12	AGGGGGGCAGGA	GGGGCGTGGGCGGGGG	+
493-AGGGGGGCAGGA	ZN257_HUMAN.H11MO.0.C	-2	0.00746994	5.74438	0.242169	10	AGGGGGGCAGGA	AGAGGCAAGAGC	-
493-AGGGGGGCAGGA	GLIS1_HUMAN.H11MO.0.D	3	0.00782403	6.01668	0.244668	10	AGGGGGGCAGGA	TCGTGGGGGGTCT	+
493-AGGGGGGCAGGA	WT1_HUMAN.H11MO.1.B	-3	0.00787513	6.05598	0.244668	9	AGGGGGGCAGGA	GTGGGAGGAGG	+
493-AGGGGGGCAGGA	ZSC22_HUMAN.H11MO.0.C	6	0.00894735	6.88051	0.272307	10	AGGGGGGCAGGA	GGTCTGAGGGAGGAGG	+
493-AGGGGGGCAGGA	KLF9_HUMAN.H11MO.0.C	1	0.0102599	7.88988	0.291159	12	AGGGGGGCAGGA	GGAGGGGGCGTGGCC	+
493-AGGGGGGCAGGA	EGR1_HUMAN.H11MO.0.A	3	0.0102743	7.9009	0.291159	12	AGGGGGGCAGGA	GAGGGCGTGGGCGGGGG	+
493-AGGGGGGCAGGA	ZBT17_HUMAN.H11MO.0.A	4	0.0106057	8.1558	0.291159	12	AGGGGGGCAGGA	GAGGGTGGGGGAGGGGAAG	+
493-AGGGGGGCAGGA	PURA_HUMAN.H11MO.0.D	5	0.0107941	8.30068	0.291159	12	AGGGGGGCAGGA	GGAAGGGGGGGGCAGGG	+
493-AGGGGGGCAGGA	VEZF1_HUMAN.H11MO.0.C	0	0.0108168	8.31815	0.291159	12	AGGGGGGCAGGA	GGGGAGGGGGGAGGGGGAGGGG	+
493-AGGGGGGCAGGA	ZN467_HUMAN.H11MO.0.C	4	0.0108168	8.31815	0.291159	12	AGGGGGGCAGGA	GGGGAGGGGAGGGGGGGGGGGG	+
493-AGGGGGGCAGGA	SALL4_HUMAN.H11MO.0.B	-1	0.0109335	8.40784	0.291159	10	AGGGGGGCAGGA	GGAGGGTGGG	+
493-AGGGGGGCAGGA	ZN320_HUMAN.H11MO.0.C	8	0.011698	8.99573	0.302642	12	AGGGGGGCAGGA	GTGGGACCAGGGGGCCAGTG	+
493-AGGGGGGCAGGA	NR1H4_HUMAN.H11MO.1.B	-3	0.0119228	9.16862	0.302642	8	AGGGGGGCAGGA	AGGTCAGT	+
493-AGGGGGGCAGGA	ASCL1_HUMAN.H11MO.0.A	-2	0.0119735	9.20762	0.302642	10	AGGGGGGCAGGA	GGGAGCAGGTGCAG	-
493-AGGGGGGCAGGA	KLF1_HUMAN.H11MO.0.A	2	0.0125659	9.66322	0.308949	12	AGGGGGGCAGGA	GGGGCGGGGCCGGG	+
493-AGGGGGGCAGGA	RARG_HUMAN.H11MO.1.B	-2	0.0126374	9.71814	0.308949	8	AGGGGGGCAGGA	GAGGTCAG	+
493-AGGGGGGCAGGA	ZFX_HUMAN.H11MO.1.A	0	0.0131258	10.0938	0.315715	12	AGGGGGGCAGGA	GGGGGCGGAGGCCGGGG	+
493-AGGGGGGCAGGA	ZF64A_HUMAN.H11MO.0.D	-1	0.0145811	11.2128	0.34515	11	AGGGGGGCAGGA	GGGGCCCGGGAACCTG	+
493-AGGGGGGCAGGA	RARA_HUMAN.H11MO.1.A	-2	0.0165117	12.6975	0.384358	10	AGGGGGGCAGGA	AAGGTCAGGG	+
493-AGGGGGGCAGGA	VDR_HUMAN.H11MO.1.A	-1	0.0168158	12.9314	0.384358	9	AGGGGGGCAGGA	TGGGTTCAG	+
493-AGGGGGGCAGGA	ERG_HUMAN.H11MO.0.A	-4	0.0170106	13.0812	0.384358	8	AGGGGGGCAGGA	GGGCAGGAAGTGG	+
493-AGGGGGGCAGGA	KLF3_HUMAN.H11MO.0.B	7	0.0172819	13.2898	0.38466	12	AGGGGGGCAGGA	GGGGAGGGGCGGGGCCGGG	+
493-AGGGGGGCAGGA	FLI1_HUMAN.H11MO.1.A	-4	0.01783	13.7113	0.391024	8	AGGGGGGCAGGA	AGGCAGGAAGTGG	+
493-AGGGGGGCAGGA	KLF6_HUMAN.H11MO.0.A	5	0.0190112	14.6196	0.410884	12	AGGGGGGCAGGA	GGAAGGGCGGGGCCGGGGG	+
493-AGGGGGGCAGGA	COT1_HUMAN.H11MO.1.C	1	0.0195787	15.056	0.41241	12	AGGGGGGCAGGA	GCAGAGGTCAGGG	+
493-AGGGGGGCAGGA	ETV6_HUMAN.H11MO.0.D	-6	0.0197025	15.1512	0.41241	6	AGGGGGGCAGGA	ACAGGAAGT	+
493-AGGGGGGCAGGA	MAZ_HUMAN.H11MO.1.A	-2	0.020282	15.5968	0.41241	10	AGGGGGGCAGGA	GAGGGAGGGGG	+
493-AGGGGGGCAGGA	MBD2_HUMAN.H11MO.0.B	-3	0.020282	15.5968	0.41241	9	AGGGGGGCAGGA	GGGGCCGGAGG	+
493-AGGGGGGCAGGA	HEN1_HUMAN.H11MO.0.C	0	0.0209262	16.0922	0.41241	12	AGGGGGGCAGGA	AGGGACGCAGCTGCTCCCCA	-
493-AGGGGGGCAGGA	ESR2_HUMAN.H11MO.1.A	-3	0.021042	16.1813	0.41241	7	AGGGGGGCAGGA	AGGTCAC	+
493-AGGGGGGCAGGA	ETV4_HUMAN.H11MO.0.B	-5	0.0212763	16.3615	0.41241	7	AGGGGGGCAGGA	AACAGGAAGGG	+
493-AGGGGGGCAGGA	ZN770_HUMAN.H11MO.0.C	-1	0.0214712	16.5114	0.41241	11	AGGGGGGCAGGA	GGGAGGCTGAGGCGGGAGGATC	+
493-AGGGGGGCAGGA	SMAD2_HUMAN.H11MO.0.A	-1	0.0217308	16.711	0.41241	11	AGGGGGGCAGGA	AGGTGACAGACA	-
493-AGGGGGGCAGGA	ZN263_HUMAN.H11MO.0.A	-2	0.0219378	16.8702	0.41241	10	AGGGGGGCAGGA	GGGAGGAGGGAGAGGAGGAG	+
493-AGGGGGGCAGGA	ETV5_HUMAN.H11MO.0.C	-4	0.0221238	17.0132	0.41241	8	AGGGGGGCAGGA	GAGCAGGAAGTGAG	+
493-AGGGGGGCAGGA	PRGR_HUMAN.H11MO.1.A	-3	0.0230365	17.7151	0.420684	9	AGGGGGGCAGGA	AGAACAGAA	+
493-AGGGGGGCAGGA	Z324A_HUMAN.H11MO.0.C	9	0.0231318	17.7884	0.420684	12	AGGGGGGCAGGA	TGGCAGCAAAGGATGGTTTGATA	-
493-AGGGGGGCAGGA	COT1_HUMAN.H11MO.0.C	5	0.0242794	18.6708	0.435537	12	AGGGGGGCAGGA	GGGGTCAGAGGTCAGGG	+
493-AGGGGGGCAGGA	PBX3_HUMAN.H11MO.0.A	0	0.0245326	18.8656	0.435537	11	AGGGGGGCAGGA	TGATTGACAGG	+
493-AGGGGGGCAGGA	KLF15_HUMAN.H11MO.0.A	-1	0.0251918	19.3725	0.441977	11	AGGGGGGCAGGA	GGGGAGGAGCAGGGGGGGG	+
493-AGGGGGGCAGGA	GLIS2_HUMAN.H11MO.0.D	5	0.0265609	20.4253	0.454347	9	AGGGGGGCAGGA	CTTCGCGGGGGGTC	+
493-AGGGGGGCAGGA	ZIC1_HUMAN.H11MO.0.B	0	0.0268767	20.6682	0.454347	9	AGGGGGGCAGGA	GGGGTGGTC	+
493-AGGGGGGCAGGA	NR0B1_HUMAN.H11MO.0.D	-1	0.0271155	20.8518	0.454347	10	AGGGGGGCAGGA	GCGTGGGAGA	+
493-AGGGGGGCAGGA	SMAD3_HUMAN.H11MO.0.B	0	0.0286415	22.0253	0.473991	12	AGGGGGGCAGGA	CAGGTGACAGAG	-
493-AGGGGGGCAGGA	KLF16_HUMAN.H11MO.0.D	7	0.0289236	22.2422	0.473991	12	AGGGGGGCAGGA	GGGGGCGGGGGGGGGGGGG	+
493-AGGGGGGCAGGA	ETS1_HUMAN.H11MO.0.A	-4	0.0295629	22.7339	0.479203	8	AGGGGGGCAGGA	AGACAGGAAGTGG	+
493-AGGGGGGCAGGA	PKNX1_HUMAN.H11MO.0.B	0	0.0309831	23.826	0.496823	11	AGGGGGGCAGGA	TGATTGACAGG	+
494-CCCATCCTGCCC	TBX15_HUMAN.H11MO.0.D	2	0.000270428	0.207959	0.282232	12	CCCATCCTGCCC	CCCCCACCCCCCCCCCCCC	-
494-CCCATCCTGCCC	ZNF76_HUMAN.H11MO.0.C	9	0.000934539	0.71866	0.282232	12	CCCATCCTGCCC	ACTACAATTCCCAGAATGCCCC	-
494-CCCATCCTGCCC	FLI1_HUMAN.H11MO.0.A	4	0.00097338	0.748529	0.282232	12	CCCATCCTGCCC	TCCCTCCTTCCTTCCTCC	-
494-CCCATCCTGCCC	ZN770_HUMAN.H11MO.1.C	0	0.00118997	0.915084	0.282232	11	CCCATCCTGCCC	CTCAGCCTCCC	-
494-CCCATCCTGCCC	E2F6_HUMAN.H11MO.0.A	0	0.00125623	0.966038	0.282232	12	CCCATCCTGCCC	CCCTTCCCGCCCC	-
494-CCCATCCTGCCC	TBX1_HUMAN.H11MO.0.D	8	0.00153134	1.1776	0.282232	12	CCCATCCTGCCC	CCGCCCACCCCTGCCCACCC	-
494-CCCATCCTGCCC	ZN281_HUMAN.H11MO.0.A	1	0.00154099	1.18502	0.282232	12	CCCATCCTGCCC	TCCCCTCCCCCACCC	-
494-CCCATCCTGCCC	ERG_HUMAN.H11MO.0.A	1	0.0015856	1.21933	0.282232	12	CCCATCCTGCCC	CCACTTCCTGCCC	-
494-CCCATCCTGCCC	KLF16_HUMAN.H11MO.0.D	5	0.00175646	1.35071	0.282232	12	CCCATCCTGCCC	CCCCCCCCCCCCCGCCCCC	-
494-CCCATCCTGCCC	SALL4_HUMAN.H11MO.0.B	0	0.00192235	1.47829	0.282232	10	CCCATCCTGCCC	CCCACCCTCC	-
494-CCCATCCTGCCC	WT1_HUMAN.H11MO.0.C	3	0.00205786	1.5825	0.282232	12	CCCATCCTGCCC	CCCCCCCTCCTCCCCCGCCC	-
494-CCCATCCTGCCC	FLI1_HUMAN.H11MO.1.A	1	0.00279734	2.15115	0.307837	12	CCCATCCTGCCC	CCACTTCCTGCCT	-
494-CCCATCCTGCCC	ETV4_HUMAN.H11MO.0.B	0	0.0028579	2.19772	0.307837	11	CCCATCCTGCCC	CCCTTCCTGTT	-
494-CCCATCCTGCCC	ETS1_HUMAN.H11MO.0.A	1	0.00295742	2.27426	0.307837	12	CCCATCCTGCCC	CCACTTCCTGTCT	-
494-CCCATCCTGCCC	ZBTB4_HUMAN.H11MO.0.D	-1	0.00348193	2.6776	0.307837	11	CCCATCCTGCCC	CCCACCTGCCATCTAGG	-
494-CCCATCCTGCCC	E2F7_HUMAN.H11MO.0.B	0	0.00349057	2.68425	0.307837	12	CCCATCCTGCCC	CCTTTCCCGCCCC	-
494-CCCATCCTGCCC	ZBT17_HUMAN.H11MO.0.A	3	0.00392048	3.01485	0.307837	12	CCCATCCTGCCC	CTTCCCCTCCCCCACCCTC	-
494-CCCATCCTGCCC	E2F1_HUMAN.H11MO.0.A	-1	0.00393294	3.02443	0.307837	11	CCCATCCTGCCC	CTTTCCCGCCCCCC	-
494-CCCATCCTGCCC	ZN143_HUMAN.H11MO.0.A	11	0.00410188	3.15435	0.307837	11	CCCATCCTGCCC	GAACTACAATTCCCAGAATGCC	-
494-CCCATCCTGCCC	E2F4_HUMAN.H11MO.0.A	-1	0.00434167	3.33875	0.307837	11	CCCATCCTGCCC	ATTTCCCGCCCCC	-
494-CCCATCCTGCCC	ZN449_HUMAN.H11MO.0.C	3	0.00447263	3.43945	0.307837	8	CCCATCCTGCCC	AAGCCCAACCA	-
494-CCCATCCTGCCC	ESR1_HUMAN.H11MO.0.A	2	0.00448911	3.45213	0.307837	12	CCCATCCTGCCC	AGGTCACCCTGACCT	+
494-CCCATCCTGCCC	THA11_HUMAN.H11MO.0.B	11	0.00485283	3.73182	0.31831	11	CCCATCCTGCCC	GAACTACAACTCCCAGCATGCC	-
494-CCCATCCTGCCC	Z324A_HUMAN.H11MO.0.C	6	0.00553326	4.25507	0.322791	12	CCCATCCTGCCC	TATCAAACCATCCTTTGCTGCCA	+
494-CCCATCCTGCCC	ETV5_HUMAN.H11MO.0.C	2	0.00573565	4.41072	0.322791	12	CCCATCCTGCCC	CTCACTTCCTGCTC	-
494-CCCATCCTGCCC	HXB1_HUMAN.H11MO.0.D	-1	0.00582045	4.47593	0.322791	10	CCCATCCTGCCC	CCATCCATCA	-
494-CCCATCCTGCCC	ZN148_HUMAN.H11MO.0.D	0	0.00587482	4.51774	0.322791	12	CCCATCCTGCCC	CCCCTCCCCCACCCC	-
494-CCCATCCTGCCC	SP1_HUMAN.H11MO.0.A	2	0.00605375	4.65533	0.322791	12	CCCATCCTGCCC	CCCCCCCCCGGCCCCGCCCCCC	-
494-CCCATCCTGCCC	E2F3_HUMAN.H11MO.0.A	-2	0.00620493	4.7716	0.322791	10	CCCATCCTGCCC	TTTCCCGCCCT	-
494-CCCATCCTGCCC	ETV1_HUMAN.H11MO.0.A	0	0.00690926	5.31322	0.336121	11	CCCATCCTGCCC	CACTTCCGGCC	-
494-CCCATCCTGCCC	SMAD1_HUMAN.H11MO.0.D	1	0.00690985	5.31367	0.336121	11	CCCATCCTGCCC	AGCCTGTCTGCC	+
494-CCCATCCTGCCC	ZN770_HUMAN.H11MO.0.C	11	0.00712956	5.48263	0.336121	11	CCCATCCTGCCC	GATCCTCCCGCCTCAGCCTCCC	-
494-CCCATCCTGCCC	WT1_HUMAN.H11MO.1.B	-2	0.00768739	5.9116	0.338979	10	CCCATCCTGCCC	CCTCCTCCCAC	-
494-CCCATCCTGCCC	ZN263_HUMAN.H11MO.1.A	-2	0.00768739	5.9116	0.338979	10	CCCATCCTGCCC	CCTCCTCCCTC	-
494-CCCATCCTGCCC	TFDP1_HUMAN.H11MO.0.C	-1	0.00786427	6.04762	0.338979	11	CCCATCCTGCCC	TTTTCCCGCCCCCC	-
494-CCCATCCTGCCC	ZN467_HUMAN.H11MO.0.C	10	0.00838032	6.44446	0.341973	12	CCCATCCTGCCC	CCCCCCCCCCCCTCCCCTCCCC	-
494-CCCATCCTGCCC	KLF3_HUMAN.H11MO.0.B	6	0.00839061	6.45238	0.341973	12	CCCATCCTGCCC	CCCGGCCCCGCCCCTCCCC	-
494-CCCATCCTGCCC	ZN263_HUMAN.H11MO.0.A	9	0.00876063	6.73692	0.341973	11	CCCATCCTGCCC	CTCCTCCTCTCCCTCCTCCC	-
494-CCCATCCTGCCC	SP2_HUMAN.H11MO.0.A	3	0.00884043	6.79829	0.341973	12	CCCATCCTGCCC	CCCCCGGCCCCGCCCCCCCCCC	-
494-CCCATCCTGCCC	ESR2_HUMAN.H11MO.0.A	2	0.00991044	7.62113	0.363287	12	CCCATCCTGCCC	AGGTCACCCTGACCT	+
494-CCCATCCTGCCC	ZN816_HUMAN.H11MO.0.C	0	0.0100805	7.7519	0.363287	12	CCCATCCTGCCC	CCCTGCATGTCCCCCTTTTTT	-
494-CCCATCCTGCCC	MAZ_HUMAN.H11MO.0.A	9	0.0103646	7.97042	0.363287	12	CCCATCCTGCCC	CCCCCCCCCCCCCCCCTCCCCC	-
494-CCCATCCTGCCC	NGN2_HUMAN.H11MO.0.D	0	0.0104636	8.04647	0.363287	12	CCCATCCTGCCC	GCCATCTGCTCC	-
494-CCCATCCTGCCC	P53_HUMAN.H11MO.1.A	1	0.0105955	8.14791	0.363287	12	CCCATCCTGCCC	CCCAGGCATGTCC	-
494-CCCATCCTGCCC	P63_HUMAN.H11MO.1.A	-2	0.0110985	8.53475	0.372078	10	CCCATCCTGCCC	GAGCATGCCTG	+
494-CCCATCCTGCCC	MAZ_HUMAN.H11MO.1.A	1	0.011687	8.98727	0.383289	10	CCCATCCTGCCC	CCCCCTCCCTC	-
494-CCCATCCTGCCC	ETV6_HUMAN.H11MO.0.D	-1	0.0121835	9.36909	0.391071	9	CCCATCCTGCCC	ACTTCCTGT	-
494-CCCATCCTGCCC	P63_HUMAN.H11MO.0.A	7	0.0133901	10.297	0.414939	12	CCCATCCTGCCC	GGCATGTCCAGGCATGCCC	+
494-CCCATCCTGCCC	KAISO_HUMAN.H11MO.2.A	-1	0.0134771	10.3639	0.414939	11	CCCATCCTGCCC	TCTTCCTGCGAG	-
494-CCCATCCTGCCC	MBD2_HUMAN.H11MO.0.B	-2	0.014341	11.0283	0.43043	10	CCCATCCTGCCC	CCTCCGGCCCG	-
494-CCCATCCTGCCC	HXA1_HUMAN.H11MO.0.C	-2	0.0146491	11.2652	0.43043	10	CCCATCCTGCCC	CATCCATCAA	-
494-CCCATCCTGCCC	TYY1_HUMAN.H11MO.0.A	3	0.0148929	11.4527	0.43043	9	CCCATCCTGCCC	GCCGCCATCTTG	-
494-CCCATCCTGCCC	ZN549_HUMAN.H11MO.0.C	-3	0.0154841	11.9073	0.43043	9	CCCATCCTGCCC	GTGCTGCCCAATTCATGAAT	-
494-CCCATCCTGCCC	RARG_HUMAN.H11MO.0.B	5	0.0155374	11.9483	0.43043	12	CCCATCCTGCCC	CCCAGGTCACTCTGACCT	-
494-CCCATCCTGCCC	PATZ1_HUMAN.H11MO.0.C	3	0.0156922	12.0673	0.43043	12	CCCATCCTGCCC	CCTCCCCCCCCGCCCCCTCCCC	-
494-CCCATCCTGCCC	SOX17_HUMAN.H11MO.0.C	0	0.0166849	12.8307	0.449343	11	CCCATCCTGCCC	GCCATTGTTTT	+
494-CCCATCCTGCCC	SP4_HUMAN.H11MO.1.A	3	0.0172209	13.2429	0.449343	12	CCCATCCTGCCC	CGGCCCCGCCCCCTCC	-
494-CCCATCCTGCCC	VEZF1_HUMAN.H11MO.1.C	1	0.0172752	13.2846	0.449343	11	CCCATCCTGCCC	CCCCCTCCCTCT	-
494-CCCATCCTGCCC	P53_HUMAN.H11MO.0.A	8	0.0180062	13.8468	0.456003	12	CCCATCCTGCCC	AGACATGCCCAGACATGCCC	+
494-CCCATCCTGCCC	SP2_HUMAN.H11MO.1.B	1	0.0181441	13.9528	0.456003	11	CCCATCCTGCCC	GCCCCGCCCCCT	-
494-CCCATCCTGCCC	EGR4_HUMAN.H11MO.0.D	0	0.0184381	14.1789	0.456003	11	CCCATCCTGCCC	GCCCTGCCGCC	-
494-CCCATCCTGCCC	VEZF1_HUMAN.H11MO.0.C	6	0.0192094	14.772	0.467416	12	CCCATCCTGCCC	CCCCTCCCCCTCCCCCCTCCCC	-
496-AGTAATAATKW	ZFHX3_HUMAN.H11MO.0.D	0	0.000745139	0.573012	0.377642	11	AGTAATAATTT	ATTAATAATTA	+
496-AGTAATAATKW	HXC6_HUMAN.H11MO.0.D	2	0.000804634	0.618764	0.377642	11	AGTAATAATTT	AAAGTAATAAATCAT	-
496-AGTAATAATKW	PO4F3_HUMAN.H11MO.0.D	2	0.00103684	0.79733	0.377642	11	AGTAATAATTT	TCATTAATTATTCAT	+
496-AGTAATAATKW	MEOX2_HUMAN.H11MO.0.D	-1	0.00108575	0.83494	0.377642	10	AGTAATAATTT	TTAATTATGAT	+
496-AGTAATAATKW	PO4F1_HUMAN.H11MO.0.D	1	0.00129282	0.994176	0.377642	11	AGTAATAATTT	CATTAATTATTCAT	+
496-AGTAATAATKW	LMX1A_HUMAN.H11MO.0.D	2	0.00317607	2.4424	0.439234	11	AGTAATAATTT	TAATTAATTATTTAATTAA	+
496-AGTAATAATKW	PO4F2_HUMAN.H11MO.0.D	1	0.00356603	2.74227	0.439234	11	AGTAATAATTT	TATTAATGAGCTG	+
496-AGTAATAATKW	HXA2_HUMAN.H11MO.0.D	0	0.00356935	2.74483	0.439234	11	AGTAATAATTT	GGTAATTAGCG	+
496-AGTAATAATKW	DLX2_HUMAN.H11MO.0.D	-1	0.00389581	2.99588	0.439234	8	AGTAATAATTT	ATAATTAT	-
496-AGTAATAATKW	HXA5_HUMAN.H11MO.0.D	1	0.00481313	3.7013	0.439234	9	AGTAATAATTT	CATTAATCAA	-
496-AGTAATAATKW	PO6F2_HUMAN.H11MO.0.D	0	0.00500653	3.85002	0.439234	11	AGTAATAATTT	GTTAATTAGCT	+
496-AGTAATAATKW	NOTO_HUMAN.H11MO.0.D	0	0.00529276	4.07013	0.439234	11	AGTAATAATTT	GTTAATTAGGT	+
496-AGTAATAATKW	PDX1_HUMAN.H11MO.1.A	0	0.00537788	4.13559	0.439234	9	AGTAATAATTT	ATTAATTAT	+
496-AGTAATAATKW	SOX5_HUMAN.H11MO.0.C	-2	0.00589215	4.53106	0.439234	8	AGTAATAATTT	TAACAATA	-
496-AGTAATAATKW	LHX3_HUMAN.H11MO.0.C	3	0.00624936	4.80576	0.439234	10	AGTAATAATTT	AAAATTAATTAAT	+
496-AGTAATAATKW	DLX3_HUMAN.H11MO.0.C	0	0.00636208	4.89244	0.439234	10	AGTAATAATTT	TGTAATTATC	-
496-AGTAATAATKW	HXC13_HUMAN.H11MO.0.D	2	0.00735485	5.65588	0.439234	9	AGTAATAATTT	CTCGTAAAAAT	-
496-AGTAATAATKW	HXB7_HUMAN.H11MO.0.C	1	0.00836338	6.43144	0.439234	9	AGTAATAATTT	CATTAATCAA	-
496-AGTAATAATKW	NKX62_HUMAN.H11MO.0.D	1	0.00864485	6.64789	0.439234	10	AGTAATAATTT	AATTAATTACC	+
496-AGTAATAATKW	LHX4_HUMAN.H11MO.0.D	2	0.00864485	6.64789	0.439234	9	AGTAATAATTT	AAGTTAATTAG	+
496-AGTAATAATKW	EMX2_HUMAN.H11MO.0.D	4	0.00932084	7.16773	0.439234	8	AGTAATAATTT	ATTAGCTAATTA	-
496-AGTAATAATKW	HXD3_HUMAN.H11MO.0.D	1	0.00961788	7.39615	0.439234	10	AGTAATAATTT	GGTTAATTAGG	+
496-AGTAATAATKW	MEOX1_HUMAN.H11MO.0.D	0	0.0107034	8.23093	0.439234	11	AGTAATAATTT	GGTAATTAGCGTTAAT	+
496-AGTAATAATKW	VAX2_HUMAN.H11MO.0.D	1	0.0107034	8.23093	0.439234	11	AGTAATAATTT	CACTAATTACCCTATT	-
496-AGTAATAATKW	HXB6_HUMAN.H11MO.0.D	3	0.0112829	8.67658	0.439234	10	AGTAATAATTT	TGCATCAATCATT	-
496-AGTAATAATKW	EMX1_HUMAN.H11MO.0.D	4	0.0115102	8.85136	0.439234	8	AGTAATAATTT	ATTAGCTAATTA	-
496-AGTAATAATKW	SOX13_HUMAN.H11MO.0.D	-2	0.0116209	8.93647	0.439234	8	AGTAATAATTT	GAACAATG	-
496-AGTAATAATKW	ZN333_HUMAN.H11MO.0.D	-2	0.0116291	8.94279	0.439234	9	AGTAATAATTT	CGATAATGA	+
496-AGTAATAATKW	MSX2_HUMAN.H11MO.0.D	-2	0.0119216	9.16768	0.439234	7	AGTAATAATTT	TAATTGT	+
496-AGTAATAATKW	HXA11_HUMAN.H11MO.0.D	1	0.0125266	9.63299	0.439234	11	AGTAATAATTT	TCATAAAATTTTA	-
496-AGTAATAATKW	VAX1_HUMAN.H11MO.0.D	0	0.0131832	10.1379	0.439234	11	AGTAATAATTT	GGTAATTAGGGTTAATTA	+
496-AGTAATAATKW	LHX6_HUMAN.H11MO.0.D	-1	0.013493	10.3762	0.439234	10	AGTAATAATTT	GTAATCAGAG	-
496-AGTAATAATKW	MIXL1_HUMAN.H11MO.0.D	0	0.0138754	10.6702	0.439234	11	AGTAATAATTT	GTTAATTAGAT	+
496-AGTAATAATKW	FOXQ1_HUMAN.H11MO.0.C	2	0.0141647	10.8927	0.439234	10	AGTAATAATTT	AAATAAACAATT	-
496-AGTAATAATKW	PRRX2_HUMAN.H11MO.0.C	-1	0.0141659	10.8935	0.439234	7	AGTAATAATTT	TTAATTG	+
496-AGTAATAATKW	BARX2_HUMAN.H11MO.0.D	-1	0.0142135	10.9302	0.439234	10	AGTAATAATTT	TCATTAATTG	+
496-AGTAATAATKW	HXC9_HUMAN.H11MO.0.C	0	0.0142135	10.9302	0.439234	10	AGTAATAATTT	GGCAATAAAA	-
496-AGTAATAATKW	HNF1B_HUMAN.H11MO.1.A	1	0.0146085	11.234	0.439234	10	AGTAATAATTT	AGTTAATGATT	+
496-AGTAATAATKW	HXB8_HUMAN.H11MO.0.C	2	0.0146085	11.234	0.439234	9	AGTAATAATTT	GCATTAATCAA	-
496-AGTAATAATKW	GSX2_HUMAN.H11MO.0.D	-1	0.0146837	11.2918	0.439234	10	AGTAATAATTT	TTAATTAGTTTTTAAT	+
496-AGTAATAATKW	NOBOX_HUMAN.H11MO.0.C	0	0.0151465	11.6476	0.439234	9	AGTAATAATTT	ACCAATTAG	-
496-AGTAATAATKW	HXB3_HUMAN.H11MO.0.D	-1	0.0154618	11.8901	0.439234	10	AGTAATAATTT	TTAATTAGTTTTTA	+
496-AGTAATAATKW	HXC12_HUMAN.H11MO.0.D	1	0.0156929	12.0679	0.439234	11	AGTAATAATTT	AGGTCATAAAAA	-
496-AGTAATAATKW	PAX4_HUMAN.H11MO.0.D	0	0.0156929	12.0679	0.439234	11	AGTAATAATTT	GCGAATTAGTTA	-
496-AGTAATAATKW	ZNF85_HUMAN.H11MO.1.C	3	0.0162071	12.4632	0.439234	10	AGTAATAATTT	TGAAGTAATCTTT	+
496-AGTAATAATKW	BATF_HUMAN.H11MO.0.A	3	0.0162636	12.5067	0.439234	11	AGTAATAATTT	ATGAGTCATATCGAAAGT	-
496-AGTAATAATKW	HNF1B_HUMAN.H11MO.0.A	1	0.0168411	12.9508	0.439234	11	AGTAATAATTT	GGTTAATGATTAACC	+
496-AGTAATAATKW	FOXD1_HUMAN.H11MO.0.D	4	0.0168411	12.9508	0.439234	11	AGTAATAATTT	CTTAAGTAAACAAAG	-
496-AGTAATAATKW	ZN382_HUMAN.H11MO.0.C	8	0.0181241	13.9375	0.460067	11	AGTAATAATTT	GTAGGGTCTGTAGTGATGTCTC	+
496-AGTAATAATKW	HXD11_HUMAN.H11MO.0.D	0	0.018835	14.4841	0.46384	11	AGTAATAATTT	AGTAATAAAAA	-
496-AGTAATAATKW	LHX8_HUMAN.H11MO.0.D	7	0.0199896	15.372	0.46384	11	AGTAATAATTT	AATTAATTGTAATTAGCG	-
496-AGTAATAATKW	CDX2_HUMAN.H11MO.0.A	2	0.0201965	15.5311	0.46384	10	AGTAATAATTT	ACAGCAATAAAA	-
496-AGTAATAATKW	DMBX1_HUMAN.H11MO.0.D	1	0.0203124	15.6202	0.46384	11	AGTAATAATTT	AATTAATTAGATTATAATTA	-
496-AGTAATAATKW	FOXO6_HUMAN.H11MO.0.D	1	0.0219176	16.8546	0.473757	11	AGTAATAATTT	ACGTAAACAAGTT	-
496-AGTAATAATKW	FOXC1_HUMAN.H11MO.0.C	4	0.0228032	17.5356	0.473757	11	AGTAATAATTT	CTTAAGTAAACAATG	-
496-AGTAATAATKW	GATA5_HUMAN.H11MO.0.D	2	0.0233782	17.9778	0.473757	11	AGTAATAATTT	TAAGAGATAACTTAGAT	+
496-AGTAATAATKW	SMCA1_HUMAN.H11MO.0.C	2	0.0234349	18.0214	0.473757	10	AGTAATAATTT	CCAAGAAGAATG	+
496-AGTAATAATKW	ATF2_HUMAN.H11MO.1.B	9	0.0236791	18.2092	0.473757	11	AGTAATAATTT	AAATGATGATGTCATCATTT	+
496-AGTAATAATKW	LBX2_HUMAN.H11MO.0.D	0	0.0241486	18.5703	0.476621	11	AGTAATAATTT	GTTAATTAGGT	+
496-AGTAATAATKW	RX_HUMAN.H11MO.0.D	2	0.0253619	19.5033	0.490291	9	AGTAATAATTT	TTGCTAATTAA	-
496-AGTAATAATKW	LMX1B_HUMAN.H11MO.0.D	2	0.0257346	19.7899	0.490291	11	AGTAATAATTT	TAATTAATTGATTTATTT	+
496-AGTAATAATKW	LHX2_HUMAN.H11MO.0.A	1	0.0258483	19.8773	0.490291	11	AGTAATAATTT	AACTAATTAAAA	-
496-AGTAATAATKW	ZN680_HUMAN.H11MO.0.C	7	0.0261971	20.1456	0.490537	11	AGTAATAATTT	CATGTCCAAGAAGAATGAGG	+
498-TGGCAAAACCAAC	FOXC2_HUMAN.H11MO.0.D	2	0.00016746	0.128776	0.257553	13	TGGCAAAACCAAC	TCTGGCAAAACAAAC	-
499-CAAAAAGCAAGADG	ONEC3_HUMAN.H11MO.0.D	0	0.000429139	0.330008	0.395177	12	CAAAAAGCAAGAGG	AAAAAATCAATA	-
499-CAAAAAGCAAGADG	ZN418_HUMAN.H11MO.1.D	0	0.000519481	0.399481	0.395177	12	CAAAAAGCAAGAGG	CTAGAAGCAACA	-
500-AAAGGACACACA	NR4A2_HUMAN.H11MO.0.C	0	6.27732e-05	0.0482726	0.0948644	9	AAAGGACACACA	AAAGGTCAC	+
500-AAAGGACACACA	NR1H3_HUMAN.H11MO.1.B	0	0.000260947	0.200668	0.117037	10	AAAGGACACACA	AAAGGTCAGA	+
500-AAAGGACACACA	NR4A3_HUMAN.H11MO.0.D	1	0.000318974	0.245291	0.117037	9	AAAGGACACACA	CAAAGGTCAG	+
500-AAAGGACACACA	NR4A1_HUMAN.H11MO.0.A	0	0.000433454	0.333326	0.117037	9	AAAGGACACACA	AAAGGTCAG	+
500-AAAGGACACACA	ERR1_HUMAN.H11MO.0.A	2	0.000450107	0.346132	0.117037	12	AAAGGACACACA	CTCAAGGTCACACAG	+
500-AAAGGACACACA	PPARA_HUMAN.H11MO.1.B	0	0.000464669	0.357331	0.117037	9	AAAGGACACACA	AAAGGTCAG	+
500-AAAGGACACACA	RXRG_HUMAN.H11MO.0.B	4	0.000553431	0.425589	0.11948	9	AAAGGACACACA	GGTCAAAGGTCAC	+
500-AAAGGACACACA	PPARG_HUMAN.H11MO.1.A	1	0.00135659	1.04322	0.256264	8	AAAGGACACACA	CAAAGGTCA	+
500-AAAGGACACACA	ANDR_HUMAN.H11MO.2.A	1	0.00178553	1.37307	0.299815	11	AAAGGACACACA	AAAAGAACAGAG	-
500-AAAGGACACACA	ERR2_HUMAN.H11MO.0.A	1	0.00240119	1.84652	0.359399	8	AAAGGACACACA	TCAAGGTCA	+
500-AAAGGACACACA	GCR_HUMAN.H11MO.1.A	0	0.00261602	2.01172	0.359399	12	AAAGGACACACA	AAAGAACAGAAT	+
500-AAAGGACACACA	ESR2_HUMAN.H11MO.1.A	-2	0.00311317	2.39403	0.362387	7	AAAGGACACACA	AGGTCAC	+
500-AAAGGACACACA	FOXJ3_HUMAN.H11MO.0.A	0	0.00311736	2.39725	0.362387	12	AAAGGACACACA	AAAAAATAAACAA	-
500-AAAGGACACACA	COT2_HUMAN.H11MO.0.A	1	0.00365093	2.80756	0.383974	12	AAAGGACACACA	CAAAGGTCAGAGG	+
500-AAAGGACACACA	MGAP_HUMAN.H11MO.0.D	3	0.00382668	2.94271	0.383974	12	AAAGGACACACA	GTGAAAATTCACACCT	-
500-AAAGGACACACA	RARG_HUMAN.H11MO.1.B	-1	0.00407727	3.13542	0.383974	8	AAAGGACACACA	GAGGTCAG	+
500-AAAGGACACACA	FOXK1_HUMAN.H11MO.0.A	0	0.00442855	3.40556	0.383974	10	AAAGGACACACA	AAAGTAAACA	-
500-AAAGGACACACA	FOXF2_HUMAN.H11MO.0.D	1	0.00478828	3.68219	0.383974	10	AAAGGACACACA	AAAAGTAAACA	-
500-AAAGGACACACA	PRGR_HUMAN.H11MO.1.A	-2	0.00496586	3.81875	0.383974	9	AAAGGACACACA	AGAACAGAA	+
500-AAAGGACACACA	ZSCA4_HUMAN.H11MO.0.D	0	0.00519452	3.99459	0.383974	12	AAAGGACACACA	AGTGCACACACT	-
500-AAAGGACACACA	STAT2_HUMAN.H11MO.0.A	4	0.00533571	4.10316	0.383974	12	AAAGGACACACA	AGGAAAATGAAACTGAAAG	+
500-AAAGGACACACA	FEZF1_HUMAN.H11MO.0.C	2	0.00575743	4.42746	0.384356	10	AAAGGACACACA	AAAAAGAGCAGC	-
500-AAAGGACACACA	RXRA_HUMAN.H11MO.1.A	1	0.00584968	4.4984	0.384356	9	AAAGGACACACA	CAGAGGTCAG	+
500-AAAGGACACACA	ZN713_HUMAN.H11MO.0.D	6	0.00656259	5.04663	0.402209	12	AAAGGACACACA	ATAGAAAAATGACATGAAA	+
500-AAAGGACACACA	STAT1_HUMAN.H11MO.1.A	4	0.00690781	5.3121	0.402209	12	AAAGGACACACA	AAGAAAATGAAACTGAAAG	+
500-AAAGGACACACA	RARA_HUMAN.H11MO.1.A	-1	0.00727948	5.59792	0.402209	10	AAAGGACACACA	AAGGTCAGGG	+
500-AAAGGACACACA	ZN264_HUMAN.H11MO.0.C	5	0.00736767	5.66574	0.402209	12	AAAGGACACACA	TCTTATAAGGGCACTAATCCCATT	+
500-AAAGGACACACA	FOXP1_HUMAN.H11MO.0.A	-3	0.00745214	5.7307	0.402209	9	AAAGGACACACA	ATAAACAAA	-
500-AAAGGACACACA	GLI1_HUMAN.H11MO.0.D	-2	0.00862859	6.63539	0.447983	10	AAAGGACACACA	AGACCACCCAGG	-
500-AAAGGACACACA	IRF5_HUMAN.H11MO.0.D	1	0.00889311	6.8388	0.447983	12	AAAGGACACACA	TAAAGGAAAGCCAAAAGTGA	+
500-AAAGGACACACA	ESR1_HUMAN.H11MO.1.A	0	0.0100389	7.7199	0.483016	10	AAAGGACACACA	CAAGGTCACC	+
500-AAAGGACACACA	NR2F6_HUMAN.H11MO.0.D	5	0.0102278	7.86518	0.483016	12	AAAGGACACACA	AGGACAAAGTTCAATTGA	+
500-AAAGGACACACA	NR1H2_HUMAN.H11MO.0.D	8	0.0114153	8.77835	0.485447	11	AAAGGACACACA	TAAAGGTCAAAGGTCAACG	+
500-AAAGGACACACA	RXRB_HUMAN.H11MO.0.C	0	0.0117541	9.03891	0.485447	10	AAAGGACACACA	TGAGGTCACA	+
500-AAAGGACACACA	FOXD3_HUMAN.H11MO.0.D	3	0.0120357	9.25543	0.485447	12	AAAGGACACACA	TGCTAAGTAAACAAA	-
500-AAAGGACACACA	RARB_HUMAN.H11MO.0.D	-1	0.0121602	9.35118	0.485447	11	AAAGGACACACA	GAGGTCAGGGC	+
500-AAAGGACACACA	FOXM1_HUMAN.H11MO.0.A	2	0.0121824	9.36823	0.485447	10	AAAGGACACACA	GCAAAGCAAACA	-
500-AAAGGACACACA	PRDM6_HUMAN.H11MO.0.C	1	0.0122066	9.3869	0.485447	12	AAAGGACACACA	AAAAAGAAAAAAA	+
501-ATTCTGCAACAA	CEBPB_HUMAN.H11MO.0.A	1	0.000269785	0.207464	0.213262	11	ATTCTGCAACAA	GATTGTGCAATA	+
501-ATTCTGCAACAA	DBP_HUMAN.H11MO.0.B	0	0.000369929	0.284475	0.213262	11	ATTCTGCAACAA	GTTATGTAACA	+
501-ATTCTGCAACAA	CEBPA_HUMAN.H11MO.0.A	1	0.000416069	0.319957	0.213262	11	ATTCTGCAACAA	GGTTGTGCAATC	+
501-ATTCTGCAACAA	HSF1_HUMAN.H11MO.1.A	-1	0.000841159	0.646851	0.32336	9	ATTCTGCAACAA	TTCTGGAAA	+
501-ATTCTGCAACAA	HLF_HUMAN.H11MO.0.C	1	0.00164319	1.26361	0.458324	12	ATTCTGCAACAA	GATTACGTAACAG	+
501-ATTCTGCAACAA	NFIL3_HUMAN.H11MO.0.D	1	0.00186265	1.43238	0.458324	10	ATTCTGCAACAA	AGTTATGTAAT	+
501-ATTCTGCAACAA	CEBPD_HUMAN.H11MO.0.C	1	0.00208642	1.60446	0.458324	10	ATTCTGCAACAA	GGTTGTGCAAT	-
503-CCTCCCCAGCCAYRC	ZN281_HUMAN.H11MO.0.A	3	0.000303239	0.233191	0.12123	12	CCTCCCCAGCCATAC	TCCCCTCCCCCACCC	-
503-CCTCCCCAGCCAYRC	TBX15_HUMAN.H11MO.0.D	3	0.000375114	0.288463	0.12123	15	CCTCCCCAGCCATAC	CCCCCACCCCCCCCCCCCC	-
503-CCTCCCCAGCCAYRC	WT1_HUMAN.H11MO.0.C	8	0.000427531	0.328772	0.12123	12	CCTCCCCAGCCATAC	CCCCCCCTCCTCCCCCGCCC	-
503-CCTCCCCAGCCAYRC	TBX1_HUMAN.H11MO.0.D	9	0.000427531	0.328772	0.12123	11	CCTCCCCAGCCATAC	CCGCCCACCCCTGCCCACCC	-
503-CCTCCCCAGCCAYRC	ZSC22_HUMAN.H11MO.0.C	0	0.000470914	0.362133	0.12123	15	CCTCCCCAGCCATAC	CCTCCTCCCTCAGACC	-
503-CCTCCCCAGCCAYRC	ZN148_HUMAN.H11MO.0.D	2	0.000485741	0.373535	0.12123	13	CCTCCCCAGCCATAC	CCCCTCCCCCACCCC	-
503-CCTCCCCAGCCAYRC	KLF16_HUMAN.H11MO.0.D	0	0.000842945	0.648225	0.163543	15	CCTCCCCAGCCATAC	CCCCCCCCCCCCCGCCCCC	-
503-CCTCCCCAGCCAYRC	P53_HUMAN.H11MO.0.A	3	0.00101292	0.778937	0.163543	15	CCTCCCCAGCCATAC	AGACATGCCCAGACATGCCC	+
503-CCTCCCCAGCCAYRC	ZN770_HUMAN.H11MO.0.C	7	0.00118674	0.912604	0.163543	15	CCTCCCCAGCCATAC	GATCCTCCCGCCTCAGCCTCCC	-
503-CCTCCCCAGCCAYRC	TAF1_HUMAN.H11MO.0.A	0	0.00137411	1.05669	0.163543	15	CCTCCCCAGCCATAC	CCGCCGCCGCCATCTT	-
503-CCTCCCCAGCCAYRC	ZBT17_HUMAN.H11MO.0.A	5	0.00139188	1.07036	0.163543	14	CCTCCCCAGCCATAC	CTTCCCCTCCCCCACCCTC	-
503-CCTCCCCAGCCAYRC	EGR1_HUMAN.H11MO.0.A	3	0.00141991	1.09191	0.163543	14	CCTCCCCAGCCATAC	CCCCCGCCCACGCCCTC	-
503-CCTCCCCAGCCAYRC	EGR2_HUMAN.H11MO.0.A	2	0.00150199	1.15503	0.163543	15	CCTCCCCAGCCATAC	CCCCTCCCACACCCCCCC	-
503-CCTCCCCAGCCAYRC	KLF5_HUMAN.H11MO.0.A	2	0.00152899	1.17579	0.163543	12	CCTCCCCAGCCATAC	CCCAGCCCCACCCT	-
503-CCTCCCCAGCCAYRC	KLF6_HUMAN.H11MO.0.A	3	0.00192887	1.4833	0.17671	15	CCTCCCCAGCCATAC	CCCCCGGCCCCGCCCTTCC	-
503-CCTCCCCAGCCAYRC	PATZ1_HUMAN.H11MO.1.C	2	0.00200449	1.54145	0.17671	7	CCTCCCCAGCCATAC	CCCCTCCCT	-
503-CCTCCCCAGCCAYRC	SP4_HUMAN.H11MO.1.A	5	0.0020061	1.54269	0.17671	11	CCTCCCCAGCCATAC	CGGCCCCGCCCCCTCC	-
503-CCTCCCCAGCCAYRC	ZN586_HUMAN.H11MO.0.C	8	0.00242947	1.86826	0.202114	12	CCTCCCCAGCCATAC	CATTTTTTCCTCCTAGGCCT	-
503-CCTCCCCAGCCAYRC	EGR2_HUMAN.H11MO.1.A	3	0.00261503	2.01096	0.206101	13	CCTCCCCAGCCATAC	CCCCCGCCCACGCCCC	-
503-CCTCCCCAGCCAYRC	MAZ_HUMAN.H11MO.1.A	3	0.00290647	2.23507	0.207254	8	CCTCCCCAGCCATAC	CCCCCTCCCTC	-
503-CCTCCCCAGCCAYRC	ZN263_HUMAN.H11MO.1.A	3	0.00290647	2.23507	0.207254	8	CCTCCCCAGCCATAC	CCTCCTCCCTC	-
503-CCTCCCCAGCCAYRC	SP3_HUMAN.H11MO.0.B	8	0.0031637	2.43289	0.215342	12	CCTCCCCAGCCATAC	CCCCGGCCCCGCCCCCCCCC	-
503-CCTCCCCAGCCAYRC	PATZ1_HUMAN.H11MO.0.C	9	0.00369343	2.84024	0.220438	13	CCTCCCCAGCCATAC	CCTCCCCCCCCGCCCCCTCCCC	-
503-CCTCCCCAGCCAYRC	COE1_HUMAN.H11MO.0.A	1	0.00369357	2.84036	0.220438	14	CCTCCCCAGCCATAC	AAGTCCCCAGGGACC	+
503-CCTCCCCAGCCAYRC	AP2B_HUMAN.H11MO.0.B	-1	0.00374018	2.8762	0.220438	10	CCTCCCCAGCCATAC	GCCCCCGGGC	-
503-CCTCCCCAGCCAYRC	KLF3_HUMAN.H11MO.0.B	1	0.0038274	2.94327	0.220438	15	CCTCCCCAGCCATAC	CCCGGCCCCGCCCCTCCCC	-
503-CCTCCCCAGCCAYRC	SP1_HUMAN.H11MO.0.A	2	0.00431606	3.31905	0.239375	15	CCTCCCCAGCCATAC	CCCCCCCCCGGCCCCGCCCCCC	-
503-CCTCCCCAGCCAYRC	ZIC1_HUMAN.H11MO.0.B	2	0.00483629	3.71911	0.254084	7	CCTCCCCAGCCATAC	GACCACCCC	-
503-CCTCCCCAGCCAYRC	ZN219_HUMAN.H11MO.0.D	1	0.0049755	3.82616	0.254084	11	CCTCCCCAGCCATAC	TCCGCCCCCCTC	-
503-CCTCCCCAGCCAYRC	E2F7_HUMAN.H11MO.0.B	0	0.0051126	3.93159	0.254084	13	CCTCCCCAGCCATAC	CCTTTCCCGCCCC	-
503-CCTCCCCAGCCAYRC	WT1_HUMAN.H11MO.1.B	3	0.00534554	4.11072	0.254084	8	CCTCCCCAGCCATAC	CCTCCTCCCAC	-
503-CCTCCCCAGCCAYRC	KLF4_HUMAN.H11MO.0.A	-2	0.00559932	4.30588	0.254084	10	CCTCCCCAGCCATAC	GCCACACCCT	-
503-CCTCCCCAGCCAYRC	SALL4_HUMAN.H11MO.0.B	-4	0.00559932	4.30588	0.254084	10	CCTCCCCAGCCATAC	CCCACCCTCC	-
503-CCTCCCCAGCCAYRC	ZN740_HUMAN.H11MO.0.D	4	0.00602195	4.63088	0.264393	10	CCTCCCCAGCCATAC	CCCACCCCCCCCCC	-
503-CCTCCCCAGCCAYRC	IKZF1_HUMAN.H11MO.0.C	0	0.00633214	4.86941	0.264393	8	CCTCCCCAGCCATAC	TCTCCCAA	-
503-CCTCCCCAGCCAYRC	KLF15_HUMAN.H11MO.0.A	6	0.00635618	4.88791	0.264393	13	CCTCCCCAGCCATAC	CCCCCCCCTGCTCCTCCCC	-
503-CCTCCCCAGCCAYRC	P73_HUMAN.H11MO.0.A	3	0.00668062	5.1374	0.270378	15	CCTCCCCAGCCATAC	AGACATGCCCAGACATGCC	+
503-CCTCCCCAGCCAYRC	P63_HUMAN.H11MO.0.A	2	0.00702042	5.3987	0.2754	15	CCTCCCCAGCCATAC	GGCATGTCCAGGCATGCCC	+
503-CCTCCCCAGCCAYRC	VEZF1_HUMAN.H11MO.0.C	2	0.00717253	5.51568	0.2754	15	CCTCCCCAGCCATAC	CCCCTCCCCCTCCCCCCTCCCC	-
503-CCTCCCCAGCCAYRC	SP1_HUMAN.H11MO.1.A	-1	0.00812531	6.24836	0.298368	14	CCTCCCCAGCCATAC	CGGCCCCGCCCCCC	-
503-CCTCCCCAGCCAYRC	E2F1_HUMAN.H11MO.0.A	-1	0.00853615	6.5643	0.298368	14	CCTCCCCAGCCATAC	CTTTCCCGCCCCCC	-
503-CCTCCCCAGCCAYRC	ZN449_HUMAN.H11MO.0.C	-1	0.00864379	6.64708	0.298368	11	CCTCCCCAGCCATAC	AAGCCCAACCA	-
503-CCTCCCCAGCCAYRC	SP2_HUMAN.H11MO.0.A	3	0.00874555	6.72533	0.298368	15	CCTCCCCAGCCATAC	CCCCCGGCCCCGCCCCCCCCCC	-
503-CCTCCCCAGCCAYRC	P53_HUMAN.H11MO.1.A	-4	0.00892007	6.85954	0.298368	11	CCTCCCCAGCCATAC	CCCAGGCATGTCC	-
503-CCTCCCCAGCCAYRC	TFDP1_HUMAN.H11MO.0.C	-1	0.00896622	6.89503	0.298368	14	CCTCCCCAGCCATAC	TTTTCCCGCCCCCC	-
503-CCTCCCCAGCCAYRC	AP2D_HUMAN.H11MO.0.D	2	0.00941635	7.24117	0.306535	12	CCTCCCCAGCCATAC	ACGCGCCTCGGGCG	-
503-CCTCCCCAGCCAYRC	NFIC_HUMAN.H11MO.1.A	-6	0.0104575	8.0418	0.324596	9	CCTCCCCAGCCATAC	CTGCCAAGA	-
503-CCTCCCCAGCCAYRC	KLF12_HUMAN.H11MO.0.C	-3	0.0106471	8.18762	0.324596	11	CCTCCCCAGCCATAC	GCCCCGCCCCT	-
503-CCTCCCCAGCCAYRC	ZN770_HUMAN.H11MO.1.C	5	0.0106471	8.18762	0.324596	6	CCTCCCCAGCCATAC	CTCAGCCTCCC	-
503-CCTCCCCAGCCAYRC	ZN554_HUMAN.H11MO.1.D	-3	0.0110763	8.51768	0.324596	9	CCTCCCCAGCCATAC	GCAGAGCCA	+
503-CCTCCCCAGCCAYRC	NFIB_HUMAN.H11MO.0.D	-6	0.0110763	8.51768	0.324596	9	CCTCCCCAGCCATAC	CTGCCAGGG	-
503-CCTCCCCAGCCAYRC	NFE2_HUMAN.H11MO.0.A	-2	0.011408	8.77276	0.324596	13	CCTCCCCAGCCATAC	TGCTGAGTCATGC	-
503-CCTCCCCAGCCAYRC	ZN467_HUMAN.H11MO.0.C	15	0.0117136	9.00776	0.324596	7	CCTCCCCAGCCATAC	CCCCCCCCCCCCTCCCCTCCCC	-
503-CCTCCCCAGCCAYRC	PURA_HUMAN.H11MO.0.D	1	0.0120821	9.29112	0.324596	15	CCTCCCCAGCCATAC	CCCTGCCCCCCCCTTCC	-
503-CCTCCCCAGCCAYRC	ZN547_HUMAN.H11MO.0.C	5	0.0122176	9.39531	0.324596	15	CCTCCCCAGCCATAC	TGCTAATGCAGCAGGCATAC	+
503-CCTCCCCAGCCAYRC	SP4_HUMAN.H11MO.0.A	7	0.0122176	9.39531	0.324596	13	CCTCCCCAGCCATAC	CCCGGCCCCGCCCCCTTCCC	-
503-CCTCCCCAGCCAYRC	E2F6_HUMAN.H11MO.0.A	0	0.0125723	9.66811	0.324596	13	CCTCCCCAGCCATAC	CCCTTCCCGCCCC	-
503-CCTCCCCAGCCAYRC	SRBP2_HUMAN.H11MO.0.B	2	0.0125723	9.66811	0.324596	11	CCTCCCCAGCCATAC	CCTCACCCCACCC	-
503-CCTCCCCAGCCAYRC	RFX5_HUMAN.H11MO.0.A	0	0.0128136	9.85365	0.325218	15	CCTCCCCAGCCATAC	TCTGCCTAGCAACAGCTGAC	-
503-CCTCCCCAGCCAYRC	KLF1_HUMAN.H11MO.0.A	2	0.0132039	10.1538	0.329539	12	CCTCCCCAGCCATAC	CCCGGCCCCGCCCC	-
503-CCTCCCCAGCCAYRC	NR0B1_HUMAN.H11MO.0.D	0	0.0142471	10.956	0.348326	10	CCTCCCCAGCCATAC	TCTCCCACGC	-
503-CCTCCCCAGCCAYRC	VEZF1_HUMAN.H11MO.1.C	3	0.0144219	11.0904	0.348326	9	CCTCCCCAGCCATAC	CCCCCTCCCTCT	-
503-CCTCCCCAGCCAYRC	NFIA_HUMAN.H11MO.1.D	-7	0.0149266	11.4785	0.354793	7	CCTCCCCAGCCATAC	TGCCAAG	-
503-CCTCCCCAGCCAYRC	ZBTB4_HUMAN.H11MO.0.D	-1	0.0152828	11.7524	0.357584	14	CCTCCCCAGCCATAC	CCCACCTGCCATCTAGG	-
503-CCTCCCCAGCCAYRC	E2F4_HUMAN.H11MO.0.A	-1	0.0159807	12.2891	0.365236	13	CCTCCCCAGCCATAC	ATTTCCCGCCCCC	-
503-CCTCCCCAGCCAYRC	ZN331_HUMAN.H11MO.0.C	4	0.0162172	12.471	0.365236	15	CCTCCCCAGCCATAC	CCACCCAGCTGAGCCCAGCC	-
503-CCTCCCCAGCCAYRC	MAZ_HUMAN.H11MO.0.A	8	0.0163415	12.5666	0.365236	14	CCTCCCCAGCCATAC	CCCCCCCCCCCCCCCCTCCCCC	-
503-CCTCCCCAGCCAYRC	SP2_HUMAN.H11MO.1.B	3	0.0166816	12.8282	0.367354	9	CCTCCCCAGCCATAC	GCCCCGCCCCCT	-
503-CCTCCCCAGCCAYRC	ZN341_HUMAN.H11MO.0.C	7	0.0171256	13.1696	0.371665	15	CCTCCCCAGCCATAC	GCTCTTCCCTCCCCCCCCCCCC	-
503-CCTCCCCAGCCAYRC	BACH1_HUMAN.H11MO.0.A	-2	0.0184155	14.1616	0.393951	13	CCTCCCCAGCCATAC	TGCTGAGTCATGC	+
503-CCTCCCCAGCCAYRC	E2F3_HUMAN.H11MO.0.A	-2	0.0195249	15.0146	0.4118	11	CCTCCCCAGCCATAC	TTTCCCGCCCT	-
503-CCTCCCCAGCCAYRC	PLAG1_HUMAN.H11MO.0.D	2	0.0220628	16.9663	0.458863	15	CCTCCCCAGCCATAC	CCCCTCCTGATGCCCCC	-
503-CCTCCCCAGCCAYRC	IRX2_HUMAN.H11MO.0.D	4	0.0229539	17.6515	0.470141	15	CCTCCCCAGCCATAC	CCAACATGCCCACCCATGT	-
503-CCTCCCCAGCCAYRC	ZIC4_HUMAN.H11MO.0.D	0	0.0232329	17.8661	0.470141	15	CCTCCCCAGCCATAC	GACCCCCCGCTGTGC	-
505-CTCCACTAAG	ZN436_HUMAN.H11MO.0.C	4	0.000234529	0.180353	0.360706	10	CTCCACTAAG	CCTCCTCCAGGAAGCCTTCCCTGA	-
507-CCAGGGCCAG	REST_HUMAN.H11MO.0.A	7	0.000108533	0.0834616	0.165789	10	CCAGGGCCAG	TTCAGCACCATGGACAGCGCCC	+
507-CCAGGGCCAG	STF1_HUMAN.H11MO.0.B	2	0.00059787	0.459762	0.417742	9	CCAGGGCCAG	GCTCAAGGCCA	+
507-CCAGGGCCAG	ZN554_HUMAN.H11MO.1.D	0	0.00104081	0.80038	0.417742	9	CCAGGGCCAG	GCAGAGCCA	+
507-CCAGGGCCAG	NR5A2_HUMAN.H11MO.0.B	2	0.00122127	0.939159	0.417742	9	CCAGGGCCAG	GTTCAAGGCCA	+
507-CCAGGGCCAG	ZF64A_HUMAN.H11MO.0.D	6	0.00174664	1.34317	0.417742	10	CCAGGGCCAG	CAGGTTCCCGGGCCCC	-
507-CCAGGGCCAG	HAND1_HUMAN.H11MO.1.D	0	0.00189094	1.45413	0.417742	7	CCAGGGCCAG	CCAGGCC	-
507-CCAGGGCCAG	ZN708_HUMAN.H11MO.1.D	-2	0.0019143	1.4721	0.417742	8	CCAGGGCCAG	AGGTACAGC	+
507-CCAGGGCCAG	ERR2_HUMAN.H11MO.0.A	0	0.00257159	1.97755	0.491029	9	CCAGGGCCAG	TCAAGGTCA	+
508-ATTAACCAAAC	HXB8_HUMAN.H11MO.0.C	2	0.000259146	0.199283	0.302852	9	ATTAACCAAAC	GCATTAATCAA	-
508-ATTAACCAAAC	HXB7_HUMAN.H11MO.0.C	1	0.000428204	0.329289	0.302852	9	ATTAACCAAAC	CATTAATCAA	-
508-ATTAACCAAAC	HNF1B_HUMAN.H11MO.1.A	4	0.000606982	0.466769	0.302852	7	ATTAACCAAAC	AATCATTAACT	-
508-ATTAACCAAAC	ZN652_HUMAN.H11MO.0.D	0	0.00128276	0.986445	0.480023	11	ATTAACCAAAC	ATTAACCCTTT	-
508-ATTAACCAAAC	PBX1_HUMAN.H11MO.1.C	3	0.0024823	1.90889	0.485946	11	ATTAACCAAAC	CCCATCAATCAAATT	-
508-ATTAACCAAAC	BARX2_HUMAN.H11MO.0.D	2	0.00299625	2.30412	0.485946	8	ATTAACCAAAC	CAATTAATGA	-
508-ATTAACCAAAC	EMX2_HUMAN.H11MO.0.D	2	0.0030346	2.3336	0.485946	10	ATTAACCAAAC	TAATTAGCTAAT	+
508-ATTAACCAAAC	VSX1_HUMAN.H11MO.0.D	2	0.00315874	2.42907	0.485946	11	ATTAACCAAAC	TAATTAGCTAATTT	+
508-ATTAACCAAAC	EMX1_HUMAN.H11MO.0.D	2	0.0032136	2.47126	0.485946	10	ATTAACCAAAC	TAATTAGCTAAT	+
508-ATTAACCAAAC	HXA5_HUMAN.H11MO.0.D	1	0.00336976	2.59135	0.485946	9	ATTAACCAAAC	CATTAATCAA	-
508-ATTAACCAAAC	FOXL1_HUMAN.H11MO.0.D	7	0.00451277	3.47032	0.485946	11	ATTAACCAAAC	AAAAGTAAACAAACAAACA	-
508-ATTAACCAAAC	VAX2_HUMAN.H11MO.0.D	5	0.00454882	3.49805	0.485946	11	ATTAACCAAAC	CACTAATTACCCTATT	-
508-ATTAACCAAAC	ZSC16_HUMAN.H11MO.0.D	4	0.00466563	3.58787	0.485946	11	ATTAACCAAAC	TAGTGTTAACAGAACACCTC	-
508-ATTAACCAAAC	BSH_HUMAN.H11MO.0.D	2	0.00497285	3.82412	0.485946	11	ATTAACCAAAC	CAATTAACTCATTA	-
508-ATTAACCAAAC	HXC8_HUMAN.H11MO.0.D	4	0.00525766	4.04314	0.485946	10	ATTAACCAAAC	GGGCATCAATCAAA	-
508-ATTAACCAAAC	DLX6_HUMAN.H11MO.0.D	2	0.00553524	4.2566	0.485946	11	ATTAACCAAAC	TAATTACCTTAATTT	-
508-ATTAACCAAAC	HNF1B_HUMAN.H11MO.0.A	8	0.00553524	4.2566	0.485946	7	ATTAACCAAAC	GGTTAATCATTAACC	-
508-ATTAACCAAAC	DLX1_HUMAN.H11MO.0.D	2	0.0063674	4.89653	0.485946	11	ATTAACCAAAC	TAATTAGCATAATTTA	-
508-ATTAACCAAAC	FOXB1_HUMAN.H11MO.0.D	6	0.0064444	4.95574	0.485946	11	ATTAACCAAAC	GTCAATATTTACATAAC	+
508-ATTAACCAAAC	DUX4_HUMAN.H11MO.0.A	-2	0.00683089	5.25296	0.485946	9	ATTAACCAAAC	TAACCTAATCA	-
508-ATTAACCAAAC	MEIS1_HUMAN.H11MO.0.A	3	0.00739236	5.68472	0.485946	9	ATTAACCAAAC	GCCATAAATCAT	-
508-ATTAACCAAAC	HXB6_HUMAN.H11MO.0.D	3	0.00929686	7.14928	0.485946	10	ATTAACCAAAC	TGCATCAATCATT	-
508-ATTAACCAAAC	LHX4_HUMAN.H11MO.0.D	3	0.00943389	7.25466	0.485946	8	ATTAACCAAAC	CTAATTAACTT	-
508-ATTAACCAAAC	FOXO4_HUMAN.H11MO.0.C	0	0.00955282	7.34612	0.485946	9	ATTAACCAAAC	AATAAACAA	-
508-ATTAACCAAAC	ZN250_HUMAN.H11MO.0.C	-1	0.00968905	7.45088	0.485946	10	ATTAACCAAAC	GTAATCAAAACAGCATGGTA	-
508-ATTAACCAAAC	PRRX2_HUMAN.H11MO.0.C	2	0.0104841	8.06227	0.485946	5	ATTAACCAAAC	CAATTAA	-
508-ATTAACCAAAC	DPRX_HUMAN.H11MO.0.D	4	0.0110544	8.50087	0.485946	7	ATTAACCAAAC	ACGGATTATCC	+
508-ATTAACCAAAC	HXD3_HUMAN.H11MO.0.D	4	0.0110544	8.50087	0.485946	7	ATTAACCAAAC	CCTAATTAACC	-
508-ATTAACCAAAC	PO3F4_HUMAN.H11MO.0.D	4	0.0111051	8.5398	0.485946	11	ATTAACCAAAC	ATAAATTATGCAAATTA	-
508-ATTAACCAAAC	DLX4_HUMAN.H11MO.0.D	2	0.0115428	8.8764	0.485946	11	ATTAACCAAAC	TAATTACCCTAAATTT	+
508-ATTAACCAAAC	VSX2_HUMAN.H11MO.0.D	3	0.0119018	9.15247	0.485946	9	ATTAACCAAAC	TTAATTAGCTTC	+
508-ATTAACCAAAC	HXA9_HUMAN.H11MO.0.B	2	0.0122736	9.43844	0.485946	9	ATTAACCAAAC	CCATAAATCAT	-
508-ATTAACCAAAC	SHOX2_HUMAN.H11MO.0.D	3	0.0123474	9.49518	0.485946	11	ATTAACCAAAC	CTAATTAGTTAATTTTA	+
508-ATTAACCAAAC	FOXJ2_HUMAN.H11MO.0.C	-2	0.0128456	9.87826	0.485946	9	ATTAACCAAAC	TAAATAAACA	-
508-ATTAACCAAAC	ESX1_HUMAN.H11MO.0.D	4	0.0130153	10.0087	0.485946	11	ATTAACCAAAC	GCTAATTAGCAATAATT	+
508-ATTAACCAAAC	HMX3_HUMAN.H11MO.0.D	4	0.013616	10.4707	0.485946	7	ATTAACCAAAC	AGCAATTAACG	-
508-ATTAACCAAAC	PDX1_HUMAN.H11MO.1.A	3	0.0141431	10.876	0.485946	6	ATTAACCAAAC	ATAATTAAT	-
508-ATTAACCAAAC	NKX62_HUMAN.H11MO.0.D	4	0.014337	11.0252	0.485946	7	ATTAACCAAAC	GGTAATTAATT	-
508-ATTAACCAAAC	MIXL1_HUMAN.H11MO.0.D	5	0.014337	11.0252	0.485946	6	ATTAACCAAAC	ATCTAATTAAC	-
508-ATTAACCAAAC	PBX2_HUMAN.H11MO.0.C	2	0.0145237	11.1687	0.485946	11	ATTAACCAAAC	CCATCAATCAATTTA	-
508-ATTAACCAAAC	RUNX3_HUMAN.H11MO.0.A	-2	0.0158596	12.196	0.485946	9	ATTAACCAAAC	AAACCACAAA	-
508-ATTAACCAAAC	CDC5L_HUMAN.H11MO.0.D	4	0.0160939	12.3762	0.485946	11	ATTAACCAAAC	GTGATTTAACATAAT	+
508-ATTAACCAAAC	FOXQ1_HUMAN.H11MO.0.C	2	0.0161916	12.4513	0.485946	10	ATTAACCAAAC	AAATAAACAATT	-
508-ATTAACCAAAC	PDX1_HUMAN.H11MO.0.A	1	0.0166671	12.817	0.485946	8	ATTAACCAAAC	CATCAATCA	-
508-ATTAACCAAAC	NOTO_HUMAN.H11MO.0.D	5	0.0167174	12.8557	0.485946	6	ATTAACCAAAC	ACCTAATTAAC	-
508-ATTAACCAAAC	GBX1_HUMAN.H11MO.0.D	3	0.0168784	12.9795	0.485946	11	ATTAACCAAAC	CTAATTAGCTAAAATTT	+
508-ATTAACCAAAC	HME1_HUMAN.H11MO.0.D	4	0.0168784	12.9795	0.485946	11	ATTAACCAAAC	GCTAATTACCCAATTAT	+
508-ATTAACCAAAC	HNF1A_HUMAN.H11MO.0.C	8	0.0169358	13.0237	0.485946	7	ATTAACCAAAC	GGTTAATGATTAACT	+
508-ATTAACCAAAC	ZBT49_HUMAN.H11MO.0.D	3	0.0175885	13.5256	0.485946	8	ATTAACCAAAC	CCAATTAGCGC	-
508-ATTAACCAAAC	LMX1B_HUMAN.H11MO.0.D	2	0.0178264	13.7085	0.485946	11	ATTAACCAAAC	TAATTAATTGATTTATTT	+
508-ATTAACCAAAC	HXA10_HUMAN.H11MO.0.C	2	0.0179107	13.7733	0.485946	10	ATTAACCAAAC	TCATAAATTATC	-
508-ATTAACCAAAC	RAX2_HUMAN.H11MO.0.D	3	0.0179107	13.7733	0.485946	9	ATTAACCAAAC	CTAATTAAATTA	+
508-ATTAACCAAAC	SRY_HUMAN.H11MO.0.B	-1	0.0185706	14.2808	0.485946	9	ATTAACCAAAC	AAAACAAAA	-
508-ATTAACCAAAC	PO4F3_HUMAN.H11MO.0.D	7	0.0187414	14.4122	0.485946	8	ATTAACCAAAC	ATGAATAATTAATGA	-
508-ATTAACCAAAC	LHX3_HUMAN.H11MO.0.C	4	0.0191166	14.7007	0.485946	9	ATTAACCAAAC	ATTAATTAATTTT	-
508-ATTAACCAAAC	RUNX1_HUMAN.H11MO.0.A	-1	0.0194567	14.9622	0.485946	10	ATTAACCAAAC	GAAACCACAGA	-
508-ATTAACCAAAC	BRCA1_HUMAN.H11MO.0.D	-2	0.0195946	15.0682	0.485946	9	ATTAACCAAAC	CAACCCAAA	-
508-ATTAACCAAAC	FOXD2_HUMAN.H11MO.0.D	-1	0.0196187	15.0867	0.485946	10	ATTAACCAAAC	TTAAATAAATATTTACATA	-
508-ATTAACCAAAC	RX_HUMAN.H11MO.0.D	3	0.0204575	15.7318	0.485946	8	ATTAACCAAAC	TTAATTAGCAA	+
508-ATTAACCAAAC	FOXP1_HUMAN.H11MO.0.A	-1	0.0206694	15.8948	0.485946	9	ATTAACCAAAC	ATAAACAAA	-
508-ATTAACCAAAC	SHOX_HUMAN.H11MO.0.D	3	0.020693	15.9129	0.485946	11	ATTAACCAAAC	CTAATTAGTTAATTTTT	+
508-ATTAACCAAAC	LHX9_HUMAN.H11MO.0.D	3	0.0207774	15.9778	0.485946	11	ATTAACCAAAC	CTAATTAGCTATTAATTA	+
508-ATTAACCAAAC	LBX2_HUMAN.H11MO.0.D	5	0.0215051	16.5374	0.495226	6	ATTAACCAAAC	ACCTAATTAAC	-
510-AAAGTTCAGT	NR4A3_HUMAN.H11MO.0.D	1	0.000131678	0.10126	0.0945251	9	AAAGTTCAGT	CAAAGGTCAG	+
510-AAAGTTCAGT	NR1I2_HUMAN.H11MO.1.D	-1	0.000158828	0.122139	0.0945251	8	AAAGTTCAGT	AAGTTCAC	+
510-AAAGTTCAGT	NR4A2_HUMAN.H11MO.0.C	0	0.000193074	0.148474	0.0945251	9	AAAGTTCAGT	AAAGGTCAC	+
510-AAAGTTCAGT	PPARA_HUMAN.H11MO.1.B	0	0.000254385	0.195622	0.0945251	9	AAAGTTCAGT	AAAGGTCAG	+
510-AAAGTTCAGT	NR1I3_HUMAN.H11MO.1.D	-1	0.0003102	0.238543	0.0945251	8	AAAGTTCAGT	AAGTTCAT	+
510-AAAGTTCAGT	RXRG_HUMAN.H11MO.0.B	4	0.000477266	0.367018	0.118357	9	AAAGTTCAGT	GGTCAAAGGTCAC	+
510-AAAGTTCAGT	HNF4A_HUMAN.H11MO.0.A	6	0.000543771	0.41816	0.118357	8	AAAGTTCAGT	GAGTCCAAAGTCCA	+
510-AAAGTTCAGT	NR2F6_HUMAN.H11MO.0.D	5	0.0010484	0.806216	0.199669	10	AAAGTTCAGT	AGGACAAAGTTCAATTGA	+
510-AAAGTTCAGT	NR4A1_HUMAN.H11MO.0.A	0	0.00128829	0.990696	0.218096	9	AAAGTTCAGT	AAAGGTCAG	+
510-AAAGTTCAGT	RXRA_HUMAN.H11MO.1.A	1	0.00170539	1.31145	0.218193	9	AAAGTTCAGT	CAGAGGTCAG	+
510-AAAGTTCAGT	HNF4G_HUMAN.H11MO.0.B	6	0.00171641	1.31992	0.218193	8	AAAGTTCAGT	GAGTCCAAAGTCCA	+
510-AAAGTTCAGT	SOX8_HUMAN.H11MO.0.D	4	0.00171848	1.32151	0.218193	10	AAAGTTCAGT	GCATCAATTGCAGTGA	-
510-AAAGTTCAGT	NR1I2_HUMAN.H11MO.0.C	10	0.00187693	1.44336	0.219978	9	AAAGTTCAGT	TGAGGTCAAAAAAGTTCAG	+
510-AAAGTTCAGT	PPARG_HUMAN.H11MO.1.A	1	0.00209572	1.61161	0.228077	8	AAAGTTCAGT	CAAAGGTCA	+
510-AAAGTTCAGT	NR1H3_HUMAN.H11MO.1.B	0	0.00269332	2.07116	0.273572	10	AAAGTTCAGT	AAAGGTCAGA	+
510-AAAGTTCAGT	NR1I3_HUMAN.H11MO.0.C	9	0.00323433	2.4872	0.283343	9	AAAGTTCAGT	GGGGTCAGGAAAGTTCAG	+
510-AAAGTTCAGT	NR2C1_HUMAN.H11MO.0.C	4	0.00334271	2.57054	0.283343	9	AAAGTTCAGT	GGCCAGAGGTCAG	+
510-AAAGTTCAGT	COT2_HUMAN.H11MO.0.A	1	0.00353227	2.71632	0.283343	10	AAAGTTCAGT	CAAAGGTCAGAGG	+
510-AAAGTTCAGT	FEZF1_HUMAN.H11MO.0.C	2	0.00353337	2.71717	0.283343	10	AAAGTTCAGT	AAAAAGAGCAGC	-
510-AAAGTTCAGT	NR1H2_HUMAN.H11MO.0.D	8	0.00376879	2.8982	0.285998	10	AAAGTTCAGT	TAAAGGTCAAAGGTCAACG	+
510-AAAGTTCAGT	NR6A1_HUMAN.H11MO.0.B	-1	0.0039419	3.03132	0.285998	9	AAAGTTCAGT	AAGTTCAAGGTCA	+
510-AAAGTTCAGT	ERR2_HUMAN.H11MO.0.A	1	0.00421722	3.24304	0.292065	8	AAAGTTCAGT	TCAAGGTCA	+
510-AAAGTTCAGT	RARG_HUMAN.H11MO.1.B	-1	0.00627458	4.82515	0.415655	8	AAAGTTCAGT	GAGGTCAG	+
510-AAAGTTCAGT	ESR2_HUMAN.H11MO.1.A	-2	0.00679528	5.22557	0.429892	7	AAAGTTCAGT	AGGTCAC	+
510-AAAGTTCAGT	NR1H4_HUMAN.H11MO.1.B	-2	0.0070538	5.42438	0.429892	8	AAAGTTCAGT	AGGTCAGT	+
510-AAAGTTCAGT	VDR_HUMAN.H11MO.1.A	0	0.00734923	5.65156	0.43067	9	AAAGTTCAGT	TGGGTTCAG	+
512-AATAAATTGCAGAC	SOX8_HUMAN.H11MO.0.D	1	0.000234931	0.180662	0.357503	14	AATAAATTGCAGAC	GCATCAATTGCAGTGA	-
515-ACATCAATTA	PO4F1_HUMAN.H11MO.0.D	-1	0.00019454	0.149601	0.082206	9	ACATCAATTA	CATTAATTATTCAT	+
515-ACATCAATTA	PO4F3_HUMAN.H11MO.0.D	0	0.000200812	0.154424	0.082206	10	ACATCAATTA	TCATTAATTATTCAT	+
515-ACATCAATTA	HMX1_HUMAN.H11MO.0.D	5	0.000262356	0.201751	0.082206	10	ACATCAATTA	ATTAAAAAACAATTAAC	-
515-ACATCAATTA	PDX1_HUMAN.H11MO.0.A	-1	0.000294519	0.226485	0.082206	9	ACATCAATTA	CATCAATCA	-
515-ACATCAATTA	PAX7_HUMAN.H11MO.0.D	1	0.000357453	0.274882	0.082206	10	ACATCAATTA	ATAATCAATTA	-
515-ACATCAATTA	HXB6_HUMAN.H11MO.0.D	1	0.000374283	0.287823	0.082206	10	ACATCAATTA	TGCATCAATCATT	-
515-ACATCAATTA	HXB7_HUMAN.H11MO.0.C	-1	0.000458706	0.352745	0.082206	9	ACATCAATTA	CATTAATCAA	-
515-ACATCAATTA	PO6F1_HUMAN.H11MO.0.D	1	0.0004825	0.371042	0.082206	10	ACATCAATTA	TGCATAAATTATG	-
515-ACATCAATTA	NOBOX_HUMAN.H11MO.0.C	-2	0.000535511	0.411808	0.082206	8	ACATCAATTA	ACCAATTAG	-
515-ACATCAATTA	PBX1_HUMAN.H11MO.1.C	1	0.000607206	0.466941	0.082206	10	ACATCAATTA	CCCATCAATCAAATT	-
515-ACATCAATTA	HNF6_HUMAN.H11MO.0.B	0	0.000752703	0.578829	0.082206	10	ACATCAATTA	AAATCAATAAA	-
515-ACATCAATTA	PRRX2_HUMAN.H11MO.0.C	-4	0.000768913	0.591294	0.082206	6	ACATCAATTA	CAATTAA	-
515-ACATCAATTA	LHX3_HUMAN.H11MO.0.C	1	0.000792381	0.609341	0.082206	10	ACATCAATTA	AAAATTAATTAAT	+
515-ACATCAATTA	HXB8_HUMAN.H11MO.0.C	0	0.000849275	0.653092	0.082206	10	ACATCAATTA	GCATTAATCAA	-
515-ACATCAATTA	HMX3_HUMAN.H11MO.0.D	-2	0.000849275	0.653092	0.082206	8	ACATCAATTA	AGCAATTAACG	-
515-ACATCAATTA	CUX2_HUMAN.H11MO.0.D	0	0.00090179	0.693477	0.082206	10	ACATCAATTA	AAATCAATGAA	+
515-ACATCAATTA	UNC4_HUMAN.H11MO.0.D	1	0.000957328	0.736185	0.082206	10	ACATCAATTA	TAATTTAATTA	+
515-ACATCAATTA	HXA1_HUMAN.H11MO.0.C	-1	0.00107913	0.829854	0.0875174	9	ACATCAATTA	CATCCATCAA	-
515-ACATCAATTA	SOX8_HUMAN.H11MO.0.D	0	0.00121523	0.93451	0.0924897	10	ACATCAATTA	GCATCAATTGCAGTGA	-
515-ACATCAATTA	HXD4_HUMAN.H11MO.0.D	-3	0.00126716	0.974447	0.0924897	7	ACATCAATTA	TCAATTAA	-
515-ACATCAATTA	PAX3_HUMAN.H11MO.0.D	1	0.00152802	1.17505	0.101619	10	ACATCAATTA	TTAATCGATTATC	-
515-ACATCAATTA	HMX2_HUMAN.H11MO.0.D	-1	0.00153146	1.17769	0.101619	9	ACATCAATTA	AACCAATTAAA	-
515-ACATCAATTA	HXA10_HUMAN.H11MO.0.C	0	0.00162664	1.25088	0.102693	10	ACATCAATTA	TCATAAATTATC	-
515-ACATCAATTA	MEIS1_HUMAN.H11MO.0.A	1	0.00172321	1.32515	0.102693	10	ACATCAATTA	GCCATAAATCAT	-
515-ACATCAATTA	MSX2_HUMAN.H11MO.0.D	-3	0.00181196	1.3934	0.102693	7	ACATCAATTA	ACAATTA	-
515-ACATCAATTA	HXB1_HUMAN.H11MO.0.D	0	0.00182905	1.40654	0.102693	10	ACATCAATTA	CCATCCATCA	-
515-ACATCAATTA	HXA9_HUMAN.H11MO.0.B	0	0.00203966	1.5685	0.106339	10	ACATCAATTA	CCATAAATCAT	-
515-ACATCAATTA	RX_HUMAN.H11MO.0.D	0	0.00228426	1.75659	0.111949	10	ACATCAATTA	TTGCTAATTAA	-
515-ACATCAATTA	HXA5_HUMAN.H11MO.0.D	-1	0.00230064	1.76919	0.111949	9	ACATCAATTA	CATTAATCAA	-
515-ACATCAATTA	PHX2A_HUMAN.H11MO.0.D	1	0.00270336	2.07888	0.127301	10	ACATCAATTA	TAATTTAATTA	+
515-ACATCAATTA	DRGX_HUMAN.H11MO.0.D	1	0.00302158	2.3236	0.13784	10	ACATCAATTA	TAATTTAATTA	+
515-ACATCAATTA	PHX2B_HUMAN.H11MO.0.D	1	0.00337447	2.59496	0.149273	10	ACATCAATTA	TAATTTAATTA	+
515-ACATCAATTA	ISL2_HUMAN.H11MO.0.D	-2	0.00356497	2.74146	0.149643	8	ACATCAATTA	AGCAATTAACG	-
515-ACATCAATTA	PBX2_HUMAN.H11MO.0.C	0	0.00358785	2.75906	0.149643	10	ACATCAATTA	CCATCAATCAATTTA	-
515-ACATCAATTA	ALX3_HUMAN.H11MO.0.D	1	0.00397638	3.05784	0.152755	10	ACATCAATTA	TAATTTAATTA	-
515-ACATCAATTA	PROP1_HUMAN.H11MO.0.D	1	0.00397638	3.05784	0.152755	10	ACATCAATTA	TAATTCAATTA	-
515-ACATCAATTA	RAX2_HUMAN.H11MO.0.D	1	0.00444714	3.41985	0.16239	10	ACATCAATTA	TAATTTAATTAG	-
515-ACATCAATTA	BARH1_HUMAN.H11MO.0.D	3	0.00444968	3.4218	0.16239	10	ACATCAATTA	TTAAGAGCATTTA	-
515-ACATCAATTA	CDX1_HUMAN.H11MO.0.C	0	0.00564997	4.34483	0.193446	8	ACATCAATTA	ACATAAAT	-
515-ACATCAATTA	DLX3_HUMAN.H11MO.0.C	-2	0.00587592	4.51858	0.193446	8	ACATCAATTA	TGTAATTATC	-
515-ACATCAATTA	ISX_HUMAN.H11MO.0.D	5	0.00601403	4.62479	0.193446	10	ACATCAATTA	AATTTAAGCTAATTAA	-
515-ACATCAATTA	VENTX_HUMAN.H11MO.0.D	6	0.00629343	4.83965	0.193446	10	ACATCAATTA	AATTAGAAACCAATTAGCG	-
515-ACATCAATTA	MSX1_HUMAN.H11MO.0.D	8	0.00638145	4.90734	0.193446	10	ACATCAATTA	CCAATTAAAAACCAATTA	-
515-ACATCAATTA	ESX1_HUMAN.H11MO.0.D	5	0.00640396	4.92464	0.193446	10	ACATCAATTA	AATTATTGCTAATTAGC	-
515-ACATCAATTA	MIXL1_HUMAN.H11MO.0.D	-1	0.00643527	4.94872	0.193446	9	ACATCAATTA	ATCTAATTAAC	-
515-ACATCAATTA	CUX1_HUMAN.H11MO.0.C	0	0.00658902	5.06695	0.193446	10	ACATCAATTA	CCATCGATCCCCCT	-
515-ACATCAATTA	HXC8_HUMAN.H11MO.0.D	2	0.00658902	5.06695	0.193446	10	ACATCAATTA	GGGCATCAATCAAA	-
515-ACATCAATTA	BARH2_HUMAN.H11MO.0.D	6	0.0067365	5.18036	0.193446	10	ACATCAATTA	CAATTAGGACCAATTAGC	-
515-ACATCAATTA	SHOX_HUMAN.H11MO.0.D	6	0.00675832	5.19714	0.193446	10	ACATCAATTA	AAAAATTAACTAATTAG	-
515-ACATCAATTA	ALX4_HUMAN.H11MO.0.D	1	0.00717151	5.51489	0.199506	10	ACATCAATTA	TAATTTAATTAA	-
515-ACATCAATTA	MEOX1_HUMAN.H11MO.0.D	4	0.00744923	5.72846	0.199506	10	ACATCAATTA	ATTAACGCTAATTACC	-
515-ACATCAATTA	ALX1_HUMAN.H11MO.0.B	1	0.00755487	5.8097	0.199506	10	ACATCAATTA	TAATTCAATTAT	-
515-ACATCAATTA	LMX1A_HUMAN.H11MO.0.D	9	0.00781502	6.00975	0.199506	10	ACATCAATTA	ATAATTAAATAATTAATTA	-
515-ACATCAATTA	ONEC3_HUMAN.H11MO.0.D	3	0.00837901	6.44346	0.199506	9	ACATCAATTA	AAAAAATCAATA	-
515-ACATCAATTA	HBP1_HUMAN.H11MO.0.D	-3	0.00875528	6.73281	0.199506	7	ACATCAATTA	TCAATGAAT	-
515-ACATCAATTA	ATF2_HUMAN.H11MO.0.B	3	0.00878922	6.75891	0.199506	8	ACATCAATTA	ATGACGTCATC	-
515-ACATCAATTA	GBX2_HUMAN.H11MO.0.D	6	0.00881813	6.78114	0.199506	10	ACATCAATTA	AATTAAAGGCTAATTAG	-
515-ACATCAATTA	SHOX2_HUMAN.H11MO.0.D	6	0.00881813	6.78114	0.199506	10	ACATCAATTA	TAAAATTAACTAATTAG	-
515-ACATCAATTA	LHX2_HUMAN.H11MO.0.A	-1	0.00882146	6.78371	0.199506	9	ACATCAATTA	AACTAATTAAAA	-
515-ACATCAATTA	ARX_HUMAN.H11MO.0.D	2	0.00884906	6.80492	0.199506	10	ACATCAATTA	TTAATTTAATTAG	+
515-ACATCAATTA	ATF2_HUMAN.H11MO.1.B	8	0.00898782	6.91163	0.199506	10	ACATCAATTA	AAATGATGACATCATCATTT	-
515-ACATCAATTA	DLX2_HUMAN.H11MO.0.D	-3	0.00899874	6.92003	0.199506	7	ACATCAATTA	ATAATTAT	-
515-ACATCAATTA	HXB3_HUMAN.H11MO.0.D	3	0.00902003	6.9364	0.199506	10	ACATCAATTA	TAAAAACTAATTAA	-
515-ACATCAATTA	CDX2_HUMAN.H11MO.0.A	0	0.00977159	7.51435	0.209772	10	ACATCAATTA	ACAGCAATAAAA	-
515-ACATCAATTA	SOX5_HUMAN.H11MO.0.C	-1	0.0106663	8.20236	0.220319	8	ACATCAATTA	TAACAATA	-
515-ACATCAATTA	GSX2_HUMAN.H11MO.0.D	5	0.0107432	8.26153	0.220319	10	ACATCAATTA	ATTAAAAACTAATTAA	-
515-ACATCAATTA	PDX1_HUMAN.H11MO.1.A	-2	0.0108371	8.33375	0.220319	8	ACATCAATTA	ATTAATTAT	+
515-ACATCAATTA	GBX1_HUMAN.H11MO.0.D	6	0.0108666	8.35638	0.220319	10	ACATCAATTA	AAATTTTAGCTAATTAG	-
515-ACATCAATTA	ZBT49_HUMAN.H11MO.0.D	-3	0.0113319	8.7142	0.226605	7	ACATCAATTA	CCAATTAGCGC	-
515-ACATCAATTA	VAX1_HUMAN.H11MO.0.D	6	0.0120451	9.26272	0.23443	10	ACATCAATTA	TAATTAACCCTAATTACC	-
515-ACATCAATTA	DDIT3_HUMAN.H11MO.0.D	3	0.0121518	9.3447	0.23443	7	ACATCAATTA	ATTGCATCAT	-
515-ACATCAATTA	LBX2_HUMAN.H11MO.0.D	-1	0.0125261	9.63258	0.23443	9	ACATCAATTA	ACCTAATTAAC	-
515-ACATCAATTA	HXA2_HUMAN.H11MO.0.D	-1	0.0131656	10.1244	0.243279	9	ACATCAATTA	CGCTAATTACC	-
515-ACATCAATTA	DMBX1_HUMAN.H11MO.0.D	7	0.0136759	10.5168	0.24839	10	ACATCAATTA	TAATTATAATCTAATTAATT	+
515-ACATCAATTA	CEBPG_HUMAN.H11MO.0.B	3	0.01459	11.2197	0.25596	9	ACATCAATTA	ATTGCATCATCC	+
515-ACATCAATTA	LMX1B_HUMAN.H11MO.0.D	8	0.0147813	11.3668	0.25596	10	ACATCAATTA	AAATAAATCAATTAATTA	-
515-ACATCAATTA	VSX1_HUMAN.H11MO.0.D	4	0.01497	11.512	0.25596	10	ACATCAATTA	AAATTAGCTAATTA	-
515-ACATCAATTA	NKX32_HUMAN.H11MO.0.C	-1	0.0156013	11.9974	0.261777	9	ACATCAATTA	AAACACTTAA	-
515-ACATCAATTA	EMX2_HUMAN.H11MO.0.D	2	0.0160946	12.3767	0.264251	10	ACATCAATTA	ATTAGCTAATTA	-
515-ACATCAATTA	VAX2_HUMAN.H11MO.0.D	-1	0.016116	12.3932	0.264251	9	ACATCAATTA	CACTAATTACCCTATT	-
515-ACATCAATTA	DLX6_HUMAN.H11MO.0.D	5	0.0164728	12.6676	0.264251	10	ACATCAATTA	AAATTAAGGTAATTA	+
515-ACATCAATTA	GSX1_HUMAN.H11MO.0.D	5	0.0164728	12.6676	0.264251	10	ACATCAATTA	ATTAAAAACTAATTA	-
515-ACATCAATTA	DLX5_HUMAN.H11MO.0.D	1	0.0168361	12.947	0.266581	10	ACATCAATTA	ACCTATAATTA	-
515-ACATCAATTA	FOXJ3_HUMAN.H11MO.1.B	3	0.0169895	13.0649	0.266581	10	ACATCAATTA	TAAACAAAAACAA	-
515-ACATCAATTA	HME1_HUMAN.H11MO.0.D	5	0.0171658	13.2005	0.266581	10	ACATCAATTA	ATAATTGGGTAATTAGC	-
515-ACATCAATTA	TCF7_HUMAN.H11MO.0.A	4	0.0177972	13.6861	0.270628	10	ACATCAATTA	AACCACATCAAAGGAA	+
515-ACATCAATTA	LHX4_HUMAN.H11MO.0.D	0	0.0185504	14.2653	0.279173	10	ACATCAATTA	AAGTTAATTAG	+
515-ACATCAATTA	DLX4_HUMAN.H11MO.0.D	6	0.0196367	15.1006	0.292506	10	ACATCAATTA	AAATTTAGGGTAATTA	-
515-ACATCAATTA	LHX9_HUMAN.H11MO.0.D	7	0.0199619	15.3507	0.294346	10	ACATCAATTA	TAATTAATAGCTAATTAG	-
515-ACATCAATTA	ATF4_HUMAN.H11MO.0.A	3	0.0204961	15.7615	0.298026	9	ACATCAATTA	ATTGCATCATCT	-
515-ACATCAATTA	ZN140_HUMAN.H11MO.0.C	6	0.0211258	16.2457	0.30176	10	ACATCAATTA	TATGACCCAGCAATTCCGCTCCTA	+
515-ACATCAATTA	NOTO_HUMAN.H11MO.0.D	-2	0.0214236	16.4747	0.30176	8	ACATCAATTA	GTTAATTAGGT	+
515-ACATCAATTA	BARX1_HUMAN.H11MO.0.D	1	0.0214983	16.5322	0.30176	10	ACATCAATTA	AAAAACAATTAG	-
515-ACATCAATTA	TF7L1_HUMAN.H11MO.0.B	1	0.0226846	17.4445	0.312404	10	ACATCAATTA	AACATCAAAGGCA	-
515-ACATCAATTA	TF7L2_HUMAN.H11MO.0.A	2	0.0226846	17.4445	0.312404	10	ACATCAATTA	CCACATCAAAGGG	-
515-ACATCAATTA	NKX62_HUMAN.H11MO.0.D	-1	0.0235606	18.1181	0.318568	9	ACATCAATTA	AATTAATTACC	+
515-ACATCAATTA	PAX4_HUMAN.H11MO.0.D	-2	0.0236375	18.1772	0.318568	8	ACATCAATTA	GCGAATTAGTTA	-
515-ACATCAATTA	MEOX2_HUMAN.H11MO.0.D	0	0.0258926	19.9114	0.33748	10	ACATCAATTA	ATCATAATTAA	-
515-ACATCAATTA	HXD9_HUMAN.H11MO.0.D	0	0.0266062	20.4601	0.338577	10	ACATCAATTA	TAATTAAATT	-
515-ACATCAATTA	BARX2_HUMAN.H11MO.0.D	-4	0.0266062	20.4601	0.338577	6	ACATCAATTA	CAATTAATGA	-
515-ACATCAATTA	HXD3_HUMAN.H11MO.0.D	-2	0.0271363	20.8678	0.338577	8	ACATCAATTA	CCTAATTAACC	-
515-ACATCAATTA	ONEC2_HUMAN.H11MO.0.D	5	0.0283343	21.7891	0.347582	10	ACATCAATTA	AAAAAAAATCAATAACAAGAC	-
515-ACATCAATTA	LHX8_HUMAN.H11MO.0.D	5	0.0294297	22.6314	0.356437	10	ACATCAATTA	AATTAATTGTAATTAGCG	-
515-ACATCAATTA	ATF1_HUMAN.H11MO.0.B	2	0.0297886	22.9075	0.356437	9	ACATCAATTA	TGACGTCACCG	-
515-ACATCAATTA	ZN410_HUMAN.H11MO.0.D	0	0.031483	24.2104	0.370634	10	ACATCAATTA	CCATCCCATAATA	-
515-ACATCAATTA	PO4F2_HUMAN.H11MO.0.D	-1	0.031483	24.2104	0.370634	9	ACATCAATTA	TATTAATGAGCTG	+
515-ACATCAATTA	ZN232_HUMAN.H11MO.0.D	6	0.032211	24.7702	0.375562	10	ACATCAATTA	TGTTAAATGTAGATTAAGT	+
515-ACATCAATTA	CREB1_HUMAN.H11MO.0.A	2	0.0326734	25.1259	0.375562	9	ACATCAATTA	TGACGTCATCG	-
515-ACATCAATTA	HXC6_HUMAN.H11MO.0.D	4	0.0337599	25.9613	0.385019	10	ACATCAATTA	AAAGTAATAAATCAT	-
515-ACATCAATTA	EMX1_HUMAN.H11MO.0.D	2	0.0358773	27.5896	0.396836	10	ACATCAATTA	ATTAGCTAATTA	-
515-ACATCAATTA	VSX2_HUMAN.H11MO.0.D	-3	0.0358773	27.5896	0.396836	7	ACATCAATTA	TTAATTAGCTTC	+
515-ACATCAATTA	PBX3_HUMAN.H11MO.1.A	-1	0.0363	27.9147	0.396836	9	ACATCAATTA	TGCCAATCA	-
515-ACATCAATTA	DLX1_HUMAN.H11MO.0.D	6	0.0364271	28.0124	0.396836	10	ACATCAATTA	TAAATTATGCTAATTA	+
515-ACATCAATTA	PO3F3_HUMAN.H11MO.0.D	6	0.0370324	28.4779	0.400442	10	ACATCAATTA	AAATTTGCATAATTTAT	-
515-ACATCAATTA	ARI3A_HUMAN.H11MO.0.D	9	0.0386437	29.717	0.411765	10	ACATCAATTA	TTTAATTTGATTTCGATTAATT	-
515-ACATCAATTA	NANOG_HUMAN.H11MO.1.B	-1	0.03921	30.1525	0.411787	9	ACATCAATTA	GAGCCATCAAG	+
515-ACATCAATTA	CREM_HUMAN.H11MO.0.C	2	0.03921	30.1525	0.411787	9	ACATCAATTA	TGACGTCAGTG	-
515-ACATCAATTA	SOX11_HUMAN.H11MO.0.D	-1	0.0399268	30.7037	0.416321	9	ACATCAATTA	GAACAATTGCATTGTT	-
515-ACATCAATTA	SOX18_HUMAN.H11MO.0.D	5	0.0407154	31.3101	0.421532	10	ACATCAATTA	GGAAAAGAACAATGGGTTC	-
515-ACATCAATTA	SOX7_HUMAN.H11MO.0.D	-1	0.0417868	32.134	0.423788	9	ACATCAATTA	AAACAATTTCATTGTT	-
515-ACATCAATTA	NR2E1_HUMAN.H11MO.0.D	0	0.0425024	32.6844	0.423788	10	ACATCAATTA	AAGTCAAAAAGTCAATT	+
515-ACATCAATTA	ZFHX3_HUMAN.H11MO.0.D	-2	0.0428995	32.9897	0.423788	8	ACATCAATTA	ATTAATAATTA	+
515-ACATCAATTA	NFIL3_HUMAN.H11MO.0.D	3	0.0468969	36.0637	0.453376	8	ACATCAATTA	ATTACATAACT	-
515-ACATCAATTA	OZF_HUMAN.H11MO.0.C	11	0.0481925	37.06	0.462092	10	ACATCAATTA	TGGAATACTATGCAGCCATGAAAA	-
515-ACATCAATTA	ZNF8_HUMAN.H11MO.0.C	6	0.0510776	39.2787	0.476283	10	ACATCAATTA	TGTGGTATATCCATACAATGGA	+
515-ACATCAATTA	PO6F2_HUMAN.H11MO.0.D	-2	0.051224	39.3912	0.476283	8	ACATCAATTA	GTTAATTAGCT	+
515-ACATCAATTA	HNF1B_HUMAN.H11MO.1.A	-2	0.0535179	41.1553	0.494463	8	ACATCAATTA	AATCATTAACT	-
517-ACATTTACCTTT	NR1H2_HUMAN.H11MO.0.D	-1	0.000304196	0.233927	0.30413	11	ACATTTACCTTT	CGTTGACCTTTGACCTTTA	-
517-ACATTTACCTTT	Z354A_HUMAN.H11MO.0.C	7	0.000444369	0.34172	0.30413	12	ACATTTACCTTT	ATTTAGTCCATTTACATTTAATGT	+
517-ACATTTACCTTT	OVOL1_HUMAN.H11MO.0.C	0	0.000865258	0.665383	0.30413	9	ACATTTACCTTT	ACAGTTACA	-
517-ACATTTACCTTT	NR4A2_HUMAN.H11MO.0.C	-3	0.000926247	0.712284	0.30413	9	ACATTTACCTTT	GTGACCTTT	-
517-ACATTTACCTTT	RXRG_HUMAN.H11MO.0.B	-3	0.00115331	0.886898	0.30413	9	ACATTTACCTTT	GTGACCTTTGACC	-
517-ACATTTACCTTT	NR6A1_HUMAN.H11MO.0.B	2	0.00129561	0.996326	0.30413	11	ACATTTACCTTT	TGACCTTGAACTT	-
517-ACATTTACCTTT	NR4A3_HUMAN.H11MO.0.D	-3	0.00157369	1.21017	0.30413	9	ACATTTACCTTT	CTGACCTTTG	-
517-ACATTTACCTTT	COT2_HUMAN.H11MO.0.A	0	0.00163107	1.25429	0.30413	12	ACATTTACCTTT	CCTCTGACCTTTG	-
517-ACATTTACCTTT	PPARG_HUMAN.H11MO.1.A	-4	0.00179978	1.38403	0.30413	8	ACATTTACCTTT	TGACCTTTG	-
517-ACATTTACCTTT	PPARA_HUMAN.H11MO.1.B	-3	0.00218377	1.67932	0.332116	9	ACATTTACCTTT	CTGACCTTT	-
517-ACATTTACCTTT	ZN652_HUMAN.H11MO.0.D	-2	0.00243654	1.8737	0.33687	10	ACATTTACCTTT	ATTAACCCTTT	-
517-ACATTTACCTTT	NR4A1_HUMAN.H11MO.0.A	-3	0.00318977	2.45293	0.366404	9	ACATTTACCTTT	CTGACCTTT	-
517-ACATTTACCTTT	NR2E3_HUMAN.H11MO.0.C	2	0.00327464	2.5182	0.366404	12	ACATTTACCTTT	TGACTTTTGACTTT	-
517-ACATTTACCTTT	ZN232_HUMAN.H11MO.0.D	9	0.00337292	2.59378	0.366404	10	ACATTTACCTTT	ACTTAATCTACATTTAACA	-
517-ACATTTACCTTT	FOXD2_HUMAN.H11MO.0.D	8	0.00376901	2.89837	0.382136	11	ACATTTACCTTT	TTAAATAAATATTTACATA	-
517-ACATTTACCTTT	NFAC4_HUMAN.H11MO.0.C	0	0.00462139	3.55385	0.439273	10	ACATTTACCTTT	AAATTTTCCT	-
517-ACATTTACCTTT	PO2F2_HUMAN.H11MO.0.A	-1	0.0056503	4.34508	0.495279	11	ACATTTACCTTT	CATTTGCATAT	-
517-ACATTTACCTTT	NFAC1_HUMAN.H11MO.1.B	-2	0.00614679	4.72688	0.495279	10	ACATTTACCTTT	TTTTTCCATT	-
517-ACATTTACCTTT	FOXF2_HUMAN.H11MO.0.D	-1	0.00629847	4.84352	0.495279	11	ACATTTACCTTT	TGTTTACTTTT	+
517-ACATTTACCTTT	IRF9_HUMAN.H11MO.0.C	-1	0.00651325	5.00869	0.495279	11	ACATTTACCTTT	AGTTTCGCTTTC	-
519-AAMAAAAAAMAGGGT	FOXJ3_HUMAN.H11MO.1.B	2	0.000111038	0.0853885	0.11183	11	AACAAAAAACAGGGT	TAAACAAAAACAA	-
519-AAMAAAAAAMAGGGT	FOXJ3_HUMAN.H11MO.0.A	1	0.000145642	0.111999	0.11183	12	AACAAAAAACAGGGT	AAAAAATAAACAA	-
519-AAMAAAAAAMAGGGT	ZN384_HUMAN.H11MO.0.C	-1	0.00100863	0.775638	0.458163	12	AACAAAAAACAGGGT	GGAAAAAATCGG	+
519-AAMAAAAAAMAGGGT	FOXL1_HUMAN.H11MO.0.D	7	0.00125907	0.968228	0.458163	12	AACAAAAAACAGGGT	AAAAGTAAACAAACAAACA	-
519-AAMAAAAAAMAGGGT	FOXJ2_HUMAN.H11MO.0.C	2	0.00213138	1.63903	0.458163	8	AACAAAAAACAGGGT	TAAATAAACA	-
519-AAMAAAAAAMAGGGT	OLIG1_HUMAN.H11MO.0.D	-1	0.00233919	1.79883	0.458163	14	AACAAAAAACAGGGT	AAAAAACATATGGT	-
519-AAMAAAAAAMAGGGT	ANDR_HUMAN.H11MO.0.A	0	0.00236447	1.81828	0.458163	15	AACAAAAAACAGGGT	AGCAAACAAAAAAGAACA	-
519-AAMAAAAAAMAGGGT	FOXF1_HUMAN.H11MO.0.D	-1	0.00238677	1.83542	0.458163	11	AACAAAAAACAGGGT	AAAATAAACAT	-
522-AGAGGGCATG	KLF14_HUMAN.H11MO.0.D	1	0.000478765	0.36817	0.246839	10	AGAGGGCATG	AGGGGGGCGTGGC	+
522-AGAGGGCATG	PPARA_HUMAN.H11MO.1.B	0	0.000740383	0.569355	0.246839	9	AGAGGGCATG	AAAGGTCAG	+
522-AGAGGGCATG	PPARG_HUMAN.H11MO.1.A	1	0.000740383	0.569355	0.246839	8	AGAGGGCATG	CAAAGGTCA	+
522-AGAGGGCATG	ZBTB4_HUMAN.H11MO.0.D	3	0.000781788	0.601195	0.246839	10	AGAGGGCATG	CCTAGATGGCAGGTGGG	+
522-AGAGGGCATG	ZN768_HUMAN.H11MO.0.C	9	0.000928347	0.713899	0.246839	10	AGAGGGCATG	GAGGCTCAGAGAGGTTAAGT	+
522-AGAGGGCATG	COT1_HUMAN.H11MO.1.C	2	0.000998741	0.768032	0.246839	10	AGAGGGCATG	GCAGAGGTCAGGG	+
522-AGAGGGCATG	COT1_HUMAN.H11MO.0.C	6	0.00113108	0.869798	0.246839	10	AGAGGGCATG	GGGGTCAGAGGTCAGGG	+
522-AGAGGGCATG	NR1H3_HUMAN.H11MO.1.B	0	0.00152441	1.17227	0.25742	10	AGAGGGCATG	AAAGGTCAGA	+
522-AGAGGGCATG	INSM1_HUMAN.H11MO.0.C	4	0.00160737	1.23607	0.25742	8	AGAGGGCATG	TGTCAGGGGGCA	+
522-AGAGGGCATG	KLF9_HUMAN.H11MO.0.C	2	0.00168509	1.29583	0.25742	10	AGAGGGCATG	GGAGGGGGCGTGGCC	+
522-AGAGGGCATG	RXRA_HUMAN.H11MO.1.A	1	0.00285794	2.19776	0.361003	9	AGAGGGCATG	CAGAGGTCAG	+
522-AGAGGGCATG	NR4A1_HUMAN.H11MO.0.A	0	0.00300964	2.31441	0.361003	9	AGAGGGCATG	AAAGGTCAG	+
522-AGAGGGCATG	COT2_HUMAN.H11MO.1.A	6	0.00307209	2.36244	0.361003	10	AGAGGGCATG	GGGGTCAAAGGTCAGGG	+
522-AGAGGGCATG	COT2_HUMAN.H11MO.0.A	1	0.0035278	2.71288	0.384943	10	AGAGGGCATG	CAAAGGTCAGAGG	+
522-AGAGGGCATG	RARA_HUMAN.H11MO.1.A	-1	0.00398446	3.06405	0.391788	9	AGAGGGCATG	AAGGTCAGGG	+
522-AGAGGGCATG	RXRA_HUMAN.H11MO.0.A	9	0.00410346	3.15556	0.391788	10	AGAGGGCATG	GGGGGAGGCAGAGGTCAGAG	+
522-AGAGGGCATG	RARG_HUMAN.H11MO.1.B	-1	0.00444268	3.41642	0.393207	8	AGAGGGCATG	GAGGTCAG	+
522-AGAGGGCATG	NR2C1_HUMAN.H11MO.0.C	4	0.00463312	3.56287	0.393207	9	AGAGGGCATG	GGCCAGAGGTCAG	+
522-AGAGGGCATG	NR4A2_HUMAN.H11MO.0.C	0	0.0053128	4.08554	0.42716	9	AGAGGGCATG	AAAGGTCAC	+
522-AGAGGGCATG	KLF13_HUMAN.H11MO.0.D	1	0.00603193	4.63855	0.446144	10	AGAGGGCATG	AGGGGGGCGTG	+
522-AGAGGGCATG	RXRB_HUMAN.H11MO.0.C	0	0.00613301	4.71629	0.446144	10	AGAGGGCATG	TGAGGTCACA	+
525-GACCCGCAGCC	GCM2_HUMAN.H11MO.0.D	1	0.000241525	0.185733	0.371466	10	GACCCGCAGCC	ATACCCGCATC	-
526-GGTCACAAAA	ESR2_HUMAN.H11MO.1.A	1	0.000555396	0.4271	0.458227	6	GGTCACAAAA	AGGTCAC	+
526-GGTCACAAAA	ZN350_HUMAN.H11MO.0.C	2	0.00079529	0.611578	0.458227	10	GGTCACAAAA	TAGGTCATAAAAGGACTG	-
526-GGTCACAAAA	NR1I3_HUMAN.H11MO.0.C	2	0.000901128	0.692968	0.458227	10	GGTCACAAAA	GGGGTCAGGAAAGTTCAG	+
526-GGTCACAAAA	ERR1_HUMAN.H11MO.0.A	5	0.00122116	0.939071	0.465723	10	GGTCACAAAA	CTCAAGGTCACACAG	+
528-CCCCGGAAG	ELK4_HUMAN.H11MO.0.A	0	4.18853e-05	0.0322098	0.0360035	9	CCCCGGAAG	GACCGGAAGTGG	+
528-CCCCGGAAG	ETV1_HUMAN.H11MO.0.A	0	4.72099e-05	0.0363044	0.0360035	9	CCCCGGAAG	GGCCGGAAGTG	+
528-CCCCGGAAG	ELK1_HUMAN.H11MO.0.B	-1	8.5734e-05	0.0659295	0.0381221	8	CCCCGGAAG	ACCGGAAGTGG	+
528-CCCCGGAAG	ELF2_HUMAN.H11MO.0.C	1	0.000136048	0.104621	0.0381221	9	CCCCGGAAG	AACCCGGAAGTGG	+
528-CCCCGGAAG	ELF1_HUMAN.H11MO.0.A	2	0.000149964	0.115322	0.0381221	9	CCCCGGAAG	GAACCCGGAAGTGG	+
528-CCCCGGAAG	GABPA_HUMAN.H11MO.0.A	2	0.000149964	0.115322	0.0381221	9	CCCCGGAAG	GGAACCGGAAGTGG	+
528-CCCCGGAAG	ELK3_HUMAN.H11MO.0.D	0	0.000363404	0.279457	0.0791832	9	CCCCGGAAG	CCCAGGAAGTGC	+
528-CCCCGGAAG	ZF64A_HUMAN.H11MO.0.D	4	0.000522818	0.402047	0.0996786	9	CCCCGGAAG	GGGGCCCGGGAACCTG	+
528-CCCCGGAAG	MECP2_HUMAN.H11MO.0.C	-1	0.000624658	0.480362	0.105862	7	CCCCGGAAG	CCCGGAG	+
528-CCCCGGAAG	ZN436_HUMAN.H11MO.0.C	5	0.000948024	0.729031	0.144598	9	CCCCGGAAG	CCTCCTCCAGGAAGCCTTCCCTGA	-
528-CCCCGGAAG	ETV7_HUMAN.H11MO.0.D	-2	0.00157881	1.21411	0.202973	7	CCCCGGAAG	CAGGAAG	+
528-CCCCGGAAG	STAT6_HUMAN.H11MO.0.B	2	0.0015969	1.22802	0.202973	9	CCCCGGAAG	TTCTCAGGAAA	+
528-CCCCGGAAG	ZN680_HUMAN.H11MO.0.C	4	0.00353799	2.72072	0.38936	9	CCCCGGAAG	CATGTCCAAGAAGAATGAGG	+
528-CCCCGGAAG	ETS1_HUMAN.H11MO.0.A	1	0.00367565	2.82657	0.38936	9	CCCCGGAAG	AGACAGGAAGTGG	+
528-CCCCGGAAG	SPDEF_HUMAN.H11MO.0.D	1	0.00382914	2.94461	0.38936	9	CCCCGGAAG	AACCCGGATGAAGT	+
530-ACTACTTTTC	ZN143_HUMAN.H11MO.0.A	2	0.000286099	0.22001	0.376509	10	ACTACTTTTC	GAACTACAATTCCCAGAATGCC	-
530-ACTACTTTTC	THA11_HUMAN.H11MO.0.B	2	0.000489708	0.376585	0.376509	10	ACTACTTTTC	GAACTACAACTCCCAGCATGCC	-
531-AGGGAGGCTA	ZN770_HUMAN.H11MO.1.C	-1	0.000224388	0.172555	0.241651	9	AGGGAGGCTA	GGGAGGCTGAG	+
531-AGGGAGGCTA	ZKSC3_HUMAN.H11MO.0.D	0	0.000424523	0.326458	0.241651	10	AGGGAGGCTA	TTCGAGGCTAG	+
531-AGGGAGGCTA	ZN770_HUMAN.H11MO.0.C	-1	0.000499377	0.384021	0.241651	9	AGGGAGGCTA	GGGAGGCTGAGGCGGGAGGATC	+
531-AGGGAGGCTA	ZN768_HUMAN.H11MO.0.C	7	0.000628481	0.483302	0.241651	10	AGGGAGGCTA	GAGGCTCAGAGAGGTTAAGT	+
531-AGGGAGGCTA	WT1_HUMAN.H11MO.1.B	1	0.001188	0.91357	0.292652	10	AGGGAGGCTA	GTGGGAGGAGG	+
531-AGGGAGGCTA	PATZ1_HUMAN.H11MO.1.C	0	0.00128231	0.986093	0.292652	9	AGGGAGGCTA	AGGGAGGGG	+
531-AGGGAGGCTA	ZN528_HUMAN.H11MO.0.C	3	0.00133197	1.02428	0.292652	10	AGGGAGGCTA	CCCAGGGAAGCCATTTCTGA	+
532-CAGCACAGCAG	ZIC3_HUMAN.H11MO.0.B	-2	0.000145199	0.111658	0.222979	9	CAGCACAGCAG	TCACAGCAGGGGGCC	-
532-CAGCACAGCAG	ZIC2_HUMAN.H11MO.0.D	-2	0.000901727	0.693428	0.465177	9	CAGCACAGCAG	TCACAGCAGGGGGCC	-
532-CAGCACAGCAG	ZSC31_HUMAN.H11MO.0.C	2	0.00107855	0.829408	0.465177	11	CAGCACAGCAG	GGCAGCAGGGCAGTTATG	+
532-CAGCACAGCAG	PRGR_HUMAN.H11MO.1.A	-1	0.0014564	1.11997	0.465177	9	CAGCACAGCAG	AGAACAGAA	+
532-CAGCACAGCAG	MAFG_HUMAN.H11MO.1.A	-2	0.00151457	1.1647	0.465177	8	CAGCACAGCAG	ACTCAGCA	-
534-AGGCTCAGAA	ZN768_HUMAN.H11MO.0.C	1	0.000167197	0.128575	0.257149	10	AGGCTCAGAA	GAGGCTCAGAGAGGTTAAGT	+
534-AGGCTCAGAA	MAFF_HUMAN.H11MO.1.B	-1	0.000881478	0.677857	0.435365	9	AGGCTCAGAA	GACTCAGCA	-
534-AGGCTCAGAA	ZN708_HUMAN.H11MO.1.D	0	0.00106398	0.818204	0.435365	9	AGGCTCAGAA	AGGTACAGC	+
534-AGGCTCAGAA	ZN554_HUMAN.H11MO.1.D	0	0.00113229	0.870729	0.435365	9	AGGCTCAGAA	TGGCTCTGC	-
536-ATCTATCAA	PBX1_HUMAN.H11MO.1.C	3	0.000101409	0.0779835	0.0703916	9	ATCTATCAA	CCCATCAATCAAATT	-
536-ATCTATCAA	HXA1_HUMAN.H11MO.0.C	1	0.000106844	0.082163	0.0703916	9	ATCTATCAA	CATCCATCAA	-
536-ATCTATCAA	HXB7_HUMAN.H11MO.0.C	1	0.000188733	0.145135	0.0703916	9	ATCTATCAA	CATTAATCAA	-
536-ATCTATCAA	PDX1_HUMAN.H11MO.0.A	1	0.000228927	0.176045	0.0703916	8	ATCTATCAA	CATCAATCA	-
536-ATCTATCAA	HXB8_HUMAN.H11MO.0.C	2	0.00022994	0.176824	0.0703916	9	ATCTATCAA	GCATTAATCAA	-
536-ATCTATCAA	HXB1_HUMAN.H11MO.0.D	2	0.000304948	0.234505	0.077795	8	ATCTATCAA	CCATCCATCA	-
536-ATCTATCAA	HXB6_HUMAN.H11MO.0.D	3	0.0011796	0.907115	0.257938	9	ATCTATCAA	TGCATCAATCATT	-
536-ATCTATCAA	MEIS1_HUMAN.H11MO.0.A	3	0.00141323	1.08677	0.260235	9	ATCTATCAA	GCCATAAATCAT	-
536-ATCTATCAA	HXC8_HUMAN.H11MO.0.D	4	0.001674	1.28731	0.260235	9	ATCTATCAA	GGGCATCAATCAAA	-
536-ATCTATCAA	PBX2_HUMAN.H11MO.0.C	2	0.00170015	1.30742	0.260235	9	ATCTATCAA	CCATCAATCAATTTA	-
536-ATCTATCAA	MEIS2_HUMAN.H11MO.0.B	4	0.00205852	1.583	0.286443	9	ATCTATCAA	TGACAGCTGTCAA	-
536-ATCTATCAA	TGIF2_HUMAN.H11MO.0.D	2	0.00231468	1.77999	0.295248	9	ATCTATCAA	ACAGCTGTCAT	-
536-ATCTATCAA	HNF6_HUMAN.H11MO.0.B	2	0.00293093	2.25389	0.339714	9	ATCTATCAA	AAATCAATAAA	-
536-ATCTATCAA	MEIS3_HUMAN.H11MO.0.D	1	0.00310716	2.38941	0.339714	9	ATCTATCAA	CACCTGTCAAA	-
537-ACGTGCAT	BHE40_HUMAN.H11MO.0.A	3	0.000352092	0.270759	0.250645	7	ACGTGCAT	GTCACGTGCC	-
537-ACGTGCAT	MAX_HUMAN.H11MO.0.A	2	0.000621303	0.477782	0.250645	8	ACGTGCAT	CCACGTGCTC	-
537-ACGTGCAT	MYC_HUMAN.H11MO.0.A	3	0.000746127	0.573772	0.250645	8	ACGTGCAT	GCCACGTGCTC	+
537-ACGTGCAT	HES5_HUMAN.H11MO.0.D	4	0.000851878	0.655095	0.250645	8	ACGTGCAT	CGGCACGTGCCA	-
537-ACGTGCAT	EPAS1_HUMAN.H11MO.0.B	2	0.00100793	0.775097	0.250645	7	ACGTGCAT	GTACGTGCC	+
537-ACGTGCAT	HIF1A_HUMAN.H11MO.0.C	2	0.00106179	0.816519	0.250645	6	ACGTGCAT	GGACGTGC	+
537-ACGTGCAT	PO5F1_HUMAN.H11MO.1.A	0	0.00122363	0.940972	0.250645	8	ACGTGCAT	ATTTGCATAT	-
537-ACGTGCAT	MXI1_HUMAN.H11MO.1.A	3	0.00146569	1.12712	0.250645	8	ACGTGCAT	CCCACGTGCTC	+
537-ACGTGCAT	PO2F2_HUMAN.H11MO.0.A	1	0.0017822	1.37051	0.250645	8	ACGTGCAT	CATTTGCATAT	-
537-ACGTGCAT	ARNT_HUMAN.H11MO.0.B	2	0.00180524	1.38823	0.250645	7	ACGTGCAT	GTACGTGCC	+
537-ACGTGCAT	HES7_HUMAN.H11MO.0.D	4	0.00190615	1.46583	0.250645	8	ACGTGCAT	TGGCACGTGCCG	+
537-ACGTGCAT	HEY1_HUMAN.H11MO.0.D	4	0.0023127	1.77846	0.250645	8	ACGTGCAT	CGACACGTGCCA	-
537-ACGTGCAT	BMAL1_HUMAN.H11MO.0.A	3	0.00245199	1.88558	0.250645	8	ACGTGCAT	GCCACGTGACT	+
537-ACGTGCAT	MLX_HUMAN.H11MO.0.D	5	0.0042688	3.28271	0.361722	6	ACGTGCAT	TGATCACGTGC	+
537-ACGTGCAT	MYCN_HUMAN.H11MO.0.A	4	0.00516754	3.97384	0.379799	8	ACGTGCAT	GGCCACGTGGGC	+
537-ACGTGCAT	TFEB_HUMAN.H11MO.0.C	4	0.00543275	4.17778	0.379799	5	ACGTGCAT	GGTCACGTG	+
537-ACGTGCAT	ETV3_HUMAN.H11MO.0.D	1	0.00547817	4.21271	0.379799	8	ACGTGCAT	GAAGTGCAAATGTA	-
537-ACGTGCAT	P5F1B_HUMAN.H11MO.0.D	2	0.00649243	4.99268	0.430547	8	ACGTGCAT	TAATTTGCATATTCAT	+
537-ACGTGCAT	GCM2_HUMAN.H11MO.0.D	2	0.00727466	5.59422	0.462321	8	ACGTGCAT	ATACCCGCATC	-
537-ACGTGCAT	PO3F4_HUMAN.H11MO.0.D	2	0.00807525	6.20987	0.473723	8	ACGTGCAT	TAATTTGCATAATTTAT	+
537-ACGTGCAT	TFE3_HUMAN.H11MO.0.B	4	0.00867501	6.67109	0.475577	6	ACGTGCAT	GGTCACGTGA	+
537-ACGTGCAT	MXI1_HUMAN.H11MO.0.A	9	0.00884113	6.79883	0.475577	6	ACGTGCAT	CCCGCCGCCACGTGC	-
537-ACGTGCAT	CR3L2_HUMAN.H11MO.0.D	5	0.0102629	7.89215	0.475577	8	ACGTGCAT	TGATGACGTGGCA	+
537-ACGTGCAT	BHE41_HUMAN.H11MO.0.D	8	0.0103262	7.94081	0.475577	8	ACGTGCAT	ACCGGGTCACGTGCAGAAGG	+
537-ACGTGCAT	USF1_HUMAN.H11MO.0.A	4	0.0104161	8.01	0.475577	8	ACGTGCAT	GGTCACGTGACC	+
537-ACGTGCAT	PO5F1_HUMAN.H11MO.0.A	0	0.0104367	8.02582	0.475577	8	ACGTGCAT	ATTTGCATAACAAAGG	-
537-ACGTGCAT	FOXH1_HUMAN.H11MO.0.A	-1	0.0108369	8.33356	0.475577	7	ACGTGCAT	TGTGGATTG	+
537-ACGTGCAT	MITF_HUMAN.H11MO.0.A	4	0.0121603	9.35126	0.475577	6	ACGTGCAT	GGTCACGTGA	-
541-AAAGGTCGC	NR4A2_HUMAN.H11MO.0.C	0	5.19553e-05	0.0399536	0.0450001	9	AAAGGTCGC	AAAGGTCAC	+
541-AAAGGTCGC	RXRG_HUMAN.H11MO.0.B	4	6.01731e-05	0.0462731	0.0450001	9	AAAGGTCGC	GGTCAAAGGTCAC	+
541-AAAGGTCGC	NR4A3_HUMAN.H11MO.0.D	1	8.81979e-05	0.0678242	0.0450001	9	AAAGGTCGC	CAAAGGTCAG	+
541-AAAGGTCGC	PPARA_HUMAN.H11MO.1.B	0	0.000940915	0.723564	0.316722	9	AAAGGTCGC	AAAGGTCAG	+
541-AAAGGTCGC	NR1H2_HUMAN.H11MO.0.D	8	0.0012266	0.943256	0.316722	9	AAAGGTCGC	TAAAGGTCAAAGGTCAACG	+
541-AAAGGTCGC	NR4A1_HUMAN.H11MO.0.A	0	0.00128847	0.990835	0.316722	9	AAAGGTCGC	AAAGGTCAG	+
541-AAAGGTCGC	ERR1_HUMAN.H11MO.0.A	2	0.00172784	1.32871	0.316722	9	AAAGGTCGC	CTCAAGGTCACACAG	+
541-AAAGGTCGC	PPARD_HUMAN.H11MO.0.D	6	0.00181057	1.39233	0.316722	8	AAAGGTCGC	TAGGACAAAGGTCA	+
541-AAAGGTCGC	ERR2_HUMAN.H11MO.0.A	1	0.00186228	1.43209	0.316722	8	AAAGGTCGC	TCAAGGTCA	+
541-AAAGGTCGC	NR1H3_HUMAN.H11MO.1.B	0	0.00250274	1.92461	0.369119	9	AAAGGTCGC	AAAGGTCAGA	+
541-AAAGGTCGC	ERR3_HUMAN.H11MO.0.B	1	0.00266579	2.04999	0.369119	8	AAAGGTCGC	TCAAGGTCA	+
541-AAAGGTCGC	PPARG_HUMAN.H11MO.1.A	1	0.00317848	2.44425	0.369119	8	AAAGGTCGC	CAAAGGTCA	+
541-AAAGGTCGC	ESR2_HUMAN.H11MO.1.A	-2	0.00321595	2.47307	0.369119	7	AAAGGTCGC	AGGTCAC	+
541-AAAGGTCGC	COT2_HUMAN.H11MO.0.A	1	0.00337612	2.59623	0.369119	9	AAAGGTCGC	CAAAGGTCAGAGG	+
541-AAAGGTCGC	RXRA_HUMAN.H11MO.1.A	1	0.00471722	3.62754	0.481362	9	AAAGGTCGC	CAGAGGTCAG	+
543-AGCAGTCAGC	MAF_HUMAN.H11MO.1.B	-3	0.000250623	0.192729	0.239194	7	AGCAGTCAGC	AGTCAGCA	-
543-AGCAGTCAGC	ZN317_HUMAN.H11MO.0.C	2	0.000447809	0.344365	0.239194	10	AGCAGTCAGC	TGAGAAGTCAGCTGTCATTC	-
543-AGCAGTCAGC	MAFF_HUMAN.H11MO.1.B	-2	0.000726102	0.558372	0.239194	8	AGCAGTCAGC	GACTCAGCA	-
543-AGCAGTCAGC	MAFG_HUMAN.H11MO.1.A	-3	0.000840446	0.646303	0.239194	7	AGCAGTCAGC	ACTCAGCA	-
543-AGCAGTCAGC	MAFB_HUMAN.H11MO.0.B	0	0.000875433	0.673208	0.239194	10	AGCAGTCAGC	CTGAGTCAGCA	-
543-AGCAGTCAGC	NRL_HUMAN.H11MO.0.D	0	0.000986318	0.758479	0.239194	10	AGCAGTCAGC	CTGCGTCAGCA	-
543-AGCAGTCAGC	MEIS1_HUMAN.H11MO.1.B	-1	0.00120297	0.925084	0.239194	9	AGCAGTCAGC	GCTGTCAGC	-
543-AGCAGTCAGC	TBX20_HUMAN.H11MO.0.D	0	0.00125292	0.963497	0.239194	10	AGCAGTCAGC	ACCTGTCAGCACCT	-
543-AGCAGTCAGC	TGIF2_HUMAN.H11MO.0.D	2	0.00157541	1.21149	0.267342	9	AGCAGTCAGC	ACAGCTGTCAT	-
544-ATGACCCTTA	NR4A2_HUMAN.H11MO.0.C	0	0.00038639	0.297134	0.235023	9	ATGACCCTTA	GTGACCTTT	-
544-ATGACCCTTA	NR1H2_HUMAN.H11MO.0.D	9	0.00051378	0.395097	0.235023	10	ATGACCCTTA	CGTTGACCTTTGACCTTTA	-
544-ATGACCCTTA	RXRG_HUMAN.H11MO.0.B	0	0.000658973	0.506751	0.235023	10	ATGACCCTTA	GTGACCTTTGACC	-
544-ATGACCCTTA	ERR3_HUMAN.H11MO.0.B	-1	0.000842223	0.64767	0.235023	9	ATGACCCTTA	TGACCTTGA	-
544-ATGACCCTTA	PPARA_HUMAN.H11MO.1.B	0	0.000842223	0.64767	0.235023	9	ATGACCCTTA	CTGACCTTT	-
544-ATGACCCTTA	ERR2_HUMAN.H11MO.0.A	-1	0.000955945	0.735122	0.235023	9	ATGACCCTTA	TGACCTTGA	-
544-ATGACCCTTA	NR4A3_HUMAN.H11MO.0.D	0	0.00107933	0.830006	0.235023	10	ATGACCCTTA	CTGACCTTTG	-
544-ATGACCCTTA	COT2_HUMAN.H11MO.0.A	3	0.00128016	0.984441	0.243909	10	ATGACCCTTA	CCTCTGACCTTTG	-
544-ATGACCCTTA	ESR2_HUMAN.H11MO.1.A	0	0.00224736	1.72822	0.380613	7	ATGACCCTTA	GTGACCT	-
544-ATGACCCTTA	NR1H4_HUMAN.H11MO.1.B	1	0.00256979	1.97617	0.391699	7	ATGACCCTTA	ACTGACCT	-
544-ATGACCCTTA	RXRA_HUMAN.H11MO.1.A	0	0.00288464	2.21829	0.391863	10	ATGACCCTTA	CTGACCTCTG	-
544-ATGACCCTTA	ZN652_HUMAN.H11MO.0.D	1	0.00337354	2.59425	0.391863	10	ATGACCCTTA	ATTAACCCTTT	-
544-ATGACCCTTA	ERR1_HUMAN.H11MO.0.A	4	0.00338886	2.60603	0.391863	10	ATGACCCTTA	CTGTGTGACCTTGAG	-
544-ATGACCCTTA	NR4A1_HUMAN.H11MO.0.A	0	0.00359922	2.7678	0.391863	9	ATGACCCTTA	CTGACCTTT	-
544-ATGACCCTTA	RARG_HUMAN.H11MO.1.B	0	0.00501669	3.85783	0.421385	8	ATGACCCTTA	CTGACCTC	-
544-ATGACCCTTA	COT2_HUMAN.H11MO.1.A	2	0.00514465	3.95623	0.421385	10	ATGACCCTTA	CCCTGACCTTTGACCCC	-
544-ATGACCCTTA	NR2C2_HUMAN.H11MO.0.B	-1	0.00522213	4.01582	0.421385	9	ATGACCCTTA	TGACCCGGAACC	-
544-ATGACCCTTA	PPARG_HUMAN.H11MO.1.A	-1	0.00534888	4.11329	0.421385	9	ATGACCCTTA	TGACCTTTG	-
544-ATGACCCTTA	ESR1_HUMAN.H11MO.1.A	1	0.00556977	4.28315	0.421385	9	ATGACCCTTA	GGTGACCTTG	-
544-ATGACCCTTA	NR1H3_HUMAN.H11MO.1.B	1	0.00587561	4.51834	0.421385	9	ATGACCCTTA	TCTGACCTTT	-
544-ATGACCCTTA	NR1I3_HUMAN.H11MO.1.D	0	0.00599418	4.60953	0.421385	8	ATGACCCTTA	ATGAACTT	-
544-ATGACCCTTA	VDR_HUMAN.H11MO.1.A	0	0.00631593	4.85695	0.421385	9	ATGACCCTTA	CTGAACCCA	-
544-ATGACCCTTA	NR6A1_HUMAN.H11MO.0.B	-1	0.00646733	4.97338	0.421385	9	ATGACCCTTA	TGACCTTGAACTT	-
544-ATGACCCTTA	JUN_HUMAN.H11MO.0.A	1	0.00678082	5.21445	0.421385	10	ATGACCCTTA	GATGACTCATC	-
544-ATGACCCTTA	NF2L1_HUMAN.H11MO.0.C	1	0.00691138	5.31485	0.421385	6	ATGACCCTTA	AATGACT	-
544-ATGACCCTTA	COT1_HUMAN.H11MO.1.C	2	0.00797506	6.13282	0.446786	10	ATGACCCTTA	CCCTGACCTCTGC	-
544-ATGACCCTTA	PPARD_HUMAN.H11MO.0.D	-1	0.00812472	6.24791	0.446786	9	ATGACCCTTA	TGACCTTTGTCCTA	-
544-ATGACCCTTA	THA_HUMAN.H11MO.1.D	0	0.00849229	6.53057	0.446786	10	ATGACCCTTA	CTGACCTGAA	-
544-ATGACCCTTA	OVOL2_HUMAN.H11MO.0.D	-3	0.00850048	6.53687	0.446786	7	ATGACCCTTA	TCCGTTAT	-
547-CCGCCTGGCA	CR3L1_HUMAN.H11MO.0.D	1	0.000305118	0.234635	0.277388	10	CCGCCTGGCA	GCCACGTGGCA	+
547-CCGCCTGGCA	INSM1_HUMAN.H11MO.0.C	2	0.00036736	0.2825	0.277388	10	CCGCCTGGCA	TGCCCCCTGACA	-
547-CCGCCTGGCA	SNAI1_HUMAN.H11MO.0.C	0	0.000895246	0.688444	0.277388	8	CCGCCTGGCA	CCACCTGG	-
547-CCGCCTGGCA	HIC2_HUMAN.H11MO.0.D	-2	0.00097897	0.752828	0.277388	8	CCGCCTGGCA	GCCTGGCATGT	-
547-CCGCCTGGCA	NFIB_HUMAN.H11MO.0.D	-2	0.00112195	0.862781	0.277388	8	CCGCCTGGCA	CCCTGGCAG	+
547-CCGCCTGGCA	ZBTB4_HUMAN.H11MO.0.D	1	0.00116919	0.899105	0.277388	10	CCGCCTGGCA	CCCACCTGCCATCTAGG	-
547-CCGCCTGGCA	ZN335_HUMAN.H11MO.1.A	-1	0.00127558	0.980922	0.277388	7	CCGCCTGGCA	TGCCTGA	+
547-CCGCCTGGCA	SMAD4_HUMAN.H11MO.0.B	0	0.00155599	1.19656	0.296071	10	CCGCCTGGCA	CTGTCTGGCACCT	+
547-CCGCCTGGCA	NFIA_HUMAN.H11MO.1.D	-3	0.00293311	2.25556	0.42675	7	CCGCCTGGCA	CTTGGCA	+
547-CCGCCTGGCA	FIGLA_HUMAN.H11MO.0.D	1	0.00324661	2.49664	0.42675	10	CCGCCTGGCA	AACACCTGTTA	-
547-CCGCCTGGCA	NFIC_HUMAN.H11MO.1.A	-2	0.00329428	2.5333	0.42675	8	CCGCCTGGCA	TCTTGGCAG	+
547-CCGCCTGGCA	RFX5_HUMAN.H11MO.0.A	1	0.00336416	2.58704	0.42675	10	CCGCCTGGCA	TCTGCCTAGCAACAGCTGAC	-
547-CCGCCTGGCA	ZN436_HUMAN.H11MO.0.C	3	0.00424432	3.26388	0.441076	10	CCGCCTGGCA	CCTCCTCCAGGAAGCCTTCCCTGA	-
547-CCGCCTGGCA	HAND1_HUMAN.H11MO.1.D	-1	0.00436313	3.35524	0.441076	7	CCGCCTGGCA	GGCCTGG	+
547-CCGCCTGGCA	ZSC31_HUMAN.H11MO.0.C	2	0.00439581	3.38038	0.441076	10	CCGCCTGGCA	GGCAGCAGGGCAGTTATG	+
547-CCGCCTGGCA	RFX1_HUMAN.H11MO.1.B	-2	0.00474806	3.65126	0.441076	8	CCGCCTGGCA	CCATGGCAACC	-
547-CCGCCTGGCA	RFX1_HUMAN.H11MO.0.B	4	0.00492588	3.788	0.441076	10	CCGCCTGGCA	CCGTCGCCATGGCAACCGGGGC	-
547-CCGCCTGGCA	ZN250_HUMAN.H11MO.0.C	10	0.00557441	4.28672	0.471416	10	CCGCCTGGCA	GTAATCAAAACAGCATGGTA	-
547-CCGCCTGGCA	ZBT7B_HUMAN.H11MO.0.D	5	0.00637898	4.90544	0.474769	10	CCGCCTGGCA	CCCGTTGCCATGGCAACGGCG	-
547-CCGCCTGGCA	TFDP1_HUMAN.H11MO.0.C	5	0.00666129	5.12253	0.474769	9	CCGCCTGGCA	TTTTCCCGCCCCCC	-
547-CCGCCTGGCA	RFX2_HUMAN.H11MO.1.A	-2	0.00725838	5.58169	0.474769	8	CCGCCTGGCA	CCATGGCAACCG	-
547-CCGCCTGGCA	AP2B_HUMAN.H11MO.0.B	1	0.00737967	5.67497	0.474769	9	CCGCCTGGCA	GCCCCCGGGC	-
547-CCGCCTGGCA	TGIF1_HUMAN.H11MO.0.A	-3	0.00771544	5.93318	0.474769	7	CCGCCTGGCA	GCTGTCA	-
547-CCGCCTGGCA	E2F1_HUMAN.H11MO.0.A	5	0.00779731	5.99613	0.474769	9	CCGCCTGGCA	CTTTCCCGCCCCCC	-
547-CCGCCTGGCA	MEIS3_HUMAN.H11MO.0.D	-1	0.00845725	6.50363	0.47679	9	CCGCCTGGCA	CACCTGTCAAA	-
547-CCGCCTGGCA	CENPB_HUMAN.H11MO.0.D	3	0.00890154	6.84528	0.47679	10	CCGCCTGGCA	AACCCGCATCGTACGAA	-
547-CCGCCTGGCA	TGIF2_HUMAN.H11MO.0.D	0	0.0089022	6.84579	0.47679	10	CCGCCTGGCA	ACAGCTGTCAT	-
547-CCGCCTGGCA	ZEB1_HUMAN.H11MO.0.A	1	0.00908338	6.98512	0.47679	9	CCGCCTGGCA	CTCACCTGTC	-
547-CCGCCTGGCA	MESP1_HUMAN.H11MO.0.D	3	0.00985765	7.58054	0.485258	8	CCGCCTGGCA	TCCACACCTGC	-
547-CCGCCTGGCA	CTCFL_HUMAN.H11MO.0.A	5	0.00988226	7.59946	0.485258	10	CCGCCTGGCA	CGGCGCCCCCTGGCGGC	-
548-AGCTGATGA	BHA15_HUMAN.H11MO.0.B	2	0.000748402	0.575521	0.32225	9	AGCTGATGA	CCAGCTGCTGC	-
548-AGCTGATGA	ZN134_HUMAN.H11MO.0.C	5	0.00114911	0.883666	0.32225	9	AGCTGATGA	CCTTCAACTGATTAGGTGAGGC	-
548-AGCTGATGA	ZN134_HUMAN.H11MO.1.C	5	0.00119195	0.916608	0.32225	9	AGCTGATGA	CCTTCACCTGATTAGGT	-
548-AGCTGATGA	TFAP4_HUMAN.H11MO.0.A	2	0.00123762	0.951727	0.32225	8	AGCTGATGA	CCAGCTGTTT	+
548-AGCTGATGA	TBX20_HUMAN.H11MO.0.D	0	0.00128005	0.984358	0.32225	9	AGCTGATGA	AGGTGCTGACAGGT	+
548-AGCTGATGA	CEBPG_HUMAN.H11MO.0.B	0	0.00130383	1.00264	0.32225	9	AGCTGATGA	GGATGATGCAAT	-
548-AGCTGATGA	DDIT3_HUMAN.H11MO.0.D	-2	0.00148764	1.14399	0.32225	7	AGCTGATGA	ATGATGCAAT	+
548-AGCTGATGA	ATF4_HUMAN.H11MO.0.A	0	0.00212473	1.63392	0.365195	9	AGCTGATGA	AGATGATGCAAT	+
548-AGCTGATGA	VSX2_HUMAN.H11MO.0.D	2	0.00239455	1.84141	0.365195	9	AGCTGATGA	GAAGCTAATTAA	-
548-AGCTGATGA	MYOD1_HUMAN.H11MO.1.A	3	0.00240842	1.85207	0.365195	8	AGCTGATGA	GACAGCTGCAG	-
548-AGCTGATGA	MYOG_HUMAN.H11MO.0.B	5	0.00325294	2.50151	0.448411	8	AGCTGATGA	GGGACAGCTGCGG	-
548-AGCTGATGA	MAF_HUMAN.H11MO.1.B	0	0.00418402	3.21751	0.492508	8	AGCTGATGA	TGCTGACT	+
548-AGCTGATGA	NRL_HUMAN.H11MO.0.D	0	0.00454724	3.49683	0.492508	9	AGCTGATGA	TGCTGACGCAG	+
548-AGCTGATGA	PO6F2_HUMAN.H11MO.0.D	0	0.00454724	3.49683	0.492508	9	AGCTGATGA	AGCTAATTAAC	-
550-AGGGAGGAGAG	PATZ1_HUMAN.H11MO.1.C	0	2.31147e-05	0.0177752	0.0352381	9	AGGGAGGAGAG	AGGGAGGGG	+
550-AGGGAGGAGAG	ZN263_HUMAN.H11MO.1.A	1	7.14072e-05	0.0549121	0.0451244	10	AGGGAGGAGAG	GAGGGAGGAGG	+
550-AGGGAGGAGAG	ZN263_HUMAN.H11MO.0.A	-1	0.000123615	0.0950601	0.0451244	10	AGGGAGGAGAG	GGGAGGAGGGAGAGGAGGAG	+
550-AGGGAGGAGAG	WT1_HUMAN.H11MO.1.B	1	0.000127789	0.0982696	0.0451244	10	AGGGAGGAGAG	GTGGGAGGAGG	+
550-AGGGAGGAGAG	ZSC22_HUMAN.H11MO.0.C	6	0.000147998	0.113811	0.0451244	10	AGGGAGGAGAG	GGTCTGAGGGAGGAGG	+
550-AGGGAGGAGAG	ZN467_HUMAN.H11MO.0.C	0	0.000232353	0.17868	0.0590367	11	AGGGAGGAGAG	GGGGAGGGGAGGGGGGGGGGGG	+
550-AGGGAGGAGAG	WT1_HUMAN.H11MO.0.C	5	0.000305624	0.235025	0.0657201	11	AGGGAGGAGAG	GGGCGGGGGAGGAGGGGGGG	+
550-AGGGAGGAGAG	MAZ_HUMAN.H11MO.1.A	1	0.000344876	0.26521	0.0657201	10	AGGGAGGAGAG	GAGGGAGGGGG	+
550-AGGGAGGAGAG	KLF15_HUMAN.H11MO.0.A	0	0.00051438	0.395559	0.0871297	11	AGGGAGGAGAG	GGGGAGGAGCAGGGGGGGG	+
550-AGGGAGGAGAG	FLI1_HUMAN.H11MO.0.A	6	0.0017682	1.35974	0.26956	11	AGGGAGGAGAG	GGAGGAAGGAAGGAGGGA	+
550-AGGGAGGAGAG	VEZF1_HUMAN.H11MO.1.C	2	0.00237289	1.82475	0.328859	10	AGGGAGGAGAG	AGAGGGAGGGGG	+
550-AGGGAGGAGAG	ZN281_HUMAN.H11MO.0.A	5	0.00351124	2.70015	0.446071	10	AGGGAGGAGAG	GGGTGGGGGAGGGGA	+
550-AGGGAGGAGAG	SP4_HUMAN.H11MO.1.A	4	0.00386866	2.975	0.446251	11	AGGGAGGAGAG	GGAGGGGGCGGGGCCG	+
550-AGGGAGGAGAG	TBX1_HUMAN.H11MO.0.D	4	0.00462864	3.55943	0.446251	11	AGGGAGGAGAG	GGGTGGGCAGGGGTGGGCGG	+
550-AGGGAGGAGAG	VEZF1_HUMAN.H11MO.0.C	4	0.00465472	3.57948	0.446251	11	AGGGAGGAGAG	GGGGAGGGGGGAGGGGGAGGGG	+
550-AGGGAGGAGAG	ZBT17_HUMAN.H11MO.0.A	7	0.00468354	3.60164	0.446251	11	AGGGAGGAGAG	GAGGGTGGGGGAGGGGAAG	+
550-AGGGAGGAGAG	KLF6_HUMAN.H11MO.0.A	3	0.00548092	4.21483	0.491507	11	AGGGAGGAGAG	GGAAGGGCGGGGCCGGGGG	+
551-AAACCAAAAGA	IRF5_HUMAN.H11MO.0.D	7	0.000191753	0.147458	0.167618	11	AAACCAAAAGA	TAAAGGAAAGCCAAAAGTGA	+
551-AAACCAAAAGA	ZN250_HUMAN.H11MO.0.C	1	0.000218441	0.167981	0.167618	11	AAACCAAAAGA	GTAATCAAAACAGCATGGTA	-
551-AAACCAAAAGA	RUNX3_HUMAN.H11MO.0.A	0	0.0009652	0.742239	0.358888	10	AAACCAAAAGA	AAACCACAAA	-
551-AAACCAAAAGA	FOXJ3_HUMAN.H11MO.1.B	1	0.00146164	1.124	0.358888	11	AAACCAAAAGA	TAAACAAAAACAA	-
551-AAACCAAAAGA	RUNX1_HUMAN.H11MO.0.A	1	0.00147493	1.13422	0.358888	10	AAACCAAAAGA	GAAACCACAGA	-
551-AAACCAAAAGA	NR2E3_HUMAN.H11MO.0.C	1	0.00163	1.25347	0.358888	11	AAACCAAAAGA	AAAGTCAAAAGTCA	+
551-AAACCAAAAGA	IRF7_HUMAN.H11MO.0.C	1	0.00163697	1.25883	0.358888	9	AAACCAAAAGA	GAAAGTGAAA	+
555-GGGGTTTAC	NFKB2_HUMAN.H11MO.0.B	0	0.000451426	0.347147	0.440659	9	GGGGTTTAC	GGGGCTTTCCC	-
555-GGGGTTTAC	NFKB1_HUMAN.H11MO.1.B	0	0.000586375	0.450922	0.440659	9	GGGGTTTAC	GGGAATTTCCC	-
555-GGGGTTTAC	ZN652_HUMAN.H11MO.0.D	2	0.000861406	0.662421	0.440659	9	GGGGTTTAC	AAAGGGTTAAT	+
555-GGGGTTTAC	FOXO3_HUMAN.H11MO.0.B	0	0.00160697	1.23576	0.443919	9	GGGGTTTAC	CTTGTTTACA	+
555-GGGGTTTAC	RELB_HUMAN.H11MO.0.C	2	0.00179611	1.38121	0.443919	9	GGGGTTTAC	GGGGGATTTCCC	+
555-GGGGTTTAC	FOXO6_HUMAN.H11MO.0.D	2	0.00204448	1.5722	0.443919	9	GGGGTTTAC	AACTTGTTTACGT	+
555-GGGGTTTAC	TF65_HUMAN.H11MO.0.A	2	0.00212489	1.63404	0.443919	9	GGGGTTTAC	CAGGGAATTTCCAG	+
555-GGGGTTTAC	PITX1_HUMAN.H11MO.0.D	0	0.00231408	1.77952	0.443919	9	GGGGTTTAC	AGGGATTAA	+
555-GGGGTTTAC	FOXP2_HUMAN.H11MO.0.C	-1	0.00293018	2.25331	0.499651	8	GGGGTTTAC	CTGTTTACA	+
556-GGGGCCAGGCA	SMAD2_HUMAN.H11MO.0.A	1	0.000210253	0.161685	0.167346	11	GGGGCCAGGCA	AGGTGACAGACA	-
556-GGGGCCAGGCA	KLF12_HUMAN.H11MO.0.C	1	0.000253298	0.194786	0.167346	10	GGGGCCAGGCA	AGGGGCGGGGC	+
556-GGGGCCAGGCA	SP1_HUMAN.H11MO.1.A	2	0.000485007	0.37297	0.167346	11	GGGGCCAGGCA	GGGGGGCGGGGCCG	+
556-GGGGCCAGGCA	SP1_HUMAN.H11MO.0.A	7	0.000667637	0.513413	0.167346	11	GGGGCCAGGCA	GGGGGGCGGGGCCGGGGGGGGG	+
556-GGGGCCAGGCA	ZN335_HUMAN.H11MO.1.A	-4	0.000703525	0.54101	0.167346	7	GGGGCCAGGCA	TCAGGCA	-
556-GGGGCCAGGCA	SMAD4_HUMAN.H11MO.0.B	1	0.000735552	0.565639	0.167346	11	GGGGCCAGGCA	AGGTGCCAGACAG	-
556-GGGGCCAGGCA	ZN816_HUMAN.H11MO.1.C	3	0.000774928	0.595919	0.167346	11	GGGGCCAGGCA	AAGGGGGACATGCA	+
556-GGGGCCAGGCA	ZN816_HUMAN.H11MO.0.C	7	0.000881716	0.67804	0.167346	11	GGGGCCAGGCA	AAAAAAGGGGGACATGCAGGG	+
556-GGGGCCAGGCA	KLF9_HUMAN.H11MO.0.C	4	0.00193335	1.48675	0.326171	11	GGGGCCAGGCA	GGAGGGGGCGTGGCC	+
556-GGGGCCAGGCA	PLAL1_HUMAN.H11MO.0.D	3	0.00287941	2.21427	0.373402	7	GGGGCCAGGCA	CGGGGGGCCC	+
556-GGGGCCAGGCA	HAND1_HUMAN.H11MO.1.D	-4	0.00290639	2.23501	0.373402	7	GGGGCCAGGCA	CCAGGCC	-
556-GGGGCCAGGCA	ZF64A_HUMAN.H11MO.0.D	0	0.00295108	2.26938	0.373402	11	GGGGCCAGGCA	GGGGCCCGGGAACCTG	+
556-GGGGCCAGGCA	EGR4_HUMAN.H11MO.0.D	1	0.00331212	2.54702	0.379463	10	GGGGCCAGGCA	GGCGGCAGGGC	+
556-GGGGCCAGGCA	KLF1_HUMAN.H11MO.0.A	0	0.00401922	3.09078	0.379463	11	GGGGCCAGGCA	GGGGCGGGGCCGGG	+
556-GGGGCCAGGCA	SP2_HUMAN.H11MO.1.B	2	0.0046791	3.59823	0.379463	10	GGGGCCAGGCA	AGGGGGCGGGGC	+
556-GGGGCCAGGCA	KLF4_HUMAN.H11MO.0.A	0	0.00470542	3.61847	0.379463	10	GGGGCCAGGCA	AGGGTGTGGC	+
556-GGGGCCAGGCA	GLI1_HUMAN.H11MO.0.D	-1	0.00492534	3.78759	0.379463	10	GGGGCCAGGCA	AGACCACCCAGG	-
556-GGGGCCAGGCA	KLF14_HUMAN.H11MO.0.D	3	0.00493242	3.79303	0.379463	10	GGGGCCAGGCA	AGGGGGGCGTGGC	+
556-GGGGCCAGGCA	ZFX_HUMAN.H11MO.0.A	1	0.00496433	3.81757	0.379463	9	GGGGCCAGGCA	CGGGGCCTGG	-
556-GGGGCCAGGCA	PRDM4_HUMAN.H11MO.0.D	4	0.0049983	3.84369	0.379463	11	GGGGCCAGGCA	GTGGGGGGCCTTGAAA	+
556-GGGGCCAGGCA	NFIB_HUMAN.H11MO.0.D	-1	0.00577009	4.4372	0.417196	9	GGGGCCAGGCA	CTGCCAGGG	-
557-AAGCCACAGC	ZN708_HUMAN.H11MO.1.D	-1	5.26532e-05	0.0404903	0.0809806	9	AAGCCACAGC	AGGTACAGC	+
557-AAGCCACAGC	RUNX1_HUMAN.H11MO.0.A	1	0.000228778	0.17593	0.170254	10	AAGCCACAGC	GAAACCACAGA	-
557-AAGCCACAGC	ZN708_HUMAN.H11MO.0.C	10	0.000472594	0.363425	0.170254	10	AAGCCACAGC	GCCTAATAAGCAGGTACAGC	+
557-AAGCCACAGC	RUNX3_HUMAN.H11MO.0.A	0	0.000507991	0.390645	0.170254	10	AAGCCACAGC	AAACCACAAA	-
557-AAGCCACAGC	RUNX2_HUMAN.H11MO.0.A	2	0.000585857	0.450524	0.170254	10	AAGCCACAGC	AAAAACCACAGACA	-
557-AAGCCACAGC	FOXH1_HUMAN.H11MO.0.A	1	0.000664191	0.510763	0.170254	8	AAGCCACAGC	CAATCCACA	-
559-ATTCCAGCG	TEAD1_HUMAN.H11MO.0.A	2	0.000255674	0.196613	0.241858	9	ATTCCAGCG	ACATTCCAGCCA	+
559-ATTCCAGCG	TEAD2_HUMAN.H11MO.0.D	4	0.000314509	0.241858	0.241858	8	ATTCCAGCG	CCACATTCCAGG	+
559-ATTCCAGCG	TEAD4_HUMAN.H11MO.0.A	2	0.000798139	0.613769	0.409179	9	ATTCCAGCG	ACATTCCTGGCAT	+
559-ATTCCAGCG	HSF1_HUMAN.H11MO.1.A	0	0.0012605	0.969324	0.484662	9	ATTCCAGCG	TTTCCAGAA	-
560-CAGCCAAACA	CEBPZ_HUMAN.H11MO.0.D	-1	0.000390129	0.300009	0.404808	9	CAGCCAAACA	AGCCAATCAGC	-
560-CAGCCAAACA	NFIA_HUMAN.H11MO.1.D	-1	0.00109254	0.840163	0.404808	7	CAGCCAAACA	TGCCAAG	-
560-CAGCCAAACA	NFYB_HUMAN.H11MO.0.A	0	0.00109386	0.841175	0.404808	10	CAGCCAAACA	CAGCCAATCAGAG	+
560-CAGCCAAACA	ZN449_HUMAN.H11MO.0.C	0	0.0013945	1.07237	0.404808	10	CAGCCAAACA	AAGCCCAACCA	-
560-CAGCCAAACA	FOXI1_HUMAN.H11MO.0.B	-1	0.00166077	1.27714	0.404808	9	CAGCCAAACA	AACCAATCAGAG	-
560-CAGCCAAACA	PBX3_HUMAN.H11MO.1.A	-1	0.00194736	1.49752	0.404808	9	CAGCCAAACA	TGCCAATCA	-
560-CAGCCAAACA	NFYC_HUMAN.H11MO.0.A	1	0.00198857	1.52921	0.404808	10	CAGCCAAACA	CTAGCCAATCAGAG	+
560-CAGCCAAACA	NFYA_HUMAN.H11MO.0.A	1	0.00236219	1.81653	0.404808	10	CAGCCAAACA	TCAGCCAATCAGAA	+
560-CAGCCAAACA	ZN250_HUMAN.H11MO.0.C	2	0.00237864	1.82918	0.404808	10	CAGCCAAACA	GTAATCAAAACAGCATGGTA	-
560-CAGCCAAACA	NFIC_HUMAN.H11MO.1.A	0	0.00351134	2.70022	0.465566	9	CAGCCAAACA	CTGCCAAGA	-
560-CAGCCAAACA	OZF_HUMAN.H11MO.0.C	12	0.00401722	3.08924	0.465566	10	CAGCCAAACA	TGGAATACTATGCAGCCATGAAAA	-
560-CAGCCAAACA	FOXF2_HUMAN.H11MO.0.D	1	0.0040686	3.12875	0.465566	10	CAGCCAAACA	AAAAGTAAACA	-
560-CAGCCAAACA	ZN136_HUMAN.H11MO.0.C	0	0.00425547	3.27246	0.465566	10	CAGCCAAACA	CAACCAAGAATACTATATCCAGCA	-
560-CAGCCAAACA	ZN260_HUMAN.H11MO.0.C	12	0.00425547	3.27246	0.465566	10	CAGCCAAACA	TGGAATACTATGCAGCCATAAAAA	-
564-CAGCTCCCTGC	THA11_HUMAN.H11MO.0.B	6	0.000495551	0.381079	0.487619	11	CAGCTCCCTGC	GAACTACAACTCCCAGCATGCC	-
564-CAGCTCCCTGC	PATZ1_HUMAN.H11MO.1.C	0	0.000931092	0.71601	0.487619	9	CAGCTCCCTGC	CCCCTCCCT	-
564-CAGCTCCCTGC	ZN143_HUMAN.H11MO.0.A	6	0.00137111	1.05438	0.487619	11	CAGCTCCCTGC	GAACTACAATTCCCAGAATGCC	-
564-CAGCTCCCTGC	ZIC3_HUMAN.H11MO.0.B	-1	0.00156525	1.20368	0.487619	10	CAGCTCCCTGC	GGCCCCCTGCTGTGA	+
564-CAGCTCCCTGC	ZNF76_HUMAN.H11MO.0.C	4	0.0017263	1.32752	0.487619	11	CAGCTCCCTGC	ACTACAATTCCCAGAATGCCCC	-
564-CAGCTCCCTGC	REST_HUMAN.H11MO.0.A	2	0.00256276	1.97076	0.487619	11	CAGCTCCCTGC	TTCAGCACCATGGACAGCGCCC	+
564-CAGCTCCCTGC	PTF1A_HUMAN.H11MO.1.B	1	0.00262677	2.01998	0.487619	8	CAGCTCCCTGC	CCAGCTGCT	-
564-CAGCTCCCTGC	ZBT48_HUMAN.H11MO.0.C	1	0.00312079	2.39989	0.487619	11	CAGCTCCCTGC	CACGGTCCCTAA	-
564-CAGCTCCCTGC	ERG_HUMAN.H11MO.0.A	0	0.0032932	2.53247	0.487619	11	CAGCTCCCTGC	CCACTTCCTGCCC	-
564-CAGCTCCCTGC	ZIC2_HUMAN.H11MO.0.D	-1	0.00334935	2.57565	0.487619	10	CAGCTCCCTGC	GGCCCCCTGCTGTGA	+
564-CAGCTCCCTGC	MYF6_HUMAN.H11MO.0.C	0	0.00358097	2.75377	0.487619	7	CAGCTCCCTGC	CAGCTGC	+
564-CAGCTCCCTGC	FLI1_HUMAN.H11MO.1.A	0	0.00427409	3.28677	0.487619	11	CAGCTCCCTGC	CCACTTCCTGCCT	-
564-CAGCTCCCTGC	INSM1_HUMAN.H11MO.0.C	-1	0.00449572	3.45721	0.487619	10	CAGCTCCCTGC	TGCCCCCTGACA	-
564-CAGCTCCCTGC	HEN1_HUMAN.H11MO.0.C	7	0.00464855	3.57474	0.487619	11	CAGCTCCCTGC	TGGGGAGCAGCTGCGTCCCT	+
564-CAGCTCCCTGC	WT1_HUMAN.H11MO.1.B	1	0.00483844	3.72076	0.487619	10	CAGCTCCCTGC	CCTCCTCCCAC	-
564-CAGCTCCCTGC	ASCL2_HUMAN.H11MO.0.D	1	0.00552824	4.25122	0.498255	8	CAGCTCCCTGC	CCAGCTGCT	+
564-CAGCTCCCTGC	PTF1A_HUMAN.H11MO.0.B	1	0.00580802	4.46637	0.498255	11	CAGCTCCCTGC	CCAGCTGCCCCCTTTCCC	+
564-CAGCTCCCTGC	ZSC31_HUMAN.H11MO.0.C	3	0.00677772	5.21206	0.498255	11	CAGCTCCCTGC	CATAACTGCCCTGCTGCC	-
564-CAGCTCCCTGC	ETV6_HUMAN.H11MO.0.D	-2	0.00689333	5.30097	0.498255	9	CAGCTCCCTGC	ACTTCCTGT	-
564-CAGCTCCCTGC	ITF2_HUMAN.H11MO.0.C	2	0.00691102	5.31458	0.498255	8	CAGCTCCCTGC	CCCAGCTGCC	-
564-CAGCTCCCTGC	BHA15_HUMAN.H11MO.0.B	1	0.00692158	5.32269	0.498255	10	CAGCTCCCTGC	CCAGCTGCTGC	-
567-AMTTTRATGA	DRGX_HUMAN.H11MO.0.D	1	2.25869e-05	0.0173693	0.0192889	10	AATTTAATGA	TAATTTAATTA	+
567-AMTTTRATGA	PHX2A_HUMAN.H11MO.0.D	1	4.08135e-05	0.0313856	0.0192889	10	AATTTAATGA	TAATTTAATTA	+
567-AMTTTRATGA	UNC4_HUMAN.H11MO.0.D	1	4.08135e-05	0.0313856	0.0192889	10	AATTTAATGA	TAATTTAATTA	+
567-AMTTTRATGA	PHX2B_HUMAN.H11MO.0.D	1	5.22467e-05	0.0401777	0.0192889	10	AATTTAATGA	TAATTTAATTA	+
567-AMTTTRATGA	ALX4_HUMAN.H11MO.0.D	1	0.000103164	0.0793334	0.0304697	10	AATTTAATGA	TAATTTAATTAA	-
567-AMTTTRATGA	ALX3_HUMAN.H11MO.0.D	1	0.000198141	0.152371	0.0393161	10	AATTTAATGA	TAATTTAATTA	-
567-AMTTTRATGA	ARX_HUMAN.H11MO.0.D	2	0.000212986	0.163787	0.0393161	10	AATTTAATGA	TTAATTTAATTAG	+
567-AMTTTRATGA	HXD9_HUMAN.H11MO.0.D	0	0.000272791	0.209776	0.044302	10	AATTTAATGA	AATTTTATTA	+
567-AMTTTRATGA	ALX1_HUMAN.H11MO.0.B	1	0.000299995	0.230696	0.044302	10	AATTTAATGA	TAATTCAATTAT	-
567-AMTTTRATGA	PROP1_HUMAN.H11MO.0.D	1	0.000590608	0.454178	0.0622989	10	AATTTAATGA	TAATTCAATTA	-
567-AMTTTRATGA	RAX2_HUMAN.H11MO.0.D	1	0.000872622	0.671046	0.0805407	10	AATTTAATGA	TAATTTAATTAG	-
567-AMTTTRATGA	DUX4_HUMAN.H11MO.0.A	1	0.00109817	0.844495	0.0853545	10	AATTTAATGA	TAACCTAATCA	-
567-AMTTTRATGA	DUXA_HUMAN.H11MO.0.D	1	0.00125617	0.965994	0.0927529	10	AATTTAATGA	TAATTTAATCA	-
567-AMTTTRATGA	ZN214_HUMAN.H11MO.0.C	12	0.00134093	1.03118	0.0942966	10	AATTTAATGA	TCCTTTTTGAGGCCTTTGATGA	+
567-AMTTTRATGA	LHX3_HUMAN.H11MO.0.C	1	0.0026193	2.01424	0.16117	10	AATTTAATGA	AAAATTAATTAAT	+
567-AMTTTRATGA	HXA11_HUMAN.H11MO.0.D	3	0.00297486	2.28767	0.175726	10	AATTTAATGA	TAAAATTTTATGA	+
567-AMTTTRATGA	HXB4_HUMAN.H11MO.0.B	-3	0.003169	2.43696	0.179994	7	AATTTAATGA	TTAATGGC	+
567-AMTTTRATGA	NKX61_HUMAN.H11MO.1.B	-4	0.00359488	2.76446	0.196621	6	AATTTAATGA	TAATGAA	+
567-AMTTTRATGA	ATF2_HUMAN.H11MO.1.B	-1	0.00386107	2.96916	0.203514	9	AATTTAATGA	AAATGATGATGTCATCATTT	+
567-AMTTTRATGA	HXC11_HUMAN.H11MO.0.D	-1	0.00399654	3.07334	0.203514	9	AATTTAATGA	TTTTTACGACC	+
567-AMTTTRATGA	NR1I3_HUMAN.H11MO.0.C	4	0.00414175	3.18501	0.203879	10	AATTTAATGA	CTGAACTTTCCTGACCCC	-
567-AMTTTRATGA	NF2L1_HUMAN.H11MO.0.C	-5	0.00450594	3.46507	0.214651	5	AATTTAATGA	AATGACT	-
567-AMTTTRATGA	MIXL1_HUMAN.H11MO.0.D	-1	0.00510614	3.92662	0.228501	9	AATTTAATGA	ATCTAATTAAC	-
567-AMTTTRATGA	NKX62_HUMAN.H11MO.0.D	-1	0.00542508	4.17189	0.228901	9	AATTTAATGA	AATTAATTACC	+
567-AMTTTRATGA	PO4F2_HUMAN.H11MO.0.D	-1	0.006232	4.79241	0.255643	9	AATTTAATGA	TATTAATGAGCTG	+
567-AMTTTRATGA	PDX1_HUMAN.H11MO.1.A	-2	0.00649912	4.99782	0.259395	8	AATTTAATGA	ATTAATTAT	+
567-AMTTTRATGA	HXB7_HUMAN.H11MO.0.C	-1	0.00920971	7.08227	0.349634	9	AATTTAATGA	CATTAATCAA	-
567-AMTTTRATGA	HXB8_HUMAN.H11MO.0.C	0	0.00924868	7.11223	0.349634	10	AATTTAATGA	GCATTAATCAA	-
567-AMTTTRATGA	HBP1_HUMAN.H11MO.0.D	-3	0.00947031	7.28267	0.349634	7	AATTTAATGA	TCAATGAAT	-
567-AMTTTRATGA	MEOX2_HUMAN.H11MO.0.D	-3	0.00980062	7.53668	0.353003	7	AATTTAATGA	TTAATTATGAT	+
567-AMTTTRATGA	HXC12_HUMAN.H11MO.0.D	-1	0.0101557	7.80973	0.357083	9	AATTTAATGA	TTTTTATGACCT	+
567-AMTTTRATGA	HNF1B_HUMAN.H11MO.1.A	-1	0.0116439	8.95416	0.399888	9	AATTTAATGA	AGTTAATGATT	+
567-AMTTTRATGA	JDP2_HUMAN.H11MO.0.D	-4	0.0120548	9.2701	0.404589	6	AATTTAATGA	TGATGACGTCAT	+
567-AMTTTRATGA	DMBX1_HUMAN.H11MO.0.D	7	0.0140106	10.7741	0.453072	10	AATTTAATGA	TAATTATAATCTAATTAATT	+
567-AMTTTRATGA	HXC8_HUMAN.H11MO.0.D	2	0.0141129	10.8528	0.453072	10	AATTTAATGA	GGGCATCAATCAAA	-
567-AMTTTRATGA	HNF1B_HUMAN.H11MO.0.A	-1	0.0146284	11.2493	0.453947	9	AATTTAATGA	GGTTAATGATTAACC	+
567-AMTTTRATGA	Z354A_HUMAN.H11MO.0.C	14	0.0147549	11.3465	0.453947	10	AATTTAATGA	ATTTAGTCCATTTACATTTAATGT	+
567-AMTTTRATGA	HXC10_HUMAN.H11MO.0.D	8	0.0161907	12.4506	0.471302	10	AATTTAATGA	TTTTTAATTTTTTTATTAC	+
567-AMTTTRATGA	GSX1_HUMAN.H11MO.0.D	5	0.0163683	12.5872	0.471302	10	AATTTAATGA	ATTAAAAACTAATTA	-
567-AMTTTRATGA	HXB3_HUMAN.H11MO.0.D	3	0.0166921	12.8363	0.471302	10	AATTTAATGA	TAAAAACTAATTAA	-
567-AMTTTRATGA	DLX5_HUMAN.H11MO.0.D	1	0.01725	13.2652	0.471302	10	AATTTAATGA	ACCTATAATTA	-
567-AMTTTRATGA	DDIT3_HUMAN.H11MO.0.D	-1	0.0173372	13.3323	0.471302	9	AATTTAATGA	ATTGCATCAT	-
567-AMTTTRATGA	PO6F2_HUMAN.H11MO.0.D	-2	0.0182272	14.0167	0.471302	8	AATTTAATGA	GTTAATTAGCT	+
567-AMTTTRATGA	PO4F3_HUMAN.H11MO.0.D	5	0.0182948	14.0687	0.471302	10	AATTTAATGA	ATGAATAATTAATGA	-
567-AMTTTRATGA	NKX61_HUMAN.H11MO.0.B	10	0.0191938	14.76	0.471302	9	AATTTAATGA	GATTAATGGGAATTTAATG	+
567-AMTTTRATGA	LHX4_HUMAN.H11MO.0.D	0	0.0192547	14.8069	0.471302	10	AATTTAATGA	AAGTTAATTAG	+
567-AMTTTRATGA	HXA5_HUMAN.H11MO.0.D	-3	0.0193901	14.911	0.471302	7	AATTTAATGA	TTGATTAATG	+
567-AMTTTRATGA	PO2F1_HUMAN.H11MO.0.C	0	0.0196795	15.1335	0.471302	10	AATTTAATGA	AATCGAATGCAAATAA	+
567-AMTTTRATGA	LHX2_HUMAN.H11MO.0.A	-1	0.0198769	15.2853	0.471302	9	AATTTAATGA	AACTAATTAAAA	-
567-AMTTTRATGA	HNF6_HUMAN.H11MO.0.B	-2	0.0203348	15.6375	0.471302	8	AATTTAATGA	TTTATTGATTT	+
567-AMTTTRATGA	PBX2_HUMAN.H11MO.0.C	2	0.0204254	15.7071	0.471302	10	AATTTAATGA	TAAATTGATTGATGG	+
567-AMTTTRATGA	PO4F1_HUMAN.H11MO.0.D	-1	0.0219605	16.8876	0.491527	9	AATTTAATGA	CATTAATTATTCAT	+
567-AMTTTRATGA	GSX2_HUMAN.H11MO.0.D	5	0.0219676	16.8931	0.491527	10	AATTTAATGA	ATTAAAAACTAATTAA	-
569-AACACACAA	FOXL1_HUMAN.H11MO.0.D	7	0.000191744	0.147451	0.294903	9	AACACACAA	AAAAGTAAACAAACAAACA	-
571-CCATCATA	ZN410_HUMAN.H11MO.0.D	5	6.26518e-05	0.0481792	0.0963389	8	CCATCATA	CCATCCCATAATA	-
573-AAAAAACAACAACCC	FOXJ3_HUMAN.H11MO.0.A	1	0.000150073	0.115406	0.138907	12	AAAAAACAACAACCC	AAAAAATAAACAA	-
573-AAAAAACAACAACCC	FUBP1_HUMAN.H11MO.0.D	0	0.000181619	0.139665	0.138907	12	AAAAAACAACAACCC	AAAAAAACACAA	-
573-AAAAAACAACAACCC	FOXJ3_HUMAN.H11MO.1.B	-2	0.000370643	0.285025	0.188985	13	AAAAAACAACAACCC	TAAACAAAAACAA	-
573-AAAAAACAACAACCC	FOXO4_HUMAN.H11MO.0.C	0	0.000503134	0.38691	0.189343	9	AAAAAACAACAACCC	AATAAACAA	-
573-AAAAAACAACAACCC	ZIM3_HUMAN.H11MO.0.C	2	0.00061891	0.475942	0.189343	15	AAAAAACAACAACCC	GCAAGCAACAGAAACCCAA	-
573-AAAAAACAACAACCC	RUNX2_HUMAN.H11MO.0.A	-1	0.000831243	0.639226	0.208909	14	AAAAAACAACAACCC	AAAAACCACAGACA	-
573-AAAAAACAACAACCC	FOXQ1_HUMAN.H11MO.0.C	1	0.000956013	0.735174	0.208909	11	AAAAAACAACAACCC	AAATAAACAATT	-
573-AAAAAACAACAACCC	FOXL1_HUMAN.H11MO.0.D	7	0.0012963	0.996851	0.237044	12	AAAAAACAACAACCC	AAAAGTAAACAAACAAACA	-
573-AAAAAACAACAACCC	ONEC3_HUMAN.H11MO.0.D	1	0.0013947	1.07252	0.237044	11	AAAAAACAACAACCC	AAAAAATCAATA	-
573-AAAAAACAACAACCC	RUNX1_HUMAN.H11MO.0.A	-2	0.00180591	1.38874	0.248726	11	AAAAAACAACAACCC	GAAACCACAGA	-
573-AAAAAACAACAACCC	RUNX3_HUMAN.H11MO.0.A	-3	0.00188223	1.44744	0.248726	10	AAAAAACAACAACCC	AAACCACAAA	-
573-AAAAAACAACAACCC	SRY_HUMAN.H11MO.0.B	-2	0.00195124	1.5005	0.248726	9	AAAAAACAACAACCC	AAAACAAAA	-
573-AAAAAACAACAACCC	BPTF_HUMAN.H11MO.0.D	-1	0.0022383	1.72126	0.263371	12	AAAAAACAACAACCC	GAAAACAACAAA	-
573-AAAAAACAACAACCC	FEZF1_HUMAN.H11MO.0.C	-1	0.00304472	2.34139	0.332668	12	AAAAAACAACAACCC	AAAAAGAGCAGC	-
573-AAAAAACAACAACCC	FOXF1_HUMAN.H11MO.0.D	2	0.00344864	2.65201	0.343687	9	AAAAAACAACAACCC	AAAATAAACAT	-
573-AAAAAACAACAACCC	SOX5_HUMAN.H11MO.0.C	-3	0.00359494	2.76451	0.343687	8	AAAAAACAACAACCC	TAACAATA	-
575-CATGGAAAA	NFAC1_HUMAN.H11MO.1.B	0	0.000101545	0.0780883	0.155839	9	CATGGAAAA	AATGGAAAAT	+
575-CATGGAAAA	NFAC3_HUMAN.H11MO.0.B	-2	0.000236859	0.182145	0.181751	7	CATGGAAAA	TGGAAAACT	+
575-CATGGAAAA	NFAC2_HUMAN.H11MO.0.B	-2	0.000359472	0.276434	0.183891	7	CATGGAAAA	TGGAAAATT	+
575-CATGGAAAA	RFX3_HUMAN.H11MO.0.B	4	0.00122681	0.943418	0.454251	9	CATGGAAAA	TTACCATGGCAACC	-
575-CATGGAAAA	RFX4_HUMAN.H11MO.0.D	6	0.00207456	1.59533	0.454251	9	CATGGAAAA	CGTTGCCATGGTAAC	+
575-CATGGAAAA	NFAC4_HUMAN.H11MO.0.C	-2	0.00222772	1.71312	0.454251	7	CATGGAAAA	AGGAAAATTT	+
575-CATGGAAAA	PO2F2_HUMAN.H11MO.0.A	1	0.00251977	1.9377	0.454251	9	CATGGAAAA	ATATGCAAATG	+
575-CATGGAAAA	NFAC1_HUMAN.H11MO.0.B	-1	0.00266393	2.04856	0.454251	8	CATGGAAAA	ATGGAAAAAAAGAAA	+
579-GCTGAGCTCA	ZN331_HUMAN.H11MO.0.C	7	5.55735e-06	0.00427361	0.00841784	10	GCTGAGCTCA	CCACCCAGCTGAGCCCAGCC	-
579-GCTGAGCTCA	RXRB_HUMAN.H11MO.0.C	0	0.000760309	0.584678	0.296805	10	GCTGAGCTCA	TGTGACCTCA	-
579-GCTGAGCTCA	THB_HUMAN.H11MO.1.D	0	0.00091014	0.699898	0.296805	10	GCTGAGCTCA	GGTCAGGTCA	+
579-GCTGAGCTCA	ATF2_HUMAN.H11MO.0.B	0	0.00108546	0.83472	0.296805	10	GCTGAGCTCA	GATGACGTCAT	+
579-GCTGAGCTCA	MAFG_HUMAN.H11MO.1.A	1	0.00129288	0.994221	0.296805	7	GCTGAGCTCA	TGCTGAGT	+
579-GCTGAGCTCA	THA_HUMAN.H11MO.1.D	-1	0.00163727	1.25906	0.296805	9	GCTGAGCTCA	CTGACCTGAA	-
579-GCTGAGCTCA	VDR_HUMAN.H11MO.1.A	-1	0.00168407	1.29505	0.296805	9	GCTGAGCTCA	CTGAACCCA	-
579-GCTGAGCTCA	MAF_HUMAN.H11MO.1.B	1	0.00215542	1.65752	0.296805	7	GCTGAGCTCA	TGCTGACT	+
579-GCTGAGCTCA	MAFF_HUMAN.H11MO.1.B	1	0.00303816	2.33634	0.301994	8	GCTGAGCTCA	TGCTGAGTC	+
579-GCTGAGCTCA	CREM_HUMAN.H11MO.0.C	1	0.00319069	2.45364	0.301994	10	GCTGAGCTCA	CACTGACGTCA	+
579-GCTGAGCTCA	ZN449_HUMAN.H11MO.0.C	2	0.00337032	2.59177	0.301994	9	GCTGAGCTCA	TGGTTGGGCTT	+
579-GCTGAGCTCA	RXRA_HUMAN.H11MO.1.A	-1	0.00340942	2.62184	0.301994	9	GCTGAGCTCA	CAGAGGTCAG	+
579-GCTGAGCTCA	RARG_HUMAN.H11MO.1.B	-1	0.00422101	3.24596	0.301994	8	GCTGAGCTCA	CTGACCTC	-
579-GCTGAGCTCA	NR1I2_HUMAN.H11MO.1.D	-1	0.00448088	3.4458	0.301994	8	GCTGAGCTCA	GTGAACTT	-
579-GCTGAGCTCA	MAFB_HUMAN.H11MO.0.B	1	0.00466207	3.58513	0.301994	10	GCTGAGCTCA	TGCTGACTCAG	+
579-GCTGAGCTCA	NRL_HUMAN.H11MO.0.D	1	0.00466207	3.58513	0.301994	10	GCTGAGCTCA	TGCTGACGCAG	+
579-GCTGAGCTCA	NR1I3_HUMAN.H11MO.1.D	-1	0.00475601	3.65737	0.301994	8	GCTGAGCTCA	ATGAACTT	-
579-GCTGAGCTCA	ESR2_HUMAN.H11MO.1.A	-1	0.00539469	4.14851	0.312868	7	GCTGAGCTCA	GTGACCT	-
579-GCTGAGCTCA	ZN667_HUMAN.H11MO.0.C	0	0.00562683	4.32703	0.312868	10	GCTGAGCTCA	GCTGAGCTTTTAAGGCCAC	-
579-GCTGAGCTCA	ZN554_HUMAN.H11MO.1.D	0	0.00565145	4.34597	0.312868	9	GCTGAGCTCA	GCAGAGCCA	+
579-GCTGAGCTCA	JDP2_HUMAN.H11MO.0.D	1	0.00578344	4.44747	0.312868	10	GCTGAGCTCA	TGATGACGTCAT	+
579-GCTGAGCTCA	RARB_HUMAN.H11MO.0.D	2	0.00674514	5.18701	0.35231	9	GCTGAGCTCA	GCCCTGACCTC	-
579-GCTGAGCTCA	ATF2_HUMAN.H11MO.2.C	0	0.00787815	6.0583	0.371855	10	GCTGAGCTCA	GATGACGTCAC	+
579-GCTGAGCTCA	RARA_HUMAN.H11MO.1.A	1	0.00801726	6.16527	0.371855	9	GCTGAGCTCA	CCCTGACCTT	-
579-GCTGAGCTCA	THB_HUMAN.H11MO.0.C	7	0.00831711	6.39586	0.371855	10	GCTGAGCTCA	GAGGTCAGGTCAGGTCA	+
579-GCTGAGCTCA	COT1_HUMAN.H11MO.1.C	0	0.00834681	6.41869	0.371855	10	GCTGAGCTCA	GCAGAGGTCAGGG	+
579-GCTGAGCTCA	ATF7_HUMAN.H11MO.0.D	0	0.0091849	7.06319	0.397502	10	GCTGAGCTCA	GATGACGTCAT	+
579-GCTGAGCTCA	NR2C1_HUMAN.H11MO.0.C	2	0.00973121	7.4833	0.409446	10	GCTGAGCTCA	GGCCAGAGGTCAG	+
579-GCTGAGCTCA	NR1H4_HUMAN.H11MO.1.B	0	0.0126017	9.69067	0.466879	8	GCTGAGCTCA	ACTGACCT	-
579-GCTGAGCTCA	PPARA_HUMAN.H11MO.1.B	-1	0.0126373	9.71812	0.466879	9	GCTGAGCTCA	CTGACCTTT	-
579-GCTGAGCTCA	NR1H3_HUMAN.H11MO.1.B	0	0.0140114	10.7748	0.480413	10	GCTGAGCTCA	TCTGACCTTT	-
579-GCTGAGCTCA	HEN1_HUMAN.H11MO.0.C	9	0.0142843	10.9846	0.480413	10	GCTGAGCTCA	AGGGACGCAGCTGCTCCCCA	-
579-GCTGAGCTCA	CREB5_HUMAN.H11MO.0.D	0	0.0144004	11.0739	0.480413	10	GCTGAGCTCA	GATGACGTCAT	+
579-GCTGAGCTCA	ZIC3_HUMAN.H11MO.0.B	8	0.0147755	11.3624	0.480413	7	GCTGAGCTCA	GGCCCCCTGCTGTGA	+
579-GCTGAGCTCA	RARA_HUMAN.H11MO.0.A	7	0.0150311	11.5589	0.480413	10	GCTGAGCTCA	GGGGGATCAAGAGGTCAAGG	+
579-GCTGAGCTCA	PPARG_HUMAN.H11MO.1.A	-1	0.015541	11.951	0.480413	9	GCTGAGCTCA	CAAAGGTCA	+
579-GCTGAGCTCA	ESR1_HUMAN.H11MO.1.A	0	0.0162561	12.501	0.482814	10	GCTGAGCTCA	GGTGACCTTG	-
581-GCTCAGCCACT	ZN554_HUMAN.H11MO.1.D	0	0.000496197	0.381575	0.331765	9	GCTCAGCCACT	GCAGAGCCA	+
581-GCTCAGCCACT	NFE2_HUMAN.H11MO.0.A	1	0.000584778	0.449694	0.331765	11	GCTCAGCCACT	TGCTGAGTCATGC	-
581-GCTCAGCCACT	BACH2_HUMAN.H11MO.0.A	1	0.000654451	0.503272	0.331765	10	GCTCAGCCACT	TGCTGAGTCAT	+
581-GCTCAGCCACT	NF2L2_HUMAN.H11MO.0.A	4	0.00117407	0.902859	0.384094	10	GCTCAGCCACT	AACTGCTGAGTCAT	+
581-GCTCAGCCACT	BACH1_HUMAN.H11MO.0.A	1	0.00128364	0.987118	0.384094	11	GCTCAGCCACT	TGCTGAGTCATGC	+
581-GCTCAGCCACT	ZN449_HUMAN.H11MO.0.C	2	0.00151535	1.1653	0.384094	9	GCTCAGCCACT	AAGCCCAACCA	-
581-GCTCAGCCACT	ZN770_HUMAN.H11MO.1.C	-1	0.00269021	2.06877	0.44332	10	GCTCAGCCACT	CTCAGCCTCCC	-
581-GCTCAGCCACT	MAFG_HUMAN.H11MO.1.A	0	0.00356653	2.74266	0.44332	8	GCTCAGCCACT	ACTCAGCA	-
581-GCTCAGCCACT	KLF12_HUMAN.H11MO.0.C	0	0.00375909	2.89074	0.44332	11	GCTCAGCCACT	GCCCCGCCCCT	-
581-GCTCAGCCACT	JUNB_HUMAN.H11MO.0.A	0	0.0039718	3.05431	0.44332	11	GCTCAGCCACT	TCTGAGTCACC	+
581-GCTCAGCCACT	JUND_HUMAN.H11MO.0.A	0	0.00419569	3.22649	0.44332	11	GCTCAGCCACT	GATGAGTCATC	+
581-GCTCAGCCACT	ZN770_HUMAN.H11MO.0.C	10	0.00439701	3.3813	0.44332	11	GCTCAGCCACT	GATCCTCCCGCCTCAGCCTCCC	-
581-GCTCAGCCACT	ZN331_HUMAN.H11MO.0.C	6	0.00443251	3.4086	0.44332	11	GCTCAGCCACT	GGCTGGGCTCAGCTGGGTGG	+
581-GCTCAGCCACT	SP1_HUMAN.H11MO.1.A	2	0.00486552	3.74159	0.44332	11	GCTCAGCCACT	CGGCCCCGCCCCCC	-
581-GCTCAGCCACT	MAF_HUMAN.H11MO.1.B	0	0.00516916	3.97508	0.44332	8	GCTCAGCCACT	AGTCAGCA	-
581-GCTCAGCCACT	MAFK_HUMAN.H11MO.1.A	1	0.00524703	4.03497	0.44332	11	GCTCAGCCACT	TGCTGAGTCAGCA	+
581-GCTCAGCCACT	JUN_HUMAN.H11MO.0.A	0	0.00612437	4.70964	0.470947	11	GCTCAGCCACT	GATGAGTCATC	+
581-GCTCAGCCACT	FOS_HUMAN.H11MO.0.A	-1	0.00625086	4.80691	0.470947	9	GCTCAGCCACT	GTGAGTCAC	+
581-GCTCAGCCACT	ZN554_HUMAN.H11MO.0.C	0	0.00689683	5.30366	0.470947	11	GCTCAGCCACT	GCTGAGCCATGTGGGGTGCT	+
581-GCTCAGCCACT	SP4_HUMAN.H11MO.0.A	4	0.00689683	5.30366	0.470947	11	GCTCAGCCACT	CCCGGCCCCGCCCCCTTCCC	-
581-GCTCAGCCACT	GLI2_HUMAN.H11MO.0.D	1	0.00718039	5.52172	0.470947	10	GCTCAGCCACT	AGACCACCCAC	-
581-GCTCAGCCACT	FOSL1_HUMAN.H11MO.0.A	1	0.00743204	5.71524	0.470947	11	GCTCAGCCACT	GGATGAGTCACC	+
586-GAAAAAATC	ONEC3_HUMAN.H11MO.0.D	-1	1.26279e-05	0.00971086	0.0194178	8	GAAAAAATC	AAAAAATCAATA	-
586-GAAAAAATC	ZN586_HUMAN.H11MO.0.C	11	8.92824e-05	0.0686581	0.0686442	9	GAAAAAATC	AGGCCTAGGAGGAAAAAATG	+
586-GAAAAAATC	ZN384_HUMAN.H11MO.0.C	1	0.000286045	0.219968	0.146616	9	GAAAAAATC	GGAAAAAATCGG	+
586-GAAAAAATC	HXC6_HUMAN.H11MO.0.D	4	0.00120068	0.92332	0.450983	9	GAAAAAATC	AAAGTAATAAATCAT	-
586-GAAAAAATC	PRDM6_HUMAN.H11MO.0.C	5	0.00146643	1.12768	0.450983	8	GAAAAAATC	AAAAAGAAAAAAA	+
596-AAGGTGAAAC	IRF2_HUMAN.H11MO.0.A	7	0.000276578	0.212689	0.284888	10	AAGGTGAAAC	GAAAGTGAAAGTGAAAGTAA	+
596-AAGGTGAAAC	IRF1_HUMAN.H11MO.0.A	7	0.000470242	0.361616	0.284888	10	AAGGTGAAAC	GAAAATGAAAGTGAAAGTAA	+
596-AAGGTGAAAC	IRF9_HUMAN.H11MO.0.C	1	0.000559835	0.430513	0.284888	10	AAGGTGAAAC	GAAAGCGAAACT	+
596-AAGGTGAAAC	ERR1_HUMAN.H11MO.0.A	3	0.00100586	0.773508	0.319117	10	AAGGTGAAAC	CTCAAGGTCACACAG	+
596-AAGGTGAAAC	NR1H2_HUMAN.H11MO.0.D	2	0.00104516	0.803731	0.319117	10	AAGGTGAAAC	TAAAGGTCAAAGGTCAACG	+
596-AAGGTGAAAC	PRDM1_HUMAN.H11MO.0.A	1	0.00164905	1.26812	0.343034	10	AAGGTGAAAC	GAAAGTGAAAGTGA	+
596-AAGGTGAAAC	ERR2_HUMAN.H11MO.0.A	2	0.00178742	1.37452	0.343034	7	AAGGTGAAAC	TCAAGGTCA	+
596-AAGGTGAAAC	NR4A2_HUMAN.H11MO.0.C	1	0.00189822	1.45973	0.343034	8	AAGGTGAAAC	AAAGGTCAC	+
596-AAGGTGAAAC	TBX5_HUMAN.H11MO.0.D	-1	0.00228239	1.75516	0.343034	8	AAGGTGAAAC	AGGTGTGA	+
596-AAGGTGAAAC	RXRG_HUMAN.H11MO.0.B	5	0.0030383	2.33645	0.343034	8	AAGGTGAAAC	GGTCAAAGGTCAC	+
596-AAGGTGAAAC	STAT1_HUMAN.H11MO.1.A	3	0.00305086	2.34611	0.343034	10	AAGGTGAAAC	AAGAAAATGAAACTGAAAG	+
596-AAGGTGAAAC	STAT2_HUMAN.H11MO.0.A	3	0.00305086	2.34611	0.343034	10	AAGGTGAAAC	AGGAAAATGAAACTGAAAG	+
596-AAGGTGAAAC	ERR3_HUMAN.H11MO.0.B	2	0.00341531	2.62637	0.343034	7	AAGGTGAAAC	TCAAGGTCA	+
596-AAGGTGAAAC	EOMES_HUMAN.H11MO.0.D	2	0.00358612	2.75773	0.343034	10	AAGGTGAAAC	AGGAGGTGTTAA	+
596-AAGGTGAAAC	IRF7_HUMAN.H11MO.0.C	1	0.00361566	2.78044	0.343034	9	AAGGTGAAAC	GAAAGTGAAA	+
596-AAGGTGAAAC	TBX3_HUMAN.H11MO.0.C	1	0.0037749	2.9029	0.343034	10	AAGGTGAAAC	GGAGGTGGGAA	+
596-AAGGTGAAAC	NR4A3_HUMAN.H11MO.0.D	2	0.00381989	2.9375	0.343034	8	AAGGTGAAAC	CAAAGGTCAG	+
596-AAGGTGAAAC	TBX4_HUMAN.H11MO.0.D	0	0.0044221	3.4006	0.375052	10	AAGGTGAAAC	AAGGTGTGAAATTTCACACC	+
596-AAGGTGAAAC	IRF8_HUMAN.H11MO.0.B	7	0.00467665	3.59635	0.375765	10	AAGGTGAAAC	AAAAGAGGAAGTGAAAGTAA	+
596-AAGGTGAAAC	BATF3_HUMAN.H11MO.0.B	5	0.00641227	4.93103	0.470695	10	AAGGTGAAAC	GAGTCATAATGAAACTG	-
596-AAGGTGAAAC	TBR1_HUMAN.H11MO.0.D	1	0.00647477	4.97909	0.470695	10	AAGGTGAAAC	AAAGGTGTGAAAA	+
596-AAGGTGAAAC	PPARA_HUMAN.H11MO.1.B	1	0.00706265	5.43118	0.490094	8	AAGGTGAAAC	AAAGGTCAG	+
596-AAGGTGAAAC	ID4_HUMAN.H11MO.0.D	2	0.00752816	5.78916	0.499684	9	AAGGTGAAAC	GACAGGTGTAA	+
597-ATTTCTATTTAA	MSX1_HUMAN.H11MO.0.D	2	0.000675871	0.519745	0.35584	12	ATTTCTATTTAA	TAATTGGTTTTTAATTGG	+
597-ATTTCTATTTAA	Z354A_HUMAN.H11MO.0.C	9	0.000695939	0.535177	0.35584	12	ATTTCTATTTAA	ATTTAGTCCATTTACATTTAATGT	+
597-ATTTCTATTTAA	HMX1_HUMAN.H11MO.0.D	4	0.000704548	0.541798	0.35584	12	ATTTCTATTTAA	GTTAATTGTTTTTTAAT	+
597-ATTTCTATTTAA	MEF2B_HUMAN.H11MO.0.A	0	0.00150303	1.15583	0.485372	12	ATTTCTATTTAA	GTTGCTATTTTTGG	+
597-ATTTCTATTTAA	GSX2_HUMAN.H11MO.0.D	3	0.00160169	1.2317	0.485372	12	ATTTCTATTTAA	TTAATTAGTTTTTAAT	+
598-ACCCCCAACCCCCTC	ZN281_HUMAN.H11MO.0.A	-2	3.37691e-05	0.0259684	0.0414246	13	ACCCCCAACCCCCTC	TCCCCTCCCCCACCC	-
598-ACCCCCAACCCCCTC	ZN148_HUMAN.H11MO.0.D	-3	0.00014626	0.112474	0.0414246	12	ACCCCCAACCCCCTC	CCCCTCCCCCACCCC	-
598-ACCCCCAACCCCCTC	TBX15_HUMAN.H11MO.0.D	5	0.000148893	0.114499	0.0414246	14	ACCCCCAACCCCCTC	CCCCCACCCCCCCCCCCCC	-
598-ACCCCCAACCCCCTC	KLF16_HUMAN.H11MO.0.D	0	0.000168352	0.129463	0.0414246	15	ACCCCCAACCCCCTC	CCCCCCCCCCCCCGCCCCC	-
598-ACCCCCAACCCCCTC	RREB1_HUMAN.H11MO.0.D	0	0.000170395	0.131034	0.0414246	15	ACCCCCAACCCCCTC	ACCCCAAACCACCCCCCCCCCC	-
598-ACCCCCAACCCCCTC	ZN219_HUMAN.H11MO.0.D	-3	0.000199435	0.153366	0.0414246	12	ACCCCCAACCCCCTC	TCCGCCCCCCTC	-
598-ACCCCCAACCCCCTC	GLIS1_HUMAN.H11MO.0.D	2	0.000225025	0.173044	0.0414246	11	ACCCCCAACCCCCTC	AGACCCCCCACGA	-
598-ACCCCCAACCCCCTC	MAZ_HUMAN.H11MO.0.A	3	0.000231575	0.178081	0.0414246	15	ACCCCCAACCCCCTC	CCCCCCCCCCCCCCCCTCCCCC	-
598-ACCCCCAACCCCCTC	ZN320_HUMAN.H11MO.0.C	5	0.000247547	0.190364	0.0414246	15	ACCCCCAACCCCCTC	CACTGGCCCCCTGGTCCCAC	-
598-ACCCCCAACCCCCTC	GLIS3_HUMAN.H11MO.0.D	1	0.000288161	0.221596	0.0433988	9	ACCCCCAACCCCCTC	TACCCCCCAC	-
598-ACCCCCAACCCCCTC	ZBT17_HUMAN.H11MO.0.A	0	0.000346139	0.266181	0.0473915	15	ACCCCCAACCCCCTC	CTTCCCCTCCCCCACCCTC	-
598-ACCCCCAACCCCCTC	KLF15_HUMAN.H11MO.0.A	1	0.000389288	0.299362	0.0480901	15	ACCCCCAACCCCCTC	CCCCCCCCTGCTCCTCCCC	-
598-ACCCCCAACCCCCTC	EGR4_HUMAN.H11MO.0.D	-2	0.000444458	0.341788	0.0480901	11	ACCCCCAACCCCCTC	GCCCTGCCGCC	-
598-ACCCCCAACCCCCTC	PATZ1_HUMAN.H11MO.0.C	4	0.000447035	0.34377	0.0480901	15	ACCCCCAACCCCCTC	CCTCCCCCCCCGCCCCCTCCCC	-
598-ACCCCCAACCCCCTC	TBX1_HUMAN.H11MO.0.D	5	0.000532868	0.409775	0.051229	15	ACCCCCAACCCCCTC	CCGCCCACCCCTGCCCACCC	-
598-ACCCCCAACCCCCTC	MAZ_HUMAN.H11MO.1.A	-1	0.000576343	0.443208	0.051229	11	ACCCCCAACCCCCTC	CCCCCTCCCTC	-
598-ACCCCCAACCCCCTC	SP4_HUMAN.H11MO.1.A	1	0.000578259	0.444681	0.051229	15	ACCCCCAACCCCCTC	CGGCCCCGCCCCCTCC	-
598-ACCCCCAACCCCCTC	EGR2_HUMAN.H11MO.0.A	1	0.000661768	0.5089	0.0553701	15	ACCCCCAACCCCCTC	CCCCTCCCACACCCCCCC	-
598-ACCCCCAACCCCCTC	SALL4_HUMAN.H11MO.0.B	-3	0.000994812	0.76501	0.0788551	10	ACCCCCAACCCCCTC	CCCACCCTCC	-
598-ACCCCCAACCCCCTC	SP3_HUMAN.H11MO.0.B	4	0.00111169	0.85489	0.0790134	15	ACCCCCAACCCCCTC	CCCCGGCCCCGCCCCCCCCC	-
598-ACCCCCAACCCCCTC	EGR1_HUMAN.H11MO.0.A	2	0.00113447	0.872408	0.0790134	15	ACCCCCAACCCCCTC	CCCCCGCCCACGCCCTC	-
598-ACCCCCAACCCCCTC	ZN449_HUMAN.H11MO.0.C	0	0.0011542	0.887579	0.0790134	11	ACCCCCAACCCCCTC	AAGCCCAACCA	-
598-ACCCCCAACCCCCTC	EGR2_HUMAN.H11MO.1.A	2	0.00140638	1.08151	0.0900133	14	ACCCCCAACCCCCTC	CCCCCGCCCACGCCCC	-
598-ACCCCCAACCCCCTC	SP2_HUMAN.H11MO.1.B	-1	0.00143442	1.10307	0.0900133	12	ACCCCCAACCCCCTC	GCCCCGCCCCCT	-
598-ACCCCCAACCCCCTC	WT1_HUMAN.H11MO.0.C	3	0.00154501	1.18811	0.093075	15	ACCCCCAACCCCCTC	CCCCCCCTCCTCCCCCGCCC	-
598-ACCCCCAACCCCCTC	SP1_HUMAN.H11MO.1.A	0	0.00166964	1.28395	0.0967147	14	ACCCCCAACCCCCTC	CGGCCCCGCCCCCC	-
598-ACCCCCAACCCCCTC	GLIS2_HUMAN.H11MO.0.D	1	0.00219069	1.68464	0.122197	13	ACCCCCAACCCCCTC	GACCCCCCGCGAAG	-
598-ACCCCCAACCCCCTC	ZN467_HUMAN.H11MO.0.C	4	0.00252726	1.94346	0.135936	15	ACCCCCAACCCCCTC	CCCCCCCCCCCCTCCCCTCCCC	-
598-ACCCCCAACCCCCTC	SP1_HUMAN.H11MO.0.A	2	0.00296128	2.27723	0.145152	15	ACCCCCAACCCCCTC	CCCCCCCCCGGCCCCGCCCCCC	-
598-ACCCCCAACCCCCTC	SP2_HUMAN.H11MO.0.A	5	0.00296128	2.27723	0.145152	15	ACCCCCAACCCCCTC	CCCCCGGCCCCGCCCCCCCCCC	-
598-ACCCCCAACCCCCTC	KLF3_HUMAN.H11MO.0.B	3	0.00300302	2.30932	0.145152	15	ACCCCCAACCCCCTC	CCCGGCCCCGCCCCTCCCC	-
598-ACCCCCAACCCCCTC	MYBA_HUMAN.H11MO.0.D	-1	0.00310434	2.38724	0.145152	14	ACCCCCAACCCCCTC	TCTCCAACTGCCACT	-
598-ACCCCCAACCCCCTC	ZN740_HUMAN.H11MO.0.D	-1	0.00318049	2.4458	0.145152	14	ACCCCCAACCCCCTC	CCCACCCCCCCCCC	-
598-ACCCCCAACCCCCTC	VEZF1_HUMAN.H11MO.0.C	4	0.00328842	2.5288	0.145664	15	ACCCCCAACCCCCTC	CCCCTCCCCCTCCCCCCTCCCC	-
598-ACCCCCAACCCCCTC	ZN524_HUMAN.H11MO.0.D	6	0.00371098	2.85374	0.159685	12	ACCCCCAACCCCCTC	ACTCGAACCCTCGAACCC	-
598-ACCCCCAACCCCCTC	KLF5_HUMAN.H11MO.0.A	0	0.00392053	3.01489	0.164015	14	ACCCCCAACCCCCTC	CCCAGCCCCACCCT	-
598-ACCCCCAACCCCCTC	SP4_HUMAN.H11MO.0.A	3	0.00420308	3.23217	0.171083	15	ACCCCCAACCCCCTC	CCCGGCCCCGCCCCCTTCCC	-
598-ACCCCCAACCCCCTC	KLF6_HUMAN.H11MO.0.A	-2	0.00452686	3.48116	0.179414	13	ACCCCCAACCCCCTC	CCCCCGGCCCCGCCCTTCC	-
598-ACCCCCAACCCCCTC	KLF9_HUMAN.H11MO.0.C	-1	0.00543917	4.18272	0.210044	14	ACCCCCAACCCCCTC	GGCCACGCCCCCTCC	-
598-ACCCCCAACCCCCTC	MZF1_HUMAN.H11MO.0.B	-3	0.00709906	5.45918	0.26729	12	ACCCCCAACCCCCTC	CCCAATCCCCTCC	-
598-ACCCCCAACCCCCTC	GLI2_HUMAN.H11MO.0.D	2	0.00785245	6.03854	0.2838	9	ACCCCCAACCCCCTC	AGACCACCCAC	-
598-ACCCCCAACCCCCTC	PURA_HUMAN.H11MO.0.D	1	0.00806948	6.20543	0.2838	15	ACCCCCAACCCCCTC	CCCTGCCCCCCCCTTCC	-
598-ACCCCCAACCCCCTC	KLF12_HUMAN.H11MO.0.C	-1	0.00829129	6.37601	0.2838	11	ACCCCCAACCCCCTC	GCCCCGCCCCT	-
598-ACCCCCAACCCCCTC	WT1_HUMAN.H11MO.1.B	-4	0.00829129	6.37601	0.2838	11	ACCCCCAACCCCCTC	CCTCCTCCCAC	-
598-ACCCCCAACCCCCTC	ZN263_HUMAN.H11MO.0.A	3	0.00886632	6.8182	0.296738	15	ACCCCCAACCCCCTC	CTCCTCCTCTCCCTCCTCCC	-
598-ACCCCCAACCCCCTC	NR2C2_HUMAN.H11MO.0.B	2	0.00927239	7.13047	0.303582	10	ACCCCCAACCCCCTC	TGACCCGGAACC	-
598-ACCCCCAACCCCCTC	IKZF1_HUMAN.H11MO.0.C	0	0.00962596	7.40237	0.308453	8	ACCCCCAACCCCCTC	TCTCCCAA	-
598-ACCCCCAACCCCCTC	KLF4_HUMAN.H11MO.0.A	-4	0.0107705	8.28255	0.337939	10	ACCCCCAACCCCCTC	GCCACACCCT	-
598-ACCCCCAACCCCCTC	PROX1_HUMAN.H11MO.0.D	-1	0.0112833	8.67688	0.346803	14	ACCCCCAACCCCCTC	CCCAACCCGCCTTACCC	-
598-ACCCCCAACCCCCTC	KLF1_HUMAN.H11MO.0.A	0	0.0123735	9.51525	0.367419	14	ACCCCCAACCCCCTC	CCCGGCCCCGCCCC	-
598-ACCCCCAACCCCCTC	ZBTB4_HUMAN.H11MO.1.D	-1	0.012442	9.56787	0.367419	14	ACCCCCAACCCCCTC	CCACCACCGCTATTG	-
598-ACCCCCAACCCCCTC	GSC2_HUMAN.H11MO.0.D	-3	0.0133961	10.3016	0.387987	11	ACCCCCAACCCCCTC	CCTAATCCGCT	-
598-ACCCCCAACCCCCTC	VEZF1_HUMAN.H11MO.1.C	-2	0.0146372	11.256	0.401871	12	ACCCCCAACCCCCTC	CCCCCTCCCTCT	-
598-ACCCCCAACCCCCTC	GCM2_HUMAN.H11MO.0.D	2	0.014868	11.4335	0.401871	9	ACCCCCAACCCCCTC	ATACCCGCATC	-
598-ACCCCCAACCCCCTC	ZSC22_HUMAN.H11MO.0.C	-1	0.0149183	11.4721	0.401871	14	ACCCCCAACCCCCTC	CCTCCTCCCTCAGACC	-
598-ACCCCCAACCCCCTC	PPARG_HUMAN.H11MO.0.A	2	0.0149428	11.491	0.401871	15	ACCCCCAACCCCCTC	TGACCTTTGCCCCACTT	-
598-ACCCCCAACCCCCTC	ZN770_HUMAN.H11MO.1.C	-3	0.0156585	12.0413	0.406981	11	ACCCCCAACCCCCTC	CTCAGCCTCCC	-
598-ACCCCCAACCCCCTC	RXRA_HUMAN.H11MO.0.A	5	0.0156733	12.0527	0.406981	15	ACCCCCAACCCCCTC	CTCTGACCTCTGCCTCCCCC	-
598-ACCCCCAACCCCCTC	KLF8_HUMAN.H11MO.0.C	1	0.016291	12.5278	0.407066	8	ACCCCCAACCCCCTC	CACCCCCTG	-
598-ACCCCCAACCCCCTC	COT1_HUMAN.H11MO.0.C	5	0.0163878	12.6022	0.407066	12	ACCCCCAACCCCCTC	CCCTGACCTCTGACCCC	-
598-ACCCCCAACCCCCTC	GLI3_HUMAN.H11MO.0.B	2	0.0164874	12.6788	0.407066	9	ACCCCCAACCCCCTC	GGACCACCCAA	-
598-ACCCCCAACCCCCTC	ZIC1_HUMAN.H11MO.0.B	-3	0.0172546	13.2688	0.414919	9	ACCCCCAACCCCCTC	GACCACCCC	-
598-ACCCCCAACCCCCTC	EGR3_HUMAN.H11MO.0.D	0	0.0173565	13.3471	0.414919	11	ACCCCCAACCCCCTC	ACACCCACTCT	-
598-ACCCCCAACCCCCTC	KLF14_HUMAN.H11MO.0.D	-1	0.0189765	14.5929	0.439688	13	ACCCCCAACCCCCTC	GCCACGCCCCCCT	-
598-ACCCCCAACCCCCTC	ZBTB6_HUMAN.H11MO.0.C	1	0.0189765	14.5929	0.439688	12	ACCCCCAACCCCCTC	CGGCTCCAGCACC	-
598-ACCCCCAACCCCCTC	PATZ1_HUMAN.H11MO.1.C	-3	0.0204655	15.738	0.467004	9	ACCCCCAACCCCCTC	CCCCTCCCT	-
598-ACCCCCAACCCCCTC	SRBP2_HUMAN.H11MO.0.B	-2	0.0208547	16.0372	0.468782	13	ACCCCCAACCCCCTC	CCTCACCCCACCC	-
598-ACCCCCAACCCCCTC	ZIC4_HUMAN.H11MO.0.D	1	0.0216807	16.6724	0.480183	14	ACCCCCAACCCCCTC	GACCCCCCGCTGTGC	-
598-ACCCCCAACCCCCTC	ZN770_HUMAN.H11MO.0.C	8	0.0220978	16.9932	0.481234	14	ACCCCCAACCCCCTC	GATCCTCCCGCCTCAGCCTCCC	-
598-ACCCCCAACCCCCTC	ZN784_HUMAN.H11MO.0.D	-1	0.0223672	17.2004	0.481234	11	ACCCCCAACCCCCTC	GTACCTACCTC	-
599-KAATCAATAATG	HNF6_HUMAN.H11MO.0.B	0	4.92499e-06	0.00378732	0.00731712	11	GAATCAATAATG	AAATCAATAAA	-
599-KAATCAATAATG	PO4F1_HUMAN.H11MO.0.D	2	0.000112901	0.0868207	0.045584	12	GAATCAATAATG	ATGAATAATTAATG	-
599-KAATCAATAATG	ZFHX3_HUMAN.H11MO.0.D	0	0.000127591	0.0981172	0.045584	11	GAATCAATAATG	TAATTATTAAT	-
599-KAATCAATAATG	PAX7_HUMAN.H11MO.0.D	1	0.000197709	0.152038	0.045584	10	GAATCAATAATG	ATAATCAATTA	-
599-KAATCAATAATG	HXC6_HUMAN.H11MO.0.D	4	0.000211955	0.162994	0.045584	11	GAATCAATAATG	AAAGTAATAAATCAT	-
599-KAATCAATAATG	PO4F3_HUMAN.H11MO.0.D	2	0.000244487	0.18801	0.045584	12	GAATCAATAATG	ATGAATAATTAATGA	-
599-KAATCAATAATG	CUX2_HUMAN.H11MO.0.D	0	0.000245066	0.188456	0.045584	11	GAATCAATAATG	AAATCAATGAA	+
599-KAATCAATAATG	PAX3_HUMAN.H11MO.0.D	1	0.000245452	0.188753	0.045584	12	GAATCAATAATG	TTAATCGATTATC	-
599-KAATCAATAATG	ONEC2_HUMAN.H11MO.0.D	5	0.000325584	0.250374	0.0537472	12	GAATCAATAATG	AAAAAAAATCAATAACAAGAC	-
599-KAATCAATAATG	HXB6_HUMAN.H11MO.0.D	1	0.000372548	0.286489	0.05535	12	GAATCAATAATG	TGCATCAATCATT	-
599-KAATCAATAATG	FOXQ1_HUMAN.H11MO.0.C	0	0.000482116	0.370747	0.0651169	12	GAATCAATAATG	AAATAAACAATT	-
599-KAATCAATAATG	HXB7_HUMAN.H11MO.0.C	3	0.00090955	0.699444	0.112611	7	GAATCAATAATG	CATTAATCAA	-
599-KAATCAATAATG	HXB8_HUMAN.H11MO.0.C	0	0.00102206	0.785961	0.116806	11	GAATCAATAATG	GCATTAATCAA	-
599-KAATCAATAATG	ONEC3_HUMAN.H11MO.0.D	3	0.00146068	1.12326	0.152912	9	GAATCAATAATG	AAAAAATCAATA	-
599-KAATCAATAATG	LHX6_HUMAN.H11MO.0.D	1	0.00154382	1.1872	0.152912	9	GAATCAATAATG	GTAATCAGAG	-
599-KAATCAATAATG	LMX1A_HUMAN.H11MO.0.D	0	0.00168648	1.2969	0.156602	12	GAATCAATAATG	TAATTAATTATTTAATTAA	+
599-KAATCAATAATG	PAX4_HUMAN.H11MO.0.D	2	0.00254647	1.95824	0.199123	10	GAATCAATAATG	GCGAATTAGTTA	-
599-KAATCAATAATG	PDX1_HUMAN.H11MO.0.A	-1	0.00305357	2.34819	0.217312	9	GAATCAATAATG	CATCAATCA	-
599-KAATCAATAATG	FOXJ3_HUMAN.H11MO.1.B	0	0.00327773	2.52057	0.217312	12	GAATCAATAATG	TAAACAAAAACAA	-
599-KAATCAATAATG	PBX1_HUMAN.H11MO.1.C	1	0.00332478	2.55676	0.217312	12	GAATCAATAATG	CCCATCAATCAAATT	-
599-KAATCAATAATG	HXA10_HUMAN.H11MO.0.C	0	0.00343726	2.64325	0.217312	12	GAATCAATAATG	TCATAAATTATC	-
599-KAATCAATAATG	BARX2_HUMAN.H11MO.0.D	0	0.00351042	2.69952	0.217312	10	GAATCAATAATG	CAATTAATGA	-
599-KAATCAATAATG	MEIS1_HUMAN.H11MO.0.A	1	0.00410298	3.15519	0.23748	11	GAATCAATAATG	GCCATAAATCAT	-
599-KAATCAATAATG	HXA9_HUMAN.H11MO.0.B	0	0.00425178	3.26962	0.23748	11	GAATCAATAATG	CCATAAATCAT	-
599-KAATCAATAATG	SOX5_HUMAN.H11MO.0.C	-1	0.00431574	3.3188	0.23748	8	GAATCAATAATG	TAACAATA	-
599-KAATCAATAATG	HXC8_HUMAN.H11MO.0.D	2	0.00477641	3.67306	0.253442	12	GAATCAATAATG	GGGCATCAATCAAA	-
599-KAATCAATAATG	HNF1B_HUMAN.H11MO.0.A	3	0.0050225	3.8623	0.25731	12	GAATCAATAATG	GGTTAATCATTAACC	-
599-KAATCAATAATG	LHX3_HUMAN.H11MO.0.C	2	0.00523501	4.02573	0.259258	11	GAATCAATAATG	ATTAATTAATTTT	-
599-KAATCAATAATG	PBX2_HUMAN.H11MO.0.C	0	0.00597136	4.59198	0.286185	12	GAATCAATAATG	CCATCAATCAATTTA	-
599-KAATCAATAATG	HNF1A_HUMAN.H11MO.0.C	3	0.00632281	4.86224	0.287735	12	GAATCAATAATG	AGTTAATCATTAACC	-
599-KAATCAATAATG	DUX4_HUMAN.H11MO.0.A	5	0.00639104	4.91471	0.287735	6	GAATCAATAATG	TAACCTAATCA	-
599-KAATCAATAATG	HNF1B_HUMAN.H11MO.1.A	-1	0.00848862	6.52775	0.359195	11	GAATCAATAATG	AATCATTAACT	-
599-KAATCAATAATG	DUXA_HUMAN.H11MO.0.D	5	0.00949307	7.30017	0.376434	6	GAATCAATAATG	TAATTTAATCA	-
599-KAATCAATAATG	SMCA1_HUMAN.H11MO.0.C	0	0.00962802	7.40395	0.376434	12	GAATCAATAATG	CCAAGAAGAATG	+
599-KAATCAATAATG	FOXH1_HUMAN.H11MO.0.A	0	0.00989138	7.60647	0.376815	9	GAATCAATAATG	CAATCCACA	-
599-KAATCAATAATG	SRY_HUMAN.H11MO.0.B	0	0.0104907	8.06733	0.389654	9	GAATCAATAATG	AAAACAAAA	-
599-KAATCAATAATG	PO6F1_HUMAN.H11MO.0.D	1	0.0108429	8.33823	0.392915	12	GAATCAATAATG	TGCATAAATTATG	-
599-KAATCAATAATG	HBP1_HUMAN.H11MO.0.D	-3	0.01179	9.06653	0.408075	9	GAATCAATAATG	TCAATGAAT	-
599-KAATCAATAATG	HXD4_HUMAN.H11MO.0.D	1	0.0119495	9.18914	0.408075	7	GAATCAATAATG	TCAATTAA	-
599-KAATCAATAATG	PRRX2_HUMAN.H11MO.0.C	0	0.0129761	9.97862	0.426347	7	GAATCAATAATG	CAATTAA	-
599-KAATCAATAATG	FOXO4_HUMAN.H11MO.0.C	2	0.0140164	10.7786	0.439389	7	GAATCAATAATG	AATAAACAA	-
599-KAATCAATAATG	PO4F2_HUMAN.H11MO.0.D	1	0.0141956	10.9164	0.439389	12	GAATCAATAATG	CAGCTCATTAATA	-
599-KAATCAATAATG	LHX4_HUMAN.H11MO.0.D	1	0.0147051	11.3082	0.445869	10	GAATCAATAATG	CTAATTAACTT	-
599-KAATCAATAATG	ZN136_HUMAN.H11MO.0.C	0	0.0157762	12.1319	0.451534	12	GAATCAATAATG	CAACCAAGAATACTATATCCAGCA	-
599-KAATCAATAATG	HXA1_HUMAN.H11MO.0.C	-1	0.0158528	12.1908	0.451534	10	GAATCAATAATG	CATCCATCAA	-
599-KAATCAATAATG	HMX1_HUMAN.H11MO.0.D	5	0.0159297	12.2499	0.451534	12	GAATCAATAATG	ATTAAAAAACAATTAAC	-
599-KAATCAATAATG	EMX2_HUMAN.H11MO.0.D	0	0.0173983	13.3793	0.478682	12	GAATCAATAATG	TAATTAGCTAAT	+
599-KAATCAATAATG	ZN418_HUMAN.H11MO.1.D	3	0.0183336	14.0986	0.495246	9	GAATCAATAATG	CTAGAAGCAACA	-
600-CTGCCCTCTGCC	COT1_HUMAN.H11MO.0.C	2	0.000122933	0.0945358	0.121409	12	CTGCCCTCTGCC	CCCTGACCTCTGACCCC	-
600-CTGCCCTCTGCC	COT1_HUMAN.H11MO.1.C	2	0.000272488	0.209543	0.121409	11	CTGCCCTCTGCC	CCCTGACCTCTGC	-
600-CTGCCCTCTGCC	ZSC22_HUMAN.H11MO.0.C	3	0.000322269	0.247825	0.121409	12	CTGCCCTCTGCC	CCTCCTCCCTCAGACC	-
600-CTGCCCTCTGCC	INSM1_HUMAN.H11MO.0.C	-1	0.000351244	0.270107	0.121409	11	CTGCCCTCTGCC	TGCCCCCTGACA	-
600-CTGCCCTCTGCC	PPARA_HUMAN.H11MO.1.B	0	0.000536862	0.412847	0.121409	9	CTGCCCTCTGCC	CTGACCTTT	-
600-CTGCCCTCTGCC	PPARG_HUMAN.H11MO.1.A	-1	0.000575333	0.442431	0.121409	9	CTGCCCTCTGCC	TGACCTTTG	-
600-CTGCCCTCTGCC	NDF2_HUMAN.H11MO.0.B	-3	0.000706824	0.543547	0.121409	9	CTGCCCTCTGCC	CCATCTGTT	-
600-CTGCCCTCTGCC	NDF1_HUMAN.H11MO.0.A	-2	0.000771462	0.593255	0.121409	10	CTGCCCTCTGCC	ACCATCTGTC	-
600-CTGCCCTCTGCC	COT2_HUMAN.H11MO.1.A	2	0.000813872	0.625867	0.121409	12	CTGCCCTCTGCC	CCCTGACCTTTGACCCC	-
600-CTGCCCTCTGCC	AP2B_HUMAN.H11MO.0.B	-2	0.000821702	0.631889	0.121409	10	CTGCCCTCTGCC	GCCCCCGGGC	-
600-CTGCCCTCTGCC	ATOH1_HUMAN.H11MO.0.B	-3	0.000990231	0.761487	0.121409	9	CTGCCCTCTGCC	CCATCTGCT	-
600-CTGCCCTCTGCC	RXRA_HUMAN.H11MO.1.A	0	0.00105498	0.811282	0.121409	10	CTGCCCTCTGCC	CTGACCTCTG	-
600-CTGCCCTCTGCC	NR4A3_HUMAN.H11MO.0.D	0	0.00112232	0.863062	0.121409	10	CTGCCCTCTGCC	CTGACCTTTG	-
600-CTGCCCTCTGCC	RARG_HUMAN.H11MO.1.B	0	0.00114152	0.877829	0.121409	8	CTGCCCTCTGCC	CTGACCTC	-
600-CTGCCCTCTGCC	NR2C1_HUMAN.H11MO.0.C	0	0.00130239	1.00154	0.124531	12	CTGCCCTCTGCC	CTGACCTCTGGCC	-
600-CTGCCCTCTGCC	RXRA_HUMAN.H11MO.0.A	2	0.00138176	1.06257	0.124531	12	CTGCCCTCTGCC	CTCTGACCTCTGCCTCCCCC	-
600-CTGCCCTCTGCC	PPARG_HUMAN.H11MO.0.A	-1	0.00143703	1.10508	0.124531	11	CTGCCCTCTGCC	TGACCTTTGCCCCACTT	-
600-CTGCCCTCTGCC	CTCF_HUMAN.H11MO.0.A	2	0.0015591	1.19895	0.124531	12	CTGCCCTCTGCC	TGGCGCCCCCTGGTGGCCA	-
600-CTGCCCTCTGCC	CTCFL_HUMAN.H11MO.0.A	2	0.00160639	1.23532	0.124531	12	CTGCCCTCTGCC	CGGCGCCCCCTGGCGGC	-
600-CTGCCCTCTGCC	NR4A1_HUMAN.H11MO.0.A	0	0.00167268	1.28629	0.124531	9	CTGCCCTCTGCC	CTGACCTTT	-
600-CTGCCCTCTGCC	RXRG_HUMAN.H11MO.0.B	0	0.00191214	1.47043	0.131037	12	CTGCCCTCTGCC	GTGACCTTTGACC	-
600-CTGCCCTCTGCC	ZN549_HUMAN.H11MO.0.C	3	0.00193607	1.48884	0.131037	12	CTGCCCTCTGCC	GTGCTGCCCAATTCATGAAT	-
600-CTGCCCTCTGCC	NGN2_HUMAN.H11MO.0.D	-2	0.00285879	2.19841	0.185076	10	CTGCCCTCTGCC	GCCATCTGCTCC	-
600-CTGCCCTCTGCC	ZBTB4_HUMAN.H11MO.0.D	5	0.00308563	2.37285	0.185968	12	CTGCCCTCTGCC	CCCACCTGCCATCTAGG	-
600-CTGCCCTCTGCC	ESR2_HUMAN.H11MO.1.A	0	0.00312236	2.40109	0.185968	7	CTGCCCTCTGCC	GTGACCT	-
600-CTGCCCTCTGCC	NR1H3_HUMAN.H11MO.1.B	1	0.00328641	2.52725	0.187204	9	CTGCCCTCTGCC	TCTGACCTTT	-
600-CTGCCCTCTGCC	ZN281_HUMAN.H11MO.0.A	-1	0.00359907	2.76768	0.187204	11	CTGCCCTCTGCC	TCCCCTCCCCCACCC	-
600-CTGCCCTCTGCC	PPARA_HUMAN.H11MO.0.B	-1	0.00361757	2.78191	0.187204	11	CTGCCCTCTGCC	TGACCTTTGCCCCAGTT	-
600-CTGCCCTCTGCC	NR4A2_HUMAN.H11MO.0.C	0	0.00377173	2.90046	0.187204	9	CTGCCCTCTGCC	GTGACCTTT	-
600-CTGCCCTCTGCC	PTF1A_HUMAN.H11MO.1.B	-3	0.00377173	2.90046	0.187204	9	CTGCCCTCTGCC	CCAGCTGCT	-
600-CTGCCCTCTGCC	ZN770_HUMAN.H11MO.0.C	6	0.00400199	3.07753	0.192225	12	CTGCCCTCTGCC	GATCCTCCCGCCTCAGCCTCCC	-
600-CTGCCCTCTGCC	NR1H2_HUMAN.H11MO.0.D	2	0.00415277	3.19348	0.193234	12	CTGCCCTCTGCC	CGTTGACCTTTGACCTTTA	-
600-CTGCCCTCTGCC	RARA_HUMAN.H11MO.1.A	2	0.00437249	3.36245	0.197293	8	CTGCCCTCTGCC	CCCTGACCTT	-
600-CTGCCCTCTGCC	SP4_HUMAN.H11MO.0.A	7	0.00484984	3.72953	0.209204	12	CTGCCCTCTGCC	CCCGGCCCCGCCCCCTTCCC	-
600-CTGCCCTCTGCC	PPARD_HUMAN.H11MO.0.D	-1	0.00491747	3.78154	0.209204	11	CTGCCCTCTGCC	TGACCTTTGTCCTA	-
600-CTGCCCTCTGCC	COT2_HUMAN.H11MO.0.A	3	0.00519486	3.99485	0.214866	10	CTGCCCTCTGCC	CCTCTGACCTTTG	-
600-CTGCCCTCTGCC	SP2_HUMAN.H11MO.0.A	9	0.00610433	4.69423	0.245659	12	CTGCCCTCTGCC	CCCCCGGCCCCGCCCCCCCCCC	-
600-CTGCCCTCTGCC	HAND1_HUMAN.H11MO.0.D	4	0.00743693	5.719	0.291411	12	CTGCCCTCTGCC	GGGTCTGGTTTTTGTCA	+
600-CTGCCCTCTGCC	AP2D_HUMAN.H11MO.0.D	1	0.00812861	6.2509	0.310347	12	CTGCCCTCTGCC	ACGCGCCTCGGGCG	-
600-CTGCCCTCTGCC	NR1H4_HUMAN.H11MO.1.B	1	0.00877593	6.74869	0.318242	7	CTGCCCTCTGCC	ACTGACCT	-
600-CTGCCCTCTGCC	PTF1A_HUMAN.H11MO.0.B	4	0.00886606	6.818	0.318242	12	CTGCCCTCTGCC	CCAGCTGCCCCCTTTCCC	+
600-CTGCCCTCTGCC	ZN331_HUMAN.H11MO.0.C	2	0.00897658	6.90299	0.318242	12	CTGCCCTCTGCC	GGCTGGGCTCAGCTGGGTGG	+
600-CTGCCCTCTGCC	ZFX_HUMAN.H11MO.1.A	2	0.0095381	7.3348	0.326501	12	CTGCCCTCTGCC	CCCCGGCCTCCGCCCCC	-
600-CTGCCCTCTGCC	ASCL2_HUMAN.H11MO.0.D	-3	0.00964809	7.41938	0.326501	9	CTGCCCTCTGCC	CCAGCTGCT	+
600-CTGCCCTCTGCC	ZN335_HUMAN.H11MO.0.A	7	0.0101739	7.82373	0.33295	12	CTGCCCTCTGCC	GGCTGTCCTCGGCGCTGCCTGA	+
600-CTGCCCTCTGCC	ITF2_HUMAN.H11MO.0.C	-2	0.0105095	8.08178	0.33295	10	CTGCCCTCTGCC	CCCAGCTGCC	-
600-CTGCCCTCTGCC	THA_HUMAN.H11MO.1.D	0	0.0105095	8.08178	0.33295	10	CTGCCCTCTGCC	CTGACCTGAA	-
600-CTGCCCTCTGCC	CR3L1_HUMAN.H11MO.0.D	-1	0.0111434	8.56926	0.345678	11	CTGCCCTCTGCC	TGCCACGTGGC	-
600-CTGCCCTCTGCC	MYF6_HUMAN.H11MO.0.C	-4	0.0113991	8.76589	0.346394	7	CTGCCCTCTGCC	CAGCTGC	+
600-CTGCCCTCTGCC	TBX1_HUMAN.H11MO.0.D	3	0.0120912	9.29811	0.360076	12	CTGCCCTCTGCC	CCGCCCACCCCTGCCCACCC	-
600-CTGCCCTCTGCC	HES7_HUMAN.H11MO.0.D	-1	0.0131435	10.1073	0.376359	11	CTGCCCTCTGCC	TGGCACGTGCCG	+
600-CTGCCCTCTGCC	MTF1_HUMAN.H11MO.0.C	3	0.013412	10.3138	0.376802	12	CTGCCCTCTGCC	GTTTTGCACACGGCACT	-
600-CTGCCCTCTGCC	PLAL1_HUMAN.H11MO.0.D	0	0.0136686	10.5112	0.376902	10	CTGCCCTCTGCC	GGGCCCCCCG	-
600-CTGCCCTCTGCC	ZNF41_HUMAN.H11MO.1.C	2	0.0144718	11.1288	0.384912	10	CTGCCCTCTGCC	TTCTCCCTTGTG	-
600-CTGCCCTCTGCC	HIC1_HUMAN.H11MO.0.C	3	0.0150607	11.5817	0.384912	6	CTGCCCTCTGCC	GGGTTGCCC	+
600-CTGCCCTCTGCC	FEZF1_HUMAN.H11MO.0.C	1	0.0151817	11.6747	0.384912	11	CTGCCCTCTGCC	GCTGCTCTTTTT	+
600-CTGCCCTCTGCC	ZBT17_HUMAN.H11MO.0.A	1	0.0153766	11.8246	0.384912	12	CTGCCCTCTGCC	CTTCCCCTCCCCCACCCTC	-
600-CTGCCCTCTGCC	SP3_HUMAN.H11MO.0.B	8	0.0154191	11.8573	0.384912	12	CTGCCCTCTGCC	CCCCGGCCCCGCCCCCCCCC	-
600-CTGCCCTCTGCC	THB_HUMAN.H11MO.1.D	-1	0.0159626	12.2752	0.384912	10	CTGCCCTCTGCC	TGACCTGACC	-
600-CTGCCCTCTGCC	HNF4G_HUMAN.H11MO.0.B	-1	0.0159644	12.2766	0.384912	11	CTGCCCTCTGCC	TGGACTTTGGACTC	-
600-CTGCCCTCTGCC	RARB_HUMAN.H11MO.0.D	3	0.0165856	12.7543	0.384912	8	CTGCCCTCTGCC	GCCCTGACCTC	-
600-CTGCCCTCTGCC	TYY1_HUMAN.H11MO.0.A	1	0.0166988	12.8414	0.384912	11	CTGCCCTCTGCC	GCCGCCATCTTG	-
600-CTGCCCTCTGCC	ZN257_HUMAN.H11MO.0.C	3	0.0166988	12.8414	0.384912	9	CTGCCCTCTGCC	GCTCTTGCCTCT	+
600-CTGCCCTCTGCC	RXRB_HUMAN.H11MO.0.C	1	0.0168027	12.9212	0.384912	9	CTGCCCTCTGCC	TGTGACCTCA	-
600-CTGCCCTCTGCC	ELF5_HUMAN.H11MO.0.A	3	0.0175508	13.4966	0.395958	12	CTGCCCTCTGCC	CCACTTCCTCCTTCC	-
600-CTGCCCTCTGCC	SP4_HUMAN.H11MO.1.A	5	0.0178861	13.7544	0.397499	11	CTGCCCTCTGCC	CGGCCCCGCCCCCTCC	-
600-CTGCCCTCTGCC	ATF2_HUMAN.H11MO.0.B	0	0.0191941	14.7603	0.420296	11	CTGCCCTCTGCC	ATGACGTCATC	-
600-CTGCCCTCTGCC	SMAD3_HUMAN.H11MO.0.B	2	0.0201613	15.5041	0.429174	10	CTGCCCTCTGCC	CTCTGTCACCTG	+
600-CTGCCCTCTGCC	ZIC4_HUMAN.H11MO.0.D	2	0.020176	15.5153	0.429174	12	CTGCCCTCTGCC	GACCCCCCGCTGTGC	-
600-CTGCCCTCTGCC	EGR4_HUMAN.H11MO.0.D	-1	0.0221752	17.0527	0.465056	11	CTGCCCTCTGCC	GCCCTGCCGCC	-
600-CTGCCCTCTGCC	SP1_HUMAN.H11MO.0.A	1	0.023222	17.8577	0.480245	12	CTGCCCTCTGCC	CCCCCCCCCGGCCCCGCCCCCC	-
601-GAGGGGGAGAA	WT1_HUMAN.H11MO.0.C	2	0.000701687	0.539597	0.488543	11	GAGGGGGAGAA	GGGCGGGGGAGGAGGGGGGG	+
601-GAGGGGGAGAA	ZN263_HUMAN.H11MO.1.A	-2	0.000748074	0.575269	0.488543	9	GAGGGGGAGAA	GAGGGAGGAGG	+
601-GAGGGGGAGAA	NR0B1_HUMAN.H11MO.0.D	0	0.00113367	0.871792	0.488543	10	GAGGGGGAGAA	GCGTGGGAGA	+
601-GAGGGGGAGAA	WT1_HUMAN.H11MO.1.B	-2	0.00156985	1.20722	0.488543	9	GAGGGGGAGAA	GTGGGAGGAGG	+
601-GAGGGGGAGAA	ZN467_HUMAN.H11MO.0.C	3	0.00178574	1.37323	0.488543	11	GAGGGGGAGAA	GGGGAGGGGAGGGGGGGGGGGG	+
601-GAGGGGGAGAA	ZN740_HUMAN.H11MO.0.D	1	0.00304005	2.3378	0.488543	11	GAGGGGGAGAA	GGGGGGGGGGTGGG	+
601-GAGGGGGAGAA	ZN148_HUMAN.H11MO.0.D	3	0.00309834	2.38262	0.488543	11	GAGGGGGAGAA	GGGGTGGGGGAGGGG	+
601-GAGGGGGAGAA	VEZF1_HUMAN.H11MO.0.C	10	0.0036962	2.84238	0.488543	11	GAGGGGGAGAA	GGGGAGGGGGGAGGGGGAGGGG	+
601-GAGGGGGAGAA	ZN219_HUMAN.H11MO.0.D	2	0.00391351	3.00949	0.488543	10	GAGGGGGAGAA	GAGGGGGGCGGA	+
601-GAGGGGGAGAA	ZN816_HUMAN.H11MO.0.C	4	0.00401608	3.08836	0.488543	11	GAGGGGGAGAA	AAAAAAGGGGGACATGCAGGG	+
601-GAGGGGGAGAA	ZN281_HUMAN.H11MO.0.A	2	0.00448522	3.44913	0.488543	11	GAGGGGGAGAA	GGGTGGGGGAGGGGA	+
601-GAGGGGGAGAA	ZN586_HUMAN.H11MO.0.C	5	0.00535389	4.11714	0.488543	11	GAGGGGGAGAA	AGGCCTAGGAGGAAAAAATG	+
601-GAGGGGGAGAA	MAZ_HUMAN.H11MO.0.A	4	0.00539138	4.14597	0.488543	11	GAGGGGGAGAA	GGGGGAGGGGGGGGGGGGGGGG	+
601-GAGGGGGAGAA	EGR2_HUMAN.H11MO.0.A	6	0.00541659	4.16536	0.488543	11	GAGGGGGAGAA	GGGGGGGTGTGGGAGGGG	+
601-GAGGGGGAGAA	ZN816_HUMAN.H11MO.1.C	0	0.00568863	4.37455	0.488543	11	GAGGGGGAGAA	AAGGGGGACATGCA	+
601-GAGGGGGAGAA	MAZ_HUMAN.H11MO.1.A	4	0.00569389	4.3786	0.488543	7	GAGGGGGAGAA	GAGGGAGGGGG	+
601-GAGGGGGAGAA	E2F6_HUMAN.H11MO.0.A	1	0.00626265	4.81598	0.488543	11	GAGGGGGAGAA	GGGGCGGGAAGGG	+
601-GAGGGGGAGAA	EGR1_HUMAN.H11MO.0.A	4	0.00658407	5.06315	0.488543	11	GAGGGGGAGAA	GAGGGCGTGGGCGGGGG	+
601-GAGGGGGAGAA	TFDP1_HUMAN.H11MO.0.C	1	0.00662621	5.09556	0.488543	11	GAGGGGGAGAA	GGGGGGCGGGAAAA	+
601-GAGGGGGAGAA	E2F1_HUMAN.H11MO.0.A	1	0.0069694	5.35947	0.488543	11	GAGGGGGAGAA	GGGGGGCGGGAAAG	+
601-GAGGGGGAGAA	E2F3_HUMAN.H11MO.0.A	-1	0.00698839	5.37407	0.488543	10	GAGGGGGAGAA	AGGGCGGGAAA	+
601-GAGGGGGAGAA	EGR2_HUMAN.H11MO.1.A	3	0.00709346	5.45487	0.488543	11	GAGGGGGAGAA	GGGGCGTGGGCGGGGG	+
601-GAGGGGGAGAA	KLF13_HUMAN.H11MO.0.D	0	0.00735236	5.65396	0.488543	11	GAGGGGGAGAA	AGGGGGGCGTG	+
604-AAAATGAATGAA	LHX3_HUMAN.H11MO.0.C	0	0.00040925	0.314714	0.199471	12	AAAATGAATGAA	AAAATTAATTAAT	+
604-AAAATGAATGAA	PO4F3_HUMAN.H11MO.0.D	4	0.000539906	0.415188	0.199471	11	AAAATGAATGAA	ATGAATAATTAATGA	-
604-AAAATGAATGAA	CPEB1_HUMAN.H11MO.0.D	3	0.000569115	0.437649	0.199471	12	AAAATGAATGAA	AAAAAAAAAAATAAAAA	-
604-AAAATGAATGAA	HXB7_HUMAN.H11MO.0.C	-2	0.000628051	0.482971	0.199471	10	AAAATGAATGAA	CATTAATCAA	-
604-AAAATGAATGAA	PO3F2_HUMAN.H11MO.0.A	5	0.00067447	0.518668	0.199471	12	AAAATGAATGAA	GAATGAATATGCATGAA	-
604-AAAATGAATGAA	HXB8_HUMAN.H11MO.0.C	-1	0.000821291	0.631573	0.20241	11	AAAATGAATGAA	GCATTAATCAA	-
604-AAAATGAATGAA	HXC6_HUMAN.H11MO.0.D	-1	0.00105041	0.807767	0.221895	11	AAAATGAATGAA	AAAGTAATAAATCAT	-
604-AAAATGAATGAA	HNF6_HUMAN.H11MO.0.B	-1	0.0015265	1.17388	0.254537	11	AAAATGAATGAA	AAATCAATAAA	-
604-AAAATGAATGAA	ZN680_HUMAN.H11MO.0.C	7	0.00166881	1.28331	0.254537	12	AAAATGAATGAA	CATGTCCAAGAAGAATGAGG	+
604-AAAATGAATGAA	NKX61_HUMAN.H11MO.1.B	-1	0.00202705	1.5588	0.254537	7	AAAATGAATGAA	TAATGAA	+
604-AAAATGAATGAA	IRF1_HUMAN.H11MO.0.A	7	0.00218166	1.6777	0.254537	12	AAAATGAATGAA	GAAAATGAAAGTGAAAGTAA	+
604-AAAATGAATGAA	FOXL1_HUMAN.H11MO.0.D	1	0.00218759	1.68226	0.254537	12	AAAATGAATGAA	AAAAGTAAACAAACAAACA	-
604-AAAATGAATGAA	CUX2_HUMAN.H11MO.0.D	-1	0.00223773	1.72081	0.254537	11	AAAATGAATGAA	AAATCAATGAA	+
604-AAAATGAATGAA	IRF2_HUMAN.H11MO.0.A	7	0.00299136	2.30036	0.315957	12	AAAATGAATGAA	GAAAGTGAAAGTGAAAGTAA	+
604-AAAATGAATGAA	ONEC3_HUMAN.H11MO.0.D	2	0.00360531	2.77248	0.351075	10	AAAATGAATGAA	AAAAAATCAATA	-
604-AAAATGAATGAA	HMX1_HUMAN.H11MO.0.D	4	0.00392483	3.01819	0.351075	12	AAAATGAATGAA	ATTAAAAAACAATTAAC	-
604-AAAATGAATGAA	ONEC2_HUMAN.H11MO.0.D	4	0.0040361	3.10376	0.351075	12	AAAATGAATGAA	AAAAAAAATCAATAACAAGAC	-
604-AAAATGAATGAA	PAX7_HUMAN.H11MO.0.D	0	0.00518574	3.98783	0.421774	11	AAAATGAATGAA	ATAATCAATTA	-
604-AAAATGAATGAA	HXD4_HUMAN.H11MO.0.D	0	0.00548793	4.22022	0.421774	8	AAAATGAATGAA	TCAATTAA	-
604-AAAATGAATGAA	HXA5_HUMAN.H11MO.0.D	-2	0.00570457	4.38681	0.421774	10	AAAATGAATGAA	CATTAATCAA	-
604-AAAATGAATGAA	HBP1_HUMAN.H11MO.0.D	-4	0.00601994	4.62933	0.423896	8	AAAATGAATGAA	TCAATGAAT	-
604-AAAATGAATGAA	ZFHX3_HUMAN.H11MO.0.D	-1	0.00635209	4.88476	0.426954	11	AAAATGAATGAA	TAATTATTAAT	-
604-AAAATGAATGAA	PRDM1_HUMAN.H11MO.0.A	1	0.00767791	5.90431	0.49363	12	AAAATGAATGAA	GAAAGTGAAAGTGA	+
607-CATGCCAAGAAA	NFIA_HUMAN.H11MO.1.D	-2	0.000214995	0.165331	0.176935	7	CATGCCAAGAAA	TGCCAAG	-
607-CATGCCAAGAAA	STA5B_HUMAN.H11MO.0.A	0	0.00025344	0.194895	0.176935	12	CATGCCAAGAAA	ATTTCTAAGAAA	-
607-CATGCCAAGAAA	STAT4_HUMAN.H11MO.0.A	-1	0.000391679	0.301201	0.176935	11	CATGCCAAGAAA	CTTCCAGGAAA	-
607-CATGCCAAGAAA	STA5A_HUMAN.H11MO.0.A	-2	0.000531957	0.409075	0.176935	10	CATGCCAAGAAA	TTCTAGGAAA	+
607-CATGCCAAGAAA	NFIC_HUMAN.H11MO.1.A	-1	0.000576835	0.443586	0.176935	9	CATGCCAAGAAA	CTGCCAAGA	-
607-CATGCCAAGAAA	P53_HUMAN.H11MO.0.A	3	0.00207043	1.59216	0.457731	12	CATGCCAAGAAA	AGACATGCCCAGACATGCCC	+
607-CATGCCAAGAAA	STAT1_HUMAN.H11MO.0.A	3	0.00221437	1.70285	0.457731	12	CATGCCAAGAAA	CCCCTTTCCTGGAAATCAC	+
607-CATGCCAAGAAA	NFIB_HUMAN.H11MO.0.D	-1	0.00238764	1.8361	0.457731	9	CATGCCAAGAAA	CTGCCAGGG	-
609-ACCAAAAACAAAC	FOXJ3_HUMAN.H11MO.0.A	-2	0.000221395	0.170253	0.262004	11	ACCAAAAACAAAC	AAAAAATAAACAA	-
609-ACCAAAAACAAAC	SRY_HUMAN.H11MO.0.B	-4	0.000342343	0.263261	0.262004	9	ACCAAAAACAAAC	AAAACAAAA	-
609-ACCAAAAACAAAC	FOXO4_HUMAN.H11MO.0.C	-2	0.000928038	0.713661	0.316537	9	ACCAAAAACAAAC	AATAAACAA	-
609-ACCAAAAACAAAC	FOXJ3_HUMAN.H11MO.1.B	2	0.00103707	0.797505	0.316537	11	ACCAAAAACAAAC	TAAACAAAAACAA	-
609-ACCAAAAACAAAC	FOXP1_HUMAN.H11MO.0.A	-3	0.00139364	1.07171	0.316537	9	ACCAAAAACAAAC	ATAAACAAA	-
609-ACCAAAAACAAAC	FOXG1_HUMAN.H11MO.0.D	1	0.0016508	1.26947	0.316537	13	ACCAAAAACAAAC	AAAAAAATATAAACAAT	-
609-ACCAAAAACAAAC	FOXJ2_HUMAN.H11MO.0.C	-4	0.00170817	1.31358	0.316537	9	ACCAAAAACAAAC	TAAATAAACA	-
609-ACCAAAAACAAAC	FUBP1_HUMAN.H11MO.0.D	-3	0.00178326	1.37133	0.316537	10	ACCAAAAACAAAC	AAAAAAACACAA	-
609-ACCAAAAACAAAC	FOXF1_HUMAN.H11MO.0.D	-4	0.00186119	1.43126	0.316537	9	ACCAAAAACAAAC	AAAATAAACAT	-
609-ACCAAAAACAAAC	FOXL1_HUMAN.H11MO.0.D	1	0.00255274	1.96306	0.390736	13	ACCAAAAACAAAC	AAAAGTAAACAAACAAACA	-
609-ACCAAAAACAAAC	MEF2C_HUMAN.H11MO.0.A	0	0.00295509	2.27247	0.411202	13	ACCAAAAACAAAC	GCTAAAAATAGCA	-
609-ACCAAAAACAAAC	MEF2A_HUMAN.H11MO.0.A	0	0.00328684	2.52758	0.419252	13	ACCAAAAACAAAC	GCTAAAAATAGAA	-
609-ACCAAAAACAAAC	ZN418_HUMAN.H11MO.1.D	-1	0.00430388	3.30969	0.488594	12	ACCAAAAACAAAC	CTAGAAGCAACA	-
609-ACCAAAAACAAAC	OLIG1_HUMAN.H11MO.0.D	-2	0.00469626	3.61142	0.488594	11	ACCAAAAACAAAC	AAAAAACATATGGT	-
609-ACCAAAAACAAAC	MEF2D_HUMAN.H11MO.0.A	-1	0.00478809	3.68204	0.488594	12	ACCAAAAACAAAC	CTAAAAATAGCA	-
612-GAATAAATAAA	FOXL1_HUMAN.H11MO.0.D	2	0.000197689	0.152023	0.0973966	11	GAATAAATAAA	AAAAGTAAACAAACAAACA	-
612-GAATAAATAAA	PO4F3_HUMAN.H11MO.0.D	2	0.000281674	0.216607	0.0973966	11	GAATAAATAAA	ATGAATAATTAATGA	-
612-GAATAAATAAA	HXB8_HUMAN.H11MO.0.C	0	0.000320192	0.246228	0.0973966	11	GAATAAATAAA	GCATTAATCAA	-
612-GAATAAATAAA	CPEB1_HUMAN.H11MO.0.D	4	0.000357294	0.274759	0.0973966	11	GAATAAATAAA	AAAAAAAAAAATAAAAA	-
612-GAATAAATAAA	ZFP28_HUMAN.H11MO.0.C	8	0.000412024	0.316846	0.0973966	11	GAATAAATAAA	TGACACAAGAAGAAATAGAA	-
612-GAATAAATAAA	PO4F1_HUMAN.H11MO.0.D	2	0.000483603	0.37189	0.0973966	11	GAATAAATAAA	ATGAATAATTAATG	-
612-GAATAAATAAA	HXC6_HUMAN.H11MO.0.D	4	0.000583646	0.448824	0.0973966	11	GAATAAATAAA	AAAGTAATAAATCAT	-
612-GAATAAATAAA	HNF6_HUMAN.H11MO.0.B	0	0.000618846	0.475893	0.0973966	11	GAATAAATAAA	AAATCAATAAA	-
612-GAATAAATAAA	HXB7_HUMAN.H11MO.0.C	-1	0.000626831	0.482033	0.0973966	10	GAATAAATAAA	CATTAATCAA	-
612-GAATAAATAAA	FOXQ1_HUMAN.H11MO.0.C	0	0.000653146	0.502269	0.0973966	11	GAATAAATAAA	AAATAAACAATT	-
612-GAATAAATAAA	HXA9_HUMAN.H11MO.0.B	0	0.000781678	0.60111	0.105967	11	GAATAAATAAA	CCATAAATCAT	-
612-GAATAAATAAA	ZFHX3_HUMAN.H11MO.0.D	0	0.0010421	0.801371	0.125733	11	GAATAAATAAA	TAATTATTAAT	-
612-GAATAAATAAA	FOXJ3_HUMAN.H11MO.0.A	-1	0.00109612	0.842917	0.125733	10	GAATAAATAAA	AAAAAATAAACAA	-
612-GAATAAATAAA	FOXF1_HUMAN.H11MO.0.D	1	0.00154564	1.1886	0.164632	10	GAATAAATAAA	AAAATAAACAT	-
612-GAATAAATAAA	FOXO4_HUMAN.H11MO.0.C	-1	0.00176734	1.35908	0.175696	9	GAATAAATAAA	AATAAACAA	-
612-GAATAAATAAA	FOXJ2_HUMAN.H11MO.0.C	-3	0.00192483	1.4802	0.179393	8	GAATAAATAAA	TAAATAAACA	-
612-GAATAAATAAA	PO6F1_HUMAN.H11MO.0.D	1	0.00250325	1.925	0.219578	11	GAATAAATAAA	TGCATAAATTATG	-
612-GAATAAATAAA	HNF1B_HUMAN.H11MO.1.A	-1	0.00266965	2.05296	0.221061	10	GAATAAATAAA	AATCATTAACT	-
612-GAATAAATAAA	DUXA_HUMAN.H11MO.0.D	1	0.00281664	2.166	0.221061	10	GAATAAATAAA	TGATTAAATTA	+
612-GAATAAATAAA	HXC8_HUMAN.H11MO.0.D	2	0.00310088	2.38457	0.2312	11	GAATAAATAAA	GGGCATCAATCAAA	-
612-GAATAAATAAA	LHX3_HUMAN.H11MO.0.C	1	0.00344088	2.64604	0.244334	11	GAATAAATAAA	AAAATTAATTAAT	+
612-GAATAAATAAA	FOXP1_HUMAN.H11MO.0.A	-2	0.00403476	3.10273	0.259599	9	GAATAAATAAA	ATAAACAAA	-
612-GAATAAATAAA	UNC4_HUMAN.H11MO.0.D	-3	0.00407833	3.13624	0.259599	8	GAATAAATAAA	TAATTAAATTA	-
612-GAATAAATAAA	HXB6_HUMAN.H11MO.0.D	1	0.00423767	3.25876	0.259599	11	GAATAAATAAA	TGCATCAATCATT	-
612-GAATAAATAAA	MEIS1_HUMAN.H11MO.0.A	1	0.00444736	3.42002	0.259599	11	GAATAAATAAA	GCCATAAATCAT	-
612-GAATAAATAAA	CUX2_HUMAN.H11MO.0.D	0	0.0045263	3.48073	0.259599	11	GAATAAATAAA	AAATCAATGAA	+
612-GAATAAATAAA	HNF1B_HUMAN.H11MO.0.A	3	0.00589366	4.53222	0.310492	11	GAATAAATAAA	GGTTAATGATTAACC	+
612-GAATAAATAAA	ALX4_HUMAN.H11MO.0.D	-2	0.00603829	4.64345	0.310492	9	GAATAAATAAA	TTAATTAAATTA	+
612-GAATAAATAAA	ONEC3_HUMAN.H11MO.0.D	-1	0.00635024	4.88334	0.315648	10	GAATAAATAAA	AAAAAATCAATA	-
612-GAATAAATAAA	FOXG1_HUMAN.H11MO.0.D	2	0.00701328	5.39322	0.327113	11	GAATAAATAAA	AAAAAAATATAAACAAT	-
612-GAATAAATAAA	HXA10_HUMAN.H11MO.0.C	0	0.00701963	5.3981	0.327113	11	GAATAAATAAA	TCATAAATTATC	-
612-GAATAAATAAA	EVI1_HUMAN.H11MO.0.B	2	0.00794011	6.10594	0.358795	11	GAATAAATAAA	AAGATAAGATAAGATA	+
612-GAATAAATAAA	PO3F4_HUMAN.H11MO.0.D	6	0.00901863	6.93533	0.370487	11	GAATAAATAAA	TAATTTGCATAATTTAT	+
612-GAATAAATAAA	DRGX_HUMAN.H11MO.0.D	-3	0.00920186	7.07623	0.370487	8	GAATAAATAAA	TAATTAAATTA	-
612-GAATAAATAAA	HXB13_HUMAN.H11MO.0.A	-2	0.0092204	7.09049	0.370487	9	GAATAAATAAA	GCCAATAAAA	-
612-GAATAAATAAA	FOXC1_HUMAN.H11MO.0.C	-1	0.00924833	7.11197	0.370487	10	GAATAAATAAA	CTTAAGTAAACAATG	-
612-GAATAAATAAA	MEF2D_HUMAN.H11MO.0.A	0	0.00944112	7.26022	0.370487	11	GAATAAATAAA	CTAAAAATAGCA	-
612-GAATAAATAAA	MEF2C_HUMAN.H11MO.0.A	1	0.00993976	7.64368	0.378552	11	GAATAAATAAA	GCTAAAAATAGCA	-
612-GAATAAATAAA	FOXF2_HUMAN.H11MO.0.D	-2	0.0101543	7.80869	0.378552	9	GAATAAATAAA	AAAAGTAAACA	-
612-GAATAAATAAA	HXA5_HUMAN.H11MO.0.D	-1	0.0107365	8.2564	0.381126	10	GAATAAATAAA	CATTAATCAA	-
612-GAATAAATAAA	ONEC2_HUMAN.H11MO.0.D	5	0.0109232	8.39991	0.381126	11	GAATAAATAAA	AAAAAAAATCAATAACAAGAC	-
612-GAATAAATAAA	PO3F3_HUMAN.H11MO.0.D	6	0.0109901	8.45141	0.381126	11	GAATAAATAAA	AAATTTGCATAATTTAT	-
612-GAATAAATAAA	DLX2_HUMAN.H11MO.0.D	-2	0.0118215	9.09073	0.391736	8	GAATAAATAAA	ATAATTAT	+
612-GAATAAATAAA	HXD4_HUMAN.H11MO.0.D	-3	0.0125003	9.61274	0.405225	8	GAATAAATAAA	TCAATTAA	-
612-GAATAAATAAA	MEF2A_HUMAN.H11MO.0.A	1	0.0132644	10.2003	0.414823	11	GAATAAATAAA	GCTAAAAATAGAA	-
612-GAATAAATAAA	PHX2A_HUMAN.H11MO.0.D	-3	0.0135857	10.4474	0.414823	8	GAATAAATAAA	TAATTAAATTA	-
612-GAATAAATAAA	PBX2_HUMAN.H11MO.0.C	0	0.0136314	10.4825	0.414823	11	GAATAAATAAA	CCATCAATCAATTTA	-
612-GAATAAATAAA	ARX_HUMAN.H11MO.0.D	-2	0.0139091	10.6961	0.414823	9	GAATAAATAAA	CTAATTAAATTAA	-
612-GAATAAATAAA	HNF1A_HUMAN.H11MO.0.C	3	0.0142968	10.9942	0.418025	11	GAATAAATAAA	AGTTAATCATTAACC	-
612-GAATAAATAAA	ALX3_HUMAN.H11MO.0.D	-3	0.0180563	13.8853	0.487717	8	GAATAAATAAA	TAATTAAATTA	+
612-GAATAAATAAA	PHX2B_HUMAN.H11MO.0.D	-3	0.0180563	13.8853	0.487717	8	GAATAAATAAA	TAATTAAATTA	-
612-GAATAAATAAA	PAX4_HUMAN.H11MO.0.D	2	0.0183873	14.1398	0.487717	10	GAATAAATAAA	GCGAATTAGTTA	-
612-GAATAAATAAA	NR2E1_HUMAN.H11MO.0.D	4	0.0195287	15.0175	0.487717	11	GAATAAATAAA	AAGTCAAAAAGTCAATT	+
612-GAATAAATAAA	PDX1_HUMAN.H11MO.1.A	-2	0.0201285	15.4788	0.487717	9	GAATAAATAAA	ATAATTAAT	-
612-GAATAAATAAA	PRRX2_HUMAN.H11MO.0.C	-3	0.0201455	15.4919	0.487717	7	GAATAAATAAA	CAATTAA	-
612-GAATAAATAAA	PAX7_HUMAN.H11MO.0.D	1	0.0207643	15.9678	0.487717	10	GAATAAATAAA	ATAATCAATTA	-
612-GAATAAATAAA	ANDR_HUMAN.H11MO.0.A	-1	0.0207964	15.9924	0.487717	10	GAATAAATAAA	AGCAAACAAAAAAGAACA	-
612-GAATAAATAAA	P5F1B_HUMAN.H11MO.0.D	2	0.0208051	15.9991	0.487717	11	GAATAAATAAA	ATGAATATGCAAATTA	-
612-GAATAAATAAA	HMGA1_HUMAN.H11MO.0.D	-3	0.021318	16.3935	0.487717	7	GAATAAATAAA	AAAATAC	-
612-GAATAAATAAA	MEOX2_HUMAN.H11MO.0.D	1	0.0217463	16.7229	0.487717	10	GAATAAATAAA	ATCATAATTAA	-
612-GAATAAATAAA	HXC9_HUMAN.H11MO.0.C	2	0.02236	17.1948	0.487717	8	GAATAAATAAA	GGCAATAAAA	-
612-GAATAAATAAA	FOXC2_HUMAN.H11MO.0.D	3	0.0227914	17.5266	0.487717	11	GAATAAATAAA	TCTGGCAAAACAAAC	-
612-GAATAAATAAA	PRDM6_HUMAN.H11MO.0.C	2	0.0231655	17.8143	0.487717	11	GAATAAATAAA	AAAAAGAAAAAAA	+
612-GAATAAATAAA	FOXA3_HUMAN.H11MO.0.B	2	0.0231655	17.8143	0.487717	11	GAATAAATAAA	CAAAGTAAACAAG	-
612-GAATAAATAAA	FOXP2_HUMAN.H11MO.0.C	-1	0.0233789	17.9784	0.487717	9	GAATAAATAAA	TGTAAACAG	-
612-GAATAAATAAA	PDX1_HUMAN.H11MO.0.A	-1	0.0233789	17.9784	0.487717	9	GAATAAATAAA	CATCAATCA	-
612-GAATAAATAAA	DUX4_HUMAN.H11MO.0.A	1	0.0238385	18.3318	0.487717	10	GAATAAATAAA	TGATTAGGTTA	+
612-GAATAAATAAA	CDX1_HUMAN.H11MO.0.C	0	0.0239087	18.3858	0.487717	8	GAATAAATAAA	ACATAAAT	-
612-GAATAAATAAA	RAX2_HUMAN.H11MO.0.D	-2	0.0242028	18.612	0.487717	9	GAATAAATAAA	CTAATTAAATTA	+
612-GAATAAATAAA	ZN586_HUMAN.H11MO.0.C	11	0.0251057	19.3063	0.493007	9	GAATAAATAAA	AGGCCTAGGAGGAAAAAATG	+
612-GAATAAATAAA	FOXO3_HUMAN.H11MO.0.B	-1	0.0257587	19.8084	0.493007	10	GAATAAATAAA	TGTAAACAAG	-
612-GAATAAATAAA	SRY_HUMAN.H11MO.0.B	-3	0.0258025	19.8422	0.493007	8	GAATAAATAAA	AAAACAAAA	-
612-GAATAAATAAA	HXD11_HUMAN.H11MO.0.D	-2	0.0261126	20.0806	0.493007	9	GAATAAATAAA	AGTAATAAAAA	-
612-GAATAAATAAA	PBX1_HUMAN.H11MO.1.C	1	0.0261184	20.0851	0.493007	11	GAATAAATAAA	CCCATCAATCAAATT	-
612-GAATAAATAAA	FOXJ3_HUMAN.H11MO.1.B	-3	0.0265207	20.3944	0.494343	8	GAATAAATAAA	TAAACAAAAACAA	-
612-GAATAAATAAA	MIXL1_HUMAN.H11MO.0.D	-1	0.0273222	21.0108	0.497639	10	GAATAAATAAA	GTTAATTAGAT	+
612-GAATAAATAAA	CDX2_HUMAN.H11MO.0.A	0	0.0276987	21.3003	0.497639	11	GAATAAATAAA	ACAGCAATAAAA	-
612-GAATAAATAAA	FOXA1_HUMAN.H11MO.0.A	3	0.0276987	21.3003	0.497639	9	GAATAAATAAA	CCAAAGTAAACA	-
615-CATCATGCCTGGCA	P73_HUMAN.H11MO.1.A	0	0.000446631	0.343459	0.444526	12	CATCATGCCTGGCA	GAACATGCCTGG	+
615-CATCATGCCTGGCA	P63_HUMAN.H11MO.1.A	0	0.00061991	0.476711	0.444526	11	CATCATGCCTGGCA	GAGCATGCCTG	+
615-CATCATGCCTGGCA	P53_HUMAN.H11MO.1.A	0	0.00115143	0.885452	0.444526	13	CATCATGCCTGGCA	GGACATGCCTGGG	+
615-CATCATGCCTGGCA	ZN335_HUMAN.H11MO.1.A	-5	0.00115938	0.891564	0.444526	7	CATCATGCCTGGCA	TGCCTGA	+
616-AAATATGCCA	P5F1B_HUMAN.H11MO.0.D	2	0.000240107	0.184642	0.369285	10	AAATATGCCA	ATGAATATGCAAATTA	-
619-ATGGCTGTGC	ZN708_HUMAN.H11MO.1.D	-3	0.000266473	0.204918	0.350188	7	ATGGCTGTGC	GCTGTACCT	-
619-ATGGCTGTGC	ZN554_HUMAN.H11MO.1.D	-1	0.000455772	0.350488	0.350188	9	ATGGCTGTGC	TGGCTCTGC	-
626-CTGTAATTGC	SOX8_HUMAN.H11MO.0.D	3	0.000248019	0.190727	0.339193	10	CTGTAATTGC	TCACTGCAATTGATGC	+
626-CTGTAATTGC	HMX3_HUMAN.H11MO.0.D	0	0.000592527	0.455653	0.339193	10	CTGTAATTGC	CGTTAATTGCT	+
626-CTGTAATTGC	PRRX2_HUMAN.H11MO.0.C	-2	0.000801032	0.615994	0.339193	7	CTGTAATTGC	TTAATTG	+
626-CTGTAATTGC	ISL2_HUMAN.H11MO.0.D	0	0.000906443	0.697054	0.339193	10	CTGTAATTGC	CGTTAATTGCT	+
626-CTGTAATTGC	NOBOX_HUMAN.H11MO.0.C	-2	0.00133055	1.02319	0.362579	8	CTGTAATTGC	CTAATTGGT	+
626-CTGTAATTGC	MSX2_HUMAN.H11MO.0.D	-3	0.00152899	1.17579	0.362579	7	CTGTAATTGC	TAATTGT	+
626-CTGTAATTGC	MSX1_HUMAN.H11MO.0.D	8	0.0018289	1.40643	0.362579	10	CTGTAATTGC	TAATTGGTTTTTAATTGG	+
626-CTGTAATTGC	DLX5_HUMAN.H11MO.0.D	2	0.00193788	1.49023	0.362579	9	CTGTAATTGC	ACCTATAATTA	-
626-CTGTAATTGC	SOX11_HUMAN.H11MO.0.D	4	0.0023299	1.79169	0.373291	10	CTGTAATTGC	AACAATGCAATTGTTC	+
626-CTGTAATTGC	ZBT49_HUMAN.H11MO.0.D	1	0.00257195	1.97783	0.373291	10	CTGTAATTGC	GCGCTAATTGG	+
626-CTGTAATTGC	SOX7_HUMAN.H11MO.0.D	4	0.0027681	2.12867	0.373291	10	CTGTAATTGC	AACAATGAAATTGTTT	+
626-CTGTAATTGC	HXD4_HUMAN.H11MO.0.D	-2	0.00299269	2.30138	0.373291	8	CTGTAATTGC	TTAATTGA	+
626-CTGTAATTGC	DLX3_HUMAN.H11MO.0.C	-1	0.0034457	2.64974	0.396735	9	CTGTAATTGC	GATAATTACA	+
626-CTGTAATTGC	HXA2_HUMAN.H11MO.0.D	0	0.00446205	3.43132	0.414437	10	CTGTAATTGC	CGCTAATTACC	-
626-CTGTAATTGC	HMX2_HUMAN.H11MO.0.D	-1	0.00446205	3.43132	0.414437	9	CTGTAATTGC	TTTAATTGGTT	+
626-CTGTAATTGC	ZN140_HUMAN.H11MO.0.C	5	0.00468737	3.60459	0.414437	10	CTGTAATTGC	TAGGAGCGGAATTGCTGGGTCATA	-
626-CTGTAATTGC	HXC9_HUMAN.H11MO.0.C	-1	0.00505712	3.88893	0.414437	9	CTGTAATTGC	TTTTATTGCC	+
626-CTGTAATTGC	HMX1_HUMAN.H11MO.0.D	-1	0.00544528	4.18742	0.414437	9	CTGTAATTGC	GTTAATTGTTTTTTAAT	+
626-CTGTAATTGC	OVOL1_HUMAN.H11MO.0.C	-1	0.00545484	4.19477	0.414437	9	CTGTAATTGC	TGTAACTGT	+
626-CTGTAATTGC	FOXI1_HUMAN.H11MO.0.B	0	0.00553761	4.25842	0.414437	10	CTGTAATTGC	CTCTGATTGGTT	+
630-GCAAGGTTA	ERR2_HUMAN.H11MO.0.A	0	8.52796e-05	0.06558	0.131048	9	GCAAGGTTA	TCAAGGTCA	+
630-GCAAGGTTA	ERR3_HUMAN.H11MO.0.B	0	0.000186729	0.143595	0.143472	9	GCAAGGTTA	TCAAGGTCA	+
630-GCAAGGTTA	ERR1_HUMAN.H11MO.0.A	1	0.000786808	0.605056	0.400421	9	GCAAGGTTA	CTCAAGGTCACACAG	+
630-GCAAGGTTA	NR5A2_HUMAN.H11MO.0.B	2	0.00125996	0.96891	0.400421	9	GCAAGGTTA	GTTCAAGGCCA	+
630-GCAAGGTTA	STF1_HUMAN.H11MO.0.B	2	0.00151605	1.16584	0.400421	9	GCAAGGTTA	GCTCAAGGCCA	+
630-GCAAGGTTA	ZKSC3_HUMAN.H11MO.0.D	1	0.00171289	1.31721	0.400421	9	GCAAGGTTA	TTCGAGGCTAG	+
630-GCAAGGTTA	NR4A2_HUMAN.H11MO.0.C	-1	0.00182403	1.40268	0.400421	8	GCAAGGTTA	AAAGGTCAC	+
630-GCAAGGTTA	NR6A1_HUMAN.H11MO.0.B	4	0.002183	1.67873	0.419322	9	GCAAGGTTA	AAGTTCAAGGTCA	+
631-RTATTTTTAGTAGWG	MEF2D_HUMAN.H11MO.0.A	2	0.000180861	0.139082	0.277744	10	ATATTTTTAGTAGTG	TGCTATTTTTAG	+
631-RTATTTTTAGTAGWG	MEF2C_HUMAN.H11MO.0.A	2	0.000708552	0.544876	0.382424	11	ATATTTTTAGTAGTG	TGCTATTTTTAGC	+
631-RTATTTTTAGTAGWG	MEF2A_HUMAN.H11MO.0.A	2	0.000747079	0.574504	0.382424	11	ATATTTTTAGTAGTG	TTCTATTTTTAGC	+
631-RTATTTTTAGTAGWG	HXC13_HUMAN.H11MO.0.D	-2	0.0014627	1.12482	0.451467	11	ATATTTTTAGTAGTG	ATTTTTACGAG	+
631-RTATTTTTAGTAGWG	ALX4_HUMAN.H11MO.0.D	-1	0.00146993	1.13037	0.451467	12	ATATTTTTAGTAGTG	TAATTTAATTAA	-
634-AGCCGGGGGC	ZIC4_HUMAN.H11MO.0.D	4	0.000125467	0.096484	0.191416	10	AGCCGGGGGC	GCACAGCGGGGGGTC	+
634-AGCCGGGGGC	AP2D_HUMAN.H11MO.0.D	0	0.000287981	0.221458	0.201807	10	AGCCGGGGGC	CGCCCGAGGCGCGT	+
634-AGCCGGGGGC	PLAL1_HUMAN.H11MO.0.D	-2	0.000513653	0.394999	0.201807	8	AGCCGGGGGC	CGGGGGGCCC	+
634-AGCCGGGGGC	ZIC3_HUMAN.H11MO.0.B	4	0.000529113	0.406888	0.201807	10	AGCCGGGGGC	TCACAGCAGGGGGCC	-
634-AGCCGGGGGC	CTCFL_HUMAN.H11MO.0.A	3	0.000778171	0.598414	0.235049	10	AGCCGGGGGC	GCCGCCAGGGGGCGCCG	+
634-AGCCGGGGGC	ZN320_HUMAN.H11MO.0.C	5	0.000924404	0.710866	0.235049	10	AGCCGGGGGC	GTGGGACCAGGGGGCCAGTG	+
634-AGCCGGGGGC	AP2B_HUMAN.H11MO.0.B	0	0.00134132	1.03147	0.287396	10	AGCCGGGGGC	GCCCGGGGGC	+
634-AGCCGGGGGC	ZIC2_HUMAN.H11MO.0.D	4	0.00157304	1.20966	0.287396	10	AGCCGGGGGC	TCACAGCAGGGGGCC	-
634-AGCCGGGGGC	GLIS2_HUMAN.H11MO.0.D	3	0.00190322	1.46358	0.287396	10	AGCCGGGGGC	CTTCGCGGGGGGTC	+
634-AGCCGGGGGC	AP2C_HUMAN.H11MO.0.A	2	0.00201533	1.54979	0.287396	10	AGCCGGGGGC	ATGCCCTGAGGCCA	+
634-AGCCGGGGGC	INSM1_HUMAN.H11MO.0.C	1	0.00236269	1.81691	0.287396	10	AGCCGGGGGC	TGTCAGGGGGCA	+
634-AGCCGGGGGC	MECP2_HUMAN.H11MO.0.C	-1	0.00242922	1.86807	0.287396	7	AGCCGGGGGC	CCCGGAG	+
634-AGCCGGGGGC	KLF9_HUMAN.H11MO.0.C	-1	0.00249237	1.91663	0.287396	9	AGCCGGGGGC	GGAGGGGGCGTGGCC	+
634-AGCCGGGGGC	CTCF_HUMAN.H11MO.0.A	5	0.0026373	2.02809	0.287396	10	AGCCGGGGGC	TGGCCACCAGGGGGCGCCA	+
634-AGCCGGGGGC	SP2_HUMAN.H11MO.0.A	1	0.00356247	2.73954	0.334797	10	AGCCGGGGGC	GGGGGGGGGGCGGGGCCGGGGG	+
634-AGCCGGGGGC	SP1_HUMAN.H11MO.1.A	3	0.00373063	2.86885	0.334797	10	AGCCGGGGGC	GGGGGGCGGGGCCG	+
634-AGCCGGGGGC	GLIS3_HUMAN.H11MO.0.D	-1	0.00437579	3.36498	0.363789	9	AGCCGGGGGC	GTGGGGGGTA	+
634-AGCCGGGGGC	ZN331_HUMAN.H11MO.0.C	10	0.00453058	3.48402	0.363789	10	AGCCGGGGGC	GGCTGGGCTCAGCTGGGTGG	+
634-AGCCGGGGGC	ZN281_HUMAN.H11MO.0.A	0	0.0048452	3.72596	0.369599	10	AGCCGGGGGC	GGGTGGGGGAGGGGA	+
634-AGCCGGGGGC	ZN219_HUMAN.H11MO.0.D	-1	0.00627022	4.8218	0.454466	9	AGCCGGGGGC	GAGGGGGGCGGA	+
634-AGCCGGGGGC	MTF1_HUMAN.H11MO.0.C	2	0.00655353	5.03967	0.454466	10	AGCCGGGGGC	AGTGCCGTGTGCAAAAC	+
634-AGCCGGGGGC	GLIS1_HUMAN.H11MO.0.D	1	0.00697309	5.36231	0.455734	10	AGCCGGGGGC	TCGTGGGGGGTCT	+
634-AGCCGGGGGC	SP3_HUMAN.H11MO.0.B	0	0.00741758	5.70412	0.455734	10	AGCCGGGGGC	GGGGGGGGGCGGGGCCGGGG	+
634-AGCCGGGGGC	AP2A_HUMAN.H11MO.0.A	2	0.00782219	6.01526	0.455734	10	AGCCGGGGGC	ATGCCCTGAGGCCAT	+
634-AGCCGGGGGC	KLF13_HUMAN.H11MO.0.D	-2	0.00810611	6.23359	0.455734	8	AGCCGGGGGC	AGGGGGGCGTG	+
634-AGCCGGGGGC	KLF14_HUMAN.H11MO.0.D	-2	0.0085785	6.59686	0.455734	8	AGCCGGGGGC	AGGGGGGCGTGGC	+
634-AGCCGGGGGC	KLF8_HUMAN.H11MO.0.C	-2	0.0090241	6.93953	0.455734	8	AGCCGGGGGC	CAGGGGGTG	+
634-AGCCGGGGGC	ZBT7A_HUMAN.H11MO.0.A	-3	0.0090241	6.93953	0.455734	7	AGCCGGGGGC	GGGGGTCTC	+
634-AGCCGGGGGC	ZN148_HUMAN.H11MO.0.D	1	0.00962613	7.40249	0.455734	10	AGCCGGGGGC	GGGGTGGGGGAGGGG	+
634-AGCCGGGGGC	ZF64A_HUMAN.H11MO.0.D	4	0.00987975	7.59752	0.455734	10	AGCCGGGGGC	CAGGTTCCCGGGCCCC	-
634-AGCCGGGGGC	EGR1_HUMAN.H11MO.0.A	2	0.00998994	7.68227	0.455734	10	AGCCGGGGGC	GAGGGCGTGGGCGGGGG	+
634-AGCCGGGGGC	SP1_HUMAN.H11MO.0.A	3	0.0101426	7.79964	0.455734	10	AGCCGGGGGC	GGGGGGCGGGGCCGGGGGGGGG	+
634-AGCCGGGGGC	SP4_HUMAN.H11MO.0.A	1	0.0102043	7.84711	0.455734	10	AGCCGGGGGC	GGGAAGGGGGCGGGGCCGGG	+
634-AGCCGGGGGC	MBD2_HUMAN.H11MO.0.B	2	0.0104552	8.04002	0.455734	9	AGCCGGGGGC	GGGGCCGGAGG	+
634-AGCCGGGGGC	PRDM4_HUMAN.H11MO.0.D	-1	0.012126	9.32488	0.486835	9	AGCCGGGGGC	GTGGGGGGCCTTGAAA	+
640-AGGGTGGGGTG	KLF4_HUMAN.H11MO.0.A	0	1.93483e-05	0.0148788	0.0291697	10	AGGGTGGGGTG	AGGGTGTGGC	+
640-AGGGTGGGGTG	KLF5_HUMAN.H11MO.0.A	0	3.97922e-05	0.0306002	0.0299957	11	AGGGTGGGGTG	AGGGTGGGGCTGGG	+
640-AGGGTGGGGTG	MAZ_HUMAN.H11MO.1.A	1	0.000135395	0.104119	0.0680413	10	AGGGTGGGGTG	GAGGGAGGGGG	+
640-AGGGTGGGGTG	PATZ1_HUMAN.H11MO.1.C	0	0.000232941	0.179132	0.0697059	9	AGGGTGGGGTG	AGGGAGGGG	+
640-AGGGTGGGGTG	KLF1_HUMAN.H11MO.0.A	0	0.000271472	0.208762	0.0697059	11	AGGGTGGGGTG	GGGGCGGGGCCGGG	+
640-AGGGTGGGGTG	KLF16_HUMAN.H11MO.0.D	1	0.000281217	0.216256	0.0697059	11	AGGGTGGGGTG	GGGGGCGGGGGGGGGGGGG	+
640-AGGGTGGGGTG	SALL4_HUMAN.H11MO.0.B	2	0.000349102	0.268459	0.0697059	8	AGGGTGGGGTG	GGAGGGTGGG	+
640-AGGGTGGGGTG	KLF3_HUMAN.H11MO.0.B	5	0.000369887	0.284443	0.0697059	11	AGGGTGGGGTG	GGGGAGGGGCGGGGCCGGG	+
640-AGGGTGGGGTG	TBX15_HUMAN.H11MO.0.D	9	0.000631328	0.485491	0.105755	10	AGGGTGGGGTG	GGGGGGGGGGGGGTGGGGG	+
640-AGGGTGGGGTG	KLF6_HUMAN.H11MO.0.A	3	0.000719629	0.553395	0.108492	11	AGGGTGGGGTG	GGAAGGGCGGGGCCGGGGG	+
640-AGGGTGGGGTG	KLF12_HUMAN.H11MO.0.C	1	0.00085613	0.658364	0.112765	10	AGGGTGGGGTG	AGGGGCGGGGC	+
640-AGGGTGGGGTG	SRBP2_HUMAN.H11MO.0.B	-1	0.000897561	0.690224	0.112765	10	AGGGTGGGGTG	GGGTGGGGTGAGG	+
640-AGGGTGGGGTG	ZN449_HUMAN.H11MO.0.C	0	0.00140135	1.07764	0.154025	11	AGGGTGGGGTG	TGGTTGGGCTT	+
640-AGGGTGGGGTG	ZN740_HUMAN.H11MO.0.D	1	0.00143031	1.0999	0.154025	11	AGGGTGGGGTG	GGGGGGGGGGTGGG	+
640-AGGGTGGGGTG	SP3_HUMAN.H11MO.0.B	5	0.00180686	1.38948	0.15454	11	AGGGTGGGGTG	GGGGGGGGGCGGGGCCGGGG	+
640-AGGGTGGGGTG	ZIC1_HUMAN.H11MO.0.B	0	0.00191541	1.47295	0.15454	9	AGGGTGGGGTG	GGGGTGGTC	+
640-AGGGTGGGGTG	TBX1_HUMAN.H11MO.0.D	9	0.00192163	1.47773	0.15454	11	AGGGTGGGGTG	GGGTGGGCAGGGGTGGGCGG	+
640-AGGGTGGGGTG	SP4_HUMAN.H11MO.1.A	4	0.00199281	1.53247	0.15454	11	AGGGTGGGGTG	GGAGGGGGCGGGGCCG	+
640-AGGGTGGGGTG	GLIS3_HUMAN.H11MO.0.D	-1	0.0020083	1.54438	0.15454	10	AGGGTGGGGTG	GTGGGGGGTA	+
640-AGGGTGGGGTG	SP1_HUMAN.H11MO.1.A	2	0.00205013	1.57655	0.15454	11	AGGGTGGGGTG	GGGGGGCGGGGCCG	+
640-AGGGTGGGGTG	ZN770_HUMAN.H11MO.0.C	3	0.00307552	2.36507	0.211935	11	AGGGTGGGGTG	GGGAGGCTGAGGCGGGAGGATC	+
640-AGGGTGGGGTG	ZN148_HUMAN.H11MO.0.D	6	0.00309268	2.37827	0.211935	9	AGGGTGGGGTG	GGGGTGGGGGAGGGG	+
640-AGGGTGGGGTG	ZN219_HUMAN.H11MO.0.D	-1	0.00361241	2.77795	0.236788	10	AGGGTGGGGTG	GAGGGGGGCGGA	+
640-AGGGTGGGGTG	SP2_HUMAN.H11MO.1.B	2	0.00382311	2.93997	0.240157	10	AGGGTGGGGTG	AGGGGGCGGGGC	+
640-AGGGTGGGGTG	SRBP1_HUMAN.H11MO.0.A	-2	0.00403281	3.10123	0.243197	9	AGGGTGGGGTG	GGTGGGGTGAG	+
640-AGGGTGGGGTG	WT1_HUMAN.H11MO.0.C	9	0.00443385	3.40963	0.253085	11	AGGGTGGGGTG	GGGCGGGGGAGGAGGGGGGG	+
640-AGGGTGGGGTG	KLF15_HUMAN.H11MO.0.A	0	0.00453252	3.48551	0.253085	11	AGGGTGGGGTG	GGGGAGGAGCAGGGGGGGG	+
640-AGGGTGGGGTG	PROX1_HUMAN.H11MO.0.D	4	0.00485361	3.73243	0.257272	11	AGGGTGGGGTG	GGGTAAGGCGGGTTGGG	+
640-AGGGTGGGGTG	GLIS1_HUMAN.H11MO.0.D	1	0.00494881	3.80563	0.257272	11	AGGGTGGGGTG	TCGTGGGGGGTCT	+
640-AGGGTGGGGTG	ZN281_HUMAN.H11MO.0.A	5	0.00516469	3.97165	0.259545	10	AGGGTGGGGTG	GGGTGGGGGAGGGGA	+
640-AGGGTGGGGTG	GLI3_HUMAN.H11MO.0.B	1	0.00564765	4.34304	0.267528	10	AGGGTGGGGTG	TTGGGTGGTCC	+
640-AGGGTGGGGTG	ZIC4_HUMAN.H11MO.0.D	4	0.00577373	4.44	0.267528	11	AGGGTGGGGTG	GCACAGCGGGGGGTC	+
640-AGGGTGGGGTG	EGR2_HUMAN.H11MO.1.A	6	0.00598092	4.59933	0.267528	10	AGGGTGGGGTG	GGGGCGTGGGCGGGGG	+
640-AGGGTGGGGTG	ZN423_HUMAN.H11MO.0.D	8	0.00610263	4.69292	0.267528	7	AGGGTGGGGTG	GGCACCCAAGGGTGC	+
640-AGGGTGGGGTG	ZN467_HUMAN.H11MO.0.C	0	0.00621078	4.77609	0.267528	11	AGGGTGGGGTG	GGGGAGGGGAGGGGGGGGGGGG	+
640-AGGGTGGGGTG	EGR2_HUMAN.H11MO.0.A	9	0.00644237	4.95418	0.269795	9	AGGGTGGGGTG	GGGGGGGTGTGGGAGGGG	+
640-AGGGTGGGGTG	KLF8_HUMAN.H11MO.0.C	1	0.0067049	5.15606	0.2732	8	AGGGTGGGGTG	CAGGGGGTG	+
640-AGGGTGGGGTG	GLI1_HUMAN.H11MO.0.D	2	0.00742333	5.70854	0.294514	10	AGGGTGGGGTG	CCTGGGTGGTCT	+
640-AGGGTGGGGTG	KLF14_HUMAN.H11MO.0.D	0	0.0080943	6.22451	0.312899	11	AGGGTGGGGTG	AGGGGGGCGTGGC	+
640-AGGGTGGGGTG	EGR1_HUMAN.H11MO.0.A	7	0.00846782	6.51175	0.319155	10	AGGGTGGGGTG	GAGGGCGTGGGCGGGGG	+
640-AGGGTGGGGTG	MAZ_HUMAN.H11MO.0.A	1	0.00920935	7.08199	0.336185	11	AGGGTGGGGTG	GGGGGAGGGGGGGGGGGGGGGG	+
640-AGGGTGGGGTG	Z324A_HUMAN.H11MO.0.C	9	0.00936563	7.20217	0.336185	11	AGGGTGGGGTG	TGGCAGCAAAGGATGGTTTGATA	-
640-AGGGTGGGGTG	KLF9_HUMAN.H11MO.0.C	4	0.0104905	8.06719	0.367805	11	AGGGTGGGGTG	GGAGGGGGCGTGGCC	+
640-AGGGTGGGGTG	RREB1_HUMAN.H11MO.0.D	7	0.0108642	8.3546	0.372252	11	AGGGTGGGGTG	GGGGGGGGGGGTGGTTTGGGGT	+
640-AGGGTGGGGTG	TBX3_HUMAN.H11MO.0.C	1	0.0114167	8.77942	0.374172	10	AGGGTGGGGTG	GGAGGTGGGAA	+
640-AGGGTGGGGTG	WT1_HUMAN.H11MO.1.B	1	0.0114167	8.77942	0.374172	10	AGGGTGGGGTG	GTGGGAGGAGG	+
640-AGGGTGGGGTG	SP1_HUMAN.H11MO.0.A	2	0.0121152	9.3166	0.388618	11	AGGGTGGGGTG	GGGGGGCGGGGCCGGGGGGGGG	+
640-AGGGTGGGGTG	GLIS2_HUMAN.H11MO.0.D	3	0.0135303	10.4048	0.412636	11	AGGGTGGGGTG	CTTCGCGGGGGGTC	+
640-AGGGTGGGGTG	ATF6A_HUMAN.H11MO.0.B	0	0.0139841	10.7538	0.412636	11	AGGGTGGGGTG	GTGGTGACGTGG	+
640-AGGGTGGGGTG	VEZF1_HUMAN.H11MO.1.C	2	0.0139841	10.7538	0.412636	10	AGGGTGGGGTG	AGAGGGAGGGGG	+
640-AGGGTGGGGTG	ZN770_HUMAN.H11MO.1.C	3	0.0140789	10.8266	0.412636	8	AGGGTGGGGTG	GGGAGGCTGAG	+
640-AGGGTGGGGTG	SP4_HUMAN.H11MO.0.A	6	0.0142325	10.9448	0.412636	11	AGGGTGGGGTG	GGGAAGGGGGCGGGGCCGGG	+
640-AGGGTGGGGTG	ZN524_HUMAN.H11MO.0.D	7	0.0145254	11.17	0.413183	11	AGGGTGGGGTG	GGGTTCGAGGGTTCGAGT	+
640-AGGGTGGGGTG	BRCA1_HUMAN.H11MO.0.D	-2	0.0159738	12.2839	0.438019	9	AGGGTGGGGTG	TTTGGGTTG	+
640-AGGGTGGGGTG	E2F6_HUMAN.H11MO.0.A	0	0.0159796	12.2883	0.438019	11	AGGGTGGGGTG	GGGGCGGGAAGGG	+
640-AGGGTGGGGTG	ZN263_HUMAN.H11MO.0.A	6	0.0166714	12.8203	0.441841	11	AGGGTGGGGTG	GGGAGGAGGGAGAGGAGGAG	+
640-AGGGTGGGGTG	SP2_HUMAN.H11MO.0.A	6	0.0167052	12.8463	0.441841	11	AGGGTGGGGTG	GGGGGGGGGGCGGGGCCGGGGG	+
640-AGGGTGGGGTG	ZN329_HUMAN.H11MO.0.C	2	0.0175658	13.5081	0.456593	11	AGGGTGGGGTG	TCAGGCATGGCTGGATCCAG	-
640-AGGGTGGGGTG	ARNT2_HUMAN.H11MO.0.D	0	0.0180476	13.8786	0.461165	11	AGGGTGGGGTG	GGCGTGGGAGGC	+
640-AGGGTGGGGTG	ESR2_HUMAN.H11MO.0.A	0	0.0185578	14.271	0.4663	11	AGGGTGGGGTG	AGGTCAGGGTGACCT	-
640-AGGGTGGGGTG	GLI2_HUMAN.H11MO.0.D	1	0.0191623	14.7358	0.468606	10	AGGGTGGGGTG	GTGGGTGGTCT	+
640-AGGGTGGGGTG	ZSC22_HUMAN.H11MO.0.C	6	0.0192712	14.8196	0.468606	10	AGGGTGGGGTG	GGTCTGAGGGAGGAGG	+
642-ACGAAAGAGAAG	ZFP28_HUMAN.H11MO.0.C	9	0.000157534	0.121144	0.242288	11	ACGAAAGAGAAG	TGACACAAGAAGAAATAGAA	-
647-CTAGGGTCCCA	ZN423_HUMAN.H11MO.0.D	5	0.000114904	0.0883614	0.176723	10	CTAGGGTCCCA	GCACCCTTGGGTGCC	-
647-CTAGGGTCCCA	PRD14_HUMAN.H11MO.0.A	3	0.00114899	0.883576	0.448638	11	CTAGGGTCCCA	AGGTTAGAGACCTA	+
647-CTAGGGTCCCA	ZN524_HUMAN.H11MO.0.D	5	0.00116681	0.897277	0.448638	11	CTAGGGTCCCA	GGGTTCGAGGGTTCGAGT	+
649-ATGTAAATG	PO2F2_HUMAN.H11MO.0.A	2	0.000136113	0.104671	0.134315	9	ATGTAAATG	ATATGCAAATG	+
649-ATGTAAATG	Z354A_HUMAN.H11MO.0.C	7	0.000175194	0.134724	0.134315	9	ATGTAAATG	ACATTAAATGTAAATGGACTAAAT	-
649-ATGTAAATG	FOXB1_HUMAN.H11MO.0.D	3	0.000430329	0.330923	0.219946	9	ATGTAAATG	GTTATGTAAATATTGAC	-
649-ATGTAAATG	P5F1B_HUMAN.H11MO.0.D	6	0.000664768	0.511207	0.225301	9	ATGTAAATG	ATGAATATGCAAATTA	-
649-ATGTAAATG	FOXD2_HUMAN.H11MO.0.D	1	0.000734678	0.564967	0.225301	9	ATGTAAATG	TATGTAAATATTTATTTAA	+
649-ATGTAAATG	OVOL1_HUMAN.H11MO.0.C	-1	0.00176608	1.35811	0.451331	8	ATGTAAATG	TGTAACTGT	+
649-ATGTAAATG	TEF_HUMAN.H11MO.0.D	5	0.0020781	1.59806	0.455202	9	ATGTAAATG	TGTTTATGTAAATG	+
651-AGCTGGAGGG	ZN331_HUMAN.H11MO.0.C	10	0.000279213	0.214715	0.406984	10	AGCTGGAGGG	GGCTGGGCTCAGCTGGGTGG	+
651-AGCTGGAGGG	HXB1_HUMAN.H11MO.0.D	0	0.000790478	0.607878	0.406984	10	AGCTGGAGGG	TGATGGATGG	+
651-AGCTGGAGGG	MYOD1_HUMAN.H11MO.1.A	3	0.00120426	0.926078	0.406984	8	AGCTGGAGGG	GACAGCTGCAG	-
651-AGCTGGAGGG	TFAP4_HUMAN.H11MO.0.A	4	0.00170579	1.31175	0.406984	6	AGCTGGAGGG	AAACAGCTGG	-
651-AGCTGGAGGG	ZN281_HUMAN.H11MO.0.A	3	0.0019167	1.47394	0.406984	10	AGCTGGAGGG	GGGTGGGGGAGGGGA	+
651-AGCTGGAGGG	ZIC3_HUMAN.H11MO.0.B	4	0.00215073	1.65391	0.406984	10	AGCTGGAGGG	TCACAGCAGGGGGCC	-
651-AGCTGGAGGG	MYOG_HUMAN.H11MO.0.B	5	0.00240765	1.85149	0.406984	8	AGCTGGAGGG	GGGACAGCTGCGG	-
651-AGCTGGAGGG	VEZF1_HUMAN.H11MO.1.C	0	0.00254702	1.95865	0.406984	10	AGCTGGAGGG	AGAGGGAGGGGG	+
651-AGCTGGAGGG	PTF1A_HUMAN.H11MO.1.B	3	0.00263971	2.02994	0.406984	6	AGCTGGAGGG	AGCAGCTGG	+
651-AGCTGGAGGG	BHA15_HUMAN.H11MO.0.B	5	0.00267861	2.05985	0.406984	6	AGCTGGAGGG	GCAGCAGCTGG	+
651-AGCTGGAGGG	ZBTB4_HUMAN.H11MO.0.D	3	0.00348266	2.67816	0.415791	10	AGCTGGAGGG	CCTAGATGGCAGGTGGG	+
651-AGCTGGAGGG	MYF6_HUMAN.H11MO.0.C	2	0.00443062	3.40715	0.450547	5	AGCTGGAGGG	GCAGCTG	-
651-AGCTGGAGGG	ATOH1_HUMAN.H11MO.0.B	3	0.00444798	3.4205	0.450547	6	AGCTGGAGGG	AGCAGATGG	+
655-AAAATCATCTG	OLIG1_HUMAN.H11MO.0.D	1	0.000118885	0.0914227	0.182845	11	AAAATCATCTG	AAAAAACATATGGT	-
655-AAAATCATCTG	BHE22_HUMAN.H11MO.0.D	0	0.000371942	0.286023	0.286023	11	AAAATCATCTG	AAAAACATATGGT	-
658-ACCAAGGAAA	REST_HUMAN.H11MO.0.A	6	0.000123264	0.0947899	0.187034	10	ACCAAGGAAA	TTCAGCACCATGGACAGCGCCC	+
658-ACCAAGGAAA	RFX3_HUMAN.H11MO.0.B	2	0.000496421	0.381748	0.376622	10	ACCAAGGAAA	TTACCATGGCAACC	-
658-ACCAAGGAAA	RFX4_HUMAN.H11MO.0.D	3	0.000958101	0.736779	0.48459	10	ACCAAGGAAA	GTTACCATGGCAACG	-
659-AGCAGGTTA	PRRX1_HUMAN.H11MO.0.D	-2	9.99086e-05	0.0768297	0.153427	7	AGCAGGTTA	CAGATTA	-
660-ATAAATTCTA	PO6F1_HUMAN.H11MO.0.D	3	0.0002524	0.194096	0.388191	10	ATAAATTCTA	TGCATAAATTATG	-
662-GATTAAAC	ZN232_HUMAN.H11MO.0.D	11	0.000602804	0.463556	0.447173	8	GATTAAAC	TGTTAAATGTAGATTAAGT	+
662-GATTAAAC	DUXA_HUMAN.H11MO.0.D	1	0.00172866	1.32934	0.447173	8	GATTAAAC	TGATTAAATTA	+
662-GATTAAAC	OTX2_HUMAN.H11MO.0.A	4	0.00238119	1.83114	0.447173	7	GATTAAAC	AGGGGATTAAC	+
662-GATTAAAC	DPRX_HUMAN.H11MO.0.D	3	0.0025361	1.95026	0.447173	8	GATTAAAC	ACGGATTATCC	+
662-GATTAAAC	PITX2_HUMAN.H11MO.0.D	3	0.00308205	2.37009	0.447173	7	GATTAAAC	TGGGATTAAA	+
662-GATTAAAC	GSC_HUMAN.H11MO.0.D	4	0.00345867	2.65972	0.447173	7	GATTAAAC	AAGGGATTAGC	+
662-GATTAAAC	HNF1B_HUMAN.H11MO.1.A	3	0.00415066	3.19186	0.447173	8	GATTAAAC	AATCATTAACT	-
662-GATTAAAC	FOXQ1_HUMAN.H11MO.0.C	0	0.00419175	3.22345	0.447173	8	GATTAAAC	AAATAAACAATT	-
662-GATTAAAC	PAX3_HUMAN.H11MO.0.D	7	0.00435968	3.3526	0.447173	6	GATTAAAC	GATAATCGATTAA	+
662-GATTAAAC	FOXC1_HUMAN.H11MO.0.C	3	0.00442597	3.40357	0.447173	8	GATTAAAC	CTTAAGTAAACAATG	-
662-GATTAAAC	NKX62_HUMAN.H11MO.0.D	3	0.00496786	3.82029	0.447173	8	GATTAAAC	GGTAATTAATT	-
662-GATTAAAC	PAX7_HUMAN.H11MO.0.D	5	0.00496786	3.82029	0.447173	6	GATTAAAC	TAATTGATTAT	+
662-GATTAAAC	DDIT3_HUMAN.H11MO.0.D	2	0.00498693	3.83495	0.447173	8	GATTAAAC	ATGATGCAAT	+
662-GATTAAAC	FOXO4_HUMAN.H11MO.0.C	-1	0.00527749	4.05839	0.447173	7	GATTAAAC	AATAAACAA	-
662-GATTAAAC	OTX1_HUMAN.H11MO.0.D	2	0.00529551	4.07225	0.447173	6	GATTAAAC	AGGATTAG	+
662-GATTAAAC	ARI3A_HUMAN.H11MO.0.D	0	0.00549318	4.22425	0.447173	8	GATTAAAC	AATTAATCGAAATCAAATTAAA	+
662-GATTAAAC	HXB8_HUMAN.H11MO.0.C	2	0.00593157	4.56138	0.447173	8	GATTAAAC	TTGATTAATGC	+
662-GATTAAAC	FOXF1_HUMAN.H11MO.0.D	1	0.00593157	4.56138	0.447173	8	GATTAAAC	AAAATAAACAT	-
662-GATTAAAC	ZN652_HUMAN.H11MO.0.D	-1	0.00593157	4.56138	0.447173	7	GATTAAAC	ATTAACCCTTT	-
662-GATTAAAC	HXB7_HUMAN.H11MO.0.C	2	0.00631222	4.85409	0.453209	8	GATTAAAC	TTGATTAATG	+
667-GCCACTCCCATTC	KLF4_HUMAN.H11MO.0.A	0	1.98603e-05	0.0152725	0.0301996	10	GCCACTCCCATTC	GCCACACCCT	-
667-GCCACTCCCATTC	KLF9_HUMAN.H11MO.0.C	1	0.000113701	0.0874364	0.0811836	13	GCCACTCCCATTC	GGCCACGCCCCCTCC	-
667-GCCACTCCCATTC	KLF6_HUMAN.H11MO.0.A	6	0.000244063	0.187685	0.0811836	13	GCCACTCCCATTC	CCCCCGGCCCCGCCCTTCC	-
667-GCCACTCCCATTC	KLF12_HUMAN.H11MO.0.C	0	0.000349131	0.268482	0.0811836	11	GCCACTCCCATTC	GCCCCGCCCCT	-
667-GCCACTCCCATTC	MAZ_HUMAN.H11MO.1.A	0	0.000349131	0.268482	0.0811836	11	GCCACTCCCATTC	CCCCCTCCCTC	-
667-GCCACTCCCATTC	KLF5_HUMAN.H11MO.0.A	4	0.000410336	0.315549	0.0811836	10	GCCACTCCCATTC	CCCAGCCCCACCCT	-
667-GCCACTCCCATTC	PATZ1_HUMAN.H11MO.1.C	-1	0.000414913	0.319068	0.0811836	9	GCCACTCCCATTC	CCCCTCCCT	-
667-GCCACTCCCATTC	KLF3_HUMAN.H11MO.0.B	4	0.000437821	0.336684	0.0811836	13	GCCACTCCCATTC	CCCGGCCCCGCCCCTCCCC	-
667-GCCACTCCCATTC	KLF1_HUMAN.H11MO.0.A	4	0.000526639	0.404985	0.0811836	10	GCCACTCCCATTC	CCCGGCCCCGCCCC	-
667-GCCACTCCCATTC	KLF14_HUMAN.H11MO.0.D	0	0.000533891	0.410562	0.0811836	13	GCCACTCCCATTC	GCCACGCCCCCCT	-
667-GCCACTCCCATTC	SP4_HUMAN.H11MO.1.A	2	0.00101567	0.781052	0.140403	13	GCCACTCCCATTC	CGGCCCCGCCCCCTCC	-
667-GCCACTCCCATTC	EGR3_HUMAN.H11MO.0.D	-3	0.00140888	1.08343	0.163044	10	GCCACTCCCATTC	ACACCCACTCT	-
667-GCCACTCCCATTC	EGR2_HUMAN.H11MO.1.A	0	0.00144884	1.11416	0.163044	13	GCCACTCCCATTC	CCCCCGCCCACGCCCC	-
667-GCCACTCCCATTC	WT1_HUMAN.H11MO.1.B	0	0.00150112	1.15436	0.163044	11	GCCACTCCCATTC	CCTCCTCCCAC	-
667-GCCACTCCCATTC	ZN148_HUMAN.H11MO.0.D	1	0.00177608	1.36581	0.180048	13	GCCACTCCCATTC	CCCCTCCCCCACCCC	-
667-GCCACTCCCATTC	SP3_HUMAN.H11MO.0.B	5	0.0026713	2.05423	0.253875	13	GCCACTCCCATTC	CCCCGGCCCCGCCCCCCCCC	-
667-GCCACTCCCATTC	SP1_HUMAN.H11MO.1.A	2	0.00307094	2.36155	0.258696	12	GCCACTCCCATTC	CGGCCCCGCCCCCC	-
667-GCCACTCCCATTC	MZF1_HUMAN.H11MO.0.B	0	0.00314624	2.41946	0.258696	13	GCCACTCCCATTC	CCCAATCCCCTCC	-
667-GCCACTCCCATTC	ETS1_HUMAN.H11MO.0.A	-1	0.00332732	2.55871	0.258696	12	GCCACTCCCATTC	CCACTTCCTGTCT	-
667-GCCACTCCCATTC	SALL4_HUMAN.H11MO.0.B	-2	0.00344177	2.64672	0.258696	10	GCCACTCCCATTC	CCCACCCTCC	-
667-GCCACTCCCATTC	IKZF1_HUMAN.H11MO.0.C	-3	0.00357267	2.74738	0.258696	8	GCCACTCCCATTC	TCTCCCAA	-
667-GCCACTCCCATTC	ZN281_HUMAN.H11MO.0.A	2	0.00412107	3.1691	0.282961	13	GCCACTCCCATTC	TCCCCTCCCCCACCC	-
667-GCCACTCCCATTC	VEZF1_HUMAN.H11MO.1.C	0	0.00427995	3.29128	0.282961	12	GCCACTCCCATTC	CCCCCTCCCTCT	-
667-GCCACTCCCATTC	EGR1_HUMAN.H11MO.0.A	0	0.0044774	3.44312	0.283681	13	GCCACTCCCATTC	CCCCCGCCCACGCCCTC	-
667-GCCACTCCCATTC	EGR2_HUMAN.H11MO.0.A	5	0.00487838	3.75148	0.296723	13	GCCACTCCCATTC	CCCCTCCCACACCCCCCC	-
667-GCCACTCCCATTC	ZN394_HUMAN.H11MO.1.D	-4	0.00528074	4.06089	0.308843	9	GCCACTCCCATTC	ATTCCATTC	-
667-GCCACTCCCATTC	SP2_HUMAN.H11MO.1.B	0	0.005661	4.35331	0.31882	12	GCCACTCCCATTC	GCCCCGCCCCCT	-
667-GCCACTCCCATTC	ZN219_HUMAN.H11MO.0.D	0	0.00632159	4.8613	0.343308	12	GCCACTCCCATTC	TCCGCCCCCCTC	-
667-GCCACTCCCATTC	KLF16_HUMAN.H11MO.0.D	8	0.00684309	5.26234	0.358815	11	GCCACTCCCATTC	CCCCCCCCCCCCCGCCCCC	-
667-GCCACTCCCATTC	WT1_HUMAN.H11MO.0.C	5	0.00804516	6.18673	0.396288	13	GCCACTCCCATTC	CCCCCCCTCCTCCCCCGCCC	-
667-GCCACTCCCATTC	NKX21_HUMAN.H11MO.0.A	0	0.00807898	6.21273	0.396288	10	GCCACTCCCATTC	GCCACTCAAG	-
667-GCCACTCCCATTC	NKX25_HUMAN.H11MO.0.B	-1	0.00928692	7.14164	0.441304	8	GCCACTCCCATTC	CCTCTCCA	-
667-GCCACTCCCATTC	TAF1_HUMAN.H11MO.0.A	2	0.00990958	7.62047	0.444051	13	GCCACTCCCATTC	CCGCCGCCGCCATCTT	-
667-GCCACTCCCATTC	TBX1_HUMAN.H11MO.0.D	1	0.00992879	7.63524	0.444051	13	GCCACTCCCATTC	CCGCCCACCCCTGCCCACCC	-
667-GCCACTCCCATTC	TBX15_HUMAN.H11MO.0.D	0	0.0104226	8.01494	0.452816	13	GCCACTCCCATTC	CCCCCACCCCCCCCCCCCC	-
667-GCCACTCCCATTC	ZNF76_HUMAN.H11MO.0.C	-3	0.010771	8.28292	0.454957	10	GCCACTCCCATTC	ACTACAATTCCCAGAATGCCCC	-
667-GCCACTCCCATTC	ZN143_HUMAN.H11MO.0.A	-1	0.0113478	8.72648	0.466366	12	GCCACTCCCATTC	GAACTACAATTCCCAGAATGCC	-
669-TATTCTGGA	HSF1_HUMAN.H11MO.1.A	-2	0.000123753	0.0951658	0.190332	7	TATTCTGGA	TTCTGGAAA	+
669-TATTCTGGA	ZN410_HUMAN.H11MO.0.D	0	0.0007608	0.585055	0.423477	9	TATTCTGGA	TATTATGGGATGG	+
669-TATTCTGGA	HSF4_HUMAN.H11MO.0.D	5	0.00103292	0.794313	0.423477	9	TATTCTGGA	TAGAACGTTCTAGAA	+
669-TATTCTGGA	HXB2_HUMAN.H11MO.0.D	5	0.00110137	0.846954	0.423477	9	TATTCTGGA	TAGAACATTCTAGAA	+
670-ATTCTGTAA	HSF1_HUMAN.H11MO.1.A	-1	0.000407216	0.313149	0.219796	8	ATTCTGTAA	TTCTGGAAA	+
670-ATTCTGTAA	HLF_HUMAN.H11MO.0.C	1	0.000431028	0.331461	0.219796	9	ATTCTGTAA	GATTACGTAACAG	+
670-ATTCTGTAA	DBP_HUMAN.H11MO.0.B	0	0.000535611	0.411885	0.219796	9	ATTCTGTAA	GTTATGTAACA	+
670-ATTCTGTAA	NFIL3_HUMAN.H11MO.0.D	1	0.000571642	0.439593	0.219796	9	ATTCTGTAA	AGTTATGTAAT	+
673-TACTAATARAYATTA	LHX8_HUMAN.H11MO.0.D	0	0.00132722	1.02063	0.359434	15	TACTAATAGATATTA	CGCTAATTACAATTAATT	+
673-TACTAATARAYATTA	HXA5_HUMAN.H11MO.0.D	0	0.00135301	1.04047	0.359434	10	TACTAATAGATATTA	CATTAATCAA	-
673-TACTAATARAYATTA	MEF2D_HUMAN.H11MO.0.A	1	0.00139737	1.07458	0.359434	11	TACTAATAGATATTA	CTAAAAATAGCA	-
673-TACTAATARAYATTA	ARI3A_HUMAN.H11MO.0.D	0	0.00153157	1.17778	0.359434	15	TACTAATAGATATTA	AATTAATCGAAATCAAATTAAA	+
673-TACTAATARAYATTA	LHX3_HUMAN.H11MO.0.C	-1	0.00162867	1.25245	0.359434	13	TACTAATAGATATTA	ATTAATTAATTTT	-
673-TACTAATARAYATTA	PAX4_HUMAN.H11MO.0.D	1	0.00202138	1.55444	0.359434	11	TACTAATAGATATTA	TAACTAATTCGC	+
673-TACTAATARAYATTA	PRRX2_HUMAN.H11MO.0.C	-2	0.00225922	1.73734	0.359434	7	TACTAATAGATATTA	TTAATTG	+
673-TACTAATARAYATTA	VENTX_HUMAN.H11MO.0.D	0	0.00241955	1.86063	0.359434	15	TACTAATAGATATTA	CGCTAATTGGTTTCTAATT	+
673-TACTAATARAYATTA	NOBOX_HUMAN.H11MO.0.C	-2	0.0027154	2.08815	0.359434	9	TACTAATAGATATTA	CTAATTGGT	+
673-TACTAATARAYATTA	LHX4_HUMAN.H11MO.0.D	1	0.00297601	2.28855	0.359434	10	TACTAATAGATATTA	AAGTTAATTAG	+
673-TACTAATARAYATTA	GSX2_HUMAN.H11MO.0.D	-2	0.00317681	2.44296	0.359434	13	TACTAATAGATATTA	TTAATTAGTTTTTAAT	+
673-TACTAATARAYATTA	HXB3_HUMAN.H11MO.0.D	-2	0.00322497	2.48	0.359434	13	TACTAATAGATATTA	TTAATTAGTTTTTA	+
673-TACTAATARAYATTA	PIT1_HUMAN.H11MO.0.C	-2	0.00327217	2.5163	0.359434	13	TACTAATAGATATTA	CTCATGAATATAT	+
673-TACTAATARAYATTA	RX_HUMAN.H11MO.0.D	-2	0.00336876	2.59057	0.359434	11	TACTAATAGATATTA	TTAATTAGCAA	+
673-TACTAATARAYATTA	ESX1_HUMAN.H11MO.0.D	-1	0.00364616	2.8039	0.363097	14	TACTAATAGATATTA	GCTAATTAGCAATAATT	+
673-TACTAATARAYATTA	VAX2_HUMAN.H11MO.0.D	0	0.00416607	3.20371	0.380727	15	TACTAATAGATATTA	CACTAATTACCCTATT	-
673-TACTAATARAYATTA	PO3F3_HUMAN.H11MO.0.D	2	0.00452185	3.4773	0.380727	15	TACTAATAGATATTA	ATAAATTATGCAAATTT	+
673-TACTAATARAYATTA	ZBT49_HUMAN.H11MO.0.D	1	0.00485339	3.73226	0.380727	10	TACTAATAGATATTA	GCGCTAATTGG	+
673-TACTAATARAYATTA	LMX1B_HUMAN.H11MO.0.D	1	0.00502912	3.86739	0.380727	15	TACTAATAGATATTA	TAATTAATTGATTTATTT	+
673-TACTAATARAYATTA	MEF2B_HUMAN.H11MO.0.A	1	0.00527599	4.05724	0.380727	13	TACTAATAGATATTA	CCAAAAATAGCAAC	-
673-TACTAATARAYATTA	BARX2_HUMAN.H11MO.0.D	1	0.00535249	4.11606	0.380727	9	TACTAATAGATATTA	TCATTAATTG	+
673-TACTAATARAYATTA	MEF2C_HUMAN.H11MO.0.A	2	0.00603809	4.64329	0.401354	11	TACTAATAGATATTA	GCTAAAAATAGCA	-
673-TACTAATARAYATTA	DMBX1_HUMAN.H11MO.0.D	0	0.00617985	4.7523	0.401354	15	TACTAATAGATATTA	AATTAATTAGATTATAATTA	-
673-TACTAATARAYATTA	LHX2_HUMAN.H11MO.0.A	0	0.00687587	5.28755	0.413666	12	TACTAATAGATATTA	TTTTAATTAGTT	+
673-TACTAATARAYATTA	FOXF1_HUMAN.H11MO.0.D	-2	0.00692328	5.324	0.413666	11	TACTAATAGATATTA	AAAATAAACAT	-
673-TACTAATARAYATTA	ISX_HUMAN.H11MO.0.D	-2	0.00743761	5.71952	0.422007	13	TACTAATAGATATTA	TTAATTAGCTTAAATT	+
673-TACTAATARAYATTA	PO3F4_HUMAN.H11MO.0.D	2	0.00764116	5.87605	0.422007	15	TACTAATAGATATTA	ATAAATTATGCAAATTA	-
673-TACTAATARAYATTA	MEF2A_HUMAN.H11MO.0.A	2	0.00791042	6.08311	0.422007	11	TACTAATAGATATTA	GCTAAAAATAGAA	-
673-TACTAATARAYATTA	SHOX2_HUMAN.H11MO.0.D	-2	0.00846706	6.51117	0.430496	13	TACTAATAGATATTA	CTAATTAGTTAATTTTA	+
673-TACTAATARAYATTA	HXA2_HUMAN.H11MO.0.D	0	0.00923958	7.10523	0.430496	11	TACTAATAGATATTA	CGCTAATTACC	-
673-TACTAATARAYATTA	PO4F2_HUMAN.H11MO.0.D	0	0.00927886	7.13544	0.430496	13	TACTAATAGATATTA	TATTAATGAGCTG	+
673-TACTAATARAYATTA	FOXJ3_HUMAN.H11MO.0.A	0	0.00927886	7.13544	0.430496	13	TACTAATAGATATTA	AAAAAATAAACAA	-
673-TACTAATARAYATTA	MSX2_HUMAN.H11MO.0.D	-3	0.0101726	7.82275	0.430496	7	TACTAATAGATATTA	TAATTGT	+
673-TACTAATARAYATTA	NKX61_HUMAN.H11MO.0.B	0	0.0101892	7.83551	0.430496	15	TACTAATAGATATTA	GATTAATGGGAATTTAATG	+
673-TACTAATARAYATTA	DLX3_HUMAN.H11MO.0.C	-1	0.0104079	8.00365	0.430496	10	TACTAATAGATATTA	GATAATTACA	+
673-TACTAATARAYATTA	HME1_HUMAN.H11MO.0.D	-1	0.0109074	8.3878	0.430496	14	TACTAATAGATATTA	GCTAATTACCCAATTAT	+
673-TACTAATARAYATTA	FOXG1_HUMAN.H11MO.0.D	3	0.0109074	8.3878	0.430496	14	TACTAATAGATATTA	AAAAAAATATAAACAAT	-
673-TACTAATARAYATTA	NKX62_HUMAN.H11MO.0.D	0	0.0109515	8.42172	0.430496	11	TACTAATAGATATTA	AATTAATTACC	+
673-TACTAATARAYATTA	GBX1_HUMAN.H11MO.0.D	-2	0.0120542	9.26972	0.450151	13	TACTAATAGATATTA	CTAATTAGCTAAAATTT	+
673-TACTAATARAYATTA	SHOX_HUMAN.H11MO.0.D	-2	0.0120542	9.26972	0.450151	13	TACTAATAGATATTA	CTAATTAGTTAATTTTT	+
673-TACTAATARAYATTA	HXC10_HUMAN.H11MO.0.D	1	0.013091	10.067	0.466893	15	TACTAATAGATATTA	GTAATAAAAAAATTAAAAA	-
673-TACTAATARAYATTA	VAX1_HUMAN.H11MO.0.D	-1	0.0133254	10.2472	0.466893	14	TACTAATAGATATTA	GGTAATTAGGGTTAATTA	+
673-TACTAATARAYATTA	ZFHX3_HUMAN.H11MO.0.D	-3	0.0136869	10.5252	0.466893	11	TACTAATAGATATTA	TAATTATTAAT	-
673-TACTAATARAYATTA	GBX2_HUMAN.H11MO.0.D	-2	0.0139846	10.7541	0.466893	13	TACTAATAGATATTA	CTAATTAGCCTTTAATT	+
673-TACTAATARAYATTA	MEOX2_HUMAN.H11MO.0.D	-2	0.014462	11.1213	0.466893	11	TACTAATAGATATTA	TTAATTATGAT	+
673-TACTAATARAYATTA	UNC4_HUMAN.H11MO.0.D	-3	0.014462	11.1213	0.466893	11	TACTAATAGATATTA	TAATTAAATTA	-
673-TACTAATARAYATTA	ONEC3_HUMAN.H11MO.0.D	0	0.0146905	11.297	0.466893	12	TACTAATAGATATTA	AAAAAATCAATA	-
673-TACTAATARAYATTA	RAX2_HUMAN.H11MO.0.D	-2	0.0154826	11.9061	0.481815	12	TACTAATAGATATTA	CTAATTAAATTA	+
674-ATCAATTTCTGT	SOX8_HUMAN.H11MO.0.D	2	4.45659e-05	0.0342712	0.0683493	12	ATCAATTTCTGT	GCATCAATTGCAGTGA	-
674-ATCAATTTCTGT	ZIM3_HUMAN.H11MO.0.C	0	0.000471667	0.362712	0.273331	12	ATCAATTTCTGT	TTGGGTTTCTGTTGCTTGC	+
674-ATCAATTTCTGT	STAT2_HUMAN.H11MO.0.A	2	0.000534661	0.411154	0.273331	12	ATCAATTTCTGT	CTTTCAGTTTCATTTTCCT	-
674-ATCAATTTCTGT	IRF1_HUMAN.H11MO.0.A	5	0.00103261	0.794077	0.321405	12	ATCAATTTCTGT	TTACTTTCACTTTCATTTTC	-
674-ATCAATTTCTGT	STAT1_HUMAN.H11MO.1.A	2	0.00104783	0.805782	0.321405	12	ATCAATTTCTGT	CTTTCAGTTTCATTTTCTT	-
674-ATCAATTTCTGT	IRF2_HUMAN.H11MO.0.A	5	0.00166001	1.27655	0.424318	12	ATCAATTTCTGT	TTACTTTCACTTTCACTTTC	-
675-AGAAAAATGTATTAA	ONEC3_HUMAN.H11MO.0.D	-1	0.000230341	0.177132	0.351095	12	AGAAAAATGTATTAA	AAAAAATCAATA	-
675-AGAAAAATGTATTAA	CPEB1_HUMAN.H11MO.0.D	0	0.00143326	1.10218	0.435649	15	AGAAAAATGTATTAA	AAAAAAAAAAATAAAAA	-
675-AGAAAAATGTATTAA	Z354A_HUMAN.H11MO.0.C	7	0.00157254	1.20928	0.435649	15	AGAAAAATGTATTAA	ACATTAAATGTAAATGGACTAAAT	-
675-AGAAAAATGTATTAA	PROP1_HUMAN.H11MO.0.D	-3	0.00184222	1.41666	0.435649	11	AGAAAAATGTATTAA	TAATTGAATTA	+
675-AGAAAAATGTATTAA	ONEC2_HUMAN.H11MO.0.D	1	0.00189205	1.45498	0.435649	15	AGAAAAATGTATTAA	AAAAAAAATCAATAACAAGAC	-
675-AGAAAAATGTATTAA	PAX7_HUMAN.H11MO.0.D	-3	0.0019542	1.50278	0.435649	11	AGAAAAATGTATTAA	ATAATCAATTA	-
675-AGAAAAATGTATTAA	LHX3_HUMAN.H11MO.0.C	-3	0.0023095	1.77601	0.435649	12	AGAAAAATGTATTAA	AAAATTAATTAAT	+
675-AGAAAAATGTATTAA	PAX3_HUMAN.H11MO.0.D	-2	0.00301613	2.3194	0.435649	13	AGAAAAATGTATTAA	GATAATCGATTAA	+
675-AGAAAAATGTATTAA	NFAC4_HUMAN.H11MO.0.C	0	0.00307777	2.36681	0.435649	10	AGAAAAATGTATTAA	AGGAAAATTT	+
675-AGAAAAATGTATTAA	PO4F3_HUMAN.H11MO.0.D	1	0.00409306	3.14756	0.435649	14	AGAAAAATGTATTAA	ATGAATAATTAATGA	-
675-AGAAAAATGTATTAA	ARX_HUMAN.H11MO.0.D	-2	0.00413004	3.176	0.435649	13	AGAAAAATGTATTAA	CTAATTAAATTAA	-
675-AGAAAAATGTATTAA	SOX13_HUMAN.H11MO.0.D	-1	0.00464591	3.5727	0.435649	8	AGAAAAATGTATTAA	GAACAATG	-
675-AGAAAAATGTATTAA	ZN713_HUMAN.H11MO.0.D	2	0.00473667	3.6425	0.435649	15	AGAAAAATGTATTAA	ATAGAAAAATGACATGAAA	+
675-AGAAAAATGTATTAA	HXB3_HUMAN.H11MO.0.D	-1	0.00482424	3.70984	0.435649	14	AGAAAAATGTATTAA	TAAAAACTAATTAA	-
675-AGAAAAATGTATTAA	SOX15_HUMAN.H11MO.0.D	-2	0.00487556	3.7493	0.435649	7	AGAAAAATGTATTAA	AACAATG	-
675-AGAAAAATGTATTAA	ZNF85_HUMAN.H11MO.0.C	2	0.00488759	3.75856	0.435649	15	AGAAAAATGTATTAA	ATAGAAAACTGAAGTAATCT	+
675-AGAAAAATGTATTAA	PHX2B_HUMAN.H11MO.0.D	-3	0.00514464	3.95623	0.435649	11	AGAAAAATGTATTAA	TAATTAAATTA	-
675-AGAAAAATGTATTAA	NFAC2_HUMAN.H11MO.0.B	0	0.00545767	4.19695	0.437503	9	AGAAAAATGTATTAA	TGGAAAATT	+
675-AGAAAAATGTATTAA	UNC4_HUMAN.H11MO.0.D	-3	0.0057406	4.41452	0.437503	11	AGAAAAATGTATTAA	TAATTAAATTA	-
675-AGAAAAATGTATTAA	SOX17_HUMAN.H11MO.0.C	0	0.00675536	5.19487	0.465129	11	AGAAAAATGTATTAA	AAAACAATGGC	-
675-AGAAAAATGTATTAA	ALX1_HUMAN.H11MO.0.B	-2	0.00689001	5.29842	0.465129	12	AGAAAAATGTATTAA	ATAATTGAATTA	+
675-AGAAAAATGTATTAA	PHX2A_HUMAN.H11MO.0.D	-3	0.00712892	5.48214	0.465129	11	AGAAAAATGTATTAA	TAATTAAATTA	-
675-AGAAAAATGTATTAA	SOX5_HUMAN.H11MO.0.C	-1	0.00772677	5.94189	0.465129	8	AGAAAAATGTATTAA	TAACAATA	-
675-AGAAAAATGTATTAA	ALX3_HUMAN.H11MO.0.D	-3	0.00793401	6.10125	0.465129	11	AGAAAAATGTATTAA	TAATTAAATTA	+
675-AGAAAAATGTATTAA	HMX1_HUMAN.H11MO.0.D	1	0.00901139	6.92976	0.488823	15	AGAAAAATGTATTAA	ATTAAAAAACAATTAAC	-
675-AGAAAAATGTATTAA	DRGX_HUMAN.H11MO.0.D	-3	0.00930027	7.15191	0.488823	11	AGAAAAATGTATTAA	TAATTAAATTA	-
677-CTCTGCAACATA	ZN121_HUMAN.H11MO.0.C	0	0.00010278	0.0790377	0.158075	12	CTCTGCAACATA	CTGGGCAACATAGCAAGACC	+
678-ACAGGACAGGACAT	ANDR_HUMAN.H11MO.0.A	5	0.000578498	0.444865	0.306965	13	ACAGGACAGGACAT	AGCAAACAAAAAAGAACA	-
678-ACAGGACAGGACAT	PRGR_HUMAN.H11MO.1.A	-2	0.000655052	0.503735	0.306965	9	ACAGGACAGGACAT	AGAACAGAA	+
678-ACAGGACAGGACAT	P63_HUMAN.H11MO.0.A	2	0.000796582	0.612572	0.306965	14	ACAGGACAGGACAT	GGGCATGCCTGGACATGCC	-
678-ACAGGACAGGACAT	P53_HUMAN.H11MO.0.A	2	0.000801307	0.616205	0.306965	14	ACAGGACAGGACAT	GGGCATGTCTGGGCATGTCT	-
678-ACAGGACAGGACAT	PPARA_HUMAN.H11MO.1.B	0	0.00101769	0.782601	0.311885	9	ACAGGACAGGACAT	AAAGGTCAG	+
678-ACAGGACAGGACAT	P73_HUMAN.H11MO.0.A	1	0.00134264	1.03249	0.342894	14	ACAGGACAGGACAT	GGCATGTCTGGGCATGTCT	-
678-ACAGGACAGGACAT	NR1H3_HUMAN.H11MO.1.B	0	0.00193084	1.48482	0.422668	10	ACAGGACAGGACAT	AAAGGTCAGA	+
680-CGCCCAGCAGCCC	EGR4_HUMAN.H11MO.0.D	-1	0.000285716	0.219716	0.276155	11	CGCCCAGCAGCCC	GCCCTGCCGCC	-
680-CGCCCAGCAGCCC	ZSC31_HUMAN.H11MO.0.C	6	0.000640522	0.492562	0.276155	12	CGCCCAGCAGCCC	CATAACTGCCCTGCTGCC	-
680-CGCCCAGCAGCCC	THA11_HUMAN.H11MO.0.B	9	0.000777354	0.597785	0.276155	13	CGCCCAGCAGCCC	GAACTACAACTCCCAGCATGCC	-
680-CGCCCAGCAGCCC	ZN143_HUMAN.H11MO.0.A	9	0.000981009	0.754396	0.276155	13	CGCCCAGCAGCCC	GAACTACAATTCCCAGAATGCC	-
680-CGCCCAGCAGCCC	PTF1A_HUMAN.H11MO.1.B	-3	0.0010157	0.781075	0.276155	9	CGCCCAGCAGCCC	CCAGCTGCT	-
680-CGCCCAGCAGCCC	ITF2_HUMAN.H11MO.0.C	-2	0.00151983	1.16875	0.276155	10	CGCCCAGCAGCCC	CCCAGCTGCC	-
680-CGCCCAGCAGCCC	ZNF76_HUMAN.H11MO.0.C	7	0.00154775	1.19022	0.276155	13	CGCCCAGCAGCCC	ACTACAATTCCCAGAATGCCCC	-
680-CGCCCAGCAGCCC	ZBTB4_HUMAN.H11MO.0.D	-2	0.00172349	1.32536	0.276155	11	CGCCCAGCAGCCC	CCCACCTGCCATCTAGG	-
680-CGCCCAGCAGCCC	ZIC3_HUMAN.H11MO.0.B	-1	0.00188123	1.44666	0.276155	12	CGCCCAGCAGCCC	TCACAGCAGGGGGCC	-
680-CGCCCAGCAGCCC	ZN331_HUMAN.H11MO.0.C	1	0.00189325	1.45591	0.276155	13	CGCCCAGCAGCCC	CCACCCAGCTGAGCCCAGCC	-
680-CGCCCAGCAGCCC	SP1_HUMAN.H11MO.1.A	1	0.00206879	1.5909	0.276155	13	CGCCCAGCAGCCC	CGGCCCCGCCCCCC	-
680-CGCCCAGCAGCCC	ZN436_HUMAN.H11MO.0.C	4	0.00239535	1.84202	0.276155	13	CGCCCAGCAGCCC	CCTCCTCCAGGAAGCCTTCCCTGA	-
680-CGCCCAGCAGCCC	HTF4_HUMAN.H11MO.0.A	-2	0.00244532	1.88045	0.276155	10	CGCCCAGCAGCCC	CACAGCTGCA	-
680-CGCCCAGCAGCCC	ZIC4_HUMAN.H11MO.0.D	2	0.0027352	2.10337	0.276155	13	CGCCCAGCAGCCC	GACCCCCCGCTGTGC	-
680-CGCCCAGCAGCCC	MYOG_HUMAN.H11MO.0.B	-1	0.00279261	2.14752	0.276155	12	CGCCCAGCAGCCC	CCGCAGCTGTCCC	+
680-CGCCCAGCAGCCC	ZN770_HUMAN.H11MO.1.C	-2	0.0029019	2.23156	0.276155	11	CGCCCAGCAGCCC	CTCAGCCTCCC	-
680-CGCCCAGCAGCCC	ASCL2_HUMAN.H11MO.0.D	-3	0.003805	2.92605	0.306682	9	CGCCCAGCAGCCC	CCAGCTGCT	+
680-CGCCCAGCAGCCC	BHA15_HUMAN.H11MO.0.B	-3	0.00381887	2.93671	0.306682	10	CGCCCAGCAGCCC	CCAGCTGCTGC	-
680-CGCCCAGCAGCCC	MAFG_HUMAN.H11MO.1.A	-1	0.00389192	2.99289	0.306682	8	CGCCCAGCAGCCC	ACTCAGCA	-
680-CGCCCAGCAGCCC	MYF6_HUMAN.H11MO.0.C	-4	0.00414063	3.18415	0.306682	7	CGCCCAGCAGCCC	CAGCTGC	+
680-CGCCCAGCAGCCC	TBX15_HUMAN.H11MO.0.D	0	0.00422978	3.2527	0.306682	13	CGCCCAGCAGCCC	CCCCCACCCCCCCCCCCCC	-
680-CGCCCAGCAGCCC	SP1_HUMAN.H11MO.0.A	9	0.00458769	3.52793	0.308865	13	CGCCCAGCAGCCC	CCCCCCCCCGGCCCCGCCCCCC	-
680-CGCCCAGCAGCCC	PAX5_HUMAN.H11MO.0.A	4	0.00466559	3.58784	0.308865	13	CGCCCAGCAGCCC	GTCACGCTCTGCTGCCCAGGC	-
680-CGCCCAGCAGCCC	ZIC2_HUMAN.H11MO.0.D	-1	0.00592645	4.55744	0.362107	12	CGCCCAGCAGCCC	TCACAGCAGGGGGCC	-
680-CGCCCAGCAGCCC	ATOH1_HUMAN.H11MO.0.B	-3	0.00610455	4.6944	0.362107	9	CGCCCAGCAGCCC	CCATCTGCT	-
680-CGCCCAGCAGCCC	TFE2_HUMAN.H11MO.0.A	-2	0.00618331	4.75496	0.362107	11	CGCCCAGCAGCCC	CACAGCTGCAG	+
680-CGCCCAGCAGCCC	SP2_HUMAN.H11MO.1.B	-1	0.00673695	5.18071	0.365609	12	CGCCCAGCAGCCC	GCCCCGCCCCCT	-
680-CGCCCAGCAGCCC	RREB1_HUMAN.H11MO.0.D	2	0.00693914	5.3362	0.365609	13	CGCCCAGCAGCCC	ACCCCAAACCACCCCCCCCCCC	-
680-CGCCCAGCAGCCC	ZN563_HUMAN.H11MO.1.C	-3	0.00708775	5.45048	0.365609	10	CGCCCAGCAGCCC	CAGGCAGCACAG	+
680-CGCCCAGCAGCCC	ZF64A_HUMAN.H11MO.0.D	2	0.00743214	5.71532	0.365609	13	CGCCCAGCAGCCC	GGGGCCCGGGAACCTG	+
680-CGCCCAGCAGCCC	TFAP4_HUMAN.H11MO.0.A	-3	0.00754423	5.80151	0.365609	10	CGCCCAGCAGCCC	CCAGCTGTTT	+
680-CGCCCAGCAGCCC	NDF2_HUMAN.H11MO.0.B	-3	0.00768383	5.90886	0.365609	9	CGCCCAGCAGCCC	CCATCTGTT	-
680-CGCCCAGCAGCCC	OSR2_HUMAN.H11MO.0.C	-1	0.0082042	6.30903	0.37854	12	CGCCCAGCAGCCC	CAGCAGAAGCAGCAGC	-
680-CGCCCAGCAGCCC	RFX5_HUMAN.H11MO.1.A	-2	0.0098574	7.58034	0.438071	11	CGCCCAGCAGCCC	CCTAGCAACAG	-
680-CGCCCAGCAGCCC	AP2D_HUMAN.H11MO.0.D	1	0.0100698	7.74371	0.438071	13	CGCCCAGCAGCCC	ACGCGCCTCGGGCG	-
680-CGCCCAGCAGCCC	ZN449_HUMAN.H11MO.0.C	1	0.0103718	7.97594	0.438675	10	CGCCCAGCAGCCC	AAGCCCAACCA	-
680-CGCCCAGCAGCCC	MAFF_HUMAN.H11MO.1.B	0	0.01138	8.75119	0.458769	9	CGCCCAGCAGCCC	GACTCAGCA	-
680-CGCCCAGCAGCCC	SP2_HUMAN.H11MO.0.A	5	0.0114495	8.8047	0.458769	13	CGCCCAGCAGCCC	CCCCCGGCCCCGCCCCCCCCCC	-
680-CGCCCAGCAGCCC	MYBA_HUMAN.H11MO.0.D	0	0.0117762	9.05591	0.459759	13	CGCCCAGCAGCCC	TCTCCAACTGCCACT	-
680-CGCCCAGCAGCCC	RFX5_HUMAN.H11MO.0.A	2	0.0122209	9.39785	0.465191	13	CGCCCAGCAGCCC	TCTGCCTAGCAACAGCTGAC	-
683-ACCATGGAAA	RFX3_HUMAN.H11MO.0.B	2	1.77229e-06	0.00136289	0.00271098	10	ACCATGGAAA	TTACCATGGCAACC	-
683-ACCATGGAAA	RFX4_HUMAN.H11MO.0.D	3	2.44356e-05	0.018791	0.018689	10	ACCATGGAAA	GTTACCATGGCAACG	-
683-ACCATGGAAA	REST_HUMAN.H11MO.0.A	6	8.68803e-05	0.066811	0.0332241	10	ACCATGGAAA	TTCAGCACCATGGACAGCGCCC	+
683-ACCATGGAAA	RFX2_HUMAN.H11MO.1.A	-1	0.000177938	0.136834	0.0544364	9	ACCATGGAAA	CCATGGCAACCG	-
683-ACCATGGAAA	RFX2_HUMAN.H11MO.0.A	5	0.000345786	0.265909	0.0881551	10	ACCATGGAAA	CCGTTGCCATGGCAACCG	-
683-ACCATGGAAA	RFX1_HUMAN.H11MO.1.B	-1	0.000464595	0.357273	0.0888333	9	ACCATGGAAA	CCATGGCAACC	-
683-ACCATGGAAA	ZBT7B_HUMAN.H11MO.0.D	6	0.000715935	0.550554	0.121681	10	ACCATGGAAA	CCCGTTGCCATGGCAACGGCG	-
683-ACCATGGAAA	NFAC1_HUMAN.H11MO.1.B	-2	0.000851418	0.654741	0.130237	8	ACCATGGAAA	AATGGAAAAT	+
683-ACCATGGAAA	RFX1_HUMAN.H11MO.0.B	5	0.0024827	1.9092	0.297224	10	ACCATGGAAA	CCGTCGCCATGGCAACCGGGGC	-
683-ACCATGGAAA	OZF_HUMAN.H11MO.0.C	14	0.00252601	1.9425	0.297224	10	ACCATGGAAA	TGGAATACTATGCAGCCATGAAAA	-
683-ACCATGGAAA	NFAC3_HUMAN.H11MO.0.B	-4	0.00321617	2.47324	0.351401	6	ACCATGGAAA	TGGAAAACT	+
683-ACCATGGAAA	ZN250_HUMAN.H11MO.0.C	11	0.00475372	3.65561	0.45447	9	ACCATGGAAA	GTAATCAAAACAGCATGGTA	-
684-ACACAGCTGAAA	TFAP4_HUMAN.H11MO.0.A	0	4.27629e-05	0.0328847	0.0641007	10	ACACAGCTGAAA	AAACAGCTGG	-
684-ACACAGCTGAAA	HTF4_HUMAN.H11MO.0.A	-1	0.000106634	0.0820015	0.079921	10	ACACAGCTGAAA	CACAGCTGCA	-
684-ACACAGCTGAAA	MYOD1_HUMAN.H11MO.1.A	-1	0.000163819	0.125977	0.081854	11	ACACAGCTGAAA	GACAGCTGCAG	-
684-ACACAGCTGAAA	HEN1_HUMAN.H11MO.0.C	4	0.000314121	0.241559	0.102372	12	ACACAGCTGAAA	AGGGACGCAGCTGCTCCCCA	-
684-ACACAGCTGAAA	MYF6_HUMAN.H11MO.0.C	-2	0.000344669	0.26505	0.102372	7	ACACAGCTGAAA	GCAGCTG	-
684-ACACAGCTGAAA	TFE2_HUMAN.H11MO.0.A	-1	0.000478063	0.367631	0.102372	11	ACACAGCTGAAA	CACAGCTGCAG	+
684-ACACAGCTGAAA	ZBT18_HUMAN.H11MO.0.C	0	0.000478063	0.367631	0.102372	11	ACACAGCTGAAA	CCACATCTGGA	-
684-ACACAGCTGAAA	MYOG_HUMAN.H11MO.0.B	1	0.000676742	0.520415	0.125136	12	ACACAGCTGAAA	GGGACAGCTGCGG	-
684-ACACAGCTGAAA	ITF2_HUMAN.H11MO.0.C	-1	0.000751328	0.577771	0.125136	10	ACACAGCTGAAA	CCCAGCTGCC	-
684-ACACAGCTGAAA	FIGLA_HUMAN.H11MO.0.D	-1	0.00211467	1.62618	0.240194	11	ACACAGCTGAAA	AACACCTGTTA	-
684-ACACAGCTGAAA	PTF1A_HUMAN.H11MO.1.B	-1	0.00215022	1.65352	0.240194	9	ACACAGCTGAAA	AGCAGCTGG	+
684-ACACAGCTGAAA	BHA15_HUMAN.H11MO.0.B	1	0.00224334	1.72513	0.240194	10	ACACAGCTGAAA	GCAGCAGCTGG	+
684-ACACAGCTGAAA	MYOD1_HUMAN.H11MO.0.A	5	0.00243561	1.87299	0.243396	10	ACACAGCTGAAA	GGCAGGAACAGCTGC	-
684-ACACAGCTGAAA	ZIC3_HUMAN.H11MO.0.B	0	0.00272934	2.09886	0.248668	12	ACACAGCTGAAA	TCACAGCAGGGGGCC	-
684-ACACAGCTGAAA	NF2L2_HUMAN.H11MO.0.A	3	0.00282015	2.1687	0.248668	11	ACACAGCTGAAA	ATGACTCAGCAGTT	-
684-ACACAGCTGAAA	TWST1_HUMAN.H11MO.1.A	-1	0.00298989	2.29923	0.248988	10	ACACAGCTGAAA	CACATCTGGT	+
684-ACACAGCTGAAA	ID4_HUMAN.H11MO.0.D	-1	0.00423338	3.25547	0.281957	11	ACACAGCTGAAA	GACAGGTGTAA	+
684-ACACAGCTGAAA	ATOH1_HUMAN.H11MO.0.B	-1	0.004258	3.2744	0.281957	9	ACACAGCTGAAA	AGCAGATGG	+
684-ACACAGCTGAAA	NDF2_HUMAN.H11MO.0.B	-1	0.00452344	3.47852	0.281957	9	ACACAGCTGAAA	AACAGATGG	+
684-ACACAGCTGAAA	ASCL2_HUMAN.H11MO.0.D	-1	0.00480414	3.69439	0.281957	9	ACACAGCTGAAA	AGCAGCTGG	-
684-ACACAGCTGAAA	TAL1_HUMAN.H11MO.1.A	4	0.00530963	4.0831	0.281957	11	ACACAGCTGAAA	CAGGAAGCAGATGTG	+
684-ACACAGCTGAAA	ZN331_HUMAN.H11MO.0.C	2	0.0057403	4.41429	0.281957	12	ACACAGCTGAAA	CCACCCAGCTGAGCCCAGCC	-
684-ACACAGCTGAAA	PTF1A_HUMAN.H11MO.0.B	8	0.00581463	4.47145	0.281957	10	ACACAGCTGAAA	GGGAAAGGGGGCAGCTGG	-
684-ACACAGCTGAAA	TGIF2_HUMAN.H11MO.0.D	-2	0.00591898	4.55169	0.281957	10	ACACAGCTGAAA	ACAGCTGTCAT	-
684-ACACAGCTGAAA	MAFG_HUMAN.H11MO.1.A	0	0.00658174	5.06136	0.281957	8	ACACAGCTGAAA	ACTCAGCA	-
684-ACACAGCTGAAA	TF2LX_HUMAN.H11MO.0.D	-1	0.00658438	5.06339	0.281957	11	ACACAGCTGAAA	GACAGCTGTCATAGT	-
684-ACACAGCTGAAA	OLIG2_HUMAN.H11MO.1.B	0	0.0067559	5.19529	0.281957	10	ACACAGCTGAAA	AAACAGATGG	-
684-ACACAGCTGAAA	ZIC2_HUMAN.H11MO.0.D	0	0.00694472	5.34049	0.281957	12	ACACAGCTGAAA	TCACAGCAGGGGGCC	-
684-ACACAGCTGAAA	NDF1_HUMAN.H11MO.0.A	-1	0.00714778	5.49665	0.281957	10	ACACAGCTGAAA	GACAGATGGT	+
684-ACACAGCTGAAA	MESP1_HUMAN.H11MO.0.D	1	0.00821078	6.31409	0.30019	10	ACACAGCTGAAA	TCCACACCTGC	-
684-ACACAGCTGAAA	SNAI1_HUMAN.H11MO.0.C	-2	0.00842252	6.47692	0.3006	8	ACACAGCTGAAA	CCAGGTGG	+
684-ACACAGCTGAAA	ZN708_HUMAN.H11MO.1.D	2	0.0102717	7.89893	0.357453	7	ACACAGCTGAAA	AGGTACAGC	+
684-ACACAGCTGAAA	BACH2_HUMAN.H11MO.0.A	3	0.0107209	8.24439	0.357453	8	ACACAGCTGAAA	ATGACTCAGCA	-
684-ACACAGCTGAAA	LYL1_HUMAN.H11MO.0.A	4	0.010842	8.33748	0.357453	10	ACACAGCTGAAA	CAGGAAACAGCTGG	-
684-ACACAGCTGAAA	MEIS2_HUMAN.H11MO.0.B	0	0.0112995	8.68932	0.357453	12	ACACAGCTGAAA	TGACAGCTGTCAA	-
684-ACACAGCTGAAA	ZEB1_HUMAN.H11MO.0.A	-1	0.0117476	9.03388	0.357453	10	ACACAGCTGAAA	GACAGGTGAG	+
684-ACACAGCTGAAA	ASCL1_HUMAN.H11MO.0.A	2	0.0120093	9.23514	0.357453	12	ACACAGCTGAAA	GGGAGCAGGTGCAG	-
684-ACACAGCTGAAA	MAFF_HUMAN.H11MO.1.B	1	0.012167	9.35646	0.357453	8	ACACAGCTGAAA	GACTCAGCA	-
684-ACACAGCTGAAA	SNAI2_HUMAN.H11MO.0.A	-1	0.0124001	9.53571	0.357453	10	ACACAGCTGAAA	GGCAGGTGCA	+
684-ACACAGCTGAAA	ZN317_HUMAN.H11MO.0.C	5	0.014926	11.4781	0.406797	12	ACACAGCTGAAA	TGAGAAGTCAGCTGTCATTC	-
684-ACACAGCTGAAA	NGN2_HUMAN.H11MO.0.D	1	0.016773	12.8985	0.433231	11	ACACAGCTGAAA	GGAGCAGATGGC	+
684-ACACAGCTGAAA	ZKSC1_HUMAN.H11MO.0.B	3	0.0174969	13.4551	0.433231	12	ACACAGCTGAAA	GGCACACAGTAGGTCCTCA	-
684-ACACAGCTGAAA	TBX5_HUMAN.H11MO.0.D	0	0.0181373	13.9476	0.433231	8	ACACAGCTGAAA	TCACACCT	-
684-ACACAGCTGAAA	OLIG2_HUMAN.H11MO.0.B	8	0.0183278	14.0941	0.433231	10	ACACAGCTGAAA	CAGAAGGGAAACAGCTGG	-
684-ACACAGCTGAAA	MAFK_HUMAN.H11MO.1.A	5	0.0186648	14.3533	0.433231	8	ACACAGCTGAAA	TGCTGACTCAGCA	-
684-ACACAGCTGAAA	ZN134_HUMAN.H11MO.1.C	4	0.0189587	14.5792	0.433231	12	ACACAGCTGAAA	ACCTAATCAGGTGAAGG	+
684-ACACAGCTGAAA	TBR1_HUMAN.H11MO.0.D	3	0.0196037	15.0752	0.433231	10	ACACAGCTGAAA	TTTTCACACCTTT	-
684-ACACAGCTGAAA	NFE2_HUMAN.H11MO.0.A	5	0.0196037	15.0752	0.433231	8	ACACAGCTGAAA	GCATGACTCAGCA	+
688-CTGGACTCAAGTGAC	TFE3_HUMAN.H11MO.0.B	-6	2.85263e-05	0.0219367	0.0436925	9	CTGGACTCAAGTGAC	TCACGTGACC	-
688-CTGGACTCAAGTGAC	MITF_HUMAN.H11MO.0.A	-6	0.000182326	0.140209	0.13963	9	CTGGACTCAAGTGAC	TCACGTGACC	+
688-CTGGACTCAAGTGAC	NR1I3_HUMAN.H11MO.0.C	0	0.000298546	0.229582	0.152424	15	CTGGACTCAAGTGAC	CTGAACTTTCCTGACCCC	-
688-CTGGACTCAAGTGAC	ZN490_HUMAN.H11MO.0.C	6	0.000545053	0.419145	0.208709	15	CTGGACTCAAGTGAC	GATATGCTGCCTTCAAGAGACCCA	-
688-CTGGACTCAAGTGAC	USF1_HUMAN.H11MO.0.A	-4	0.000877852	0.675068	0.250079	11	CTGGACTCAAGTGAC	GGTCACGTGACC	-
688-CTGGACTCAAGTGAC	TFEB_HUMAN.H11MO.0.C	-7	0.00102852	0.790928	0.250079	8	CTGGACTCAAGTGAC	CACGTGACC	-
688-CTGGACTCAAGTGAC	USF2_HUMAN.H11MO.0.A	2	0.00130619	1.00446	0.250079	15	CTGGACTCAAGTGAC	CGCCGCGGCCACGTGACCC	-
688-CTGGACTCAAGTGAC	NR1I2_HUMAN.H11MO.0.C	0	0.00182654	1.40461	0.273024	15	CTGGACTCAAGTGAC	CTGAACTTTTTTGACCTCA	-
688-CTGGACTCAAGTGAC	NR1H3_HUMAN.H11MO.0.B	-1	0.00182654	1.40461	0.273024	14	CTGGACTCAAGTGAC	TGACCTGCAGTGACCTCTG	-
688-CTGGACTCAAGTGAC	THA_HUMAN.H11MO.0.C	0	0.00196079	1.50785	0.273024	15	CTGGACTCAAGTGAC	CTGACCTGAAGTGACCC	-
690-CATCCCTGCCCS	TBX1_HUMAN.H11MO.0.D	5	5.43856e-06	0.00418225	0.00822376	12	CATCCCTGCCCC	CCGCCCACCCCTGCCCACCC	-
690-CATCCCTGCCCS	EGR4_HUMAN.H11MO.0.D	-2	0.000114879	0.0883423	0.0868558	10	CATCCCTGCCCC	GCCCTGCCGCC	-
690-CATCCCTGCCCS	SP1_HUMAN.H11MO.1.A	0	0.000303675	0.233526	0.125474	12	CATCCCTGCCCC	CGGCCCCGCCCCCC	-
690-CATCCCTGCCCS	KLF12_HUMAN.H11MO.0.C	-2	0.000522652	0.401919	0.125474	10	CATCCCTGCCCC	GCCCCGCCCCT	-
690-CATCCCTGCCCS	KLF1_HUMAN.H11MO.0.A	2	0.000555298	0.427024	0.125474	12	CATCCCTGCCCC	CCCGGCCCCGCCCC	-
690-CATCCCTGCCCS	KLF3_HUMAN.H11MO.0.B	2	0.000604406	0.464788	0.125474	12	CATCCCTGCCCC	CCCGGCCCCGCCCCTCCCC	-
690-CATCCCTGCCCS	SP4_HUMAN.H11MO.1.A	0	0.000629288	0.483923	0.125474	12	CATCCCTGCCCC	CGGCCCCGCCCCCTCC	-
690-CATCCCTGCCCS	SP1_HUMAN.H11MO.0.A	8	0.000663833	0.510487	0.125474	12	CATCCCTGCCCC	CCCCCCCCCGGCCCCGCCCCCC	-
690-CATCCCTGCCCS	SP3_HUMAN.H11MO.0.B	3	0.000848706	0.652655	0.142594	12	CATCCCTGCCCC	CCCCGGCCCCGCCCCCCCCC	-
690-CATCCCTGCCCS	ZN281_HUMAN.H11MO.0.A	-2	0.00120587	0.927312	0.181736	10	CATCCCTGCCCC	TCCCCTCCCCCACCC	-
690-CATCCCTGCCCS	KLF5_HUMAN.H11MO.0.A	2	0.00132205	1.01665	0.181736	12	CATCCCTGCCCC	CCCAGCCCCACCCT	-
690-CATCCCTGCCCS	SP2_HUMAN.H11MO.1.B	-2	0.00180205	1.38577	0.21259	10	CATCCCTGCCCC	GCCCCGCCCCCT	-
690-CATCCCTGCCCS	KLF16_HUMAN.H11MO.0.D	6	0.00183115	1.40816	0.21259	12	CATCCCTGCCCC	CCCCCCCCCCCCCGCCCCC	-
690-CATCCCTGCCCS	KLF6_HUMAN.H11MO.0.A	4	0.00204894	1.57563	0.21259	12	CATCCCTGCCCC	CCCCCGGCCCCGCCCTTCC	-
690-CATCCCTGCCCS	MAZ_HUMAN.H11MO.1.A	-2	0.00210886	1.62171	0.21259	10	CATCCCTGCCCC	CCCCCTCCCTC	-
690-CATCCCTGCCCS	SALL4_HUMAN.H11MO.0.B	-3	0.00255315	1.96337	0.223957	9	CATCCCTGCCCC	CCCACCCTCC	-
690-CATCCCTGCCCS	E2F7_HUMAN.H11MO.0.B	1	0.00283107	2.17709	0.223957	12	CATCCCTGCCCC	CCTTTCCCGCCCC	-
690-CATCCCTGCCCS	TEAD1_HUMAN.H11MO.0.A	1	0.0029446	2.26439	0.223957	11	CATCCCTGCCCC	ACATTCCAGCCA	+
690-CATCCCTGCCCS	ZSC31_HUMAN.H11MO.0.C	0	0.00319085	2.45376	0.223957	12	CATCCCTGCCCC	CATAACTGCCCTGCTGCC	-
690-CATCCCTGCCCS	ZN148_HUMAN.H11MO.0.D	-3	0.00325329	2.50178	0.223957	9	CATCCCTGCCCC	CCCCTCCCCCACCCC	-
690-CATCCCTGCCCS	SP2_HUMAN.H11MO.0.A	4	0.00334413	2.57164	0.223957	12	CATCCCTGCCCC	CCCCCGGCCCCGCCCCCCCCCC	-
690-CATCCCTGCCCS	TBX15_HUMAN.H11MO.0.D	3	0.00336414	2.58702	0.223957	12	CATCCCTGCCCC	CCCCCACCCCCCCCCCCCC	-
690-CATCCCTGCCCS	ZBT17_HUMAN.H11MO.0.A	0	0.00355119	2.73087	0.223957	12	CATCCCTGCCCC	CTTCCCCTCCCCCACCCTC	-
690-CATCCCTGCCCS	FLI1_HUMAN.H11MO.0.A	5	0.00355458	2.73348	0.223957	12	CATCCCTGCCCC	TCCCTCCTTCCTTCCTCC	-
690-CATCCCTGCCCS	KLF4_HUMAN.H11MO.0.A	-2	0.00379249	2.91642	0.229388	10	CATCCCTGCCCC	GCCACACCCT	-
690-CATCCCTGCCCS	KLF15_HUMAN.H11MO.0.A	7	0.00417223	3.20844	0.242651	12	CATCCCTGCCCC	CCCCCCCCTGCTCCTCCCC	-
690-CATCCCTGCCCS	SP4_HUMAN.H11MO.0.A	2	0.00459365	3.53251	0.257265	12	CATCCCTGCCCC	CCCGGCCCCGCCCCCTTCCC	-
690-CATCCCTGCCCS	Z324A_HUMAN.H11MO.0.C	8	0.0052656	4.04925	0.276222	12	CATCCCTGCCCC	TATCAAACCATCCTTTGCTGCCA	+
690-CATCCCTGCCCS	ZN784_HUMAN.H11MO.0.D	-1	0.00529749	4.07377	0.276222	11	CATCCCTGCCCC	GTACCTACCTC	-
690-CATCCCTGCCCS	E2F4_HUMAN.H11MO.0.A	0	0.00560231	4.30817	0.282379	12	CATCCCTGCCCC	ATTTCCCGCCCCC	-
690-CATCCCTGCCCS	ZN449_HUMAN.H11MO.0.C	0	0.00588289	4.52394	0.282671	11	CATCCCTGCCCC	AAGCCCAACCA	-
690-CATCCCTGCCCS	WT1_HUMAN.H11MO.0.C	8	0.00598197	4.60013	0.282671	12	CATCCCTGCCCC	CCCCCCCTCCTCCCCCGCCC	-
690-CATCCCTGCCCS	ZN467_HUMAN.H11MO.0.C	10	0.00671161	5.16123	0.307538	12	CATCCCTGCCCC	CCCCCCCCCCCCTCCCCTCCCC	-
690-CATCCCTGCCCS	ZBT48_HUMAN.H11MO.0.C	3	0.00752558	5.78717	0.334694	9	CATCCCTGCCCC	CACGGTCCCTAA	-
690-CATCCCTGCCCS	ZN768_HUMAN.H11MO.0.C	6	0.00775241	5.9616	0.334931	12	CATCCCTGCCCC	ACTTAACCTCTCTGAGCCTC	-
690-CATCCCTGCCCS	E2F3_HUMAN.H11MO.0.A	-1	0.00802076	6.16797	0.336899	11	CATCCCTGCCCC	TTTCCCGCCCT	-
690-CATCCCTGCCCS	PATZ1_HUMAN.H11MO.1.C	2	0.00844845	6.49686	0.337278	7	CATCCCTGCCCC	CCCCTCCCT	-
690-CATCCCTGCCCS	ZN740_HUMAN.H11MO.0.D	1	0.00847589	6.51796	0.337278	12	CATCCCTGCCCC	CCCACCCCCCCCCC	-
690-CATCCCTGCCCS	TEAD4_HUMAN.H11MO.0.A	1	0.00927814	7.13489	0.353916	12	CATCCCTGCCCC	ACATTCCTGGCAT	+
690-CATCCCTGCCCS	TFDP1_HUMAN.H11MO.0.C	0	0.0093621	7.19945	0.353916	12	CATCCCTGCCCC	TTTTCCCGCCCCCC	-
690-CATCCCTGCCCS	MZF1_HUMAN.H11MO.0.B	3	0.00974867	7.49673	0.359541	10	CATCCCTGCCCC	CCCAATCCCCTCC	-
690-CATCCCTGCCCS	ZN528_HUMAN.H11MO.0.C	10	0.0105148	8.08586	0.372369	10	CATCCCTGCCCC	TCAGAAATGGCTTCCCTGGG	-
690-CATCCCTGCCCS	KLF9_HUMAN.H11MO.0.C	-1	0.010589	8.14295	0.372369	11	CATCCCTGCCCC	GGCCACGCCCCCTCC	-
690-CATCCCTGCCCS	E2F1_HUMAN.H11MO.0.A	0	0.0125622	9.6603	0.415294	12	CATCCCTGCCCC	CTTTCCCGCCCCCC	-
690-CATCCCTGCCCS	RARA_HUMAN.H11MO.1.A	-3	0.0129428	9.95299	0.415294	9	CATCCCTGCCCC	CCCTGACCTT	-
690-CATCCCTGCCCS	PATZ1_HUMAN.H11MO.0.C	10	0.0130325	10.022	0.415294	12	CATCCCTGCCCC	CCTCCCCCCCCGCCCCCTCCCC	-
690-CATCCCTGCCCS	ZEB1_HUMAN.H11MO.0.A	0	0.0136186	10.4727	0.415294	10	CATCCCTGCCCC	CTCACCTGTC	-
690-CATCCCTGCCCS	MAZ_HUMAN.H11MO.0.A	10	0.0136964	10.5325	0.415294	12	CATCCCTGCCCC	CCCCCCCCCCCCCCCCTCCCCC	-
690-CATCCCTGCCCS	E2F6_HUMAN.H11MO.0.A	2	0.0137142	10.5462	0.415294	11	CATCCCTGCCCC	CCCTTCCCGCCCC	-
690-CATCCCTGCCCS	ETV6_HUMAN.H11MO.0.D	0	0.0137322	10.56	0.415294	9	CATCCCTGCCCC	ACTTCCTGT	-
690-CATCCCTGCCCS	ETV4_HUMAN.H11MO.0.B	1	0.014614	11.2382	0.433298	10	CATCCCTGCCCC	CCCTTCCTGTT	-
690-CATCCCTGCCCS	RORA_HUMAN.H11MO.0.C	-3	0.0166021	12.767	0.482403	9	CATCCCTGCCCC	CCCTGACCTAGTT	-
690-CATCCCTGCCCS	WT1_HUMAN.H11MO.1.B	-1	0.0169083	13.0025	0.482403	11	CATCCCTGCCCC	CCTCCTCCCAC	-
690-CATCCCTGCCCS	VEZF1_HUMAN.H11MO.1.C	-1	0.0173133	13.3139	0.48481	11	CATCCCTGCCCC	CCCCCTCCCTCT	-
690-CATCCCTGCCCS	COT1_HUMAN.H11MO.1.C	-3	0.018247	14.0319	0.487759	9	CATCCCTGCCCC	CCCTGACCTCTGC	-
690-CATCCCTGCCCS	ZN341_HUMAN.H11MO.0.C	3	0.0183784	14.133	0.487759	12	CATCCCTGCCCC	GCTCTTCCCTCCCCCCCCCCCC	-
690-CATCCCTGCCCS	ETV5_HUMAN.H11MO.0.C	3	0.0184049	14.1534	0.487759	11	CATCCCTGCCCC	CTCACTTCCTGCTC	-
690-CATCCCTGCCCS	ZN329_HUMAN.H11MO.0.C	7	0.0189475	14.5707	0.487759	12	CATCCCTGCCCC	CTGGATCCAGCCATGCCTGA	+
690-CATCCCTGCCCS	TEAD2_HUMAN.H11MO.0.D	3	0.0190314	14.6351	0.487759	9	CATCCCTGCCCC	CCACATTCCAGG	+
693-AGCCACCGCCCC	SP1_HUMAN.H11MO.1.A	0	3.05138e-05	0.0234651	0.046003	12	AGCCACCGCCCC	CGGCCCCGCCCCCC	-
693-AGCCACCGCCCC	SP1_HUMAN.H11MO.0.A	8	9.73319e-05	0.0748482	0.0733695	12	AGCCACCGCCCC	CCCCCCCCCGGCCCCGCCCCCC	-
693-AGCCACCGCCCC	KLF12_HUMAN.H11MO.0.C	-2	0.000309917	0.238326	0.113776	10	AGCCACCGCCCC	GCCCCGCCCCT	-
693-AGCCACCGCCCC	SP2_HUMAN.H11MO.0.A	4	0.000402598	0.309598	0.113776	12	AGCCACCGCCCC	CCCCCGGCCCCGCCCCCCCCCC	-
693-AGCCACCGCCCC	SP4_HUMAN.H11MO.1.A	0	0.000451883	0.347498	0.113776	12	AGCCACCGCCCC	CGGCCCCGCCCCCTCC	-
693-AGCCACCGCCCC	KLF9_HUMAN.H11MO.0.C	0	0.000500776	0.385097	0.113776	12	AGCCACCGCCCC	GGCCACGCCCCCTCC	-
693-AGCCACCGCCCC	SP3_HUMAN.H11MO.0.B	3	0.000567057	0.436067	0.113776	12	AGCCACCGCCCC	CCCCGGCCCCGCCCCCCCCC	-
693-AGCCACCGCCCC	ZN219_HUMAN.H11MO.0.D	-1	0.000603743	0.464278	0.113776	11	AGCCACCGCCCC	TCCGCCCCCCTC	-
693-AGCCACCGCCCC	SP4_HUMAN.H11MO.0.A	2	0.000755055	0.580637	0.124111	12	AGCCACCGCCCC	CCCGGCCCCGCCCCCTTCCC	-
693-AGCCACCGCCCC	MAZ_HUMAN.H11MO.1.A	-2	0.000893481	0.687087	0.124111	10	AGCCACCGCCCC	CCCCCTCCCTC	-
693-AGCCACCGCCCC	SP2_HUMAN.H11MO.1.B	-2	0.00099521	0.765317	0.124111	10	AGCCACCGCCCC	GCCCCGCCCCCT	-
693-AGCCACCGCCCC	ZIC1_HUMAN.H11MO.0.B	-3	0.00113197	0.870481	0.124111	9	AGCCACCGCCCC	GACCACCCC	-
693-AGCCACCGCCCC	KLF14_HUMAN.H11MO.0.D	-1	0.00115231	0.886127	0.124111	11	AGCCACCGCCCC	GCCACGCCCCCCT	-
693-AGCCACCGCCCC	ZN740_HUMAN.H11MO.0.D	-1	0.00115252	0.886286	0.124111	11	AGCCACCGCCCC	CCCACCCCCCCCCC	-
693-AGCCACCGCCCC	XBP1_HUMAN.H11MO.0.D	-1	0.00132602	1.01971	0.124988	11	AGCCACCGCCCC	GCCACGTCAGC	-
693-AGCCACCGCCCC	TBX15_HUMAN.H11MO.0.D	1	0.00132647	1.02005	0.124988	12	AGCCACCGCCCC	CCCCCACCCCCCCCCCCCC	-
693-AGCCACCGCCCC	KLF3_HUMAN.H11MO.0.B	2	0.00227077	1.74622	0.197678	12	AGCCACCGCCCC	CCCGGCCCCGCCCCTCCCC	-
693-AGCCACCGCCCC	ZN708_HUMAN.H11MO.1.D	0	0.00236015	1.81496	0.197678	9	AGCCACCGCCCC	AGGTACAGC	+
693-AGCCACCGCCCC	KLF1_HUMAN.H11MO.0.A	2	0.00281457	2.16441	0.223331	12	AGCCACCGCCCC	CCCGGCCCCGCCCC	-
693-AGCCACCGCCCC	ZN281_HUMAN.H11MO.0.A	-2	0.00296555	2.28051	0.223546	10	AGCCACCGCCCC	TCCCCTCCCCCACCC	-
693-AGCCACCGCCCC	ZN148_HUMAN.H11MO.0.D	-3	0.00363303	2.7938	0.258789	9	AGCCACCGCCCC	CCCCTCCCCCACCCC	-
693-AGCCACCGCCCC	KLF6_HUMAN.H11MO.0.A	4	0.00381918	2.93695	0.258789	12	AGCCACCGCCCC	CCCCCGGCCCCGCCCTTCC	-
693-AGCCACCGCCCC	KLF15_HUMAN.H11MO.0.A	7	0.00401914	3.09072	0.258789	12	AGCCACCGCCCC	CCCCCCCCTGCTCCTCCCC	-
693-AGCCACCGCCCC	KLF4_HUMAN.H11MO.0.A	-1	0.00411972	3.16806	0.258789	10	AGCCACCGCCCC	GCCACACCCT	-
693-AGCCACCGCCCC	PATZ1_HUMAN.H11MO.0.C	10	0.00433258	3.33175	0.261274	12	AGCCACCGCCCC	CCTCCCCCCCCGCCCCCTCCCC	-
693-AGCCACCGCCCC	RREB1_HUMAN.H11MO.0.D	6	0.00504968	3.8832	0.286754	12	AGCCACCGCCCC	ACCCCAAACCACCCCCCCCCCC	-
693-AGCCACCGCCCC	E2F4_HUMAN.H11MO.0.A	0	0.0053939	4.14791	0.286754	12	AGCCACCGCCCC	ATTTCCCGCCCCC	-
693-AGCCACCGCCCC	EGR1_HUMAN.H11MO.0.A	-2	0.00549272	4.2239	0.286754	10	AGCCACCGCCCC	CCCCCGCCCACGCCCTC	-
693-AGCCACCGCCCC	EGR2_HUMAN.H11MO.1.A	-2	0.0055159	4.24173	0.286754	10	AGCCACCGCCCC	CCCCCGCCCACGCCCC	-
693-AGCCACCGCCCC	ZSC22_HUMAN.H11MO.0.C	-2	0.00608442	4.67892	0.305765	10	AGCCACCGCCCC	CCTCCTCCCTCAGACC	-
693-AGCCACCGCCCC	GLIS1_HUMAN.H11MO.0.D	-2	0.00687809	5.28925	0.328934	10	AGCCACCGCCCC	AGACCCCCCACGA	-
693-AGCCACCGCCCC	WT1_HUMAN.H11MO.0.C	3	0.00698182	5.36902	0.328934	12	AGCCACCGCCCC	CCCCCCCTCCTCCCCCGCCC	-
693-AGCCACCGCCCC	TAF1_HUMAN.H11MO.0.A	1	0.00813377	6.25487	0.340031	12	AGCCACCGCCCC	CCGCCGCCGCCATCTT	-
693-AGCCACCGCCCC	PATZ1_HUMAN.H11MO.1.C	-3	0.00826455	6.35544	0.340031	9	AGCCACCGCCCC	CCCCTCCCT	-
693-AGCCACCGCCCC	KLF5_HUMAN.H11MO.0.A	3	0.00832816	6.40435	0.340031	11	AGCCACCGCCCC	CCCAGCCCCACCCT	-
693-AGCCACCGCCCC	E2F7_HUMAN.H11MO.0.B	1	0.0083309	6.40646	0.340031	12	AGCCACCGCCCC	CCTTTCCCGCCCC	-
693-AGCCACCGCCCC	EGR4_HUMAN.H11MO.0.D	-2	0.00834508	6.41736	0.340031	10	AGCCACCGCCCC	GCCCTGCCGCC	-
693-AGCCACCGCCCC	MYBA_HUMAN.H11MO.0.D	2	0.00876565	6.74079	0.347132	12	AGCCACCGCCCC	TCTCCAACTGCCACT	-
693-AGCCACCGCCCC	ZN770_HUMAN.H11MO.0.C	8	0.00917209	7.05334	0.347132	12	AGCCACCGCCCC	GATCCTCCCGCCTCAGCCTCCC	-
693-AGCCACCGCCCC	KLF13_HUMAN.H11MO.0.D	-4	0.00921009	7.08256	0.347132	8	AGCCACCGCCCC	CACGCCCCCCT	-
693-AGCCACCGCCCC	CXXC1_HUMAN.H11MO.0.D	-1	0.0100144	7.7011	0.364819	7	AGCCACCGCCCC	GCCAACG	-
693-AGCCACCGCCCC	WT1_HUMAN.H11MO.1.B	-2	0.0106645	8.20101	0.364819	10	AGCCACCGCCCC	CCTCCTCCCAC	-
693-AGCCACCGCCCC	GLIS2_HUMAN.H11MO.0.D	1	0.0110449	8.4935	0.364819	12	AGCCACCGCCCC	GACCCCCCGCGAAG	-
693-AGCCACCGCCCC	GLIS3_HUMAN.H11MO.0.D	-3	0.0111427	8.56871	0.364819	9	AGCCACCGCCCC	TACCCCCCAC	-
693-AGCCACCGCCCC	EGR2_HUMAN.H11MO.0.A	0	0.0116455	8.95536	0.364819	12	AGCCACCGCCCC	CCCCTCCCACACCCCCCC	-
693-AGCCACCGCCCC	MAZ_HUMAN.H11MO.0.A	9	0.0116745	8.97768	0.364819	12	AGCCACCGCCCC	CCCCCCCCCCCCCCCCTCCCCC	-
693-AGCCACCGCCCC	NR1H4_HUMAN.H11MO.0.B	6	0.0118258	9.09404	0.364819	12	AGCCACCGCCCC	CCTCGGGGTCATTGACCCC	-
693-AGCCACCGCCCC	ZBTB4_HUMAN.H11MO.0.D	-1	0.0118572	9.11822	0.364819	11	AGCCACCGCCCC	CCCACCTGCCATCTAGG	-
693-AGCCACCGCCCC	CTCFL_HUMAN.H11MO.0.A	-3	0.0118572	9.11822	0.364819	9	AGCCACCGCCCC	CGGCGCCCCCTGGCGGC	-
693-AGCCACCGCCCC	AP2D_HUMAN.H11MO.0.D	3	0.0126923	9.76035	0.382701	11	AGCCACCGCCCC	ACGCGCCTCGGGCG	-
693-AGCCACCGCCCC	KLF16_HUMAN.H11MO.0.D	1	0.0129913	9.99031	0.384037	12	AGCCACCGCCCC	CCCCCCCCCCCCCGCCCCC	-
693-AGCCACCGCCCC	RUNX2_HUMAN.H11MO.0.A	3	0.0132901	10.22	0.385313	11	AGCCACCGCCCC	AAAAACCACAGACA	-
693-AGCCACCGCCCC	PRDM4_HUMAN.H11MO.0.D	5	0.014278	10.9798	0.406147	11	AGCCACCGCCCC	TTTCAAGGCCCCCCAC	-
693-AGCCACCGCCCC	ZN263_HUMAN.H11MO.1.A	-2	0.0171861	13.2161	0.479814	10	AGCCACCGCCCC	CCTCCTCCCTC	-
693-AGCCACCGCCCC	ZN467_HUMAN.H11MO.0.C	10	0.0178245	13.7071	0.482928	12	AGCCACCGCCCC	CCCCCCCCCCCCTCCCCTCCCC	-
693-AGCCACCGCCCC	ZFX_HUMAN.H11MO.1.A	4	0.0179382	13.7945	0.482928	12	AGCCACCGCCCC	CCCCGGCCTCCGCCCCC	-
693-AGCCACCGCCCC	HEY2_HUMAN.H11MO.0.D	3	0.018767	14.4318	0.490247	12	AGCCACCGCCCC	TAATGCCACGTGCCCCC	-
693-AGCCACCGCCCC	TBX1_HUMAN.H11MO.0.D	-1	0.018908	14.5403	0.490247	11	AGCCACCGCCCC	CCGCCCACCCCTGCCCACCC	-
693-AGCCACCGCCCC	ZIC4_HUMAN.H11MO.0.D	1	0.0191856	14.7538	0.490247	12	AGCCACCGCCCC	GACCCCCCGCTGTGC	-
694-AGCAGAAGTGGAAT	IRF8_HUMAN.H11MO.0.B	3	0.000158717	0.122053	0.0929889	14	AGCAGAAGTGGAAT	AAAAGAGGAAGTGAAAGTAA	+
694-AGCAGAAGTGGAAT	ZFP28_HUMAN.H11MO.0.C	7	0.000217366	0.167155	0.0929889	13	AGCAGAAGTGGAAT	TGACACAAGAAGAAATAGAA	-
694-AGCAGAAGTGGAAT	SPIB_HUMAN.H11MO.0.A	4	0.000219037	0.168439	0.0929889	13	AGCAGAAGTGGAAT	AAAAAGAGGAAGTGAAA	+
694-AGCAGAAGTGGAAT	IRF4_HUMAN.H11MO.0.A	3	0.000242209	0.186259	0.0929889	14	AGCAGAAGTGGAAT	AAAAGAGGAAGTGAAACT	+
694-AGCAGAAGTGGAAT	SPI1_HUMAN.H11MO.0.A	4	0.000641046	0.492964	0.196888	13	AGCAGAAGTGGAAT	AAAAAGAGGAAGTGAAA	+
694-AGCAGAAGTGGAAT	XBP1_HUMAN.H11MO.0.D	-1	0.000980483	0.753991	0.250951	11	AGCAGAAGTGGAAT	GCTGACGTGGC	+
694-AGCAGAAGTGGAAT	BC11A_HUMAN.H11MO.0.A	3	0.00166639	1.28145	0.343615	14	AGCAGAAGTGGAAT	AAAAGAGGAAGTGAAAA	+
694-AGCAGAAGTGGAAT	ELK1_HUMAN.H11MO.0.B	0	0.00179004	1.37654	0.343615	11	AGCAGAAGTGGAAT	ACCGGAAGTGG	+
694-AGCAGAAGTGGAAT	NKX23_HUMAN.H11MO.0.D	-2	0.00253982	1.95312	0.433373	11	AGCAGAAGTGGAAT	GTTAAGTGGTT	+
696-CACCTGAAGG	SNAI1_HUMAN.H11MO.0.C	1	0.000400226	0.307774	0.37996	7	CACCTGAAGG	CCACCTGG	-
696-CACCTGAAGG	FIGLA_HUMAN.H11MO.0.D	2	0.000747951	0.575175	0.37996	9	CACCTGAAGG	AACACCTGTTA	-
696-CACCTGAAGG	ID4_HUMAN.H11MO.0.D	3	0.00107018	0.822972	0.37996	8	CACCTGAAGG	TTACACCTGTC	-
696-CACCTGAAGG	MESP1_HUMAN.H11MO.0.D	4	0.00180509	1.38811	0.37996	7	CACCTGAAGG	TCCACACCTGC	-
696-CACCTGAAGG	MYF6_HUMAN.H11MO.0.C	0	0.00186175	1.43169	0.37996	7	CACCTGAAGG	CAGCTGC	+
696-CACCTGAAGG	ZN134_HUMAN.H11MO.1.C	7	0.00193757	1.48999	0.37996	10	CACCTGAAGG	ACCTAATCAGGTGAAGG	+
696-CACCTGAAGG	TFE3_HUMAN.H11MO.0.B	3	0.00216413	1.66421	0.37996	7	CACCTGAAGG	GGTCACGTGA	+
696-CACCTGAAGG	ZN134_HUMAN.H11MO.0.C	12	0.00269694	2.07395	0.37996	10	CACCTGAAGG	GCCTCACCTAATCAGTTGAAGG	+
696-CACCTGAAGG	CTCFL_HUMAN.H11MO.0.A	6	0.00274328	2.10958	0.37996	10	CACCTGAAGG	CGGCGCCCCCTGGCGGC	-
696-CACCTGAAGG	SCRT1_HUMAN.H11MO.0.D	3	0.00283082	2.1769	0.37996	10	CACCTGAAGG	AACCACCTGTTGC	-
696-CACCTGAAGG	ETV1_HUMAN.H11MO.0.A	0	0.00283463	2.17983	0.37996	10	CACCTGAAGG	GGCCGGAAGTG	+
696-CACCTGAAGG	SNAI2_HUMAN.H11MO.0.A	2	0.00303654	2.3351	0.37996	8	CACCTGAAGG	TGCACCTGCC	-
696-CACCTGAAGG	ZEB1_HUMAN.H11MO.0.A	2	0.00358699	2.7584	0.379984	8	CACCTGAAGG	CTCACCTGTC	-
696-CACCTGAAGG	SCRT2_HUMAN.H11MO.0.D	1	0.00373352	2.87107	0.379984	10	CACCTGAAGG	CCACCTGTTGCAT	-
696-CACCTGAAGG	ZN423_HUMAN.H11MO.0.D	2	0.0039558	3.04201	0.379984	10	CACCTGAAGG	GGCACCCAAGGGTGC	+
696-CACCTGAAGG	ELK1_HUMAN.H11MO.0.B	-1	0.00463731	3.56609	0.379984	9	CACCTGAAGG	ACCGGAAGTGG	+
696-CACCTGAAGG	TFE2_HUMAN.H11MO.0.A	2	0.00463731	3.56609	0.379984	9	CACCTGAAGG	CACAGCTGCAG	+
696-CACCTGAAGG	ELK4_HUMAN.H11MO.0.A	0	0.00464384	3.57111	0.379984	10	CACCTGAAGG	GACCGGAAGTGG	+
696-CACCTGAAGG	TFEB_HUMAN.H11MO.0.C	0	0.00566722	4.35809	0.411622	9	CACCTGAAGG	CACGTGACC	-
696-CACCTGAAGG	CTCF_HUMAN.H11MO.0.A	6	0.00620194	4.76929	0.411622	10	CACCTGAAGG	TGGCGCCCCCTGGTGGCCA	-
696-CACCTGAAGG	MLX_HUMAN.H11MO.0.D	1	0.00638011	4.90631	0.411622	10	CACCTGAAGG	GCACGTGATCA	-
696-CACCTGAAGG	BHE40_HUMAN.H11MO.0.A	2	0.00685326	5.27016	0.411622	8	CACCTGAAGG	GGCACGTGAC	+
696-CACCTGAAGG	MITF_HUMAN.H11MO.0.A	3	0.00685326	5.27016	0.411622	7	CACCTGAAGG	GGTCACGTGA	-
696-CACCTGAAGG	HTF4_HUMAN.H11MO.0.A	2	0.00844758	6.49619	0.47422	8	CACCTGAAGG	CACAGCTGCA	-
696-CACCTGAAGG	ZN436_HUMAN.H11MO.0.C	11	0.00852712	6.55735	0.47422	10	CACCTGAAGG	TCAGGGAAGGCTTCCTGGAGGAGG	+
696-CACCTGAAGG	MYOD1_HUMAN.H11MO.1.A	2	0.00917142	7.05282	0.478161	9	CACCTGAAGG	GACAGCTGCAG	-
696-CACCTGAAGG	ITF2_HUMAN.H11MO.0.C	2	0.00936739	7.20352	0.478161	8	CACCTGAAGG	CCCAGCTGCC	-
696-CACCTGAAGG	THA_HUMAN.H11MO.1.D	2	0.00986123	7.58328	0.478161	8	CACCTGAAGG	CTGACCTGAA	-
696-CACCTGAAGG	GABPA_HUMAN.H11MO.0.A	2	0.00987177	7.59139	0.478161	10	CACCTGAAGG	GGAACCGGAAGTGG	+
696-CACCTGAAGG	ASCL1_HUMAN.H11MO.0.A	3	0.0115037	8.84638	0.49133	10	CACCTGAAGG	CTGCACCTGCTCCC	+
696-CACCTGAAGG	MXI1_HUMAN.H11MO.0.A	1	0.0120337	9.25389	0.49133	10	CACCTGAAGG	GCACGTGGCGGCGGG	+
696-CACCTGAAGG	BHA15_HUMAN.H11MO.0.B	1	0.0124193	9.55046	0.49133	10	CACCTGAAGG	CCAGCTGCTGC	-
696-CACCTGAAGG	TBX5_HUMAN.H11MO.0.D	3	0.0134369	10.333	0.49133	5	CACCTGAAGG	TCACACCT	-
696-CACCTGAAGG	BHE41_HUMAN.H11MO.0.D	7	0.0134709	10.3591	0.49133	10	CACCTGAAGG	ACCGGGTCACGTGCAGAAGG	+
696-CACCTGAAGG	ZN335_HUMAN.H11MO.1.A	0	0.013622	10.4754	0.49133	7	CACCTGAAGG	TGCCTGA	+
696-CACCTGAAGG	USF1_HUMAN.H11MO.0.A	3	0.013743	10.5684	0.49133	9	CACCTGAAGG	GGTCACGTGACC	-
698-AATCTCCACCTTCY	TBX3_HUMAN.H11MO.0.C	-2	0.00170479	1.31098	0.480235	11	AATCTCCACCTTCC	TTCCCACCTCC	-
698-AATCTCCACCTTCY	SNAI2_HUMAN.H11MO.0.A	-4	0.00178936	1.37601	0.480235	10	AATCTCCACCTTCC	TGCACCTGCC	-
698-AATCTCCACCTTCY	ZSC22_HUMAN.H11MO.0.C	-2	0.00214597	1.65025	0.480235	12	AATCTCCACCTTCC	CCTCCTCCCTCAGACC	-
698-AATCTCCACCTTCY	SNAI1_HUMAN.H11MO.0.C	-5	0.0022134	1.70211	0.480235	8	AATCTCCACCTTCC	CCACCTGG	-
698-AATCTCCACCTTCY	ZN263_HUMAN.H11MO.1.A	-2	0.00243114	1.86955	0.480235	11	AATCTCCACCTTCC	CCTCCTCCCTC	-
698-AATCTCCACCTTCY	ASCL1_HUMAN.H11MO.0.A	-3	0.00265345	2.04051	0.480235	11	AATCTCCACCTTCC	CTGCACCTGCTCCC	+
698-AATCTCCACCTTCY	MESP1_HUMAN.H11MO.0.D	-2	0.00289424	2.22567	0.480235	11	AATCTCCACCTTCC	TCCACACCTGC	-
698-AATCTCCACCTTCY	ZN816_HUMAN.H11MO.0.C	5	0.00292766	2.25137	0.480235	14	AATCTCCACCTTCC	CCCTGCATGTCCCCCTTTTTT	-
698-AATCTCCACCTTCY	ASCL2_HUMAN.H11MO.0.D	-5	0.00323851	2.49042	0.480235	9	AATCTCCACCTTCC	CCAGCTGCT	+
698-AATCTCCACCTTCY	ZBTB6_HUMAN.H11MO.0.C	0	0.00337173	2.59286	0.480235	13	AATCTCCACCTTCC	CGGCTCCAGCACC	-
698-AATCTCCACCTTCY	PTF1A_HUMAN.H11MO.1.B	-5	0.00344971	2.65283	0.480235	9	AATCTCCACCTTCC	CCAGCTGCT	-
700-AGGTAAGTGG	NKX23_HUMAN.H11MO.0.D	-1	0.000314896	0.242155	0.327067	9	AGGTAAGTGG	GTTAAGTGGTT	+
700-AGGTAAGTGG	ZN784_HUMAN.H11MO.0.D	1	0.000432019	0.332222	0.327067	10	AGGTAAGTGG	GAGGTAGGTAC	+
700-AGGTAAGTGG	NKX32_HUMAN.H11MO.0.C	-2	0.000800073	0.615256	0.403806	8	AGGTAAGTGG	TTAAGTGTTT	+
702-CAGAGCAAGGC	ZN121_HUMAN.H11MO.0.C	8	0.000198192	0.152409	0.304819	11	CAGAGCAAGGC	CTGGGCAACATAGCAAGACC	+
704-AATGGATAAT	PAX7_HUMAN.H11MO.0.D	1	0.000314628	0.241949	0.208312	10	AATGGATAAT	TAATTGATTAT	+
704-AATGGATAAT	PO4F3_HUMAN.H11MO.0.D	-1	0.000319633	0.245798	0.208312	9	AATGGATAAT	ATGAATAATTAATGA	-
704-AATGGATAAT	PO4F1_HUMAN.H11MO.0.D	-1	0.000549755	0.422761	0.208312	9	AATGGATAAT	ATGAATAATTAATG	-
704-AATGGATAAT	NFAC1_HUMAN.H11MO.1.B	0	0.000552852	0.425143	0.208312	10	AATGGATAAT	AATGGAAAAT	+
704-AATGGATAAT	PAX3_HUMAN.H11MO.0.D	3	0.000894696	0.688021	0.255113	10	AATGGATAAT	GATAATCGATTAA	+
704-AATGGATAAT	ZN652_HUMAN.H11MO.0.D	1	0.00101559	0.780989	0.255113	10	AATGGATAAT	AAAGGGTTAAT	+
706-TCTTGTTCTGTCA	ZFP28_HUMAN.H11MO.0.C	7	4.95392e-05	0.0380957	0.0761913	13	TCTTGTTCTGTCA	TTCTATTTCTTCTTGTGTCA	+
706-TCTTGTTCTGTCA	TGIF1_HUMAN.H11MO.0.A	-6	0.000534752	0.411224	0.293869	7	TCTTGTTCTGTCA	GCTGTCA	-
706-TCTTGTTCTGTCA	FOXC2_HUMAN.H11MO.0.D	0	0.000573216	0.440803	0.293869	13	TCTTGTTCTGTCA	GTTTGTTTTGCCAGA	+
712-CGCCCACCTTGGCCC	ZN331_HUMAN.H11MO.0.C	1	5.71646e-05	0.0439596	0.0863039	15	CGCCCACCTTGGCCC	CCACCCAGCTGAGCCCAGCC	-
712-CGCCCACCTTGGCCC	TBX15_HUMAN.H11MO.0.D	0	0.000643665	0.494978	0.280681	15	CGCCCACCTTGGCCC	CCCCCACCCCCCCCCCCCC	-
712-CGCCCACCTTGGCCC	KLF13_HUMAN.H11MO.0.D	2	0.000716652	0.551105	0.280681	9	CGCCCACCTTGGCCC	CACGCCCCCCT	-
712-CGCCCACCTTGGCCC	TBX1_HUMAN.H11MO.0.D	1	0.000743652	0.571869	0.280681	15	CGCCCACCTTGGCCC	CCGCCCACCCCTGCCCACCC	-
712-CGCCCACCTTGGCCC	ZN770_HUMAN.H11MO.0.C	4	0.00126889	0.975773	0.342574	15	CGCCCACCTTGGCCC	GATCCTCCCGCCTCAGCCTCCC	-
712-CGCCCACCTTGGCCC	NFIA_HUMAN.H11MO.1.D	-7	0.00136145	1.04696	0.342574	7	CGCCCACCTTGGCCC	CTTGGCA	+
712-CGCCCACCTTGGCCC	SP1_HUMAN.H11MO.0.A	-1	0.00186915	1.43737	0.363388	14	CGCCCACCTTGGCCC	CCCCCCCCCGGCCCCGCCCCCC	-
712-CGCCCACCTTGGCCC	ESR1_HUMAN.H11MO.0.A	0	0.00199851	1.53685	0.363388	15	CGCCCACCTTGGCCC	AGGTCACCCTGACCT	+
712-CGCCCACCTTGGCCC	EGR3_HUMAN.H11MO.0.D	1	0.00260253	2.00135	0.363388	10	CGCCCACCTTGGCCC	ACACCCACTCT	-
712-CGCCCACCTTGGCCC	SNAI1_HUMAN.H11MO.0.C	-3	0.00267035	2.0535	0.363388	8	CGCCCACCTTGGCCC	CCACCTGG	-
712-CGCCCACCTTGGCCC	ESR2_HUMAN.H11MO.0.A	0	0.00277627	2.13495	0.363388	15	CGCCCACCTTGGCCC	AGGTCACCCTGACCT	+
712-CGCCCACCTTGGCCC	MESP1_HUMAN.H11MO.0.D	0	0.00322276	2.4783	0.363388	11	CGCCCACCTTGGCCC	TCCACACCTGC	-
712-CGCCCACCTTGGCCC	ZN219_HUMAN.H11MO.0.D	2	0.00328442	2.52572	0.363388	10	CGCCCACCTTGGCCC	TCCGCCCCCCTC	-
712-CGCCCACCTTGGCCC	ZN320_HUMAN.H11MO.0.C	3	0.00360924	2.77551	0.363388	15	CGCCCACCTTGGCCC	CACTGGCCCCCTGGTCCCAC	-
712-CGCCCACCTTGGCCC	NR1H2_HUMAN.H11MO.0.D	0	0.00361042	2.77642	0.363388	15	CGCCCACCTTGGCCC	CGTTGACCTTTGACCTTTA	-
712-CGCCCACCTTGGCCC	KLF14_HUMAN.H11MO.0.D	4	0.00422018	3.24532	0.373889	9	CGCCCACCTTGGCCC	GCCACGCCCCCCT	-
712-CGCCCACCTTGGCCC	ZN586_HUMAN.H11MO.0.C	5	0.00432876	3.32882	0.373889	15	CGCCCACCTTGGCCC	CATTTTTTCCTCCTAGGCCT	-
712-CGCCCACCTTGGCCC	ZN816_HUMAN.H11MO.0.C	-2	0.00445771	3.42798	0.373889	13	CGCCCACCTTGGCCC	CCCTGCATGTCCCCCTTTTTT	-
712-CGCCCACCTTGGCCC	TBX5_HUMAN.H11MO.0.D	-1	0.00565933	4.35203	0.396313	8	CGCCCACCTTGGCCC	TCACACCT	-
712-CGCCCACCTTGGCCC	ZSC22_HUMAN.H11MO.0.C	1	0.00578581	4.44929	0.396313	15	CGCCCACCTTGGCCC	CCTCCTCCCTCAGACC	-
712-CGCCCACCTTGGCCC	RXRG_HUMAN.H11MO.0.B	-2	0.0064576	4.9659	0.396313	13	CGCCCACCTTGGCCC	GTGACCTTTGACC	-
712-CGCCCACCTTGGCCC	EGR2_HUMAN.H11MO.0.A	3	0.00660405	5.07852	0.396313	15	CGCCCACCTTGGCCC	CCCCTCCCACACCCCCCC	-
712-CGCCCACCTTGGCCC	NR5A2_HUMAN.H11MO.0.B	-3	0.00664983	5.11372	0.396313	11	CGCCCACCTTGGCCC	TGGCCTTGAAC	-
712-CGCCCACCTTGGCCC	TBX3_HUMAN.H11MO.0.C	0	0.00664983	5.11372	0.396313	11	CGCCCACCTTGGCCC	TTCCCACCTCC	-
712-CGCCCACCTTGGCCC	KLF16_HUMAN.H11MO.0.D	3	0.00674714	5.18855	0.396313	15	CGCCCACCTTGGCCC	CCCCCCCCCCCCCGCCCCC	-
712-CGCCCACCTTGGCCC	TYY1_HUMAN.H11MO.0.A	1	0.00689139	5.29948	0.396313	11	CGCCCACCTTGGCCC	GCCGCCATCTTG	-
712-CGCCCACCTTGGCCC	ZEB1_HUMAN.H11MO.0.A	-2	0.00747023	5.7446	0.396313	10	CGCCCACCTTGGCCC	CTCACCTGTC	-
712-CGCCCACCTTGGCCC	ERR2_HUMAN.H11MO.0.A	-3	0.00757372	5.82419	0.396313	9	CGCCCACCTTGGCCC	TGACCTTGA	-
712-CGCCCACCTTGGCCC	KLF15_HUMAN.H11MO.0.A	3	0.00768948	5.91321	0.396313	15	CGCCCACCTTGGCCC	CCCCCCCCTGCTCCTCCCC	-
712-CGCCCACCTTGGCCC	PPARD_HUMAN.H11MO.0.D	-3	0.0078751	6.05596	0.396313	12	CGCCCACCTTGGCCC	TGACCTTTGTCCTA	-
712-CGCCCACCTTGGCCC	GLI1_HUMAN.H11MO.0.D	0	0.00834487	6.41721	0.404088	12	CGCCCACCTTGGCCC	AGACCACCCAGG	-
712-CGCCCACCTTGGCCC	ZF64A_HUMAN.H11MO.0.D	0	0.00856491	6.58641	0.404088	15	CGCCCACCTTGGCCC	CAGGTTCCCGGGCCCC	-
712-CGCCCACCTTGGCCC	NFIC_HUMAN.H11MO.1.A	-6	0.00893907	6.87415	0.408961	9	CGCCCACCTTGGCCC	TCTTGGCAG	+
712-CGCCCACCTTGGCCC	STF1_HUMAN.H11MO.0.B	-3	0.0103949	7.99369	0.421306	11	CGCCCACCTTGGCCC	TGGCCTTGAGC	-
712-CGCCCACCTTGGCCC	ZN554_HUMAN.H11MO.0.C	2	0.0104147	8.00889	0.421306	15	CGCCCACCTTGGCCC	AGCACCCCACATGGCTCAGC	-
712-CGCCCACCTTGGCCC	THAP1_HUMAN.H11MO.0.C	2	0.0104803	8.05934	0.421306	15	CGCCCACCTTGGCCC	CGCCGCCATCTTGGCTGCGGGC	+
712-CGCCCACCTTGGCCC	NFIB_HUMAN.H11MO.0.D	-6	0.0105269	8.09519	0.421306	9	CGCCCACCTTGGCCC	CCCTGGCAG	+
712-CGCCCACCTTGGCCC	VDR_HUMAN.H11MO.0.A	0	0.0106042	8.15463	0.421306	15	CGCCCACCTTGGCCC	TGAACCCACTGACCCC	-
712-CGCCCACCTTGGCCC	NR4A3_HUMAN.H11MO.0.D	-2	0.0113035	8.69243	0.437576	10	CGCCCACCTTGGCCC	CTGACCTTTG	-
712-CGCCCACCTTGGCCC	EGR2_HUMAN.H11MO.1.A	0	0.0125518	9.65234	0.47375	15	CGCCCACCTTGGCCC	CCCCCGCCCACGCCCC	-
712-CGCCCACCTTGGCCC	ZBT14_HUMAN.H11MO.0.C	1	0.0130458	10.0322	0.480387	8	CGCCCACCTTGGCCC	GCGCGCTCC	-
712-CGCCCACCTTGGCCC	FIGLA_HUMAN.H11MO.0.D	-2	0.0138871	10.6792	0.487295	11	CGCCCACCTTGGCCC	AACACCTGTTA	-
712-CGCCCACCTTGGCCC	REST_HUMAN.H11MO.0.A	3	0.0141026	10.8449	0.487295	15	CGCCCACCTTGGCCC	GGGCGCTGTCCATGGTGCTGAA	-
712-CGCCCACCTTGGCCC	XBP1_HUMAN.H11MO.0.D	-2	0.0145646	11.2002	0.487295	11	CGCCCACCTTGGCCC	GCCACGTCAGC	-
712-CGCCCACCTTGGCCC	ZBTB4_HUMAN.H11MO.0.D	5	0.0147518	11.3442	0.487295	12	CGCCCACCTTGGCCC	CCCACCTGCCATCTAGG	-
712-CGCCCACCTTGGCCC	Z324A_HUMAN.H11MO.0.C	5	0.0148473	11.4175	0.487295	15	CGCCCACCTTGGCCC	TATCAAACCATCCTTTGCTGCCA	+
713-AAATGTAAAAT	ZN232_HUMAN.H11MO.0.D	4	0.000260499	0.200324	0.400566	11	AAATGTAAAAT	TGTTAAATGTAGATTAAGT	+
714-AACCGAAAA	ZIM3_HUMAN.H11MO.0.C	6	0.00052295	0.402149	0.404976	9	AACCGAAAA	GCAAGCAACAGAAACCCAA	-
714-AACCGAAAA	IRF9_HUMAN.H11MO.0.C	2	0.00052846	0.406386	0.404976	9	AACCGAAAA	GAAAGCGAAACT	+
714-AACCGAAAA	ZN136_HUMAN.H11MO.0.C	1	0.0010574	0.81314	0.4427	9	AACCGAAAA	CAACCAAGAATACTATATCCAGCA	-
714-AACCGAAAA	IRF7_HUMAN.H11MO.0.C	2	0.00115538	0.888483	0.4427	8	AACCGAAAA	GAAAGTGAAA	+
714-AACCGAAAA	IRF5_HUMAN.H11MO.0.D	7	0.0015508	1.19257	0.457898	9	AACCGAAAA	TAAAGGAAAGCCAAAAGTGA	+
714-AACCGAAAA	STAT1_HUMAN.H11MO.1.A	4	0.00209132	1.60822	0.457898	9	AACCGAAAA	AAGAAAATGAAACTGAAAG	+
714-AACCGAAAA	STAT2_HUMAN.H11MO.0.A	4	0.00209132	1.60822	0.457898	9	AACCGAAAA	AGGAAAATGAAACTGAAAG	+
720-CGTTAATCCCRT	OTX2_HUMAN.H11MO.0.A	-1	3.4507e-05	0.0265359	0.0316865	11	CGTTAATCCCAT	GTTAATCCCCT	-
720-CGTTAATCCCRT	GSC_HUMAN.H11MO.0.D	-1	5.22154e-05	0.0401536	0.0316865	11	CGTTAATCCCAT	GCTAATCCCTT	-
720-CGTTAATCCCRT	DPRX_HUMAN.H11MO.0.D	0	6.66157e-05	0.0512274	0.0316865	11	CGTTAATCCCAT	GGATAATCCGT	-
720-CGTTAATCCCRT	PITX2_HUMAN.H11MO.0.D	-1	8.26423e-05	0.063552	0.0316865	10	CGTTAATCCCAT	TTTAATCCCA	-
720-CGTTAATCCCRT	RHXF1_HUMAN.H11MO.0.D	-1	0.000248437	0.191048	0.0762039	11	CGTTAATCCCAT	GTTAATCCCCG	-
720-CGTTAATCCCRT	PITX3_HUMAN.H11MO.0.D	-2	0.000440459	0.338713	0.112586	10	CGTTAATCCCAT	TTAATCCCTTAATCCCCC	-
720-CGTTAATCCCRT	CRX_HUMAN.H11MO.0.B	-1	0.000543608	0.418035	0.118401	11	CGTTAATCCCAT	CCTAATCCTCTTA	-
720-CGTTAATCCCRT	PITX1_HUMAN.H11MO.0.D	-2	0.000687484	0.528675	0.118401	9	CGTTAATCCCAT	TTAATCCCT	-
720-CGTTAATCCCRT	OTX1_HUMAN.H11MO.0.D	-2	0.000694809	0.534308	0.118401	8	CGTTAATCCCAT	CTAATCCT	-
720-CGTTAATCCCRT	ZN264_HUMAN.H11MO.0.C	11	0.00116462	0.895595	0.178614	12	CGTTAATCCCAT	TCTTATAAGGGCACTAATCCCATT	+
720-CGTTAATCCCRT	ZN652_HUMAN.H11MO.0.D	-1	0.0013462	1.03523	0.187693	11	CGTTAATCCCAT	ATTAACCCTTT	-
720-CGTTAATCCCRT	MIXL1_HUMAN.H11MO.0.D	-1	0.00227248	1.74753	0.290435	11	CGTTAATCCCAT	GTTAATTAGAT	+
722-CAAAATAACCAG	FOXF1_HUMAN.H11MO.0.D	-1	0.000198712	0.152809	0.304758	11	CAAAATAACCAG	AAAATAAACAT	-
722-CAAAATAACCAG	FOXQ1_HUMAN.H11MO.0.C	-2	0.000480267	0.369325	0.368285	10	CAAAATAACCAG	AAATAAACAATT	-
722-CAAAATAACCAG	FOXJ3_HUMAN.H11MO.0.A	1	0.000894018	0.6875	0.43833	12	CAAAATAACCAG	AAAAAATAAACAA	-
722-CAAAATAACCAG	FOXJ2_HUMAN.H11MO.0.C	-1	0.00114322	0.879136	0.43833	10	CAAAATAACCAG	TAAATAAACA	-
724-CTGTCACCCACAT	MEIS1_HUMAN.H11MO.1.B	1	0.000350391	0.269451	0.23991	8	CTGTCACCCACAT	GCTGTCAGC	-
724-CTGTCACCCACAT	TGIF1_HUMAN.H11MO.0.A	1	0.000536556	0.412611	0.23991	6	CTGTCACCCACAT	GCTGTCA	-
724-CTGTCACCCACAT	PBX1_HUMAN.H11MO.0.A	0	0.000615187	0.473079	0.23991	10	CTGTCACCCACAT	CTGTCAATCA	-
724-CTGTCACCCACAT	PPARG_HUMAN.H11MO.0.A	4	0.000769242	0.591547	0.23991	13	CTGTCACCCACAT	TGACCTTTGCCCCACTT	-
724-CTGTCACCCACAT	PKNX1_HUMAN.H11MO.0.B	1	0.000828442	0.637072	0.23991	10	CTGTCACCCACAT	CCTGTCAATCA	-
724-CTGTCACCCACAT	TBX20_HUMAN.H11MO.0.D	2	0.00100617	0.773743	0.23991	12	CTGTCACCCACAT	ACCTGTCAGCACCT	-
724-CTGTCACCCACAT	PPARA_HUMAN.H11MO.0.B	4	0.001095	0.842056	0.23991	13	CTGTCACCCACAT	TGACCTTTGCCCCAGTT	-
724-CTGTCACCCACAT	SMAD4_HUMAN.H11MO.0.B	0	0.00146887	1.12956	0.281595	13	CTGTCACCCACAT	CTGTCTGGCACCT	+
724-CTGTCACCCACAT	MEIS3_HUMAN.H11MO.0.D	3	0.00204897	1.57566	0.349161	8	CTGTCACCCACAT	CACCTGTCAAA	-
724-CTGTCACCCACAT	SMAD2_HUMAN.H11MO.0.A	-1	0.00254046	1.95361	0.389622	12	CTGTCACCCACAT	TGTCTGTCACCT	+
724-CTGTCACCCACAT	TGIF2_HUMAN.H11MO.0.D	4	0.00344236	2.64718	0.46556	7	CTGTCACCCACAT	ACAGCTGTCAT	-
724-CTGTCACCCACAT	PBX3_HUMAN.H11MO.0.A	1	0.00364271	2.80125	0.46556	10	CTGTCACCCACAT	CCTGTCAATCA	-
725-GGATGATGAGA	ATF4_HUMAN.H11MO.0.A	0	0.000704377	0.541666	0.445374	11	GGATGATGAGA	AGATGATGCAAT	+
725-GGATGATGAGA	CEBPG_HUMAN.H11MO.0.B	0	0.00106244	0.817018	0.445374	11	GGATGATGAGA	GGATGATGCAAT	-
725-GGATGATGAGA	ZN333_HUMAN.H11MO.0.D	0	0.00135866	1.04481	0.445374	9	GGATGATGAGA	CGATAATGA	+
725-GGATGATGAGA	DDIT3_HUMAN.H11MO.0.D	-2	0.001366	1.05046	0.445374	9	GGATGATGAGA	ATGATGCAAT	+
725-GGATGATGAGA	ATF2_HUMAN.H11MO.1.B	3	0.00144914	1.11439	0.445374	11	GGATGATGAGA	AAATGATGATGTCATCATTT	+
725-GGATGATGAGA	TBX20_HUMAN.H11MO.0.D	0	0.00190215	1.46275	0.487166	11	GGATGATGAGA	AGGTGCTGACAGGT	+
726-AAAGCAAAACAARA	IRF5_HUMAN.H11MO.0.D	1	2.25573e-05	0.0173466	0.0252761	14	AAAGCAAAACAAGA	TAAAGGAAAGCCAAAAGTGA	+
726-AAAGCAAAACAARA	ZN250_HUMAN.H11MO.0.C	1	3.32229e-05	0.0255484	0.0252761	14	AAAGCAAAACAAGA	GTAATCAAAACAGCATGGTA	-
726-AAAGCAAAACAARA	IRF9_HUMAN.H11MO.0.C	1	0.000161874	0.124481	0.082103	11	AAAGCAAAACAAGA	GAAAGCGAAACT	+
726-AAAGCAAAACAARA	FOXJ3_HUMAN.H11MO.0.A	1	0.000257325	0.197883	0.0978869	12	AAAGCAAAACAAGA	AAAAAATAAACAA	-
726-AAAGCAAAACAARA	FOXO4_HUMAN.H11MO.0.C	-3	0.000847766	0.651932	0.250183	9	AAAGCAAAACAAGA	AATAAACAA	-
726-AAAGCAAAACAARA	SRY_HUMAN.H11MO.0.B	-5	0.00133661	1.02785	0.250183	9	AAAGCAAAACAAGA	AAAACAAAA	-
726-AAAGCAAAACAARA	IRF2_HUMAN.H11MO.0.A	7	0.00151199	1.16272	0.250183	13	AAAGCAAAACAAGA	GAAAGTGAAAGTGAAAGTAA	+
726-AAAGCAAAACAARA	FOXJ3_HUMAN.H11MO.1.B	1	0.0015519	1.19341	0.250183	12	AAAGCAAAACAAGA	TAAACAAAAACAA	-
726-AAAGCAAAACAARA	IRF1_HUMAN.H11MO.0.A	7	0.00159286	1.22491	0.250183	13	AAAGCAAAACAAGA	GAAAATGAAAGTGAAAGTAA	+
726-AAAGCAAAACAARA	FOXL1_HUMAN.H11MO.0.D	1	0.0016442	1.26439	0.250183	14	AAAGCAAAACAAGA	AAAAGTAAACAAACAAACA	-
726-AAAGCAAAACAARA	CPEB1_HUMAN.H11MO.0.D	2	0.00192819	1.48277	0.266722	14	AAAGCAAAACAAGA	AAAAAAAAAAATAAAAA	-
726-AAAGCAAAACAARA	IRF7_HUMAN.H11MO.0.C	1	0.00245225	1.88578	0.267208	9	AAAGCAAAACAAGA	GAAAGTGAAA	+
726-AAAGCAAAACAARA	FOXG1_HUMAN.H11MO.0.D	4	0.00248285	1.90931	0.267208	13	AAAGCAAAACAAGA	AAAAAAATATAAACAAT	-
726-AAAGCAAAACAARA	FUBP1_HUMAN.H11MO.0.D	0	0.00297885	2.29074	0.267208	12	AAAGCAAAACAAGA	AAAAAAACACAA	-
726-AAAGCAAAACAARA	STAT2_HUMAN.H11MO.0.A	3	0.0030248	2.32607	0.267208	14	AAAGCAAAACAAGA	AGGAAAATGAAACTGAAAG	+
726-AAAGCAAAACAARA	FOXF2_HUMAN.H11MO.0.D	0	0.00306206	2.35472	0.267208	11	AAAGCAAAACAAGA	AAAAGTAAACA	-
726-AAAGCAAAACAARA	PRDM6_HUMAN.H11MO.0.C	1	0.00322145	2.4773	0.267208	12	AAAGCAAAACAAGA	AAAAAGAAAAAAA	+
726-AAAGCAAAACAARA	HXC6_HUMAN.H11MO.0.D	0	0.00345482	2.65676	0.267208	14	AAAGCAAAACAAGA	AAAGTAATAAATCAT	-
726-AAAGCAAAACAARA	DUX4_HUMAN.H11MO.0.A	0	0.00360178	2.76977	0.267208	11	AAAGCAAAACAAGA	TAACCTAATCA	-
726-AAAGCAAAACAARA	FOXK1_HUMAN.H11MO.0.A	-1	0.00365646	2.81182	0.267208	10	AAAGCAAAACAAGA	AAAGTAAACA	-
726-AAAGCAAAACAARA	STAT1_HUMAN.H11MO.1.A	3	0.00368778	2.8359	0.267208	14	AAAGCAAAACAAGA	AAGAAAATGAAACTGAAAG	+
726-AAAGCAAAACAARA	FOXC2_HUMAN.H11MO.0.D	1	0.00440991	3.39122	0.297632	14	AAAGCAAAACAAGA	TCTGGCAAAACAAAC	-
726-AAAGCAAAACAARA	SOX5_HUMAN.H11MO.0.C	-6	0.00449888	3.45964	0.297632	8	AAAGCAAAACAAGA	TAACAATA	-
726-AAAGCAAAACAARA	HXD10_HUMAN.H11MO.0.D	-1	0.00483185	3.7157	0.306341	10	AAAGCAAAACAAGA	AATTAAAGCA	-
726-AAAGCAAAACAARA	FOXF1_HUMAN.H11MO.0.D	-1	0.00611021	4.69876	0.371894	11	AAAGCAAAACAAGA	AAAATAAACAT	-
726-AAAGCAAAACAARA	FOXQ1_HUMAN.H11MO.0.C	-2	0.00641654	4.93432	0.375518	12	AAAGCAAAACAAGA	AAATAAACAATT	-
726-AAAGCAAAACAARA	FOXO3_HUMAN.H11MO.0.B	-3	0.00670317	5.15474	0.377763	10	AAAGCAAAACAAGA	TGTAAACAAG	-
726-AAAGCAAAACAARA	BPTF_HUMAN.H11MO.0.D	-4	0.00744607	5.72603	0.404643	10	AAAGCAAAACAAGA	GAAAACAACAAA	-
726-AAAGCAAAACAARA	SOX2_HUMAN.H11MO.1.A	0	0.00919224	7.06883	0.43198	14	AAAGCAAAACAAGA	TTTGCATAACAAAGGA	-
726-AAAGCAAAACAARA	FOXO6_HUMAN.H11MO.0.D	-2	0.00950905	7.31246	0.43198	12	AAAGCAAAACAAGA	ACGTAAACAAGTT	-
726-AAAGCAAAACAARA	FOXJ2_HUMAN.H11MO.0.C	-1	0.009725	7.47852	0.43198	10	AAAGCAAAACAAGA	TAAATAAACA	-
726-AAAGCAAAACAARA	FOXP1_HUMAN.H11MO.0.A	-4	0.010109	7.77381	0.43198	9	AAAGCAAAACAAGA	ATAAACAAA	-
726-AAAGCAAAACAARA	IRF3_HUMAN.H11MO.0.B	1	0.0102643	7.89328	0.43198	14	AAAGCAAAACAAGA	GAAAGGGAAAGGGAAAGTGA	+
726-AAAGCAAAACAARA	FOXD3_HUMAN.H11MO.0.D	2	0.0102956	7.91728	0.43198	13	AAAGCAAAACAAGA	TGCTAAGTAAACAAA	-
726-AAAGCAAAACAARA	MYNN_HUMAN.H11MO.0.D	-1	0.010448	8.03454	0.43198	13	AAAGCAAAACAAGA	TTTCAAAATAAAAGTCC	-
726-AAAGCAAAACAARA	CDX2_HUMAN.H11MO.0.A	0	0.010474	8.05452	0.43198	12	AAAGCAAAACAAGA	ACAGCAATAAAA	-
726-AAAGCAAAACAARA	PRDM1_HUMAN.H11MO.0.A	1	0.0105042	8.07772	0.43198	13	AAAGCAAAACAAGA	GAAAGTGAAAGTGA	+
726-AAAGCAAAACAARA	FOXO1_HUMAN.H11MO.0.A	-3	0.0120922	9.29894	0.48095	11	AAAGCAAAACAAGA	AGTAAACAGGAA	-
726-AAAGCAAAACAARA	FOXC1_HUMAN.H11MO.0.C	1	0.0123489	9.49627	0.48095	14	AAAGCAAAACAAGA	CTTAAGTAAACAATG	-
726-AAAGCAAAACAARA	SOX15_HUMAN.H11MO.0.D	-7	0.0128812	9.90565	0.48095	7	AAAGCAAAACAAGA	AACAATG	-
726-AAAGCAAAACAARA	ZIM3_HUMAN.H11MO.0.C	1	0.0131732	10.1302	0.48095	14	AAAGCAAAACAAGA	GCAAGCAACAGAAACCCAA	-
726-AAAGCAAAACAARA	FOXP2_HUMAN.H11MO.0.C	-3	0.0132754	10.2088	0.48095	9	AAAGCAAAACAAGA	TGTAAACAG	-
729-AAGGGAGGGTGG	MAZ_HUMAN.H11MO.1.A	0	0.000222718	0.17127	0.193466	11	AAGGGAGGGTGG	GAGGGAGGGGG	+
729-AAGGGAGGGTGG	TBX15_HUMAN.H11MO.0.D	4	0.000254358	0.195601	0.193466	12	AAGGGAGGGTGG	GGGGGGGGGGGGGTGGGGG	+
729-AAGGGAGGGTGG	PATZ1_HUMAN.H11MO.1.C	-1	0.000455486	0.350269	0.230964	9	AAGGGAGGGTGG	AGGGAGGGG	+
729-AAGGGAGGGTGG	ZN219_HUMAN.H11MO.0.D	-1	0.000721512	0.554843	0.274393	11	AAGGGAGGGTGG	GAGGGGGGCGGA	+
729-AAGGGAGGGTGG	ZBTB4_HUMAN.H11MO.0.D	4	0.000982956	0.755893	0.299057	12	AAGGGAGGGTGG	CCTAGATGGCAGGTGGG	+
729-AAGGGAGGGTGG	VEZF1_HUMAN.H11MO.1.C	1	0.00137398	1.05659	0.310153	11	AAGGGAGGGTGG	AGAGGGAGGGGG	+
729-AAGGGAGGGTGG	FLI1_HUMAN.H11MO.0.A	5	0.0015909	1.2234	0.310153	12	AAGGGAGGGTGG	GGAGGAAGGAAGGAGGGA	+
729-AAGGGAGGGTGG	ZBT48_HUMAN.H11MO.0.C	1	0.00163108	1.2543	0.310153	11	AAGGGAGGGTGG	TTAGGGACCGTG	+
729-AAGGGAGGGTGG	ZN770_HUMAN.H11MO.1.C	-2	0.00219042	1.68444	0.342253	10	AAGGGAGGGTGG	GGGAGGCTGAG	+
729-AAGGGAGGGTGG	SALL4_HUMAN.H11MO.0.B	-3	0.00224987	1.73015	0.342253	9	AAGGGAGGGTGG	GGAGGGTGGG	+
729-AAGGGAGGGTGG	ZN467_HUMAN.H11MO.0.C	-1	0.00265775	2.04381	0.355316	11	AAGGGAGGGTGG	GGGGAGGGGAGGGGGGGGGGGG	+
729-AAGGGAGGGTGG	PRDM1_HUMAN.H11MO.0.A	2	0.00297852	2.29048	0.355316	12	AAGGGAGGGTGG	GAAAGTGAAAGTGA	+
729-AAGGGAGGGTGG	KLF14_HUMAN.H11MO.0.D	0	0.00337866	2.59819	0.355316	12	AAGGGAGGGTGG	AGGGGGGCGTGGC	+
729-AAGGGAGGGTGG	WT1_HUMAN.H11MO.0.C	0	0.00347803	2.6746	0.355316	12	AAGGGAGGGTGG	GGGCGGGGGAGGAGGGGGGG	+
729-AAGGGAGGGTGG	ZN740_HUMAN.H11MO.0.D	1	0.00350361	2.69428	0.355316	12	AAGGGAGGGTGG	GGGGGGGGGGTGGG	+
729-AAGGGAGGGTGG	EGR1_HUMAN.H11MO.0.A	2	0.00382067	2.93809	0.363253	12	AAGGGAGGGTGG	GAGGGCGTGGGCGGGGG	+
729-AAGGGAGGGTGG	WT1_HUMAN.H11MO.1.B	0	0.00407744	3.13556	0.364862	11	AAGGGAGGGTGG	GTGGGAGGAGG	+
729-AAGGGAGGGTGG	EGR2_HUMAN.H11MO.1.A	1	0.00432414	3.32526	0.365441	12	AAGGGAGGGTGG	GGGGCGTGGGCGGGGG	+
729-AAGGGAGGGTGG	GLI2_HUMAN.H11MO.0.D	-4	0.00480947	3.69848	0.385065	8	AAGGGAGGGTGG	GTGGGTGGTCT	+
729-AAGGGAGGGTGG	ZSC22_HUMAN.H11MO.0.C	1	0.00507183	3.90023	0.385766	12	AAGGGAGGGTGG	GGTCTGAGGGAGGAGG	+
729-AAGGGAGGGTGG	EGR2_HUMAN.H11MO.0.A	4	0.00537518	4.13351	0.389371	12	AAGGGAGGGTGG	GGGGGGGTGTGGGAGGGG	+
729-AAGGGAGGGTGG	ZNF41_HUMAN.H11MO.1.C	3	0.00573797	4.4125	0.396758	9	AAGGGAGGGTGG	CACAAGGGAGAA	+
729-AAGGGAGGGTGG	Z324A_HUMAN.H11MO.0.C	7	0.0065672	5.05018	0.434352	12	AAGGGAGGGTGG	TGGCAGCAAAGGATGGTTTGATA	-
729-AAGGGAGGGTGG	KLF9_HUMAN.H11MO.0.C	1	0.00723543	5.56405	0.445603	12	AAGGGAGGGTGG	GGAGGGGGCGTGGCC	+
729-AAGGGAGGGTGG	MAZ_HUMAN.H11MO.0.A	0	0.00751675	5.78038	0.445603	12	AAGGGAGGGTGG	GGGGGAGGGGGGGGGGGGGGGG	+
729-AAGGGAGGGTGG	ZN148_HUMAN.H11MO.0.D	1	0.00761608	5.85676	0.445603	12	AAGGGAGGGTGG	GGGGTGGGGGAGGGG	+
729-AAGGGAGGGTGG	TBX1_HUMAN.H11MO.0.D	-2	0.00863776	6.64244	0.454713	10	AAGGGAGGGTGG	GGGTGGGCAGGGGTGGGCGG	+
729-AAGGGAGGGTGG	KLF16_HUMAN.H11MO.0.D	0	0.00866854	6.6661	0.454713	12	AAGGGAGGGTGG	GGGGGCGGGGGGGGGGGGG	+
729-AAGGGAGGGTGG	KLF6_HUMAN.H11MO.0.A	-2	0.00866854	6.6661	0.454713	10	AAGGGAGGGTGG	GGAAGGGCGGGGCCGGGGG	+
729-AAGGGAGGGTGG	ZNF41_HUMAN.H11MO.0.C	3	0.00919489	7.07087	0.45481	12	AAGGGAGGGTGG	CACAAGGGAGTAAGGCACCATGAG	+
729-AAGGGAGGGTGG	VEZF1_HUMAN.H11MO.0.C	6	0.00926834	7.12735	0.45481	12	AAGGGAGGGTGG	GGGGAGGGGGGAGGGGGAGGGG	+
729-AAGGGAGGGTGG	SP3_HUMAN.H11MO.0.B	0	0.0095769	7.36463	0.455265	12	AAGGGAGGGTGG	GGGGGGGGGCGGGGCCGGGG	+
729-AAGGGAGGGTGG	KLF3_HUMAN.H11MO.0.B	0	0.0101098	7.77443	0.466034	12	AAGGGAGGGTGG	GGGGAGGGGCGGGGCCGGG	+
731-AGGAAAGAAATCAC	HXC6_HUMAN.H11MO.0.D	1	2.4057e-05	0.0184999	0.0368955	14	AGGAAAGAAATCAC	AAAGTAATAAATCAT	-
731-AGGAAAGAAATCAC	HXA9_HUMAN.H11MO.0.B	-3	0.000652461	0.501742	0.296138	11	AGGAAAGAAATCAC	CCATAAATCAT	-
731-AGGAAAGAAATCAC	ZN274_HUMAN.H11MO.0.A	5	0.000861675	0.662628	0.296138	14	AGGAAAGAAATCAC	CATACTGGAGAGAAACCCTA	+
731-AGGAAAGAAATCAC	NR2E1_HUMAN.H11MO.0.D	1	0.0010302	0.792226	0.296138	14	AGGAAAGAAATCAC	AAGTCAAAAAGTCAATT	+
731-AGGAAAGAAATCAC	ZNF41_HUMAN.H11MO.0.C	4	0.00107801	0.828993	0.296138	14	AGGAAAGAAATCAC	CACAAGGGAGTAAGGCACCATGAG	+
731-AGGAAAGAAATCAC	MEIS1_HUMAN.H11MO.0.A	-2	0.00115855	0.890924	0.296138	12	AGGAAAGAAATCAC	GCCATAAATCAT	-
731-AGGAAAGAAATCAC	ONEC3_HUMAN.H11MO.0.D	-4	0.00165886	1.27567	0.36345	10	AGGAAAGAAATCAC	AAAAAATCAATA	-
734-AAAGAAAAAAAAGG	FOXJ3_HUMAN.H11MO.1.B	1	4.48939e-05	0.0345234	0.0686106	12	AAAGAAAAAAAAGG	TAAACAAAAACAA	-
734-AAAGAAAAAAAAGG	ZN680_HUMAN.H11MO.0.C	6	0.00028386	0.218288	0.139777	14	AAAGAAAAAAAAGG	CATGTCCAAGAAGAATGAGG	+
734-AAAGAAAAAAAAGG	PRDM6_HUMAN.H11MO.0.C	2	0.000342144	0.263108	0.139777	11	AAAGAAAAAAAAGG	AAAAAGAAAAAAA	+
734-AAAGAAAAAAAAGG	FOXL1_HUMAN.H11MO.0.D	6	0.00036584	0.281331	0.139777	13	AAAGAAAAAAAAGG	AAAAGTAAACAAACAAACA	-
734-AAAGAAAAAAAAGG	CPEB1_HUMAN.H11MO.0.D	5	0.000691162	0.531504	0.211258	12	AAAGAAAAAAAAGG	AAAAAAAAAAATAAAAA	-
734-AAAGAAAAAAAAGG	FOXJ3_HUMAN.H11MO.0.A	1	0.0014861	1.14281	0.297587	12	AAAGAAAAAAAAGG	AAAAAATAAACAA	-
734-AAAGAAAAAAAAGG	GATA3_HUMAN.H11MO.0.A	0	0.00152398	1.17194	0.297587	11	AAAGAAAAAAAAGG	AAAGATAAGAA	+
734-AAAGAAAAAAAAGG	ZFP28_HUMAN.H11MO.0.C	5	0.00155776	1.19792	0.297587	14	AAAGAAAAAAAAGG	TGACACAAGAAGAAATAGAA	-
735-AGTGGCTCAA	FOS_HUMAN.H11MO.0.A	-1	0.000434261	0.333947	0.361809	9	AGTGGCTCAA	GTGACTCAC	-
735-AGTGGCTCAA	FOSB_HUMAN.H11MO.0.A	-1	0.000683504	0.525614	0.361809	9	AGTGGCTCAA	ATGACTCAT	-
735-AGTGGCTCAA	JUNB_HUMAN.H11MO.0.A	0	0.000887429	0.682433	0.361809	10	AGTGGCTCAA	GGTGACTCAGA	-
735-AGTGGCTCAA	JUND_HUMAN.H11MO.0.A	0	0.000941792	0.724238	0.361809	10	AGTGGCTCAA	GATGACTCATC	-
735-AGTGGCTCAA	JUN_HUMAN.H11MO.0.A	0	0.00119199	0.916642	0.366343	10	AGTGGCTCAA	GATGACTCATC	-
737-AGACACGCC	KLF14_HUMAN.H11MO.0.D	-1	0.000324818	0.249785	0.340622	8	AGACACGCC	GCCACGCCCCCCT	-
737-AGACACGCC	KLF9_HUMAN.H11MO.0.C	0	0.000442941	0.340622	0.340622	9	AGACACGCC	GGCCACGCCCCCTCC	-
742-AATTTATTTTTAAA	HMX1_HUMAN.H11MO.0.D	3	7.13595e-05	0.0548755	0.107113	14	AATTTATTTTTAAA	GTTAATTGTTTTTTAAT	+
742-AATTTATTTTTAAA	MEF2C_HUMAN.H11MO.0.A	-1	0.000250186	0.192393	0.123041	13	AATTTATTTTTAAA	TGCTATTTTTAGC	+
742-AATTTATTTTTAAA	ZN232_HUMAN.H11MO.0.D	4	0.000257822	0.198265	0.123041	14	AATTTATTTTTAAA	ACTTAATCTACATTTAACA	-
742-AATTTATTTTTAAA	MEF2A_HUMAN.H11MO.0.A	-1	0.000329573	0.253442	0.123041	13	AATTTATTTTTAAA	TTCTATTTTTAGC	+
742-AATTTATTTTTAAA	MEF2D_HUMAN.H11MO.0.A	-1	0.000427318	0.328607	0.123041	12	AATTTATTTTTAAA	TGCTATTTTTAG	+
742-AATTTATTTTTAAA	ONEC3_HUMAN.H11MO.0.D	0	0.000505504	0.388733	0.123041	12	AATTTATTTTTAAA	TATTGATTTTTT	+
742-AATTTATTTTTAAA	MSX1_HUMAN.H11MO.0.D	1	0.000573799	0.441251	0.123041	14	AATTTATTTTTAAA	TAATTGGTTTTTAATTGG	+
742-AATTTATTTTTAAA	LMX1A_HUMAN.H11MO.0.D	1	0.000700939	0.539022	0.126641	14	AATTTATTTTTAAA	TAATTAATTATTTAATTAA	+
742-AATTTATTTTTAAA	GSX2_HUMAN.H11MO.0.D	2	0.000759326	0.583921	0.126641	14	AATTTATTTTTAAA	TTAATTAGTTTTTAAT	+
742-AATTTATTTTTAAA	FOXJ3_HUMAN.H11MO.0.A	1	0.00143335	1.10225	0.195857	12	AATTTATTTTTAAA	TTGTTTATTTTTT	+
742-AATTTATTTTTAAA	PO4F3_HUMAN.H11MO.0.D	1	0.0014353	1.10374	0.195857	14	AATTTATTTTTAAA	TCATTAATTATTCAT	+
742-AATTTATTTTTAAA	PO4F1_HUMAN.H11MO.0.D	0	0.0019505	1.49993	0.222655	14	AATTTATTTTTAAA	CATTAATTATTCAT	+
742-AATTTATTTTTAAA	LHX3_HUMAN.H11MO.0.C	3	0.00203129	1.56206	0.222655	10	AATTTATTTTTAAA	ATTAATTAATTTT	-
742-AATTTATTTTTAAA	UNC4_HUMAN.H11MO.0.D	1	0.00207669	1.59697	0.222655	10	AATTTATTTTTAAA	TAATTTAATTA	+
742-AATTTATTTTTAAA	MEF2B_HUMAN.H11MO.0.A	1	0.00377351	2.90183	0.330636	13	AATTTATTTTTAAA	GTTGCTATTTTTGG	+
742-AATTTATTTTTAAA	FOXP3_HUMAN.H11MO.0.D	0	0.0039398	3.0297	0.330636	9	AATTTATTTTTAAA	AATTTGTTT	+
742-AATTTATTTTTAAA	ALX4_HUMAN.H11MO.0.D	1	0.00408834	3.14393	0.330636	11	AATTTATTTTTAAA	TAATTTAATTAA	-
742-AATTTATTTTTAAA	MYNN_HUMAN.H11MO.0.D	3	0.00410403	3.156	0.330636	14	AATTTATTTTTAAA	GGACTTTTATTTTGAAA	+
742-AATTTATTTTTAAA	FOXD2_HUMAN.H11MO.0.D	6	0.00441322	3.39376	0.330636	13	AATTTATTTTTAAA	TATGTAAATATTTATTTAA	+
742-AATTTATTTTTAAA	SOX5_HUMAN.H11MO.0.C	-4	0.0045199	3.4758	0.330636	8	AATTTATTTTTAAA	TATTGTTA	+
742-AATTTATTTTTAAA	DRGX_HUMAN.H11MO.0.D	1	0.00502589	3.86491	0.330636	10	AATTTATTTTTAAA	TAATTTAATTA	+
742-AATTTATTTTTAAA	IRF9_HUMAN.H11MO.0.C	0	0.00521109	4.00733	0.330636	12	AATTTATTTTTAAA	AGTTTCGCTTTC	-
742-AATTTATTTTTAAA	PHX2B_HUMAN.H11MO.0.D	1	0.00528522	4.06433	0.330636	10	AATTTATTTTTAAA	TAATTTAATTA	+
742-AATTTATTTTTAAA	ARX_HUMAN.H11MO.0.D	2	0.00528654	4.06535	0.330636	11	AATTTATTTTTAAA	TTAATTTAATTAG	+
742-AATTTATTTTTAAA	PHX2A_HUMAN.H11MO.0.D	1	0.00584148	4.49209	0.341318	10	AATTTATTTTTAAA	TAATTTAATTA	+
742-AATTTATTTTTAAA	GSX1_HUMAN.H11MO.0.D	1	0.00606782	4.66615	0.341318	14	AATTTATTTTTAAA	TAATTAGTTTTTAAT	+
742-AATTTATTTTTAAA	PAX7_HUMAN.H11MO.0.D	1	0.0061395	4.72128	0.341318	10	AATTTATTTTTAAA	TAATTGATTAT	+
742-AATTTATTTTTAAA	Z354A_HUMAN.H11MO.0.C	8	0.0072871	5.60378	0.364453	14	AATTTATTTTTAAA	ATTTAGTCCATTTACATTTAATGT	+
742-AATTTATTTTTAAA	HXB3_HUMAN.H11MO.0.D	2	0.00743346	5.71633	0.364453	12	AATTTATTTTTAAA	TTAATTAGTTTTTA	+
742-AATTTATTTTTAAA	FOXJ3_HUMAN.H11MO.1.B	1	0.00797874	6.13565	0.364453	12	AATTTATTTTTAAA	TTGTTTTTGTTTA	+
742-AATTTATTTTTAAA	HMGA1_HUMAN.H11MO.0.D	-3	0.00805232	6.19224	0.364453	7	AATTTATTTTTAAA	GTATTTT	+
742-AATTTATTTTTAAA	HNF1A_HUMAN.H11MO.0.C	0	0.00825527	6.3483	0.364453	14	AATTTATTTTTAAA	GGTTAATGATTAACT	+
742-AATTTATTTTTAAA	HNF1B_HUMAN.H11MO.0.A	0	0.0090036	6.92377	0.386134	14	AATTTATTTTTAAA	GGTTAATGATTAACC	+
742-AATTTATTTTTAAA	PROP1_HUMAN.H11MO.0.D	1	0.0104887	8.0658	0.425509	10	AATTTATTTTTAAA	TAATTCAATTA	-
742-AATTTATTTTTAAA	ALX3_HUMAN.H11MO.0.D	1	0.0115352	8.87055	0.453827	10	AATTTATTTTTAAA	TAATTTAATTA	-
742-AATTTATTTTTAAA	FOXJ2_HUMAN.H11MO.0.C	0	0.0120108	9.23634	0.453827	10	AATTTATTTTTAAA	TGTTTATTTA	+
742-AATTTATTTTTAAA	HXA9_HUMAN.H11MO.0.B	2	0.0120937	9.30008	0.453827	9	AATTTATTTTTAAA	ATGATTTATGG	+
742-AATTTATTTTTAAA	FOXL1_HUMAN.H11MO.0.D	8	0.0127058	9.77078	0.465167	11	AATTTATTTTTAAA	TGTTTGTTTGTTTACTTTT	+
742-AATTTATTTTTAAA	CPEB1_HUMAN.H11MO.0.D	0	0.0133908	10.2975	0.474943	14	AATTTATTTTTAAA	TTTTTATTTTTTTTTTT	+
742-AATTTATTTTTAAA	FOXF1_HUMAN.H11MO.0.D	1	0.0139221	10.7061	0.474943	10	AATTTATTTTTAAA	ATGTTTATTTT	+
745-CCAGCTACTGAGSAK	BHA15_HUMAN.H11MO.0.B	0	6.06016e-05	0.0466027	0.0926776	11	CCAGCTACTGAGCAT	CCAGCTGCTGC	-
745-CCAGCTACTGAGSAK	PTF1A_HUMAN.H11MO.1.B	0	0.00013699	0.105345	0.104749	9	CCAGCTACTGAGCAT	CCAGCTGCT	-
745-CCAGCTACTGAGSAK	ASCL2_HUMAN.H11MO.0.D	0	0.000230778	0.177468	0.117642	9	CCAGCTACTGAGCAT	CCAGCTGCT	+
745-CCAGCTACTGAGSAK	OSR2_HUMAN.H11MO.0.C	3	0.000396577	0.304967	0.15162	13	CCAGCTACTGAGCAT	GCTGCTGCTTCTGCTG	+
745-CCAGCTACTGAGSAK	ATOH1_HUMAN.H11MO.0.B	0	0.0007643	0.587747	0.21166	9	CCAGCTACTGAGCAT	CCATCTGCT	-
745-CCAGCTACTGAGSAK	MYF6_HUMAN.H11MO.0.C	-1	0.000914788	0.703472	0.21166	7	CCAGCTACTGAGCAT	CAGCTGC	+
745-CCAGCTACTGAGSAK	TFAP4_HUMAN.H11MO.0.A	0	0.00105126	0.808415	0.21166	10	CCAGCTACTGAGCAT	CCAGCTGTTT	+
745-CCAGCTACTGAGSAK	ZN322_HUMAN.H11MO.0.B	3	0.00110723	0.851458	0.21166	15	CCAGCTACTGAGCAT	GAGCCTGGTACAGAGCCTGG	+
745-CCAGCTACTGAGSAK	TFE2_HUMAN.H11MO.0.A	1	0.00308157	2.36972	0.4528	10	CCAGCTACTGAGCAT	CACAGCTGCAG	+
745-CCAGCTACTGAGSAK	ITF2_HUMAN.H11MO.0.C	1	0.0031217	2.40059	0.4528	9	CCAGCTACTGAGCAT	CCCAGCTGCC	-
745-CCAGCTACTGAGSAK	MYOD1_HUMAN.H11MO.1.A	1	0.00325693	2.50458	0.4528	10	CCAGCTACTGAGCAT	GACAGCTGCAG	-
745-CCAGCTACTGAGSAK	VSX2_HUMAN.H11MO.0.D	0	0.00368226	2.83165	0.469271	12	CCAGCTACTGAGCAT	GAAGCTAATTAA	-
745-CCAGCTACTGAGSAK	NDF2_HUMAN.H11MO.0.B	0	0.00403414	3.10225	0.474568	9	CCAGCTACTGAGCAT	CCATCTGTT	-
745-CCAGCTACTGAGSAK	PO6F2_HUMAN.H11MO.0.D	-3	0.0053113	4.08439	0.486335	11	CCAGCTACTGAGCAT	GTTAATTAGCT	+
745-CCAGCTACTGAGSAK	ZBT18_HUMAN.H11MO.0.C	1	0.0053113	4.08439	0.486335	10	CCAGCTACTGAGCAT	TCCAGATGTGG	+
745-CCAGCTACTGAGSAK	ZN134_HUMAN.H11MO.1.C	0	0.00531792	4.08948	0.486335	15	CCAGCTACTGAGCAT	CCTTCACCTGATTAGGT	-
745-CCAGCTACTGAGSAK	RFX5_HUMAN.H11MO.0.A	5	0.00540622	4.15739	0.486335	15	CCAGCTACTGAGCAT	TCTGCCTAGCAACAGCTGAC	-
746-GCCATGTGAC	USF1_HUMAN.H11MO.0.A	1	1.57896e-05	0.0121422	0.0237323	10	GCCATGTGAC	GGTCACGTGACC	-
746-GCCATGTGAC	CR3L1_HUMAN.H11MO.0.D	1	7.8945e-05	0.0607087	0.0337716	10	GCCATGTGAC	TGCCACGTGGC	-
746-GCCATGTGAC	USF2_HUMAN.H11MO.0.A	7	8.16187e-05	0.0627648	0.0337716	10	GCCATGTGAC	CGCCGCGGCCACGTGACCC	-
746-GCCATGTGAC	MITF_HUMAN.H11MO.0.A	-1	8.98761e-05	0.0691147	0.0337716	9	GCCATGTGAC	TCACGTGACC	+
746-GCCATGTGAC	TFE3_HUMAN.H11MO.0.B	-1	0.000118058	0.0907867	0.035489	9	GCCATGTGAC	TCACGTGACC	-
746-GCCATGTGAC	BMAL1_HUMAN.H11MO.0.A	0	0.000155132	0.119297	0.0388614	10	GCCATGTGAC	GCCACGTGACT	+
746-GCCATGTGAC	TFEB_HUMAN.H11MO.0.C	-2	0.000420745	0.323553	0.0866098	8	GCCATGTGAC	CACGTGACC	-
746-GCCATGTGAC	HEY1_HUMAN.H11MO.0.D	1	0.000460988	0.3545	0.0866098	10	GCCATGTGAC	CGACACGTGCCA	-
746-GCCATGTGAC	MYC_HUMAN.H11MO.0.A	0	0.000523741	0.402757	0.0874665	10	GCCATGTGAC	GCCACGTGCTC	+
746-GCCATGTGAC	BHE40_HUMAN.H11MO.0.A	0	0.00115152	0.885515	0.133136	10	GCCATGTGAC	GGCACGTGAC	+
746-GCCATGTGAC	NDF1_HUMAN.H11MO.0.A	0	0.00173476	1.33403	0.186242	10	GCCATGTGAC	ACCATCTGTC	-
746-GCCATGTGAC	HES5_HUMAN.H11MO.0.D	1	0.00228754	1.75912	0.213729	10	GCCATGTGAC	CGGCACGTGCCA	-
746-GCCATGTGAC	CREB3_HUMAN.H11MO.0.D	1	0.00241283	1.85547	0.213729	10	GCCATGTGAC	TGCCACGTCACCA	-
746-GCCATGTGAC	MYCN_HUMAN.H11MO.0.A	1	0.00302498	2.32621	0.225373	10	GCCATGTGAC	GGCCACGTGGGC	+
746-GCCATGTGAC	HES7_HUMAN.H11MO.0.D	1	0.00319691	2.45842	0.225373	10	GCCATGTGAC	TGGCACGTGCCG	+
746-GCCATGTGAC	MXI1_HUMAN.H11MO.1.A	0	0.0037636	2.89421	0.225373	10	GCCATGTGAC	CCCACGTGCTC	+
746-GCCATGTGAC	NDF2_HUMAN.H11MO.0.B	-1	0.00385521	2.96466	0.225373	9	GCCATGTGAC	CCATCTGTT	-
746-GCCATGTGAC	CR3L2_HUMAN.H11MO.0.D	1	0.00397589	3.05746	0.225373	10	GCCATGTGAC	TGCCACGTCATCA	-
746-GCCATGTGAC	XBP1_HUMAN.H11MO.0.D	0	0.00419561	3.22643	0.225373	10	GCCATGTGAC	GCCACGTCAGC	-
746-GCCATGTGAC	RXRG_HUMAN.H11MO.0.B	2	0.00419847	3.22863	0.225373	10	GCCATGTGAC	GTGACCTTTGACC	-
746-GCCATGTGAC	NR2E3_HUMAN.H11MO.0.C	1	0.00475427	3.65604	0.238194	10	GCCATGTGAC	TGACTTTTGACTTT	-
746-GCCATGTGAC	ATF6A_HUMAN.H11MO.0.B	-1	0.00520952	4.00612	0.239589	9	GCCATGTGAC	CCACGTCACCAC	-
746-GCCATGTGAC	SNAI1_HUMAN.H11MO.0.C	-1	0.00543055	4.17609	0.239589	8	GCCATGTGAC	CCAGGTGG	+
746-GCCATGTGAC	MLX_HUMAN.H11MO.0.D	-1	0.00548602	4.21875	0.239589	9	GCCATGTGAC	GCACGTGATCA	-
746-GCCATGTGAC	NGN2_HUMAN.H11MO.0.D	0	0.00549441	4.2252	0.239589	10	GCCATGTGAC	GCCATCTGCTCC	-
746-GCCATGTGAC	ID4_HUMAN.H11MO.0.D	0	0.00578475	4.44847	0.239589	10	GCCATGTGAC	GACAGGTGTAA	+
746-GCCATGTGAC	MXI1_HUMAN.H11MO.0.A	6	0.00615866	4.73601	0.239589	9	GCCATGTGAC	CCCGCCGCCACGTGC	-
746-GCCATGTGAC	MAX_HUMAN.H11MO.0.A	-1	0.00621187	4.77693	0.239589	9	GCCATGTGAC	CCACGTGCTC	-
746-GCCATGTGAC	CLOCK_HUMAN.H11MO.0.C	2	0.00621675	4.78068	0.239589	10	GCCATGTGAC	CAGACACGTGAACA	+
746-GCCATGTGAC	MLXPL_HUMAN.H11MO.0.D	-1	0.00697022	5.3601	0.261911	9	GCCATGTGAC	GCATGTGACACCGCCGTGG	+
746-GCCATGTGAC	ATF3_HUMAN.H11MO.0.A	0	0.00751767	5.78109	0.265307	10	GCCATGTGAC	ATCACGTCACC	-
746-GCCATGTGAC	ZEB1_HUMAN.H11MO.0.A	0	0.00766809	5.89676	0.265307	10	GCCATGTGAC	GACAGGTGAG	+
746-GCCATGTGAC	TYY1_HUMAN.H11MO.0.A	3	0.00793092	6.09887	0.265307	9	GCCATGTGAC	GCCGCCATCTTG	-
746-GCCATGTGAC	ATOH1_HUMAN.H11MO.0.B	-1	0.00793223	6.09989	0.265307	9	GCCATGTGAC	CCATCTGCT	-
746-GCCATGTGAC	HES1_HUMAN.H11MO.0.D	2	0.00794317	6.1083	0.265307	10	GCCATGTGAC	CCGCCACGAGCCC	+
746-GCCATGTGAC	ZFP42_HUMAN.H11MO.0.A	4	0.00835102	6.42193	0.272866	8	GCCATGTGAC	GGCAGCCATTTT	+
746-GCCATGTGAC	HEY2_HUMAN.H11MO.0.D	4	0.00923159	7.09909	0.29522	10	GCCATGTGAC	TAATGCCACGTGCCCCC	-
746-GCCATGTGAC	TYY2_HUMAN.H11MO.0.D	3	0.00972008	7.47474	0.298155	8	GCCATGTGAC	GCCGCCATTTT	-
746-GCCATGTGAC	RFX3_HUMAN.H11MO.0.B	4	0.00994366	7.64668	0.298266	10	GCCATGTGAC	GGTTGCCATGGTAA	+
746-GCCATGTGAC	NR1H2_HUMAN.H11MO.0.D	4	0.0101206	7.78275	0.298266	10	GCCATGTGAC	CGTTGACCTTTGACCTTTA	-
746-GCCATGTGAC	RFX2_HUMAN.H11MO.0.A	5	0.0119583	9.19593	0.343707	10	GCCATGTGAC	CGGTTGCCATGGCAACGG	+
746-GCCATGTGAC	ERR1_HUMAN.H11MO.0.A	-1	0.0121198	9.32016	0.343707	9	GCCATGTGAC	CTGTGTGACCTTGAG	-
746-GCCATGTGAC	TWST1_HUMAN.H11MO.1.A	0	0.0128003	9.84345	0.356283	10	GCCATGTGAC	CACATCTGGT	+
746-GCCATGTGAC	ESR2_HUMAN.H11MO.1.A	-5	0.0137623	10.5832	0.364172	5	GCCATGTGAC	GTGACCT	-
746-GCCATGTGAC	OLIG3_HUMAN.H11MO.0.D	0	0.0138106	10.6204	0.364172	10	GCCATGTGAC	ACCATATGTTT	+
746-GCCATGTGAC	NFIA_HUMAN.H11MO.1.D	1	0.0154516	11.8823	0.383804	6	GCCATGTGAC	TGCCAAG	-
746-GCCATGTGAC	RFX4_HUMAN.H11MO.0.D	4	0.0155766	11.9784	0.383804	10	GCCATGTGAC	CGTTGCCATGGTAAC	+
746-GCCATGTGAC	BHE41_HUMAN.H11MO.0.D	5	0.0166477	12.8021	0.397176	10	GCCATGTGAC	ACCGGGTCACGTGCAGAAGG	+
746-GCCATGTGAC	FIGLA_HUMAN.H11MO.0.D	1	0.0176445	13.5686	0.408004	10	GCCATGTGAC	TAACAGGTGTT	+
746-GCCATGTGAC	MESP1_HUMAN.H11MO.0.D	-1	0.0176445	13.5686	0.408004	9	GCCATGTGAC	GCAGGTGTGGA	+
746-GCCATGTGAC	ESR1_HUMAN.H11MO.0.A	3	0.0189668	14.5855	0.430253	10	GCCATGTGAC	AGGTCAGGGTGACCT	-
746-GCCATGTGAC	SRBP1_HUMAN.H11MO.0.A	1	0.019436	14.9463	0.430253	10	GCCATGTGAC	GGTGGGGTGAG	+
746-GCCATGTGAC	RFX2_HUMAN.H11MO.1.A	5	0.0194655	14.969	0.430253	7	GCCATGTGAC	CGGTTGCCATGG	+
746-GCCATGTGAC	RARG_HUMAN.H11MO.0.B	6	0.0208126	16.0049	0.453362	10	GCCATGTGAC	CCCAGGTCACTCTGACCT	-
746-GCCATGTGAC	HESX1_HUMAN.H11MO.0.D	2	0.0225644	17.3521	0.48238	10	GCCATGTGAC	AGGCCACGTGCCGGAT	-
746-GCCATGTGAC	SNAI2_HUMAN.H11MO.0.A	0	0.0231075	17.7697	0.48238	10	GCCATGTGAC	GGCAGGTGCA	+
746-GCCATGTGAC	RXRB_HUMAN.H11MO.0.C	-4	0.0231075	17.7697	0.48238	6	GCCATGTGAC	TGTGACCTCA	-
746-GCCATGTGAC	EPAS1_HUMAN.H11MO.0.B	-1	0.0236209	18.1645	0.486342	9	GCCATGTGAC	GTACGTGCC	+
746-GCCATGTGAC	INSM1_HUMAN.H11MO.0.C	1	0.0246938	18.9896	0.494874	10	GCCATGTGAC	TGCCCCCTGACA	-
749-CTGCGTCCCC	HEN1_HUMAN.H11MO.0.C	10	1.68475e-05	0.0129557	0.0258214	10	CTGCGTCCCC	TGGGGAGCAGCTGCGTCCCT	+
750-AGAGGTAGAT	ZN232_HUMAN.H11MO.0.D	4	3.1658e-05	0.024345	0.04869	10	AGAGGTAGAT	TGTTAAATGTAGATTAAGT	+
758-GACTTTGACA	ERR3_HUMAN.H11MO.0.B	1	0.000480376	0.369409	0.408071	8	GACTTTGACA	TGACCTTGA	-
758-GACTTTGACA	HNF4A_HUMAN.H11MO.0.A	2	0.000531106	0.408421	0.408071	10	GACTTTGACA	TGGACTTTGGACTC	-
759-TCAGGTGAAA	TFE3_HUMAN.H11MO.0.B	0	0.000240098	0.184635	0.10903	10	TCAGGTGAAA	TCACGTGACC	-
759-TCAGGTGAAA	ID4_HUMAN.H11MO.0.D	1	0.000274771	0.211299	0.10903	10	TCAGGTGAAA	GACAGGTGTAA	+
759-TCAGGTGAAA	SNAI1_HUMAN.H11MO.0.C	0	0.000360526	0.277244	0.10903	8	TCAGGTGAAA	CCAGGTGG	+
759-TCAGGTGAAA	ZN134_HUMAN.H11MO.1.C	6	0.00036356	0.279577	0.10903	10	TCAGGTGAAA	ACCTAATCAGGTGAAGG	+
759-TCAGGTGAAA	ZN134_HUMAN.H11MO.0.C	11	0.00084627	0.650782	0.172133	10	TCAGGTGAAA	GCCTCACCTAATCAGTTGAAGG	+
759-TCAGGTGAAA	MITF_HUMAN.H11MO.0.A	0	0.00089092	0.685117	0.172133	10	TCAGGTGAAA	TCACGTGACC	+
759-TCAGGTGAAA	MESP1_HUMAN.H11MO.0.D	0	0.00112964	0.868692	0.172133	10	TCAGGTGAAA	GCAGGTGTGGA	+
759-TCAGGTGAAA	FIGLA_HUMAN.H11MO.0.D	2	0.00142653	1.097	0.172133	9	TCAGGTGAAA	TAACAGGTGTT	+
759-TCAGGTGAAA	RXRB_HUMAN.H11MO.0.C	0	0.00143039	1.09997	0.172133	10	TCAGGTGAAA	TGAGGTCACA	+
759-TCAGGTGAAA	SNAI2_HUMAN.H11MO.0.A	1	0.00151634	1.16606	0.172133	9	TCAGGTGAAA	GGCAGGTGCA	+
759-TCAGGTGAAA	THA_HUMAN.H11MO.1.D	1	0.00160713	1.23589	0.172133	9	TCAGGTGAAA	TTCAGGTCAG	+
759-TCAGGTGAAA	ZEB1_HUMAN.H11MO.0.A	1	0.00160713	1.23589	0.172133	9	TCAGGTGAAA	GACAGGTGAG	+
759-TCAGGTGAAA	EOMES_HUMAN.H11MO.0.D	1	0.00190694	1.46643	0.179533	10	TCAGGTGAAA	AGGAGGTGTTAA	+
759-TCAGGTGAAA	MYF6_HUMAN.H11MO.0.C	0	0.00191568	1.47316	0.179533	7	TCAGGTGAAA	GCAGCTG	-
759-TCAGGTGAAA	TBX5_HUMAN.H11MO.0.D	-2	0.00223091	1.71557	0.196776	8	TCAGGTGAAA	AGGTGTGA	+
759-TCAGGTGAAA	TFEB_HUMAN.H11MO.0.C	2	0.00249807	1.92101	0.2081	7	TCAGGTGAAA	GGTCACGTG	+
759-TCAGGTGAAA	THB_HUMAN.H11MO.1.D	2	0.00284217	2.18563	0.224303	8	TCAGGTGAAA	GGTCAGGTCA	+
759-TCAGGTGAAA	SRBP1_HUMAN.H11MO.0.A	2	0.00351296	2.70147	0.26338	9	TCAGGTGAAA	GGTGGGGTGAG	+
759-TCAGGTGAAA	USF1_HUMAN.H11MO.0.A	2	0.00415125	3.19231	0.270639	10	TCAGGTGAAA	GGTCACGTGACC	+
759-TCAGGTGAAA	BHE40_HUMAN.H11MO.0.A	1	0.00441867	3.39795	0.27607	9	TCAGGTGAAA	GTCACGTGCC	-
759-TCAGGTGAAA	TBX3_HUMAN.H11MO.0.C	0	0.00486058	3.73779	0.28032	10	TCAGGTGAAA	GGAGGTGGGAA	+
759-TCAGGTGAAA	MLX_HUMAN.H11MO.0.D	0	0.00486058	3.73779	0.28032	10	TCAGGTGAAA	GCACGTGATCA	-
759-TCAGGTGAAA	ASCL1_HUMAN.H11MO.0.A	4	0.00553301	4.25489	0.293625	10	TCAGGTGAAA	GGGAGCAGGTGCAG	-
759-TCAGGTGAAA	PRDM1_HUMAN.H11MO.0.A	0	0.00583667	4.4884	0.293625	10	TCAGGTGAAA	GAAAGTGAAAGTGA	+
759-TCAGGTGAAA	NR1H2_HUMAN.H11MO.0.D	1	0.00587454	4.51752	0.293625	10	TCAGGTGAAA	TAAAGGTCAAAGGTCAACG	+
759-TCAGGTGAAA	SCRT1_HUMAN.H11MO.0.D	3	0.00671838	5.16644	0.324591	10	TCAGGTGAAA	GCAACAGGTGGTT	+
759-TCAGGTGAAA	STAT6_HUMAN.H11MO.0.B	1	0.00703393	5.4091	0.324591	10	TCAGGTGAAA	TTCTCAGGAAA	+
759-TCAGGTGAAA	USF2_HUMAN.H11MO.0.A	3	0.00952715	7.32638	0.410061	10	TCAGGTGAAA	GGGTCACGTGGCCGCGGCG	+
759-TCAGGTGAAA	PPARD_HUMAN.H11MO.0.D	-1	0.00984491	7.57073	0.410061	9	TCAGGTGAAA	TAGGACAAAGGTCA	+
759-TCAGGTGAAA	PRRX1_HUMAN.H11MO.0.D	-1	0.0103863	7.98709	0.420921	7	TCAGGTGAAA	CAGATTA	-
759-TCAGGTGAAA	TBR1_HUMAN.H11MO.0.D	0	0.0130652	10.0472	0.488176	10	TCAGGTGAAA	AAAGGTGTGAAAA	+
759-TCAGGTGAAA	SCRT2_HUMAN.H11MO.0.D	5	0.0130652	10.0472	0.488176	8	TCAGGTGAAA	ATGCAACAGGTGG	+
759-TCAGGTGAAA	HXC13_HUMAN.H11MO.0.D	-1	0.0136075	10.4642	0.488176	9	TCAGGTGAAA	CTCGTAAAAAT	-
759-TCAGGTGAAA	NR1H3_HUMAN.H11MO.1.B	0	0.0138858	10.6782	0.488176	10	TCAGGTGAAA	AAAGGTCAGA	+
759-TCAGGTGAAA	ZN335_HUMAN.H11MO.1.A	0	0.0139538	10.7305	0.488176	7	TCAGGTGAAA	TCAGGCA	-
759-TCAGGTGAAA	BMAL1_HUMAN.H11MO.0.A	1	0.0142959	10.9935	0.488176	10	TCAGGTGAAA	GCCACGTGACT	+
759-TCAGGTGAAA	ASCL2_HUMAN.H11MO.0.D	1	0.0145786	11.211	0.488176	8	TCAGGTGAAA	AGCAGCTGG	-
759-TCAGGTGAAA	TBX4_HUMAN.H11MO.0.D	-1	0.0157044	12.0767	0.488176	9	TCAGGTGAAA	AAGGTGTGAAATTTCACACC	+
759-TCAGGTGAAA	ATF3_HUMAN.H11MO.0.A	2	0.0157695	12.1268	0.488176	9	TCAGGTGAAA	GGTGACGTGAT	+
759-TCAGGTGAAA	THB_HUMAN.H11MO.0.C	9	0.0160765	12.3628	0.488176	8	TCAGGTGAAA	GAGGTCAGGTCAGGTCA	+
759-TCAGGTGAAA	DDIT3_HUMAN.H11MO.0.D	-1	0.016115	12.3924	0.488176	9	TCAGGTGAAA	ATGATGCAAT	+
759-TCAGGTGAAA	RARB_HUMAN.H11MO.0.D	-1	0.0165575	12.7327	0.488176	9	TCAGGTGAAA	GAGGTCAGGGC	+
759-TCAGGTGAAA	ITF2_HUMAN.H11MO.0.C	1	0.0169294	13.0187	0.488176	9	TCAGGTGAAA	GGCAGCTGGG	+
759-TCAGGTGAAA	TFAP4_HUMAN.H11MO.0.A	2	0.0169294	13.0187	0.488176	8	TCAGGTGAAA	AAACAGCTGG	-
759-TCAGGTGAAA	ESR2_HUMAN.H11MO.1.A	-2	0.0175612	13.5045	0.49684	7	TCAGGTGAAA	AGGTCAC	+
761-AATTGCATTC	ZN502_HUMAN.H11MO.0.C	10	0.000109072	0.0838763	0.081904	10	AATTGCATTC	GATTCCATTCGATTCCATTC	-
761-AATTGCATTC	SOX1_HUMAN.H11MO.0.D	3	0.000248466	0.19107	0.081904	10	AATTGCATTC	ATGAATAACATTCATC	-
761-AATTGCATTC	SOX8_HUMAN.H11MO.0.D	5	0.000248466	0.19107	0.081904	10	AATTGCATTC	GCATCAATTGCAGTGA	-
761-AATTGCATTC	PROP1_HUMAN.H11MO.0.D	1	0.000278576	0.214225	0.081904	10	AATTGCATTC	TAATTGAATTA	+
761-AATTGCATTC	PHX2B_HUMAN.H11MO.0.D	1	0.000383566	0.294962	0.081904	10	AATTGCATTC	TAATTAAATTA	-
761-AATTGCATTC	PO2F1_HUMAN.H11MO.0.C	2	0.000394486	0.303359	0.081904	10	AATTGCATTC	TTATTTGCATTCGATT	-
761-AATTGCATTC	UNC4_HUMAN.H11MO.0.D	1	0.000408604	0.314217	0.081904	10	AATTGCATTC	TAATTAAATTA	-
761-AATTGCATTC	ALX1_HUMAN.H11MO.0.B	2	0.000523243	0.402374	0.081904	10	AATTGCATTC	ATAATTGAATTA	+
761-AATTGCATTC	PHX2A_HUMAN.H11MO.0.D	1	0.000558484	0.429474	0.081904	10	AATTGCATTC	TAATTAAATTA	-
761-AATTGCATTC	SOX11_HUMAN.H11MO.0.D	4	0.000580304	0.446254	0.081904	10	AATTGCATTC	GAACAATTGCATTGTT	-
761-AATTGCATTC	DRGX_HUMAN.H11MO.0.D	1	0.000594062	0.456833	0.081904	10	AATTGCATTC	TAATTAAATTA	-
761-AATTGCATTC	ZN582_HUMAN.H11MO.0.C	3	0.000666458	0.512506	0.0822576	10	AATTGCATTC	GTTGATTGCATTCGATTCCATTCG	-
761-AATTGCATTC	ARX_HUMAN.H11MO.0.D	2	0.000705104	0.542225	0.0822576	10	AATTGCATTC	CTAATTAAATTAA	-
761-AATTGCATTC	SMCA5_HUMAN.H11MO.0.C	0	0.000886099	0.68141	0.0919189	10	AATTGCATTC	GATTCCATTCCATTC	-
761-AATTGCATTC	ALX3_HUMAN.H11MO.0.D	1	0.000909138	0.699127	0.0919189	10	AATTGCATTC	TAATTAAATTA	+
761-AATTGCATTC	ALX4_HUMAN.H11MO.0.D	2	0.00108709	0.835971	0.0969845	10	AATTGCATTC	TTAATTAAATTA	+
761-AATTGCATTC	PO2F2_HUMAN.H11MO.0.A	1	0.00108714	0.83601	0.0969845	10	AATTGCATTC	CATTTGCATAT	-
761-AATTGCATTC	SOX7_HUMAN.H11MO.0.D	4	0.00122159	0.939399	0.102924	10	AATTGCATTC	AAACAATTTCATTGTT	-
761-AATTGCATTC	PO5F1_HUMAN.H11MO.1.A	0	0.00138191	1.06269	0.110305	10	AATTGCATTC	ATTTGCATAT	-
761-AATTGCATTC	ZN394_HUMAN.H11MO.1.D	-1	0.00191201	1.47033	0.144986	9	AATTGCATTC	ATTCCATTC	-
761-AATTGCATTC	RAX2_HUMAN.H11MO.0.D	2	0.00381229	2.93165	0.240767	10	AATTGCATTC	CTAATTAAATTA	+
761-AATTGCATTC	ZN140_HUMAN.H11MO.0.C	11	0.0039689	3.05208	0.240767	10	AATTGCATTC	TATGACCCAGCAATTCCGCTCCTA	+
761-AATTGCATTC	SOX21_HUMAN.H11MO.0.D	4	0.00412918	3.17534	0.240856	10	AATTGCATTC	AAACAATGGTATTGTT	+
761-AATTGCATTC	ATF4_HUMAN.H11MO.0.A	-1	0.00687312	5.28543	0.326206	9	AATTGCATTC	ATTGCATCATCT	-
761-AATTGCATTC	P5F1B_HUMAN.H11MO.0.D	2	0.00750668	5.77263	0.344985	10	AATTGCATTC	TAATTTGCATATTCAT	+
761-AATTGCATTC	BCL6B_HUMAN.H11MO.0.D	-2	0.00844188	6.49181	0.366736	8	AATTGCATTC	ATGCTTTCTAG	+
761-AATTGCATTC	CEBPG_HUMAN.H11MO.0.B	-1	0.00846361	6.50852	0.366736	9	AATTGCATTC	ATTGCATCATCC	+
761-AATTGCATTC	DDIT3_HUMAN.H11MO.0.D	-1	0.00906038	6.96743	0.379906	9	AATTGCATTC	ATTGCATCAT	-
761-AATTGCATTC	PO5F1_HUMAN.H11MO.0.A	0	0.00926854	7.12751	0.379906	10	AATTGCATTC	ATTTGCATAACAAAGG	-
761-AATTGCATTC	ZN528_HUMAN.H11MO.0.C	4	0.0100668	7.74138	0.391465	10	AATTGCATTC	TCAGAAATGGCTTCCCTGGG	-
761-AATTGCATTC	HMX1_HUMAN.H11MO.0.D	3	0.0115344	8.86998	0.424567	10	AATTGCATTC	GTTAATTGTTTTTTAAT	+
761-AATTGCATTC	PO3F1_HUMAN.H11MO.0.C	-1	0.0117579	9.04182	0.424567	9	AATTGCATTC	TTTGCATTACAATG	-
761-AATTGCATTC	MIXL1_HUMAN.H11MO.0.D	3	0.0126715	9.74441	0.439348	8	AATTGCATTC	GTTAATTAGAT	+
761-AATTGCATTC	CDX2_HUMAN.H11MO.0.A	3	0.0133558	10.2706	0.439348	9	AATTGCATTC	TTTTATTGCTGT	+
761-AATTGCATTC	TEAD2_HUMAN.H11MO.0.D	-2	0.0133558	10.2706	0.439348	8	AATTGCATTC	CCACATTCCAGG	+
761-AATTGCATTC	ZN260_HUMAN.H11MO.0.C	12	0.0133757	10.2859	0.439348	10	AATTGCATTC	TTTTTATGGCTGCATAGTATTCCA	+
761-AATTGCATTC	DLX3_HUMAN.H11MO.0.C	3	0.0136157	10.4705	0.439348	7	AATTGCATTC	GATAATTACA	+
761-AATTGCATTC	PRRX2_HUMAN.H11MO.0.C	2	0.0153765	11.8245	0.474645	5	AATTGCATTC	TTAATTG	+
761-AATTGCATTC	NOBOX_HUMAN.H11MO.0.C	2	0.0167241	12.8608	0.497324	7	AATTGCATTC	CTAATTGGT	+
763-AGGCACAGTGGCTT	ZN708_HUMAN.H11MO.1.D	0	7.51519e-05	0.0577918	0.115584	9	AGGCACAGTGGCTT	AGGTACAGC	+
764-ATAAACCAAT	HXB7_HUMAN.H11MO.0.C	1	0.000723632	0.556473	0.251952	9	ATAAACCAAT	CATTAATCAA	-
764-ATAAACCAAT	DUX4_HUMAN.H11MO.0.A	-1	0.000769239	0.591545	0.251952	9	ATAAACCAAT	TAACCTAATCA	-
764-ATAAACCAAT	HXB8_HUMAN.H11MO.0.C	2	0.000817241	0.628458	0.251952	9	ATAAACCAAT	GCATTAATCAA	-
764-ATAAACCAAT	FOXQ1_HUMAN.H11MO.0.C	2	0.000921747	0.708823	0.251952	10	ATAAACCAAT	AAATAAACAATT	-
764-ATAAACCAAT	HXA9_HUMAN.H11MO.0.B	2	0.000921755	0.70883	0.251952	9	ATAAACCAAT	CCATAAATCAT	-
764-ATAAACCAAT	HXB6_HUMAN.H11MO.0.D	3	0.00123368	0.9487	0.251952	10	ATAAACCAAT	TGCATCAATCATT	-
764-ATAAACCAAT	HXC6_HUMAN.H11MO.0.D	6	0.00174322	1.34054	0.251952	9	ATAAACCAAT	AAAGTAATAAATCAT	-
764-ATAAACCAAT	HMX1_HUMAN.H11MO.0.D	3	0.0017797	1.36859	0.251952	10	ATAAACCAAT	ATTAAAAAACAATTAAC	-
764-ATAAACCAAT	HXA10_HUMAN.H11MO.0.C	2	0.00197594	1.5195	0.251952	10	ATAAACCAAT	TCATAAATTATC	-
764-ATAAACCAAT	FOXL1_HUMAN.H11MO.0.D	8	0.00205813	1.5827	0.251952	10	ATAAACCAAT	AAAAGTAAACAAACAAACA	-
764-ATAAACCAAT	ONEC3_HUMAN.H11MO.0.D	1	0.00234327	1.80198	0.251952	10	ATAAACCAAT	AAAAAATCAATA	-
764-ATAAACCAAT	PHX2A_HUMAN.H11MO.0.D	-1	0.00247223	1.90114	0.251952	9	ATAAACCAAT	TAATTTAATTA	+
764-ATAAACCAAT	ALX3_HUMAN.H11MO.0.D	-1	0.00276572	2.12684	0.251952	9	ATAAACCAAT	TAATTTAATTA	-
764-ATAAACCAAT	ALX1_HUMAN.H11MO.0.B	-1	0.00277362	2.13292	0.251952	9	ATAAACCAAT	TAATTCAATTAT	-
764-ATAAACCAAT	ZN652_HUMAN.H11MO.0.D	0	0.00326751	2.51271	0.251952	10	ATAAACCAAT	ATTAACCCTTT	-
764-ATAAACCAAT	PHX2B_HUMAN.H11MO.0.D	-1	0.00326751	2.51271	0.251952	9	ATAAACCAAT	TAATTTAATTA	+
764-ATAAACCAAT	PROP1_HUMAN.H11MO.0.D	-1	0.0034528	2.6552	0.251952	9	ATAAACCAAT	TAATTCAATTA	-
764-ATAAACCAAT	MEIS1_HUMAN.H11MO.0.A	3	0.00346311	2.66313	0.251952	9	ATAAACCAAT	GCCATAAATCAT	-
764-ATAAACCAAT	FOXP1_HUMAN.H11MO.0.A	0	0.00348012	2.67621	0.251952	9	ATAAACCAAT	ATAAACAAA	-
764-ATAAACCAAT	DRGX_HUMAN.H11MO.0.D	-1	0.00364784	2.80519	0.251952	9	ATAAACCAAT	TAATTTAATTA	+
764-ATAAACCAAT	NFYC_HUMAN.H11MO.0.A	-1	0.003714	2.85607	0.251952	9	ATAAACCAAT	CTAGCCAATCAGAG	+
764-ATAAACCAAT	MSX1_HUMAN.H11MO.0.D	6	0.00396566	3.04959	0.251952	10	ATAAACCAAT	CCAATTAAAAACCAATTA	-
764-ATAAACCAAT	UNC4_HUMAN.H11MO.0.D	-1	0.00406906	3.1291	0.251952	9	ATAAACCAAT	TAATTTAATTA	+
764-ATAAACCAAT	NFYA_HUMAN.H11MO.0.A	-1	0.00414686	3.18894	0.251952	9	ATAAACCAAT	TCAGCCAATCAGAA	+
764-ATAAACCAAT	ARX_HUMAN.H11MO.0.D	0	0.00431036	3.31467	0.251952	10	ATAAACCAAT	TTAATTTAATTAG	+
764-ATAAACCAAT	FOXO4_HUMAN.H11MO.0.C	1	0.00437619	3.36529	0.251952	8	ATAAACCAAT	AATAAACAA	-
764-ATAAACCAAT	PBX2_HUMAN.H11MO.0.C	2	0.00510355	3.92463	0.282946	10	ATAAACCAAT	CCATCAATCAATTTA	-
764-ATAAACCAAT	CEBPZ_HUMAN.H11MO.0.D	-3	0.0053282	4.09738	0.284851	7	ATAAACCAAT	AGCCAATCAGC	-
764-ATAAACCAAT	ALX4_HUMAN.H11MO.0.D	-1	0.00563847	4.33599	0.289137	9	ATAAACCAAT	TAATTTAATTAA	-
764-ATAAACCAAT	FOXP3_HUMAN.H11MO.0.D	-2	0.00579469	4.45611	0.289137	8	ATAAACCAAT	AAACAAATT	-
764-ATAAACCAAT	SOX5_HUMAN.H11MO.0.C	-3	0.00651059	5.00664	0.309704	7	ATAAACCAAT	TAACAATA	-
764-ATAAACCAAT	FOXJ3_HUMAN.H11MO.0.A	5	0.00662067	5.09129	0.309704	8	ATAAACCAAT	AAAAAATAAACAA	-
764-ATAAACCAAT	BARX1_HUMAN.H11MO.0.D	0	0.0069647	5.35586	0.310243	10	ATAAACCAAT	AAAAACAATTAG	-
764-ATAAACCAAT	PBX1_HUMAN.H11MO.1.C	3	0.00704671	5.41892	0.310243	10	ATAAACCAAT	CCCATCAATCAAATT	-
764-ATAAACCAAT	HNF6_HUMAN.H11MO.0.B	-2	0.00770496	5.92511	0.325229	8	ATAAACCAAT	AAATCAATAAA	-
764-ATAAACCAAT	DMBX1_HUMAN.H11MO.0.D	5	0.00782161	6.01482	0.325229	10	ATAAACCAAT	TAATTATAATCTAATTAATT	+
764-ATAAACCAAT	RAX2_HUMAN.H11MO.0.D	-1	0.00814282	6.26183	0.329434	9	ATAAACCAAT	TAATTTAATTAG	-
764-ATAAACCAAT	FOXI1_HUMAN.H11MO.0.B	-3	0.0085747	6.59394	0.33003	7	ATAAACCAAT	AACCAATCAGAG	-
764-ATAAACCAAT	NFYB_HUMAN.H11MO.0.A	-2	0.00859852	6.61226	0.33003	8	ATAAACCAAT	CAGCCAATCAGAG	+
764-ATAAACCAAT	ISX_HUMAN.H11MO.0.D	3	0.00892533	6.86357	0.33401	10	ATAAACCAAT	AATTTAAGCTAATTAA	-
764-ATAAACCAAT	PAX7_HUMAN.H11MO.0.D	0	0.00996506	7.66313	0.355161	10	ATAAACCAAT	ATAATCAATTA	-
764-ATAAACCAAT	FOXF1_HUMAN.H11MO.0.D	3	0.00996506	7.66313	0.355161	8	ATAAACCAAT	AAAATAAACAT	-
764-ATAAACCAAT	SHOX_HUMAN.H11MO.0.D	4	0.0105523	8.11471	0.366874	10	ATAAACCAAT	AAAAATTAACTAATTAG	-
764-ATAAACCAAT	GSC_HUMAN.H11MO.0.D	1	0.0110289	8.48126	0.366874	10	ATAAACCAAT	GCTAATCCCTT	-
764-ATAAACCAAT	CUX2_HUMAN.H11MO.0.D	-2	0.0110289	8.48126	0.366874	8	ATAAACCAAT	AAATCAATGAA	+
764-ATAAACCAAT	OLIG1_HUMAN.H11MO.0.D	1	0.0113304	8.7131	0.368709	10	ATAAACCAAT	AAAAAACATATGGT	-
764-ATAAACCAAT	ONEC2_HUMAN.H11MO.0.D	3	0.0116617	8.96782	0.371413	10	ATAAACCAAT	AAAAAAAATCAATAACAAGAC	-
764-ATAAACCAAT	PITX2_HUMAN.H11MO.0.D	1	0.0124418	9.56771	0.388003	9	ATAAACCAAT	TTTAATCCCA	-
764-ATAAACCAAT	P5F1B_HUMAN.H11MO.0.D	4	0.0134839	10.3691	0.40751	10	ATAAACCAAT	ATGAATATGCAAATTA	-
764-ATAAACCAAT	SRY_HUMAN.H11MO.0.B	-1	0.0137035	10.538	0.40751	9	ATAAACCAAT	AAAACAAAA	-
764-ATAAACCAAT	DUXA_HUMAN.H11MO.0.D	-1	0.0141614	10.8901	0.40751	9	ATAAACCAAT	TAATTTAATCA	-
764-ATAAACCAAT	EMX1_HUMAN.H11MO.0.D	0	0.0142124	10.9293	0.40751	10	ATAAACCAAT	ATTAGCTAATTA	-
764-ATAAACCAAT	OTX1_HUMAN.H11MO.0.D	0	0.0144284	11.0955	0.40751	8	ATAAACCAAT	CTAATCCT	-
764-ATAAACCAAT	FOXG1_HUMAN.H11MO.0.D	8	0.016705	12.8461	0.46307	9	ATAAACCAAT	AAAAAAATATAAACAAT	-
764-ATAAACCAAT	BHE22_HUMAN.H11MO.0.D	0	0.0173855	13.3695	0.469401	10	ATAAACCAAT	AAAAACATATGGT	-
764-ATAAACCAAT	NR2E1_HUMAN.H11MO.0.D	6	0.0175605	13.504	0.469401	10	ATAAACCAAT	AAGTCAAAAAGTCAATT	+
767-GCAAACCCCA	RUNX1_HUMAN.H11MO.0.A	-1	0.000816355	0.627777	0.424092	9	GCAAACCCCA	GAAACCACAGA	-
767-GCAAACCCCA	NFKB2_HUMAN.H11MO.0.B	2	0.0010366	0.797142	0.424092	9	GCAAACCCCA	GGGAAAGCCCC	+
767-GCAAACCCCA	NFKB1_HUMAN.H11MO.1.B	2	0.00109976	0.845713	0.424092	9	GCAAACCCCA	GGGAAATTCCC	+
767-GCAAACCCCA	RUNX3_HUMAN.H11MO.0.A	-2	0.00110464	0.849466	0.424092	8	GCAAACCCCA	AAACCACAAA	-
767-GCAAACCCCA	RUNX2_HUMAN.H11MO.0.A	0	0.00166554	1.2808	0.478819	10	GCAAACCCCA	AAAAACCACAGACA	-
767-GCAAACCCCA	HNF4A_HUMAN.H11MO.0.A	4	0.00187078	1.43863	0.478819	10	GCAAACCCCA	GAGTCCAAAGTCCA	+
768-GCAGGGAGCCA	NFIC_HUMAN.H11MO.0.A	4	0.000257949	0.198363	0.261443	11	GCAGGGAGCCA	CTTGGCAGGGAGCCAAG	-
768-GCAGGGAGCCA	NFIA_HUMAN.H11MO.0.C	3	0.000401289	0.308591	0.261443	11	GCAGGGAGCCA	TTGGCACGGTGCCAA	+
768-GCAGGGAGCCA	ZIC3_HUMAN.H11MO.0.B	5	0.000510404	0.392501	0.261443	10	GCAGGGAGCCA	TCACAGCAGGGGGCC	-
768-GCAGGGAGCCA	PLAL1_HUMAN.H11MO.0.D	-1	0.00114097	0.877404	0.354271	10	GCAGGGAGCCA	CGGGGGGCCC	+
768-GCAGGGAGCCA	ZN436_HUMAN.H11MO.0.C	6	0.00115271	0.886436	0.354271	11	GCAGGGAGCCA	CCTCCTCCAGGAAGCCTTCCCTGA	-
768-GCAGGGAGCCA	ZIC2_HUMAN.H11MO.0.D	5	0.00170972	1.31478	0.437883	10	GCAGGGAGCCA	TCACAGCAGGGGGCC	-
770-AGGGGGCSCACCT	CTCFL_HUMAN.H11MO.0.A	6	0.000128962	0.0991715	0.198343	11	AGGGGGCCCACCT	GCCGCCAGGGGGCGCCG	+
770-AGGGGGCSCACCT	PLAL1_HUMAN.H11MO.0.D	1	0.000271289	0.208621	0.208621	9	AGGGGGCCCACCT	CGGGGGGCCC	+
770-AGGGGGCSCACCT	ZBT7A_HUMAN.H11MO.0.A	0	0.000909925	0.699732	0.376967	9	AGGGGGCCCACCT	GGGGGTCTC	+
770-AGGGGGCSCACCT	CTCF_HUMAN.H11MO.0.A	8	0.00105978	0.814968	0.376967	11	AGGGGGCCCACCT	TGGCCACCAGGGGGCGCCA	+
770-AGGGGGCSCACCT	INSM1_HUMAN.H11MO.0.C	4	0.00122551	0.942417	0.376967	8	AGGGGGCCCACCT	TGTCAGGGGGCA	+
772-ATGCCCTGTGGAC	ZSC31_HUMAN.H11MO.0.C	5	0.000319793	0.245921	0.202497	13	ATGCCCTGTGGAC	CATAACTGCCCTGCTGCC	-
772-ATGCCCTGTGGAC	NR2C1_HUMAN.H11MO.0.C	0	0.000477015	0.366824	0.202497	13	ATGCCCTGTGGAC	CTGACCTCTGGCC	-
772-ATGCCCTGTGGAC	PPARA_HUMAN.H11MO.1.B	0	0.000494176	0.380021	0.202497	9	ATGCCCTGTGGAC	CTGACCTTT	-
772-ATGCCCTGTGGAC	PPARG_HUMAN.H11MO.1.A	-1	0.000532462	0.409463	0.202497	9	ATGCCCTGTGGAC	TGACCTTTG	-
772-ATGCCCTGTGGAC	AP2A_HUMAN.H11MO.0.A	0	0.000811089	0.623728	0.233337	13	ATGCCCTGTGGAC	ATGCCCTGAGGCCAT	+
772-ATGCCCTGTGGAC	PPARD_HUMAN.H11MO.0.D	-1	0.000939319	0.722336	0.233337	12	ATGCCCTGTGGAC	TGACCTTTGTCCTA	-
772-ATGCCCTGTGGAC	AP2C_HUMAN.H11MO.0.A	0	0.00126183	0.970347	0.233337	13	ATGCCCTGTGGAC	ATGCCCTGAGGCCA	+
772-ATGCCCTGTGGAC	HNF4G_HUMAN.H11MO.0.B	-1	0.00133774	1.02872	0.233337	12	ATGCCCTGTGGAC	TGGACTTTGGACTC	-
772-ATGCCCTGTGGAC	COE1_HUMAN.H11MO.0.A	0	0.0013805	1.0616	0.233337	13	ATGCCCTGTGGAC	GGTCCCTGGGGACTT	-
772-ATGCCCTGTGGAC	ZN320_HUMAN.H11MO.0.C	3	0.00168472	1.29555	0.242524	13	ATGCCCTGTGGAC	CACTGGCCCCCTGGTCCCAC	-
772-ATGCCCTGTGGAC	NR1H3_HUMAN.H11MO.1.B	1	0.00184503	1.41883	0.242524	9	ATGCCCTGTGGAC	TCTGACCTTT	-
772-ATGCCCTGTGGAC	COT2_HUMAN.H11MO.1.A	2	0.00191314	1.4712	0.242524	13	ATGCCCTGTGGAC	CCCTGACCTTTGACCCC	-
772-ATGCCCTGTGGAC	RXRA_HUMAN.H11MO.1.A	0	0.00238964	1.83764	0.279627	10	ATGCCCTGTGGAC	CTGACCTCTG	-
772-ATGCCCTGTGGAC	HNF4A_HUMAN.H11MO.0.A	-1	0.00280691	2.15851	0.288347	12	ATGCCCTGTGGAC	TGGACTTTGGACTC	-
772-ATGCCCTGTGGAC	COT1_HUMAN.H11MO.0.C	2	0.00284326	2.18647	0.288347	13	ATGCCCTGTGGAC	CCCTGACCTCTGACCCC	-
772-ATGCCCTGTGGAC	NR4A1_HUMAN.H11MO.0.A	0	0.00326764	2.51282	0.310674	9	ATGCCCTGTGGAC	CTGACCTTT	-
772-ATGCCCTGTGGAC	RARG_HUMAN.H11MO.1.B	0	0.00378698	2.91219	0.333604	8	ATGCCCTGTGGAC	CTGACCTC	-
772-ATGCCCTGTGGAC	CR3L1_HUMAN.H11MO.0.D	-1	0.00394743	3.03557	0.333604	11	ATGCCCTGTGGAC	TGCCACGTGGC	-
772-ATGCCCTGTGGAC	RFX2_HUMAN.H11MO.0.A	3	0.00433202	3.33132	0.346838	13	ATGCCCTGTGGAC	CGGTTGCCATGGCAACGG	+
772-ATGCCCTGTGGAC	PPARG_HUMAN.H11MO.0.A	-1	0.00466259	3.58553	0.354639	12	ATGCCCTGTGGAC	TGACCTTTGCCCCACTT	-
772-ATGCCCTGTGGAC	ZBT7B_HUMAN.H11MO.0.D	5	0.00545248	4.19296	0.39497	13	ATGCCCTGTGGAC	CGCCGTTGCCATGGCAACGGG	+
772-ATGCCCTGTGGAC	NR4A3_HUMAN.H11MO.0.D	0	0.00604816	4.65104	0.400024	10	ATGCCCTGTGGAC	CTGACCTTTG	-
772-ATGCCCTGTGGAC	THA_HUMAN.H11MO.1.D	0	0.00604816	4.65104	0.400024	10	ATGCCCTGTGGAC	CTGACCTGAA	-
772-ATGCCCTGTGGAC	NR4A2_HUMAN.H11MO.0.C	0	0.00658971	5.06749	0.403148	9	ATGCCCTGTGGAC	GTGACCTTT	-
772-ATGCCCTGTGGAC	COT1_HUMAN.H11MO.1.C	2	0.00678578	5.21826	0.403148	11	ATGCCCTGTGGAC	CCCTGACCTCTGC	-
772-ATGCCCTGTGGAC	PPARA_HUMAN.H11MO.0.B	-1	0.00713852	5.48952	0.403148	12	ATGCCCTGTGGAC	TGACCTTTGCCCCAGTT	-
772-ATGCCCTGTGGAC	COT2_HUMAN.H11MO.0.A	3	0.00715547	5.50256	0.403148	10	ATGCCCTGTGGAC	CCTCTGACCTTTG	-
772-ATGCCCTGTGGAC	RARG_HUMAN.H11MO.2.D	0	0.00798288	6.13884	0.422187	13	ATGCCCTGTGGAC	GTGACCTCTGGGTGACCCCC	-
772-ATGCCCTGTGGAC	NR2E1_HUMAN.H11MO.0.D	2	0.00834734	6.41911	0.422187	13	ATGCCCTGTGGAC	AATTGACTTTTTGACTT	-
772-ATGCCCTGTGGAC	THB_HUMAN.H11MO.1.D	-1	0.00861639	6.62601	0.422187	10	ATGCCCTGTGGAC	TGACCTGACC	-
772-ATGCCCTGTGGAC	RXRG_HUMAN.H11MO.0.B	0	0.00882973	6.79006	0.422187	13	ATGCCCTGTGGAC	GTGACCTTTGACC	-
772-ATGCCCTGTGGAC	RFX4_HUMAN.H11MO.0.D	2	0.00888106	6.82954	0.422187	13	ATGCCCTGTGGAC	CGTTGCCATGGTAAC	+
772-ATGCCCTGTGGAC	RFX1_HUMAN.H11MO.0.B	7	0.0101662	7.81778	0.468633	13	ATGCCCTGTGGAC	GCCCCGGTTGCCATGGCGACGG	+
772-ATGCCCTGTGGAC	RXRA_HUMAN.H11MO.0.A	2	0.0109068	8.38732	0.487986	13	ATGCCCTGTGGAC	CTCTGACCTCTGCCTCCCCC	-
773-ATTWTTTTTTTAAGT	FOXL1_HUMAN.H11MO.0.D	2	0.000336714	0.258933	0.403701	15	ATTTTTTTTTTAAGT	TGTTTGTTTGTTTACTTTT	+
773-ATTWTTTTTTTAAGT	CPEB1_HUMAN.H11MO.0.D	5	0.000525762	0.404311	0.403701	12	ATTTTTTTTTTAAGT	TTTTTATTTTTTTTTTT	+
773-ATTWTTTTTTTAAGT	FOXQ1_HUMAN.H11MO.0.C	1	0.000953955	0.733591	0.486616	11	ATTTTTTTTTTAAGT	TATTGTTTATTT	+
773-ATTWTTTTTTTAAGT	FOXJ2_HUMAN.H11MO.0.C	-2	0.00128907	0.991298	0.486616	10	ATTTTTTTTTTAAGT	TGTTTATTTA	+
773-ATTWTTTTTTTAAGT	LMX1A_HUMAN.H11MO.0.D	2	0.00189843	1.4599	0.486616	15	ATTTTTTTTTTAAGT	TAATTAATTATTTAATTAA	+
773-ATTWTTTTTTTAAGT	FOXJ3_HUMAN.H11MO.1.B	1	0.00190124	1.46205	0.486616	12	ATTTTTTTTTTAAGT	TTGTTTTTGTTTA	+
773-ATTWTTTTTTTAAGT	FOXC1_HUMAN.H11MO.0.C	1	0.00227668	1.75077	0.499464	14	ATTTTTTTTTTAAGT	CATTGTTTACTTAAG	+
774-CCGGTTCACGCT	ZNF18_HUMAN.H11MO.0.C	0	0.000227743	0.175134	0.350269	12	CCGGTTCACGCT	CCAGTTCACACC	-
777-GGCCCCAACC	SP1_HUMAN.H11MO.1.A	1	0.000365595	0.281142	0.239779	10	GGCCCCAACC	CGGCCCCGCCCCCC	-
777-GGCCCCAACC	KLF5_HUMAN.H11MO.0.A	3	0.000502492	0.386416	0.239779	10	GGCCCCAACC	CCCAGCCCCACCCT	-
777-GGCCCCAACC	SP1_HUMAN.H11MO.0.A	9	0.000527556	0.405691	0.239779	10	GGCCCCAACC	CCCCCCCCCGGCCCCGCCCCCC	-
777-GGCCCCAACC	KLF1_HUMAN.H11MO.0.A	3	0.000645232	0.496183	0.239779	10	GGCCCCAACC	CCCGGCCCCGCCCC	-
777-GGCCCCAACC	ZN449_HUMAN.H11MO.0.C	0	0.000781205	0.600747	0.239779	10	GGCCCCAACC	AAGCCCAACCA	-
777-GGCCCCAACC	KLF4_HUMAN.H11MO.0.A	-1	0.00105981	0.814994	0.271077	9	GGCCCCAACC	GCCACACCCT	-
777-GGCCCCAACC	KLF12_HUMAN.H11MO.0.C	-1	0.00133191	1.02424	0.292007	9	GGCCCCAACC	GCCCCGCCCCT	-
777-GGCCCCAACC	PLAL1_HUMAN.H11MO.0.D	1	0.00201789	1.55176	0.3871	9	GGCCCCAACC	GGGCCCCCCG	-
777-GGCCCCAACC	KLF3_HUMAN.H11MO.0.B	3	0.00262087	2.01545	0.44691	10	GGCCCCAACC	CCCGGCCCCGCCCCTCCCC	-
778-CAGGGGCCAC	INSM1_HUMAN.H11MO.0.C	3	0.000221153	0.170066	0.338353	9	CAGGGGCCAC	TGTCAGGGGGCA	+
781-ACCTTCCTCT	ETV7_HUMAN.H11MO.0.D	-2	0.00028284	0.217504	0.22205	7	ACCTTCCTCT	CTTCCTG	-
781-ACCTTCCTCT	ETV6_HUMAN.H11MO.0.D	-1	0.000291043	0.223812	0.22205	9	ACCTTCCTCT	ACTTCCTGT	-
781-ACCTTCCTCT	ETV4_HUMAN.H11MO.0.B	0	0.000453002	0.348359	0.23041	10	ACCTTCCTCT	CCCTTCCTGTT	-
781-ACCTTCCTCT	ZN784_HUMAN.H11MO.0.D	2	0.000939351	0.722361	0.254192	9	ACCTTCCTCT	GTACCTACCTC	-
781-ACCTTCCTCT	FLI1_HUMAN.H11MO.0.A	4	0.00104321	0.802225	0.254192	10	ACCTTCCTCT	TCCCTCCTTCCTTCCTCC	-
781-ACCTTCCTCT	ERG_HUMAN.H11MO.0.A	1	0.00105223	0.809163	0.254192	10	ACCTTCCTCT	CCACTTCCTGCCC	-
781-ACCTTCCTCT	SPI1_HUMAN.H11MO.0.A	3	0.00119447	0.918544	0.254192	10	ACCTTCCTCT	TTTCACTTCCTCTTTTT	-
781-ACCTTCCTCT	FLI1_HUMAN.H11MO.1.A	1	0.00133269	1.02484	0.254192	10	ACCTTCCTCT	CCACTTCCTGCCT	-
781-ACCTTCCTCT	NFAT5_HUMAN.H11MO.0.D	1	0.00188629	1.45056	0.319808	10	ACCTTCCTCT	CCTTTTCCTCT	-
781-ACCTTCCTCT	SPIB_HUMAN.H11MO.0.A	3	0.00242666	1.8661	0.370281	10	ACCTTCCTCT	TTTCACTTCCTCTTTTT	-
781-ACCTTCCTCT	ETV5_HUMAN.H11MO.0.C	2	0.00300705	2.31242	0.417129	10	ACCTTCCTCT	CTCACTTCCTGCTC	-
781-ACCTTCCTCT	ELF5_HUMAN.H11MO.0.A	1	0.00331903	2.55233	0.422038	10	ACCTTCCTCT	CCACTTCCTCCTTCC	-
781-ACCTTCCTCT	ELF3_HUMAN.H11MO.0.A	1	0.00418712	3.2199	0.491467	10	ACCTTCCTCT	CCACTTCCTGGTTC	-
782-ATGAATTTCA	SOX8_HUMAN.H11MO.0.D	2	6.81894e-05	0.0524376	0.104875	10	ATGAATTTCA	GCATCAATTGCAGTGA	-
783-AAAAGGTCAAG	NR4A2_HUMAN.H11MO.0.C	-1	3.72618e-06	0.00286543	0.0056136	9	AAAAGGTCAAG	AAAGGTCAC	+
783-AAAAGGTCAAG	NR4A3_HUMAN.H11MO.0.D	0	1.88529e-05	0.0144979	0.00716619	10	AAAAGGTCAAG	CAAAGGTCAG	+
783-AAAAGGTCAAG	NR1H2_HUMAN.H11MO.0.D	7	1.88779e-05	0.0145171	0.00716619	11	AAAAGGTCAAG	TAAAGGTCAAAGGTCAACG	+
783-AAAAGGTCAAG	NR6A1_HUMAN.H11MO.0.B	-2	1.9027e-05	0.0146318	0.00716619	9	AAAAGGTCAAG	AAGTTCAAGGTCA	+
783-AAAAGGTCAAG	PPARA_HUMAN.H11MO.1.B	-1	2.43425e-05	0.0187194	0.00733455	9	AAAAGGTCAAG	AAAGGTCAG	+
783-AAAAGGTCAAG	RXRG_HUMAN.H11MO.0.B	3	4.40243e-05	0.0338547	0.011054	10	AAAAGGTCAAG	GGTCAAAGGTCAC	+
783-AAAAGGTCAAG	COT2_HUMAN.H11MO.0.A	0	6.17697e-05	0.0475009	0.013294	11	AAAAGGTCAAG	CAAAGGTCAGAGG	+
783-AAAAGGTCAAG	NR4A1_HUMAN.H11MO.0.A	-1	9.0359e-05	0.0694861	0.0170161	9	AAAAGGTCAAG	AAAGGTCAG	+
783-AAAAGGTCAAG	ERR2_HUMAN.H11MO.0.A	0	0.000104746	0.0805494	0.0175336	9	AAAAGGTCAAG	TCAAGGTCA	+
783-AAAAGGTCAAG	NR2E1_HUMAN.H11MO.0.D	5	0.000130546	0.10039	0.0189305	11	AAAAGGTCAAG	AAGTCAAAAAGTCAATT	+
783-AAAAGGTCAAG	NR1H3_HUMAN.H11MO.1.B	-1	0.000138222	0.106293	0.0189305	10	AAAAGGTCAAG	AAAGGTCAGA	+
783-AAAAGGTCAAG	RARA_HUMAN.H11MO.0.A	8	0.000170534	0.13114	0.0214095	11	AAAAGGTCAAG	GGGGGATCAAGAGGTCAAGG	+
783-AAAAGGTCAAG	RXRA_HUMAN.H11MO.1.A	0	0.000324503	0.249543	0.0349251	10	AAAAGGTCAAG	CAGAGGTCAG	+
783-AAAAGGTCAAG	ESR2_HUMAN.H11MO.1.A	-3	0.000339077	0.26075	0.0349251	7	AAAAGGTCAAG	AGGTCAC	+
783-AAAAGGTCAAG	PPARG_HUMAN.H11MO.1.A	0	0.000347736	0.267409	0.0349251	9	AAAAGGTCAAG	CAAAGGTCA	+
783-AAAAGGTCAAG	ERR3_HUMAN.H11MO.0.B	0	0.000485905	0.373661	0.0418513	9	AAAAGGTCAAG	TCAAGGTCA	+
783-AAAAGGTCAAG	NR1D1_HUMAN.H11MO.1.D	3	0.000493006	0.379122	0.0418513	11	AAAAGGTCAAG	AAAAGTAGGTCAAA	+
783-AAAAGGTCAAG	COT2_HUMAN.H11MO.1.A	5	0.000525004	0.403728	0.0418513	11	AAAAGGTCAAG	GGGGTCAAAGGTCAGGG	+
783-AAAAGGTCAAG	ERR1_HUMAN.H11MO.0.A	1	0.000527818	0.405892	0.0418513	11	AAAAGGTCAAG	CTCAAGGTCACACAG	+
783-AAAAGGTCAAG	COT1_HUMAN.H11MO.1.C	1	0.000593812	0.456641	0.0447299	11	AAAAGGTCAAG	GCAGAGGTCAGGG	+
783-AAAAGGTCAAG	ZN652_HUMAN.H11MO.0.D	0	0.000673334	0.517794	0.0464	11	AAAAGGTCAAG	AAAGGGTTAAT	+
783-AAAAGGTCAAG	RARA_HUMAN.H11MO.1.A	-2	0.000687418	0.528625	0.0464	9	AAAAGGTCAAG	AAGGTCAGGG	+
783-AAAAGGTCAAG	FEZF1_HUMAN.H11MO.0.C	1	0.000708382	0.544746	0.0464	11	AAAAGGTCAAG	AAAAAGAGCAGC	-
783-AAAAGGTCAAG	RARG_HUMAN.H11MO.1.B	-2	0.000806156	0.619934	0.0506042	8	AAAAGGTCAAG	GAGGTCAG	+
783-AAAAGGTCAAG	PPARD_HUMAN.H11MO.0.D	5	0.000887521	0.682504	0.0534832	9	AAAAGGTCAAG	TAGGACAAAGGTCA	+
783-AAAAGGTCAAG	COT1_HUMAN.H11MO.0.C	5	0.00100941	0.776238	0.0584889	11	AAAAGGTCAAG	GGGGTCAGAGGTCAGGG	+
783-AAAAGGTCAAG	NR2C1_HUMAN.H11MO.0.C	3	0.00118648	0.912401	0.0662025	10	AAAAGGTCAAG	GGCCAGAGGTCAG	+
783-AAAAGGTCAAG	RARB_HUMAN.H11MO.0.D	-2	0.00142058	1.09243	0.076434	9	AAAAGGTCAAG	GAGGTCAGGGC	+
783-AAAAGGTCAAG	RXRB_HUMAN.H11MO.0.C	-1	0.00158005	1.21506	0.0820825	10	AAAAGGTCAAG	TGAGGTCACA	+
783-AAAAGGTCAAG	ESR1_HUMAN.H11MO.1.A	-1	0.00210507	1.6188	0.105712	10	AAAAGGTCAAG	CAAGGTCACC	+
783-AAAAGGTCAAG	NR1H4_HUMAN.H11MO.1.B	-3	0.00233753	1.79756	0.113599	8	AAAAGGTCAAG	AGGTCAGT	+
783-AAAAGGTCAAG	RORA_HUMAN.H11MO.0.C	1	0.00243182	1.87007	0.114488	11	AAAAGGTCAAG	AACTAGGTCAGGG	+
783-AAAAGGTCAAG	THA_HUMAN.H11MO.1.D	0	0.00279089	2.14619	0.127411	10	AAAAGGTCAAG	TTCAGGTCAG	+
783-AAAAGGTCAAG	NR1I3_HUMAN.H11MO.1.D	-2	0.00320093	2.46152	0.141833	8	AAAAGGTCAAG	AAGTTCAT	+
783-AAAAGGTCAAG	RXRA_HUMAN.H11MO.0.A	8	0.00342377	2.63288	0.145313	11	AAAAGGTCAAG	GGGGGAGGCAGAGGTCAGAG	+
783-AAAAGGTCAAG	ZN713_HUMAN.H11MO.0.D	5	0.00347238	2.67026	0.145313	11	AAAAGGTCAAG	ATAGAAAAATGACATGAAA	+
783-AAAAGGTCAAG	NR1I2_HUMAN.H11MO.1.D	-2	0.00385064	2.96115	0.156787	8	AAAAGGTCAAG	AAGTTCAC	+
783-AAAAGGTCAAG	RARG_HUMAN.H11MO.2.D	10	0.00402844	3.09787	0.15971	10	AAAAGGTCAAG	GGGGGTCACCCAGAGGTCAC	+
783-AAAAGGTCAAG	PPARA_HUMAN.H11MO.0.B	8	0.00450936	3.4677	0.174192	9	AAAAGGTCAAG	AACTGGGGCAAAGGTCA	+
783-AAAAGGTCAAG	STF1_HUMAN.H11MO.0.B	2	0.00604086	4.64542	0.226357	9	AAAAGGTCAAG	GCTCAAGGCCA	+
783-AAAAGGTCAAG	ZN768_HUMAN.H11MO.0.C	8	0.00616025	4.73724	0.226357	11	AAAAGGTCAAG	GAGGCTCAGAGAGGTTAAGT	+
783-AAAAGGTCAAG	ONEC3_HUMAN.H11MO.0.D	0	0.00653837	5.02801	0.229965	11	AAAAGGTCAAG	AAAAAATCAATA	-
783-AAAAGGTCAAG	NR2F6_HUMAN.H11MO.0.D	4	0.00656375	5.04752	0.229965	11	AAAAGGTCAAG	AGGACAAAGTTCAATTGA	+
783-AAAAGGTCAAG	PPARG_HUMAN.H11MO.0.A	8	0.00683117	5.25317	0.233895	9	AAAAGGTCAAG	AAGTGGGGCAAAGGTCA	+
783-AAAAGGTCAAG	PRDM1_HUMAN.H11MO.0.A	0	0.00763489	5.87123	0.255605	11	AAAAGGTCAAG	GAAAGTGAAAGTGA	+
783-AAAAGGTCAAG	THB_HUMAN.H11MO.1.D	1	0.00819031	6.29835	0.268239	9	AAAAGGTCAAG	GGTCAGGTCA	+
783-AAAAGGTCAAG	NR5A2_HUMAN.H11MO.0.B	2	0.00950561	7.30981	0.304692	9	AAAAGGTCAAG	GTTCAAGGCCA	+
783-AAAAGGTCAAG	HNF4G_HUMAN.H11MO.0.B	5	0.0137285	10.5572	0.428937	9	AAAAGGTCAAG	GAGTCCAAAGTCCA	+
783-AAAAGGTCAAG	NR1I2_HUMAN.H11MO.0.C	9	0.0139512	10.7285	0.428937	10	AAAAGGTCAAG	TGAGGTCAAAAAAGTTCAG	+
783-AAAAGGTCAAG	ZN708_HUMAN.H11MO.1.D	-3	0.0146855	11.2931	0.442483	8	AAAAGGTCAAG	AGGTACAGC	+
783-AAAAGGTCAAG	SCRT1_HUMAN.H11MO.0.D	2	0.0157577	12.1176	0.465479	11	AAAAGGTCAAG	GCAACAGGTGGTT	+
783-AAAAGGTCAAG	HNF4A_HUMAN.H11MO.0.A	5	0.0173943	13.3762	0.494436	9	AAAAGGTCAAG	GAGTCCAAAGTCCA	+
783-AAAAGGTCAAG	NR2E3_HUMAN.H11MO.0.C	-2	0.0173943	13.3762	0.494436	9	AAAAGGTCAAG	AAAGTCAAAAGTCA	+
784-AAAGTAAATAAA	FOXL1_HUMAN.H11MO.0.D	1	1.16997e-06	0.00089971	0.00173256	12	AAAGTAAATAAA	AAAAGTAAACAAACAAACA	-
784-AAAGTAAATAAA	CPEB1_HUMAN.H11MO.0.D	3	6.53953e-05	0.050289	0.0484204	12	AAAGTAAATAAA	AAAAAAAAAAATAAAAA	-
784-AAAGTAAATAAA	ZN232_HUMAN.H11MO.0.D	5	0.000171155	0.131619	0.0747478	12	AAAGTAAATAAA	TGTTAAATGTAGATTAAGT	+
784-AAAGTAAATAAA	FOXD1_HUMAN.H11MO.0.D	2	0.000219229	0.168587	0.0747478	12	AAAGTAAATAAA	CTTAAGTAAACAAAG	-
784-AAAGTAAATAAA	FOXA3_HUMAN.H11MO.0.B	1	0.000264725	0.203573	0.0747478	12	AAAGTAAATAAA	CAAAGTAAACAAG	-
784-AAAGTAAATAAA	FOXF2_HUMAN.H11MO.0.D	1	0.000302857	0.232897	0.0747478	10	AAAGTAAATAAA	AAAAGTAAACA	-
784-AAAGTAAATAAA	FOXC1_HUMAN.H11MO.0.C	2	0.000395809	0.304377	0.0837335	12	AAAGTAAATAAA	CTTAAGTAAACAATG	-
784-AAAGTAAATAAA	FOXA1_HUMAN.H11MO.0.A	2	0.000887415	0.682422	0.164266	10	AAAGTAAATAAA	CCAAAGTAAACA	-
784-AAAGTAAATAAA	HXC6_HUMAN.H11MO.0.D	0	0.00128506	0.988214	0.211443	12	AAAGTAAATAAA	AAAGTAATAAATCAT	-
784-AAAGTAAATAAA	UNC4_HUMAN.H11MO.0.D	0	0.00164006	1.26121	0.220155	11	AAAGTAAATAAA	TAATTAAATTA	-
784-AAAGTAAATAAA	LHX3_HUMAN.H11MO.0.C	1	0.00176809	1.35966	0.220155	12	AAAGTAAATAAA	AAAATTAATTAAT	+
784-AAAGTAAATAAA	FOXO3_HUMAN.H11MO.0.B	-2	0.00207589	1.59636	0.220155	10	AAAGTAAATAAA	TGTAAACAAG	-
784-AAAGTAAATAAA	FOXM1_HUMAN.H11MO.0.A	2	0.00222106	1.70799	0.220155	10	AAAGTAAATAAA	GCAAAGCAAACA	-
784-AAAGTAAATAAA	FOXK1_HUMAN.H11MO.0.A	0	0.00232618	1.78883	0.220155	10	AAAGTAAATAAA	AAAGTAAACA	-
784-AAAGTAAATAAA	ARX_HUMAN.H11MO.0.D	1	0.00254857	1.95985	0.220155	12	AAAGTAAATAAA	CTAATTAAATTAA	-
784-AAAGTAAATAAA	FOXA2_HUMAN.H11MO.0.A	2	0.00273641	2.1043	0.220155	10	AAAGTAAATAAA	GCTAAGTAAACA	-
784-AAAGTAAATAAA	FOXJ2_HUMAN.H11MO.0.C	-4	0.0027548	2.11844	0.220155	8	AAAGTAAATAAA	TAAATAAACA	-
784-AAAGTAAATAAA	FOXJ3_HUMAN.H11MO.0.A	2	0.0028249	2.17235	0.220155	11	AAAGTAAATAAA	AAAAAATAAACAA	-
784-AAAGTAAATAAA	FOXF1_HUMAN.H11MO.0.D	0	0.00282529	2.17265	0.220155	11	AAAGTAAATAAA	AAAATAAACAT	-
784-AAAGTAAATAAA	FOXO6_HUMAN.H11MO.0.D	-1	0.00297336	2.28651	0.220155	11	AAAGTAAATAAA	ACGTAAACAAGTT	-
784-AAAGTAAATAAA	FOXO4_HUMAN.H11MO.0.C	-2	0.00325688	2.50454	0.229665	9	AAAGTAAATAAA	AATAAACAA	-
784-AAAGTAAATAAA	FOXP2_HUMAN.H11MO.0.C	-2	0.00366192	2.81602	0.239	9	AAAGTAAATAAA	TGTAAACAG	-
784-AAAGTAAATAAA	FOXG1_HUMAN.H11MO.0.D	1	0.00390255	3.00106	0.239	12	AAAGTAAATAAA	AAAAAAATATAAACAAT	-
784-AAAGTAAATAAA	NR2E1_HUMAN.H11MO.0.D	-1	0.00390255	3.00106	0.239	11	AAAGTAAATAAA	AAGTCAAAAAGTCAATT	+
784-AAAGTAAATAAA	FOXB1_HUMAN.H11MO.0.D	2	0.00410562	3.15722	0.239	12	AAAGTAAATAAA	GTTATGTAAATATTGAC	-
784-AAAGTAAATAAA	ONEC2_HUMAN.H11MO.0.D	4	0.00422643	3.25012	0.239	12	AAAGTAAATAAA	AAAAAAAATCAATAACAAGAC	-
784-AAAGTAAATAAA	FOXP1_HUMAN.H11MO.0.A	-3	0.00435763	3.35102	0.239	9	AAAGTAAATAAA	ATAAACAAA	-
784-AAAGTAAATAAA	MEOX2_HUMAN.H11MO.0.D	0	0.00453443	3.48698	0.239815	11	AAAGTAAATAAA	ATCATAATTAA	-
784-AAAGTAAATAAA	ALX4_HUMAN.H11MO.0.D	1	0.0058411	4.49181	0.260639	11	AAAGTAAATAAA	TAATTTAATTAA	-
784-AAAGTAAATAAA	ALX3_HUMAN.H11MO.0.D	0	0.00585971	4.50612	0.260639	11	AAAGTAAATAAA	TAATTAAATTA	+
784-AAAGTAAATAAA	HNF1B_HUMAN.H11MO.1.A	-2	0.00585971	4.50612	0.260639	10	AAAGTAAATAAA	AGTTAATGATT	+
784-AAAGTAAATAAA	Z354A_HUMAN.H11MO.0.C	6	0.00592814	4.55874	0.260639	12	AAAGTAAATAAA	ACATTAAATGTAAATGGACTAAAT	-
784-AAAGTAAATAAA	FOXD3_HUMAN.H11MO.0.D	3	0.00631921	4.85947	0.260639	12	AAAGTAAATAAA	TGCTAAGTAAACAAA	-
784-AAAGTAAATAAA	DRGX_HUMAN.H11MO.0.D	0	0.00648469	4.98673	0.260639	11	AAAGTAAATAAA	TAATTAAATTA	-
784-AAAGTAAATAAA	FOXQ1_HUMAN.H11MO.0.C	-5	0.00710455	5.4634	0.260639	7	AAAGTAAATAAA	AAATAAACAATT	-
784-AAAGTAAATAAA	ZFHX3_HUMAN.H11MO.0.D	-1	0.00717133	5.51475	0.260639	11	AAAGTAAATAAA	TAATTATTAAT	-
784-AAAGTAAATAAA	HXB13_HUMAN.H11MO.0.A	-3	0.00730985	5.62127	0.260639	9	AAAGTAAATAAA	GCCAATAAAA	-
784-AAAGTAAATAAA	PHX2A_HUMAN.H11MO.0.D	1	0.00753943	5.79782	0.260639	10	AAAGTAAATAAA	TAATTTAATTA	+
784-AAAGTAAATAAA	IRF7_HUMAN.H11MO.0.C	1	0.00811326	6.2391	0.260639	9	AAAGTAAATAAA	GAAAGTGAAA	+
784-AAAGTAAATAAA	HXA9_HUMAN.H11MO.0.B	-1	0.00832876	6.40482	0.260639	11	AAAGTAAATAAA	CCATAAATCAT	-
784-AAAGTAAATAAA	PHX2B_HUMAN.H11MO.0.D	0	0.00832876	6.40482	0.260639	11	AAAGTAAATAAA	TAATTAAATTA	-
784-AAAGTAAATAAA	PRDM6_HUMAN.H11MO.0.C	1	0.00838681	6.44946	0.260639	12	AAAGTAAATAAA	AAAAAGAAAAAAA	+
784-AAAGTAAATAAA	ZFP28_HUMAN.H11MO.0.C	7	0.00858731	6.60364	0.260639	12	AAAGTAAATAAA	TGACACAAGAAGAAATAGAA	-
784-AAAGTAAATAAA	STAT2_HUMAN.H11MO.0.A	5	0.00898442	6.90902	0.260639	12	AAAGTAAATAAA	AGGAAAATGAAACTGAAAG	+
784-AAAGTAAATAAA	ZN250_HUMAN.H11MO.0.C	-3	0.00901496	6.93251	0.260639	9	AAAGTAAATAAA	GTAATCAAAACAGCATGGTA	-
784-AAAGTAAATAAA	RAX2_HUMAN.H11MO.0.D	1	0.00904157	6.95296	0.260639	11	AAAGTAAATAAA	CTAATTAAATTA	+
784-AAAGTAAATAAA	HNF6_HUMAN.H11MO.0.B	-1	0.00965726	7.42643	0.260639	11	AAAGTAAATAAA	AAATCAATAAA	-
784-AAAGTAAATAAA	HXB3_HUMAN.H11MO.0.D	3	0.00968035	7.44419	0.260639	11	AAAGTAAATAAA	TAAAAACTAATTAA	-
784-AAAGTAAATAAA	STAT1_HUMAN.H11MO.1.A	5	0.0114137	8.77713	0.292939	12	AAAGTAAATAAA	AAGAAAATGAAACTGAAAG	+
784-AAAGTAAATAAA	NR2E3_HUMAN.H11MO.0.C	0	0.0116713	8.97521	0.292939	12	AAAGTAAATAAA	AAAGTCAAAAGTCA	+
784-AAAGTAAATAAA	HMX1_HUMAN.H11MO.0.D	5	0.0125645	9.66209	0.310102	12	AAAGTAAATAAA	ATTAAAAAACAATTAAC	-
784-AAAGTAAATAAA	CUX2_HUMAN.H11MO.0.D	-1	0.0135546	10.4235	0.323863	11	AAAGTAAATAAA	AAATCAATGAA	+
784-AAAGTAAATAAA	ARI3A_HUMAN.H11MO.0.D	4	0.013634	10.4845	0.323863	12	AAAGTAAATAAA	AATTAATCGAAATCAAATTAAA	+
784-AAAGTAAATAAA	ZN713_HUMAN.H11MO.0.D	7	0.0137781	10.5954	0.323863	12	AAAGTAAATAAA	ATAGAAAAATGACATGAAA	+
784-AAAGTAAATAAA	IRF1_HUMAN.H11MO.0.A	3	0.0145134	11.1608	0.329524	12	AAAGTAAATAAA	GAAAATGAAAGTGAAAGTAA	+
784-AAAGTAAATAAA	HXD4_HUMAN.H11MO.0.D	-4	0.0146881	11.2951	0.329524	8	AAAGTAAATAAA	TCAATTAA	-
784-AAAGTAAATAAA	HXC13_HUMAN.H11MO.0.D	0	0.0149091	11.4651	0.329524	11	AAAGTAAATAAA	CTCGTAAAAAT	-
784-AAAGTAAATAAA	HXA2_HUMAN.H11MO.0.D	-2	0.0149091	11.4651	0.329524	10	AAAGTAAATAAA	GGTAATTAGCG	+
784-AAAGTAAATAAA	HXD10_HUMAN.H11MO.0.D	-1	0.0156573	12.0405	0.340973	10	AAAGTAAATAAA	AATTAAAGCA	-
784-AAAGTAAATAAA	PROP1_HUMAN.H11MO.0.D	0	0.016387	12.6016	0.351691	11	AAAGTAAATAAA	TAATTGAATTA	+
784-AAAGTAAATAAA	ANDR_HUMAN.H11MO.0.A	-2	0.017074	13.1299	0.358225	10	AAAGTAAATAAA	AGCAAACAAAAAAGAACA	-
784-AAAGTAAATAAA	NOTO_HUMAN.H11MO.0.D	-1	0.0171752	13.2078	0.358225	11	AAAGTAAATAAA	ACCTAATTAAC	-
784-AAAGTAAATAAA	PO2F1_HUMAN.H11MO.0.C	5	0.0181186	13.9332	0.364005	11	AAAGTAAATAAA	AATCGAATGCAAATAA	+
784-AAAGTAAATAAA	CDX2_HUMAN.H11MO.0.A	0	0.0181898	13.9879	0.364005	12	AAAGTAAATAAA	ACAGCAATAAAA	-
784-AAAGTAAATAAA	ONEC3_HUMAN.H11MO.0.D	2	0.0181898	13.9879	0.364005	10	AAAGTAAATAAA	AAAAAATCAATA	-
784-AAAGTAAATAAA	IRF5_HUMAN.H11MO.0.D	1	0.0191478	14.7247	0.373093	12	AAAGTAAATAAA	TAAAGGAAAGCCAAAAGTGA	+
784-AAAGTAAATAAA	IRF8_HUMAN.H11MO.0.B	3	0.0191478	14.7247	0.373093	12	AAAGTAAATAAA	AAAAGAGGAAGTGAAAGTAA	+
784-AAAGTAAATAAA	HXB7_HUMAN.H11MO.0.C	-2	0.0209552	16.1145	0.403006	10	AAAGTAAATAAA	CATTAATCAA	-
784-AAAGTAAATAAA	NKX62_HUMAN.H11MO.0.D	-2	0.021663	16.6589	0.411279	10	AAAGTAAATAAA	GGTAATTAATT	-
784-AAAGTAAATAAA	TEF_HUMAN.H11MO.0.D	0	0.0219995	16.9176	0.41238	12	AAAGTAAATAAA	CATTTACATAAACA	-
784-AAAGTAAATAAA	DUXA_HUMAN.H11MO.0.D	0	0.02374	18.2561	0.433558	11	AAAGTAAATAAA	TAATTTAATCA	-
784-AAAGTAAATAAA	NR1D1_HUMAN.H11MO.1.D	1	0.0240209	18.472	0.433558	12	AAAGTAAATAAA	AAAAGTAGGTCAAA	+
784-AAAGTAAATAAA	HMGA1_HUMAN.H11MO.0.D	-4	0.0245949	18.9135	0.433558	7	AAAGTAAATAAA	AAAATAC	-
784-AAAGTAAATAAA	PRRX2_HUMAN.H11MO.0.C	-4	0.0245949	18.9135	0.433558	7	AAAGTAAATAAA	CAATTAA	-
784-AAAGTAAATAAA	RX_HUMAN.H11MO.0.D	0	0.024845	19.1058	0.433558	11	AAAGTAAATAAA	TTGCTAATTAA	-
784-AAAGTAAATAAA	LHX2_HUMAN.H11MO.0.A	-1	0.024886	19.1373	0.433558	11	AAAGTAAATAAA	AACTAATTAAAA	-
784-AAAGTAAATAAA	IRF2_HUMAN.H11MO.0.A	3	0.0262398	20.1784	0.448954	12	AAAGTAAATAAA	GAAAGTGAAAGTGAAAGTAA	+
784-AAAGTAAATAAA	HNF1B_HUMAN.H11MO.0.A	-2	0.026376	20.2832	0.448954	10	AAAGTAAATAAA	GGTTAATGATTAACC	+
784-AAAGTAAATAAA	ALX1_HUMAN.H11MO.0.B	1	0.0271758	20.8982	0.457311	11	AAAGTAAATAAA	TAATTCAATTAT	-
784-AAAGTAAATAAA	HXB8_HUMAN.H11MO.0.C	-1	0.0284464	21.8753	0.463711	11	AAAGTAAATAAA	GCATTAATCAA	-
784-AAAGTAAATAAA	MIXL1_HUMAN.H11MO.0.D	-2	0.0284464	21.8753	0.463711	10	AAAGTAAATAAA	GTTAATTAGAT	+
784-AAAGTAAATAAA	PDX1_HUMAN.H11MO.1.A	-3	0.0295168	22.6984	0.463711	9	AAAGTAAATAAA	ATAATTAAT	-
784-AAAGTAAATAAA	BC11A_HUMAN.H11MO.0.A	3	0.0295326	22.7105	0.463711	12	AAAGTAAATAAA	AAAAGAGGAAGTGAAAA	+
784-AAAGTAAATAAA	MNX1_HUMAN.H11MO.0.D	3	0.0297079	22.8454	0.463711	12	AAAGTAAATAAA	TTAAGGGTTATTAAAATAG	-
784-AAAGTAAATAAA	HXD12_HUMAN.H11MO.0.D	0	0.0297481	22.8763	0.463711	11	AAAGTAAATAAA	GTAATAAAATT	-
784-AAAGTAAATAAA	HXC9_HUMAN.H11MO.0.C	-3	0.030551	23.4937	0.471265	9	AAAGTAAATAAA	GGCAATAAAA	-
784-AAAGTAAATAAA	SRY_HUMAN.H11MO.0.B	-4	0.0309931	23.8337	0.473157	8	AAAGTAAATAAA	AAAACAAAA	-
784-AAAGTAAATAAA	FOXD2_HUMAN.H11MO.0.D	0	0.0324076	24.9215	0.481801	12	AAAGTAAATAAA	TATGTAAATATTTATTTAA	+
784-AAAGTAAATAAA	NOBOX_HUMAN.H11MO.0.C	-2	0.0325354	25.0197	0.481801	9	AAAGTAAATAAA	ACCAATTAG	-
784-AAAGTAAATAAA	EMX2_HUMAN.H11MO.0.D	2	0.0337624	25.9633	0.49502	10	AAAGTAAATAAA	ATTAGCTAATTA	-
785-AAGAGGGGGCC	PLAL1_HUMAN.H11MO.0.D	-2	9.94256e-05	0.0764583	0.152886	9	AAGAGGGGGCC	CGGGGGGCCC	+
789-ATTAAACACC	FOXC1_HUMAN.H11MO.0.C	4	0.00071457	0.549505	0.382864	10	ATTAAACACC	CTTAAGTAAACAATG	-
789-ATTAAACACC	FOXP2_HUMAN.H11MO.0.C	0	0.00107282	0.824997	0.382864	9	ATTAAACACC	TGTAAACAG	-
789-ATTAAACACC	FOXO3_HUMAN.H11MO.0.B	0	0.0011985	0.921647	0.382864	10	ATTAAACACC	TGTAAACAAG	-
789-ATTAAACACC	MSX1_HUMAN.H11MO.0.D	3	0.00140578	1.08104	0.382864	10	ATTAAACACC	CCAATTAAAAACCAATTA	-
789-ATTAAACACC	FOXO4_HUMAN.H11MO.0.C	0	0.0014648	1.12643	0.382864	9	ATTAAACACC	AATAAACAA	-
789-ATTAAACACC	FOXF1_HUMAN.H11MO.0.D	2	0.00150786	1.15955	0.382864	9	ATTAAACACC	AAAATAAACAT	-
789-ATTAAACACC	HMX1_HUMAN.H11MO.0.D	0	0.00180974	1.39169	0.393869	10	ATTAAACACC	ATTAAAAAACAATTAAC	-
789-ATTAAACACC	HXB7_HUMAN.H11MO.0.C	1	0.00227632	1.75049	0.422622	9	ATTAAACACC	CATTAATCAA	-
789-ATTAAACACC	FOXP1_HUMAN.H11MO.0.A	-1	0.00267867	2.0599	0.422622	9	ATTAAACACC	ATAAACAAA	-
789-ATTAAACACC	TBR1_HUMAN.H11MO.0.D	0	0.00281957	2.16825	0.422622	10	ATTAAACACC	TTTTCACACCTTT	-
789-ATTAAACACC	HXB8_HUMAN.H11MO.0.C	2	0.00315565	2.4267	0.422622	9	ATTAAACACC	GCATTAATCAA	-
789-ATTAAACACC	FOXQ1_HUMAN.H11MO.0.C	1	0.00334017	2.56859	0.422622	10	ATTAAACACC	AAATAAACAATT	-
789-ATTAAACACC	MGAP_HUMAN.H11MO.0.D	5	0.0036063	2.77324	0.422622	10	ATTAAACACC	GTGAAAATTCACACCT	-
789-ATTAAACACC	FOXO6_HUMAN.H11MO.0.D	1	0.00393474	3.02581	0.428175	10	ATTAAACACC	ACGTAAACAAGTT	-
789-ATTAAACACC	FOXF2_HUMAN.H11MO.0.D	3	0.00488718	3.75824	0.496365	8	ATTAAACACC	AAAAGTAAACA	-
794-CCGCTTCCCG	ELK1_HUMAN.H11MO.0.B	0	0.000393561	0.302648	0.141589	10	CCGCTTCCCG	CCACTTCCGGT	-
794-CCGCTTCCCG	ETS1_HUMAN.H11MO.0.A	0	0.000411488	0.316435	0.141589	10	CCGCTTCCCG	CCACTTCCTGTCT	-
794-CCGCTTCCCG	ELK4_HUMAN.H11MO.0.A	0	0.000444162	0.34156	0.141589	10	CCGCTTCCCG	CCACTTCCGGTC	-
794-CCGCTTCCCG	ETV1_HUMAN.H11MO.0.A	-1	0.000504736	0.388142	0.141589	9	CCGCTTCCCG	CACTTCCGGCC	-
794-CCGCTTCCCG	ZF64A_HUMAN.H11MO.0.D	0	0.000524062	0.403004	0.141589	10	CCGCTTCCCG	CAGGTTCCCGGGCCCC	-
794-CCGCTTCCCG	ELF2_HUMAN.H11MO.0.C	0	0.000562567	0.432614	0.141589	10	CCGCTTCCCG	CCACTTCCGGGTT	-
794-CCGCTTCCCG	ERG_HUMAN.H11MO.0.A	0	0.000719345	0.553177	0.145318	10	CCGCTTCCCG	CCACTTCCTGCCC	-
794-CCGCTTCCCG	ELF1_HUMAN.H11MO.0.A	0	0.000769846	0.592011	0.145318	10	CCGCTTCCCG	CCACTTCCGGGTTC	-
794-CCGCTTCCCG	FLI1_HUMAN.H11MO.1.A	0	0.00116287	0.894251	0.162814	10	CCGCTTCCCG	CCACTTCCTGCCT	-
794-CCGCTTCCCG	E2F6_HUMAN.H11MO.0.A	-1	0.00123354	0.948595	0.162814	9	CCGCTTCCCG	CCCTTCCCGCCCC	-
794-CCGCTTCCCG	TBX1_HUMAN.H11MO.0.D	7	0.0013089	1.00654	0.162814	10	CCGCTTCCCG	CCGCCCACCCCTGCCCACCC	-
794-CCGCTTCCCG	FEV_HUMAN.H11MO.0.B	-1	0.00132573	1.01949	0.162814	9	CCGCTTCCCG	CGCTTCCCGC	-
794-CCGCTTCCCG	GABPA_HUMAN.H11MO.0.A	0	0.00140162	1.07784	0.162814	10	CCGCTTCCCG	CCACTTCCGGTTCC	-
794-CCGCTTCCCG	ETV7_HUMAN.H11MO.0.D	-3	0.00171118	1.3159	0.184575	7	CCGCTTCCCG	CTTCCTG	-
794-CCGCTTCCCG	PATZ1_HUMAN.H11MO.1.C	-1	0.00184449	1.41841	0.185691	9	CCGCTTCCCG	CCCCTCCCT	-
794-CCGCTTCCCG	ETV2_HUMAN.H11MO.0.B	1	0.00223574	1.71928	0.205157	10	CCGCTTCCCG	CCCACTTCCTGTTTCC	-
794-CCGCTTCCCG	STAT1_HUMAN.H11MO.0.A	1	0.00230955	1.77605	0.205157	10	CCGCTTCCCG	CCCCTTTCCTGGAAATCAC	+
794-CCGCTTCCCG	E2F1_HUMAN.H11MO.0.A	-2	0.00263867	2.02914	0.218803	8	CCGCTTCCCG	CTTTCCCGCCCCCC	-
794-CCGCTTCCCG	ETS2_HUMAN.H11MO.0.B	1	0.00275297	2.11703	0.218803	10	CCGCTTCCCG	TCCTCTTCCTTCC	-
794-CCGCTTCCCG	STAT3_HUMAN.H11MO.0.A	-1	0.00344332	2.64791	0.256487	9	CCGCTTCCCG	CATTTCCCGGAA	+
794-CCGCTTCCCG	E2F4_HUMAN.H11MO.1.A	2	0.00368564	2.83426	0.256487	10	CCGCTTCCCG	TCAAATTTCCCGCC	-
794-CCGCTTCCCG	ZN770_HUMAN.H11MO.1.C	2	0.00405166	3.11573	0.256487	9	CCGCTTCCCG	CTCAGCCTCCC	-
794-CCGCTTCCCG	ELF5_HUMAN.H11MO.0.A	0	0.00406425	3.12541	0.256487	10	CCGCTTCCCG	CCACTTCCTCCTTCC	-
794-CCGCTTCCCG	TFDP1_HUMAN.H11MO.0.C	-2	0.00411323	3.16307	0.256487	8	CCGCTTCCCG	TTTTCCCGCCCCCC	-
794-CCGCTTCCCG	ZN436_HUMAN.H11MO.0.C	0	0.00424619	3.26532	0.256487	10	CCGCTTCCCG	CCTCCTCCAGGAAGCCTTCCCTGA	-
794-CCGCTTCCCG	VEZF1_HUMAN.H11MO.1.C	0	0.00530595	4.08028	0.283582	10	CCGCTTCCCG	CCCCCTCCCTCT	-
794-CCGCTTCCCG	SP2_HUMAN.H11MO.0.A	9	0.00551104	4.23799	0.283582	10	CCGCTTCCCG	CCCCCGGCCCCGCCCCCCCCCC	-
794-CCGCTTCCCG	E2F7_HUMAN.H11MO.0.B	-1	0.00559569	4.30308	0.283582	9	CCGCTTCCCG	CCTTTCCCGCCCC	-
794-CCGCTTCCCG	EHF_HUMAN.H11MO.0.B	1	0.00563221	4.33117	0.283582	10	CCGCTTCCCG	GCCACTTCCTGGTTC	-
794-CCGCTTCCCG	ETV4_HUMAN.H11MO.0.B	-1	0.00589305	4.53175	0.287068	9	CCGCTTCCCG	CCCTTCCTGTT	-
794-CCGCTTCCCG	ZN770_HUMAN.H11MO.0.C	13	0.00650535	5.00262	0.305127	9	CCGCTTCCCG	GATCCTCCCGCCTCAGCCTCCC	-
794-CCGCTTCCCG	FLI1_HUMAN.H11MO.0.A	3	0.00681334	5.23946	0.305127	10	CCGCTTCCCG	TCCCTCCTTCCTTCCTCC	-
794-CCGCTTCCCG	E2F4_HUMAN.H11MO.0.A	-2	0.00728367	5.60114	0.305127	8	CCGCTTCCCG	ATTTCCCGCCCCC	-
794-CCGCTTCCCG	ETV5_HUMAN.H11MO.0.C	1	0.00741185	5.69971	0.305127	10	CCGCTTCCCG	CTCACTTCCTGCTC	-
794-CCGCTTCCCG	MAZ_HUMAN.H11MO.1.A	0	0.00765436	5.8862	0.305127	10	CCGCTTCCCG	CCCCCTCCCTC	-
794-CCGCTTCCCG	E2F3_HUMAN.H11MO.0.A	-3	0.00765436	5.8862	0.305127	7	CCGCTTCCCG	TTTCCCGCCCT	-
794-CCGCTTCCCG	ELK3_HUMAN.H11MO.0.D	0	0.00807115	6.20671	0.305127	10	CCGCTTCCCG	GCACTTCCTGGG	-
794-CCGCTTCCCG	SP2_HUMAN.H11MO.1.B	3	0.00807115	6.20671	0.305127	9	CCGCTTCCCG	GCCCCGCCCCCT	-
794-CCGCTTCCCG	ZN281_HUMAN.H11MO.0.A	1	0.00816316	6.27747	0.305127	10	CCGCTTCCCG	TCCCCTCCCCCACCC	-
794-CCGCTTCCCG	ZSC22_HUMAN.H11MO.0.C	0	0.00837019	6.43667	0.305127	10	CCGCTTCCCG	CCTCCTCCCTCAGACC	-
794-CCGCTTCCCG	WT1_HUMAN.H11MO.1.B	0	0.0084864	6.52604	0.305127	10	CCGCTTCCCG	CCTCCTCCCAC	-
794-CCGCTTCCCG	NFAT5_HUMAN.H11MO.0.D	0	0.00989222	7.60711	0.347401	10	CCGCTTCCCG	CCTTTTCCTCT	-
794-CCGCTTCCCG	ZN219_HUMAN.H11MO.0.D	1	0.0104213	8.01396	0.357663	10	CCGCTTCCCG	TCCGCCCCCCTC	-
794-CCGCTTCCCG	ZN467_HUMAN.H11MO.0.C	12	0.0111473	8.57229	0.368063	10	CCGCTTCCCG	CCCCCCCCCCCCTCCCCTCCCC	-
794-CCGCTTCCCG	ZN528_HUMAN.H11MO.0.C	7	0.0112118	8.62186	0.368063	10	CCGCTTCCCG	TCAGAAATGGCTTCCCTGGG	-
794-CCGCTTCCCG	E2F2_HUMAN.H11MO.0.B	-2	0.0117849	9.06257	0.378646	8	CCGCTTCCCG	GTTTCGCGCC	-
794-CCGCTTCCCG	SPI1_HUMAN.H11MO.0.A	2	0.0127999	9.84309	0.401455	10	CCGCTTCCCG	TTTCACTTCCTCTTTTT	-
794-CCGCTTCCCG	ELF3_HUMAN.H11MO.0.A	0	0.0130265	10.0174	0.401455	10	CCGCTTCCCG	CCACTTCCTGGTTC	-
794-CCGCTTCCCG	ETV6_HUMAN.H11MO.0.D	-2	0.0137821	10.5985	0.411452	8	CCGCTTCCCG	ACTTCCTGT	-
794-CCGCTTCCCG	KLF12_HUMAN.H11MO.0.C	1	0.0140478	10.8027	0.411452	10	CCGCTTCCCG	GCCCCGCCCCT	-
794-CCGCTTCCCG	CENPB_HUMAN.H11MO.0.D	3	0.0141683	10.8954	0.411452	10	CCGCTTCCCG	AACCCGCATCGTACGAA	-
794-CCGCTTCCCG	SPIB_HUMAN.H11MO.0.A	2	0.0156695	12.0499	0.446464	10	CCGCTTCCCG	TTTCACTTCCTCTTTTT	-
795-AGAGAGGGAGAGA	ZN768_HUMAN.H11MO.0.C	7	2.69976e-05	0.0207611	0.0411131	13	AGAGAGGGAGAGA	GAGGCTCAGAGAGGTTAAGT	+
795-AGAGAGGGAGAGA	SPIB_HUMAN.H11MO.0.A	2	0.000699212	0.537694	0.463794	13	AGAGAGGGAGAGA	AAAAAGAGGAAGTGAAA	+
795-AGAGAGGGAGAGA	E2F6_HUMAN.H11MO.0.A	0	0.000913673	0.702615	0.463794	13	AGAGAGGGAGAGA	GGGGCGGGAAGGG	+
795-AGAGAGGGAGAGA	SPI1_HUMAN.H11MO.0.A	2	0.00131878	1.01415	0.495622	13	AGAGAGGGAGAGA	AAAAAGAGGAAGTGAAA	+
795-AGAGAGGGAGAGA	PATZ1_HUMAN.H11MO.1.C	-4	0.00220972	1.69928	0.495622	9	AGAGAGGGAGAGA	AGGGAGGGG	+
795-AGAGAGGGAGAGA	BC11A_HUMAN.H11MO.0.A	1	0.00255485	1.96468	0.495622	13	AGAGAGGGAGAGA	AAAAGAGGAAGTGAAAA	+
795-AGAGAGGGAGAGA	PRDM1_HUMAN.H11MO.0.A	-1	0.00335357	2.5789	0.495622	12	AGAGAGGGAGAGA	GAAAGTGAAAGTGA	+
795-AGAGAGGGAGAGA	NR0B1_HUMAN.H11MO.0.D	-1	0.00346994	2.66838	0.495622	10	AGAGAGGGAGAGA	GCGTGGGAGA	+
795-AGAGAGGGAGAGA	ZN708_HUMAN.H11MO.1.D	-4	0.00376924	2.89854	0.495622	9	AGAGAGGGAGAGA	AGGTACAGC	+
795-AGAGAGGGAGAGA	SALL4_HUMAN.H11MO.0.B	-2	0.00481401	3.70197	0.495622	10	AGAGAGGGAGAGA	GGAGGGTGGG	+
795-AGAGAGGGAGAGA	EGR3_HUMAN.H11MO.0.D	0	0.00505082	3.88408	0.495622	11	AGAGAGGGAGAGA	AGAGTGGGTGT	+
795-AGAGAGGGAGAGA	ERG_HUMAN.H11MO.0.A	0	0.00507216	3.90049	0.495622	13	AGAGAGGGAGAGA	GGGCAGGAAGTGG	+
795-AGAGAGGGAGAGA	ETV5_HUMAN.H11MO.0.C	0	0.00516925	3.97515	0.495622	13	AGAGAGGGAGAGA	GAGCAGGAAGTGAG	+
795-AGAGAGGGAGAGA	EGR2_HUMAN.H11MO.1.A	2	0.00519304	3.99345	0.495622	13	AGAGAGGGAGAGA	GGGGCGTGGGCGGGGG	+
795-AGAGAGGGAGAGA	EGR2_HUMAN.H11MO.0.A	5	0.0055518	4.26933	0.495622	13	AGAGAGGGAGAGA	GGGGGGGTGTGGGAGGGG	+
795-AGAGAGGGAGAGA	IRF4_HUMAN.H11MO.0.A	1	0.00582185	4.477	0.495622	13	AGAGAGGGAGAGA	AAAAGAGGAAGTGAAACT	+
795-AGAGAGGGAGAGA	EGR1_HUMAN.H11MO.0.A	3	0.0061115	4.69974	0.495622	13	AGAGAGGGAGAGA	GAGGGCGTGGGCGGGGG	+
795-AGAGAGGGAGAGA	WT1_HUMAN.H11MO.1.B	-3	0.00618933	4.75959	0.495622	10	AGAGAGGGAGAGA	GTGGGAGGAGG	+
795-AGAGAGGGAGAGA	WT1_HUMAN.H11MO.0.C	1	0.00637912	4.90554	0.495622	13	AGAGAGGGAGAGA	GGGCGGGGGAGGAGGGGGGG	+
795-AGAGAGGGAGAGA	MAZ_HUMAN.H11MO.1.A	-3	0.00650917	5.00555	0.495622	10	AGAGAGGGAGAGA	GAGGGAGGGGG	+
795-AGAGAGGGAGAGA	ZN281_HUMAN.H11MO.0.A	1	0.00685261	5.26966	0.496926	13	AGAGAGGGAGAGA	GGGTGGGGGAGGGGA	+
798-CAAGAGCCCC	ZN490_HUMAN.H11MO.0.C	13	9.83767e-05	0.0756517	0.121302	10	CAAGAGCCCC	GATATGCTGCCTTCAAGAGACCCA	-
798-CAAGAGCCCC	PRDM4_HUMAN.H11MO.0.D	3	0.000157739	0.121302	0.121302	10	CAAGAGCCCC	TTTCAAGGCCCCCCAC	-
799-CCTGGAGAAGG	ZN436_HUMAN.H11MO.0.C	13	3.03319e-07	0.000233252	0.000466505	11	CCTGGAGAAGG	TCAGGGAAGGCTTCCTGGAGGAGG	+
806-GGGTGGGGAGGAA	KLF5_HUMAN.H11MO.0.A	1	3.0924e-05	0.0237805	0.0337928	13	GGGTGGGGAGGAA	AGGGTGGGGCTGGG	+
806-GGGTGGGGAGGAA	KLF4_HUMAN.H11MO.0.A	1	5.20264e-05	0.0400083	0.0337928	9	GGGTGGGGAGGAA	AGGGTGTGGC	+
806-GGGTGGGGAGGAA	ZN219_HUMAN.H11MO.0.D	0	6.77223e-05	0.0520785	0.0337928	12	GGGTGGGGAGGAA	GAGGGGGGCGGA	+
806-GGGTGGGGAGGAA	KLF1_HUMAN.H11MO.0.A	1	0.000293844	0.225966	0.0640999	13	GGGTGGGGAGGAA	GGGGCGGGGCCGGG	+
806-GGGTGGGGAGGAA	TBX1_HUMAN.H11MO.0.D	0	0.000315117	0.242325	0.0640999	13	GGGTGGGGAGGAA	GGGTGGGCAGGGGTGGGCGG	+
806-GGGTGGGGAGGAA	KLF16_HUMAN.H11MO.0.D	2	0.000315926	0.242947	0.0640999	13	GGGTGGGGAGGAA	GGGGGCGGGGGGGGGGGGG	+
806-GGGTGGGGAGGAA	WT1_HUMAN.H11MO.0.C	1	0.000334681	0.257369	0.0640999	13	GGGTGGGGAGGAA	GGGCGGGGGAGGAGGGGGGG	+
806-GGGTGGGGAGGAA	MAZ_HUMAN.H11MO.1.A	2	0.000342558	0.263427	0.0640999	9	GGGTGGGGAGGAA	GAGGGAGGGGG	+
806-GGGTGGGGAGGAA	KLF12_HUMAN.H11MO.0.C	2	0.000389247	0.299331	0.0647435	9	GGGTGGGGAGGAA	AGGGGCGGGGC	+
806-GGGTGGGGAGGAA	TBX15_HUMAN.H11MO.0.D	5	0.000478718	0.368134	0.0690791	13	GGGTGGGGAGGAA	GGGGGGGGGGGGGTGGGGG	+
806-GGGTGGGGAGGAA	KLF3_HUMAN.H11MO.0.B	6	0.000507606	0.390349	0.0690791	13	GGGTGGGGAGGAA	GGGGAGGGGCGGGGCCGGG	+
806-GGGTGGGGAGGAA	SP1_HUMAN.H11MO.1.A	3	0.000556766	0.428153	0.0694551	11	GGGTGGGGAGGAA	GGGGGGCGGGGCCG	+
806-GGGTGGGGAGGAA	ZN586_HUMAN.H11MO.0.C	1	0.000640816	0.492788	0.0737909	13	GGGTGGGGAGGAA	AGGCCTAGGAGGAAAAAATG	+
806-GGGTGGGGAGGAA	SP3_HUMAN.H11MO.0.B	6	0.000761913	0.585911	0.075155	13	GGGTGGGGAGGAA	GGGGGGGGGCGGGGCCGGGG	+
806-GGGTGGGGAGGAA	ZN263_HUMAN.H11MO.1.A	-3	0.000773402	0.594746	0.075155	10	GGGTGGGGAGGAA	GAGGGAGGAGG	+
806-GGGTGGGGAGGAA	SP4_HUMAN.H11MO.1.A	5	0.000803276	0.617719	0.075155	11	GGGTGGGGAGGAA	GGAGGGGGCGGGGCCG	+
806-GGGTGGGGAGGAA	ZN740_HUMAN.H11MO.0.D	2	0.000874334	0.672363	0.0769912	12	GGGTGGGGAGGAA	GGGGGGGGGGTGGG	+
806-GGGTGGGGAGGAA	SALL4_HUMAN.H11MO.0.B	3	0.00105183	0.808858	0.0874756	7	GGGTGGGGAGGAA	GGAGGGTGGG	+
806-GGGTGGGGAGGAA	ZN281_HUMAN.H11MO.0.A	6	0.00119977	0.922624	0.0900522	9	GGGTGGGGAGGAA	GGGTGGGGGAGGGGA	+
806-GGGTGGGGAGGAA	ZN467_HUMAN.H11MO.0.C	1	0.00123352	0.948579	0.0900522	13	GGGTGGGGAGGAA	GGGGAGGGGAGGGGGGGGGGGG	+
806-GGGTGGGGAGGAA	KLF6_HUMAN.H11MO.0.A	4	0.00126328	0.971464	0.0900522	13	GGGTGGGGAGGAA	GGAAGGGCGGGGCCGGGGG	+
806-GGGTGGGGAGGAA	ZN148_HUMAN.H11MO.0.D	2	0.00149158	1.14702	0.101493	13	GGGTGGGGAGGAA	GGGGTGGGGGAGGGG	+
806-GGGTGGGGAGGAA	PATZ1_HUMAN.H11MO.1.C	1	0.00182113	1.40045	0.118529	8	GGGTGGGGAGGAA	AGGGAGGGG	+
806-GGGTGGGGAGGAA	KLF15_HUMAN.H11MO.0.A	1	0.00230068	1.76922	0.134448	13	GGGTGGGGAGGAA	GGGGAGGAGCAGGGGGGGG	+
806-GGGTGGGGAGGAA	SP2_HUMAN.H11MO.1.B	3	0.0023491	1.80646	0.134448	9	GGGTGGGGAGGAA	AGGGGGCGGGGC	+
806-GGGTGGGGAGGAA	WT1_HUMAN.H11MO.1.B	-3	0.0023795	1.82984	0.134448	10	GGGTGGGGAGGAA	GTGGGAGGAGG	+
806-GGGTGGGGAGGAA	SRBP2_HUMAN.H11MO.0.B	0	0.00242496	1.86479	0.134448	13	GGGTGGGGAGGAA	GGGTGGGGTGAGG	+
806-GGGTGGGGAGGAA	EGR4_HUMAN.H11MO.0.D	2	0.00266649	2.05053	0.142559	9	GGGTGGGGAGGAA	GGCGGCAGGGC	+
806-GGGTGGGGAGGAA	SP1_HUMAN.H11MO.0.A	3	0.00296356	2.27898	0.152978	13	GGGTGGGGAGGAA	GGGGGGCGGGGCCGGGGGGGGG	+
806-GGGTGGGGAGGAA	GLIS3_HUMAN.H11MO.0.D	-2	0.00337804	2.59772	0.168561	10	GGGTGGGGAGGAA	GTGGGGGGTA	+
806-GGGTGGGGAGGAA	ZN770_HUMAN.H11MO.0.C	4	0.00386015	2.96846	0.175955	13	GGGTGGGGAGGAA	GGGAGGCTGAGGCGGGAGGATC	+
806-GGGTGGGGAGGAA	GLIS1_HUMAN.H11MO.0.D	0	0.00387884	2.98283	0.175955	13	GGGTGGGGAGGAA	TCGTGGGGGGTCT	+
806-GGGTGGGGAGGAA	E2F6_HUMAN.H11MO.0.A	1	0.00387884	2.98283	0.175955	12	GGGTGGGGAGGAA	GGGGCGGGAAGGG	+
806-GGGTGGGGAGGAA	MAZ_HUMAN.H11MO.0.A	2	0.00406751	3.12791	0.179086	13	GGGTGGGGAGGAA	GGGGGAGGGGGGGGGGGGGGGG	+
806-GGGTGGGGAGGAA	ZSC22_HUMAN.H11MO.0.C	5	0.00422066	3.24569	0.18052	11	GGGTGGGGAGGAA	GGTCTGAGGGAGGAGG	+
806-GGGTGGGGAGGAA	ZIC1_HUMAN.H11MO.0.B	1	0.00442535	3.4031	0.184017	8	GGGTGGGGAGGAA	GGGGTGGTC	+
806-GGGTGGGGAGGAA	ZBT17_HUMAN.H11MO.0.A	8	0.00478282	3.67799	0.193506	11	GGGTGGGGAGGAA	GAGGGTGGGGGAGGGGAAG	+
806-GGGTGGGGAGGAA	ZN341_HUMAN.H11MO.0.C	5	0.00500546	3.8492	0.197185	13	GGGTGGGGAGGAA	GGGGGGGGGGGGAGGGAAGAGC	+
806-GGGTGGGGAGGAA	SP4_HUMAN.H11MO.0.A	7	0.00562113	4.32265	0.206091	13	GGGTGGGGAGGAA	GGGAAGGGGGCGGGGCCGGG	+
806-GGGTGGGGAGGAA	EGR2_HUMAN.H11MO.0.A	5	0.00572514	4.40263	0.206091	13	GGGTGGGGAGGAA	GGGGGGGTGTGGGAGGGG	+
806-GGGTGGGGAGGAA	ETV7_HUMAN.H11MO.0.D	-7	0.00577212	4.43876	0.206091	6	GGGTGGGGAGGAA	CAGGAAG	+
806-GGGTGGGGAGGAA	EGR1_HUMAN.H11MO.0.A	3	0.00578224	4.44654	0.206091	13	GGGTGGGGAGGAA	GAGGGCGTGGGCGGGGG	+
806-GGGTGGGGAGGAA	FLI1_HUMAN.H11MO.0.A	-2	0.00601949	4.62899	0.209558	11	GGGTGGGGAGGAA	GGAGGAAGGAAGGAGGGA	+
806-GGGTGGGGAGGAA	EGR2_HUMAN.H11MO.1.A	3	0.00630642	4.84964	0.214115	13	GGGTGGGGAGGAA	GGGGCGTGGGCGGGGG	+
806-GGGTGGGGAGGAA	E2F4_HUMAN.H11MO.0.A	2	0.00643646	4.94963	0.214115	11	GGGTGGGGAGGAA	GGGGGCGGGAAAT	+
806-GGGTGGGGAGGAA	E2F3_HUMAN.H11MO.0.A	-3	0.00679287	5.22372	0.221059	10	GGGTGGGGAGGAA	AGGGCGGGAAA	+
806-GGGTGGGGAGGAA	PRDM4_HUMAN.H11MO.0.D	2	0.0069608	5.35286	0.221704	13	GGGTGGGGAGGAA	GTGGGGGGCCTTGAAA	+
806-GGGTGGGGAGGAA	E2F1_HUMAN.H11MO.0.A	3	0.00745958	5.73642	0.228179	11	GGGTGGGGAGGAA	GGGGGGCGGGAAAG	+
806-GGGTGGGGAGGAA	E2F7_HUMAN.H11MO.0.B	1	0.00746892	5.7436	0.228179	12	GGGTGGGGAGGAA	GGGGCGGGAAAGG	+
806-GGGTGGGGAGGAA	VEZF1_HUMAN.H11MO.0.C	3	0.00872727	6.71127	0.259632	13	GGGTGGGGAGGAA	GGGGAGGGGGGAGGGGGAGGGG	+
806-GGGTGGGGAGGAA	GLI3_HUMAN.H11MO.0.B	2	0.00884536	6.80208	0.259632	9	GGGTGGGGAGGAA	TTGGGTGGTCC	+
806-GGGTGGGGAGGAA	TFDP1_HUMAN.H11MO.0.C	-1	0.00950815	7.31177	0.263155	12	GGGTGGGGAGGAA	GGGGGGCGGGAAAA	+
806-GGGTGGGGAGGAA	ERG_HUMAN.H11MO.0.A	-4	0.00953982	7.33612	0.263155	9	GGGTGGGGAGGAA	GGGCAGGAAGTGG	+
806-GGGTGGGGAGGAA	SP2_HUMAN.H11MO.0.A	7	0.00963327	7.40798	0.263155	13	GGGTGGGGAGGAA	GGGGGGGGGGCGGGGCCGGGGG	+
806-GGGTGGGGAGGAA	KLF9_HUMAN.H11MO.0.C	5	0.00983805	7.56546	0.263155	10	GGGTGGGGAGGAA	GGAGGGGGCGTGGCC	+
806-GGGTGGGGAGGAA	IKZF1_HUMAN.H11MO.0.C	-3	0.00984434	7.5703	0.263155	8	GGGTGGGGAGGAA	TTGGGAGA	+
806-GGGTGGGGAGGAA	FLI1_HUMAN.H11MO.1.A	-4	0.0110273	8.47996	0.289605	9	GGGTGGGGAGGAA	AGGCAGGAAGTGG	+
806-GGGTGGGGAGGAA	PATZ1_HUMAN.H11MO.0.C	2	0.0122932	9.45346	0.317285	13	GGGTGGGGAGGAA	GGGGAGGGGGCGGGGGGGGAGG	+
806-GGGTGGGGAGGAA	MZF1_HUMAN.H11MO.0.B	-1	0.013347	10.2638	0.334039	12	GGGTGGGGAGGAA	GGAGGGGATTGGG	+
806-GGGTGGGGAGGAA	VEZF1_HUMAN.H11MO.1.C	-2	0.0135636	10.4304	0.334039	11	GGGTGGGGAGGAA	AGAGGGAGGGGG	+
806-GGGTGGGGAGGAA	ZN263_HUMAN.H11MO.0.A	-5	0.0136118	10.4675	0.334039	8	GGGTGGGGAGGAA	GGGAGGAGGGAGAGGAGGAG	+
806-GGGTGGGGAGGAA	ETV6_HUMAN.H11MO.0.D	-6	0.0151088	11.6186	0.364796	7	GGGTGGGGAGGAA	ACAGGAAGT	+
806-GGGTGGGGAGGAA	ETV5_HUMAN.H11MO.0.C	-4	0.0167434	12.8757	0.397847	9	GGGTGGGGAGGAA	GAGCAGGAAGTGAG	+
806-GGGTGGGGAGGAA	ZN784_HUMAN.H11MO.0.D	1	0.0171689	13.2029	0.401584	10	GGGTGGGGAGGAA	GAGGTAGGTAC	+
806-GGGTGGGGAGGAA	ZN274_HUMAN.H11MO.0.A	2	0.0189076	14.5399	0.435448	13	GGGTGGGGAGGAA	CATACTGGAGAGAAACCCTA	+
806-GGGTGGGGAGGAA	KLF14_HUMAN.H11MO.0.D	4	0.0203135	15.6211	0.453695	9	GGGTGGGGAGGAA	AGGGGGGCGTGGC	+
806-GGGTGGGGAGGAA	ZN449_HUMAN.H11MO.0.C	0	0.0209122	16.0815	0.453695	11	GGGTGGGGAGGAA	TGGTTGGGCTT	+
806-GGGTGGGGAGGAA	SUH_HUMAN.H11MO.0.A	1	0.0209122	16.0815	0.453695	10	GGGTGGGGAGGAA	GGCGTGGGAAA	+
806-GGGTGGGGAGGAA	ETV4_HUMAN.H11MO.0.B	-5	0.0209122	16.0815	0.453695	8	GGGTGGGGAGGAA	AACAGGAAGGG	+
806-GGGTGGGGAGGAA	GLI1_HUMAN.H11MO.0.D	3	0.0218591	16.8097	0.467463	9	GGGTGGGGAGGAA	CCTGGGTGGTCT	+
806-GGGTGGGGAGGAA	PROX1_HUMAN.H11MO.0.D	5	0.0229525	17.6504	0.483931	12	GGGTGGGGAGGAA	GGGTAAGGCGGGTTGGG	+
810-GGGAGGACCAGG	ZN263_HUMAN.H11MO.0.A	0	5.05018e-05	0.0388359	0.077079	12	GGGAGGACCAGG	GGGAGGAGGGAGAGGAGGAG	+
810-GGGAGGACCAGG	WT1_HUMAN.H11MO.0.C	6	0.000130135	0.100073	0.0886107	12	GGGAGGACCAGG	GGGCGGGGGAGGAGGGGGGG	+
810-GGGAGGACCAGG	KLF15_HUMAN.H11MO.0.A	1	0.000196254	0.150919	0.0886107	12	GGGAGGACCAGG	GGGGAGGAGCAGGGGGGGG	+
810-GGGAGGACCAGG	ZN467_HUMAN.H11MO.0.C	1	0.000281383	0.216384	0.0886107	12	GGGAGGACCAGG	GGGGAGGGGAGGGGGGGGGGGG	+
810-GGGAGGACCAGG	ZN263_HUMAN.H11MO.1.A	2	0.000290286	0.22323	0.0886107	9	GGGAGGACCAGG	GAGGGAGGAGG	+
810-GGGAGGACCAGG	WT1_HUMAN.H11MO.1.B	2	0.000399432	0.307163	0.101606	9	GGGAGGACCAGG	GTGGGAGGAGG	+
810-GGGAGGACCAGG	ZN770_HUMAN.H11MO.0.C	0	0.000525896	0.404414	0.114665	12	GGGAGGACCAGG	GGGAGGCTGAGGCGGGAGGATC	+
810-GGGAGGACCAGG	ZN770_HUMAN.H11MO.1.C	0	0.00152304	1.17122	0.290569	11	GGGAGGACCAGG	GGGAGGCTGAG	+
810-GGGAGGACCAGG	PATZ1_HUMAN.H11MO.1.C	1	0.00235199	1.80868	0.398862	8	GGGAGGACCAGG	AGGGAGGGG	+
810-GGGAGGACCAGG	ZN320_HUMAN.H11MO.0.C	-1	0.00297478	2.28761	0.454029	11	GGGAGGACCAGG	GTGGGACCAGGGGGCCAGTG	+
810-GGGAGGACCAGG	SP3_HUMAN.H11MO.0.B	6	0.00390326	3.00161	0.492147	12	GGGAGGACCAGG	GGGGGGGGGCGGGGCCGGGG	+
810-GGGAGGACCAGG	ZN768_HUMAN.H11MO.0.C	8	0.00390326	3.00161	0.492147	12	GGGAGGACCAGG	GAGGCTCAGAGAGGTTAAGT	+
810-GGGAGGACCAGG	MAZ_HUMAN.H11MO.0.A	2	0.00419188	3.22356	0.492147	12	GGGAGGACCAGG	GGGGGAGGGGGGGGGGGGGGGG	+
810-GGGAGGACCAGG	KLF6_HUMAN.H11MO.0.A	4	0.00460018	3.53754	0.497374	12	GGGAGGACCAGG	GGAAGGGCGGGGCCGGGGG	+
810-GGGAGGACCAGG	IKZF1_HUMAN.H11MO.0.C	2	0.00508384	3.90947	0.497374	6	GGGAGGACCAGG	TTGGGAGA	+
810-GGGAGGACCAGG	KLF5_HUMAN.H11MO.0.A	1	0.00521404	4.00959	0.497374	12	GGGAGGACCAGG	AGGGTGGGGCTGGG	+
810-GGGAGGACCAGG	MAZ_HUMAN.H11MO.1.A	2	0.00554335	4.26284	0.497683	9	GGGAGGACCAGG	GAGGGAGGGGG	+
816-ATGATTTTTTTC	HXC6_HUMAN.H11MO.0.D	0	5.1185e-06	0.00393613	0.00781546	12	ATGATTTTTTTC	ATGATTTATTACTTT	+
816-ATGATTTTTTTC	ONEC3_HUMAN.H11MO.0.D	2	6.31708e-05	0.0485784	0.0482279	10	ATGATTTTTTTC	TATTGATTTTTT	+
816-ATGATTTTTTTC	HXA9_HUMAN.H11MO.0.B	0	0.000519981	0.399865	0.261149	11	ATGATTTTTTTC	ATGATTTATGG	+
816-ATGATTTTTTTC	MEIS1_HUMAN.H11MO.0.A	0	0.000684126	0.526093	0.261149	12	ATGATTTTTTTC	ATGATTTATGGC	+
816-ATGATTTTTTTC	HXB7_HUMAN.H11MO.0.C	0	0.000992257	0.763046	0.303016	10	ATGATTTTTTTC	TTGATTAATG	+
816-ATGATTTTTTTC	CPEB1_HUMAN.H11MO.0.D	5	0.00133809	1.02899	0.340522	12	ATGATTTTTTTC	TTTTTATTTTTTTTTTT	+
816-ATGATTTTTTTC	FOXF1_HUMAN.H11MO.0.D	0	0.00159272	1.2248	0.347419	11	ATGATTTTTTTC	ATGTTTATTTT	+
816-ATGATTTTTTTC	OLIG1_HUMAN.H11MO.0.D	5	0.00228444	1.75673	0.436014	9	ATGATTTTTTTC	ACCATATGTTTTTT	+
816-ATGATTTTTTTC	DUX4_HUMAN.H11MO.0.A	-1	0.00278672	2.14298	0.464083	11	ATGATTTTTTTC	TGATTAGGTTA	+
816-ATGATTTTTTTC	ZN586_HUMAN.H11MO.0.C	-2	0.0034573	2.65866	0.464083	10	ATGATTTTTTTC	CATTTTTTCCTCCTAGGCCT	-
816-ATGATTTTTTTC	HXB8_HUMAN.H11MO.0.C	0	0.0040744	3.13321	0.464083	11	ATGATTTTTTTC	TTGATTAATGC	+
816-ATGATTTTTTTC	FOXJ2_HUMAN.H11MO.0.C	-1	0.00432859	3.32869	0.464083	10	ATGATTTTTTTC	TGTTTATTTA	+
816-ATGATTTTTTTC	ZN384_HUMAN.H11MO.0.C	0	0.00457167	3.51561	0.464083	12	ATGATTTTTTTC	CCGATTTTTTCC	-
816-ATGATTTTTTTC	ONEC2_HUMAN.H11MO.0.D	9	0.00468322	3.6014	0.464083	12	ATGATTTTTTTC	GTCTTGTTATTGATTTTTTTT	+
816-ATGATTTTTTTC	HXB6_HUMAN.H11MO.0.D	1	0.00470381	3.61723	0.464083	12	ATGATTTTTTTC	AATGATTGATGCA	+
816-ATGATTTTTTTC	MGAP_HUMAN.H11MO.0.D	4	0.00507056	3.89926	0.464083	12	ATGATTTTTTTC	AGGTGTGAATTTTCAC	+
816-ATGATTTTTTTC	NR2E3_HUMAN.H11MO.0.C	-1	0.00521228	4.00824	0.464083	11	ATGATTTTTTTC	TGACTTTTGACTTT	-
816-ATGATTTTTTTC	FOXJ3_HUMAN.H11MO.0.A	0	0.00547087	4.2071	0.464083	12	ATGATTTTTTTC	TTGTTTATTTTTT	+
816-ATGATTTTTTTC	ZN274_HUMAN.H11MO.0.A	1	0.00611327	4.70111	0.491283	12	ATGATTTTTTTC	TAGGGTTTCTCTCCAGTATG	-
816-ATGATTTTTTTC	DUXA_HUMAN.H11MO.0.D	-1	0.00654783	5.03528	0.498151	11	ATGATTTTTTTC	TGATTAAATTA	+
816-ATGATTTTTTTC	FEZF1_HUMAN.H11MO.0.C	1	0.00685124	5.2686	0.498151	11	ATGATTTTTTTC	GCTGCTCTTTTT	+
819-CCCACCCATC	HXB1_HUMAN.H11MO.0.D	-1	7.52551e-05	0.0578712	0.0639199	9	CCCACCCATC	CCATCCATCA	-
819-CCCACCCATC	SALL4_HUMAN.H11MO.0.B	0	9.24673e-05	0.0711074	0.0639199	10	CCCACCCATC	CCCACCCTCC	-
819-CCCACCCATC	TBX15_HUMAN.H11MO.0.D	2	0.000129484	0.0995731	0.0639199	10	CCCACCCATC	CCCCCACCCCCCCCCCCCC	-
819-CCCACCCATC	GLI1_HUMAN.H11MO.0.D	2	0.000168749	0.129768	0.0639199	10	CCCACCCATC	AGACCACCCAGG	-
819-CCCACCCATC	GLI3_HUMAN.H11MO.0.B	2	0.000285444	0.219507	0.0864983	9	CCCACCCATC	GGACCACCCAA	-
819-CCCACCCATC	HXA1_HUMAN.H11MO.0.C	-2	0.000603837	0.464351	0.129042	8	CCCACCCATC	CATCCATCAA	-
819-CCCACCCATC	GLI2_HUMAN.H11MO.0.D	2	0.000641176	0.493065	0.129042	9	CCCACCCATC	AGACCACCCAC	-
819-CCCACCCATC	TBX1_HUMAN.H11MO.0.D	3	0.000746342	0.573937	0.129042	10	CCCACCCATC	CCGCCCACCCCTGCCCACCC	-
819-CCCACCCATC	KLF5_HUMAN.H11MO.0.A	6	0.00076651	0.589447	0.129042	8	CCCACCCATC	CCCAGCCCCACCCT	-
819-CCCACCCATC	ZN449_HUMAN.H11MO.0.C	3	0.000919178	0.706848	0.136252	8	CCCACCCATC	AAGCCCAACCA	-
819-CCCACCCATC	KLF3_HUMAN.H11MO.0.B	6	0.00112224	0.862999	0.136252	10	CCCACCCATC	CCCGGCCCCGCCCCTCCCC	-
819-CCCACCCATC	EGR2_HUMAN.H11MO.1.A	6	0.0011647	0.895655	0.136252	10	CCCACCCATC	CCCCCGCCCACGCCCC	-
819-CCCACCCATC	KLF4_HUMAN.H11MO.0.A	2	0.00116904	0.898995	0.136252	8	CCCACCCATC	GCCACACCCT	-
819-CCCACCCATC	ZN740_HUMAN.H11MO.0.D	4	0.00147859	1.13703	0.16002	10	CCCACCCATC	CCCACCCCCCCCCC	-
819-CCCACCCATC	KLF6_HUMAN.H11MO.0.A	8	0.00171231	1.31676	0.17296	10	CCCACCCATC	CCCCCGGCCCCGCCCTTCC	-
819-CCCACCCATC	MAZ_HUMAN.H11MO.1.A	2	0.001954	1.50262	0.185038	9	CCCACCCATC	CCCCCTCCCTC	-
819-CCCACCCATC	ZN331_HUMAN.H11MO.0.C	-1	0.00236831	1.82123	0.197712	9	CCCACCCATC	CCACCCAGCTGAGCCCAGCC	-
819-CCCACCCATC	KLF12_HUMAN.H11MO.0.C	2	0.00244786	1.88241	0.197712	9	CCCACCCATC	GCCCCGCCCCT	-
819-CCCACCCATC	SP1_HUMAN.H11MO.1.A	4	0.00247931	1.90659	0.197712	10	CCCACCCATC	CGGCCCCGCCCCCC	-
819-CCCACCCATC	ZIC1_HUMAN.H11MO.0.B	1	0.00309476	2.37987	0.227017	8	CCCACCCATC	GACCACCCC	-
819-CCCACCCATC	EGR1_HUMAN.H11MO.0.A	6	0.00314646	2.41962	0.227017	10	CCCACCCATC	CCCCCGCCCACGCCCTC	-
819-CCCACCCATC	ZN219_HUMAN.H11MO.0.D	0	0.00381192	2.93137	0.25705	10	CCCACCCATC	TCCGCCCCCCTC	-
819-CCCACCCATC	EGR2_HUMAN.H11MO.0.A	5	0.00391353	3.0095	0.25705	10	CCCACCCATC	CCCCTCCCACACCCCCCC	-
819-CCCACCCATC	KLF16_HUMAN.H11MO.0.D	10	0.00407167	3.13111	0.25705	9	CCCACCCATC	CCCCCCCCCCCCCGCCCCC	-
819-CCCACCCATC	SP4_HUMAN.H11MO.1.A	4	0.00461196	3.5466	0.279513	10	CCCACCCATC	CGGCCCCGCCCCCTCC	-
819-CCCACCCATC	KLF1_HUMAN.H11MO.0.A	6	0.00480861	3.69782	0.280222	8	CCCACCCATC	CCCGGCCCCGCCCC	-
819-CCCACCCATC	SP3_HUMAN.H11MO.0.B	7	0.00524914	4.03659	0.294565	10	CCCACCCATC	CCCCGGCCCCGCCCCCCCCC	-
819-CCCACCCATC	ZBTB4_HUMAN.H11MO.0.D	3	0.00547461	4.20998	0.296245	10	CCCACCCATC	CCCACCTGCCATCTAGG	-
819-CCCACCCATC	SP2_HUMAN.H11MO.1.B	2	0.00616696	4.74239	0.30702	10	CCCACCCATC	GCCCCGCCCCCT	-
819-CCCACCCATC	PBX1_HUMAN.H11MO.1.C	0	0.00622549	4.7874	0.30702	10	CCCACCCATC	CCCATCAATCAAATT	-
819-CCCACCCATC	TFDP1_HUMAN.H11MO.0.C	4	0.00628162	4.83057	0.30702	10	CCCACCCATC	TTTTCCCGCCCCCC	-
819-CCCACCCATC	E2F1_HUMAN.H11MO.0.A	4	0.00698018	5.36776	0.330448	10	CCCACCCATC	CTTTCCCGCCCCCC	-
819-CCCACCCATC	EGR3_HUMAN.H11MO.0.D	3	0.00719715	5.53461	0.330448	8	CCCACCCATC	ACACCCACTCT	-
819-CCCACCCATC	EGR4_HUMAN.H11MO.0.D	1	0.00798124	6.13757	0.348182	10	CCCACCCATC	GCCCTGCCGCC	-
819-CCCACCCATC	RREB1_HUMAN.H11MO.0.D	3	0.00804301	6.18507	0.348182	10	CCCACCCATC	ACCCCAAACCACCCCCCCCCCC	-
819-CCCACCCATC	ZSC22_HUMAN.H11MO.0.C	1	0.00875713	6.73423	0.366764	10	CCCACCCATC	CCTCCTCCCTCAGACC	-
819-CCCACCCATC	ZN467_HUMAN.H11MO.0.C	9	0.00895638	6.88745	0.366764	10	CCCACCCATC	CCCCCCCCCCCCTCCCCTCCCC	-
819-CCCACCCATC	SP1_HUMAN.H11MO.0.A	12	0.00996466	7.66282	0.397315	10	CCCACCCATC	CCCCCCCCCGGCCCCGCCCCCC	-
819-CCCACCCATC	NANOG_HUMAN.H11MO.1.B	-2	0.0108322	8.32993	0.416713	8	CCCACCCATC	GAGCCATCAAG	+
819-CCCACCCATC	PATZ1_HUMAN.H11MO.1.C	1	0.0110012	8.45993	0.416713	8	CCCACCCATC	CCCCTCCCT	-
819-CCCACCCATC	ZN281_HUMAN.H11MO.0.A	4	0.0128546	9.88517	0.468929	10	CCCACCCATC	TCCCCTCCCCCACCC	-
819-CCCACCCATC	TBX3_HUMAN.H11MO.0.C	2	0.0132258	10.1707	0.468929	9	CCCACCCATC	TTCCCACCTCC	-
819-CCCACCCATC	E2F6_HUMAN.H11MO.0.A	5	0.0133082	10.234	0.468929	8	CCCACCCATC	CCCTTCCCGCCCC	-
824-AACATTTCCTT	FOXD2_HUMAN.H11MO.0.D	7	0.000246127	0.189271	0.378543	11	AACATTTCCTT	TTAAATAAATATTTACATA	-
826-CATCATTAAGAATA	PO4F2_HUMAN.H11MO.0.D	2	0.000335481	0.257985	0.185349	11	CATCATTAAGAATA	CAGCTCATTAATA	-
826-CATCATTAAGAATA	BARX2_HUMAN.H11MO.0.D	-2	0.000354046	0.272261	0.185349	10	CATCATTAAGAATA	CAATTAATGA	-
826-CATCATTAAGAATA	PDX1_HUMAN.H11MO.1.A	-1	0.000713542	0.548714	0.185349	9	CATCATTAAGAATA	ATAATTAAT	-
826-CATCATTAAGAATA	HNF1B_HUMAN.H11MO.1.A	0	0.000752757	0.57887	0.185349	11	CATCATTAAGAATA	AATCATTAACT	-
826-CATCATTAAGAATA	NKX62_HUMAN.H11MO.0.D	0	0.000752757	0.57887	0.185349	11	CATCATTAAGAATA	GGTAATTAATT	-
826-CATCATTAAGAATA	PO4F3_HUMAN.H11MO.0.D	3	0.000762448	0.586322	0.185349	12	CATCATTAAGAATA	ATGAATAATTAATGA	-
826-CATCATTAAGAATA	MEOX2_HUMAN.H11MO.0.D	2	0.000858999	0.66057	0.185349	9	CATCATTAAGAATA	ATCATAATTAA	-
826-CATCATTAAGAATA	HXA10_HUMAN.H11MO.0.C	-2	0.00195228	1.5013	0.327639	12	CATCATTAAGAATA	TCATAAATTATC	-
826-CATCATTAAGAATA	HNF1B_HUMAN.H11MO.0.A	4	0.00312535	2.40339	0.433591	11	CATCATTAAGAATA	GGTTAATCATTAACC	-
826-CATCATTAAGAATA	HXA2_HUMAN.H11MO.0.D	0	0.00384113	2.95383	0.433591	11	CATCATTAAGAATA	GGTAATTAGCG	+
826-CATCATTAAGAATA	PO4F1_HUMAN.H11MO.0.D	3	0.00402558	3.09567	0.433591	11	CATCATTAAGAATA	ATGAATAATTAATG	-
826-CATCATTAAGAATA	LHX4_HUMAN.H11MO.0.D	-1	0.00432176	3.32344	0.433591	11	CATCATTAAGAATA	CTAATTAACTT	-
826-CATCATTAAGAATA	HXD3_HUMAN.H11MO.0.D	0	0.00458242	3.52388	0.433591	11	CATCATTAAGAATA	CCTAATTAACC	-
826-CATCATTAAGAATA	HXB4_HUMAN.H11MO.0.B	-1	0.0046265	3.55778	0.433591	8	CATCATTAAGAATA	GCCATTAA	-
826-CATCATTAAGAATA	EMX2_HUMAN.H11MO.0.D	-2	0.00465584	3.58034	0.433591	12	CATCATTAAGAATA	TAATTAGCTAAT	+
826-CATCATTAAGAATA	HNF1A_HUMAN.H11MO.0.C	4	0.00504427	3.87904	0.433591	11	CATCATTAAGAATA	AGTTAATCATTAACC	-
826-CATCATTAAGAATA	ZFHX3_HUMAN.H11MO.0.D	-2	0.00545428	4.19434	0.433591	11	CATCATTAAGAATA	TAATTATTAAT	-
826-CATCATTAAGAATA	NOTO_HUMAN.H11MO.0.D	1	0.00545428	4.19434	0.433591	10	CATCATTAAGAATA	ACCTAATTAAC	-
826-CATCATTAAGAATA	NKX61_HUMAN.H11MO.1.B	-1	0.00604216	4.64642	0.456309	7	CATCATTAAGAATA	TTCATTA	-
826-CATCATTAAGAATA	MEOX1_HUMAN.H11MO.0.D	0	0.00731332	5.62394	0.464017	14	CATCATTAAGAATA	GGTAATTAGCGTTAAT	+
826-CATCATTAAGAATA	DLX2_HUMAN.H11MO.0.D	-1	0.00788091	6.06042	0.464017	8	CATCATTAAGAATA	ATAATTAT	+
826-CATCATTAAGAATA	PBX1_HUMAN.H11MO.1.C	2	0.00801994	6.16733	0.464017	13	CATCATTAAGAATA	CCCATCAATCAAATT	-
826-CATCATTAAGAATA	MSX2_HUMAN.H11MO.0.D	-1	0.00802217	6.16905	0.464017	7	CATCATTAAGAATA	ACAATTA	-
826-CATCATTAAGAATA	HXA5_HUMAN.H11MO.0.D	-1	0.0081675	6.28081	0.464017	10	CATCATTAAGAATA	TTGATTAATG	+
826-CATCATTAAGAATA	EMX1_HUMAN.H11MO.0.D	-2	0.0085229	6.55411	0.464017	12	CATCATTAAGAATA	TAATTAGCTAAT	+
826-CATCATTAAGAATA	PDX1_HUMAN.H11MO.0.A	0	0.00858554	6.60228	0.464017	9	CATCATTAAGAATA	CATCAATCA	-
826-CATCATTAAGAATA	PRRX2_HUMAN.H11MO.0.C	-2	0.00860192	6.61487	0.464017	7	CATCATTAAGAATA	CAATTAA	-
826-CATCATTAAGAATA	VAX1_HUMAN.H11MO.0.D	0	0.00917281	7.05389	0.475643	14	CATCATTAAGAATA	GGTAATTAGGGTTAATTA	+
826-CATCATTAAGAATA	LHX3_HUMAN.H11MO.0.C	0	0.00944725	7.26493	0.475643	13	CATCATTAAGAATA	ATTAATTAATTTT	-
826-CATCATTAAGAATA	HXB6_HUMAN.H11MO.0.D	2	0.00994644	7.64881	0.478331	11	CATCATTAAGAATA	TGCATCAATCATT	-
826-CATCATTAAGAATA	PO6F2_HUMAN.H11MO.0.D	1	0.010134	7.79307	0.478331	10	CATCATTAAGAATA	AGCTAATTAAC	-
827-TTAAGCCCAA	PITX1_HUMAN.H11MO.0.D	0	0.000605924	0.465956	0.412918	9	TTAAGCCCAA	TTAATCCCT	-
827-TTAAGCCCAA	OTX1_HUMAN.H11MO.0.D	0	0.000650283	0.500067	0.412918	8	TTAAGCCCAA	CTAATCCT	-
827-TTAAGCCCAA	ZN449_HUMAN.H11MO.0.C	-2	0.000891019	0.685193	0.412918	8	TTAAGCCCAA	AAGCCCAACCA	-
827-TTAAGCCCAA	PITX2_HUMAN.H11MO.0.D	1	0.00107391	0.825835	0.412918	9	TTAAGCCCAA	TTTAATCCCA	-
830-AGAAAGAAATGA	ZN586_HUMAN.H11MO.0.C	9	0.000440836	0.339003	0.421035	11	AGAAAGAAATGA	AGGCCTAGGAGGAAAAAATG	+
830-AGAAAGAAATGA	HXC6_HUMAN.H11MO.0.D	2	0.000547978	0.421395	0.421035	12	AGAAAGAAATGA	AAAGTAATAAATCAT	-
830-AGAAAGAAATGA	IRF4_HUMAN.H11MO.0.A	2	0.000931371	0.716225	0.477074	12	AGAAAGAAATGA	AAAAGAGGAAGTGAAACT	+
838-CACGAGGAAGTGGG	ELF3_HUMAN.H11MO.0.A	1	9.82686e-06	0.00755686	0.00697474	13	CACGAGGAAGTGGG	GAACCAGGAAGTGG	+
838-CACGAGGAAGTGGG	EHF_HUMAN.H11MO.0.B	1	1.33315e-05	0.0102519	0.00697474	14	CACGAGGAAGTGGG	GAACCAGGAAGTGGC	+
838-CACGAGGAAGTGGG	SPI1_HUMAN.H11MO.0.A	2	1.37969e-05	0.0106099	0.00697474	14	CACGAGGAAGTGGG	AAAAAGAGGAAGTGAAA	+
838-CACGAGGAAGTGGG	ELF5_HUMAN.H11MO.0.A	2	3.28273e-05	0.0252442	0.0124463	13	CACGAGGAAGTGGG	GGAAGGAGGAAGTGG	+
838-CACGAGGAAGTGGG	SPIB_HUMAN.H11MO.0.A	2	0.000107189	0.0824283	0.0325122	14	CACGAGGAAGTGGG	AAAAAGAGGAAGTGAAA	+
838-CACGAGGAAGTGGG	ELF1_HUMAN.H11MO.0.A	1	0.000178908	0.13758	0.0452214	13	CACGAGGAAGTGGG	GAACCCGGAAGTGG	+
838-CACGAGGAAGTGGG	ERG_HUMAN.H11MO.0.A	0	0.000221856	0.170607	0.0457675	13	CACGAGGAAGTGGG	GGGCAGGAAGTGG	+
838-CACGAGGAAGTGGG	ETV5_HUMAN.H11MO.0.C	0	0.000249725	0.192039	0.0457675	14	CACGAGGAAGTGGG	GAGCAGGAAGTGAG	+
838-CACGAGGAAGTGGG	ETS1_HUMAN.H11MO.0.A	0	0.000271602	0.208862	0.0457675	13	CACGAGGAAGTGGG	AGACAGGAAGTGG	+
838-CACGAGGAAGTGGG	ELF2_HUMAN.H11MO.0.C	0	0.000404298	0.310905	0.0613152	13	CACGAGGAAGTGGG	AACCCGGAAGTGG	+
838-CACGAGGAAGTGGG	FLI1_HUMAN.H11MO.1.A	0	0.000769355	0.591634	0.106072	13	CACGAGGAAGTGGG	AGGCAGGAAGTGG	+
838-CACGAGGAAGTGGG	BC11A_HUMAN.H11MO.0.A	1	0.000922106	0.709099	0.116537	14	CACGAGGAAGTGGG	AAAAGAGGAAGTGAAAA	+
838-CACGAGGAAGTGGG	ZNF41_HUMAN.H11MO.1.C	0	0.00117964	0.90714	0.134884	12	CACGAGGAAGTGGG	CACAAGGGAGAA	+
838-CACGAGGAAGTGGG	ETV4_HUMAN.H11MO.0.B	-1	0.00124515	0.95752	0.134884	11	CACGAGGAAGTGGG	AACAGGAAGGG	+
838-CACGAGGAAGTGGG	ETV7_HUMAN.H11MO.0.D	-3	0.00151628	1.16602	0.153305	7	CACGAGGAAGTGGG	CAGGAAG	+
838-CACGAGGAAGTGGG	ETV2_HUMAN.H11MO.0.B	2	0.00167506	1.28812	0.158773	14	CACGAGGAAGTGGG	GGAAACAGGAAGTGGG	+
838-CACGAGGAAGTGGG	GABPA_HUMAN.H11MO.0.A	1	0.00195114	1.50043	0.165452	13	CACGAGGAAGTGGG	GGAACCGGAAGTGG	+
838-CACGAGGAAGTGGG	IRF4_HUMAN.H11MO.0.A	1	0.00196372	1.5101	0.165452	14	CACGAGGAAGTGGG	AAAAGAGGAAGTGAAACT	+
838-CACGAGGAAGTGGG	ZN263_HUMAN.H11MO.0.A	2	0.00211849	1.62912	0.169098	14	CACGAGGAAGTGGG	GGGAGGAGGGAGAGGAGGAG	+
838-CACGAGGAAGTGGG	ZFP28_HUMAN.H11MO.0.C	5	0.00252489	1.94164	0.19146	14	CACGAGGAAGTGGG	TGACACAAGAAGAAATAGAA	-
838-CACGAGGAAGTGGG	MXI1_HUMAN.H11MO.0.A	1	0.00270734	2.08195	0.195519	14	CACGAGGAAGTGGG	GCACGTGGCGGCGGG	+
838-CACGAGGAAGTGGG	ZNF41_HUMAN.H11MO.0.C	0	0.00289075	2.22299	0.199275	14	CACGAGGAAGTGGG	CACAAGGGAGTAAGGCACCATGAG	+
838-CACGAGGAAGTGGG	ETS2_HUMAN.H11MO.0.B	-1	0.00309318	2.37866	0.200749	13	CACGAGGAAGTGGG	GGAAGGAAGAGGA	+
838-CACGAGGAAGTGGG	ETV6_HUMAN.H11MO.0.D	-2	0.00317686	2.443	0.200749	9	CACGAGGAAGTGGG	ACAGGAAGT	+
838-CACGAGGAAGTGGG	XBP1_HUMAN.H11MO.0.D	-3	0.00344193	2.64685	0.2046	11	CACGAGGAAGTGGG	GCTGACGTGGC	+
838-CACGAGGAAGTGGG	ZN680_HUMAN.H11MO.0.C	6	0.00356511	2.74157	0.2046	14	CACGAGGAAGTGGG	CATGTCCAAGAAGAATGAGG	+
838-CACGAGGAAGTGGG	FLI1_HUMAN.H11MO.0.A	2	0.00369537	2.84174	0.2046	14	CACGAGGAAGTGGG	GGAGGAAGGAAGGAGGGA	+
838-CACGAGGAAGTGGG	ELK3_HUMAN.H11MO.0.D	-1	0.00377744	2.90485	0.2046	12	CACGAGGAAGTGGG	CCCAGGAAGTGC	+
838-CACGAGGAAGTGGG	ELK1_HUMAN.H11MO.0.B	-2	0.00413257	3.17795	0.216117	11	CACGAGGAAGTGGG	ACCGGAAGTGG	+
838-CACGAGGAAGTGGG	FEV_HUMAN.H11MO.0.B	-2	0.00504	3.87576	0.254786	10	CACGAGGAAGTGGG	GCGGGAAGCG	+
838-CACGAGGAAGTGGG	MAZ_HUMAN.H11MO.1.A	-3	0.00888199	6.83025	0.421726	11	CACGAGGAAGTGGG	GAGGGAGGGGG	+
838-CACGAGGAAGTGGG	ELK4_HUMAN.H11MO.0.A	-1	0.00889845	6.84291	0.421726	12	CACGAGGAAGTGGG	GACCGGAAGTGG	+
838-CACGAGGAAGTGGG	IRF8_HUMAN.H11MO.0.B	1	0.00957622	7.36412	0.440095	14	CACGAGGAAGTGGG	AAAAGAGGAAGTGAAAGTAA	+
838-CACGAGGAAGTGGG	VEZF1_HUMAN.H11MO.1.C	-1	0.00993546	7.64037	0.443175	12	CACGAGGAAGTGGG	AGAGGGAGGGGG	+
838-CACGAGGAAGTGGG	MXI1_HUMAN.H11MO.1.A	-3	0.0111417	8.56795	0.482779	11	CACGAGGAAGTGGG	GAGCACGTGGG	-
838-CACGAGGAAGTGGG	ATF6A_HUMAN.H11MO.0.B	-1	0.0117014	8.99838	0.49083	12	CACGAGGAAGTGGG	GTGGTGACGTGG	+
838-CACGAGGAAGTGGG	ZSC22_HUMAN.H11MO.0.C	2	0.0121946	9.37766	0.49083	14	CACGAGGAAGTGGG	GGTCTGAGGGAGGAGG	+
838-CACGAGGAAGTGGG	CREB3_HUMAN.H11MO.0.D	-2	0.0122984	9.45746	0.49083	12	CACGAGGAAGTGGG	TGGTGACGTGGCA	+
838-CACGAGGAAGTGGG	ETV1_HUMAN.H11MO.0.A	-1	0.0131711	10.1286	0.499378	11	CACGAGGAAGTGGG	GGCCGGAAGTG	+
838-CACGAGGAAGTGGG	NFAT5_HUMAN.H11MO.0.D	-2	0.0131711	10.1286	0.499378	11	CACGAGGAAGTGGG	AGAGGAAAAGG	+
840-AAATGCAAATCAAAA	PO2F2_HUMAN.H11MO.0.A	0	7.03849e-05	0.054126	0.107057	11	AAATGCAAATCAAAA	ATATGCAAATG	+
840-AAATGCAAATCAAAA	PO5F1_HUMAN.H11MO.1.A	0	0.000199045	0.153065	0.147905	10	AAATGCAAATCAAAA	ATATGCAAAT	+
840-AAATGCAAATCAAAA	P5F1B_HUMAN.H11MO.0.D	4	0.000291722	0.224334	0.147905	12	AAATGCAAATCAAAA	ATGAATATGCAAATTA	-
840-AAATGCAAATCAAAA	STAT2_HUMAN.H11MO.0.A	4	0.000407112	0.313069	0.151136	15	AAATGCAAATCAAAA	AGGAAAATGAAACTGAAAG	+
840-AAATGCAAATCAAAA	IRF5_HUMAN.H11MO.0.D	1	0.000496822	0.382056	0.151136	15	AAATGCAAATCAAAA	TAAAGGAAAGCCAAAAGTGA	+
840-AAATGCAAATCAAAA	FOXI1_HUMAN.H11MO.0.B	-3	0.0012888	0.991089	0.29442	12	AAATGCAAATCAAAA	AACCAATCAGAG	-
840-AAATGCAAATCAAAA	STAT1_HUMAN.H11MO.1.A	4	0.00148983	1.14568	0.29442	15	AAATGCAAATCAAAA	AAGAAAATGAAACTGAAAG	+
840-AAATGCAAATCAAAA	ZN232_HUMAN.H11MO.0.D	4	0.00156322	1.20212	0.29442	15	AAATGCAAATCAAAA	TGTTAAATGTAGATTAAGT	+
840-AAATGCAAATCAAAA	FOXL1_HUMAN.H11MO.0.D	0	0.00180439	1.38757	0.29442	15	AAATGCAAATCAAAA	AAAAGTAAACAAACAAACA	-
840-AAATGCAAATCAAAA	CPEB1_HUMAN.H11MO.0.D	2	0.00193567	1.48853	0.29442	15	AAATGCAAATCAAAA	AAAAAAAAAAATAAAAA	-
840-AAATGCAAATCAAAA	ARI3A_HUMAN.H11MO.0.D	3	0.00227612	1.75034	0.314731	15	AAATGCAAATCAAAA	AATTAATCGAAATCAAATTAAA	+
840-AAATGCAAATCAAAA	PBX3_HUMAN.H11MO.1.A	-3	0.00319608	2.45779	0.40511	9	AAATGCAAATCAAAA	TGCCAATCA	-
840-AAATGCAAATCAAAA	ETV3_HUMAN.H11MO.0.D	1	0.00379345	2.91716	0.416329	13	AAATGCAAATCAAAA	GAAGTGCAAATGTA	-
840-AAATGCAAATCAAAA	HXD8_HUMAN.H11MO.0.D	-1	0.00407922	3.13692	0.416329	11	AAATGCAAATCAAAA	TATGCAAATTA	-
840-AAATGCAAATCAAAA	IRF1_HUMAN.H11MO.0.A	2	0.00416629	3.20388	0.416329	15	AAATGCAAATCAAAA	GAAAATGAAAGTGAAAGTAA	+
840-AAATGCAAATCAAAA	PO2F1_HUMAN.H11MO.0.C	4	0.00465312	3.57825	0.416329	12	AAATGCAAATCAAAA	AATCGAATGCAAATAA	+
840-AAATGCAAATCAAAA	IRF3_HUMAN.H11MO.0.B	1	0.00545865	4.1977	0.416329	15	AAATGCAAATCAAAA	GAAAGGGAAAGGGAAAGTGA	+
840-AAATGCAAATCAAAA	NR2E3_HUMAN.H11MO.0.C	-5	0.0055059	4.23404	0.416329	10	AAATGCAAATCAAAA	AAAGTCAAAAGTCA	+
840-AAATGCAAATCAAAA	PO3F4_HUMAN.H11MO.0.D	5	0.00555049	4.26832	0.416329	12	AAATGCAAATCAAAA	ATAAATTATGCAAATTA	-
840-AAATGCAAATCAAAA	PO5F1_HUMAN.H11MO.0.A	6	0.00556425	4.27891	0.416329	10	AAATGCAAATCAAAA	CCTTTGTTATGCAAAT	+
840-AAATGCAAATCAAAA	IRF2_HUMAN.H11MO.0.A	2	0.00596686	4.58852	0.416329	15	AAATGCAAATCAAAA	GAAAGTGAAAGTGAAAGTAA	+
840-AAATGCAAATCAAAA	Z354A_HUMAN.H11MO.0.C	5	0.00602175	4.63073	0.416329	15	AAATGCAAATCAAAA	ACATTAAATGTAAATGGACTAAAT	-
841-ACAAATGTWTTACT	BHE22_HUMAN.H11MO.0.D	1	9.2997e-05	0.0715147	0.096515	12	ACAAATGTTTTACT	ACCATATGTTTTT	+
841-ACAAATGTWTTACT	OLIG1_HUMAN.H11MO.0.D	1	0.000125615	0.0965977	0.096515	13	ACAAATGTTTTACT	ACCATATGTTTTTT	+
842-AGAGACAGACATA	SMAD2_HUMAN.H11MO.0.A	1	7.65012e-05	0.0588294	0.117659	11	AGAGACAGACATA	AGGTGACAGACA	-
842-AGAGACAGACATA	SMAD4_HUMAN.H11MO.0.B	1	0.000393631	0.302702	0.302702	12	AGAGACAGACATA	AGGTGCCAGACAG	-
845-CCCTWCCCACTMSC	ZN281_HUMAN.H11MO.0.A	1	6.7192e-06	0.00516707	0.00843116	14	CCCTTCCCACTCCC	TCCCCTCCCCCACCC	-
845-CCCTWCCCACTMSC	ZN148_HUMAN.H11MO.0.D	0	1.13297e-05	0.00871256	0.00843116	14	CCCTTCCCACTCCC	CCCCTCCCCCACCCC	-
845-CCCTWCCCACTMSC	TBX1_HUMAN.H11MO.0.D	8	4.3944e-05	0.0337929	0.021801	12	CCCTTCCCACTCCC	CCGCCCACCCCTGCCCACCC	-
845-CCCTWCCCACTMSC	EGR2_HUMAN.H11MO.0.A	0	0.000119743	0.0920826	0.0445543	14	CCCTTCCCACTCCC	CCCCTCCCACACCCCCCC	-
845-CCCTWCCCACTMSC	ZBT17_HUMAN.H11MO.0.A	3	0.000180311	0.138659	0.0470699	14	CCCTTCCCACTCCC	CTTCCCCTCCCCCACCCTC	-
845-CCCTWCCCACTMSC	EGR2_HUMAN.H11MO.1.A	1	0.000189757	0.145923	0.0470699	14	CCCTTCCCACTCCC	CCCCCGCCCACGCCCC	-
845-CCCTWCCCACTMSC	MAZ_HUMAN.H11MO.1.A	1	0.000246724	0.189731	0.0524579	10	CCCTTCCCACTCCC	CCCCCTCCCTC	-
845-CCCTWCCCACTMSC	SP3_HUMAN.H11MO.0.B	6	0.000340659	0.261966	0.0633763	14	CCCTTCCCACTCCC	CCCCGGCCCCGCCCCCCCCC	-
845-CCCTWCCCACTMSC	TBX15_HUMAN.H11MO.0.D	1	0.000384919	0.296003	0.0636538	14	CCCTTCCCACTCCC	CCCCCACCCCCCCCCCCCC	-
845-CCCTWCCCACTMSC	EGR1_HUMAN.H11MO.0.A	1	0.000587633	0.45189	0.07081	14	CCCTTCCCACTCCC	CCCCCGCCCACGCCCTC	-
845-CCCTWCCCACTMSC	KLF3_HUMAN.H11MO.0.B	5	0.000590529	0.454117	0.07081	14	CCCTTCCCACTCCC	CCCGGCCCCGCCCCTCCCC	-
845-CCCTWCCCACTMSC	EGR4_HUMAN.H11MO.0.D	1	0.000621244	0.477737	0.07081	10	CCCTTCCCACTCCC	GCCCTGCCGCC	-
845-CCCTWCCCACTMSC	SP4_HUMAN.H11MO.1.A	3	0.000652828	0.502025	0.07081	13	CCCTTCCCACTCCC	CGGCCCCGCCCCCTCC	-
845-CCCTWCCCACTMSC	KLF16_HUMAN.H11MO.0.D	5	0.000666077	0.512214	0.07081	14	CCCTTCCCACTCCC	CCCCCCCCCCCCCGCCCCC	-
845-CCCTWCCCACTMSC	WT1_HUMAN.H11MO.0.C	6	0.000901162	0.692993	0.0894148	14	CCCTTCCCACTCCC	CCCCCCCTCCTCCCCCGCCC	-
845-CCCTWCCCACTMSC	E2F6_HUMAN.H11MO.0.A	0	0.00107002	0.822845	0.0945202	13	CCCTTCCCACTCCC	CCCTTCCCGCCCC	-
845-CCCTWCCCACTMSC	ELF5_HUMAN.H11MO.0.A	1	0.00117788	0.905789	0.0945202	14	CCCTTCCCACTCCC	CCACTTCCTCCTTCC	-
845-CCCTWCCCACTMSC	VEZF1_HUMAN.H11MO.0.C	7	0.00124807	0.959763	0.0945202	14	CCCTTCCCACTCCC	CCCCTCCCCCTCCCCCCTCCCC	-
845-CCCTWCCCACTMSC	E2F1_HUMAN.H11MO.0.A	-1	0.00125026	0.961446	0.0945202	13	CCCTTCCCACTCCC	CTTTCCCGCCCCCC	-
845-CCCTWCCCACTMSC	SALL4_HUMAN.H11MO.0.B	0	0.00127765	0.982513	0.0945202	10	CCCTTCCCACTCCC	CCCACCCTCC	-
845-CCCTWCCCACTMSC	SP2_HUMAN.H11MO.1.B	1	0.00137594	1.0581	0.0945202	11	CCCTTCCCACTCCC	GCCCCGCCCCCT	-
845-CCCTWCCCACTMSC	PATZ1_HUMAN.H11MO.1.C	0	0.00139717	1.07442	0.0945202	9	CCCTTCCCACTCCC	CCCCTCCCT	-
845-CCCTWCCCACTMSC	E2F7_HUMAN.H11MO.0.B	0	0.00162147	1.24691	0.104925	13	CCCTTCCCACTCCC	CCTTTCCCGCCCC	-
845-CCCTWCCCACTMSC	E2F4_HUMAN.H11MO.0.A	-1	0.00182235	1.40138	0.11123	13	CCCTTCCCACTCCC	ATTTCCCGCCCCC	-
845-CCCTWCCCACTMSC	SP2_HUMAN.H11MO.0.A	7	0.00186838	1.43678	0.11123	14	CCCTTCCCACTCCC	CCCCCGGCCCCGCCCCCCCCCC	-
845-CCCTWCCCACTMSC	FLI1_HUMAN.H11MO.0.A	4	0.00196148	1.50838	0.112282	14	CCCTTCCCACTCCC	TCCCTCCTTCCTTCCTCC	-
845-CCCTWCCCACTMSC	KLF9_HUMAN.H11MO.0.C	2	0.00207994	1.59947	0.113648	13	CCCTTCCCACTCCC	GGCCACGCCCCCTCC	-
845-CCCTWCCCACTMSC	SP4_HUMAN.H11MO.0.A	5	0.00213806	1.64417	0.113648	14	CCCTTCCCACTCCC	CCCGGCCCCGCCCCCTTCCC	-
845-CCCTWCCCACTMSC	TFDP1_HUMAN.H11MO.0.C	-1	0.0026182	2.01339	0.126394	13	CCCTTCCCACTCCC	TTTTCCCGCCCCCC	-
845-CCCTWCCCACTMSC	ZN341_HUMAN.H11MO.0.C	1	0.00261963	2.0145	0.126394	14	CCCTTCCCACTCCC	GCTCTTCCCTCCCCCCCCCCCC	-
845-CCCTWCCCACTMSC	ZN257_HUMAN.H11MO.0.C	1	0.00263263	2.02449	0.126394	11	CCCTTCCCACTCCC	GCTCTTGCCTCT	+
845-CCCTWCCCACTMSC	RREB1_HUMAN.H11MO.0.D	2	0.00276949	2.12974	0.128809	14	CCCTTCCCACTCCC	ACCCCAAACCACCCCCCCCCCC	-
845-CCCTWCCCACTMSC	COT1_HUMAN.H11MO.0.C	0	0.00308884	2.37532	0.139309	14	CCCTTCCCACTCCC	CCCTGACCTCTGACCCC	-
845-CCCTWCCCACTMSC	VEZF1_HUMAN.H11MO.1.C	1	0.00331106	2.54621	0.144355	11	CCCTTCCCACTCCC	CCCCCTCCCTCT	-
845-CCCTWCCCACTMSC	ZSC22_HUMAN.H11MO.0.C	1	0.00339472	2.61054	0.144355	14	CCCTTCCCACTCCC	CCTCCTCCCTCAGACC	-
845-CCCTWCCCACTMSC	ZN219_HUMAN.H11MO.0.D	0	0.00392334	3.01705	0.1622	12	CCCTTCCCACTCCC	TCCGCCCCCCTC	-
845-CCCTWCCCACTMSC	PATZ1_HUMAN.H11MO.0.C	7	0.00452878	3.48263	0.178438	14	CCCTTCCCACTCCC	CCTCCCCCCCCGCCCCCTCCCC	-
845-CCCTWCCCACTMSC	SUH_HUMAN.H11MO.0.A	-2	0.00455589	3.50348	0.178438	11	CCCTTCCCACTCCC	TTTCCCACGCC	-
845-CCCTWCCCACTMSC	IKZF1_HUMAN.H11MO.0.C	-2	0.0050893	3.91367	0.193095	8	CCCTTCCCACTCCC	TCTCCCAA	-
845-CCCTWCCCACTMSC	KLF6_HUMAN.H11MO.0.A	7	0.00534413	4.10964	0.193095	12	CCCTTCCCACTCCC	CCCCCGGCCCCGCCCTTCC	-
845-CCCTWCCCACTMSC	PURA_HUMAN.H11MO.0.D	0	0.00555604	4.27259	0.193095	14	CCCTTCCCACTCCC	CCCTGCCCCCCCCTTCC	-
845-CCCTWCCCACTMSC	SP1_HUMAN.H11MO.1.A	3	0.00559485	4.30244	0.193095	11	CCCTTCCCACTCCC	CGGCCCCGCCCCCC	-
845-CCCTWCCCACTMSC	MAZ_HUMAN.H11MO.0.A	6	0.00560662	4.31149	0.193095	14	CCCTTCCCACTCCC	CCCCCCCCCCCCCCCCTCCCCC	-
845-CCCTWCCCACTMSC	GABPA_HUMAN.H11MO.0.A	1	0.00589824	4.53575	0.193095	13	CCCTTCCCACTCCC	CCACTTCCGGTTCC	-
845-CCCTWCCCACTMSC	ELF2_HUMAN.H11MO.0.C	1	0.00590205	4.53868	0.193095	12	CCCTTCCCACTCCC	CCACTTCCGGGTT	-
845-CCCTWCCCACTMSC	E2F3_HUMAN.H11MO.0.A	-2	0.00603109	4.6379	0.193095	11	CCCTTCCCACTCCC	TTTCCCGCCCT	-
845-CCCTWCCCACTMSC	KLF4_HUMAN.H11MO.0.A	1	0.00612244	4.70816	0.193095	9	CCCTTCCCACTCCC	GCCACACCCT	-
845-CCCTWCCCACTMSC	SRBP2_HUMAN.H11MO.0.B	1	0.0062275	4.78895	0.193095	12	CCCTTCCCACTCCC	CCTCACCCCACCC	-
845-CCCTWCCCACTMSC	COT1_HUMAN.H11MO.1.C	0	0.00656955	5.05199	0.1961	13	CCCTTCCCACTCCC	CCCTGACCTCTGC	-
845-CCCTWCCCACTMSC	KLF15_HUMAN.H11MO.0.A	4	0.00658794	5.06613	0.1961	14	CCCTTCCCACTCCC	CCCCCCCCTGCTCCTCCCC	-
845-CCCTWCCCACTMSC	ETV5_HUMAN.H11MO.0.C	2	0.00727169	5.59193	0.212208	12	CCCTTCCCACTCCC	CTCACTTCCTGCTC	-
845-CCCTWCCCACTMSC	ZNF18_HUMAN.H11MO.0.C	1	0.00758597	5.83361	0.217123	11	CCCTTCCCACTCCC	CCAGTTCACACC	-
845-CCCTWCCCACTMSC	PLAG1_HUMAN.H11MO.0.D	0	0.00797835	6.13535	0.22228	14	CCCTTCCCACTCCC	CCCCTCCTGATGCCCCC	-
845-CCCTWCCCACTMSC	ELF1_HUMAN.H11MO.0.A	1	0.00806487	6.20188	0.22228	13	CCCTTCCCACTCCC	CCACTTCCGGGTTC	-
845-CCCTWCCCACTMSC	RFX1_HUMAN.H11MO.0.B	6	0.00943261	7.25368	0.250061	14	CCCTTCCCACTCCC	CCGTCGCCATGGCAACCGGGGC	-
845-CCCTWCCCACTMSC	ZN467_HUMAN.H11MO.0.C	2	0.00943261	7.25368	0.250061	14	CCCTTCCCACTCCC	CCCCCCCCCCCCTCCCCTCCCC	-
845-CCCTWCCCACTMSC	KLF1_HUMAN.H11MO.0.A	-1	0.00989771	7.61134	0.250061	13	CCCTTCCCACTCCC	CCCGGCCCCGCCCC	-
845-CCCTWCCCACTMSC	SPIC_HUMAN.H11MO.0.D	-1	0.0100029	7.69222	0.250061	13	CCCTTCCCACTCCC	CCTCCCCTTCCTC	-
845-CCCTWCCCACTMSC	KLF12_HUMAN.H11MO.0.C	1	0.0103995	7.99723	0.250061	10	CCCTTCCCACTCCC	GCCCCGCCCCT	-
845-CCCTWCCCACTMSC	WT1_HUMAN.H11MO.1.B	1	0.0103995	7.99723	0.250061	10	CCCTTCCCACTCCC	CCTCCTCCCAC	-
845-CCCTWCCCACTMSC	KLF5_HUMAN.H11MO.0.A	5	0.0104127	8.00737	0.250061	9	CCCTTCCCACTCCC	CCCAGCCCCACCCT	-
845-CCCTWCCCACTMSC	E2F8_HUMAN.H11MO.0.D	-2	0.0104286	8.01956	0.250061	12	CCCTTCCCACTCCC	TTTCCCGCCAAA	-
845-CCCTWCCCACTMSC	SP1_HUMAN.H11MO.0.A	11	0.0109846	8.44713	0.250061	11	CCCTTCCCACTCCC	CCCCCCCCCGGCCCCGCCCCCC	-
845-CCCTWCCCACTMSC	ERG_HUMAN.H11MO.0.A	1	0.011089	8.52742	0.250061	12	CCCTTCCCACTCCC	CCACTTCCTGCCC	-
845-CCCTWCCCACTMSC	FLI1_HUMAN.H11MO.1.A	1	0.011089	8.52742	0.250061	12	CCCTTCCCACTCCC	CCACTTCCTGCCT	-
845-CCCTWCCCACTMSC	KLF14_HUMAN.H11MO.0.D	1	0.011089	8.52742	0.250061	12	CCCTTCCCACTCCC	GCCACGCCCCCCT	-
845-CCCTWCCCACTMSC	RXRA_HUMAN.H11MO.0.A	0	0.0116587	8.96555	0.258984	14	CCCTTCCCACTCCC	CTCTGACCTCTGCCTCCCCC	-
845-CCCTWCCCACTMSC	ZN740_HUMAN.H11MO.0.D	-1	0.0127308	9.78997	0.27864	13	CCCTTCCCACTCCC	CCCACCCCCCCCCC	-
845-CCCTWCCCACTMSC	ARNT2_HUMAN.H11MO.0.D	-1	0.0135178	10.3952	0.288032	12	CCCTTCCCACTCCC	GCCTCCCACGCC	-
845-CCCTWCCCACTMSC	RFX1_HUMAN.H11MO.1.B	0	0.013547	10.4176	0.288032	11	CCCTTCCCACTCCC	CCATGGCAACC	-
845-CCCTWCCCACTMSC	EGR3_HUMAN.H11MO.0.D	-2	0.0142734	10.9763	0.299204	11	CCCTTCCCACTCCC	ACACCCACTCT	-
845-CCCTWCCCACTMSC	NR1D1_HUMAN.H11MO.0.B	3	0.0147624	11.3523	0.305156	14	CCCTTCCCACTCCC	CCTTCTGACCCACTTCCCT	-
845-CCCTWCCCACTMSC	MZF1_HUMAN.H11MO.0.B	1	0.0174582	13.4254	0.353022	12	CCCTTCCCACTCCC	CCCAATCCCCTCC	-
845-CCCTWCCCACTMSC	ETV1_HUMAN.H11MO.0.A	0	0.0175524	13.4978	0.353022	11	CCCTTCCCACTCCC	CACTTCCGGCC	-
845-CCCTWCCCACTMSC	ZN784_HUMAN.H11MO.0.D	2	0.0184736	14.2062	0.366597	9	CCCTTCCCACTCCC	GTACCTACCTC	-
845-CCCTWCCCACTMSC	ZIC1_HUMAN.H11MO.0.B	0	0.0188758	14.5155	0.367861	9	CCCTTCCCACTCCC	GACCACCCC	-
845-CCCTWCCCACTMSC	ZN549_HUMAN.H11MO.0.C	1	0.0190317	14.6354	0.367861	14	CCCTTCCCACTCCC	GTGCTGCCCAATTCATGAAT	-
845-CCCTWCCCACTMSC	ZN449_HUMAN.H11MO.0.C	3	0.0204504	15.7263	0.390215	8	CCCTTCCCACTCCC	AAGCCCAACCA	-
845-CCCTWCCCACTMSC	ETS1_HUMAN.H11MO.0.A	1	0.0212482	16.3399	0.395226	12	CCCTTCCCACTCCC	CCACTTCCTGTCT	-
845-CCCTWCCCACTMSC	KLF13_HUMAN.H11MO.0.D	-1	0.0215096	16.5409	0.395226	11	CCCTTCCCACTCCC	CACGCCCCCCT	-
845-CCCTWCCCACTMSC	NFAT5_HUMAN.H11MO.0.D	1	0.0215096	16.5409	0.395226	10	CCCTTCCCACTCCC	CCTTTTCCTCT	-
845-CCCTWCCCACTMSC	ZBT7B_HUMAN.H11MO.0.D	7	0.022003	16.9203	0.39936	14	CCCTTCCCACTCCC	CCCGTTGCCATGGCAACGGCG	-
845-CCCTWCCCACTMSC	ETV4_HUMAN.H11MO.0.B	0	0.0226187	17.3938	0.405591	11	CCCTTCCCACTCCC	CCCTTCCTGTT	-
845-CCCTWCCCACTMSC	SPI1_HUMAN.H11MO.0.A	3	0.0234444	18.0287	0.415391	14	CCCTTCCCACTCCC	TTTCACTTCCTCTTTTT	-
845-CCCTWCCCACTMSC	ZBTB4_HUMAN.H11MO.0.D	-5	0.0245685	18.8932	0.428269	9	CCCTTCCCACTCCC	CCCACCTGCCATCTAGG	-
845-CCCTWCCCACTMSC	NR0B1_HUMAN.H11MO.0.D	-2	0.0250615	19.2723	0.428269	10	CCCTTCCCACTCCC	TCTCCCACGC	-
845-CCCTWCCCACTMSC	ZN263_HUMAN.H11MO.0.A	6	0.0253031	19.4581	0.428269	14	CCCTTCCCACTCCC	CTCCTCCTCTCCCTCCTCCC	-
845-CCCTWCCCACTMSC	EHF_HUMAN.H11MO.0.B	2	0.025697	19.761	0.428269	13	CCCTTCCCACTCCC	GCCACTTCCTGGTTC	-
845-CCCTWCCCACTMSC	COT2_HUMAN.H11MO.1.A	0	0.0257416	19.7953	0.428269	14	CCCTTCCCACTCCC	CCCTGACCTTTGACCCC	-
845-CCCTWCCCACTMSC	RFX2_HUMAN.H11MO.1.A	0	0.0258977	19.9153	0.428269	12	CCCTTCCCACTCCC	CCATGGCAACCG	-
845-CCCTWCCCACTMSC	BRAC_HUMAN.H11MO.1.B	-1	0.0262664	20.1988	0.429592	11	CCCTTCCCACTCCC	ATTTCACACCT	-
845-CCCTWCCCACTMSC	ETS2_HUMAN.H11MO.0.B	2	0.0270388	20.7928	0.437419	11	CCCTTCCCACTCCC	TCCTCTTCCTTCC	-
845-CCCTWCCCACTMSC	ELF3_HUMAN.H11MO.0.A	1	0.0289112	22.2327	0.46214	13	CCCTTCCCACTCCC	CCACTTCCTGGTTC	-
845-CCCTWCCCACTMSC	FEV_HUMAN.H11MO.0.B	0	0.0291879	22.4455	0.46214	10	CCCTTCCCACTCCC	CGCTTCCCGC	-
845-CCCTWCCCACTMSC	RUNX2_HUMAN.H11MO.0.A	-1	0.0302876	23.2912	0.474503	13	CCCTTCCCACTCCC	AAAAACCACAGACA	-
845-CCCTWCCCACTMSC	ETV7_HUMAN.H11MO.0.D	-2	0.031175	23.9736	0.483318	7	CCCTTCCCACTCCC	CTTCCTG	-
845-CCCTWCCCACTMSC	RFX5_HUMAN.H11MO.0.A	3	0.0319099	24.5387	0.489612	14	CCCTTCCCACTCCC	TCTGCCTAGCAACAGCTGAC	-
846-CCGGGGCCGCCCG	PLAL1_HUMAN.H11MO.0.D	-3	2.77937e-05	0.0213734	0.0425609	10	CCGGGGCCGCCCG	GGGCCCCCCG	-
848-TAAGAAAGAAAAA	PRDM6_HUMAN.H11MO.0.C	-2	0.000937515	0.720949	0.452257	11	TAAGAAAGAAAAA	AAAAAGAAAAAAA	+
848-TAAGAAAGAAAAA	FOXJ3_HUMAN.H11MO.1.B	0	0.00104327	0.802271	0.452257	13	TAAGAAAGAAAAA	TAAACAAAAACAA	-
848-TAAGAAAGAAAAA	IRF9_HUMAN.H11MO.0.C	-3	0.00150144	1.15461	0.452257	10	TAAGAAAGAAAAA	GAAAGCGAAACT	+
848-TAAGAAAGAAAAA	IRF7_HUMAN.H11MO.0.C	-3	0.00156542	1.20381	0.452257	10	TAAGAAAGAAAAA	GAAAGTGAAA	+
848-TAAGAAAGAAAAA	FOXL1_HUMAN.H11MO.0.D	6	0.00175164	1.34701	0.452257	13	TAAGAAAGAAAAA	AAAAGTAAACAAACAAACA	-
848-TAAGAAAGAAAAA	ZFP28_HUMAN.H11MO.0.C	8	0.00176816	1.35971	0.452257	12	TAAGAAAGAAAAA	TGACACAAGAAGAAATAGAA	-
850-ACGYCACTC	ATF2_HUMAN.H11MO.2.C	3	0.000648369	0.498596	0.259071	8	ACGCCACTC	GTGACGTCATC	-
850-ACGYCACTC	ATF6A_HUMAN.H11MO.0.B	2	0.000883896	0.679716	0.259071	9	ACGCCACTC	CCACGTCACCAC	-
850-ACGYCACTC	CREB3_HUMAN.H11MO.0.D	4	0.000889426	0.683969	0.259071	9	ACGCCACTC	TGCCACGTCACCA	-
850-ACGYCACTC	E4F1_HUMAN.H11MO.0.D	1	0.000983401	0.756236	0.259071	8	ACGCCACTC	GACGTCACG	-
850-ACGYCACTC	CREB5_HUMAN.H11MO.0.D	3	0.00101047	0.777051	0.259071	8	ACGCCACTC	ATGACGTCATC	-
850-ACGYCACTC	ATF7_HUMAN.H11MO.0.D	3	0.00107547	0.82704	0.259071	8	ACGCCACTC	ATGACGTCATC	-
850-ACGYCACTC	PBX3_HUMAN.H11MO.1.A	-1	0.00126197	0.970453	0.259071	8	ACGCCACTC	TGCCAATCA	-
850-ACGYCACTC	PKNX1_HUMAN.H11MO.0.B	1	0.00137666	1.05865	0.259071	9	ACGCCACTC	CCTGTCAATCA	-
850-ACGYCACTC	CREM_HUMAN.H11MO.0.C	2	0.00175539	1.3499	0.259071	9	ACGCCACTC	TGACGTCAGTG	-
850-ACGYCACTC	PBX3_HUMAN.H11MO.0.A	1	0.00175539	1.3499	0.259071	9	ACGCCACTC	CCTGTCAATCA	-
850-ACGYCACTC	ATF1_HUMAN.H11MO.0.B	2	0.00250999	1.93018	0.313032	9	ACGCCACTC	TGACGTCACCG	-
850-ACGYCACTC	CREB1_HUMAN.H11MO.0.A	2	0.00266211	2.04716	0.313032	9	ACGCCACTC	TGACGTCATCG	-
850-ACGYCACTC	NKX21_HUMAN.H11MO.0.A	-2	0.00314444	2.41807	0.321153	7	ACGCCACTC	GCCACTCAAG	-
850-ACGYCACTC	PBX1_HUMAN.H11MO.0.A	0	0.00333207	2.56236	0.321153	9	ACGCCACTC	CTGTCAATCA	-
850-ACGYCACTC	JDP2_HUMAN.H11MO.0.D	5	0.00336145	2.58495	0.321153	7	ACGCCACTC	TGATGACGTCAT	+
850-ACGYCACTC	TFEB_HUMAN.H11MO.0.C	1	0.00524007	4.02962	0.445011	8	ACGCCACTC	CACGTGACC	-
853-CTTTAAAAAGTCAA	NR2E1_HUMAN.H11MO.0.D	1	2.6773e-05	0.0205884	0.0411416	14	CTTTAAAAAGTCAA	AAGTCAAAAAGTCAATT	+
853-CTTTAAAAAGTCAA	NR4A2_HUMAN.H11MO.0.C	-5	0.000334364	0.257126	0.192784	9	CTTTAAAAAGTCAA	AAAGGTCAC	+
853-CTTTAAAAAGTCAA	ONEC3_HUMAN.H11MO.0.D	-4	0.000376363	0.289423	0.192784	10	CTTTAAAAAGTCAA	AAAAAATCAATA	-
853-CTTTAAAAAGTCAA	NR4A3_HUMAN.H11MO.0.D	-4	0.000691104	0.531459	0.24103	10	CTTTAAAAAGTCAA	CAAAGGTCAG	+
853-CTTTAAAAAGTCAA	RXRG_HUMAN.H11MO.0.B	-1	0.000792408	0.609362	0.24103	13	CTTTAAAAAGTCAA	GGTCAAAGGTCAC	+
853-CTTTAAAAAGTCAA	NR4A1_HUMAN.H11MO.0.A	-5	0.000941104	0.723709	0.24103	9	CTTTAAAAAGTCAA	AAAGGTCAG	+
853-CTTTAAAAAGTCAA	PPARA_HUMAN.H11MO.1.B	-5	0.00217677	1.67394	0.477859	9	CTTTAAAAAGTCAA	AAAGGTCAG	+
854-GCCCAGCCCAC	SP1_HUMAN.H11MO.1.A	2	2.49684e-05	0.0192007	0.0195073	11	GCCCAGCCCAC	CGGCCCCGCCCCCC	-
854-GCCCAGCCCAC	SP1_HUMAN.H11MO.0.A	10	2.57083e-05	0.0197697	0.0195073	11	GCCCAGCCCAC	CCCCCCCCCGGCCCCGCCCCCC	-
854-GCCCAGCCCAC	KLF12_HUMAN.H11MO.0.C	0	4.4775e-05	0.034432	0.02265	11	GCCCAGCCCAC	GCCCCGCCCCT	-
854-GCCCAGCCCAC	ZN449_HUMAN.H11MO.0.C	2	0.000119742	0.0920812	0.0454296	9	GCCCAGCCCAC	AAGCCCAACCA	-
854-GCCCAGCCCAC	SP2_HUMAN.H11MO.1.B	0	0.000253268	0.194763	0.0768712	11	GCCCAGCCCAC	GCCCCGCCCCCT	-
854-GCCCAGCCCAC	EGR4_HUMAN.H11MO.0.D	0	0.000366143	0.281564	0.0886985	11	GCCCAGCCCAC	GCCCTGCCGCC	-
854-GCCCAGCCCAC	KLF9_HUMAN.H11MO.0.C	1	0.000409129	0.31462	0.0886985	11	GCCCAGCCCAC	GGCCACGCCCCCTCC	-
854-GCCCAGCCCAC	SP2_HUMAN.H11MO.0.A	6	0.000628575	0.483374	0.117601	11	GCCCAGCCCAC	CCCCCGGCCCCGCCCCCCCCCC	-
854-GCCCAGCCCAC	SP3_HUMAN.H11MO.0.B	5	0.000856821	0.658895	0.117601	11	GCCCAGCCCAC	CCCCGGCCCCGCCCCCCCCC	-
854-GCCCAGCCCAC	KLF4_HUMAN.H11MO.0.A	0	0.000917744	0.705745	0.117601	10	GCCCAGCCCAC	GCCACACCCT	-
854-GCCCAGCCCAC	ZN331_HUMAN.H11MO.0.C	12	0.00102222	0.786088	0.117601	8	GCCCAGCCCAC	CCACCCAGCTGAGCCCAGCC	-
854-GCCCAGCCCAC	MAZ_HUMAN.H11MO.1.A	0	0.00105029	0.807674	0.117601	11	GCCCAGCCCAC	CCCCCTCCCTC	-
854-GCCCAGCCCAC	SP4_HUMAN.H11MO.1.A	2	0.00115347	0.887018	0.117601	11	GCCCAGCCCAC	CGGCCCCGCCCCCTCC	-
854-GCCCAGCCCAC	KLF3_HUMAN.H11MO.0.B	4	0.00117137	0.900784	0.117601	11	GCCCAGCCCAC	CCCGGCCCCGCCCCTCCCC	-
854-GCCCAGCCCAC	KLF14_HUMAN.H11MO.0.D	0	0.00122867	0.944848	0.117601	11	GCCCAGCCCAC	GCCACGCCCCCCT	-
854-GCCCAGCCCAC	ZN281_HUMAN.H11MO.0.A	0	0.00123987	0.953463	0.117601	11	GCCCAGCCCAC	TCCCCTCCCCCACCC	-
854-GCCCAGCCCAC	TBX1_HUMAN.H11MO.0.D	7	0.00162167	1.24706	0.144766	11	GCCCAGCCCAC	CCGCCCACCCCTGCCCACCC	-
854-GCCCAGCCCAC	SALL4_HUMAN.H11MO.0.B	-1	0.00184555	1.41923	0.155599	10	GCCCAGCCCAC	CCCACCCTCC	-
854-GCCCAGCCCAC	KLF1_HUMAN.H11MO.0.A	4	0.00212685	1.63554	0.163095	10	GCCCAGCCCAC	CCCGGCCCCGCCCC	-
854-GCCCAGCCCAC	SP4_HUMAN.H11MO.0.A	4	0.0021494	1.65289	0.163095	11	GCCCAGCCCAC	CCCGGCCCCGCCCCCTTCCC	-
854-GCCCAGCCCAC	EGR1_HUMAN.H11MO.0.A	0	0.00257119	1.97725	0.18581	11	GCCCAGCCCAC	CCCCCGCCCACGCCCTC	-
854-GCCCAGCCCAC	EGR2_HUMAN.H11MO.1.A	0	0.0027993	2.15266	0.193099	11	GCCCAGCCCAC	CCCCCGCCCACGCCCC	-
854-GCCCAGCCCAC	SRBP2_HUMAN.H11MO.0.B	0	0.00309547	2.38042	0.204245	11	GCCCAGCCCAC	CCTCACCCCACCC	-
854-GCCCAGCCCAC	TBX15_HUMAN.H11MO.0.D	1	0.00357186	2.74676	0.220088	11	GCCCAGCCCAC	CCCCCACCCCCCCCCCCCC	-
854-GCCCAGCCCAC	KLF5_HUMAN.H11MO.0.A	4	0.00362562	2.7881	0.220088	10	GCCCAGCCCAC	CCCAGCCCCACCCT	-
854-GCCCAGCCCAC	ZN148_HUMAN.H11MO.0.D	-1	0.00431467	3.31798	0.251842	10	GCCCAGCCCAC	CCCCTCCCCCACCCC	-
854-GCCCAGCCCAC	KLF16_HUMAN.H11MO.0.D	4	0.00466169	3.58484	0.253171	11	GCCCAGCCCAC	CCCCCCCCCCCCCGCCCCC	-
854-GCCCAGCCCAC	ZSC31_HUMAN.H11MO.0.C	7	0.00467108	3.59206	0.253171	11	GCCCAGCCCAC	CATAACTGCCCTGCTGCC	-
854-GCCCAGCCCAC	EGR2_HUMAN.H11MO.0.A	-1	0.00518636	3.98831	0.271405	10	GCCCAGCCCAC	CCCCTCCCACACCCCCCC	-
854-GCCCAGCCCAC	HAND1_HUMAN.H11MO.1.D	-2	0.00564717	4.34267	0.285669	7	GCCCAGCCCAC	CCAGGCC	-
854-GCCCAGCCCAC	KLF6_HUMAN.H11MO.0.A	6	0.00637565	4.90288	0.312117	11	GCCCAGCCCAC	CCCCCGGCCCCGCCCTTCC	-
854-GCCCAGCCCAC	ZN770_HUMAN.H11MO.1.C	-1	0.00721309	5.54686	0.342078	10	GCCCAGCCCAC	CTCAGCCTCCC	-
854-GCCCAGCCCAC	ZBT17_HUMAN.H11MO.0.A	2	0.00782523	6.0176	0.359863	11	GCCCAGCCCAC	CTTCCCCTCCCCCACCCTC	-
854-GCCCAGCCCAC	E2F4_HUMAN.H11MO.0.A	2	0.00901548	6.9329	0.402405	11	GCCCAGCCCAC	ATTTCCCGCCCCC	-
854-GCCCAGCCCAC	KLF13_HUMAN.H11MO.0.D	-2	0.0102166	7.85657	0.442988	9	GCCCAGCCCAC	CACGCCCCCCT	-
854-GCCCAGCCCAC	ZN410_HUMAN.H11MO.0.D	-2	0.0109548	8.42427	0.461804	9	GCCCAGCCCAC	CCATCCCATAATA	-
854-GCCCAGCCCAC	STF1_HUMAN.H11MO.0.B	1	0.0118285	9.09615	0.471133	10	GCCCAGCCCAC	GCTCAAGGCCA	+
854-GCCCAGCCCAC	ZFX_HUMAN.H11MO.0.A	-2	0.0120147	9.23933	0.471133	9	GCCCAGCCCAC	CCAGGCCCCG	+
854-GCCCAGCCCAC	ZN740_HUMAN.H11MO.0.D	3	0.0121075	9.31066	0.471133	11	GCCCAGCCCAC	CCCACCCCCCCCCC	-
854-GCCCAGCCCAC	GLI1_HUMAN.H11MO.0.D	1	0.0126537	9.73068	0.480014	11	GCCCAGCCCAC	AGACCACCCAGG	-
854-GCCCAGCCCAC	RREB1_HUMAN.H11MO.0.D	1	0.0129683	9.97265	0.480014	11	GCCCAGCCCAC	ACCCCAAACCACCCCCCCCCCC	-
854-GCCCAGCCCAC	PURA_HUMAN.H11MO.0.D	-1	0.0133025	10.2297	0.480662	10	GCCCAGCCCAC	CCCTGCCCCCCCCTTCC	-
854-GCCCAGCCCAC	ZN121_HUMAN.H11MO.0.C	14	0.0141167	10.8558	0.485634	6	GCCCAGCCCAC	GGTCTTGCTATGTTGCCCAG	-
854-GCCCAGCCCAC	ZIC1_HUMAN.H11MO.0.B	0	0.0144002	11.0737	0.485634	9	GCCCAGCCCAC	GACCACCCC	-
854-GCCCAGCCCAC	ZN708_HUMAN.H11MO.1.D	2	0.0144002	11.0737	0.485634	7	GCCCAGCCCAC	AGGTACAGC	+
855-GTGTAGACAGGGGTG	TBX1_HUMAN.H11MO.0.D	0	9.94625e-05	0.0764867	0.152842	15	GTGTAGACAGGGGTG	GGGTGGGCAGGGGTGGGCGG	+
855-GTGTAGACAGGGGTG	TBX20_HUMAN.H11MO.0.D	2	0.000695297	0.534684	0.495903	12	GTGTAGACAGGGGTG	AGGTGCTGACAGGT	+
855-GTGTAGACAGGGGTG	KLF15_HUMAN.H11MO.0.A	3	0.00096813	0.744492	0.495903	15	GTGTAGACAGGGGTG	GGGGAGGAGCAGGGGGGGG	+
856-AATATTCATCAGAAC	PIT1_HUMAN.H11MO.0.C	1	3.77374e-05	0.0290201	0.0580401	12	AATATTCATCAGAAC	ATATATTCATGAG	-
857-AAAGGCTCCC	PRDM4_HUMAN.H11MO.0.D	3	0.000186539	0.143448	0.286897	10	AAAGGCTCCC	TTTCAAGGCCCCCCAC	-
859-AACGGACGTGG	XBP1_HUMAN.H11MO.0.D	-1	6.04247e-05	0.0464666	0.0789068	10	AACGGACGTGG	GCTGACGTGGC	+
859-AACGGACGTGG	HINFP_HUMAN.H11MO.0.C	5	0.000121843	0.0936976	0.0789068	11	AACGGACGTGG	GCGCTAGCGGACGTTA	+
859-AACGGACGTGG	HIF1A_HUMAN.H11MO.0.C	-3	0.000155924	0.119905	0.0789068	8	AACGGACGTGG	GGACGTGC	+
859-AACGGACGTGG	ATF6A_HUMAN.H11MO.0.B	1	0.000355401	0.273304	0.101508	11	AACGGACGTGG	GTGGTGACGTGG	+
859-AACGGACGTGG	MAX_HUMAN.H11MO.0.A	-1	0.000390993	0.300674	0.101508	10	AACGGACGTGG	GAGCACGTGG	+
859-AACGGACGTGG	ELK1_HUMAN.H11MO.0.B	0	0.00040117	0.3085	0.101508	11	AACGGACGTGG	ACCGGAAGTGG	+
859-AACGGACGTGG	CR3L2_HUMAN.H11MO.0.D	0	0.000646581	0.497221	0.126203	11	AACGGACGTGG	TGATGACGTGGCA	+
859-AACGGACGTGG	MYC_HUMAN.H11MO.0.A	-1	0.000665021	0.511401	0.126203	10	AACGGACGTGG	GAGCACGTGGC	-
859-AACGGACGTGG	EPAS1_HUMAN.H11MO.0.B	-3	0.000829698	0.638038	0.139959	8	AACGGACGTGG	GTACGTGCC	+
859-AACGGACGTGG	CREB3_HUMAN.H11MO.0.D	0	0.00105523	0.811473	0.160203	11	AACGGACGTGG	TGGTGACGTGGCA	+
859-AACGGACGTGG	GABPA_HUMAN.H11MO.0.A	3	0.00156218	1.20132	0.203167	11	AACGGACGTGG	GGAACCGGAAGTGG	+
859-AACGGACGTGG	MXI1_HUMAN.H11MO.1.A	-1	0.00164989	1.26876	0.203167	10	AACGGACGTGG	GAGCACGTGGG	-
859-AACGGACGTGG	BMAL1_HUMAN.H11MO.0.A	-1	0.00174986	1.34564	0.203167	10	AACGGACGTGG	AGTCACGTGGC	-
859-AACGGACGTGG	KLF9_HUMAN.H11MO.0.C	2	0.00209186	1.60864	0.203167	11	AACGGACGTGG	GGAGGGGGCGTGGCC	+
859-AACGGACGTGG	ETS1_HUMAN.H11MO.0.A	2	0.00214116	1.64655	0.203167	11	AACGGACGTGG	AGACAGGAAGTGG	+
859-AACGGACGTGG	KLF14_HUMAN.H11MO.0.D	1	0.00214116	1.64655	0.203167	11	AACGGACGTGG	AGGGGGGCGTGGC	+
859-AACGGACGTGG	ELK4_HUMAN.H11MO.0.A	1	0.00246954	1.89908	0.20801	11	AACGGACGTGG	GACCGGAAGTGG	+
859-AACGGACGTGG	ARNT_HUMAN.H11MO.0.B	-3	0.00247718	1.90495	0.20801	8	AACGGACGTGG	GTACGTGCC	+
859-AACGGACGTGG	CR3L1_HUMAN.H11MO.0.D	-2	0.00262554	2.01904	0.20801	9	AACGGACGTGG	GCCACGTGGCA	+
859-AACGGACGTGG	BHE40_HUMAN.H11MO.0.A	-2	0.00288375	2.2176	0.20801	9	AACGGACGTGG	GGCACGTGAC	+
859-AACGGACGTGG	MYCN_HUMAN.H11MO.0.A	-1	0.00292786	2.25152	0.20801	10	AACGGACGTGG	GCCCACGTGGCC	-
859-AACGGACGTGG	ELF2_HUMAN.H11MO.0.C	2	0.00301428	2.31798	0.20801	11	AACGGACGTGG	AACCCGGAAGTGG	+
859-AACGGACGTGG	SPIB_HUMAN.H11MO.0.A	4	0.00411262	3.1626	0.265059	11	AACGGACGTGG	AAAAAGAGGAAGTGAAA	+
859-AACGGACGTGG	HES5_HUMAN.H11MO.0.D	-1	0.00432377	3.32498	0.265059	10	AACGGACGTGG	TGGCACGTGCCG	+
859-AACGGACGTGG	ELF1_HUMAN.H11MO.0.A	3	0.00436474	3.35649	0.265059	11	AACGGACGTGG	GAACCCGGAAGTGG	+
859-AACGGACGTGG	KLF12_HUMAN.H11MO.0.C	-1	0.00513772	3.95091	0.3	10	AACGGACGTGG	AGGGGCGGGGC	+
859-AACGGACGTGG	HEY1_HUMAN.H11MO.0.D	-1	0.00537795	4.13564	0.302397	10	AACGGACGTGG	TGGCACGTGTCG	+
859-AACGGACGTGG	SPI1_HUMAN.H11MO.0.A	4	0.00675667	5.19588	0.366352	11	AACGGACGTGG	AAAAAGAGGAAGTGAAA	+
859-AACGGACGTGG	KLF4_HUMAN.H11MO.0.A	-2	0.00797105	6.12974	0.403384	9	AACGGACGTGG	AGGGTGTGGC	+
859-AACGGACGTGG	ETV1_HUMAN.H11MO.0.A	1	0.0097577	7.50367	0.405366	10	AACGGACGTGG	GGCCGGAAGTG	+
859-AACGGACGTGG	MXI1_HUMAN.H11MO.0.A	4	0.00980334	7.53877	0.405366	11	AACGGACGTGG	CCCGCCGCCACGTGC	-
859-AACGGACGTGG	HES7_HUMAN.H11MO.0.D	-1	0.0101463	7.8025	0.405366	10	AACGGACGTGG	TGGCACGTGCCG	+
859-AACGGACGTGG	ARNT2_HUMAN.H11MO.0.D	-4	0.0101463	7.8025	0.405366	7	AACGGACGTGG	GGCGTGGGAGGC	+
859-AACGGACGTGG	HEY2_HUMAN.H11MO.0.D	1	0.0109057	8.38645	0.424091	11	AACGGACGTGG	GGGGGCACGTGGCATTA	+
859-AACGGACGTGG	SP1_HUMAN.H11MO.1.A	0	0.0113785	8.7501	0.424091	11	AACGGACGTGG	GGGGGGCGGGGCCG	+
859-AACGGACGTGG	MLX_HUMAN.H11MO.0.D	0	0.0126374	9.71816	0.456807	11	AACGGACGTGG	TGATCACGTGC	+
859-AACGGACGTGG	VEZF1_HUMAN.H11MO.1.C	1	0.0137846	10.6003	0.486686	11	AACGGACGTGG	AGAGGGAGGGGG	+
859-AACGGACGTGG	NKX23_HUMAN.H11MO.0.D	-2	0.0147223	11.3215	0.487703	9	AACGGACGTGG	GTTAAGTGGTT	+
859-AACGGACGTGG	SNAI1_HUMAN.H11MO.0.C	-3	0.0151729	11.668	0.487703	8	AACGGACGTGG	CCAGGTGG	+
859-AACGGACGTGG	ZSC22_HUMAN.H11MO.0.C	5	0.0153271	11.7866	0.487703	11	AACGGACGTGG	GGTCTGAGGGAGGAGG	+
859-AACGGACGTGG	TFEB_HUMAN.H11MO.0.C	-1	0.0157408	12.1047	0.487703	9	AACGGACGTGG	GGTCACGTG	+
863-AGTGGTTGCAGW	ZSCA4_HUMAN.H11MO.0.D	0	0.000200816	0.154427	0.308854	12	AGTGGTTGCAGT	AGTGTGTGCACT	+
866-CCAAAATAAGA	MYNN_HUMAN.H11MO.0.D	2	8.89171e-05	0.0683773	0.136637	11	CCAAAATAAGA	TTTCAAAATAAAAGTCC	-
867-CCGCTGCCCCG	SP1_HUMAN.H11MO.0.A	5	0.000116713	0.0897526	0.172886	11	CCGCTGCCCCG	CCCCCCCCCGGCCCCGCCCCCC	-
867-CCGCTGCCCCG	ZN281_HUMAN.H11MO.0.A	1	0.000539084	0.414556	0.291209	11	CCGCTGCCCCG	TCCCCTCCCCCACCC	-
867-CCGCTGCCCCG	ZN549_HUMAN.H11MO.0.C	0	0.00167805	1.29042	0.291209	11	CCGCTGCCCCG	GTGCTGCCCAATTCATGAAT	-
867-CCGCTGCCCCG	PTF1A_HUMAN.H11MO.1.B	1	0.00168713	1.2974	0.291209	8	CCGCTGCCCCG	CCAGCTGCT	-
867-CCGCTGCCCCG	SP2_HUMAN.H11MO.0.A	1	0.00177137	1.36218	0.291209	11	CCGCTGCCCCG	CCCCCGGCCCCGCCCCCCCCCC	-
867-CCGCTGCCCCG	TBX1_HUMAN.H11MO.0.D	7	0.00222259	1.70917	0.291209	11	CCGCTGCCCCG	CCGCCCACCCCTGCCCACCC	-
867-CCGCTGCCCCG	BHA15_HUMAN.H11MO.0.B	1	0.00223818	1.72116	0.291209	10	CCGCTGCCCCG	CCAGCTGCTGC	-
867-CCGCTGCCCCG	ZN121_HUMAN.H11MO.0.C	9	0.00248353	1.90983	0.291209	11	CCGCTGCCCCG	GGTCTTGCTATGTTGCCCAG	-
867-CCGCTGCCCCG	KLF12_HUMAN.H11MO.0.C	0	0.00292974	2.25297	0.291209	11	CCGCTGCCCCG	GCCCCGCCCCT	-
867-CCGCTGCCCCG	MYOG_HUMAN.H11MO.0.B	3	0.00303276	2.33219	0.291209	10	CCGCTGCCCCG	CCGCAGCTGTCCC	+
867-CCGCTGCCCCG	ZN148_HUMAN.H11MO.0.D	0	0.00308164	2.36978	0.291209	11	CCGCTGCCCCG	CCCCTCCCCCACCCC	-
867-CCGCTGCCCCG	PAX5_HUMAN.H11MO.0.A	8	0.00319376	2.456	0.291209	11	CCGCTGCCCCG	GTCACGCTCTGCTGCCCAGGC	-
867-CCGCTGCCCCG	MYF6_HUMAN.H11MO.0.C	0	0.00329695	2.53536	0.291209	7	CCGCTGCCCCG	CAGCTGC	+
867-CCGCTGCCCCG	SP1_HUMAN.H11MO.1.A	-3	0.00355184	2.73136	0.291209	8	CCGCTGCCCCG	CGGCCCCGCCCCCC	-
867-CCGCTGCCCCG	HIC1_HUMAN.H11MO.0.C	0	0.00384752	2.95874	0.291209	9	CCGCTGCCCCG	GGGTTGCCC	+
867-CCGCTGCCCCG	RFX2_HUMAN.H11MO.1.A	0	0.00393854	3.02873	0.291209	11	CCGCTGCCCCG	CGGTTGCCATGG	+
867-CCGCTGCCCCG	HEN1_HUMAN.H11MO.0.C	7	0.00405257	3.11643	0.291209	11	CCGCTGCCCCG	TGGGGAGCAGCTGCGTCCCT	+
867-CCGCTGCCCCG	ZSC31_HUMAN.H11MO.0.C	2	0.0041156	3.1649	0.291209	11	CCGCTGCCCCG	CATAACTGCCCTGCTGCC	-
867-CCGCTGCCCCG	SP3_HUMAN.H11MO.0.B	0	0.00427494	3.28743	0.291209	11	CCGCTGCCCCG	CCCCGGCCCCGCCCCCCCCC	-
867-CCGCTGCCCCG	KLF1_HUMAN.H11MO.0.A	-1	0.00437501	3.36438	0.291209	10	CCGCTGCCCCG	CCCGGCCCCGCCCC	-
867-CCGCTGCCCCG	ASCL2_HUMAN.H11MO.0.D	1	0.00482607	3.71125	0.291209	8	CCGCTGCCCCG	CCAGCTGCT	+
867-CCGCTGCCCCG	ZN563_HUMAN.H11MO.1.C	2	0.00484203	3.72352	0.291209	10	CCGCTGCCCCG	CTGTGCTGCCTG	-
867-CCGCTGCCCCG	ASCL1_HUMAN.H11MO.0.A	3	0.0048503	3.72988	0.291209	11	CCGCTGCCCCG	CTGCACCTGCTCCC	+
867-CCGCTGCCCCG	PPARG_HUMAN.H11MO.0.A	3	0.00502672	3.86555	0.291209	11	CCGCTGCCCCG	TGACCTTTGCCCCACTT	-
867-CCGCTGCCCCG	EGR4_HUMAN.H11MO.0.D	0	0.00578157	4.44603	0.291209	11	CCGCTGCCCCG	GCCCTGCCGCC	-
867-CCGCTGCCCCG	ZN708_HUMAN.H11MO.1.D	-2	0.00603036	4.63734	0.291209	9	CCGCTGCCCCG	GCTGTACCT	-
867-CCGCTGCCCCG	ITF2_HUMAN.H11MO.0.C	2	0.00606012	4.66023	0.291209	8	CCGCTGCCCCG	CCCAGCTGCC	-
867-CCGCTGCCCCG	PTF1A_HUMAN.H11MO.0.B	1	0.00624902	4.8055	0.291209	11	CCGCTGCCCCG	CCAGCTGCCCCCTTTCCC	+
867-CCGCTGCCCCG	MYOD1_HUMAN.H11MO.0.A	1	0.00637487	4.90228	0.291209	11	CCGCTGCCCCG	GCAGCTGTTCCTGCC	+
867-CCGCTGCCCCG	RFX1_HUMAN.H11MO.0.B	4	0.00655993	5.04458	0.291209	11	CCGCTGCCCCG	GCCCCGGTTGCCATGGCGACGG	+
867-CCGCTGCCCCG	RARA_HUMAN.H11MO.1.A	-1	0.00673097	5.17611	0.291209	10	CCGCTGCCCCG	CCCTGACCTT	-
867-CCGCTGCCCCG	ZN219_HUMAN.H11MO.0.D	1	0.00690376	5.30899	0.291209	11	CCGCTGCCCCG	TCCGCCCCCCTC	-
867-CCGCTGCCCCG	KLF3_HUMAN.H11MO.0.B	-1	0.00692218	5.32315	0.291209	10	CCGCTGCCCCG	CCCGGCCCCGCCCCTCCCC	-
867-CCGCTGCCCCG	ZIC4_HUMAN.H11MO.0.D	6	0.0070518	5.42284	0.291209	9	CCGCTGCCCCG	GACCCCCCGCTGTGC	-
867-CCGCTGCCCCG	NR1H4_HUMAN.H11MO.1.B	-2	0.00725903	5.5822	0.291209	8	CCGCTGCCCCG	ACTGACCT	-
867-CCGCTGCCCCG	MAZ_HUMAN.H11MO.1.A	1	0.00745016	5.72917	0.291209	10	CCGCTGCCCCG	CCCCCTCCCTC	-
867-CCGCTGCCCCG	KLF16_HUMAN.H11MO.0.D	3	0.00766711	5.896	0.291209	11	CCGCTGCCCCG	CCCCCCCCCCCCCGCCCCC	-
867-CCGCTGCCCCG	KLF6_HUMAN.H11MO.0.A	1	0.00766711	5.896	0.291209	11	CCGCTGCCCCG	CCCCCGGCCCCGCCCTTCC	-
867-CCGCTGCCCCG	RARG_HUMAN.H11MO.1.B	-3	0.00815055	6.26777	0.301832	8	CCGCTGCCCCG	CTGACCTC	-
867-CCGCTGCCCCG	CR3L1_HUMAN.H11MO.0.D	-4	0.0086558	6.65631	0.306819	7	CCGCTGCCCCG	TGCCACGTGGC	-
867-CCGCTGCCCCG	ZBT7B_HUMAN.H11MO.0.D	2	0.00869948	6.6899	0.306819	11	CCGCTGCCCCG	CGCCGTTGCCATGGCAACGGG	+
867-CCGCTGCCCCG	PATZ1_HUMAN.H11MO.1.C	0	0.0103612	7.96773	0.356926	9	CCGCTGCCCCG	CCCCTCCCT	-
867-CCGCTGCCCCG	ZN320_HUMAN.H11MO.0.C	7	0.0108157	8.31728	0.358769	11	CCGCTGCCCCG	CACTGGCCCCCTGGTCCCAC	-
867-CCGCTGCCCCG	KLF15_HUMAN.H11MO.0.A	4	0.0108991	8.38138	0.358769	11	CCGCTGCCCCG	CCCCCCCCTGCTCCTCCCC	-
867-CCGCTGCCCCG	MYOD1_HUMAN.H11MO.1.A	2	0.0116276	8.94163	0.37443	9	CCGCTGCCCCG	GACAGCTGCAG	-
867-CCGCTGCCCCG	RORA_HUMAN.H11MO.0.C	-1	0.0124286	9.55761	0.3876	10	CCGCTGCCCCG	CCCTGACCTAGTT	-
867-CCGCTGCCCCG	ZN341_HUMAN.H11MO.1.C	-1	0.0127945	9.83899	0.3876	9	CCGCTGCCCCG	GGCTGTTCC	-
867-CCGCTGCCCCG	PPARA_HUMAN.H11MO.0.B	3	0.0130504	10.0358	0.3876	11	CCGCTGCCCCG	TGACCTTTGCCCCAGTT	-
867-CCGCTGCCCCG	KLF5_HUMAN.H11MO.0.A	-1	0.0130833	10.061	0.3876	10	CCGCTGCCCCG	CCCAGCCCCACCCT	-
867-CCGCTGCCCCG	REST_HUMAN.H11MO.0.A	2	0.0140327	10.7911	0.407576	11	CCGCTGCCCCG	GGGCGCTGTCCATGGTGCTGAA	-
867-CCGCTGCCCCG	TAF1_HUMAN.H11MO.0.A	3	0.015376	11.8242	0.409954	11	CCGCTGCCCCG	CCGCCGCCGCCATCTT	-
867-CCGCTGCCCCG	VDR_HUMAN.H11MO.0.A	5	0.015376	11.8242	0.409954	11	CCGCTGCCCCG	TGAACCCACTGACCCC	-
867-CCGCTGCCCCG	MXI1_HUMAN.H11MO.0.A	1	0.0154052	11.8466	0.409954	11	CCGCTGCCCCG	CCCGCCGCCACGTGC	-
867-CCGCTGCCCCG	ZN740_HUMAN.H11MO.0.D	1	0.0158194	12.1651	0.409954	11	CCGCTGCCCCG	CCCACCCCCCCCCC	-
867-CCGCTGCCCCG	AP2B_HUMAN.H11MO.0.B	2	0.0159121	12.2364	0.409954	8	CCGCTGCCCCG	GCCCCCGGGC	-
867-CCGCTGCCCCG	WT1_HUMAN.H11MO.0.C	6	0.0160162	12.3165	0.409954	11	CCGCTGCCCCG	CCCCCCCTCCTCCCCCGCCC	-
867-CCGCTGCCCCG	RFX2_HUMAN.H11MO.0.A	0	0.0160518	12.3439	0.409954	11	CCGCTGCCCCG	CGGTTGCCATGGCAACGG	+
867-CCGCTGCCCCG	ZN770_HUMAN.H11MO.0.C	10	0.017061	13.1199	0.424664	11	CCGCTGCCCCG	GATCCTCCCGCCTCAGCCTCCC	-
867-CCGCTGCCCCG	COT1_HUMAN.H11MO.0.C	6	0.0173953	13.377	0.424664	11	CCGCTGCCCCG	CCCTGACCTCTGACCCC	-
867-CCGCTGCCCCG	ZF64A_HUMAN.H11MO.0.D	0	0.0177217	13.628	0.424664	11	CCGCTGCCCCG	CAGGTTCCCGGGCCCC	-
867-CCGCTGCCCCG	RFX1_HUMAN.H11MO.1.B	-1	0.017886	13.7543	0.424664	10	CCGCTGCCCCG	GGTTGCCATGG	+
867-CCGCTGCCCCG	ZN331_HUMAN.H11MO.0.C	5	0.0184982	14.2251	0.424664	11	CCGCTGCCCCG	CCACCCAGCTGAGCCCAGCC	-
867-CCGCTGCCCCG	ESR2_HUMAN.H11MO.1.A	-3	0.0186876	14.3708	0.424664	7	CCGCTGCCCCG	GTGACCT	-
867-CCGCTGCCCCG	TFE2_HUMAN.H11MO.0.A	2	0.0187459	14.4156	0.424664	9	CCGCTGCCCCG	CACAGCTGCAG	+
867-CCGCTGCCCCG	SP4_HUMAN.H11MO.0.A	-1	0.0194008	14.9192	0.424664	10	CCGCTGCCCCG	CCCGGCCCCGCCCCCTTCCC	-
867-CCGCTGCCCCG	KLF9_HUMAN.H11MO.0.C	2	0.0194797	14.9799	0.424664	11	CCGCTGCCCCG	GGCCACGCCCCCTCC	-
867-CCGCTGCCCCG	NR1H4_HUMAN.H11MO.0.B	8	0.0194947	14.9914	0.424664	11	CCGCTGCCCCG	CCTCGGGGTCATTGACCCC	-
867-CCGCTGCCCCG	COT1_HUMAN.H11MO.1.C	-1	0.0198906	15.2958	0.427008	10	CCGCTGCCCCG	CCCTGACCTCTGC	-
867-CCGCTGCCCCG	SP2_HUMAN.H11MO.1.B	0	0.0208477	16.0319	0.437843	11	CCGCTGCCCCG	GCCCCGCCCCCT	-
867-CCGCTGCCCCG	TFAP4_HUMAN.H11MO.0.A	1	0.021282	16.3659	0.437843	9	CCGCTGCCCCG	CCAGCTGTTT	+
867-CCGCTGCCCCG	ESR1_HUMAN.H11MO.1.A	-2	0.021282	16.3659	0.437843	9	CCGCTGCCCCG	GGTGACCTTG	-
867-CCGCTGCCCCG	HTF4_HUMAN.H11MO.0.A	2	0.0234131	18.0047	0.473289	8	CCGCTGCCCCG	CACAGCTGCA	-
867-CCGCTGCCCCG	RARB_HUMAN.H11MO.0.D	0	0.023644	18.1822	0.473289	11	CCGCTGCCCCG	GCCCTGACCTC	-
867-CCGCTGCCCCG	ZBT17_HUMAN.H11MO.0.A	3	0.0246385	18.947	0.483054	11	CCGCTGCCCCG	CTTCCCCTCCCCCACCCTC	-
867-CCGCTGCCCCG	COT2_HUMAN.H11MO.0.A	0	0.0249934	19.2199	0.483054	11	CCGCTGCCCCG	CCTCTGACCTTTG	-
867-CCGCTGCCCCG	PPARD_HUMAN.H11MO.0.D	3	0.0251101	19.3096	0.483054	11	CCGCTGCCCCG	TGACCTTTGTCCTA	-
867-CCGCTGCCCCG	NR1D1_HUMAN.H11MO.0.B	1	0.025805	19.844	0.490058	11	CCGCTGCCCCG	CCTTCTGACCCACTTCCCT	-
867-CCGCTGCCCCG	INSM1_HUMAN.H11MO.0.C	-4	0.0261815	20.1336	0.490914	7	CCGCTGCCCCG	TGCCCCCTGACA	-
867-CCGCTGCCCCG	OSR2_HUMAN.H11MO.0.C	4	0.0268609	20.656	0.495996	11	CCGCTGCCCCG	GCTGCTGCTTCTGCTG	+
872-AGTCAGCACTTTG	MAF_HUMAN.H11MO.1.B	0	7.10896e-06	0.00546679	0.00567927	8	AGTCAGCACTTTG	AGTCAGCA	-
872-AGTCAGCACTTTG	MAFG_HUMAN.H11MO.0.A	5	1.28273e-05	0.00986416	0.00567927	13	AGTCAGCACTTTG	TGCTGAGTCAGCAATTTT	-
872-AGTCAGCACTTTG	MAF_HUMAN.H11MO.0.A	6	1.47901e-05	0.0113736	0.00567927	13	AGTCAGCACTTTG	TTGCTGAGTCAGCAGATTC	-
872-AGTCAGCACTTTG	MAFK_HUMAN.H11MO.0.A	5	1.48903e-05	0.0114506	0.00567927	13	AGTCAGCACTTTG	TGCTGACTCAGCAATTTT	-
872-AGTCAGCACTTTG	MAFG_HUMAN.H11MO.1.A	0	2.67312e-05	0.0205563	0.00716943	8	AGTCAGCACTTTG	ACTCAGCA	-
872-AGTCAGCACTTTG	MAFF_HUMAN.H11MO.1.B	1	2.8196e-05	0.0216827	0.00716943	8	AGTCAGCACTTTG	GACTCAGCA	-
872-AGTCAGCACTTTG	MAFF_HUMAN.H11MO.0.B	5	0.000130448	0.100314	0.0283539	13	AGTCAGCACTTTG	TGCTGAGTCAGCATTTTT	+
872-AGTCAGCACTTTG	REST_HUMAN.H11MO.0.A	-1	0.000148681	0.114335	0.0283539	12	AGTCAGCACTTTG	TTCAGCACCATGGACAGCGCCC	+
872-AGTCAGCACTTTG	NF2L2_HUMAN.H11MO.0.A	3	0.000188569	0.14501	0.0319652	11	AGTCAGCACTTTG	ATGACTCAGCAGTT	-
872-AGTCAGCACTTTG	MAFB_HUMAN.H11MO.0.B	3	0.000246905	0.18987	0.0376686	8	AGTCAGCACTTTG	CTGAGTCAGCA	-
872-AGTCAGCACTTTG	NRL_HUMAN.H11MO.0.D	3	0.000347583	0.267292	0.0482075	8	AGTCAGCACTTTG	CTGCGTCAGCA	-
872-AGTCAGCACTTTG	MAFK_HUMAN.H11MO.1.A	5	0.000644176	0.495371	0.0746798	8	AGTCAGCACTTTG	TGCTGAGTCAGCA	+
872-AGTCAGCACTTTG	BACH2_HUMAN.H11MO.0.A	3	0.000674609	0.518774	0.0746798	8	AGTCAGCACTTTG	ATGACTCAGCA	-
872-AGTCAGCACTTTG	TBX20_HUMAN.H11MO.0.D	3	0.000685303	0.526998	0.0746798	11	AGTCAGCACTTTG	ACCTGTCAGCACCT	-
872-AGTCAGCACTTTG	BACH1_HUMAN.H11MO.0.A	5	0.00146272	1.12483	0.148771	8	AGTCAGCACTTTG	GCATGACTCAGCA	-
872-AGTCAGCACTTTG	NFE2_HUMAN.H11MO.0.A	5	0.00173505	1.33425	0.16544	8	AGTCAGCACTTTG	GCATGACTCAGCA	+
872-AGTCAGCACTTTG	ETV3_HUMAN.H11MO.0.D	2	0.00435661	3.35023	0.349819	12	AGTCAGCACTTTG	TACATTTGCACTTC	+
874-ATGCTGGGAAAWCA	MAFK_HUMAN.H11MO.1.A	-1	0.000394362	0.303265	0.288634	13	ATGCTGGGAAATCA	TGCTGAGTCAGCA	+
874-ATGCTGGGAAAWCA	STAT3_HUMAN.H11MO.0.A	-1	0.00048062	0.369597	0.288634	12	ATGCTGGGAAATCA	TTCCGGGAAATG	-
874-ATGCTGGGAAAWCA	SUH_HUMAN.H11MO.0.A	0	0.000847945	0.65207	0.288634	11	ATGCTGGGAAATCA	GGCGTGGGAAA	+
874-ATGCTGGGAAAWCA	ZNF76_HUMAN.H11MO.0.C	5	0.000923204	0.709944	0.288634	14	ATGCTGGGAAATCA	GGGGCATTCTGGGAATTGTAGT	+
874-ATGCTGGGAAAWCA	STA5B_HUMAN.H11MO.0.A	0	0.00103934	0.799254	0.288634	12	ATGCTGGGAAATCA	TTTCTTAGAAAT	+
874-ATGCTGGGAAAWCA	BRAC_HUMAN.H11MO.1.B	-1	0.00124815	0.959826	0.288634	11	ATGCTGGGAAATCA	AGGTGTGAAAT	+
874-ATGCTGGGAAAWCA	MAFG_HUMAN.H11MO.1.A	-1	0.00173852	1.33692	0.288634	8	ATGCTGGGAAATCA	TGCTGAGT	+
874-ATGCTGGGAAAWCA	STAT4_HUMAN.H11MO.0.A	0	0.00205983	1.58401	0.288634	11	ATGCTGGGAAATCA	CTTCCAGGAAA	-
874-ATGCTGGGAAAWCA	STA5A_HUMAN.H11MO.0.A	-1	0.00219141	1.68519	0.288634	10	ATGCTGGGAAATCA	TTCTAGGAAA	+
874-ATGCTGGGAAAWCA	MAFK_HUMAN.H11MO.0.A	4	0.00224882	1.72934	0.288634	14	ATGCTGGGAAATCA	AAAATTGCTGAGTCAGCA	+
874-ATGCTGGGAAAWCA	IKZF1_HUMAN.H11MO.0.C	-3	0.00231496	1.78021	0.288634	8	ATGCTGGGAAATCA	TTGGGAGA	+
874-ATGCTGGGAAAWCA	THA11_HUMAN.H11MO.0.B	3	0.00232261	1.78609	0.288634	14	ATGCTGGGAAATCA	GGCATGCTGGGAGTTGTAGTTC	+
874-ATGCTGGGAAAWCA	ZN143_HUMAN.H11MO.0.A	3	0.00245624	1.88885	0.288634	14	ATGCTGGGAAATCA	GGCATTCTGGGAATTGTAGTTC	+
874-ATGCTGGGAAAWCA	HSF1_HUMAN.H11MO.1.A	-1	0.00276962	2.12984	0.302213	9	ATGCTGGGAAATCA	TTCTGGAAA	+
874-ATGCTGGGAAAWCA	ZN282_HUMAN.H11MO.0.D	3	0.00362053	2.78419	0.361822	11	ATGCTGGGAAATCA	CGTGTTATGGGAAA	+
874-ATGCTGGGAAAWCA	MAF_HUMAN.H11MO.0.A	4	0.00378961	2.91421	0.361822	14	ATGCTGGGAAATCA	GAATCTGCTGACTCAGCAA	+
874-ATGCTGGGAAAWCA	STAT1_HUMAN.H11MO.0.A	4	0.00421764	3.24336	0.379001	14	ATGCTGGGAAATCA	CCCCTTTCCTGGAAATCAC	+
874-ATGCTGGGAAAWCA	MAFF_HUMAN.H11MO.0.B	-1	0.00479024	3.6837	0.393495	13	ATGCTGGGAAATCA	TGCTGAGTCAGCATTTTT	+
874-ATGCTGGGAAAWCA	TBR1_HUMAN.H11MO.0.D	1	0.00554324	4.26275	0.393495	12	ATGCTGGGAAATCA	AAAGGTGTGAAAA	+
874-ATGCTGGGAAAWCA	MAFG_HUMAN.H11MO.0.A	4	0.00560599	4.31101	0.393495	14	ATGCTGGGAAATCA	AAAATTGCTGACTCAGCA	+
874-ATGCTGGGAAAWCA	E2F3_HUMAN.H11MO.0.A	0	0.00566685	4.35781	0.393495	11	ATGCTGGGAAATCA	AGGGCGGGAAA	+
874-ATGCTGGGAAAWCA	MAFB_HUMAN.H11MO.0.B	-1	0.00566685	4.35781	0.393495	11	ATGCTGGGAAATCA	TGCTGACTCAG	+
874-ATGCTGGGAAAWCA	MAF_HUMAN.H11MO.1.B	-1	0.00603495	4.64088	0.400836	8	ATGCTGGGAAATCA	TGCTGACT	+
875-GGCCCCTTA	INSM1_HUMAN.H11MO.0.C	1	0.000145989	0.112266	0.224532	9	GGCCCCTTA	TGCCCCCTGACA	-
879-AGCCTCCCAAAC	IKZF1_HUMAN.H11MO.0.C	-2	0.000236849	0.182137	0.360976	8	AGCCTCCCAAAC	TCTCCCAA	-
879-AGCCTCCCAAAC	ZN770_HUMAN.H11MO.1.C	3	0.00046941	0.360976	0.360976	8	AGCCTCCCAAAC	CTCAGCCTCCC	-
880-AGGCCCCCTCC	PLAL1_HUMAN.H11MO.0.D	0	8.37535e-05	0.0644065	0.0778961	10	AGGCCCCCTCC	GGGCCCCCCG	-
880-AGGCCCCCTCC	PRDM4_HUMAN.H11MO.0.D	5	0.000103305	0.0794415	0.0778961	11	AGGCCCCCTCC	TTTCAAGGCCCCCCAC	-
880-AGGCCCCCTCC	KLF9_HUMAN.H11MO.0.C	4	0.000244394	0.187939	0.0932901	11	AGGCCCCCTCC	GGCCACGCCCCCTCC	-
880-AGGCCCCCTCC	MAZ_HUMAN.H11MO.1.A	-3	0.00024744	0.190282	0.0932901	8	AGGCCCCCTCC	CCCCCTCCCTC	-
880-AGGCCCCCTCC	PATZ1_HUMAN.H11MO.1.C	-4	0.000442428	0.340227	0.133444	7	AGGCCCCCTCC	CCCCTCCCT	-
880-AGGCCCCCTCC	SP1_HUMAN.H11MO.1.A	0	0.000533821	0.410508	0.134174	11	AGGCCCCCTCC	CGGCCCCGCCCCCC	-
880-AGGCCCCCTCC	SP1_HUMAN.H11MO.0.A	8	0.000735561	0.565647	0.136651	11	AGGCCCCCTCC	CCCCCCCCCGGCCCCGCCCCCC	-
880-AGGCCCCCTCC	ZN281_HUMAN.H11MO.0.A	-3	0.000812502	0.624814	0.136651	8	AGGCCCCCTCC	TCCCCTCCCCCACCC	-
880-AGGCCCCCTCC	INSM1_HUMAN.H11MO.0.C	-1	0.000856046	0.658299	0.136651	10	AGGCCCCCTCC	TGCCCCCTGACA	-
880-AGGCCCCCTCC	KLF14_HUMAN.H11MO.0.D	3	0.000906128	0.696812	0.136651	10	AGGCCCCCTCC	GCCACGCCCCCCT	-
880-AGGCCCCCTCC	ZN740_HUMAN.H11MO.0.D	1	0.00158398	1.21808	0.217161	11	AGGCCCCCTCC	CCCACCCCCCCCCC	-
880-AGGCCCCCTCC	GLIS1_HUMAN.H11MO.0.D	0	0.00187206	1.43962	0.222	11	AGGCCCCCTCC	AGACCCCCCACGA	-
880-AGGCCCCCTCC	CTCFL_HUMAN.H11MO.0.A	2	0.00191369	1.47163	0.222	11	AGGCCCCCTCC	CGGCGCCCCCTGGCGGC	-
880-AGGCCCCCTCC	VEZF1_HUMAN.H11MO.1.C	-3	0.00208499	1.60336	0.224595	8	AGGCCCCCTCC	CCCCCTCCCTCT	-
880-AGGCCCCCTCC	KLF12_HUMAN.H11MO.0.C	-2	0.00235983	1.81471	0.2254	9	AGGCCCCCTCC	GCCCCGCCCCT	-
880-AGGCCCCCTCC	ZFX_HUMAN.H11MO.0.A	2	0.00239138	1.83897	0.2254	8	AGGCCCCCTCC	CCAGGCCCCG	+
880-AGGCCCCCTCC	KLF13_HUMAN.H11MO.0.D	1	0.00292646	2.25044	0.241008	10	AGGCCCCCTCC	CACGCCCCCCT	-
880-AGGCCCCCTCC	ZN467_HUMAN.H11MO.0.C	9	0.0029389	2.26002	0.241008	11	AGGCCCCCTCC	CCCCCCCCCCCCTCCCCTCCCC	-
880-AGGCCCCCTCC	KLF1_HUMAN.H11MO.0.A	2	0.00303641	2.335	0.241008	11	AGGCCCCCTCC	CCCGGCCCCGCCCC	-
880-AGGCCCCCTCC	ZN436_HUMAN.H11MO.0.C	-3	0.00358176	2.75437	0.262137	8	AGGCCCCCTCC	CCTCCTCCAGGAAGCCTTCCCTGA	-
880-AGGCCCCCTCC	ZSC22_HUMAN.H11MO.0.C	-3	0.00378134	2.90785	0.262137	8	AGGCCCCCTCC	CCTCCTCCCTCAGACC	-
880-AGGCCCCCTCC	ZN320_HUMAN.H11MO.0.C	3	0.00406171	3.12345	0.262137	11	AGGCCCCCTCC	CACTGGCCCCCTGGTCCCAC	-
880-AGGCCCCCTCC	MAZ_HUMAN.H11MO.0.A	8	0.00430446	3.31013	0.262137	11	AGGCCCCCTCC	CCCCCCCCCCCCCCCCTCCCCC	-
880-AGGCCCCCTCC	GLIS3_HUMAN.H11MO.0.D	-1	0.00438354	3.37094	0.262137	10	AGGCCCCCTCC	TACCCCCCAC	-
880-AGGCCCCCTCC	SP4_HUMAN.H11MO.1.A	-1	0.00442687	3.40426	0.262137	10	AGGCCCCCTCC	CGGCCCCGCCCCCTCC	-
880-AGGCCCCCTCC	WT1_HUMAN.H11MO.0.C	2	0.00451937	3.47539	0.262137	11	AGGCCCCCTCC	CCCCCCCTCCTCCCCCGCCC	-
880-AGGCCCCCTCC	ZBT14_HUMAN.H11MO.0.C	-2	0.00506968	3.89859	0.280813	9	AGGCCCCCTCC	GCGCGCTCC	-
880-AGGCCCCCTCC	EGR3_HUMAN.H11MO.0.D	0	0.00521376	4.00938	0.280813	11	AGGCCCCCTCC	ACACCCACTCT	-
880-AGGCCCCCTCC	WT1_HUMAN.H11MO.1.B	-3	0.00548899	4.22104	0.284925	8	AGGCCCCCTCC	CCTCCTCCCAC	-
880-AGGCCCCCTCC	ZBT7A_HUMAN.H11MO.0.A	1	0.00566797	4.35867	0.284925	8	AGGCCCCCTCC	GAGACCCCC	-
880-AGGCCCCCTCC	GLIS2_HUMAN.H11MO.0.D	-1	0.00627023	4.82181	0.291779	10	AGGCCCCCTCC	GACCCCCCGCGAAG	-
880-AGGCCCCCTCC	KLF4_HUMAN.H11MO.0.A	-2	0.0063644	4.89423	0.291779	9	AGGCCCCCTCC	GCCACACCCT	-
880-AGGCCCCCTCC	ZIC3_HUMAN.H11MO.0.B	-1	0.0063899	4.91383	0.291779	10	AGGCCCCCTCC	GGCCCCCTGCTGTGA	+
880-AGGCCCCCTCC	VEZF1_HUMAN.H11MO.0.C	2	0.00657822	5.05865	0.291779	11	AGGCCCCCTCC	CCCCTCCCCCTCCCCCCTCCCC	-
880-AGGCCCCCTCC	SP3_HUMAN.H11MO.0.B	2	0.00687277	5.28516	0.296134	11	AGGCCCCCTCC	CCCCGGCCCCGCCCCCCCCC	-
880-AGGCCCCCTCC	KLF5_HUMAN.H11MO.0.A	2	0.00729087	5.60668	0.305423	11	AGGCCCCCTCC	CCCAGCCCCACCCT	-
880-AGGCCCCCTCC	ZN219_HUMAN.H11MO.0.D	2	0.00802391	6.17039	0.318295	10	AGGCCCCCTCC	TCCGCCCCCCTC	-
880-AGGCCCCCTCC	KLF3_HUMAN.H11MO.0.B	2	0.00809074	6.22178	0.318295	11	AGGCCCCCTCC	CCCGGCCCCGCCCCTCCCC	-
880-AGGCCCCCTCC	ZN263_HUMAN.H11MO.1.A	-3	0.00823132	6.32989	0.318295	8	AGGCCCCCTCC	CCTCCTCCCTC	-
880-AGGCCCCCTCC	ZN148_HUMAN.H11MO.0.D	-4	0.00863232	6.63826	0.318663	7	AGGCCCCCTCC	CCCCTCCCCCACCCC	-
880-AGGCCCCCTCC	ZFX_HUMAN.H11MO.1.A	3	0.00882995	6.79023	0.318663	11	AGGCCCCCTCC	CCCCGGCCTCCGCCCCC	-
880-AGGCCCCCTCC	ZN263_HUMAN.H11MO.0.A	8	0.00887475	6.82469	0.318663	11	AGGCCCCCTCC	CTCCTCCTCTCCCTCCTCCC	-
880-AGGCCCCCTCC	ZIC4_HUMAN.H11MO.0.D	-1	0.00952895	7.32777	0.328037	10	AGGCCCCCTCC	GACCCCCCGCTGTGC	-
880-AGGCCCCCTCC	TBX1_HUMAN.H11MO.0.D	0	0.00981695	7.54924	0.328037	11	AGGCCCCCTCC	CCGCCCACCCCTGCCCACCC	-
880-AGGCCCCCTCC	PATZ1_HUMAN.H11MO.0.C	9	0.00992633	7.63335	0.328037	11	AGGCCCCCTCC	CCTCCCCCCCCGCCCCCTCCCC	-
880-AGGCCCCCTCC	XBP1_HUMAN.H11MO.0.D	-2	0.0100367	7.71822	0.328037	9	AGGCCCCCTCC	GCCACGTCAGC	-
880-AGGCCCCCTCC	EGR1_HUMAN.H11MO.0.A	3	0.0102494	7.88176	0.328037	11	AGGCCCCCTCC	CCCCCGCCCACGCCCTC	-
880-AGGCCCCCTCC	SP2_HUMAN.H11MO.0.A	3	0.0104409	8.02907	0.328037	11	AGGCCCCCTCC	CCCCCGGCCCCGCCCCCCCCCC	-
880-AGGCCCCCTCC	ZN816_HUMAN.H11MO.0.C	7	0.0106812	8.21386	0.328738	11	AGGCCCCCTCC	CCCTGCATGTCCCCCTTTTTT	-
880-AGGCCCCCTCC	KLF6_HUMAN.H11MO.0.A	3	0.0114892	8.83518	0.346532	11	AGGCCCCCTCC	CCCCCGGCCCCGCCCTTCC	-
880-AGGCCCCCTCC	SP2_HUMAN.H11MO.1.B	-3	0.0118625	9.12223	0.350775	8	AGGCCCCCTCC	GCCCCGCCCCCT	-
880-AGGCCCCCTCC	CTCF_HUMAN.H11MO.0.A	2	0.01398	10.7507	0.399671	11	AGGCCCCCTCC	TGGCGCCCCCTGGTGGCCA	-
880-AGGCCCCCTCC	ZIC2_HUMAN.H11MO.0.D	-1	0.014046	10.8014	0.399671	10	AGGCCCCCTCC	GGCCCCCTGCTGTGA	+
880-AGGCCCCCTCC	EGR2_HUMAN.H11MO.0.A	2	0.0153511	11.805	0.422894	11	AGGCCCCCTCC	CCCCTCCCACACCCCCCC	-
880-AGGCCCCCTCC	EGR2_HUMAN.H11MO.1.A	-3	0.015423	11.8603	0.422894	8	AGGCCCCCTCC	CCCCCGCCCACGCCCC	-
880-AGGCCCCCTCC	TBX15_HUMAN.H11MO.0.D	-3	0.0161643	12.4303	0.435304	8	AGGCCCCCTCC	CCCCCACCCCCCCCCCCCC	-
880-AGGCCCCCTCC	KLF15_HUMAN.H11MO.0.A	6	0.0169592	13.0416	0.44359	11	AGGCCCCCTCC	CCCCCCCCTGCTCCTCCCC	-
880-AGGCCCCCTCC	ZN770_HUMAN.H11MO.1.C	-1	0.0170602	13.1193	0.44359	10	AGGCCCCCTCC	CTCAGCCTCCC	-
881-ATTTGCAGAC	P5F1B_HUMAN.H11MO.0.D	2	0.00023186	0.1783	0.227005	10	ATTTGCAGAC	TAATTTGCATATTCAT	+
881-ATTTGCAGAC	PO2F2_HUMAN.H11MO.0.A	1	0.000296028	0.227646	0.227005	10	ATTTGCAGAC	CATTTGCATAT	-
882-CAGGGCCACCA	RFX2_HUMAN.H11MO.1.A	1	0.000798205	0.61382	0.404785	11	CAGGGCCACCA	CCATGGCAACCG	-
882-CAGGGCCACCA	HIC1_HUMAN.H11MO.0.C	-2	0.000891291	0.685402	0.404785	9	CAGGGCCACCA	GGGCAACCC	-
882-CAGGGCCACCA	RFX2_HUMAN.H11MO.0.A	7	0.00120718	0.928325	0.404785	11	CAGGGCCACCA	CCGTTGCCATGGCAACCG	-
882-CAGGGCCACCA	ZN554_HUMAN.H11MO.1.D	1	0.00173146	1.3315	0.404785	8	CAGGGCCACCA	GCAGAGCCA	+
882-CAGGGCCACCA	PLAL1_HUMAN.H11MO.0.D	-2	0.00223656	1.71991	0.404785	9	CAGGGCCACCA	GGGCCCCCCG	-
882-CAGGGCCACCA	ESR1_HUMAN.H11MO.1.A	0	0.00236434	1.81817	0.404785	10	CAGGGCCACCA	CAAGGTCACC	+
882-CAGGGCCACCA	RFX1_HUMAN.H11MO.1.B	1	0.00243623	1.87346	0.404785	10	CAGGGCCACCA	CCATGGCAACC	-
882-CAGGGCCACCA	NR5A2_HUMAN.H11MO.0.B	3	0.00243623	1.87346	0.404785	8	CAGGGCCACCA	GTTCAAGGCCA	+
882-CAGGGCCACCA	RFX4_HUMAN.H11MO.0.D	5	0.00269751	2.07438	0.404785	10	CAGGGCCACCA	GTTACCATGGCAACG	-
882-CAGGGCCACCA	ZSC31_HUMAN.H11MO.0.C	5	0.00275955	2.1221	0.404785	11	CAGGGCCACCA	GGCAGCAGGGCAGTTATG	+
882-CAGGGCCACCA	PRDM4_HUMAN.H11MO.0.D	3	0.00297073	2.28449	0.404785	11	CAGGGCCACCA	TTTCAAGGCCCCCCAC	-
882-CAGGGCCACCA	STF1_HUMAN.H11MO.0.B	3	0.00317551	2.44197	0.404785	8	CAGGGCCACCA	GCTCAAGGCCA	+
882-CAGGGCCACCA	RFX3_HUMAN.H11MO.0.B	4	0.0038255	2.94181	0.450129	10	CAGGGCCACCA	TTACCATGGCAACC	-
882-CAGGGCCACCA	ZBT7B_HUMAN.H11MO.0.D	8	0.00453106	3.48439	0.462009	11	CAGGGCCACCA	CCCGTTGCCATGGCAACGGCG	-
882-CAGGGCCACCA	KLF14_HUMAN.H11MO.0.D	2	0.0046907	3.60714	0.462009	11	CAGGGCCACCA	GCCACGCCCCCCT	-
882-CAGGGCCACCA	ERR2_HUMAN.H11MO.0.A	1	0.00483258	3.71625	0.462009	8	CAGGGCCACCA	TCAAGGTCA	+
882-CAGGGCCACCA	GLI1_HUMAN.H11MO.0.D	-2	0.00519156	3.99231	0.467133	9	CAGGGCCACCA	AGACCACCCAGG	-
882-CAGGGCCACCA	ERR1_HUMAN.H11MO.0.A	2	0.00615922	4.73644	0.474128	11	CAGGGCCACCA	CTCAAGGTCACACAG	+
882-CAGGGCCACCA	GLI2_HUMAN.H11MO.0.D	-2	0.00619918	4.76717	0.474128	9	CAGGGCCACCA	AGACCACCCAC	-
888-TATAAAGGGA	ZN410_HUMAN.H11MO.0.D	0	9.38052e-05	0.0721362	0.144272	10	TATAAAGGGA	TATTATGGGATGG	+
888-TATAAAGGGA	TBP_HUMAN.H11MO.0.A	1	0.000637143	0.489963	0.489963	9	TATAAAGGGA	CTATAAAAGG	+
899-CCGGGAGGTCGAGGC	ZN770_HUMAN.H11MO.0.C	-2	0.000259436	0.199506	0.312233	13	CCGGGAGGTCGAGGC	GGGAGGCTGAGGCGGGAGGATC	+
899-CCGGGAGGTCGAGGC	ZN770_HUMAN.H11MO.1.C	-2	0.000412105	0.316909	0.312233	11	CCGGGAGGTCGAGGC	GGGAGGCTGAG	+
899-CCGGGAGGTCGAGGC	ZBTB6_HUMAN.H11MO.0.C	-3	0.00157019	1.20747	0.403479	12	CCGGGAGGTCGAGGC	GGTGCTGGAGCCG	+
899-CCGGGAGGTCGAGGC	ZN768_HUMAN.H11MO.0.C	6	0.00217265	1.67077	0.403479	14	CCGGGAGGTCGAGGC	GAGGCTCAGAGAGGTTAAGT	+
899-CCGGGAGGTCGAGGC	RARA_HUMAN.H11MO.0.A	6	0.00227991	1.75325	0.403479	14	CCGGGAGGTCGAGGC	GGGGGATCAAGAGGTCAAGG	+
899-CCGGGAGGTCGAGGC	KLF9_HUMAN.H11MO.0.C	-1	0.00268564	2.06526	0.403479	14	CCGGGAGGTCGAGGC	GGAGGGGGCGTGGCC	+
899-CCGGGAGGTCGAGGC	WT1_HUMAN.H11MO.1.B	0	0.00270393	2.07932	0.403479	11	CCGGGAGGTCGAGGC	GTGGGAGGAGG	+
899-CCGGGAGGTCGAGGC	ZIC1_HUMAN.H11MO.0.B	-1	0.00309534	2.38032	0.403479	9	CCGGGAGGTCGAGGC	GGGGTGGTC	+
899-CCGGGAGGTCGAGGC	ZN263_HUMAN.H11MO.0.A	-2	0.00333586	2.56528	0.403479	13	CCGGGAGGTCGAGGC	GGGAGGAGGGAGAGGAGGAG	+
899-CCGGGAGGTCGAGGC	KLF14_HUMAN.H11MO.0.D	-2	0.00351646	2.70416	0.403479	13	CCGGGAGGTCGAGGC	AGGGGGGCGTGGC	+
899-CCGGGAGGTCGAGGC	GLI3_HUMAN.H11MO.0.B	0	0.00392341	3.0171	0.403479	11	CCGGGAGGTCGAGGC	TTGGGTGGTCC	+
899-CCGGGAGGTCGAGGC	ZN263_HUMAN.H11MO.1.A	0	0.00413466	3.17955	0.403479	11	CCGGGAGGTCGAGGC	GAGGGAGGAGG	+
899-CCGGGAGGTCGAGGC	THA11_HUMAN.H11MO.0.B	6	0.0041775	3.2125	0.403479	15	CCGGGAGGTCGAGGC	GGCATGCTGGGAGTTGTAGTTC	+
899-CCGGGAGGTCGAGGC	SP1_HUMAN.H11MO.1.A	-3	0.00418864	3.22107	0.403479	12	CCGGGAGGTCGAGGC	GGGGGGCGGGGCCG	+
899-CCGGGAGGTCGAGGC	WT1_HUMAN.H11MO.0.C	4	0.00421309	3.23987	0.403479	15	CCGGGAGGTCGAGGC	GGGCGGGGGAGGAGGGGGGG	+
899-CCGGGAGGTCGAGGC	ZN143_HUMAN.H11MO.0.A	6	0.00458499	3.52585	0.403479	15	CCGGGAGGTCGAGGC	GGCATTCTGGGAATTGTAGTTC	+
899-CCGGGAGGTCGAGGC	KLF12_HUMAN.H11MO.0.C	-4	0.00483385	3.71723	0.403479	11	CCGGGAGGTCGAGGC	AGGGGCGGGGC	+
899-CCGGGAGGTCGAGGC	RARB_HUMAN.H11MO.0.D	-4	0.00483385	3.71723	0.403479	11	CCGGGAGGTCGAGGC	GAGGTCAGGGC	+
899-CCGGGAGGTCGAGGC	GLIS3_HUMAN.H11MO.0.D	0	0.00548014	4.21423	0.403479	10	CCGGGAGGTCGAGGC	GTGGGGGGTA	+
899-CCGGGAGGTCGAGGC	ZN784_HUMAN.H11MO.0.D	0	0.00593824	4.56651	0.403479	11	CCGGGAGGTCGAGGC	GAGGTAGGTAC	+
899-CCGGGAGGTCGAGGC	KLF3_HUMAN.H11MO.0.B	0	0.00610529	4.69497	0.403479	15	CCGGGAGGTCGAGGC	GGGGAGGGGCGGGGCCGGG	+
899-CCGGGAGGTCGAGGC	NR2C1_HUMAN.H11MO.0.C	1	0.00627472	4.82526	0.403479	12	CCGGGAGGTCGAGGC	GGCCAGAGGTCAG	+
899-CCGGGAGGTCGAGGC	NR6A1_HUMAN.H11MO.0.B	-4	0.00657848	5.05885	0.403479	11	CCGGGAGGTCGAGGC	AAGTTCAAGGTCA	+
899-CCGGGAGGTCGAGGC	ZSC22_HUMAN.H11MO.0.C	2	0.0067195	5.1673	0.403479	14	CCGGGAGGTCGAGGC	GGTCTGAGGGAGGAGG	+
899-CCGGGAGGTCGAGGC	GLI2_HUMAN.H11MO.0.D	0	0.00691601	5.31841	0.403479	11	CCGGGAGGTCGAGGC	GTGGGTGGTCT	+
899-CCGGGAGGTCGAGGC	ZNF76_HUMAN.H11MO.0.C	8	0.00692299	5.32378	0.403479	14	CCGGGAGGTCGAGGC	GGGGCATTCTGGGAATTGTAGT	+
899-CCGGGAGGTCGAGGC	ZFX_HUMAN.H11MO.1.A	-3	0.0079037	6.07794	0.439145	12	CCGGGAGGTCGAGGC	GGGGGCGGAGGCCGGGG	+
899-CCGGGAGGTCGAGGC	ZN524_HUMAN.H11MO.0.D	4	0.00859223	6.60742	0.439145	14	CCGGGAGGTCGAGGC	GGGTTCGAGGGTTCGAGT	+
899-CCGGGAGGTCGAGGC	ZN467_HUMAN.H11MO.0.C	-1	0.00866233	6.66133	0.439145	14	CCGGGAGGTCGAGGC	GGGGAGGGGAGGGGGGGGGGGG	+
899-CCGGGAGGTCGAGGC	PATZ1_HUMAN.H11MO.1.C	-1	0.00869418	6.68583	0.439145	9	CCGGGAGGTCGAGGC	AGGGAGGGG	+
899-CCGGGAGGTCGAGGC	ZN219_HUMAN.H11MO.0.D	0	0.00929045	7.14436	0.449792	12	CCGGGAGGTCGAGGC	GAGGGGGGCGGA	+
899-CCGGGAGGTCGAGGC	GLI1_HUMAN.H11MO.0.D	1	0.0097421	7.49168	0.449792	11	CCGGGAGGTCGAGGC	CCTGGGTGGTCT	+
899-CCGGGAGGTCGAGGC	KLF4_HUMAN.H11MO.0.A	-5	0.00979548	7.53272	0.449792	10	CCGGGAGGTCGAGGC	AGGGTGTGGC	+
899-CCGGGAGGTCGAGGC	XBP1_HUMAN.H11MO.0.D	-4	0.0108198	8.3204	0.482214	11	CCGGGAGGTCGAGGC	GCTGACGTGGC	+
899-CCGGGAGGTCGAGGC	ZKSC3_HUMAN.H11MO.0.D	-7	0.0119275	9.17225	0.495121	8	CCGGGAGGTCGAGGC	TTCGAGGCTAG	+
899-CCGGGAGGTCGAGGC	THB_HUMAN.H11MO.1.D	-1	0.0120251	9.24733	0.495121	10	CCGGGAGGTCGAGGC	GGTCAGGTCA	+
899-CCGGGAGGTCGAGGC	COT1_HUMAN.H11MO.1.C	-1	0.01313	10.097	0.495121	13	CCGGGAGGTCGAGGC	GCAGAGGTCAGGG	+
899-CCGGGAGGTCGAGGC	GLIS1_HUMAN.H11MO.0.D	2	0.01313	10.097	0.495121	11	CCGGGAGGTCGAGGC	TCGTGGGGGGTCT	+
899-CCGGGAGGTCGAGGC	RARA_HUMAN.H11MO.1.A	-4	0.0133074	10.2334	0.495121	10	CCGGGAGGTCGAGGC	AAGGTCAGGG	+
899-CCGGGAGGTCGAGGC	SP1_HUMAN.H11MO.0.A	-3	0.0134229	10.3222	0.495121	12	CCGGGAGGTCGAGGC	GGGGGGCGGGGCCGGGGGGGGG	+
899-CCGGGAGGTCGAGGC	HEY2_HUMAN.H11MO.0.D	-2	0.013894	10.6844	0.495121	13	CCGGGAGGTCGAGGC	GGGGGCACGTGGCATTA	+
899-CCGGGAGGTCGAGGC	NR1H4_HUMAN.H11MO.0.B	0	0.0140501	10.8045	0.495121	15	CCGGGAGGTCGAGGC	CCTCGGGGTCATTGACCCC	-
899-CCGGGAGGTCGAGGC	KLF15_HUMAN.H11MO.0.A	-1	0.0140501	10.8045	0.495121	14	CCGGGAGGTCGAGGC	GGGGAGGAGCAGGGGGGGG	+
900-AAAGGAAGAAAGAA	ZN586_HUMAN.H11MO.0.C	4	0.000283499	0.218011	0.253044	14	AAAGGAAGAAAGAA	AGGCCTAGGAGGAAAAAATG	+
900-AAAGGAAGAAAGAA	HXC6_HUMAN.H11MO.0.D	0	0.00044885	0.345166	0.253044	14	AAAGGAAGAAAGAA	AAAGTAATAAATCAT	-
900-AAAGGAAGAAAGAA	SMCA1_HUMAN.H11MO.0.C	0	0.000584738	0.449664	0.253044	12	AAAGGAAGAAAGAA	CCAAGAAGAATG	+
900-AAAGGAAGAAAGAA	FLI1_HUMAN.H11MO.0.A	4	0.000695342	0.534718	0.253044	14	AAAGGAAGAAAGAA	GGAGGAAGGAAGGAGGGA	+
900-AAAGGAAGAAAGAA	ETV7_HUMAN.H11MO.0.D	-1	0.000827676	0.636483	0.253044	7	AAAGGAAGAAAGAA	CAGGAAG	+
900-AAAGGAAGAAAGAA	ZFP28_HUMAN.H11MO.0.C	4	0.0012465	0.958557	0.317575	14	AAAGGAAGAAAGAA	TGACACAAGAAGAAATAGAA	-
900-AAAGGAAGAAAGAA	SOX4_HUMAN.H11MO.0.B	-2	0.00193322	1.48665	0.366017	12	AAAGGAAGAAAGAA	GAGAACAAAGGA	-
900-AAAGGAAGAAAGAA	IRF3_HUMAN.H11MO.0.B	1	0.00226618	1.74269	0.366017	14	AAAGGAAGAAAGAA	GAAAGGGAAAGGGAAAGTGA	+
900-AAAGGAAGAAAGAA	PRDM6_HUMAN.H11MO.0.C	-2	0.00233925	1.79888	0.366017	12	AAAGGAAGAAAGAA	AAAAAGAAAAAAA	+
900-AAAGGAAGAAAGAA	ETV6_HUMAN.H11MO.0.D	0	0.00267292	2.05547	0.366017	9	AAAGGAAGAAAGAA	ACAGGAAGT	+
900-AAAGGAAGAAAGAA	ZN394_HUMAN.H11MO.1.D	1	0.00301376	2.31758	0.366017	8	AAAGGAAGAAAGAA	GAATGGAAT	+
900-AAAGGAAGAAAGAA	ZN680_HUMAN.H11MO.0.C	5	0.00333588	2.56529	0.366017	14	AAAGGAAGAAAGAA	CATGTCCAAGAAGAATGAGG	+
900-AAAGGAAGAAAGAA	BC11A_HUMAN.H11MO.0.A	3	0.00349516	2.68778	0.366017	14	AAAGGAAGAAAGAA	AAAAGAGGAAGTGAAAA	+
900-AAAGGAAGAAAGAA	IRF5_HUMAN.H11MO.0.D	1	0.00366904	2.82149	0.366017	14	AAAGGAAGAAAGAA	TAAAGGAAAGCCAAAAGTGA	+
900-AAAGGAAGAAAGAA	SOX10_HUMAN.H11MO.1.A	-2	0.00382385	2.94054	0.366017	12	AAAGGAAGAAAGAA	GAGAACAAAGGAA	-
900-AAAGGAAGAAAGAA	ETV4_HUMAN.H11MO.0.B	1	0.00383103	2.94606	0.366017	10	AAAGGAAGAAAGAA	AACAGGAAGGG	+
900-AAAGGAAGAAAGAA	FOXL1_HUMAN.H11MO.0.D	2	0.00472424	3.63294	0.424805	14	AAAGGAAGAAAGAA	AAAAGTAAACAAACAAACA	-
907-AGGGTGGTCTTG	PRDM4_HUMAN.H11MO.0.D	1	3.33253e-05	0.0256271	0.0303364	12	AGGGTGGTCTTG	GTGGGGGGCCTTGAAA	+
907-AGGGTGGTCTTG	GLI2_HUMAN.H11MO.0.D	1	4.77378e-05	0.0367103	0.0303364	10	AGGGTGGTCTTG	GTGGGTGGTCT	+
907-AGGGTGGTCTTG	GLI3_HUMAN.H11MO.0.B	1	7.60312e-05	0.058468	0.0303364	10	AGGGTGGTCTTG	TTGGGTGGTCC	+
907-AGGGTGGTCTTG	GLI1_HUMAN.H11MO.0.D	2	7.89144e-05	0.0606851	0.0303364	10	AGGGTGGTCTTG	CCTGGGTGGTCT	+
907-AGGGTGGTCTTG	ZN449_HUMAN.H11MO.0.C	0	0.000365661	0.281193	0.112455	11	AGGGTGGTCTTG	TGGTTGGGCTT	+
907-AGGGTGGTCTTG	ZIC1_HUMAN.H11MO.0.B	0	0.000801874	0.616641	0.205505	9	AGGGTGGTCTTG	GGGGTGGTC	+
907-AGGGTGGTCTTG	GLIS1_HUMAN.H11MO.0.D	3	0.00175028	1.34596	0.384483	10	AGGGTGGTCTTG	TCGTGGGGGGTCT	+
912-CAGTTGCTCC	BHA15_HUMAN.H11MO.0.B	1	0.000219231	0.168589	0.315029	10	CAGTTGCTCC	CCAGCTGCTGC	-
912-CAGTTGCTCC	HEN1_HUMAN.H11MO.0.C	7	0.000414291	0.31859	0.315029	10	CAGTTGCTCC	AGGGACGCAGCTGCTCCCCA	-
912-CAGTTGCTCC	PTF1A_HUMAN.H11MO.1.B	1	0.00144282	1.10953	0.474638	8	CAGTTGCTCC	CCAGCTGCT	-
912-CAGTTGCTCC	ASCL2_HUMAN.H11MO.0.D	1	0.00153397	1.17962	0.474638	8	CAGTTGCTCC	CCAGCTGCT	+
912-CAGTTGCTCC	RFX5_HUMAN.H11MO.1.A	0	0.00291964	2.2452	0.474638	10	CAGTTGCTCC	CTGTTGCTAGG	+
912-CAGTTGCTCC	MYF6_HUMAN.H11MO.0.C	0	0.00313726	2.41255	0.474638	7	CAGTTGCTCC	CAGCTGC	+
912-CAGTTGCTCC	ASCL1_HUMAN.H11MO.0.A	3	0.00369104	2.83841	0.474638	10	CAGTTGCTCC	CTGCACCTGCTCCC	+
912-CAGTTGCTCC	PTF1A_HUMAN.H11MO.0.B	1	0.00372138	2.86174	0.474638	10	CAGTTGCTCC	CCAGCTGCCCCCTTTCCC	+
912-CAGTTGCTCC	MYOG_HUMAN.H11MO.0.B	3	0.00428664	3.29643	0.474638	10	CAGTTGCTCC	CCGCAGCTGTCCC	+
912-CAGTTGCTCC	ZBT18_HUMAN.H11MO.0.C	2	0.00428761	3.29717	0.474638	9	CAGTTGCTCC	TCCAGATGTGG	+
912-CAGTTGCTCC	MYOD1_HUMAN.H11MO.0.A	1	0.00430096	3.30744	0.474638	10	CAGTTGCTCC	GCAGCTGTTCCTGCC	+
912-CAGTTGCTCC	MYOD1_HUMAN.H11MO.1.A	2	0.00452592	3.48043	0.474638	9	CAGTTGCTCC	GACAGCTGCAG	-
912-CAGTTGCTCC	SPIB_HUMAN.H11MO.0.A	3	0.00468142	3.60001	0.474638	10	CAGTTGCTCC	TTTCACTTCCTCTTTTT	-
912-CAGTTGCTCC	TFAP4_HUMAN.H11MO.0.A	1	0.00541414	4.16347	0.490303	9	CAGTTGCTCC	CCAGCTGTTT	+
912-CAGTTGCTCC	ITF2_HUMAN.H11MO.0.C	2	0.0057124	4.39284	0.490303	8	CAGTTGCTCC	CCCAGCTGCC	-
912-CAGTTGCTCC	IRF4_HUMAN.H11MO.0.A	5	0.00580312	4.4626	0.490303	10	CAGTTGCTCC	AGTTTCACTTCCTCTTTT	-
912-CAGTTGCTCC	TFE2_HUMAN.H11MO.0.A	2	0.00623438	4.79423	0.499017	9	CAGTTGCTCC	CACAGCTGCAG	+
914-CCYACCCCCTTCMTG	ZN281_HUMAN.H11MO.0.A	2	1.43696e-05	0.0110502	0.021481	13	CCTACCCCCTTCATG	TCCCCTCCCCCACCC	-
914-CCYACCCCCTTCMTG	EGR4_HUMAN.H11MO.0.D	2	6.41034e-05	0.0492955	0.0365776	9	CCTACCCCCTTCATG	GCCCTGCCGCC	-
914-CCYACCCCCTTCMTG	ZN148_HUMAN.H11MO.0.D	1	7.34048e-05	0.0564483	0.0365776	14	CCTACCCCCTTCATG	CCCCTCCCCCACCCC	-
914-CCYACCCCCTTCMTG	ZN740_HUMAN.H11MO.0.D	0	0.000177331	0.136368	0.0662729	14	CCTACCCCCTTCATG	CCCACCCCCCCCCC	-
914-CCYACCCCCTTCMTG	ZBT17_HUMAN.H11MO.0.A	4	0.000248713	0.19126	0.07436	15	CCTACCCCCTTCATG	CTTCCCCTCCCCCACCCTC	-
914-CCYACCCCCTTCMTG	ZN219_HUMAN.H11MO.0.D	0	0.0003906	0.300371	0.0973177	12	CCTACCCCCTTCATG	TCCGCCCCCCTC	-
914-CCYACCCCCTTCMTG	INSM1_HUMAN.H11MO.0.C	-2	0.000569331	0.437815	0.121585	12	CCTACCCCCTTCATG	TGCCCCCTGACA	-
914-CCYACCCCCTTCMTG	ZN549_HUMAN.H11MO.0.C	2	0.000804554	0.618702	0.142435	15	CCTACCCCCTTCATG	GTGCTGCCCAATTCATGAAT	-
914-CCYACCCCCTTCMTG	MAZ_HUMAN.H11MO.1.A	-4	0.000857528	0.659439	0.142435	11	CCTACCCCCTTCATG	CCCCCTCCCTC	-
914-CCYACCCCCTTCMTG	GLIS3_HUMAN.H11MO.0.D	-2	0.00112891	0.868129	0.154821	10	CCTACCCCCTTCATG	TACCCCCCAC	-
914-CCYACCCCCTTCMTG	SP4_HUMAN.H11MO.1.A	4	0.00113923	0.876069	0.154821	12	CCTACCCCCTTCATG	CGGCCCCGCCCCCTCC	-
914-CCYACCCCCTTCMTG	PATZ1_HUMAN.H11MO.1.C	-5	0.00139576	1.07334	0.171789	9	CCTACCCCCTTCATG	CCCCTCCCT	-
914-CCYACCCCCTTCMTG	KLF15_HUMAN.H11MO.0.A	5	0.00149392	1.14883	0.171789	14	CCTACCCCCTTCATG	CCCCCCCCTGCTCCTCCCC	-
914-CCYACCCCCTTCMTG	KLF9_HUMAN.H11MO.0.C	3	0.00170126	1.30827	0.173855	12	CCTACCCCCTTCATG	GGCCACGCCCCCTCC	-
914-CCYACCCCCTTCMTG	MAZ_HUMAN.H11MO.0.A	7	0.00175349	1.34843	0.173855	15	CCTACCCCCTTCATG	CCCCCCCCCCCCCCCCTCCCCC	-
914-CCYACCCCCTTCMTG	TBX15_HUMAN.H11MO.0.D	2	0.00194663	1.49696	0.173855	15	CCTACCCCCTTCATG	CCCCCACCCCCCCCCCCCC	-
914-CCYACCCCCTTCMTG	GLIS1_HUMAN.H11MO.0.D	-1	0.00197708	1.52037	0.173855	13	CCTACCCCCTTCATG	AGACCCCCCACGA	-
914-CCYACCCCCTTCMTG	SP2_HUMAN.H11MO.1.B	2	0.00211778	1.62857	0.175882	10	CCTACCCCCTTCATG	GCCCCGCCCCCT	-
914-CCYACCCCCTTCMTG	SP4_HUMAN.H11MO.0.A	6	0.00223569	1.71925	0.175902	14	CCTACCCCCTTCATG	CCCGGCCCCGCCCCCTTCCC	-
914-CCYACCCCCTTCMTG	GLIS2_HUMAN.H11MO.0.D	-2	0.00244541	1.88052	0.181516	13	CCTACCCCCTTCATG	GACCCCCCGCGAAG	-
914-CCYACCCCCTTCMTG	KLF4_HUMAN.H11MO.0.A	0	0.00256484	1.97236	0.181516	10	CCTACCCCCTTCATG	GCCACACCCT	-
914-CCYACCCCCTTCMTG	ZN467_HUMAN.H11MO.0.C	8	0.00267132	2.05424	0.181516	14	CCTACCCCCTTCATG	CCCCCCCCCCCCTCCCCTCCCC	-
914-CCYACCCCCTTCMTG	SP3_HUMAN.H11MO.0.B	7	0.0030495	2.34507	0.186498	13	CCTACCCCCTTCATG	CCCCGGCCCCGCCCCCCCCC	-
914-CCYACCCCCTTCMTG	SALL4_HUMAN.H11MO.0.B	0	0.00307978	2.36835	0.186498	10	CCTACCCCCTTCATG	CCCACCCTCC	-
914-CCYACCCCCTTCMTG	CTCFL_HUMAN.H11MO.0.A	1	0.00315747	2.42809	0.186498	15	CCTACCCCCTTCATG	CGGCGCCCCCTGGCGGC	-
914-CCYACCCCCTTCMTG	FLI1_HUMAN.H11MO.0.A	-2	0.00325483	2.50296	0.186498	13	CCTACCCCCTTCATG	TCCCTCCTTCCTTCCTCC	-
914-CCYACCCCCTTCMTG	EGR2_HUMAN.H11MO.0.A	1	0.00342444	2.6334	0.186498	15	CCTACCCCCTTCATG	CCCCTCCCACACCCCCCC	-
914-CCYACCCCCTTCMTG	TBX1_HUMAN.H11MO.0.D	3	0.00355378	2.73286	0.186498	15	CCTACCCCCTTCATG	CCGCCCACCCCTGCCCACCC	-
914-CCYACCCCCTTCMTG	ZSC22_HUMAN.H11MO.0.C	-1	0.00361794	2.78219	0.186498	14	CCTACCCCCTTCATG	CCTCCTCCCTCAGACC	-
914-CCYACCCCCTTCMTG	KLF6_HUMAN.H11MO.0.A	2	0.00380177	2.92356	0.189442	15	CCTACCCCCTTCATG	CCCCCGGCCCCGCCCTTCC	-
914-CCYACCCCCTTCMTG	GCM2_HUMAN.H11MO.0.D	-1	0.00431811	3.32063	0.20823	11	CCTACCCCCTTCATG	ATACCCGCATC	-
914-CCYACCCCCTTCMTG	EGR1_HUMAN.H11MO.0.A	2	0.00472464	3.63325	0.213673	15	CCTACCCCCTTCATG	CCCCCGCCCACGCCCTC	-
914-CCYACCCCCTTCMTG	KLF5_HUMAN.H11MO.0.A	0	0.00486717	3.74285	0.213673	14	CCTACCCCCTTCATG	CCCAGCCCCACCCT	-
914-CCYACCCCCTTCMTG	KLF3_HUMAN.H11MO.0.B	4	0.0048829	3.75495	0.213673	15	CCTACCCCCTTCATG	CCCGGCCCCGCCCCTCCCC	-
914-CCYACCCCCTTCMTG	KLF8_HUMAN.H11MO.0.C	-2	0.00506182	3.89254	0.213673	9	CCTACCCCCTTCATG	CACCCCCTG	-
914-CCYACCCCCTTCMTG	KLF1_HUMAN.H11MO.0.A	0	0.00539644	4.14986	0.213673	14	CCTACCCCCTTCATG	CCCGGCCCCGCCCC	-
914-CCYACCCCCTTCMTG	ZN784_HUMAN.H11MO.0.D	3	0.00540778	4.15859	0.213673	8	CCTACCCCCTTCATG	GTACCTACCTC	-
914-CCYACCCCCTTCMTG	WT1_HUMAN.H11MO.0.C	1	0.00557591	4.28787	0.213673	15	CCTACCCCCTTCATG	CCCCCCCTCCTCCCCCGCCC	-
914-CCYACCCCCTTCMTG	SP1_HUMAN.H11MO.1.A	4	0.00568077	4.36851	0.213673	10	CCTACCCCCTTCATG	CGGCCCCGCCCCCC	-
914-CCYACCCCCTTCMTG	SP2_HUMAN.H11MO.0.A	8	0.00571739	4.39667	0.213673	14	CCTACCCCCTTCATG	CCCCCGGCCCCGCCCCCCCCCC	-
914-CCYACCCCCTTCMTG	VEZF1_HUMAN.H11MO.0.C	1	0.00600708	4.61944	0.219024	15	CCTACCCCCTTCATG	CCCCTCCCCCTCCCCCCTCCCC	-
914-CCYACCCCCTTCMTG	ZN335_HUMAN.H11MO.0.A	6	0.00631043	4.85272	0.224604	15	CCTACCCCCTTCATG	GGCTGTCCTCGGCGCTGCCTGA	+
914-CCYACCCCCTTCMTG	ZN263_HUMAN.H11MO.0.A	7	0.00646064	4.96823	0.224604	13	CCTACCCCCTTCATG	CTCCTCCTCTCCCTCCTCCC	-
914-CCYACCCCCTTCMTG	VEZF1_HUMAN.H11MO.1.C	-4	0.00711737	5.47326	0.230767	11	CCTACCCCCTTCATG	CCCCCTCCCTCT	-
914-CCYACCCCCTTCMTG	SPIC_HUMAN.H11MO.0.D	-2	0.00724404	5.57067	0.230767	13	CCTACCCCCTTCATG	CCTCCCCTTCCTC	-
914-CCYACCCCCTTCMTG	ERG_HUMAN.H11MO.0.A	-5	0.00724404	5.57067	0.230767	10	CCTACCCCCTTCATG	CCACTTCCTGCCC	-
914-CCYACCCCCTTCMTG	EGR2_HUMAN.H11MO.1.A	2	0.00725537	5.57938	0.230767	14	CCTACCCCCTTCATG	CCCCCGCCCACGCCCC	-
914-CCYACCCCCTTCMTG	WT1_HUMAN.H11MO.1.B	0	0.00752796	5.789	0.234073	11	CCTACCCCCTTCATG	CCTCCTCCCAC	-
914-CCYACCCCCTTCMTG	PATZ1_HUMAN.H11MO.0.C	8	0.00767248	5.90014	0.234073	14	CCTACCCCCTTCATG	CCTCCCCCCCCGCCCCCTCCCC	-
914-CCYACCCCCTTCMTG	TBX3_HUMAN.H11MO.0.C	-1	0.00794843	6.11234	0.237359	11	CCTACCCCCTTCATG	TTCCCACCTCC	-
914-CCYACCCCCTTCMTG	ETV5_HUMAN.H11MO.0.C	-4	0.00809774	6.22716	0.237359	11	CCTACCCCCTTCATG	CTCACTTCCTGCTC	-
914-CCYACCCCCTTCMTG	FLI1_HUMAN.H11MO.1.A	-5	0.00936151	7.199	0.269125	10	CCTACCCCCTTCATG	CCACTTCCTGCCT	-
914-CCYACCCCCTTCMTG	NKX25_HUMAN.H11MO.0.B	-5	0.0107999	8.30509	0.304617	8	CCTACCCCCTTCATG	CCTCTCCA	-
914-CCYACCCCCTTCMTG	ETS1_HUMAN.H11MO.0.A	-5	0.0114533	8.80762	0.31059	10	CCTACCCCCTTCATG	CCACTTCCTGTCT	-
914-CCYACCCCCTTCMTG	ZIC1_HUMAN.H11MO.0.B	1	0.0116335	8.94615	0.31059	8	CCTACCCCCTTCATG	GACCACCCC	-
914-CCYACCCCCTTCMTG	KLF16_HUMAN.H11MO.0.D	-1	0.0116349	8.94726	0.31059	14	CCTACCCCCTTCATG	CCCCCCCCCCCCCGCCCCC	-
914-CCYACCCCCTTCMTG	ZN816_HUMAN.H11MO.0.C	5	0.0122651	9.43186	0.321668	15	CCTACCCCCTTCATG	CCCTGCATGTCCCCCTTTTTT	-
914-CCYACCCCCTTCMTG	E2F1_HUMAN.H11MO.0.A	0	0.0126121	9.69873	0.325066	14	CCTACCCCCTTCATG	CTTTCCCGCCCCCC	-
914-CCYACCCCCTTCMTG	ETV2_HUMAN.H11MO.0.B	-4	0.014111	10.8514	0.354376	11	CCTACCCCCTTCATG	CCCACTTCCTGTTTCC	-
914-CCYACCCCCTTCMTG	SP1_HUMAN.H11MO.0.A	12	0.0142234	10.9378	0.354376	10	CCTACCCCCTTCATG	CCCCCCCCCGGCCCCGCCCCCC	-
914-CCYACCCCCTTCMTG	ETV4_HUMAN.H11MO.0.B	-6	0.014998	11.5335	0.367549	9	CCTACCCCCTTCATG	CCCTTCCTGTT	-
914-CCYACCCCCTTCMTG	ETV7_HUMAN.H11MO.0.D	-8	0.0153489	11.8033	0.370081	7	CCTACCCCCTTCATG	CTTCCTG	-
914-CCYACCCCCTTCMTG	ZN263_HUMAN.H11MO.1.A	0	0.0157903	12.1427	0.374681	11	CCTACCCCCTTCATG	CCTCCTCCCTC	-
914-CCYACCCCCTTCMTG	ZBT48_HUMAN.H11MO.0.C	0	0.0161613	12.428	0.375721	12	CCTACCCCCTTCATG	CACGGTCCCTAA	-
914-CCYACCCCCTTCMTG	ZN341_HUMAN.H11MO.0.C	6	0.0163368	12.563	0.375721	15	CCTACCCCCTTCATG	GCTCTTCCCTCCCCCCCCCCCC	-
914-CCYACCCCCTTCMTG	NKX23_HUMAN.H11MO.0.D	-3	0.0166208	12.7814	0.37646	11	CCTACCCCCTTCATG	AACCACTTAAC	-
914-CCYACCCCCTTCMTG	KLF13_HUMAN.H11MO.0.D	0	0.0174911	13.4506	0.390259	11	CCTACCCCCTTCATG	CACGCCCCCCT	-
914-CCYACCCCCTTCMTG	ZN436_HUMAN.H11MO.0.C	-4	0.0177586	13.6563	0.390401	11	CCTACCCCCTTCATG	CCTCCTCCAGGAAGCCTTCCCTGA	-
914-CCYACCCCCTTCMTG	TAF1_HUMAN.H11MO.0.A	2	0.0185888	14.2948	0.399536	14	CCTACCCCCTTCATG	CCGCCGCCGCCATCTT	-
914-CCYACCCCCTTCMTG	E2F6_HUMAN.H11MO.0.A	1	0.0187086	14.3869	0.399536	12	CCTACCCCCTTCATG	CCCTTCCCGCCCC	-
914-CCYACCCCCTTCMTG	KLF12_HUMAN.H11MO.0.C	1	0.0193578	14.8862	0.401957	10	CCTACCCCCTTCATG	GCCCCGCCCCT	-
914-CCYACCCCCTTCMTG	ZN816_HUMAN.H11MO.1.C	2	0.0193628	14.89	0.401957	12	CCTACCCCCTTCATG	TGCATGTCCCCCTT	-
914-CCYACCCCCTTCMTG	KLF14_HUMAN.H11MO.0.D	0	0.0196287	15.0945	0.401957	13	CCTACCCCCTTCATG	GCCACGCCCCCCT	-
914-CCYACCCCCTTCMTG	CTCF_HUMAN.H11MO.0.A	1	0.0210961	16.2229	0.412491	15	CCTACCCCCTTCATG	TGGCGCCCCCTGGTGGCCA	-
914-CCYACCCCCTTCMTG	GCM1_HUMAN.H11MO.0.D	0	0.0212562	16.346	0.412491	14	CCTACCCCCTTCATG	AATACCCGCATGTG	-
914-CCYACCCCCTTCMTG	TFDP1_HUMAN.H11MO.0.C	0	0.0212562	16.346	0.412491	14	CCTACCCCCTTCATG	TTTTCCCGCCCCCC	-
914-CCYACCCCCTTCMTG	ELF5_HUMAN.H11MO.0.A	2	0.0213312	16.4037	0.412491	13	CCTACCCCCTTCATG	CCACTTCCTCCTTCC	-
914-CCYACCCCCTTCMTG	ETV6_HUMAN.H11MO.0.D	-7	0.0215227	16.551	0.412491	8	CCTACCCCCTTCATG	ACTTCCTGT	-
914-CCYACCCCCTTCMTG	PPARG_HUMAN.H11MO.0.A	3	0.0234312	18.0186	0.432752	14	CCTACCCCCTTCATG	TGACCTTTGCCCCACTT	-
914-CCYACCCCCTTCMTG	PURA_HUMAN.H11MO.0.D	5	0.0234312	18.0186	0.432752	12	CCTACCCCCTTCATG	CCCTGCCCCCCCCTTCC	-
914-CCYACCCCCTTCMTG	ZN652_HUMAN.H11MO.0.D	0	0.0236473	18.1847	0.432752	11	CCTACCCCCTTCATG	ATTAACCCTTT	-
914-CCYACCCCCTTCMTG	MZF1_HUMAN.H11MO.0.B	0	0.0237378	18.2544	0.432752	13	CCTACCCCCTTCATG	CCCAATCCCCTCC	-
914-CCYACCCCCTTCMTG	ELK1_HUMAN.H11MO.0.B	-5	0.0248467	19.1071	0.44751	10	CCTACCCCCTTCATG	CCACTTCCGGT	-
914-CCYACCCCCTTCMTG	E2F4_HUMAN.H11MO.0.A	0	0.0260739	20.0508	0.464022	13	CCTACCCCCTTCATG	ATTTCCCGCCCCC	-
914-CCYACCCCCTTCMTG	PROX1_HUMAN.H11MO.0.D	2	0.0267498	20.5706	0.46498	15	CCTACCCCCTTCATG	CCCAACCCGCCTTACCC	-
914-CCYACCCCCTTCMTG	ZBTB4_HUMAN.H11MO.0.D	1	0.0267498	20.5706	0.46498	15	CCTACCCCCTTCATG	CCCACCTGCCATCTAGG	-
914-CCYACCCCCTTCMTG	EHF_HUMAN.H11MO.0.B	-4	0.0279329	21.4804	0.479964	11	CCTACCCCCTTCATG	GCCACTTCCTGGTTC	-
914-CCYACCCCCTTCMTG	PPARD_HUMAN.H11MO.0.D	3	0.029296	22.5286	0.497665	11	CCTACCCCCTTCATG	TGACCTTTGTCCTA	-
915-CGTGGGCGA	KLF13_HUMAN.H11MO.0.D	1	0.000442431	0.34023	0.39378	9	CGTGGGCGA	AGGGGGGCGTG	+
915-CGTGGGCGA	EGR1_HUMAN.H11MO.0.A	5	0.000610065	0.46914	0.39378	9	CGTGGGCGA	GAGGGCGTGGGCGGGGG	+
915-CGTGGGCGA	EGR3_HUMAN.H11MO.0.D	2	0.000959501	0.737856	0.39378	9	CGTGGGCGA	AGAGTGGGTGT	+
915-CGTGGGCGA	GLIS1_HUMAN.H11MO.0.D	1	0.00114962	0.884061	0.39378	9	CGTGGGCGA	TCGTGGGGGGTCT	+
915-CGTGGGCGA	EGR2_HUMAN.H11MO.1.A	4	0.0012821	0.985938	0.39378	9	CGTGGGCGA	GGGGCGTGGGCGGGGG	+
915-CGTGGGCGA	ARNT2_HUMAN.H11MO.0.D	2	0.00156081	1.20026	0.399483	9	CGTGGGCGA	GGCGTGGGAGGC	+
916-CTGCATATCA	PO5F1_HUMAN.H11MO.0.A	2	0.000261529	0.201116	0.40215	10	CTGCATATCA	ATTTGCATAACAAAGG	-
923-GGCGGGGCGGA	SP1_HUMAN.H11MO.1.A	4	4.94154e-06	0.00380004	0.00741983	10	GGCGGGGCGGA	GGGGGGCGGGGCCG	+
923-GGCGGGGCGGA	SP1_HUMAN.H11MO.0.A	4	1.29989e-05	0.00999618	0.0097591	11	GGCGGGGCGGA	GGGGGGCGGGGCCGGGGGGGGG	+
923-GGCGGGGCGGA	KLF12_HUMAN.H11MO.0.C	3	2.21931e-05	0.0170665	0.0111078	8	GGCGGGGCGGA	AGGGGCGGGGC	+
923-GGCGGGGCGGA	ZN219_HUMAN.H11MO.0.D	1	3.15033e-05	0.0242261	0.0118257	11	GGCGGGGCGGA	GAGGGGGGCGGA	+
923-GGCGGGGCGGA	SP2_HUMAN.H11MO.0.A	8	9.62006e-05	0.0739782	0.0283048	11	GGCGGGGCGGA	GGGGGGGGGGCGGGGCCGGGGG	+
923-GGCGGGGCGGA	SP3_HUMAN.H11MO.0.B	7	0.000113104	0.0869771	0.0283048	11	GGCGGGGCGGA	GGGGGGGGGCGGGGCCGGGG	+
923-GGCGGGGCGGA	SP2_HUMAN.H11MO.1.B	4	0.000151572	0.116559	0.0289579	8	GGCGGGGCGGA	AGGGGGCGGGGC	+
923-GGCGGGGCGGA	SP4_HUMAN.H11MO.1.A	6	0.000154286	0.118646	0.0289579	10	GGCGGGGCGGA	GGAGGGGGCGGGGCCG	+
923-GGCGGGGCGGA	KLF1_HUMAN.H11MO.0.A	2	0.000245243	0.188592	0.0346826	11	GGCGGGGCGGA	GGGGCGGGGCCGGG	+
923-GGCGGGGCGGA	SP4_HUMAN.H11MO.0.A	8	0.000246951	0.189906	0.0346826	11	GGCGGGGCGGA	GGGAAGGGGGCGGGGCCGGG	+
923-GGCGGGGCGGA	KLF3_HUMAN.H11MO.0.B	7	0.000254081	0.195388	0.0346826	11	GGCGGGGCGGA	GGGGAGGGGCGGGGCCGGG	+
923-GGCGGGGCGGA	KLF5_HUMAN.H11MO.0.A	2	0.000277316	0.213256	0.0346997	11	GGCGGGGCGGA	AGGGTGGGGCTGGG	+
923-GGCGGGGCGGA	KLF16_HUMAN.H11MO.0.D	3	0.000393366	0.302498	0.0454345	11	GGCGGGGCGGA	GGGGGCGGGGGGGGGGGGG	+
923-GGCGGGGCGGA	EGR4_HUMAN.H11MO.0.D	0	0.000513946	0.395224	0.0551215	11	GGCGGGGCGGA	GGCGGCAGGGC	+
923-GGCGGGGCGGA	ZN740_HUMAN.H11MO.0.D	3	0.000640489	0.492536	0.0641139	11	GGCGGGGCGGA	GGGGGGGGGGTGGG	+
923-GGCGGGGCGGA	KLF4_HUMAN.H11MO.0.A	2	0.000706298	0.543143	0.0662826	8	GGCGGGGCGGA	AGGGTGTGGC	+
923-GGCGGGGCGGA	KLF6_HUMAN.H11MO.0.A	5	0.00108687	0.835801	0.0959975	11	GGCGGGGCGGA	GGAAGGGCGGGGCCGGGGG	+
923-GGCGGGGCGGA	E2F4_HUMAN.H11MO.0.A	3	0.00150759	1.15934	0.109642	10	GGCGGGGCGGA	GGGGGCGGGAAAT	+
923-GGCGGGGCGGA	KLF9_HUMAN.H11MO.0.C	6	0.00152494	1.17268	0.109642	9	GGCGGGGCGGA	GGAGGGGGCGTGGCC	+
923-GGCGGGGCGGA	MAZ_HUMAN.H11MO.1.A	3	0.00152585	1.17338	0.109642	8	GGCGGGGCGGA	GAGGGAGGGGG	+
923-GGCGGGGCGGA	TBX15_HUMAN.H11MO.0.D	6	0.00153343	1.1792	0.109642	11	GGCGGGGCGGA	GGGGGGGGGGGGGTGGGGG	+
923-GGCGGGGCGGA	ZN148_HUMAN.H11MO.0.D	3	0.00180056	1.38463	0.12289	11	GGCGGGGCGGA	GGGGTGGGGGAGGGG	+
923-GGCGGGGCGGA	E2F7_HUMAN.H11MO.0.B	2	0.0020925	1.60913	0.134523	11	GGCGGGGCGGA	GGGGCGGGAAAGG	+
923-GGCGGGGCGGA	WT1_HUMAN.H11MO.0.C	2	0.00223458	1.71839	0.134523	11	GGCGGGGCGGA	GGGCGGGGGAGGAGGGGGGG	+
923-GGCGGGGCGGA	KLF13_HUMAN.H11MO.0.D	0	0.00223977	1.72239	0.134523	11	GGCGGGGCGGA	AGGGGGGCGTG	+
923-GGCGGGGCGGA	ZN281_HUMAN.H11MO.0.A	4	0.00249719	1.92034	0.13954	11	GGCGGGGCGGA	GGGTGGGGGAGGGGA	+
923-GGCGGGGCGGA	KLF15_HUMAN.H11MO.0.A	2	0.00267785	2.05926	0.13954	11	GGCGGGGCGGA	GGGGAGGAGCAGGGGGGGG	+
923-GGCGGGGCGGA	TFDP1_HUMAN.H11MO.0.C	4	0.00273562	2.10369	0.13954	10	GGCGGGGCGGA	GGGGGGCGGGAAAA	+
923-GGCGGGGCGGA	E2F6_HUMAN.H11MO.0.A	2	0.00288488	2.21847	0.13954	11	GGCGGGGCGGA	GGGGCGGGAAGGG	+
923-GGCGGGGCGGA	E2F1_HUMAN.H11MO.0.A	4	0.00288527	2.21878	0.13954	10	GGCGGGGCGGA	GGGGGGCGGGAAAG	+
923-GGCGGGGCGGA	ZN331_HUMAN.H11MO.0.C	0	0.00294411	2.26402	0.13954	11	GGCGGGGCGGA	GGCTGGGCTCAGCTGGGTGG	+
923-GGCGGGGCGGA	EGR1_HUMAN.H11MO.0.A	4	0.00297382	2.28687	0.13954	11	GGCGGGGCGGA	GAGGGCGTGGGCGGGGG	+
923-GGCGGGGCGGA	TBX1_HUMAN.H11MO.0.D	6	0.00328286	2.52452	0.14933	11	GGCGGGGCGGA	GGGTGGGCAGGGGTGGGCGG	+
923-GGCGGGGCGGA	GLIS2_HUMAN.H11MO.0.D	3	0.00338138	2.60028	0.14933	11	GGCGGGGCGGA	CTTCGCGGGGGGTC	+
923-GGCGGGGCGGA	ZIC4_HUMAN.H11MO.0.D	4	0.00362575	2.7882	0.155547	11	GGCGGGGCGGA	GCACAGCGGGGGGTC	+
923-GGCGGGGCGGA	MAZ_HUMAN.H11MO.0.A	3	0.00409014	3.14532	0.170595	11	GGCGGGGCGGA	GGGGGAGGGGGGGGGGGGGGGG	+
923-GGCGGGGCGGA	ZN449_HUMAN.H11MO.0.C	1	0.00424066	3.26107	0.172093	10	GGCGGGGCGGA	TGGTTGGGCTT	+
923-GGCGGGGCGGA	ZSC31_HUMAN.H11MO.0.C	3	0.00510076	3.92248	0.20155	11	GGCGGGGCGGA	GGCAGCAGGGCAGTTATG	+
923-GGCGGGGCGGA	GLIS3_HUMAN.H11MO.0.D	-1	0.00543452	4.17915	0.209232	10	GGCGGGGCGGA	GTGGGGGGTA	+
923-GGCGGGGCGGA	ZN263_HUMAN.H11MO.1.A	-2	0.00578052	4.44522	0.21699	9	GGCGGGGCGGA	GAGGGAGGAGG	+
923-GGCGGGGCGGA	EGR2_HUMAN.H11MO.1.A	3	0.006043	4.64707	0.22131	11	GGCGGGGCGGA	GGGGCGTGGGCGGGGG	+
923-GGCGGGGCGGA	E2F2_HUMAN.H11MO.0.B	-3	0.00636671	4.896	0.227613	8	GGCGGGGCGGA	GGCGCGAAAC	+
923-GGCGGGGCGGA	EGR2_HUMAN.H11MO.0.A	6	0.0069509	5.34524	0.242702	11	GGCGGGGCGGA	GGGGGGGTGTGGGAGGGG	+
923-GGCGGGGCGGA	ARNT2_HUMAN.H11MO.0.D	0	0.00726565	5.58728	0.242702	11	GGCGGGGCGGA	GGCGTGGGAGGC	+
923-GGCGGGGCGGA	KLF14_HUMAN.H11MO.0.D	5	0.00727367	5.59345	0.242702	8	GGCGGGGCGGA	AGGGGGGCGTGGC	+
923-GGCGGGGCGGA	SALL4_HUMAN.H11MO.0.B	-1	0.00784091	6.02966	0.255941	10	GGCGGGGCGGA	GGAGGGTGGG	+
923-GGCGGGGCGGA	GLIS1_HUMAN.H11MO.0.D	1	0.00843918	6.48973	0.269609	11	GGCGGGGCGGA	TCGTGGGGGGTCT	+
923-GGCGGGGCGGA	ZN467_HUMAN.H11MO.0.C	2	0.00897766	6.90382	0.280837	11	GGCGGGGCGGA	GGGGAGGGGAGGGGGGGGGGGG	+
923-GGCGGGGCGGA	E2F4_HUMAN.H11MO.1.A	0	0.0108138	8.3158	0.33137	11	GGCGGGGCGGA	GGCGGGAAATTTGA	+
923-GGCGGGGCGGA	ZBT7A_HUMAN.H11MO.0.A	-1	0.0120737	9.28471	0.355471	9	GGCGGGGCGGA	GGGGGTCTC	+
923-GGCGGGGCGGA	ZIC1_HUMAN.H11MO.0.B	-3	0.0120737	9.28471	0.355471	8	GGCGGGGCGGA	GGGGTGGTC	+
923-GGCGGGGCGGA	ZBT17_HUMAN.H11MO.0.A	9	0.0126821	9.75252	0.366201	10	GGCGGGGCGGA	GAGGGTGGGGGAGGGGAAG	+
923-GGCGGGGCGGA	ZBTB4_HUMAN.H11MO.0.D	7	0.0130916	10.0674	0.370892	10	GGCGGGGCGGA	CCTAGATGGCAGGTGGG	+
923-GGCGGGGCGGA	TAF1_HUMAN.H11MO.0.A	5	0.0133568	10.2714	0.3714	11	GGCGGGGCGGA	AAGATGGCGGCGGCGG	+
923-GGCGGGGCGGA	PROX1_HUMAN.H11MO.0.D	6	0.0137396	10.5658	0.375098	11	GGCGGGGCGGA	GGGTAAGGCGGGTTGGG	+
923-GGCGGGGCGGA	E2F3_HUMAN.H11MO.0.A	2	0.0140921	10.8368	0.377798	9	GGCGGGGCGGA	AGGGCGGGAAA	+
923-GGCGGGGCGGA	PATZ1_HUMAN.H11MO.0.C	3	0.0147968	11.3788	0.377798	11	GGCGGGGCGGA	GGGGAGGGGGCGGGGGGGGAGG	+
923-GGCGGGGCGGA	VEZF1_HUMAN.H11MO.0.C	1	0.0147968	11.3788	0.377798	11	GGCGGGGCGGA	GGGGAGGGGGGAGGGGGAGGGG	+
923-GGCGGGGCGGA	PATZ1_HUMAN.H11MO.1.C	2	0.0148712	11.436	0.377798	7	GGCGGGGCGGA	AGGGAGGGG	+
923-GGCGGGGCGGA	PLAL1_HUMAN.H11MO.0.D	0	0.0150966	11.6093	0.377798	10	GGCGGGGCGGA	CGGGGGGCCC	+
923-GGCGGGGCGGA	HINFP_HUMAN.H11MO.0.C	0	0.0161674	12.4328	0.397963	11	GGCGGGGCGGA	GCGCTAGCGGACGTTA	+
923-GGCGGGGCGGA	WT1_HUMAN.H11MO.1.B	-2	0.0170439	13.1067	0.41277	9	GGCGGGGCGGA	GTGGGAGGAGG	+
924-TCCAGAGTCA	NFE2_HUMAN.H11MO.0.A	0	0.0001075	0.0826675	0.0631981	10	TCCAGAGTCA	TGCTGAGTCATGC	-
924-TCCAGAGTCA	NF2L2_HUMAN.H11MO.0.A	3	0.000114501	0.088051	0.0631981	10	TCCAGAGTCA	AACTGCTGAGTCAT	+
924-TCCAGAGTCA	MAFK_HUMAN.H11MO.1.A	0	0.000141129	0.108528	0.0631981	10	TCCAGAGTCA	TGCTGAGTCAGCA	+
924-TCCAGAGTCA	BACH2_HUMAN.H11MO.0.A	0	0.000165916	0.127589	0.0631981	10	TCCAGAGTCA	TGCTGAGTCAT	+
924-TCCAGAGTCA	ZN554_HUMAN.H11MO.1.D	-1	0.000227713	0.175111	0.0693894	9	TCCAGAGTCA	GCAGAGCCA	+
924-TCCAGAGTCA	BACH1_HUMAN.H11MO.0.A	0	0.000486187	0.373878	0.12346	10	TCCAGAGTCA	TGCTGAGTCATGC	+
924-TCCAGAGTCA	FOS_HUMAN.H11MO.0.A	-2	0.000963864	0.741212	0.209794	8	TCCAGAGTCA	GTGAGTCAC	+
924-TCCAGAGTCA	MAFG_HUMAN.H11MO.0.A	0	0.00113382	0.871905	0.215938	10	TCCAGAGTCA	TGCTGAGTCAGCAATTTT	-
924-TCCAGAGTCA	JUNB_HUMAN.H11MO.0.A	-1	0.00136887	1.05266	0.231736	9	TCCAGAGTCA	TCTGAGTCACC	+
924-TCCAGAGTCA	MAFK_HUMAN.H11MO.0.A	5	0.00162965	1.2532	0.246218	10	TCCAGAGTCA	AAAATTGCTGAGTCAGCA	+
924-TCCAGAGTCA	FOSB_HUMAN.H11MO.0.A	-2	0.00189698	1.45878	0.246218	8	TCCAGAGTCA	ATGAGTCAT	+
924-TCCAGAGTCA	FOSL1_HUMAN.H11MO.0.A	0	0.0021709	1.66942	0.246218	10	TCCAGAGTCA	GGATGAGTCACC	+
924-TCCAGAGTCA	MAFF_HUMAN.H11MO.1.B	0	0.0022697	1.7454	0.246218	9	TCCAGAGTCA	TGCTGAGTC	+
924-TCCAGAGTCA	JUND_HUMAN.H11MO.0.A	-1	0.00229137	1.76207	0.246218	9	TCCAGAGTCA	GATGAGTCATC	+
924-TCCAGAGTCA	JUN_HUMAN.H11MO.0.A	-1	0.00242401	1.86406	0.246218	9	TCCAGAGTCA	GATGAGTCATC	+
924-TCCAGAGTCA	HSF1_HUMAN.H11MO.1.A	2	0.00322657	2.48123	0.277627	7	TCCAGAGTCA	TTTCCAGAA	-
924-TCCAGAGTCA	FOSL2_HUMAN.H11MO.0.A	0	0.00358355	2.75575	0.287366	10	TCCAGAGTCA	GGATGAGTCATC	+
924-TCCAGAGTCA	ZFP28_HUMAN.H11MO.0.C	10	0.00417044	3.20707	0.306166	10	TCCAGAGTCA	TTCTATTTCTTCTTGTGTCA	+
924-TCCAGAGTCA	RXRG_HUMAN.H11MO.0.B	2	0.00421988	3.24509	0.306166	10	TCCAGAGTCA	GGTCAAAGGTCAC	+
924-TCCAGAGTCA	NR2E3_HUMAN.H11MO.0.C	4	0.00452861	3.4825	0.313631	10	TCCAGAGTCA	AAAGTCAAAAGTCA	+
924-TCCAGAGTCA	ERR2_HUMAN.H11MO.0.A	-1	0.00537756	4.13534	0.356232	9	TCCAGAGTCA	TCAAGGTCA	+
924-TCCAGAGTCA	MAFF_HUMAN.H11MO.0.B	0	0.00673901	5.1823	0.42782	10	TCCAGAGTCA	TGCTGAGTCAGCATTTTT	+
927-ATGTACACAT	FOXB1_HUMAN.H11MO.0.D	3	0.000423118	0.325378	0.321724	10	ATGTACACAT	GTTATGTAAATATTGAC	-
927-ATGTACACAT	FOXO6_HUMAN.H11MO.0.D	0	0.000666659	0.512661	0.321724	10	ATGTACACAT	ACGTAAACAAGTT	-
927-ATGTACACAT	FOXF2_HUMAN.H11MO.0.D	2	0.000715294	0.550061	0.321724	9	ATGTACACAT	AAAAGTAAACA	-
927-ATGTACACAT	FOXD1_HUMAN.H11MO.0.D	3	0.000838548	0.644843	0.321724	10	ATGTACACAT	CTTAAGTAAACAAAG	-
928-AAAAAATTAAATA	LHX3_HUMAN.H11MO.0.C	-2	0.000102264	0.078641	0.120827	11	AAAAAATTAAATA	AAAATTAATTAAT	+
928-AAAAAATTAAATA	LMX1A_HUMAN.H11MO.0.D	6	0.000166061	0.127701	0.120827	13	AAAAAATTAAATA	ATAATTAAATAATTAATTA	-
928-AAAAAATTAAATA	CPEB1_HUMAN.H11MO.0.D	0	0.000384351	0.295566	0.151353	13	AAAAAATTAAATA	AAAAAAAAAAATAAAAA	-
928-AAAAAATTAAATA	ONEC3_HUMAN.H11MO.0.D	0	0.000606726	0.466572	0.151353	12	AAAAAATTAAATA	AAAAAATCAATA	-
928-AAAAAATTAAATA	FOXJ3_HUMAN.H11MO.0.A	-1	0.000681086	0.523755	0.151353	12	AAAAAATTAAATA	AAAAAATAAACAA	-
928-AAAAAATTAAATA	HNF1B_HUMAN.H11MO.1.A	-1	0.000881547	0.67791	0.151353	11	AAAAAATTAAATA	AATCATTAACT	-
928-AAAAAATTAAATA	MSX2_HUMAN.H11MO.0.D	-2	0.0010182	0.782995	0.151353	7	AAAAAATTAAATA	ACAATTA	-
928-AAAAAATTAAATA	UNC4_HUMAN.H11MO.0.D	-3	0.00104338	0.802358	0.151353	10	AAAAAATTAAATA	TAATTAAATTA	-
928-AAAAAATTAAATA	HXD4_HUMAN.H11MO.0.D	-2	0.00104617	0.804508	0.151353	8	AAAAAATTAAATA	TCAATTAA	-
928-AAAAAATTAAATA	FOXL1_HUMAN.H11MO.0.D	-2	0.00108021	0.830678	0.151353	11	AAAAAATTAAATA	AAAAGTAAACAAACAAACA	-
928-AAAAAATTAAATA	HXC6_HUMAN.H11MO.0.D	0	0.00114408	0.879801	0.151353	13	AAAAAATTAAATA	AAAGTAATAAATCAT	-
928-AAAAAATTAAATA	FOXG1_HUMAN.H11MO.0.D	2	0.00143971	1.10713	0.170314	13	AAAAAATTAAATA	AAAAAAATATAAACAAT	-
928-AAAAAATTAAATA	PO4F3_HUMAN.H11MO.0.D	2	0.00163031	1.25371	0.170314	13	AAAAAATTAAATA	ATGAATAATTAATGA	-
928-AAAAAATTAAATA	LMX1B_HUMAN.H11MO.0.D	5	0.00175556	1.35003	0.170314	13	AAAAAATTAAATA	AAATAAATCAATTAATTA	-
928-AAAAAATTAAATA	ONEC2_HUMAN.H11MO.0.D	1	0.00202662	1.55847	0.178924	13	AAAAAATTAAATA	AAAAAAAATCAATAACAAGAC	-
928-AAAAAATTAAATA	PRRX2_HUMAN.H11MO.0.C	-3	0.00209022	1.60738	0.178924	7	AAAAAATTAAATA	CAATTAA	-
928-AAAAAATTAAATA	HMX2_HUMAN.H11MO.0.D	0	0.00262429	2.01808	0.187314	11	AAAAAATTAAATA	AACCAATTAAA	-
928-AAAAAATTAAATA	FOXF2_HUMAN.H11MO.0.D	-2	0.00291459	2.24132	0.187314	11	AAAAAATTAAATA	AAAAGTAAACA	-
928-AAAAAATTAAATA	ALX3_HUMAN.H11MO.0.D	-3	0.00291459	2.24132	0.187314	10	AAAAAATTAAATA	TAATTAAATTA	+
928-AAAAAATTAAATA	FOXJ3_HUMAN.H11MO.1.B	0	0.00297098	2.28468	0.187314	13	AAAAAATTAAATA	TAAACAAAAACAA	-
928-AAAAAATTAAATA	HXB3_HUMAN.H11MO.0.D	0	0.00306541	2.3573	0.187314	13	AAAAAATTAAATA	TAAAAACTAATTAA	-
928-AAAAAATTAAATA	RAX2_HUMAN.H11MO.0.D	-2	0.00308928	2.37566	0.187314	11	AAAAAATTAAATA	CTAATTAAATTA	+
928-AAAAAATTAAATA	ALX4_HUMAN.H11MO.0.D	-2	0.00324725	2.49714	0.189017	11	AAAAAATTAAATA	TTAATTAAATTA	+
928-AAAAAATTAAATA	ARX_HUMAN.H11MO.0.D	-2	0.00378171	2.90814	0.206583	11	AAAAAATTAAATA	CTAATTAAATTAA	-
928-AAAAAATTAAATA	DRGX_HUMAN.H11MO.0.D	-3	0.00397492	3.05671	0.206583	10	AAAAAATTAAATA	TAATTAAATTA	-
928-AAAAAATTAAATA	PHX2B_HUMAN.H11MO.0.D	-3	0.00397492	3.05671	0.206583	10	AAAAAATTAAATA	TAATTAAATTA	-
928-AAAAAATTAAATA	EVI1_HUMAN.H11MO.0.B	3	0.00433969	3.33723	0.208451	13	AAAAAATTAAATA	AAGATAAGATAAGATA	+
928-AAAAAATTAAATA	HMX3_HUMAN.H11MO.0.D	-1	0.00440152	3.38477	0.208451	11	AAAAAATTAAATA	AGCAATTAACG	-
928-AAAAAATTAAATA	PHX2A_HUMAN.H11MO.0.D	-3	0.00463042	3.56079	0.208451	10	AAAAAATTAAATA	TAATTAAATTA	-
928-AAAAAATTAAATA	HMX1_HUMAN.H11MO.0.D	2	0.00511701	3.93498	0.212752	13	AAAAAATTAAATA	ATTAAAAAACAATTAAC	-
928-AAAAAATTAAATA	FOXJ2_HUMAN.H11MO.0.C	-3	0.00562055	4.3222	0.222651	10	AAAAAATTAAATA	TAAATAAACA	-
928-AAAAAATTAAATA	PDX1_HUMAN.H11MO.1.A	-2	0.00719929	5.53626	0.252628	9	AAAAAATTAAATA	ATAATTAAT	-
928-AAAAAATTAAATA	NOTO_HUMAN.H11MO.0.D	0	0.00724866	5.57422	0.252628	11	AAAAAATTAAATA	ACCTAATTAAC	-
928-AAAAAATTAAATA	BARX1_HUMAN.H11MO.0.D	2	0.00739646	5.68788	0.252628	10	AAAAAATTAAATA	AAAAACAATTAG	-
928-AAAAAATTAAATA	PO4F1_HUMAN.H11MO.0.D	2	0.0074531	5.73143	0.252628	12	AAAAAATTAAATA	ATGAATAATTAATG	-
928-AAAAAATTAAATA	FOXF1_HUMAN.H11MO.0.D	-3	0.00799237	6.14613	0.252628	10	AAAAAATTAAATA	AAAATAAACAT	-
928-AAAAAATTAAATA	NOBOX_HUMAN.H11MO.0.C	-1	0.00802514	6.17133	0.252628	9	AAAAAATTAAATA	ACCAATTAG	-
928-AAAAAATTAAATA	MIXL1_HUMAN.H11MO.0.D	0	0.00839024	6.4521	0.252628	11	AAAAAATTAAATA	ATCTAATTAAC	-
928-AAAAAATTAAATA	PROP1_HUMAN.H11MO.0.D	-3	0.00839024	6.4521	0.252628	10	AAAAAATTAAATA	TAATTGAATTA	+
928-AAAAAATTAAATA	IRF7_HUMAN.H11MO.0.C	-1	0.00849705	6.53423	0.252628	10	AAAAAATTAAATA	GAAAGTGAAA	+
928-AAAAAATTAAATA	FOXB1_HUMAN.H11MO.0.D	2	0.00928277	7.13845	0.252628	13	AAAAAATTAAATA	GTCAATATTTACATAAC	+
928-AAAAAATTAAATA	FOXA1_HUMAN.H11MO.0.A	-1	0.00934021	7.18262	0.252628	12	AAAAAATTAAATA	CCAAAGTAAACA	-
928-AAAAAATTAAATA	LHX2_HUMAN.H11MO.0.A	0	0.00934021	7.18262	0.252628	12	AAAAAATTAAATA	AACTAATTAAAA	-
928-AAAAAATTAAATA	NKX62_HUMAN.H11MO.0.D	-1	0.00969674	7.4568	0.252628	11	AAAAAATTAAATA	GGTAATTAATT	-
928-AAAAAATTAAATA	NR2E1_HUMAN.H11MO.0.D	5	0.0097078	7.4653	0.252628	12	AAAAAATTAAATA	AAGTCAAAAAGTCAATT	+
928-AAAAAATTAAATA	HNF1A_HUMAN.H11MO.0.C	3	0.009808	7.54235	0.252628	12	AAAAAATTAAATA	AGTTAATCATTAACC	-
928-AAAAAATTAAATA	FOXD2_HUMAN.H11MO.0.D	6	0.0100563	7.73332	0.252628	13	AAAAAATTAAATA	TTAAATAAATATTTACATA	-
928-AAAAAATTAAATA	VSX1_HUMAN.H11MO.0.D	1	0.0102045	7.84727	0.252628	13	AAAAAATTAAATA	AAATTAGCTAATTA	-
928-AAAAAATTAAATA	PAX4_HUMAN.H11MO.0.D	-1	0.0102426	7.87654	0.252628	12	AAAAAATTAAATA	GCGAATTAGTTA	-
928-AAAAAATTAAATA	EMX2_HUMAN.H11MO.0.D	-1	0.0107234	8.24631	0.26008	12	AAAAAATTAAATA	ATTAGCTAATTA	-
928-AAAAAATTAAATA	HNF1B_HUMAN.H11MO.0.A	3	0.0111995	8.61244	0.267131	12	AAAAAATTAAATA	GGTTAATGATTAACC	+
928-AAAAAATTAAATA	NKX32_HUMAN.H11MO.0.C	0	0.0114867	8.83325	0.267131	10	AAAAAATTAAATA	AAACACTTAA	-
928-AAAAAATTAAATA	ZFP28_HUMAN.H11MO.0.C	4	0.01172	9.01268	0.267131	13	AAAAAATTAAATA	TGACACAAGAAGAAATAGAA	-
928-AAAAAATTAAATA	FOXM1_HUMAN.H11MO.0.A	-1	0.0117484	9.03454	0.267131	12	AAAAAATTAAATA	GCAAAGCAAACA	-
928-AAAAAATTAAATA	STAT1_HUMAN.H11MO.1.A	1	0.0120219	9.24484	0.267978	13	AAAAAATTAAATA	AAGAAAATGAAACTGAAAG	+
928-AAAAAATTAAATA	SOX5_HUMAN.H11MO.0.C	0	0.0122923	9.45276	0.267978	8	AAAAAATTAAATA	TAACAATA	-
928-AAAAAATTAAATA	LHX4_HUMAN.H11MO.0.D	-2	0.0128906	9.91285	0.267978	11	AAAAAATTAAATA	CTAATTAACTT	-
928-AAAAAATTAAATA	RX_HUMAN.H11MO.0.D	1	0.0128906	9.91285	0.267978	10	AAAAAATTAAATA	TTGCTAATTAA	-
928-AAAAAATTAAATA	BARX2_HUMAN.H11MO.0.D	-3	0.013319	10.2423	0.272985	10	AAAAAATTAAATA	CAATTAATGA	-
928-AAAAAATTAAATA	ANDR_HUMAN.H11MO.0.A	3	0.0138805	10.6741	0.277613	13	AAAAAATTAAATA	AGCAAACAAAAAAGAACA	-
928-AAAAAATTAAATA	GSX2_HUMAN.H11MO.0.D	2	0.0140643	10.8155	0.277613	13	AAAAAATTAAATA	ATTAAAAACTAATTAA	-
928-AAAAAATTAAATA	SHOX_HUMAN.H11MO.0.D	3	0.0144277	11.0949	0.277613	13	AAAAAATTAAATA	AAAAATTAACTAATTAG	-
928-AAAAAATTAAATA	MSX1_HUMAN.H11MO.0.D	-2	0.0144987	11.1495	0.277613	11	AAAAAATTAAATA	CCAATTAAAAACCAATTA	-
928-AAAAAATTAAATA	DLX2_HUMAN.H11MO.0.D	-2	0.0153301	11.7888	0.282494	8	AAAAAATTAAATA	ATAATTAT	+
928-AAAAAATTAAATA	EMX1_HUMAN.H11MO.0.D	-1	0.015393	11.8372	0.282494	12	AAAAAATTAAATA	ATTAGCTAATTA	-
928-AAAAAATTAAATA	ZN136_HUMAN.H11MO.0.C	4	0.0158007	12.1508	0.283869	13	AAAAAATTAAATA	CAACCAAGAATACTATATCCAGCA	-
928-AAAAAATTAAATA	LBX2_HUMAN.H11MO.0.D	0	0.0162633	12.5065	0.285139	11	AAAAAATTAAATA	ACCTAATTAAC	-
928-AAAAAATTAAATA	PAX7_HUMAN.H11MO.0.D	-2	0.0162633	12.5065	0.285139	11	AAAAAATTAAATA	ATAATCAATTA	-
928-AAAAAATTAAATA	SOX7_HUMAN.H11MO.0.D	0	0.0174323	13.4055	0.298443	13	AAAAAATTAAATA	AAACAATTTCATTGTT	-
928-AAAAAATTAAATA	ZFHX3_HUMAN.H11MO.0.D	0	0.0178259	13.7081	0.301633	11	AAAAAATTAAATA	TAATTATTAAT	-
928-AAAAAATTAAATA	IRF1_HUMAN.H11MO.0.A	5	0.0181665	13.9701	0.303443	13	AAAAAATTAAATA	GAAAATGAAAGTGAAAGTAA	+
928-AAAAAATTAAATA	ALX1_HUMAN.H11MO.0.B	-2	0.0183736	14.1293	0.303443	11	AAAAAATTAAATA	ATAATTGAATTA	+
928-AAAAAATTAAATA	HXC10_HUMAN.H11MO.0.D	5	0.0193958	14.9154	0.303443	13	AAAAAATTAAATA	GTAATAAAAAAATTAAAAA	-
928-AAAAAATTAAATA	FOXP3_HUMAN.H11MO.0.D	-4	0.0194187	14.933	0.303443	9	AAAAAATTAAATA	AAACAAATT	-
928-AAAAAATTAAATA	SHOX2_HUMAN.H11MO.0.D	3	0.019471	14.9732	0.303443	13	AAAAAATTAAATA	TAAAATTAACTAATTAG	-
928-AAAAAATTAAATA	LHX9_HUMAN.H11MO.0.D	4	0.0195861	15.0617	0.303443	13	AAAAAATTAAATA	TAATTAATAGCTAATTAG	-
928-AAAAAATTAAATA	GSX1_HUMAN.H11MO.0.D	2	0.0196011	15.0732	0.303443	13	AAAAAATTAAATA	ATTAAAAACTAATTA	-
928-AAAAAATTAAATA	ZN384_HUMAN.H11MO.0.C	2	0.0218758	16.8225	0.328183	10	AAAAAATTAAATA	GGAAAAAATCGG	+
928-AAAAAATTAAATA	MEOX2_HUMAN.H11MO.0.D	1	0.0223518	17.1886	0.328551	10	AAAAAATTAAATA	ATCATAATTAA	-
928-AAAAAATTAAATA	HMGA1_HUMAN.H11MO.0.D	-2	0.0230808	17.7491	0.332323	7	AAAAAATTAAATA	AAAATAC	-
928-AAAAAATTAAATA	ZN652_HUMAN.H11MO.0.D	0	0.0233739	17.9745	0.332323	11	AAAAAATTAAATA	AAAGGGTTAAT	+
928-AAAAAATTAAATA	SOX11_HUMAN.H11MO.0.D	0	0.0233972	17.9925	0.332323	13	AAAAAATTAAATA	GAACAATTGCATTGTT	-
928-AAAAAATTAAATA	FOXK1_HUMAN.H11MO.0.A	-3	0.0236359	18.176	0.332323	10	AAAAAATTAAATA	AAAGTAAACA	-
928-AAAAAATTAAATA	HXD10_HUMAN.H11MO.0.D	-4	0.02476	19.0405	0.332323	9	AAAAAATTAAATA	AATTAAAGCA	-
928-AAAAAATTAAATA	FOXA3_HUMAN.H11MO.0.B	-2	0.024856	19.1143	0.332323	11	AAAAAATTAAATA	CAAAGTAAACAAG	-
928-AAAAAATTAAATA	MEF2A_HUMAN.H11MO.0.A	2	0.024856	19.1143	0.332323	11	AAAAAATTAAATA	GCTAAAAATAGAA	-
928-AAAAAATTAAATA	IRF9_HUMAN.H11MO.0.C	-1	0.025979	19.9778	0.34368	12	AAAAAATTAAATA	GAAAGCGAAACT	+
928-AAAAAATTAAATA	VAX2_HUMAN.H11MO.0.D	0	0.0264825	20.3651	0.343845	13	AAAAAATTAAATA	ATTAGGGTAATTAGTG	+
928-AAAAAATTAAATA	HXD3_HUMAN.H11MO.0.D	-1	0.0267003	20.5325	0.343845	11	AAAAAATTAAATA	CCTAATTAACC	-
928-AAAAAATTAAATA	HXA9_HUMAN.H11MO.0.B	1	0.0267003	20.5325	0.343845	10	AAAAAATTAAATA	CCATAAATCAT	-
928-AAAAAATTAAATA	HXA11_HUMAN.H11MO.0.D	0	0.0270132	20.7731	0.344823	13	AAAAAATTAAATA	TAAAATTTTATGA	+
928-AAAAAATTAAATA	MEF2C_HUMAN.H11MO.0.A	2	0.0281546	21.6509	0.350965	11	AAAAAATTAAATA	GCTAAAAATAGCA	-
928-AAAAAATTAAATA	HXD9_HUMAN.H11MO.0.D	-3	0.0284285	21.8615	0.350965	10	AAAAAATTAAATA	TAATTAAATT	-
928-AAAAAATTAAATA	FOXC1_HUMAN.H11MO.0.C	-1	0.028459	21.885	0.350965	12	AAAAAATTAAATA	CTTAAGTAAACAATG	-
928-AAAAAATTAAATA	MEF2B_HUMAN.H11MO.0.A	1	0.029575	22.7432	0.358648	13	AAAAAATTAAATA	CCAAAAATAGCAAC	-
928-AAAAAATTAAATA	DMBX1_HUMAN.H11MO.0.D	8	0.030112	23.1561	0.362142	12	AAAAAATTAAATA	TAATTATAATCTAATTAATT	+
928-AAAAAATTAAATA	ISX_HUMAN.H11MO.0.D	2	0.0311718	23.9711	0.371815	13	AAAAAATTAAATA	AATTTAAGCTAATTAA	-
928-AAAAAATTAAATA	FUBP1_HUMAN.H11MO.0.D	0	0.0320899	24.6771	0.377173	12	AAAAAATTAAATA	AAAAAAACACAA	-
928-AAAAAATTAAATA	DLX6_HUMAN.H11MO.0.D	2	0.0321394	24.7152	0.377173	13	AAAAAATTAAATA	AAATTAAGGTAATTA	+
928-AAAAAATTAAATA	HXB7_HUMAN.H11MO.0.C	0	0.0325804	25.0544	0.377534	10	AAAAAATTAAATA	CATTAATCAA	-
928-AAAAAATTAAATA	HXA2_HUMAN.H11MO.0.D	-1	0.0332078	25.5368	0.377534	11	AAAAAATTAAATA	GGTAATTAGCG	+
928-AAAAAATTAAATA	HXB8_HUMAN.H11MO.0.C	1	0.0332078	25.5368	0.377534	10	AAAAAATTAAATA	GCATTAATCAA	-
928-AAAAAATTAAATA	STAT2_HUMAN.H11MO.0.A	1	0.0346977	26.6825	0.387453	13	AAAAAATTAAATA	AGGAAAATGAAACTGAAAG	+
928-AAAAAATTAAATA	NFAC1_HUMAN.H11MO.0.B	4	0.0348275	26.7824	0.387453	11	AAAAAATTAAATA	ATGGAAAAAAAGAAA	+
928-AAAAAATTAAATA	BSH_HUMAN.H11MO.0.D	1	0.0361875	27.8282	0.391643	13	AAAAAATTAAATA	TAATGAGTTAATTG	+
928-AAAAAATTAAATA	ZBT49_HUMAN.H11MO.0.D	-2	0.0361885	27.829	0.391643	11	AAAAAATTAAATA	CCAATTAGCGC	-
928-AAAAAATTAAATA	FOXA2_HUMAN.H11MO.0.A	-1	0.0363543	27.9565	0.391643	12	AAAAAATTAAATA	GCTAAGTAAACA	-
928-AAAAAATTAAATA	MEOX1_HUMAN.H11MO.0.D	1	0.036602	28.1469	0.391643	13	AAAAAATTAAATA	ATTAACGCTAATTACC	-
928-AAAAAATTAAATA	IRF2_HUMAN.H11MO.0.A	5	0.0369184	28.3902	0.392145	13	AAAAAATTAAATA	GAAAGTGAAAGTGAAAGTAA	+
928-AAAAAATTAAATA	SOX13_HUMAN.H11MO.0.D	0	0.0372851	28.6723	0.393171	8	AAAAAATTAAATA	GAACAATG	-
928-AAAAAATTAAATA	GBX1_HUMAN.H11MO.0.D	3	0.0375649	28.8874	0.393272	13	AAAAAATTAAATA	AAATTTTAGCTAATTAG	-
928-AAAAAATTAAATA	FOXD1_HUMAN.H11MO.0.D	-1	0.0392419	30.177	0.405001	12	AAAAAATTAAATA	CTTAAGTAAACAAAG	-
928-AAAAAATTAAATA	HXD11_HUMAN.H11MO.0.D	-1	0.0411114	31.6147	0.419467	11	AAAAAATTAAATA	AGTAATAAAAA	-
928-AAAAAATTAAATA	TCF7_HUMAN.H11MO.0.A	1	0.0412201	31.6982	0.419467	13	AAAAAATTAAATA	AACCACATCAAAGGAA	+
928-AAAAAATTAAATA	ZN586_HUMAN.H11MO.0.C	12	0.0416386	32.0201	0.420406	8	AAAAAATTAAATA	AGGCCTAGGAGGAAAAAATG	+
928-AAAAAATTAAATA	Z354A_HUMAN.H11MO.0.C	3	0.0418901	32.2135	0.420406	13	AAAAAATTAAATA	ACATTAAATGTAAATGGACTAAAT	-
928-AAAAAATTAAATA	FOXQ1_HUMAN.H11MO.0.C	-4	0.0428336	32.939	0.42693	9	AAAAAATTAAATA	AAATAAACAATT	-
928-AAAAAATTAAATA	PAX3_HUMAN.H11MO.0.D	2	0.0439413	33.7909	0.434144	11	AAAAAATTAAATA	TTAATCGATTATC	-
928-AAAAAATTAAATA	HXB2_HUMAN.H11MO.0.D	1	0.0441541	33.9545	0.434144	13	AAAAAATTAAATA	TAGAACATTCTAGAA	+
928-AAAAAATTAAATA	MEF2D_HUMAN.H11MO.0.A	1	0.0446074	34.3031	0.435658	11	AAAAAATTAAATA	CTAAAAATAGCA	-
928-AAAAAATTAAATA	GBX2_HUMAN.H11MO.0.D	3	0.0457527	35.1838	0.442031	13	AAAAAATTAAATA	AATTAAAGGCTAATTAG	-
928-AAAAAATTAAATA	ARI3A_HUMAN.H11MO.0.D	11	0.0458674	35.2721	0.442031	11	AAAAAATTAAATA	AATTAATCGAAATCAAATTAAA	+
928-AAAAAATTAAATA	DUXA_HUMAN.H11MO.0.D	-2	0.0466254	35.8549	0.443462	11	AAAAAATTAAATA	TAATTTAATCA	-
928-AAAAAATTAAATA	ISL2_HUMAN.H11MO.0.D	-1	0.0486048	37.3771	0.456323	11	AAAAAATTAAATA	AGCAATTAACG	-
928-AAAAAATTAAATA	DLX5_HUMAN.H11MO.0.D	-3	0.0486048	37.3771	0.456323	10	AAAAAATTAAATA	TAATTATAGGT	+
928-AAAAAATTAAATA	ESX1_HUMAN.H11MO.0.D	2	0.049452	38.0286	0.458363	13	AAAAAATTAAATA	AATTATTGCTAATTAGC	-
928-AAAAAATTAAATA	HXB13_HUMAN.H11MO.0.A	-1	0.0506673	38.9632	0.46372	10	AAAAAATTAAATA	GCCAATAAAA	-
928-AAAAAATTAAATA	DLX3_HUMAN.H11MO.0.C	-1	0.0528957	40.6768	0.469356	10	AAAAAATTAAATA	GATAATTACA	+
928-AAAAAATTAAATA	HXA5_HUMAN.H11MO.0.D	-4	0.0528957	40.6768	0.469356	9	AAAAAATTAAATA	CATTAATCAA	-
928-AAAAAATTAAATA	HXC9_HUMAN.H11MO.0.C	-1	0.0552102	42.4566	0.48399	10	AAAAAATTAAATA	GGCAATAAAA	-
928-AAAAAATTAAATA	CDX2_HUMAN.H11MO.0.A	1	0.056697	43.6	0.491984	11	AAAAAATTAAATA	ACAGCAATAAAA	-
928-AAAAAATTAAATA	TF7L2_HUMAN.H11MO.0.A	-1	0.0577512	44.4107	0.491984	12	AAAAAATTAAATA	CCACATCAAAGGG	-
928-AAAAAATTAAATA	NR2E3_HUMAN.H11MO.0.C	-2	0.0578125	44.4578	0.491984	11	AAAAAATTAAATA	AAAGTCAAAAGTCA	+
929-AACAGCAACC	ZIM3_HUMAN.H11MO.0.C	6	1.78113e-05	0.0136969	0.0273938	10	AACAGCAACC	GCAAGCAACAGAAACCCAA	-
930-AAGAAAGAGGAAA	SPIB_HUMAN.H11MO.0.A	-1	0.000208885	0.160632	0.188628	12	AAGAAAGAGGAAA	AAAAAGAGGAAGTGAAA	+
930-AAGAAAGAGGAAA	SPI1_HUMAN.H11MO.0.A	-1	0.000248228	0.190887	0.188628	12	AAGAAAGAGGAAA	AAAAAGAGGAAGTGAAA	+
930-AAGAAAGAGGAAA	ZN680_HUMAN.H11MO.0.C	10	0.00039481	0.303609	0.20001	10	AAGAAAGAGGAAA	CATGTCCAAGAAGAATGAGG	+
930-AAGAAAGAGGAAA	ZFP28_HUMAN.H11MO.0.C	2	0.000552577	0.424932	0.209951	13	AAGAAAGAGGAAA	TGACACAAGAAGAAATAGAA	-
930-AAGAAAGAGGAAA	ELF3_HUMAN.H11MO.0.A	-2	0.00139034	1.06917	0.336537	11	AAGAAAGAGGAAA	GAACCAGGAAGTGG	+
930-AAGAAAGAGGAAA	ETV2_HUMAN.H11MO.0.B	-1	0.00162665	1.2509	0.336537	12	AAGAAAGAGGAAA	GGAAACAGGAAGTGGG	+
930-AAGAAAGAGGAAA	IRF3_HUMAN.H11MO.0.B	4	0.00199187	1.53175	0.336537	13	AAGAAAGAGGAAA	GAAAGGGAAAGGGAAAGTGA	+
930-AAGAAAGAGGAAA	IRF9_HUMAN.H11MO.0.C	-2	0.00222493	1.71097	0.336537	11	AAGAAAGAGGAAA	GAAAGCGAAACT	+
930-AAGAAAGAGGAAA	ELF5_HUMAN.H11MO.0.A	-1	0.00243025	1.86886	0.336537	12	AAGAAAGAGGAAA	GGAAGGAGGAAGTGG	+
930-AAGAAAGAGGAAA	ETV6_HUMAN.H11MO.0.D	-5	0.00252416	1.94108	0.336537	8	AAGAAAGAGGAAA	ACAGGAAGT	+
930-AAGAAAGAGGAAA	IRF1_HUMAN.H11MO.0.A	4	0.00257029	1.97655	0.336537	13	AAGAAAGAGGAAA	GAAAATGAAAGTGAAAGTAA	+
930-AAGAAAGAGGAAA	ETV7_HUMAN.H11MO.0.D	-6	0.00265723	2.04341	0.336537	7	AAGAAAGAGGAAA	CAGGAAG	+
930-AAGAAAGAGGAAA	BC11A_HUMAN.H11MO.0.A	-2	0.00303141	2.33116	0.34114	11	AAGAAAGAGGAAA	AAAAGAGGAAGTGAAAA	+
930-AAGAAAGAGGAAA	IRF2_HUMAN.H11MO.0.A	4	0.0031425	2.41658	0.34114	13	AAGAAAGAGGAAA	GAAAGTGAAAGTGAAAGTAA	+
930-AAGAAAGAGGAAA	IRF7_HUMAN.H11MO.0.C	-2	0.00463589	3.565	0.469708	10	AAGAAAGAGGAAA	GAAAGTGAAA	+
930-AAGAAAGAGGAAA	IRF4_HUMAN.H11MO.0.A	-2	0.00541398	4.16335	0.499579	11	AAGAAAGAGGAAA	AAAAGAGGAAGTGAAACT	+
930-AAGAAAGAGGAAA	STAT1_HUMAN.H11MO.1.A	0	0.00642633	4.94185	0.499579	13	AAGAAAGAGGAAA	AAGAAAATGAAACTGAAAG	+
930-AAGAAAGAGGAAA	ZIM3_HUMAN.H11MO.0.C	2	0.00642633	4.94185	0.499579	13	AAGAAAGAGGAAA	GCAAGCAACAGAAACCCAA	-
930-AAGAAAGAGGAAA	ETV4_HUMAN.H11MO.0.B	-4	0.00696639	5.35715	0.499579	9	AAGAAAGAGGAAA	AACAGGAAGGG	+
930-AAGAAAGAGGAAA	PRDM1_HUMAN.H11MO.0.A	-2	0.00700124	5.38396	0.499579	11	AAGAAAGAGGAAA	GAAAGTGAAAGTGA	+
930-AAGAAAGAGGAAA	EHF_HUMAN.H11MO.0.B	-2	0.00733692	5.64209	0.499579	11	AAGAAAGAGGAAA	GAACCAGGAAGTGGC	+
930-AAGAAAGAGGAAA	IRF5_HUMAN.H11MO.0.D	3	0.00751996	5.78285	0.499579	13	AAGAAAGAGGAAA	TAAAGGAAAGCCAAAAGTGA	+
930-AAGAAAGAGGAAA	PRDM6_HUMAN.H11MO.0.C	-4	0.00756043	5.81397	0.499579	9	AAGAAAGAGGAAA	AAAAAGAAAAAAA	+
932-AAGGAAGGCAGGGC	FLI1_HUMAN.H11MO.0.A	5	6.79327e-05	0.0522403	0.0642624	13	AAGGAAGGCAGGGC	GGAGGAAGGAAGGAGGGA	+
932-AAGGAAGGCAGGGC	ETV7_HUMAN.H11MO.0.D	0	8.36925e-05	0.0643595	0.0642624	7	AAGGAAGGCAGGGC	CAGGAAG	+
932-AAGGAAGGCAGGGC	EGR4_HUMAN.H11MO.0.D	-3	0.00110009	0.845971	0.383935	11	AAGGAAGGCAGGGC	GGCGGCAGGGC	+
932-AAGGAAGGCAGGGC	ZN528_HUMAN.H11MO.0.C	3	0.00112514	0.865231	0.383935	14	AAGGAAGGCAGGGC	CCCAGGGAAGCCATTTCTGA	+
932-AAGGAAGGCAGGGC	ETV6_HUMAN.H11MO.0.D	1	0.00125005	0.961288	0.383935	8	AAGGAAGGCAGGGC	ACAGGAAGT	+
933-AATAAAACTCAAA	STAT2_HUMAN.H11MO.0.A	5	0.000807526	0.620987	0.416989	13	AATAAAACTCAAA	AGGAAAATGAAACTGAAAG	+
933-AATAAAACTCAAA	ONEC3_HUMAN.H11MO.0.D	-2	0.00140886	1.08341	0.416989	11	AATAAAACTCAAA	AAAAAATCAATA	-
933-AATAAAACTCAAA	HXA11_HUMAN.H11MO.0.D	1	0.00167398	1.28729	0.416989	12	AATAAAACTCAAA	TCATAAAATTTTA	-
933-AATAAAACTCAAA	STAT1_HUMAN.H11MO.1.A	5	0.00181475	1.39555	0.416989	13	AATAAAACTCAAA	AAGAAAATGAAACTGAAAG	+
933-AATAAAACTCAAA	NR1H2_HUMAN.H11MO.0.D	-2	0.00181475	1.39555	0.416989	11	AATAAAACTCAAA	TAAAGGTCAAAGGTCAACG	+
933-AATAAAACTCAAA	MYNN_HUMAN.H11MO.0.D	6	0.00188141	1.4468	0.416989	11	AATAAAACTCAAA	TTTCAAAATAAAAGTCC	-
933-AATAAAACTCAAA	IRF1_HUMAN.H11MO.0.A	3	0.00190198	1.46263	0.416989	13	AATAAAACTCAAA	GAAAATGAAAGTGAAAGTAA	+
933-AATAAAACTCAAA	IRF2_HUMAN.H11MO.0.A	3	0.00251553	1.93444	0.482564	13	AATAAAACTCAAA	GAAAGTGAAAGTGAAAGTAA	+
936-AGGCACATTCC	HES7_HUMAN.H11MO.0.D	0	0.000252028	0.19381	0.164721	11	AGGCACATTCC	TGGCACGTGCCG	+
936-AGGCACATTCC	TEAD2_HUMAN.H11MO.0.D	-2	0.000321789	0.247456	0.164721	9	AGGCACATTCC	CCACATTCCAGG	+
936-AGGCACATTCC	HES5_HUMAN.H11MO.0.D	0	0.000738053	0.567562	0.266445	11	AGGCACATTCC	TGGCACGTGCCG	+
936-AGGCACATTCC	TF65_HUMAN.H11MO.0.A	1	0.000978243	0.752269	0.266445	11	AGGCACATTCC	CAGGGAATTTCCAG	+
936-AGGCACATTCC	ZN708_HUMAN.H11MO.1.D	0	0.00161753	1.24388	0.354859	9	AGGCACATTCC	AGGTACAGC	+
936-AGGCACATTCC	NFKB1_HUMAN.H11MO.1.B	-1	0.00205954	1.58378	0.395349	10	AGGCACATTCC	GGGAAATTCCC	+
939-ATTTTCCCACA	NFAC2_HUMAN.H11MO.0.B	1	0.00035157	0.270357	0.384299	8	ATTTTCCCACA	AATTTTCCA	-
939-ATTTTCCCACA	SUH_HUMAN.H11MO.0.A	-2	0.000910189	0.699936	0.384299	9	ATTTTCCCACA	TTTCCCACGCC	-
939-ATTTTCCCACA	NFAC3_HUMAN.H11MO.0.B	0	0.000998201	0.767616	0.384299	9	ATTTTCCCACA	AGTTTTCCA	-
939-ATTTTCCCACA	IKZF1_HUMAN.H11MO.0.C	-2	0.00114699	0.882034	0.384299	8	ATTTTCCCACA	TCTCCCAA	-
939-ATTTTCCCACA	NFAC4_HUMAN.H11MO.0.C	2	0.00150163	1.15475	0.384299	8	ATTTTCCCACA	AAATTTTCCT	-
939-ATTTTCCCACA	NFKB1_HUMAN.H11MO.1.B	3	0.00189321	1.45588	0.384299	8	ATTTTCCCACA	GGGAATTTCCC	-
939-ATTTTCCCACA	TBR1_HUMAN.H11MO.0.D	-1	0.00197828	1.5213	0.384299	10	ATTTTCCCACA	TTTTCACACCTTT	-
939-ATTTTCCCACA	NFAC1_HUMAN.H11MO.1.B	0	0.00200198	1.53952	0.384299	10	ATTTTCCCACA	TTTTTCCATT	-
947-GCCATTTTATA	ZFP42_HUMAN.H11MO.0.A	4	0.00026437	0.2033	0.266998	8	GCCATTTTATA	GGCAGCCATTTT	+
947-GCCATTTTATA	TYY1_HUMAN.H11MO.0.A	3	0.000380984	0.292977	0.266998	9	GCCATTTTATA	GCCGCCATCTTG	-
947-GCCATTTTATA	SOX17_HUMAN.H11MO.0.C	0	0.000617412	0.47479	0.266998	11	GCCATTTTATA	GCCATTGTTTT	+
947-GCCATTTTATA	TYY2_HUMAN.H11MO.0.D	3	0.000694544	0.534104	0.266998	8	GCCATTTTATA	GCCGCCATTTT	-
947-GCCATTTTATA	TBP_HUMAN.H11MO.0.A	-2	0.000905222	0.696115	0.27839	9	GCCATTTTATA	CCTTTTATAG	-
949-AAACAGGCCAG	PPARA_HUMAN.H11MO.1.B	-2	0.000497133	0.382295	0.433446	9	AAACAGGCCAG	AAAGGTCAG	+
949-AAACAGGCCAG	NR1D1_HUMAN.H11MO.1.D	2	0.00127141	0.977712	0.433446	11	AAACAGGCCAG	AAAAGTAGGTCAAA	+
949-AAACAGGCCAG	RARG_HUMAN.H11MO.1.B	-3	0.00172549	1.3269	0.433446	8	AAACAGGCCAG	GAGGTCAG	+
949-AAACAGGCCAG	ZN335_HUMAN.H11MO.1.A	-2	0.00181902	1.39883	0.433446	7	AAACAGGCCAG	TCAGGCA	-
949-AAACAGGCCAG	NR1H3_HUMAN.H11MO.1.B	-2	0.00201269	1.54776	0.433446	9	AAACAGGCCAG	AAAGGTCAGA	+
949-AAACAGGCCAG	ANDR_HUMAN.H11MO.0.A	3	0.00204464	1.57233	0.433446	11	AAACAGGCCAG	AGCAAACAAAAAAGAACA	-
949-AAACAGGCCAG	FEZF1_HUMAN.H11MO.0.C	0	0.00209006	1.60726	0.433446	11	AAACAGGCCAG	AAAAAGAGCAGC	-
949-AAACAGGCCAG	HAND1_HUMAN.H11MO.0.D	2	0.00226839	1.74439	0.433446	11	AAACAGGCCAG	TGACAAAAACCAGACCC	-
949-AAACAGGCCAG	NR4A2_HUMAN.H11MO.0.C	-2	0.00300109	2.30784	0.436172	9	AAACAGGCCAG	AAAGGTCAC	+
949-AAACAGGCCAG	P63_HUMAN.H11MO.1.A	0	0.00362177	2.78514	0.436172	11	AAACAGGCCAG	GAGCATGCCTG	+
949-AAACAGGCCAG	ESR2_HUMAN.H11MO.1.A	-4	0.00413066	3.17648	0.436172	7	AAACAGGCCAG	AGGTCAC	+
949-AAACAGGCCAG	RXRA_HUMAN.H11MO.1.A	-1	0.00414166	3.18493	0.436172	10	AAACAGGCCAG	CAGAGGTCAG	+
949-AAACAGGCCAG	NR4A1_HUMAN.H11MO.0.A	-2	0.00424056	3.26099	0.436172	9	AAACAGGCCAG	AAAGGTCAG	+
949-AAACAGGCCAG	FOXO1_HUMAN.H11MO.0.A	3	0.00438122	3.36916	0.436172	9	AAACAGGCCAG	AGTAAACAGGAA	-
949-AAACAGGCCAG	RORA_HUMAN.H11MO.0.C	0	0.00462347	3.55545	0.436172	11	AAACAGGCCAG	AACTAGGTCAGGG	+
949-AAACAGGCCAG	P73_HUMAN.H11MO.1.A	0	0.00485609	3.73433	0.436172	11	AAACAGGCCAG	GAACATGCCTGG	+
949-AAACAGGCCAG	RARA_HUMAN.H11MO.1.A	-3	0.00486848	3.74386	0.436172	8	AAACAGGCCAG	AAGGTCAGGG	+
949-AAACAGGCCAG	FOXO3_HUMAN.H11MO.0.B	3	0.00513599	3.94957	0.436172	7	AAACAGGCCAG	TGTAAACAAG	-
949-AAACAGGCCAG	NR4A3_HUMAN.H11MO.0.D	-1	0.00602256	4.63135	0.462106	10	AAACAGGCCAG	CAAAGGTCAG	+
949-AAACAGGCCAG	ZN549_HUMAN.H11MO.0.C	6	0.00622744	4.7889	0.462106	11	AAACAGGCCAG	ATTCATGAATTGGGCAGCAC	+
949-AAACAGGCCAG	ZFX_HUMAN.H11MO.0.A	-2	0.00634826	4.88181	0.462106	9	AAACAGGCCAG	CCAGGCCCCG	+
949-AAACAGGCCAG	FOXP2_HUMAN.H11MO.0.C	3	0.00739774	5.68887	0.493538	6	AAACAGGCCAG	TGTAAACAG	-
949-AAACAGGCCAG	THA_HUMAN.H11MO.1.D	-1	0.00742579	5.71043	0.493538	10	AAACAGGCCAG	TTCAGGTCAG	+
949-AAACAGGCCAG	NR1H4_HUMAN.H11MO.1.B	-4	0.00794483	6.10957	0.496811	7	AAACAGGCCAG	AGGTCAGT	+
949-AAACAGGCCAG	ZSC31_HUMAN.H11MO.0.C	2	0.00812503	6.24815	0.496811	11	AAACAGGCCAG	GGCAGCAGGGCAGTTATG	+
950-CAAGAATACA	ZN136_HUMAN.H11MO.0.C	4	0.000188313	0.144813	0.289626	10	CAAGAATACA	CAACCAAGAATACTATATCCAGCA	-
952-CTCTTGCTTCC	ZN257_HUMAN.H11MO.0.C	1	0.000232699	0.178946	0.357891	11	CTCTTGCTTCC	GCTCTTGCCTCT	+
956-AAGAATAAAAG	CPEB1_HUMAN.H11MO.0.D	6	3.40793e-05	0.026207	0.052414	11	AAGAATAAAAG	AAAAAAAAAAATAAAAA	-
956-AAGAATAAAAG	MYNN_HUMAN.H11MO.0.D	3	0.000134621	0.103523	0.103523	11	AAGAATAAAAG	TTTCAAAATAAAAGTCC	-
957-AAGGAGGGCGGA	ZN219_HUMAN.H11MO.0.D	0	2.49294e-05	0.0191707	0.0379229	12	AAGGAGGGCGGA	GAGGGGGGCGGA	+
957-AAGGAGGGCGGA	ZSC22_HUMAN.H11MO.0.C	2	0.00045167	0.347334	0.318411	12	AAGGAGGGCGGA	GGTCTGAGGGAGGAGG	+
957-AAGGAGGGCGGA	KLF13_HUMAN.H11MO.0.D	-1	0.000627942	0.482887	0.318411	11	AAGGAGGGCGGA	AGGGGGGCGTG	+
957-AAGGAGGGCGGA	TYY2_HUMAN.H11MO.0.D	-1	0.00105385	0.810412	0.351426	11	AAGGAGGGCGGA	AAAATGGCGGC	+
957-AAGGAGGGCGGA	SP1_HUMAN.H11MO.1.A	-2	0.00268256	2.06289	0.351426	10	AAGGAGGGCGGA	GGGGGGCGGGGCCG	+
957-AAGGAGGGCGGA	TYY1_HUMAN.H11MO.0.A	0	0.00273616	2.10411	0.351426	12	AAGGAGGGCGGA	CAAGATGGCGGC	+
957-AAGGAGGGCGGA	ZBT14_HUMAN.H11MO.0.C	-2	0.00279023	2.14569	0.351426	9	AAGGAGGGCGGA	GGAGCGCGC	+
957-AAGGAGGGCGGA	SP4_HUMAN.H11MO.1.A	0	0.00371708	2.85844	0.351426	12	AAGGAGGGCGGA	GGAGGGGGCGGGGCCG	+
957-AAGGAGGGCGGA	KLF3_HUMAN.H11MO.0.B	1	0.0038371	2.95073	0.351426	12	AAGGAGGGCGGA	GGGGAGGGGCGGGGCCGGG	+
957-AAGGAGGGCGGA	ZN263_HUMAN.H11MO.1.A	-3	0.00388665	2.98884	0.351426	9	AAGGAGGGCGGA	GAGGGAGGAGG	+
957-AAGGAGGGCGGA	SP2_HUMAN.H11MO.1.B	-2	0.00391324	3.00928	0.351426	10	AAGGAGGGCGGA	AGGGGGCGGGGC	+
957-AAGGAGGGCGGA	VEZF1_HUMAN.H11MO.1.C	2	0.00411576	3.16502	0.351426	10	AAGGAGGGCGGA	AGAGGGAGGGGG	+
957-AAGGAGGGCGGA	SP3_HUMAN.H11MO.0.B	1	0.00425015	3.26836	0.351426	12	AAGGAGGGCGGA	GGGGGGGGGCGGGGCCGGGG	+
957-AAGGAGGGCGGA	SP4_HUMAN.H11MO.0.A	2	0.00425015	3.26836	0.351426	12	AAGGAGGGCGGA	GGGAAGGGGGCGGGGCCGGG	+
957-AAGGAGGGCGGA	ZN770_HUMAN.H11MO.1.C	-1	0.00431275	3.31651	0.351426	11	AAGGAGGGCGGA	GGGAGGCTGAG	+
957-AAGGAGGGCGGA	FLI1_HUMAN.H11MO.0.A	5	0.00464537	3.57229	0.351426	12	AAGGAGGGCGGA	GGAGGAAGGAAGGAGGGA	+
957-AAGGAGGGCGGA	TFDP1_HUMAN.H11MO.0.C	-2	0.00467223	3.59295	0.351426	10	AAGGAGGGCGGA	GGGGGGCGGGAAAA	+
957-AAGGAGGGCGGA	ZN263_HUMAN.H11MO.0.A	2	0.00470567	3.61866	0.351426	12	AAGGAGGGCGGA	GGGAGGAGGGAGAGGAGGAG	+
957-AAGGAGGGCGGA	SP2_HUMAN.H11MO.0.A	2	0.00482349	3.70926	0.351426	12	AAGGAGGGCGGA	GGGGGGGGGGCGGGGCCGGGGG	+
957-AAGGAGGGCGGA	PATZ1_HUMAN.H11MO.1.C	0	0.00497949	3.82923	0.351426	9	AAGGAGGGCGGA	AGGGAGGGG	+
957-AAGGAGGGCGGA	MAZ_HUMAN.H11MO.1.A	-3	0.00503461	3.87161	0.351426	9	AAGGAGGGCGGA	GAGGGAGGGGG	+
957-AAGGAGGGCGGA	SALL4_HUMAN.H11MO.0.B	-2	0.00508238	3.90835	0.351426	10	AAGGAGGGCGGA	GGAGGGTGGG	+
957-AAGGAGGGCGGA	KLF12_HUMAN.H11MO.0.C	-3	0.0058681	4.51257	0.371943	9	AAGGAGGGCGGA	AGGGGCGGGGC	+
957-AAGGAGGGCGGA	WT1_HUMAN.H11MO.1.B	-3	0.0058681	4.51257	0.371943	9	AAGGAGGGCGGA	GTGGGAGGAGG	+
957-AAGGAGGGCGGA	E2F1_HUMAN.H11MO.0.A	-2	0.00724842	5.57404	0.433426	10	AAGGAGGGCGGA	GGGGGGCGGGAAAG	+
957-AAGGAGGGCGGA	EGR1_HUMAN.H11MO.0.A	3	0.00740795	5.69672	0.433426	12	AAGGAGGGCGGA	GAGGGCGTGGGCGGGGG	+
957-AAGGAGGGCGGA	SP1_HUMAN.H11MO.0.A	-2	0.00796627	6.12606	0.434475	10	AAGGAGGGCGGA	GGGGGGCGGGGCCGGGGGGGGG	+
957-AAGGAGGGCGGA	ZSC31_HUMAN.H11MO.0.C	2	0.00799711	6.14978	0.434475	12	AAGGAGGGCGGA	GGCAGCAGGGCAGTTATG	+
957-AAGGAGGGCGGA	ZN816_HUMAN.H11MO.0.C	0	0.00891219	6.85347	0.46623	12	AAGGAGGGCGGA	AAAAAAGGGGGACATGCAGGG	+
957-AAGGAGGGCGGA	E2F6_HUMAN.H11MO.0.A	0	0.00919458	7.07063	0.46623	12	AAGGAGGGCGGA	GGGGCGGGAAGGG	+
957-AAGGAGGGCGGA	KLF14_HUMAN.H11MO.0.D	-1	0.00963937	7.41268	0.468805	11	AAGGAGGGCGGA	AGGGGGGCGTGGC	+
957-AAGGAGGGCGGA	Z324A_HUMAN.H11MO.0.C	8	0.00996813	7.66549	0.468805	12	AAGGAGGGCGGA	TGGCAGCAAAGGATGGTTTGATA	-
957-AAGGAGGGCGGA	ZN770_HUMAN.H11MO.0.C	8	0.0101699	7.82065	0.468805	12	AAGGAGGGCGGA	GGGAGGCTGAGGCGGGAGGATC	+
957-AAGGAGGGCGGA	WT1_HUMAN.H11MO.0.C	1	0.0108688	8.35811	0.47801	12	AAGGAGGGCGGA	GGGCGGGGGAGGAGGGGGGG	+
957-AAGGAGGGCGGA	E2F4_HUMAN.H11MO.0.A	-3	0.0110966	8.53329	0.47801	9	AAGGAGGGCGGA	GGGGGCGGGAAAT	+
957-AAGGAGGGCGGA	ZBTB4_HUMAN.H11MO.0.D	5	0.0113826	8.75325	0.47801	12	AAGGAGGGCGGA	CCTAGATGGCAGGTGGG	+
957-AAGGAGGGCGGA	NR1D1_HUMAN.H11MO.1.D	2	0.0116265	8.94079	0.47801	12	AAGGAGGGCGGA	AAAAGTAGGTCAAA	+
965-ACTTTGTCCA	HNF4A_HUMAN.H11MO.0.A	3	0.000132146	0.10162	0.202669	10	ACTTTGTCCA	TGGACTTTGGACTC	-
965-ACTTTGTCCA	HNF4G_HUMAN.H11MO.0.B	3	0.000408589	0.314205	0.258934	10	ACTTTGTCCA	TGGACTTTGGACTC	-
965-ACTTTGTCCA	NR2F6_HUMAN.H11MO.0.D	8	0.000506499	0.389498	0.258934	10	ACTTTGTCCA	TCAATTGAACTTTGTCCT	-
965-ACTTTGTCCA	SOX4_HUMAN.H11MO.0.B	1	0.000769524	0.591764	0.295049	10	ACTTTGTCCA	TCCTTTGTTCTC	+
967-AGAGATAAAAA	GATA3_HUMAN.H11MO.0.A	0	4.88038e-05	0.0375301	0.0746527	11	AGAGATAAAAA	AAAGATAAGAA	+
967-AGAGATAAAAA	CPEB1_HUMAN.H11MO.0.D	6	0.000125952	0.0968569	0.0963309	11	AGAGATAAAAA	AAAAAAAAAAATAAAAA	-
967-AGAGATAAAAA	GATA4_HUMAN.H11MO.0.A	0	0.000312072	0.239984	0.121372	10	AGAGATAAAAA	ACAGATAAGA	+
967-AGAGATAAAAA	GATA2_HUMAN.H11MO.1.A	0	0.000317386	0.24407	0.121372	11	AGAGATAAAAA	ACAGATAAGAA	+
967-AGAGATAAAAA	GATA1_HUMAN.H11MO.1.A	0	0.000485275	0.373176	0.14846	11	AGAGATAAAAA	ACAGATAAGAA	+
967-AGAGATAAAAA	OZF_HUMAN.H11MO.0.C	13	0.000858765	0.66039	0.218935	11	AGAGATAAAAA	TGGAATACTATGCAGCCATGAAAA	-
967-AGAGATAAAAA	GATA6_HUMAN.H11MO.0.A	0	0.00122287	0.940387	0.267223	11	AGAGATAAAAA	ACAGATAAGATAA	+
967-AGAGATAAAAA	HXB13_HUMAN.H11MO.0.A	0	0.00162321	1.24825	0.297803	10	AGAGATAAAAA	GCCAATAAAA	-
967-AGAGATAAAAA	ZN260_HUMAN.H11MO.0.C	13	0.00175218	1.34743	0.297803	11	AGAGATAAAAA	TGGAATACTATGCAGCCATAAAAA	-
967-AGAGATAAAAA	FOXJ3_HUMAN.H11MO.0.A	1	0.00224839	1.72902	0.342039	11	AGAGATAAAAA	AAAAAATAAACAA	-
967-AGAGATAAAAA	HXC9_HUMAN.H11MO.0.C	0	0.00256243	1.97051	0.342039	10	AGAGATAAAAA	GGCAATAAAA	-
967-AGAGATAAAAA	ZN586_HUMAN.H11MO.0.C	7	0.00268327	2.06344	0.342039	11	AGAGATAAAAA	AGGCCTAGGAGGAAAAAATG	+
967-AGAGATAAAAA	FOXJ2_HUMAN.H11MO.0.C	-1	0.00357886	2.75214	0.391376	10	AGAGATAAAAA	TAAATAAACA	-
967-AGAGATAAAAA	GATA1_HUMAN.H11MO.0.A	9	0.00358204	2.75459	0.391376	10	AGAGATAAAAA	CTGGCGGGGACAGATAAGA	+
967-AGAGATAAAAA	GATA2_HUMAN.H11MO.0.A	9	0.00421022	3.23766	0.429344	10	AGAGATAAAAA	CTGGGGGGTGGAGATAAGG	+
967-AGAGATAAAAA	HXC12_HUMAN.H11MO.0.D	1	0.00495474	3.8102	0.438162	11	AGAGATAAAAA	AGGTCATAAAAA	-
967-AGAGATAAAAA	EVI1_HUMAN.H11MO.0.B	4	0.00503337	3.87066	0.438162	11	AGAGATAAAAA	AAGATAAGATAAGATA	+
967-AGAGATAAAAA	FOXG1_HUMAN.H11MO.0.D	4	0.00516297	3.97032	0.438162	11	AGAGATAAAAA	AAAAAAATATAAACAAT	-
967-AGAGATAAAAA	PRDM6_HUMAN.H11MO.0.C	2	0.00609153	4.68439	0.438162	11	AGAGATAAAAA	AAAAAGAAAAAAA	+
967-AGAGATAAAAA	HXD11_HUMAN.H11MO.0.D	0	0.00620873	4.77452	0.438162	11	AGAGATAAAAA	AGTAATAAAAA	-
967-AGAGATAAAAA	FOXQ1_HUMAN.H11MO.0.C	-2	0.00639323	4.9164	0.438162	9	AGAGATAAAAA	AAATAAACAATT	-
967-AGAGATAAAAA	ZFP28_HUMAN.H11MO.0.C	10	0.00669166	5.14589	0.438162	10	AGAGATAAAAA	TGACACAAGAAGAAATAGAA	-
967-AGAGATAAAAA	FOXF2_HUMAN.H11MO.0.D	0	0.00687471	5.28665	0.438162	11	AGAGATAAAAA	AAAAGTAAACA	-
967-AGAGATAAAAA	FOXF1_HUMAN.H11MO.0.D	-1	0.00687471	5.28665	0.438162	10	AGAGATAAAAA	AAAATAAACAT	-
967-AGAGATAAAAA	HXD12_HUMAN.H11MO.0.D	-1	0.00760659	5.84947	0.465416	10	AGAGATAAAAA	GTAATAAAATT	-
968-AGCCCCGCCTCC	SP2_HUMAN.H11MO.1.B	-1	1.65793e-06	0.00127495	0.00117914	11	AGCCCCGCCTCC	GCCCCGCCCCCT	-
968-AGCCCCGCCTCC	SP1_HUMAN.H11MO.0.A	9	2.17487e-06	0.00167248	0.00117914	12	AGCCCCGCCTCC	CCCCCCCCCGGCCCCGCCCCCC	-
968-AGCCCCGCCTCC	SP1_HUMAN.H11MO.1.A	1	2.35591e-06	0.0018117	0.00117914	12	AGCCCCGCCTCC	CGGCCCCGCCCCCC	-
968-AGCCCCGCCTCC	EGR4_HUMAN.H11MO.0.D	-1	6.51948e-06	0.00501348	0.00203605	11	AGCCCCGCCTCC	GCCCTGCCGCC	-
968-AGCCCCGCCTCC	SP2_HUMAN.H11MO.0.A	5	7.88581e-06	0.00606419	0.00203605	12	AGCCCCGCCTCC	CCCCCGGCCCCGCCCCCCCCCC	-
968-AGCCCCGCCTCC	KLF12_HUMAN.H11MO.0.C	-1	8.13603e-06	0.00625661	0.00203605	11	AGCCCCGCCTCC	GCCCCGCCCCT	-
968-AGCCCCGCCTCC	SP4_HUMAN.H11MO.1.A	1	4.255e-05	0.032721	0.00912702	12	AGCCCCGCCTCC	CGGCCCCGCCCCCTCC	-
968-AGCCCCGCCTCC	SP4_HUMAN.H11MO.0.A	3	5.24464e-05	0.0403313	0.00960919	12	AGCCCCGCCTCC	CCCGGCCCCGCCCCCTTCCC	-
968-AGCCCCGCCTCC	ZN770_HUMAN.H11MO.1.C	-2	5.75972e-05	0.0442923	0.00960919	10	AGCCCCGCCTCC	CTCAGCCTCCC	-
968-AGCCCCGCCTCC	SP3_HUMAN.H11MO.0.B	4	0.000106855	0.0821714	0.0160443	12	AGCCCCGCCTCC	CCCCGGCCCCGCCCCCCCCC	-
968-AGCCCCGCCTCC	ZN281_HUMAN.H11MO.0.A	-1	0.00019061	0.146579	0.0260184	11	AGCCCCGCCTCC	TCCCCTCCCCCACCC	-
968-AGCCCCGCCTCC	KLF9_HUMAN.H11MO.0.C	0	0.000214847	0.165217	0.0268828	12	AGCCCCGCCTCC	GGCCACGCCCCCTCC	-
968-AGCCCCGCCTCC	ZN770_HUMAN.H11MO.0.C	9	0.000255434	0.196429	0.0295028	12	AGCCCCGCCTCC	GATCCTCCCGCCTCAGCCTCCC	-
968-AGCCCCGCCTCC	E2F4_HUMAN.H11MO.0.A	1	0.000462295	0.355505	0.0495813	12	AGCCCCGCCTCC	ATTTCCCGCCCCC	-
968-AGCCCCGCCTCC	MAZ_HUMAN.H11MO.1.A	-1	0.000515258	0.396234	0.0515776	11	AGCCCCGCCTCC	CCCCCTCCCTC	-
968-AGCCCCGCCTCC	TFDP1_HUMAN.H11MO.0.C	1	0.000647633	0.49803	0.0575332	12	AGCCCCGCCTCC	TTTTCCCGCCCCCC	-
968-AGCCCCGCCTCC	ZN449_HUMAN.H11MO.0.C	1	0.000651388	0.500917	0.0575332	10	AGCCCCGCCTCC	AAGCCCAACCA	-
968-AGCCCCGCCTCC	ZN148_HUMAN.H11MO.0.D	-2	0.000805958	0.619782	0.0656706	10	AGCCCCGCCTCC	CCCCTCCCCCACCCC	-
968-AGCCCCGCCTCC	KLF14_HUMAN.H11MO.0.D	-1	0.000854699	0.657263	0.0656706	11	AGCCCCGCCTCC	GCCACGCCCCCCT	-
968-AGCCCCGCCTCC	KLF3_HUMAN.H11MO.0.B	3	0.000874729	0.672666	0.0656706	12	AGCCCCGCCTCC	CCCGGCCCCGCCCCTCCCC	-
968-AGCCCCGCCTCC	WT1_HUMAN.H11MO.0.C	1	0.00102778	0.790366	0.0734869	12	AGCCCCGCCTCC	CCCCCCCTCCTCCCCCGCCC	-
968-AGCCCCGCCTCC	ZN331_HUMAN.H11MO.0.C	11	0.00121424	0.93375	0.0828722	9	AGCCCCGCCTCC	CCACCCAGCTGAGCCCAGCC	-
968-AGCCCCGCCTCC	KLF1_HUMAN.H11MO.0.A	3	0.0013916	1.07014	0.0908477	11	AGCCCCGCCTCC	CCCGGCCCCGCCCC	-
968-AGCCCCGCCTCC	KLF4_HUMAN.H11MO.0.A	-1	0.00173655	1.33541	0.108644	10	AGCCCCGCCTCC	GCCACACCCT	-
968-AGCCCCGCCTCC	ZN740_HUMAN.H11MO.0.D	2	0.00201453	1.54917	0.118026	12	AGCCCCGCCTCC	CCCACCCCCCCCCC	-
968-AGCCCCGCCTCC	ZSC31_HUMAN.H11MO.0.C	6	0.0020788	1.5986	0.118026	12	AGCCCCGCCTCC	CATAACTGCCCTGCTGCC	-
968-AGCCCCGCCTCC	E2F7_HUMAN.H11MO.0.B	2	0.00212234	1.63208	0.118026	11	AGCCCCGCCTCC	CCTTTCCCGCCCC	-
968-AGCCCCGCCTCC	ZBT17_HUMAN.H11MO.0.A	1	0.0025918	1.99309	0.138986	12	AGCCCCGCCTCC	CTTCCCCTCCCCCACCCTC	-
968-AGCCCCGCCTCC	XBP1_HUMAN.H11MO.0.D	-1	0.00277353	2.13285	0.143603	11	AGCCCCGCCTCC	GCCACGTCAGC	-
968-AGCCCCGCCTCC	KLF6_HUMAN.H11MO.0.A	5	0.0031931	2.45549	0.159815	12	AGCCCCGCCTCC	CCCCCGGCCCCGCCCTTCC	-
968-AGCCCCGCCTCC	GLIS1_HUMAN.H11MO.0.D	0	0.00336912	2.59086	0.163186	12	AGCCCCGCCTCC	AGACCCCCCACGA	-
968-AGCCCCGCCTCC	KLF5_HUMAN.H11MO.0.A	3	0.00354381	2.72519	0.163355	11	AGCCCCGCCTCC	CCCAGCCCCACCCT	-
968-AGCCCCGCCTCC	CTCFL_HUMAN.H11MO.0.A	1	0.00359132	2.76172	0.163355	12	AGCCCCGCCTCC	CGGCGCCCCCTGGCGGC	-
968-AGCCCCGCCTCC	E2F1_HUMAN.H11MO.0.A	1	0.00372683	2.86593	0.163355	12	AGCCCCGCCTCC	CTTTCCCGCCCCCC	-
968-AGCCCCGCCTCC	SALL4_HUMAN.H11MO.0.B	-2	0.00380778	2.92819	0.163355	10	AGCCCCGCCTCC	CCCACCCTCC	-
968-AGCCCCGCCTCC	KLF16_HUMAN.H11MO.0.D	7	0.00392288	3.0167	0.163618	12	AGCCCCGCCTCC	CCCCCCCCCCCCCGCCCCC	-
968-AGCCCCGCCTCC	PRDM4_HUMAN.H11MO.0.D	5	0.00420507	3.2337	0.167015	11	AGCCCCGCCTCC	TTTCAAGGCCCCCCAC	-
968-AGCCCCGCCTCC	ZN467_HUMAN.H11MO.0.C	8	0.00422681	3.25041	0.167015	12	AGCCCCGCCTCC	CCCCCCCCCCCCTCCCCTCCCC	-
968-AGCCCCGCCTCC	KLF15_HUMAN.H11MO.0.A	2	0.00456937	3.51384	0.168641	12	AGCCCCGCCTCC	CCCCCCCCTGCTCCTCCCC	-
968-AGCCCCGCCTCC	ZN263_HUMAN.H11MO.0.A	7	0.00457093	3.51504	0.168641	12	AGCCCCGCCTCC	CTCCTCCTCTCCCTCCTCCC	-
968-AGCCCCGCCTCC	ZSC22_HUMAN.H11MO.0.C	-4	0.00464766	3.57405	0.168641	8	AGCCCCGCCTCC	CCTCCTCCCTCAGACC	-
968-AGCCCCGCCTCC	PATZ1_HUMAN.H11MO.1.C	-5	0.004892	3.76195	0.168641	7	AGCCCCGCCTCC	CCCCTCCCT	-
968-AGCCCCGCCTCC	MAZ_HUMAN.H11MO.0.A	7	0.00492887	3.7903	0.168641	12	AGCCCCGCCTCC	CCCCCCCCCCCCCCCCTCCCCC	-
968-AGCCCCGCCTCC	EGR2_HUMAN.H11MO.0.A	-2	0.00499203	3.83887	0.168641	10	AGCCCCGCCTCC	CCCCTCCCACACCCCCCC	-
968-AGCCCCGCCTCC	TBX15_HUMAN.H11MO.0.D	-1	0.00505414	3.88663	0.168641	11	AGCCCCGCCTCC	CCCCCACCCCCCCCCCCCC	-
968-AGCCCCGCCTCC	TAF1_HUMAN.H11MO.0.A	-1	0.0053936	4.14768	0.176055	11	AGCCCCGCCTCC	CCGCCGCCGCCATCTT	-
968-AGCCCCGCCTCC	EGR2_HUMAN.H11MO.1.A	-1	0.00624982	4.80611	0.199022	11	AGCCCCGCCTCC	CCCCCGCCCACGCCCC	-
968-AGCCCCGCCTCC	GCM2_HUMAN.H11MO.0.D	0	0.00636229	4.8926	0.199022	11	AGCCCCGCCTCC	ATACCCGCATC	-
968-AGCCCCGCCTCC	TBX1_HUMAN.H11MO.0.D	2	0.00682494	5.24838	0.206182	12	AGCCCCGCCTCC	CCGCCCACCCCTGCCCACCC	-
968-AGCCCCGCCTCC	CENPB_HUMAN.H11MO.0.D	-1	0.00686583	5.27982	0.206182	11	AGCCCCGCCTCC	AACCCGCATCGTACGAA	-
968-AGCCCCGCCTCC	ZN436_HUMAN.H11MO.0.C	-4	0.00736975	5.66734	0.216975	8	AGCCCCGCCTCC	CCTCCTCCAGGAAGCCTTCCCTGA	-
968-AGCCCCGCCTCC	EGR1_HUMAN.H11MO.0.A	-1	0.00833276	6.40789	0.24061	11	AGCCCCGCCTCC	CCCCCGCCCACGCCCTC	-
968-AGCCCCGCCTCC	WT1_HUMAN.H11MO.1.B	-4	0.00858681	6.60326	0.243267	8	AGCCCCGCCTCC	CCTCCTCCCAC	-
968-AGCCCCGCCTCC	ZBTB4_HUMAN.H11MO.0.D	-3	0.0105745	8.13182	0.294032	9	AGCCCCGCCTCC	CCCACCTGCCATCTAGG	-
968-AGCCCCGCCTCC	KLF13_HUMAN.H11MO.0.D	-3	0.0109711	8.43679	0.298633	9	AGCCCCGCCTCC	CACGCCCCCCT	-
968-AGCCCCGCCTCC	ZN219_HUMAN.H11MO.0.D	-3	0.0111953	8.60916	0.298633	9	AGCCCCGCCTCC	TCCGCCCCCCTC	-
968-AGCCCCGCCTCC	ZN263_HUMAN.H11MO.1.A	-4	0.011516	8.85583	0.298633	8	AGCCCCGCCTCC	CCTCCTCCCTC	-
968-AGCCCCGCCTCC	ZFX_HUMAN.H11MO.1.A	-1	0.0116182	8.93438	0.298633	11	AGCCCCGCCTCC	CCCCGGCCTCCGCCCCC	-
968-AGCCCCGCCTCC	VEZF1_HUMAN.H11MO.1.C	-1	0.0117344	9.02377	0.298633	11	AGCCCCGCCTCC	CCCCCTCCCTCT	-
968-AGCCCCGCCTCC	PATZ1_HUMAN.H11MO.0.C	5	0.0119863	9.21743	0.299958	12	AGCCCCGCCTCC	CCTCCCCCCCCGCCCCCTCCCC	-
968-AGCCCCGCCTCC	E2F3_HUMAN.H11MO.0.A	0	0.0126816	9.75216	0.309632	11	AGCCCCGCCTCC	TTTCCCGCCCT	-
968-AGCCCCGCCTCC	ZN329_HUMAN.H11MO.0.C	8	0.0127853	9.83187	0.309632	12	AGCCCCGCCTCC	CTGGATCCAGCCATGCCTGA	+
968-AGCCCCGCCTCC	VEZF1_HUMAN.H11MO.0.C	1	0.0138229	10.6298	0.329447	12	AGCCCCGCCTCC	CCCCTCCCCCTCCCCCCTCCCC	-
968-AGCCCCGCCTCC	ZBT7A_HUMAN.H11MO.0.A	1	0.0152597	11.7347	0.358008	8	AGCCCCGCCTCC	GAGACCCCC	-
968-AGCCCCGCCTCC	GLIS3_HUMAN.H11MO.0.D	-1	0.0170574	13.1171	0.394027	10	AGCCCCGCCTCC	TACCCCCCAC	-
968-AGCCCCGCCTCC	GLIS2_HUMAN.H11MO.0.D	-1	0.0187479	14.4172	0.415074	11	AGCCCCGCCTCC	GACCCCCCGCGAAG	-
968-AGCCCCGCCTCC	E2F6_HUMAN.H11MO.0.A	2	0.0187836	14.4446	0.415074	11	AGCCCCGCCTCC	CCCTTCCCGCCCC	-
968-AGCCCCGCCTCC	PLAL1_HUMAN.H11MO.0.D	1	0.0187978	14.4555	0.415074	9	AGCCCCGCCTCC	GGGCCCCCCG	-
968-AGCCCCGCCTCC	ZKSC3_HUMAN.H11MO.0.D	2	0.0193977	14.9168	0.422112	9	AGCCCCGCCTCC	CTAGCCTCGAA	-
968-AGCCCCGCCTCC	HEN1_HUMAN.H11MO.0.C	8	0.020311	15.6191	0.435673	12	AGCCCCGCCTCC	TGGGGAGCAGCTGCGTCCCT	+
968-AGCCCCGCCTCC	ZBTB6_HUMAN.H11MO.0.C	1	0.0214741	16.5136	0.454134	12	AGCCCCGCCTCC	CGGCTCCAGCACC	-
969-AGGAAGGGGCCT	PATZ1_HUMAN.H11MO.1.C	0	0.00042486	0.326718	0.275489	9	AGGAAGGGGCCT	AGGGAGGGG	+
969-AGGAAGGGGCCT	MAZ_HUMAN.H11MO.1.A	1	0.000468894	0.360579	0.275489	10	AGGAAGGGGCCT	GAGGGAGGGGG	+
969-AGGAAGGGGCCT	FLI1_HUMAN.H11MO.0.A	6	0.000757798	0.582747	0.275489	12	AGGAAGGGGCCT	GGAGGAAGGAAGGAGGGA	+
969-AGGAAGGGGCCT	ERG_HUMAN.H11MO.0.A	4	0.000928733	0.714196	0.275489	9	AGGAAGGGGCCT	GGGCAGGAAGTGG	+
969-AGGAAGGGGCCT	ETV7_HUMAN.H11MO.0.D	1	0.00106722	0.820694	0.275489	6	AGGAAGGGGCCT	CAGGAAG	+
969-AGGAAGGGGCCT	FLI1_HUMAN.H11MO.1.A	4	0.00159162	1.22396	0.275489	9	AGGAAGGGGCCT	AGGCAGGAAGTGG	+
969-AGGAAGGGGCCT	ETV4_HUMAN.H11MO.0.B	3	0.00165259	1.27084	0.275489	8	AGGAAGGGGCCT	AACAGGAAGGG	+
969-AGGAAGGGGCCT	SP1_HUMAN.H11MO.1.A	2	0.00167954	1.29157	0.275489	12	AGGAAGGGGCCT	GGGGGGCGGGGCCG	+
969-AGGAAGGGGCCT	ETV5_HUMAN.H11MO.0.C	4	0.00218319	1.67888	0.275489	10	AGGAAGGGGCCT	GAGCAGGAAGTGAG	+
969-AGGAAGGGGCCT	ETV6_HUMAN.H11MO.0.D	2	0.00221282	1.70165	0.275489	7	AGGAAGGGGCCT	ACAGGAAGT	+
969-AGGAAGGGGCCT	KLF12_HUMAN.H11MO.0.C	1	0.00241968	1.86074	0.275489	10	AGGAAGGGGCCT	AGGGGCGGGGC	+
969-AGGAAGGGGCCT	KLF1_HUMAN.H11MO.0.A	0	0.00242183	1.86238	0.275489	12	AGGAAGGGGCCT	GGGGCGGGGCCGGG	+
969-AGGAAGGGGCCT	PLAL1_HUMAN.H11MO.0.D	-2	0.00250139	1.92357	0.275489	10	AGGAAGGGGCCT	CGGGGGGCCC	+
969-AGGAAGGGGCCT	ETS1_HUMAN.H11MO.0.A	4	0.00254795	1.95937	0.275489	9	AGGAAGGGGCCT	AGACAGGAAGTGG	+
969-AGGAAGGGGCCT	KLF4_HUMAN.H11MO.0.A	0	0.00330586	2.54221	0.317864	10	AGGAAGGGGCCT	AGGGTGTGGC	+
969-AGGAAGGGGCCT	SP1_HUMAN.H11MO.0.A	2	0.00335985	2.58373	0.317864	12	AGGAAGGGGCCT	GGGGGGCGGGGCCGGGGGGGGG	+
969-AGGAAGGGGCCT	ZFX_HUMAN.H11MO.0.A	-4	0.00369064	2.8381	0.322152	8	AGGAAGGGGCCT	CGGGGCCTGG	-
969-AGGAAGGGGCCT	KLF5_HUMAN.H11MO.0.A	0	0.00383082	2.9459	0.322152	12	AGGAAGGGGCCT	AGGGTGGGGCTGGG	+
969-AGGAAGGGGCCT	SPI1_HUMAN.H11MO.0.A	6	0.00409139	3.14628	0.325956	11	AGGAAGGGGCCT	AAAAAGAGGAAGTGAAA	+
969-AGGAAGGGGCCT	INSM1_HUMAN.H11MO.0.C	0	0.00433599	3.33437	0.32817	12	AGGAAGGGGCCT	TGTCAGGGGGCA	+
969-AGGAAGGGGCCT	EHF_HUMAN.H11MO.0.B	5	0.0049275	3.78925	0.347462	10	AGGAAGGGGCCT	GAACCAGGAAGTGGC	+
969-AGGAAGGGGCCT	ELF5_HUMAN.H11MO.0.A	6	0.00517711	3.9812	0.347462	9	AGGAAGGGGCCT	GGAAGGAGGAAGTGG	+
969-AGGAAGGGGCCT	ETV2_HUMAN.H11MO.0.B	6	0.00527951	4.05994	0.347462	10	AGGAAGGGGCCT	GGAAACAGGAAGTGGG	+
969-AGGAAGGGGCCT	SP4_HUMAN.H11MO.1.A	4	0.00582646	4.48055	0.362011	12	AGGAAGGGGCCT	GGAGGGGGCGGGGCCG	+
969-AGGAAGGGGCCT	ELF3_HUMAN.H11MO.0.A	5	0.00597889	4.59776	0.362011	9	AGGAAGGGGCCT	GAACCAGGAAGTGG	+
969-AGGAAGGGGCCT	KLF9_HUMAN.H11MO.0.C	-1	0.00661162	5.08434	0.384925	11	AGGAAGGGGCCT	GGAGGGGGCGTGGCC	+
969-AGGAAGGGGCCT	KLF6_HUMAN.H11MO.0.A	3	0.0070084	5.38946	0.392913	12	AGGAAGGGGCCT	GGAAGGGCGGGGCCGGGGG	+
969-AGGAAGGGGCCT	KLF3_HUMAN.H11MO.0.B	5	0.00736067	5.66036	0.395149	12	AGGAAGGGGCCT	GGGGAGGGGCGGGGCCGGG	+
969-AGGAAGGGGCCT	PRDM4_HUMAN.H11MO.0.D	-1	0.00779983	5.99807	0.395149	11	AGGAAGGGGCCT	GTGGGGGGCCTTGAAA	+
969-AGGAAGGGGCCT	VEZF1_HUMAN.H11MO.1.C	3	0.00783143	6.02237	0.395149	9	AGGAAGGGGCCT	AGAGGGAGGGGG	+
969-AGGAAGGGGCCT	SPIB_HUMAN.H11MO.0.A	6	0.00898662	6.91071	0.431742	11	AGGAAGGGGCCT	AAAAAGAGGAAGTGAAA	+
969-AGGAAGGGGCCT	ELF2_HUMAN.H11MO.0.C	4	0.00920769	7.08072	0.431742	9	AGGAAGGGGCCT	AACCCGGAAGTGG	+
969-AGGAAGGGGCCT	ZN281_HUMAN.H11MO.0.A	5	0.00969432	7.45493	0.431742	10	AGGAAGGGGCCT	GGGTGGGGGAGGGGA	+
969-AGGAAGGGGCCT	NFAT5_HUMAN.H11MO.0.D	2	0.00969756	7.45742	0.431742	9	AGGAAGGGGCCT	AGAGGAAAAGG	+
969-AGGAAGGGGCCT	TF65_HUMAN.H11MO.0.A	1	0.010118	7.78077	0.437592	12	AGGAAGGGGCCT	CTGGAAATTCCCTG	-
969-AGGAAGGGGCCT	HES7_HUMAN.H11MO.0.D	0	0.0109406	8.41329	0.44717	12	AGGAAGGGGCCT	TGGCACGTGCCG	+
969-AGGAAGGGGCCT	ELK1_HUMAN.H11MO.0.B	2	0.0112257	8.63259	0.44717	9	AGGAAGGGGCCT	ACCGGAAGTGG	+
969-AGGAAGGGGCCT	ETS2_HUMAN.H11MO.0.B	3	0.0121969	9.37944	0.473399	10	AGGAAGGGGCCT	GGAAGGAAGAGGA	+
969-AGGAAGGGGCCT	XBP1_HUMAN.H11MO.0.D	1	0.0129738	9.97687	0.475045	10	AGGAAGGGGCCT	GCTGACGTGGC	+
969-AGGAAGGGGCCT	ZFX_HUMAN.H11MO.1.A	2	0.0131032	10.0763	0.475045	12	AGGAAGGGGCCT	GGGGGCGGAGGCCGGGG	+
969-AGGAAGGGGCCT	ELF1_HUMAN.H11MO.0.A	5	0.0133708	10.2821	0.475045	9	AGGAAGGGGCCT	GAACCCGGAAGTGG	+
969-AGGAAGGGGCCT	ETV1_HUMAN.H11MO.0.A	3	0.0136101	10.4662	0.475045	8	AGGAAGGGGCCT	GGCCGGAAGTG	+
969-AGGAAGGGGCCT	ZN341_HUMAN.H11MO.1.C	-1	0.0140735	10.8225	0.475045	9	AGGAAGGGGCCT	GGAACAGCC	+
969-AGGAAGGGGCCT	SP3_HUMAN.H11MO.0.B	5	0.0144361	11.1014	0.475045	12	AGGAAGGGGCCT	GGGGGGGGGCGGGGCCGGGG	+
969-AGGAAGGGGCCT	ZN320_HUMAN.H11MO.0.C	5	0.0144361	11.1014	0.475045	12	AGGAAGGGGCCT	GTGGGACCAGGGGGCCAGTG	+
969-AGGAAGGGGCCT	ZBT7A_HUMAN.H11MO.0.A	-4	0.0148261	11.4012	0.477495	8	AGGAAGGGGCCT	GGGGGTCTC	+
972-ATATTCTGAGA	ZN410_HUMAN.H11MO.0.D	-1	0.000311297	0.239388	0.478775	10	ATATTCTGAGA	TATTATGGGATGG	+
973-ATTTTATTTTCA	IRF1_HUMAN.H11MO.0.A	3	0.000597833	0.459733	0.280455	12	ATTTTATTTTCA	TTACTTTCACTTTCATTTTC	-
973-ATTTTATTTTCA	IRF7_HUMAN.H11MO.0.C	-1	0.000675674	0.519593	0.280455	10	ATTTTATTTTCA	TTTCACTTTC	-
973-ATTTTATTTTCA	CPEB1_HUMAN.H11MO.0.D	0	0.000740244	0.569248	0.280455	12	ATTTTATTTTCA	TTTTTATTTTTTTTTTT	+
973-ATTTTATTTTCA	MYNN_HUMAN.H11MO.0.D	3	0.000828575	0.637174	0.280455	12	ATTTTATTTTCA	GGACTTTTATTTTGAAA	+
973-ATTTTATTTTCA	HXB13_HUMAN.H11MO.0.A	-1	0.000973974	0.748986	0.280455	10	ATTTTATTTTCA	TTTTATTGGC	+
973-ATTTTATTTTCA	IRF2_HUMAN.H11MO.0.A	3	0.00125137	0.962304	0.280455	12	ATTTTATTTTCA	TTACTTTCACTTTCACTTTC	-
973-ATTTTATTTTCA	STAT2_HUMAN.H11MO.0.A	0	0.00148419	1.14134	0.280455	12	ATTTTATTTTCA	CTTTCAGTTTCATTTTCCT	-
973-ATTTTATTTTCA	MEF2A_HUMAN.H11MO.0.A	-1	0.00150923	1.1606	0.280455	11	ATTTTATTTTCA	TTCTATTTTTAGC	+
973-ATTTTATTTTCA	MEF2C_HUMAN.H11MO.0.A	-1	0.00167863	1.29086	0.280455	11	ATTTTATTTTCA	TGCTATTTTTAGC	+
973-ATTTTATTTTCA	STAT1_HUMAN.H11MO.1.A	0	0.0022849	1.75709	0.32048	12	ATTTTATTTTCA	CTTTCAGTTTCATTTTCTT	-
973-ATTTTATTTTCA	IRF9_HUMAN.H11MO.0.C	1	0.00234446	1.80289	0.32048	11	ATTTTATTTTCA	AGTTTCGCTTTC	-
973-ATTTTATTTTCA	MEF2D_HUMAN.H11MO.0.A	-1	0.00260236	2.00121	0.32609	11	ATTTTATTTTCA	TGCTATTTTTAG	+
973-ATTTTATTTTCA	MEF2B_HUMAN.H11MO.0.A	1	0.00298156	2.29282	0.344866	12	ATTTTATTTTCA	GTTGCTATTTTTGG	+
973-ATTTTATTTTCA	ZN136_HUMAN.H11MO.0.C	9	0.00353252	2.71651	0.379409	12	ATTTTATTTTCA	CAACCAAGAATACTATATCCAGCA	-
973-ATTTTATTTTCA	FOXD2_HUMAN.H11MO.0.D	7	0.00472492	3.63346	0.473646	12	ATTTTATTTTCA	TATGTAAATATTTATTTAA	+
975-CAAGGTTTAA	ZN652_HUMAN.H11MO.0.D	0	0.000170485	0.131103	0.262206	10	CAAGGTTTAA	AAAGGGTTAAT	+
979-CCCAGCCTGGGCAAC	RFX1_HUMAN.H11MO.1.B	-5	0.000365062	0.280733	0.215463	10	CCCAGCCTGGGCAAC	CCATGGCAACC	-
979-CCCAGCCTGGGCAAC	RFX2_HUMAN.H11MO.1.A	-5	0.000393827	0.302853	0.215463	10	CCCAGCCTGGGCAAC	CCATGGCAACCG	-
979-CCCAGCCTGGGCAAC	ZN121_HUMAN.H11MO.0.C	-6	0.000420639	0.323471	0.215463	9	CCCAGCCTGGGCAAC	CTGGGCAACATAGCAAGACC	+
979-CCCAGCCTGGGCAAC	HIC1_HUMAN.H11MO.0.C	-8	0.000912853	0.701984	0.302515	7	CCCAGCCTGGGCAAC	GGGCAACCC	-
979-CCCAGCCTGGGCAAC	RFX1_HUMAN.H11MO.0.B	1	0.000984312	0.756936	0.302515	15	CCCAGCCTGGGCAAC	CCGTCGCCATGGCAACCGGGGC	-
979-CCCAGCCTGGGCAAC	RFX2_HUMAN.H11MO.0.A	1	0.00175557	1.35003	0.4225	15	CCCAGCCTGGGCAAC	CCGTTGCCATGGCAACCG	-
979-CCCAGCCTGGGCAAC	ZBT7B_HUMAN.H11MO.0.D	2	0.0019246	1.48002	0.4225	15	CCCAGCCTGGGCAAC	CCCGTTGCCATGGCAACGGCG	-
980-CCGCCCTCCGG	ZSC22_HUMAN.H11MO.0.C	3	0.000134415	0.103365	0.154798	11	CCGCCCTCCGG	CCTCCTCCCTCAGACC	-
980-CCGCCCTCCGG	ZN219_HUMAN.H11MO.0.D	1	0.000206398	0.15872	0.154798	11	CCGCCCTCCGG	TCCGCCCCCCTC	-
980-CCGCCCTCCGG	SP2_HUMAN.H11MO.0.A	9	0.000480841	0.369767	0.2263	11	CCGCCCTCCGG	CCCCCGGCCCCGCCCCCCCCCC	-
980-CCGCCCTCCGG	SP1_HUMAN.H11MO.1.A	5	0.000719658	0.553417	0.2263	9	CCGCCCTCCGG	CGGCCCCGCCCCCC	-
980-CCGCCCTCCGG	KLF13_HUMAN.H11MO.0.D	1	0.00130154	1.00089	0.2263	10	CCGCCCTCCGG	CACGCCCCCCT	-
980-CCGCCCTCCGG	SP3_HUMAN.H11MO.0.B	8	0.00134173	1.03179	0.2263	11	CCGCCCTCCGG	CCCCGGCCCCGCCCCCCCCC	-
980-CCGCCCTCCGG	TFDP1_HUMAN.H11MO.0.C	5	0.00134919	1.03753	0.2263	9	CCGCCCTCCGG	TTTTCCCGCCCCCC	-
980-CCGCCCTCCGG	KLF3_HUMAN.H11MO.0.B	7	0.00144824	1.11369	0.2263	11	CCGCCCTCCGG	CCCGGCCCCGCCCCTCCCC	-
980-CCGCCCTCCGG	ZSC31_HUMAN.H11MO.0.C	5	0.00146015	1.12285	0.2263	11	CCGCCCTCCGG	CATAACTGCCCTGCTGCC	-
980-CCGCCCTCCGG	SP2_HUMAN.H11MO.1.B	3	0.00151553	1.16544	0.2263	9	CCGCCCTCCGG	GCCCCGCCCCCT	-
980-CCGCCCTCCGG	AP2B_HUMAN.H11MO.0.B	-2	0.00183271	1.40935	0.2263	9	CCGCCCTCCGG	GCCCCCGGGC	-
980-CCGCCCTCCGG	SP1_HUMAN.H11MO.0.A	13	0.00188513	1.44966	0.2263	9	CCGCCCTCCGG	CCCCCCCCCGGCCCCGCCCCCC	-
980-CCGCCCTCCGG	ZBT14_HUMAN.H11MO.0.C	0	0.00217865	1.67538	0.2263	9	CCGCCCTCCGG	GCGCGCTCC	-
980-CCGCCCTCCGG	E2F1_HUMAN.H11MO.0.A	5	0.00221699	1.70487	0.2263	9	CCGCCCTCCGG	CTTTCCCGCCCCCC	-
980-CCGCCCTCCGG	MAZ_HUMAN.H11MO.1.A	3	0.002263	1.74025	0.2263	8	CCGCCCTCCGG	CCCCCTCCCTC	-
980-CCGCCCTCCGG	KLF12_HUMAN.H11MO.0.C	3	0.00252229	1.93964	0.227196	8	CCGCCCTCCGG	GCCCCGCCCCT	-
980-CCGCCCTCCGG	SALL4_HUMAN.H11MO.0.B	1	0.00257489	1.98009	0.227196	9	CCGCCCTCCGG	CCCACCCTCC	-
980-CCGCCCTCCGG	CTCF_HUMAN.H11MO.0.A	2	0.00371863	2.85962	0.254422	11	CCGCCCTCCGG	TGGCGCCCCCTGGTGGCCA	-
980-CCGCCCTCCGG	E2F4_HUMAN.H11MO.0.A	5	0.00378082	2.90745	0.254422	8	CCGCCCTCCGG	ATTTCCCGCCCCC	-
980-CCGCCCTCCGG	PLAL1_HUMAN.H11MO.0.D	0	0.00379339	2.91712	0.254422	10	CCGCCCTCCGG	GGGCCCCCCG	-
980-CCGCCCTCCGG	MECP2_HUMAN.H11MO.0.C	-5	0.00385766	2.96654	0.254422	6	CCGCCCTCCGG	CTCCGGG	-
980-CCGCCCTCCGG	ZN770_HUMAN.H11MO.1.C	1	0.00386599	2.97295	0.254422	10	CCGCCCTCCGG	CTCAGCCTCCC	-
980-CCGCCCTCCGG	CTCFL_HUMAN.H11MO.0.A	2	0.00390113	2.99997	0.254422	11	CCGCCCTCCGG	CGGCGCCCCCTGGCGGC	-
980-CCGCCCTCCGG	SP4_HUMAN.H11MO.0.A	7	0.00431036	3.31466	0.269397	11	CCGCCCTCCGG	CCCGGCCCCGCCCCCTTCCC	-
980-CCGCCCTCCGG	SP4_HUMAN.H11MO.1.A	5	0.00469859	3.61321	0.281915	11	CCGCCCTCCGG	CGGCCCCGCCCCCTCC	-
980-CCGCCCTCCGG	TBX15_HUMAN.H11MO.0.D	3	0.00539215	4.14656	0.307972	11	CCGCCCTCCGG	CCCCCACCCCCCCCCCCCC	-
980-CCGCCCTCCGG	AP2C_HUMAN.H11MO.0.A	-1	0.00571678	4.3962	0.307972	10	CCGCCCTCCGG	TGGCCTCAGGGCAT	-
980-CCGCCCTCCGG	KLF6_HUMAN.H11MO.0.A	9	0.00598556	4.6029	0.307972	10	CCGCCCTCCGG	CCCCCGGCCCCGCCCTTCC	-
980-CCGCCCTCCGG	KLF14_HUMAN.H11MO.0.D	3	0.00631976	4.85989	0.307972	10	CCGCCCTCCGG	GCCACGCCCCCCT	-
980-CCGCCCTCCGG	TYY1_HUMAN.H11MO.0.A	1	0.00632224	4.8618	0.307972	11	CCGCCCTCCGG	GCCGCCATCTTG	-
980-CCGCCCTCCGG	ZN148_HUMAN.H11MO.0.D	2	0.00644439	4.95573	0.307972	11	CCGCCCTCCGG	CCCCTCCCCCACCCC	-
980-CCGCCCTCCGG	ZBTB4_HUMAN.H11MO.0.D	5	0.00657006	5.05238	0.307972	11	CCGCCCTCCGG	CCCACCTGCCATCTAGG	-
980-CCGCCCTCCGG	EGR4_HUMAN.H11MO.0.D	2	0.0071825	5.52334	0.32416	9	CCGCCCTCCGG	GCCCTGCCGCC	-
980-CCGCCCTCCGG	GLIS1_HUMAN.H11MO.0.D	3	0.00734762	5.65032	0.32416	10	CCGCCCTCCGG	AGACCCCCCACGA	-
980-CCGCCCTCCGG	TYY2_HUMAN.H11MO.0.D	1	0.00794388	6.10884	0.32955	10	CCGCCCTCCGG	GCCGCCATTTT	-
980-CCGCCCTCCGG	ZN436_HUMAN.H11MO.0.C	-1	0.00802651	6.17238	0.32955	10	CCGCCCTCCGG	CCTCCTCCAGGAAGCCTTCCCTGA	-
980-CCGCCCTCCGG	ZN331_HUMAN.H11MO.0.C	0	0.00849483	6.53252	0.32955	11	CCGCCCTCCGG	CCACCCAGCTGAGCCCAGCC	-
980-CCGCCCTCCGG	ELK4_HUMAN.H11MO.0.A	-1	0.00853445	6.56299	0.32955	10	CCGCCCTCCGG	CCACTTCCGGTC	-
980-CCGCCCTCCGG	VEZF1_HUMAN.H11MO.1.C	-1	0.0089666	6.89532	0.32955	10	CCGCCCTCCGG	CCCCCTCCCTCT	-
980-CCGCCCTCCGG	KLF9_HUMAN.H11MO.0.C	4	0.00915325	7.03885	0.32955	11	CCGCCCTCCGG	GGCCACGCCCCCTCC	-
980-CCGCCCTCCGG	ZIC4_HUMAN.H11MO.0.D	2	0.00915325	7.03885	0.32955	11	CCGCCCTCCGG	GACCCCCCGCTGTGC	-
980-CCGCCCTCCGG	ELK1_HUMAN.H11MO.0.B	-1	0.00922741	7.09588	0.32955	10	CCGCCCTCCGG	CCACTTCCGGT	-
980-CCGCCCTCCGG	MBD2_HUMAN.H11MO.0.B	-4	0.00969629	7.45644	0.335267	7	CCGCCCTCCGG	CCTCCGGCCCG	-
980-CCGCCCTCCGG	EGR1_HUMAN.H11MO.0.A	3	0.00983449	7.56272	0.335267	11	CCGCCCTCCGG	CCCCCGCCCACGCCCTC	-
980-CCGCCCTCCGG	AP2A_HUMAN.H11MO.0.A	0	0.0106097	8.15889	0.341404	11	CCGCCCTCCGG	ATGGCCTCAGGGCAT	-
980-CCGCCCTCCGG	ETV1_HUMAN.H11MO.0.A	-2	0.0107009	8.22901	0.341404	9	CCGCCCTCCGG	CACTTCCGGCC	-
980-CCGCCCTCCGG	GLIS3_HUMAN.H11MO.0.D	2	0.0108648	8.35507	0.341404	8	CCGCCCTCCGG	TACCCCCCAC	-
980-CCGCCCTCCGG	AP2D_HUMAN.H11MO.0.D	1	0.0109249	8.40128	0.341404	11	CCGCCCTCCGG	ACGCGCCTCGGGCG	-
980-CCGCCCTCCGG	PATZ1_HUMAN.H11MO.1.C	-2	0.0130371	10.0255	0.375577	9	CCGCCCTCCGG	CCCCTCCCT	-
980-CCGCCCTCCGG	ELF2_HUMAN.H11MO.0.C	-1	0.0132133	10.1611	0.375577	10	CCGCCCTCCGG	CCACTTCCGGGTT	-
980-CCGCCCTCCGG	WT1_HUMAN.H11MO.0.C	8	0.0133285	10.2496	0.375577	11	CCGCCCTCCGG	CCCCCCCTCCTCCCCCGCCC	-
980-CCGCCCTCCGG	EGR2_HUMAN.H11MO.1.A	3	0.0134816	10.3674	0.375577	11	CCGCCCTCCGG	CCCCCGCCCACGCCCC	-
980-CCGCCCTCCGG	THAP1_HUMAN.H11MO.0.C	2	0.0135011	10.3823	0.375577	11	CCGCCCTCCGG	CGCCGCCATCTTGGCTGCGGGC	+
980-CCGCCCTCCGG	ZN423_HUMAN.H11MO.0.D	0	0.0135208	10.3975	0.375577	11	CCGCCCTCCGG	GCACCCTTGGGTGCC	-
980-CCGCCCTCCGG	ZFX_HUMAN.H11MO.1.A	2	0.0145468	11.1865	0.388247	11	CCGCCCTCCGG	CCCCGGCCTCCGCCCCC	-
980-CCGCCCTCCGG	EGR2_HUMAN.H11MO.0.A	2	0.0147534	11.3453	0.388247	11	CCGCCCTCCGG	CCCCTCCCACACCCCCCC	-
980-CCGCCCTCCGG	PROX1_HUMAN.H11MO.0.D	6	0.0152634	11.7376	0.394744	11	CCGCCCTCCGG	CCCAACCCGCCTTACCC	-
980-CCGCCCTCCGG	TBX1_HUMAN.H11MO.0.D	10	0.0162017	12.4591	0.406552	10	CCGCCCTCCGG	CCGCCCACCCCTGCCCACCC	-
980-CCGCCCTCCGG	ZN770_HUMAN.H11MO.0.C	12	0.0164347	12.6383	0.406552	10	CCGCCCTCCGG	GATCCTCCCGCCTCAGCCTCCC	-
980-CCGCCCTCCGG	E2F6_HUMAN.H11MO.0.A	6	0.0167461	12.8777	0.406552	7	CCGCCCTCCGG	CCCTTCCCGCCCC	-
980-CCGCCCTCCGG	GLIS2_HUMAN.H11MO.0.D	2	0.0168042	12.9224	0.406552	11	CCGCCCTCCGG	GACCCCCCGCGAAG	-
980-CCGCCCTCCGG	WT1_HUMAN.H11MO.1.B	3	0.0173299	13.3267	0.412616	8	CCGCCCTCCGG	CCTCCTCCCAC	-
980-CCGCCCTCCGG	KLF8_HUMAN.H11MO.0.C	-1	0.0187111	14.3888	0.431959	9	CCGCCCTCCGG	CACCCCCTG	-
980-CCGCCCTCCGG	ZN320_HUMAN.H11MO.0.C	3	0.0187182	14.3943	0.431959	11	CCGCCCTCCGG	CACTGGCCCCCTGGTCCCAC	-
980-CCGCCCTCCGG	ZN467_HUMAN.H11MO.0.C	11	0.019007	14.6164	0.431977	11	CCGCCCTCCGG	CCCCCCCCCCCCTCCCCTCCCC	-
980-CCGCCCTCCGG	KLF4_HUMAN.H11MO.0.A	3	0.0196676	15.1243	0.43544	7	CCGCCCTCCGG	GCCACACCCT	-
980-CCGCCCTCCGG	ZN281_HUMAN.H11MO.0.A	2	0.01974	15.18	0.43544	11	CCGCCCTCCGG	TCCCCTCCCCCACCC	-
980-CCGCCCTCCGG	SPDEF_HUMAN.H11MO.0.D	0	0.0202522	15.5739	0.436879	11	CCGCCCTCCGG	ACTTCATCCGGGTT	-
980-CCGCCCTCCGG	ZN263_HUMAN.H11MO.0.A	10	0.0205895	15.8333	0.436879	10	CCGCCCTCCGG	CTCCTCCTCTCCCTCCTCCC	-
980-CCGCCCTCCGG	E2F3_HUMAN.H11MO.0.A	4	0.0219054	16.8452	0.44417	7	CCGCCCTCCGG	TTTCCCGCCCT	-
980-CCGCCCTCCGG	MAZ_HUMAN.H11MO.0.A	10	0.021943	16.8741	0.44417	11	CCGCCCTCCGG	CCCCCCCCCCCCCCCCTCCCCC	-
980-CCGCCCTCCGG	COT1_HUMAN.H11MO.1.C	2	0.0221208	17.0109	0.44417	11	CCGCCCTCCGG	CCCTGACCTCTGC	-
980-CCGCCCTCCGG	GABPA_HUMAN.H11MO.0.A	-1	0.0222085	17.0783	0.44417	10	CCGCCCTCCGG	CCACTTCCGGTTCC	-
980-CCGCCCTCCGG	ZN263_HUMAN.H11MO.1.A	3	0.024028	18.4775	0.474074	8	CCGCCCTCCGG	CCTCCTCCCTC	-
980-CCGCCCTCCGG	ZN740_HUMAN.H11MO.0.D	5	0.0243358	18.7142	0.474074	9	CCGCCCTCCGG	CCCACCCCCCCCCC	-
980-CCGCCCTCCGG	ZIC3_HUMAN.H11MO.0.B	1	0.0248566	19.1147	0.478011	11	CCGCCCTCCGG	GGCCCCCTGCTGTGA	+
980-CCGCCCTCCGG	NR2C1_HUMAN.H11MO.0.C	0	0.0253615	19.503	0.481548	11	CCGCCCTCCGG	CTGACCTCTGGCC	-
980-CCGCCCTCCGG	E2F7_HUMAN.H11MO.0.B	6	0.0265343	20.4049	0.493464	7	CCGCCCTCCGG	CCTTTCCCGCCCC	-
980-CCGCCCTCCGG	ELF1_HUMAN.H11MO.0.A	-1	0.0266471	20.4916	0.493464	10	CCGCCCTCCGG	CCACTTCCGGGTTC	-
981-CCTATCAGCA	TBX20_HUMAN.H11MO.0.D	1	6.00679e-05	0.0461922	0.0920034	10	CCTATCAGCA	ACCTGTCAGCACCT	-
981-CCTATCAGCA	MAF_HUMAN.H11MO.1.B	-2	0.00026171	0.201255	0.200425	8	CCTATCAGCA	AGTCAGCA	-
981-CCTATCAGCA	MAFB_HUMAN.H11MO.0.B	1	0.00115547	0.888555	0.418078	10	CCTATCAGCA	CTGAGTCAGCA	-
981-CCTATCAGCA	MAFG_HUMAN.H11MO.1.A	-2	0.00131636	1.01228	0.418078	8	CCTATCAGCA	ACTCAGCA	-
981-CCTATCAGCA	MAFF_HUMAN.H11MO.1.B	-1	0.00160737	1.23607	0.418078	9	CCTATCAGCA	GACTCAGCA	-
981-CCTATCAGCA	MEIS1_HUMAN.H11MO.1.B	0	0.00181551	1.39613	0.418078	9	CCTATCAGCA	GCTGTCAGC	-
981-CCTATCAGCA	NRL_HUMAN.H11MO.0.D	1	0.00194859	1.49847	0.418078	10	CCTATCAGCA	CTGCGTCAGCA	-
981-CCTATCAGCA	FOXI1_HUMAN.H11MO.0.B	2	0.00289607	2.22708	0.418078	10	CCTATCAGCA	AACCAATCAGAG	-
981-CCTATCAGCA	CEBPZ_HUMAN.H11MO.0.D	2	0.00305917	2.3525	0.418078	9	CCTATCAGCA	AGCCAATCAGC	-
981-CCTATCAGCA	NFYB_HUMAN.H11MO.0.A	3	0.00322937	2.48338	0.418078	10	CCTATCAGCA	CAGCCAATCAGAG	+
981-CCTATCAGCA	SMAD1_HUMAN.H11MO.0.D	2	0.00323674	2.48905	0.418078	10	CCTATCAGCA	AGCCTGTCTGCC	+
981-CCTATCAGCA	NFYC_HUMAN.H11MO.0.A	4	0.00327549	2.51885	0.418078	10	CCTATCAGCA	CTAGCCAATCAGAG	+
981-CCTATCAGCA	MAF_HUMAN.H11MO.0.A	4	0.00405931	3.12161	0.478267	10	CCTATCAGCA	TTGCTGAGTCAGCAGATTC	-
984-CTGTAATTATDATAA	DLX2_HUMAN.H11MO.0.D	-2	0.000224072	0.172311	0.144436	8	CTGTAATTATAATAA	ATAATTAT	-
984-CTGTAATTATDATAA	ARX_HUMAN.H11MO.0.D	-2	0.000528989	0.406793	0.144436	13	CTGTAATTATAATAA	CTAATTAAATTAA	-
984-CTGTAATTATDATAA	MEOX2_HUMAN.H11MO.0.D	-2	0.000632564	0.486442	0.144436	11	CTGTAATTATAATAA	TTAATTATGAT	+
984-CTGTAATTATDATAA	HXA2_HUMAN.H11MO.0.D	-1	0.000674478	0.518674	0.144436	11	CTGTAATTATAATAA	GGTAATTAGCG	+
984-CTGTAATTATDATAA	PHX2A_HUMAN.H11MO.0.D	-3	0.000816331	0.627758	0.144436	11	CTGTAATTATAATAA	TAATTAAATTA	-
984-CTGTAATTATDATAA	DLX5_HUMAN.H11MO.0.D	2	0.000869503	0.668647	0.144436	9	CTGTAATTATAATAA	ACCTATAATTA	-
984-CTGTAATTATDATAA	ALX4_HUMAN.H11MO.0.D	-2	0.000911633	0.701046	0.144436	12	CTGTAATTATAATAA	TTAATTAAATTA	+
984-CTGTAATTATDATAA	DLX3_HUMAN.H11MO.0.C	-1	0.000924699	0.711094	0.144436	10	CTGTAATTATAATAA	TGTAATTATC	-
984-CTGTAATTATDATAA	ALX3_HUMAN.H11MO.0.D	-3	0.00104908	0.806745	0.144436	11	CTGTAATTATAATAA	TAATTAAATTA	+
984-CTGTAATTATDATAA	DRGX_HUMAN.H11MO.0.D	-3	0.00104908	0.806745	0.144436	11	CTGTAATTATAATAA	TAATTAAATTA	-
984-CTGTAATTATDATAA	PHX2B_HUMAN.H11MO.0.D	-3	0.00111626	0.858407	0.144436	11	CTGTAATTATAATAA	TAATTAAATTA	-
984-CTGTAATTATDATAA	PRRX2_HUMAN.H11MO.0.C	-3	0.00125428	0.964542	0.144436	7	CTGTAATTATAATAA	CAATTAA	-
984-CTGTAATTATDATAA	UNC4_HUMAN.H11MO.0.D	-3	0.0013427	1.03253	0.144436	11	CTGTAATTATAATAA	TAATTAAATTA	-
984-CTGTAATTATDATAA	MEOX1_HUMAN.H11MO.0.D	-1	0.00149022	1.14598	0.144436	14	CTGTAATTATAATAA	GGTAATTAGCGTTAAT	+
984-CTGTAATTATDATAA	DLX1_HUMAN.H11MO.0.D	-3	0.00149022	1.14598	0.144436	12	CTGTAATTATAATAA	TAATTAGCATAATTTA	-
984-CTGTAATTATDATAA	RAX2_HUMAN.H11MO.0.D	-2	0.00155072	1.19251	0.144436	12	CTGTAATTATAATAA	CTAATTAAATTA	+
984-CTGTAATTATDATAA	VAX1_HUMAN.H11MO.0.D	-1	0.0017979	1.38259	0.157608	14	CTGTAATTATAATAA	GGTAATTAGGGTTAATTA	+
984-CTGTAATTATDATAA	EMX2_HUMAN.H11MO.0.D	-3	0.00244976	1.88387	0.202821	12	CTGTAATTATAATAA	TAATTAGCTAAT	+
984-CTGTAATTATDATAA	MSX2_HUMAN.H11MO.0.D	-3	0.00299324	2.30181	0.234774	7	CTGTAATTATAATAA	TAATTGT	+
984-CTGTAATTATDATAA	MIXL1_HUMAN.H11MO.0.D	0	0.0034638	2.66366	0.245807	11	CTGTAATTATAATAA	ATCTAATTAAC	-
984-CTGTAATTATDATAA	NKX62_HUMAN.H11MO.0.D	-1	0.0036677	2.82046	0.248446	11	CTGTAATTATAATAA	GGTAATTAATT	-
984-CTGTAATTATDATAA	VAX2_HUMAN.H11MO.0.D	0	0.00401605	3.08835	0.251184	15	CTGTAATTATAATAA	CACTAATTACCCTATT	-
984-CTGTAATTATDATAA	MYNN_HUMAN.H11MO.0.D	3	0.00416644	3.20399	0.251184	14	CTGTAATTATAATAA	GGACTTTTATTTTGAAA	+
984-CTGTAATTATDATAA	SOX8_HUMAN.H11MO.0.D	3	0.00421378	3.24039	0.251184	13	CTGTAATTATAATAA	TCACTGCAATTGATGC	+
984-CTGTAATTATDATAA	ZN333_HUMAN.H11MO.0.D	-3	0.00462488	3.55653	0.251921	9	CTGTAATTATAATAA	TCATTATCG	-
984-CTGTAATTATDATAA	ALX1_HUMAN.H11MO.0.B	-2	0.004742	3.6466	0.251921	12	CTGTAATTATAATAA	ATAATTGAATTA	+
984-CTGTAATTATDATAA	DLX6_HUMAN.H11MO.0.D	-3	0.0048686	3.74395	0.251921	12	CTGTAATTATAATAA	TAATTACCTTAATTT	-
984-CTGTAATTATDATAA	EMX1_HUMAN.H11MO.0.D	-3	0.00500356	3.84773	0.251921	12	CTGTAATTATAATAA	TAATTAGCTAAT	+
984-CTGTAATTATDATAA	PROP1_HUMAN.H11MO.0.D	-3	0.00543812	4.18191	0.251921	11	CTGTAATTATAATAA	TAATTGAATTA	+
984-CTGTAATTATDATAA	ZBT49_HUMAN.H11MO.0.D	-2	0.00574755	4.41987	0.251921	11	CTGTAATTATAATAA	CCAATTAGCGC	-
984-CTGTAATTATDATAA	DUX4_HUMAN.H11MO.0.A	-3	0.00641583	4.93377	0.259895	11	CTGTAATTATAATAA	TGATTAGGTTA	+
984-CTGTAATTATDATAA	DLX4_HUMAN.H11MO.0.D	-3	0.00645265	4.96209	0.259895	12	CTGTAATTATAATAA	TAATTACCCTAAATTT	+
984-CTGTAATTATDATAA	LHX4_HUMAN.H11MO.0.D	-2	0.00715526	5.5024	0.260077	11	CTGTAATTATAATAA	CTAATTAACTT	-
984-CTGTAATTATDATAA	NOBOX_HUMAN.H11MO.0.C	-1	0.00750052	5.7679	0.264493	9	CTGTAATTATAATAA	ACCAATTAG	-
984-CTGTAATTATDATAA	LHX2_HUMAN.H11MO.0.A	0	0.00763169	5.86877	0.264493	12	CTGTAATTATAATAA	AACTAATTAAAA	-
984-CTGTAATTATDATAA	HXD3_HUMAN.H11MO.0.D	0	0.00887533	6.82513	0.287533	11	CTGTAATTATAATAA	GGTTAATTAGG	+
984-CTGTAATTATDATAA	VSX1_HUMAN.H11MO.0.D	-3	0.0100805	7.75194	0.310862	12	CTGTAATTATAATAA	TAATTAGCTAATTT	+
984-CTGTAATTATDATAA	PO3F4_HUMAN.H11MO.0.D	-1	0.0100886	7.75812	0.310862	14	CTGTAATTATAATAA	ATAAATTATGCAAATTA	-
984-CTGTAATTATDATAA	ISX_HUMAN.H11MO.0.D	-2	0.0102212	7.86011	0.310862	13	CTGTAATTATAATAA	TTAATTAGCTTAAATT	+
984-CTGTAATTATDATAA	LHX8_HUMAN.H11MO.0.D	0	0.0105227	8.09197	0.313093	15	CTGTAATTATAATAA	CGCTAATTACAATTAATT	+
984-CTGTAATTATDATAA	HXD4_HUMAN.H11MO.0.D	-2	0.010886	8.37131	0.313093	8	CTGTAATTATAATAA	TTAATTGA	+
984-CTGTAATTATDATAA	PAX4_HUMAN.H11MO.0.D	-1	0.0109249	8.40121	0.313093	12	CTGTAATTATAATAA	GCGAATTAGTTA	-
984-CTGTAATTATDATAA	SOX7_HUMAN.H11MO.0.D	4	0.011187	8.60279	0.314556	12	CTGTAATTATAATAA	AACAATGAAATTGTTT	+
984-CTGTAATTATDATAA	SOX11_HUMAN.H11MO.0.D	4	0.0117011	8.99812	0.321522	12	CTGTAATTATAATAA	AACAATGCAATTGTTC	+
984-CTGTAATTATDATAA	CPEB1_HUMAN.H11MO.0.D	-1	0.0126229	9.70699	0.324333	14	CTGTAATTATAATAA	AAAAAAAAAAATAAAAA	-
984-CTGTAATTATDATAA	PDX1_HUMAN.H11MO.1.A	-2	0.0141552	10.8853	0.35158	9	CTGTAATTATAATAA	ATAATTAAT	-
984-CTGTAATTATDATAA	GBX1_HUMAN.H11MO.0.D	-2	0.0144146	11.0849	0.352156	13	CTGTAATTATAATAA	CTAATTAGCTAAAATTT	+
984-CTGTAATTATDATAA	NOTO_HUMAN.H11MO.0.D	0	0.0157547	12.1154	0.361209	11	CTGTAATTATAATAA	ACCTAATTAAC	-
984-CTGTAATTATDATAA	ESX1_HUMAN.H11MO.0.D	-1	0.0171705	13.2041	0.381917	14	CTGTAATTATAATAA	GCTAATTAGCAATAATT	+
984-CTGTAATTATDATAA	DMBX1_HUMAN.H11MO.0.D	0	0.019793	15.2208	0.41228	15	CTGTAATTATAATAA	AATTAATTAGATTATAATTA	-
984-CTGTAATTATDATAA	RX_HUMAN.H11MO.0.D	-2	0.0202688	15.5867	0.41228	11	CTGTAATTATAATAA	TTAATTAGCAA	+
984-CTGTAATTATDATAA	GBX2_HUMAN.H11MO.0.D	-2	0.0204055	15.6919	0.41228	13	CTGTAATTATAATAA	CTAATTAGCCTTTAATT	+
984-CTGTAATTATDATAA	HXB4_HUMAN.H11MO.0.B	-2	0.0209724	16.1278	0.41228	8	CTGTAATTATAATAA	GCCATTAA	-
984-CTGTAATTATDATAA	PO3F3_HUMAN.H11MO.0.D	-1	0.0212976	16.3778	0.41228	14	CTGTAATTATAATAA	ATAAATTATGCAAATTT	+
984-CTGTAATTATDATAA	CDC5L_HUMAN.H11MO.0.D	-5	0.0219596	16.8869	0.418439	10	CTGTAATTATAATAA	ATTATGTTAAATCAC	-
984-CTGTAATTATDATAA	DUXA_HUMAN.H11MO.0.D	-3	0.022383	17.2125	0.418439	11	CTGTAATTATAATAA	TGATTAAATTA	+
984-CTGTAATTATDATAA	GFI1_HUMAN.H11MO.0.C	1	0.0224626	17.2738	0.418439	9	CTGTAATTATAATAA	GCTGTGATTT	+
984-CTGTAATTATDATAA	HXB3_HUMAN.H11MO.0.D	-2	0.0229012	17.611	0.421341	13	CTGTAATTATAATAA	TTAATTAGTTTTTA	+
984-CTGTAATTATDATAA	BARX2_HUMAN.H11MO.0.D	-3	0.0236396	18.1788	0.429622	10	CTGTAATTATAATAA	CAATTAATGA	-
984-CTGTAATTATDATAA	HMGA1_HUMAN.H11MO.0.D	-3	0.0248245	19.0901	0.435234	7	CTGTAATTATAATAA	GTATTTT	+
984-CTGTAATTATDATAA	LHX9_HUMAN.H11MO.0.D	-2	0.0251604	19.3484	0.435994	13	CTGTAATTATAATAA	CTAATTAGCTATTAATTA	+
984-CTGTAATTATDATAA	LHX3_HUMAN.H11MO.0.C	-1	0.0260183	20.0081	0.443055	13	CTGTAATTATAATAA	ATTAATTAATTTT	-
984-CTGTAATTATDATAA	HXD9_HUMAN.H11MO.0.D	-5	0.0261625	20.119	0.443055	10	CTGTAATTATAATAA	AATTTTATTA	+
984-CTGTAATTATDATAA	GSX1_HUMAN.H11MO.0.D	-3	0.0272083	20.9232	0.45076	12	CTGTAATTATAATAA	TAATTAGTTTTTAAT	+
984-CTGTAATTATDATAA	PO4F3_HUMAN.H11MO.0.D	1	0.028387	21.8296	0.452968	14	CTGTAATTATAATAA	TCATTAATTATTCAT	+
984-CTGTAATTATDATAA	ZFHX3_HUMAN.H11MO.0.D	-3	0.0285716	21.9716	0.452968	11	CTGTAATTATAATAA	TAATTATTAAT	-
984-CTGTAATTATDATAA	PO4F1_HUMAN.H11MO.0.D	0	0.0297608	22.886	0.46061	14	CTGTAATTATAATAA	CATTAATTATTCAT	+
984-CTGTAATTATDATAA	SHOX_HUMAN.H11MO.0.D	-2	0.0298304	22.9396	0.46061	13	CTGTAATTATAATAA	CTAATTAGTTAATTTTT	+
984-CTGTAATTATDATAA	PO6F2_HUMAN.H11MO.0.D	0	0.0299808	23.0553	0.46061	11	CTGTAATTATAATAA	AGCTAATTAAC	-
984-CTGTAATTATDATAA	SHOX2_HUMAN.H11MO.0.D	-2	0.0310926	23.9102	0.472815	13	CTGTAATTATAATAA	CTAATTAGTTAATTTTA	+
988-GCCTCCTCTGCC	ZN586_HUMAN.H11MO.0.C	7	8.40612e-05	0.0646431	0.129006	12	GCCTCCTCTGCC	CATTTTTTCCTCCTAGGCCT	-
988-GCCTCCTCTGCC	ZN770_HUMAN.H11MO.0.C	6	0.000844854	0.649693	0.473636	12	GCCTCCTCTGCC	GATCCTCCCGCCTCAGCCTCCC	-
988-GCCTCCTCTGCC	XBP1_HUMAN.H11MO.0.D	0	0.00105661	0.812535	0.473636	11	GCCTCCTCTGCC	GCCACGTCAGC	-
988-GCCTCCTCTGCC	TBX1_HUMAN.H11MO.0.D	3	0.00123449	0.949326	0.473636	12	GCCTCCTCTGCC	CCGCCCACCCCTGCCCACCC	-
988-GCCTCCTCTGCC	WT1_HUMAN.H11MO.0.C	7	0.00162381	1.24871	0.474712	12	GCCTCCTCTGCC	CCCCCCCTCCTCCCCCGCCC	-
988-GCCTCCTCTGCC	ZFX_HUMAN.H11MO.1.A	5	0.00185595	1.42722	0.474712	12	GCCTCCTCTGCC	CCCCGGCCTCCGCCCCC	-
990-GGCATTTCTA	ZN528_HUMAN.H11MO.0.C	9	0.000240965	0.185302	0.370604	10	GGCATTTCTA	CCCAGGGAAGCCATTTCTGA	+
992-TAATTGGACA	LBX2_HUMAN.H11MO.0.D	2	0.000421793	0.324359	0.295837	9	TAATTGGACA	GTTAATTAGGT	+
992-TAATTGGACA	PRRX2_HUMAN.H11MO.0.C	1	0.000819089	0.62988	0.295837	6	TAATTGGACA	TTAATTG	+
992-TAATTGGACA	NOBOX_HUMAN.H11MO.0.C	1	0.000880179	0.676858	0.295837	8	TAATTGGACA	CTAATTGGT	+
992-TAATTGGACA	MSX2_HUMAN.H11MO.0.D	0	0.00088149	0.677866	0.295837	7	TAATTGGACA	TAATTGT	+
992-TAATTGGACA	MIXL1_HUMAN.H11MO.0.D	2	0.00112162	0.862525	0.295837	9	TAATTGGACA	GTTAATTAGAT	+
992-TAATTGGACA	RX_HUMAN.H11MO.0.D	1	0.00141884	1.09109	0.295837	10	TAATTGGACA	TTAATTAGCAA	+
992-TAATTGGACA	HME1_HUMAN.H11MO.0.D	2	0.00151181	1.16258	0.295837	10	TAATTGGACA	GCTAATTACCCAATTAT	+
992-TAATTGGACA	VSX1_HUMAN.H11MO.0.D	0	0.00180414	1.38739	0.295837	10	TAATTGGACA	TAATTAGCTAATTT	+
992-TAATTGGACA	ISX_HUMAN.H11MO.0.D	1	0.00180508	1.38811	0.295837	10	TAATTGGACA	TTAATTAGCTTAAATT	+
992-TAATTGGACA	NFYC_HUMAN.H11MO.0.A	3	0.00202626	1.5582	0.295837	10	TAATTGGACA	CTCTGATTGGCTAG	-
992-TAATTGGACA	HMX3_HUMAN.H11MO.0.D	3	0.00251614	1.93491	0.295837	8	TAATTGGACA	CGTTAATTGCT	+
992-TAATTGGACA	HXD4_HUMAN.H11MO.0.D	1	0.00270756	2.08212	0.295837	7	TAATTGGACA	TTAATTGA	+
992-TAATTGGACA	DLX3_HUMAN.H11MO.0.C	2	0.00284427	2.18724	0.295837	8	TAATTGGACA	GATAATTACA	+
992-TAATTGGACA	NFYA_HUMAN.H11MO.0.A	3	0.00301998	2.32236	0.295837	10	TAATTGGACA	TTCTGATTGGCTGA	-
992-TAATTGGACA	HMX2_HUMAN.H11MO.0.D	2	0.00332571	2.55747	0.295837	9	TAATTGGACA	TTTAATTGGTT	+
992-TAATTGGACA	SHOX_HUMAN.H11MO.0.D	1	0.00342424	2.63324	0.295837	10	TAATTGGACA	CTAATTAGTTAATTTTT	+
992-TAATTGGACA	ESX1_HUMAN.H11MO.0.D	2	0.00362364	2.78658	0.295837	10	TAATTGGACA	GCTAATTAGCAATAATT	+
992-TAATTGGACA	SHOX2_HUMAN.H11MO.0.D	1	0.00383376	2.94816	0.295837	10	TAATTGGACA	CTAATTAGTTAATTTTA	+
992-TAATTGGACA	NOTO_HUMAN.H11MO.0.D	2	0.00392184	3.0159	0.295837	9	TAATTGGACA	GTTAATTAGGT	+
992-TAATTGGACA	RAX2_HUMAN.H11MO.0.D	1	0.00393112	3.02303	0.295837	10	TAATTGGACA	CTAATTAAATTA	+
992-TAATTGGACA	ZN549_HUMAN.H11MO.0.C	6	0.00432229	3.32384	0.302222	10	TAATTGGACA	ATTCATGAATTGGGCAGCAC	+
992-TAATTGGACA	DLX2_HUMAN.H11MO.0.D	1	0.00441757	3.39711	0.302222	7	TAATTGGACA	ATAATTAT	+
992-TAATTGGACA	FOXI1_HUMAN.H11MO.0.B	3	0.0046277	3.5587	0.302833	9	TAATTGGACA	CTCTGATTGGTT	+
992-TAATTGGACA	GBX2_HUMAN.H11MO.0.D	1	0.00506429	3.89444	0.30951	10	TAATTGGACA	CTAATTAGCCTTTAATT	+
992-TAATTGGACA	ALX3_HUMAN.H11MO.0.D	0	0.00514101	3.95344	0.30951	10	TAATTGGACA	TAATTAAATTA	+
992-TAATTGGACA	GBX1_HUMAN.H11MO.0.D	1	0.00535059	4.1146	0.309738	10	TAATTGGACA	CTAATTAGCTAAAATTT	+
992-TAATTGGACA	DMBX1_HUMAN.H11MO.0.D	3	0.00571989	4.39859	0.318852	10	TAATTGGACA	AATTAATTAGATTATAATTA	-
992-TAATTGGACA	NFYB_HUMAN.H11MO.0.A	3	0.00605426	4.65572	0.325438	10	TAATTGGACA	CTCTGATTGGCTG	-
992-TAATTGGACA	ISL2_HUMAN.H11MO.0.D	3	0.00636068	4.89136	0.33012	8	TAATTGGACA	CGTTAATTGCT	+
992-TAATTGGACA	ZBT49_HUMAN.H11MO.0.D	4	0.0067049	5.15607	0.336385	7	TAATTGGACA	GCGCTAATTGG	+
992-TAATTGGACA	UNC4_HUMAN.H11MO.0.D	0	0.00706627	5.43396	0.336809	10	TAATTGGACA	TAATTAAATTA	-
992-TAATTGGACA	LHX9_HUMAN.H11MO.0.D	1	0.00738468	5.67882	0.336809	10	TAATTGGACA	CTAATTAGCTATTAATTA	+
992-TAATTGGACA	MSX1_HUMAN.H11MO.0.D	11	0.00738468	5.67882	0.336809	7	TAATTGGACA	TAATTGGTTTTTAATTGG	+
992-TAATTGGACA	LHX2_HUMAN.H11MO.0.A	3	0.00786446	6.04777	0.348142	9	TAATTGGACA	TTTTAATTAGTT	+
992-TAATTGGACA	EMX1_HUMAN.H11MO.0.D	0	0.00872277	6.70781	0.375104	10	TAATTGGACA	TAATTAGCTAAT	+
992-TAATTGGACA	PHX2A_HUMAN.H11MO.0.D	0	0.0091584	7.04281	0.382898	10	TAATTGGACA	TAATTAAATTA	-
992-TAATTGGACA	EMX2_HUMAN.H11MO.0.D	0	0.00966664	7.43365	0.385159	10	TAATTGGACA	TAATTAGCTAAT	+
992-TAATTGGACA	PHX2B_HUMAN.H11MO.0.D	0	0.0101447	7.80129	0.385159	10	TAATTGGACA	TAATTAAATTA	-
992-TAATTGGACA	DLX4_HUMAN.H11MO.0.D	0	0.0106036	8.15417	0.385159	10	TAATTGGACA	TAATTACCCTAAATTT	+
992-TAATTGGACA	DRGX_HUMAN.H11MO.0.D	0	0.0106737	8.20809	0.385159	10	TAATTGGACA	TAATTAAATTA	-
992-TAATTGGACA	GSX2_HUMAN.H11MO.0.D	1	0.0111661	8.58672	0.385159	10	TAATTGGACA	TTAATTAGTTTTTAAT	+
992-TAATTGGACA	PROP1_HUMAN.H11MO.0.D	0	0.011228	8.63432	0.385159	10	TAATTGGACA	TAATTGAATTA	+
992-TAATTGGACA	PO6F2_HUMAN.H11MO.0.D	2	0.011228	8.63432	0.385159	9	TAATTGGACA	GTTAATTAGCT	+
992-TAATTGGACA	VSX2_HUMAN.H11MO.0.D	1	0.0112597	8.65871	0.385159	10	TAATTGGACA	TTAATTAGCTTC	+
992-TAATTGGACA	ALX1_HUMAN.H11MO.0.B	1	0.0118421	9.10659	0.392934	10	TAATTGGACA	ATAATTGAATTA	+
992-TAATTGGACA	PO4F3_HUMAN.H11MO.0.D	4	0.0120511	9.26729	0.392934	10	TAATTGGACA	TCATTAATTATTCAT	+
992-TAATTGGACA	ALX4_HUMAN.H11MO.0.D	1	0.0124521	9.57564	0.392934	10	TAATTGGACA	TTAATTAAATTA	+
992-TAATTGGACA	GSX1_HUMAN.H11MO.0.D	0	0.0126801	9.75096	0.392934	10	TAATTGGACA	TAATTAGTTTTTAAT	+
992-TAATTGGACA	ZSC16_HUMAN.H11MO.0.D	6	0.0128072	9.84875	0.392934	10	TAATTGGACA	TAGTGTTAACAGAACACCTC	-
992-TAATTGGACA	HXD3_HUMAN.H11MO.0.D	3	0.0130534	10.0381	0.392934	8	TAATTGGACA	GGTTAATTAGG	+
992-TAATTGGACA	NKX32_HUMAN.H11MO.0.C	1	0.0133385	10.2573	0.393644	9	TAATTGGACA	TTAAGTGTTT	+
992-TAATTGGACA	BARH1_HUMAN.H11MO.0.D	0	0.0138137	10.6227	0.399827	10	TAATTGGACA	TAAATGCTCTTAA	+
992-TAATTGGACA	DLX6_HUMAN.H11MO.0.D	0	0.0147518	11.3441	0.416494	10	TAATTGGACA	TAATTACCTTAATTT	-
992-TAATTGGACA	NKX23_HUMAN.H11MO.0.D	2	0.0151477	11.6486	0.416494	9	TAATTGGACA	GTTAAGTGGTT	+
992-TAATTGGACA	VENTX_HUMAN.H11MO.0.D	3	0.0152197	11.7039	0.416494	10	TAATTGGACA	CGCTAATTGGTTTCTAATT	+
992-TAATTGGACA	PAX7_HUMAN.H11MO.0.D	0	0.0167105	12.8504	0.449126	10	TAATTGGACA	TAATTGATTAT	+
992-TAATTGGACA	NFAC1_HUMAN.H11MO.1.B	-2	0.0171127	13.1597	0.451002	8	TAATTGGACA	AATGGAAAAT	+
992-TAATTGGACA	PAX4_HUMAN.H11MO.0.D	4	0.0175954	13.5308	0.451002	8	TAATTGGACA	TAACTAATTCGC	+
992-TAATTGGACA	ARX_HUMAN.H11MO.0.D	1	0.0176793	13.5954	0.451002	10	TAATTGGACA	CTAATTAAATTAA	-
992-TAATTGGACA	PBX3_HUMAN.H11MO.1.A	0	0.0181387	13.9487	0.455011	9	TAATTGGACA	TGATTGGCA	+
992-TAATTGGACA	HMX1_HUMAN.H11MO.0.D	2	0.0187508	14.4194	0.462653	10	TAATTGGACA	GTTAATTGTTTTTTAAT	+
992-TAATTGGACA	VAX2_HUMAN.H11MO.0.D	3	0.0194363	14.9466	0.471637	10	TAATTGGACA	CACTAATTACCCTATT	-
992-TAATTGGACA	BARH2_HUMAN.H11MO.0.D	2	0.0197416	15.1813	0.471637	10	TAATTGGACA	GCTAATTGGTCCTAATTG	+
992-TAATTGGACA	CEBPZ_HUMAN.H11MO.0.D	2	0.0202886	15.6019	0.477131	9	TAATTGGACA	GCTGATTGGCT	+
992-TAATTGGACA	HXB3_HUMAN.H11MO.0.D	1	0.0208891	16.0637	0.479422	10	TAATTGGACA	TTAATTAGTTTTTA	+
992-TAATTGGACA	PDX1_HUMAN.H11MO.1.A	2	0.0211188	16.2404	0.479422	7	TAATTGGACA	ATTAATTAT	+
992-TAATTGGACA	FEZF1_HUMAN.H11MO.0.C	0	0.0213416	16.4117	0.479422	10	TAATTGGACA	AAAAAGAGCAGC	-
992-TAATTGGACA	HXA13_HUMAN.H11MO.0.C	4	0.0223301	17.1719	0.493941	7	TAATTGGACA	GGTTTTATTGG	+
992-TAATTGGACA	LHX8_HUMAN.H11MO.0.D	3	0.0228892	17.6018	0.493941	10	TAATTGGACA	CGCTAATTACAATTAATT	+
992-TAATTGGACA	SIX1_HUMAN.H11MO.0.A	2	0.0229991	17.6863	0.493941	10	TAATTGGACA	TGAAACCTGATACC	+
992-TAATTGGACA	LHX4_HUMAN.H11MO.0.D	4	0.0234203	18.0102	0.493941	7	TAATTGGACA	AAGTTAATTAG	+
992-TAATTGGACA	HXA2_HUMAN.H11MO.0.D	2	0.0245592	18.886	0.493941	9	TAATTGGACA	GGTAATTAGCG	+
992-TAATTGGACA	NKX62_HUMAN.H11MO.0.D	3	0.0245592	18.886	0.493941	8	TAATTGGACA	AATTAATTACC	+
992-TAATTGGACA	ZSCA4_HUMAN.H11MO.0.D	-2	0.0246133	18.9277	0.493941	8	TAATTGGACA	AGTGCACACACT	-
995-AAAACTTAAAATAAG	ZN232_HUMAN.H11MO.0.D	3	0.000217624	0.167353	0.33369	15	AAAACTTAAAATAAG	TGTTAAATGTAGATTAAGT	+

# Tomtom (Motif Comparison Tool): Version 5.4.1 compiled on May 31 2022 at 16:32:59
# The format of this file is described at https://meme-suite.org/meme/doc/tomtom-output-format.html.
# tomtom -oc /home/yuka/Re_suzuki_atac_rna/rna_meme/TOMTOM.DRX125594.A427_24h_Vorinostat_0.95 /home/yuka/Re_suzuki_atac_rna/rna_meme/STREME.DRX125594.A427_24h_Vorinostat_0.95/streme.txt /home/yuka/reference/HOCOMOCOv11_full_HUMAN_mono_meme_format.meme
