SRX7498511	TFs and others	CTCF	Others	HMS001	31275	58/388	110/386	-5.28423	-1.38686	0.524555
SRX2545038	TFs and others	AR	Prostate	LNCAP	7710	0/388	17/386	-5.215	-1.38686	0
SRX4377539	TFs and others	BRD2	Breast	MDA-MB-231	18933	299/388	244/386	-4.52466	-0.983715	1.21909
SRX3288588	TFs and others	RAD21	Pluripotent stem cell	hESC H9	49090	83/388	135/386	-4.51083	-0.983715	0.611646
SRX6913042	TFs and others	BRD3	Blood	THP-1	5933	140/388	88/386	-4.25205	-0.922727	1.58271
SRX4001944	TFs and others	RAD21	Blood	THP-1	27173	66/388	112/386	-4.09133	-0.922727	0.586248
SRX3591428	TFs and others	BRD4	Blood	B-CLL cells	7917	160/388	107/386	-4.08082	-0.922727	1.48762
SRX8984330	TFs and others	CTCF	Bone	A-673	45370	110/388	162/386	-4.05737	-0.922727	0.675512
SRX190189	TFs and others	TAF1	Uterus	ECC-1	11555	262/388	207/386	-4.02634	-0.922727	1.25918
SRX100534	TFs and others	TAF1	Blood	GM12892	6089	144/388	93/386	-4.02609	-0.922727	1.54041
SRX6614755	TFs and others	CTCF	Lung	IMR-90	26959	81/388	129/386	-3.99865	-0.922727	0.62467
SRX1878944	TFs and others	BRD4	Others	Fibroblasts	1837	0/388	13/386	-3.97272	-0.922727	0
SRX4313227	TFs and others	YY1	Muscle	RH-4	7274	141/388	91/386	-3.92828	-0.913049	1.54146
SRX8582171	TFs and others	CTCF	Digestive tract	HCT 116	32273	87/388	135/386	-3.88026	-0.900886	0.641123
ERX626801	TFs and others	EP300	Blood	HL-60	899	26/388	5/386	-3.84057	-0.900886	5.1732
SRX8570932	TFs and others	HAP1	Blood	KBM-7	28183	48/388	88/386	-3.82594	-0.900886	0.542643
SRX8984323	TFs and others	CTCF	Bone	A-673	46853	119/388	169/386	-3.70771	-0.846186	0.700512
SRX5757568	TFs and others	SMAD3	Breast	WHIM12	13355	312/388	265/386	-3.70409	-0.846186	1.17129
SRX4377542	TFs and others	BRD2	Breast	MDA-MB-231	6583	139/388	91/386	-3.66933	-0.846186	1.5196
SRX4046308	TFs and others	RBBP5	Blood	Erythroblasts	14348	242/388	189/386	-3.65855	-0.846186	1.27382
SRX2017927	TFs and others	AR	Prostate	LNCAP	6427	1/388	15/386	-3.62888	-0.846186	0.066323
SRX4001945	TFs and others	RAD21	Blood	THP-1	30325	80/388	125/386	-3.6212	-0.846186	0.636701
SRX1660875	TFs and others	TRIM25	Breast	Breast cancer cells	14495	165/388	115/386	-3.60955	-0.846186	1.42739
SRX2765964	TFs and others	HMGB1	Cardiovascular	HUVEC	8564	134/388	184/386	-3.59515	-0.846186	0.724507
SRX8090645	TFs and others	BRD2	Others	Synoviocytes	9188	231/388	179/386	-3.50647	-0.818216	1.28385
SRX7498506	TFs and others	CTCF	Others	SCC090	26520	53/388	92/386	-3.50298	-0.818216	0.573117
SRX8570941	TFs and others	HAP1	Blood	KBM-7	33928	74/388	117/386	-3.48523	-0.818216	0.629218
SRX150456	TFs and others	SMC3	Blood	GM12878	25485	59/388	99/386	-3.45807	-0.818216	0.592888
SRX5757570	TFs and others	SMAD3	Breast	WHIM12	15711	324/388	281/386	-3.45725	-0.818216	1.14708
SRX5824589	TFs and others	BRD2	Breast	SUM 159PT	6024	136/388	90/386	-3.43408	-0.818216	1.50332
SRX10567335	TFs and others	HMGB1	Cardiovascular	HUVEC	8991	149/388	198/386	-3.40774	-0.818216	0.748646
SRX3345953	TFs and others	INTS13	Blood	HL-60	8299	159/388	111/386	-3.40767	-0.818216	1.42505
SRX190229	TFs and others	TAF1	Neural	SK-N-SH	11522	238/388	187/386	-3.40464	-0.818216	1.26617
SRX099863	TFs and others	CTCF	Breast	MCF-7	37830	129/388	177/386	-3.38724	-0.818216	0.725057
SRX471856	TFs and others	AR	Prostate	VCaP	14763	10/388	32/386	-3.37913	-0.818216	0.310889
SRX1334491	TFs and others	AR	Prostate	LNCAP	6954	0/388	11/386	-3.35514	-0.818216	0
SRX10045365	TFs and others	BAP1	Blood	THP-1	9177	194/388	145/386	-3.29165	-0.818216	1.33103
SRX2585781	TFs and others	E2F1	Breast	MDA-MB-231	29852	310/388	266/386	-3.27792	-0.818216	1.15941
SRX6960080	TFs and others	CTCF	Uterus	HeLa	33518	93/388	137/386	-3.27758	-0.818216	0.675333
ERX200535	TFs and others	CTCF	Blood	B cells	11149	25/388	54/386	-3.26803	-0.818216	0.460577
SRX6027685	TFs and others	ESR1	Uterus	Ishikawa	13760	258/388	209/386	-3.26388	-0.818216	1.22809
SRX250095	TFs and others	TCF7L2	Breast	MDA-MB-453	17071	219/388	169/386	-3.25899	-0.818216	1.28918
SRX2559012	TFs and others	RAD21	Cardiovascular	HUVEC	6103	8/388	28/386	-3.25717	-0.818216	0.284242
SRX4377553	TFs and others	BRD2	Breast	MDA-MB-231	12730	256/388	207/386	-3.25171	-0.818216	1.23034
SRX3482874	TFs and others	RAD21	Pluripotent stem cell	hESC HUES64	46421	80/388	122/386	-3.24124	-0.818216	0.652358
SRX396254	TFs and others	TP53	Others	Fibroblasts	5697	123/388	80/386	-3.23156	-0.818216	1.52957
SRX190291	TFs and others	MAX	Neural	SK-N-SH	33086	307/388	263/386	-3.22354	-0.818216	1.16128
SRX2896486	TFs and others	CTCF	Pancreas	MIA Paca-2	18501	49/388	85/386	-3.21815	-0.818216	0.573499
SRX5719599	TFs and others	CTCF	Blood	CUTLL1	30700	108/388	153/386	-3.2132	-0.818216	0.702244
SRX9795022	TFs and others	CHD7	Neural	Cerebellum	14171	248/388	199/386	-3.21008	-0.818216	1.23981
SRX6614749	TFs and others	SMC3	Lung	IMR-90	19306	69/388	109/386	-3.20881	-0.818216	0.629764
SRX6614753	TFs and others	CTCF	Lung	IMR-90	26573	82/388	124/386	-3.20625	-0.818216	0.657882
SRX3703145	TFs and others	MEF2B	Blood	DLBCL	3024	2/388	16/386	-3.20507	-0.818216	0.124356
SRX1531786	TFs and others	SMC1A	Lung	A549	26859	64/388	103/386	-3.19544	-0.818216	0.618156
SRX7498509	TFs and others	CTCF	Others	93-VU147T	27581	59/388	97/386	-3.19142	-0.818216	0.605112
SRX2145567	TFs and others	ESR1	Breast	MCF-7	9823	15/388	39/386	-3.18761	-0.818216	0.382633
SRX7396390	TFs and others	CTCF	Blood	BLaER1	27760	111/388	156/386	-3.18307	-0.818216	0.707871
SRX4958392	TFs and others	CTCF	Kidney	293	35052	84/388	126/386	-3.17285	-0.818216	0.66323
SRX4001873	TFs and others	RAD21	Blood	THP-1	11853	24/388	52/386	-3.1689	-0.818216	0.459159
SRX199871	TFs and others	CTCF	Blood	NB-4	29158	71/388	111/386	-3.16624	-0.818216	0.636343
SRX6614729	TFs and others	CTCF	Lung	IMR-90	32522	102/388	146/386	-3.16206	-0.818216	0.695029
SRX4377530	TFs and others	BRD2	Breast	MDA-MB-231	12720	255/388	207/386	-3.13156	-0.804566	1.22553
SRX6748253	TFs and others	AR	Prostate	Prostate cancer	7708	4/388	20/386	-3.12756	-0.804566	0.198969
SRX736074	TFs and others	AR	Prostate	LNCAP	7170	4/388	20/386	-3.12756	-0.804566	0.198969
SRX6614764	TFs and others	RAD21	Lung	IMR-90	12907	25/388	53/386	-3.10526	-0.797535	0.469267
SRX6049856	TFs and others	Epitope tags	Unclassified	Unclassified	3595	14/388	37/386	-3.10117	-0.797535	0.376428
SRX1478537	TFs and others	EP300	Kidney	Kidney Cortex	15725	280/388	234/386	-3.09721	-0.797535	1.19041
SRX3288556	TFs and others	RAD21	Pluripotent stem cell	hESC H9	30165	53/388	89/386	-3.0942	-0.797535	0.592436
SRX6614728	TFs and others	CTCF	Lung	IMR-90	27166	92/388	134/386	-3.05363	-0.79274	0.683028
SRX038623	TFs and others	CTCF	Blood	K-562	29311	84/388	125/386	-3.05275	-0.79274	0.668536
SRX4802334	TFs and others	HIF1A	Kidney	HKC8	1371	0/388	10/386	-3.04723	-0.79274	0
SRX1033278	TFs and others	AR	Prostate	LNCAP	12503	8/388	27/386	-3.04475	-0.79274	0.294769
SRX199885	TFs and others	CTCF	Cardiovascular	HCM	27562	71/388	110/386	-3.04208	-0.79274	0.642127
SRX3098185	TFs and others	MECOM	Blood	SKH1	2428	11/388	0/386	-3.04142	-0.79274	inf
SRX8570933	TFs and others	HAP1	Blood	KBM-7	37739	104/388	147/386	-3.02415	-0.79274	0.703836
SRX4611717	TFs and others	ESR1	Breast	MCF-7	45555	116/388	160/386	-3.02374	-0.79274	0.721263
SRX2642374	TFs and others	HOXB13	Prostate	VCaP	12905	13/388	35/386	-3.01649	-0.79274	0.369514
SRX4958396	TFs and others	CTCF	Kidney	293	36385	95/388	137/386	-3.01424	-0.79274	0.689856
SRX6175631	TFs and others	SMC1A	Bone	TC-71	28751	61/388	98/386	-3.01198	-0.79274	0.61924
SRX150487	TFs and others	CTCF	Blood	K-562	47473	136/388	181/386	-3.0037	-0.79274	0.747508
SRX4611736	TFs and others	ESR1	Breast	MCF-7	35965	73/388	112/386	-3.00302	-0.79274	0.648426
SRX7396395	TFs and others	CTCF	Blood	BLaER1	21948	88/388	129/386	-2.99254	-0.79274	0.678654
SRX6748252	TFs and others	AR	Prostate	Prostate cancer	12173	7/388	25/386	-2.98915	-0.79274	0.278557
SRX4377133	TFs and others	CTCF	Pluripotent stem cell	hESC derived cardiac cells	20445	62/388	99/386	-2.98821	-0.79274	0.623034
SRX1094496	TFs and others	BRD4	Others	TC-797	1425	26/388	7/386	-2.98257	-0.79274	3.69514
SRX9029208	TFs and others	SPI1	Blood	Neutrophils	36069	165/388	120/386	-2.98165	-0.79274	1.36791
SRX8984322	TFs and others	RAD21	Bone	A-673	24598	40/388	72/386	-2.98131	-0.79274	0.552692
SRX6614732	TFs and others	CTCF	Lung	IMR-90	27957	98/388	140/386	-2.97743	-0.79274	0.696392
SRX1531778	TFs and others	SMC1A	Liver	Hep G2	25326	58/388	94/386	-2.95873	-0.778946	0.613841
SRX1744961	TFs and others	CTCF	Blood	THP-1	25811	83/388	123/386	-2.95015	-0.775219	0.671318
SRX5391682	TFs and others	RAD21	Blood	Neutrophils	2568	6/388	23/386	-2.94222	-0.772087	0.259525
SRX3288557	TFs and others	RAD21	Pluripotent stem cell	hESC H9	45902	84/388	124/386	-2.93476	-0.769374	0.673928
SRX4377131	TFs and others	CTCF	Pluripotent stem cell	hESC derived cardiac cells	22308	71/388	109/386	-2.9201	-0.760836	0.648019
SRX818637	TFs and others	PIAS1	Kidney	293	8211	14/388	36/386	-2.9163	-0.760836	0.386884
SRX080410	TFs and others	CTCF	Epidermis	NHEK	26161	60/388	96/386	-2.90974	-0.760836	0.621778
SRX9628169	TFs and others	NR3C1	Kidney	293	16852	23/388	49/386	-2.90774	-0.760836	0.466968
SRX471853	TFs and others	AR	Prostate	VCaP	8832	3/388	17/386	-2.89449	-0.756892	0.175561
SRX1531781	TFs and others	MED1	Lung	A549	3966	4/388	19/386	-2.88835	-0.756892	0.209441
SRX080328	TFs and others	CTCF	Breast	HMF	31711	73/388	111/386	-2.88248	-0.756892	0.654268
SRX6854838	TFs and others	Epitope tags	Epidermis	501A	22883	54/388	26/386	-2.88086	-0.756892	2.06622
SRX8570939	TFs and others	HAP1	Blood	KBM-7	33349	74/388	112/386	-2.86435	-0.756892	0.657309
SRX8570928	TFs and others	HAP1	Blood	KBM-7	37191	98/388	139/386	-2.86398	-0.756892	0.701402
SRX3737118	TFs and others	NELFA	Kidney	293	10813	245/388	199/386	-2.86384	-0.756892	1.22481
SRX7202562	TFs and others	CTCF	Blood	K-562	21977	62/388	98/386	-2.86339	-0.756892	0.629392
SRX1531791	TFs and others	ESR1	Breast	MCF-7	31554	52/388	86/386	-2.86075	-0.756892	0.601534
SRX8570935	TFs and others	HAP1	Blood	KBM-7	30037	57/388	92/386	-2.857	-0.756892	0.616372
SRX6614754	TFs and others	CTCF	Lung	IMR-90	27799	90/388	130/386	-2.84954	-0.756892	0.688739
SRX1531782	TFs and others	SMC1A	Lung	A549	28811	63/388	99/386	-2.84115	-0.756892	0.633083
ERX200543	TFs and others	CTCF	Blood	B cells	26149	91/388	131/386	-2.83644	-0.756892	0.691076
SRX5417096	TFs and others	SMC3	Uterus	HeLa	26547	58/388	93/386	-2.83245	-0.756892	0.620441
SRX4001824	TFs and others	RAD21	Blood	THP-1	27004	64/388	100/386	-2.81949	-0.756892	0.636701
SRX4377130	TFs and others	CTCF	Pluripotent stem cell	hESC derived cardiac cells	21795	64/388	100/386	-2.81949	-0.756892	0.636701
SRX5824595	TFs and others	BRD2	Breast	SUM 159PT	8516	207/388	162/386	-2.80528	-0.756892	1.27119
SRX3288587	TFs and others	RAD21	Pluripotent stem cell	hESC H9	46123	85/388	124/386	-2.8044	-0.756892	0.68195
SRX8707935	TFs and others	CTCF	Epidermis	Keratinocytes	30816	85/388	124/386	-2.8044	-0.756892	0.68195
ERX989290	TFs and others	CTCF	Blood	K-562	27388	94/388	134/386	-2.79887	-0.756892	0.697877
SRX080353	TFs and others	CTCF	Blood	K-562	32801	94/388	134/386	-2.79887	-0.756892	0.697877
SRX10045346	TFs and others	BAP1	Blood	THP-1	4688	125/388	85/386	-2.79605	-0.756892	1.46301
SRX8570921	TFs and others	HAP1	Blood	KBM-7	27217	50/388	83/386	-2.78767	-0.756892	0.599304
SRX038622	TFs and others	CTCF	Blood	K-562	25854	72/388	109/386	-2.782	-0.756892	0.657146
SRX2436062	TFs and others	NEUROD1	Neural	D283 Med	26997	251/388	206/386	-2.78146	-0.756892	1.21217
SRX2353651	TFs and others	AR	Prostate	LNCAP	8572	1/388	12/386	-2.78078	-0.756892	0.0829038
SRX199899	TFs and others	CTCF	Epidermis	HFF-Myc	25220	79/388	117/386	-2.78002	-0.756892	0.671733
SRX4377124	TFs and others	CTCF	Pluripotent stem cell	ES cells	33097	79/388	117/386	-2.78002	-0.756892	0.671733
SRX6854826	TFs and others	Epitope tags	Epidermis	501A	22096	60/388	31/386	-2.7779	-0.756892	1.92551
SRX080431	TFs and others	CTCF	Others	WERI-Rb-1	44207	120/388	162/386	-2.77269	-0.756892	0.736922
SRX099864	TFs and others	CTCF	Breast	MCF-7	42570	140/388	183/386	-2.7685	-0.756892	0.761084
SRX1744959	TFs and others	CTCF	Blood	THP-1	24092	73/388	110/386	-2.76412	-0.756892	0.660216
SRX199897	TFs and others	CTCF	Epidermis	HFF-Myc	26099	73/388	110/386	-2.76412	-0.756892	0.660216
SRX7114560	TFs and others	Epitope tags	Breast	MCF-7	26757	56/388	90/386	-2.75631	-0.756892	0.619015
SRX6366602	TFs and others	Epitope tags	Uterus	Ishikawa	4670	138/388	97/386	-2.75517	-0.756892	1.41535
SRX11399798	TFs and others	HDAC1	Lung	NCI-H1963	5769	150/388	108/386	-2.75251	-0.756892	1.38173
SRX3478027	TFs and others	CTCF	Uterus	HeLa	36097	109/388	150/386	-2.75246	-0.756892	0.722921
SRX199861	TFs and others	CTCF	Blood	GM12872	31496	81/388	119/386	-2.74901	-0.756892	0.677164
SRX10030478	TFs and others	AR	Prostate	LNCAP	5184	0/388	9/386	-2.73991	-0.756892	0
SRX123444	TFs and others	SMARCB1	Pluripotent stem cell	NCCIT	599	0/388	9/386	-2.73991	-0.756892	0
SRX150565	TFs and others	BDP1	Uterus	HeLa	768	0/388	9/386	-2.73991	-0.756892	0
SRX4411662	TFs and others	AR	Prostate	LNCAP	6641	0/388	9/386	-2.73991	-0.756892	0
SRX4417537	TFs and others	BRD4	Pluripotent stem cell	hESC derived neural cells	644	0/388	9/386	-2.73991	-0.756892	0
SRX6639324	TFs and others	SMAD1	Pluripotent stem cell	hESC H1	1296	0/388	9/386	-2.73991	-0.756892	0
SRX6614733	TFs and others	CTCF	Lung	IMR-90	34779	111/388	152/386	-2.73504	-0.756892	0.726499
SRX173201	TFs and others	AR	Prostate	VCaP	30499	29/388	56/386	-2.73172	-0.756892	0.515188
SRX3288563	TFs and others	ZNF143	Pluripotent stem cell	hESC H9	4621	105/388	68/386	-2.73073	-0.756892	1.53616
SRX1801654	TFs and others	CTCF	Digestive tract	COLO 829	37541	101/388	141/386	-2.72052	-0.749709	0.71262
SRX7396389	TFs and others	CTCF	Blood	BLaER1	30930	115/388	156/386	-2.70255	-0.742958	0.73338
SRX150448	TFs and others	YY1	Blood	K-562	3632	87/388	53/386	-2.69954	-0.742958	1.63305
SRX1091825	TFs and others	CTCF	Breast	MCF-7	54955	133/388	175/386	-2.69462	-0.742958	0.756082
SRX4958394	TFs and others	CTCF	Kidney	293	32754	85/388	123/386	-2.69119	-0.742958	0.687495
SRX6384758	TFs and others	RAD21	Digestive tract	HCT 116	30498	85/388	123/386	-2.69119	-0.742958	0.687495
SRX4704621	TFs and others	ARID1A	Gonad	RMG-I	13563	175/388	132/386	-2.69002	-0.742958	1.31892
SRX3589923	TFs and others	STAG2	Breast	MCF 10A	9786	27/388	53/386	-2.6816	-0.742958	0.506808
SRX8570930	TFs and others	HAP1	Blood	KBM-7	38096	105/388	145/386	-2.68101	-0.742958	0.720405
SRX8570938	TFs and others	HAP1	Blood	KBM-7	39221	118/388	159/386	-2.68014	-0.742958	0.738313
SRX7897897	TFs and others	CTCF	Breast	MDA-MB-231	27002	65/388	100/386	-2.67845	-0.742958	0.646649
SRX154499	TFs and others	CTCF	Prostate	LNCAP	26333	60/388	94/386	-2.66335	-0.742958	0.635008
SRX2009507	TFs and others	BRD2	Neural	SF8628	8466	181/388	138/386	-2.66168	-0.742958	1.30483
SRX099182	TFs and others	AR	Prostate	VCaP	15336	17/388	39/386	-2.66071	-0.742958	0.433651
SRX4451214	TFs and others	ESR1	Breast	MCF-7	32903	50/388	82/386	-2.65987	-0.742958	0.606613
SRX6614736	TFs and others	CTCF	Lung	IMR-90	27608	97/388	136/386	-2.65405	-0.742958	0.709559
SRX095407	TFs and others	NCOA1	Breast	LY2	818	4/388	18/386	-2.65279	-0.742958	0.221077
SRX1616411	TFs and others	GTF3C5	Neural	IMR-5	1017	4/388	18/386	-2.65279	-0.742958	0.221077
ERX1149079	TFs and others	CTCF	Blood	HEL 92.1.7	26763	88/388	126/386	-2.6512	-0.742958	0.694813
SRX702113	TFs and others	SRF	Pluripotent stem cell	hESC HUES64	32165	88/388	126/386	-2.6512	-0.742958	0.694813
SRX9469986	TFs and others	AR	Prostate	LAPC-4	9184	3/388	16/386	-2.64782	-0.742958	0.186534
SRX9628173	TFs and others	NR3C1	Kidney	293	11071	15/388	36/386	-2.64769	-0.742958	0.414519
SRX2281258	TFs and others	KMT2A	Blood	Cord blood mononuclear	15407	242/388	198/386	-2.64167	-0.742958	1.21592
SRX5089447	TFs and others	ESR1	Breast	MCF-7	16004	31/388	58/386	-2.63963	-0.742958	0.531728
SRX11312425	TFs and others	SMC3	Lung	A549	27226	67/388	102/386	-2.63952	-0.742958	0.653477
SRX11312440	TFs and others	RAD21	Lung	A549	28993	67/388	102/386	-2.63952	-0.742958	0.653477
DRX013200	TFs and others	CTCF	Uterus	HeLa	16841	42/388	72/386	-2.63828	-0.742958	0.580326
SRX5880869	TFs and others	CTCF	Digestive tract	DKO	46483	148/388	190/386	-2.63554	-0.742958	0.774932
SRX8570947	TFs and others	HAP1	Blood	KBM-7	29427	51/388	83/386	-2.63321	-0.742958	0.611291
SRX4510767	TFs and others	CTCF	Epidermis	MDA-MB-435	21924	74/388	110/386	-2.63121	-0.742958	0.66926
SRX1629239	TFs and others	AR	Prostate	VCaP	10933	8/388	25/386	-2.63088	-0.742958	0.318351
SRX6828388	TFs and others	CTCF	Blood	K-562	39140	111/388	151/386	-2.62812	-0.742958	0.73131
SRX3288585	TFs and others	CTCF	Pluripotent stem cell	hESC H9	51588	127/388	168/386	-2.62212	-0.742958	0.752056
SRX4377128	TFs and others	CTCF	Pluripotent stem cell	hESC derived cardiac cells	24358	68/388	103/386	-2.6208	-0.742958	0.656791
SRX10722979	TFs and others	CSTF2	Bone	U2OS	6802	129/388	90/386	-2.61813	-0.742958	1.42595
SRX3591431	TFs and others	BRD4	Blood	B-CLL cells	11204	232/388	188/386	-2.61603	-0.742958	1.22768
SRX176883	TFs and others	EP300	Breast	MCF-7	15255	20/388	43/386	-2.61588	-0.742958	0.462719
SRX5824578	TFs and others	BRD2	Breast	SUM 159PT	14897	297/388	257/386	-2.61387	-0.742958	1.14969
SRX8570934	TFs and others	HAP1	Blood	KBM-7	40391	113/388	153/386	-2.61206	-0.742958	0.734755
SRX6175589	TFs and others	CTCF	Bone	A-673	41917	115/388	155/386	-2.59674	-0.730017	0.738111
ERX989300	TFs and others	CTCF	Blood	K-562	27990	93/388	131/386	-2.59035	-0.729469	0.706264
SRX099876	TFs and others	CTCF	Others	FB0167P	28190	93/388	131/386	-2.59035	-0.729469	0.706264
SRX100558	TFs and others	YY1	Pluripotent stem cell	hESC H1	28327	214/388	171/386	-2.58913	-0.729469	1.24501
SRX2655461	TFs and others	CTCF	Blood	THP-1	23539	118/388	158/386	-2.57509	-0.726638	0.742986
SRX6960082	TFs and others	CTCF	Uterus	HeLa	33071	95/388	133/386	-2.56788	-0.726638	0.710604
SRX6614763	TFs and others	RAD21	Lung	IMR-90	7999	16/388	37/386	-2.56733	-0.726638	0.430203
SRX100404	TFs and others	NR3C1	Lung	A549	7997	7/388	23/386	-2.56556	-0.726638	0.302779
SRX186660	TFs and others	CTCF	Blood	DND-41	42789	139/388	180/386	-2.56393	-0.726638	0.768242
SRX3482875	TFs and others	RAD21	Pluripotent stem cell	hESC HUES64	61939	120/388	160/386	-2.5615	-0.726638	0.746134
SRX4451213	TFs and others	ESR1	Breast	MCF-7	35890	49/388	80/386	-2.56085	-0.726638	0.609343
SRX5503028	TFs and others	Epitope tags	Kidney	293	8539	184/388	142/386	-2.54301	-0.726638	1.2891
SRX4001834	TFs and others	CTCF	Blood	THP-1	23551	66/388	100/386	-2.54187	-0.726638	0.656598
SRX150380	TFs and others	RAD21	Lung	A549	17028	37/388	65/386	-2.54139	-0.726638	0.566297
SRX190257	TFs and others	RAD21	Uterus	ECC-1	37415	80/388	116/386	-2.53874	-0.726638	0.6861
ERX2868716	TFs and others	CTCF	Blood	K-562	38175	124/388	164/386	-2.53628	-0.726638	0.7522
SRX8570919	TFs and others	HAP1	Blood	KBM-7	26508	50/388	81/386	-2.53454	-0.726638	0.614102
SRX6854827	TFs and others	Epitope tags	Epidermis	501A	24632	57/388	30/386	-2.53412	-0.726638	1.89021
SRX8406519	TFs and others	FOXA1	Prostate	Prostatic Neoplasms, Castration-Resistant	27615	27/388	52/386	-2.53309	-0.726638	0.516554
SRX1091826	TFs and others	CTCF	Breast	MCF-7	56280	148/388	189/386	-2.53302	-0.726638	0.779032
SRX4001915	TFs and others	CTCF	Blood	THP-1	37680	110/388	149/386	-2.53126	-0.726638	0.73445
SRX10045364	TFs and others	ASXL1	Blood	THP-1	11513	239/388	196/386	-2.53021	-0.726638	1.2131
ERX989288	TFs and others	CTCF	Blood	K-562	38781	126/388	166/386	-2.5246	-0.726638	0.755124
SRX6175616	TFs and others	CTCF	Bone	A-673	53329	153/388	194/386	-2.52018	-0.726638	0.784595
SRX6367581	TFs and others	NCOA1	Kidney	293	14175	19/388	41/386	-2.51969	-0.726638	0.461026
SRX099871	TFs and others	CTCF	Others	FB8470	33738	127/388	167/386	-2.51899	-0.726638	0.756559
DRX013190	TFs and others	CTCF	Kidney	293	34395	74/388	109/386	-2.51793	-0.726638	0.6754
SRX8570920	TFs and others	HAP1	Blood	KBM-7	36907	90/388	127/386	-2.51742	-0.726638	0.705009
SRX4611744	TFs and others	ESR1	Breast	MCF-7	45130	112/388	151/386	-2.5154	-0.726638	0.737899
SRX3110745	TFs and others	ESR1	Breast	MCF-7	40479	113/388	152/386	-2.50774	-0.726638	0.739589
SRX736054	TFs and others	AR	Prostate	LNCAP	6890	6/388	21/386	-2.50694	-0.726638	0.284242
SRX6913069	TFs and others	BRD4	Blood	THP-1	14065	225/388	182/386	-2.50329	-0.726638	1.22989
SRX3478025	TFs and others	CTCF	Uterus	HeLa	19580	62/388	95/386	-2.50274	-0.726638	0.649267
SRX4781489	TFs and others	BRD3	Blood	Acute myeloid leukemia	1200	27/388	9/386	-2.49865	-0.726638	2.98454
SRX6602370	TFs and others	ARNTL	Neural	Neural Stem Cells	1311	12/388	1/386	-2.49784	-0.726638	11.9381
SRX199858	TFs and others	CTCF	Placenta	HVMF	29950	83/388	119/386	-2.49724	-0.726638	0.693884
SRX080368	TFs and others	CTCF	Blood	GM06990	29621	84/388	120/386	-2.48404	-0.726638	0.696392
ERX2869656	TFs and others	CTCF	Lung	A549	32522	93/388	130/386	-2.48311	-0.726638	0.711697
SRX1744957	TFs and others	CTCF	Blood	THP-1	19836	63/388	96/386	-2.48311	-0.726638	0.652867
SRX2655462	TFs and others	CTCF	Blood	THP-1	25397	117/388	156/386	-2.47886	-0.726638	0.746134
SRX100473	TFs and others	SIN3A	Pluripotent stem cell	hESC H1	5515	105/388	70/386	-2.46411	-0.726638	1.49227
SRX476480	TFs and others	CTCF	Blood	THP-1	20808	64/388	97/386	-2.464	-0.726638	0.656393
SRX3800707	TFs and others	CTCF	Breast	T-47D	30436	95/388	132/386	-2.46149	-0.726638	0.715987
SRX6857970	TFs and others	PGR	Uterus	Myometrium	14608	268/388	227/386	-2.45895	-0.726638	1.17453
SRX1165088	TFs and others	RAD21	Liver	Hep G2	37279	78/388	113/386	-2.45736	-0.726638	0.686707
SRX4001880	TFs and others	CTCF	Blood	THP-1	23634	78/388	113/386	-2.45736	-0.726638	0.686707
SRX1898037	TFs and others	RAG1	Blood	REH	30711	246/388	204/386	-2.45149	-0.726638	1.19967
SRX190359	TFs and others	CTCF	Digestive tract	HCT 116	33186	87/388	123/386	-2.44622	-0.726638	0.703671
SRX038644	TFs and others	CTCF	Epidermis	NHEK	24531	65/388	98/386	-2.4454	-0.726638	0.659846
SRX2570611	TFs and others	CTCF	Blood	HAP1	28381	79/388	114/386	-2.44311	-0.726638	0.68941
SRX8984315	TFs and others	RAD21	Bone	A-673	24143	40/388	68/386	-2.44043	-0.726638	0.585203
SRX667413	TFs and others	Epitope tags	Breast	MCF-7	27244	204/388	243/386	-2.43897	-0.726638	0.835179
SRX080367	TFs and others	CTCF	Blood	GM12878	16146	49/388	79/386	-2.43683	-0.726638	0.617056
SRX5290903	TFs and others	CTCF	Prostate	LNCAP	18912	49/388	79/386	-2.43683	-0.726638	0.617056
SRX6854832	TFs and others	Epitope tags	Epidermis	501A	19458	55/388	29/386	-2.43557	-0.726638	1.88678
SRX4001874	TFs and others	RAD21	Blood	THP-1	11561	26/388	50/386	-2.43456	-0.726638	0.51732
SRX8272748	TFs and others	ESR2	Digestive tract	HT-29	8835	26/388	50/386	-2.43456	-0.726638	0.51732
SRX063919	TFs and others	ERG	Blood	K-562	6497	88/388	124/386	-2.43418	-0.726638	0.706019
SRX2458136	TFs and others	SMC1A	Blood	GM12878	32892	88/388	124/386	-2.43418	-0.726638	0.706019
SRX022572	TFs and others	AR	Prostate	VCaP	1703	0/388	8/386	-2.43318	-0.726638	0
SRX1012690	TFs and others	PGR	Breast	MCF-7	538	0/388	8/386	-2.43318	-0.726638	0
SRX1012693	TFs and others	PGR	Breast	MCF-7	869	0/388	8/386	-2.43318	-0.726638	0
SRX113590	TFs and others	RYBP	Kidney	293	610	0/388	8/386	-2.43318	-0.726638	0
SRX1460241	TFs and others	BRD4	Blood	LP-1	337	0/388	8/386	-2.43318	-0.726638	0
SRX150673	TFs and others	BDP1	Blood	K-562	666	0/388	8/386	-2.43318	-0.726638	0
SRX1550247	TFs and others	Epitope tags	Bone	U2OS	496	0/388	8/386	-2.43318	-0.726638	0
SRX2533317	TFs and others	BRF1	Pluripotent stem cell	hESC H9	661	0/388	8/386	-2.43318	-0.726638	0
SRX2533318	TFs and others	BRF1	Pluripotent stem cell	hESC H9	722	0/388	8/386	-2.43318	-0.726638	0
SRX2533319	TFs and others	BRF1	Pluripotent stem cell	hESC H9	507	0/388	8/386	-2.43318	-0.726638	0
SRX2533320	TFs and others	BRF1	Pluripotent stem cell	hESC H9	509	0/388	8/386	-2.43318	-0.726638	0
SRX2871362	TFs and others	PGR	Breast	T-47D	597	0/388	8/386	-2.43318	-0.726638	0
SRX3474297	TFs and others	Epitope tags	Prostate	LNCAP	542	0/388	8/386	-2.43318	-0.726638	0
SRX4714452	TFs and others	BDP1	Breast	T-47D	660	0/388	8/386	-2.43318	-0.726638	0
SRX4714456	TFs and others	BDP1	Breast	T-47D	984	0/388	8/386	-2.43318	-0.726638	0
SRX4802341	TFs and others	HIF1A	Kidney	HKC8	1115	0/388	8/386	-2.43318	-0.726638	0
SRX702076	TFs and others	SMAD1	Pluripotent stem cell	hESC derived mesendodermal cells	354	0/388	8/386	-2.43318	-0.726638	0
SRX702077	TFs and others	SMAD1	Pluripotent stem cell	hESC derived ectodermal cells	222	0/388	8/386	-2.43318	-0.726638	0
SRX702086	TFs and others	SMAD1	Pluripotent stem cell	hESC HUES64	528	0/388	8/386	-2.43318	-0.726638	0
SRX8041960	TFs and others	AR	Prostate	MR42D	3265	0/388	8/386	-2.43318	-0.726638	0
SRX2017945	TFs and others	HNF4G	Prostate	22Rv1	8903	8/388	24/386	-2.42979	-0.726638	0.331615
SRX190207	TFs and others	ELF1	Neural	SK-N-SH	9463	187/388	146/386	-2.42924	-0.726638	1.27422
SRX8984312	TFs and others	CTCF	Bone	A-673	48551	125/388	164/386	-2.42887	-0.726638	0.758266
SRX1094477	TFs and others	BRD4	Others	TC-797	404	9/388	0/386	-2.42856	-0.726638	inf
SRX4611693	TFs and others	ESR1	Breast	MCF-7	37860	110/388	148/386	-2.42812	-0.726638	0.739412
SRX334252	TFs and others	AR	Unclassified	Unclassified	7586	4/388	17/386	-2.42116	-0.726638	0.234081
SRX9607665	TFs and others	RARA	Pluripotent stem cell	NTERA-2	2670	4/388	17/386	-2.42116	-0.726638	0.234081
SRX100575	TFs and others	SIN3A	Liver	Hep G2	12970	235/388	193/386	-2.41999	-0.726638	1.21134
SRX4377554	TFs and others	BRD2	Breast	MDA-MB-231	9424	191/388	150/386	-2.41792	-0.726638	1.26677
SRX9683843	TFs and others	NR3C1	Adipocyte	Adipocytes	5530	14/388	2/386	-2.41713	-0.726638	6.96392
SRX080371	TFs and others	CTCF	Blood	GM06990	27292	81/388	116/386	-2.4156	-0.726638	0.694677
SRX1134763	TFs and others	BRD4	Blood	MV-4-11	11085	192/388	151/386	-2.41538	-0.726638	1.26497
SRX8570925	TFs and others	HAP1	Blood	KBM-7	28920	55/388	86/386	-2.41463	-0.726638	0.636238
SRX3241379	TFs and others	ARID1A	Gonad	RMG-I	14107	167/388	127/386	-2.40956	-0.726638	1.30818
SRX2458135	TFs and others	SMC1A	Blood	GM12878	30224	74/388	108/386	-2.40687	-0.726638	0.681653
SRX4001942	TFs and others	RAD21	Blood	THP-1	25440	61/388	93/386	-2.40646	-0.726638	0.652533
SRX9498730	TFs and others	TBP	Blood	K-562	8715	196/388	155/386	-2.40635	-0.726638	1.258
SRX9632849	TFs and others	CTCF	Uterus	HeLa	37279	113/388	151/386	-2.40546	-0.726638	0.744487
SRX4802337	TFs and others	EPAS1	Kidney	HKC8	2993	3/388	15/386	-2.40491	-0.726638	0.198969
ERX1149067	TFs and others	CTCF	Unclassified	Unclassified	31203	101/388	138/386	-2.40219	-0.726638	0.728111
SRX8582167	TFs and others	CTCF	Digestive tract	HCT 116	33422	101/388	138/386	-2.40219	-0.726638	0.728111
SRX6614737	TFs and others	CTCF	Lung	IMR-90	36390	114/388	152/386	-2.39825	-0.726638	0.746134
SRX5316104	TFs and others	O-GlcNAc	Prostate	LNCAP	9397	257/388	216/386	-2.39758	-0.726638	1.18368
SRX100438	TFs and others	TAF1	Blood	GM12891	8000	170/388	130/386	-2.39408	-0.726638	1.30095
SRX130608	TFs and others	BCL6	Blood	B cells	16009	170/388	130/386	-2.39408	-0.726638	1.30095
SRX4001910	TFs and others	RAD21	Blood	THP-1	24732	56/388	87/386	-2.39275	-0.726638	0.64036
SRX7626338	TFs and others	CTCF	Others	Mesenchymal Stromal Cells	20004	83/388	118/386	-2.38936	-0.726638	0.699764
SRX1091542	TFs and others	EP300	Pluripotent stem cell	hESC derived neural crests	14614	210/388	169/386	-2.38853	-0.726638	1.2362
SRX1878889	TFs and others	CTCF	Muscle	Rh-4	36495	133/388	172/386	-2.38824	-0.726638	0.76927
SRX1878890	TFs and others	CTCF	Muscle	Rh-4	33300	133/388	172/386	-2.38824	-0.726638	0.76927
SRX3554402	TFs and others	ESR1	Breast	MDA-MB-134-VI	12418	27/388	51/386	-2.38765	-0.726638	0.526683
SRX3288558	TFs and others	RAD21	Pluripotent stem cell	hESC H9	32984	62/388	94/386	-2.38716	-0.726638	0.656175
SRX3631512	TFs and others	ETS1	Others	SCC-25	4024	88/388	56/386	-2.38649	-0.726638	1.56333
SRX8080563	TFs and others	Epitope tags	Breast	Mammary gland adenocarcinoma	12001	24/388	47/386	-2.38599	-0.726638	0.508006
SRX1514981	TFs and others	GFP	Kidney	293	4194	34/388	60/386	-2.38027	-0.725437	0.563746
SRX8089639	TFs and others	FOXA1	Prostate	VCaP	28921	42/388	70/386	-2.37926	-0.725437	0.596907
SRX6027682	TFs and others	ESR1	Uterus	Ishikawa	9098	12/388	30/386	-2.37894	-0.725437	0.397938
SRX8406453	TFs and others	AR	Prostate	Prostatic Neoplasms, Castration-Resistant	20073	12/388	30/386	-2.37894	-0.725437	0.397938
SRX4001918	TFs and others	CTCF	Blood	THP-1	36310	105/388	142/386	-2.36688	-0.723573	0.735625
SRX7522861	TFs and others	CTCF	Breast	MCF10DCIS.com	21492	47/388	76/386	-2.36564	-0.723573	0.615233
SRX080390	TFs and others	CTCF	Kidney	HRE	30609	85/388	120/386	-2.36432	-0.723573	0.704682
SRX100498	TFs and others	CTCF	Lung	A549	32293	85/388	120/386	-2.36432	-0.723573	0.704682
SRX199856	TFs and others	CTCF	Placenta	HVMF	30932	85/388	120/386	-2.36432	-0.723573	0.704682
SRX3271009	TFs and others	KDM1A	Pluripotent stem cell	hESC derived pancreatic cells	2246	7/388	22/386	-2.35976	-0.723573	0.316542
SRX7202545	TFs and others	RAD21	Uterus	HEC-1-B	4554	7/388	22/386	-2.35976	-0.723573	0.316542
SRX8570943	TFs and others	HAP1	Blood	KBM-7	32497	70/388	103/386	-2.35938	-0.723573	0.676108
SRX4611699	TFs and others	ESR1	Breast	MCF-7	44561	120/388	158/386	-2.35841	-0.723573	0.755579
SRX4611726	TFs and others	ESR1	Breast	MCF-7	44741	120/388	158/386	-2.35841	-0.723573	0.755579
SRX4001825	TFs and others	RAD21	Blood	THP-1	17140	31/388	56/386	-2.35825	-0.723573	0.550718
SRX209673	TFs and others	EP300	Neural	Fetal brain	4672	104/388	70/386	-2.3529	-0.723573	1.47806
SRX9419954	TFs and others	BRD4	Breast	SK-BR-3	22982	246/388	205/386	-2.35253	-0.723573	1.19381
SRX4377529	TFs and others	BRD2	Breast	MDA-MB-231	14102	267/388	227/386	-2.35232	-0.723573	1.17015
SRX7728614	TFs and others	CTCF	Pluripotent stem cell	hESC derived neural crests	30255	121/388	159/386	-2.35232	-0.723573	0.757084
SRX4958391	TFs and others	CTCF	Kidney	293	35212	86/388	121/386	-2.35222	-0.723573	0.70708
SRX080396	TFs and others	CTCF	Blood	K-562	18946	58/388	89/386	-2.35087	-0.723573	0.648326
SRX2655459	TFs and others	CTCF	Blood	THP-1	23833	107/388	144/386	-2.35039	-0.723573	0.739225
SRX330067	TFs and others	ESR1	Breast	MCF-7	28519	43/388	71/386	-2.35032	-0.723573	0.602512
SRX5824565	TFs and others	BRD2	Breast	SUM 149PT	18272	292/388	254/386	-2.34715	-0.721766	1.14368
SRX4611712	TFs and others	ESR1	Breast	MCF-7	48653	108/388	145/386	-2.34242	-0.720098	0.740988
SRX6828392	TFs and others	CTCF	Blood	K-562	22136	53/388	83/386	-2.34094	-0.720098	0.635263
SRX497610	TFs and others	FOXA1	Prostate	VCaP	58293	87/388	122/386	-2.3404	-0.720098	0.709439
SRX1477655	TFs and others	Epitope tags	Lung	MRC-5	14351	48/388	77/386	-2.34007	-0.720098	0.620163
SRX668216	TFs and others	CTCF	Neural	HRPEpiC	27859	79/388	113/386	-2.33515	-0.719875	0.695511
SRX4377537	TFs and others	BRD2	Breast	MDA-MB-231	16171	279/388	240/386	-2.33463	-0.719875	1.15651
SRX4611692	TFs and others	ESR1	Breast	MCF-7	42260	109/388	146/386	-2.33463	-0.719875	0.742727
SRX8570945	TFs and others	HAP1	Blood	KBM-7	31054	65/388	97/386	-2.33232	-0.719875	0.666649
ERX1149062	TFs and others	CTCF	Blood	KU812	17455	59/388	90/386	-2.33081	-0.719875	0.652176
SRX099882	TFs and others	CTCF	Neural	D54	41248	125/388	163/386	-2.3294	-0.719875	0.762918
SRX199896	TFs and others	CTCF	Neural	HA-sp	25762	72/388	105/386	-2.32794	-0.719875	0.68218
SRX067470	TFs and others	CTCF	Blood	K-562	37233	110/388	147/386	-2.32702	-0.719875	0.744442
SRX3110770	TFs and others	SMC3	Uterus	HeLa	21915	44/388	72/386	-2.3224	-0.719875	0.607961
SRX6949263	TFs and others	SMC3	Uterus	HeLa	21887	44/388	72/386	-2.3224	-0.719875	0.607961
SRX3990567	TFs and others	ASUN	Blood	Monocytes	7496	164/388	125/386	-2.3215	-0.719875	1.30524
SRX3124393	TFs and others	CTCF	Neural	KELLY	38410	111/388	148/386	-2.31958	-0.719875	0.746134
SRX3554405	TFs and others	ESR1	Breast	MDA-MB-134-VI	14055	32/388	57/386	-2.31952	-0.719875	0.55851
SRX4611731	TFs and others	ESR1	Breast	MCF-7	44179	127/388	165/386	-2.31879	-0.719875	0.765729
SRX1950174	TFs and others	CTCF	Prostate	VCaP	24062	54/388	84/386	-2.31877	-0.719875	0.639543
SRX5824579	TFs and others	BRD2	Breast	SUM 159PT	15456	289/388	251/386	-2.31835	-0.719875	1.14546
SRX3437414	TFs and others	CTCF	Uterus	HeLa	29717	89/388	124/386	-2.31757	-0.719875	0.714042
SRX2570608	TFs and others	CTCF	Blood	HAP1	26723	73/388	106/386	-2.3128	-0.718797	0.685129
SRX5287703	TFs and others	ESR1	Breast	MCF-7	22832	40/388	67/386	-2.31193	-0.718797	0.593938
SRX3032993	TFs and others	AR	Prostate	LNCAP	12841	9/388	25/386	-2.31101	-0.718797	0.358144
SRX099883	TFs and others	CTCF	Neural	D54	43512	129/388	167/386	-2.30872	-0.718797	0.768473
SRX8570918	TFs and others	HAP1	Blood	KBM-7	38247	113/388	150/386	-2.30521	-0.718797	0.74945
SRX10382404	TFs and others	TET1	Pluripotent stem cell	hESC H1	20239	272/388	305/386	-2.30221	-0.718797	0.887206
SRX1165091	TFs and others	Epitope tags	Liver	Hep G2	40717	101/388	137/386	-2.30021	-0.718797	0.733426
SRX6027754	TFs and others	NR2F2	Breast	MCF-7	6205	20/388	41/386	-2.29988	-0.718797	0.48529
SRX4611687	TFs and others	ESR1	Breast	MCF-7	44495	114/388	151/386	-2.29827	-0.718797	0.751075
SRX6913048	TFs and others	BRD4	Blood	THP-1	8230	151/388	113/386	-2.29778	-0.718797	1.3294
SRX6960081	TFs and others	CTCF	Uterus	HeLa	30436	82/388	116/386	-2.29606	-0.718797	0.703253
SRX199880	TFs and others	CTCF	Digestive tract	HCT 116	34248	91/388	126/386	-2.29575	-0.718797	0.718499
SRX360578	TFs and others	RAD21	Digestive tract	GP5d	21918	45/388	73/386	-2.29545	-0.718797	0.613261
SRX4611708	TFs and others	ESR1	Breast	MCF-7	39825	102/388	138/386	-2.29143	-0.718797	0.73532
SRX7498512	TFs and others	CTCF	Others	SCC090	26321	50/388	79/386	-2.2914	-0.718797	0.629649
SRX063920	TFs and others	ERG	Blood	K-562	10128	178/388	216/386	-2.29052	-0.718797	0.819826
SRX6913057	TFs and others	BRD2	Blood	THP-1	12236	255/388	215/386	-2.29016	-0.718797	1.17993
SRX4001925	TFs and others	CTCF	Blood	THP-1	43335	133/388	171/386	-2.29016	-0.718797	0.773769
SRX1287850	TFs and others	CDK8	Blood	MOLM-14	18830	212/388	172/386	-2.28982	-0.718797	1.2262
SRX186633	TFs and others	RAD21	Neural	SK-N-SH	50262	134/388	172/386	-2.28584	-0.718797	0.775054
SRX3800710	TFs and others	CTCF	Breast	T-47D	31677	92/388	127/386	-2.28521	-0.718797	0.720675
SRX7202559	TFs and others	CTCF	Blood	K-562	27861	83/388	117/386	-2.28364	-0.718797	0.705745
SRX4001916	TFs and others	CTCF	Blood	THP-1	36193	103/388	139/386	-2.28286	-0.718797	0.737188
SRX6614743	TFs and others	RAD21	Lung	IMR-90	13929	41/388	68/386	-2.28231	-0.718797	0.599833
SRX2194264	TFs and others	BRD4	Breast	SUM 159PT	35226	271/388	232/386	-2.2784	-0.718797	1.16208
SRX4377541	TFs and others	BRD2	Breast	MDA-MB-231	11960	252/388	212/386	-2.27756	-0.718797	1.18255
SRX6614744	TFs and others	RAD21	Lung	IMR-90	17189	37/388	63/386	-2.27732	-0.718797	0.584274
SRX150412	TFs and others	RAD21	Blood	GM12878	24871	56/388	86/386	-2.27639	-0.718797	0.647806
SRX4155663	TFs and others	CTCF	Neural	KELLY	19563	56/388	86/386	-2.27639	-0.718797	0.647806
ERX989280	TFs and others	CTCF	Blood	K-562	27095	93/388	128/386	-2.2749	-0.718797	0.722817
SRX080338	TFs and others	CTCF	Breast	HMF	36771	104/388	140/386	-2.27447	-0.718797	0.739028
SRX7396396	TFs and others	CTCF	Blood	BLaER1	25987	104/388	140/386	-2.27447	-0.718797	0.739028
SRX11312423	TFs and others	RAD21	Lung	A549	27615	62/388	93/386	-2.27394	-0.718797	0.66323
SRX199879	TFs and others	CTCF	Digestive tract	HCT 116	25076	62/388	93/386	-2.27394	-0.718797	0.66323
SRX4313225	TFs and others	RAD21	Muscle	RH-4	25767	62/388	93/386	-2.27394	-0.718797	0.66323
ERX1149068	TFs and others	CTCF	Unclassified	Unclassified	24564	84/388	118/386	-2.2715	-0.717738	0.708195
SRX190353	TFs and others	YY1	Neural	SK-N-SH	10818	175/388	136/386	-2.26949	-0.717738	1.28013
SRX8570923	TFs and others	HAP1	Blood	KBM-7	26667	46/388	74/386	-2.26942	-0.717738	0.618417
SRX356610	TFs and others	STAG1	Blood	GM18951	20460	51/388	80/386	-2.26821	-0.717675	0.634214
SRX1744956	TFs and others	CTCF	Blood	THP-1	21060	69/388	101/386	-2.26568	-0.717431	0.679647
SRX3815839	TFs and others	RAD21	Uterus	HeLa	24420	69/388	101/386	-2.26568	-0.717431	0.679647
SRX3110728	TFs and others	ESR1	Breast	MCF-7	54511	140/388	178/386	-2.26245	-0.716797	0.782463
SRX684292	TFs and others	SUPT5H	Uterus	HeLa	20213	268/388	229/386	-2.25991	-0.716797	1.16427
SRX2961561	TFs and others	STAT1	Blood	SET-2	30505	303/388	267/386	-2.25964	-0.716797	1.12898
DRX156350	TFs and others	MGMT	Neural	U-87 MG	1689	39/388	18/386	-2.25875	-0.716797	2.1555
SRX3591432	TFs and others	BRD4	Blood	B-CLL cells	7794	157/388	119/386	-2.25846	-0.716797	1.31253
SRX4611720	TFs and others	ESR1	Breast	MCF-7	41114	106/388	142/386	-2.25826	-0.716797	0.742631
SRX100543	TFs and others	YY1	Neural	SK-N-SH	19602	246/388	206/386	-2.25559	-0.715247	1.18802
SRX3230388	TFs and others	KAT7	Liver	Hep G2	3205	70/388	42/386	-2.2482	-0.712368	1.65808
SRX100495	TFs and others	TAF1	Pluripotent stem cell	hESC H1	19565	302/388	266/386	-2.24805	-0.712368	1.12949
SRX11312424	TFs and others	RAD21	Lung	A549	23844	52/388	81/386	-2.24575	-0.712368	0.638666
SRX3288562	TFs and others	ZNF143	Pluripotent stem cell	hESC H9	4973	103/388	70/386	-2.24393	-0.712368	1.46384
ERX989278	TFs and others	CTCF	Blood	K-562	38518	123/388	160/386	-2.24271	-0.712368	0.764787
SRX701962	TFs and others	CTCF	Pluripotent stem cell	hESC HUES64	44513	123/388	160/386	-2.24271	-0.712368	0.764787
SRX1165089	TFs and others	RAD21	Liver	Hep G2	33512	78/388	111/386	-2.24245	-0.712368	0.699081
SRX813769	TFs and others	MED1	Adipocyte	SGBS	12629	160/388	122/386	-2.24082	-0.712368	1.30472
SRX3589924	TFs and others	STAG2	Breast	MCF 10A	7890	24/388	46/386	-2.23893	-0.712368	0.51905
SRX9975611	TFs and others	STAG1	Bone	A-673	14156	24/388	46/386	-2.23893	-0.712368	0.51905
SRX3437415	TFs and others	CTCF	Uterus	HeLa	40883	124/388	161/386	-2.23726	-0.712368	0.766216
SRX6578941	TFs and others	CTCF	Blood	CUTLL1	22877	97/388	132/386	-2.23592	-0.712368	0.731061
SRX4001827	TFs and others	RAD21	Blood	THP-1	28542	71/388	103/386	-2.23485	-0.712368	0.685767
SRX2353659	TFs and others	AR	Prostate	LNCAP	13555	8/388	23/386	-2.23287	-0.712368	0.346033
SRX3110739	TFs and others	ESR1	Breast	MCF-7	30363	79/388	112/386	-2.22938	-0.712368	0.701721
SRX8588600	TFs and others	CTCF	Gonad	KURAMOCHI	26909	79/388	112/386	-2.22938	-0.712368	0.701721
SRX1026679	TFs and others	CTCF	Pancreas	PANC-1	34593	110/388	146/386	-2.22796	-0.712368	0.749541
SRX10365544	TFs and others	RAC1	Breast	MCF-7	2790	1/388	10/386	-2.2277	-0.712368	0.0994845
SRX1531777	TFs and others	MED1	Liver	Hep G2	1378	1/388	10/386	-2.2277	-0.712368	0.0994845
SRX181770	TFs and others	AGO1	Prostate	PC-3	960	1/388	10/386	-2.2277	-0.712368	0.0994845
SRX1878943	TFs and others	BRD4	Others	Fibroblasts	1438	1/388	10/386	-2.2277	-0.712368	0.0994845
SRX3630817	TFs and others	NR3C1	Uterus	Ishikawa	2326	1/388	10/386	-2.2277	-0.712368	0.0994845
SRX9932071	TFs and others	HDAC6	Breast	MCF-7	1728	1/388	10/386	-2.2277	-0.712368	0.0994845
SRX154498	TFs and others	CTCF	Prostate	PrEC	21902	53/388	82/386	-2.22397	-0.711733	0.64301
SRX3437422	TFs and others	CTCF	Uterus	HeLa	37762	111/388	147/386	-2.22081	-0.711733	0.75121
SRX667986	TFs and others	FOXA1	Prostate	VCaP	68445	72/388	104/386	-2.22001	-0.711733	0.688739
SRX4046306	TFs and others	HCFC1	Blood	Erythroblasts	10450	232/388	192/386	-2.21987	-0.711733	1.2021
SRX3927313	TFs and others	CTCF	Blood	Jurkat	48028	157/388	195/386	-2.2181	-0.711733	0.800978
SRX2867630	TFs and others	BRD4	Blood	Lymphoblastoid cell line	17707	229/388	189/386	-2.21487	-0.711733	1.20539
SRX103008	TFs and others	CTCF	Breast	MCF-7	63181	159/388	197/386	-2.21487	-0.711733	0.802946
SRX067467	TFs and others	CTCF	Cardiovascular	HUVEC	30350	89/388	123/386	-2.21484	-0.711733	0.719847
SRX1818073	TFs and others	AR	Prostate	LNCAP	19746	14/388	32/386	-2.21249	-0.711733	0.435245
SRX8616986	TFs and others	ESR1	Breast	AB555	5710	14/388	32/386	-2.21249	-0.711733	0.435245
SRX2267454	TFs and others	BRD4	Lung	PC-9	26846	225/388	185/386	-2.20961	-0.711733	1.20995
SRX080377	TFs and others	CTCF	Epidermis	AG10803	31985	100/388	135/386	-2.2089	-0.711733	0.736922
SRX199886	TFs and others	CTCF	Breast	MCF-7	41858	100/388	135/386	-2.2089	-0.711733	0.736922
SRX100380	TFs and others	REST	Neural	SK-N-SH	18553	223/388	183/386	-2.20757	-0.711733	1.2123
SRX217738	TFs and others	TAF3	Digestive tract	HCT 116	12045	258/388	219/386	-2.20734	-0.711733	1.17201
SRX539668	TFs and others	CTCF	Prostate	PC-3	35186	113/388	149/386	-2.20699	-0.711733	0.75448
SRX8570922	TFs and others	HAP1	Blood	KBM-7	35554	90/388	124/386	-2.20426	-0.711733	0.722065
SRX4611725	TFs and others	ESR1	Breast	MCF-7	49165	131/388	168/386	-2.2028	-0.711733	0.775743
SRX4001917	TFs and others	CTCF	Blood	THP-1	38358	114/388	150/386	-2.20032	-0.711733	0.756082
SRX1134766	TFs and others	BRD4	Blood	MV-4-11	12642	203/388	164/386	-2.19969	-0.711733	1.23142
SRX6960083	TFs and others	CTCF	Uterus	HeLa	31290	91/388	125/386	-2.19393	-0.711733	0.724247
ERX1149104	TFs and others	CTCF	Blood	HEL 92.1.7	2356	4/388	16/386	-2.19375	-0.711733	0.248711
SRX4802344	TFs and others	EPAS1	Kidney	HKC8	3192	4/388	16/386	-2.19375	-0.711733	0.248711
SRX8570948	TFs and others	HAP1	Blood	KBM-7	33910	82/388	115/386	-2.19197	-0.711733	0.709368
SRX099870	TFs and others	CTCF	Others	FB8470	25998	102/388	137/386	-2.19187	-0.711733	0.740688
SRX4819697	TFs and others	CTCF	Prostate	DU 145	24072	74/388	106/386	-2.19142	-0.711733	0.694515
SRX150441	TFs and others	NRF1	Blood	K-562	3420	78/388	49/386	-2.19087	-0.711733	1.58363
SRX199864	TFs and others	CTCF	Blood	GM12865	24049	67/388	98/386	-2.18892	-0.711733	0.680149
SRX038525	TFs and others	CTCF	Pluripotent stem cell	hESC H1	47882	116/388	152/386	-2.18743	-0.711733	0.759224
SRX10365535	TFs and others	ESR1	Breast	MCF-7	27870	40/388	66/386	-2.18618	-0.711733	0.602937
SRX4001869	TFs and others	RAD21	Blood	THP-1	17161	40/388	66/386	-2.18618	-0.711733	0.602937
SRX4377132	TFs and others	CTCF	Pluripotent stem cell	hESC derived cardiac cells	15379	40/388	66/386	-2.18618	-0.711733	0.602937
SRX2655460	TFs and others	CTCF	Blood	THP-1	27470	136/388	173/386	-2.18192	-0.711733	0.782075
SRX4611689	TFs and others	ESR1	Breast	MCF-7	42245	117/388	153/386	-2.18121	-0.711733	0.760764
SRX3110778	TFs and others	Epitope tags	Uterus	HeLa	30566	61/388	91/386	-2.18065	-0.711733	0.666874
SRX6949259	TFs and others	Epitope tags	Uterus	HeLa	30578	61/388	91/386	-2.18065	-0.711733	0.666874
SRX6854839	TFs and others	Epitope tags	Epidermis	501A	25664	57/388	32/386	-2.18019	-0.711733	1.77207
SRX3800711	TFs and others	CTCF	Breast	T-47D	27634	83/388	116/386	-2.18008	-0.711733	0.711829
SRX11312439	TFs and others	RAD21	Lung	A549	29332	75/388	107/386	-2.17765	-0.711733	0.697322
SRX1161208	TFs and others	FOXA1	Breast	T-47D	3195	79/388	50/386	-2.16814	-0.711733	1.57186
SRX190500	TFs and others	SUMO1	Uterus	HeLa	1915	2/388	12/386	-2.16811	-0.711733	0.165808
SRX3436565	TFs and others	SSRP1	Bone	HT-1080	3048	2/388	12/386	-2.16811	-0.711733	0.165808
SRX5806610	TFs and others	CTCF	Breast	MCF-7	51602	140/388	177/386	-2.16731	-0.711733	0.786883
SRX100509	TFs and others	NR3C1	Uterus	ECC-1	1029	3/388	14/386	-2.16611	-0.711733	0.213181
SRX2404139	TFs and others	RELA	Others	Detroit 562	2338	3/388	14/386	-2.16611	-0.711733	0.213181
SRX7054669	TFs and others	RELA	Cardiovascular	HAEC	2852	3/388	14/386	-2.16611	-0.711733	0.213181
SRX9469985	TFs and others	AR	Prostate	LAPC-4	11794	3/388	14/386	-2.16611	-0.711733	0.213181
SRX031247	TFs and others	CTCF	Blood	K-562	52958	141/388	178/386	-2.16394	-0.711733	0.788052
SRX6366601	TFs and others	Epitope tags	Uterus	Ishikawa	4192	118/388	84/386	-2.16227	-0.711733	1.39752
SRX4001921	TFs and others	CTCF	Blood	THP-1	39180	121/388	157/386	-2.15777	-0.711733	0.766728
SRX6828394	TFs and others	CTCF	Breast	MCF-7	49455	121/388	157/386	-2.15777	-0.711733	0.766728
SRX4958393	TFs and others	CTCF	Kidney	293	34593	85/388	118/386	-2.15711	-0.711733	0.716626
SRX10760646	TFs and others	BRD2	Blood	MM.1S	16161	293/388	257/386	-2.15485	-0.711733	1.1342
SRX1094474	TFs and others	BRD4	Others	TC-797	864	22/388	7/386	-2.15365	-0.711733	3.12666
SRX6973254	TFs and others	GFP	Gonad	Primordial germ cells	1241	22/388	7/386	-2.15365	-0.711733	3.12666
SRX9095269	TFs and others	CTCF	Pluripotent stem cell	hESC derived neural crests	16608	51/388	79/386	-2.15158	-0.711733	0.642242
SRX4708118	TFs and others	YY1	Liver	Hep G2	12461	243/388	204/386	-2.15154	-0.711733	1.18504
SRX080346	TFs and others	CTCF	Liver	Hep G2	27234	77/388	109/386	-2.1511	-0.711733	0.702781
SRX6910069	TFs and others	PGR	Uterus	Uterin leiomyoma	14368	158/388	121/386	-2.15066	-0.711733	1.29905
SRX6614762	TFs and others	RAD21	Lung	IMR-90	9543	20/388	40/386	-2.1471	-0.711733	0.497423
SRX3856993	TFs and others	JUN	Breast	MDA-MB-231	33713	325/388	293/386	-2.14598	-0.711733	1.1035
SRX4001881	TFs and others	CTCF	Blood	THP-1	19398	63/388	93/386	-2.14598	-0.711733	0.673928
SRX3447356	TFs and others	ESR1	Breast	MCF-7	56063	147/388	184/386	-2.14597	-0.711733	0.794795
SRX186778	TFs and others	CTCF	Lung	A549	38153	96/388	130/386	-2.14561	-0.711733	0.734655
SRX4001923	TFs and others	CTCF	Blood	THP-1	35946	108/388	143/386	-2.14516	-0.711733	0.751352
SRX2897208	TFs and others	ESR1	Breast	Breast cancer cells	26916	331/388	300/386	-2.14318	-0.711733	1.09765
SRX2442513	TFs and others	CTCF	Blood	K-562	16298	57/388	86/386	-2.14318	-0.711733	0.659374
SRX4958408	TFs and others	CTCF	Kidney	293	25359	70/388	101/386	-2.14303	-0.711733	0.689497
SRX186710	TFs and others	EP300	Bone	Osteobl	3013	23/388	44/386	-2.14177	-0.711733	0.520033
SRX2881003	TFs and others	ESR1	Breast	MCF-7	8256	15/388	33/386	-2.13989	-0.711733	0.452202
SRX471855	TFs and others	AR	Prostate	VCaP	18147	15/388	33/386	-2.13989	-0.711733	0.452202
SRX7890967	TFs and others	SMC1A	Neural	hTERT RPE-1	26519	78/388	110/386	-2.1383	-0.711733	0.705436
SRX080415	TFs and others	CTCF	Epidermis	BJ	28458	97/388	131/386	-2.13659	-0.711733	0.736641
SRX6102134	TFs and others	NELFE	Uterus	HeLa	14590	236/388	197/386	-2.13385	-0.711733	1.19179
SRX103011	TFs and others	CTCF	Blood	GM12878	41148	126/388	162/386	-2.13152	-0.711733	0.773769
SRX199865	TFs and others	CTCF	Lung	WI-38	16812	52/388	80/386	-2.13021	-0.711733	0.646649
SRX359916	TFs and others	RELA	Digestive tract	LoVo	5895	162/388	125/386	-2.12936	-0.711733	1.28932
SRX4001905	TFs and others	RAD21	Blood	THP-1	27573	64/388	94/386	-2.12934	-0.711733	0.677342
SRX016557	TFs and others	BRF1	Lung	IMR-90	392	0/388	7/386	-2.12702	-0.711733	0
SRX016998	TFs and others	BRF1	Uterus	HeLa	343	0/388	7/386	-2.12702	-0.711733	0
SRX1012696	TFs and others	PGR	Breast	MCF-7	474	0/388	7/386	-2.12702	-0.711733	0
SRX1012697	TFs and others	PGR	Breast	MCF-7	476	0/388	7/386	-2.12702	-0.711733	0
SRX1460238	TFs and others	BRD4	Blood	LP-1	359	0/388	7/386	-2.12702	-0.711733	0
SRX150661	TFs and others	BRF1	Uterus	HeLa	379	0/388	7/386	-2.12702	-0.711733	0
SRX150674	TFs and others	BRF1	Blood	K-562	327	0/388	7/386	-2.12702	-0.711733	0
SRX160733	TFs and others	SUZ12	Prostate	LNCAP	364	0/388	7/386	-2.12702	-0.711733	0
SRX253229	TFs and others	SSRP1	Others	Fibrosarcoma	1524	0/388	7/386	-2.12702	-0.711733	0
SRX256994	TFs and others	NR3C1	Blood	Lymphoblastoid cell line	941	0/388	7/386	-2.12702	-0.711733	0
SRX2871358	TFs and others	PGR	Breast	T-47D	572	0/388	7/386	-2.12702	-0.711733	0
SRX4045119	TFs and others	BRD4	Others	TT	924	0/388	7/386	-2.12702	-0.711733	0
SRX4417536	TFs and others	BRD4	Pluripotent stem cell	hESC derived neural cells	592	0/388	7/386	-2.12702	-0.711733	0
SRX4802339	TFs and others	HIF1A	Kidney	HKC8	1046	0/388	7/386	-2.12702	-0.711733	0
SRX5212367	TFs and others	GLTSCR1	Others	Mel270	997	0/388	7/386	-2.12702	-0.711733	0
SRX5212372	TFs and others	GLTSCR1	Others	Mel270	747	0/388	7/386	-2.12702	-0.711733	0
SRX5401863	TFs and others	PGR	Breast	T-47D	890	0/388	7/386	-2.12702	-0.711733	0
SRX5493747	TFs and others	AR	Breast	Breast cancer cells	411	0/388	7/386	-2.12702	-0.711733	0
SRX5493753	TFs and others	AR	Breast	Breast cancer cells	387	0/388	7/386	-2.12702	-0.711733	0
SRX6748234	TFs and others	AR	Prostate	Prostate cancer	615	0/388	7/386	-2.12702	-0.711733	0
SRX6748235	TFs and others	AR	Prostate	Prostate cancer	704	0/388	7/386	-2.12702	-0.711733	0
SRX6748240	TFs and others	AR	Prostate	Prostate cancer	912	0/388	7/386	-2.12702	-0.711733	0
SRX6748241	TFs and others	AR	Prostate	Prostate cancer	1149	0/388	7/386	-2.12702	-0.711733	0
SRX7671889	TFs and others	SREBF2	Others	B-3	1034	0/388	7/386	-2.12702	-0.711733	0
SRX8336466	TFs and others	GATA6	Pluripotent stem cell	hESC derived pancreatic cells	1264	0/388	7/386	-2.12702	-0.711733	0
SRX038602	TFs and others	CTCF	Cardiovascular	HUVEC	20091	79/388	111/386	-2.1258	-0.711733	0.708043
SRX6828389	TFs and others	CTCF	Blood	K-562	26987	79/388	111/386	-2.1258	-0.711733	0.708043
ERX1149083	TFs and others	CTCF	Unclassified	Unclassified	24574	88/388	121/386	-2.12458	-0.711733	0.723524
SRX188964	TFs and others	CTCF	Prostate	LNCAP	34935	88/388	121/386	-2.12458	-0.711733	0.723524
SRX6175630	TFs and others	RAD21	Bone	TC-71	38343	88/388	121/386	-2.12458	-0.711733	0.723524
SRX11312426	TFs and others	SMC3	Lung	A549	23698	58/388	87/386	-2.12444	-0.711733	0.66323
SRX4001922	TFs and others	CTCF	Blood	THP-1	36273	111/388	146/386	-2.12407	-0.711733	0.756355
SRX3445682	TFs and others	GATA1	Blood	K-562	4575	9/388	24/386	-2.12211	-0.710606	0.373067
SRX736066	TFs and others	AR	Prostate	LNCAP	13322	13/388	30/386	-2.1202	-0.709528	0.4311
SRX8570940	TFs and others	HAP1	Blood	KBM-7	37658	112/388	147/386	-2.11736	-0.708285	0.757977
SRX7396392	TFs and others	CTCF	Blood	BLaER1	32912	129/388	165/386	-2.1173	-0.708285	0.777788
SRX5394928	TFs and others	ATOH1	Epidermis	MKL-1	10197	31/388	13/386	-2.11553	-0.7078	2.37232
SRX3288559	TFs and others	RAD21	Pluripotent stem cell	hESC H9	37471	72/388	103/386	-2.11434	-0.7078	0.695426
SRX4958404	TFs and others	CTCF	Kidney	293	30383	72/388	103/386	-2.11434	-0.7078	0.695426
SRX2867628	TFs and others	BRD4	Blood	Lymphoblastoid cell line	11892	216/388	177/386	-2.10963	-0.704597	1.21405
SRX3345956	TFs and others	INTS13	Blood	HL-60	11770	213/388	174/386	-2.10922	-0.704597	1.21783
SRX7115500	TFs and others	RBBP4	Muscle	RH-4	19056	201/388	163/386	-2.10748	-0.704597	1.22677
SRX5316106	TFs and others	O-GlcNAc	Prostate	LNCAP	7836	202/388	164/386	-2.10638	-0.704597	1.22536
SRX10206214	TFs and others	CTCF	Blood	Monocytes	15650	59/388	88/386	-2.10623	-0.704597	0.666999
SRX4155650	TFs and others	CTCF	Neural	KELLY	16801	59/388	88/386	-2.10623	-0.704597	0.666999
SRX186704	TFs and others	CTCF	Blood	Monocytes-CD14+	27119	101/388	135/386	-2.10244	-0.704105	0.744292
SRX2166891	TFs and others	CTCF	Neural	Retina	22649	101/388	135/386	-2.10244	-0.704105	0.744292
SRX2281260	TFs and others	KMT2A	Blood	Bone marrow mononuclear cells	31999	307/388	273/386	-2.10169	-0.704105	1.11875
ERX664190	TFs and others	CTCF	Blood	B cells	24194	81/388	113/386	-2.10169	-0.704105	0.713119
SRX5848178	TFs and others	CTCF	Blood	K-562	28897	81/388	113/386	-2.10169	-0.704105	0.713119
SRX667984	TFs and others	FOXA1	Prostate	VCaP	68933	73/388	104/386	-2.10053	-0.704063	0.698305
SRX5824594	TFs and others	BRD2	Breast	SUM 159PT	12347	255/388	217/386	-2.10004	-0.704063	1.16906
SRX4001919	TFs and others	CTCF	Blood	THP-1	36922	115/388	150/386	-2.09814	-0.702965	0.762715
SRX8617003	TFs and others	TET2	Breast	MCF-7	11316	21/388	41/386	-2.09439	-0.700645	0.509555
SRX199863	TFs and others	CTCF	Lung	AG04450	29842	91/388	124/386	-2.09422	-0.700645	0.730088
SRX150464	TFs and others	SMC3	Uterus	HeLa	40668	135/388	171/386	-2.0921	-0.699322	0.785404
SRX476481	TFs and others	RAD21	Blood	THP-1	16109	39/388	64/386	-2.09086	-0.698878	0.606234
SRX5930125	TFs and others	KAT2A	Blood	Acute myeloid leukemia	1235	42/388	21/386	-2.08964	-0.698453	1.98969
SRX4958406	TFs and others	CTCF	Kidney	293	30503	74/388	105/386	-2.08706	-0.698017	0.701129
SRX3800712	TFs and others	CTCF	Breast	T-47D	30720	103/388	137/386	-2.08648	-0.698017	0.747949
SRX5522009	TFs and others	CTCF	Blood	HUDEP-2	32207	103/388	137/386	-2.08648	-0.698017	0.747949
SRX5824560	TFs and others	BRD2	Breast	SUM 149PT	14859	271/388	234/386	-2.08604	-0.698017	1.15215
SRX111775	TFs and others	CTCF	Blood	GM12870	26833	92/388	125/386	-2.08455	-0.697315	0.732206
SRX3110743	TFs and others	ESR1	Breast	MCF-7	56440	138/388	174/386	-2.08103	-0.695361	0.789015
SRX8570936	TFs and others	HAP1	Blood	KBM-7	41777	118/388	153/386	-2.08021	-0.695361	0.767266
SRX199854	TFs and others	CTCF	Lung	NHLF	25993	83/388	115/386	-2.07868	-0.695361	0.718019
SRX2166890	TFs and others	CTCF	Neural	Retina	19290	83/388	115/386	-2.07868	-0.695361	0.718019
SRX4001886	TFs and others	CTCF	Blood	THP-1	24968	83/388	115/386	-2.07868	-0.695361	0.718019
SRX2922225	TFs and others	ESR1	Breast	MCF-7	9220	16/388	34/386	-2.07317	-0.692234	0.468163
SRX968964	TFs and others	ESR1	Breast	MCF-7	7990	16/388	34/386	-2.07317	-0.692234	0.468163
SRX8080568	TFs and others	POU2F1	Breast	Mammary gland ductal carcinoma	18399	247/388	209/386	-2.07094	-0.692234	1.17573
SRX7701212	TFs and others	BRD4	Lung	NCI-H1963	7185	176/388	139/386	-2.07022	-0.692234	1.25966
SRX3856992	TFs and others	JUN	Breast	MDA-MB-231	36561	333/388	303/386	-2.06994	-0.692234	1.09334
SRX080399	TFs and others	CTCF	Cardiovascular	AoAF	15546	55/388	83/386	-2.06994	-0.692234	0.659235
SRX4313226	TFs and others	YY1	Muscle	RH-4	5472	107/388	75/386	-2.06822	-0.692234	1.41931
SRX103010	TFs and others	CTCF	Blood	K-562	52961	142/388	178/386	-2.06778	-0.692234	0.793641
DRX013180	TFs and others	CTCF	Digestive tract	DLD-1	28057	84/388	116/386	-2.06758	-0.692234	0.720405
SRX190217	TFs and others	RAD21	Lung	A549	36915	84/388	116/386	-2.06758	-0.692234	0.720405
SRX6175639	TFs and others	SMC1A	Bone	TC-71	29956	68/388	98/386	-2.06706	-0.692234	0.690301
SRX5289961	TFs and others	NR3C1	Lung	BEAS-2B	28926	282/388	246/386	-2.06385	-0.690221	1.14043
SRX3437421	TFs and others	CTCF	Uterus	HeLa	41187	121/388	156/386	-2.06352	-0.690221	0.771643
SRX9095263	TFs and others	RAD21	Pluripotent stem cell	hESC H9	26029	50/388	77/386	-2.05843	-0.686684	0.646003
SRX356578	TFs and others	CTCF	Blood	GM18526	35876	122/388	157/386	-2.05822	-0.686684	0.773065
SRX9632850	TFs and others	CTCF	Uterus	HeLa	29286	85/388	117/386	-2.05673	-0.686684	0.722751
SRX4001920	TFs and others	CTCF	Blood	THP-1	35067	107/388	141/386	-2.05664	-0.686684	0.754954
SRX6175607	TFs and others	CTCF	Bone	A-673	49484	146/388	182/386	-2.05619	-0.686684	0.798063
SRX182682	TFs and others	BRCA1	Breast	MCF 10A	3960	108/388	76/386	-2.05542	-0.686668	1.41373
SRX8528443	TFs and others	RAD21	Uterus	HeLa	15067	32/388	55/386	-2.05428	-0.686282	0.578819
SRX8570926	TFs and others	HAP1	Blood	KBM-7	29896	77/388	108/386	-2.04857	-0.682054	0.709288
SRX186645	TFs and others	RBBP5	Blood	K-562	12117	239/388	201/386	-2.04855	-0.682054	1.18293
SRX7058946	TFs and others	CTCF	Neural	Glioblastoma	26707	86/388	118/386	-2.04613	-0.680384	0.725057
SRX6913055	TFs and others	BRD2	Blood	THP-1	10062	236/388	198/386	-2.04178	-0.676782	1.18578
SRX3408800	TFs and others	CTCF	Blood	CD34 Hematopoietic stem cells	19505	63/388	92/386	-2.03832	-0.675529	0.681253
SRX360568	TFs and others	CTCF	Digestive tract	GP5d	28443	63/388	92/386	-2.03832	-0.675529	0.681253
SRX3478026	TFs and others	CTCF	Uterus	HeLa	41104	126/388	161/386	-2.03829	-0.675529	0.778575
SRX6366607	TFs and others	Epitope tags	Uterus	Ishikawa	16620	310/388	277/386	-2.03635	-0.675074	1.11336
SRX8321655	TFs and others	CDYL2	Breast	MCF-7	6444	78/388	109/386	-2.03635	-0.675074	0.711908
SRX3110744	TFs and others	ESR1	Breast	MCF-7	55147	156/388	192/386	-2.03408	-0.67382	0.808312
SRX4001906	TFs and others	RAD21	Blood	THP-1	21945	46/388	72/386	-2.03203	-0.67382	0.635596
SRX159131	TFs and others	ZNF143	Blood	HPB-ALL	1837	67/388	41/386	-2.03167	-0.67382	1.62572
SRX9628170	TFs and others	NR3C1	Kidney	293	8093	12/388	28/386	-2.02854	-0.67382	0.426362
SRX4708117	TFs and others	YY1	Liver	Hep G2	6838	163/388	127/386	-2.02681	-0.67382	1.27685
SRX199894	TFs and others	CTCF	Kidney	RPTEC	37208	88/388	120/386	-2.02565	-0.67382	0.729553
SRX6175598	TFs and others	CTCF	Bone	A-673	54533	162/388	198/386	-2.02531	-0.67382	0.813964
SRX5441328	TFs and others	PCF11	Uterus	HeLa	1487	5/388	17/386	-2.02488	-0.67382	0.292602
SRX7202535	TFs and others	RAD21	Uterus	HEC-1-B	4624	5/388	17/386	-2.02488	-0.67382	0.292602
SRX2911576	TFs and others	PHOX2B	Neural	CLB-Ga	18093	10/388	25/386	-2.02444	-0.67382	0.397938
SRX351402	TFs and others	ZBTB17	Bone	U2OS	3859	10/388	25/386	-2.02444	-0.67382	0.397938
SRX9628166	TFs and others	NR3C1	Kidney	293	6205	10/388	25/386	-2.02444	-0.67382	0.397938
SRX8570949	TFs and others	HAP1	Blood	KBM-7	35371	79/388	110/386	-2.02443	-0.67382	0.71448
SRX8699643	TFs and others	INTS3	Digestive tract	DLD-1	1677	52/388	29/386	-2.02414	-0.67382	1.78386
SRX9221932	TFs and others	ESR1	Liver	Hepatocytes	1250	29/388	12/386	-2.02412	-0.67382	2.40421
SRX3345954	TFs and others	INTS13	Blood	HL-60	12535	223/388	185/386	-2.02214	-0.672563	1.19919
SRX5821023	TFs and others	CTCF	Blood	CD34 Hematopoietic stem cells	29158	130/388	165/386	-2.02029	-0.671433	0.783818
SRX236115	TFs and others	TCF3	Blood	Kasumi-1	35196	173/388	209/386	-2.01759	-0.670509	0.823484
SRX190226	TFs and others	TAF1	Neural	PFSK-1	9862	213/388	175/386	-2.01733	-0.670509	1.21087
SRX7626341	TFs and others	CTCF	Others	Mesenchymal Stromal Cells	10752	52/388	79/386	-2.01721	-0.670509	0.654835
SRX8570924	TFs and others	HAP1	Blood	KBM-7	34901	89/388	121/386	-2.01576	-0.669967	0.731746
SRX2770858	TFs and others	SMC1A	Blood	Macrophages	34530	80/388	111/386	-2.01278	-0.669967	0.717006
SRX3110780	TFs and others	Epitope tags	Uterus	HeLa	36200	80/388	111/386	-2.01278	-0.669967	0.717006
SRX5738751	TFs and others	Crotonyllysine	Pluripotent stem cell	ES cells	17499	256/388	219/386	-2.01198	-0.669967	1.16292
SRX6049861	TFs and others	Epitope tags	Unclassified	Unclassified	4136	17/388	35/386	-2.01162	-0.669967	0.483211
SRX8089632	TFs and others	FOXA1	Prostate	VCaP	25285	42/388	67/386	-2.01099	-0.669967	0.623634
SRX8582170	TFs and others	SMC3	Digestive tract	HCT 116	18764	42/388	67/386	-2.01099	-0.669967	0.623634
SRX100491	TFs and others	YY1	Blood	K-562	13762	207/388	170/386	-2.01043	-0.669967	1.21137
SRX1880280	TFs and others	CDK7	Blood	Jurkat	3769	87/388	58/386	-2.0097	-0.669967	1.49227
SRX103002	TFs and others	CTCF	Neural	Glioblastoma	56188	179/388	214/386	-2.00956	-0.669967	0.832137
SRX5848171	TFs and others	CTCF	Blood	K-562	26245	65/388	94/386	-2.00706	-0.668171	0.687925
SRX3124407	TFs and others	CTCF	Neural	KELLY	36302	115/388	149/386	-2.0045	-0.666314	0.767834
SRX4611721	TFs and others	ESR1	Breast	MCF-7	43095	116/388	150/386	-1.99863	-0.663064	0.769347
SRX8089635	TFs and others	FOXA1	Prostate	VCaP	15767	23/388	43/386	-1.99858	-0.663064	0.532127
SRX9498732	TFs and others	TBP	Blood	K-562	6943	150/388	115/386	-1.99813	-0.663064	1.29762
SRX080391	TFs and others	CTCF	Others	AG09319	37217	136/388	171/386	-1.99669	-0.663064	0.791222
ERX1149049	TFs and others	CTCF	Blood	HEL 92.1.7	26689	91/388	123/386	-1.99664	-0.663064	0.736024
ERX1149094	TFs and others	CTCF	Blood	HEL 92.1.7	26739	91/388	123/386	-1.99664	-0.663064	0.736024
SRX2548286	TFs and others	BATF3	Blood	ST1	35452	38/388	62/386	-1.99636	-0.663064	0.609744
SRX1091824	TFs and others	CTCF	Breast	MCF-7	46178	117/388	151/386	-1.9929	-0.660301	0.77084
SRX038645	TFs and others	CTCF	Epidermis	NHEK	27005	66/388	95/386	-1.99206	-0.660177	0.691156
SRX019519	TFs and others	CTCF	Adipocyte	Adipose stromal cell	31903	103/388	136/386	-1.99139	-0.660177	0.753449
SRX4374908	TFs and others	CTCF	Breast	MB 157	25941	92/388	124/386	-1.9874	-0.657741	0.738111
SRX3437419	TFs and others	CTCF	Uterus	HeLa	39023	118/388	152/386	-1.9873	-0.657741	0.772314
SRX3288586	TFs and others	CTCF	Pluripotent stem cell	hESC H9	55332	139/388	174/386	-1.98633	-0.657741	0.794733
SRX190250	TFs and others	YY1	Lung	A549	9752	173/388	137/386	-1.9862	-0.657741	1.25626
ERX1149097	TFs and others	CTCF	Unclassified	Unclassified	31195	104/388	137/386	-1.984	-0.656914	0.755211
SRX3437418	TFs and others	CTCF	Uterus	HeLa	34963	104/388	137/386	-1.984	-0.656914	0.755211
SRX4611703	TFs and others	ESR1	Breast	MCF-7	50754	140/388	175/386	-1.98308	-0.656679	0.795876
SRX036635	TFs and others	ESR1	Bone	U2OS	29489	60/388	88/386	-1.98075	-0.655716	0.678304
SRX6777951	TFs and others	RAD21	Blood	HAP1	21724	60/388	88/386	-1.98075	-0.655716	0.678304
SRX080403	TFs and others	CTCF	Blood	GM12865	20686	83/388	114/386	-1.97946	-0.655107	0.724317
SRX1165110	TFs and others	Epitope tags	Breast	MCF-7	35753	67/388	96/386	-1.97745	-0.654463	0.694319
ERX1149052	TFs and others	CTCF	Unclassified	Unclassified	31306	105/388	138/386	-1.97678	-0.654463	0.756948
ERX2868715	TFs and others	CTCF	Blood	K-562	36473	120/388	154/386	-1.9765	-0.654463	0.775204
SRX204903	TFs and others	BRD4	Blood	MM.1S	17953	176/388	140/386	-1.9761	-0.654463	1.25066
SRX190276	TFs and others	CTCF	Blood	K-562	38039	121/388	155/386	-1.97129	-0.652837	0.776621
SRX018626	TFs and others	HNF4A	Liver	Hep G2	1618	4/388	15/386	-1.97091	-0.652837	0.265292
SRX101134	TFs and others	AR	Prostate	VCaP	9149	4/388	15/386	-1.97091	-0.652837	0.265292
SRX667987	TFs and others	FOXA1	Prostate	VCaP	80739	84/388	115/386	-1.96887	-0.652837	0.72667
SRX8272938	TFs and others	BRD4	Blood	BLaER1	605	16/388	4/386	-1.96683	-0.652837	3.97938
SRX4611701	TFs and others	ESR1	Breast	MCF-7	42208	122/388	156/386	-1.9662	-0.652837	0.77802
ERX1149122	TFs and others	CTCF	Blood	KU812	17444	61/388	89/386	-1.9644	-0.652837	0.68186
SRX4377127	TFs and others	CTCF	Pluripotent stem cell	hESC derived cardiac cells	20733	61/388	89/386	-1.9644	-0.652837	0.68186
SRX4417524	TFs and others	BRD4	Pluripotent stem cell	hESC derived neural cells	4453	116/388	84/386	-1.96333	-0.652837	1.37383
ERX664198	TFs and others	CTCF	Blood	B cells	25284	68/388	97/386	-1.96321	-0.652837	0.697417
SRX1165108	TFs and others	Epitope tags	Breast	MCF-7	38500	68/388	97/386	-1.96321	-0.652837	0.697417
SRX3722705	TFs and others	ESR1	Breast	Breast cancer cells	22697	68/388	97/386	-1.96321	-0.652837	0.697417
SRX5848167	TFs and others	CTCF	Blood	K-562	24935	68/388	97/386	-1.96321	-0.652837	0.697417
SRX8089637	TFs and others	FOXA1	Prostate	VCaP	30080	44/388	69/386	-1.9625	-0.652837	0.634394
SRX7701201	TFs and others	ASXL3	Lung	NCI-H1963	788	7/388	20/386	-1.96131	-0.652837	0.348196
SRX5824566	TFs and others	BRD2	Breast	SUM 149PT	14559	265/388	229/386	-1.96124	-0.652837	1.15124
SRX188963	TFs and others	CTCF	Kidney	Kidney	28648	95/388	127/386	-1.9609	-0.652837	0.744176
SRX4958407	TFs and others	CTCF	Kidney	293	27257	76/388	106/386	-1.96019	-0.652837	0.713285
SRX4001875	TFs and others	RAD21	Blood	THP-1	13575	31/388	53/386	-1.95884	-0.652837	0.581891
ERX1149053	TFs and others	CTCF	Unclassified	Unclassified	24658	85/388	116/386	-1.95852	-0.652837	0.728982
SRX5195153	TFs and others	VDR	Prostate	PrEC	1395	21/388	7/386	-1.95716	-0.652837	2.98454
SRX100402	TFs and others	NR3C1	Lung	A549	1528	1/388	9/386	-1.95573	-0.652837	0.110538
SRX2343936	TFs and others	EP300	Cardiovascular	Large pulmonary artery endothelial cells	1176	1/388	9/386	-1.95573	-0.652837	0.110538
SRX3703148	TFs and others	MEF2B	Blood	DLBCL	1269	1/388	9/386	-1.95573	-0.652837	0.110538
SRX4783096	TFs and others	AR	Prostate	Prostate cancer cells	5085	1/388	9/386	-1.95573	-0.652837	0.110538
SRX8406325	TFs and others	HOXB13	Prostate	Prostatic Neoplasms, Castration-Resistant	6346	1/388	9/386	-1.95573	-0.652837	0.110538
SRX8406455	TFs and others	AR	Prostate	Prostatic Neoplasms, Castration-Resistant	7037	1/388	9/386	-1.95573	-0.652837	0.110538
SRX8432584	TFs and others	TBP	Pluripotent stem cell	iPS cells	986	1/388	9/386	-1.95573	-0.652837	0.110538
SRX4211810	TFs and others	PAX5	Blood	NALM-6	17220	158/388	123/386	-1.95482	-0.652837	1.27793
SRX099183	TFs and others	AR	Prostate	VCS2	14812	18/388	36/386	-1.95464	-0.652837	0.497423
SRX3285556	TFs and others	ESR1	Breast	C70R	7265	13/388	29/386	-1.95268	-0.652165	0.445965
SRX701999	TFs and others	GATA6	Pluripotent stem cell	hESC derived mesendodermal cells	4015	10/388	1/386	-1.95186	-0.652165	9.94845
SRX356501	TFs and others	CTCF	Blood	GM12891	44832	152/388	187/386	-1.95173	-0.652165	0.808644
SRX8090642	TFs and others	BRD2	Others	Synoviocytes	8311	185/388	149/386	-1.95113	-0.652165	1.23521
SRX1091813	TFs and others	CTCF	Blood	K-562	45824	153/388	188/386	-1.94972	-0.652165	0.809635
SRX2314264	TFs and others	SUPT5H	Blood	MOLT-4	15448	279/388	244/386	-1.94947	-0.652165	1.13755
ERX2868710	TFs and others	CTCF	Lung	A549	36314	109/388	142/386	-1.94947	-0.652165	0.763649
SRX6913099	TFs and others	BRD4	Blood	CD4+ T cells	11082	187/388	151/386	-1.94661	-0.650442	1.23203
SRX2770860	TFs and others	SMC1A	Blood	Macrophages	20664	50/388	76/386	-1.94583	-0.650442	0.654504
SRX7890966	TFs and others	SMC1A	Neural	hTERT RPE-1	19645	50/388	76/386	-1.94583	-0.650442	0.654504
SRX9345718	TFs and others	CTCF	Blood	Erythroid Cells	30924	127/388	161/386	-1.94257	-0.649079	0.784754
SRX4377531	TFs and others	BRD2	Breast	MDA-MB-231	9503	191/388	155/386	-1.93867	-0.649079	1.22591
SRX5848177	TFs and others	CTCF	Blood	K-562	31682	87/388	118/386	-1.93852	-0.649079	0.733488
SRX5514032	TFs and others	CDK8	Uterus	Uterin leiomyoma	4769	130/388	97/386	-1.93847	-0.649079	1.3333
SRX471851	TFs and others	AR	Prostate	VCaP	12376	9/388	23/386	-1.93766	-0.649079	0.389287
SRX481467	TFs and others	EP300	Prostate	C4-2	5300	11/388	26/386	-1.93755	-0.649079	0.420896
SRX8089636	TFs and others	FOXA1	Prostate	VCaP	7732	11/388	26/386	-1.93755	-0.649079	0.420896
SRX5927381	TFs and others	CTCF	Uterus	Fallopian Tubes	36205	111/388	144/386	-1.93672	-0.649079	0.76686
SRX2570609	TFs and others	CTCF	Blood	HAP1	28723	78/388	108/386	-1.93663	-0.649079	0.718499
SRX497611	TFs and others	FOXA1	Prostate	VCaP	57190	78/388	108/386	-1.93663	-0.649079	0.718499
SRX4792905	TFs and others	CTCF	Breast	T-47D	26134	163/388	198/386	-1.93452	-0.649079	0.818989
SRX3124394	TFs and others	CTCF	Neural	KELLY	40740	129/388	163/386	-1.93393	-0.649079	0.787332
SRX176858	TFs and others	ESR1	Breast	MCF-7	16018	28/388	49/386	-1.93312	-0.649079	0.568483
SRX2683601	TFs and others	Epitope tags	Kidney	293	1829	28/388	49/386	-1.93312	-0.649079	0.568483
SRX2194290	TFs and others	BRD4	Breast	SUM 229PE	10825	119/388	87/386	-1.93302	-0.649079	1.36077
SRX3591438	TFs and others	BRD4	Blood	B-CLL cells	11462	223/388	186/386	-1.93252	-0.649079	1.19274
SRX102988	TFs and others	CTCF	Lung	A549	49471	193/388	227/386	-1.93213	-0.649079	0.845838
SRX1212233	TFs and others	CREB1	Prostate	LNCAP	6425	163/388	128/386	-1.93173	-0.649079	1.26687
SRX190272	TFs and others	SIN3A	Neural	SK-N-SH	9314	163/388	128/386	-1.93173	-0.649079	1.26687
SRX6175621	TFs and others	RAD21	Bone	A-673	19375	36/388	59/386	-1.93043	-0.649079	0.607024
SRX9135102	TFs and others	AR	Prostate	VCaP	33418	36/388	59/386	-1.93043	-0.649079	0.607024
SRX080388	TFs and others	CTCF	Blood	GM12865	28220	99/388	131/386	-1.92823	-0.649079	0.75183
SRX3852895	TFs and others	NELFA	Blood	K-562	7839	198/388	162/386	-1.92814	-0.649079	1.21592
SRX7902939	TFs and others	BRD4	Breast	SUM 159PT	12817	216/388	179/386	-1.92814	-0.649079	1.20048
SRX3098188	TFs and others	MECOM	Blood	SKH1	3017	14/388	3/386	-1.92785	-0.649079	4.64261
SRX6828393	TFs and others	CTCF	Blood	K-562	57181	176/388	211/386	-1.92748	-0.649079	0.829824
SRX3857003	TFs and others	CDKN1B	Breast	MDA-MB-231	34166	337/388	309/386	-1.92599	-0.649079	1.08499
SRX7202555	TFs and others	CTCF	Uterus	HEC-1-B	20632	51/388	77/386	-1.92599	-0.649079	0.658924
SRX3230383	TFs and others	FOXK1	Liver	Hep G2	18211	201/388	165/386	-1.92491	-0.649079	1.2119
SRX3110732	TFs and others	ESR1	Breast	MCF-7	38007	100/388	132/386	-1.92051	-0.649079	0.753671
SRX3110742	TFs and others	ESR1	Breast	MCF-7	38958	100/388	132/386	-1.92051	-0.649079	0.753671
SRX9419933	TFs and others	MED1	Breast	SK-BR-3	23347	208/388	172/386	-1.92029	-0.649079	1.20307
SRX10306510	TFs and others	AR	Prostate	LNCAP	7188	2/388	11/386	-1.91828	-0.649079	0.180881
SRX10365540	TFs and others	RAC1	Breast	MCF-7	3735	2/388	11/386	-1.91828	-0.649079	0.180881
SRX1885175	TFs and others	AR	Prostate	LNCAP	7866	2/388	11/386	-1.91828	-0.649079	0.180881
SRX1916933	TFs and others	DNMT3A	Epidermis	Epidermal stem cells	771	2/388	11/386	-1.91828	-0.649079	0.180881
SRX2343935	TFs and others	EP300	Cardiovascular	Large pulmonary artery endothelial cells	2268	2/388	11/386	-1.91828	-0.649079	0.180881
SRX2343937	TFs and others	EP300	Cardiovascular	Large pulmonary artery endothelial cells	1996	2/388	11/386	-1.91828	-0.649079	0.180881
SRX334260	TFs and others	AR	Unclassified	Unclassified	5958	2/388	11/386	-1.91828	-0.649079	0.180881
SRX7054993	TFs and others	ERG	Cardiovascular	HAEC	1074	2/388	11/386	-1.91828	-0.649079	0.180881
SRX8030715	TFs and others	SUZ12	Neural	G477	645	2/388	11/386	-1.91828	-0.649079	0.180881
SRX3815842	TFs and others	RAD21	Uterus	HeLa	26417	64/388	92/386	-1.91799	-0.649079	0.692066
SRX10158162	TFs and others	BRD4	Blood	KBM-7	5363	101/388	71/386	-1.91752	-0.649079	1.4152
SRX026530	TFs and others	ESR1	Breast	MCF-7	6325	16/388	33/386	-1.91612	-0.649079	0.482349
SRX3080213	TFs and others	ESR1	Breast	MCF-7	11626	16/388	33/386	-1.91612	-0.649079	0.482349
SRX3589920	TFs and others	STAG2	Breast	MCF 10A	4166	16/388	33/386	-1.91612	-0.649079	0.482349
DRX156347	TFs and others	MGMT	Neural	U-87 MG	602	12/388	2/386	-1.91441	-0.648914	5.96907
SRX9683852	TFs and others	NR3C1	Adipocyte	Adipocytes	4687	12/388	2/386	-1.91441	-0.648914	5.96907
SRX019498	TFs and others	CTCF	Adipocyte	Adipose stromal cell	31271	80/388	110/386	-1.91417	-0.648914	0.723524
SRX757045	TFs and others	KDM1A	Neural	SH-SY5Y	1195	34/388	16/386	-1.9119	-0.647426	2.11405
SRX7202547	TFs and others	CTCF	Uterus	HEC-1-B	20672	58/388	85/386	-1.90778	-0.647426	0.678836
SRX7396391	TFs and others	CTCF	Blood	BLaER1	29097	116/388	149/386	-1.90727	-0.647426	0.77451
SRX3110734	TFs and others	ESR1	Breast	MCF-7	48869	136/388	170/386	-1.90708	-0.647426	0.795876
SRX4611724	TFs and others	ESR1	Breast	MCF-7	46221	136/388	170/386	-1.90708	-0.647426	0.795876
ERX200512	TFs and others	CTCF	Blood	B cells	20301	52/388	78/386	-1.90678	-0.647426	0.66323
SRX199889	TFs and others	CTCF	Neural	HAc	17686	52/388	78/386	-1.90678	-0.647426	0.66323
SRX5848173	TFs and others	CTCF	Blood	K-562	18893	52/388	78/386	-1.90678	-0.647426	0.66323
SRX7890964	TFs and others	SMC1A	Neural	hTERT RPE-1	20179	52/388	78/386	-1.90678	-0.647426	0.66323
SRX9550868	TFs and others	FOXA1	Prostate	Prostate cancer	31162	52/388	78/386	-1.90678	-0.647426	0.66323
SRX701963	TFs and others	CTCF	Pluripotent stem cell	hESC HUES64	27318	81/388	111/386	-1.90334	-0.646447	0.725968
SRX5974578	TFs and others	GATA1	Blood	K-562	8372	22/388	41/386	-1.90232	-0.646447	0.533819
SRX8380645	TFs and others	ESR1	Bone	U2OS	10592	22/388	41/386	-1.90232	-0.646447	0.533819
SRX8406308	TFs and others	HOXB13	Prostate	Prostate	17943	22/388	41/386	-1.90232	-0.646447	0.533819
SRX4611710	TFs and others	ESR1	Breast	MCF-7	38812	117/388	150/386	-1.90178	-0.646447	0.775979
SRX2559011	TFs and others	RAD21	Cardiovascular	HUVEC	14884	19/388	37/386	-1.90172	-0.646447	0.510867
SRX7202548	TFs and others	RAD21	Uterus	HEC-1-B	10323	19/388	37/386	-1.90172	-0.646447	0.510867
SRX4377126	TFs and others	CTCF	Pluripotent stem cell	hESC derived mesendodermal cells	22145	73/388	102/386	-1.89729	-0.642596	0.711997
SRX100464	TFs and others	CTCF	Pluripotent stem cell	hESC H1	47015	118/388	151/386	-1.89642	-0.642306	0.777429
SRX150369	TFs and others	SIN3A	Pluripotent stem cell	hESC H1	16780	248/388	212/386	-1.89398	-0.640866	1.16378
SRX5719584	TFs and others	CTCF	Blood	CUTLL1	22723	82/388	112/386	-1.89276	-0.640866	0.728369
SRX7498498	TFs and others	CTCF	Uterus	SiHa	28499	59/388	86/386	-1.89136	-0.640866	0.68251
SRX150703	TFs and others	RAD21	Lung	IMR-90	35345	104/388	136/386	-1.8913	-0.640866	0.760764
SRX080340	TFs and others	CTCF	Epidermis	BJ	34797	119/388	152/386	-1.89118	-0.640866	0.778859
SRX4611735	TFs and others	ESR1	Breast	MCF-7	45157	119/388	152/386	-1.89118	-0.640866	0.778859
SRX6927196	TFs and others	THAP11	Kidney	293	2978	56/388	33/386	-1.89073	-0.640866	1.68822
SRX359899	TFs and others	JUN	Digestive tract	LoVo	9276	152/388	118/386	-1.89037	-0.640866	1.2815
SRX129085	TFs and others	MAX	Neural	U-87 MG	47421	322/388	292/386	-1.88909	-0.640158	1.09706
SRX1733648	TFs and others	ATF2	Blood	Macrophages	3840	87/388	59/386	-1.88652	-0.638732	1.46698
SRX3751768	TFs and others	BRD2	Adipocyte	LPS141	4148	87/388	59/386	-1.88652	-0.638732	1.46698
SRX10881805	TFs and others	PBRM1	Others	BT-16	5206	137/388	104/386	-1.8856	-0.638429	1.31052
SRX8570931	TFs and others	HAP1	Blood	KBM-7	32571	74/388	103/386	-1.88508	-0.638429	0.714743
SRX6413749	TFs and others	ESR1	Breast	MCF-7	8653	14/388	30/386	-1.88376	-0.63768	0.464261
SRX4284003	TFs and others	CTCF	Blood	B cells	37850	121/388	154/386	-1.88107	-0.635558	0.781664
SRX5824584	TFs and others	BRD2	Breast	SUM 159PT	6847	154/388	120/386	-1.88001	-0.635063	1.27672
SRX1514276	TFs and others	FLI1	Blood	Kasumi-1	14182	178/388	143/386	-1.8785	-0.634121	1.23834
SRX5738752	TFs and others	Crotonyllysine	Pluripotent stem cell	ES cells	23186	294/388	261/386	-1.87531	-0.632062	1.12063
ERX2868717	TFs and others	CTCF	Blood	MEG-01	32349	94/388	125/386	-1.87531	-0.632062	0.748124
ERX200514	TFs and others	CTCF	Blood	B cells	26548	84/388	114/386	-1.87233	-0.629645	0.733044
SRX212197	TFs and others	CTCF	Lung	Lung fibroblasts	27655	107/388	139/386	-1.87105	-0.629116	0.765816
SRX6068072	TFs and others	PGR	Uterus	Endometrium	4414	96/388	67/386	-1.87029	-0.629116	1.42545
SRX1744960	TFs and others	CTCF	Blood	THP-1	14620	54/388	80/386	-1.87011	-0.629116	0.671521
SRX6578938	TFs and others	CTCF	Blood	Jurkat	28669	95/388	126/386	-1.86707	-0.626638	0.750082
SRX6854831	TFs and others	Epitope tags	Epidermis	501A	30894	68/388	43/386	-1.86594	-0.626406	1.57324
SRX3554403	TFs and others	ESR1	Breast	MDA-MB-134-VI	17620	34/388	56/386	-1.86543	-0.626406	0.604013
SRX3124408	TFs and others	CTCF	Neural	KELLY	34980	108/388	140/386	-1.8646	-0.626406	0.767452
SRX4958395	TFs and others	CTCF	Kidney	293	36436	108/388	140/386	-1.8646	-0.626406	0.767452
SRX6175604	TFs and others	SMC1A	Bone	A-673	15562	30/388	51/386	-1.86402	-0.626382	0.585203
SRX103007	TFs and others	CTCF	Breast	MCF-7	75348	203/388	236/386	-1.86104	-0.625642	0.855736
ERX664197	TFs and others	CTCF	Blood	B cells	22084	61/388	88/386	-1.8599	-0.625642	0.689609
SRX100574	TFs and others	JUND	Pluripotent stem cell	hESC H1	7626	61/388	88/386	-1.8599	-0.625642	0.689609
SRX7202550	TFs and others	CTCF	Uterus	HEC-1-B	25206	61/388	88/386	-1.8599	-0.625642	0.689609
SRX8336465	TFs and others	GATA6	Pluripotent stem cell	hESC derived pancreatic cells	5165	12/388	27/386	-1.85968	-0.625642	0.442153
SRX1758496	TFs and others	NELFE	Breast	MCF-7	5559	141/388	108/386	-1.85891	-0.625642	1.29883
SRX9419922	TFs and others	BRD4	Breast	SK-BR-3	30601	279/388	245/386	-1.85829	-0.625642	1.13291
ERX200495	TFs and others	CTCF	Blood	B cells	31217	109/388	141/386	-1.85829	-0.625642	0.769065
SRX188968	TFs and others	CTCF	Blood	GM10248	28592	109/388	141/386	-1.85829	-0.625642	0.769065
SRX244180	TFs and others	CDK9	Blood	MM.1S	14372	232/388	196/386	-1.85643	-0.624672	1.17757
SRX8380464	TFs and others	BRD4	Uterus	HeLa	35757	339/388	312/386	-1.85521	-0.624672	1.08094
SRX4451212	TFs and others	ESR1	Breast	MCF-7	35772	49/388	74/386	-1.85521	-0.624672	0.658749
SRX6935383	TFs and others	MYC	Neural	SK-N-SH	3288	89/388	61/386	-1.85512	-0.624672	1.4515
ERX1149113	TFs and others	CTCF	Unclassified	Unclassified	24560	86/388	116/386	-1.85284	-0.624404	0.737558
SRX188962	TFs and others	CTCF	Blood	GM13976	21727	86/388	116/386	-1.85284	-0.624404	0.737558
SRX018625	TFs and others	HNF4A	Liver	Hep G2	2642	8/388	21/386	-1.85244	-0.624404	0.378989
SRX9550859	TFs and others	FOXA1	Prostate	Prostate cancer	34888	278/388	244/386	-1.85212	-0.624404	1.13347
SRX4484978	TFs and others	CTCF	Blood	SEM	30253	110/388	142/386	-1.85212	-0.624404	0.770655
SRX3675842	TFs and others	RAD21	Uterus	HeLa	24391	77/388	106/386	-1.8502	-0.623622	0.722671
SRX067475	TFs and others	CTCF	Breast	HMEC	29159	69/388	97/386	-1.84852	-0.623622	0.707674
SRX6175648	TFs and others	SMC1A	Bone	TC-71	28350	69/388	97/386	-1.84852	-0.623622	0.707674
SRX3636817	TFs and others	CTCF	Blood	ALL xenograft	42103	196/388	229/386	-1.84784	-0.623622	0.851483
SRX2683595	TFs and others	Epitope tags	Kidney	293	1050	10/388	24/386	-1.8473	-0.623622	0.414519
SRX6748251	TFs and others	AR	Prostate	Prostate cancer	11358	10/388	24/386	-1.8473	-0.623622	0.414519
SRX092573	TFs and others	ZNF143	Uterus	HeLa	1936	63/388	39/386	-1.84601	-0.623622	1.60706
SRX3927292	TFs and others	CTCF	Blood	EOL-1	62730	194/388	227/386	-1.84482	-0.623622	0.85022
SRX8841627	TFs and others	RAD21	Blood	Lymphoblasts	17999	62/388	89/386	-1.84482	-0.623622	0.693038
SRX4941323	TFs and others	XBP1	Prostate	LNCAP	6339	98/388	69/386	-1.84364	-0.623622	1.41297
ERX200503	TFs and others	CTCF	Blood	B cells	29739	98/388	129/386	-1.84343	-0.623622	0.755774
SRX080359	TFs and others	CTCF	Neural	HA-sp	32616	98/388	129/386	-1.84343	-0.623622	0.755774
SRX3161004	TFs and others	ZBTB7A	Blood	K-562	14807	168/388	202/386	-1.84256	-0.623622	0.827396
SRX100501	TFs and others	CTCF	Lung	A549	28348	78/388	107/386	-1.83913	-0.623622	0.725214
SRX7030924	TFs and others	KDM4C	Breast	MCF-7	1916	27/388	47/386	-1.8379	-0.623622	0.571507
SRX5848175	TFs and others	CTCF	Blood	K-562	24553	70/388	98/386	-1.83568	-0.623622	0.710604
SRX7897898	TFs and others	CTCF	Breast	MDA-MB-231	27451	70/388	98/386	-1.83568	-0.623622	0.710604
SRX8588601	TFs and others	CTCF	Gonad	KURAMOCHI	21890	70/388	98/386	-1.83568	-0.623622	0.710604
SRX6175603	TFs and others	RAD21	Bone	A-673	28025	56/388	82/386	-1.83563	-0.623622	0.679407
SRX100487	TFs and others	ETS1	Blood	K-562	7713	164/388	130/386	-1.83512	-0.623622	1.25504
SRX4611737	TFs and others	ESR1	Breast	MCF-7	47487	132/388	165/386	-1.83359	-0.623622	0.795876
SRX1514936	TFs and others	GFP	Kidney	293	18138	182/388	215/386	-1.8335	-0.623622	0.842148
SRX199868	TFs and others	CTCF	Lung	A549	11998	31/388	52/386	-1.83195	-0.623622	0.593081
SRX2436037	TFs and others	OTX2	Neural	D341 Med	24103	31/388	52/386	-1.83195	-0.623622	0.593081
SRX9719167	TFs and others	ESR1	Breast	MCF-7	13606	31/388	52/386	-1.83195	-0.623622	0.593081
SRX8673357	TFs and others	EGR1	Blood	Kasumi-1	6763	165/388	131/386	-1.83123	-0.623622	1.25305
SRX1995230	TFs and others	ESR1	Breast	MCF-7	34993	63/388	90/386	-1.83015	-0.623622	0.696392
SRX150516	TFs and others	MXI1	Liver	Hep G2	18240	255/388	220/386	-1.82991	-0.623622	1.15312
SRX5501656	TFs and others	DDX21	Epidermis	A-375	6818	166/388	132/386	-1.82743	-0.623622	1.25109
SRX1161188	TFs and others	FOXA1	Breast	ZR-75-1	35059	40/388	63/386	-1.8258	-0.623622	0.631648
SRX8570927	TFs and others	HAP1	Blood	KBM-7	21344	40/388	63/386	-1.8258	-0.623622	0.631648
SRX3437420	TFs and others	CTCF	Uterus	HeLa	38435	115/388	147/386	-1.82331	-0.623622	0.77828
SRX3110730	TFs and others	ESR1	Breast	MCF-7	44464	135/388	168/386	-1.82285	-0.623622	0.799429
SRX6913079	TFs and others	BRD3	Blood	K-562	3134	64/388	40/386	-1.82145	-0.623622	1.59175
ERX1149102	TFs and others	CTCF	Blood	K-562	741	0/388	6/386	-1.82144	-0.623622	0
SRX016556	TFs and others	BDP1	Lung	IMR-90	483	0/388	6/386	-1.82144	-0.623622	0
SRX017326	TFs and others	ZNF711	Neural	SH-SY5Y	189	0/388	6/386	-1.82144	-0.623622	0
SRX1012691	TFs and others	PGR	Breast	MCF-7	576	0/388	6/386	-1.82144	-0.623622	0
SRX1012695	TFs and others	PGR	Breast	MCF-7	618	0/388	6/386	-1.82144	-0.623622	0
SRX114494	TFs and others	ARNTL	Kidney	786-O	857	0/388	6/386	-1.82144	-0.623622	0
SRX1460239	TFs and others	BRD4	Blood	LP-1	312	0/388	6/386	-1.82144	-0.623622	0
SRX1658069	TFs and others	BRD4	Lung	IMR-90	1099	0/388	6/386	-1.82144	-0.623622	0
SRX176055	TFs and others	AR	Prostate	LNCAP	2069	0/388	6/386	-1.82144	-0.623622	0
SRX220075	TFs and others	AR	Prostate	LNCAP	6264	0/388	6/386	-1.82144	-0.623622	0
SRX253227	TFs and others	SSRP1	Others	Fibrosarcoma	1653	0/388	6/386	-1.82144	-0.623622	0
SRX2747227	TFs and others	KAT2A	Neural	U-251 MG	1062	0/388	6/386	-1.82144	-0.623622	0
SRX4518425	TFs and others	BRD4	Prostate	LNCAP	883	0/388	6/386	-1.82144	-0.623622	0
SRX4643713	TFs and others	MAPK14	Blood	K-562	593	0/388	6/386	-1.82144	-0.623622	0
SRX4802346	TFs and others	HIF1A	Kidney	HKC8	759	0/388	6/386	-1.82144	-0.623622	0
SRX5493746	TFs and others	AR	Breast	Breast cancer cells	378	0/388	6/386	-1.82144	-0.623622	0
SRX5493754	TFs and others	AR	Breast	Breast cancer cells	252	0/388	6/386	-1.82144	-0.623622	0
SRX5577133	TFs and others	Epitope tags	Prostate	LNCAP	369	0/388	6/386	-1.82144	-0.623622	0
SRX625678	TFs and others	IKZF1	Blood	Pre-B ALL 	1654	0/388	6/386	-1.82144	-0.623622	0
SRX758011	TFs and others	AR	Prostate	LNCAP	3209	0/388	6/386	-1.82144	-0.623622	0
SRX8090643	TFs and others	BRD4	Others	Synoviocytes	1186	0/388	6/386	-1.82144	-0.623622	0
SRX8699800	TFs and others	TP53	Kidney	293	1252	0/388	6/386	-1.82144	-0.623622	0
SRX610813	TFs and others	DDX5	Pluripotent stem cell	NTERA-2	331268	287/388	254/386	-1.82133	-0.623622	1.1241
SRX2404135	TFs and others	RELA	Others	Detroit 562	9091	15/388	31/386	-1.82083	-0.623622	0.481377
SRX4001943	TFs and others	RAD21	Blood	THP-1	22500	57/388	83/386	-1.81915	-0.622449	0.683207
SRX9683838	TFs and others	NR3C1	Adipocyte	Adipocytes	2365	7/388	0/386	-1.818	-0.622244	inf
SRX188970	TFs and others	CTCF	Neural	Medullo	39237	116/388	148/386	-1.81793	-0.622244	0.779744
SRX150642	TFs and others	ZNF217	Breast	MCF-7	5163	5/388	16/386	-1.8157	-0.621127	0.310889
SRX6370176	TFs and others	JARID2	Pluripotent stem cell	NT2-D1	964	5/388	16/386	-1.8157	-0.621127	0.310889
SRX080427	TFs and others	CTCF	Blood	GM12875	30263	102/388	133/386	-1.81429	-0.621127	0.762964
SRX10382400	TFs and others	QSER1	Pluripotent stem cell	hESC H1	12384	102/388	133/386	-1.81429	-0.621127	0.762964
SRX8080572	TFs and others	CTCF	Breast	Mammary gland ductal carcinoma	23899	102/388	133/386	-1.81429	-0.621127	0.762964
SRX9029209	TFs and others	SPI1	Blood	Neutrophils	33200	170/388	136/386	-1.81326	-0.620944	1.24356
SRX4611722	TFs and others	ESR1	Breast	MCF-7	48612	138/388	171/386	-1.81298	-0.620944	0.802858
SRX849396	TFs and others	CDK8	Blood	SET-2	3418	77/388	51/386	-1.8126	-0.620944	1.50202
SRX515115	TFs and others	KDM6B	Blood	CUTLL1	4378	92/388	64/386	-1.81119	-0.620324	1.43009
SRX5848166	TFs and others	CTCF	Blood	K-562	27142	72/388	100/386	-1.81098	-0.620324	0.716289
SRX9469987	TFs and others	AR	Prostate	LAPC-4	45228	36/388	58/386	-1.80975	-0.620233	0.61749
SRX080373	TFs and others	CTCF	Cardiovascular	HBMEC	30474	91/388	121/386	-1.80785	-0.620233	0.748189
SRX6175625	TFs and others	CTCF	Bone	TC-71	40904	118/388	150/386	-1.80755	-0.620233	0.782612
SRX080400	TFs and others	CTCF	Kidney	HRE	28645	81/388	110/386	-1.80746	-0.620233	0.732568
SRX3447355	TFs and others	ESR1	Breast	MCF-7	35820	81/388	110/386	-1.80746	-0.620233	0.732568
SRX1637463	TFs and others	BRD4	Blood	MOLT-4	23029	285/388	252/386	-1.8074	-0.620233	1.12512
SRX4377538	TFs and others	BRD2	Breast	MDA-MB-231	16922	285/388	252/386	-1.8074	-0.620233	1.12512
SRX7396393	TFs and others	CTCF	Blood	BLaER1	34214	140/388	173/386	-1.80687	-0.6202	0.805077
SRX2323890	TFs and others	KMT2A	Kidney	293	1209	18/388	35/386	-1.80576	-0.620081	0.511635
SRX8617017	TFs and others	ESR1	Breast	MCF-7	8640	18/388	35/386	-1.80576	-0.620081	0.511635
SRX1287848	TFs and others	CDK8	Blood	MOLM-14	28670	247/388	212/386	-1.80396	-0.618774	1.15909
SRX3927332	TFs and others	ONECUT2	Digestive tract	MKN-74	3098	40/388	21/386	-1.80237	-0.617802	1.89494
SRX6366606	TFs and others	Epitope tags	Uterus	Ishikawa	18247	323/388	294/386	-1.802	-0.617802	1.09298
SRX6367597	TFs and others	NCOA1	Kidney	293	21567	32/388	53/386	-1.80138	-0.617673	0.600661
SRX080404	TFs and others	CTCF	Blood	GM12874	29206	92/388	122/386	-1.79945	-0.617078	0.750211
SRX3110735	TFs and others	ESR1	Breast	MCF-7	32529	92/388	122/386	-1.79945	-0.617078	0.750211
SRX1053365	TFs and others	CTCF	Pluripotent stem cell	ES cells	27346	73/388	101/386	-1.79909	-0.617078	0.719047
SRX644405	TFs and others	ETS1	Prostate	DU 145	3495	85/388	58/386	-1.79859	-0.617078	1.45796
SRX2778382	TFs and others	YY1	Blood	Lymphoblastoid cell line	2420	65/388	41/386	-1.79784	-0.617078	1.57719
SRX7061822	TFs and others	MED26	Blood	SEM	3051	65/388	41/386	-1.79784	-0.617078	1.57719
SRX4931234	TFs and others	KMT2D	Kidney	293	3264	93/388	65/386	-1.79734	-0.617068	1.42339
SRX080375	TFs and others	CTCF	Digestive tract	HEEpiC	34184	105/388	136/386	-1.79407	-0.614287	0.768079
SRX4374941	TFs and others	RBPJ	Breast	HCC1599	15498	267/388	233/386	-1.79286	-0.613565	1.14002
SRX059705	TFs and others	AR	Prostate	VCaP	16206	13/388	28/386	-1.78943	-0.611672	0.461892
SRX2585779	TFs and others	FOSL1	Breast	MDA-MB-231	14478	13/388	28/386	-1.78943	-0.611672	0.461892
SRX398095	TFs and others	CDK7	Blood	Jurkat	8839	178/388	144/386	-1.78942	-0.611672	1.22974
SRX356593	TFs and others	STAG1	Blood	GM18526	22021	66/388	93/386	-1.78849	-0.611672	0.706019
SRX2375366	TFs and others	CDK9	Blood	MV-4-11	27767	241/388	206/386	-1.78833	-0.611672	1.16387
SRX6614759	TFs and others	CTCF	Lung	IMR-90	16012	59/388	85/386	-1.78761	-0.611672	0.69054
SRX080143	TFs and others	CTCF	Liver	Hep G2	36008	83/388	112/386	-1.78757	-0.611672	0.737251
SRX4001764	TFs and others	RAD21	Blood	Macrophages	23276	47/388	71/386	-1.78517	-0.609755	0.65856
SRX11196939	TFs and others	TAF1	Kidney	293	9368	239/388	204/386	-1.78382	-0.609695	1.16553
SRX4611698	TFs and others	ESR1	Breast	MCF-7	44248	123/388	155/386	-1.78364	-0.609695	0.789458
SRX2900153	TFs and others	KMT2C	Breast	CAL-51	7218	113/388	83/386	-1.78264	-0.609695	1.35443
SRX100540	TFs and others	EP300	Neural	SK-N-SH	49529	155/388	122/386	-1.78246	-0.609695	1.26394
SRX080398	TFs and others	CTCF	Neural	HCPEpiC	44608	150/388	183/386	-1.78169	-0.609695	0.815447
ERX1149082	TFs and others	CTCF	Unclassified	Unclassified	31167	107/388	138/386	-1.78133	-0.609695	0.771366
SRX3020591	TFs and others	Epitope tags	Kidney	293	2515	72/388	47/386	-1.78083	-0.609695	1.52402
SRX5880863	TFs and others	CTCF	Digestive tract	HCT 116	45895	151/388	184/386	-1.77964	-0.609695	0.816422
SRX1469950	TFs and others	ESR1	Breast	MCF-7	14282	25/388	44/386	-1.77956	-0.609695	0.565253
SRX176885	TFs and others	EP300	Breast	MCF-7	17325	25/388	44/386	-1.77956	-0.609695	0.565253
SRX3631511	TFs and others	ETS1	Others	SCC-25	4167	60/388	37/386	-1.77945	-0.609695	1.61326
SRX8617001	TFs and others	TET2	Breast	MCF-7	17046	42/388	65/386	-1.77935	-0.609695	0.642823
SRX4001826	TFs and others	RAD21	Blood	THP-1	30753	84/388	113/386	-1.77797	-0.609267	0.739531
SRX6578935	TFs and others	CTCF	Blood	T-ALL	26073	84/388	113/386	-1.77797	-0.609267	0.739531
SRX2198835	TFs and others	LARP7	Uterus	HeLa	31176	313/388	283/386	-1.77618	-0.609	1.10031
SRX6704390	TFs and others	CTCF	Blood	BC-3	31209	95/388	125/386	-1.77536	-0.609	0.756082
SRX6578937	TFs and others	CTCF	Blood	Jurkat	19596	67/388	94/386	-1.77533	-0.609	0.709092
SRX190268	TFs and others	TAF1	Lung	A549	7674	184/388	150/386	-1.77524	-0.609	1.22034
SRX4611732	TFs and others	ESR1	Breast	MCF-7	27900	108/388	139/386	-1.77517	-0.609	0.772973
SRX4377552	TFs and others	BRD2	Breast	MDA-MB-231	14067	263/388	229/386	-1.77486	-0.609	1.14255
SRX1287852	TFs and others	BRD4	Blood	MOLM-14	19222	234/388	199/386	-1.77399	-0.608604	1.16982
SRX7058947	TFs and others	CTCF	Neural	GSC23	16758	60/388	86/386	-1.77251	-0.608228	0.694078
SRX316361	TFs and others	NR3C1	Kidney	293	18421	33/388	54/386	-1.7722	-0.608228	0.607961
SRX6367596	TFs and others	NCOA1	Kidney	293	21227	33/388	54/386	-1.7722	-0.608228	0.607961
SRX10306512	TFs and others	AR	Prostate	LNCAP	11370	7/388	19/386	-1.76921	-0.606177	0.366522
SRX471852	TFs and others	AR	Prostate	VCaP	9314	7/388	19/386	-1.76921	-0.606177	0.366522
SRX5417098	TFs and others	GFP	Uterus	HeLa	39863	85/388	114/386	-1.7686	-0.606036	0.741771
SRX356768	TFs and others	CTCF	Blood	Lymphoblastoid cell line	34885	127/388	159/386	-1.76651	-0.604575	0.794625
SRX1261518	TFs and others	GATA2	Blood	TF-1	19571	48/388	72/386	-1.76564	-0.604575	0.66323
SRX2281252	TFs and others	KMT2A	Blood	SEM	7460	190/388	156/386	-1.76405	-0.604575	1.21167
SRX176856	TFs and others	ESR1	Breast	MCF-7	15685	22/388	40/386	-1.76329	-0.604575	0.547165
SRX8617023	TFs and others	ESR1	Breast	ZR-75-1	10399	22/388	40/386	-1.76329	-0.604575	0.547165
SRX100385	TFs and others	NR3C1	Uterus	ECC-1	8616	16/388	32/386	-1.76312	-0.604575	0.497423
SRX4611705	TFs and others	ESR1	Breast	MCF-7	43316	128/388	160/386	-1.76248	-0.604575	0.795876
SRX8090652	TFs and others	BRD2	Others	Synoviocytes	8156	191/388	157/386	-1.76246	-0.604575	1.21029
SRX5824569	TFs and others	BRD2	Breast	SUM 149PT	16930	291/388	259/386	-1.76018	-0.604575	1.11776
SRX199893	TFs and others	CTCF	Neural	HRPEpiC	31985	97/388	127/386	-1.76018	-0.604575	0.759843
SRX159127	TFs and others	ZNF143	Uterus	HeLa	2744	80/388	54/386	-1.7599	-0.604575	1.47384
SRX356579	TFs and others	CTCF	Blood	GM18526	29167	86/388	115/386	-1.75943	-0.604575	0.743971
SRX2796998	TFs and others	ERG	Prostate	VCaP	2880	41/388	22/386	-1.75936	-0.604575	1.85403
SRX9029194	TFs and others	CEBPB	Blood	Neutrophils	5348	41/388	22/386	-1.75936	-0.604575	1.85403
SRX10045344	TFs and others	ASXL1	Blood	THP-1	12309	259/388	225/386	-1.75856	-0.604575	1.14518
SRX4611740	TFs and others	ESR1	Breast	MCF-7	41604	129/388	161/386	-1.75856	-0.604575	0.797112
SRX2404132	TFs and others	RELA	Others	Detroit 562	5980	9/388	22/386	-1.75788	-0.604575	0.406982
SRX8616977	TFs and others	ESR1	Breast	ZR-75-1	5410	9/388	22/386	-1.75788	-0.604575	0.406982
SRX3110773	TFs and others	SMC3	Uterus	HeLa	25107	61/388	87/386	-1.75783	-0.604575	0.697535
SRX150390	TFs and others	SMC3	Blood	K-562	16723	43/388	66/386	-1.7574	-0.604575	0.648157
SRX6175594	TFs and others	RAD21	Bone	A-673	20229	43/388	66/386	-1.7574	-0.604575	0.648157
SRX3110733	TFs and others	ESR1	Breast	MCF-7	50316	130/388	162/386	-1.75474	-0.603403	0.798333
SRX326884	TFs and others	GABPA	Prostate	VCaP	4948	116/388	86/386	-1.75454	-0.603403	1.34188
SRX4001947	TFs and others	CTCF	Blood	THP-1	25421	77/388	105/386	-1.75437	-0.603403	0.729553
SRX3509024	TFs and others	TFAP2C	Pluripotent stem cell	hESC UCLA1	1399	23/388	9/386	-1.75416	-0.603403	2.54238
SRX2404137	TFs and others	RELA	Others	Detroit 562	2959	4/388	14/386	-1.75303	-0.603403	0.284242
SRX3800729	TFs and others	RAD21	Breast	T-47D	1805	4/388	14/386	-1.75303	-0.603403	0.284242
SRX4115983	TFs and others	AR	Prostate	LNCAP	7402	4/388	14/386	-1.75303	-0.603403	0.284242
SRX6913100	TFs and others	BRD4	Blood	CD4+ T cells	7558	143/388	111/386	-1.75213	-0.603163	1.28165
SRX067495	TFs and others	CTCF	Epidermis	NHDF	37915	112/388	143/386	-1.75188	-0.603163	0.77918
SRX080350	TFs and others	CTCF	Kidney	293	23893	69/388	96/386	-1.75003	-0.602576	0.715045
SRX3110738	TFs and others	ESR1	Breast	MCF-7	70549	185/388	217/386	-1.74945	-0.602576	0.84814
SRX3636816	TFs and others	CTCF	Blood	ALL xenograft	41368	184/388	216/386	-1.74886	-0.602576	0.847461
SRX6828391	TFs and others	CTCF	Blood	K-562	22059	55/388	80/386	-1.74774	-0.602576	0.683956
SRX4824370	TFs and others	BRD4	Prostate	22Rv1	15773	207/388	173/386	-1.74753	-0.602576	1.19036
SRX5527607	TFs and others	EP300	Cardiovascular	HAEC	15525	207/388	173/386	-1.74753	-0.602576	1.19036
SRX7750230	TFs and others	YY1	Blood	T-ALL	9061	144/388	112/386	-1.7465	-0.602576	1.27909
SRX356595	TFs and others	CTCF	Blood	GM18951	30614	99/388	129/386	-1.74566	-0.602576	0.763486
SRX3800708	TFs and others	CTCF	Breast	T-47D	29429	99/388	129/386	-1.74566	-0.602576	0.763486
ERX1149076	TFs and others	CTCF	Unclassified	Unclassified	8788	34/388	55/386	-1.74432	-0.602576	0.614995
SRX080330	TFs and others	CTCF	Neural	SK-N-SH	35024	133/388	165/386	-1.74387	-0.602576	0.801906
SRX4611728	TFs and others	ESR1	Breast	MCF-7	47220	133/388	165/386	-1.74387	-0.602576	0.801906
SRX7785401	TFs and others	Epitope tags	Blood	Jurkat	14221	78/388	106/386	-1.74386	-0.602576	0.732056
SRX176857	TFs and others	ESR1	Breast	MCF-7	13831	26/388	45/386	-1.74319	-0.602576	0.5748
SRX261273	TFs and others	ESR1	Breast	MCF-7	14728	26/388	45/386	-1.74319	-0.602576	0.5748
SRX2683602	TFs and others	Epitope tags	Kidney	293	1859	26/388	45/386	-1.74319	-0.602576	0.5748
SRX673710	TFs and others	ESR1	Breast	MCF-7	14704	26/388	45/386	-1.74319	-0.602576	0.5748
SRX9898536	TFs and others	SMARCA4	Blood	K-562	5717	26/388	45/386	-1.74319	-0.602576	0.5748
SRX3256874	TFs and others	BCOR	Pluripotent stem cell	hESC H1	18331	258/388	287/386	-1.74057	-0.600401	0.894321
SRX080369	TFs and others	CTCF	Blood	GM12878	30069	100/388	130/386	-1.73864	-0.599469	0.765266
SRX8406520	TFs and others	FOXA1	Prostate	Prostatic Neoplasms, Castration-Resistant	29924	30/388	50/386	-1.73829	-0.599469	0.596907
SRX4143065	TFs and others	AML1-ETO	Blood	Kasumi-1	15673	70/388	97/386	-1.73786	-0.599469	0.71793
SRX433201	TFs and others	AR	Prostate	PC-3	39378	70/388	97/386	-1.73786	-0.599469	0.71793
SRX6888829	TFs and others	CTCF	Uterus	HeLa	41951	135/388	167/386	-1.73709	-0.599143	0.804216
SRX4611733	TFs and others	ESR1	Breast	MCF-7	37365	115/388	146/386	-1.73575	-0.598244	0.783611
SRX6175622	TFs and others	SMC1A	Bone	A-673	17087	39/388	61/386	-1.73454	-0.597478	0.636049
SRX3110779	TFs and others	Epitope tags	Uterus	HeLa	38256	79/388	107/386	-1.7336	-0.596978	0.734512
SRX1165106	TFs and others	RAD21	Breast	MCF-7	32211	56/388	81/386	-1.7317	-0.595522	0.687794
SRX266856	TFs and others	FOXA2	Pluripotent stem cell	hESC derived mesendodermal cells	18201	272/388	239/386	-1.73062	-0.595323	1.13221
SRX1594206	TFs and others	CTCF	Breast	MCF-7	27693	116/388	147/386	-1.73062	-0.595323	0.785048
SRX038603	TFs and others	CTCF	Cardiovascular	HUVEC	24255	63/388	89/386	-1.72968	-0.594823	0.704216
SRX475760	TFs and others	GABPA	Blood	GM12878	5032	119/388	89/386	-1.72831	-0.593892	1.33019
SRX5719601	TFs and others	CTCF	Blood	T-ALL	28582	90/388	119/386	-1.72482	-0.591781	0.752404
SRX3433957	TFs and others	CTCF	Neural	SH-SY5Y	38373	139/388	171/386	-1.72465	-0.591781	0.808675
SRX080412	TFs and others	CTCF	Cardiovascular	HUVEC	26196	80/388	108/386	-1.72358	-0.591781	0.736922
SRX7427512	TFs and others	ESR1	Breast	MCF-7	32239	80/388	108/386	-1.72358	-0.591781	0.736922
SRX5527609	TFs and others	EP300	Cardiovascular	HAEC	19398	248/388	214/386	-1.72176	-0.591781	1.1529
SRX4417525	TFs and others	BRD4	Pluripotent stem cell	hESC derived neural cells	3950	99/388	71/386	-1.72147	-0.591781	1.38718
SRX204662	TFs and others	RBBP5	Kidney	293	958	42/388	23/386	-1.719	-0.591781	1.81667
SRX4611694	TFs and others	ESR1	Breast	MCF-7	47248	141/388	173/386	-1.71896	-0.591781	0.810828
SRX6777953	TFs and others	CTCF	Blood	HAP1	44699	141/388	173/386	-1.71896	-0.591781	0.810828
ERX1149098	TFs and others	CTCF	Unclassified	Unclassified	11647	35/388	56/386	-1.71765	-0.591781	0.621778
SRX2559014	TFs and others	RAD21	Cardiovascular	HUVEC	18105	35/388	56/386	-1.71765	-0.591781	0.621778
SRX097072	TFs and others	SMAD1	Blood	CD34 Hematopoietic stem cells	21722	57/388	82/386	-1.71613	-0.591781	0.691539
SRX6828396	TFs and others	RAD21	Breast	MCF-7	33190	57/388	82/386	-1.71613	-0.591781	0.691539
SRX100492	TFs and others	RAD21	Blood	K-562	38124	119/388	150/386	-1.71591	-0.591781	0.789244
SRX190261	TFs and others	TAF1	Pluripotent stem cell	hESC derived neural cells	6770	150/388	118/386	-1.7153	-0.591781	1.26463
SRX6578947	TFs and others	CTCF	Blood	CUTLL1	18299	81/388	109/386	-1.7138	-0.591781	0.739289
SRX702137	TFs and others	THAP11	Pluripotent stem cell	hESC HUES64	1247	57/388	35/386	-1.71366	-0.591781	1.62018
SRX080432	TFs and others	CTCF	Lung	AG04450	32489	104/388	134/386	-1.71208	-0.591781	0.772119
SRX1514956	TFs and others	GFP	Kidney	293	2089	69/388	45/386	-1.71173	-0.591781	1.52543
SRX1261519	TFs and others	GATA2	Blood	TF-1	15828	40/388	62/386	-1.71142	-0.591781	0.641836
SRX026657	TFs and others	ERG	Blood	Acute promyelocytic leukemia	16464	268/388	235/386	-1.71123	-0.591781	1.13455
SRX6175633	TFs and others	CTCF	Bone	TC-71	40166	120/388	151/386	-1.71123	-0.591781	0.790606
SRX7061824	TFs and others	RAD21	Blood	SEM	19572	51/388	75/386	-1.71081	-0.591781	0.676495
SRX471849	TFs and others	AR	Prostate	VCaP	19084	20/388	37/386	-1.71074	-0.591781	0.537754
SRX6614741	TFs and others	RAD21	Lung	IMR-90	9679	20/388	37/386	-1.71074	-0.591781	0.537754
SRX5202981	TFs and others	FOXA1	Breast	MCF-7	10528	17/388	33/386	-1.70997	-0.591781	0.512496
SRX595677	TFs and others	AR	Prostate	VCaP	17052	17/388	33/386	-1.70997	-0.591781	0.512496
SRX730450	TFs and others	ESR1	Breast	MCF-7	8251	17/388	33/386	-1.70997	-0.591781	0.512496
SRX8617019	TFs and others	ESR1	Breast	MCF-7	8834	17/388	33/386	-1.70997	-0.591781	0.512496
SRX4708116	TFs and others	YY1	Liver	Hep G2	13946	296/388	265/386	-1.70866	-0.591781	1.11122
SRX5738753	TFs and others	Crotonyllysine	Pluripotent stem cell	ES cells	22856	296/388	265/386	-1.70866	-0.591781	1.11122
SRX5794314	TFs and others	TCF7	Breast	Breast organoids	1233	38/388	20/386	-1.70697	-0.591781	1.89021
SRX1711343	TFs and others	INTS12	Lung	Bronchial epithelial cells	10927	242/388	208/386	-1.70623	-0.591781	1.15746
SRX8570944	TFs and others	HAP1	Blood	KBM-7	38361	105/388	135/386	-1.7058	-0.591781	0.773769
SRX6977270	TFs and others	LIN28B	Neural	BE(2)-C	1932	52/388	31/386	-1.70438	-0.591781	1.66877
SRX1629248	TFs and others	AR	Prostate	VCaP	6157	3/388	12/386	-1.70242	-0.591781	0.248711
SRX253228	TFs and others	SSRP1	Others	Fibrosarcoma	1593	3/388	12/386	-1.70242	-0.591781	0.248711
SRX3589925	TFs and others	STAG1	Breast	MCF 10A	2069	3/388	12/386	-1.70242	-0.591781	0.248711
SRX5803016	TFs and others	POLR3C	Kidney	293	1770	3/388	12/386	-1.70242	-0.591781	0.248711
SRX4484986	TFs and others	ELF1	Blood	SEM	24299	240/388	206/386	-1.70172	-0.591781	1.15904
SRX3447360	TFs and others	ESR1	Breast	MCF-7	58348	148/388	180/386	-1.70172	-0.591781	0.817984
SRX3881556	TFs and others	O-GlcNAc	Prostate	LNCAP	5174	153/388	121/386	-1.70126	-0.591781	1.25794
SRX8570946	TFs and others	HAP1	Blood	KBM-7	35966	93/388	122/386	-1.70085	-0.591781	0.758366
SRX7972428	TFs and others	MKL2	Epidermis	MKL-2	31883	265/388	232/386	-1.69786	-0.591781	1.13635
SRX080337	TFs and others	CTCF	Cardiovascular	HUVEC	31256	123/388	154/386	-1.69786	-0.591781	0.794584
SRX4611688	TFs and others	ESR1	Breast	MCF-7	37722	123/388	154/386	-1.69786	-0.591781	0.794584
SRX2436021	TFs and others	OTX2	Neural	D283 Med	43611	46/388	69/386	-1.69615	-0.591781	0.66323
SRX8949281	TFs and others	NCOA3	Breast	ZR-75-1	38823	46/388	69/386	-1.69615	-0.591781	0.66323
SRX080411	TFs and others	CTCF	Digestive tract	Caco-2	28221	83/388	111/386	-1.69492	-0.591781	0.743893
SRX1514998	TFs and others	GFP	Kidney	293	7339	83/388	111/386	-1.69492	-0.591781	0.743893
SRX4611715	TFs and others	ESR1	Breast	MCF-7	33259	83/388	111/386	-1.69492	-0.591781	0.743893
SRX199892	TFs and others	CTCF	Blood	GM12864	27696	74/388	101/386	-1.69218	-0.591781	0.728897
SRX9135103	TFs and others	AR	Prostate	VCaP	33726	36/388	57/386	-1.69211	-0.591781	0.628323
SRX4611738	TFs and others	ESR1	Breast	MCF-7	48481	153/388	185/386	-1.69183	-0.591781	0.822764
SRX359897	TFs and others	IRF1	Digestive tract	LoVo	13592	234/388	200/386	-1.69009	-0.591781	1.16397
SRX10382402	TFs and others	QSER1	Pluripotent stem cell	hESC H1	34365	311/388	334/386	-1.68953	-0.591781	0.926338
SRX7890965	TFs and others	SMC1A	Neural	hTERT RPE-1	16085	41/388	63/386	-1.68919	-0.591781	0.647439
SRX8582174	TFs and others	SMC3	Digestive tract	HCT 116	18349	41/388	63/386	-1.68919	-0.591781	0.647439
SRX4001956	TFs and others	CEBPB	Blood	THP-1	4396	6/388	17/386	-1.68862	-0.591781	0.351122
SRX1091817	TFs and others	CTCF	Blood	delta-47	28134	108/388	138/386	-1.68779	-0.591781	0.778575
SRX1012745	TFs and others	ESR1	Breast	MCF-7	2008	1/388	8/386	-1.68737	-0.591781	0.124356
SRX11196941	TFs and others	TBP	Kidney	293	580	1/388	8/386	-1.68737	-0.591781	0.124356
SRX1424695	TFs and others	NANOG	Prostate	LNCAP	2817	1/388	8/386	-1.68737	-0.591781	0.124356
SRX1531793	TFs and others	NIPBL	Breast	MCF-7	1103	1/388	8/386	-1.68737	-0.591781	0.124356
SRX2545039	TFs and others	AR	Prostate	LNCAP	6787	1/388	8/386	-1.68737	-0.591781	0.124356
SRX2578883	TFs and others	MED1	Breast	MDA-MB-231	703	1/388	8/386	-1.68737	-0.591781	0.124356
SRX2578897	TFs and others	NCOA1	Breast	MDA-MB-231	1216	1/388	8/386	-1.68737	-0.591781	0.124356
SRX2683574	TFs and others	Epitope tags	Kidney	293	372	1/388	8/386	-1.68737	-0.591781	0.124356
SRX2871359	TFs and others	PGR	Breast	T-47D	781	1/388	8/386	-1.68737	-0.591781	0.124356
SRX2871363	TFs and others	PGR	Breast	T-47D	715	1/388	8/386	-1.68737	-0.591781	0.124356
SRX334261	TFs and others	AR	Unclassified	Unclassified	5153	1/388	8/386	-1.68737	-0.591781	0.124356
SRX357292	TFs and others	AR	Prostate	LNCAP	5963	1/388	8/386	-1.68737	-0.591781	0.124356
SRX4802345	TFs and others	ARNT	Kidney	HKC8	1104	1/388	8/386	-1.68737	-0.591781	0.124356
SRX497609	TFs and others	PIAS1	Prostate	VCaP	3591	1/388	8/386	-1.68737	-0.591781	0.124356
SRX5289974	TFs and others	NR3C1	Lung	BEAS-2B	1408	1/388	8/386	-1.68737	-0.591781	0.124356
SRX535456	TFs and others	HEXIM1	Epidermis	A-375	515	1/388	8/386	-1.68737	-0.591781	0.124356
SRX5729953	TFs and others	BRD4	Prostate	22Rv1	1114	1/388	8/386	-1.68737	-0.591781	0.124356
SRX5888971	TFs and others	SMARCB1	Epidermis	BJ	1017	1/388	8/386	-1.68737	-0.591781	0.124356
SRX6175615	TFs and others	STAG2	Bone	A-673	1657	1/388	8/386	-1.68737	-0.591781	0.124356
SRX6175623	TFs and others	STAG1	Bone	A-673	2945	1/388	8/386	-1.68737	-0.591781	0.124356
SRX6639326	TFs and others	SMAD1	Pluripotent stem cell	hESC H1	1356	1/388	8/386	-1.68737	-0.591781	0.124356
SRX6748244	TFs and others	AR	Prostate	Prostate cancer	1575	1/388	8/386	-1.68737	-0.591781	0.124356
SRX7572101	TFs and others	MYC	Pancreas	MIA Paca-2	763	1/388	8/386	-1.68737	-0.591781	0.124356
SRX8380653	TFs and others	ESR1	Bone	U2OS	2803	1/388	8/386	-1.68737	-0.591781	0.124356
SRX8432579	TFs and others	TBP	Pluripotent stem cell	iPS cells	976	1/388	8/386	-1.68737	-0.591781	0.124356
SRX9932077	TFs and others	HDAC6	Breast	MCF-7	2158	1/388	8/386	-1.68737	-0.591781	0.124356
SRX4377123	TFs and others	CTCF	Pluripotent stem cell	ES cells	19937	59/388	84/386	-1.68634	-0.591781	0.69876
SRX3230377	TFs and others	ARID5B	Liver	Hep G2	54036	293/388	262/386	-1.68575	-0.591781	1.11256
SRX188955	TFs and others	CTCF	Breast	MCF-7	55134	202/388	233/386	-1.68568	-0.591781	0.862484
SRX8466173	TFs and others	CTCF	Uterus	HeLa	37178	126/388	157/386	-1.68542	-0.591781	0.798411
SRX3800706	TFs and others	CTCF	Breast	T-47D	47707	157/388	189/386	-1.68531	-0.591781	0.826406
SRX2628187	TFs and others	ETV1	Digestive tract	GIST-T1	2190	18/388	6/386	-1.68513	-0.591781	2.98454
SRX3089115	TFs and others	SMARCA2	Liver	Hep G2	422	9/388	1/386	-1.68406	-0.591781	8.95361
SRX4401062	TFs and others	RELA	Blood	BJAB	655	9/388	1/386	-1.68406	-0.591781	8.95361
SRX753138	TFs and others	GTF2I	Pluripotent stem cell	iPS cells	713	9/388	1/386	-1.68406	-0.591781	8.95361
SRX100426	TFs and others	YY1	Liver	Hep G2	15650	229/388	195/386	-1.68251	-0.591781	1.16831
SRX190320	TFs and others	GABPA	Breast	MCF-7	9934	188/388	155/386	-1.68223	-0.591781	1.20665
SRX100451	TFs and others	YY1	Blood	GM12878	27898	261/388	228/386	-1.68147	-0.591781	1.13884
SRX1529431	TFs and others	CTCF	Neural	SK-N-SH	20412	75/388	102/386	-1.68146	-0.591781	0.731504
SRX3040157	TFs and others	STAG2	Cardiovascular	Coronary artery endothelial cells	22086	75/388	102/386	-1.68146	-0.591781	0.731504
SRX3256873	TFs and others	BCOR	Pluripotent stem cell	hESC H1	20179	263/388	291/386	-1.68093	-0.591781	0.899121
SRX3591435	TFs and others	BRD4	Blood	B-CLL cells	11735	227/388	193/386	-1.68	-0.591781	1.1701
SRX2513052	TFs and others	TET2	Blood	Jurkat	12358	158/388	126/386	-1.67998	-0.591781	1.2475
SRX4417528	TFs and others	CTCF	Pluripotent stem cell	hESC derived neural cells	45433	198/388	229/386	-1.67908	-0.591781	0.860172
SRX080339	TFs and others	CTCF	Blood	GM12864	29601	96/388	125/386	-1.67845	-0.591781	0.764041
SRX080402	TFs and others	CTCF	Uterus	HeLa	32579	96/388	125/386	-1.67845	-0.591781	0.764041
SRX2375362	TFs and others	CDK9	Blood	MV-4-11	19266	225/388	191/386	-1.67779	-0.591781	1.17194
SRX3433961	TFs and others	CTCF	Neural	NB69	53905	163/388	195/386	-1.67779	-0.591781	0.831589
SRX4284007	TFs and others	CTCF	Blood	B cells	36203	128/388	159/386	-1.67763	-0.591781	0.800882
SRX038524	TFs and others	CTCF	Pluripotent stem cell	hESC H1	26302	47/388	70/386	-1.67713	-0.591781	0.667968
SRX080351	TFs and others	CTCF	Blood	HL-60	20145	53/388	77/386	-1.6771	-0.591781	0.684764
SRX4815192	TFs and others	TLE3	Breast	MCF-7	35126	53/388	77/386	-1.6771	-0.591781	0.684764
SRX5880870	TFs and others	SMC1A	Digestive tract	DKO	17955	53/388	77/386	-1.6771	-0.591781	0.684764
SRX10158161	TFs and others	BRD4	Blood	KBM-7	5430	103/388	75/386	-1.677	-0.591781	1.36625
SRX4958403	TFs and others	CTCF	Kidney	293	32590	85/388	113/386	-1.6769	-0.591781	0.748335
SRX6370188	TFs and others	CBX7	Pluripotent stem cell	NT2-D1	5201	28/388	47/386	-1.67619	-0.591781	0.592674
SRX725586	TFs and others	MYB	Blood	T-ALL	20943	193/388	160/386	-1.67491	-0.591781	1.20003
SRX10365551	TFs and others	NCOA3	Breast	MCF-7	7448	10/388	23/386	-1.67485	-0.591781	0.432541
SRX1070427	TFs and others	ORC2	Blood	K-562	3225	10/388	23/386	-1.67485	-0.591781	0.432541
SRX2683597	TFs and others	Epitope tags	Kidney	293	931	10/388	23/386	-1.67485	-0.591781	0.432541
SRX3285559	TFs and others	ESR1	Breast	MCF-7	6779	10/388	23/386	-1.67485	-0.591781	0.432541
SRX4819700	TFs and others	AR	Prostate	LNCAP	12658	10/388	23/386	-1.67485	-0.591781	0.432541
SRX5486424	TFs and others	ZIC5	Digestive tract	HCT 116	1344	10/388	23/386	-1.67485	-0.591781	0.432541
SRX6614745	TFs and others	RAD21	Lung	IMR-90	6113	10/388	23/386	-1.67485	-0.591781	0.432541
SRX471847	TFs and others	AR	Prostate	VCaP	6413	2/388	10/386	-1.67307	-0.591079	0.198969
SRX9932073	TFs and others	HDAC6	Breast	MCF-7	2393	2/388	10/386	-1.67307	-0.591079	0.198969
SRX6949260	TFs and others	Epitope tags	Uterus	HeLa	22549	60/388	85/386	-1.67208	-0.591079	0.702244
SRX067387	TFs and others	CTCF	Epidermis	NHEK	35905	97/388	126/386	-1.67131	-0.591079	0.765873
SRX1026680	TFs and others	CTCF	Pancreas	PANC-1	28627	97/388	126/386	-1.67131	-0.591079	0.765873
SRX150654	TFs and others	TBL1XR1	Blood	K-562	1968	8/388	20/386	-1.66944	-0.591079	0.397938
SRX1845233	TFs and others	EBV-ZEBRA	Others	HONE-1	8907	8/388	20/386	-1.66944	-0.591079	0.397938
SRX334244	TFs and others	AR	Unclassified	Unclassified	9678	8/388	20/386	-1.66944	-0.591079	0.397938
SRX5289970	TFs and others	NR3C1	Lung	BEAS-2B	1661	8/388	20/386	-1.66944	-0.591079	0.397938
SRX471850	TFs and others	AR	Prostate	VCaP	19080	21/388	38/386	-1.66799	-0.591079	0.549783
SRX100403	TFs and others	NR3C1	Lung	A549	18421	42/388	64/386	-1.6678	-0.591079	0.652867
SRX4001823	TFs and others	RAD21	Blood	THP-1	19862	42/388	64/386	-1.6678	-0.591079	0.652867
SRX7130729	TFs and others	CTCF	Breast	MCF 10A	15396	42/388	64/386	-1.6678	-0.591079	0.652867
SRX5089454	TFs and others	ESR1	Breast	MCF-7	10900	37/388	58/386	-1.66764	-0.591079	0.634643
SRX142909	TFs and others	FOXA1	Prostate	LNCAP	14746	15/388	30/386	-1.66756	-0.591079	0.497423
SRX481457	TFs and others	EP300	Prostate	C4-2	6329	15/388	30/386	-1.66756	-0.591079	0.497423
SRX6614767	TFs and others	RAD21	Lung	IMR-90	7023	15/388	30/386	-1.66756	-0.591079	0.497423
SRX015825	TFs and others	ETS1	Blood	Jurkat (Clone E6-1)	5812	142/388	111/386	-1.66589	-0.590353	1.27269
SRX6068073	TFs and others	PGR	Uterus	Endometrium	16371	203/388	170/386	-1.66574	-0.590353	1.18796
SRX038504	TFs and others	CTCF	Blood	GM12878	22327	68/388	94/386	-1.66568	-0.590353	0.719675
SRX080356	TFs and others	CTCF	Neural	SK-N-SH	36297	132/388	163/386	-1.66319	-0.588246	0.805642
SRX4001870	TFs and others	RAD21	Blood	THP-1	19989	54/388	78/386	-1.66102	-0.587169	0.688739
SRX448939	TFs and others	BRD4	Blood	KOPT-K1	8725	143/388	112/386	-1.66052	-0.587169	1.2702
SRX3110741	TFs and others	ESR1	Breast	MCF-7	42408	113/388	143/386	-1.66035	-0.587169	0.786137
SRX4001924	TFs and others	CTCF	Blood	THP-1	37225	113/388	143/386	-1.66035	-0.587169	0.786137
SRX6913056	TFs and others	BRD2	Blood	THP-1	11784	255/388	222/386	-1.65982	-0.587169	1.14273
SRX4611714	TFs and others	ESR1	Breast	MCF-7	48239	133/388	164/386	-1.65982	-0.587169	0.806795
SRX371481	TFs and others	FOXA1	Breast	MCF-7	30915	61/388	86/386	-1.65822	-0.58595	0.705646
SRX8080567	TFs and others	POU2F1	Breast	Mammary gland ductal carcinoma	7457	164/388	132/386	-1.6577	-0.585811	1.23602
SRX2961562	TFs and others	STAT1	Blood	SET-2	23419	254/388	221/386	-1.65653	-0.585231	1.1434
SRX3506185	TFs and others	Pan-acetyllysine	Liver	Hep G2	5307	105/388	77/386	-1.65636	-0.585231	1.35661
SRX6913050	TFs and others	BRD4	Blood	THP-1	5499	116/388	87/386	-1.65511	-0.584363	1.32646
SRX6175647	TFs and others	RAD21	Bone	TC-71	30106	69/388	95/386	-1.65387	-0.583501	0.722572
SRX8037088	TFs and others	BRD4	Lung	HARA	24967	300/388	270/386	-1.6514	-0.581975	1.10538
SRX1131549	TFs and others	BRD4	Breast	HCC1395	26595	166/388	134/386	-1.65101	-0.581975	1.23242
DRX044426	TFs and others	CTCF	Blood	T cells	27950	78/388	105/386	-1.65083	-0.581975	0.739028
SRX6949256	TFs and others	GFP	Uterus	HeLa	37796	78/388	105/386	-1.65083	-0.581975	0.739028
SRX092568	TFs and others	HCFC1	Uterus	HeLa	3257	96/388	69/386	-1.64959	-0.58149	1.38413
SRX1165099	TFs and others	CREB1	Liver	Hep G2	3971	96/388	69/386	-1.64959	-0.58149	1.38413
SRX4001765	TFs and others	RAD21	Blood	Macrophages	20946	43/388	65/386	-1.64719	-0.580222	0.658128
SRX8089631	TFs and others	FOXA1	Prostate	VCaP	25703	43/388	65/386	-1.64719	-0.580222	0.658128
SRX9135100	TFs and others	AR	Prostate	VCaP	37586	43/388	65/386	-1.64719	-0.580222	0.658128
SRX150399	TFs and others	RAD21	Blood	K-562	14118	29/388	48/386	-1.64526	-0.579209	0.601052
SRX3857000	TFs and others	CDKN1B	Breast	MDA-MB-231	29267	326/388	299/386	-1.64474	-0.579209	1.08468
SRX4367431	TFs and others	TBP	Lung	Bronchial tracheal epithelial cells	11034	287/388	256/386	-1.6443	-0.579209	1.11531
SRX102986	TFs and others	CTCF	Liver	Hep G2	43075	101/388	130/386	-1.6443	-0.579209	0.772918
SRX7626337	TFs and others	CTCF	Others	Mesenchymal Stromal Cells	20662	101/388	130/386	-1.6443	-0.579209	0.772918
SRX433194	TFs and others	AR	Kidney	293	51394	89/388	117/386	-1.64328	-0.578564	0.756763
SRX188950	TFs and others	CTCF	Blood	GM20000	18468	70/388	96/386	-1.64236	-0.578019	0.725408
SRX4345363	TFs and others	JUNB	Blood	CD4+ T cells	4992	49/388	29/386	-1.64154	-0.577769	1.68095
SRX4611719	TFs and others	ESR1	Breast	MCF-7	37564	79/388	106/386	-1.64111	-0.577769	0.741441
SRX9317688	TFs and others	SMARCC2	Blood	Fujioka	4328	49/388	72/386	-1.64099	-0.577769	0.677048
SRX4714479	TFs and others	CTCF	Breast	T-47D	36658	102/388	131/386	-1.63792	-0.575071	0.774612
SRX150650	TFs and others	RAD21	Uterus	HeLa	47691	118/388	148/386	-1.63586	-0.573757	0.793188
SRX4611700	TFs and others	ESR1	Breast	MCF-7	41124	118/388	148/386	-1.63586	-0.573757	0.793188
SRX702546	TFs and others	CHD8	Pluripotent stem cell	iPS derived neural cells	12295	246/388	213/386	-1.63335	-0.571618	1.14898
SRX4890467	TFs and others	CTCF	Blood	Kasumi-1	19660	71/388	97/386	-1.63115	-0.570013	0.728186
SRX022570	TFs and others	AR	Prostate	LNCAP	13685	13/388	27/386	-1.63063	-0.570013	0.479
SRX5342365	TFs and others	FOXL2	Gonad	SVOG-3e	5269	13/388	27/386	-1.63063	-0.570013	0.479
SRX6027694	TFs and others	ESR1	Uterus	Ishikawa	12377	22/388	39/386	-1.62798	-0.568621	0.561195
SRX7728612	TFs and others	RAD21	Pluripotent stem cell	hESC derived neural crests	9149	22/388	39/386	-1.62798	-0.568621	0.561195
SRX067396	TFs and others	CTCF	Liver	Hep G2	37029	91/388	119/386	-1.62759	-0.568621	0.760764
SRX190239	TFs and others	GATA3	Breast	MCF-7	39727	91/388	119/386	-1.62759	-0.568621	0.760764
SRX7202534	TFs and others	CTCF	Uterus	HEC-1-B	18752	44/388	66/386	-1.62733	-0.568621	0.66323
SRX356714	TFs and others	CTCF	Blood	Lymphoblastoid cell line	31390	120/388	150/386	-1.62684	-0.568621	0.795876
SRX323399	TFs and others	ESR1	Breast	MCF-7	11662	34/388	54/386	-1.62634	-0.568621	0.626384
SRX1134769	TFs and others	BRD4	Blood	MV-4-11	4100	81/388	56/386	-1.62628	-0.568621	1.43897
SRX150459	TFs and others	RAD21	Pluripotent stem cell	hESC H1	51012	104/388	133/386	-1.62557	-0.568279	0.777924
SRX4417539	TFs and others	BRD4	Pluripotent stem cell	hESC derived neural cells	5872	120/388	91/386	-1.62303	-0.566107	1.31188
SRX186636	TFs and others	MXI1	Neural	SK-N-SH	29389	307/388	278/386	-1.62235	-0.565793	1.09862
SRX6957404	TFs and others	FOXL2	Kidney	HGrC1	37175	177/388	145/386	-1.62035	-0.564764	1.2144
SRX3636814	TFs and others	CTCF	Blood	ALL xenograft	45324	211/388	241/386	-1.62035	-0.564764	0.871006
SRX4155661	TFs and others	CTCFL	Neural	KELLY	11689	72/388	98/386	-1.62022	-0.564764	0.730907
SRX395617	TFs and others	CTCF	Breast	T-47D	36038	105/388	134/386	-1.6196	-0.564511	0.779543
SRX4611718	TFs and others	ESR1	Breast	MCF-7	38634	122/388	152/386	-1.61823	-0.563692	0.798494
SRX3636815	TFs and others	CTCF	Blood	ALL xenograft	44731	210/388	240/386	-1.61805	-0.563692	0.87049
SRX1469951	TFs and others	ESR1	Breast	MCF-7	17923	30/388	49/386	-1.61586	-0.56299	0.609089
SRX116442	TFs and others	RBBP5	Blood	K-562	12326	238/388	205/386	-1.61535	-0.56299	1.15499
SRX150574	TFs and others	TBP	Blood	K-562	15813	238/388	205/386	-1.61535	-0.56299	1.15499
SRX7580947	TFs and others	AR	Prostate	LNCAP	13122	19/388	35/386	-1.61532	-0.56299	0.540059
SRX6614740	TFs and others	RAD21	Lung	IMR-90	10869	26/388	44/386	-1.61514	-0.56299	0.587863
SRX747801	TFs and others	ESR1	Breast	MCF-7	7462	26/388	44/386	-1.61514	-0.56299	0.587863
SRX1569768	TFs and others	AR	Prostate	VCaP	17803	16/388	31/386	-1.6143	-0.56299	0.513469
SRX190223	TFs and others	RXRA	Neural	SK-N-SH	10620	16/388	31/386	-1.6143	-0.56299	0.513469
SRX4611704	TFs and others	ESR1	Breast	MCF-7	43405	123/388	153/386	-1.61407	-0.56299	0.799778
SRX5360666	TFs and others	Epitope tags	Epidermis	BJ	11811	50/388	30/386	-1.61221	-0.56234	1.65808
ERX200532	TFs and others	CTCF	Blood	B cells	2111	5/388	15/386	-1.61178	-0.56234	0.331615
SRX1818076	TFs and others	AR	Prostate	LNCAP	9375	5/388	15/386	-1.61178	-0.56234	0.331615
SRX5954736	TFs and others	FOSL1	Breast	MDA-MB-231	6790	5/388	15/386	-1.61178	-0.56234	0.331615
SRX3583212	TFs and others	CTCF	Breast	MCF-7	62503	207/388	237/386	-1.61161	-0.56234	0.868916
SRX6175642	TFs and others	CTCF	Bone	TC-71	41388	124/388	154/386	-1.61002	-0.561372	0.801044
SRX194575	TFs and others	ESR1	Breast	MCF-7	18801	73/388	99/386	-1.60956	-0.561372	0.733573
SRX3110781	TFs and others	Epitope tags	Uterus	HeLa	34467	73/388	99/386	-1.60956	-0.561372	0.733573
SRX7805899	TFs and others	NIPBL	Epidermis	Dermal fibroblast	4032	110/388	82/386	-1.60894	-0.561113	1.33455
SRX080336	TFs and others	CTCF	Neural	HRPEpiC	39648	107/388	136/386	-1.60805	-0.560582	0.782709
SRX5391688	TFs and others	CTCF	Blood	Neutrophils	10163	51/388	74/386	-1.60717	-0.560388	0.685637
SRX3345950	TFs and others	CPSF3L	Blood	HL-60	12166	233/388	200/386	-1.60657	-0.560388	1.15899
SRX038582	TFs and others	CTCF	Muscle	HSMM	25217	65/388	90/386	-1.60649	-0.560388	0.718499
SRX067423	TFs and others	CTCF	Pluripotent stem cell	hESC H1	52768	125/388	155/386	-1.60606	-0.560388	0.802295
SRX6578940	TFs and others	CTCF	Blood	CUTLL1	27305	125/388	155/386	-1.60606	-0.560388	0.802295
SRX5880871	TFs and others	RAD21	Digestive tract	DKO	30679	94/388	122/386	-1.60534	-0.560027	0.76652
SRX3031984	TFs and others	BRD4	Blood	MV-4-11	26382	230/388	197/386	-1.60217	-0.559178	1.16149
SRX9419923	TFs and others	BRD4	Breast	SK-BR-3	25843	230/388	197/386	-1.60217	-0.559178	1.16149
SRX1878906	TFs and others	EP300	Muscle	Rh-4	9565	11/388	24/386	-1.60128	-0.559178	0.455971
SRX2545040	TFs and others	AR	Prostate	LNCAP	14389	11/388	24/386	-1.60128	-0.559178	0.455971
SRX2837388	TFs and others	NFKB1	Blood	GM12878	2525	11/388	24/386	-1.60128	-0.559178	0.455971
SRX3285554	TFs and others	ESR1	Breast	C49R	5734	11/388	24/386	-1.60128	-0.559178	0.455971
SRX6614746	TFs and others	RAD21	Lung	IMR-90	6132	11/388	24/386	-1.60128	-0.559178	0.455971
SRX747795	TFs and others	FOXA1	Breast	MCF-7	7697	11/388	24/386	-1.60128	-0.559178	0.455971
SRX747796	TFs and others	FOXA1	Breast	MCF-7	6199	11/388	24/386	-1.60128	-0.559178	0.455971
SRX3288573	TFs and others	RNF2	Pluripotent stem cell	hESC H9	4159	40/388	61/386	-1.59998	-0.558233	0.652358
ERX200499	TFs and others	CTCF	Blood	B cells	21655	74/388	100/386	-1.59916	-0.558122	0.736186
SRX4001879	TFs and others	CTCF	Blood	THP-1	21306	74/388	100/386	-1.59916	-0.558122	0.736186
SRX6935376	TFs and others	MYCN	Neural	NB-1643	14816	279/388	248/386	-1.597	-0.55667	1.1192
ERX2868712	TFs and others	CTCF	Lung	BEAS-2B	33554	109/388	138/386	-1.597	-0.55667	0.785784
SRX186632	TFs and others	SMC3	Neural	SK-N-SH	28827	84/388	111/386	-1.59582	-0.556198	0.752856
SRX4611707	TFs and others	ESR1	Breast	MCF-7	22490	84/388	111/386	-1.59582	-0.556198	0.752856
SRX689368	TFs and others	WDR5	Kidney	293	10759	224/388	191/386	-1.59527	-0.556002	1.16673
SRX356594	TFs and others	STAG1	Blood	GM18526	21316	66/388	91/386	-1.59442	-0.555504	0.721536
SRX3031983	TFs and others	BRD4	Blood	MV-4-11	31561	221/388	188/386	-1.59275	-0.554187	1.16947
SRX264460	TFs and others	BRD4	Blood	MM.1S	9940	112/388	84/386	-1.59149	-0.553793	1.32646
SRX10045366	TFs and others	BAP1	Blood	THP-1	11115	219/388	186/386	-1.59141	-0.553793	1.17135
SRX244177	TFs and others	CDK9	Blood	MM.1S	8652	194/388	162/386	-1.5913	-0.553793	1.19136
SRX1058473	TFs and others	Epitope tags	Epidermis	MKL-1	6018	92/388	66/386	-1.59035	-0.553194	1.38675
SRX3031988	TFs and others	BRD4	Blood	MV-4-11	18714	196/388	164/386	-1.58923	-0.552567	1.18896
SRX3124420	TFs and others	CTCF	Neural	KELLY	23352	75/388	101/386	-1.58902	-0.552567	0.738747
SRX7396394	TFs and others	CTCF	Blood	BLaER1	32492	130/388	160/386	-1.58769	-0.551588	0.808312
SRX356786	TFs and others	CTCF	Blood	MS1	51772	189/388	219/386	-1.58663	-0.550877	0.858565
SRX8570843	TFs and others	HAP1	Blood	KBM-7	23581	201/388	169/386	-1.58524	-0.549838	1.18322
SRX3056625	TFs and others	CTCF	Blood	Erythroblasts	26083	97/388	125/386	-1.58455	-0.549723	0.772
SRX5001396	TFs and others	CTCF	Bone	HT-1080	52467	131/388	161/386	-1.58429	-0.549723	0.80947
SRX1799525	TFs and others	TRIM28	Blood	CD4+ T cells	7493	113/388	85/386	-1.58306	-0.549723	1.32256
SRX1161182	TFs and others	NR3C1	Breast	ZR-75-1	13047	9/388	21/386	-1.58303	-0.549723	0.426362
SRX150624	TFs and others	EP300	Liver	Hep G2	3683	9/388	21/386	-1.58303	-0.549723	0.426362
SRX256883	TFs and others	NR3C1	Bone	U2OS	17613	9/388	21/386	-1.58303	-0.549723	0.426362
SRX204900	TFs and others	BRD4	Lung	NCI-H2171	26908	209/388	177/386	-1.58233	-0.549638	1.1747
SRX968414	TFs and others	ARNT	Kidney	786-O	2650	7/388	18/386	-1.58225	-0.549638	0.386884
SRX2194272	TFs and others	BRD4	Breast	SUM 159PT	35946	256/388	224/386	-1.58098	-0.548716	1.13697
SRX5848180	TFs and others	CTCF	Blood	K-562	27913	86/388	113/386	-1.57915	-0.54845	0.757139
SRX667985	TFs and others	FOXA1	Prostate	VCaP	80379	86/388	113/386	-1.57915	-0.54845	0.757139
SRX5683083	TFs and others	ESR1	Uterus	Ishikawa	2095	19/388	7/386	-1.57898	-0.54845	2.70029
SRX6977276	TFs and others	LIN28B	Neural	KELLY	1072	19/388	7/386	-1.57898	-0.54845	2.70029
SRX9683851	TFs and others	NR3C1	Adipocyte	Adipocytes	6484	19/388	7/386	-1.57898	-0.54845	2.70029
SRX701967	TFs and others	CTCF	Pluripotent stem cell	hESC derived ectodermal cells	15925	53/388	76/386	-1.57548	-0.545295	0.693774
SRX4611709	TFs and others	ESR1	Breast	MCF-7	44380	134/388	164/386	-1.57461	-0.545116	0.812861
SRX4611743	TFs and others	ESR1	Breast	MCF-7	45726	134/388	164/386	-1.57461	-0.545116	0.812861
SRX12129503	TFs and others	BRD4	Blood	T cells	7619	164/388	133/386	-1.57256	-0.544823	1.22673
SRX190289	TFs and others	GABPA	Lung	A549	9777	164/388	133/386	-1.57256	-0.544823	1.22673
SRX4001762	TFs and others	RAD21	Blood	Macrophages	22781	47/388	69/386	-1.57184	-0.544823	0.677648
SRX5887623	TFs and others	SNAI2	Lung	PC-9	3359	77/388	53/386	-1.57164	-0.544823	1.44534
SRX2314263	TFs and others	SUPT5H	Blood	MOLT-4	13839	274/388	243/386	-1.57147	-0.544823	1.12176
SRX067536	TFs and others	CTCF	Uterus	HeLa	37435	99/388	127/386	-1.57144	-0.544823	0.775509
SRX3145148	TFs and others	CTCF	Neural	IMR-5	24453	99/388	127/386	-1.57144	-0.544823	0.775509
SRX2570610	TFs and others	CTCF	Blood	HAP1	23754	68/388	93/386	-1.57122	-0.544823	0.727414
SRX8570937	TFs and others	HAP1	Blood	KBM-7	33337	68/388	93/386	-1.57122	-0.544823	0.727414
SRX190216	TFs and others	CREB1	Blood	GM12878	24922	252/388	220/386	-1.56858	-0.542525	1.13955
SRX3123822	TFs and others	ESR1	Breast	MCF-7	10098	17/388	32/386	-1.56531	-0.540072	0.528512
SRX067446	TFs and others	CTCF	Lung	NHLF	29598	100/388	128/386	-1.5651	-0.540072	0.777223
SRX099875	TFs and others	CTCF	Others	FB0167P	26613	100/388	128/386	-1.5651	-0.540072	0.777223
SRX5089458	TFs and others	ESR1	Breast	MCF-7	10334	32/388	51/386	-1.56124	-0.536826	0.624217
SRX3934087	TFs and others	INTS13	Blood	HL-60	8810	168/388	137/386	-1.56046	-0.536826	1.21996
SRX1293531	TFs and others	KMT2A	Blood	MV-4-11	26361	334/388	309/386	-1.56036	-0.536826	1.07533
SRX080142	TFs and others	CTCF	Liver	Hep G2	25335	54/388	77/386	-1.56036	-0.536826	0.697684
SRX3583204	TFs and others	CTCF	Breast	MCF-7	40666	139/388	169/386	-1.56015	-0.536826	0.818246
SRX1165107	TFs and others	RAD21	Breast	MCF-7	24908	42/388	63/386	-1.55913	-0.536257	0.66323
SRX6578948	TFs and others	CTCF	Blood	CUTLL1	23141	101/388	129/386	-1.5589	-0.536257	0.77891
SRX356547	TFs and others	CTCF	Blood	Lymphoblastoid cell line	30552	117/388	146/386	-1.55749	-0.535187	0.797239
SRX3751769	TFs and others	BRD3	Adipocyte	LPS141	3205	64/388	42/386	-1.55548	-0.533991	1.51595
SRX4611706	TFs and others	ESR1	Breast	MCF-7	49746	141/388	171/386	-1.55492	-0.533991	0.820311
SRX10365558	TFs and others	ESR1	Breast	MCF-7	26073	37/388	57/386	-1.55469	-0.533991	0.645777
SRX4001907	TFs and others	RAD21	Blood	THP-1	22044	48/388	70/386	-1.5546	-0.533991	0.68218
SRX8841617	TFs and others	CTCF	Blood	Lymphoblasts	16395	48/388	70/386	-1.5546	-0.533991	0.68218
ERX1149110	TFs and others	CTCF	Blood	MEG-01	36151	118/388	147/386	-1.55304	-0.532907	0.798583
SRX395616	TFs and others	CTCF	Breast	T-47D	36670	102/388	130/386	-1.55284	-0.532907	0.780571
SRX176860	TFs and others	ESR1	Breast	MCF-7	51784	79/388	105/386	-1.55086	-0.531601	0.748503
SRX3583196	TFs and others	CTCF	Breast	MCF-7	24183	79/388	105/386	-1.55086	-0.531601	0.748503
SRX6578946	TFs and others	CTCF	Blood	CUTLL1	15348	70/388	95/386	-1.54921	-0.53077	0.733044
SRX080386	TFs and others	CTCF	Others	AG09319	34294	119/388	148/386	-1.54869	-0.53077	0.799909
ERX1149064	TFs and others	CTCF	Blood	HEL 92.1.7	26695	90/388	117/386	-1.54801	-0.53077	0.765266
SRX038665	TFs and others	CTCF	Lung	NHLF	26937	90/388	117/386	-1.54801	-0.53077	0.765266
SRX1026681	TFs and others	CTCF	Pancreas	PANC-1	27060	90/388	117/386	-1.54801	-0.53077	0.765266
SRX3367140	TFs and others	CTCF	Epidermis	SK-MEL-147	29639	90/388	117/386	-1.54801	-0.53077	0.765266
SRX2537515	TFs and others	BRD2	Epidermis	SK-MEL-147	31443	333/388	308/386	-1.54571	-0.530051	1.0756
ERX200537	TFs and others	CTCF	Blood	B cells	21330	55/388	78/386	-1.54571	-0.530051	0.701494
SRX359880	TFs and others	ATF2	Digestive tract	LoVo	7481	174/388	143/386	-1.54471	-0.530051	1.21051
SRX080442	TFs and others	CTCF	Lung	SAEC	35801	120/388	149/386	-1.54444	-0.530051	0.801218
SRX9702212	TFs and others	IRF3	Blood	MM.1S	20658	242/388	210/386	-1.54321	-0.530051	1.14644
SRX3591429	TFs and others	BRD4	Blood	B-CLL cells	6066	132/388	103/386	-1.54242	-0.530051	1.27495
SRX5757564	TFs and others	SMAD3	Breast	SUM 159PT	15952	308/388	280/386	-1.54189	-0.530051	1.09433
DRX044425	TFs and others	CTCF	Blood	T cells	27524	80/388	106/386	-1.54189	-0.530051	0.750827
SRX4564976	TFs and others	CTCF	Breast	MCF-7	27068	80/388	106/386	-1.54189	-0.530051	0.750827
ERX1149112	TFs and others	CTCF	Unclassified	Unclassified	31261	104/388	132/386	-1.54112	-0.530051	0.783818
SRX7202560	TFs and others	CTCF	Blood	K-562	26370	91/388	118/386	-1.54066	-0.530051	0.767211
SRX097087	TFs and others	GATA2	Blood	K-562	3457	4/388	13/386	-1.54056	-0.530051	0.306106
SRX1012749	TFs and others	ESR1	Breast	MCF-7	2624	4/388	13/386	-1.54056	-0.530051	0.306106
SRX3589926	TFs and others	STAG1	Breast	MCF 10A	2725	4/388	13/386	-1.54056	-0.530051	0.306106
SRX5426118	TFs and others	MTF2	Pluripotent stem cell	NT2-D1	1029	4/388	13/386	-1.54056	-0.530051	0.306106
SRX8406481	TFs and others	AR	Prostate	Prostatic Neoplasms, Castration-Resistant	9168	4/388	13/386	-1.54056	-0.530051	0.306106
SRX199895	TFs and others	CTCF	Kidney	RPTEC	41645	121/388	150/386	-1.5403	-0.530051	0.802509
SRX7427508	TFs and others	ESR1	Breast	MCF-7	16958	43/388	64/386	-1.53984	-0.530051	0.668412
SRX3124419	TFs and others	CTCF	Neural	KELLY	21680	71/388	96/386	-1.53863	-0.530051	0.735771
SRX5824588	TFs and others	BRD2	Breast	SUM 159PT	4382	107/388	80/386	-1.53778	-0.530051	1.33061
SRX1801655	TFs and others	CTCF	Digestive tract	COLO 829	39788	122/388	151/386	-1.53624	-0.530051	0.803782
SRX3437416	TFs and others	CTCF	Uterus	HeLa	41151	122/388	151/386	-1.53624	-0.530051	0.803782
SRX2020845	TFs and others	STAT3	Breast	Breast cancer cells	2363	12/388	25/386	-1.53556	-0.530051	0.477526
SRX3461646	TFs and others	KDM1A	Blood	OCI-LY1	2328	12/388	25/386	-1.53556	-0.530051	0.477526
SRX4023330	TFs and others	CDK9	Breast	T-47D	1721	12/388	25/386	-1.53556	-0.530051	0.477526
SRX9628174	TFs and others	NR3C1	Kidney	293	6706	12/388	25/386	-1.53556	-0.530051	0.477526
SRX356667	TFs and others	CTCF	Blood	GM19239	41491	150/388	180/386	-1.53517	-0.530051	0.829038
ERX1149109	TFs and others	CTCF	Blood	HEL 92.1.7	26682	92/388	119/386	-1.53348	-0.530051	0.769124
SRX9719169	TFs and others	ESR1	Breast	MCF-7	11259	21/388	37/386	-1.53345	-0.530051	0.564642
SRX7061817	TFs and others	BRD2	Blood	SEM	24707	307/388	279/386	-1.53312	-0.530051	1.09469
SRX433190	TFs and others	AR	Kidney	293	41112	81/388	107/386	-1.53312	-0.530051	0.753107
SRX6828395	TFs and others	CTCF	Breast	MCF-7	38239	81/388	107/386	-1.53312	-0.530051	0.753107
SRX1674506	TFs and others	MBD3	Uterus	HeLa	35004	350/388	328/386	-1.53277	-0.530051	1.06157
SRX9702210	TFs and others	IRF3	Blood	MM.1S	28869	265/388	234/386	-1.53229	-0.530051	1.12664
SRX7728613	TFs and others	CTCF	Pluripotent stem cell	hESC derived neural crests	30560	123/388	152/386	-1.53229	-0.530051	0.805039
SRX5341940	TFs and others	Epitope tags	Muscle	Rhabdomyosarcoma	3533	38/388	21/386	-1.53011	-0.530051	1.8002
SRX3271002	TFs and others	KDM1A	Pluripotent stem cell	hESC derived pancreatic cells	21954	282/388	252/386	-1.5299	-0.530051	1.11328
SRX199903	TFs and others	CTCF	Epidermis	NHDF-neo	31952	106/388	134/386	-1.5299	-0.530051	0.786967
SRX7099471	TFs and others	Epitope tags	Kidney	293	4980	59/388	38/386	-1.52923	-0.530051	1.54463
SRX199905	TFs and others	CTCF	Cardiovascular	HCM	36731	124/388	153/386	-1.52843	-0.530051	0.80628
SRX9345714	TFs and others	CTCF	Blood	Erythroid Cells	28407	124/388	153/386	-1.52843	-0.530051	0.80628
SRX2194279	TFs and others	BRD4	Breast	SUM 159PT	34603	295/388	266/386	-1.52646	-0.530051	1.10331
SRX5821022	TFs and others	CTCF	Blood	CD34 Hematopoietic stem cells	28244	125/388	154/386	-1.52466	-0.530051	0.807504
SRX9468663	TFs and others	AR	Prostate	LNCAP	94132	125/388	154/386	-1.52466	-0.530051	0.807504
SRX5848181	TFs and others	CTCF	Blood	K-562	26621	82/388	108/386	-1.52456	-0.530051	0.755346
SRX111776	TFs and others	CTCF	Blood	GM12869	29302	107/388	135/386	-1.52448	-0.530051	0.788507
SRX080343	TFs and others	CTCF	Epidermis	AG09309	9264	29/388	47/386	-1.52411	-0.530051	0.613841
SRX3230385	TFs and others	FOXP1	Liver	Hep G2	15697	29/388	47/386	-1.52411	-0.530051	0.613841
SRX1950173	TFs and others	AR	Prostate	VCaP	26918	25/388	42/386	-1.522	-0.530051	0.59217
SRX2236973	TFs and others	CTCF	Bone	U2OS	12110	25/388	42/386	-1.522	-0.530051	0.59217
SRX6175605	TFs and others	STAG1	Bone	A-673	15171	25/388	42/386	-1.522	-0.530051	0.59217
SRX4611729	TFs and others	ESR1	Breast	MCF-7	41575	126/388	155/386	-1.52098	-0.530051	0.808713
SRX5316107	TFs and others	O-GlcNAc	Prostate	PC-3	1436	48/388	29/386	-1.5207	-0.530051	1.64664
SRX8380647	TFs and others	ESR1	Bone	U2OS	7612	18/388	33/386	-1.52007	-0.530051	0.542643
SRX5486428	TFs and others	GFP	Digestive tract	HCT 116	12539	201/388	230/386	-1.51971	-0.530051	0.869408
SRX3110729	TFs and others	ESR1	Breast	MCF-7	32962	94/388	121/386	-1.51959	-0.530051	0.772855
SRX4708115	TFs and others	YY1	Liver	Hep G2	12034	280/388	250/386	-1.51918	-0.530051	1.11423
SRX5089452	TFs and others	ESR1	Breast	MCF-7	4968	15/388	29/386	-1.51866	-0.530051	0.514575
SRX366795	TFs and others	BRD3	Blood	MM.1S	3206	73/388	50/386	-1.51816	-0.530051	1.45247
SRX356576	TFs and others	STAG1	Blood	GM18505	20257	57/388	80/386	-1.5177	-0.530051	0.708827
SRX1030324	TFs and others	CTCF	Blood	Jurkat	42245	127/388	156/386	-1.51739	-0.530051	0.809906
SRX083217	TFs and others	AR	Prostate	LNCAP	2182	0/388	5/386	-1.51644	-0.530051	0
SRX097067	TFs and others	GATA1	Blood	CD34+	633	0/388	5/386	-1.51644	-0.530051	0
SRX1012694	TFs and others	PGR	Breast	MCF-7	632	0/388	5/386	-1.51644	-0.530051	0
SRX159192	TFs and others	NCOR1	Digestive tract	LS-180	375	0/388	5/386	-1.51644	-0.530051	0
SRX173206	TFs and others	AR	Prostate	LNCAP	3853	0/388	5/386	-1.51644	-0.530051	0
SRX1823812	TFs and others	FOSL2	Bone	Osteoblasts	200	0/388	5/386	-1.51644	-0.530051	0
SRX194573	TFs and others	GREB1	Breast	MCF-7	1545	0/388	5/386	-1.51644	-0.530051	0
SRX212445	TFs and others	FOXP3	Blood	Treg	551	0/388	5/386	-1.51644	-0.530051	0
SRX220001	TFs and others	AR	Prostate	LNCAP	3698	0/388	5/386	-1.51644	-0.530051	0
SRX220076	TFs and others	AR	Prostate	LNCAP	6860	0/388	5/386	-1.51644	-0.530051	0
SRX2442524	TFs and others	CUX1	Blood	K-562	590	0/388	5/386	-1.51644	-0.530051	0
SRX2578885	TFs and others	MED1	Breast	MDA-MB-231	832	0/388	5/386	-1.51644	-0.530051	0
SRX3287166	TFs and others	SMC3	Uterus	HeLa	1175	0/388	5/386	-1.51644	-0.530051	0
SRX367336	TFs and others	JMJD6	Uterus	HeLa	1082	0/388	5/386	-1.51644	-0.530051	0
SRX4170731	TFs and others	WDR5	Blood	MV-4-11	942	0/388	5/386	-1.51644	-0.530051	0
SRX4172741	TFs and others	GATA1	Digestive tract	HCT 116	707	0/388	5/386	-1.51644	-0.530051	0
SRX4643715	TFs and others	MAPK14	Blood	K-562	396	0/388	5/386	-1.51644	-0.530051	0
SRX4714460	TFs and others	BDP1	Breast	MCF 10A	579	0/388	5/386	-1.51644	-0.530051	0
SRX4739456	TFs and others	PTEN	Uterus	HeLa	750	0/388	5/386	-1.51644	-0.530051	0
SRX4998036	TFs and others	Epitope tags	Blood	HL-60	823	0/388	5/386	-1.51644	-0.530051	0
SRX502808	TFs and others	HIRA	Lung	IMR-90	747	0/388	5/386	-1.51644	-0.530051	0
SRX5089437	TFs and others	SMARCB1	Breast	MCF-7	1184	0/388	5/386	-1.51644	-0.530051	0
SRX5212363	TFs and others	GLTSCR1	Others	Mel270	447	0/388	5/386	-1.51644	-0.530051	0
SRX5486414	TFs and others	ZIC5	Digestive tract	HCT 116	691	0/388	5/386	-1.51644	-0.530051	0
SRX5501661	TFs and others	CDK9	Epidermis	A-375	591	0/388	5/386	-1.51644	-0.530051	0
SRX5508308	TFs and others	HIRA	Unclassified	Unclassified	745	0/388	5/386	-1.51644	-0.530051	0
SRX5665947	TFs and others	NFKB1	Kidney	293	767	0/388	5/386	-1.51644	-0.530051	0
SRX7054943	TFs and others	ERG	Cardiovascular	HAEC	597	0/388	5/386	-1.51644	-0.530051	0
SRX7202538	TFs and others	CTCF	Uterus	HEC-1-B	356	0/388	5/386	-1.51644	-0.530051	0
SRX7671890	TFs and others	SREBF2	Others	B-3	1370	0/388	5/386	-1.51644	-0.530051	0
SRX8080554	TFs and others	Epitope tags	Breast	Mammary gland adenocarcinoma	2684	0/388	5/386	-1.51644	-0.530051	0
SRX8089694	TFs and others	AR	Prostate	LAPC-4	2946	0/388	5/386	-1.51644	-0.530051	0
SRX821814	TFs and others	PPARG	Adipocyte	Adipose Tissue, White	702	0/388	5/386	-1.51644	-0.530051	0
SRX8984327	TFs and others	STAG1	Bone	A-673	1991	0/388	5/386	-1.51644	-0.530051	0
SRX4001833	TFs and others	CTCF	Blood	THP-1	27278	83/388	109/386	-1.51621	-0.530051	0.757543
SRX2452432	TFs and others	ETS1	Cardiovascular	HUVEC	806	30/388	15/386	-1.51543	-0.529779	1.98969
SRX1013333	TFs and others	SMC1A	Liver	HuCCT1	49381	165/388	195/386	-1.51487	-0.529779	0.841792
SRX190294	TFs and others	PML	Breast	MCF-7	6591	137/388	108/386	-1.51469	-0.529779	1.26198
SRX8246294	TFs and others	FGFR1	Breast	MCF-7	6424	137/388	108/386	-1.51469	-0.529779	1.26198
SRX360022	TFs and others	GRHL1	Digestive tract	LoVo	562	6/388	0/386	-1.51358	-0.528992	inf
SRX9055419	TFs and others	KLF1	Blood	HUDEP-2	11015	221/388	189/386	-1.51328	-0.528992	1.16328
SRX10656916	TFs and others	CTCF	Blood	K-562	18194	95/388	122/386	-1.51287	-0.528892	0.774675
SRX5848183	TFs and others	CTCF	Blood	K-562	20113	65/388	89/386	-1.51235	-0.528683	0.726572
SRX1469949	TFs and others	ESR1	Breast	MCF-7	19233	34/388	53/386	-1.51154	-0.528183	0.638203
SRX063921	TFs and others	ERG	Blood	K-562	19370	250/388	277/386	-1.50951	-0.526574	0.897875
SRX2529781	TFs and others	Epitope tags	Blood	RAJI	13697	212/388	180/386	-1.50931	-0.526574	1.17171
SRX080395	TFs and others	CTCF	Cardiovascular	HCFaa	36212	110/388	138/386	-1.50892	-0.526494	0.792993
SRX020507	TFs and others	ESR2	Bone	U2OS	5043	10/388	22/386	-1.50734	-0.525842	0.452202
SRX4473677	TFs and others	DPF2	Gonad	BIN-67	2075	10/388	22/386	-1.50734	-0.525842	0.452202
SRX7540326	TFs and others	BRD4	Breast	MCF-7	953	10/388	22/386	-1.50734	-0.525842	0.452202
SRX4001914	TFs and others	RAD21	Blood	THP-1	25769	58/388	81/386	-1.50431	-0.523697	0.712358
SRX253212	TFs and others	ZFX	Neural	Daoy	1274	23/388	10/386	-1.5042	-0.523697	2.28814
SRX116463	TFs and others	KDM4A	Pluripotent stem cell	hESC H1	14674	277/388	247/386	-1.50396	-0.523697	1.11568
SRX080370	TFs and others	CTCF	Epidermis	NHEK	30358	111/388	139/386	-1.50396	-0.523697	0.794445
SRX6578934	TFs and others	CTCF	Blood	T-ALL	25218	85/388	111/386	-1.50006	-0.52055	0.761819
SRX7202554	TFs and others	CTCF	Uterus	HEC-1-B	30437	85/388	111/386	-1.50006	-0.52055	0.761819
SRX100461	TFs and others	RAD21	Blood	GM12878	34353	97/388	124/386	-1.49989	-0.52055	0.778226
SRX4609168	TFs and others	BCL6	Blood	SU-DHL-4	22311	161/388	131/386	-1.49904	-0.520236	1.22267
SRX7719081	TFs and others	SMAD3	Others	H69	11378	255/388	224/386	-1.49767	-0.520236	1.13252
SRX4611711	TFs and others	ESR1	Breast	MCF-7	42187	133/388	162/386	-1.49767	-0.520236	0.816756
SRX5089449	TFs and others	ESR1	Breast	MCF-7	14206	30/388	48/386	-1.4968	-0.520236	0.621778
SRX1044121	TFs and others	ASCL1	Lung	NCI-H2107	4546	6/388	16/386	-1.49671	-0.520236	0.373067
SRX3068919	TFs and others	AR	Prostate	22Rv1	8601	6/388	16/386	-1.49671	-0.520236	0.373067
SRX471854	TFs and others	AR	Prostate	VCaP	7680	6/388	16/386	-1.49671	-0.520236	0.373067
SRX697735	TFs and others	PRKCQ	Blood	CD4+ T cells	4787	6/388	16/386	-1.49671	-0.520236	0.373067
SRX6175597	TFs and others	STAG2	Bone	A-673	10932	22/388	38/386	-1.49651	-0.520236	0.575963
SRX648242	TFs and others	ZBTB17	Digestive tract	LS-174T	3951	22/388	38/386	-1.49651	-0.520236	0.575963
SRX9419956	TFs and others	BRD4	Breast	SK-BR-3	26316	254/388	223/386	-1.49467	-0.51909	1.13314
SRX5391690	TFs and others	CTCF	Blood	Neutrophils	26459	134/388	163/386	-1.49467	-0.51909	0.817848
SRX2188673	TFs and others	BRCA1	Bone	TC-32	762	17/388	6/386	-1.49366	-0.51909	2.81873
SRX031246	TFs and others	CTCF	Cardiovascular	HUVEC	38337	98/388	125/386	-1.49361	-0.51909	0.779959
SRX831873	TFs and others	STAT5B	Blood	CD8+ T cells	6722	39/388	22/386	-1.49325	-0.51909	1.76359
SRX1514963	TFs and others	GFP	Kidney	293	15443	86/388	112/386	-1.49227	-0.51909	0.763899
SRX9867034	TFs and others	CTCF	Blood	Monocytes	15310	86/388	112/386	-1.49227	-0.51909	0.763899
SRX1531773	TFs and others	MED1	Liver	Hep G2	4017	8/388	19/386	-1.49165	-0.51909	0.418882
SRX186697	TFs and others	EZH2	Breast	HMEC	2320	8/388	19/386	-1.49165	-0.51909	0.418882
SRX573038	TFs and others	ELL2	Uterus	HeLa	1256	8/388	19/386	-1.49165	-0.51909	0.418882
SRX433197	TFs and others	AR	Prostate	PC-3	26433	40/388	60/386	-1.49151	-0.51909	0.66323
SRX4001763	TFs and others	RAD21	Blood	Macrophages	23813	52/388	74/386	-1.49111	-0.51909	0.699081
SRX6828397	TFs and others	RAD21	Breast	MCF-7	30473	52/388	74/386	-1.49111	-0.51909	0.699081
SRX8089638	TFs and others	FOXA1	Prostate	VCaP	30582	52/388	74/386	-1.49111	-0.51909	0.699081
SRX038562	TFs and others	CTCF	Breast	HMEC	25527	67/388	91/386	-1.48991	-0.518192	0.732469
SRX1353403	TFs and others	CTCF	Kidney	293	17610	35/388	54/386	-1.48833	-0.517217	0.644807
SRX2014554	TFs and others	SMC1A	Epidermis	Keratinocytes	12026	35/388	54/386	-1.48833	-0.517217	0.644807
SRX199872	TFs and others	CTCF	Epidermis	HFF	30527	99/388	126/386	-1.48747	-0.516659	0.781664
DRX013181	TFs and others	RAD21	Digestive tract	DLD-1	24238	46/388	67/386	-1.48603	-0.515822	0.683028
SRX5974559	TFs and others	CTCF	Blood	K-562	15328	46/388	67/386	-1.48603	-0.515822	0.683028
SRX7551119	TFs and others	SETD1A	Uterus	HeLa	14212	273/388	243/386	-1.48521	-0.515303	1.11767
SRX1013968	TFs and others	NELFA	Uterus	HeLa	5456	127/388	99/386	-1.48324	-0.513988	1.27622
SRX4611742	TFs and others	ESR1	Breast	MCF-7	47567	139/388	168/386	-1.48086	-0.513988	0.823116
SRX4367192	TFs and others	ESR1	Breast	MCF-7	54219	116/388	144/386	-1.48078	-0.513988	0.801403
SRX1165109	TFs and others	Epitope tags	Breast	MCF-7	36996	68/388	92/386	-1.47914	-0.513988	0.73532
SRX356546	TFs and others	CTCF	Blood	Lymphoblastoid cell line	17361	68/388	92/386	-1.47914	-0.513988	0.73532
SRX1885176	TFs and others	AR	Prostate	LNCAP	7458	3/388	11/386	-1.47851	-0.513988	0.271321
SRX194570	TFs and others	GREB1	Breast	MCF-7	3922	3/388	11/386	-1.47851	-0.513988	0.271321
SRX3366988	TFs and others	AR	Prostate	LNCAP	6000	3/388	11/386	-1.47851	-0.513988	0.271321
SRX4417541	TFs and others	BRD4	Pluripotent stem cell	hESC derived neural cells	525	3/388	11/386	-1.47851	-0.513988	0.271321
SRX4802338	TFs and others	ARNT	Kidney	HKC8	1452	3/388	11/386	-1.47851	-0.513988	0.271321
SRX4802343	TFs and others	ARNT	Kidney	HKC8	2652	3/388	11/386	-1.47851	-0.513988	0.271321
SRX6748243	TFs and others	AR	Prostate	Prostate cancer	3037	3/388	11/386	-1.47851	-0.513988	0.271321
SRX5503030	TFs and others	Epitope tags	Kidney	293	13109	248/388	217/386	-1.47833	-0.513988	1.13697
SRX1594208	TFs and others	CTCF	Breast	MCF-7	34727	140/388	169/386	-1.47833	-0.513988	0.824132
SRX7807104	TFs and others	CTCF	Unclassified	Unclassified	38396	140/388	169/386	-1.47833	-0.513988	0.824132
SRX3589919	TFs and others	STAG2	Breast	MCF 10A	4964	19/388	34/386	-1.47815	-0.513988	0.555943
SRX8901414	TFs and others	RAD21	Neural	hTERT RPE-1	9309	19/388	34/386	-1.47815	-0.513988	0.555943
SRX4001904	TFs and others	RAD21	Blood	THP-1	24703	53/388	75/386	-1.47649	-0.513988	0.703024
SRX150465	TFs and others	RCOR1	Blood	K-562	3833	13/388	26/386	-1.47645	-0.513988	0.497423
SRX3541100	TFs and others	ESR1	Breast	MCF-7	7709	13/388	26/386	-1.47645	-0.513988	0.497423
SRX6027752	TFs and others	NR2F2	Breast	MCF-7	4606	13/388	26/386	-1.47645	-0.513988	0.497423
SRX6686395	TFs and others	MTF2	Prostate	DU 145	2071	13/388	26/386	-1.47645	-0.513988	0.497423
SRX747792	TFs and others	FOXA1	Breast	MCF-7	7010	13/388	26/386	-1.47645	-0.513988	0.497423
SRX9206191	TFs and others	KDM6A	Digestive tract	HCT 116	1331	13/388	26/386	-1.47645	-0.513988	0.497423
SRX3636887	TFs and others	ZHX2	Kidney	Renal cell carcinoma	26916	287/388	258/386	-1.47559	-0.513988	1.10667
SRX080413	TFs and others	CTCF	Epidermis	AG09309	31584	101/388	128/386	-1.47559	-0.513988	0.784995
SRX1782978	TFs and others	ZMYND8	Kidney	293	648	12/388	3/386	-1.47555	-0.513988	3.97938
SRX730438	TFs and others	NCAPG	Breast	MCF-7	1143	12/388	3/386	-1.47555	-0.513988	3.97938
SRX3599292	TFs and others	ETS1	Cardiovascular	HUVEC	1318	35/388	19/386	-1.47497	-0.513703	1.83261
SRX4374942	TFs and others	RBPJ	Breast	HCC1599	13661	246/388	215/386	-1.47349	-0.512674	1.13829
SRX4708018	TFs and others	U2AF1	Liver	Hep G2	1429	27/388	13/386	-1.47335	-0.512674	2.06622
SRX4708087	TFs and others	SAFB	Blood	K-562	3245	41/388	61/386	-1.47208	-0.511698	0.668667
SRX190247	TFs and others	RAD21	Breast	MCF-7	42973	89/388	115/386	-1.46994	-0.510046	0.769924
SRX199867	TFs and others	CTCF	Lung	A549	35623	102/388	129/386	-1.46984	-0.510046	0.786622
SRX2188672	TFs and others	BRCA1	Bone	TC-32	2450	62/388	41/386	-1.46867	-0.509497	1.5044
SRX4221464	TFs and others	CTCF	Kidney	293	24791	69/388	93/386	-1.46864	-0.509497	0.738111
SRX5503029	TFs and others	Epitope tags	Kidney	293	14661	269/388	239/386	-1.46809	-0.509497	1.11972
SRX9178834	TFs and others	HAP1	Blood	HAP1	6164	119/388	147/386	-1.46809	-0.509497	0.805351
SRX1758493	TFs and others	NELFE	Breast	MCF-7	6276	147/388	118/386	-1.46773	-0.509497	1.23934
SRX2708829	TFs and others	YY1	Liver	HuH-7	2143	50/388	31/386	-1.46753	-0.509497	1.60459
SRX4611691	TFs and others	ESR1	Breast	MCF-7	44659	145/388	174/386	-1.46677	-0.509265	0.829038
SRX3592682	TFs and others	GATA6	Pluripotent stem cell	hESC HUES8	18069	31/388	16/386	-1.46669	-0.509265	1.92751
ERX1149092	TFs and others	CTCF	Blood	KU812	17386	61/388	84/386	-1.46642	-0.509265	0.722447
SRX019505	TFs and others	CTCF	Adipocyte	Adipose stromal cell	31231	79/388	104/386	-1.46286	-0.50655	0.7557
SRX4377533	TFs and others	BRD4	Breast	MDA-MB-231	35072	298/388	270/386	-1.46283	-0.50655	1.09801
SRX4564977	TFs and others	CTCF	Breast	MCF-7	25719	90/388	116/386	-1.46283	-0.50655	0.771863
SRX1165105	TFs and others	RAD21	Breast	MCF-7	31055	54/388	76/386	-1.46231	-0.506323	0.706864
SRX316360	TFs and others	NR3C1	Kidney	293	14161	23/388	39/386	-1.46188	-0.506184	0.586704
SRX4611690	TFs and others	ESR1	Breast	MCF-7	54045	149/388	178/386	-1.45879	-0.503616	0.832764
SRX5289962	TFs and others	NR3C1	Lung	BEAS-2B	33671	284/388	255/386	-1.45873	-0.503616	1.10798
ERX1149050	TFs and others	CTCF	Blood	MEG-01	36109	122/388	150/386	-1.45626	-0.501647	0.809141
SRX7551117	TFs and others	SETD1A	Uterus	HeLa	14498	297/388	269/386	-1.45589	-0.501647	1.0984
SRX199878	TFs and others	CTCF	Neural	BE(2)-C	34525	91/388	117/386	-1.45589	-0.501647	0.773769
SRX384490	TFs and others	XBP1	Breast	T-47D	6559	95/388	70/386	-1.45469	-0.501596	1.35015
ERX1149107	TFs and others	CTCF	Blood	KU812	17423	62/388	85/386	-1.45449	-0.501596	0.725652
SRX10656918	TFs and others	CTCF	Blood	K-562	10122	62/388	85/386	-1.45449	-0.501596	0.725652
SRX4001946	TFs and others	CTCF	Blood	THP-1	20289	62/388	85/386	-1.45449	-0.501596	0.725652
SRX5527617	TFs and others	EP300	Cardiovascular	HUVEC	26078	308/388	281/386	-1.45439	-0.501596	1.09044
SRX4001909	TFs and others	RAD21	Blood	THP-1	18881	42/388	62/386	-1.45339	-0.500885	0.673928
SRX6913054	TFs and others	BRD2	Blood	THP-1	14238	265/388	235/386	-1.4525	-0.500285	1.12185
SRX4417527	TFs and others	CTCF	Pluripotent stem cell	hESC derived neural cells	49851	208/388	236/386	-1.45187	-0.499944	0.876813
SRX159130	TFs and others	ZNF143	Kidney	293	1767	63/388	42/386	-1.45002	-0.498671	1.49227
SRX2778387	TFs and others	YY1	Blood	Lymphoblastoid cell line	2389	63/388	42/386	-1.45002	-0.498671	1.49227
SRX188946	TFs and others	CTCF	Blood	GM13977	35184	124/388	152/386	-1.44883	-0.497769	0.811584
SRX4890466	TFs and others	CTCF	Blood	Kasumi-1	24564	81/388	106/386	-1.44612	-0.496468	0.760212
SRX4155871	TFs and others	SMC1A	Bone	TC-32	12843	32/388	50/386	-1.44609	-0.496468	0.636701
SRX5089456	TFs and others	ESR1	Breast	MCF-7	9009	32/388	50/386	-1.44609	-0.496468	0.636701
SRX5290911	TFs and others	CTCF	Lung	IMR-90	16776	32/388	50/386	-1.44609	-0.496468	0.636701
SRX5486443	TFs and others	ZIC2	Digestive tract	HCT 116	3307	32/388	50/386	-1.44609	-0.496468	0.636701
SRX150389	TFs and others	NRF1	Blood	GM12878	4845	119/388	92/386	-1.4451	-0.495765	1.28681
SRX150722	TFs and others	MYC	Blood	NB-4	27668	229/388	198/386	-1.4435	-0.494738	1.1506
SRX2529782	TFs and others	Epitope tags	Blood	RAJI	17249	229/388	198/386	-1.4435	-0.494738	1.1506
SRX5577134	TFs and others	Epitope tags	Prostate	LNCAP	53586	63/388	86/386	-1.44289	-0.494415	0.728782
SRX3110740	TFs and others	ESR1	Breast	MCF-7	40955	126/388	154/386	-1.44175	-0.493767	0.813964
SRX2778385	TFs and others	YY1	Blood	Lymphoblastoid cell line	3872	87/388	63/386	-1.43931	-0.493767	1.37383
SRX7202551	TFs and others	RAD21	Uterus	HEC-1-B	10855	20/388	35/386	-1.4392	-0.493767	0.568483
SRX1514933	TFs and others	GFP	Kidney	293	6018	135/388	107/386	-1.43876	-0.493767	1.25518
SRX031244	TFs and others	CTCF	Pluripotent stem cell	hESC H1	38927	127/388	155/386	-1.43833	-0.493767	0.815131
SRX3591437	TFs and others	BRD4	Blood	B-CLL cells	11356	224/388	193/386	-1.43824	-0.493767	1.15464
SRX356689	TFs and others	CTCF	Blood	GM19240	43013	164/388	193/386	-1.43824	-0.493767	0.845361
SRX5848174	TFs and others	CTCF	Blood	K-562	29064	82/388	107/386	-1.43805	-0.493767	0.762405
SRX1531774	TFs and others	SMC1A	Liver	Hep G2	25525	49/388	70/386	-1.43761	-0.493767	0.696392
SRX4001868	TFs and others	RAD21	Blood	THP-1	19061	49/388	70/386	-1.43761	-0.493767	0.696392
SRX10881808	TFs and others	PBRM1	Kidney	G-401	12666	223/388	192/386	-1.43737	-0.493767	1.15547
SRX7054670	TFs and others	RELA	Cardiovascular	HAEC	26005	155/388	126/386	-1.43722	-0.493767	1.22382
SRX1212237	TFs and others	CREB1	Prostate	LNCAP	7583	190/388	160/386	-1.43705	-0.493767	1.18138
SRX5927380	TFs and others	CTCF	Uterus	Fallopian Tubes	31189	94/388	120/386	-1.43596	-0.493767	0.779296
SRX2194270	TFs and others	BRD4	Breast	SUM 159PT	24620	219/388	188/386	-1.43451	-0.493767	1.15889
SRX5600893	TFs and others	OLIG2	Neural	Prefrontal Cortex	9713	218/388	187/386	-1.43394	-0.493767	1.15977
SRX10120402	TFs and others	ATF4	Liver	Hep G2	2051	2/388	9/386	-1.43309	-0.493767	0.221077
SRX1183812	TFs and others	AR	Prostate	C4-2	6310	2/388	9/386	-1.43309	-0.493767	0.221077
SRX1629234	TFs and others	AR	Prostate	VCaP	3973	2/388	9/386	-1.43309	-0.493767	0.221077
SRX2242955	TFs and others	RBPJ	Neural	GSC8	531	2/388	9/386	-1.43309	-0.493767	0.221077
SRX2343934	TFs and others	EP300	Cardiovascular	Large pulmonary artery endothelial cells	1891	2/388	9/386	-1.43309	-0.493767	0.221077
SRX2911577	TFs and others	GATA3	Neural	CLB-Ga	3345	2/388	9/386	-1.43309	-0.493767	0.221077
SRX4417540	TFs and others	BRD4	Pluripotent stem cell	hESC derived neural cells	627	2/388	9/386	-1.43309	-0.493767	0.221077
SRX4525853	TFs and others	SMARCA4	Kidney	TTC-1240	836	2/388	9/386	-1.43309	-0.493767	0.221077
SRX6614769	TFs and others	SMC3	Lung	IMR-90	1340	2/388	9/386	-1.43309	-0.493767	0.221077
SRX736075	TFs and others	AR	Prostate	LNCAP	3482	2/388	9/386	-1.43309	-0.493767	0.221077
SRX8299780	TFs and others	CDC73	Blood	K-562	2611	2/388	9/386	-1.43309	-0.493767	0.221077
SRX8406477	TFs and others	AR	Prostate	Prostatic Neoplasms, Castration-Resistant	5597	2/388	9/386	-1.43309	-0.493767	0.221077
SRX8406478	TFs and others	AR	Prostate	Prostatic Neoplasms, Castration-Resistant	6897	2/388	9/386	-1.43309	-0.493767	0.221077
SRX8432580	TFs and others	TBP	Pluripotent stem cell	iPS cells	986	2/388	9/386	-1.43309	-0.493767	0.221077
SRX2683604	TFs and others	Epitope tags	Kidney	293	1973	28/388	45/386	-1.43301	-0.493767	0.619015
SRX190195	TFs and others	GABPA	Neural	SK-N-SH	9746	194/388	164/386	-1.43289	-0.493767	1.17683
SRX2020842	TFs and others	STAT3	Breast	HCC70	43422	194/388	164/386	-1.43289	-0.493767	1.17683
SRX150690	TFs and others	CTCF	Blood	GM12878	49718	176/388	205/386	-1.43181	-0.493048	0.854111
SRX4001887	TFs and others	CTCF	Blood	THP-1	19050	64/388	87/386	-1.43161	-0.493048	0.73184
SRX646135	TFs and others	NFE2	Blood	Erythroblasts	15486	196/388	166/386	-1.43117	-0.493003	1.17464
SRX5501660	TFs and others	DDX21	Epidermis	A-375	6639	157/388	128/386	-1.43046	-0.493003	1.22024
ERX200536	TFs and others	CTCF	Blood	B cells	28583	83/388	108/386	-1.43016	-0.493003	0.764557
SRX2837384	TFs and others	RELB	Blood	GM12878	16888	83/388	108/386	-1.43016	-0.493003	0.764557
SRX702133	TFs and others	THAP11	Pluripotent stem cell	hESC derived ectodermal cells	1035	46/388	28/386	-1.42985	-0.493003	1.63439
SRX327758	TFs and others	CDK9	Blood	MM.1S	8696	198/388	168/386	-1.42969	-0.493003	1.1725
SRX080380	TFs and others	CTCF	Lung	HPF	30669	95/388	121/386	-1.42961	-0.493003	0.781077
SRX1136738	TFs and others	JUND	Epidermis	Melanoma	4122	109/388	83/386	-1.42636	-0.490044	1.30648
SRX1091038	TFs and others	ARNTL	Blood	THP-1	803	1/388	7/386	-1.42319	-0.490044	0.142121
SRX1629235	TFs and others	AR	Prostate	VCaP	2938	1/388	7/386	-1.42319	-0.490044	0.142121
SRX1640090	TFs and others	AR	Prostate	LNCAP	3933	1/388	7/386	-1.42319	-0.490044	0.142121
SRX2353655	TFs and others	AR	Prostate	LNCAP	3023	1/388	7/386	-1.42319	-0.490044	0.142121
SRX2378694	TFs and others	AHR	Breast	MCF-7	2382	1/388	7/386	-1.42319	-0.490044	0.142121
SRX4802336	TFs and others	ARNT	Kidney	HKC8	2053	1/388	7/386	-1.42319	-0.490044	0.142121
SRX497608	TFs and others	PIAS1	Prostate	VCaP	3428	1/388	7/386	-1.42319	-0.490044	0.142121
SRX5486434	TFs and others	ZIC5	Digestive tract	HCT 116	1020	1/388	7/386	-1.42319	-0.490044	0.142121
SRX8089618	TFs and others	AR	Prostate	VCaP	3419	1/388	7/386	-1.42319	-0.490044	0.142121
SRX8406507	TFs and others	FOXA1	Prostate	Prostate	3194	1/388	7/386	-1.42319	-0.490044	0.142121
SRX5577157	TFs and others	AR	Prostate	LNCAP	17454	14/388	27/386	-1.42297	-0.490044	0.515846
SRX7785396	TFs and others	Epitope tags	Blood	Jurkat	3157	14/388	27/386	-1.42297	-0.490044	0.515846
SRX4001913	TFs and others	RAD21	Blood	THP-1	23591	50/388	71/386	-1.42253	-0.490044	0.700595
SRX11555334	TFs and others	CTCF	Lung	A549	11787	33/388	51/386	-1.42249	-0.490044	0.643723
SRX4937331	TFs and others	KAT2A	Digestive tract	HCT 116	531	8/388	1/386	-1.42043	-0.488261	7.95876
SRX3229195	TFs and others	GATA3	Breast	Breast cancer	8316	28/388	14/386	-1.41998	-0.488086	1.98969
SRX4611716	TFs and others	ESR1	Breast	MCF-7	39431	112/388	139/386	-1.41892	-0.487302	0.801602
SRX5416008	TFs and others	WDR5	Liver	SMMC-7721	22521	227/388	254/386	-1.41792	-0.486715	0.889094
SRX10131671	TFs and others	BRD4	Lung	Bronchial tracheal epithelial cells	6486	89/388	65/386	-1.41709	-0.486715	1.36217
SRX4377551	TFs and others	BRD2	Breast	MDA-MB-231	14157	254/388	224/386	-1.41671	-0.486715	1.12808
SRX5286326	TFs and others	NANOG	Pluripotent stem cell	hESC WIBR2	42120	99/388	74/386	-1.41636	-0.486715	1.33094
SRX7728608	TFs and others	EP300	Pluripotent stem cell	hESC H9	23691	226/388	253/386	-1.41498	-0.486715	0.888676
SRX5848176	TFs and others	CTCF	Blood	K-562	29719	85/388	110/386	-1.41493	-0.486715	0.768744
SRX1012744	TFs and others	ESR1	Breast	MCF-7	2299	5/388	14/386	-1.41355	-0.486715	0.355302
SRX10365552	TFs and others	NCOA3	Breast	MCF-7	4738	5/388	14/386	-1.41355	-0.486715	0.355302
SRX10644256	TFs and others	MCM2	Digestive tract	HCT 116	2405	5/388	14/386	-1.41355	-0.486715	0.355302
SRX3279750	TFs and others	IRF4	Blood	CD4+ T cells	1649	5/388	14/386	-1.41355	-0.486715	0.355302
SRX5493756	TFs and others	FOXA1	Breast	Breast cancer cells	3691	5/388	14/386	-1.41355	-0.486715	0.355302
SRX687556	TFs and others	GATA2	Blood	Erythroid progenitors	1526	5/388	14/386	-1.41355	-0.486715	0.355302
SRX747791	TFs and others	FOXA1	Breast	MCF-7	5372	5/388	14/386	-1.41355	-0.486715	0.355302
SRX8406451	TFs and others	AR	Prostate	Prostatic Neoplasms, Castration-Resistant	8273	5/388	14/386	-1.41355	-0.486715	0.355302
SRX10881800	TFs and others	SMARCC1	Kidney	G-401	3977	9/388	20/386	-1.4134	-0.486715	0.44768
SRX3800730	TFs and others	RAD21	Breast	T-47D	1689	9/388	20/386	-1.4134	-0.486715	0.44768
SRX3873717	TFs and others	ELL2	Lung	SW 1271	844	9/388	20/386	-1.4134	-0.486715	0.44768
SRX5060888	TFs and others	AR	Prostate	LNCAP	12787	9/388	20/386	-1.4134	-0.486715	0.44768
SRX102980	TFs and others	CTCF	Cardiovascular	HUVEC	38317	98/388	124/386	-1.41139	-0.484977	0.786249
SRX3468022	TFs and others	SUZ12	Others	Aska	882	15/388	5/386	-1.41069	-0.484906	2.98454
SRX748434	TFs and others	HNF4A	Digestive tract	HCT 116	2991	15/388	5/386	-1.41069	-0.484906	2.98454
SRX3285592	TFs and others	KDM5B	Breast	FULR	1400	21/388	9/386	-1.41049	-0.484906	2.32131
SRX5806609	TFs and others	CTCF	Breast	MCF-7	40684	114/388	141/386	-1.41003	-0.484906	0.804343
SRX347424	TFs and others	STAT3	Blood	OCI-LY-7	6590	66/388	89/386	-1.40996	-0.484906	0.73775
SRX150627	TFs and others	MYC	Blood	K-562	30183	251/388	221/386	-1.4086	-0.484089	1.12989
SRX4611702	TFs and others	ESR1	Breast	MCF-7	47600	137/388	165/386	-1.4086	-0.484089	0.826023
SRX4931242	TFs and others	KMT2D	Kidney	293	3488	100/388	75/386	-1.40737	-0.483722	1.32646
SRX2770859	TFs and others	SMC1A	Blood	Macrophages	29541	29/388	46/386	-1.40642	-0.483722	0.627185
SRX5342367	TFs and others	FOXL2	Gonad	SVOG-3e	10810	29/388	46/386	-1.40642	-0.483722	0.627185
SRX5342369	TFs and others	FOXL2	Gonad	SVOG-3e	11859	29/388	46/386	-1.40642	-0.483722	0.627185
SRX6367582	TFs and others	NCOA1	Kidney	293	17928	29/388	46/386	-1.40642	-0.483722	0.627185
SRX8984329	TFs and others	RAD21	Bone	A-673	16344	29/388	46/386	-1.40642	-0.483722	0.627185
SRX359404	TFs and others	EP300	Kidney	293	3020	81/388	58/386	-1.40634	-0.483722	1.38935
SRX101132	TFs and others	AR	Prostate	VCaP	36862	39/388	58/386	-1.40486	-0.482573	0.668948
SRX1818077	TFs and others	AR	Prostate	LNCAP	22460	21/388	36/386	-1.40289	-0.482573	0.580326
SRX2642370	TFs and others	HOXB13	Prostate	VCaP	12823	21/388	36/386	-1.40289	-0.482573	0.580326
SRX497605	TFs and others	AR	Prostate	VCaP	21920	21/388	36/386	-1.40289	-0.482573	0.580326
SRX5577153	TFs and others	AR	Prostate	LNCAP	23708	21/388	36/386	-1.40289	-0.482573	0.580326
SRX6949258	TFs and others	GFP	Uterus	HeLa	8920	21/388	36/386	-1.40289	-0.482573	0.580326
SRX5738755	TFs and others	Crotonyllysine	Pluripotent stem cell	hESC derived Endodermal cells	24048	312/388	286/386	-1.40222	-0.482573	1.08529
SRX2578881	TFs and others	ESR1	Breast	MDA-MB-231	10281	45/388	65/386	-1.40132	-0.482573	0.688739
SRX5089462	TFs and others	ESR1	Breast	MCF-7	13687	45/388	65/386	-1.40132	-0.482573	0.688739
SRX5290904	TFs and others	CTCF	Prostate	LNCAP	22264	45/388	65/386	-1.40132	-0.482573	0.688739
SRX101131	TFs and others	AR	Prostate	VCaP	10795	7/388	17/386	-1.4008	-0.482573	0.409642
SRX1012609	TFs and others	EP300	Breast	T-47D	7236	7/388	17/386	-1.4008	-0.482573	0.409642
SRX9469982	TFs and others	KLF4	Prostate	LAPC-4	7261	7/388	17/386	-1.4008	-0.482573	0.409642
SRX9513903	TFs and others	FOXA1	Prostate	LNCAP	3492	7/388	17/386	-1.4008	-0.482573	0.409642
SRX9555212	TFs and others	RNF2	Kidney	293	1184	7/388	17/386	-1.4008	-0.482573	0.409642
SRX10484572	TFs and others	KMT2A	Others	Acute lymphoid leukemia	1939	37/388	21/386	-1.39987	-0.482573	1.75282
SRX5794313	TFs and others	TCF7	Breast	Breast organoids	1510	37/388	21/386	-1.39987	-0.482573	1.75282
ERX1149077	TFs and others	CTCF	Blood	KU812	17369	67/388	90/386	-1.39956	-0.482573	0.740607
SRX1515041	TFs and others	GFP	Kidney	293	5675	67/388	90/386	-1.39956	-0.482573	0.740607
SRX356644	TFs and others	STAG1	Blood	GM19193	22874	67/388	90/386	-1.39956	-0.482573	0.740607
SRX5719577	TFs and others	CTCF	Blood	Jurkat	19772	67/388	90/386	-1.39956	-0.482573	0.740607
SRX667414	TFs and others	Epitope tags	Breast	MCF-7	20211	141/388	169/386	-1.39879	-0.482542	0.830019
SRX5486412	TFs and others	ZIC5	Digestive tract	HCT 116	3797	25/388	41/386	-1.39873	-0.482542	0.606613
SRX8406529	TFs and others	FOXA1	Prostate	Prostatic Neoplasms, Castration-Resistant	20926	25/388	41/386	-1.39873	-0.482542	0.606613
SRX751541	TFs and others	NOTCH1	Blood	CD34 Hematopoietic stem cells	540	18/388	7/386	-1.39794	-0.482018	2.55817
SRX6384786	TFs and others	MED26	Digestive tract	HCT 116	4696	113/388	87/386	-1.39663	-0.481129	1.29216
SRX080358	TFs and others	CTCF	Epidermis	AG04449	36028	142/388	170/386	-1.39652	-0.481129	0.830988
SRX360059	TFs and others	ZNF280D	Digestive tract	LoVo	1372	42/388	25/386	-1.39568	-0.480555	1.67134
SRX203391	TFs and others	CDK9	Blood	Plasma Cells	9979	170/388	141/386	-1.39413	-0.479683	1.19946
SRX3857002	TFs and others	CDKN1B	Breast	MDA-MB-231	35051	336/388	313/386	-1.39383	-0.479683	1.06795
SRX3056626	TFs and others	CTCF	Blood	Erythroblasts	38736	118/388	145/386	-1.39342	-0.479683	0.809598
SRX5821040	TFs and others	CTCF	Blood	HUDEP-2	28723	118/388	145/386	-1.39342	-0.479683	0.809598
SRX100493	TFs and others	HEY1	Liver	Hep G2	26419	300/388	273/386	-1.39338	-0.479683	1.09324
SRX5316108	TFs and others	O-GlcNAc	Prostate	PC-3	5364	145/388	117/386	-1.39322	-0.479683	1.23293
SRX9419925	TFs and others	BRD4	Breast	SK-BR-3	17676	171/388	142/386	-1.39185	-0.478577	1.19802
SRX10131683	TFs and others	BRD4	Lung	Bronchial tracheal epithelial cells	2856	74/388	52/386	-1.39051	-0.477502	1.41574
SRX212652	TFs and others	STAT1	Blood	Monocytes-CD14+	14630	172/388	143/386	-1.38963	-0.477223	1.1966
SRX6916369	TFs and others	CTCF	Kidney	iSLK	21960	68/388	91/386	-1.38944	-0.477223	0.743401
SRX8949279	TFs and others	NCOA3	Breast	ZR-75-1	47409	68/388	91/386	-1.38944	-0.477223	0.743401
SRX100531	TFs and others	CTCF	Liver	Hep G2	50715	146/388	174/386	-1.38809	-0.4764	0.834755
SRX6902857	TFs and others	CTCF	Blood	CD34+	42812	146/388	174/386	-1.38809	-0.4764	0.834755
SRX186782	TFs and others	KDM5B	Blood	K-562	14561	241/388	211/386	-1.38615	-0.475863	1.13629
SRX667411	TFs and others	Epitope tags	Breast	MCF-7	13949	147/388	175/386	-1.38615	-0.475863	0.83567
SRX9345717	TFs and others	CTCF	Blood	Erythroid Cells	33304	147/388	175/386	-1.38615	-0.475863	0.83567
SRX1353402	TFs and others	CTCF	Kidney	293	22098	40/388	59/386	-1.38606	-0.475863	0.674471
SRX4001878	TFs and others	RAD21	Blood	THP-1	15974	40/388	59/386	-1.38606	-0.475863	0.674471
SRX2194263	TFs and others	BRD4	Breast	SUM 159PT	31057	268/388	239/386	-1.38567	-0.475863	1.11556
SRX9345715	TFs and others	CTCF	Blood	Erythroid Cells	26861	120/388	147/386	-1.38567	-0.475863	0.812119
SRX080352	TFs and others	CTCF	Digestive tract	Caco-2	25192	78/388	102/386	-1.38528	-0.475863	0.760764
SRX5089451	TFs and others	ESR1	Breast	MCF-7	12992	46/388	66/386	-1.38519	-0.475863	0.693377
SRX111774	TFs and others	CTCF	Blood	GM12867	26874	103/388	129/386	-1.38361	-0.475228	0.794334
SRX2578870	TFs and others	ESR1	Breast	MDA-MB-231	9438	18/388	32/386	-1.38351	-0.475228	0.559601
SRX3123810	TFs and others	ESR1	Breast	MCF-7	11597	18/388	32/386	-1.38351	-0.475228	0.559601
SRX4786539	TFs and others	ESR1	Breast	MCF-7	6192	18/388	32/386	-1.38351	-0.475228	0.559601
SRX4611713	TFs and others	ESR1	Breast	MCF-7	50498	149/388	177/386	-1.38247	-0.474449	0.837469
SRX3636888	TFs and others	ZHX2	Kidney	Renal cell carcinoma	10838	176/388	147/386	-1.38142	-0.473693	1.19111
SRX3468052	TFs and others	SUZ12	Others	Fibroblasts	3060	30/388	47/386	-1.38117	-0.473693	0.635008
SRX1477653	TFs and others	Epitope tags	Lung	MRC-5	5894	12/388	24/386	-1.38071	-0.473693	0.497423
SRX3506182	TFs and others	Pan-acetyllysine	Liver	Hep G2	2150	33/388	18/386	-1.38058	-0.473693	1.82388
SRX1514959	TFs and others	GFP	Kidney	293	7578	53/388	74/386	-1.38015	-0.473693	0.712524
SRX3288572	TFs and others	RNF2	Pluripotent stem cell	hESC H9	5969	53/388	74/386	-1.38015	-0.473693	0.712524
SRX4221460	TFs and others	CTCF	Neural	SK-N-SH	23922	90/388	115/386	-1.37981	-0.473612	0.778575
SRX2368897	TFs and others	FOXA2	Lung	A549	15357	35/388	53/386	-1.37844	-0.47338	0.656973
SRX5824570	TFs and others	BRD2	Breast	SUM 149PT	17177	284/388	256/386	-1.37841	-0.47338	1.10366
SRX199881	TFs and others	CTCF	Neural	BE(2)-C	37676	104/388	130/386	-1.37841	-0.47338	0.795876
SRX3056629	TFs and others	CTCF	Blood	Erythroblasts	39606	122/388	149/386	-1.37828	-0.47338	0.814571
SRX4611730	TFs and others	ESR1	Breast	MCF-7	37737	122/388	149/386	-1.37828	-0.47338	0.814571
SRX11094547	TFs and others	FLI1	Bone	MIC	12335	25/388	12/386	-1.37784	-0.473328	2.07259
SRX10760632	TFs and others	BRD4	Blood	MM.1S	12641	178/388	149/386	-1.37771	-0.473328	1.18847
SRX3075718	TFs and others	DNMT3A	Breast	MCF-7	17594	79/388	103/386	-1.37712	-0.473255	0.763037
SRX4313224	TFs and others	RAD21	Muscle	RH-4	30392	79/388	103/386	-1.37712	-0.473255	0.763037
SRX2145563	TFs and others	ESR1	Breast	MCF-7	7645	15/388	28/386	-1.37431	-0.471685	0.532953
SRX8616997	TFs and others	TET2	Breast	MCF-7	6676	15/388	28/386	-1.37431	-0.471685	0.532953
SRX9719171	TFs and others	ESR1	Breast	MCF-7	8895	15/388	28/386	-1.37431	-0.471685	0.532953
SRX1053364	TFs and others	CTCF	Pluripotent stem cell	ES cells	24068	61/388	83/386	-1.37426	-0.471685	0.731151
SRX7626336	TFs and others	CTCF	Others	Mesenchymal Stromal Cells	14512	61/388	83/386	-1.37426	-0.471685	0.731151
SRX111778	TFs and others	CTCF	Blood	GM12866	28372	105/388	131/386	-1.37333	-0.471643	0.797395
SRX7719077	TFs and others	SMAD3	Others	H69	10619	233/388	203/386	-1.37293	-0.471643	1.14187
SRX102984	TFs and others	CTCF	Uterus	HeLa	55963	155/388	183/386	-1.37293	-0.471643	0.842629
SRX3447359	TFs and others	ESR1	Breast	MCF-7	60992	155/388	183/386	-1.37293	-0.471643	0.842629
SRX9095264	TFs and others	CTCF	Pluripotent stem cell	hESC H9	58361	155/388	183/386	-1.37293	-0.471643	0.842629
SRX2194278	TFs and others	BRD4	Breast	SUM 159PT	39294	264/388	235/386	-1.37122	-0.470446	1.11761
SRX4284012	TFs and others	CTCF	Blood	B cells	35765	124/388	151/386	-1.37122	-0.470446	0.816959
SRX1738529	TFs and others	CTCF	Blood	Hematopoietic Stem Cells	12849	70/388	93/386	-1.36997	-0.469772	0.748808
SRX1038945	TFs and others	YAP1	Lung	IMR-90	18267	26/388	42/386	-1.36985	-0.469772	0.615857
SRX4001911	TFs and others	RAD21	Blood	THP-1	20346	47/388	67/386	-1.36962	-0.469772	0.697877
SRX7748767	TFs and others	BRD2	Digestive tract	DLD-1	5598	117/388	91/386	-1.36952	-0.469772	1.27909
SRX2642373	TFs and others	HOXB13	Prostate	VCaP	16284	22/388	37/386	-1.36895	-0.469645	0.59153
SRX1514919	TFs and others	GFP	Kidney	293	4220	41/388	60/386	-1.36798	-0.469645	0.679811
SRX199862	TFs and others	CTCF	Lung	WI-38	11716	41/388	60/386	-1.36798	-0.469645	0.679811
SRX2559013	TFs and others	RAD21	Cardiovascular	HUVEC	21921	41/388	60/386	-1.36798	-0.469645	0.679811
SRX8706939	TFs and others	E2F1	Prostate	C4-2	36822	41/388	60/386	-1.36798	-0.469645	0.679811
SRX188947	TFs and others	CTCF	Blood	GM10266	32995	125/388	152/386	-1.36782	-0.469645	0.818129
SRX4393708	TFs and others	GATA2	Blood	ME-1	9130	152/388	124/386	-1.36699	-0.469645	1.21949
SRX1161192	TFs and others	FOXA1	Breast	ZR-75-1	38978	54/388	75/386	-1.3669	-0.469645	0.716289
SRX6175612	TFs and others	RAD21	Bone	A-673	25378	54/388	75/386	-1.3669	-0.469645	0.716289
SRX2166893	TFs and others	CTCF	Neural	Retina	19533	92/388	117/386	-1.36684	-0.469645	0.782272
SRX4047133	TFs and others	PHF8	Digestive tract	RKO	2702	68/388	47/386	-1.36642	-0.46948	1.43935
SRX356455	TFs and others	CTCF	Blood	GM12878	43161	162/388	190/386	-1.36456	-0.467874	0.848237
SRX080333	TFs and others	CTCF	Blood	GM12875	14451	62/388	84/386	-1.36308	-0.466902	0.734291
SRX371483	TFs and others	FOXA1	Breast	MCF-7	33582	62/388	84/386	-1.36308	-0.466902	0.734291
SRX9345719	TFs and others	CTCF	Blood	Erythroid Cells	29923	127/388	154/386	-1.36126	-0.465336	0.820424
SRX5661983	TFs and others	CREB1	Kidney	Kidney Cortex	29137	295/388	268/386	-1.36058	-0.465164	1.09507
SRX199904	TFs and others	CTCF	Epidermis	NHDF-neo	27913	93/388	118/386	-1.36058	-0.465164	0.784073
SRX4417538	TFs and others	BRD4	Pluripotent stem cell	hESC derived neural cells	4266	85/388	62/386	-1.35974	-0.464577	1.3639
SRX102977	TFs and others	CTCF	Blood	GM19240	38148	170/388	198/386	-1.3585	-0.46359	0.85416
SRX8673475	TFs and others	CTCF	Bone	HT-1080	59657	171/388	199/386	-1.358	-0.463386	0.854867
SRX2510812	TFs and others	NELFA	Uterus	HeLa	5374	106/388	81/386	-1.35779	-0.463386	1.3019
SRX5089503	TFs and others	HDAC1	Breast	MCF-7	4724	119/388	93/386	-1.35685	-0.4627	1.27297
SRX6743819	TFs and others	TFEB	Pluripotent stem cell	iPS cells	13773	193/388	220/386	-1.35601	-0.462344	0.872751
SRX190209	TFs and others	YY1	Uterus	ECC-1	14453	209/388	179/386	-1.35599	-0.462344	1.16158
SRX5503032	TFs and others	Epitope tags	Kidney	293	15237	259/388	230/386	-1.35501	-0.461649	1.12028
SRX8418557	TFs and others	AFF1	Blood	Bone Marrow Cells	6243	55/388	36/386	-1.35479	-0.461649	1.5199
SRX9419955	TFs and others	BRD4	Breast	SK-BR-3	19008	198/388	169/386	-1.35393	-0.461375	1.16556
SRX103004	TFs and others	CTCF	Breast	MCF-7	53918	190/388	217/386	-1.35393	-0.461375	0.871063
SRX5848172	TFs and others	CTCF	Blood	K-562	29017	82/388	106/386	-1.35376	-0.461375	0.769597
SRX3161002	TFs and others	ZBTB7A	Blood	K-562	18832	185/388	212/386	-1.35158	-0.459447	0.868143
SRX5574499	TFs and others	SPI1	Blood	CTV-1	14011	96/388	72/386	-1.34806	-0.456179	1.32646
SRX150373	TFs and others	MXI1	Pluripotent stem cell	hESC H1	3353	62/388	42/386	-1.3475	-0.45587	1.46858
SRX5290914	TFs and others	CTCF	Lung	IMR-90	10789	19/388	33/386	-1.34517	-0.454977	0.57279
SRX173208	TFs and others	NR3C1	Prostate	LNCAP	7856	10/388	21/386	-1.34502	-0.454977	0.473736
SRX3629593	TFs and others	ESR1	Breast	MCF-7	5648	10/388	21/386	-1.34502	-0.454977	0.473736
SRX8089619	TFs and others	AR	Prostate	VCaP	13247	10/388	21/386	-1.34502	-0.454977	0.473736
SRX9628178	TFs and others	NR3C1	Kidney	293	6571	10/388	21/386	-1.34502	-0.454977	0.473736
SRX4377528	TFs and others	BRD2	Breast	MDA-MB-231	14167	255/388	226/386	-1.34343	-0.454977	1.1225
SRX070882	TFs and others	NOTCH1	Blood	CUTLL1	5504	108/388	83/386	-1.34279	-0.454977	1.2945
SRX067534	TFs and others	CTCF	Muscle	HSMM	34611	96/388	121/386	-1.3426	-0.454977	0.789299
SRX5417099	TFs and others	CTCF	Uterus	HeLa	38218	96/388	121/386	-1.3426	-0.454977	0.789299
SRX5848165	TFs and others	CTCF	Blood	K-562	33540	96/388	121/386	-1.3426	-0.454977	0.789299
SRX4155872	TFs and others	SMC1A	Bone	TC-32	10100	27/388	43/386	-1.34257	-0.454977	0.62467
SRX7898176	TFs and others	QRICH1	Digestive tract	HT-29	2045	27/388	43/386	-1.34257	-0.454977	0.62467
SRX6748228	TFs and others	TET2	Prostate	Prostate cancer	1839	34/388	19/386	-1.34232	-0.454977	1.78025
SRX100564	TFs and others	ESR1	Breast	T-47D	1639	22/388	10/386	-1.34225	-0.454977	2.18866
SRX2963103	TFs and others	TET2	Blood	PBMC	11599	22/388	10/386	-1.34225	-0.454977	2.18866
SRX366788	TFs and others	BRD2	Blood	MM.1S	1112	22/388	10/386	-1.34225	-0.454977	2.18866
SRX6743812	TFs and others	CHD6	Pluripotent stem cell	iPS derived neural cells	1480	22/388	10/386	-1.34225	-0.454977	2.18866
SRX080392	TFs and others	CTCF	Uterus	HeLa	19744	64/388	86/386	-1.34165	-0.454977	0.74035
SRX080389	TFs and others	CTCF	Digestive tract	HEEpiC	25224	56/388	77/386	-1.34161	-0.454977	0.723524
SRX360581	TFs and others	SMC3	Digestive tract	GP5d	21778	56/388	77/386	-1.34161	-0.454977	0.723524
SRX752907	TFs and others	CREB1	Prostate	LNCAP	16061	276/388	248/386	-1.34075	-0.45441	1.10717
SRX204163	TFs and others	SUMO1	Lung	WI-38	9128	49/388	69/386	-1.34005	-0.45441	0.706484
SRX3110774	TFs and others	SMC3	Uterus	HeLa	16909	49/388	69/386	-1.34005	-0.45441	0.706484
SRX4001908	TFs and others	RAD21	Blood	THP-1	21284	49/388	69/386	-1.34005	-0.45441	0.706484
SRX3583225	TFs and others	CTCF	Breast	MCF-7	24037	84/388	108/386	-1.33909	-0.453698	0.773769
SRX7719078	TFs and others	SMAD3	Others	H69	12184	253/388	224/386	-1.33808	-0.453183	1.12364
ERX989298	TFs and others	CTCF	Blood	K-562	39309	135/388	162/386	-1.33808	-0.453183	0.829038
SRX4451208	TFs and others	ESR1	Breast	MCF-7	10912	23/388	38/386	-1.33717	-0.452905	0.602143
SRX736065	TFs and others	AR	Prostate	LNCAP	18339	23/388	38/386	-1.33717	-0.452905	0.602143
SRX080357	TFs and others	CTCF	Blood	GM12872	27575	97/388	122/386	-1.33687	-0.452905	0.790984
SRX5333219	TFs and others	CTCF	Blood	697	52760	136/388	163/386	-1.33551	-0.452905	0.830055
SRX6927195	TFs and others	THAP11	Kidney	293	3070	56/388	37/386	-1.33511	-0.452905	1.50571
SRX6927199	TFs and others	THAP11	Kidney	293	2070	39/388	23/386	-1.33429	-0.452905	1.68691
SRX038505	TFs and others	CTCF	Blood	GM12878	9716	32/388	49/386	-1.33429	-0.452905	0.649695
SRX5124845	TFs and others	FOXA1	Prostate	22Rv1	10459	32/388	49/386	-1.33429	-0.452905	0.649695
SRX097105	TFs and others	CEBPA	Blood	K-562	3483	4/388	12/386	-1.33403	-0.452905	0.331615
SRX1629238	TFs and others	AR	Prostate	VCaP	5525	4/388	12/386	-1.33403	-0.452905	0.331615
SRX176053	TFs and others	AR	Prostate	C4-2	2748	4/388	12/386	-1.33403	-0.452905	0.331615
SRX2023698	TFs and others	GATA4	Pluripotent stem cell	iPS derived cardiac cells	2785	4/388	12/386	-1.33403	-0.452905	0.331615
SRX2881007	TFs and others	ESR1	Breast	MCF-7	2950	4/388	12/386	-1.33403	-0.452905	0.331615
SRX730441	TFs and others	EP300	Breast	MCF-7	412	4/388	12/386	-1.33403	-0.452905	0.331615
SRX433202	TFs and others	AR	Prostate	PC-3	24176	43/388	62/386	-1.33386	-0.452905	0.689973
SRX7202542	TFs and others	CTCF	Uterus	HEC-1-B	15189	43/388	62/386	-1.33386	-0.452905	0.689973
SRX100541	TFs and others	ELF1	Blood	GM12878	18360	274/388	246/386	-1.33234	-0.451629	1.10808
SRX1503375	TFs and others	HNF1A	Gonad	Caput epididymis	4256	13/388	4/386	-1.33137	-0.451609	3.23325
SRX1721486	TFs and others	ETV1	Digestive tract	GIST-T1	836	13/388	4/386	-1.33137	-0.451609	3.23325
SRX6101128	TFs and others	SOX2	Pluripotent stem cell	hESC H9	5204	13/388	4/386	-1.33137	-0.451609	3.23325
SRX3437461	TFs and others	NRF1	Uterus	HeLa	2189	50/388	32/386	-1.33134	-0.451609	1.55445
SRX059710	TFs and others	HDAC1	Prostate	VCaP	1249	16/388	29/386	-1.32982	-0.451498	0.54888
SRX1033293	TFs and others	FOXA1	Prostate	LNCAP	14714	16/388	29/386	-1.32982	-0.451498	0.54888
SRX3703147	TFs and others	MEF2B	Blood	DLBCL	6683	16/388	29/386	-1.32982	-0.451498	0.54888
SRX8083087	TFs and others	FGFR1	Breast	CAMA-1	1730	16/388	29/386	-1.32982	-0.451498	0.54888
SRX9567093	TFs and others	MYCN	Neural	IMR-32	1515	16/388	29/386	-1.32982	-0.451498	0.54888
SRX1744958	TFs and others	CTCF	Blood	THP-1	17106	57/388	78/386	-1.32952	-0.451498	0.727002
SRX5974560	TFs and others	CTCF	Blood	K-562	18107	57/388	78/386	-1.32952	-0.451498	0.727002
SRX1721484	TFs and others	ETV1	Digestive tract	GIST-T1	11646	88/388	65/386	-1.32808	-0.450466	1.34687
SRX475743	TFs and others	GABPA	Blood	GM12878	5112	124/388	98/386	-1.32757	-0.450466	1.25878
SRX1738532	TFs and others	STAG1	Blood	Erythroid Cells	3831	13/388	25/386	-1.32711	-0.450466	0.51732
SRX3032997	TFs and others	AR	Prostate	LNCAP	14351	13/388	25/386	-1.32711	-0.450466	0.51732
SRX471205	TFs and others	AR	Prostate	C4-2	17776	13/388	25/386	-1.32711	-0.450466	0.51732
SRX6977274	TFs and others	LIN28B	Neural	CHP-134	1285	30/388	16/386	-1.32703	-0.450466	1.86534
SRX4377540	TFs and others	BRD2	Breast	MDA-MB-231	12282	248/388	219/386	-1.32591	-0.449589	1.12658
SRX4708036	TFs and others	RBM25	Liver	Hep G2	34959	313/388	288/386	-1.32546	-0.449382	1.0812
SRX5195155	TFs and others	VDR	Prostate	PrEC	2306	26/388	13/386	-1.32436	-0.448706	1.98969
SRX6473440	TFs and others	Epitope tags	Pluripotent stem cell	hESC derived neural crests	16269	272/388	244/386	-1.3243	-0.448706	1.10901
SRX366792	TFs and others	BRD3	Blood	MM.1S	8379	167/388	139/386	-1.32386	-0.44857	1.19525
SRX3447351	TFs and others	ESR1	Breast	MCF-7	51721	141/388	168/386	-1.32368	-0.44857	0.834959
SRX10828251	TFs and others	AR	Digestive tract	HGC-27	3206	71/388	50/386	-1.32288	-0.448012	1.41268
SRX4792902	TFs and others	CTCF	Breast	T-47D	23935	142/388	169/386	-1.32151	-0.446991	0.835906
SRX356577	TFs and others	STAG1	Blood	GM18505	19211	66/388	88/386	-1.32136	-0.446991	0.746134
SRX5001395	TFs and others	CTCF	Bone	HT-1080	29556	100/388	125/386	-1.32044	-0.446991	0.795876
SRX3031982	TFs and others	BRD4	Blood	MV-4-11	47241	271/388	243/386	-1.32041	-0.446991	1.10948
SRX067513	TFs and others	CTCF	Muscle	HSMM	40533	117/388	143/386	-1.32041	-0.446991	0.813964
SRX8570942	TFs and others	HAP1	Blood	KBM-7	39445	117/388	143/386	-1.32041	-0.446991	0.813964
SRX1629245	TFs and others	AR	Prostate	VCaP	8613	8/388	18/386	-1.31939	-0.446753	0.442153
SRX2842447	TFs and others	FOS	Bone	MG-63	2164	8/388	18/386	-1.31939	-0.446753	0.442153
SRX8406458	TFs and others	AR	Prostate	Prostatic Neoplasms, Castration-Resistant	12103	8/388	18/386	-1.31939	-0.446753	0.442153
SRX2541246	TFs and others	AR	Prostate	Prostate cancer cells	26015	38/388	56/386	-1.31921	-0.446753	0.675074
SRX080349	TFs and others	CTCF	Blood	GM12873	23435	87/388	111/386	-1.31832	-0.446104	0.779744
SRX204906	TFs and others	MED1	Blood	MM.1S	18533	244/388	215/386	-1.31737	-0.445395	1.12903
SRX3857007	TFs and others	CDKN1B	Breast	MDA-MB-231	10256	172/388	144/386	-1.31297	-0.441654	1.18829
SRX1091821	TFs and others	CTCF	Gonad	OVCAR-8	68494	216/388	242/386	-1.31297	-0.441654	0.887961
SRX5001394	TFs and others	CTCF	Bone	HT-1080	45587	119/388	145/386	-1.31291	-0.441654	0.816459
SRX8380649	TFs and others	ESR1	Bone	U2OS	12719	33/388	50/386	-1.31249	-0.441474	0.656598
SRX063922	TFs and others	ERG	Blood	K-562	20765	261/388	285/386	-1.31151	-0.441059	0.911069
SRX173199	TFs and others	NR3C1	Prostate	LNCAP	5916	6/388	15/386	-1.31064	-0.441059	0.397938
SRX2578889	TFs and others	MED1	Breast	MDA-MB-231	1374	6/388	15/386	-1.31064	-0.441059	0.397938
SRX3517812	TFs and others	NR3C1	Lung	A549	4907	6/388	15/386	-1.31064	-0.441059	0.397938
SRX5974530	TFs and others	GATA1	Blood	K-562	3288	6/388	15/386	-1.31064	-0.441059	0.397938
SRX8380651	TFs and others	ESR1	Bone	U2OS	4848	6/388	15/386	-1.31064	-0.441059	0.397938
SRX3285594	TFs and others	KDM5B	Breast	MCF-7	9112	174/388	146/386	-1.30906	-0.439719	1.18564
SRX5574470	TFs and others	SMARCA4	Blood	CTV-1	20689	113/388	88/386	-1.30821	-0.439246	1.27747
SRX4611723	TFs and others	ESR1	Breast	MCF-7	49184	149/388	176/386	-1.30811	-0.439246	0.842227
SRX2578878	TFs and others	ESR1	Breast	MDA-MB-231	11266	24/388	39/386	-1.30732	-0.438694	0.612213
SRX189740	TFs and others	ETS1	Cardiovascular	HUVEC	1312	35/388	20/386	-1.30679	-0.438641	1.74098
SRX2452427	TFs and others	ETS1	Cardiovascular	HUVEC	1308	35/388	20/386	-1.30679	-0.438641	1.74098
SRX497604	TFs and others	AR	Prostate	VCaP	53115	59/388	80/386	-1.30641	-0.438499	0.733698
SRX1287844	TFs and others	CDK8	Blood	MOLM-14	50871	285/388	258/386	-1.30505	-0.437404	1.09896
SRX150383	TFs and others	TBP	Pluripotent stem cell	hESC H1	14211	237/388	208/386	-1.30484	-0.437404	1.13355
SRX080331	TFs and others	CTCF	Kidney	293	50595	152/388	179/386	-1.30329	-0.436092	0.844785
SRX10382401	TFs and others	QSER1	Pluripotent stem cell	hESC H1	3909	45/388	64/386	-1.3022	-0.435477	0.699501
SRX190287	TFs and others	ZBTB7A	Liver	Hep G2	4925	45/388	64/386	-1.3022	-0.435477	0.699501
SRX1967782	TFs and others	SMC1A	Epidermis	Keratinocytes	7331	39/388	57/386	-1.30107	-0.434821	0.680684
SRX4824360	TFs and others	AR	Prostate	22Rv1	27445	39/388	57/386	-1.30107	-0.434821	0.680684
SRX031245	TFs and others	CTCF	Uterus	HeLa	55965	154/388	181/386	-1.30036	-0.434348	0.846443
SRX188960	TFs and others	CTCF	Others	Spleen	32956	155/388	182/386	-1.29899	-0.434072	0.847258
SRX1212238	TFs and others	CREB1	Prostate	LNCAP	12839	265/388	237/386	-1.2989	-0.434072	1.11238
SRX017278	TFs and others	CTCF	Pluripotent stem cell	hESC H1	43671	123/388	149/386	-1.2989	-0.434072	0.821248
SRX100378	TFs and others	CTCF	Neural	SK-N-SH	37091	123/388	149/386	-1.2989	-0.434072	0.821248
SRX6578929	TFs and others	CTCF	Blood	T cells	27467	123/388	149/386	-1.2989	-0.434072	0.821248
SRX702134	TFs and others	THAP11	Pluripotent stem cell	hESC derived mesendodermal cells	1553	58/388	39/386	-1.29813	-0.433593	1.47951
SRX150385	TFs and others	MAFK	Liver	Hep G2	61987	102/388	78/386	-1.29795	-0.433593	1.30095
SRX1134746	TFs and others	BRD4	Blood	MV-4-11	24365	231/388	202/386	-1.29641	-0.432531	1.13767
SRX356712	TFs and others	CTCF	Blood	Lymphoblastoid cell line	40150	157/388	184/386	-1.29641	-0.432531	0.848863
SRX6977272	TFs and others	ZNF143	Neural	BE(2)-C	2427	73/388	52/386	-1.29618	-0.432531	1.39661
SRX1425809	TFs and others	CTCF	Blood	T cells	16833	60/388	81/386	-1.29536	-0.431946	0.736922
SRX2270409	TFs and others	JMJD6	Others	Tumor	12999	229/388	200/386	-1.29406	-0.431118	1.1391
SRX356523	TFs and others	CTCF	Blood	GM12892	42633	159/388	186/386	-1.29406	-0.431118	0.850432
SRX038543	TFs and others	CTCF	Liver	Hep G2	32602	79/388	102/386	-1.29363	-0.430962	0.770517
SRX4377556	TFs and others	BRD4	Breast	MDA-MB-231	35052	297/388	271/386	-1.29277	-0.430962	1.09029
SRX1967778	TFs and others	CTCF	Epidermis	Keratinocytes	30570	91/388	115/386	-1.29277	-0.430962	0.787225
SRX327751	TFs and others	BRD4	Neural	U-87 MG	46177	263/388	235/386	-1.29238	-0.430962	1.11338
SRX7654177	TFs and others	MTF2	Prostate	DU 145	3604	29/388	45/386	-1.29226	-0.430962	0.641123
SRX8406524	TFs and others	FOXA1	Prostate	Prostatic Neoplasms, Castration-Resistant	15088	29/388	45/386	-1.29226	-0.430962	0.641123
SRX9135097	TFs and others	AR	Prostate	VCaP	26375	29/388	45/386	-1.29226	-0.430962	0.641123
SRX9237231	TFs and others	SUPT5H	Blood	K-562	9961	185/388	157/386	-1.29183	-0.430766	1.17227
SRX1637469	TFs and others	CDK9	Blood	MOLT-4	22115	186/388	158/386	-1.29061	-0.430013	1.17115
SRX265229	TFs and others	ELF1	Blood	ME-1	9790	202/388	228/386	-1.29061	-0.430013	0.881398
SRX5824561	TFs and others	BRD2	Breast	SUM 149PT	11873	225/388	196/386	-1.29002	-0.429658	1.14204
SRX4193368	TFs and others	SMARCA4	Prostate	22Rv1	5006	116/388	91/386	-1.28929	-0.429553	1.26815
SRX212651	TFs and others	STAT1	Blood	Monocytes-CD14+	21806	224/388	195/386	-1.28915	-0.429553	1.1428
SRX1012643	TFs and others	EP300	Breast	MCF-7	12350	17/388	30/386	-1.28898	-0.429553	0.563746
SRX6614771	TFs and others	SMC3	Lung	IMR-90	8180	17/388	30/386	-1.28898	-0.429553	0.563746
SRX7202549	TFs and others	CTCF	Uterus	HEC-1-B	17671	46/388	65/386	-1.28721	-0.428468	0.704044
SRX1950177	TFs and others	CTCF	Prostate	VCaP	23603	53/388	73/386	-1.2865	-0.428468	0.722285
SRX4155662	TFs and others	CTCF	Neural	KELLY	17518	53/388	73/386	-1.2865	-0.428468	0.722285
SRX6916366	TFs and others	RAD21	Kidney	iSLK	23265	53/388	73/386	-1.2865	-0.428468	0.722285
SRX100466	TFs and others	ESR1	Uterus	ECC-1	1592	31/388	17/386	-1.28628	-0.428468	1.81413
SRX9975609	TFs and others	FLI1	Bone	A-673	4572	31/388	17/386	-1.28628	-0.428468	1.81413
SRX356545	TFs and others	CTCF	Blood	Lymphoblastoid cell line	43035	168/388	195/386	-1.28619	-0.428468	0.857098
SRX9419924	TFs and others	BRD4	Breast	SK-BR-3	23621	219/388	190/386	-1.28559	-0.428468	1.14669
SRX100582	TFs and others	TAF1	Blood	GM12878	9396	191/388	163/386	-1.28534	-0.428468	1.16574
SRX3800732	TFs and others	RAD21	Breast	T-47D	2424	11/388	22/386	-1.28467	-0.428468	0.497423
SRX3923184	TFs and others	FOSL1	Breast	BT-549	10001	11/388	22/386	-1.28467	-0.428468	0.497423
SRX5342368	TFs and others	FOXL2	Gonad	SVOG-3e	5839	11/388	22/386	-1.28467	-0.428468	0.497423
SRX818634	TFs and others	PIAS1	Kidney	293	2369	11/388	22/386	-1.28467	-0.428468	0.497423
SRX6578943	TFs and others	CTCF	Blood	CUTLL1	15178	61/388	82/386	-1.28461	-0.428468	0.740068
SRX7902933	TFs and others	BRD4	Breast	SUM 159PT	13076	215/388	186/386	-1.2837	-0.428468	1.14996
SRX265420	TFs and others	KDM5B	Breast	T-47D	55824	348/388	328/386	-1.28365	-0.428468	1.05551
SRX1594207	TFs and others	CTCF	Breast	MCF-7	33207	128/388	154/386	-1.28317	-0.428468	0.826884
SRX6777954	TFs and others	CTCF	Blood	HAP1	51411	175/388	202/386	-1.28308	-0.428468	0.861871
SRX9237234	TFs and others	SUPT5H	Blood	K-562	10795	212/388	183/386	-1.28284	-0.428468	1.1525
SRX2059876	TFs and others	TRIM28	Blood	BJAB	21875	211/388	182/386	-1.28266	-0.428468	1.15336
SRX100554	TFs and others	BCLAF1	Blood	GM12878	16961	154/388	127/386	-1.28219	-0.428468	1.20635
SRX1629254	TFs and others	ERG	Prostate	VCaP	1589	23/388	11/386	-1.28203	-0.428468	2.08013
SRX268883	TFs and others	NR2C2	Lung	WI-38	1271	23/388	11/386	-1.28203	-0.428468	2.08013
SRX8151646	TFs and others	ARNTL	Adipocyte	Preadipocytes	2025	23/388	11/386	-1.28203	-0.428468	2.08013
SRX131914	TFs and others	TFAP2A	Pluripotent stem cell	hESC derived neural crests	6008	83/388	61/386	-1.2815	-0.428468	1.35364
SRX186614	TFs and others	JUN	Blood	K-562	11059	83/388	61/386	-1.2815	-0.428468	1.35364
SRX543180	TFs and others	ZNF750	Epidermis	Keratinocytes	12796	83/388	61/386	-1.2815	-0.428468	1.35364
SRX4473691	TFs and others	SMARCA4	Gonad	BIN-67	9058	196/388	168/386	-1.28141	-0.428468	1.16065
SRX080420	TFs and others	CTCF	Blood	GM12874	20838	93/388	117/386	-1.28084	-0.428218	0.790775
SRX718420	TFs and others	Epitope tags	Epidermis	501A	33615	93/388	70/386	-1.2807	-0.428218	1.32172
SRX102996	TFs and others	CTCF	Pluripotent stem cell	hESC H1	38926	129/388	155/386	-1.28025	-0.427997	0.827968
SRX4451207	TFs and others	ESR1	Breast	MCF-7	12128	25/388	40/386	-1.27924	-0.427792	0.621778
SRX8528442	TFs and others	RAD21	Uterus	HeLa	12384	25/388	40/386	-1.27924	-0.427792	0.621778
SRX4714474	TFs and others	CTCF	Breast	T-47D	25038	81/388	104/386	-1.27884	-0.427792	0.774831
SRX1304581	TFs and others	JMJD1C	Blood	THP-1	7046	14/388	26/386	-1.27867	-0.427792	0.535686
SRX3040151	TFs and others	STAG1	Breast	HMEC	11278	14/388	26/386	-1.27867	-0.427792	0.535686
SRX4451196	TFs and others	ESR1	Breast	MCF-7	2778	14/388	26/386	-1.27867	-0.427792	0.535686
SRX4824376	TFs and others	ZFX	Prostate	22Rv1	7106	134/388	108/386	-1.27791	-0.427261	1.23435
SRX326885	TFs and others	GABPA	Prostate	VCaP	12665	207/388	179/386	-1.27742	-0.427008	1.15046
SRX6068069	TFs and others	PGR	Uterus	Endometrium	14677	279/388	252/386	-1.2772	-0.427008	1.10144
SRX2353647	TFs and others	AR	Prostate	LNCAP	25242	21/388	35/386	-1.2764	-0.426436	0.596907
SRX1967784	TFs and others	SMC1A	Epidermis	Keratinocytes	10885	54/388	74/386	-1.27415	-0.424642	0.725968
SRX2436022	TFs and others	OTX2	Neural	D283 Med	51380	54/388	74/386	-1.27415	-0.424642	0.725968
SRX9345716	TFs and others	CTCF	Blood	Erythroid Cells	28012	132/388	158/386	-1.27191	-0.422631	0.831137
SRX159134	TFs and others	ZNF76	Kidney	293	2748	67/388	47/386	-1.26981	-0.420759	1.41818
SRX3230379	TFs and others	CBX5	Liver	Hep G2	13444	159/388	132/386	-1.2679	-0.419076	1.19834
SRX6949257	TFs and others	GFP	Uterus	HeLa	19110	41/388	59/386	-1.26691	-0.418322	0.691333
SRX4611734	TFs and others	ESR1	Breast	MCF-7	48273	134/388	160/386	-1.26669	-0.418322	0.833183
SRX100430	TFs and others	HEY1	Blood	K-562	19071	276/388	249/386	-1.2646	-0.416459	1.10272
SRX389294	TFs and others	XBP1	Breast	T-47D	4376	60/388	41/386	-1.26404	-0.416333	1.45587
SRX3856997	TFs and others	JUN	Breast	MDA-MB-231	34692	325/388	302/386	-1.26402	-0.416333	1.07061
ERX200508	TFs and others	CTCF	Blood	B cells	18302	55/388	75/386	-1.26219	-0.415505	0.729553
SRX035160	TFs and others	BCL6	Blood	JURL-MK1	5384	107/388	83/386	-1.26143	-0.415505	1.28251
SRX3881555	TFs and others	O-GlcNAc	Prostate	LNCAP	4602	138/388	112/386	-1.26093	-0.415505	1.22579
SRX176048	TFs and others	AR	Prostate	C4-2	643	3/388	10/386	-1.2607	-0.415505	0.298454
SRX245741	TFs and others	ZBTB17	Uterus	HeLa	681	3/388	10/386	-1.2607	-0.415505	0.298454
SRX2458133	TFs and others	NIPBL	Blood	GM12878	2341	3/388	10/386	-1.2607	-0.415505	0.298454
SRX392806	TFs and others	REST	Blood	Jurkat	1918	3/388	10/386	-1.2607	-0.415505	0.298454
SRX4597624	TFs and others	Epitope tags	Pluripotent stem cell	hESC H9	1457	3/388	10/386	-1.2607	-0.415505	0.298454
SRX5287690	TFs and others	ESR1	Breast	T-47D	1908	3/388	10/386	-1.2607	-0.415505	0.298454
SRX573040	TFs and others	ELL2	Uterus	HeLa	808	3/388	10/386	-1.2607	-0.415505	0.298454
SRX861680	TFs and others	AR	Prostate	Prostate cancer	4268	3/388	10/386	-1.2607	-0.415505	0.298454
SRX1161191	TFs and others	FOXA1	Breast	ZR-75-1	31417	48/388	67/386	-1.25877	-0.414027	0.712725
SRX1950175	TFs and others	CTCF	Prostate	VCaP	20708	48/388	67/386	-1.25877	-0.414027	0.712725
SRX3230389	TFs and others	KDM2A	Liver	Hep G2	29110	315/388	291/386	-1.25826	-0.413927	1.07689
SRX5982363	TFs and others	SMARCA2	Lung	A549	3789	11/388	3/386	-1.25822	-0.413927	3.64777
SRX6384756	TFs and others	MED26	Digestive tract	HCT 116	17745	304/388	279/386	-1.25792	-0.413853	1.08399
SRX100562	TFs and others	RAD21	Liver	Hep G2	51580	138/388	164/386	-1.25706	-0.413218	0.837126
SRX2207673	TFs and others	RELA	Cardiovascular	HUVEC	83556	274/388	247/386	-1.25666	-0.413044	1.10359
SRX4611739	TFs and others	ESR1	Breast	MCF-7	47498	139/388	165/386	-1.25482	-0.411428	0.838082
SRX5534832	TFs and others	ESR1	Breast	MCF-7	28419	64/388	85/386	-1.25415	-0.411398	0.74906
SRX7202541	TFs and others	CTCF	Uterus	HEC-1-B	22702	64/388	85/386	-1.25415	-0.411398	0.74906
SRX067503	TFs and others	CTCF	Blood	GM12878	31047	98/388	122/386	-1.25325	-0.411398	0.799138
SRX2194286	TFs and others	BRD4	Breast	SUM 229PE	13418	165/388	138/386	-1.25301	-0.411398	1.18949
SRX359960	TFs and others	TAL1	Digestive tract	LoVo	8703	165/388	138/386	-1.25301	-0.411398	1.18949
SRX2194261	TFs and others	BRD4	Breast	SUM 159PT	32249	273/388	246/386	-1.25282	-0.411398	1.10404
SRX5287697	TFs and others	ESR1	Breast	MCF-7	17677	36/388	53/386	-1.25279	-0.411398	0.675744
SRX7202546	TFs and others	CTCF	Uterus	HEC-1-B	14199	36/388	53/386	-1.25279	-0.411398	0.675744
SRX5089448	TFs and others	ESR1	Breast	MCF-7	11840	26/388	41/386	-1.25277	-0.411398	0.630878
SRX2837387	TFs and others	NFKB1	Blood	GM12878	2970	18/388	31/386	-1.25133	-0.410345	0.577652
SRX7544087	TFs and others	ESR1	Uterus	Ishikawa	17282	85/388	108/386	-1.25127	-0.410345	0.78298
SRX173202	TFs and others	AR	Prostate	VCaP	62341	74/388	96/386	-1.25014	-0.409439	0.76686
SRX8706940	TFs and others	E2F1	Prostate	C4-2	12720	272/388	245/386	-1.24907	-0.408703	1.10448
SRX2268290	TFs and others	CHD1	Others	Mesenchymal stem cells	2049	32/388	18/386	-1.24871	-0.408703	1.76861
SRX9095261	TFs and others	CTCF	Pluripotent stem cell	hESC H9	49639	142/388	168/386	-1.24846	-0.408703	0.840881
SRX4313223	TFs and others	HDAC1	Muscle	RH-4	28727	289/388	263/386	-1.2481	-0.408703	1.0932
SRX186768	TFs and others	SAP30	Pluripotent stem cell	hESC H1	2140	61/388	42/386	-1.24797	-0.408703	1.44489
SRX2778393	TFs and others	YY1	Blood	Lymphoblastoid cell line	2267	61/388	42/386	-1.24797	-0.408703	1.44489
SRX366793	TFs and others	BRD3	Blood	MM.1S	3321	77/388	56/386	-1.24762	-0.408703	1.36791
SRX9071234	TFs and others	BRD4	Blood	SEM	5434	77/388	56/386	-1.24762	-0.408703	1.36791
SRX2683605	TFs and others	Epitope tags	Kidney	293	2085	31/388	47/386	-1.24694	-0.408501	0.656175
SRX1431736	TFs and others	SPI1	Blood	K-562	3950	20/388	9/386	-1.24675	-0.408501	2.21077
SRX268887	TFs and others	NR2C2	Uterus	HeLa	962	20/388	9/386	-1.24675	-0.408501	2.21077
SRX080406	TFs and others	CTCF	Cardiovascular	HBMEC	44847	143/388	169/386	-1.24646	-0.408432	0.841792
SRX5010967	TFs and others	BCOR	Prostate	VCaP	16912	22/388	36/386	-1.24543	-0.408352	0.607961
SRX6896408	TFs and others	GRHL2	Breast	T-47D	7873	22/388	36/386	-1.24543	-0.408352	0.607961
SRX9674625	TFs and others	FOXO1	Muscle	Myoblasts	8697	22/388	36/386	-1.24543	-0.408352	0.607961
SRX9730737	TFs and others	CPSF3L	Blood	THP-1	16114	271/388	244/386	-1.2454	-0.408352	1.10493
SRX8466174	TFs and others	CTCF	Uterus	HeLa	9886	49/388	68/386	-1.24527	-0.408352	0.716874
SRX6473441	TFs and others	Epitope tags	Pluripotent stem cell	hESC derived neural crests	16651	288/388	262/386	-1.24305	-0.406607	1.09357
SRX265233	TFs and others	EP300	Blood	ME-1	33830	243/388	215/386	-1.24264	-0.406607	1.12441
SRX9055420	TFs and others	KLF1	Blood	HUDEP-2	13166	243/388	215/386	-1.24264	-0.406607	1.12441
SRX3447357	TFs and others	ESR1	Breast	MCF-7	53425	145/388	171/386	-1.24264	-0.406607	0.843582
SRX356612	TFs and others	CTCF	Blood	GM19099	34068	118/388	143/386	-1.24182	-0.40614	0.820921
SRX5316105	TFs and others	O-GlcNAc	Prostate	LNCAP	5053	143/388	117/386	-1.24172	-0.40614	1.21592
SRX7865936	TFs and others	BRD4	Breast	MDA-MB-231	10200	87/388	65/386	-1.24151	-0.40614	1.33156
SRX7805370	TFs and others	ZFX	Kidney	293	7180	146/388	172/386	-1.24082	-0.405671	0.844462
SRX3856996	TFs and others	JUN	Breast	MDA-MB-231	36710	331/388	309/386	-1.23933	-0.404793	1.06568
SRX2837382	TFs and others	RELA	Blood	GM12878	10078	57/388	77/386	-1.23933	-0.404793	0.736444
SRX186638	TFs and others	CTCF	Neural	SK-N-SH	42381	147/388	173/386	-1.23906	-0.404793	0.845331
SRX4611697	TFs and others	ESR1	Breast	MCF-7	48046	147/388	173/386	-1.23906	-0.404793	0.845331
SRX752909	TFs and others	CREB1	Prostate	LNCAP	12469	240/388	212/386	-1.23736	-0.403313	1.12624
SRX8570841	TFs and others	HAP1	Blood	KBM-7	30100	239/388	211/386	-1.23571	-0.4023	1.12686
SRX3881554	TFs and others	O-GlcNAc	Prostate	LNCAP	10561	268/388	241/386	-1.23489	-0.4023	1.1063
SRX1738254	TFs and others	GFP	Unclassified	Unclassified	6073	15/388	27/386	-1.23466	-0.4023	0.552692
SRX3123828	TFs and others	ESR1	Breast	MCF-7	9006	15/388	27/386	-1.23466	-0.4023	0.552692
SRX8406313	TFs and others	HOXB13	Prostate	Prostatic Neoplasms, Castration-Resistant	17320	15/388	27/386	-1.23466	-0.4023	0.552692
SRX8616989	TFs and others	ESR1	Breast	MCF-7	7676	15/388	27/386	-1.23466	-0.4023	0.552692
ERX1149061	TFs and others	CTCF	Unclassified	Unclassified	8842	37/388	54/386	-1.23459	-0.4023	0.681653
SRX2436041	TFs and others	OTX2	Neural	D341 Med	25195	37/388	54/386	-1.23459	-0.4023	0.681653
SRX475752	TFs and others	EP300	Blood	GM12878	30864	102/388	126/386	-1.23329	-0.401789	0.805351
SRX4824368	TFs and others	BRD4	Prostate	22Rv1	20220	237/388	209/386	-1.23259	-0.401789	1.12813
SRX5732677	TFs and others	KMT2A	Blood	MOLM-13	2546	62/388	43/386	-1.23251	-0.401789	1.43443
SRX2442515	TFs and others	CTCF	Blood	K-562	12328	50/388	69/386	-1.23222	-0.401789	0.720902
SRX150575	TFs and others	TAL1	Blood	K-562	25199	88/388	66/386	-1.23218	-0.401789	1.32646
SRX3372014	TFs and others	ETV1	Digestive tract	GIST-T1	11647	88/388	66/386	-1.23218	-0.401789	1.32646
SRX5514027	TFs and others	CDK8	Uterus	Myometrium	3513	88/388	66/386	-1.23218	-0.401789	1.32646
SRX028639	TFs and others	NR2C2	Liver	Hep G2	974	28/388	15/386	-1.23211	-0.401789	1.85704
SRX682380	TFs and others	FLI1	Blood	TSU-1621MT	1655	28/388	15/386	-1.23211	-0.401789	1.85704
SRX4824375	TFs and others	ZFX	Prostate	22Rv1	2066	55/388	37/386	-1.23184	-0.401737	1.47882
SRX4284004	TFs and others	CTCF	Blood	B cells	35485	121/388	146/386	-1.23155	-0.401665	0.824495
SRX3123817	TFs and others	ESR1	Breast	MCF-7	8907	12/388	23/386	-1.23096	-0.401511	0.51905
SRX8089634	TFs and others	FOXA1	Prostate	VCaP	8301	12/388	23/386	-1.23096	-0.401511	0.51905
SRX9838424	TFs and others	YY1	Prostate	LNCAP	6274	127/388	102/386	-1.22986	-0.400703	1.23868
SRX1136734	TFs and others	JUND	Epidermis	Melanoma	4003	112/388	88/386	-1.22896	-0.400703	1.26617
SRX356454	TFs and others	STAG1	Blood	GM10847	17123	58/388	78/386	-1.22841	-0.400703	0.739757
SRX5316603	TFs and others	EHMT2	Muscle	RD/18	7212	178/388	151/386	-1.22839	-0.400703	1.17273
SRX100476	TFs and others	TAF1	Blood	K-562	12659	234/388	206/386	-1.22832	-0.400703	1.13007
SRX3056628	TFs and others	CTCF	Blood	Erythroblasts	39614	122/388	147/386	-1.22828	-0.400703	0.825654
SRX968963	TFs and others	ESR1	Breast	MCF-7	16188	27/388	42/386	-1.22777	-0.400703	0.639543
SRX1012625	TFs and others	ESR1	Breast	MCF-7	16947	32/388	48/386	-1.22591	-0.400703	0.66323
SRX150503	TFs and others	YY1	Pluripotent stem cell	NT2-D1	3839	79/388	58/386	-1.22548	-0.400703	1.35505
SRX10365517	TFs and others	RAC1	Breast	MCF-7	5570	7/388	16/386	-1.22523	-0.400703	0.435245
SRX1514941	TFs and others	GFP	Kidney	293	1487	7/388	16/386	-1.22523	-0.400703	0.435245
SRX2436039	TFs and others	OTX2	Neural	D341 Med	10222	7/388	16/386	-1.22523	-0.400703	0.435245
SRX3229192	TFs and others	PGR	Breast	Breast cancer	5655	7/388	16/386	-1.22523	-0.400703	0.435245
SRX7785391	TFs and others	Epitope tags	Blood	Jurkat	1808	7/388	16/386	-1.22523	-0.400703	0.435245
SRX5624369	TFs and others	SREBF2	Blood	Macrophages	31892	265/388	238/386	-1.22508	-0.400703	1.10771
SRX10158160	TFs and others	BRD4	Blood	KBM-7	5191	100/388	77/386	-1.22383	-0.400703	1.29201
SRX11399799	TFs and others	HDAC1	Lung	NCI-H1963	3820	100/388	77/386	-1.22383	-0.400703	1.29201
SRX1629241	TFs and others	AR	Prostate	VCaP	6596	5/388	13/386	-1.2215	-0.400703	0.382633
SRX1629244	TFs and others	AR	Prostate	VCaP	7707	5/388	13/386	-1.2215	-0.400703	0.382633
SRX3366990	TFs and others	AR	Prostate	LNCAP	6631	5/388	13/386	-1.2215	-0.400703	0.382633
ERX1276045	TFs and others	CTCF	Blood	UT-7	9009	44/388	62/386	-1.22038	-0.400703	0.706019
SRX265222	TFs and others	RUNX1	Blood	ME-1	14180	204/388	229/386	-1.22025	-0.400703	0.886238
SRX038583	TFs and others	CTCF	Muscle	HSMM	37221	105/388	129/386	-1.21944	-0.400703	0.809758
SRX9683853	TFs and others	NR3C1	Adipocyte	Adipocytes	5194	14/388	5/386	-1.21908	-0.400703	2.78557
SRX10881804	TFs and others	SMARCC2	Kidney	G-401	14089	186/388	159/386	-1.21797	-0.400703	1.16378
SRX7396397	TFs and others	CTCF	Blood	Leukemia cell line	12684	68/388	89/386	-1.21725	-0.400703	0.760107
SRX190230	TFs and others	CTCF	Uterus	ECC-1	16417	38/388	55/386	-1.21714	-0.400703	0.687348
SRX356767	TFs and others	CTCF	Blood	Lymphoblastoid cell line	46611	165/388	191/386	-1.21676	-0.400703	0.859421
SRX015827	TFs and others	CREBBP	Blood	Jurkat (Clone E6-1)	4382	19/388	32/386	-1.21651	-0.400703	0.590689
SRX10365543	TFs and others	RAC1	Breast	MCF-7	18897	23/388	37/386	-1.21643	-0.400703	0.618417
SRX2270129	TFs and others	RELA	Liver	HuH-7	2616	23/388	37/386	-1.21643	-0.400703	0.618417
SRX330068	TFs and others	ESR1	Breast	MCF-7	17594	23/388	37/386	-1.21643	-0.400703	0.618417
SRX3592678	TFs and others	JUN	Pluripotent stem cell	hESC HUES8	8187	23/388	37/386	-1.21643	-0.400703	0.618417
SRX7427506	TFs and others	ESR1	Breast	MCF-7	7834	23/388	37/386	-1.21643	-0.400703	0.618417
SRX4284011	TFs and others	CTCF	Blood	B cells	36841	126/388	151/386	-1.21595	-0.400703	0.830136
SRX3640569	TFs and others	INTS3	Uterus	HeLa	8505	188/388	161/386	-1.21589	-0.400703	1.16168
SRX212649	TFs and others	STAT1	Blood	Monocytes-CD14+	25267	221/388	193/386	-1.21533	-0.400703	1.13918
SRX10881806	TFs and others	PBRM1	Kidney	G-401	10235	189/388	162/386	-1.21493	-0.400703	1.16065
SRX5719602	TFs and others	CTCF	Blood	T-ALL	28585	91/388	114/386	-1.21444	-0.400703	0.794131
SRX8673479	TFs and others	CTCF	Bone	HT-1080	58425	198/388	223/386	-1.21402	-0.400703	0.883316
SRX1048948	TFs and others	FOXO1	Uterus	Endometrial stromal cells	17251	33/388	19/386	-1.21396	-0.400703	1.72789
SRX119639	TFs and others	Epitope tags	Lung	A549	1966	33/388	19/386	-1.21396	-0.400703	1.72789
SRX190220	TFs and others	ELF1	Breast	MCF-7	14630	217/388	189/386	-1.21306	-0.400703	1.14223
SRX356787	TFs and others	CTCF	Blood	MS1	32657	127/388	152/386	-1.21304	-0.400703	0.831219
ERX626831	TFs and others	TAL1	Blood	CHRF-288-11	702	0/388	4/386	-1.21201	-0.400703	0
SRX026902	TFs and others	ESR1	Breast	MCF-7	661	0/388	4/386	-1.21201	-0.400703	0
SRX096350	TFs and others	TCF4	Digestive tract	LS-180	771	0/388	4/386	-1.21201	-0.400703	0
SRX1007721	TFs and others	E2F1	Epidermis	SK-MEL-147	760	0/388	4/386	-1.21201	-0.400703	0
SRX1048472	TFs and others	MEF2B	Blood	KARPAS-422	1092	0/388	4/386	-1.21201	-0.400703	0
SRX1637466	TFs and others	BRD4	Blood	MOLT-4	1414	0/388	4/386	-1.21201	-0.400703	0
SRX1787678	TFs and others	KMT2C	Breast	MCF-7	2309	0/388	4/386	-1.21201	-0.400703	0
SRX1823811	TFs and others	FOSL2	Bone	Osteoblasts	105	0/388	4/386	-1.21201	-0.400703	0
SRX194571	TFs and others	GREB1	Breast	MCF-7	818	0/388	4/386	-1.21201	-0.400703	0
SRX2355076	TFs and others	NFE2L2	Cardiovascular	HAEC	664	0/388	4/386	-1.21201	-0.400703	0
SRX2378691	TFs and others	AHR	Breast	MCF-7	2202	0/388	4/386	-1.21201	-0.400703	0
SRX2404127	TFs and others	RELA	Others	Detroit 562	1103	0/388	4/386	-1.21201	-0.400703	0
SRX2460047	TFs and others	PGR	Breast	Breast cancer cells	192	0/388	4/386	-1.21201	-0.400703	0
SRX2545043	TFs and others	ARID1A	Prostate	LNCAP	2016	0/388	4/386	-1.21201	-0.400703	0
SRX2642354	TFs and others	HOXB13	Prostate	22Rv1	868	0/388	4/386	-1.21201	-0.400703	0
SRX2844313	TFs and others	TEAD4	Pluripotent stem cell	hESC H1	1425	0/388	4/386	-1.21201	-0.400703	0
SRX286018	TFs and others	SPI1	Blood	Macrophages	418	0/388	4/386	-1.21201	-0.400703	0
SRX3240987	TFs and others	MED1	Others	Mesenchymal stem cells	1910	0/388	4/386	-1.21201	-0.400703	0
SRX3450330	TFs and others	RXRA	Others	JMSU1	847	0/388	4/386	-1.21201	-0.400703	0
SRX3540554	TFs and others	NRF1	Uterus	HeLa	397	0/388	4/386	-1.21201	-0.400703	0
SRX3589917	TFs and others	STAG1	Breast	MCF 10A	602	0/388	4/386	-1.21201	-0.400703	0
SRX3589918	TFs and others	STAG1	Breast	MCF 10A	866	0/388	4/386	-1.21201	-0.400703	0
SRX3781811	TFs and others	Epitope tags	Digestive tract	HCT 116	510	0/388	4/386	-1.21201	-0.400703	0
SRX3946912	TFs and others	MED1	Others	Mesenchymal stem cells	1922	0/388	4/386	-1.21201	-0.400703	0
SRX4170733	TFs and others	WDR5	Blood	MV-4-11	857	0/388	4/386	-1.21201	-0.400703	0
SRX4518424	TFs and others	BRD4	Prostate	LNCAP	938	0/388	4/386	-1.21201	-0.400703	0
SRX5212358	TFs and others	GLTSCR1	Others	Mel270	540	0/388	4/386	-1.21201	-0.400703	0
SRX530184	TFs and others	NR1H4	Liver	Hepatocytes	577	0/388	4/386	-1.21201	-0.400703	0
SRX5508306	TFs and others	HIRA	Unclassified	Unclassified	748	0/388	4/386	-1.21201	-0.400703	0
SRX5879970	TFs and others	TEAD4	Epidermis	BJ	645	0/388	4/386	-1.21201	-0.400703	0
SRX6371919	TFs and others	MED25	Prostate	PC-3	825	0/388	4/386	-1.21201	-0.400703	0
SRX6824682	TFs and others	SNAI2	Muscle	Rhabdomyosarcoma	172	0/388	4/386	-1.21201	-0.400703	0
SRX728775	TFs and others	LEO1	Blood	THP-1	461	0/388	4/386	-1.21201	-0.400703	0
SRX7584815	TFs and others	ATF4	Blood	HUDEP-2	1079	0/388	4/386	-1.21201	-0.400703	0
SRX8147142	TFs and others	HOXB13	Prostate	LNCAP	1285	0/388	4/386	-1.21201	-0.400703	0
SRX8147143	TFs and others	HOXB13	Prostate	LNCAP	1310	0/388	4/386	-1.21201	-0.400703	0
SRX8406502	TFs and others	FOXA1	Prostate	Prostate	1594	0/388	4/386	-1.21201	-0.400703	0
SRX8449946	TFs and others	BAHCC1	Blood	Jurkat	872	0/388	4/386	-1.21201	-0.400703	0
SRX9045665	TFs and others	TP53	Blood	Erythroblasts	1022	0/388	4/386	-1.21201	-0.400703	0
SRX9468671	TFs and others	Epitope tags	Prostate	LNCAP	1827	0/388	4/386	-1.21201	-0.400703	0
SRX9562912	TFs and others	MYCN	Muscle	RH-4	546	0/388	4/386	-1.21201	-0.400703	0
SRX398291	TFs and others	BRD4	Blood	OCI-LY1	9757	115/388	91/386	-1.2112	-0.400703	1.25722
SRX356456	TFs and others	CTCF	Blood	GM12878	43261	179/388	205/386	-1.21091	-0.400703	0.86867
SRX1165096	TFs and others	Epitope tags	Liver	Hep G2	11626	194/388	167/386	-1.21088	-0.400703	1.15569
SRX326886	TFs and others	GABPA	Prostate	VCaP	12505	208/388	180/386	-1.21086	-0.400703	1.1496
SRX1089829	TFs and others	NFE2	Blood	Erythroblasts	15466	195/388	168/386	-1.21022	-0.400703	1.15473
SRX1547996	TFs and others	TP53	Epidermis	Dermal fibroblast	1849	5/388	0/386	-1.20973	-0.400703	inf
SRX1547998	TFs and others	TP53	Epidermis	Dermal fibroblast	2504	5/388	0/386	-1.20973	-0.400703	inf
SRX4781491	TFs and others	BRD3	Blood	Acute myeloid leukemia	447	5/388	0/386	-1.20973	-0.400703	inf
SRX5299359	TFs and others	PHC1	Kidney	293	277	5/388	0/386	-1.20973	-0.400703	inf
SRX7135364	TFs and others	HDAC1	Blood	K-562	241	5/388	0/386	-1.20973	-0.400703	inf
SRX8089624	TFs and others	BRD4	Prostate	VCaP	632	5/388	0/386	-1.20973	-0.400703	inf
SRX5501658	TFs and others	DDX21	Epidermis	A-375	3618	102/388	79/386	-1.20932	-0.4005	1.28448
SRX475795	TFs and others	SPI1	Blood	GM12878	22039	69/388	90/386	-1.20862	-0.400215	0.762715
SRX995496	TFs and others	CTCF	Blood	Hematopoietic Stem Cells	13727	69/388	90/386	-1.20862	-0.400215	0.762715
SRX2654818	TFs and others	CTCF	Digestive tract	LoVo	13901	60/388	80/386	-1.20751	-0.399313	0.746134
SRX9468661	TFs and others	AR	Prostate	LNCAP	49648	154/388	128/386	-1.20649	-0.3985	1.19692
SRX5089459	TFs and others	ESR1	Breast	MCF-7	10386	33/388	49/386	-1.20587	-0.398294	0.669998
SRX7498502	TFs and others	CTCF	Uterus	Ca Ski	17898	33/388	49/386	-1.20587	-0.398294	0.669998
SRX4958405	TFs and others	CTCF	Kidney	293	31469	80/388	102/386	-1.2054	-0.398031	0.780271
SRX159133	TFs and others	Epitope tags	Kidney	293	3033	72/388	52/386	-1.20456	-0.397398	1.37748
SRX3644357	TFs and others	Epitope tags	Epidermis	BJ	2465	64/388	45/386	-1.20325	-0.397275	1.41489
SRX512368	TFs and others	Epitope tags	Epidermis	Dermal fibroblast	44563	295/388	270/386	-1.20324	-0.397275	1.08696
ERX2868711	TFs and others	CTCF	Lung	BEAS-2B	27545	93/388	116/386	-1.20324	-0.397275	0.797592
SRX356562	TFs and others	CTCF	Blood	GM18505	29469	93/388	116/386	-1.20324	-0.397275	0.797592
SRX1224601	TFs and others	BRD4	Breast	MCF 10A	2460	50/388	33/386	-1.20323	-0.397275	1.50734
SRX3345952	TFs and others	CPSF3L	Blood	HL-60	6676	133/388	108/386	-1.20305	-0.397275	1.22513
SRX10722989	TFs and others	GTF2F1	Bone	U2OS	5236	103/388	80/386	-1.20232	-0.397275	1.28086
SRX037946	TFs and others	SMARCA4	Blood	CD34+	791	2/388	8/386	-1.19909	-0.397275	0.248711
SRX100427	TFs and others	FOSL1	Pluripotent stem cell	hESC H1	747	2/388	8/386	-1.19909	-0.397275	0.248711
SRX1012746	TFs and others	ESR1	Breast	MCF-7	1785	2/388	8/386	-1.19909	-0.397275	0.248711
SRX1041840	TFs and others	TRIM24	Prostate	LNCAP	608	2/388	8/386	-1.19909	-0.397275	0.248711
SRX1041841	TFs and others	TRIM24	Prostate	LNCAP	615	2/388	8/386	-1.19909	-0.397275	0.248711
SRX130092	TFs and others	SMC1A	Pluripotent stem cell	hESC BG03	2239	2/388	8/386	-1.19909	-0.397275	0.248711
SRX173207	TFs and others	AR	Prostate	LNCAP	6411	2/388	8/386	-1.19909	-0.397275	0.248711
SRX1849499	TFs and others	GUCY1B3	Neural	U-87 MG	1009	2/388	8/386	-1.19909	-0.397275	0.248711
SRX2013091	TFs and others	MYCN	Blood	CD34 Hematopoietic stem cells	493	2/388	8/386	-1.19909	-0.397275	0.248711
SRX2642352	TFs and others	AR	Prostate	22Rv1	3620	2/388	8/386	-1.19909	-0.397275	0.248711
SRX2683579	TFs and others	Epitope tags	Kidney	293	511	2/388	8/386	-1.19909	-0.397275	0.248711
SRX3110709	TFs and others	ESR1	Breast	MCF-7	498	2/388	8/386	-1.19909	-0.397275	0.248711
SRX3287172	TFs and others	SMC3	Uterus	HeLa	1249	2/388	8/386	-1.19909	-0.397275	0.248711
SRX4451202	TFs and others	ESR1	Breast	MCF-7	2198	2/388	8/386	-1.19909	-0.397275	0.248711
SRX5128108	TFs and others	AR	Breast	ZR-75-1	4572	2/388	8/386	-1.19909	-0.397275	0.248711
SRX5323811	TFs and others	ESR1	Breast	T-47D	2400	2/388	8/386	-1.19909	-0.397275	0.248711
SRX6878593	TFs and others	AR	Prostate	LNCAP	4702	2/388	8/386	-1.19909	-0.397275	0.248711
SRX758133	TFs and others	NR3C1	Blood	MM.1S	2254	2/388	8/386	-1.19909	-0.397275	0.248711
SRX8090650	TFs and others	BRD4	Others	Synoviocytes	1061	2/388	8/386	-1.19909	-0.397275	0.248711
SRX080347	TFs and others	CTCF	Lung	SAEC	28783	110/388	134/386	-1.1983	-0.396689	0.816664
SRX702136	TFs and others	THAP11	Pluripotent stem cell	hESC derived mesendodermal cells	1831	57/388	39/386	-1.19772	-0.396313	1.454
SRX1094478	TFs and others	BRD4	Others	TC-797	459	9/388	2/386	-1.19676	-0.395966	4.4768
SRX3275107	TFs and others	DNMT3B	Pluripotent stem cell	iPS cells	1590	9/388	2/386	-1.19676	-0.395966	4.4768
SRX7677722	TFs and others	NELFE	Digestive tract	DLD-1	660	9/388	2/386	-1.19676	-0.395966	4.4768
SRX1447317	TFs and others	FOXA1	Breast	MCF-7	28487	53/388	72/386	-1.19554	-0.3951	0.732317
SRX023653	TFs and others	PHF8	Uterus	HeLa	2966	82/388	61/386	-1.19463	-0.3951	1.33733
SRX150425	TFs and others	ELK1	Blood	GM12878	3296	82/388	61/386	-1.19463	-0.3951	1.33733
SRX276780	TFs and others	RING1	Prostate	DU 145	12279	82/388	61/386	-1.19463	-0.3951	1.33733
SRX150521	TFs and others	IKZF1	Blood	GM12878	7172	16/388	28/386	-1.19447	-0.3951	0.568483
SRX173209	TFs and others	NR3C1	Prostate	LNCAP	11311	16/388	28/386	-1.19447	-0.3951	0.568483
SRX7054613	TFs and others	RELA	Cardiovascular	HAEC	5165	16/388	28/386	-1.19447	-0.3951	0.568483
SRX219372	TFs and others	BRD4	Blood	MM.1S	16934	159/388	133/386	-1.19331	-0.394347	1.18933
SRX3472373	TFs and others	TP53BP1	Pluripotent stem cell	hESC H9	7476	159/388	133/386	-1.19331	-0.394347	1.18933
SRX10760641	TFs and others	EP300	Blood	MM.1S	4159	29/388	16/386	-1.192	-0.393526	1.80316
SRX5447475	TFs and others	Epitope tags	Pluripotent stem cell	iPS cells	1517	29/388	16/386	-1.192	-0.393526	1.80316
SRX6175638	TFs and others	RAD21	Bone	TC-71	33221	82/388	104/386	-1.19188	-0.393526	0.784397
SRX10045363	TFs and others	ASXL1	Blood	THP-1	6630	136/388	111/386	-1.19092	-0.392768	1.21891
SRX186611	TFs and others	CTCF	Lung	A549	37084	112/388	136/386	-1.19048	-0.392531	0.819284
SRX070877	TFs and others	GATA2	Cardiovascular	HUVEC	11708	24/388	38/386	-1.18922	-0.39204	0.628323
SRX1515006	TFs and others	GFP	Kidney	293	5587	24/388	38/386	-1.18922	-0.39204	0.628323
SRX5089445	TFs and others	ESR1	Breast	MCF-7	11563	24/388	38/386	-1.18922	-0.39204	0.628323
SRX1555434	TFs and others	MITF	Epidermis	501A	33589	93/388	71/386	-1.18908	-0.39204	1.30311
SRX186628	TFs and others	CHD1	Lung	IMR-90	1382	10/388	20/386	-1.18817	-0.39204	0.497423
SRX3123816	TFs and others	ESR1	Breast	MCF-7	7553	10/388	20/386	-1.18817	-0.39204	0.497423
SRX4473694	TFs and others	DPF2	Gonad	BIN-67	2875	10/388	20/386	-1.18817	-0.39204	0.497423
SRX5286310	TFs and others	AR	Prostate	LNCAP	14126	10/388	20/386	-1.18817	-0.39204	0.497423
SRX6413750	TFs and others	ESR1	Breast	MCF-7	6480	10/388	20/386	-1.18817	-0.39204	0.497423
SRX1091814	TFs and others	CTCFL	Blood	K-562	19775	251/388	274/386	-1.18706	-0.391768	0.911336
SRX7544088	TFs and others	ESR1	Uterus	Ishikawa	10977	34/388	50/386	-1.18674	-0.391768	0.676495
SRX7728611	TFs and others	RAD21	Pluripotent stem cell	hESC derived neural crests	11131	34/388	50/386	-1.18674	-0.391768	0.676495
SRX9410586	TFs and others	RAD21	Digestive tract	HCT 116	15788	34/388	50/386	-1.18674	-0.391768	0.676495
SRX186675	TFs and others	KDM4A	Pluripotent stem cell	hESC H1	14730	275/388	249/386	-1.1867	-0.391768	1.09872
SRX831874	TFs and others	STAT5B	Blood	CD8+ T cells	5634	39/388	24/386	-1.18669	-0.391768	1.61662
SRX5974511	TFs and others	CTCF	Blood	K-562	13096	40/388	57/386	-1.18433	-0.390605	0.698137
SRX5974545	TFs and others	GATA1	Blood	K-562	12182	40/388	57/386	-1.18433	-0.390605	0.698137
SRX667983	TFs and others	AR	Prostate	VCaP	39357	40/388	57/386	-1.18433	-0.390605	0.698137
SRX7498510	TFs and others	CTCF	Uterus	Ca Ski	19928	40/388	57/386	-1.18433	-0.390605	0.698137
SRX10656919	TFs and others	CTCF	Blood	K-562	12101	72/388	93/386	-1.18405	-0.390605	0.770203
SRX150726	TFs and others	RAD21	Liver	Hep G2	31562	72/388	93/386	-1.18405	-0.390605	0.770203
SRX100399	TFs and others	YY1	Digestive tract	HCT 116	11384	163/388	137/386	-1.18392	-0.390605	1.18365
SRX2055842	TFs and others	ETS1	Kidney	Renal cell carcinoma	9819	163/388	137/386	-1.18392	-0.390605	1.18365
SRX1880278	TFs and others	BRD4	Blood	Jurkat	18551	249/388	222/386	-1.18338	-0.390265	1.11584
SRX3080214	TFs and others	ESR1	Breast	MCF-7	12011	13/388	24/386	-1.1828	-0.390085	0.538875
SRX5089457	TFs and others	ESR1	Breast	MCF-7	6226	13/388	24/386	-1.1828	-0.390085	0.538875
SRX189743	TFs and others	ETS1	Cardiovascular	HUVEC	4649	94/388	72/386	-1.18111	-0.388596	1.29883
SRX150688	TFs and others	BRCA1	Liver	Hep G2	1098	25/388	13/386	-1.18038	-0.388065	1.91316
SRX2267456	TFs and others	BRD4	Lung	PC-9	14588	139/388	114/386	-1.17958	-0.387465	1.21301
SRX054571	TFs and others	Epitope tags	Breast	MCF-7	15107	247/388	220/386	-1.1793	-0.387386	1.11694
SRX667409	TFs and others	Epitope tags	Breast	MCF-7	6651	84/388	106/386	-1.17898	-0.387265	0.788368
SRX1902741	TFs and others	EP300	Blood	THP-1	20519	63/388	83/386	-1.17833	-0.387014	0.755124
SRX4001885	TFs and others	CTCF	Blood	THP-1	18084	63/388	83/386	-1.17833	-0.387014	0.755124
SRX067516	TFs and others	CTCF	Neural	NH-A	27411	73/388	94/386	-1.17627	-0.385154	0.772593
SRX10657965	TFs and others	Epitope tags	Blood	NALM-6	9143	84/388	63/386	-1.17549	-0.385141	1.32646
SRX190182	TFs and others	CREB1	Lung	A549	4144	84/388	63/386	-1.17549	-0.385141	1.32646
SRX5732680	TFs and others	KMT2A	Blood	MOLM-13	7670	167/388	141/386	-1.17549	-0.385141	1.17829
SRX3447354	TFs and others	ESR1	Breast	MCF-7	53177	143/388	168/386	-1.17546	-0.385141	0.846803
SRX4001871	TFs and others	RAD21	Blood	THP-1	19918	55/388	74/386	-1.17297	-0.38285	0.739412
SRX3722707	TFs and others	ESR1	Breast	Breast cancer cells	26571	74/388	95/386	-1.16869	-0.382751	0.774932
SRX5359049	TFs and others	SREBF2	Breast	HCC70	10962	74/388	95/386	-1.16869	-0.382751	0.774932
SRX5577155	TFs and others	AR	Prostate	LNCAP	25660	35/388	51/386	-1.16847	-0.382751	0.682737
SRX080329	TFs and others	CTCF	Cardiovascular	AoAF	28280	100/388	123/386	-1.16776	-0.382751	0.808817
SRX356613	TFs and others	CTCF	Blood	GM19099	32164	100/388	123/386	-1.16776	-0.382751	0.808817
SRX5503031	TFs and others	Epitope tags	Kidney	293	13616	240/388	213/386	-1.16682	-0.382751	1.12095
SRX6102128	TFs and others	SUPT5H	Uterus	HeLa	17900	302/388	278/386	-1.16666	-0.382751	1.08073
SRX188959	TFs and others	CTCF	Lung	Lung	21369	86/388	108/386	-1.16666	-0.382751	0.792192
SRX1672128	TFs and others	NR3C1	Lung	BEAS-2B	16533	85/388	64/386	-1.16632	-0.382751	1.32128
SRX2436057	TFs and others	NEUROD1	Neural	D341 Med	5020	85/388	64/386	-1.16632	-0.382751	1.32128
SRX10119375	TFs and others	YAP1	Breast	MCF 10A	19643	59/388	41/386	-1.16628	-0.382751	1.43161
SRX3285606	TFs and others	KDM5B	Breast	FULR	3574	52/388	35/386	-1.16591	-0.382751	1.47806
SRX4001912	TFs and others	RAD21	Blood	THP-1	20042	48/388	66/386	-1.1658	-0.382751	0.723524
SRX2009518	TFs and others	BRD2	Neural	Diffuse intrinsic pontine glioma	11979	239/388	212/386	-1.16525	-0.382751	1.12155
SRX1012748	TFs and others	ESR1	Breast	MCF-7	1557	1/388	6/386	-1.16396	-0.382751	0.165808
SRX11196942	TFs and others	TBP	Kidney	293	334	1/388	6/386	-1.16396	-0.382751	0.165808
SRX1515011	TFs and others	GFP	Kidney	293	2515	1/388	6/386	-1.16396	-0.382751	0.165808
SRX1515012	TFs and others	GFP	Kidney	293	1965	1/388	6/386	-1.16396	-0.382751	0.165808
SRX220000	TFs and others	AR	Prostate	LNCAP	4464	1/388	6/386	-1.16396	-0.382751	0.165808
SRX2458134	TFs and others	NIPBL	Blood	GM12878	1470	1/388	6/386	-1.16396	-0.382751	0.165808
SRX2545055	TFs and others	HOXB13	Prostate	LNCAP	5013	1/388	6/386	-1.16396	-0.382751	0.165808
SRX2545057	TFs and others	HOXB13	Prostate	LNCAP	5337	1/388	6/386	-1.16396	-0.382751	0.165808
SRX256995	TFs and others	NR3C1	Blood	Lymphoblastoid cell line	1166	1/388	6/386	-1.16396	-0.382751	0.165808
SRX2652446	TFs and others	ZBTB48	Bone	U2OS	4617	1/388	6/386	-1.16396	-0.382751	0.165808
SRX330072	TFs and others	Epitope tags	Breast	MCF-7	735	1/388	6/386	-1.16396	-0.382751	0.165808
SRX3366995	TFs and others	AR	Prostate	LNCAP	2740	1/388	6/386	-1.16396	-0.382751	0.165808
SRX3426557	TFs and others	SMARCA4	Liver	Hep G2	183	1/388	6/386	-1.16396	-0.382751	0.165808
SRX3541099	TFs and others	ESR1	Breast	MCF-7	1397	1/388	6/386	-1.16396	-0.382751	0.165808
SRX3581515	TFs and others	CHD7	Pluripotent stem cell	iPS derived neural crestss	2846	1/388	6/386	-1.16396	-0.382751	0.165808
SRX3868798	TFs and others	REST	Digestive tract	Colorectal cancer organoid	1042	1/388	6/386	-1.16396	-0.382751	0.165808
SRX3923501	TFs and others	DPF2	Blood	K-562	149	1/388	6/386	-1.16396	-0.382751	0.165808
SRX471848	TFs and others	AR	Prostate	VCaP	4431	1/388	6/386	-1.16396	-0.382751	0.165808
SRX502069	TFs and others	AR	Prostate	Prostate cancer	3081	1/388	6/386	-1.16396	-0.382751	0.165808
SRX518676	TFs and others	SPI1	Blood	OCI-LY-10	1803	1/388	6/386	-1.16396	-0.382751	0.165808
SRX541384	TFs and others	EZH2	Blood	Multiple Myeloma	1595	1/388	6/386	-1.16396	-0.382751	0.165808
SRX5514011	TFs and others	FOS	Uterus	Uterin leiomyoma	647	1/388	6/386	-1.16396	-0.382751	0.165808
SRX5604676	TFs and others	HOXB13	Prostate	LNCAP	2819	1/388	6/386	-1.16396	-0.382751	0.165808
SRX6027690	TFs and others	ESR1	Uterus	Ishikawa	2599	1/388	6/386	-1.16396	-0.382751	0.165808
SRX7100371	TFs and others	KDM1A	Digestive tract	SW 480	680	1/388	6/386	-1.16396	-0.382751	0.165808
SRX7695545	TFs and others	TEAD4	Others	WERI-Rb-1	2975	1/388	6/386	-1.16396	-0.382751	0.165808
SRX8406456	TFs and others	AR	Prostate	Prostatic Neoplasms, Castration-Resistant	3027	1/388	6/386	-1.16396	-0.382751	0.165808
SRX8406510	TFs and others	FOXA1	Prostate	Prostate	1936	1/388	6/386	-1.16396	-0.382751	0.165808
SRX8616988	TFs and others	TET2	Breast	AB555	1947	1/388	6/386	-1.16396	-0.382751	0.165808
SRX8617022	TFs and others	TET2	Breast	MCF-7	1750	1/388	6/386	-1.16396	-0.382751	0.165808
SRX9298943	TFs and others	NR3C1	Lung	Lung cancer cell line	2450	1/388	6/386	-1.16396	-0.382751	0.165808
SRX1538761	TFs and others	NR1H3	Digestive tract	HT-29	11575	25/388	39/386	-1.16362	-0.382751	0.637721
SRX1967781	TFs and others	SMC1A	Epidermis	Keratinocytes	7554	25/388	39/386	-1.16362	-0.382751	0.637721
SRX2510824	TFs and others	NELFA	Uterus	HeLa	3551	67/388	48/386	-1.16314	-0.382465	1.38864
SRX186618	TFs and others	MAZ	Lung	IMR-90	18778	268/388	242/386	-1.16249	-0.38201	1.10173
SRX2862488	TFs and others	DNMT3B	Pluripotent stem cell	hESC HUES8	1148	7/388	1/386	-1.16173	-0.381639	6.96392
SRX9683840	TFs and others	NR3C1	Adipocyte	Adipocytes	3432	7/388	1/386	-1.16173	-0.381639	6.96392
SRX4611695	TFs and others	ESR1	Breast	MCF-7	47918	152/388	177/386	-1.16087	-0.381212	0.85433
SRX5848179	TFs and others	CTCF	Blood	K-562	30866	87/388	109/386	-1.16072	-0.381212	0.794051
SRX8536113	TFs and others	GATA1	Blood	HUDEP-2	16619	87/388	109/386	-1.16072	-0.381212	0.794051
SRX3447352	TFs and others	ESR1	Breast	MCF-7	54390	153/388	178/386	-1.15952	-0.380606	0.85512
SRX3852897	TFs and others	NELFA	Blood	K-562	2088	46/388	30/386	-1.15794	-0.380606	1.52543
SRX3285565	TFs and others	KDM5B	Breast	C70R	5615	110/388	87/386	-1.15769	-0.380606	1.25785
SRX097086	TFs and others	GATA1	Blood	K-562	8898	17/388	29/386	-1.15761	-0.380606	0.583185
SRX1161186	TFs and others	ESR1	Breast	ZR-75-1	14212	17/388	29/386	-1.15761	-0.380606	0.583185
SRX190324	TFs and others	TEAD4	Lung	A549	8552	17/388	29/386	-1.15761	-0.380606	0.583185
SRX2578873	TFs and others	ESR1	Breast	MDA-MB-231	4266	17/388	29/386	-1.15761	-0.380606	0.583185
SRX4473695	TFs and others	SS18	Gonad	BIN-67	4068	17/388	29/386	-1.15761	-0.380606	0.583185
SRX4672370	TFs and others	ARNT	Lung	A549	1925	17/388	29/386	-1.15761	-0.380606	0.583185
SRX8080558	TFs and others	Epitope tags	Breast	Mammary gland adenocarcinoma	13314	17/388	29/386	-1.15761	-0.380606	0.583185
SRX882970	TFs and others	5-mC	Prostate	LNCAP	86663	210/388	234/386	-1.15694	-0.380606	0.89281
SRX356732	TFs and others	CTCF	Blood	Lymphoblastoid cell line	31909	122/388	146/386	-1.15625	-0.380606	0.831309
SRX2355073	TFs and others	JUN	Cardiovascular	HAEC	35523	179/388	153/386	-1.15558	-0.380606	1.1639
SRX245740	TFs and others	MYC	Uterus	HeLa	1984	30/388	17/386	-1.15522	-0.380606	1.75561
SRX037936	TFs and others	CTCF	Blood	CD36+	21185	88/388	110/386	-1.15491	-0.380606	0.795876
SRX2059878	TFs and others	O-GlcNAc	Blood	BJAB	8170	180/388	154/386	-1.15426	-0.380606	1.16281
SRX658610	TFs and others	MYB	Blood	Jurkat	26768	180/388	154/386	-1.15426	-0.380606	1.16281
SRX5001397	TFs and others	CTCF	Bone	HT-1080	30129	103/388	126/386	-1.15416	-0.380606	0.813247
SRX7540327	TFs and others	BRD4	Breast	MCF-7	1368	21/388	34/386	-1.15411	-0.380606	0.614463
SRX8089620	TFs and others	AR	Prostate	VCaP	20494	21/388	34/386	-1.15411	-0.380606	0.614463
SRX199891	TFs and others	CTCF	Breast	MCF-7	33533	76/388	97/386	-1.15408	-0.380606	0.779466
SRX3040156	TFs and others	STAG1	Cardiovascular	Coronary artery endothelial cells	28628	76/388	97/386	-1.15408	-0.380606	0.779466
SRX4001888	TFs and others	CTCF	Blood	THP-1	22426	76/388	97/386	-1.15408	-0.380606	0.779466
SRX1738530	TFs and others	STAG1	Blood	Hematopoietic Stem Cells	7191	42/388	59/386	-1.15404	-0.380606	0.708195
SRX7428073	TFs and others	CTCF	Blood	Memory B cells	35862	158/388	183/386	-1.1535	-0.380606	0.858938
SRX9317685	TFs and others	EP300	Blood	Fujioka	12598	158/388	183/386	-1.1535	-0.380606	0.858938
SRX150621	TFs and others	SMC3	Liver	Hep G2	24013	49/388	67/386	-1.15331	-0.380606	0.727573
SRX027913	TFs and others	RELA	Uterus	HeLa	3413	8/388	17/386	-1.15301	-0.380606	0.468163
SRX190317	TFs and others	TCF12	Breast	MCF-7	5143	8/388	17/386	-1.15301	-0.380606	0.468163
SRX3020561	TFs and others	PHIP	Digestive tract	HCT 116	571	8/388	17/386	-1.15301	-0.380606	0.468163
SRX610775	TFs and others	CSNK2A1	Prostate	LNCAP	1080	8/388	17/386	-1.15301	-0.380606	0.468163
SRX6367579	TFs and others	NCOA1	Kidney	293	3375	8/388	17/386	-1.15301	-0.380606	0.468163
SRX6370189	TFs and others	CBX7	Pluripotent stem cell	NT2-D1	2754	8/388	17/386	-1.15301	-0.380606	0.468163
SRX8406320	TFs and others	HOXB13	Prostate	Prostatic Neoplasms, Castration-Resistant	7049	8/388	17/386	-1.15301	-0.380606	0.468163
SRX8961847	TFs and others	TBP	Others	Mesenchymal stem cells	1145	8/388	17/386	-1.15301	-0.380606	0.468163
SRX9898532	TFs and others	SMARCA4	Blood	K-562	3071	8/388	17/386	-1.15301	-0.380606	0.468163
SRX186623	TFs and others	HCFC1	Uterus	HeLa	8084	181/388	155/386	-1.15299	-0.380606	1.16172
SRX10656915	TFs and others	CTCF	Blood	K-562	11559	66/388	86/386	-1.15149	-0.379488	0.763486
SRX7202558	TFs and others	CTCF	Uterus	HEC-1-B	24761	66/388	86/386	-1.15149	-0.379488	0.763486
SRX2513519	TFs and others	ESR1	Breast	MCF-7	21201	36/388	52/386	-1.151	-0.37928	0.688739
SRX028644	TFs and others	ELK4	Uterus	HeLa	761	18/388	8/386	-1.15071	-0.37928	2.2384
SRX8299819	TFs and others	CTR9	Bone	U2OS	628	18/388	8/386	-1.15071	-0.37928	2.2384
SRX212648	TFs and others	STAT1	Blood	Monocytes-CD14+	45249	299/388	275/386	-1.14923	-0.377991	1.08167
SRX10119162	TFs and others	CREBBP	Blood	MV-4-11	6550	87/388	66/386	-1.1487	-0.377842	1.31139
SRX3472380	TFs and others	TP53BP1	Pluripotent stem cell	hESC derived neural cells	3097	87/388	66/386	-1.1487	-0.377842	1.31139
SRX849394	TFs and others	CDK8	Blood	SET-2	2259	53/388	36/386	-1.14848	-0.377812	1.46463
SRX3091903	TFs and others	ZFX	Breast	MCF-7	11414	186/388	160/386	-1.14741	-0.376932	1.15651
SRX1510971	TFs and others	ZNF143	Breast	MCF-7	17376	222/388	195/386	-1.14643	-0.376142	1.13259
SRX1594218	TFs and others	CTCF	Kidney	786-O	41787	199/388	223/386	-1.14464	-0.375291	0.887777
SRX2314262	TFs and others	SUPT5H	Blood	MOLT-4	13732	262/388	236/386	-1.14463	-0.375291	1.10445
SRX2314265	TFs and others	SUPT5H	Blood	MOLT-4	13761	262/388	236/386	-1.14463	-0.375291	1.10445
ERX1149095	TFs and others	CTCF	Blood	MEG-01	36071	126/388	150/386	-1.14463	-0.375291	0.83567
SRX9867029	TFs and others	CTCF	Blood	CD4+ T cells	20189	126/388	150/386	-1.14463	-0.375291	0.83567
SRX4417529	TFs and others	CTCF	Pluripotent stem cell	hESC derived neural cells	35669	170/388	195/386	-1.14404	-0.374891	0.867301
SRX356731	TFs and others	CTCF	Blood	Lymphoblastoid cell line	47113	174/388	199/386	-1.14239	-0.374707	0.869865
SRX100500	TFs and others	TAF1	Uterus	HeLa	10333	192/388	166/386	-1.1423	-0.374707	1.15066
SRX150480	TFs and others	E2F4	Breast	MCF 10A	11524	192/388	166/386	-1.1423	-0.374707	1.15066
SRX8949798	TFs and others	NEUROD1	Unclassified	Unclassified	34927	330/388	309/386	-1.14161	-0.374707	1.06246
SRX356647	TFs and others	CTCF	Blood	GM19238	49143	195/388	219/386	-1.14161	-0.374707	0.885821
SRX4377125	TFs and others	CTCF	Pluripotent stem cell	hESC derived mesendodermal cells	16723	58/388	77/386	-1.14161	-0.374707	0.749364
SRX190356	TFs and others	TCF12	Neural	SK-N-SH	63116	210/388	183/386	-1.14147	-0.374707	1.14163
SRX3229161	TFs and others	ESR1	Breast	Breast cancer	28396	210/388	183/386	-1.14147	-0.374707	1.14163
SRX190227	TFs and others	PML	Blood	GM12878	14508	208/388	181/386	-1.14129	-0.374707	1.14325
SRX6878606	TFs and others	FOXA1	Prostate	LNCAP	55008	50/388	68/386	-1.14123	-0.374707	0.731504
SRX3583188	TFs and others	CTCF	Breast	MCF-7	56344	194/388	218/386	-1.14097	-0.374707	0.885321
SRX100387	TFs and others	BCL3	Blood	GM12878	11004	31/388	46/386	-1.14023	-0.374707	0.670439
SRX6027698	TFs and others	ESR1	Uterus	Ishikawa	15960	31/388	46/386	-1.14023	-0.374707	0.670439
SRX10881815	TFs and others	BRD9	Others	BT-16	9320	78/388	99/386	-1.14017	-0.374707	0.783818
SRX190337	TFs and others	NFIC	Blood	GM12878	21528	78/388	99/386	-1.14017	-0.374707	0.783818
SRX190215	TFs and others	EP300	Uterus	ECC-1	15176	43/388	60/386	-1.13975	-0.374707	0.712973
SRX4824361	TFs and others	AR	Prostate	22Rv1	30507	43/388	60/386	-1.13975	-0.374707	0.712973
SRX716558	TFs and others	TEAD1	Neural	SF268	20157	26/388	40/386	-1.13951	-0.374707	0.646649
SRX1585244	TFs and others	ESR1	Breast	LTED cells	6327	14/388	25/386	-1.13935	-0.374707	0.557113
SRX3123824	TFs and others	ESR1	Breast	MCF-7	8737	14/388	25/386	-1.13935	-0.374707	0.557113
SRX425264	TFs and others	RELA	Cardiovascular	HUVEC	5809	14/388	25/386	-1.13935	-0.374707	0.557113
SRX5124828	TFs and others	FOXA1	Prostate	LAPC-4	11675	14/388	25/386	-1.13935	-0.374707	0.557113
SRX8602207	TFs and others	IRF4	Blood	OCI-LY-10	7733	14/388	25/386	-1.13935	-0.374707	0.557113
SRX031248	TFs and others	CTCF	Epidermis	NHEK	50325	191/388	215/386	-1.13933	-0.374707	0.883793
SRX159129	TFs and others	ZNF143	Blood	K-562	2473	69/388	50/386	-1.13862	-0.374668	1.37289
SRX8929141	TFs and others	CTNNB1	Digestive tract	SW 480	4487	69/388	50/386	-1.13862	-0.374668	1.37289
SRX6840506	TFs and others	HAP1	Blood	KBM-7	16920	130/388	106/386	-1.13825	-0.374668	1.22009
SRX1212234	TFs and others	CREB1	Prostate	LNCAP	8435	201/388	175/386	-1.13779	-0.374668	1.14265
SRX356629	TFs and others	CTCF	Blood	GM19193	32380	107/388	130/386	-1.13737	-0.374668	0.818834
SRX356713	TFs and others	CTCF	Blood	Lymphoblastoid cell line	44856	185/388	209/386	-1.13729	-0.374668	0.880605
SRX1427528	TFs and others	CREB1	Blood	KG-1	1184	41/388	26/386	-1.13709	-0.374668	1.56879
SRX2355057	TFs and others	CEBPD	Cardiovascular	HAEC	7663	41/388	26/386	-1.13709	-0.374668	1.56879
SRX5289960	TFs and others	NR3C1	Lung	BEAS-2B	25106	259/388	233/386	-1.13661	-0.374668	1.10586
SRX6949255	TFs and others	GFP	Uterus	HeLa	36469	68/388	88/386	-1.13478	-0.374668	0.768744
SRX2578893	TFs and others	NCOA1	Breast	MDA-MB-231	3358	11/388	21/386	-1.13435	-0.374668	0.521109
SRX5930141	TFs and others	HDAC3	Muscle	RH-4	4557	11/388	21/386	-1.13435	-0.374668	0.521109
SRX6384789	TFs and others	RAD21	Digestive tract	HCT 116	5929	11/388	21/386	-1.13435	-0.374668	0.521109
SRX747781	TFs and others	ESR1	Breast	MCF-7	5626	11/388	21/386	-1.13435	-0.374668	0.521109
SRX4001872	TFs and others	RAD21	Blood	THP-1	15915	37/388	53/386	-1.13428	-0.374668	0.694515
SRX5391689	TFs and others	CTCF	Blood	Neutrophils	6878	37/388	53/386	-1.13428	-0.374668	0.694515
SRX5577148	TFs and others	Epitope tags	Prostate	LNCAP	37903	37/388	53/386	-1.13428	-0.374668	0.694515
SRX7202543	TFs and others	CTCF	Uterus	HEC-1-B	14117	37/388	53/386	-1.13428	-0.374668	0.694515
SRX9005594	TFs and others	Epitope tags	Others	TM5	4830	37/388	53/386	-1.13428	-0.374668	0.694515
SRX1012611	TFs and others	EP300	Breast	T-47D	4792	4/388	11/386	-1.13407	-0.374668	0.361762
SRX1650401	TFs and others	NR3C1	Lung	A549	5011	4/388	11/386	-1.13407	-0.374668	0.361762
SRX186643	TFs and others	HDAC2	Blood	K-562	804	4/388	11/386	-1.13407	-0.374668	0.361762
SRX2023734	TFs and others	GATA4	Pluripotent stem cell	iPS derived cardiac cells	3087	4/388	11/386	-1.13407	-0.374668	0.361762
SRX212444	TFs and others	RUNX1	Blood	CD4+ T cells	1165	4/388	11/386	-1.13407	-0.374668	0.361762
SRX2430640	TFs and others	KDM4C	Neural	SW 1783	398	4/388	11/386	-1.13407	-0.374668	0.361762
SRX3288561	TFs and others	CTCF	Pluripotent stem cell	hESC H9	2276	4/388	11/386	-1.13407	-0.374668	0.361762
SRX5426126	TFs and others	SUZ12	Pluripotent stem cell	NT2-D1	811	4/388	11/386	-1.13407	-0.374668	0.361762
SRX8432577	TFs and others	TBP	Pluripotent stem cell	iPS cells	1219	4/388	11/386	-1.13407	-0.374668	0.361762
SRX1967777	TFs and others	CTCF	Epidermis	Keratinocytes	27784	92/388	114/386	-1.13296	-0.373743	0.802858
SRX3230380	TFs and others	E2F7	Liver	Hep G2	2313	22/388	11/386	-1.13207	-0.373492	1.98969
SRX6743810	TFs and others	CHD6	Pluripotent stem cell	iPS cells	1110	22/388	11/386	-1.13207	-0.373492	1.98969
SRX1058475	TFs and others	MAX	Epidermis	MKL-1	43170	329/388	308/386	-1.13177	-0.373492	1.06268
SRX190206	TFs and others	FOXM1	Neural	SK-N-SH	4303	6/388	14/386	-1.13086	-0.373492	0.426362
SRX367311	TFs and others	JMJD6	Kidney	293	3197	6/388	14/386	-1.13086	-0.373492	0.426362
SRX5371741	TFs and others	NFKB1	Blood	CD4+ T cells	1876	6/388	14/386	-1.13086	-0.373492	0.426362
SRX543183	TFs and others	KDM1A	Epidermis	Keratinocytes	2211	6/388	14/386	-1.13086	-0.373492	0.426362
SRX5803019	TFs and others	POLR3C	Kidney	293	1992	6/388	14/386	-1.13086	-0.373492	0.426362
SRX6384790	TFs and others	RAD21	Digestive tract	HCT 116	5246	6/388	14/386	-1.13086	-0.373492	0.426362
SRX8041959	TFs and others	AR	Prostate	MR42D	7205	6/388	14/386	-1.13086	-0.373492	0.426362
SRX3856995	TFs and others	JUN	Breast	MDA-MB-231	47991	337/388	317/386	-1.12955	-0.37254	1.05761
SRX080362	TFs and others	CTCF	Lung	HPF	33590	109/388	132/386	-1.12952	-0.37254	0.821501
SRX116438	TFs and others	KDM5B	Blood	K-562	15818	256/388	230/386	-1.12917	-0.37254	1.10731
SRX186777	TFs and others	CTCF	Lung	A549	45567	132/388	156/386	-1.12917	-0.37254	0.841792
SRX080355	TFs and others	CTCF	Blood	GM12872	19919	69/388	89/386	-1.12675	-0.370561	0.771285
SRX190314	TFs and others	TEAD4	Neural	SK-N-SH	13928	22/388	35/386	-1.12603	-0.370561	0.625331
SRX2912055	TFs and others	ESR1	Breast	MCF-7	18352	22/388	35/386	-1.12603	-0.370561	0.625331
SRX5203308	TFs and others	CTCF	Breast	MCF-7	11142	22/388	35/386	-1.12603	-0.370561	0.625331
DRX013191	TFs and others	RAD21	Kidney	293	21163	44/388	61/386	-1.12599	-0.370561	0.717593
SRX1287846	TFs and others	CDK8	Blood	MOLM-14	50649	278/388	253/386	-1.12572	-0.370561	1.09315
SRX111773	TFs and others	CTCF	Blood	GM12868	29549	110/388	133/386	-1.12572	-0.370561	0.822804
SRX356630	TFs and others	CTCF	Blood	GM19193	34129	110/388	133/386	-1.12572	-0.370561	0.822804
SRX4931281	TFs and others	AFF1	Blood	SEM	1642	36/388	22/386	-1.12368	-0.368867	1.62793
SRX5007090	TFs and others	BCL11B	Blood	PBMC	2221	18/388	30/386	-1.12366	-0.368867	0.596907
SRX541387	TFs and others	EZH2	Blood	Multiple Myeloma	11656	94/388	116/386	-1.1227	-0.368091	0.806168
SRX5738756	TFs and others	Crotonyllysine	Pluripotent stem cell	hESC derived Endodermal cells	27111	328/388	307/386	-1.12222	-0.367794	1.0629
SRX748433	TFs and others	HNF4A	Digestive tract	HCT 116	6924	31/388	18/386	-1.12135	-0.367307	1.71334
SRX019512	TFs and others	CTCF	Adipocyte	Adipose stromal cell	18976	32/388	47/386	-1.121	-0.367307	0.677342
SRX1012629	TFs and others	ESR1	Breast	MCF-7	19751	32/388	47/386	-1.121	-0.367307	0.677342
SRX150374	TFs and others	EP300	Blood	GM12878	11260	32/388	47/386	-1.121	-0.367307	0.677342
SRX5186323	TFs and others	SMAD2	Blood	Hematopoietic Stem Cells	36814	252/388	226/386	-1.12009	-0.36658	1.1093
SRX100398	TFs and others	FOXP2	Neural	SK-N-MC	3362	48/388	32/386	-1.11858	-0.366018	1.49227
SRX3927288	TFs and others	SMARCC1	Blood	EOL-1	60643	276/388	251/386	-1.11838	-0.366018	1.09393
DRX013201	TFs and others	RAD21	Uterus	HeLa	45919	112/388	135/386	-1.11838	-0.366018	0.825353
SRX199890	TFs and others	CTCF	Neural	HAc	33716	112/388	135/386	-1.11838	-0.366018	0.825353
SRX3040153	TFs and others	SMC1A	Breast	HMEC	19243	52/388	70/386	-1.11825	-0.366018	0.739028
SRX1477657	TFs and others	Epitope tags	Lung	MRC-5	12018	38/388	54/386	-1.11825	-0.366018	0.700076
SRX2578872	TFs and others	ESR1	Breast	MDA-MB-231	6492	38/388	54/386	-1.11825	-0.366018	0.700076
SRX8380648	TFs and others	ESR1	Bone	U2OS	11028	27/388	41/386	-1.11674	-0.36469	0.655142
SRX4941325	TFs and others	XBP1	Prostate	LNCAP	5191	91/388	70/386	-1.11619	-0.364322	1.2933
SRX2778396	TFs and others	YY1	Blood	Lymphoblastoid cell line	1965	55/388	38/386	-1.1158	-0.364114	1.43991
SRX10760631	TFs and others	BRD4	Blood	MM.1S	9937	162/388	137/386	-1.11445	-0.36315	1.17639
SRX5661982	TFs and others	CREB1	Kidney	Kidney Cortex	32278	306/388	283/386	-1.11429	-0.36315	1.0757
SRX037937	TFs and others	CTCF	Blood	CD36+	18250	82/388	103/386	-1.11429	-0.36315	0.792013
SRX5333220	TFs and others	CTCF	Blood	697	51380	139/388	163/386	-1.11389	-0.362932	0.848365
SRX667410	TFs and others	Epitope tags	Breast	MCF-7	6458	96/388	118/386	-1.11289	-0.362317	0.809366
SRX101130	TFs and others	AR	Prostate	VCaP	41655	45/388	62/386	-1.11273	-0.362317	0.722065
SRX1585242	TFs and others	ESR1	Breast	MCF-7	19054	45/388	62/386	-1.11273	-0.362317	0.722065
SRX1758523	TFs and others	Epitope tags	Breast	MCF-7	4299	104/388	82/386	-1.11146	-0.361481	1.26176
SRX080408	TFs and others	CTCF	Neural	HCPEpiC	41167	114/388	137/386	-1.11135	-0.361481	0.827828
SRX356437	TFs and others	CTCF	Blood	GM10847	31577	114/388	137/386	-1.11135	-0.361481	0.827828
SRX471878	TFs and others	ERG	Prostate	VCaP	4248	63/388	45/386	-1.11023	-0.360543	1.39278
SRX2194273	TFs and others	BRD4	Breast	SUM 159PT	24980	247/388	221/386	-1.11004	-0.360534	1.11189
SRX190351	TFs and others	TEAD4	Blood	K-562	34673	165/388	140/386	-1.10839	-0.359549	1.1725
SRX3856999	TFs and others	JUN	Breast	MDA-MB-231	24152	305/388	282/386	-1.1082	-0.359549	1.07599
SRX190352	TFs and others	CREB1	Pluripotent stem cell	hESC H1	17758	246/388	220/386	-1.10819	-0.359549	1.11242
SRX3271003	TFs and others	KDM1A	Pluripotent stem cell	hESC derived pancreatic cells	15286	246/388	220/386	-1.10819	-0.359549	1.11242
SRX5821035	TFs and others	CTCF	Blood	HUDEP-2	20789	97/388	119/386	-1.10815	-0.359549	0.810924
SRX1091818	TFs and others	CTCFL	Blood	delta-47	14149	143/388	167/386	-1.1064	-0.35798	0.851874
SRX471879	TFs and others	ERG	Prostate	VCaP	4531	72/388	53/386	-1.10475	-0.356751	1.35149
SRX10333909	TFs and others	SUPT5H	Digestive tract	DLD-1	13854	244/388	218/386	-1.10466	-0.356751	1.1135
SRX9779519	TFs and others	HDAC1	Lung	NCI-H1963	6872	167/388	142/386	-1.10463	-0.356751	1.16999
SRX356645	TFs and others	STAG1	Blood	GM19193	21037	72/388	92/386	-1.10388	-0.356363	0.778575
SRX4001882	TFs and others	CTCF	Blood	THP-1	19708	72/388	92/386	-1.10388	-0.356363	0.778575
ERX1149106	TFs and others	CTCF	Unclassified	Unclassified	8803	39/388	55/386	-1.10289	-0.355553	0.705436
SRX3433959	TFs and others	CTCF	Neural	SK-N-AS	44420	146/388	170/386	-1.10133	-0.354313	0.854397
SRX9468676	TFs and others	Epitope tags	Prostate	LNCAP	8178	82/388	62/386	-1.10129	-0.354313	1.31576
SRX747574	TFs and others	EP300	Blood	Kasumi-1	8096	121/388	98/386	-1.10055	-0.353753	1.22833
SRX003938	TFs and others	ESR1	Breast	MCF-7	6677	15/388	26/386	-1.09991	-0.353683	0.573949
SRX107369	TFs and others	ESR1	Breast	H3396	9246	15/388	26/386	-1.09991	-0.353683	0.573949
SRX4525856	TFs and others	SMARCA4	Kidney	TTC-1240	2060	15/388	26/386	-1.09991	-0.353683	0.573949
SRX038563	TFs and others	CTCF	Breast	HMEC	12226	23/388	36/386	-1.09976	-0.353683	0.635596
SRX4099645	TFs and others	Epitope tags	Blood	Kasumi-1	29755	106/388	84/386	-1.09943	-0.353533	1.2554
SRX3800709	TFs and others	CTCF	Breast	T-47D	43539	149/388	173/386	-1.09673	-0.35146	0.856832
SRX6902859	TFs and others	CTCF	Blood	CD34+	11722	54/388	72/386	-1.0967	-0.35146	0.746134
SRX702115	TFs and others	SRF	Pluripotent stem cell	hESC HUES64	8232	54/388	72/386	-1.0967	-0.35146	0.746134
SRX4001877	TFs and others	RAD21	Blood	THP-1	24704	73/388	93/386	-1.09664	-0.35146	0.7809
SRX100555	TFs and others	ETS1	Blood	GM12878	6268	122/388	99/386	-1.09601	-0.35101	1.22597
SRX3601958	TFs and others	ERG	Cardiovascular	HUVEC	42203	238/388	212/386	-1.0953	-0.350937	1.11685
SRX1950171	TFs and others	AR	Prostate	VCaP	27142	28/388	42/386	-1.09522	-0.350937	0.66323
SRX2431541	TFs and others	FOXA2	Epidermis	BJ	12969	28/388	42/386	-1.09522	-0.350937	0.66323
SRX8380650	TFs and others	ESR1	Bone	U2OS	10569	28/388	42/386	-1.09522	-0.350937	0.66323
SRX6888830	TFs and others	CTCF	Uterus	HeLa	28625	100/388	122/386	-1.09454	-0.350435	0.815447
SRX4212591	TFs and others	EZH2	Blood	Peripheral blood mononuclear cells	3828	73/388	54/386	-1.09417	-0.350424	1.34488
SRX5811051	TFs and others	Epitope tags	Uterus	HeLa	3073	73/388	54/386	-1.09417	-0.350424	1.34488
SRX070885	TFs and others	ZNF143	Blood	CUTLL1	5567	94/388	73/386	-1.09394	-0.350372	1.28103
SRX1818075	TFs and others	AR	Prostate	LNCAP	21760	19/388	31/386	-1.09229	-0.349258	0.609744
SRX3873716	TFs and others	ELL2	Lung	SW 1271	2185	19/388	31/386	-1.09229	-0.349258	0.609744
SRX847030	TFs and others	AR	Prostate	C4-2	21106	19/388	31/386	-1.09229	-0.349258	0.609744
SRX5289972	TFs and others	NR3C1	Lung	BEAS-2B	11672	143/388	119/386	-1.09191	-0.349056	1.19549
SRX5729951	TFs and others	BRD4	Prostate	22Rv1	6083	123/388	100/386	-1.09158	-0.349048	1.22366
SRX3703144	TFs and others	MEF2B	Blood	DLBCL	5480	9/388	18/386	-1.09101	-0.349048	0.497423
SRX4473689	TFs and others	DPF2	Gonad	BIN-67	3702	9/388	18/386	-1.09101	-0.349048	0.497423
SRX7054612	TFs and others	RELA	Cardiovascular	HAEC	2905	9/388	18/386	-1.09101	-0.349048	0.497423
SRX8616990	TFs and others	ESR1	Breast	MCF-7	5400	9/388	18/386	-1.09101	-0.349048	0.497423
SRX080425	TFs and others	CTCF	Blood	GM12864	22970	86/388	107/386	-1.09075	-0.348966	0.799595
SRX1514278	TFs and others	RUNX1T1	Blood	Kasumi-1	10606	101/388	123/386	-1.09021	-0.348622	0.816906
SRX6102129	TFs and others	SUPT5H	Uterus	HeLa	12023	234/388	208/386	-1.09005	-0.348622	1.1192
SRX1397395	TFs and others	SMAD1	Blood	CD34+	13868	40/388	56/386	-1.08813	-0.346879	0.710604
SRX8949280	TFs and others	NCOA3	Breast	ZR-75-1	38064	47/388	64/386	-1.0876	-0.346527	0.73059
SRX8823216	TFs and others	BRD2	Lung	A549	12529	231/388	205/386	-1.08661	-0.346355	1.12102
SRX433198	TFs and others	AR	Prostate	PC-3	40833	64/388	83/386	-1.08661	-0.346355	0.76711
SRX5883948	TFs and others	CTCF	Blood	Multiple Myeloma	23678	64/388	83/386	-1.08661	-0.346355	0.76711
SRX176884	TFs and others	EP300	Breast	MCF-7	10253	12/388	22/386	-1.08654	-0.346355	0.542643
SRX4473684	TFs and others	DPF2	Gonad	BIN-67	3125	12/388	22/386	-1.08654	-0.346355	0.542643
SRX1027445	TFs and others	CEBPB	Others	Mesenchymal stem cells	150770	145/388	121/386	-1.08591	-0.345902	1.19217
SRX9975612	TFs and others	STAG1	Bone	A-673	44346	158/388	182/386	-1.08556	-0.345729	0.863657
SRX028634	TFs and others	FOXA1	Breast	MCF-7	23740	34/388	49/386	-1.08519	-0.345683	0.690301
SRX4415495	TFs and others	RBBP7	Kidney	hTERT-HME1	9395	180/388	155/386	-1.08516	-0.345683	1.1553
SRX2778392	TFs and others	YY1	Blood	Lymphoblastoid cell line	3325	84/388	64/386	-1.08402	-0.344721	1.30573
SRX1510972	TFs and others	ZNF143	Breast	MCF-7	7268	125/388	102/386	-1.083	-0.343877	1.21917
SRX190278	TFs and others	GABPA	Blood	HL-60	6396	109/388	87/386	-1.08241	-0.343464	1.24642
SRX3583180	TFs and others	CTCF	Breast	MCF-7	48676	162/388	186/386	-1.08182	-0.343218	0.866478
SRX190264	TFs and others	CREB1	Liver	Hep G2	26190	285/388	261/386	-1.08181	-0.343218	1.08633
SRX100542	TFs and others	RAD21	Neural	SK-N-SH	67361	204/388	227/386	-1.08081	-0.342394	0.894046
ERX1149065	TFs and others	CTCF	Blood	MEG-01	36023	124/388	147/386	-1.08061	-0.342371	0.839189
SRX6102135	TFs and others	NELFE	Uterus	HeLa	13632	224/388	198/386	-1.08021	-0.342147	1.12548
SRX5848182	TFs and others	CTCF	Blood	K-562	28200	88/388	109/386	-1.07978	-0.341894	0.803178
ERX626821	TFs and others	EP300	Blood	U-937	7247	186/388	161/386	-1.07891	-0.3412	1.14932
SRX4417533	TFs and others	CTCF	Pluripotent stem cell	hESC derived neural cells	47075	200/388	223/386	-1.07719	-0.339657	0.892238
SRX102993	TFs and others	CTCF	Blood	GM12891	35143	169/388	193/386	-1.07699	-0.339633	0.871134
SRX5234504	TFs and others	SMARCA4	Kidney	TTC1240	51118	312/388	290/386	-1.07598	-0.338799	1.07032
SRX2194289	TFs and others	BRD4	Breast	SUM 229PE	8177	85/388	65/386	-1.07574	-0.338741	1.30095
SRX244178	TFs and others	MED1	Blood	MM.1S	13892	216/388	190/386	-1.07557	-0.338741	1.13098
SRX1161185	TFs and others	ESR1	Breast	ZR-75-1	19561	24/388	37/386	-1.07512	-0.338643	0.645305
SRX1280792	TFs and others	FOXA1	Prostate	LNCAP	12618	24/388	37/386	-1.07512	-0.338643	0.645305
SRX10365533	TFs and others	ESR1	Breast	MCF-7	18651	29/388	43/386	-1.07482	-0.33853	0.670942
SRX2871360	TFs and others	PGR	Breast	T-47D	33706	89/388	110/386	-1.07448	-0.33853	0.80492
SRX5359053	TFs and others	RORC	Breast	HCC70	14305	89/388	110/386	-1.07448	-0.33853	0.80492
SRX4377549	TFs and others	BRD2	Breast	HCC1806	10868	212/388	186/386	-1.07429	-0.338515	1.13391
SRX356524	TFs and others	CTCF	Blood	GM12892	46907	179/388	203/386	-1.07378	-0.338181	0.877228
SRX028638	TFs and others	NR2C2	Liver	Hep G2	1221	38/388	24/386	-1.07288	-0.337983	1.57517
SRX028643	TFs and others	NR2C2	Uterus	HeLa	1410	38/388	24/386	-1.07288	-0.337983	1.57517
SRX100463	TFs and others	ZBTB33	Liver	Hep G2	1575	38/388	24/386	-1.07288	-0.337983	1.57517
SRX471857	TFs and others	BRD4	Prostate	VCaP	2306	38/388	24/386	-1.07288	-0.337983	1.57517
SRX103444	TFs and others	BRD4	Blood	CD4+ T cells	5780	111/388	89/386	-1.07169	-0.337143	1.24076
SRX359405	TFs and others	EP300	Kidney	293	4682	111/388	89/386	-1.07169	-0.337143	1.24076
SRX9237232	TFs and others	SUPT5H	Blood	K-562	10020	199/388	174/386	-1.07086	-0.336622	1.13778
SRX063918	TFs and others	ERG	Breast	MCF-7	15396	260/388	281/386	-1.07082	-0.336622	0.920497
SRX111777	TFs and others	CTCF	Blood	GM12871	33930	128/388	151/386	-1.07019	-0.336276	0.843313
SRX7114559	TFs and others	Epitope tags	Breast	MCF-7	48503	106/388	128/386	-1.06989	-0.336276	0.823856
SRX5323896	TFs and others	STAT3	Breast	T-47D	25635	203/388	178/386	-1.06985	-0.336276	1.13457
SRX102979	TFs and others	CTCF	Blood	GM19238	40977	183/388	206/386	-1.0696	-0.336276	0.88377
SRX356785	TFs and others	CTCF	Blood	MS1	47043	183/388	206/386	-1.0696	-0.336276	0.88377
SRX356453	TFs and others	STAG1	Blood	GM10847	23378	77/388	97/386	-1.06942	-0.336271	0.789723
SRX5391687	TFs and others	CTCF	Blood	Neutrophils	6271	35/388	50/386	-1.06849	-0.335515	0.696392
SRX6913074	TFs and others	BRD2	Blood	K-562	5230	129/388	106/386	-1.06694	-0.334144	1.21071
SRX7894794	TFs and others	ETS1	Blood	CD4+ T cells	4261	98/388	77/386	-1.06677	-0.334144	1.26617
SRX2442441	TFs and others	NOTCH1	Pluripotent stem cell	iPS derived neural cells	2360	76/388	57/386	-1.06433	-0.332076	1.32646
SRX369132	TFs and others	RBPJ	Blood	CUTLL1	4339	76/388	57/386	-1.06433	-0.332076	1.32646
SRX702114	TFs and others	SRF	Pluripotent stem cell	hESC derived mesendodermal cells	8898	49/388	66/386	-1.06418	-0.332076	0.738597
SRX323400	TFs and others	ESR1	Breast	MCF-7	9907	20/388	32/386	-1.06319	-0.331608	0.621778
SRX3366954	TFs and others	FOXA1	Prostate	LNCAP	13889	20/388	32/386	-1.06319	-0.331608	0.621778
SRX5290913	TFs and others	CTCF	Lung	IMR-90	10896	20/388	32/386	-1.06319	-0.331608	0.621778
SRX2881002	TFs and others	ESR1	Breast	MCF-7	24608	67/388	86/386	-1.06239	-0.330982	0.775054
SRX3288566	TFs and others	NANOG	Pluripotent stem cell	hESC H9	29255	67/388	49/386	-1.06178	-0.33072	1.3603
SRX9004382	TFs and others	USF2	Blood	SEM	7143	67/388	49/386	-1.06178	-0.33072	1.3603
SRX8299815	TFs and others	CTR9	Bone	U2OS	1008	33/388	20/386	-1.061	-0.330113	1.64149
SRX029315	TFs and others	GABPA	Blood	CD34 Hematopoietic stem cells	2984	87/388	67/386	-1.05984	-0.329404	1.29181
SRX5709754	TFs and others	CTCF	Breast	MCF-7	3225	87/388	67/386	-1.05984	-0.329404	1.29181
SRX8673485	TFs and others	CTCF	Bone	HT-1080	72304	233/388	255/386	-1.05977	-0.329404	0.909016
SRX3857005	TFs and others	CDKN1B	Breast	MDA-MB-231	35232	330/388	310/386	-1.05744	-0.327699	1.05903
SRX701964	TFs and others	CTCF	Pluripotent stem cell	hESC HUES64	20856	58/388	76/386	-1.05744	-0.327699	0.759224
SRX190335	TFs and others	SIX5	Lung	A549	4434	114/388	92/386	-1.05651	-0.327699	1.23274
SRX6913076	TFs and others	BRD3	Blood	K-562	5282	114/388	92/386	-1.05651	-0.327699	1.23274
ERX704064	TFs and others	CTCF	Blood	HL-60	3271	7/388	15/386	-1.05599	-0.327699	0.464261
SRX083218	TFs and others	AR	Prostate	LNCAP	6002	7/388	15/386	-1.05599	-0.327699	0.464261
SRX150716	TFs and others	SMARCC1	Uterus	HeLa	1990	7/388	15/386	-1.05599	-0.327699	0.464261
SRX2734626	TFs and others	MYC	Digestive tract	HCT 116	838	7/388	15/386	-1.05599	-0.327699	0.464261
SRX4235880	TFs and others	TP53	Digestive tract	SW 480	4819	7/388	15/386	-1.05599	-0.327699	0.464261
SRX682382	TFs and others	FUS	Blood	TSU-1621MT	4080	7/388	15/386	-1.05599	-0.327699	0.464261
SRX695884	TFs and others	ASCL1	Others	Tumor	4544	7/388	15/386	-1.05599	-0.327699	0.464261
SRX9698443	TFs and others	BRF1	Blood	THP-1	2767	7/388	15/386	-1.05599	-0.327699	0.464261
SRX8380644	TFs and others	ESR1	Bone	U2OS	12394	30/388	44/386	-1.05548	-0.327655	0.678304
SRX8406525	TFs and others	FOXA1	Prostate	Prostatic Neoplasms, Castration-Resistant	20547	30/388	44/386	-1.05548	-0.327655	0.678304
SRX335071	TFs and others	NFATC1	Cardiovascular	HUVEC	6248	157/388	133/386	-1.05526	-0.327655	1.17437
SRX447603	TFs and others	CDK9	Blood	MM.1S	2591	77/388	58/386	-1.05498	-0.327655	1.32074
SRX5385026	TFs and others	BRD3	Pluripotent stem cell	hESC H1	3279	77/388	58/386	-1.05498	-0.327655	1.32074
SRX3110725	TFs and others	ESR1	Breast	MCF-7	27050	68/388	87/386	-1.05474	-0.327655	0.77758
SRX4108913	TFs and others	AR	Prostate	LNCAP	56819	68/388	87/386	-1.05474	-0.327655	0.77758
SRX100515	TFs and others	YY1	Blood	K-562	26527	253/388	228/386	-1.05423	-0.327341	1.10393
SRX8391104	TFs and others	MED1	Others	Head and neck squamous cell carcinoma 	633	16/388	7/386	-1.05391	-0.327341	2.27393
SRX9600665	TFs and others	G-quadruplex	Blood	K-562	659	16/388	7/386	-1.05391	-0.327341	2.27393
SRX5405697	TFs and others	TFAP2C	Breast	HCC1954	10192	45/388	30/386	-1.05324	-0.326843	1.49227
SRX4108914	TFs and others	AR	Prostate	LNCAP	26856	25/388	38/386	-1.05196	-0.326273	0.654504
SRX6748255	TFs and others	FOXA1	Prostate	Prostate cancer	20041	25/388	38/386	-1.05196	-0.326273	0.654504
SRX080422	TFs and others	CTCF	Epidermis	AG10803	36269	111/388	133/386	-1.05169	-0.326273	0.830284
SRX6435401	TFs and others	SUPT5H	Kidney	293	6417	159/388	135/386	-1.05098	-0.326273	1.17171
SRX190183	TFs and others	GATA3	Lung	A549	14128	68/388	50/386	-1.05067	-0.326273	1.35299
ERX1149073	TFs and others	CTCF	Blood	K-562	1471	3/388	9/386	-1.04976	-0.326273	0.331615
ERX1149118	TFs and others	CTCF	Blood	K-562	1474	3/388	9/386	-1.04976	-0.326273	0.331615
SRX10045339	TFs and others	BAP1	Breast	CAL-51	508	3/388	9/386	-1.04976	-0.326273	0.331615
SRX3229181	TFs and others	FOXA1	Breast	Breast cancer	2936	3/388	9/386	-1.04976	-0.326273	0.331615
SRX357296	TFs and others	AR	Prostate	LNCAP	6539	3/388	9/386	-1.04976	-0.326273	0.331615
SRX4345366	TFs and others	NFKB1	Blood	CD4+ T cells	841	3/388	9/386	-1.04976	-0.326273	0.331615
SRX5089776	TFs and others	EGR1	Blood	OCI-LY-10	634	3/388	9/386	-1.04976	-0.326273	0.331615
SRX5493749	TFs and others	AR	Breast	Breast cancer cells	4148	3/388	9/386	-1.04976	-0.326273	0.331615
SRX6852814	TFs and others	SOX2	Lung	LK-2	3343	3/388	9/386	-1.04976	-0.326273	0.331615
SRX6857973	TFs and others	PGR	Uterus	Myometrium	1370	3/388	9/386	-1.04976	-0.326273	0.331615
SRX7865933	TFs and others	BRD4	Breast	MDA-MB-231	2079	3/388	9/386	-1.04976	-0.326273	0.331615
SRX968977	TFs and others	RELA	Breast	MCF-7	1493	3/388	9/386	-1.04976	-0.326273	0.331615
SRX2267462	TFs and others	BRD4	Others	RT-112	17075	160/388	136/386	-1.04891	-0.325607	1.17041
SRX8037083	TFs and others	KLF5	Digestive tract	TE-10	6042	59/388	77/386	-1.04834	-0.325607	0.762284
SRX190241	TFs and others	SIN3A	Pancreas	PANC-1	4275	101/388	80/386	-1.04807	-0.325607	1.25599
SRX1052320	TFs and others	Epitope tags	Blood	K-562	901	10/388	3/386	-1.04773	-0.325607	3.31615
SRX150551	TFs and others	STAT1	Blood	K-562	726	10/388	3/386	-1.04773	-0.325607	3.31615
SRX3292069	TFs and others	GATA3	Pluripotent stem cell	hESC derived trophoblast cells	5821	10/388	3/386	-1.04773	-0.325607	3.31615
SRX5982360	TFs and others	SMARCA2	Lung	A549	4959	10/388	3/386	-1.04773	-0.325607	3.31615
SRX9600660	TFs and others	G-quadruplex	Blood	K-562	424	10/388	3/386	-1.04773	-0.325607	3.31615
SRX1497384	TFs and others	MYC	Blood	RAJI	7634	135/388	112/386	-1.04534	-0.323557	1.19914
SRX6102131	TFs and others	SUPT5H	Uterus	HeLa	6514	135/388	112/386	-1.04534	-0.323557	1.19914
SRX6748227	TFs and others	CXXC5	Prostate	Prostate cancer	2899	60/388	43/386	-1.04491	-0.323326	1.38816
SRX3461644	TFs and others	BCL6	Blood	OCI-LY1	14476	89/388	69/386	-1.04477	-0.323326	1.28321
SRX3040148	TFs and others	STAG2	Breast	HMEC	43613	140/388	163/386	-1.04449	-0.323217	0.854468
SRX150416	TFs and others	ARID3A	Blood	K-562	4640	13/388	23/386	-1.04375	-0.322816	0.562304
SRX481483	TFs and others	PRKDC	Others	Fibroblasts	1128	13/388	23/386	-1.04375	-0.322816	0.562304
SRX1726514	TFs and others	TFDP1	Blood	MM.1S	7635	164/388	140/386	-1.0412	-0.320436	1.16539
SRX4001884	TFs and others	CTCF	Blood	THP-1	15544	60/388	78/386	-1.0395	-0.319584	0.765266
SRX9550894	TFs and others	FOXA1	Prostate	Prostate cancer	32421	60/388	78/386	-1.0395	-0.319584	0.765266
SRX3161003	TFs and others	ZBTB7A	Blood	K-562	12430	143/388	166/386	-1.03927	-0.319584	0.857005
SRX4611727	TFs and others	ESR1	Breast	MCF-7	47308	143/388	166/386	-1.03927	-0.319584	0.857005
SRX10881850	TFs and others	SS18	Kidney	G-401	14299	166/388	142/386	-1.03765	-0.319584	1.16299
SRX100587	TFs and others	EP300	Pluripotent stem cell	hESC H1	6469	37/388	52/386	-1.03725	-0.319584	0.707871
SRX9468649	TFs and others	AR	Prostate	LNCAP	39805	37/388	52/386	-1.03725	-0.319584	0.707871
SRX3110771	TFs and others	SMC3	Uterus	HeLa	15132	31/388	45/386	-1.0371	-0.319584	0.685338
SRX6949264	TFs and others	SMC3	Uterus	HeLa	15151	31/388	45/386	-1.0371	-0.319584	0.685338
SRX8406521	TFs and others	FOXA1	Prostate	Prostatic Neoplasms, Castration-Resistant	24806	31/388	45/386	-1.0371	-0.319584	0.685338
SRX1397402	TFs and others	GATA1	Blood	CD34+	5512	10/388	19/386	-1.0371	-0.319584	0.523603
SRX205165	TFs and others	TAL1	Blood	Erythroid Cells	4370	10/388	19/386	-1.0371	-0.319584	0.523603
SRX5068577	TFs and others	KMT2D	Gonad	BIN-67	2782	10/388	19/386	-1.0371	-0.319584	0.523603
SRX5426122	TFs and others	JARID2	Pluripotent stem cell	NT2-D1	2114	10/388	19/386	-1.0371	-0.319584	0.523603
SRX064480	TFs and others	SMAD2	Pluripotent stem cell	hESC H9	1200	5/388	12/386	-1.03623	-0.319584	0.414519
SRX185918	TFs and others	FOXM1	Breast	MCF-7	896	5/388	12/386	-1.03623	-0.319584	0.414519
SRX1916935	TFs and others	DNMT3A	Epidermis	Epidermal stem cells	1149	5/388	12/386	-1.03623	-0.319584	0.414519
SRX2207930	TFs and others	ERCC8	Epidermis	CS1AN	4382	5/388	12/386	-1.03623	-0.319584	0.414519
SRX248934	TFs and others	GATA2	Blood	CD34+	2704	5/388	12/386	-1.03623	-0.319584	0.414519
SRX4990371	TFs and others	ASCL1	Neural	KELLY	1697	5/388	12/386	-1.03623	-0.319584	0.414519
SRX5242455	TFs and others	MED1	Blood	MOLM-14	2030	5/388	12/386	-1.03623	-0.319584	0.414519
SRX8432578	TFs and others	TBP	Pluripotent stem cell	iPS cells	1146	5/388	12/386	-1.03623	-0.319584	0.414519
SRX8520808	TFs and others	NR3C1	Breast	MDA-MB-453	5432	5/388	12/386	-1.03623	-0.319584	0.414519
SRX7202556	TFs and others	CTCF	Uterus	HEC-1-B	10146	21/388	33/386	-1.03613	-0.319584	0.633083
SRX9719168	TFs and others	ESR1	Breast	MCF-7	10830	21/388	33/386	-1.03613	-0.319584	0.633083
SRX150731	TFs and others	NFE2	Blood	GM12878	967	20/388	10/386	-1.03504	-0.31879	1.98969
SRX3230405	TFs and others	UBP1	Liver	Hep G2	3126	53/388	37/386	-1.035	-0.31879	1.42505
SRX2442516	TFs and others	CTCF	Digestive tract	HCT 116	11283	44/388	60/386	-1.0346	-0.318558	0.729553
SRX1503373	TFs and others	HNF1A	Gonad	Caput epididymis	5020	13/388	5/386	-1.03421	-0.318503	2.5866
SRX4345356	TFs and others	NFATC2	Blood	CD4+ T cells	2460	13/388	5/386	-1.03421	-0.318503	2.5866
SRX116468	TFs and others	SAP30	Pluripotent stem cell	hESC H1	2128	61/388	44/386	-1.03231	-0.316938	1.37922
SRX4931238	TFs and others	KMT2D	Kidney	293	2230	61/388	44/386	-1.03231	-0.316938	1.37922
SRX10145214	TFs and others	REL	Unclassified	Unclassified	1759	17/388	28/386	-1.03098	-0.31611	0.604013
SRX181192	TFs and others	NME2	Lung	A549	17485	17/388	28/386	-1.03098	-0.31611	0.604013
SRX2642372	TFs and others	HOXB13	Prostate	VCaP	11321	17/388	28/386	-1.03098	-0.31611	0.604013
SRX10365532	TFs and others	ESR1	Breast	MCF-7	20957	26/388	39/386	-1.03015	-0.315782	0.66323
SRX4473688	TFs and others	SS18	Gonad	BIN-67	6613	26/388	39/386	-1.03015	-0.315782	0.66323
SRX9550866	TFs and others	FOXA1	Prostate	Prostate cancer	22500	26/388	39/386	-1.03015	-0.315782	0.66323
SRX1998402	TFs and others	EZH2	Muscle	Rhabdomyosarcoma	9119	171/388	147/386	-1.02964	-0.315506	1.15727
SRX1136730	TFs and others	JUND	Epidermis	Melanoma	3185	70/388	52/386	-1.02954	-0.315506	1.33921
SRX028642	TFs and others	NR2C2	Uterus	HeLa	1178	29/388	17/386	-1.02889	-0.315023	1.69709
SRX3230391	TFs and others	KLF10	Liver	Hep G2	10156	172/388	148/386	-1.02818	-0.31448	1.15617
SRX356438	TFs and others	CTCF	Blood	GM10847	30506	99/388	120/386	-1.02756	-0.314027	0.820747
SRX3230415	TFs and others	ZNF331	Liver	Hep G2	28464	236/388	211/386	-1.0262	-0.312834	1.11272
SRX5503027	TFs and others	Epitope tags	Kidney	293	12908	234/388	209/386	-1.02381	-0.310777	1.11385
SRX102978	TFs and others	CTCF	Blood	GM19239	33962	154/388	177/386	-1.02381	-0.310777	0.865572
SRX5534831	TFs and others	ESR1	Breast	MCF-7	25373	62/388	80/386	-1.02258	-0.309714	0.771005
SRX2436030	TFs and others	OTX2	Neural	D341 Med	32612	53/388	70/386	-1.0218	-0.309203	0.75324
SRX356646	TFs and others	CTCF	Blood	GM19238	41525	156/388	179/386	-1.02159	-0.309203	0.867016
SRX9029197	TFs and others	SPI1	Blood	Neutrophils	20003	177/388	153/386	-1.02157	-0.309203	1.1509
SRX5195728	TFs and others	SMARCA4	Uterus	Endometrial epithelial cells	7323	122/388	100/386	-1.02068	-0.308773	1.21371
SRX2188690	TFs and others	BRCA1	Bone	U2OS	2307	54/388	38/386	-1.02039	-0.308773	1.41373
SRX4116034	TFs and others	ESR1	Breast	Breast cancer cells	2819	54/388	38/386	-1.02039	-0.308773	1.41373
SRX150656	TFs and others	ZNF263	Kidney	293	25755	210/388	232/386	-1.02039	-0.308773	0.900507
ERX200515	TFs and others	CTCF	Blood	B cells	10717	32/388	46/386	-1.01961	-0.308773	0.692066
SRX038544	TFs and others	CTCF	Liver	Hep G2	12259	32/388	46/386	-1.01961	-0.308773	0.692066
SRX367638	TFs and others	GATA6	Digestive tract	YCC-3	12642	32/388	46/386	-1.01961	-0.308773	0.692066
SRX7807559	TFs and others	GATA3	Blood	GM12878	6906	32/388	46/386	-1.01961	-0.308773	0.692066
SRX9006851	TFs and others	FOXA1	Prostate	22Rv1	13077	32/388	46/386	-1.01961	-0.308773	0.692066
SRX2267439	TFs and others	BRD4	Epidermis	A-375	9418	71/388	53/386	-1.01948	-0.308773	1.33272
SRX100539	TFs and others	ELF1	Blood	K-562	23131	266/388	242/386	-1.01814	-0.307599	1.09351
SRX3285610	TFs and others	KDM5B	Breast	MCF-7	7683	144/388	121/386	-1.01789	-0.307514	1.18395
SRX3433645	TFs and others	USP7	Blood	CUTLL1	18429	302/388	280/386	-1.01705	-0.30684	1.07301
ERX1149080	TFs and others	CTCF	Blood	MEG-01	36040	123/388	145/386	-1.01548	-0.305736	0.843903
SRX9317679	TFs and others	HDAC1	Blood	Fujioka	5990	102/388	123/386	-1.0154	-0.305736	0.824994
SRX9550867	TFs and others	FOXA1	Prostate	Prostate cancer	37082	102/388	123/386	-1.0154	-0.305736	0.824994
SRX4393709	TFs and others	GATA2	Blood	ME-1	16062	225/388	200/386	-1.01519	-0.305736	1.1192
SRX204914	TFs and others	BRD4	Neural	U-87 MG	30566	183/388	159/386	-1.01512	-0.305736	1.14501
SRX190263	TFs and others	MAX	Uterus	ECC-1	30528	314/388	293/386	-1.01281	-0.303922	1.06615
SRX6102130	TFs and others	SUPT5H	Uterus	HeLa	21479	314/388	293/386	-1.01281	-0.303922	1.06615
SRX5883951	TFs and others	CTCF	Blood	Multiple Myeloma	23810	74/388	93/386	-1.01281	-0.303922	0.791597
ERX470436	TFs and others	NRIP1	Breast	MCF-7	17515	54/388	71/386	-1.01204	-0.303646	0.756643
SRX1531795	TFs and others	SMC1A	Breast	MCF-7	25360	54/388	71/386	-1.01204	-0.303646	0.756643
SRX6578944	TFs and others	CTCF	Blood	CUTLL1	13054	54/388	71/386	-1.01204	-0.303646	0.756643
SRX2642355	TFs and others	FOXA1	Prostate	22Rv1	10144	22/388	34/386	-1.01088	-0.303145	0.643723
SRX2671813	TFs and others	EP300	Others	Fibroblasts	21390	22/388	34/386	-1.01088	-0.303145	0.643723
SRX5089446	TFs and others	ESR1	Breast	MCF-7	9623	22/388	34/386	-1.01088	-0.303145	0.643723
SRX9498733	TFs and others	TBP	Blood	K-562	2413	22/388	34/386	-1.01088	-0.303145	0.643723
SRX433193	TFs and others	AR	Kidney	293	25713	46/388	62/386	-1.0107	-0.30313	0.738111
SRX356749	TFs and others	CTCF	Blood	Lymphoblastoid cell line	47736	172/388	195/386	-1.00997	-0.302564	0.877505
SRX150510	TFs and others	MXI1	Blood	GM12878	11444	191/388	167/386	-1.00888	-0.301639	1.13782
SRX725578	TFs and others	MYB	Blood	Jurkat	24839	207/388	182/386	-1.008	-0.30131	1.1315
SRX369136	TFs and others	BRD4	Blood	CUTLL1	15580	206/388	181/386	-1.00798	-0.30131	1.13225
SRX3040158	TFs and others	SMC1A	Cardiovascular	Coronary artery endothelial cells	30472	126/388	148/386	-1.00788	-0.30131	0.846963
SRX9187408	TFs and others	HDAC1	Pancreas	MIA Paca-2	9334	193/388	169/386	-1.00773	-0.30131	1.13613
SRX6578928	TFs and others	CTCF	Blood	T cells	20781	104/388	125/386	-1.00773	-0.30131	0.827711
SRX102998	TFs and others	CTCF	Blood	GM12892	41237	193/388	215/386	-1.00674	-0.300897	0.893047
SRX356502	TFs and others	CTCF	Blood	GM12891	50094	193/388	215/386	-1.00674	-0.300897	0.893047
SRX102973	TFs and others	CTCF	Epidermis	NHEK	50329	192/388	214/386	-1.0063	-0.300897	0.892572
SRX398293	TFs and others	BRD4	Blood	OCI-LY1	13466	197/388	173/386	-1.00591	-0.300897	1.13286
SRX3091917	TFs and others	ZFX	Kidney	293	8024	198/388	174/386	-1.00556	-0.300897	1.13207
SRX7805361	TFs and others	ZFX	Kidney	293	8024	198/388	174/386	-1.00556	-0.300897	1.13207
SRX2642375	TFs and others	HOXB13	Prostate	VCaP	9521	14/388	24/386	-1.00519	-0.300897	0.580326
SRX481484	TFs and others	PRKDC	Others	Fibroblasts	1291	14/388	24/386	-1.00519	-0.300897	0.580326
SRX595675	TFs and others	AR	Prostate	VCaP	13062	14/388	24/386	-1.00519	-0.300897	0.580326
SRX6027740	TFs and others	ESR1	Breast	MCF-7	3018	14/388	24/386	-1.00519	-0.300897	0.580326
SRX8080556	TFs and others	Epitope tags	Breast	Mammary gland adenocarcinoma	4615	14/388	24/386	-1.00519	-0.300897	0.580326
SRX8089621	TFs and others	AR	Prostate	VCaP	15023	14/388	24/386	-1.00519	-0.300897	0.580326
SRX8616985	TFs and others	ESR1	Breast	STG195	5234	14/388	24/386	-1.00519	-0.300897	0.580326
SRX8673486	TFs and others	CTCF	Bone	HT-1080	67013	184/388	206/386	-1.00426	-0.300131	0.8886
SRX8299817	TFs and others	CTR9	Bone	U2OS	1115	25/388	14/386	-1.00318	-0.29931	1.77651
SRX5290912	TFs and others	CTCF	Lung	IMR-90	16557	33/388	47/386	-1.00295	-0.29931	0.698508
SRX5719615	TFs and others	CTCF	Blood	Jurkat	6744	33/388	47/386	-1.00295	-0.29931	0.698508
SRX359894	TFs and others	HOXA6	Digestive tract	LoVo	6611	150/388	127/386	-1.00249	-0.299013	1.17501
SRX1067071	TFs and others	AR	Prostate	LHSAR	59859	89/388	109/386	-1.0019	-0.298586	0.812305
SRX9975610	TFs and others	FLI1	Bone	A-673	6563	48/388	33/386	-1.00082	-0.297997	1.44705
SRX188958	TFs and others	CTCF	Pancreas	Pancreas	32073	129/388	151/386	-1.00081	-0.297997	0.849901
SRX1477649	TFs and others	Epitope tags	Lung	MRC-5	8663	18/388	29/386	-1.00066	-0.297997	0.61749
SRX2436043	TFs and others	OTX2	Neural	D341 Med	15209	18/388	29/386	-1.00066	-0.297997	0.61749
SRX080393	TFs and others	CTCF	Blood	GM12873	30611	106/388	127/386	-1.00039	-0.297963	0.830343
SRX032596	TFs and others	YY1	Blood	CD4+ T cells	2450	73/388	55/386	-1.0003	-0.297963	1.32043
SRX8080544	TFs and others	Epitope tags	Breast	Mammary gland ductal carcinoma	18774	151/388	128/386	-1.00013	-0.297955	1.17361
SRX5286308	TFs and others	AR	Prostate	LNCAP	31216	47/388	63/386	-0.999388	-0.297481	0.742186
SRX3460916	TFs and others	IKZF3	Blood	Pre-B cells	12917	110/388	89/386	-0.999332	-0.297481	1.22958
SRX1950176	TFs and others	CTCF	Prostate	VCaP	25442	65/388	83/386	-0.998924	-0.297236	0.779096
SRX7981741	TFs and others	HDAC2	Prostate	Prostate cancer	1229	30/388	18/386	-0.998626	-0.2971	1.65808
SRX6913045	TFs and others	BRD4	Blood	THP-1	6439	128/388	106/386	-0.997664	-0.296464	1.20132
SRX8321653	TFs and others	CDYL2	Breast	MCF-7	23615	260/388	280/386	-0.997664	-0.296464	0.923785
SRX150556	TFs and others	E2F1	Breast	MCF-7	17635	257/388	233/386	-0.996368	-0.29549	1.09732
SRX080344	TFs and others	CTCF	Cardiovascular	HPAF	41939	131/388	153/386	-0.996368	-0.29549	0.851796
SRX176862	TFs and others	FOXA1	Breast	MCF-7	47791	77/388	96/386	-0.994119	-0.293729	0.797949
SRX1995229	TFs and others	ESR1	Breast	MCF-7	36033	77/388	96/386	-0.994119	-0.293729	0.797949
SRX4155660	TFs and others	CTCFL	Neural	KELLY	10847	77/388	96/386	-0.994119	-0.293729	0.797949
SRX5880864	TFs and others	SMC1A	Digestive tract	HCT 116	14597	56/388	73/386	-0.993412	-0.293335	0.763169
SRX2778395	TFs and others	YY1	Blood	Lymphoblastoid cell line	2228	56/388	40/386	-0.992942	-0.293335	1.39278
SRX3068918	TFs and others	AR	Prostate	22Rv1	8579	8/388	16/386	-0.992918	-0.293335	0.497423
SRX361892	TFs and others	RAD21	Digestive tract	LoVo	6318	8/388	16/386	-0.992918	-0.293335	0.497423
SRX4572980	TFs and others	TGIF2LX	Liver	Hep G2	1190	8/388	16/386	-0.992918	-0.293335	0.497423
SRX176861	TFs and others	ESR1	Breast	MCF-7	48967	91/388	111/386	-0.992364	-0.292941	0.815594
SRX5548892	TFs and others	FOXO1	Cardiovascular	HUVEC	8722	97/388	77/386	-0.99168	-0.292421	1.25325
ERX664189	TFs and others	CTCF	Blood	B cells	18442	66/388	84/386	-0.991464	-0.292365	0.781664
SRX150397	TFs and others	FOS	Uterus	HeLa	8901	28/388	41/386	-0.9901	-0.291598	0.679407
SRX9562891	TFs and others	SMARCA4	Muscle	RH-4	24213	28/388	41/386	-0.9901	-0.291598	0.679407
SRX2912059	TFs and others	ESR1	Breast	MCF-7	8712	11/388	20/386	-0.98973	-0.291598	0.547165
SRX5716469	TFs and others	SMARCA4	Neural	Neural progenitor cells	9471	11/388	20/386	-0.98973	-0.291598	0.547165
SRX7818474	TFs and others	Epitope tags	Neural	hTERT RPE-1	2609	11/388	20/386	-0.98973	-0.291598	0.547165
SRX7972453	TFs and others	MKL2	Epidermis	MKL-2	5074	11/388	20/386	-0.98973	-0.291598	0.547165
SRX4824369	TFs and others	BRD4	Prostate	22Rv1	11093	156/388	133/386	-0.989137	-0.291474	1.16689
SRX170373	TFs and others	BRD2	Kidney	293	4177	85/388	66/386	-0.989122	-0.291474	1.28124
SRX735289	TFs and others	TBX21	Blood	Th1 Cells	9640	85/388	66/386	-0.989122	-0.291474	1.28124
SRX3856994	TFs and others	JUN	Breast	MDA-MB-231	48375	340/388	322/386	-0.988463	-0.291186	1.05046
SRX7498494	TFs and others	CTCF	Others	93-VU147T	21445	48/388	64/386	-0.988463	-0.291186	0.746134
SRX9206316	TFs and others	CTCF	Lung	Calu-3	7576	78/388	97/386	-0.988189	-0.291186	0.799979
SRX10119141	TFs and others	CREBBP	Blood	MV-4-11	1502	21/388	11/386	-0.987772	-0.291186	1.89925
SRX097089	TFs and others	SMAD1	Blood	K-562	9452	23/388	35/386	-0.987272	-0.291186	0.653756
SRX100472	TFs and others	TCF12	Pluripotent stem cell	hESC H1	7180	23/388	35/386	-0.987272	-0.291186	0.653756
SRX101135	TFs and others	AR	Prostate	VCaP	23488	23/388	35/386	-0.987272	-0.291186	0.653756
SRX10365536	TFs and others	ESR1	Breast	MCF-7	18431	23/388	35/386	-0.987272	-0.291186	0.653756
SRX10365541	TFs and others	RAC1	Breast	MCF-7	20412	23/388	35/386	-0.987272	-0.291186	0.653756
SRX017913	TFs and others	RELA	Blood	GM12891	7968	34/388	48/386	-0.987069	-0.291186	0.704682
SRX3800728	TFs and others	RAD21	Breast	T-47D	5527	34/388	48/386	-0.987069	-0.291186	0.704682
SRX4708029	TFs and others	FUS	Liver	Hep G2	3065	65/388	48/386	-0.986264	-0.290701	1.34719
SRX5668141	TFs and others	KMT2A	Blood	OCI-AML3	2497	65/388	48/386	-0.986264	-0.290701	1.34719
SRX5514029	TFs and others	CDK8	Uterus	Myometrium	1561	36/388	23/386	-0.985243	-0.290026	1.55715
SRX1460852	TFs and others	BRD4	Blood	Th1 Cells	4978	113/388	92/386	-0.985203	-0.290026	1.22193
SRX1892837	TFs and others	ELF1	Digestive tract	COLO 320	6787	158/388	135/386	-0.985112	-0.290026	1.16434
SRX9317690	TFs and others	TLE3	Blood	Fujioka	7070	57/388	74/386	-0.984518	-0.289594	0.7663
SRX286201	TFs and others	ING2	Digestive tract	RKO	15001	251/388	227/386	-0.98432	-0.289557	1.10003
SRX3934089	TFs and others	INTS13	Blood	Jurkat	5897	114/388	93/386	-0.980702	-0.286255	1.21949
SRX4708022	TFs and others	HNRNPK	Liver	Hep G2	9044	114/388	93/386	-0.980702	-0.286255	1.21949
SRX080378	TFs and others	CTCF	Liver	Hep G2	36809	112/388	133/386	-0.980216	-0.285929	0.837765
SRX3230417	TFs and others	ZNF335	Liver	Hep G2	11807	161/388	138/386	-0.979453	-0.285326	1.16065
SRX8673354	TFs and others	EGR1	Blood	Kasumi-1	16179	248/388	224/386	-0.978974	-0.285005	1.10144
SRX212650	TFs and others	STAT1	Blood	Monocytes-CD14+	59790	320/388	300/386	-0.977134	-0.284403	1.06117
SRX1165087	TFs and others	RAD21	Liver	Hep G2	40346	113/388	134/386	-0.977106	-0.284403	0.838937
SRX667412	TFs and others	Epitope tags	Breast	MCF-7	9880	80/388	99/386	-0.976754	-0.284403	0.803915
SRX381545	TFs and others	CTCF	Blood	Erythroblasts	62514	225/388	246/386	-0.975924	-0.284403	0.90992
SRX424010	TFs and others	KDM4C	Digestive tract	KYSE-150	10469	246/388	222/386	-0.97565	-0.284403	1.1024
SRX8707937	TFs and others	CTCF	Epidermis	Keratinocytes	53056	224/388	245/386	-0.974232	-0.284403	0.909573
SRX356561	TFs and others	CTCF	Blood	GM18505	32627	114/388	135/386	-0.974064	-0.284403	0.840092
DRX144853	TFs and others	RUNX2	Blood	CAL-1	920	2/388	7/386	-0.972011	-0.284403	0.284242
SRX003798	TFs and others	CTCF	Blood	Jurkat	898	2/388	7/386	-0.972011	-0.284403	0.284242
SRX101163	TFs and others	TCF7L2	Blood	K-562	1968	2/388	7/386	-0.972011	-0.284403	0.284242
SRX1024934	TFs and others	AGO2	Blood	K-562	1410	2/388	7/386	-0.972011	-0.284403	0.284242
SRX1471738	TFs and others	BRD4	Epidermis	SK-MEL-5	1418	2/388	7/386	-0.972011	-0.284403	0.284242
SRX150751	TFs and others	MEIS1	Blood	SEM	2367	2/388	7/386	-0.972011	-0.284403	0.284242
SRX1885173	TFs and others	AR	Prostate	LNCAP	6014	2/388	7/386	-0.972011	-0.284403	0.284242
SRX2578871	TFs and others	ESR1	Breast	MDA-MB-231	1703	2/388	7/386	-0.972011	-0.284403	0.284242
SRX2578892	TFs and others	NCOA1	Breast	MDA-MB-231	924	2/388	7/386	-0.972011	-0.284403	0.284242
SRX264465	TFs and others	BRD4	Epidermis	Melanoma	1396	2/388	7/386	-0.972011	-0.284403	0.284242
SRX2683578	TFs and others	Epitope tags	Kidney	293	407	2/388	7/386	-0.972011	-0.284403	0.284242
SRX3009965	TFs and others	SUZ12	Pluripotent stem cell	NT2-D1	522	2/388	7/386	-0.972011	-0.284403	0.284242
SRX3367003	TFs and others	AR	Prostate	LNCAP	4135	2/388	7/386	-0.972011	-0.284403	0.284242
SRX3461647	TFs and others	KDM1A	Blood	OCI-LY1	970	2/388	7/386	-0.972011	-0.284403	0.284242
SRX3666504	TFs and others	TP53	Blood	T cells	896	2/388	7/386	-0.972011	-0.284403	0.284242
SRX396818	TFs and others	ESR1	Breast	MCF-7	2735	2/388	7/386	-0.972011	-0.284403	0.284242
SRX4345365	TFs and others	NFKB1	Blood	CD4+ T cells	803	2/388	7/386	-0.972011	-0.284403	0.284242
SRX4677290	TFs and others	HOXB8	Pancreas	PANC-1	4153	2/388	7/386	-0.972011	-0.284403	0.284242
SRX470407	TFs and others	AR	Prostate	LNCAP	2691	2/388	7/386	-0.972011	-0.284403	0.284242
SRX4802335	TFs and others	EPAS1	Kidney	HKC8	2040	2/388	7/386	-0.972011	-0.284403	0.284242
SRX4824362	TFs and others	AR	Prostate	22Rv1	3826	2/388	7/386	-0.972011	-0.284403	0.284242
SRX502057	TFs and others	AR	Prostate	Prostate cancer	4433	2/388	7/386	-0.972011	-0.284403	0.284242
SRX5486413	TFs and others	ZIC5	Digestive tract	HCT 116	860	2/388	7/386	-0.972011	-0.284403	0.284242
SRX5493763	TFs and others	ESR1	Breast	Breast cancer cells	1776	2/388	7/386	-0.972011	-0.284403	0.284242
SRX6748242	TFs and others	AR	Prostate	Prostate cancer	453	2/388	7/386	-0.972011	-0.284403	0.284242
SRX6853580	TFs and others	ARNT	Breast	MCF-7	454	2/388	7/386	-0.972011	-0.284403	0.284242
SRX7371443	TFs and others	TP53	Pluripotent stem cell	hESC derived ectodermal cells	1914	2/388	7/386	-0.972011	-0.284403	0.284242
SRX8299778	TFs and others	CDC73	Blood	K-562	1559	2/388	7/386	-0.972011	-0.284403	0.284242
SRX895431	TFs and others	SUMO2	Blood	K-562	1043	2/388	7/386	-0.972011	-0.284403	0.284242
SRX9045664	TFs and others	TP53	Blood	Erythroblasts	1235	2/388	7/386	-0.972011	-0.284403	0.284242
SRX9468674	TFs and others	Epitope tags	Prostate	LNCAP	4892	2/388	7/386	-0.972011	-0.284403	0.284242
SRX9674615	TFs and others	FOXO1	Muscle	RH-30	1905	2/388	7/386	-0.972011	-0.284403	0.284242
SRX701956	TFs and others	CTCF	Pluripotent stem cell	hESC derived mesendodermal cells	13386	29/388	42/386	-0.971673	-0.284403	0.686917
SRX1514958	TFs and others	GFP	Kidney	293	28005	145/388	167/386	-0.971012	-0.284403	0.863788
SRX1514976	TFs and others	GFP	Kidney	293	8220	145/388	167/386	-0.971012	-0.284403	0.863788
SRX11399797	TFs and others	HDAC1	Lung	NCI-H1963	6864	166/388	143/386	-0.970987	-0.284403	1.15486
SRX151223	TFs and others	AFF1	Blood	RS4-11	2651	31/388	19/386	-0.970679	-0.284403	1.62317
SRX356596	TFs and others	CTCF	Blood	GM18951	30081	96/388	116/386	-0.970323	-0.284403	0.82332
SRX747798	TFs and others	FOXA1	Breast	MCF-7	7263	15/388	25/386	-0.970243	-0.284403	0.596907
SRX9932058	TFs and others	STAT5A	Breast	MCF-7	983	15/388	25/386	-0.970243	-0.284403	0.596907
SRX1995006	TFs and others	ARNTL	Bone	U2OS	1084	8/388	2/386	-0.970159	-0.284403	3.97938
SRX3229126	TFs and others	FOXA1	Breast	Breast cancer	3012	8/388	2/386	-0.970159	-0.284403	3.97938
SRX4116026	TFs and others	ESR1	Breast	Breast cancer cells	740	8/388	2/386	-0.970159	-0.284403	3.97938
SRX4116053	TFs and others	FOXA1	Breast	Breast cancer cells	2859	8/388	2/386	-0.970159	-0.284403	3.97938
SRX9600662	TFs and others	G-quadruplex	Blood	K-562	373	8/388	2/386	-0.970159	-0.284403	3.97938
SRX4192132	TFs and others	XRCC4	Breast	MCF 10A	988	26/388	15/386	-0.968304	-0.282707	1.7244
SRX5213646	TFs and others	BRD4	Breast	HCC1937	4170	88/388	69/386	-0.967944	-0.282642	1.26879
SRX1531796	TFs and others	ESR1	Breast	MCF-7	17761	50/388	66/386	-0.96771	-0.282642	0.753671
SRX360577	TFs and others	NIPBL	Digestive tract	GP5d	2644	58/388	42/386	-0.967615	-0.282642	1.37383
SRX702135	TFs and others	THAP11	Pluripotent stem cell	hESC derived mesendodermal cells	1689	58/388	42/386	-0.967615	-0.282642	1.37383
SRX100518	TFs and others	ZBTB7A	Blood	K-562	21192	219/388	240/386	-0.966462	-0.281766	0.907796
SRX116436	TFs and others	PHF8	Blood	K-562	20135	291/388	269/386	-0.966202	-0.281766	1.07621
SRX3800335	TFs and others	SMC1A	Others	RT-112	12175	82/388	101/386	-0.965855	-0.281766	0.807696
SRX5391686	TFs and others	CTCF	Blood	Neutrophils	17957	82/388	101/386	-0.965855	-0.281766	0.807696
SRX3345957	TFs and others	INTS13	Blood	HL-60	3785	67/388	50/386	-0.96555	-0.281766	1.33309
SRX2963102	TFs and others	RUNX1	Blood	PBMC	20938	239/388	215/386	-0.965457	-0.281766	1.1059
SRX8080569	TFs and others	POU2F1	Breast	Mammary gland ductal carcinoma	11925	239/388	215/386	-0.965457	-0.281766	1.1059
SRX080416	TFs and others	CTCF	Breast	HMEC	43834	149/388	171/386	-0.965457	-0.281766	0.866854
SRX8570845	TFs and others	HAP1	Blood	KBM-7	32790	271/388	248/386	-0.965334	-0.281766	1.08711
SRX6748256	TFs and others	FOXA1	Prostate	Prostate cancer	18185	24/388	36/386	-0.96514	-0.281725	0.66323
SRX3160997	TFs and others	BCL11A	Blood	HUDEP-2	2429	37/388	24/386	-0.963156	-0.280208	1.53372
SRX6824684	TFs and others	MYOD1	Muscle	Rhabdomyosarcoma	5130	37/388	24/386	-0.963156	-0.280208	1.53372
SRX9221933	TFs and others	ESR1	Liver	Hepatocytes	1414	37/388	24/386	-0.963156	-0.280208	1.53372
SRX199859	TFs and others	CTCF	Breast	HMEC	34347	98/388	118/386	-0.962172	-0.279379	0.826228
SRX7807106	TFs and others	CTCF	Adipocyte	Adipocytes	38168	152/388	174/386	-0.961746	-0.279109	0.86906
SRX174819	TFs and others	NKX2-1	Lung	NCI-H3122	19770	89/388	70/386	-0.96125	-0.278792	1.26487
SRX7785413	TFs and others	Epitope tags	Blood	Jurkat	13826	60/388	77/386	-0.95938	-0.278792	0.775204
SRX113706	TFs and others	SP1	Digestive tract	HCT 116	16733	233/388	209/386	-0.958414	-0.278792	1.10909
SRX080342	TFs and others	CTCF	Others	WERI-Rb-1	30780	99/388	119/386	-0.95823	-0.278792	0.827644
SRX5283932	TFs and others	CPSF3L	Uterus	HeLa	4343	103/388	83/386	-0.958203	-0.278792	1.23457
SRX9498684	TFs and others	TBP	Blood	K-562	4525	103/388	83/386	-0.958203	-0.278792	1.23457
SRX027272	TFs and others	SMARCC1	Uterus	HeLa	1965	6/388	13/386	-0.957912	-0.278792	0.459159
SRX10306508	TFs and others	AR	Prostate	LNCAP	8482	6/388	13/386	-0.957912	-0.278792	0.459159
SRX1550246	TFs and others	Epitope tags	Bone	U2OS	816	6/388	13/386	-0.957912	-0.278792	0.459159
SRX1885172	TFs and others	RELA	Prostate	LNCAP	2432	6/388	13/386	-0.957912	-0.278792	0.459159
SRX190306	TFs and others	CEBPB	Blood	GM12878	3048	6/388	13/386	-0.957912	-0.278792	0.459159
SRX2060924	TFs and others	TP53	Bone	SJSA-1	1930	6/388	13/386	-0.957912	-0.278792	0.459159
SRX4155880	TFs and others	SMC1A	Bone	TC-71	2636	6/388	13/386	-0.957912	-0.278792	0.459159
SRX4326274	TFs and others	BRD4	Neural	SK-N-BE(2)	946	6/388	13/386	-0.957912	-0.278792	0.459159
SRX4389612	TFs and others	CBX4	Others	Mesenchymal stem cells	374	6/388	13/386	-0.957912	-0.278792	0.459159
SRX4663585	TFs and others	ESR1	Breast	MCF-7	5642	6/388	13/386	-0.957912	-0.278792	0.459159
SRX4802342	TFs and others	EPAS1	Kidney	HKC8	4152	6/388	13/386	-0.957912	-0.278792	0.459159
SRX4802363	TFs and others	EPAS1	Liver	Hep G2	1285	6/388	13/386	-0.957912	-0.278792	0.459159
SRX734338	TFs and others	CHD8	Breast	T-47D	704	6/388	13/386	-0.957912	-0.278792	0.459159
SRX8406321	TFs and others	HOXB13	Prostate	Prostatic Neoplasms, Castration-Resistant	7564	6/388	13/386	-0.957912	-0.278792	0.459159
SRX3110777	TFs and others	SMC3	Uterus	HeLa	14431	43/388	58/386	-0.957759	-0.278792	0.737558
SRX4001754	TFs and others	CTCF	Blood	Macrophages	13609	36/388	50/386	-0.957401	-0.278792	0.716289
SRX5287698	TFs and others	ESR1	Breast	MCF-7	13451	36/388	50/386	-0.957401	-0.278792	0.716289
SRX8080570	TFs and others	POU2F1	Breast	Mammary gland ductal carcinoma	19246	232/388	208/386	-0.957386	-0.278792	1.10964
SRX8066534	TFs and others	CTCF	Blood	GM04604	43681	156/388	178/386	-0.957386	-0.278792	0.871887
SRX1165090	TFs and others	Epitope tags	Liver	Hep G2	43290	120/388	141/386	-0.957174	-0.278792	0.846677
SRX1758495	TFs and others	NELFE	Breast	MCF-7	3535	78/388	60/386	-0.957171	-0.278792	1.2933
SRX4786575	TFs and others	KDM6A	Breast	MCF-7	6748	141/388	119/386	-0.9571	-0.278792	1.17877
SRX7135371	TFs and others	BRD2	Blood	K-562	848	14/388	6/386	-0.956058	-0.278598	2.32131
SRX8151648	TFs and others	ARNTL	Adipocyte	Preadipocytes	1197	14/388	6/386	-0.956058	-0.278598	2.32131
SRX3852890	TFs and others	NELFA	Blood	K-562	13716	267/388	244/386	-0.954576	-0.278598	1.08862
SRX5527615	TFs and others	EP300	Cardiovascular	HUVEC	27870	288/388	266/386	-0.954374	-0.278598	1.07713
SRX1787651	TFs and others	FOXA1	Breast	MCF-7	20426	30/388	43/386	-0.954197	-0.278598	0.694078
SRX1950172	TFs and others	AR	Prostate	VCaP	31950	30/388	43/386	-0.954197	-0.278598	0.694078
SRX2431539	TFs and others	GATA4	Epidermis	BJ	15430	30/388	43/386	-0.954197	-0.278598	0.694078
SRX3230395	TFs and others	PAXIP1	Liver	Hep G2	9583	30/388	43/386	-0.954197	-0.278598	0.694078
SRX5323843	TFs and others	FOXA1	Breast	MCF-7	20551	30/388	43/386	-0.954197	-0.278598	0.694078
SRX7427136	TFs and others	SMC3	Blood	CUTLL1	13296	30/388	43/386	-0.954197	-0.278598	0.694078
SRX8337454	TFs and others	NFYA	Blood	HUDEP-1	7206	180/388	157/386	-0.9532	-0.278598	1.14059
SRX190185	TFs and others	MTA3	Blood	GM12878	13093	104/388	84/386	-0.953073	-0.278598	1.23171
SRX2251224	TFs and others	BRD4	Prostate	C4-2	6987	104/388	84/386	-0.953073	-0.278598	1.23171
SRX4708083	TFs and others	RBM22	Blood	K-562	5681	104/388	84/386	-0.953073	-0.278598	1.23171
SRX1594205	TFs and others	CTCF	Breast	MCF-7	36064	161/388	183/386	-0.95285	-0.278598	0.875246
SRX6578942	TFs and others	CTCF	Blood	CUTLL1	12037	61/388	78/386	-0.951481	-0.278598	0.77802
SRX764810	TFs and others	FOXA2	Pluripotent stem cell	hESC derived mesendodermal cells	12207	61/388	78/386	-0.951481	-0.278598	0.77802
SRX356611	TFs and others	STAG1	Blood	GM18951	20627	85/388	104/386	-0.950442	-0.278598	0.813095
SRX8066532	TFs and others	CTCF	Blood	GM04648	45529	167/388	189/386	-0.948702	-0.278598	0.879043
SRX5286317	TFs and others	KLF17	Pluripotent stem cell	ES cells	2970	52/388	68/386	-0.948303	-0.278598	0.760764
SRX356766	TFs and others	CTCF	Blood	Lymphoblastoid cell line	46104	168/388	190/386	-0.948145	-0.278598	0.879653
SRX190201	TFs and others	TCF3	Blood	GM12878	10171	105/388	85/386	-0.948062	-0.278598	1.22893
SRX2683594	TFs and others	Epitope tags	Kidney	293	921	12/388	21/386	-0.947731	-0.278598	0.568483
SRX7540325	TFs and others	BRD4	Breast	MCF-7	13302	201/388	222/386	-0.947321	-0.278598	0.900738
SRX7805372	TFs and others	ZFX	Kidney	293	12819	201/388	222/386	-0.947321	-0.278598	0.900738
SRX684291	TFs and others	NELFE	Uterus	HeLa	13333	217/388	193/386	-0.9467	-0.278598	1.11856
SRX180167	TFs and others	PBX1	Breast	MCF-7-LTED	1574	20/388	31/386	-0.946696	-0.278598	0.641836
SRX2267458	TFs and others	BRD4	Lung	PC-9	24233	188/388	165/386	-0.946636	-0.278598	1.13352
SRX1521305	TFs and others	ZMYND8	Breast	ZR-75-30	2013	22/388	12/386	-0.945861	-0.278598	1.82388
SRX276784	TFs and others	BMI1	Prostate	DU 145	6912	22/388	12/386	-0.945861	-0.278598	1.82388
SRX356784	TFs and others	CTCF	Blood	MS1	42115	174/388	196/386	-0.945593	-0.278598	0.883179
SRX3852892	TFs and others	NELFE	Blood	K-562	11730	263/388	240/386	-0.94476	-0.278598	1.09018
SRX8673359	TFs and others	EGR1	Blood	Kasumi-1	13168	210/388	186/386	-0.944636	-0.278598	1.12321
SRX100425	TFs and others	ATF3	Blood	K-562	12575	123/388	102/386	-0.944392	-0.278598	1.19967
SRX3511932	TFs and others	TFAP2A	Pluripotent stem cell	iPS cells	12446	146/388	124/386	-0.944384	-0.278598	1.17135
SRX10119364	TFs and others	YAP1	Breast	MCF 10A	17615	25/388	37/386	-0.944345	-0.278598	0.672193
SRX150444	TFs and others	JUN	Liver	Hep G2	7918	25/388	37/386	-0.944345	-0.278598	0.672193
SRX3123823	TFs and others	ESR1	Breast	MCF-7	14778	25/388	37/386	-0.944345	-0.278598	0.672193
SRX4288471	TFs and others	CTCF	Blood	Lymphoblastoid cell line	7566	25/388	37/386	-0.944345	-0.278598	0.672193
SRX5323875	TFs and others	ESR1	Breast	MCF-7	10929	25/388	37/386	-0.944345	-0.278598	0.672193
SRX5974576	TFs and others	CTCF	Blood	K-562	7234	25/388	37/386	-0.944345	-0.278598	0.672193
SRX6175640	TFs and others	STAG1	Bone	TC-71	13878	25/388	37/386	-0.944345	-0.278598	0.672193
SRX5299873	TFs and others	CTCF	Blood	Erythroid Cells	44157	182/388	204/386	-0.944268	-0.278598	0.887558
SRX100550	TFs and others	SP1	Blood	K-562	3954	62/388	79/386	-0.943804	-0.278598	0.780765
SRX7223840	TFs and others	CTCF	Bone	U2OS	11308	37/388	51/386	-0.943527	-0.278598	0.721751
SRX8380646	TFs and others	ESR1	Bone	U2OS	14354	37/388	51/386	-0.943527	-0.278598	0.721751
SRX190190	TFs and others	CTCF	Breast	MCF-7	44976	103/388	123/386	-0.943303	-0.278598	0.833082
SRX096358	TFs and others	Epitope tags	Bone	EWS502	16890	196/388	173/386	-0.942518	-0.278598	1.12711
SRX2778394	TFs and others	YY1	Blood	Lymphoblastoid cell line	4278	92/388	73/386	-0.942176	-0.278598	1.25378
SRX7055007	TFs and others	RELA	Cardiovascular	HAEC	43374	197/388	174/386	-0.942171	-0.278598	1.12635
SRX3934095	TFs and others	INTS13	Blood	Monocytes	4028	80/388	62/386	-0.941622	-0.278598	1.28367
SRX100432	TFs and others	EP300	Blood	GM12878	1656	4/388	10/386	-0.941384	-0.278598	0.397938
SRX1629243	TFs and others	AR	Prostate	VCaP	5820	4/388	10/386	-0.941384	-0.278598	0.397938
SRX190279	TFs and others	ESR1	Breast	T-47D	4162	4/388	10/386	-0.941384	-0.278598	0.397938
SRX2683575	TFs and others	Epitope tags	Kidney	293	580	4/388	10/386	-0.941384	-0.278598	0.397938
SRX2683590	TFs and others	Epitope tags	Kidney	293	550	4/388	10/386	-0.941384	-0.278598	0.397938
SRX2683611	TFs and others	Epitope tags	Kidney	293	498	4/388	10/386	-0.941384	-0.278598	0.397938
SRX2961559	TFs and others	STAT1	Blood	SET-2	904	4/388	10/386	-0.941384	-0.278598	0.397938
SRX3229165	TFs and others	ESR1	Breast	Breast cancer	2037	4/388	10/386	-0.941384	-0.278598	0.397938
SRX334236	TFs and others	AR	Unclassified	Unclassified	5664	4/388	10/386	-0.941384	-0.278598	0.397938
SRX3927298	TFs and others	GLTSCR1	Blood	MOLM-13	2143	4/388	10/386	-0.941384	-0.278598	0.397938
SRX470408	TFs and others	AR	Prostate	LNCAP	5096	4/388	10/386	-0.941384	-0.278598	0.397938
SRX5128104	TFs and others	ESR1	Breast	ZR-75-1	2644	4/388	10/386	-0.941384	-0.278598	0.397938
SRX5514045	TFs and others	MED12	Uterus	Uterin leiomyoma	791	4/388	10/386	-0.941384	-0.278598	0.397938
SRX573039	TFs and others	ELL2	Uterus	HeLa	661	4/388	10/386	-0.941384	-0.278598	0.397938
SRX6853596	TFs and others	ARNT	Breast	MCF-7	875	4/388	10/386	-0.941384	-0.278598	0.397938
SRX713894	TFs and others	AR	Prostate	R1-AD1	3305	4/388	10/386	-0.941384	-0.278598	0.397938
SRX9237233	TFs and others	SUPT5H	Blood	K-562	9971	200/388	177/386	-0.941349	-0.278598	1.12412
SRX9867035	TFs and others	CTCF	Blood	Monocytes	16061	87/388	106/386	-0.940749	-0.278598	0.816524
SRX8949796	TFs and others	ASCL1	Prostate	NCI-H660	31713	261/388	238/386	-0.940185	-0.278598	1.09099
SRX067535	TFs and others	CTCF	Bone	Osteobl	42337	127/388	148/386	-0.940185	-0.278598	0.853685
SRX1514930	TFs and others	GFP	Kidney	293	9163	127/388	148/386	-0.940185	-0.278598	0.853685
SRX065548	TFs and others	ELK4	Kidney	293	434	11/388	4/386	-0.93958	-0.278598	2.73582
SRX1872773	TFs and others	ERF	Prostate	VCaP	735	11/388	4/386	-0.93958	-0.278598	2.73582
SRX8171735	TFs and others	MYBBP1A	Pancreas	PDAC	345	11/388	4/386	-0.93958	-0.278598	2.73582
SRX2513517	TFs and others	ESR1	Breast	MCF-7	25016	53/388	69/386	-0.939065	-0.278598	0.764157
SRX4001876	TFs and others	RAD21	Blood	THP-1	20047	53/388	69/386	-0.939065	-0.278598	0.764157
SRX10365542	TFs and others	RAC1	Breast	MCF-7	7411	9/388	17/386	-0.938939	-0.278598	0.526683
SRX11399802	TFs and others	HDAC2	Lung	NCI-H1963	1768	9/388	17/386	-0.938939	-0.278598	0.526683
SRX1334493	TFs and others	AR	Prostate	LNCAP	12873	9/388	17/386	-0.938939	-0.278598	0.526683
SRX1734381	TFs and others	FOXA1	Prostate	22Rv1	5918	9/388	17/386	-0.938939	-0.278598	0.526683
SRX381503	TFs and others	Epitope tags	Blood	B cells	7022	9/388	17/386	-0.938939	-0.278598	0.526683
SRX4001967	TFs and others	RELA	Blood	THP-1	1602	9/388	17/386	-0.938939	-0.278598	0.526683
SRX5089504	TFs and others	HDAC1	Breast	MCF-7	755	9/388	17/386	-0.938939	-0.278598	0.526683
SRX573042	TFs and others	ELL2	Uterus	HeLa	1028	9/388	17/386	-0.938939	-0.278598	0.526683
DRX013210	TFs and others	CTCF	Breast	MCF-7	8198	16/388	26/386	-0.938401	-0.278598	0.612213
SRX2683608	TFs and others	Epitope tags	Kidney	293	1144	16/388	26/386	-0.938401	-0.278598	0.612213
SRX2912063	TFs and others	ESR1	Breast	MCF-7	2055	16/388	26/386	-0.938401	-0.278598	0.612213
SRX4451216	TFs and others	ESR1	Breast	MCF-7	9685	16/388	26/386	-0.938401	-0.278598	0.612213
SRX5124840	TFs and others	FOXA1	Prostate	22Rv1	8340	16/388	26/386	-0.938401	-0.278598	0.612213
SRX747778	TFs and others	ESR1	Breast	MCF-7	8209	16/388	26/386	-0.938401	-0.278598	0.612213
SRX747782	TFs and others	ESR1	Breast	MCF-7	7005	16/388	26/386	-0.938401	-0.278598	0.612213
SRX747794	TFs and others	FOXA1	Breast	MCF-7	8537	16/388	26/386	-0.938401	-0.278598	0.612213
SRX190321	TFs and others	MAX	Liver	Hep G2	39412	314/388	294/386	-0.938391	-0.278598	1.06252
SRX1156541	TFs and others	SMARCA4	Breast	MDA-MB-231	22111	125/388	104/386	-0.937255	-0.278598	1.19573
SRX10119140	TFs and others	CREBBP	Blood	MV-4-11	1568	27/388	16/386	-0.936528	-0.278598	1.6788
SRX3437462	TFs and others	NRF1	Uterus	HeLa	1438	27/388	16/386	-0.936528	-0.278598	1.6788
SRX8984311	TFs and others	FLI1	Bone	A-673	12529	27/388	16/386	-0.936528	-0.278598	1.6788
SRX4377547	TFs and others	BRD2	Breast	HCC1806	20636	325/388	306/386	-0.936343	-0.278598	1.05662
ERX200506	TFs and others	CTCF	Blood	B cells	18906	63/388	80/386	-0.936343	-0.278598	0.783441
SRX5202983	TFs and others	FOXA1	Breast	MCF-7	45941	63/388	80/386	-0.936343	-0.278598	0.783441
SRX2510826	TFs and others	NELFA	Uterus	HeLa	2764	45/388	31/386	-0.935638	-0.278598	1.44413
SRX3164108	TFs and others	YY1	Blood	Jurkat	1999	45/388	31/386	-0.935638	-0.278598	1.44413
SRX5360663	TFs and others	Epitope tags	Epidermis	BJ	41303	126/388	105/386	-0.933802	-0.278598	1.19381
SRX265423	TFs and others	KDM5B	Breast	SUM 185PE	31331	313/388	293/386	-0.932491	-0.278598	1.06275
SRX10059517	TFs and others	CEBPD	Others	Fibroblasts	25668	75/388	93/386	-0.932491	-0.278598	0.802295
SRX1165092	TFs and others	GABPA	Liver	Hep G2	5039	127/388	106/386	-0.930424	-0.278598	1.19194
SRX150489	TFs and others	FOS	Blood	GM12878	1948	38/388	52/386	-0.930238	-0.278598	0.727002
SRX4193367	TFs and others	SMARCA4	Prostate	22Rv1	2213	53/388	38/386	-0.928252	-0.278598	1.38755
SRX199857	TFs and others	CTCF	Blood	GM12873	35537	108/388	128/386	-0.926398	-0.278598	0.839401
SRX1033275	TFs and others	AR	Prostate	LNCAP	21482	26/388	38/386	-0.924768	-0.278598	0.680684
SRX190285	TFs and others	ETS1	Lung	A549	4698	110/388	90/386	-0.924668	-0.278598	1.21592
SRX6913075	TFs and others	BRD2	Blood	K-562	4170	95/388	76/386	-0.924497	-0.278598	1.24356
SRX316363	TFs and others	NR3C1	Kidney	293	23247	46/388	61/386	-0.924438	-0.278598	0.750211
SRX330069	TFs and others	ESR1	Breast	MCF-7	22070	46/388	61/386	-0.924438	-0.278598	0.750211
SRX8536123	TFs and others	GATA1	Blood	HUDEP-2	26315	109/388	129/386	-0.923234	-0.278598	0.840606
SRX1026678	TFs and others	CTCF	Pancreas	PANC-1	25667	91/388	110/386	-0.922649	-0.278598	0.823008
SRX190345	TFs and others	CEBPB	Breast	MCF-7	28067	91/388	110/386	-0.922649	-0.278598	0.823008
SRX101133	TFs and others	AR	Prostate	VCaP	21114	21/388	32/386	-0.922571	-0.278598	0.652867
SRX1734382	TFs and others	FOXA1	Prostate	22Rv1	11136	21/388	32/386	-0.922571	-0.278598	0.652867
SRX747573	TFs and others	NCOR1	Blood	Kasumi-1	7397	21/388	32/386	-0.922571	-0.278598	0.652867
SRX1629255	TFs and others	ERG	Prostate	VCaP	3039	62/388	46/386	-0.922416	-0.278598	1.34088
SRX188951	TFs and others	CTCF	Prostate	LNCAP	43769	136/388	157/386	-0.922148	-0.278598	0.861777
SRX5342373	TFs and others	FOXL2	Gonad	SVOG-3e	11758	32/388	45/386	-0.921812	-0.278598	0.707446
ERX1276028	TFs and others	CTCF	Blood	UT-7	12639	55/388	71/386	-0.921448	-0.278598	0.770655
SRX2166892	TFs and others	CTCF	Neural	Retina	11140	55/388	71/386	-0.921448	-0.278598	0.770655
SRX5417097	TFs and others	GFP	Uterus	HeLa	37439	77/388	95/386	-0.921122	-0.278598	0.806348
SRX100436	TFs and others	PAX5	Blood	GM12878	14922	130/388	109/386	-0.920722	-0.278598	1.18651
ERX2868714	TFs and others	CTCF	Blood	HEL 92.1.7	44012	137/388	158/386	-0.920386	-0.278598	0.862619
SRX186670	TFs and others	CTCF	Blood	CD20+	33169	137/388	158/386	-0.920386	-0.278598	0.862619
SRX1165093	TFs and others	GABPA	Liver	Hep G2	4342	111/388	91/386	-0.9203	-0.278598	1.21349
SRX4931251	TFs and others	KMT2A	Kidney	293	4034	111/388	91/386	-0.9203	-0.278598	1.21349
SRX6840507	TFs and others	HAP1	Blood	KBM-7	15400	111/388	91/386	-0.9203	-0.278598	1.21349
SRX5824575	TFs and others	BRD2	Breast	SUM 149PT	8624	158/388	136/386	-0.919353	-0.278598	1.15578
SRX1013334	TFs and others	SMC1A	Liver	HuCCT1	62148	230/388	250/386	-0.919353	-0.278598	0.915258
SRX3934096	TFs and others	INTS13	Blood	Monocytes	4804	96/388	77/386	-0.918891	-0.278598	1.24033
SRX4374939	TFs and others	RBPJ	Breast	HCC1599	16857	250/388	227/386	-0.91867	-0.278598	1.09564
SRX9730741	TFs and others	BRD4	Blood	THP-1	22108	296/388	275/386	-0.918375	-0.278598	1.07082
SRX4786548	TFs and others	ESR1	Breast	MCF-7	2100	54/388	39/386	-0.915537	-0.278598	1.37748
SRX1165097	TFs and others	CREB1	Liver	Hep G2	21871	276/388	254/386	-0.91415	-0.278598	1.08101
SRX1067070	TFs and others	AR	Prostate	LHSAR	64537	112/388	132/386	-0.91415	-0.278598	0.844111
SRX9932060	TFs and others	STAT5A	Breast	MCF-7	2277	47/388	62/386	-0.914115	-0.278598	0.754157
SRX475758	TFs and others	GABPA	Blood	GM12878	3967	97/388	78/386	-0.913421	-0.278598	1.23718
SRX150388	TFs and others	NRF1	Pluripotent stem cell	hESC H1	3992	84/388	66/386	-0.913032	-0.278598	1.26617
SRX4417526	TFs and others	CTCF	Pluripotent stem cell	hESC derived neural cells	52210	226/388	246/386	-0.912557	-0.278598	0.913964
SRX4374907	TFs and others	CTCF	Breast	MB 157	31751	142/388	163/386	-0.912257	-0.278598	0.866675
SRX2059877	TFs and others	MGEA5	Blood	BJAB	5207	73/388	56/386	-0.910985	-0.278598	1.29685
SRX366794	TFs and others	BRD3	Blood	MM.1S	3376	73/388	56/386	-0.910985	-0.278598	1.29685
SRX7972427	TFs and others	MKL1	Epidermis	MKL-1	27136	245/388	222/386	-0.910764	-0.278598	1.09791
SRX017867	TFs and others	RELA	Blood	GM18526	866	1/388	5/386	-0.910715	-0.278598	0.198969
SRX017908	TFs and others	RELA	Blood	GM12878	1051	1/388	5/386	-0.910715	-0.278598	0.198969
SRX027905	TFs and others	NR3C1	Uterus	HeLa	1522	1/388	5/386	-0.910715	-0.278598	0.198969
SRX10030479	TFs and others	AR	Prostate	LNCAP	455	1/388	5/386	-0.910715	-0.278598	0.198969
SRX1033267	TFs and others	AR	Prostate	LNCAP	1710	1/388	5/386	-0.910715	-0.278598	0.198969
SRX10809803	TFs and others	EP300	Muscle	RH-4	1207	1/388	5/386	-0.910715	-0.278598	0.198969
SRX10881803	TFs and others	SMARCC2	Others	BT-16	787	1/388	5/386	-0.910715	-0.278598	0.198969
SRX116428	TFs and others	KDM5B	Blood	K-562	223	1/388	5/386	-0.910715	-0.278598	0.198969
SRX117807	TFs and others	VEZF1	Uterus	HeLa	2265	1/388	5/386	-0.910715	-0.278598	0.198969
SRX130266	TFs and others	TET2	Kidney	293	845	1/388	5/386	-0.910715	-0.278598	0.198969
SRX1360982	TFs and others	BRD4	Lung	IMR-90	1421	1/388	5/386	-0.910715	-0.278598	0.198969
SRX142907	TFs and others	AR	Prostate	LNCAP	1714	1/388	5/386	-0.910715	-0.278598	0.198969
SRX150354	TFs and others	CEBPZ	Liver	Hep G2	740	1/388	5/386	-0.910715	-0.278598	0.198969
SRX1515061	TFs and others	GFP	Kidney	293	453	1/388	5/386	-0.910715	-0.278598	0.198969
SRX1629250	TFs and others	AR	Prostate	VCaP	2957	1/388	5/386	-0.910715	-0.278598	0.198969
SRX212443	TFs and others	RUNX1	Blood	CD4+ T cells	455	1/388	5/386	-0.910715	-0.278598	0.198969
SRX2319759	TFs and others	VDR	Blood	THP-1	543	1/388	5/386	-0.910715	-0.278598	0.198969
SRX2442518	TFs and others	CUX1	Blood	K-562	579	1/388	5/386	-0.910715	-0.278598	0.198969
SRX2545044	TFs and others	ARID1A	Prostate	LNCAP	4451	1/388	5/386	-0.910715	-0.278598	0.198969
SRX2578895	TFs and others	NCOA1	Breast	MDA-MB-231	514	1/388	5/386	-0.910715	-0.278598	0.198969
SRX2912047	TFs and others	ESR1	Breast	MCF-7	636	1/388	5/386	-0.910715	-0.278598	0.198969
SRX3124417	TFs and others	BRD4	Neural	KELLY	1539	1/388	5/386	-0.910715	-0.278598	0.198969
SRX328779	TFs and others	GATA6	Digestive tract	LS-174T	1465	1/388	5/386	-0.910715	-0.278598	0.198969
SRX334237	TFs and others	AR	Unclassified	Unclassified	2988	1/388	5/386	-0.910715	-0.278598	0.198969
SRX3450326	TFs and others	RXRA	Others	JMSU1	1803	1/388	5/386	-0.910715	-0.278598	0.198969
SRX3630815	TFs and others	NR3C1	Uterus	Ishikawa	1531	1/388	5/386	-0.910715	-0.278598	0.198969
SRX4705114	TFs and others	CHAF1A	Blood	U-937	672	1/388	5/386	-0.910715	-0.278598	0.198969
SRX4708063	TFs and others	SRSF4	Blood	K-562	565	1/388	5/386	-0.910715	-0.278598	0.198969
SRX502066	TFs and others	AR	Prostate	Prostate cancer	3089	1/388	5/386	-0.910715	-0.278598	0.198969
SRX5060890	TFs and others	AR	Prostate	LNCAP	2917	1/388	5/386	-0.910715	-0.278598	0.198969
SRX5089431	TFs and others	SMARCB1	Breast	MCF-7	2620	1/388	5/386	-0.910715	-0.278598	0.198969
SRX5089435	TFs and others	SMARCB1	Breast	MCF-7	2202	1/388	5/386	-0.910715	-0.278598	0.198969
SRX5089438	TFs and others	SMARCB1	Breast	MCF-7	1859	1/388	5/386	-0.910715	-0.278598	0.198969
SRX5089528	TFs and others	SMARCA4	Breast	MCF-7	976	1/388	5/386	-0.910715	-0.278598	0.198969
SRX5199676	TFs and others	EP300	Prostate	LNCAP	584	1/388	5/386	-0.910715	-0.278598	0.198969
SRX5250530	TFs and others	MLXIP	Uterus	HeLa	511	1/388	5/386	-0.910715	-0.278598	0.198969
SRX5323809	TFs and others	ESR1	Breast	T-47D	1417	1/388	5/386	-0.910715	-0.278598	0.198969
SRX5323863	TFs and others	STAT3	Breast	MCF-7	248	1/388	5/386	-0.910715	-0.278598	0.198969
SRX5493755	TFs and others	FOXA1	Breast	Breast cancer cells	825	1/388	5/386	-0.910715	-0.278598	0.198969
SRX5501657	TFs and others	CDK9	Epidermis	A-375	537	1/388	5/386	-0.910715	-0.278598	0.198969
SRX5702146	TFs and others	PPP1R10	Bone	U2OS	933	1/388	5/386	-0.910715	-0.278598	0.198969
SRX6027692	TFs and others	ESR1	Uterus	Ishikawa	4007	1/388	5/386	-0.910715	-0.278598	0.198969
SRX6473444	TFs and others	Epitope tags	Pluripotent stem cell	hESC derived neural crests	838	1/388	5/386	-0.910715	-0.278598	0.198969
SRX673720	TFs and others	Biotin	Breast	MCF-7	512	1/388	5/386	-0.910715	-0.278598	0.198969
SRX673730	TFs and others	MED1	Breast	MCF-7	1704	1/388	5/386	-0.910715	-0.278598	0.198969
SRX695885	TFs and others	ASCL1	Others	Tumor	748	1/388	5/386	-0.910715	-0.278598	0.198969
SRX730453	TFs and others	ESR1	Breast	MCF-7	1531	1/388	5/386	-0.910715	-0.278598	0.198969
SRX7584814	TFs and others	ATF4	Blood	HUDEP-2	1292	1/388	5/386	-0.910715	-0.278598	0.198969
SRX758607	TFs and others	FOXP1	Blood	BJAB	1908	1/388	5/386	-0.910715	-0.278598	0.198969
SRX8299779	TFs and others	CDC73	Blood	K-562	1920	1/388	5/386	-0.910715	-0.278598	0.198969
SRX8406457	TFs and others	AR	Prostate	Prostatic Neoplasms, Castration-Resistant	5369	1/388	5/386	-0.910715	-0.278598	0.198969
SRX8616964	TFs and others	TET2	Breast	MCF-7	1134	1/388	5/386	-0.910715	-0.278598	0.198969
SRX8616968	TFs and others	TET2	Breast	MCF-7	879	1/388	5/386	-0.910715	-0.278598	0.198969
SRX8616980	TFs and others	TET2	Breast	ZR-75-1	1327	1/388	5/386	-0.910715	-0.278598	0.198969
SRX8827519	TFs and others	EZH2	Lung	NCI-H1299	132	1/388	5/386	-0.910715	-0.278598	0.198969
SRX968417	TFs and others	HIF1A	Kidney	786-O	346	1/388	5/386	-0.910715	-0.278598	0.198969
SRX1012747	TFs and others	ESR1	Breast	MCF-7	5157	13/388	22/386	-0.910199	-0.278598	0.587863
SRX1674510	TFs and others	GATAD2B	Uterus	HeLa	2753	13/388	22/386	-0.910199	-0.278598	0.587863
SRX2545062	TFs and others	TLE3	Prostate	LNCAP	17243	13/388	22/386	-0.910199	-0.278598	0.587863
SRX3482872	TFs and others	CTCF	Pluripotent stem cell	hESC HUES64	7780	13/388	22/386	-0.910199	-0.278598	0.587863
SRX3927299	TFs and others	CTCF	Blood	MOLM-13	68030	224/388	244/386	-0.909427	-0.278598	0.913301
SRX5974529	TFs and others	GATA1	Blood	K-562	6301	17/388	27/386	-0.909253	-0.278598	0.626384
SRX032595	TFs and others	HMGN1	Blood	CD4+ T cells	166	6/388	1/386	-0.908999	-0.278598	5.96907
SRX1968072	TFs and others	BCL11B	Blood	Thymus	482	6/388	1/386	-0.908999	-0.278598	5.96907
SRX3445722	TFs and others	ZNF341	Blood	B cells	1040	6/388	1/386	-0.908999	-0.278598	5.96907
SRX8089625	TFs and others	BRD4	Prostate	VCaP	535	6/388	1/386	-0.908999	-0.278598	5.96907
SRX9683844	TFs and others	NR3C1	Adipocyte	Adipocytes	1972	6/388	1/386	-0.908999	-0.278598	5.96907
SRX9683845	TFs and others	NR3C1	Adipocyte	Adipocytes	1573	6/388	1/386	-0.908999	-0.278598	5.96907
SRX9683848	TFs and others	NR3C1	Adipocyte	Adipocytes	2111	6/388	1/386	-0.908999	-0.278598	5.96907
SRX9683849	TFs and others	NR3C1	Adipocyte	Adipocytes	1827	6/388	1/386	-0.908999	-0.278598	5.96907
SRX1726515	TFs and others	E2F1	Blood	MM.1S	5900	134/388	113/386	-0.90874	-0.278598	1.17973
SRX757326	TFs and others	YAP1	Lung	H2052	49213	67/388	84/386	-0.908484	-0.278598	0.793508
SRX668243	TFs and others	CDK7	Blood	Jurkat	1166	23/388	13/386	-0.908408	-0.278598	1.76011
ERX1035596	TFs and others	FOXP1	Blood	SU-DHL-4	795	0/388	3/386	-0.908158	-0.278598	0
SRX017710	TFs and others	HDAC6	Blood	CD4+ T cells	425	0/388	3/386	-0.908158	-0.278598	0
SRX018607	TFs and others	BRF1	Uterus	HeLa	96	0/388	3/386	-0.908158	-0.278598	0
SRX020764	TFs and others	TP53	Bone	U2OS	908	0/388	3/386	-0.908158	-0.278598	0
SRX020765	TFs and others	TP53	Bone	U2OS	1318	0/388	3/386	-0.908158	-0.278598	0
SRX022390	TFs and others	VDR	Blood	Lymphoblastoid cell line	345	0/388	3/386	-0.908158	-0.278598	0
SRX022569	TFs and others	AR	Prostate	LNCAP	441	0/388	3/386	-0.908158	-0.278598	0
SRX022574	TFs and others	ERG	Prostate	LNCAP	112	0/388	3/386	-0.908158	-0.278598	0
SRX093319	TFs and others	TP53	Lung	IMR-90	156	0/388	3/386	-0.908158	-0.278598	0
SRX100440	TFs and others	NR3C1	Lung	A549	682	0/388	3/386	-0.908158	-0.278598	0
SRX1012650	TFs and others	PGR	Breast	MCF-7	232	0/388	3/386	-0.908158	-0.278598	0
SRX1012722	TFs and others	PGR	Breast	T-47D	1006	0/388	3/386	-0.908158	-0.278598	0
SRX10365538	TFs and others	RAC1	Breast	MCF-7	815	0/388	3/386	-0.908158	-0.278598	0
SRX1091021	TFs and others	ARNTL	Blood	NOMO-1	840	0/388	3/386	-0.908158	-0.278598	0
SRX1094490	TFs and others	EP300	Others	TC-797	267	0/388	3/386	-0.908158	-0.278598	0
SRX1161165	TFs and others	NR3C1	Breast	MCF-7	353	0/388	3/386	-0.908158	-0.278598	0
SRX116429	TFs and others	CREBBP	Blood	K-562	774	0/388	3/386	-0.908158	-0.278598	0
SRX1181994	TFs and others	CHD4	Prostate	LNCAP	904	0/388	3/386	-0.908158	-0.278598	0
SRX119635	TFs and others	PAF1	Lung	A549	1146	0/388	3/386	-0.908158	-0.278598	0
SRX1491254	TFs and others	BRD4	Blood	CAL-1	1030	0/388	3/386	-0.908158	-0.278598	0
SRX1514279	TFs and others	GATA2	Blood	Kasumi-1	614	0/388	3/386	-0.908158	-0.278598	0
SRX1514964	TFs and others	GFP	Kidney	293	703	0/388	3/386	-0.908158	-0.278598	0
SRX1531772	TFs and others	NIPBL	Liver	Hep G2	1304	0/388	3/386	-0.908158	-0.278598	0
SRX1531788	TFs and others	NIPBL	Breast	MCF-7	953	0/388	3/386	-0.908158	-0.278598	0
SRX1569781	TFs and others	AR	Prostate	LNCAP	3629	0/388	3/386	-0.908158	-0.278598	0
SRX159189	TFs and others	CREBBP	Digestive tract	LS-180	369	0/388	3/386	-0.908158	-0.278598	0
SRX159195	TFs and others	NCOR2	Digestive tract	LS-180	290	0/388	3/386	-0.908158	-0.278598	0
SRX1799015	TFs and others	STAT1	Breast	MCF-7	95	0/388	3/386	-0.908158	-0.278598	0
SRX1878888	TFs and others	BRD4	Muscle	Rh-4	1133	0/388	3/386	-0.908158	-0.278598	0
SRX189251	TFs and others	TP53	Pluripotent stem cell	hESC H9	648	0/388	3/386	-0.908158	-0.278598	0
SRX194574	TFs and others	GREB1	Breast	MCF-7	466	0/388	3/386	-0.908158	-0.278598	0
SRX1995217	TFs and others	CTCF	Breast	MCF-7	165	0/388	3/386	-0.908158	-0.278598	0
SRX2319760	TFs and others	VDR	Blood	THP-1	1125	0/388	3/386	-0.908158	-0.278598	0
SRX2353657	TFs and others	AR	Prostate	LNCAP	1852	0/388	3/386	-0.908158	-0.278598	0
SRX2442519	TFs and others	CUX1	Blood	K-562	328	0/388	3/386	-0.908158	-0.278598	0
SRX2442523	TFs and others	CUX1	Blood	K-562	332	0/388	3/386	-0.908158	-0.278598	0
SRX2460055	TFs and others	PGR	Breast	Breast cancer cells	158	0/388	3/386	-0.908158	-0.278598	0
SRX2460059	TFs and others	PGR	Breast	Breast cancer cells	167	0/388	3/386	-0.908158	-0.278598	0
SRX256998	TFs and others	RELA	Blood	Lymphoblastoid cell line	627	0/388	3/386	-0.908158	-0.278598	0
SRX2578896	TFs and others	NCOA1	Breast	MDA-MB-231	485	0/388	3/386	-0.908158	-0.278598	0
SRX2652430	TFs and others	ZNF532	Lung	24335	292	0/388	3/386	-0.908158	-0.278598	0
SRX275502	TFs and others	TP53	Bone	U2OS	1039	0/388	3/386	-0.908158	-0.278598	0
SRX2867678	TFs and others	Epitope tags	Kidney	293	1447	0/388	3/386	-0.908158	-0.278598	0
SRX301445	TFs and others	BDP1	Lung	IMR-90	819	0/388	3/386	-0.908158	-0.278598	0
SRX306936	TFs and others	Epitope tags	Digestive tract	HCT 116	858	0/388	3/386	-0.908158	-0.278598	0
SRX306937	TFs and others	Epitope tags	Digestive tract	HCT 116	1065	0/388	3/386	-0.908158	-0.278598	0
SRX3410384	TFs and others	PCGF2	Breast	MDA-MB-231	2407	0/388	3/386	-0.908158	-0.278598	0
SRX3474296	TFs and others	Epitope tags	Prostate	LNCAP	358	0/388	3/386	-0.908158	-0.278598	0
SRX3540552	TFs and others	NRF1	Uterus	HeLa	321	0/388	3/386	-0.908158	-0.278598	0
SRX3554406	TFs and others	CREB1	Breast	MDA-MB-134-VI	447	0/388	3/386	-0.908158	-0.278598	0
SRX359955	TFs and others	SOX2	Digestive tract	LoVo	196	0/388	3/386	-0.908158	-0.278598	0
SRX359969	TFs and others	PBX2	Digestive tract	LoVo	225	0/388	3/386	-0.908158	-0.278598	0
SRX360584	TFs and others	HNF4A	Digestive tract	GP5d	409	0/388	3/386	-0.908158	-0.278598	0
SRX3666492	TFs and others	TP53	Blood	T cells	825	0/388	3/386	-0.908158	-0.278598	0
SRX378020	TFs and others	KSHV LANA	Uterus	TIVE-LTC	809	0/388	3/386	-0.908158	-0.278598	0
SRX3881590	TFs and others	FOXN3	Liver	Hep G2	584	0/388	3/386	-0.908158	-0.278598	0
SRX3944785	TFs and others	Epitope tags	Lung	HS-SY-II	846	0/388	3/386	-0.908158	-0.278598	0
SRX396819	TFs and others	ESR1	Breast	MCF-7	800	0/388	3/386	-0.908158	-0.278598	0
SRX4003761	TFs and others	ESRRG	Pluripotent stem cell	hESC derived cardiac cells	652	0/388	3/386	-0.908158	-0.278598	0
SRX4046315	TFs and others	CXXC1	Blood	Lymphoblastoid cell line	910	0/388	3/386	-0.908158	-0.278598	0
SRX4155658	TFs and others	SMC1A	Neural	KELLY	569	0/388	3/386	-0.908158	-0.278598	0
SRX425255	TFs and others	BRD4	Cardiovascular	HUVEC	569	0/388	3/386	-0.908158	-0.278598	0
SRX4708069	TFs and others	HNRNPH1	Blood	K-562	321	0/388	3/386	-0.908158	-0.278598	0
SRX4714471	TFs and others	GTF3C2	Lung	IMR-90	329	0/388	3/386	-0.908158	-0.278598	0
SRX4783064	TFs and others	AR	Prostate	Prostate cancer cells	1656	0/388	3/386	-0.908158	-0.278598	0
SRX4802349	TFs and others	EPAS1	Kidney	RCC4	1004	0/388	3/386	-0.908158	-0.278598	0
SRX4802354	TFs and others	ARNT	Kidney	RCC4	878	0/388	3/386	-0.908158	-0.278598	0
SRX4802364	TFs and others	EPAS1	Liver	Hep G2	856	0/388	3/386	-0.908158	-0.278598	0
SRX4824359	TFs and others	AR	Prostate	22Rv1	1447	0/388	3/386	-0.908158	-0.278598	0
SRX5001377	TFs and others	TEAD4	Epidermis	BJ	769	0/388	3/386	-0.908158	-0.278598	0
SRX502062	TFs and others	AR	Prostate	Prostate cancer	1175	0/388	3/386	-0.908158	-0.278598	0
SRX5089432	TFs and others	SMARCB1	Breast	MCF-7	820	0/388	3/386	-0.908158	-0.278598	0
SRX5203293	TFs and others	ESR1	Breast	MCF-7	936	0/388	3/386	-0.908158	-0.278598	0
SRX5290909	TFs and others	CTCF	Prostate	LNCAP	784	0/388	3/386	-0.908158	-0.278598	0
SRX5486425	TFs and others	ZIC5	Digestive tract	HCT 116	544	0/388	3/386	-0.908158	-0.278598	0
SRX5493748	TFs and others	AR	Breast	Breast cancer cells	492	0/388	3/386	-0.908158	-0.278598	0
SRX5493751	TFs and others	AR	Breast	Breast cancer cells	213	0/388	3/386	-0.908158	-0.278598	0
SRX5508310	TFs and others	HIRA	Unclassified	Unclassified	1018	0/388	3/386	-0.908158	-0.278598	0
SRX5514020	TFs and others	JUN	Uterus	Myometrium	608	0/388	3/386	-0.908158	-0.278598	0
SRX5577142	TFs and others	Epitope tags	Prostate	LNCAP	353	0/388	3/386	-0.908158	-0.278598	0
SRX5683074	TFs and others	ESR1	Uterus	Ishikawa	2021	0/388	3/386	-0.908158	-0.278598	0
SRX5865974	TFs and others	TP53	Blood	K-562	1004	0/388	3/386	-0.908158	-0.278598	0
SRX595690	TFs and others	AR	Prostate	LNCAP	3632	0/388	3/386	-0.908158	-0.278598	0
SRX6039031	TFs and others	CTNNB1	Pluripotent stem cell	iPS derived chondrocytes	775	0/388	3/386	-0.908158	-0.278598	0
SRX6039032	TFs and others	CTNNB1	Pluripotent stem cell	iPS derived chondrocytes	520	0/388	3/386	-0.908158	-0.278598	0
SRX682386	TFs and others	GATA2	Blood	TSU-1621MT	1129	0/388	3/386	-0.908158	-0.278598	0
SRX701992	TFs and others	GATA4	Pluripotent stem cell	hESC derived mesendodermal cells	2168	0/388	3/386	-0.908158	-0.278598	0
SRX7031582	TFs and others	EGR1	Blood	Monocytes	297	0/388	3/386	-0.908158	-0.278598	0
SRX7202537	TFs and others	RAD21	Uterus	HEC-1-B	451	0/388	3/386	-0.908158	-0.278598	0
SRX7202540	TFs and others	RAD21	Uterus	HEC-1-B	451	0/388	3/386	-0.908158	-0.278598	0
SRX7371444	TFs and others	TP53	Pluripotent stem cell	hESC derived ectodermal cells	1461	0/388	3/386	-0.908158	-0.278598	0
SRX7498495	TFs and others	CTCF	Uterus	Ca Ski	835	0/388	3/386	-0.908158	-0.278598	0
SRX7512714	TFs and others	AR	Prostate	VCaP	2119	0/388	3/386	-0.908158	-0.278598	0
SRX7522855	TFs and others	BCL9	Breast	MCF10DCIS.com	499	0/388	3/386	-0.908158	-0.278598	0
SRX7785395	TFs and others	ATF4	Blood	Jurkat	936	0/388	3/386	-0.908158	-0.278598	0
SRX7846776	TFs and others	ESR1	Breast	MCF-7	1279	0/388	3/386	-0.908158	-0.278598	0
SRX8083047	TFs and others	DMC1	Gonad	Testis	738	0/388	3/386	-0.908158	-0.278598	0
SRX8089617	TFs and others	AR	Prostate	VCaP	2422	0/388	3/386	-0.908158	-0.278598	0
SRX8162312	TFs and others	DOT1L	Blood	MOLM-13	424	0/388	3/386	-0.908158	-0.278598	0
SRX8299803	TFs and others	CDC73	Bone	U2OS	509	0/388	3/386	-0.908158	-0.278598	0
SRX8342565	TFs and others	Epitope tags	Pluripotent stem cell	iPS cells	896	0/388	3/386	-0.908158	-0.278598	0
SRX8357709	TFs and others	MECP2	Kidney	293	547	0/388	3/386	-0.908158	-0.278598	0
SRX8380652	TFs and others	ESR1	Bone	U2OS	1955	0/388	3/386	-0.908158	-0.278598	0
SRX8391107	TFs and others	FOSL1	Others	Head and neck squamous cell carcinoma 	316	0/388	3/386	-0.908158	-0.278598	0
SRX8512780	TFs and others	HSF1	Digestive tract	HCT 116	343	0/388	3/386	-0.908158	-0.278598	0
SRX9135096	TFs and others	AR	Prostate	VCaP	1468	0/388	3/386	-0.908158	-0.278598	0
SRX9350923	TFs and others	BRD4	Digestive tract	COLO 320DM	1230	0/388	3/386	-0.908158	-0.278598	0
SRX9562910	TFs and others	MYCN	Muscle	RH-4	623	0/388	3/386	-0.908158	-0.278598	0
SRX973412	TFs and others	EHMT2	Kidney	293	1105	0/388	3/386	-0.908158	-0.278598	0
SRX4284008	TFs and others	CTCF	Blood	B cells	40388	145/388	166/386	-0.907905	-0.278598	0.868991
SRX6435405	TFs and others	SUPT5H	Kidney	293	4303	114/388	94/386	-0.907773	-0.278598	1.20651
SRX029434	TFs and others	GATA2	Blood	CD34+	306	4/388	0/386	-0.906454	-0.278598	inf
SRX1027440	TFs and others	NR3C1	Others	Mesenchymal stem cells	1928	4/388	0/386	-0.906454	-0.278598	inf
SRX1094473	TFs and others	BRD4	Others	TC-797	365	4/388	0/386	-0.906454	-0.278598	inf
SRX212661	TFs and others	IRF1	Blood	Monocytes-CD14+	1487	4/388	0/386	-0.906454	-0.278598	inf
SRX290878	TFs and others	EBNA3	Blood	Mutu	1763	4/388	0/386	-0.906454	-0.278598	inf
SRX4650969	TFs and others	RNF2	Kidney	293	460	4/388	0/386	-0.906454	-0.278598	inf
SRX4650975	TFs and others	SUZ12	Kidney	293	543	4/388	0/386	-0.906454	-0.278598	inf
SRX5341954	TFs and others	CASZ1	Muscle	Rhabdomyosarcoma	3029	4/388	0/386	-0.906454	-0.278598	inf
SRX6913043	TFs and others	BRD3	Blood	THP-1	491	4/388	0/386	-0.906454	-0.278598	inf
SRX6944157	TFs and others	NFATC2	Blood	CD4+ T cells	754	4/388	0/386	-0.906454	-0.278598	inf
SRX7522852	TFs and others	STAT3	Breast	MCF10DCIS.com	1558	4/388	0/386	-0.906454	-0.278598	inf
SRX8726294	TFs and others	BMI1	Others	Tumor	542	4/388	0/386	-0.906454	-0.278598	inf
SRX9683841	TFs and others	NR3C1	Adipocyte	Adipocytes	743	4/388	0/386	-0.906454	-0.278598	inf
SRX1514979	TFs and others	GFP	Kidney	293	51888	303/388	319/386	-0.906361	-0.278598	0.944947
SRX1569767	TFs and others	AR	Prostate	VCaP	23459	27/388	39/386	-0.906301	-0.278598	0.688739
SRX9419935	TFs and others	BRD4	Breast	BT-474	8979	27/388	39/386	-0.906301	-0.278598	0.688739
SRX3285611	TFs and others	KDM5B	Breast	MCF-7	6978	135/388	114/386	-0.905906	-0.278387	1.17811
SRX062358	TFs and others	AR	Prostate	LNCAP	38062	40/388	54/386	-0.905272	-0.278387	0.736922
SRX1161175	TFs and others	FOXA1	Breast	MCF-7	26083	40/388	54/386	-0.905272	-0.278387	0.736922
SRX1515045	TFs and others	GFP	Kidney	293	13516	40/388	54/386	-0.905272	-0.278387	0.736922
SRX667982	TFs and others	AR	Prostate	VCaP	37982	40/388	54/386	-0.905272	-0.278387	0.736922
SRX864826	TFs and others	GATA2	Prostate	LNCAP	23267	40/388	54/386	-0.905272	-0.278387	0.736922
SRX100414	TFs and others	REST	Neural	PFSK-1	10212	115/388	95/386	-0.90378	-0.277031	1.20429
SRX2778391	TFs and others	YY1	Blood	Lymphoblastoid cell line	2095	55/388	40/386	-0.903336	-0.276726	1.36791
SRX359892	TFs and others	HOXA4	Digestive tract	LoVo	8802	169/388	147/386	-0.902346	-0.275873	1.14373
SRX976241	TFs and others	KMT2D	Blood	B cells	2737	64/388	48/386	-0.902166	-0.275829	1.32646
SRX5493758	TFs and others	FOXA1	Breast	Breast cancer cells	23582	68/388	85/386	-0.901979	-0.275779	0.795876
SRX367641	TFs and others	GATA4	Digestive tract	AGS	43398	238/388	215/386	-0.901482	-0.275416	1.10127
SRX10218291	TFs and others	GATA1	Blood	HUDEP-2	26984	117/388	137/386	-0.900287	-0.274691	0.849612
SRX4313218	TFs and others	RAD21	Muscle	RH-4	11057	22/388	33/386	-0.900081	-0.274691	0.66323
SRX317574	TFs and others	JARID2	Pluripotent stem cell	iPS cells	8392	81/388	99/386	-0.899983	-0.274691	0.813964
SRX150411	TFs and others	SIN3A	Blood	GM12878	4864	116/388	96/386	-0.899875	-0.274691	1.2021
SRX3345949	TFs and others	CPSF3L	Blood	HL-60	5216	116/388	96/386	-0.899875	-0.274691	1.2021
SRX9419932	TFs and others	MED1	Breast	SK-BR-3	19647	171/388	149/386	-0.899802	-0.274691	1.14174
SRX9550926	TFs and others	FOXA1	Prostate	Prostate cancer	41521	171/388	149/386	-0.899802	-0.274691	1.14174
SRX4417531	TFs and others	CTCF	Pluripotent stem cell	hESC derived neural cells	47387	216/388	236/386	-0.898591	-0.273615	0.910536
SRX2652449	TFs and others	ZBTB48	Bone	U2OS	7116	100/388	81/386	-0.897782	-0.272993	1.2282
SRX080414	TFs and others	CTCF	Cardiovascular	HPAF	39525	118/388	138/386	-0.897695	-0.272993	0.850665
SRX356748	TFs and others	CTCF	Blood	Lymphoblastoid cell line	43528	156/388	177/386	-0.895084	-0.270875	0.876813
SRX4611741	TFs and others	ESR1	Breast	MCF-7	48428	156/388	177/386	-0.895084	-0.270875	0.876813
SRX9498738	TFs and others	GTF2B	Blood	K-562	3858	75/388	58/386	-0.894957	-0.270875	1.28644
ERX1149074	TFs and others	CTCF	Blood	HEL 92.1.7	2299	7/388	14/386	-0.893544	-0.270875	0.497423
SRX080047	TFs and others	EP300	Blood	NB-4	3081	7/388	14/386	-0.893544	-0.270875	0.497423
SRX148895	TFs and others	SMAD3	Liver	LX2	8324	7/388	14/386	-0.893544	-0.270875	0.497423
SRX160731	TFs and others	EZH2	Prostate	LNCAP	1106	7/388	14/386	-0.893544	-0.270875	0.497423
SRX181462	TFs and others	EZH2	Blood	SU-DHL-6	885	7/388	14/386	-0.893544	-0.270875	0.497423
SRX361882	TFs and others	HNF4A	Digestive tract	LoVo	1528	7/388	14/386	-0.893544	-0.270875	0.497423
SRX6473447	TFs and others	Epitope tags	Pluripotent stem cell	hESC derived neural crests	444	7/388	14/386	-0.893544	-0.270875	0.497423
SRX648245	TFs and others	ZBTB17	Digestive tract	LS-174T	766	7/388	14/386	-0.893544	-0.270875	0.497423
SRX7540322	TFs and others	ESR1	Breast	MCF-7	3902	7/388	14/386	-0.893544	-0.270875	0.497423
SRX7693106	TFs and others	CRY1	Prostate	C4-2	1995	7/388	14/386	-0.893544	-0.270875	0.497423
SRX9555211	TFs and others	RNF2	Kidney	293	1050	7/388	14/386	-0.893544	-0.270875	0.497423
SRX9555213	TFs and others	RNF2	Kidney	293	1032	7/388	14/386	-0.893544	-0.270875	0.497423
SRX2194231	TFs and others	BRD4	Breast	SUM 159PT	8726	101/388	82/386	-0.892813	-0.270776	1.22536
SRX4824367	TFs and others	BRD4	Prostate	22Rv1	7376	101/388	82/386	-0.892813	-0.270776	1.22536
SRX717859	TFs and others	EP300	Uterus	HeLa	14403	34/388	47/386	-0.892443	-0.270776	0.719675
SRX027912	TFs and others	RELA	Uterus	HeLa	4275	10/388	18/386	-0.892134	-0.270776	0.552692
SRX1161181	TFs and others	NR3C1	Breast	ZR-75-1	14518	10/388	18/386	-0.892134	-0.270776	0.552692
SRX294971	TFs and others	RELA	Cardiovascular	HUVEC	2776	10/388	18/386	-0.892134	-0.270776	0.552692
SRX3629602	TFs and others	ESR1	Breast	MCF-7	5748	10/388	18/386	-0.892134	-0.270776	0.552692
SRX4451199	TFs and others	ESR1	Breast	MCF-7	1624	10/388	18/386	-0.892134	-0.270776	0.552692
SRX9187412	TFs and others	HDAC1	Pancreas	MIA Paca-2	1770	10/388	18/386	-0.892134	-0.270776	0.552692
SRX5794309	TFs and others	TCF7	Breast	Breast organoids	1247	15/388	7/386	-0.891824	-0.270776	2.13181
SRX6854837	TFs and others	Epitope tags	Epidermis	501A	2813	15/388	7/386	-0.891824	-0.270776	2.13181
SRX9004387	TFs and others	USF2	Blood	SEM	1101	15/388	7/386	-0.891824	-0.270776	2.13181
SRX4374903	TFs and others	RBPJ	Breast	MB 157	2146	48/388	34/386	-0.890574	-0.26966	1.40449
SRX5930124	TFs and others	KAT2A	Blood	Acute myeloid leukemia	786	19/388	10/386	-0.8904	-0.269622	1.89021
SRX1134743	TFs and others	BRD4	Blood	MV-4-11	13031	226/388	203/386	-0.890049	-0.269406	1.10756
SRX1136632	TFs and others	GTF2B	Uterus	HeLa	7797	181/388	159/386	-0.889425	-0.268914	1.1325
SRX1116525	TFs and others	ESR1	Breast	MCF-7	8268	28/388	40/386	-0.88885	-0.268608	0.696392
SRX3110775	TFs and others	SMC3	Uterus	HeLa	11106	28/388	40/386	-0.88885	-0.268608	0.696392
SRX8536108	TFs and others	GATA1	Blood	HUDEP-2	23613	122/388	142/386	-0.887894	-0.267789	0.854726
SRX3468008	TFs and others	SMARCC1	Others	Aska	7760	142/388	121/386	-0.887739	-0.267769	1.1675
SRX1514975	TFs and others	GFP	Kidney	293	9616	166/388	187/386	-0.88742	-0.267592	0.883125
SRX264462	TFs and others	CDK7	Blood	MM.1S	4605	76/388	59/386	-0.887296	-0.267592	1.2815
SRX389278	TFs and others	NRF1	Blood	NAMALWA	6695	143/388	122/386	-0.88537	-0.265801	1.16609
SRX7202561	TFs and others	RAD21	Blood	K-562	20225	50/388	65/386	-0.885222	-0.265788	0.765266
SRX6935381	TFs and others	MYC	Neural	SK-N-AS	8746	187/388	165/386	-0.884981	-0.265682	1.12749
SRX7054671	TFs and others	RELA	Cardiovascular	HAEC	33700	214/388	191/386	-0.883854	-0.264688	1.11464
SRX8536116	TFs and others	GATA1	Blood	HUDEP-2	15150	71/388	88/386	-0.883464	-0.264434	0.802659
SRX702547	TFs and others	CHD8	Pluripotent stem cell	iPS derived neural cells	10564	191/388	169/386	-0.882729	-0.264364	1.12435
SRX7368256	TFs and others	MITF	Epidermis	Hermes 3C	48664	191/388	169/386	-0.882729	-0.264364	1.12435
SRX356668	TFs and others	CTCF	Blood	GM19239	47666	197/388	217/386	-0.882729	-0.264364	0.903155
SRX2194274	TFs and others	BRD4	Breast	SUM 159PT	25559	208/388	185/386	-0.882628	-0.264364	1.11853
SRX4417532	TFs and others	CTCF	Pluripotent stem cell	hESC derived neural cells	43198	182/388	203/386	-0.882492	-0.264364	0.89193
SRX2837390	TFs and others	NFKB2	Blood	GM12878	5065	18/388	28/386	-0.882457	-0.264364	0.639543
SRX4374937	TFs and others	NOTCH1	Breast	HCC1599	1098	18/388	28/386	-0.882457	-0.264364	0.639543
SRX3367004	TFs and others	AR	Prostate	LNCAP	28920	42/388	56/386	-0.882245	-0.264286	0.746134
SRX190304	TFs and others	RAD21	Digestive tract	HCT 116	52318	195/388	215/386	-0.881812	-0.263986	0.902302
SRX100469	TFs and others	GABPA	Pluripotent stem cell	hESC H1	5646	89/388	71/386	-0.881381	-0.26369	1.24706
SRX5323873	TFs and others	ESR1	Breast	MCF-7	27115	85/388	103/386	-0.880768	-0.263331	0.820989
SRX190203	TFs and others	ESR1	Uterus	ECC-1	4539	29/388	18/386	-0.880701	-0.263331	1.60281
SRX4374901	TFs and others	RBPJ	Breast	MB 157	4213	57/388	42/386	-0.880354	-0.263331	1.35015
SRX5514031	TFs and others	CDK8	Uterus	Uterin leiomyoma	2482	57/388	42/386	-0.880354	-0.263331	1.35015
SRX849400	TFs and others	CDK8	Blood	MV-4-11	2633	57/388	42/386	-0.880354	-0.263331	1.35015
SRX5527658	TFs and others	ERG	Cardiovascular	HUVEC	32687	199/388	177/386	-0.879883	-0.262994	1.1185
SRX5287696	TFs and others	ESR1	Breast	MCF-7	10105	23/388	34/386	-0.87906	-0.262438	0.672984
SRX8616999	TFs and others	TET2	Breast	MCF-7	9520	23/388	34/386	-0.87906	-0.262438	0.672984
SRX3472375	TFs and others	TP53BP1	Pluripotent stem cell	hESC H9	29510	353/388	338/386	-0.878758	-0.262269	1.039
SRX3110718	TFs and others	ESR1	Breast	MCF-7	4562	35/388	23/386	-0.877285	-0.26096	1.5139
SRX2452428	TFs and others	ETS1	Cardiovascular	HUVEC	1888	49/388	35/386	-0.876916	-0.26096	1.39278
SRX518679	TFs and others	IRF4	Blood	NCI-H929	5348	49/388	35/386	-0.876916	-0.26096	1.39278
SRX8602199	TFs and others	IRF4	Blood	NCI-H929	5345	49/388	35/386	-0.876916	-0.26096	1.39278
SRX2513522	TFs and others	ESR1	Breast	MCF-7	6319	14/388	23/386	-0.876429	-0.260803	0.605558
SRX8080561	TFs and others	Epitope tags	Breast	Mammary gland adenocarcinoma	8104	14/388	23/386	-0.876429	-0.260803	0.605558
SRX356628	TFs and others	STAG1	Blood	GM19099	24072	86/388	104/386	-0.876238	-0.260803	0.822661
SRX7897937	TFs and others	CTCF	Blood	K-562	7540	51/388	66/386	-0.876227	-0.260803	0.768744
SRX059707	TFs and others	ERG	Prostate	VCaP	8743	90/388	72/386	-0.875533	-0.260241	1.24356
SRX4192886	TFs and others	NFKB1	Breast	MCF 10A	6923	24/388	14/386	-0.874708	-0.259937	1.70545
SRX8041958	TFs and others	BRD4	Prostate	MR42D	1376	24/388	14/386	-0.874708	-0.259937	1.70545
SRX8299818	TFs and others	CTR9	Bone	U2OS	890	24/388	14/386	-0.874708	-0.259937	1.70545
SRX4001889	TFs and others	CTCF	Blood	THP-1	16170	61/388	77/386	-0.874624	-0.259937	0.788124
SRX527430	TFs and others	KDM1A	Prostate	PC-3	7080	148/388	127/386	-0.874307	-0.259937	1.15935
SRX2251218	TFs and others	BRD4	Prostate	C4-2	3151	67/388	51/386	-0.874297	-0.259937	1.30695
SRX4708081	TFs and others	FIP1L1	Blood	K-562	3337	67/388	51/386	-0.874297	-0.259937	1.30695
SRX306516	TFs and others	AR	Prostate	DU 145	16371	29/388	41/386	-0.872331	-0.258152	0.703671
SRX100545	TFs and others	JUND	Liver	Hep G2	19848	149/388	128/386	-0.872246	-0.258152	1.15806
SRX6857971	TFs and others	PGR	Uterus	Myometrium	7240	124/388	104/386	-0.871552	-0.257589	1.18616
SRX6878605	TFs and others	FOXA1	Prostate	LNCAP	46210	43/388	57/386	-0.871389	-0.257557	0.750497
SRX3599295	TFs and others	ETS1	Cardiovascular	HUVEC	4646	91/388	73/386	-0.869832	-0.256136	1.24015
SRX3285598	TFs and others	KDM5B	Breast	TAMR	3370	58/388	43/386	-0.869519	-0.255953	1.34188
SRX10218289	TFs and others	GATA1	Blood	HUDEP-2	26635	131/388	151/386	-0.868901	-0.255469	0.863078
SRX1758494	TFs and others	NELFE	Breast	MCF-7	5493	125/388	105/386	-0.868348	-0.255049	1.18434
SRX026719	TFs and others	CTCF	Pancreas	Pancreatic islets	15298	52/388	67/386	-0.867525	-0.254452	0.772119
SRX356480	TFs and others	STAG1	Blood	GM12878	27017	88/388	106/386	-0.867487	-0.254452	0.825909
SRX8536124	TFs and others	GATA1	Blood	HUDEP-2	16034	74/388	91/386	-0.866329	-0.253559	0.808995
SRX9317689	TFs and others	TLE3	Blood	Fujioka	21204	74/388	91/386	-0.866329	-0.253559	0.808995
SRX062360	TFs and others	FOXA1	Prostate	LNCAP	32765	36/388	49/386	-0.86568	-0.253106	0.730907
SRX070884	TFs and others	RBPJ	Blood	CUTLL1	3185	68/388	52/386	-0.865611	-0.253106	1.30095
SRX356750	TFs and others	CTCF	Blood	Lymphoblastoid cell line	33830	133/388	153/386	-0.865211	-0.252837	0.8648
SRX2452430	TFs and others	ETS1	Cardiovascular	HUVEC	4647	92/388	74/386	-0.864273	-0.25203	1.23683
SRX6483138	TFs and others	SMARCA4	Neural	NGP	12235	154/388	133/386	-0.86265	-0.250539	1.15193
SRX159138	TFs and others	NOTCH1	Blood	HPB-ALL	38405	313/388	294/386	-0.8609	-0.249724	1.05914
SRX2881000	TFs and others	ESR1	Breast	MCF-7	22237	63/388	79/386	-0.860756	-0.249724	0.793358
SRX190245	TFs and others	ATF3	Lung	A549	4509	24/388	35/386	-0.859364	-0.249724	0.68218
SRX1950170	TFs and others	AR	Prostate	VCaP	24670	24/388	35/386	-0.859364	-0.249724	0.68218
SRX059706	TFs and others	ERG	Prostate	VCaP	7178	93/388	75/386	-0.858852	-0.249724	1.23361
SRX1555435	TFs and others	MITF	Epidermis	501A	27910	80/388	63/386	-0.858789	-0.249724	1.2633
SRX6913062	TFs and others	BRD4	Blood	THP-1	4438	80/388	63/386	-0.858789	-0.249724	1.2633
SRX083229	TFs and others	NR3C1	Prostate	LNCAP	3931	5/388	11/386	-0.858385	-0.249724	0.452202
SRX1012640	TFs and others	EP300	Breast	MCF-7	3157	5/388	11/386	-0.858385	-0.249724	0.452202
SRX10151298	TFs and others	XRCC1	Pluripotent stem cell	iPS derived neural cells	978	5/388	11/386	-0.858385	-0.249724	0.452202
SRX1845234	TFs and others	EBV-ZEBRA	Others	HONE-1	5820	5/388	11/386	-0.858385	-0.249724	0.452202
SRX2270127	TFs and others	RELA	Liver	HuH-7	822	5/388	11/386	-0.858385	-0.249724	0.452202
SRX3031987	TFs and others	BRD4	Blood	MV-4-11	1995	5/388	11/386	-0.858385	-0.249724	0.452202
SRX3236727	TFs and others	BRD2	Lung	NCI-H1299	485	5/388	11/386	-0.858385	-0.249724	0.452202
SRX392805	TFs and others	REST	Blood	Jurkat	2164	5/388	11/386	-0.858385	-0.249724	0.452202
SRX4374899	TFs and others	NOTCH1	Breast	MB 157	867	5/388	11/386	-0.858385	-0.249724	0.452202
SRX5289975	TFs and others	NR3C1	Lung	BEAS-2B	1955	5/388	11/386	-0.858385	-0.249724	0.452202
SRX5803018	TFs and others	POLR3C	Kidney	293	1862	5/388	11/386	-0.858385	-0.249724	0.452202
SRX6175595	TFs and others	SMC1A	Bone	A-673	2675	5/388	11/386	-0.858385	-0.249724	0.452202
SRX713895	TFs and others	AR	Prostate	R1-AD1	4065	5/388	11/386	-0.858385	-0.249724	0.452202
SRX7582520	TFs and others	BRD4	Muscle	RH-4	1864	5/388	11/386	-0.858385	-0.249724	0.452202
SRX7692225	TFs and others	ARID1B	Breast	MCF-7	2584	5/388	11/386	-0.858385	-0.249724	0.452202
SRX9298949	TFs and others	NR3C1	Lung	Lung cancer cell line	5265	5/388	11/386	-0.858385	-0.249724	0.452202
SRX9298957	TFs and others	NR3C1	Lung	Lung cancer cell line	4961	5/388	11/386	-0.858385	-0.249724	0.452202
SRX9673822	TFs and others	BCOR	Kidney	293	1094	5/388	11/386	-0.858385	-0.249724	0.452202
SRX10119390	TFs and others	WWTR1	Breast	MDA-MB-231	10992	19/388	29/386	-0.857731	-0.249724	0.651795
SRX256880	TFs and others	NR3C1	Bone	U2OS	20988	19/388	29/386	-0.857731	-0.249724	0.651795
SRX3824043	TFs and others	KMT2B	Blood	THP-1	4984	19/388	29/386	-0.857731	-0.249724	0.651795
SRX595676	TFs and others	AR	Prostate	VCaP	17505	19/388	29/386	-0.857731	-0.249724	0.651795
SRX747805	TFs and others	ESR1	Breast	MCF-7	7928	19/388	29/386	-0.857731	-0.249724	0.651795
SRX9697303	TFs and others	NR3C1	Bone	U2OS	12569	19/388	29/386	-0.857731	-0.249724	0.651795
SRX3554410	TFs and others	CREB1	Breast	MDA-MB-134-VI	2418	36/388	24/386	-0.857629	-0.249724	1.49227
SRX3852898	TFs and others	NELFA	Blood	K-562	12018	250/388	228/386	-0.856764	-0.249679	1.09084
SRX6944156	TFs and others	NFATC2	Blood	CD4+ T cells	1561	12/388	5/386	-0.856752	-0.249679	2.38763
SRX8073483	TFs and others	TBL1Y	Blood	DLBCL	778	12/388	5/386	-0.856752	-0.249679	2.38763
SRX1280790	TFs and others	FOXA1	Prostate	LNCAP	19529	30/388	42/386	-0.856669	-0.249679	0.710604
SRX5577158	TFs and others	AR	Prostate	LNCAP	27784	30/388	42/386	-0.856669	-0.249679	0.710604
SRX8406522	TFs and others	FOXA1	Prostate	Prostatic Neoplasms, Castration-Resistant	19137	30/388	42/386	-0.856669	-0.249679	0.710604
SRX8841619	TFs and others	CTCF	Blood	Lymphoblasts	6221	30/388	42/386	-0.856669	-0.249679	0.710604
SRX9469988	TFs and others	AR	Prostate	LAPC-4	90683	110/388	129/386	-0.855645	-0.249268	0.848318
SRX4377544	TFs and others	BRD2	Breast	SUM 159PT	23777	312/388	293/386	-0.855605	-0.249268	1.05936
SRX4547413	TFs and others	CTCF	Breast	MCF-7	13713	76/388	93/386	-0.855605	-0.249268	0.812992
SRX6902858	TFs and others	CTCF	Blood	CD34+	19597	76/388	93/386	-0.855605	-0.249268	0.812992
SRX9932057	TFs and others	STAT5A	Breast	MCF-7	4751	76/388	93/386	-0.855605	-0.249268	0.812992
SRX9867033	TFs and others	CTCF	Unclassified	Unclassified	20634	139/388	159/386	-0.855204	-0.248996	0.869708
SRX150484	TFs and others	CTCF	Lung	IMR-90	38533	140/388	160/386	-0.853685	-0.247741	0.87049
SRX8119677	TFs and others	SMARCA2	Others	MeT-5A	40107	94/388	76/386	-0.853565	-0.247741	1.23047
SRX475759	TFs and others	GABPA	Blood	GM12878	6022	130/388	110/386	-0.853338	-0.247741	1.17573
SRX5323876	TFs and others	ESR1	Breast	MCF-7	13946	37/388	50/386	-0.853167	-0.247741	0.736186
SRX5974543	TFs and others	CTCF	Blood	K-562	11417	37/388	50/386	-0.853167	-0.247741	0.736186
SRX818636	TFs and others	PIAS1	Kidney	293	11004	37/388	50/386	-0.853167	-0.247741	0.736186
SRX7030912	TFs and others	HEXIM1	Breast	MCF-7	10916	160/388	139/386	-0.852614	-0.247317	1.14515
SRX129082	TFs and others	MAX	Blood	P493-6	15482	247/388	225/386	-0.852207	-0.247169	1.09212
SRX4792901	TFs and others	CTCF	Breast	T-47D	19785	141/388	161/386	-0.852207	-0.247169	0.871262
SRX6913039	TFs and others	BRD2	Blood	THP-1	1984	51/388	37/386	-0.851376	-0.247012	1.37127
SRX150668	TFs and others	GATA2	Neural	SK-N-SH	27915	92/388	110/386	-0.851138	-0.247012	0.832052
SRX062356	TFs and others	AR	Prostate	LNCAP	10746	11/388	19/386	-0.851101	-0.247012	0.575963
SRX190256	TFs and others	EP300	Breast	MCF-7	7607	11/388	19/386	-0.851101	-0.247012	0.575963
SRX4001755	TFs and others	CTCF	Blood	Macrophages	4535	11/388	19/386	-0.851101	-0.247012	0.575963
SRX4451195	TFs and others	ESR1	Breast	MCF-7	2511	11/388	19/386	-0.851101	-0.247012	0.575963
SRX7785390	TFs and others	ATF4	Blood	Jurkat	4052	11/388	19/386	-0.851101	-0.247012	0.575963
SRX5323892	TFs and others	STAT3	Breast	T-47D	31528	246/388	224/386	-0.85077	-0.247012	1.09255
SRX2355081	TFs and others	RELA	Cardiovascular	HAEC	11407	131/388	111/386	-0.850528	-0.247012	1.1741
SRX4677298	TFs and others	FOXA2	Pancreas	CFPAC-1	7938	20/388	11/386	-0.849452	-0.247012	1.80881
SRX7135369	TFs and others	BRD4	Blood	K-562	1554	20/388	11/386	-0.849452	-0.247012	1.80881
SRX1156535	TFs and others	SMARCA4	Breast	MDA-MB-231	17865	95/388	77/386	-0.848407	-0.247012	1.22741
SRX150515	TFs and others	ZNF143	Uterus	HeLa	5246	95/388	77/386	-0.848407	-0.247012	1.22741
SRX7054662	TFs and others	RELA	Cardiovascular	HAEC	16040	65/388	81/386	-0.847645	-0.247012	0.798333
SRX5323900	TFs and others	STAT3	Breast	T-47D	34482	243/388	221/386	-0.846698	-0.247012	1.09388
SRX014776	TFs and others	PML	Blood	MR4	1172	3/388	8/386	-0.846627	-0.247012	0.373067
SRX014784	TFs and others	RXRA	Blood	UPR9	1212	3/388	8/386	-0.846627	-0.247012	0.373067
SRX097088	TFs and others	GATA2	Blood	K-562	3005	3/388	8/386	-0.846627	-0.247012	0.373067
SRX10657962	TFs and others	Epitope tags	Blood	NALM-6	1279	3/388	8/386	-0.846627	-0.247012	0.373067
SRX1491922	TFs and others	Epitope tags	Blood	Lymphoblastoid cell line	2830	3/388	8/386	-0.846627	-0.247012	0.373067
SRX1629246	TFs and others	AR	Prostate	VCaP	2952	3/388	8/386	-0.846627	-0.247012	0.373067
SRX1885190	TFs and others	PIAS1	Prostate	LNCAP	5035	3/388	8/386	-0.846627	-0.247012	0.373067
SRX1885194	TFs and others	PIAS1	Prostate	LNCAP	5571	3/388	8/386	-0.846627	-0.247012	0.373067
SRX2023743	TFs and others	GATA4	Pluripotent stem cell	iPS derived cardiac cells	1214	3/388	8/386	-0.846627	-0.247012	0.373067
SRX2683586	TFs and others	Epitope tags	Kidney	293	473	3/388	8/386	-0.846627	-0.247012	0.373067
SRX3366956	TFs and others	HOXB13	Prostate	LNCAP	5285	3/388	8/386	-0.846627	-0.247012	0.373067
SRX3372021	TFs and others	FOXF1	Digestive tract	GIST48	2810	3/388	8/386	-0.846627	-0.247012	0.373067
SRX3401276	TFs and others	CTBP2	Breast	MCF-7	3208	3/388	8/386	-0.846627	-0.247012	0.373067
SRX3666498	TFs and others	TP53	Blood	T cells	1338	3/388	8/386	-0.846627	-0.247012	0.373067
SRX3923502	TFs and others	DPF2	Blood	K-562	297	3/388	8/386	-0.846627	-0.247012	0.373067
SRX3927314	TFs and others	BRD9	Kidney	TTC-1240	1023	3/388	8/386	-0.846627	-0.247012	0.373067
SRX392801	TFs and others	REST	Blood	Jurkat	1547	3/388	8/386	-0.846627	-0.247012	0.373067
SRX4001954	TFs and others	CEBPB	Blood	THP-1	3113	3/388	8/386	-0.846627	-0.247012	0.373067
SRX5195707	TFs and others	ARID1A	Uterus	Endometrial epithelial cells	5019	3/388	8/386	-0.846627	-0.247012	0.373067
SRX5409711	TFs and others	NETO2	Blood	U-937	1142	3/388	8/386	-0.846627	-0.247012	0.373067
SRX6027695	TFs and others	ESR1	Uterus	Ishikawa	3171	3/388	8/386	-0.846627	-0.247012	0.373067
SRX6757651	TFs and others	ESR1	Breast	MCF-7	2496	3/388	8/386	-0.846627	-0.247012	0.373067
SRX7371442	TFs and others	TP53	Pluripotent stem cell	hESC derived ectodermal cells	1953	3/388	8/386	-0.846627	-0.247012	0.373067
SRX7807127	TFs and others	TEAD1	Adipocyte	Adipocytes	4511	3/388	8/386	-0.846627	-0.247012	0.373067
SRX7902980	TFs and others	EGR1	Blood	Macrophages	362	3/388	8/386	-0.846627	-0.247012	0.373067
SRX9045669	TFs and others	ESR1	Breast	MCF-7	1515	3/388	8/386	-0.846627	-0.247012	0.373067
SRX9350047	TFs and others	TP53	Lung	NCI-H1299	1183	3/388	8/386	-0.846627	-0.247012	0.373067
SRX351403	TFs and others	ZBTB17	Bone	U2OS	3730	15/388	24/386	-0.84586	-0.24695	0.621778
SRX6614742	TFs and others	RAD21	Lung	IMR-90	8213	15/388	24/386	-0.84586	-0.24695	0.621778
SRX1514962	TFs and others	GFP	Kidney	293	13534	78/388	95/386	-0.845399	-0.24695	0.81682
SRX2055844	TFs and others	EP300	Kidney	Renal cell carcinoma	17509	112/388	93/386	-0.845136	-0.24695	1.19809
SRX8080566	TFs and others	POU2F1	Breast	Mammary gland ductal carcinoma	9424	133/388	113/386	-0.84509	-0.24695	1.17092
SRX1652877	TFs and others	POU2F2	Blood	BJAB	1667	9/388	3/386	-0.84503	-0.24695	2.98454
SRX3599298	TFs and others	ERG	Cardiovascular	HUVEC	1025	9/388	3/386	-0.84503	-0.24695	2.98454
SRX644728	TFs and others	SCML2	Kidney	293	1916	9/388	3/386	-0.84503	-0.24695	2.98454
SRX702120	TFs and others	STAT3	Pluripotent stem cell	hESC derived mesendodermal cells	275	9/388	3/386	-0.84503	-0.24695	2.98454
SRX8299825	TFs and others	CTR9	Bone	U2OS	612	9/388	3/386	-0.84503	-0.24695	2.98454
SRX9600661	TFs and others	G-quadruplex	Blood	K-562	434	9/388	3/386	-0.84503	-0.24695	2.98454
SRX9683850	TFs and others	NR3C1	Adipocyte	Adipocytes	3233	9/388	3/386	-0.84503	-0.24695	2.98454
SRX150455	TFs and others	EBF1	Blood	GM12878	33502	114/388	133/386	-0.844766	-0.246817	0.852725
SRX10003071	TFs and others	MSX2	Placenta	Trophoblast stem cells	10516	25/388	15/386	-0.844203	-0.246635	1.65808
SRX6780861	TFs and others	CREB1	Neural	Frontal cortex	1388	25/388	15/386	-0.844203	-0.246635	1.65808
SRX8108990	TFs and others	G-quadruplex	Liver	Hep G2	1102	25/388	15/386	-0.844203	-0.246635	1.65808
SRX3230386	TFs and others	HMGXB3	Liver	Hep G2	12286	166/388	145/386	-0.844071	-0.246632	1.13893
SRX5323838	TFs and others	STAT3	Breast	T-47D	18790	167/388	146/386	-0.842785	-0.245473	1.13794
SRX4473682	TFs and others	SMARCC1	Gonad	BIN-67	8193	134/388	114/386	-0.842459	-0.245274	1.16938
SRX190295	TFs and others	SRF	Breast	MCF-7	6614	113/388	94/386	-0.841363	-0.244875	1.19593
SRX6066511	TFs and others	NELFE	Digestive tract	HCT 116	5467	113/388	94/386	-0.841363	-0.244875	1.19593
SRX2436060	TFs and others	OTX2	Neural	D283 Med	48150	66/388	82/386	-0.841356	-0.244875	0.800729
SRX3927286	TFs and others	BRD9	Blood	EOL-1	13251	66/388	82/386	-0.841356	-0.244875	0.800729
SRX2513518	TFs and others	ESR1	Breast	MCF-7	19452	38/388	51/386	-0.841185	-0.244875	0.741257
SRX371480	TFs and others	FOXA1	Breast	MCF-7	23140	38/388	51/386	-0.841185	-0.244875	0.741257
SRX5974527	TFs and others	CTCF	Blood	K-562	14732	46/388	60/386	-0.841167	-0.244875	0.762715
SRX2944452	TFs and others	MYC	Breast	MCF 10A	2076	25/388	36/386	-0.840866	-0.244701	0.690865
SRX8570842	TFs and others	HAP1	Blood	KBM-7	26302	169/388	148/386	-0.840327	-0.244587	1.13601
SRX014775	TFs and others	PML	Blood	MR4	1734	8/388	15/386	-0.839538	-0.244587	0.530584
SRX2404133	TFs and others	RELA	Others	Detroit 562	4353	8/388	15/386	-0.839538	-0.244587	0.530584
SRX4313217	TFs and others	RAD21	Muscle	RH-4	4412	8/388	15/386	-0.839538	-0.244587	0.530584
SRX8961858	TFs and others	TBP	Others	Mesenchymal stem cells	985	8/388	15/386	-0.839538	-0.244587	0.530584
SRX9555210	TFs and others	RNF2	Kidney	293	1101	8/388	15/386	-0.839538	-0.244587	0.530584
SRX6780855	TFs and others	CRTC1	Neural	Frontal cortex	3005	83/388	66/386	-0.839422	-0.244587	1.25109
SRX1389377	TFs and others	KLF6	Pancreas	PDAC	2402	52/388	38/386	-0.839418	-0.244587	1.36137
SRX1460851	TFs and others	BRD4	Blood	Th1 Cells	2911	52/388	38/386	-0.839418	-0.244587	1.36137
SRX212441	TFs and others	ETS1	Blood	CD4+ T cells	2841	52/388	38/386	-0.839418	-0.244587	1.36137
SRX2778384	TFs and others	YY1	Blood	Lymphoblastoid cell line	2737	61/388	46/386	-0.839355	-0.244587	1.31925
SRX244191	TFs and others	BCL6	Blood	OCI-LY-7	1513	16/388	8/386	-0.83793	-0.243669	1.98969
SRX3437460	TFs and others	NRF1	Uterus	HeLa	888	16/388	8/386	-0.83793	-0.243669	1.98969
SRX3509023	TFs and others	TFAP2C	Pluripotent stem cell	hESC UCLA1	866	16/388	8/386	-0.83793	-0.243669	1.98969
SRX6969885	TFs and others	CHD6	Cardiovascular	Cardiomyocytes	731	16/388	8/386	-0.83793	-0.243669	1.98969
SRX1460848	TFs and others	RELA	Blood	Th1 Cells	5864	136/388	116/386	-0.837368	-0.24336	1.16637
SRX190266	TFs and others	NR2F2	Liver	Hep G2	18274	136/388	116/386	-0.837368	-0.24336	1.16637
SRX4377532	TFs and others	BRD4	Breast	MDA-MB-231	26528	233/388	211/386	-0.835587	-0.241708	1.09857
SRX190265	TFs and others	ZEB1	Liver	Hep G2	11232	137/388	117/386	-0.834906	-0.241555	1.1649
SRX7054665	TFs and others	RELA	Cardiovascular	HAEC	4760	20/388	30/386	-0.834834	-0.241555	0.66323
SRX7498513	TFs and others	CTCF	Uterus	SiHa	10926	20/388	30/386	-0.834834	-0.241555	0.66323
SRX4377545	TFs and others	BRD2	Breast	SUM 159PT	12755	270/388	249/386	-0.834809	-0.241555	1.07875
SRX5624367	TFs and others	SREBF2	Blood	Macrophages	24738	232/388	210/386	-0.834675	-0.241555	1.09907
SRX5821025	TFs and others	CTCF	Blood	CD34+	26706	156/388	176/386	-0.834675	-0.241555	0.881795
SRX1042049	TFs and others	USF1	Blood	Erythroid Cells	5638	98/388	80/386	-0.833665	-0.240781	1.21869
SRX100428	TFs and others	SIX5	Blood	K-562	2616	72/388	56/386	-0.833524	-0.240781	1.27909
SRX6748226	TFs and others	CXXC5	Prostate	Prostate cancer	3450	72/388	56/386	-0.833524	-0.240781	1.27909
ERX1234993	TFs and others	TAF3	Liver	Hep G2	3716	84/388	67/386	-0.833312	-0.240697	1.24727
SRX8299830	TFs and others	NELFCD	Bone	U2OS	14909	269/388	248/386	-0.832456	-0.239966	1.07909
SRX037941	TFs and others	GATA1	Blood	CD36+	11470	47/388	61/386	-0.831806	-0.239443	0.76652
SRX190184	TFs and others	MAX	Lung	A549	29303	307/388	288/386	-0.83099	-0.238879	1.06048
SRX150709	TFs and others	CEBPB	Lung	A549	32586	81/388	98/386	-0.83099	-0.238879	0.82227
SRX9468654	TFs and others	AR	Prostate	LNCAP	88457	120/388	139/386	-0.830155	-0.238448	0.858859
SRX3091902	TFs and others	ZFX	Breast	MCF-7	6961	139/388	119/386	-0.830143	-0.238448	1.16205
SRX4473687	TFs and others	SMARCC1	Gonad	BIN-67	9375	139/388	119/386	-0.830143	-0.238448	1.16205
SRX8090646	TFs and others	BRD4	Others	Synoviocytes	4712	62/388	47/386	-0.830011	-0.238448	1.31235
SRX7692444	TFs and others	POLR2C	Breast	MCF-7	11032	226/388	204/386	-0.829929	-0.238448	1.10213
SRX323398	TFs and others	ESR1	Breast	MCF-7	9128	39/388	52/386	-0.829699	-0.238345	0.746134
SRX150577	TFs and others	MXI1	Uterus	HeLa	6435	99/388	81/386	-0.828984	-0.237756	1.21592
SRX2993669	TFs and others	NR5A1	Pluripotent stem cell	hESC H9	10340	223/388	201/386	-0.828011	-0.237103	1.10373
SRX159128	TFs and others	ZNF143	Uterus	HeLa	1561	53/388	39/386	-0.827954	-0.237103	1.35197
SRX212439	TFs and others	ETS1	Blood	Treg	3295	53/388	39/386	-0.827954	-0.237103	1.35197
SRX3123829	TFs and others	ESR1	Breast	MCF-7	18660	32/388	44/386	-0.827658	-0.237057	0.723524
SRX7807563	TFs and others	GATA3	Unclassified	Unclassified	11184	32/388	44/386	-0.827658	-0.237057	0.723524
SRX8299785	TFs and others	MYC	Bone	U2OS	10874	184/388	163/386	-0.826477	-0.236001	1.12302
SRX6473450	TFs and others	Epitope tags	Pluripotent stem cell	hESC derived neural crests	5039	122/388	141/386	-0.825706	-0.235374	0.860788
SRX116465	TFs and others	PHF8	Pluripotent stem cell	hESC H1	10414	218/388	196/386	-0.825472	-0.235374	1.10651
SRX186705	TFs and others	PHF8	Pluripotent stem cell	hESC H1	10408	218/388	196/386	-0.825472	-0.235374	1.10651
SRX4815198	TFs and others	FOXA1	Breast	MCF-7	103211	200/388	219/386	-0.824075	-0.234545	0.908535
SRX882965	TFs and others	5-mC	Prostate	LNCAP	67065	176/388	196/386	-0.823486	-0.234545	0.893331
SRX5577136	TFs and others	Epitope tags	Prostate	LNCAP	44422	69/388	85/386	-0.823476	-0.234545	0.80758
SRX5577145	TFs and others	Epitope tags	Prostate	LNCAP	54295	69/388	85/386	-0.823476	-0.234545	0.80758
SRX2881004	TFs and others	ESR1	Breast	MCF-7	10088	26/388	37/386	-0.823459	-0.234545	0.699081
SRX4708093	TFs and others	TARDBP	Blood	K-562	2791	26/388	37/386	-0.823459	-0.234545	0.699081
SRX7202544	TFs and others	CTCF	Uterus	HEC-1-B	8594	26/388	37/386	-0.823459	-0.234545	0.699081
SRX7262422	TFs and others	FOXA1	Others	Bladder cancer	10756	26/388	37/386	-0.823459	-0.234545	0.699081
SRX8861814	TFs and others	ESR1	Breast	T-47D	7811	26/388	37/386	-0.823459	-0.234545	0.699081
SRX265412	TFs and others	KDM5B	Breast	MCF-7	19926	210/388	188/386	-0.823078	-0.234545	1.11126
SRX4937338	TFs and others	MED1	Digestive tract	HCT 116	9134	178/388	198/386	-0.823078	-0.234545	0.894356
SRX190260	TFs and others	REST	Pluripotent stem cell	hESC derived neural cells	22218	209/388	187/386	-0.822921	-0.234545	1.11189
SRX6780870	TFs and others	CREB1	Pluripotent stem cell	iPS derived neural cells	9555	208/388	186/386	-0.822796	-0.234545	1.11252
SRX3110731	TFs and others	ESR1	Breast	MCF-7	63186	180/388	200/386	-0.822796	-0.234545	0.895361
SRX190303	TFs and others	JUND	Digestive tract	HCT 116	29667	206/388	184/386	-0.822639	-0.234545	1.11379
SRX356690	TFs and others	CTCF	Blood	GM19240	45834	182/388	202/386	-0.822639	-0.234545	0.896346
SRX100511	TFs and others	RAD21	Pluripotent stem cell	hESC H1	77915	196/388	215/386	-0.822191	-0.234223	0.906929
SRX150424	TFs and others	MAX	Blood	K-562	26694	264/388	243/386	-0.821457	-0.233738	1.08082
SRX8570844	TFs and others	HAP1	Blood	KBM-7	30809	264/388	243/386	-0.821457	-0.233738	1.08082
SRX1514280	TFs and others	TAL1	Blood	Kasumi-1	3234	63/388	48/386	-0.820993	-0.233399	1.30573
SRX995500	TFs and others	CTCF	Blood	Erythroid Cells	10820	58/388	73/386	-0.820743	-0.233274	0.790425
SRX371437	TFs and others	ESR1	Others	Tumour tissues	23509	200/388	179/386	-0.819944	-0.232722	1.11156
SRX4611696	TFs and others	ESR1	Breast	MCF-7	42265	188/388	207/386	-0.819944	-0.232722	0.903531
SRX4792906	TFs and others	CTCF	Breast	T-47D	18776	125/388	144/386	-0.819404	-0.232443	0.863581
SRX265430	TFs and others	KDM5B	Breast	MDA-MB-231	32638	287/388	267/386	-0.81929	-0.232443	1.06937
SRX2642367	TFs and others	FOXA1	Prostate	VCaP	55574	101/388	119/386	-0.81929	-0.232443	0.844365
ERX1149121	TFs and others	CTCF	Unclassified	Unclassified	8834	40/388	53/386	-0.818679	-0.232206	0.750827
SRX2943589	TFs and others	ESR1	Breast	MCF-7	17457	40/388	53/386	-0.818679	-0.232206	0.750827
SRX717860	TFs and others	EP300	Uterus	HeLa	16121	40/388	53/386	-0.818679	-0.232206	0.750827
SRX3629594	TFs and others	ESR1	Breast	MCF-7	7102	16/388	25/386	-0.818038	-0.231939	0.636701
SRX4672369	TFs and others	ARNT	Lung	A549	1476	16/388	25/386	-0.818038	-0.231939	0.636701
SRX8406526	TFs and others	FOXA1	Prostate	Prostatic Neoplasms, Castration-Resistant	13989	16/388	25/386	-0.818038	-0.231939	0.636701
SRX10212060	TFs and others	ATF4	Blood	THP-1	30413	70/388	86/386	-0.817825	-0.23185	0.809758
SRX100401	TFs and others	GABPA	Blood	GM12878	4967	120/388	101/386	-0.817171	-0.231445	1.18199
SRX2900152	TFs and others	KMT2C	Breast	CAL-51	6966	120/388	101/386	-0.817171	-0.231445	1.18199
SRX1460850	TFs and others	AFF4	Blood	Th1 Cells	2153	54/388	40/386	-0.816956	-0.231353	1.34304
SRX2255895	TFs and others	Epitope tags	Kidney	293	5480	26/388	16/386	-0.816439	-0.23121	1.61662
SRX4708042	TFs and others	GTF2F1	Liver	Hep G2	1644	26/388	16/386	-0.816439	-0.23121	1.61662
SRX7030931	TFs and others	NELFA	Breast	MCF-7	1729	26/388	16/386	-0.816439	-0.23121	1.61662
SRX1529432	TFs and others	RAD21	Neural	SK-N-SH	4433	12/388	20/386	-0.814789	-0.230055	0.596907
SRX2017944	TFs and others	HNF4G	Prostate	22Rv1	10120	12/388	20/386	-0.814789	-0.230055	0.596907
SRX573036	TFs and others	ELL2	Uterus	HeLa	1154	12/388	20/386	-0.814789	-0.230055	0.596907
SRX7030922	TFs and others	KDM4B	Breast	MCF-7	882	12/388	20/386	-0.814789	-0.230055	0.596907
SRX6441747	TFs and others	FOXA1	Pancreas	CFPAC-1	25541	49/388	63/386	-0.814044	-0.229573	0.773769
SRX1161189	TFs and others	FOXA1	Breast	ZR-75-1	40148	59/388	74/386	-0.813749	-0.229573	0.793188
SRX1473609	TFs and others	ESRRA	Breast	BT-474	5050	21/388	31/386	-0.813563	-0.229573	0.673928
SRX150453	TFs and others	GATA2	Blood	K-562	6034	21/388	31/386	-0.813563	-0.229573	0.673928
SRX3186360	TFs and others	Epitope tags	Lung	HCC95	3629	21/388	31/386	-0.813563	-0.229573	0.673928
SRX4677288	TFs and others	FOXA2	Pancreas	PANC-1	9445	21/388	31/386	-0.813563	-0.229573	0.673928
SRX553658	TFs and others	TRIM28	Pluripotent stem cell	hESC H1	21138	21/388	12/386	-0.813215	-0.229349	1.74098
SRX2267438	TFs and others	BRD4	Epidermis	A-375	5938	46/388	33/386	-0.812519	-0.228899	1.38675
SRX8013010	TFs and others	Epitope tags	Kidney	293	51071	46/388	33/386	-0.812519	-0.228899	1.38675
SRX612504	TFs and others	BRD4	Liver	LX2	7165	32/388	21/386	-0.811949	-0.228453	1.51595
SRX4116559	TFs and others	FOXP1	Blood	B cells	8899	103/388	85/386	-0.811326	-0.227955	1.20552
SRX3285586	TFs and others	KDM5B	Breast	TAMR	6168	122/388	103/386	-0.810915	-0.227912	1.17836
SRX334247	TFs and others	E2F1	Unclassified	Unclassified	4919	122/388	103/386	-0.810915	-0.227912	1.17836
SRX1660873	TFs and others	TRIM25	Breast	Breast cancer cells	25717	266/388	283/386	-0.810915	-0.227912	0.935084
SRX3482873	TFs and others	CTCF	Pluripotent stem cell	hESC HUES64	12612	27/388	38/386	-0.807045	-0.224941	0.706864
SRX4404420	TFs and others	MYCN	Prostate	22Rv1	1785	27/388	38/386	-0.807045	-0.224941	0.706864
SRX4792909	TFs and others	RAD21	Breast	T-47D	4861	27/388	38/386	-0.807045	-0.224941	0.706864
SRX5089385	TFs and others	ARID1A	Breast	MCF-7	15778	27/388	38/386	-0.807045	-0.224941	0.706864
SRX7030925	TFs and others	KDM4C	Breast	MCF-7	1585	27/388	38/386	-0.807045	-0.224941	0.706864
SRX100412	TFs and others	TAF1	Liver	Hep G2	17790	283/388	263/386	-0.80704	-0.224941	1.0705
SRX2961792	TFs and others	TRIM24	Blood	MOLM-13	14044	105/388	123/386	-0.80704	-0.224941	0.849258
SRX9550900	TFs and others	FOXA1	Prostate	Prostate cancer	30148	60/388	75/386	-0.806957	-0.224941	0.795876
SRX7114561	TFs and others	Epitope tags	Breast	MCF-7	46682	132/388	151/386	-0.806317	-0.224424	0.869666
SRX369126	TFs and others	RUNX1	Blood	CUTLL1	15601	151/388	131/386	-0.805711	-0.223965	1.14673
SRX1514953	TFs and others	GFP	Kidney	293	32991	338/388	322/386	-0.805611	-0.223965	1.04428
SRX378805	TFs and others	RELA	Uterus	KB	5050	89/388	72/386	-0.805074	-0.223553	1.22974
SRX9975615	TFs and others	SMC1A	Bone	A-673	39758	235/388	253/386	-0.802271	-0.220871	0.924066
SRX398294	TFs and others	MED1	Blood	OCI-LY1	9708	125/388	106/386	-0.802029	-0.220751	1.17317
SRX2642369	TFs and others	FOXA1	Prostate	VCaP	56087	107/388	125/386	-0.801305	-0.220151	0.851588
SRX204905	TFs and others	BRD4	Blood	MM.1S	21154	300/388	281/386	-0.801089	-0.22006	1.06211
SRX150610	TFs and others	RELA	Blood	GM18951	9437	61/388	76/386	-0.800361	-0.219452	0.798494
SRX2355072	TFs and others	JUN	Cardiovascular	HAEC	32574	90/388	73/386	-0.799853	-0.219068	1.22652
SRX327759	TFs and others	CDK9	Blood	MM.1S	6953	155/388	135/386	-0.798997	-0.218335	1.14223
SRX9419953	TFs and others	BRD4	Breast	SK-BR-3	13268	156/388	136/386	-0.797421	-0.216883	1.14115
SRX1514277	TFs and others	ERG	Blood	Kasumi-1	24468	249/388	228/386	-0.795308	-0.216301	1.08648
SRX150486	TFs and others	MAX	Liver	Hep G2	7082	107/388	89/386	-0.795234	-0.216301	1.19605
SRX10881848	TFs and others	SS18	Kidney	G-401	29848	158/388	138/386	-0.794388	-0.216301	1.13903
SRX3722706	TFs and others	ESR1	Breast	Breast cancer cells	24448	62/388	77/386	-0.793952	-0.216301	0.801044
SRX1012630	TFs and others	ESR1	Breast	MCF-7	14299	22/388	32/386	-0.793745	-0.216301	0.683956
SRX8080565	TFs and others	Epitope tags	Breast	Mammary gland adenocarcinoma	14496	22/388	32/386	-0.793745	-0.216301	0.683956
SRX059712	TFs and others	HDAC2	Prostate	VCaP	966	9/388	16/386	-0.793469	-0.216301	0.559601
SRX100381	TFs and others	TCF12	Liver	Hep G2	2828	9/388	16/386	-0.793469	-0.216301	0.559601
SRX116470	TFs and others	SUZ12	Pluripotent stem cell	hESC H1	1455	9/388	16/386	-0.793469	-0.216301	0.559601
SRX186609	TFs and others	CUX1	Blood	GM12878	2639	9/388	16/386	-0.793469	-0.216301	0.559601
SRX2020848	TFs and others	STAT3	Breast	HCC1143	5605	9/388	16/386	-0.793469	-0.216301	0.559601
SRX2778398	TFs and others	YY1	Blood	Lymphoblastoid cell line	927	9/388	16/386	-0.793469	-0.216301	0.559601
SRX3445667	TFs and others	GATA1	Blood	K-562	4025	9/388	16/386	-0.793469	-0.216301	0.559601
SRX3581511	TFs and others	CHD7	Pluripotent stem cell	iPS derived neural cells	15336	9/388	16/386	-0.793469	-0.216301	0.559601
SRX3873714	TFs and others	ELL2	Lung	NCI-H2171	1112	9/388	16/386	-0.793469	-0.216301	0.559601
SRX4650914	TFs and others	SUZ12	Kidney	293	1137	9/388	16/386	-0.793469	-0.216301	0.559601
SRX5203305	TFs and others	CTCF	Breast	MCF-7	6508	9/388	16/386	-0.793469	-0.216301	0.559601
SRX5342366	TFs and others	FOXL2	Gonad	SVOG-3e	4025	9/388	16/386	-0.793469	-0.216301	0.559601
SRX5982342	TFs and others	SMARCA4	Lung	A549	816	9/388	16/386	-0.793469	-0.216301	0.559601
SRX6916370	TFs and others	RAD21	Kidney	iSLK	6319	9/388	16/386	-0.793469	-0.216301	0.559601
SRX8616992	TFs and others	ESR1	Breast	MCF-7	4379	9/388	16/386	-0.793469	-0.216301	0.559601
SRX9556507	TFs and others	GATA3	Breast	MDA-MB-231	1339	9/388	16/386	-0.793469	-0.216301	0.559601
ERX1149059	TFs and others	CTCF	Blood	HEL 92.1.7	2324	6/388	12/386	-0.792392	-0.216301	0.497423
ERX1149103	TFs and others	CTCF	Blood	K-562	1462	6/388	12/386	-0.792392	-0.216301	0.497423
ERX704048	TFs and others	CTCF	Blood	HL-60	3448	6/388	12/386	-0.792392	-0.216301	0.497423
SRX014752	TFs and others	RARA	Blood	NB-4	1501	6/388	12/386	-0.792392	-0.216301	0.497423
SRX018278	TFs and others	EP300	Neural	T98G	1138	6/388	12/386	-0.792392	-0.216301	0.497423
SRX10357211	TFs and others	ARNT	Uterus	HeLa	1575	6/388	12/386	-0.792392	-0.216301	0.497423
SRX1123856	TFs and others	SMARCA4	Neural	BT-16	6664	6/388	12/386	-0.792392	-0.216301	0.497423
SRX3410402	TFs and others	PCGF2	Breast	T-47D	1993	6/388	12/386	-0.792392	-0.216301	0.497423
SRX367321	TFs and others	EP300	Kidney	293	696	6/388	12/386	-0.792392	-0.216301	0.497423
SRX4663587	TFs and others	ESR1	Breast	MCF-7	5090	6/388	12/386	-0.792392	-0.216301	0.497423
SRX8083045	TFs and others	DMC1	Gonad	Testis	6458	6/388	12/386	-0.792392	-0.216301	0.497423
SRX8538897	TFs and others	ASCL1	Neural	Glioma	1816	6/388	12/386	-0.792392	-0.216301	0.497423
SRX9628165	TFs and others	NR3C1	Kidney	293	2955	6/388	12/386	-0.792392	-0.216301	0.497423
SRX1514954	TFs and others	GFP	Kidney	293	3323	78/388	62/386	-0.792168	-0.216301	1.25158
SRX2388755	TFs and others	AR	Prostate	Fetal prostate fibroblasts	930	17/388	9/386	-0.791956	-0.216301	1.87915
SRX265235	TFs and others	MYH11	Blood	Acute myeloid leukemia	972	17/388	9/386	-0.791956	-0.216301	1.87915
SRX3345960	TFs and others	NAB2	Blood	HL-60	1151	17/388	9/386	-0.791956	-0.216301	1.87915
SRX5716464	TFs and others	SMARCA4	Neural	Neural progenitor cells	2232	17/388	9/386	-0.791956	-0.216301	1.87915
SRX204413	TFs and others	MAX	Blood	P493-6	14582	246/388	225/386	-0.791178	-0.21621	1.0877
SRX2513053	TFs and others	TET2	Blood	Jurkat	25447	246/388	225/386	-0.791178	-0.21621	1.0877
SRX1116523	TFs and others	ESR1	Breast	MCF-7	835	27/388	17/386	-0.791048	-0.21621	1.58005
SRX5514030	TFs and others	CDK8	Uterus	Myometrium	1335	27/388	17/386	-0.791048	-0.21621	1.58005
SRX9046309	TFs and others	ETS1	Blood	THP-1	1329	27/388	17/386	-0.791048	-0.21621	1.58005
SRX5794310	TFs and others	TCF7	Breast	Breast organoids	663	13/388	6/386	-0.790895	-0.21621	2.1555
SRX7050992	TFs and others	PPP1R10	Bone	U2OS	877	13/388	6/386	-0.790895	-0.21621	2.1555
SRX8616375	TFs and others	BRD2	Blood	BCBL1	1501	13/388	6/386	-0.790895	-0.21621	2.1555
SRX054575	TFs and others	Epitope tags	Breast	MCF-7	22042	277/388	257/386	-0.790561	-0.215996	1.07227
SRX371473	TFs and others	ESR1	Breast	T-47D	12452	40/388	28/386	-0.789941	-0.215498	1.42121
SRX2652451	TFs and others	ZBTB48	Bone	U2OS	5880	92/388	75/386	-0.789797	-0.215475	1.22034
SRX1531790	TFs and others	SMC1A	Breast	MCF-7	19495	35/388	47/386	-0.789111	-0.215032	0.740842
SRX9426437	TFs and others	Epitope tags	Blood	RAMOS	4473	35/388	47/386	-0.789111	-0.215032	0.740842
SRX150375	TFs and others	CEBPB	Pluripotent stem cell	hESC H1	11994	43/388	56/386	-0.788145	-0.214308	0.763899
SRX3110772	TFs and others	SMC3	Uterus	HeLa	16460	43/388	56/386	-0.788145	-0.214308	0.763899
SRX7626340	TFs and others	CTCF	Others	Mesenchymal Stromal Cells	13684	63/388	78/386	-0.787722	-0.214005	0.803529
SRX9867021	TFs and others	BCL11B	Blood	DND-41	9534	145/388	164/386	-0.787382	-0.213785	0.879589
SRX2770855	TFs and others	SPI1	Blood	Macrophages	88807	296/388	277/386	-0.786046	-0.212813	1.06308
SRX5661984	TFs and others	CREB1	Kidney	Kidney Cortex	31397	296/388	277/386	-0.786046	-0.212813	1.06308
SRX8841625	TFs and others	RAD21	Blood	Lymphoblasts	22134	92/388	109/386	-0.786046	-0.212813	0.839686
SRX2194262	TFs and others	BRD4	Breast	SUM 159PT	39654	275/388	255/386	-0.785532	-0.212419	1.07287
SRX2017929	TFs and others	FOXA1	Prostate	LNCAP	97177	148/388	167/386	-0.783908	-0.210916	0.881659
SRX5359052	TFs and others	RORC	Breast	HCC70	15451	114/388	132/386	-0.783099	-0.210227	0.859185
SRX10722986	TFs and others	TBP	Bone	U2OS	1272	13/388	21/386	-0.782392	-0.209883	0.615857
SRX190248	TFs and others	REST	Pancreas	PANC-1	2776	13/388	21/386	-0.782392	-0.209883	0.615857
SRX2545060	TFs and others	TLE3	Prostate	LNCAP	16446	13/388	21/386	-0.782392	-0.209883	0.615857
SRX190212	TFs and others	FOSL1	Digestive tract	HCT 116	28296	168/388	148/386	-0.781477	-0.209088	1.12928
SRX359932	TFs and others	FOXP1	Digestive tract	LoVo	2334	22/388	13/386	-0.780886	-0.208859	1.68358
SRX6913067	TFs and others	BRD4	Blood	THP-1	1381	22/388	13/386	-0.780886	-0.208859	1.68358
SRX8299814	TFs and others	CTR9	Bone	U2OS	839	22/388	13/386	-0.780886	-0.208859	1.68358
SRX1711344	TFs and others	INTS12	Lung	Bronchial epithelial cells	3855	94/388	77/386	-0.78023	-0.208322	1.21449
SRX2765965	TFs and others	HMGB2	Cardiovascular	HUVEC	3554	80/388	64/386	-0.779902	-0.208235	1.24356
SRX7701214	TFs and others	BRD4	Lung	NCI-H1963	3055	80/388	64/386	-0.779902	-0.208235	1.24356
SRX3675841	TFs and others	RAD21	Uterus	HeLa	37029	153/388	172/386	-0.778807	-0.207784	0.88495
SRX3722703	TFs and others	ESR1	Breast	Breast cancer cells	50415	153/388	172/386	-0.778807	-0.207784	0.88495
ERX200496	TFs and others	CTCF	Blood	B cells	9167	44/388	57/386	-0.778729	-0.207784	0.767951
SRX1161173	TFs and others	FOXA1	Breast	MCF-7	28252	44/388	57/386	-0.778729	-0.207784	0.767951
SRX1787653	TFs and others	FOXA1	Breast	MCF-7	24655	44/388	57/386	-0.778729	-0.207784	0.767951
SRX2368896	TFs and others	FOXA2	Lung	A549	14445	44/388	57/386	-0.778729	-0.207784	0.767951
SRX190221	TFs and others	ELF1	Digestive tract	HCT 116	16544	234/388	213/386	-0.777888	-0.207062	1.09293
SRX8673471	TFs and others	CTCF	Bone	HT-1080	63935	216/388	234/386	-0.777302	-0.206596	0.918319
SRX1510970	TFs and others	ZNF143	Breast	MCF-7	6531	112/388	94/386	-0.77707	-0.206519	1.18535
SRX6813410	TFs and others	CEBPB	Blood	CD4+ T cells	5353	29/388	40/386	-0.776865	-0.206519	0.721263
SRX8570929	TFs and others	HAP1	Blood	KBM-7	15684	29/388	40/386	-0.776865	-0.206519	0.721263
SRX3511931	TFs and others	TFAP2A	Pluripotent stem cell	iPS cells	16159	173/388	153/386	-0.776341	-0.206203	1.12489
SRX4937342	TFs and others	MED1	Digestive tract	HCT 116	7880	156/388	175/386	-0.776146	-0.206203	0.886834
SRX100557	TFs and others	ATF3	Pluripotent stem cell	hESC H1	2609	49/388	36/386	-0.775803	-0.206203	1.3541
SRX9498686	TFs and others	TBP	Blood	K-562	2501	49/388	36/386	-0.775803	-0.206203	1.3541
SRX190199	TFs and others	SP4	Pluripotent stem cell	hESC H1	3881	65/388	80/386	-0.775775	-0.206203	0.808312
SRX359408	TFs and others	CREBBP	Kidney	293	7325	174/388	154/386	-0.775414	-0.206203	1.12405
SRX129093	TFs and others	MAX	Blood	Multiple Myeloma	2433	41/388	29/386	-0.775297	-0.206203	1.40651
SRX037938	TFs and others	TAL1	Blood	CD36+	7228	23/388	33/386	-0.775231	-0.206203	0.693377
SRX1334492	TFs and others	AR	Prostate	LNCAP	24850	23/388	33/386	-0.775231	-0.206203	0.693377
SRX5974514	TFs and others	GATA1	Blood	K-562	7465	23/388	33/386	-0.775231	-0.206203	0.693377
SRX8617000	TFs and others	TET2	Breast	MCF-7	9090	23/388	33/386	-0.775231	-0.206203	0.693377
SRX4708086	TFs and others	AGO1	Blood	K-562	3215	34/388	23/386	-0.773695	-0.204785	1.47064
SRX1136745	TFs and others	JUND	Epidermis	Melanoma	2839	69/388	54/386	-0.772851	-0.204159	1.27119
SRX4937336	TFs and others	MED1	Digestive tract	HCT 116	11386	211/388	229/386	-0.772827	-0.204159	0.916648
SRX1287854	TFs and others	BRD4	Blood	MOLM-14	10216	137/388	118/386	-0.771774	-0.203224	1.15503
SRX1637465	TFs and others	BRD4	Blood	MOLT-4	14897	179/388	159/386	-0.771262	-0.20295	1.11998
SRX8673493	TFs and others	CTCF	Bone	HT-1080	64049	209/388	227/386	-0.771262	-0.20295	0.915959
SRX6102132	TFs and others	NELFE	Uterus	HeLa	13531	224/388	203/386	-0.770453	-0.202281	1.09776
SRX190336	TFs and others	NFIC	Neural	SK-N-SH	33623	114/388	96/386	-0.770353	-0.202281	1.18138
SRX6027693	TFs and others	ESR1	Uterus	Ishikawa	32832	322/388	305/386	-0.770044	-0.202227	1.0503
SRX100453	TFs and others	THAP1	Blood	K-562	2660	45/388	58/386	-0.76966	-0.202227	0.771863
SRX1873456	TFs and others	LEO1	Blood	SEM	11205	138/388	119/386	-0.769596	-0.202227	1.15369
ERX200513	TFs and others	CTCF	Blood	B cells	8308	18/388	27/386	-0.769227	-0.202227	0.66323
SRX4367421	TFs and others	TBP	Lung	Bronchial tracheal epithelial cells	1569	18/388	27/386	-0.769227	-0.202227	0.66323
SRX5323864	TFs and others	STAT3	Breast	MCF-7	3382	18/388	27/386	-0.769227	-0.202227	0.66323
SRX6888836	TFs and others	Biotin	Uterus	HeLa	2218	18/388	27/386	-0.769227	-0.202227	0.66323
SRX7054610	TFs and others	RELA	Cardiovascular	HAEC	5375	18/388	27/386	-0.769227	-0.202227	0.66323
SRX7627555	TFs and others	ESRRG	Breast	BT-474	4233	18/388	27/386	-0.769227	-0.202227	0.66323
SRX371478	TFs and others	ESR1	Breast	MCF-7	35407	80/388	96/386	-0.768553	-0.201672	0.829038
SRX8406483	TFs and others	FOXA1	Prostate	Prostate	15423	82/388	66/386	-0.768299	-0.201536	1.23602
SRX5574497	TFs and others	SPI1	Blood	CTV-1	7049	59/388	45/386	-0.768031	-0.201388	1.30435
SRX490262	TFs and others	KDM6B	Epidermis	BJ	5790	28/388	18/386	-0.767728	-0.201323	1.54754
SRX973433	TFs and others	EHMT2	Kidney	293	1274	28/388	18/386	-0.767728	-0.201323	1.54754
SRX476926	TFs and others	SNAI2	Epidermis	Keratinocytes	21062	203/388	221/386	-0.767311	-0.201025	0.913817
SRX5286306	TFs and others	AR	Prostate	LNCAP	59813	98/388	115/386	-0.765865	-0.199697	0.847781
SRX100388	TFs and others	GABPA	Liver	Hep G2	11161	208/388	187/386	-0.764866	-0.199646	1.10657
SRX1690226	TFs and others	MYCN	Neural	Neuroblastoma	11830	208/388	187/386	-0.764866	-0.199646	1.10657
SRX3540870	TFs and others	CTCF	Uterus	HeLa	53081	198/388	216/386	-0.76485	-0.199646	0.911942
SRX7807107	TFs and others	CTCF	Adipocyte	Adipocytes	44020	198/388	216/386	-0.76485	-0.199646	0.911942
SRX3857006	TFs and others	CDKN1B	Breast	MDA-MB-231	12902	207/388	186/386	-0.764765	-0.199646	1.10717
SRX4708046	TFs and others	XRCC5	Liver	Hep G2	20017	206/388	185/386	-0.764693	-0.199646	1.10777
SRX6780866	TFs and others	CREB1	Pluripotent stem cell	iPS derived neural cells	10421	205/388	184/386	-0.76465	-0.199646	1.10839
SRX189741	TFs and others	ETS1	Cardiovascular	HUVEC	1887	50/388	37/386	-0.764629	-0.199646	1.34439
SRX265425	TFs and others	KDM5B	Breast	SUM 159PT	6385	50/388	37/386	-0.764629	-0.199646	1.34439
SRX5574350	TFs and others	SPI1	Blood	Mast Cells	7569	50/388	37/386	-0.764629	-0.199646	1.34439
SRX6780894	TFs and others	CREB1	Pluripotent stem cell	iPS derived neural cells	16335	265/388	245/386	-0.763476	-0.199075	1.07606
SRX9975616	TFs and others	SMC1A	Bone	A-673	50079	290/388	305/386	-0.762441	-0.199075	0.945919
SRX4473673	TFs and others	ARID2	Gonad	BIN-67	8180	202/388	182/386	-0.761922	-0.199075	1.10417
SRX1967776	TFs and others	CTCF	Epidermis	Keratinocytes	39985	124/388	142/386	-0.761532	-0.199075	0.868738
SRX1674501	TFs and others	GFP	Uterus	HeLa	2788	42/388	30/386	-0.761417	-0.199075	1.39278
SRX316368	TFs and others	SUMO2	Kidney	293	7209	42/388	30/386	-0.761417	-0.199075	1.39278
SRX6101127	TFs and others	NANOG	Pluripotent stem cell	hESC H9	22852	42/388	30/386	-0.761417	-0.199075	1.39278
SRX3285603	TFs and others	ESR1	Breast	FULR	10149	46/388	59/386	-0.760918	-0.199075	0.775642
SRX667407	TFs and others	Epitope tags	Breast	MCF-7	2824	46/388	59/386	-0.760918	-0.199075	0.775642
SRX10881813	TFs and others	BRD9	Others	BT-16	7474	56/388	70/386	-0.760435	-0.199075	0.795876
SRX11312422	TFs and others	CTCF	Lung	A549	17472	56/388	70/386	-0.760435	-0.199075	0.795876
SRX6384755	TFs and others	MED26	Digestive tract	HCT 116	19104	306/388	288/386	-0.760067	-0.199075	1.05702
SRX689370	TFs and others	WDR5	Kidney	293	16083	306/388	288/386	-0.760067	-0.199075	1.05702
SRX4720614	TFs and others	Epitope tags	Kidney	G-401	7278	143/388	124/386	-0.759407	-0.199075	1.14728
SRX8080562	TFs and others	Epitope tags	Breast	Mammary gland adenocarcinoma	14354	68/388	83/386	-0.759037	-0.199075	0.815054
SRX3509028	TFs and others	TFAP2C	Pluripotent stem cell	hESC UCLA1	5224	99/388	82/386	-0.758253	-0.199075	1.20109
SRX1880279	TFs and others	MYC	Blood	Jurkat	2143	24/388	34/386	-0.757892	-0.199075	0.702244
SRX1012721	TFs and others	PGR	Breast	T-47D	2112	4/388	9/386	-0.756842	-0.199075	0.442153
SRX1397412	TFs and others	SMAD1	Blood	CD34+	2387	4/388	9/386	-0.756842	-0.199075	0.442153
SRX185917	TFs and others	FOXM1	Breast	MCF-7	1117	4/388	9/386	-0.756842	-0.199075	0.442153
SRX2013092	TFs and others	MYCN	Blood	CD34 Hematopoietic stem cells	507	4/388	9/386	-0.756842	-0.199075	0.442153
SRX2270128	TFs and others	RELA	Liver	HuH-7	566	4/388	9/386	-0.756842	-0.199075	0.442153
SRX3958389	TFs and others	WDR5	Breast	Breast cancer cells	992	4/388	9/386	-0.756842	-0.199075	0.442153
SRX5128109	TFs and others	AR	Breast	ZR-75-1	5319	4/388	9/386	-0.756842	-0.199075	0.442153
SRX697736	TFs and others	PRKCQ	Blood	CD4+ T cells	3020	4/388	9/386	-0.756842	-0.199075	0.442153
SRX7584818	TFs and others	ATF4	Blood	Erythroblasts	1587	4/388	9/386	-0.756842	-0.199075	0.442153
SRX866613	TFs and others	GATA3	Neural	SH-SY5Y	3695	4/388	9/386	-0.756842	-0.199075	0.442153
SRX8861813	TFs and others	ESR1	Breast	T-47D	2358	4/388	9/386	-0.756842	-0.199075	0.442153
SRX8861824	TFs and others	ESR1	Breast	T-47D	2827	4/388	9/386	-0.756842	-0.199075	0.442153
SRX1334498	TFs and others	MYC	Prostate	LNCAP	5410	83/388	99/386	-0.755973	-0.199075	0.834062
SRX029436	TFs and others	FLI1	Blood	CD34+	1221	10/388	4/386	-0.755429	-0.199075	2.48711
SRX6780877	TFs and others	CRTC1	Pluripotent stem cell	iPS derived neural cells	1055	10/388	4/386	-0.755429	-0.199075	2.48711
SRX9350935	TFs and others	BRD4	Digestive tract	SNU-16	1037	10/388	4/386	-0.755429	-0.199075	2.48711
SRX9498736	TFs and others	GTF2A2	Blood	K-562	1415	10/388	4/386	-0.755429	-0.199075	2.48711
SRX9600622	TFs and others	G-quadruplex	Blood	K-562	412	10/388	4/386	-0.755429	-0.199075	2.48711
SRX3229121	TFs and others	ESR1	Breast	Breast cancer	2945	51/388	38/386	-0.753929	-0.199075	1.33519
SRX2245500	TFs and others	CEBPB	Blood	MV-4-11	18874	69/388	84/386	-0.753751	-0.199075	0.817194
SRX018281	TFs and others	CREBBP	Neural	T98G	4686	10/388	17/386	-0.753631	-0.199075	0.585203
SRX020939	TFs and others	FOXA1	Prostate	LNCAP	7226	10/388	17/386	-0.753631	-0.199075	0.585203
SRX097068	TFs and others	GATA1	Blood	CD34+	5316	10/388	17/386	-0.753631	-0.199075	0.585203
SRX109484	TFs and others	ATF3	Neural	GBM1-HAM	5425	10/388	17/386	-0.753631	-0.199075	0.585203
SRX190316	TFs and others	TEAD4	Breast	MCF-7	5002	10/388	17/386	-0.753631	-0.199075	0.585203
SRX2671806	TFs and others	EP300	Pluripotent stem cell	iPS cells	10602	10/388	17/386	-0.753631	-0.199075	0.585203
SRX3020562	TFs and others	PHIP	Digestive tract	HCT 116	797	10/388	17/386	-0.753631	-0.199075	0.585203
SRX3591430	TFs and others	BRD4	Blood	B-CLL cells	966	10/388	17/386	-0.753631	-0.199075	0.585203
SRX3629596	TFs and others	ESR1	Breast	MCF-7	5205	10/388	17/386	-0.753631	-0.199075	0.585203
SRX5289966	TFs and others	NR3C1	Lung	BEAS-2B	3491	10/388	17/386	-0.753631	-0.199075	0.585203
SRX595673	TFs and others	FOXP1	Prostate	VCaP	8108	10/388	17/386	-0.753631	-0.199075	0.585203
SRX9206317	TFs and others	BRD8	Others	16HBE14o-	2386	10/388	17/386	-0.753631	-0.199075	0.585203
SRX1012598	TFs and others	ESR1	Breast	T-47D	7444	14/388	22/386	-0.753285	-0.199075	0.633083
SRX1012612	TFs and others	EP300	Breast	T-47D	8140	14/388	22/386	-0.753285	-0.199075	0.633083
SRX1397397	TFs and others	GATA2	Blood	CD34+	6538	14/388	22/386	-0.753285	-0.199075	0.633083
SRX4786543	TFs and others	ESR1	Breast	MCF-7	4326	14/388	22/386	-0.753285	-0.199075	0.633083
SRX747777	TFs and others	ESR1	Breast	MCF-7	7454	14/388	22/386	-0.753285	-0.199075	0.633083
SRX8617015	TFs and others	ESR1	Breast	MCF-7	6963	14/388	22/386	-0.753285	-0.199075	0.633083
ERX626850	TFs and others	CTCF	Blood	CHRF-288-11	1372	2/388	6/386	-0.75306	-0.199075	0.331615
SRX027903	TFs and others	NR3C1	Uterus	HeLa	1880	2/388	6/386	-0.75306	-0.199075	0.331615
SRX083228	TFs and others	NR3C1	Prostate	LNCAP	2532	2/388	6/386	-0.75306	-0.199075	0.331615
SRX100259	TFs and others	CREBBP	Breast	H3396	2535	2/388	6/386	-0.75306	-0.199075	0.331615
SRX10382405	TFs and others	TET1	Pluripotent stem cell	hESC H1	256	2/388	6/386	-0.75306	-0.199075	0.331615
SRX1629247	TFs and others	AR	Prostate	VCaP	1533	2/388	6/386	-0.75306	-0.199075	0.331615
SRX1640091	TFs and others	AR	Prostate	LNCAP	3356	2/388	6/386	-0.75306	-0.199075	0.331615
SRX186709	TFs and others	EP300	Pluripotent stem cell	hESC H1	1736	2/388	6/386	-0.75306	-0.199075	0.331615
SRX1925740	TFs and others	TRIM28	Pluripotent stem cell	iPS derived neural cells	1765	2/388	6/386	-0.75306	-0.199075	0.331615
SRX2010844	TFs and others	JUND	Lung	Calu-3	876	2/388	6/386	-0.75306	-0.199075	0.331615
SRX2023706	TFs and others	GATA4	Pluripotent stem cell	iPS derived cardiac cells	798	2/388	6/386	-0.75306	-0.199075	0.331615
SRX2513524	TFs and others	ESR1	Breast	MCF-7	924	2/388	6/386	-0.75306	-0.199075	0.331615
SRX2545058	TFs and others	HOXB13	Prostate	LNCAP	4304	2/388	6/386	-0.75306	-0.199075	0.331615
SRX2555291	TFs and others	GATA3	Neural	KELLY	4826	2/388	6/386	-0.75306	-0.199075	0.331615
SRX2881009	TFs and others	ESR1	Breast	MCF-7	1574	2/388	6/386	-0.75306	-0.199075	0.331615
SRX2912053	TFs and others	ESR1	Breast	MCF-7	3223	2/388	6/386	-0.75306	-0.199075	0.331615
SRX3124569	TFs and others	FXR1	Digestive tract	AGS	493	2/388	6/386	-0.75306	-0.199075	0.331615
SRX3151495	TFs and others	PAF1	Digestive tract	HCT 116	2046	2/388	6/386	-0.75306	-0.199075	0.331615
SRX3285553	TFs and others	ESR1	Breast	C49R	1917	2/388	6/386	-0.75306	-0.199075	0.331615
SRX3287175	TFs and others	SMC3	Uterus	HeLa	1182	2/388	6/386	-0.75306	-0.199075	0.331615
SRX3366984	TFs and others	AR	Prostate	LNCAP	3757	2/388	6/386	-0.75306	-0.199075	0.331615
SRX3541111	TFs and others	ESR1	Breast	MCF-7	2527	2/388	6/386	-0.75306	-0.199075	0.331615
SRX3666496	TFs and others	TP53	Blood	T cells	1007	2/388	6/386	-0.75306	-0.199075	0.331615
SRX371983	TFs and others	GATA6	Digestive tract	HuG1-N	891	2/388	6/386	-0.75306	-0.199075	0.331615
SRX392808	TFs and others	EP300	Blood	GM12878	1848	2/388	6/386	-0.75306	-0.199075	0.331615
SRX3962720	TFs and others	TP53	Digestive tract	HCT 116	964	2/388	6/386	-0.75306	-0.199075	0.331615
SRX4451211	TFs and others	ESR1	Breast	MCF-7	1496	2/388	6/386	-0.75306	-0.199075	0.331615
SRX4708032	TFs and others	PRPF4	Liver	Hep G2	999	2/388	6/386	-0.75306	-0.199075	0.331615
SRX4783026	TFs and others	AR	Prostate	Prostate cancer cells	3320	2/388	6/386	-0.75306	-0.199075	0.331615
SRX4783051	TFs and others	AR	Prostate	Prostate cancer cells	6492	2/388	6/386	-0.75306	-0.199075	0.331615
SRX5089529	TFs and others	SMARCA4	Breast	MCF-7	654	2/388	6/386	-0.75306	-0.199075	0.331615
SRX5441327	TFs and others	PCF11	Uterus	HeLa	1004	2/388	6/386	-0.75306	-0.199075	0.331615
SRX5718141	TFs and others	TEAD1	Kidney	293	1055	2/388	6/386	-0.75306	-0.199075	0.331615
SRX6853578	TFs and others	ARNT	Breast	MCF-7	332	2/388	6/386	-0.75306	-0.199075	0.331615
SRX7584812	TFs and others	ATF4	Blood	HUDEP-2	1325	2/388	6/386	-0.75306	-0.199075	0.331615
SRX8406479	TFs and others	AR	Prostate	Prostatic Neoplasms, Castration-Resistant	5344	2/388	6/386	-0.75306	-0.199075	0.331615
SRX8850928	TFs and others	Epitope tags	Breast	MCF 10A	741	2/388	6/386	-0.75306	-0.199075	0.331615
SRX8850951	TFs and others	Epitope tags	Breast	MCF 10A	537	2/388	6/386	-0.75306	-0.199075	0.331615
SRX9410502	TFs and others	RAD21	Pluripotent stem cell	hESC H9	2524	2/388	6/386	-0.75306	-0.199075	0.331615
SRX8984310	TFs and others	FLI1	Bone	A-673	8342	18/388	10/386	-0.7522	-0.198483	1.79072
SRX5416007	TFs and others	PTEN	Liver	SMMC-7721	22609	241/388	258/386	-0.752055	-0.198483	0.929294
SRX023650	TFs and others	CCDC101	Uterus	HeLa	471	7/388	2/386	-0.751662	-0.198483	3.48196
SRX1652876	TFs and others	POU2F2	Blood	BJAB	1176	7/388	2/386	-0.751662	-0.198483	3.48196
SRX3275108	TFs and others	DNMT3B	Pluripotent stem cell	iPS cells	1038	7/388	2/386	-0.751662	-0.198483	3.48196
SRX4240294	TFs and others	CTBP1	Gonad	SK-OV-3	1998	7/388	2/386	-0.751662	-0.198483	3.48196
SRX6175634	TFs and others	FLI1	Bone	TC-71	4712	7/388	2/386	-0.751662	-0.198483	3.48196
SRX190349	TFs and others	RUNX3	Blood	GM12878	69155	285/388	266/386	-0.750973	-0.198172	1.06591
SRX9730740	TFs and others	BRD4	Blood	THP-1	23322	285/388	266/386	-0.750973	-0.198172	1.06591
SRX3142682	TFs and others	ILF3	Blood	K-562	4658	61/388	47/386	-0.750889	-0.198172	1.29118
SRX7135363	TFs and others	HDAC2	Blood	K-562	3766	61/388	47/386	-0.750889	-0.198172	1.29118
SRX668219	TFs and others	ZNF92	Neural	HRPEpiC	11932	31/388	42/386	-0.749755	-0.197153	0.734291
SRX150715	TFs and others	NRF1	Uterus	HeLa	1881	43/388	31/386	-0.748241	-0.195769	1.37995
SRX150730	TFs and others	IRF3	Blood	GM12878	1227	19/388	28/386	-0.74768	-0.195769	0.675074
SRX2017926	TFs and others	AR	Prostate	LNCAP	15963	19/388	28/386	-0.74768	-0.195769	0.675074
SRX256867	TFs and others	NR3C1	Bone	U2OS	22403	19/388	28/386	-0.74768	-0.195769	0.675074
SRX6909699	TFs and others	EP300	Blood	697	9972	19/388	28/386	-0.74768	-0.195769	0.675074
SRX8272753	TFs and others	ESR2	Breast	MCF-7	6632	19/388	28/386	-0.74768	-0.195769	0.675074
SRX471877	TFs and others	ERG	Prostate	VCaP	6616	86/388	70/386	-0.746891	-0.195093	1.22224
SRX4815187	TFs and others	CTNNB1	Breast	MCF-7	2129	29/388	19/386	-0.746224	-0.194541	1.51845
SRX5824585	TFs and others	BRD2	Breast	SUM 159PT	3313	73/388	58/386	-0.745531	-0.193964	1.25213
SRX1738531	TFs and others	CTCF	Blood	Erythroid Cells	28048	134/388	152/386	-0.744408	-0.193011	0.877035
SRX9135101	TFs and others	AR	Prostate	VCaP	39394	48/388	61/386	-0.744348	-0.193011	0.782829
SRX9838422	TFs and others	YY1	Prostate	LNCAP	8299	152/388	133/386	-0.743789	-0.192592	1.13697
SRX4001960	TFs and others	SPI1	Blood	THP-1	29706	71/388	86/386	-0.743585	-0.192592	0.821326
SRX9550931	TFs and others	FOXA1	Prostate	Prostate cancer	38852	71/388	86/386	-0.743585	-0.192592	0.821326
SRX2652440	TFs and others	ZBTB48	Uterus	HeLa	6639	103/388	86/386	-0.742455	-0.191577	1.1915
SRX11196888	TFs and others	G-quadruplex	Kidney	293	1389	25/388	35/386	-0.741615	-0.191308	0.710604
SRX4374936	TFs and others	NOTCH1	Breast	HCC1599	1581	25/388	35/386	-0.741615	-0.191308	0.710604
SRX6614747	TFs and others	SMC3	Lung	IMR-90	8281	25/388	35/386	-0.741615	-0.191308	0.710604
SRX7902022	TFs and others	POU5F1	Prostate	22Rv1	1834	25/388	35/386	-0.741615	-0.191308	0.710604
SRX8406517	TFs and others	FOXA1	Prostate	Prostatic Neoplasms, Castration-Resistant	21683	25/388	35/386	-0.741615	-0.191308	0.710604
SRX2194275	TFs and others	BRD4	Breast	SUM 159PT	27747	252/388	232/386	-0.741456	-0.191265	1.08061
SRX204411	TFs and others	MYC	Blood	P493-6	4365	59/388	73/386	-0.740833	-0.190757	0.804053
SRX471869	TFs and others	BRD2	Prostate	VCaP	2153	36/388	25/386	-0.740147	-0.190183	1.43258
SRX4473678	TFs and others	SMARCC1	Gonad	SCCOHT-1	8562	155/388	136/386	-0.739294	-0.189958	1.13383
SRX359887	TFs and others	GLI2	Digestive tract	LoVo	4599	104/388	87/386	-0.738729	-0.189958	1.18924
SRX150657	TFs and others	RCOR1	Uterus	HeLa	11556	72/388	87/386	-0.738696	-0.189958	0.82332
SRX5883952	TFs and others	CTCF	Blood	Multiple Myeloma	23887	72/388	87/386	-0.738696	-0.189958	0.82332
SRX023651	TFs and others	C17orf49	Uterus	HeLa	775	7/388	13/386	-0.738435	-0.189958	0.535686
SRX1012601	TFs and others	ESR1	Breast	T-47D	4221	7/388	13/386	-0.738435	-0.189958	0.535686
SRX1012638	TFs and others	EP300	Breast	MCF-7	6197	7/388	13/386	-0.738435	-0.189958	0.535686
SRX2671522	TFs and others	Epitope tags	Kidney	293	792	7/388	13/386	-0.738435	-0.189958	0.535686
SRX360592	TFs and others	RAD21	Digestive tract	GP5d	3959	7/388	13/386	-0.738435	-0.189958	0.535686
SRX5089453	TFs and others	ESR1	Breast	MCF-7	2759	7/388	13/386	-0.738435	-0.189958	0.535686
SRX8520805	TFs and others	NR3C1	Breast	MCF-7	7992	7/388	13/386	-0.738435	-0.189958	0.535686
SRX8850933	TFs and others	Epitope tags	Breast	MCF 10A	1125	7/388	13/386	-0.738435	-0.189958	0.535686
SRX969016	TFs and others	ESR1	Breast	MCF-7	1563	7/388	13/386	-0.738435	-0.189958	0.535686
SRX1660871	TFs and others	TRIM25	Breast	Breast cancer cells	8898	156/388	137/386	-0.73787	-0.189506	1.13282
SRX10119388	TFs and others	YAP1	Breast	MDA-MB-231	16604	32/388	43/386	-0.737204	-0.18907	0.74035
SRX4221461	TFs and others	RAD21	Neural	SK-N-SH	11925	32/388	43/386	-0.737204	-0.18907	0.74035
SRX6813404	TFs and others	ATF4	Uterus	HeLa	11485	88/388	72/386	-0.737	-0.18898	1.21592
SRX6935374	TFs and others	MYCN	Neural	LA-N-5	21918	300/388	282/386	-0.736874	-0.188966	1.05835
SRX3927287	TFs and others	GLTSCR1	Blood	EOL-1	9423	49/388	62/386	-0.736489	-0.1888	0.786249
SRX6066512	TFs and others	NELFE	Digestive tract	HCT 116	6969	157/388	138/386	-0.736481	-0.1888	1.13182
SRX2194277	TFs and others	BRD4	Breast	SUM 159PT	26419	248/388	228/386	-0.735991	-0.188424	1.08211
SRX5323874	TFs and others	ESR1	Breast	MCF-7	14730	40/388	52/386	-0.735358	-0.187905	0.765266
SRX082164	TFs and others	MAX	Blood	GM12878	4282	63/388	49/386	-0.734922	-0.187584	1.27909
SRX8673358	TFs and others	EGR1	Blood	Kasumi-1	22939	246/388	226/386	-0.733471	-0.186248	1.08288
SRX10059518	TFs and others	CEBPD	Others	Fibroblasts	32232	89/388	105/386	-0.733311	-0.186201	0.84325
SRX360055	TFs and others	ZNF143	Digestive tract	LoVo	3031	75/388	60/386	-0.73306	-0.186064	1.24356
SRX4001959	TFs and others	SPI1	Blood	THP-1	45132	110/388	127/386	-0.732677	-0.185795	0.861677
SRX5286329	TFs and others	NANOG	Pluripotent stem cell	hESC WIBR2	24457	106/388	89/386	-0.731528	-0.184758	1.18487
SRX3124416	TFs and others	CTCFL	Neural	KELLY	6704	50/388	63/386	-0.728895	-0.182239	0.78956
SRX022396	TFs and others	VDR	Blood	Lymphoblastoid cell line	3101	20/388	29/386	-0.72774	-0.181899	0.6861
SRX4451198	TFs and others	ESR1	Breast	MCF-7	3006	20/388	29/386	-0.72774	-0.181899	0.6861
SRX6098148	TFs and others	GATA3	Breast	MCF-7	15809	20/388	29/386	-0.72774	-0.181899	0.6861
SRX7785400	TFs and others	ATF4	Blood	Jurkat	6658	20/388	29/386	-0.72774	-0.181899	0.6861
SRX7805893	TFs and others	SMC1A	Epidermis	Dermal fibroblast	6727	20/388	29/386	-0.72774	-0.181899	0.6861
SRX5824574	TFs and others	BRD2	Breast	SUM 149PT	9435	164/388	145/386	-0.727739	-0.181899	1.1252
SRX5316109	TFs and others	O-GlcNAc	Prostate	PC-3	2208	64/388	50/386	-0.727342	-0.181899	1.2734
SRX101136	TFs and others	AR	Prostate	VCaP	14813	15/388	23/386	-0.726969	-0.181899	0.648812
SRX1012610	TFs and others	EP300	Breast	T-47D	8311	15/388	23/386	-0.726969	-0.181899	0.648812
SRX186639	TFs and others	JUND	Blood	GM12878	3284	15/388	23/386	-0.726969	-0.181899	0.648812
SRX3110712	TFs and others	ESR1	Breast	MCF-7	4898	15/388	23/386	-0.726969	-0.181899	0.648812
SRX3541102	TFs and others	ESR1	Breast	MCF-7	6830	15/388	23/386	-0.726969	-0.181899	0.648812
SRX5234467	TFs and others	SMARCC1	Pluripotent stem cell	iPS cells	6467	15/388	23/386	-0.726969	-0.181899	0.648812
SRX5486429	TFs and others	ZIC5	Digestive tract	HCT 116	1838	15/388	23/386	-0.726969	-0.181899	0.648812
SRX8894991	TFs and others	FOXC1	Others	Limbal stem cells	7376	30/388	20/386	-0.726324	-0.181459	1.49227
SRX5974561	TFs and others	GATA1	Blood	K-562	8329	26/388	36/386	-0.726303	-0.181459	0.718499
SRX392819	TFs and others	EP300	Blood	GM12878	13790	41/388	53/386	-0.725895	-0.181319	0.769597
SRX2897211	TFs and others	ESR1	Breast	Breast cancer cells	993	24/388	15/386	-0.725576	-0.181319	1.59175
SRX9730733	TFs and others	CDK9	Blood	THP-1	9811	166/388	147/386	-0.725542	-0.181319	1.12343
SRX4115986	TFs and others	FOXA1	Prostate	LNCAP	27937	33/388	44/386	-0.725257	-0.181319	0.746134
SRX475753	TFs and others	EP300	Blood	GM12878	13797	33/388	44/386	-0.725257	-0.181319	0.746134
SRX5089376	TFs and others	ARID1A	Breast	MCF-7	20148	33/388	44/386	-0.725257	-0.181319	0.746134
SRX5124824	TFs and others	FOXA1	Prostate	LNCAP	22639	33/388	44/386	-0.725257	-0.181319	0.746134
SRX8380668	TFs and others	ESR1	Bone	U2OS	13169	33/388	44/386	-0.725257	-0.181319	0.746134
SRX2871339	TFs and others	ESR1	Breast	T-47D	6963	37/388	26/386	-0.724866	-0.181153	1.41574
SRX471858	TFs and others	BRD4	Prostate	VCaP	2548	37/388	26/386	-0.724866	-0.181153	1.41574
SRX1058478	TFs and others	EP400	Epidermis	MKL-1	3023	54/388	41/386	-0.724391	-0.180791	1.31028
SRX6101126	TFs and others	NANOG	Pluripotent stem cell	hESC H9	21432	45/388	33/386	-0.723792	-0.180303	1.35661
SRX10881819	TFs and others	SMARCA4	Kidney	G-401	14643	168/388	149/386	-0.723474	-0.180099	1.1217
SRX1212232	TFs and others	FOXA1	Prostate	LNCAP	53917	92/388	108/386	-0.723094	-0.179945	0.847461
SRX4154207	TFs and others	Epitope tags	Blood	MOLM-13	23424	92/388	108/386	-0.723094	-0.179945	0.847461
SRX3768262	TFs and others	PLAG1	Blood	K-562	4249	51/388	64/386	-0.721553	-0.178564	0.792767
SRX100442	TFs and others	POU2F2	Blood	GM12891	13378	132/388	114/386	-0.721488	-0.178564	1.15193
SRX6780891	TFs and others	CREB1	Pluripotent stem cell	iPS derived neural cells	2291	65/388	51/386	-0.720013	-0.177882	1.26794
SRX9004383	TFs and others	USF2	Blood	SEM	8585	65/388	51/386	-0.720013	-0.177882	1.26794
SRX2194269	TFs and others	BRD4	Breast	SUM 159PT	25582	232/388	212/386	-0.719485	-0.177882	1.0887
SRX026640	TFs and others	FLI1	Blood	SKNO-1	25084	272/388	253/386	-0.719075	-0.177882	1.06956
SRX10131665	TFs and others	NELFCD	Lung	Bronchial tracheal epithelial cells	10829	272/388	253/386	-0.719075	-0.177882	1.06956
SRX080341	TFs and others	CTCF	Epidermis	AG04449	33918	116/388	133/386	-0.719075	-0.177882	0.867685
ERX200502	TFs and others	CTCF	Blood	B cells	4343	11/388	18/386	-0.718785	-0.177882	0.607961
SRX176882	TFs and others	EP300	Breast	MCF-7	7978	11/388	18/386	-0.718785	-0.177882	0.607961
SRX1885195	TFs and others	PIAS1	Prostate	LNCAP	13937	11/388	18/386	-0.718785	-0.177882	0.607961
SRX2020839	TFs and others	STAT3	Breast	MDA-MB-157	7202	11/388	18/386	-0.718785	-0.177882	0.607961
SRX3629599	TFs and others	ESR1	Breast	MCF-7	5420	11/388	18/386	-0.718785	-0.177882	0.607961
SRX4155879	TFs and others	SMC1A	Bone	TC-71	3858	11/388	18/386	-0.718785	-0.177882	0.607961
SRX5068573	TFs and others	KMT2C	Gonad	BIN-67	1638	11/388	18/386	-0.718785	-0.177882	0.607961
SRX5195709	TFs and others	ARID1A	Uterus	Endometrial epithelial cells	8435	11/388	18/386	-0.718785	-0.177882	0.607961
SRX5577139	TFs and others	Epitope tags	Prostate	LNCAP	13315	11/388	18/386	-0.718785	-0.177882	0.607961
SRX5974562	TFs and others	GATA1	Blood	K-562	4772	11/388	18/386	-0.718785	-0.177882	0.607961
SRX7262858	TFs and others	AR	Breast	Breast cancer cells	8348	11/388	18/386	-0.718785	-0.177882	0.607961
SRX7677761	TFs and others	DCP2	Digestive tract	DLD-1	2031	11/388	18/386	-0.718785	-0.177882	0.607961
SRX1637467	TFs and others	CDK9	Blood	MOLT-4	22025	174/388	155/386	-0.718013	-0.177303	1.11679
SRX2481499	TFs and others	GATA1	Blood	Erythroid Precursor Cells	37002	158/388	176/386	-0.71798	-0.177303	0.8931
SRX3591434	TFs and others	BRD4	Blood	B-CLL cells	12363	229/388	209/386	-0.717271	-0.176794	1.09005
SRX059704	TFs and others	AR	Prostate	VCaP	35913	42/388	54/386	-0.7168	-0.176794	0.773769
SRX3040152	TFs and others	STAG2	Breast	HMEC	14400	42/388	54/386	-0.7168	-0.176794	0.773769
SRX330070	TFs and others	ESR1	Breast	MCF-7	19588	42/388	54/386	-0.7168	-0.176794	0.773769
SRX4792911	TFs and others	RAD21	Breast	T-47D	4086	42/388	54/386	-0.7168	-0.176794	0.773769
SRX8536115	TFs and others	GATA1	Blood	HUDEP-2	9480	42/388	54/386	-0.7168	-0.176794	0.773769
SRX1539275	TFs and others	MYC	Blood	P493-6	10570	176/388	157/386	-0.716434	-0.176539	1.11524
SRX4931240	TFs and others	KMT2A	Kidney	293	3085	78/388	63/386	-0.715661	-0.175879	1.23171
SRX2795364	TFs and others	BRD4	Blood	Mutu	4177	55/388	42/386	-0.715314	-0.175643	1.30277
SRX895436	TFs and others	SUMO2	Prostate	VCaP	13472	111/388	94/386	-0.714889	-0.175329	1.17476
SRX265234	TFs and others	HDAC1	Blood	ME-1	7388	93/388	77/386	-0.714362	-0.174982	1.20157
SRX3285614	TFs and others	KDM5B	Breast	C70R	8944	179/388	160/386	-0.714283	-0.174982	1.11298
SRX054576	TFs and others	Epitope tags	Breast	MCF-7	15068	224/388	204/386	-0.714156	-0.174982	1.09238
SRX2378695	TFs and others	AHR	Breast	MCF-7	14245	34/388	45/386	-0.713871	-0.174982	0.751661
SRX7580946	TFs and others	AR	Prostate	LNCAP	33981	34/388	45/386	-0.713871	-0.174982	0.751661
SRX9898534	TFs and others	SMARCA4	Blood	K-562	6357	34/388	45/386	-0.713871	-0.174982	0.751661
SRX10760645	TFs and others	BRD2	Blood	MM.1S	16817	293/388	275/386	-0.713542	-0.174763	1.05996
SRX026268	TFs and others	HNF4A	Digestive tract	Caco-2	12544	66/388	52/386	-0.712923	-0.174294	1.26269
SRX3091916	TFs and others	ZFX	Kidney	293	12425	221/388	201/386	-0.712626	-0.174294	1.09383
SRX7805360	TFs and others	ZFX	Kidney	293	12425	221/388	201/386	-0.712626	-0.174294	1.09383
SRX8616834	TFs and others	FOSL2	Lung	A549	29257	167/388	185/386	-0.712626	-0.174294	0.89805
SRX3852900	TFs and others	NELFE	Blood	K-562	9444	220/388	200/386	-0.712171	-0.173969	1.09433
SRX9550927	TFs and others	FOXA1	Prostate	Prostate cancer	9404	27/388	37/386	-0.71187	-0.173969	0.725968
SRX5401866	TFs and others	PGR	Breast	T-47D	33551	78/388	93/386	-0.711818	-0.173969	0.834386
SRX190296	TFs and others	FOSL2	Neural	SK-N-SH	33847	64/388	78/386	-0.711764	-0.173969	0.816283
SRX8080571	TFs and others	POU2F1	Breast	Mammary gland ductal carcinoma	10476	219/388	199/386	-0.711743	-0.173969	1.09483
SRX5821024	TFs and others	CTCF	Blood	CD34+	27803	170/388	188/386	-0.711343	-0.17368	0.899594
SRX8670128	TFs and others	ASCL1	Neural	SH-SY5Y	76812	251/388	267/386	-0.710992	-0.173438	0.935229
SRX10881807	TFs and others	PBRM1	Others	BT-16	7701	185/388	166/386	-0.710749	-0.173308	1.10871
SRX10881849	TFs and others	SS18	Others	BT-16	26048	292/388	274/386	-0.710497	-0.173241	1.0602
SRX4240291	TFs and others	ESR1	Gonad	SK-OV-3	1236	38/388	27/386	-0.710461	-0.173241	1.40015
SRX2897197	TFs and others	ESR1	Breast	Breast cancer cells	19527	215/388	195/386	-0.710306	-0.173198	1.09688
SRX3189055	TFs and others	APC	Digestive tract	HCT 116	5059	79/388	64/386	-0.710183	-0.173186	1.22801
SRX190318	TFs and others	SIN3A	Breast	MCF-7	25999	213/388	193/386	-0.709748	-0.173141	1.09794
SRX8053100	TFs and others	KDM5A	Blood	MM.1S	9929	212/388	192/386	-0.70951	-0.173141	1.09848
SRX014811	TFs and others	GATA2	Blood	K-562	6038	21/388	30/386	-0.709227	-0.173141	0.696392
SRX5089461	TFs and others	ESR1	Breast	MCF-7	7711	21/388	30/386	-0.709227	-0.173141	0.696392
SRX5157161	TFs and others	CEBPA	Blood	THP-1	11842	21/388	30/386	-0.709227	-0.173141	0.696392
SRX6614768	TFs and others	SMC3	Lung	IMR-90	7424	21/388	30/386	-0.709227	-0.173141	0.696392
SRX7582521	TFs and others	BRD4	Muscle	RH-4	2133	21/388	30/386	-0.709227	-0.173141	0.696392
SRX8376363	TFs and others	FOXA2	Pluripotent stem cell	hESC derived pancreatic cells	9626	21/388	30/386	-0.709227	-0.173141	0.696392
SRX8707936	TFs and others	CTCF	Epidermis	Keratinocytes	46962	178/388	196/386	-0.709113	-0.173141	0.903482
SRX6780892	TFs and others	CREB1	Pluripotent stem cell	iPS derived neural cells	5664	138/388	120/386	-0.709029	-0.173141	1.14407
SRX5323890	TFs and others	STAT3	Breast	T-47D	26345	207/388	187/386	-0.708717	-0.173007	1.10125
SRX4708039	TFs and others	AGO2	Liver	Hep G2	14857	205/388	185/386	-0.708585	-0.173007	1.1024
SRX5770333	TFs and others	Epitope tags	Digestive tract	HCT 116	10537	198/388	215/386	-0.708562	-0.173007	0.916183
SRX116454	TFs and others	CHD1	Pluripotent stem cell	hESC H1	2981	43/388	55/386	-0.708054	-0.17272	0.777788
SRX4172740	TFs and others	GATA1	Digestive tract	HCT 116	8243	43/388	55/386	-0.708054	-0.17272	0.777788
SRX6913065	TFs and others	BRD4	Blood	THP-1	1717	31/388	21/386	-0.707849	-0.172624	1.46858
SRX4377543	TFs and others	BRD2	Breast	SUM 159PT	19056	309/388	292/386	-0.707713	-0.1726	1.05276
SRX107284	TFs and others	DUX4	Muscle	Myoblasts	65686	53/388	66/386	-0.707577	-0.172575	0.798891
SRX100579	TFs and others	POU2F2	Blood	GM12878	23037	196/388	177/386	-0.706826	-0.171933	1.10164
SRX1091547	TFs and others	NR2F1	Pluripotent stem cell	hESC derived neural crests	13289	67/388	53/386	-0.706061	-0.171279	1.25763
SRX6483139	TFs and others	ARID2	Neural	NGP	4311	80/388	65/386	-0.704854	-0.170182	1.22443
SRX065541	TFs and others	Epitope tags	Kidney	293	5215	16/388	24/386	-0.703044	-0.169108	0.66323
SRX2570615	TFs and others	SMC1A	Blood	HAP1	4998	16/388	24/386	-0.703044	-0.169108	0.66323
SRX4115995	TFs and others	FOXA1	Breast	MCF-7	8797	16/388	24/386	-0.703044	-0.169108	0.66323
SRX4174973	TFs and others	PPARG	Adipocyte	Adipocytes	10333	16/388	24/386	-0.703044	-0.169108	0.66323
SRX968971	TFs and others	RELA	Breast	MCF-7	7800	16/388	24/386	-0.703044	-0.169108	0.66323
SRX1787652	TFs and others	FOXA1	Breast	MCF-7	20614	35/388	46/386	-0.703005	-0.169108	0.756948
SRX2513521	TFs and others	ESR1	Breast	MCF-7	18050	35/388	46/386	-0.703005	-0.169108	0.756948
SRX5323832	TFs and others	STAT3	Breast	T-47D	11620	115/388	98/386	-0.702848	-0.16906	1.16742
SRX995501	TFs and others	STAG1	Blood	Erythroid Cells	23652	125/388	142/386	-0.701786	-0.168352	0.875744
SRX371482	TFs and others	FOXA1	Breast	MCF-7	41670	99/388	115/386	-0.701755	-0.168352	0.856432
SRX5577151	TFs and others	AR	Prostate	LNCAP	34325	99/388	115/386	-0.701755	-0.168352	0.856432
SRX6476492	TFs and others	SMAD2	Cardiovascular	HUVEC	1950	25/388	16/386	-0.7017	-0.168352	1.55445
SRX1272794	TFs and others	BRD4	Digestive tract	HCT-15	2637	47/388	35/386	-0.701582	-0.168344	1.33594
SRX5883947	TFs and others	CTCF	Blood	KMS-11	23956	66/388	80/386	-0.701235	-0.168107	0.820747
SRX7030926	TFs and others	KDM4C	Breast	MCF-7	2905	54/388	67/386	-0.70092	-0.168013	0.801816
SRX9932050	TFs and others	STAT5A	Breast	MCF-7	2544	54/388	67/386	-0.70092	-0.168013	0.801816
SRX5089498	TFs and others	HDAC1	Breast	MCF-7	5499	116/388	99/386	-0.7	-0.167204	1.16568
SRX190205	TFs and others	REST	Lung	A549	11946	143/388	125/386	-0.699848	-0.167203	1.1381
SRX3229189	TFs and others	PGR	Breast	Breast cancer	14685	81/388	66/386	-0.69967	-0.167203	1.22095
SRX8171732	TFs and others	MYBBP1A	Pancreas	PANC-1	2941	81/388	66/386	-0.69967	-0.167203	1.22095
SRX186685	TFs and others	EZH2	Epidermis	NHEK	4408	28/388	38/386	-0.69824	-0.165995	0.733044
SRX3546797	TFs and others	Epitope tags	Breast	MDA-MB-231	6997	28/388	38/386	-0.69824	-0.165995	0.733044
SRX2867629	TFs and others	BRD4	Blood	Lymphoblastoid cell line	13512	144/388	126/386	-0.698133	-0.165995	1.13697
SRX6748229	TFs and others	TET2	Prostate	Prostate cancer	1942	39/388	28/386	-0.696858	-0.16483	1.38568
SRX100568	TFs and others	MAX	Blood	K-562	53757	321/388	305/386	-0.696182	-0.164264	1.04703
SRX4708037	TFs and others	RBM39	Liver	Hep G2	7531	118/388	101/386	-0.694488	-0.163733	1.16229
SRX1510969	TFs and others	ZNF143	Breast	MCF-7	21913	258/388	239/386	-0.693612	-0.163733	1.07393
SRX027917	TFs and others	NR3C1	Uterus	HeLa	4160	8/388	14/386	-0.693352	-0.163733	0.568483
SRX1469952	TFs and others	ESR1	Breast	T-47D	3931	8/388	14/386	-0.693352	-0.163733	0.568483
SRX2023750	TFs and others	TBX5	Pluripotent stem cell	iPS derived cardiac cells	3825	8/388	14/386	-0.693352	-0.163733	0.568483
SRX2023773	TFs and others	TBX5	Pluripotent stem cell	iPS derived cardiac cells	3822	8/388	14/386	-0.693352	-0.163733	0.568483
SRX2683598	TFs and others	Epitope tags	Kidney	293	787	8/388	14/386	-0.693352	-0.163733	0.568483
SRX2778389	TFs and others	YY1	Blood	Lymphoblastoid cell line	769	8/388	14/386	-0.693352	-0.163733	0.568483
SRX2778399	TFs and others	YY1	Blood	Lymphoblastoid cell line	788	8/388	14/386	-0.693352	-0.163733	0.568483
SRX3285555	TFs and others	ESR1	Breast	C70R	3526	8/388	14/386	-0.693352	-0.163733	0.568483
SRX3873715	TFs and others	ELL2	Lung	NCI-H2171	832	8/388	14/386	-0.693352	-0.163733	0.568483
SRX4650916	TFs and others	SUZ12	Kidney	293	1057	8/388	14/386	-0.693352	-0.163733	0.568483
SRX4663586	TFs and others	ESR1	Breast	MCF-7	6184	8/388	14/386	-0.693352	-0.163733	0.568483
SRX5493769	TFs and others	ESR1	Breast	Breast cancer cells	3665	8/388	14/386	-0.693352	-0.163733	0.568483
SRX6430598	TFs and others	EZH2	Blood	SU-DHL-6	880	8/388	14/386	-0.693352	-0.163733	0.568483
SRX7054620	TFs and others	RELA	Cardiovascular	HAEC	1896	8/388	14/386	-0.693352	-0.163733	0.568483
SRX718422	TFs and others	SMARCA4	Epidermis	501A	3122	8/388	14/386	-0.693352	-0.163733	0.568483
SRX8984320	TFs and others	STAG1	Bone	A-673	6366	8/388	14/386	-0.693352	-0.163733	0.568483
SRX9055413	TFs and others	GATA1	Blood	HUDEP-2	3635	8/388	14/386	-0.693352	-0.163733	0.568483
SRX9555215	TFs and others	RNF2	Kidney	293	1055	8/388	14/386	-0.693352	-0.163733	0.568483
SRX9697301	TFs and others	NR3C1	Lung	A549	4652	8/388	14/386	-0.693352	-0.163733	0.568483
SRX059700	TFs and others	TFAP4	Prostate	LNCAP	1491	15/388	8/386	-0.692059	-0.163243	1.86534
SRX3797280	TFs and others	ZNF768	Bone	U2OS	3676	15/388	8/386	-0.692059	-0.163243	1.86534
SRX719732	TFs and others	SMARCA4	Epidermis	501A	926	15/388	8/386	-0.692059	-0.163243	1.86534
SRX1521303	TFs and others	EP300	Breast	ZR-75-30	15510	22/388	31/386	-0.691988	-0.163243	0.706019
SRX1616412	TFs and others	GTF3C5	Neural	IMR-5	2663	22/388	31/386	-0.691988	-0.163243	0.706019
SRX2880134	TFs and others	KDM6A	Breast	CAL-51	1332	22/388	31/386	-0.691988	-0.163243	0.706019
SRX4473679	TFs and others	DPF2	Gonad	SCCOHT-1	2922	22/388	31/386	-0.691988	-0.163243	0.706019
SRX5089552	TFs and others	BRD4	Breast	MCF-7	1960	22/388	31/386	-0.691988	-0.163243	0.706019
SRX7807112	TFs and others	RUNX2	Unclassified	Unclassified	15418	119/388	102/386	-0.691821	-0.163219	1.16065
SRX4484988	TFs and others	ERG	Blood	SEM	50919	343/388	329/386	-0.691529	-0.163219	1.03718
SRX1447316	TFs and others	FOXA1	Breast	MCF-7	20463	45/388	57/386	-0.691529	-0.163219	0.785404
SRX7677759	TFs and others	XRN2	Digestive tract	DLD-1	3023	45/388	57/386	-0.691529	-0.163219	0.785404
SRX3856998	TFs and others	JUN	Breast	MDA-MB-231	27108	320/388	304/386	-0.691263	-0.16317	1.04721
SRX371469	TFs and others	ESR1	Breast	MCF-7	33512	68/388	82/386	-0.691263	-0.16317	0.824994
SRX9556506	TFs and others	GATA3	Breast	MDA-MB-231	19539	99/388	83/386	-0.69061	-0.162627	1.18662
SRX2510813	TFs and others	NELFA	Uterus	HeLa	4984	120/388	103/386	-0.689211	-0.162494	1.15904
SRX1036365	TFs and others	RUNX1	Blood	Peripheral blood stem cells	17551	255/388	236/386	-0.689155	-0.162494	1.07494
SRX1012739	TFs and others	ESR1	Breast	MCF-7	1968	5/388	10/386	-0.68874	-0.162494	0.497423
SRX1161166	TFs and others	NR3C1	Breast	MCF-7	7380	5/388	10/386	-0.68874	-0.162494	0.497423
SRX1272798	TFs and others	BRD4	Digestive tract	SW 480	839	5/388	10/386	-0.68874	-0.162494	0.497423
SRX1787682	TFs and others	KMT2C	Breast	MCF-7	4199	5/388	10/386	-0.68874	-0.162494	0.497423
SRX2961558	TFs and others	STAT1	Blood	SET-2	699	5/388	10/386	-0.68874	-0.162494	0.497423
SRX357297	TFs and others	AR	Prostate	LNCAP	6769	5/388	10/386	-0.68874	-0.162494	0.497423
SRX4213901	TFs and others	MYBL2	Breast	MCF 10A	847	5/388	10/386	-0.68874	-0.162494	0.497423
SRX471871	TFs and others	BRD3	Prostate	VCaP	2042	5/388	10/386	-0.68874	-0.162494	0.497423
SRX4976907	TFs and others	TP63	Pluripotent stem cell	hESC H9	1950	5/388	10/386	-0.68874	-0.162494	0.497423
SRX5089440	TFs and others	SMARCB1	Breast	MCF-7	3676	5/388	10/386	-0.68874	-0.162494	0.497423
SRX5729949	TFs and others	AR	Prostate	LNCAP	8339	5/388	10/386	-0.68874	-0.162494	0.497423
SRX5888974	TFs and others	SMARCB1	Epidermis	BJ	932	5/388	10/386	-0.68874	-0.162494	0.497423
SRX6596844	TFs and others	EGR1	Others	Fibroblasts	703	5/388	10/386	-0.68874	-0.162494	0.497423
SRX9719177	TFs and others	TET2	Breast	MCF-7	2840	5/388	10/386	-0.68874	-0.162494	0.497423
SRX147007	TFs and others	EP300	Lung	IMR-90	19389	56/388	69/386	-0.688221	-0.162302	0.807411
SRX10045340	TFs and others	BAP1	Breast	CAL-51	810	12/388	19/386	-0.688007	-0.162302	0.628323
SRX1477650	TFs and others	Epitope tags	Lung	MRC-5	7545	12/388	19/386	-0.688007	-0.162302	0.628323
SRX730451	TFs and others	ESR1	Breast	MCF-7	4338	12/388	19/386	-0.688007	-0.162302	0.628323
SRX9550925	TFs and others	FOXA1	Prostate	Prostate cancer	6855	12/388	19/386	-0.688007	-0.162302	0.628323
SRX10003070	TFs and others	MSX2	Placenta	Trophoblast stem cells	5944	11/388	5/386	-0.687466	-0.162085	2.18866
SRX3422339	TFs and others	INSR	Neural	SH-SY5Y	1099	11/388	5/386	-0.687466	-0.162085	2.18866
SRX9674306	TFs and others	NR3C1	Pluripotent stem cell	iPSC derived hepatocytes	5053	11/388	5/386	-0.687466	-0.162085	2.18866
SRX369128	TFs and others	NOTCH1	Blood	CUTLL1	3299	70/388	56/386	-0.68674	-0.161979	1.24356
SRX150727	TFs and others	NRF1	Liver	Hep G2	1196	20/388	12/386	-0.686711	-0.161979	1.65808
SRX306509	TFs and others	FOXA1	Prostate	DU 145	2933	20/388	12/386	-0.686711	-0.161979	1.65808
SRX382354	TFs and others	RNF2	Epidermis	Melanocytes	959	20/388	12/386	-0.686711	-0.161979	1.65808
SRX8151647	TFs and others	ARNTL	Adipocyte	Preadipocytes	1527	20/388	12/386	-0.686711	-0.161979	1.65808
SRX8807170	TFs and others	MED1	Blood	Mono-Mac-6	1472	20/388	12/386	-0.686711	-0.161979	1.65808
SRX022573	TFs and others	ERG	Prostate	VCaP	10788	152/388	134/386	-0.685778	-0.16126	1.12848
SRX1012631	TFs and others	ESR1	Breast	MCF-7	15063	29/388	39/386	-0.685345	-0.16126	0.739757
SRX1514984	TFs and others	GFP	Kidney	293	2090	29/388	39/386	-0.685345	-0.16126	0.739757
SRX4154208	TFs and others	Epitope tags	Blood	MOLM-13	6795	29/388	39/386	-0.685345	-0.16126	0.739757
SRX475754	TFs and others	EP300	Blood	GM12878	11634	29/388	39/386	-0.685345	-0.16126	0.739757
SRX8406505	TFs and others	FOXA1	Prostate	Prostate	13009	29/388	39/386	-0.685345	-0.16126	0.739757
SRX1967780	TFs and others	SMC1A	Epidermis	Keratinocytes	11797	85/388	100/386	-0.685037	-0.161169	0.845619
SRX8536107	TFs and others	GATA1	Blood	HUDEP-2	18839	85/388	100/386	-0.685037	-0.161169	0.845619
SRX150415	TFs and others	MAZ	Liver	Hep G2	6772	122/388	105/386	-0.684158	-0.160504	1.15592
SRX265224	TFs and others	TBP	Blood	ME-1	5262	122/388	105/386	-0.684158	-0.160504	1.15592
SRX093190	TFs and others	CEBPB	Blood	Macrophages	11817	40/388	29/386	-0.683989	-0.160492	1.3722
SRX3366996	TFs and others	AR	Prostate	LNCAP	28947	46/388	58/386	-0.683715	-0.160492	0.789015
SRX5719576	TFs and others	CTCF	Blood	Jurkat	10679	46/388	58/386	-0.683715	-0.160492	0.789015
SRX702116	TFs and others	SRF	Pluripotent stem cell	hESC HUES64	9630	46/388	58/386	-0.683715	-0.160492	0.789015
SRX9513905	TFs and others	FOXA1	Prostate	LNCAP	17638	37/388	48/386	-0.682695	-0.159687	0.76686
SRX9513907	TFs and others	FOXA1	Prostate	LNCAP	17088	37/388	48/386	-0.682695	-0.159687	0.76686
SRX265413	TFs and others	KDM5B	Breast	MCF-7	25024	250/388	231/386	-0.682425	-0.159525	1.07667
SRX8873456	TFs and others	BANP	Digestive tract	HCT 116	4804	70/388	84/386	-0.681808	-0.159152	0.829038
SRX9674623	TFs and others	FOXO1	Muscle	Myoblasts	17392	70/388	84/386	-0.681808	-0.159152	0.829038
SRX347428	TFs and others	STAT3	Blood	SU-DHL-6	13510	155/388	137/386	-0.68173	-0.159152	1.12555
SRX3599293	TFs and others	ETS1	Cardiovascular	HUVEC	1898	49/388	37/386	-0.681312	-0.159145	1.3175
SRX1133785	TFs and others	KDM1A	Blood	Kasumi-1	3980	17/388	25/386	-0.681185	-0.159145	0.676495
SRX361885	TFs and others	MYC	Digestive tract	LoVo	1043	17/388	25/386	-0.681185	-0.159145	0.676495
SRX9468653	TFs and others	AR	Prostate	LNCAP	17902	17/388	25/386	-0.681185	-0.159145	0.676495
SRX9550896	TFs and others	FOXA1	Prostate	Prostate cancer	9151	17/388	25/386	-0.681185	-0.159145	0.676495
SRX150631	TFs and others	BRCA1	Uterus	HeLa	6429	85/388	70/386	-0.680274	-0.15834	1.20803
SRX11094567	TFs and others	FLI1	Bone	SK-ES-1	15388	26/388	17/386	-0.679885	-0.158273	1.52153
SRX2671521	TFs and others	Epitope tags	Kidney	293	2356	26/388	17/386	-0.679885	-0.158273	1.52153
SRX9206315	TFs and others	CTCF	Lung	Calu-3	5186	26/388	17/386	-0.679885	-0.158273	1.52153
SRX218419	TFs and others	KLF1	Blood	Erythroid Cells	54700	317/388	301/386	-0.677263	-0.155974	1.04773
SRX433191	TFs and others	AR	Kidney	293	34767	71/388	85/386	-0.677263	-0.155974	0.830988
SRX9317680	TFs and others	HDAC1	Blood	Fujioka	3380	71/388	85/386	-0.677263	-0.155974	0.830988
SRX150478	TFs and others	FOS	Breast	MCF 10A	74098	125/388	108/386	-0.676979	-0.155908	1.15144
SRX099866	TFs and others	MYC	Breast	MCF-7	12544	159/388	141/386	-0.676795	-0.155908	1.12185
SRX497612	TFs and others	FOXA1	Prostate	VCaP	71521	109/388	125/386	-0.676432	-0.155908	0.867505
SRX3110723	TFs and others	ESR1	Breast	MCF-7	18663	47/388	59/386	-0.676178	-0.155908	0.792504
SRX4174623	TFs and others	CTCF	Neural	Neurons	10741	47/388	59/386	-0.676178	-0.155908	0.792504
SRX5124854	TFs and others	FOXA1	Prostate	22Rv1	19448	47/388	59/386	-0.676178	-0.155908	0.792504
SRX100394	TFs and others	REST	Blood	GM12878	4548	23/388	32/386	-0.675892	-0.155908	0.715045
SRX100523	TFs and others	REST	Uterus	HeLa	7806	23/388	32/386	-0.675892	-0.155908	0.715045
SRX1012653	TFs and others	PGR	Breast	MCF-7	10860	23/388	32/386	-0.675892	-0.155908	0.715045
SRX190178	TFs and others	PML	Blood	K-562	12938	160/388	142/386	-0.675642	-0.155908	1.12095
SRX5234509	TFs and others	SMARCC1	Kidney	TTC1240	18233	72/388	58/386	-0.674821	-0.155908	1.23498
SRX8171744	TFs and others	MYBBP1A	Epidermis	BJ	2291	72/388	58/386	-0.674821	-0.155908	1.23498
SRX100456	TFs and others	ZEB1	Blood	GM12878	3206	60/388	47/386	-0.674768	-0.155908	1.27002
SRX100584	TFs and others	ESR1	Breast	T-47D	11319	33/388	23/386	-0.674581	-0.155908	1.42739
SRX8850934	TFs and others	Epitope tags	Breast	MCF 10A	2621	33/388	23/386	-0.674581	-0.155908	1.42739
SRX8066530	TFs and others	CTCF	Blood	GM06077	38874	145/388	162/386	-0.674375	-0.155908	0.890448
SRX3923515	TFs and others	FOXA1	Breast	MCF-7	19796	38/388	49/386	-0.67319	-0.155908	0.771513
SRX1515075	TFs and others	GFP	Kidney	293	1605	30/388	40/386	-0.673126	-0.155908	0.746134
SRX5136353	TFs and others	RTA	Blood	BCBL1	2148	30/388	40/386	-0.673126	-0.155908	0.746134
SRX2207918	TFs and others	ATF3	Epidermis	CS1AN	30101	316/388	300/386	-0.672835	-0.155908	1.0479
SRX8536106	TFs and others	GATA1	Blood	HUDEP-2	14513	72/388	86/386	-0.672835	-0.155908	0.832894
SRX9468664	TFs and others	AR	Prostate	LNCAP	90438	147/388	164/386	-0.672352	-0.155908	0.891721
SRX017277	TFs and others	NANOG	Pluripotent stem cell	hESC H1	14150	50/388	38/386	-0.671825	-0.155908	1.30901
SRX9317675	TFs and others	FOXC1	Blood	Fujioka	10724	41/388	30/386	-0.671793	-0.155908	1.35962
SRX3789539	TFs and others	RUNX1	Blood	Acute myeloid leukemia	3079	87/388	72/386	-0.671314	-0.155908	1.2021
SRX9004381	TFs and others	USF2	Blood	SEM	11319	87/388	72/386	-0.671314	-0.155908	1.2021
SRX2166888	TFs and others	BRD4	Neural	Retina	7623	165/388	147/386	-0.670332	-0.155908	1.11666
SRX160844	TFs and others	GATA1	Blood	CD34+	80727	276/388	258/386	-0.66985	-0.155908	1.06425
SRX3230392	TFs and others	MTA1	Liver	Hep G2	9780	48/388	60/386	-0.668905	-0.155908	0.795876
SRX366170	TFs and others	NKX2-1	Lung	NCI-H441	24176	48/388	60/386	-0.668905	-0.155908	0.795876
SRX100475	TFs and others	EGR1	Pluripotent stem cell	hESC H1	5548	73/388	87/386	-0.668518	-0.155908	0.834755
SRX747572	TFs and others	RUNX1T1	Blood	Kasumi-1	15203	73/388	87/386	-0.668518	-0.155908	0.834755
SRX6913066	TFs and others	BRD4	Blood	THP-1	7915	129/388	112/386	-0.668106	-0.155908	1.14585
SRX656349	TFs and others	PBX1	Blood	ICN12	31875	113/388	129/386	-0.66775	-0.155908	0.871454
SRX1721564	TFs and others	KDM5A	Breast	T-47D	2716	61/388	48/386	-0.667508	-0.155908	1.26428
SRX5323894	TFs and others	STAT3	Breast	T-47D	33219	235/388	216/386	-0.666983	-0.155908	1.08235
SRX150679	TFs and others	E2F4	Blood	K-562	5137	106/388	90/386	-0.666811	-0.155908	1.17171
SRX6665793	TFs and others	Epitope tags	Kidney	HK-2	5470	106/388	90/386	-0.666811	-0.155908	1.17171
ERX2868713	TFs and others	CTCF	Unclassified	Unclassified	42020	154/388	171/386	-0.666188	-0.155908	0.895943
SRX813770	TFs and others	MED1	Adipocyte	SGBS	9920	130/388	113/386	-0.666005	-0.155908	1.14451
SRX9534427	TFs and others	POU2AF1	Blood	Tonsil germinal center cells	15303	130/388	113/386	-0.666005	-0.155908	1.14451
SRX3230397	TFs and others	PROX1	Liver	Hep G2	22277	60/388	73/386	-0.665037	-0.155908	0.817681
ERX626840	TFs and others	TAL1	Blood	CHRF-288-11	1417	1/388	4/386	-0.664887	-0.155908	0.248711
SRX018654	TFs and others	pFM2	Muscle	Rh-4	1632	1/388	4/386	-0.664887	-0.155908	0.248711
SRX023662	TFs and others	GFP	Uterus	HeLa	381	1/388	4/386	-0.664887	-0.155908	0.248711
SRX037947	TFs and others	SMARCA4	Blood	CD36+	500	1/388	4/386	-0.664887	-0.155908	0.248711
SRX094468	TFs and others	TCF7L2	Liver	Hep G2	1774	1/388	4/386	-0.664887	-0.155908	0.248711
SRX096348	TFs and others	CTNNB1	Digestive tract	LS-180	690	1/388	4/386	-0.664887	-0.155908	0.248711
SRX10120401	TFs and others	TRIB3	Liver	Hep G2	1819	1/388	4/386	-0.664887	-0.155908	0.248711
SRX1012689	TFs and others	ESR1	Breast	MCF-7	1826	1/388	4/386	-0.664887	-0.155908	0.248711
SRX10365539	TFs and others	RAC1	Breast	MCF-7	3717	1/388	4/386	-0.664887	-0.155908	0.248711
SRX1078861	TFs and others	LEO1	Digestive tract	HCT 116	416	1/388	4/386	-0.664887	-0.155908	0.248711
SRX10820557	TFs and others	BRD4	Blood	REH	256	1/388	4/386	-0.664887	-0.155908	0.248711
SRX1295734	TFs and others	CHAT	Neural	SH-SY5Y	2772	1/388	4/386	-0.664887	-0.155908	0.248711
SRX1457803	TFs and others	GFP	Uterus	HeLa	444	1/388	4/386	-0.664887	-0.155908	0.248711
SRX150636	TFs and others	STAT3	Blood	GM12878	1014	1/388	4/386	-0.664887	-0.155908	0.248711
SRX1514995	TFs and others	GFP	Kidney	293	689	1/388	4/386	-0.664887	-0.155908	0.248711
SRX1569429	TFs and others	BRD4	Digestive tract	HCT 116	608	1/388	4/386	-0.664887	-0.155908	0.248711
SRX1629240	TFs and others	AR	Prostate	VCaP	1969	1/388	4/386	-0.664887	-0.155908	0.248711
SRX1660876	TFs and others	TRIM25	Breast	Breast cancer cells	737	1/388	4/386	-0.664887	-0.155908	0.248711
SRX176869	TFs and others	GATA3	Breast	MCF-7	1222	1/388	4/386	-0.664887	-0.155908	0.248711
SRX194578	TFs and others	KLF4	Breast	MCF-7	581	1/388	4/386	-0.664887	-0.155908	0.248711
SRX206838	TFs and others	EED	Prostate	DU 145	1415	1/388	4/386	-0.664887	-0.155908	0.248711
SRX244128	TFs and others	TAL1	Cardiovascular	Primary endothelial cells	644	1/388	4/386	-0.664887	-0.155908	0.248711
SRX2755183	TFs and others	EBNA1	Blood	GM12878	666	1/388	4/386	-0.664887	-0.155908	0.248711
SRX3025913	TFs and others	TP53	Breast	MCF-7	1287	1/388	4/386	-0.664887	-0.155908	0.248711
SRX3124418	TFs and others	BRD4	Neural	KELLY	1343	1/388	4/386	-0.664887	-0.155908	0.248711
SRX3285591	TFs and others	KDM5B	Breast	FULR	448	1/388	4/386	-0.664887	-0.155908	0.248711
SRX334253	TFs and others	AR	Unclassified	Unclassified	3049	1/388	4/386	-0.664887	-0.155908	0.248711
SRX3541107	TFs and others	ESR1	Breast	MCF-7	1473	1/388	4/386	-0.664887	-0.155908	0.248711
SRX3581479	TFs and others	Epitope tags	Pluripotent stem cell	iPS derived neural cells	2283	1/388	4/386	-0.664887	-0.155908	0.248711
SRX3584197	TFs and others	RUNX1	Gonad	Epididymis	1733	1/388	4/386	-0.664887	-0.155908	0.248711
SRX3586330	TFs and others	NR3C1	Blood	Macrophages	2427	1/388	4/386	-0.664887	-0.155908	0.248711
SRX371431	TFs and others	ESR1	Others	Tumour tissues	344	1/388	4/386	-0.664887	-0.155908	0.248711
SRX371435	TFs and others	ESR1	Others	Tumour tissues	532	1/388	4/386	-0.664887	-0.155908	0.248711
SRX373257	TFs and others	FOXM1	Uterus	HeLa	363	1/388	4/386	-0.664887	-0.155908	0.248711
SRX3734301	TFs and others	TP53	Epidermis	Foreskin	1114	1/388	4/386	-0.664887	-0.155908	0.248711
SRX3837517	TFs and others	SRF	Blood	HEL	1057	1/388	4/386	-0.664887	-0.155908	0.248711
SRX392798	TFs and others	REST	Blood	Jurkat	952	1/388	4/386	-0.664887	-0.155908	0.248711
SRX4170732	TFs and others	WDR5	Blood	MV-4-11	921	1/388	4/386	-0.664887	-0.155908	0.248711
SRX4451200	TFs and others	ESR1	Breast	MCF-7	1444	1/388	4/386	-0.664887	-0.155908	0.248711
SRX4783052	TFs and others	AR	Prostate	Prostate cancer cells	2613	1/388	4/386	-0.664887	-0.155908	0.248711
SRX4783087	TFs and others	AR	Prostate	Prostate cancer cells	2920	1/388	4/386	-0.664887	-0.155908	0.248711
SRX4786541	TFs and others	ESR1	Breast	MCF-7	683	1/388	4/386	-0.664887	-0.155908	0.248711
SRX4959105	TFs and others	AHR	Pluripotent stem cell	ES cells	2403	1/388	4/386	-0.664887	-0.155908	0.248711
SRX5254847	TFs and others	ZBTB16	Others	Mesenchymal stem cells	509	1/388	4/386	-0.664887	-0.155908	0.248711
SRX5289982	TFs and others	NR3C1	Lung	BEAS-2B	1102	1/388	4/386	-0.664887	-0.155908	0.248711
SRX5360643	TFs and others	Epitope tags	Epidermis	BJ	1706	1/388	4/386	-0.664887	-0.155908	0.248711
SRX5493759	TFs and others	FOXA1	Breast	Breast cancer cells	667	1/388	4/386	-0.664887	-0.155908	0.248711
SRX5514013	TFs and others	FOS	Uterus	Uterin leiomyoma	573	1/388	4/386	-0.664887	-0.155908	0.248711
SRX594728	TFs and others	PGR	Breast	ZR-75-1	974	1/388	4/386	-0.664887	-0.155908	0.248711
SRX6039035	TFs and others	CTNNB1	Pluripotent stem cell	iPS derived chondrocytes	1437	1/388	4/386	-0.664887	-0.155908	0.248711
SRX6365881	TFs and others	TOP2B	Neural	Glioma	1794	1/388	4/386	-0.664887	-0.155908	0.248711
SRX6582170	TFs and others	LMNA	Others	GM07492	1168	1/388	4/386	-0.664887	-0.155908	0.248711
SRX6927194	TFs and others	THAP11	Kidney	293	8957	1/388	4/386	-0.664887	-0.155908	0.248711
SRX716944	TFs and others	NR3C1	Blood	Macrophages	1949	1/388	4/386	-0.664887	-0.155908	0.248711
SRX758012	TFs and others	MRE11A	Prostate	LNCAP	487	1/388	4/386	-0.664887	-0.155908	0.248711
SRX7695540	TFs and others	TEAD4	Others	WERI-Rb-1	2485	1/388	4/386	-0.664887	-0.155908	0.248711
SRX7785405	TFs and others	ATF4	Blood	Jurkat	1498	1/388	4/386	-0.664887	-0.155908	0.248711
SRX7807603	TFs and others	GATA3	Unclassified	Unclassified	875	1/388	4/386	-0.664887	-0.155908	0.248711
SRX8616859	TFs and others	JUND	Lung	A549	1076	1/388	4/386	-0.664887	-0.155908	0.248711
SRX8616982	TFs and others	TET2	Breast	ZR-75-1	1639	1/388	4/386	-0.664887	-0.155908	0.248711
SRX8823217	TFs and others	DOT1L	Lung	A549	603	1/388	4/386	-0.664887	-0.155908	0.248711
SRX882971	TFs and others	5-hmC	Prostate	LNCAP	1904	1/388	4/386	-0.664887	-0.155908	0.248711
SRX973420	TFs and others	EHMT2	Kidney	293	1208	1/388	4/386	-0.664887	-0.155908	0.248711
SRX9932067	TFs and others	HDAC6	Breast	MCF-7	1868	1/388	4/386	-0.664887	-0.155908	0.248711
SRX9932075	TFs and others	HDAC6	Breast	MCF-7	1266	1/388	4/386	-0.664887	-0.155908	0.248711
SRX194569	TFs and others	ESR1	Breast	MCF-7	32341	74/388	88/386	-0.664309	-0.155908	0.836575
SRX327761	TFs and others	BRD4	Blood	Multiple Myeloma	5494	39/388	50/386	-0.664081	-0.155908	0.775979
SRX4001760	TFs and others	CTCF	Blood	Macrophages	13880	39/388	50/386	-0.664081	-0.155908	0.775979
SRX497418	TFs and others	PRDM11	Blood	U-2932	2619	39/388	50/386	-0.664081	-0.155908	0.775979
SRX7202557	TFs and others	CTCF	Uterus	HEC-1-B	11963	39/388	50/386	-0.664081	-0.155908	0.775979
SRX8970972	TFs and others	MCM7	Others	Squamous cell carcinoma 	28105	131/388	114/386	-0.66395	-0.155908	1.1432
SRX103222	TFs and others	PPARG	Blood	THP-1	1131	5/388	1/386	-0.663665	-0.155908	4.97423
SRX1339020	TFs and others	AR	Breast	MDA-MB-453	3149	5/388	1/386	-0.663665	-0.155908	4.97423
SRX1431734	TFs and others	SPI1	Blood	K-562	1834	5/388	1/386	-0.663665	-0.155908	4.97423
SRX275410	TFs and others	BCL6	Blood	OCI-LY1	913	5/388	1/386	-0.663665	-0.155908	4.97423
SRX2862487	TFs and others	DNMT3B	Pluripotent stem cell	hESC HUES8	537	5/388	1/386	-0.663665	-0.155908	4.97423
SRX3426554	TFs and others	SMARCA4	Liver	Hep G2	215	5/388	1/386	-0.663665	-0.155908	4.97423
SRX3934093	TFs and others	NAB2	Blood	Macrophages	1525	5/388	1/386	-0.663665	-0.155908	4.97423
SRX4345358	TFs and others	NFATC2	Blood	CD4+ T cells	1144	5/388	1/386	-0.663665	-0.155908	4.97423
SRX5323928	TFs and others	STAT3	Breast	Breast cancer cells	1705	5/388	1/386	-0.663665	-0.155908	4.97423
SRX9012289	TFs and others	GPS2	Adipocyte	Adipose-Derived Mesenchymal Stem Cells	2022	5/388	1/386	-0.663665	-0.155908	4.97423
SRX9600651	TFs and others	G-quadruplex	Blood	K-562	309	5/388	1/386	-0.663665	-0.155908	4.97423
SRX9683842	TFs and others	NR3C1	Adipocyte	Adipocytes	2003	5/388	1/386	-0.663665	-0.155908	4.97423
SRX9683847	TFs and others	NR3C1	Adipocyte	Adipocytes	1578	5/388	1/386	-0.663665	-0.155908	4.97423
SRX023649	TFs and others	GATAD1	Uterus	HeLa	3058	74/388	60/386	-0.663595	-0.155908	1.22698
SRX448946	TFs and others	BRD4	Blood	KOPT-K1	5381	74/388	60/386	-0.663595	-0.155908	1.22698
SRX8807165	TFs and others	MED1	Blood	MOLM-13	4025	74/388	60/386	-0.663595	-0.155908	1.22698
SRX150608	TFs and others	RELA	Blood	GM15510	7254	89/388	74/386	-0.662801	-0.155463	1.1965
SRX326890	TFs and others	ERG	Blood	Jurkat	6685	89/388	74/386	-0.662801	-0.155463	1.1965
SRX100553	TFs and others	ATF3	Blood	GM12878	2338	51/388	39/386	-0.662734	-0.155463	1.30095
SRX2267449	TFs and others	BRD4	Lung	NCI-H3122	7197	51/388	39/386	-0.662734	-0.155463	1.30095
SRX190236	TFs and others	ATF2	Blood	GM12878	20349	92/388	107/386	-0.662279	-0.155215	0.855381
SRX9178848	TFs and others	HAP1	Blood	HAP1	4794	92/388	107/386	-0.662279	-0.155215	0.855381
SRX9006850	TFs and others	FOXA1	Prostate	22Rv1	21987	49/388	61/386	-0.661881	-0.155113	0.799138
SRX4374898	TFs and others	NOTCH1	Breast	MB 157	1552	18/388	26/386	-0.661125	-0.155113	0.688739
SRX4451217	TFs and others	ESR1	Breast	MCF-7	11273	18/388	26/386	-0.661125	-0.155113	0.688739
SRX4374940	TFs and others	RBPJ	Breast	HCC1599	16119	226/388	207/386	-0.660797	-0.155113	1.08616
SRX097085	TFs and others	GATA1	Blood	K-562	7392	13/388	20/386	-0.660593	-0.155113	0.646649
SRX2770851	TFs and others	MAF	Blood	Macrophages	16484	13/388	20/386	-0.660593	-0.155113	0.646649
SRX3962733	TFs and others	LMNA	Epidermis	BJ-5ta	1983	13/388	20/386	-0.660593	-0.155113	0.646649
SRX9281791	TFs and others	SUZ12	Kidney	293	1176	13/388	20/386	-0.660593	-0.155113	0.646649
SRX968967	TFs and others	ESR1	Breast	MCF-7	6390	13/388	20/386	-0.660593	-0.155113	0.646649
SRX150488	TFs and others	NFYB	Uterus	HeLa	5752	75/388	89/386	-0.660204	-0.155113	0.838353
SRX5574365	TFs and others	SPI1	Blood	Dendritic Cells	39562	133/388	116/386	-0.659972	-0.155113	1.14064
SRX2194259	TFs and others	BRD4	Breast	HCC1806	3166	27/388	18/386	-0.659866	-0.155113	1.49227
SRX2548292	TFs and others	BRD4	Blood	KK1	2262	27/388	18/386	-0.659866	-0.155113	1.49227
SRX5771668	TFs and others	SOX2	Gonad	N2102Ep	19712	27/388	18/386	-0.659866	-0.155113	1.49227
SRX150512	TFs and others	NFYA	Blood	K-562	4095	61/388	74/386	-0.659657	-0.155113	0.820075
SRX5883949	TFs and others	CTCF	Blood	Multiple Myeloma	24224	61/388	74/386	-0.659657	-0.155113	0.820075
SRX8073481	TFs and others	TBL1Y	Blood	DLBCL	1790	34/388	24/386	-0.659542	-0.155113	1.40936
SRX1945294	TFs and others	TRIM28	Pluripotent stem cell	hESC WIBR3	8598	21/388	13/386	-0.659353	-0.155113	1.60706
SRX2731772	TFs and others	CTCF	Neural	Neuroblastoma	3015	21/388	13/386	-0.659353	-0.155113	1.60706
SRX448953	TFs and others	BRD4	Blood	DND-41	1588	21/388	13/386	-0.659353	-0.155113	1.60706
SRX116437	TFs and others	PHF8	Blood	K-562	21221	295/388	278/386	-0.659312	-0.155113	1.05568
SRX3586367	TFs and others	RUNX1	Blood	Pre-B lymphoblast cells	19829	223/388	204/386	-0.659209	-0.155113	1.0875
SRX2355085	TFs and others	RELA	Cardiovascular	HAEC	26127	222/388	203/386	-0.658731	-0.155113	1.08796
SRX1721565	TFs and others	KDM5A	Breast	T-47D	3486	75/388	61/386	-0.658224	-0.155113	1.22317
SRX347421	TFs and others	STAT3	Blood	OCI-LY-10	4160	75/388	61/386	-0.658224	-0.155113	1.22317
SRX186630	TFs and others	HCFC1	Blood	K-562	9986	181/388	163/386	-0.658117	-0.155113	1.10471
SRX7624161	TFs and others	ESR1	Breast	T-47D	21300	109/388	93/386	-0.657715	-0.155113	1.166
SRX3229145	TFs and others	ESR1	Breast	Breast cancer	21764	182/388	164/386	-0.65758	-0.155113	1.10404
SRX6778344	TFs and others	ELF1	Lung	A549	10191	182/388	164/386	-0.65758	-0.155113	1.10404
SRX4417530	TFs and others	CTCF	Pluripotent stem cell	hESC derived neural cells	51653	206/388	222/386	-0.65758	-0.155113	0.923145
SRX2867680	TFs and others	Epitope tags	Kidney	293	23228	169/388	186/386	-0.657448	-0.155113	0.903919
SRX150685	TFs and others	TBP	Uterus	HeLa	14590	184/388	166/386	-0.656582	-0.155113	1.10272
SRX3931059	TFs and others	GRHL2	Breast	MCF-7	25483	94/388	109/386	-0.65641	-0.155113	0.85794
SRX3230396	TFs and others	PRDM10	Liver	Hep G2	30749	269/388	251/386	-0.656072	-0.155113	1.06619
SRX317571	TFs and others	JARID2	Pluripotent stem cell	iPS cells	4546	40/388	51/386	-0.655344	-0.155113	0.780271
SRX2194285	TFs and others	BRD4	Breast	SUM 159PT	27126	211/388	192/386	-0.655119	-0.155113	1.09329
SRX1012718	TFs and others	PGR	Breast	T-47D	4905	9/388	15/386	-0.655023	-0.155113	0.596907
SRX10365547	TFs and others	NCOA3	Breast	MCF-7	4714	9/388	15/386	-0.655023	-0.155113	0.596907
SRX112016	TFs and others	RELA	Cardiovascular	HUVEC	2847	9/388	15/386	-0.655023	-0.155113	0.596907
SRX150705	TFs and others	HSF1	Liver	Hep G2	1112	9/388	15/386	-0.655023	-0.155113	0.596907
SRX3230402	TFs and others	TCF12	Liver	Hep G2	2837	9/388	15/386	-0.655023	-0.155113	0.596907
SRX326883	TFs and others	ERG	Prostate	VCaP	6393	9/388	15/386	-0.655023	-0.155113	0.596907
SRX4802359	TFs and others	ARNT	Liver	Hep G2	1457	9/388	15/386	-0.655023	-0.155113	0.596907
SRX5128131	TFs and others	AR	Breast	ZR-75-1	13270	9/388	15/386	-0.655023	-0.155113	0.596907
SRX5299353	TFs and others	CBX7	Kidney	293	1159	9/388	15/386	-0.655023	-0.155113	0.596907
SRX7695560	TFs and others	TEAD4	Lung	NCI-H2171	6511	9/388	15/386	-0.655023	-0.155113	0.596907
SRX9555214	TFs and others	RNF2	Kidney	293	1162	9/388	15/386	-0.655023	-0.155113	0.596907
SRX3934088	TFs and others	INTS13	Blood	Jurkat	9035	188/388	170/386	-0.654887	-0.155113	1.10018
SRX5824580	TFs and others	BRD4	Breast	SUM 159PT	5278	91/388	76/386	-0.654704	-0.155113	1.1912
SRX3230404	TFs and others	THRA	Liver	Hep G2	24104	189/388	171/386	-0.654525	-0.155113	1.09957
SRX4107936	TFs and others	CUL4A	Bone	U2OS	25614	62/388	75/386	-0.65443	-0.155113	0.822405
SRX2652443	TFs and others	ZBTB48	Uterus	HeLa	4653	63/388	50/386	-0.653722	-0.155113	1.25351
SRX1490931	TFs and others	RB1	Prostate	LNCAP	2821	76/388	62/386	-0.653006	-0.155113	1.21949
SRX306184	TFs and others	ICE1	Digestive tract	HCT 116	5549	76/388	62/386	-0.653006	-0.155113	1.21949
SRX6780865	TFs and others	CREB1	Pluripotent stem cell	iPS derived neural cells	9637	195/388	177/386	-0.652867	-0.155113	1.09602
SRX2585782	TFs and others	TP53	Breast	MDA-MB-231	31353	197/388	179/386	-0.652508	-0.155113	1.09489
SRX1034772	TFs and others	HIF1A	Bone	U2OS	1108	3/388	7/386	-0.652438	-0.155113	0.426362
SRX189725	TFs and others	EP300	Cardiovascular	HUVEC	1964	3/388	7/386	-0.652438	-0.155113	0.426362
SRX2013090	TFs and others	MYCN	Blood	CD34 Hematopoietic stem cells	484	3/388	7/386	-0.652438	-0.155113	0.426362
SRX204162	TFs and others	SUMO1	Lung	WI-38	993	3/388	7/386	-0.652438	-0.155113	0.426362
SRX2642351	TFs and others	AR	Prostate	22Rv1	3900	3/388	7/386	-0.652438	-0.155113	0.426362
SRX2642357	TFs and others	HOXB13	Prostate	LNCAP	4180	3/388	7/386	-0.652438	-0.155113	0.426362
SRX2993407	TFs and others	HIF1A	Kidney	Renal tubular cells	1990	3/388	7/386	-0.652438	-0.155113	0.426362
SRX323565	TFs and others	ASCL1	Epidermis	Dermal fibroblast	2649	3/388	7/386	-0.652438	-0.155113	0.426362
SRX3436567	TFs and others	SSRP1	Bone	HT-1080	1797	3/388	7/386	-0.652438	-0.155113	0.426362
SRX3599303	TFs and others	FLI1	Cardiovascular	HUVEC	974	3/388	7/386	-0.652438	-0.155113	0.426362
SRX3666490	TFs and others	TP53	Blood	T cells	1379	3/388	7/386	-0.652438	-0.155113	0.426362
SRX3781813	TFs and others	Epitope tags	Digestive tract	HCT 116	1394	3/388	7/386	-0.652438	-0.155113	0.426362
SRX4708085	TFs and others	RBM39	Blood	K-562	826	3/388	7/386	-0.652438	-0.155113	0.426362
SRX4976905	TFs and others	TP63	Pluripotent stem cell	hESC H9	1902	3/388	7/386	-0.652438	-0.155113	0.426362
SRX5323867	TFs and others	STAT3	Breast	MCF-7	301	3/388	7/386	-0.652438	-0.155113	0.426362
SRX535453	TFs and others	CDK9	Epidermis	A-375	1249	3/388	7/386	-0.652438	-0.155113	0.426362
SRX5401861	TFs and others	NR3C1	Breast	T-47D	1351	3/388	7/386	-0.652438	-0.155113	0.426362
SRX5426120	TFs and others	EPOP	Pluripotent stem cell	NT2-D1	605	3/388	7/386	-0.652438	-0.155113	0.426362
SRX5493757	TFs and others	FOXA1	Breast	Breast cancer cells	2279	3/388	7/386	-0.652438	-0.155113	0.426362
SRX5719612	TFs and others	CTCF	Blood	Jurkat	955	3/388	7/386	-0.652438	-0.155113	0.426362
SRX573033	TFs and others	AFF4	Uterus	HeLa	655	3/388	7/386	-0.652438	-0.155113	0.426362
SRX595685	TFs and others	AR	Prostate	LNCAP	5028	3/388	7/386	-0.652438	-0.155113	0.426362
SRX6060976	TFs and others	GATA6	Digestive tract	ESO-26	1469	3/388	7/386	-0.652438	-0.155113	0.426362
SRX625673	TFs and others	IKZF1	Blood	ICN1	1840	3/388	7/386	-0.652438	-0.155113	0.426362
SRX647371	TFs and others	ZBTB17	Breast	MCF 10A	521	3/388	7/386	-0.652438	-0.155113	0.426362
SRX668340	TFs and others	FOXM1	Kidney	293	604	3/388	7/386	-0.652438	-0.155113	0.426362
SRX6777399	TFs and others	ESR1	Breast	MCF-7	1627	3/388	7/386	-0.652438	-0.155113	0.426362
SRX689362	TFs and others	Epitope tags	Kidney	293	973	3/388	7/386	-0.652438	-0.155113	0.426362
SRX6909704	TFs and others	Epitope tags	Blood	697	2410	3/388	7/386	-0.652438	-0.155113	0.426362
SRX6949262	TFs and others	SMC3	Uterus	HeLa	2677	3/388	7/386	-0.652438	-0.155113	0.426362
SRX7030883	TFs and others	EHMT2	Breast	MCF-7	1395	3/388	7/386	-0.652438	-0.155113	0.426362
SRX7088154	TFs and others	EPAS1	Breast	MDA-MB-231	1465	3/388	7/386	-0.652438	-0.155113	0.426362
SRX713896	TFs and others	AR	Prostate	R1-AD1	2252	3/388	7/386	-0.652438	-0.155113	0.426362
SRX7277179	TFs and others	JUN	Others	Fibroblasts	2519	3/388	7/386	-0.652438	-0.155113	0.426362
SRX8406322	TFs and others	HOXB13	Prostate	Prostatic Neoplasms, Castration-Resistant	4278	3/388	7/386	-0.652438	-0.155113	0.426362
SRX8406543	TFs and others	HOXB13	Prostate	Prostate	3590	3/388	7/386	-0.652438	-0.155113	0.426362
SRX8616987	TFs and others	TET2	Breast	STG195	1663	3/388	7/386	-0.652438	-0.155113	0.426362
SRX968418	TFs and others	ARNT	Kidney	786-O	411	3/388	7/386	-0.652438	-0.155113	0.426362
SRX9719170	TFs and others	ESR1	Breast	MCF-7	1201	3/388	7/386	-0.652438	-0.155113	0.426362
SRX371467	TFs and others	ESR1	Breast	MCF-7	31586	77/388	91/386	-0.652295	-0.155072	0.841792
SRX1013970	TFs and others	NELFA	Uterus	HeLa	5120	111/388	95/386	-0.651981	-0.154904	1.1624
SRX3082736	TFs and others	ZIC2	Blood	BCBL1	494	8/388	3/386	-0.651244	-0.154904	2.65292
SRX5157163	TFs and others	CEBPA	Blood	THP-1	3163	8/388	3/386	-0.651244	-0.154904	2.65292
SRX5514010	TFs and others	FOS	Uterus	Myometrium	1058	8/388	3/386	-0.651244	-0.154904	2.65292
SRX6039037	TFs and others	RARA	Pluripotent stem cell	iPS derived chondrocytes	2812	8/388	3/386	-0.651244	-0.154904	2.65292
SRX701990	TFs and others	GATA4	Pluripotent stem cell	hESC derived endodermal cells	3407	8/388	3/386	-0.651244	-0.154904	2.65292
SRX8299826	TFs and others	CTR9	Bone	U2OS	626	8/388	3/386	-0.651244	-0.154904	2.65292
SRX9683846	TFs and others	NR3C1	Adipocyte	Adipocytes	3168	8/388	3/386	-0.651244	-0.154904	2.65292
SRX3460918	TFs and others	MTA2	Blood	Pre-B cells	9676	92/388	77/386	-0.650804	-0.154904	1.18865
SRX5668134	TFs and others	KMT2A	Blood	IMS-M2	3907	92/388	77/386	-0.650804	-0.154904	1.18865
SRX3098195	TFs and others	RUNX1T1	Blood	Kasumi-1	7712	96/388	111/386	-0.650797	-0.154904	0.860407
SRX092314	TFs and others	GATA3	Blood	Th1 Cells	8235	32/388	42/386	-0.650508	-0.154904	0.757977
SRX356627	TFs and others	STAG1	Blood	GM19099	12270	32/388	42/386	-0.650508	-0.154904	0.757977
SRX4521398	TFs and others	CTCF	Blood	Macrophages	7790	32/388	42/386	-0.650508	-0.154904	0.757977
SRX5124826	TFs and others	FOXA1	Prostate	C4-2	22662	32/388	42/386	-0.650508	-0.154904	0.757977
SRX9932056	TFs and others	STAT5A	Breast	MCF-7	1752	32/388	42/386	-0.650508	-0.154904	0.757977
SRX4065875	TFs and others	CTCF	Breast	MCF-7	32925	325/388	310/386	-0.64935	-0.153847	1.04298
SRX100499	TFs and others	GABPA	Uterus	HeLa	5351	112/388	96/386	-0.649207	-0.153805	1.16065
SRX100570	TFs and others	SIN3A	Blood	K-562	7407	139/388	122/386	-0.649038	-0.153735	1.13347
SRX6614757	TFs and others	CTCF	Lung	IMR-90	10562	51/388	63/386	-0.648534	-0.153434	0.805351
SRX9550898	TFs and others	FOXA1	Prostate	Prostate cancer	29683	51/388	63/386	-0.648534	-0.153434	0.805351
SRX10131670	TFs and others	BRD4	Lung	Bronchial tracheal epithelial cells	5028	64/388	51/386	-0.647173	-0.152174	1.24843
SRX1637470	TFs and others	CDK9	Blood	MOLT-4	12417	93/388	78/386	-0.646998	-0.1521	1.18616
SRX6748246	TFs and others	FOXA1	Prostate	Prostate cancer	18772	25/388	34/386	-0.646683	-0.152	0.731504
SRX769728	TFs and others	SUMO2	Prostate	VCaP	13380	25/388	34/386	-0.646683	-0.152	0.731504
SRX8376361	TFs and others	FOXA1	Pluripotent stem cell	hESC derived pancreatic cells	22286	113/388	97/386	-0.646495	-0.152	1.15894
SRX9498731	TFs and others	TBP	Blood	K-562	5074	113/388	97/386	-0.646495	-0.152	1.15894
SRX728780	TFs and others	CDK9	Blood	THP-1	5777	53/388	41/386	-0.645641	-0.151247	1.28602
SRX186625	TFs and others	ELK1	Blood	K-562	1581	35/388	25/386	-0.64543	-0.151237	1.39278
SRX2555295	TFs and others	TBX2	Neural	BE(2)-C	7763	35/388	25/386	-0.64543	-0.151237	1.39278
SRX6916365	TFs and others	CTCF	Kidney	iSLK	28701	79/388	93/386	-0.644765	-0.150672	0.845084
SRX4786545	TFs and others	TET2	Breast	MCF-7	5613	114/388	98/386	-0.643841	-0.149848	1.15727
SRX015140	TFs and others	JUN	Blood	K-562	11316	78/388	64/386	-0.643002	-0.149702	1.21247
SRX150491	TFs and others	JUN	Blood	K-562	11296	78/388	64/386	-0.643002	-0.149702	1.21247
SRX4473683	TFs and others	ARID2	Gonad	BIN-67	3247	19/388	27/386	-0.642641	-0.149702	0.700076
SRX5716470	TFs and others	SMARCA4	Neural	Neural progenitor cells	10812	19/388	27/386	-0.642641	-0.149702	0.700076
SRX7897938	TFs and others	CTCF	Blood	K-562	2353	19/388	27/386	-0.642641	-0.149702	0.700076
SRX9234590	TFs and others	BATF3	Blood	Mac-1	10450	19/388	27/386	-0.642641	-0.149702	0.700076
SRX7054611	TFs and others	RELA	Cardiovascular	HAEC	20660	143/388	126/386	-0.642524	-0.149702	1.12907
SRX9550856	TFs and others	FOXA1	Prostate	Prostate cancer	28991	52/388	64/386	-0.642187	-0.149702	0.808312
SRX9426423	TFs and others	HCFC1	Blood	RAMOS	2538	28/388	19/386	-0.641419	-0.149702	1.46609
SRX10119161	TFs and others	CREBBP	Blood	MV-4-11	5195	65/388	52/386	-0.640838	-0.149702	1.24356
SRX1672136	TFs and others	NR3C1	Lung	BEAS-2B	11867	65/388	52/386	-0.640838	-0.149702	1.24356
SRX2194284	TFs and others	BRD4	Breast	SUM 159PT	10532	65/388	52/386	-0.640838	-0.149702	1.24356
SRX6614756	TFs and others	CTCF	Lung	IMR-90	6185	33/388	43/386	-0.640018	-0.149702	0.763486
SRX1161187	TFs and others	FOXA1	Breast	ZR-75-1	44910	65/388	78/386	-0.639607	-0.149702	0.829038
SRX4547415	TFs and others	CTCF	Breast	FULVR	6010	42/388	53/386	-0.638896	-0.149702	0.788368
SRX3990996	TFs and others	PGR	Breast	T-47D	20824	116/388	100/386	-0.638704	-0.149702	1.15402
SRX2242954	TFs and others	RBPJ	Neural	GSC8	6707	54/388	42/386	-0.637596	-0.149702	1.27909
SRX8673472	TFs and others	DDIT3	Bone	HT-1080	4414	96/388	81/386	-0.636118	-0.149702	1.17908
SRX082163	TFs and others	FOS	Blood	GM12878	966	14/388	21/386	-0.635997	-0.149702	0.66323
SRX130091	TFs and others	SMC3	Pluripotent stem cell	hESC BG03	8893	14/388	21/386	-0.635997	-0.149702	0.66323
SRX2770850	TFs and others	MAF	Blood	Macrophages	17267	14/388	21/386	-0.635997	-0.149702	0.66323
SRX3366955	TFs and others	FOXA1	Prostate	LNCAP	8054	14/388	21/386	-0.635997	-0.149702	0.66323
SRX361224	TFs and others	GATA3	Breast	T-47D	5459	14/388	21/386	-0.635997	-0.149702	0.66323
SRX5089430	TFs and others	SMARCB1	Breast	MCF-7	7979	14/388	21/386	-0.635997	-0.149702	0.66323
SRX5486433	TFs and others	ZIC5	Digestive tract	HCT 116	1679	14/388	21/386	-0.635997	-0.149702	0.66323
SRX6748245	TFs and others	FOXA1	Prostate	Prostate cancer	8461	14/388	21/386	-0.635997	-0.149702	0.66323
SRX8406302	TFs and others	HOXB13	Prostate	Prostate	16087	14/388	21/386	-0.635997	-0.149702	0.66323
SRX5757566	TFs and others	SMAD3	Breast	SUM 159PT	11483	256/388	238/386	-0.635588	-0.149702	1.07009
ERX1149119	TFs and others	CTCF	Blood	HEL 92.1.7	2264	6/388	11/386	-0.634977	-0.149702	0.542643
SRX080161	TFs and others	MYC	Epidermis	NHEK	830	6/388	11/386	-0.634977	-0.149702	0.542643
SRX1070428	TFs and others	ORC2	Blood	K-562	2027	6/388	11/386	-0.634977	-0.149702	0.542643
SRX1672133	TFs and others	RELA	Lung	BEAS-2B	2606	6/388	11/386	-0.634977	-0.149702	0.542643
SRX189250	TFs and others	TP53	Pluripotent stem cell	hESC H9	2087	6/388	11/386	-0.634977	-0.149702	0.542643
SRX2404142	TFs and others	RELA	Others	Detroit 562	2270	6/388	11/386	-0.634977	-0.149702	0.542643
SRX2513516	TFs and others	ESR1	Breast	MCF-7	3517	6/388	11/386	-0.634977	-0.149702	0.542643
SRX3240995	TFs and others	MED1	Others	Mesenchymal stem cells	5674	6/388	11/386	-0.634977	-0.149702	0.542643
SRX3946918	TFs and others	MED1	Others	Mesenchymal stem cells	5671	6/388	11/386	-0.634977	-0.149702	0.542643
SRX4119724	TFs and others	Epitope tags	Kidney	293	729	6/388	11/386	-0.634977	-0.149702	0.542643
SRX4230307	TFs and others	TP53	Lung	IMR-90	2160	6/388	11/386	-0.634977	-0.149702	0.542643
SRX7972447	TFs and others	MKL1	Epidermis	MKL-1	2975	6/388	11/386	-0.634977	-0.149702	0.542643
SRX8360018	TFs and others	NETO2	Blood	U-937	2962	6/388	11/386	-0.634977	-0.149702	0.542643
SRX8432576	TFs and others	TBP	Pluripotent stem cell	iPS cells	1184	6/388	11/386	-0.634977	-0.149702	0.542643
SRX9055416	TFs and others	LDB1	Blood	HUDEP-2	2629	6/388	11/386	-0.634977	-0.149702	0.542643
SRX9932063	TFs and others	HDAC6	Breast	MCF-7	4110	6/388	11/386	-0.634977	-0.149702	0.542643
SRX9932059	TFs and others	STAT5A	Breast	MCF-7	3585	66/388	79/386	-0.634934	-0.149702	0.831137
SRX2943580	TFs and others	ESR1	Breast	MCF-7	4555	22/388	14/386	-0.634806	-0.149702	1.56333
SRX3345955	TFs and others	INTS13	Blood	HL-60	18756	255/388	237/386	-0.634256	-0.149702	1.0704
SRX1058479	TFs and others	MAX	Epidermis	MKL-1	26543	306/388	290/386	-0.634128	-0.149702	1.04973
SRX019521	TFs and others	PPARG	Adipocyte	Adipose stromal cell	4071	12/388	6/386	-0.633813	-0.149702	1.98969
SRX10338562	TFs and others	MLXIP	Blood	NALM-6	1488	12/388	6/386	-0.633813	-0.149702	1.98969
SRX8151644	TFs and others	ARNTL	Adipocyte	Preadipocytes	1341	12/388	6/386	-0.633813	-0.149702	1.98969
SRX9498741	TFs and others	GTF2B	Blood	K-562	1400	12/388	6/386	-0.633813	-0.149702	1.98969
SRX204410	TFs and others	BRD4	Blood	P493-6	10138	149/388	132/386	-0.633813	-0.149702	1.12297
SRX5323834	TFs and others	STAT3	Breast	T-47D	11869	118/388	102/386	-0.633787	-0.149702	1.1509
SRX6840505	TFs and others	HAP1	Blood	KBM-7	9319	80/388	66/386	-0.63354	-0.149702	1.20587
SRX176866	TFs and others	GATA3	Breast	MCF-7	18300	26/388	35/386	-0.633386	-0.149702	0.739028
SRX7030927	TFs and others	KDM4C	Breast	MCF-7	1640	26/388	35/386	-0.633386	-0.149702	0.739028
SRX7701200	TFs and others	ASXL3	Lung	NCI-H1963	1587	26/388	35/386	-0.633386	-0.149702	0.739028
SRX150723	TFs and others	MAX	Blood	NB-4	39360	254/388	236/386	-0.632956	-0.149702	1.07072
SRX9730736	TFs and others	CPSF3L	Blood	THP-1	14757	254/388	236/386	-0.632956	-0.149702	1.07072
SRX092576	TFs and others	YY1	Uterus	HeLa	1521	36/388	26/386	-0.632159	-0.149702	1.37748
SRX327767	TFs and others	BRD4	Lung	NCI-H2171	6296	36/388	26/386	-0.632159	-0.149702	1.37748
SRX176864	TFs and others	GATA3	Breast	MCF-7	35095	43/388	54/386	-0.631146	-0.149702	0.792192
SRX701966	TFs and others	CTCF	Pluripotent stem cell	hESC derived mesendodermal cells	14149	43/388	54/386	-0.631146	-0.149702	0.792192
SRX682375	TFs and others	ERG	Blood	TSU-1621MT	20208	284/388	267/386	-0.630656	-0.149702	1.05819
SRX10657967	TFs and others	Epitope tags	Blood	NALM-6	19994	252/388	234/386	-0.630451	-0.149702	1.07137
SRX5974528	TFs and others	CTCF	Blood	K-562	11213	34/388	44/386	-0.630022	-0.149702	0.768744
SRX1514916	TFs and others	GFP	Kidney	293	7514	45/388	34/386	-0.628774	-0.149702	1.31671
SRX5702621	TFs and others	ESR1	Breast	T-47D	12434	45/388	34/386	-0.628774	-0.149702	1.31671
SRX8090649	TFs and others	BRD2	Others	Synoviocytes	2203	45/388	34/386	-0.628774	-0.149702	1.31671
SRX1027446	TFs and others	CEBPB	Others	Mesenchymal stem cells	163095	153/388	136/386	-0.628664	-0.149702	1.1192
SRX10045337	TFs and others	ASXL1	Breast	CAL-51	1371	20/388	28/386	-0.625548	-0.149702	0.710604
SRX1070161	TFs and others	AR	Breast	MDA-MB-453	18935	20/388	28/386	-0.625548	-0.149702	0.710604
SRX5957526	TFs and others	TBP	Pluripotent stem cell	hESC H1	2189	20/388	28/386	-0.625548	-0.149702	0.710604
SRX6175624	TFs and others	STAG2	Bone	A-673	8196	20/388	28/386	-0.625548	-0.149702	0.710604
SRX2881001	TFs and others	ESR1	Breast	MCF-7	16798	44/388	55/386	-0.623687	-0.149702	0.795876
SRX3931096	TFs and others	GRHL2	Breast	MCF-7	10819	44/388	55/386	-0.623687	-0.149702	0.795876
SRX100942	TFs and others	TCF7L2	Pancreas	PANC-1	6585	68/388	55/386	-0.623017	-0.149702	1.22999
DRX156348	TFs and others	MGMT	Neural	U-87 MG	2754	56/388	44/386	-0.622414	-0.149702	1.26617
SRX092451	TFs and others	EBNA2	Blood	IB4	3365	10/388	16/386	-0.621969	-0.149702	0.621778
SRX097069	TFs and others	GATA1	Blood	CD34+	4655	10/388	16/386	-0.621969	-0.149702	0.621778
SRX10881802	TFs and others	SMARCC2	Kidney	G-401	2279	10/388	16/386	-0.621969	-0.149702	0.621778
SRX1477651	TFs and others	Epitope tags	Lung	MRC-5	5343	10/388	16/386	-0.621969	-0.149702	0.621778
SRX186769	TFs and others	SUZ12	Pluripotent stem cell	hESC H1	1494	10/388	16/386	-0.621969	-0.149702	0.621778
SRX222273	TFs and others	ESR1	Prostate	VCaP	9623	10/388	16/386	-0.621969	-0.149702	0.621778
SRX2537518	TFs and others	BRD4	Epidermis	SK-MEL-147	5801	10/388	16/386	-0.621969	-0.149702	0.621778
SRX259621	TFs and others	RUNX1	Blood	Kasumi-1	5449	10/388	16/386	-0.621969	-0.149702	0.621778
SRX4288475	TFs and others	CTCF	Blood	Lymphoblastoid cell line	2047	10/388	16/386	-0.621969	-0.149702	0.621778
SRX4650913	TFs and others	SUZ12	Kidney	293	1159	10/388	16/386	-0.621969	-0.149702	0.621778
SRX5089515	TFs and others	SMARCA4	Breast	MCF-7	4558	10/388	16/386	-0.621969	-0.149702	0.621778
SRX866612	TFs and others	GATA3	Neural	KELLY	5267	10/388	16/386	-0.621969	-0.149702	0.621778
SRX9523537	TFs and others	NABP2	Bone	HT-1080	649	10/388	16/386	-0.621969	-0.149702	0.621778
DRX234808	TFs and others	KAT7	Kidney	293	1700	27/388	36/386	-0.620856	-0.149702	0.746134
SRX5719608	TFs and others	CTCF	Blood	Jurkat	6216	27/388	36/386	-0.620856	-0.149702	0.746134
SRX668234	TFs and others	MED1	Muscle	Myoblasts	10979	27/388	36/386	-0.620856	-0.149702	0.746134
SRX8272752	TFs and others	ESR2	Breast	MCF-7	9791	27/388	36/386	-0.620856	-0.149702	0.746134
SRX100482	TFs and others	NANOG	Pluripotent stem cell	hESC H1	6755	17/388	10/386	-0.620821	-0.149702	1.69124
SRX2188678	TFs and others	BRCA1	Bone	EWS502	942	17/388	10/386	-0.620821	-0.149702	1.69124
SRX514848	TFs and others	TP53	Epidermis	Keratinocytes	6985	17/388	10/386	-0.620821	-0.149702	1.69124
SRX9426424	TFs and others	HCFC1	Blood	RAMOS	1786	17/388	10/386	-0.620821	-0.149702	1.69124
SRX100410	TFs and others	REST	Pluripotent stem cell	hESC H1	10690	35/388	45/386	-0.620485	-0.149702	0.773769
SRX9029196	TFs and others	SPI1	Blood	Neutrophils	13309	124/388	108/386	-0.620252	-0.149702	1.14223
SRX2642366	TFs and others	FOXA1	Prostate	VCaP	54852	109/388	124/386	-0.619737	-0.149702	0.874501
SRX9599293	TFs and others	REST	Kidney	293	2945	37/388	27/386	-0.619653	-0.149702	1.36331
SRX327760	TFs and others	IRF4	Blood	MM.1S	22141	162/388	145/386	-0.618838	-0.149702	1.11148
SRX7719080	TFs and others	SMAD3	Others	H69	10951	240/388	222/386	-0.617905	-0.149702	1.07551
SRX4815197	TFs and others	FOXA1	Breast	MCF-7	76529	148/388	164/386	-0.617905	-0.149702	0.897787
SRX1460849	TFs and others	AFF4	Blood	Th1 Cells	3050	69/388	56/386	-0.617443	-0.149702	1.22579
SRX2871364	TFs and others	PGR	Breast	T-47D	18884	45/388	56/386	-0.616503	-0.149702	0.799429
SRX3110776	TFs and others	SMC3	Uterus	HeLa	14183	45/388	56/386	-0.616503	-0.149702	0.799429
SRX1134739	TFs and others	BRD4	Blood	MV-4-11	16538	237/388	219/386	-0.61539	-0.149702	1.07661
SRX198034	TFs and others	BRD4	Blood	CD4+ T cells	6950	127/388	111/386	-0.614116	-0.149702	1.13825
SRX150662	TFs and others	RCOR1	Blood	GM12878	2193	15/388	22/386	-0.613785	-0.149702	0.678304
SRX190325	TFs and others	REST	Digestive tract	HCT 116	3939	15/388	22/386	-0.613785	-0.149702	0.678304
SRX3244992	TFs and others	CEBPB	Blood	Macrophages	11613	15/388	22/386	-0.613785	-0.149702	0.678304
SRX4374935	TFs and others	NOTCH1	Breast	HCC1599	1098	15/388	22/386	-0.613785	-0.149702	0.678304
SRX5287706	TFs and others	ESR1	Breast	MCF-7	6999	15/388	22/386	-0.613785	-0.149702	0.678304
SRX9350347	TFs and others	CTCF	Liver	Hep G2	46367	220/388	235/386	-0.613538	-0.149702	0.931345
SRX014767	TFs and others	MethylCap	Blood	NB-4	21618	71/388	84/386	-0.613358	-0.149702	0.840881
SRX8089633	TFs and others	FOXA1	Prostate	VCaP	35305	71/388	84/386	-0.613358	-0.149702	0.840881
SRX212184	TFs and others	EP300	Lung	Lung fibroblasts	19413	57/388	69/386	-0.613337	-0.149702	0.821829
SRX10119142	TFs and others	CREBBP	Blood	MV-4-11	1569	23/388	15/386	-0.612639	-0.149702	1.52543
SRX11094587	TFs and others	ERG	Bone	TC-106	12928	23/388	15/386	-0.612639	-0.149702	1.52543
SRX1799528	TFs and others	TRIM28	Blood	CD4+ T cells	7699	23/388	15/386	-0.612639	-0.149702	1.52543
SRX3931031	TFs and others	FOXA1	Breast	MCF-7	19061	36/388	46/386	-0.611375	-0.149702	0.778575
SRX7054659	TFs and others	RELA	Cardiovascular	HAEC	9633	36/388	46/386	-0.611375	-0.149702	0.778575
SRX378804	TFs and others	RELA	Uterus	KB	4956	104/388	89/386	-0.610592	-0.149702	1.16252
DRX300417	TFs and others	MEAF6	Kidney	293	11185	216/388	231/386	-0.610523	-0.149702	0.930245
SRX4377555	TFs and others	BRD4	Breast	MDA-MB-231	26548	230/388	212/386	-0.610416	-0.149702	1.07931
SRX188943	TFs and others	MYC	Breast	MCF-7	18766	129/388	113/386	-0.610242	-0.149702	1.13571
SRX100459	TFs and others	EGR1	Blood	K-562	32501	259/388	273/386	-0.610242	-0.149702	0.943828
SRX386202	TFs and others	GATA1	Blood	CD34+	80659	274/388	257/386	-0.609942	-0.149702	1.06065
SRX10120408	TFs and others	TRIB3	Liver	Hep G2	8312	21/388	29/386	-0.609687	-0.149702	0.720405
SRX220079	TFs and others	AR	Prostate	LNCAP	21780	21/388	29/386	-0.609687	-0.149702	0.720405
SRX266855	TFs and others	FOXA2	Pluripotent stem cell	hESC derived mesendodermal cells	16387	21/388	29/386	-0.609687	-0.149702	0.720405
SRX356482	TFs and others	CTCF	Blood	Lymphoblastoid cell line	41000	160/388	176/386	-0.609217	-0.149702	0.904405
SRX180379	TFs and others	NKX3-1	Prostate	LNCAP	17982	28/388	37/386	-0.609026	-0.149702	0.752856
SRX2550933	TFs and others	MYCN	Neural	NGP	17518	227/388	209/386	-0.608654	-0.149702	1.08053
SRX2943585	TFs and others	ESR1	Breast	MCF-7	6072	30/388	21/386	-0.60853	-0.149702	1.42121
SRX4941328	TFs and others	XBP1	Prostate	LNCAP	1876	30/388	21/386	-0.60853	-0.149702	1.42121
SRX702548	TFs and others	CHD8	Pluripotent stem cell	iPS derived neural cells	10229	175/388	158/386	-0.608523	-0.149702	1.10189
SRX150576	TFs and others	MXI1	Blood	K-562	3587	58/388	46/386	-0.608333	-0.149702	1.25437
SRX3433644	TFs and others	USP7	Blood	CUTLL1	22404	330/388	316/386	-0.608084	-0.149702	1.03892
SRX1161176	TFs and others	FOXA1	Breast	MCF-7	27653	58/388	70/386	-0.608084	-0.149702	0.8243
SRX5574359	TFs and others	SPI1	Blood	Dendritic Cells	67162	164/388	180/386	-0.607106	-0.149702	0.906415
SRX3345944	TFs and others	EGR1	Blood	HL-60	5726	71/388	58/386	-0.606793	-0.149702	1.21783
SRX7701213	TFs and others	BRD4	Lung	NCI-H1963	4282	106/388	91/386	-0.604909	-0.149702	1.15883
ERX626843	TFs and others	TAL1	Blood	CHRF-288-11	717	0/388	2/386	-0.604872	-0.149702	0
SRX003796	TFs and others	CTCF	Uterus	HeLa	634	0/388	2/386	-0.604872	-0.149702	0
SRX017905	TFs and others	RELA	Blood	GM12878	768	0/388	2/386	-0.604872	-0.149702	0
SRX020767	TFs and others	TP53	Bone	U2OS	702	0/388	2/386	-0.604872	-0.149702	0
SRX026534	TFs and others	ESR1	Uterus	Ishikawa	453	0/388	2/386	-0.604872	-0.149702	0
SRX027907	TFs and others	NR3C1	Uterus	HeLa	348	0/388	2/386	-0.604872	-0.149702	0
SRX029437	TFs and others	TAL1	Blood	CD34+	799	0/388	2/386	-0.604872	-0.149702	0
SRX038913	TFs and others	IKZF1	Blood	Hematopoietic Stem Cells	33	0/388	2/386	-0.604872	-0.149702	0
SRX045435	TFs and others	VDR	Blood	THP-1	429	0/388	2/386	-0.604872	-0.149702	0
SRX059703	TFs and others	AR	Prostate	VCaP	1566	0/388	2/386	-0.604872	-0.149702	0
SRX060812	TFs and others	EP300	Breast	MCF-7	287	0/388	2/386	-0.604872	-0.149702	0
SRX064490	TFs and others	SMAD2	Pluripotent stem cell	hESC derived mesendodermal cells	2698	0/388	2/386	-0.604872	-0.149702	0
SRX064492	TFs and others	SMAD4	Pluripotent stem cell	hESC derived mesendodermal cells	1895	0/388	2/386	-0.604872	-0.149702	0
SRX096349	TFs and others	TCF4	Digestive tract	LS-180	594	0/388	2/386	-0.604872	-0.149702	0
SRX1012537	TFs and others	FOXO1	Blood	B cells	841	0/388	2/386	-0.604872	-0.149702	0
SRX1012606	TFs and others	EP300	Breast	T-47D	1291	0/388	2/386	-0.604872	-0.149702	0
SRX1012607	TFs and others	EP300	Breast	T-47D	1016	0/388	2/386	-0.604872	-0.149702	0
SRX1012608	TFs and others	EP300	Breast	T-47D	1042	0/388	2/386	-0.604872	-0.149702	0
SRX1012624	TFs and others	EP300	Breast	MCF-7	251	0/388	2/386	-0.604872	-0.149702	0
SRX1012646	TFs and others	EP300	Breast	MCF-7	285	0/388	2/386	-0.604872	-0.149702	0
SRX10175282	TFs and others	SOX9	Pancreas	PANC-1	1375	0/388	2/386	-0.604872	-0.149702	0
SRX10175283	TFs and others	SOX9	Pancreas	PANC-1	1648	0/388	2/386	-0.604872	-0.149702	0
SRX10239005	TFs and others	ZNF589	Blood	HH514-16	139	0/388	2/386	-0.604872	-0.149702	0
SRX1024933	TFs and others	AGO2	Blood	K-562	394	0/388	2/386	-0.604872	-0.149702	0
SRX1024936	TFs and others	AGO2	Blood	K-562	493	0/388	2/386	-0.604872	-0.149702	0
SRX1035585	TFs and others	MAML3	Neural	SK-N-SH	1464	0/388	2/386	-0.604872	-0.149702	0
SRX10365518	TFs and others	RAC1	Breast	MCF-7	370	0/388	2/386	-0.604872	-0.149702	0
SRX10644249	TFs and others	CDT1	Digestive tract	HCT 116	722	0/388	2/386	-0.604872	-0.149702	0
SRX1131572	TFs and others	BRD4	Breast	T-47D	1299	0/388	2/386	-0.604872	-0.149702	0
SRX1132448	TFs and others	AR	Prostate	C4-2	1428	0/388	2/386	-0.604872	-0.149702	0
SRX119640	TFs and others	Epitope tags	Lung	A549	778	0/388	2/386	-0.604872	-0.149702	0
SRX129087	TFs and others	MED1	Blood	P493-6	424	0/388	2/386	-0.604872	-0.149702	0
SRX130267	TFs and others	TET3	Kidney	293	349	0/388	2/386	-0.604872	-0.149702	0
SRX131372	TFs and others	NOS2	Epidermis	MDAH087	349	0/388	2/386	-0.604872	-0.149702	0
SRX1424697	TFs and others	NANOG	Prostate	LNCAP	2929	0/388	2/386	-0.604872	-0.149702	0
SRX1466274	TFs and others	PRMT5	Breast	MDA-MB-231	805	0/388	2/386	-0.604872	-0.149702	0
SRX150750	TFs and others	HOXA9	Blood	SEM	804	0/388	2/386	-0.604872	-0.149702	0
SRX1515014	TFs and others	GFP	Kidney	293	1106	0/388	2/386	-0.604872	-0.149702	0
SRX1548206	TFs and others	E2F1	Cardiovascular	Wharton Jelly	405	0/388	2/386	-0.604872	-0.149702	0
SRX1548209	TFs and others	E2F1	Cardiovascular	Wharton Jelly	436	0/388	2/386	-0.604872	-0.149702	0
SRX155721	TFs and others	HSF1	Breast	BPE	113	0/388	2/386	-0.604872	-0.149702	0
SRX155763	TFs and others	HSF1	Breast	BPE	457	0/388	2/386	-0.604872	-0.149702	0
SRX155764	TFs and others	HSF1	Breast	HMEC	297	0/388	2/386	-0.604872	-0.149702	0
SRX159193	TFs and others	NCOR1	Digestive tract	LS-180	338	0/388	2/386	-0.604872	-0.149702	0
SRX159194	TFs and others	NCOR2	Digestive tract	LS-180	222	0/388	2/386	-0.604872	-0.149702	0
SRX1629249	TFs and others	AR	Prostate	VCaP	1215	0/388	2/386	-0.604872	-0.149702	0
SRX1669918	TFs and others	FXR1	Prostate	NCI-H358	223	0/388	2/386	-0.604872	-0.149702	0
SRX1690218	TFs and others	TWIST1	Neural	Neuroblastoma	810	0/388	2/386	-0.604872	-0.149702	0
SRX176870	TFs and others	GATA3	Breast	MCF-7	1310	0/388	2/386	-0.604872	-0.149702	0
SRX176886	TFs and others	ESR1	Breast	ZR-75-1	1083	0/388	2/386	-0.604872	-0.149702	0
SRX1772411	TFs and others	Epitope tags	Breast	MCF-7	382	0/388	2/386	-0.604872	-0.149702	0
SRX185915	TFs and others	FOXM1	Breast	MCF-7	184	0/388	2/386	-0.604872	-0.149702	0
SRX186770	TFs and others	CREBBP	Blood	K-562	788	0/388	2/386	-0.604872	-0.149702	0
SRX194580	TFs and others	RXRA	Breast	MCF-7	610	0/388	2/386	-0.604872	-0.149702	0
SRX1995218	TFs and others	CTCF	Breast	MCF-7	239	0/388	2/386	-0.604872	-0.149702	0
SRX2023751	TFs and others	GATA4	Pluripotent stem cell	iPS derived cardiac cells	159	0/388	2/386	-0.604872	-0.149702	0
SRX212438	TFs and others	ETS1	Blood	Treg	361	0/388	2/386	-0.604872	-0.149702	0
SRX220092	TFs and others	AR	Prostate	Prostate cancer	2495	0/388	2/386	-0.604872	-0.149702	0
SRX2207925	TFs and others	ERCC6	Epidermis	CS1AN	1400	0/388	2/386	-0.604872	-0.149702	0
SRX2254546	TFs and others	EP300	Others	BICR 31	63	0/388	2/386	-0.604872	-0.149702	0
SRX2319762	TFs and others	VDR	Blood	THP-1	353	0/388	2/386	-0.604872	-0.149702	0
SRX2323893	TFs and others	AFF1	Kidney	293	490	0/388	2/386	-0.604872	-0.149702	0
SRX2323897	TFs and others	AFF1	Kidney	293	521	0/388	2/386	-0.604872	-0.149702	0
SRX2353649	TFs and others	AR	Prostate	LNCAP	1000	0/388	2/386	-0.604872	-0.149702	0
SRX2353653	TFs and others	AR	Prostate	LNCAP	1147	0/388	2/386	-0.604872	-0.149702	0
SRX2375355	TFs and others	MLLT1	Blood	MOLM-13	726	0/388	2/386	-0.604872	-0.149702	0
SRX2420134	TFs and others	AR	Prostate	LNCAP	3064	0/388	2/386	-0.604872	-0.149702	0
SRX2460063	TFs and others	PGR	Breast	Breast cancer cells	131	0/388	2/386	-0.604872	-0.149702	0
SRX248933	TFs and others	LYL1	Blood	CD34+	529	0/388	2/386	-0.604872	-0.149702	0
SRX256997	TFs and others	RELA	Blood	Lymphoblastoid cell line	641	0/388	2/386	-0.604872	-0.149702	0
SRX256999	TFs and others	RELA	Blood	Lymphoblastoid cell line	256	0/388	2/386	-0.604872	-0.149702	0
SRX257000	TFs and others	RELA	Blood	Lymphoblastoid cell line	346	0/388	2/386	-0.604872	-0.149702	0
SRX2578888	TFs and others	MED1	Breast	MDA-MB-231	416	0/388	2/386	-0.604872	-0.149702	0
SRX2606566	TFs and others	BRD4	Epidermis	CHL-1	1205	0/388	2/386	-0.604872	-0.149702	0
SRX2730808	TFs and others	ARID5B	Blood	Jurkat	1033	0/388	2/386	-0.604872	-0.149702	0
SRX285808	TFs and others	TP53	Breast	MCF-7	306	0/388	2/386	-0.604872	-0.149702	0
SRX2871371	TFs and others	Epitope tags	Breast	T-47D	715	0/388	2/386	-0.604872	-0.149702	0
SRX2915390	TFs and others	PGR	Breast	T-47D	31	0/388	2/386	-0.604872	-0.149702	0
SRX2937351	TFs and others	BRD4	Blood	J-Lat A72	1001	0/388	2/386	-0.604872	-0.149702	0
SRX2940758	TFs and others	TP53	Breast	MCF-7	167	0/388	2/386	-0.604872	-0.149702	0
SRX2947201	TFs and others	L3MBTL3	Breast	MDA-MB-231	1216	0/388	2/386	-0.604872	-0.149702	0
SRX2966971	TFs and others	POU5F1	Pluripotent stem cell	hESC H1	181	0/388	2/386	-0.604872	-0.149702	0
SRX3087158	TFs and others	TP53	Breast	MCF-7	311	0/388	2/386	-0.604872	-0.149702	0
SRX3087159	TFs and others	TP53	Breast	MCF-7	453	0/388	2/386	-0.604872	-0.149702	0
SRX3098200	TFs and others	CEBPA	Blood	Kasumi-1	632	0/388	2/386	-0.604872	-0.149702	0
SRX3240988	TFs and others	MED1	Others	Mesenchymal stem cells	1024	0/388	2/386	-0.604872	-0.149702	0
SRX3410378	TFs and others	RNF2	Breast	MDA-MB-231	875	0/388	2/386	-0.604872	-0.149702	0
SRX3517821	TFs and others	KDM1A	Lung	A549	458	0/388	2/386	-0.604872	-0.149702	0
SRX3541094	TFs and others	ESR1	Breast	MCF-7	1115	0/388	2/386	-0.604872	-0.149702	0
SRX3541095	TFs and others	ESR1	Breast	MCF-7	974	0/388	2/386	-0.604872	-0.149702	0
SRX3541112	TFs and others	SUMO2	Breast	MCF-7	853	0/388	2/386	-0.604872	-0.149702	0
SRX3541113	TFs and others	SUMO2	Breast	MCF-7	815	0/388	2/386	-0.604872	-0.149702	0
SRX3541114	TFs and others	SUMO2	Breast	MCF-7	794	0/388	2/386	-0.604872	-0.149702	0
SRX3541115	TFs and others	SUMO2	Breast	MCF-7	789	0/388	2/386	-0.604872	-0.149702	0
SRX3541116	TFs and others	SUMO2	Breast	MCF-7	688	0/388	2/386	-0.604872	-0.149702	0
SRX3541117	TFs and others	SUMO2	Breast	MCF-7	532	0/388	2/386	-0.604872	-0.149702	0
SRX3542504	TFs and others	SMARCA4	Lung	HS-SY-II	188	0/388	2/386	-0.604872	-0.149702	0
SRX356439	TFs and others	CTCF	Blood	GM10847	711	0/388	2/386	-0.604872	-0.149702	0
SRX3581513	TFs and others	CHD7	Pluripotent stem cell	iPS derived neural crestss	1162	0/388	2/386	-0.604872	-0.149702	0
SRX359913	TFs and others	NR4A1	Digestive tract	LoVo	124	0/388	2/386	-0.604872	-0.149702	0
SRX3599304	TFs and others	JUN	Cardiovascular	HUVEC	370	0/388	2/386	-0.604872	-0.149702	0
SRX359975	TFs and others	UBP1	Digestive tract	LoVo	118	0/388	2/386	-0.604872	-0.149702	0
SRX367640	TFs and others	KLF5	Digestive tract	AGS	256	0/388	2/386	-0.604872	-0.149702	0
SRX3679644	TFs and others	Epitope tags	Gonad	TOV-21G	239	0/388	2/386	-0.604872	-0.149702	0
SRX377960	TFs and others	ZFHX4	Neural	Glioblastoma	591	0/388	2/386	-0.604872	-0.149702	0
SRX378021	TFs and others	KSHV LANA	Uterus	TIVE-LTC	436	0/388	2/386	-0.604872	-0.149702	0
SRX3946913	TFs and others	MED1	Others	Mesenchymal stem cells	1005	0/388	2/386	-0.604872	-0.149702	0
SRX396572	TFs and others	RING1	Breast	Breast cells	402	0/388	2/386	-0.604872	-0.149702	0
SRX3990976	TFs and others	PGR	Breast	T-47D	323	0/388	2/386	-0.604872	-0.149702	0
SRX4009679	TFs and others	BACH1	Pluripotent stem cell	ES cells	178	0/388	2/386	-0.604872	-0.149702	0
SRX4096861	TFs and others	GATAD2A	Breast	HCC3153	505	0/388	2/386	-0.604872	-0.149702	0
SRX4099653	TFs and others	Epitope tags	Blood	Kasumi-1	400	0/388	2/386	-0.604872	-0.149702	0
SRX4119723	TFs and others	Epitope tags	Kidney	293	252	0/388	2/386	-0.604872	-0.149702	0
SRX4170722	TFs and others	WDR5	Blood	MV-4-11	748	0/388	2/386	-0.604872	-0.149702	0
SRX4170723	TFs and others	WDR5	Blood	MV-4-11	755	0/388	2/386	-0.604872	-0.149702	0
SRX4170725	TFs and others	WDR5	Blood	MV-4-11	811	0/388	2/386	-0.604872	-0.149702	0
SRX4170726	TFs and others	WDR5	Blood	MV-4-11	807	0/388	2/386	-0.604872	-0.149702	0
SRX4170728	TFs and others	WDR5	Blood	MV-4-11	677	0/388	2/386	-0.604872	-0.149702	0
SRX4451210	TFs and others	ESR1	Breast	MCF-7	941	0/388	2/386	-0.604872	-0.149702	0
SRX4525849	TFs and others	BRD9	Kidney	TTC-1240	1508	0/388	2/386	-0.604872	-0.149702	0
SRX4609169	TFs and others	KDM1A	Blood	SU-DHL-4	567	0/388	2/386	-0.604872	-0.149702	0
SRX4708076	TFs and others	PCBP2	Blood	K-562	510	0/388	2/386	-0.604872	-0.149702	0
SRX4708092	TFs and others	SFPQ	Blood	K-562	267	0/388	2/386	-0.604872	-0.149702	0
SRX471207	TFs and others	AR	Prostate	LNCAP	3985	0/388	2/386	-0.604872	-0.149702	0
SRX475379	TFs and others	WDR5	Prostate	LNCAP	521	0/388	2/386	-0.604872	-0.149702	0
SRX4783022	TFs and others	AR	Prostate	Prostate cancer cells	1304	0/388	2/386	-0.604872	-0.149702	0
SRX4783023	TFs and others	AR	Prostate	Prostate cancer cells	1706	0/388	2/386	-0.604872	-0.149702	0
SRX4783027	TFs and others	AR	Prostate	Prostate cancer cells	1343	0/388	2/386	-0.604872	-0.149702	0
SRX4783032	TFs and others	AR	Prostate	Prostate cancer cells	1090	0/388	2/386	-0.604872	-0.149702	0
SRX4783043	TFs and others	AR	Prostate	Prostate cancer cells	1163	0/388	2/386	-0.604872	-0.149702	0
SRX4786546	TFs and others	TET2	Breast	MCF-7	470	0/388	2/386	-0.604872	-0.149702	0
SRX4802350	TFs and others	EPAS1	Kidney	RCC4	954	0/388	2/386	-0.604872	-0.149702	0
SRX4802361	TFs and others	HIF1A	Liver	Hep G2	586	0/388	2/386	-0.604872	-0.149702	0
SRX4959104	TFs and others	AHR	Pluripotent stem cell	ES cells	277	0/388	2/386	-0.604872	-0.149702	0
SRX503334	TFs and others	KSHV LANA	Others	LEC	714	0/388	2/386	-0.604872	-0.149702	0
SRX5076291	TFs and others	ZBTB7A	Prostate	VCaP	439	0/388	2/386	-0.604872	-0.149702	0
SRX5089389	TFs and others	ARID1A	Breast	MCF-7	1027	0/388	2/386	-0.604872	-0.149702	0
SRX5089394	TFs and others	ARID1A	Breast	MCF-7	1215	0/388	2/386	-0.604872	-0.149702	0
SRX5089409	TFs and others	SMARCA4	Breast	MCF-7	224	0/388	2/386	-0.604872	-0.149702	0
SRX5089428	TFs and others	SMARCB1	Breast	MCF-7	997	0/388	2/386	-0.604872	-0.149702	0
SRX5089496	TFs and others	HDAC1	Breast	MCF-7	243	0/388	2/386	-0.604872	-0.149702	0
SRX5124821	TFs and others	FOXA1	Prostate	LAPC-4	1073	0/388	2/386	-0.604872	-0.149702	0
SRX5124830	TFs and others	FOXA1	Prostate	LAPC-4	2245	0/388	2/386	-0.604872	-0.149702	0
SRX5124849	TFs and others	TLE3	Prostate	LAPC-4	1346	0/388	2/386	-0.604872	-0.149702	0
SRX514838	TFs and others	TP63	Epidermis	Keratinocytes	1080	0/388	2/386	-0.604872	-0.149702	0
SRX5203302	TFs and others	ESR1	Breast	MCF-7	716	0/388	2/386	-0.604872	-0.149702	0
SRX523395	TFs and others	APOBEC3B	Breast	MCF-7	533	0/388	2/386	-0.604872	-0.149702	0
SRX5242454	TFs and others	MED1	Blood	MOLM-14	1151	0/388	2/386	-0.604872	-0.149702	0
SRX5251419	TFs and others	ESR1	Breast	MCF-7	723	0/388	2/386	-0.604872	-0.149702	0
SRX5286332	TFs and others	POU5F1	Pluripotent stem cell	hESC WIBR2	1215	0/388	2/386	-0.604872	-0.149702	0
SRX5346129	TFs and others	WDR5	Blood	RAMOS	1088	0/388	2/386	-0.604872	-0.149702	0
SRX5346130	TFs and others	WDR5	Blood	RAMOS	995	0/388	2/386	-0.604872	-0.149702	0
SRX5346135	TFs and others	WDR5	Blood	RAMOS	1078	0/388	2/386	-0.604872	-0.149702	0
SRX5346136	TFs and others	WDR5	Blood	RAMOS	1005	0/388	2/386	-0.604872	-0.149702	0
SRX5464931	TFs and others	YAP1	Pluripotent stem cell	iPS derived cardiac cells	1656	0/388	2/386	-0.604872	-0.149702	0
SRX573186	TFs and others	GFP	Epidermis	CS1AN	346	0/388	2/386	-0.604872	-0.149702	0
SRX5883961	TFs and others	RAD21	Blood	Multiple Myeloma	575	0/388	2/386	-0.604872	-0.149702	0
SRX5930146	TFs and others	SOX8	Muscle	RH-4	881	0/388	2/386	-0.604872	-0.149702	0
SRX6058764	TFs and others	RAD21	Breast	T-47D	1040	0/388	2/386	-0.604872	-0.149702	0
SRX6058766	TFs and others	RAD21	Breast	T-47D	1264	0/388	2/386	-0.604872	-0.149702	0
SRX6367578	TFs and others	NCOR1	Kidney	293	764	0/388	2/386	-0.604872	-0.149702	0
SRX6435428	TFs and others	PPP1R10	Kidney	293	388	0/388	2/386	-0.604872	-0.149702	0
SRX6473442	TFs and others	Epitope tags	Pluripotent stem cell	hESC derived neural crests	587	0/388	2/386	-0.604872	-0.149702	0
SRX6487040	TFs and others	FOXA1	Breast	MCF-7	663	0/388	2/386	-0.604872	-0.149702	0
SRX6487057	TFs and others	FOXA1	Breast	MCF-7	488	0/388	2/386	-0.604872	-0.149702	0
SRX6614777	TFs and others	SMC3	Lung	WI-38	878	0/388	2/386	-0.604872	-0.149702	0
SRX6639038	TFs and others	GTF3C2	Breast	T-47D	753	0/388	2/386	-0.604872	-0.149702	0
SRX667404	TFs and others	Epitope tags	Breast	MCF-7	500	0/388	2/386	-0.604872	-0.149702	0
SRX668346	TFs and others	GFP	Kidney	293	278	0/388	2/386	-0.604872	-0.149702	0
SRX668352	TFs and others	GFP	Kidney	293	424	0/388	2/386	-0.604872	-0.149702	0
SRX672731	TFs and others	TP53	Digestive tract	HCT 116	378	0/388	2/386	-0.604872	-0.149702	0
SRX672732	TFs and others	TP53	Digestive tract	HCT 116	247	0/388	2/386	-0.604872	-0.149702	0
SRX673732	TFs and others	PRKDC	Breast	MCF-7	360	0/388	2/386	-0.604872	-0.149702	0
SRX6764996	TFs and others	WDR5	Neural	BE(2)-C	793	0/388	2/386	-0.604872	-0.149702	0
SRX6764997	TFs and others	WDR5	Neural	BE(2)-C	907	0/388	2/386	-0.604872	-0.149702	0
SRX6764998	TFs and others	WDR5	Neural	BE(2)-C	818	0/388	2/386	-0.604872	-0.149702	0
SRX6853577	TFs and others	ARNT	Breast	MCF-7	244	0/388	2/386	-0.604872	-0.149702	0
SRX6909698	TFs and others	MED1	Blood	697	952	0/388	2/386	-0.604872	-0.149702	0
SRX6938335	TFs and others	Epitope tags	Neural	U-251 MG	281	0/388	2/386	-0.604872	-0.149702	0
SRX6973253	TFs and others	GFP	Pluripotent stem cell	ES cells	362	0/388	2/386	-0.604872	-0.149702	0
SRX6986757	TFs and others	Epitope tags	Pluripotent stem cell	hESC H1	1904	0/388	2/386	-0.604872	-0.149702	0
SRX701996	TFs and others	GATA4	Pluripotent stem cell	hESC derived mesendodermal cells	763	0/388	2/386	-0.604872	-0.149702	0
SRX702087	TFs and others	SMAD1	Pluripotent stem cell	hESC derived mesendodermal cells	190	0/388	2/386	-0.604872	-0.149702	0
SRX702131	TFs and others	TCF4	Pluripotent stem cell	hESC derived ectodermal cells	62	0/388	2/386	-0.604872	-0.149702	0
SRX7135408	TFs and others	TP63	Blood	K-562	582	0/388	2/386	-0.604872	-0.149702	0
SRX718423	TFs and others	SMARCA4	Epidermis	501A	324	0/388	2/386	-0.604872	-0.149702	0
SRX7202536	TFs and others	CTCF	Uterus	HEC-1-B	156	0/388	2/386	-0.604872	-0.149702	0
SRX730425	TFs and others	ESR1	Breast	MCF-7	851	0/388	2/386	-0.604872	-0.149702	0
SRX730439	TFs and others	HECTD1	Breast	MCF-7	137	0/388	2/386	-0.604872	-0.149702	0
SRX7371439	TFs and others	TP53	Pluripotent stem cell	hESC derived mesodermal cells	1064	0/388	2/386	-0.604872	-0.149702	0
SRX7371445	TFs and others	TP53	Pluripotent stem cell	hESC derived ectodermal cells	1396	0/388	2/386	-0.604872	-0.149702	0
SRX749133	TFs and others	BRD4	Blood	GM12878	273	0/388	2/386	-0.604872	-0.149702	0
SRX7494163	TFs and others	HIF1A	Blood	K-562	1161	0/388	2/386	-0.604872	-0.149702	0
SRX7522853	TFs and others	BCL9	Breast	MCF10DCIS.com	128	0/388	2/386	-0.604872	-0.149702	0
SRX7522858	TFs and others	BCL9	Breast	MCF10DCIS.com	372	0/388	2/386	-0.604872	-0.149702	0
SRX7522859	TFs and others	BCL9	Breast	MCF10DCIS.com	313	0/388	2/386	-0.604872	-0.149702	0
SRX753133	TFs and others	GTF2I	Pluripotent stem cell	iPS cells	423	0/388	2/386	-0.604872	-0.149702	0
SRX758617	TFs and others	FOXP1	Blood	OCI-LY-19	1660	0/388	2/386	-0.604872	-0.149702	0
SRX7693107	TFs and others	CRY1	Prostate	C4-2	1253	0/388	2/386	-0.604872	-0.149702	0
SRX7695541	TFs and others	TEAD4	Others	WERI-Rb-1	1795	0/388	2/386	-0.604872	-0.149702	0
SRX769727	TFs and others	SUMO2	Prostate	VCaP	1105	0/388	2/386	-0.604872	-0.149702	0
SRX7749593	TFs and others	G-quadruplex	Adipocyte	93T449	406	0/388	2/386	-0.604872	-0.149702	0
SRX7807129	TFs and others	MED1	Adipocyte	Adipocytes	839	0/388	2/386	-0.604872	-0.149702	0
SRX7807560	TFs and others	GATA3	Blood	GM12878	877	0/388	2/386	-0.604872	-0.149702	0
SRX8080542	TFs and others	Epitope tags	Breast	Mammary gland ductal carcinoma	279	0/388	2/386	-0.604872	-0.149702	0
SRX8083105	TFs and others	FGFR1	Breast	CAMA-1	667	0/388	2/386	-0.604872	-0.149702	0
SRX8089616	TFs and others	AR	Prostate	VCaP	2210	0/388	2/386	-0.604872	-0.149702	0
SRX818643	TFs and others	PIAS1	Kidney	293	1144	0/388	2/386	-0.604872	-0.149702	0
SRX8299800	TFs and others	CDC73	Bone	U2OS	511	0/388	2/386	-0.604872	-0.149702	0
SRX8299805	TFs and others	CDC73	Bone	U2OS	578	0/388	2/386	-0.604872	-0.149702	0
SRX8299823	TFs and others	CDC73	Bone	U2OS	467	0/388	2/386	-0.604872	-0.149702	0
SRX8299824	TFs and others	CDC73	Bone	U2OS	479	0/388	2/386	-0.604872	-0.149702	0
SRX8333286	TFs and others	BAP1	Lung	NCI-H1963	569	0/388	2/386	-0.604872	-0.149702	0
SRX8342557	TFs and others	SUZ12	Pluripotent stem cell	iPS cells	747	0/388	2/386	-0.604872	-0.149702	0
SRX8342558	TFs and others	SUZ12	Pluripotent stem cell	iPS cells	829	0/388	2/386	-0.604872	-0.149702	0
SRX8418755	TFs and others	ESR1	Uterus	Endometrial stromal cells	119	0/388	2/386	-0.604872	-0.149702	0
SRX8449944	TFs and others	Epitope tags	Blood	Jurkat	542	0/388	2/386	-0.604872	-0.149702	0
SRX852985	TFs and others	RUNX1	Breast	MCF-7	261	0/388	2/386	-0.604872	-0.149702	0
SRX8664956	TFs and others	ATF4	Blood	HUDEP-2	1176	0/388	2/386	-0.604872	-0.149702	0
SRX8699802	TFs and others	TP53	Kidney	293	1106	0/388	2/386	-0.604872	-0.149702	0
SRX8850930	TFs and others	Epitope tags	Breast	MCF 10A	387	0/388	2/386	-0.604872	-0.149702	0
SRX8984317	TFs and others	STAG1	Bone	A-673	836	0/388	2/386	-0.604872	-0.149702	0
SRX9135095	TFs and others	AR	Prostate	VCaP	2010	0/388	2/386	-0.604872	-0.149702	0
SRX9178833	TFs and others	HAP1	Blood	HAP1	1586	0/388	2/386	-0.604872	-0.149702	0
SRX9187415	TFs and others	HDAC1	Pancreas	MIA Paca-2	787	0/388	2/386	-0.604872	-0.149702	0
SRX9309769	TFs and others	BRD4	Blood	HL-60	907	0/388	2/386	-0.604872	-0.149702	0
SRX9318380	TFs and others	TOP2B	Neural	Glioma	351	0/388	2/386	-0.604872	-0.149702	0
SRX9350930	TFs and others	BRD4	Digestive tract	COLO 320HSR	1128	0/388	2/386	-0.604872	-0.149702	0
SRX9468672	TFs and others	Epitope tags	Prostate	LNCAP	619	0/388	2/386	-0.604872	-0.149702	0
SRX9528950	TFs and others	Epitope tags	Breast	MCF-7	575	0/388	2/386	-0.604872	-0.149702	0
SRX9562902	TFs and others	SMARCA4	Muscle	RH-4	1259	0/388	2/386	-0.604872	-0.149702	0
SRX968422	TFs and others	EPAS1	Kidney	786-O	1345	0/388	2/386	-0.604872	-0.149702	0
SRX968975	TFs and others	RELA	Breast	MCF-7	155	0/388	2/386	-0.604872	-0.149702	0
SRX973428	TFs and others	EHMT2	Kidney	293	1188	0/388	2/386	-0.604872	-0.149702	0
SRX129084	TFs and others	MAX	Blood	P493-6	20600	271/388	254/386	-0.604557	-0.149702	1.06143
SRX017699	TFs and others	EP300	Blood	CD4+ T cells	171	3/388	0/386	-0.60374	-0.149702	inf
SRX022563	TFs and others	ERG	Prostate	VCaP	174	3/388	0/386	-0.60374	-0.149702	inf
SRX10644251	TFs and others	CDT1	Digestive tract	HCT 116	1273	3/388	0/386	-0.60374	-0.149702	inf
SRX1094498	TFs and others	BRD4	Unclassified	Unclassified	244	3/388	0/386	-0.60374	-0.149702	inf
SRX1514952	TFs and others	GFP	Kidney	293	446	3/388	0/386	-0.60374	-0.149702	inf
SRX1629252	TFs and others	ERG	Prostate	VCaP	994	3/388	0/386	-0.60374	-0.149702	inf
SRX1993441	TFs and others	ZSCAN5D	Placenta	BeWo	487	3/388	0/386	-0.60374	-0.149702	inf
SRX2267455	TFs and others	BRD4	Lung	PC-9	787	3/388	0/386	-0.60374	-0.149702	inf
SRX2431542	TFs and others	FOXA2	Epidermis	BJ	658	3/388	0/386	-0.60374	-0.149702	inf
SRX2548296	TFs and others	BRD4	Blood	ST1	598	3/388	0/386	-0.60374	-0.149702	inf
SRX2844311	TFs and others	SMAD2	Pluripotent stem cell	hESC H1	1404	3/388	0/386	-0.60374	-0.149702	inf
SRX3098186	TFs and others	MECOM	Blood	SKH1	1015	3/388	0/386	-0.60374	-0.149702	inf
SRX3098187	TFs and others	MECOM	Blood	SKH1	1096	3/388	0/386	-0.60374	-0.149702	inf
SRX359991	TFs and others	CTCFL	Digestive tract	LoVo	405	3/388	0/386	-0.60374	-0.149702	inf
SRX3757016	TFs and others	Cas9	Pluripotent stem cell	NCCIT	414	3/388	0/386	-0.60374	-0.149702	inf
SRX3768737	TFs and others	MLLT3	Blood	CD34 Hematopoietic stem cells	337	3/388	0/386	-0.60374	-0.149702	inf
SRX3946917	TFs and others	MED1	Others	Mesenchymal stem cells	1246	3/388	0/386	-0.60374	-0.149702	inf
SRX396289	TFs and others	CBX4	Kidney	293	182	3/388	0/386	-0.60374	-0.149702	inf
SRX469393	TFs and others	ESR1	Breast	MCF-7	204	3/388	0/386	-0.60374	-0.149702	inf
SRX4901022	TFs and others	GFI1B	Blood	SET-2	450	3/388	0/386	-0.60374	-0.149702	inf
SRX4937333	TFs and others	KAT2A	Digestive tract	HCT 116	298	3/388	0/386	-0.60374	-0.149702	inf
SRX4937339	TFs and others	MED1	Digestive tract	HCT 116	430	3/388	0/386	-0.60374	-0.149702	inf
SRX4941318	TFs and others	XBP1	Prostate	LNCAP	617	3/388	0/386	-0.60374	-0.149702	inf
SRX4947693	TFs and others	Epitope tags	Cardiovascular	HUVEC	2066	3/388	0/386	-0.60374	-0.149702	inf
SRX4947694	TFs and others	Epitope tags	Cardiovascular	HUVEC	2729	3/388	0/386	-0.60374	-0.149702	inf
SRX5299357	TFs and others	PHC1	Kidney	293	222	3/388	0/386	-0.60374	-0.149702	inf
SRX5600894	TFs and others	OLIG2	Neural	Prefrontal Cortex	425	3/388	0/386	-0.60374	-0.149702	inf
SRX5822373	TFs and others	AML1-ETO	Blood	Kasumi-1	1711	3/388	0/386	-0.60374	-0.149702	inf
SRX6602369	TFs and others	ARNTL	Neural	Neural Stem Cells	1583	3/388	0/386	-0.60374	-0.149702	inf
SRX7015654	TFs and others	SS18	Muscle	SYO-1	1339	3/388	0/386	-0.60374	-0.149702	inf
SRX7695557	TFs and others	TEAD4	Lung	NCI-H2171	1109	3/388	0/386	-0.60374	-0.149702	inf
SRX8726306	TFs and others	BMI1	Others	Tumor	311	3/388	0/386	-0.60374	-0.149702	inf
SRX9433107	TFs and others	CTR9	Bone	U2OS	379	3/388	0/386	-0.60374	-0.149702	inf
SRX9600615	TFs and others	G-quadruplex	Blood	K-562	293	3/388	0/386	-0.60374	-0.149702	inf
SRX2770857	TFs and others	SPI1	Blood	Macrophages	56008	214/388	196/386	-0.603446	-0.149501	1.08621
SRX3091909	TFs and others	ZFX	Prostate	C4-2	7860	186/388	169/386	-0.60302	-0.149354	1.09492
SRX1165095	TFs and others	Epitope tags	Liver	Hep G2	16032	212/388	194/386	-0.602984	-0.149354	1.08715
SRX5974577	TFs and others	GATA1	Blood	K-562	13107	47/388	58/386	-0.602903	-0.149354	0.806168
SRX9550860	TFs and others	FOXA1	Prostate	Prostate cancer	54609	270/388	253/386	-0.60284	-0.149354	1.06169
SRX7054614	TFs and others	RELA	Cardiovascular	HAEC	32810	211/388	193/386	-0.602787	-0.149354	1.08763
SRX4192958	TFs and others	SMC1A	Breast	MCF-7	12991	37/388	47/386	-0.602663	-0.149354	0.783176
SRX100561	TFs and others	YY1	Blood	GM12892	14528	187/388	170/386	-0.602658	-0.149354	1.09433
SRX210718	TFs and others	MYC	Kidney	293	10626	209/388	191/386	-0.602458	-0.149296	1.0886
SRX1079388	TFs and others	SUMO2	Prostate	VCaP	26648	208/388	190/386	-0.602326	-0.149296	1.08909
SRX3460917	TFs and others	IKZF1	Blood	Pre-B cells	31964	208/388	190/386	-0.602326	-0.149296	1.08909
SRX476925	TFs and others	SNAI2	Epidermis	Keratinocytes	17394	181/388	197/386	-0.602217	-0.149278	0.914046
SRX1514997	TFs and others	GFP	Kidney	293	2887	72/388	59/386	-0.601704	-0.149096	1.21405
SRX6913073	TFs and others	BRD2	Blood	K-562	3314	72/388	59/386	-0.601704	-0.149096	1.21405
SRX5323828	TFs and others	FOXA1	Breast	T-47D	17121	59/388	47/386	-0.601668	-0.149096	1.24885
SRX543182	TFs and others	RCOR1	Epidermis	Keratinocytes	7224	59/388	47/386	-0.601668	-0.149096	1.24885
SRX190176	TFs and others	CREB1	Lung	A549	1804	48/388	37/386	-0.601466	-0.148986	1.29061
SRX7054666	TFs and others	RELA	Cardiovascular	HAEC	34264	193/388	176/386	-0.600953	-0.148564	1.09094
SRX265225	TFs and others	TCF12	Blood	ME-1	11836	189/388	204/386	-0.600039	-0.147741	0.921695
SRX8673482	TFs and others	CTCF	Bone	HT-1080	63962	187/388	202/386	-0.599909	-0.147703	0.920971
SRX018279	TFs and others	EP300	Neural	T98G	9949	108/388	93/386	-0.599475	-0.147452	1.1553
SRX1424881	TFs and others	KMT2A	Blood	SEM	5529	108/388	93/386	-0.599475	-0.147452	1.1553
SRX5824550	TFs and others	BRD7	Breast	SUM 159PT	12139	136/388	120/386	-0.597937	-0.146161	1.12749
SRX971780	TFs and others	KMT2D	Blood	OCI-LY-7	20210	267/388	250/386	-0.59791	-0.146161	1.06249
SRX356484	TFs and others	CTCF	Blood	Lymphoblastoid cell line	30530	121/388	136/386	-0.59791	-0.146161	0.88512
SRX023216	TFs and others	ETV1	Digestive tract	GIST48	6383	73/388	60/386	-0.596764	-0.145106	1.2104
SRX6878591	TFs and others	AR	Prostate	LNCAP	40220	48/388	59/386	-0.596459	-0.145044	0.809366
SRX1873451	TFs and others	MED1	Blood	SEM	19169	266/388	249/386	-0.596338	-0.145044	1.06277
SRX2059875	TFs and others	SUPT5H	Blood	BJAB	16599	266/388	249/386	-0.596338	-0.145044	1.06277
SRX367491	TFs and others	ASXL1	Kidney	293	13822	266/388	249/386	-0.596338	-0.145044	1.06277
SRX3110721	TFs and others	ESR1	Breast	MCF-7	7179	60/388	48/386	-0.595236	-0.144951	1.24356
SRX1012659	TFs and others	PGR	Breast	MCF-7	10735	22/388	30/386	-0.594925	-0.144951	0.729553
SRX2368894	TFs and others	FOXA2	Pluripotent stem cell	hESC derived endodermal cells	16876	22/388	30/386	-0.594925	-0.144951	0.729553
SRX7540328	TFs and others	BRD4	Breast	MCF-7	1163	22/388	30/386	-0.594925	-0.144951	0.729553
SRX8970971	TFs and others	MCM7	Others	Squamous cell carcinoma 	16449	138/388	122/386	-0.594756	-0.144951	1.12532
SRX7544089	TFs and others	ESR1	Uterus	Ishikawa	14201	76/388	89/386	-0.5944	-0.144951	0.849531
SRX1012655	TFs and others	PGR	Breast	MCF-7	19301	38/388	48/386	-0.594323	-0.144951	0.787586
SRX150365	TFs and others	RELA	Blood	GM12892	4794	38/388	48/386	-0.594323	-0.144951	0.787586
SRX1089830	TFs and others	NFE2	Blood	Hematopoietic Stem Cells	3108	31/388	22/386	-0.593797	-0.144951	1.40183
SRX150596	TFs and others	BRCA1	Pluripotent stem cell	hESC H1	1672	31/388	22/386	-0.593797	-0.144951	1.40183
SRX3288567	TFs and others	NANOG	Pluripotent stem cell	hESC H9	18784	31/388	22/386	-0.593797	-0.144951	1.40183
SRX3461645	TFs and others	BCL6	Blood	OCI-LY1	3553	31/388	22/386	-0.593797	-0.144951	1.40183
SRX471867	TFs and others	BRD2	Prostate	VCaP	2780	31/388	22/386	-0.593797	-0.144951	1.40183
SRX1133787	TFs and others	KDM1A	Blood	Kasumi-1	2844	16/388	23/386	-0.593613	-0.144951	0.692066
SRX3070475	TFs and others	NR3C1	Breast	MCF 10A	6777	16/388	23/386	-0.593613	-0.144951	0.692066
SRX4174971	TFs and others	PPARG	Adipocyte	Adipocytes	8840	16/388	23/386	-0.593613	-0.144951	0.692066
SRX4374897	TFs and others	NOTCH1	Breast	MB 157	1465	16/388	23/386	-0.593613	-0.144951	0.692066
SRX6852813	TFs and others	SOX2	Lung	LK-2	8425	16/388	23/386	-0.593613	-0.144951	0.692066
SRX6957429	TFs and others	FOXL2	Gonad	KGN	5821	16/388	23/386	-0.593613	-0.144951	0.692066
SRX4411675	TFs and others	AR	Prostate	LNCAP	47713	61/388	73/386	-0.593232	-0.144951	0.831309
SRX5702620	TFs and others	ESR1	Breast	T-47D	12682	49/388	38/386	-0.593142	-0.144951	1.28283
SRX7794488	TFs and others	HIF1A	Lung	BEAS-2B	2070	49/388	38/386	-0.593142	-0.144951	1.28283
SRX1012627	TFs and others	ESR1	Breast	MCF-7	6896	11/388	17/386	-0.593123	-0.144951	0.643723
SRX3229180	TFs and others	FOXA1	Breast	Breast cancer	6007	11/388	17/386	-0.593123	-0.144951	0.643723
SRX3733787	TFs and others	CTCF	Liver	Hep G2	1205	11/388	17/386	-0.593123	-0.144951	0.643723
SRX4374900	TFs and others	NOTCH1	Breast	MB 157	1008	11/388	17/386	-0.593123	-0.144951	0.643723
SRX5068572	TFs and others	DPF2	Gonad	BIN-67	3868	11/388	17/386	-0.593123	-0.144951	0.643723
SRX523396	TFs and others	APOBEC3B	Breast	MCF-7	4161	11/388	17/386	-0.593123	-0.144951	0.643723
SRX8406305	TFs and others	HOXB13	Prostate	Prostate	8773	11/388	17/386	-0.593123	-0.144951	0.643723
SRX8617021	TFs and others	ESR1	Breast	MCF-7	5219	11/388	17/386	-0.593123	-0.144951	0.643723
SRX9055414	TFs and others	GATA1	Blood	HUDEP-2	3887	11/388	17/386	-0.593123	-0.144951	0.643723
SRX8257422	TFs and others	MITF	Epidermis	A-375	3982	24/388	16/386	-0.592507	-0.144951	1.49227
SRX1460854	TFs and others	MED1	Blood	Th1 Cells	875	18/388	11/386	-0.592032	-0.144951	1.62793
SRX2188691	TFs and others	BRCA1	Bone	U2OS	875	18/388	11/386	-0.592032	-0.144951	1.62793
SRX4708025	TFs and others	HNRNPUL1	Liver	Hep G2	1722	18/388	11/386	-0.592032	-0.144951	1.62793
SRX5409709	TFs and others	NETO2	Blood	CD34 Hematopoietic stem cells	12459	18/388	11/386	-0.592032	-0.144951	1.62793
SRX9607923	TFs and others	TFAP2A	Epidermis	A-375	2094	18/388	11/386	-0.592032	-0.144951	1.62793
SRX100389	TFs and others	REST	Liver	Hep G2	6889	74/388	61/386	-0.591965	-0.144951	1.20686
SRX9317668	TFs and others	FOXC1	Blood	Acute myeloid leukemia	26321	111/388	96/386	-0.591763	-0.144951	1.15029
ERX1149089	TFs and others	CTCF	Blood	HEL 92.1.7	2232	7/388	12/386	-0.591258	-0.144951	0.580326
SRX027490	TFs and others	EP300	Pluripotent stem cell	hESC derived neural cells	2133	7/388	12/386	-0.591258	-0.144951	0.580326
SRX11220467	TFs and others	SOX9	Digestive tract	HT-29	866	7/388	12/386	-0.591258	-0.144951	0.580326
SRX129067	TFs and others	MYC	Blood	P493-6	733	7/388	12/386	-0.591258	-0.144951	0.580326
SRX1397396	TFs and others	GATA1	Blood	CD34+	3544	7/388	12/386	-0.591258	-0.144951	0.580326
SRX189083	TFs and others	CTCF	Lung	WI-38	3326	7/388	12/386	-0.591258	-0.144951	0.580326
SRX2748855	TFs and others	RARA	Others	Adenoid cystic carcinoma	846	7/388	12/386	-0.591258	-0.144951	0.580326
SRX3144857	TFs and others	SIN3A	Cardiovascular	HUVEC	1907	7/388	12/386	-0.591258	-0.144951	0.580326
SRX518683	TFs and others	IRF4	Blood	OCI-LY-3	2218	7/388	12/386	-0.591258	-0.144951	0.580326
SRX5577160	TFs and others	AR	Prostate	LNCAP	1657	7/388	12/386	-0.591258	-0.144951	0.580326
SRX5803017	TFs and others	POLR3C	Kidney	293	1876	7/388	12/386	-0.591258	-0.144951	0.580326
SRX6039040	TFs and others	RARA	Pluripotent stem cell	iPS derived chondrocytes	1940	7/388	12/386	-0.591258	-0.144951	0.580326
SRX8406309	TFs and others	HOXB13	Prostate	Prostatic Neoplasms, Castration-Resistant	8035	7/388	12/386	-0.591258	-0.144951	0.580326
SRX8432585	TFs and others	TBP	Pluripotent stem cell	iPS cells	1120	7/388	12/386	-0.591258	-0.144951	0.580326
SRX9674613	TFs and others	FOXO1	Muscle	Rh-4	3259	7/388	12/386	-0.591258	-0.144951	0.580326
SRX9849096	TFs and others	MTF2	Blood	K-562	851	7/388	12/386	-0.591258	-0.144951	0.580326
SRX3124392	TFs and others	BRD4	Neural	KELLY	9378	77/388	90/386	-0.590885	-0.144668	0.851145
SRX4313219	TFs and others	HDAC2	Muscle	RH-4	2164	13/388	7/386	-0.590183	-0.144417	1.84757
SRX5157148	TFs and others	CEBPA	Blood	THP-1	6239	13/388	7/386	-0.590183	-0.144417	1.84757
SRX5232045	TFs and others	INSR	Liver	Hep G2	1126	13/388	7/386	-0.590183	-0.144417	1.84757
SRX6692569	TFs and others	Epitope tags	Epidermis	Keratinocytes	1512	13/388	7/386	-0.590183	-0.144417	1.84757
SRX9674308	TFs and others	NR3C1	Pluripotent stem cell	iPSC derived hepatocytes	5837	13/388	7/386	-0.590183	-0.144417	1.84757
SRX092569	TFs and others	HCFC1	Uterus	HeLa	1923	61/388	49/386	-0.589025	-0.143439	1.23848
SRX359886	TFs and others	ETV5	Digestive tract	LoVo	4659	61/388	49/386	-0.589025	-0.143439	1.23848
SRX4046307	TFs and others	MEN1	Blood	Erythroblasts	6594	142/388	126/386	-0.588807	-0.14331	1.12117
SRX5360650	TFs and others	KLF4	Epidermis	BJ	6469	62/388	74/386	-0.588562	-0.143155	0.833519
SRX190255	TFs and others	ZBTB33	Neural	SK-N-SH	5904	75/388	62/386	-0.587303	-0.1421	1.20344
SRX096360	TFs and others	Epitope tags	Cardiovascular	HUVEC	13396	30/388	39/386	-0.587237	-0.1421	0.765266
SRX6748254	TFs and others	FOXA1	Prostate	Prostate cancer	20063	30/388	39/386	-0.587237	-0.1421	0.765266
SRX100548	TFs and others	ATF3	Liver	Hep G2	2394	40/388	30/386	-0.5861	-0.141161	1.32646
SRX6750798	TFs and others	SOX2	Breast	MDA-MB-231	2246	40/388	30/386	-0.5861	-0.141161	1.32646
SRX150623	TFs and others	HMGN3	Blood	K-562	8353	144/388	128/386	-0.586029	-0.141161	1.1192
SRX1389376	TFs and others	KLF4	Pancreas	PDAC	5763	50/388	39/386	-0.585166	-0.140388	1.27544
SRX2578880	TFs and others	ESR1	Breast	MDA-MB-231	11938	130/388	145/386	-0.584975	-0.140287	0.89193
SRX10382403	TFs and others	QSER1	Pluripotent stem cell	hESC H1	6435	79/388	92/386	-0.584106	-0.139762	0.854269
SRX6175632	TFs and others	STAG1	Bone	TC-71	28535	63/388	75/386	-0.584024	-0.139762	0.83567
SRX1027444	TFs and others	CEBPB	Others	Mesenchymal stem cells	57600	62/388	50/386	-0.583024	-0.139762	1.23361
ERX1149088	TFs and others	CTCF	Blood	K-562	1521	4/388	8/386	-0.58146	-0.139762	0.497423
SRX022391	TFs and others	VDR	Blood	Lymphoblastoid cell line	581	4/388	8/386	-0.58146	-0.139762	0.497423
SRX023658	TFs and others	TRRAP	Uterus	HeLa	553	4/388	8/386	-0.58146	-0.139762	0.497423
SRX096353	TFs and others	CDX2	Digestive tract	LS-180	4924	4/388	8/386	-0.58146	-0.139762	0.497423
SRX10365524	TFs and others	ESR1	Breast	MDA-MB-231	2734	4/388	8/386	-0.58146	-0.139762	0.497423
SRX10365537	TFs and others	RAC1	Breast	MCF-7	5787	4/388	8/386	-0.58146	-0.139762	0.497423
SRX1048454	TFs and others	BACH2	Blood	DOHH-2	1060	4/388	8/386	-0.58146	-0.139762	0.497423
SRX1067065	TFs and others	HOXB13	Prostate	LNCAP	5873	4/388	8/386	-0.58146	-0.139762	0.497423
SRX1514972	TFs and others	GFP	Kidney	293	1941	4/388	8/386	-0.58146	-0.139762	0.497423
SRX1787681	TFs and others	KMT2C	Breast	MCF-7	3474	4/388	8/386	-0.58146	-0.139762	0.497423
SRX185913	TFs and others	FOXM1	Breast	MDA-MB-231	972	4/388	8/386	-0.58146	-0.139762	0.497423
SRX2020849	TFs and others	STAT3	Breast	HCC1143	2066	4/388	8/386	-0.58146	-0.139762	0.497423
SRX2368901	TFs and others	FOXA2	Epidermis	BJ	4682	4/388	8/386	-0.58146	-0.139762	0.497423
SRX2460054	TFs and others	ESR1	Breast	Breast cancer cells	1466	4/388	8/386	-0.58146	-0.139762	0.497423
SRX2770847	TFs and others	CEBPB	Blood	Macrophages	2601	4/388	8/386	-0.58146	-0.139762	0.497423
SRX3110710	TFs and others	ESR1	Breast	MCF-7	2805	4/388	8/386	-0.58146	-0.139762	0.497423
SRX3541098	TFs and others	ESR1	Breast	MCF-7	1815	4/388	8/386	-0.58146	-0.139762	0.497423
SRX398302	TFs and others	CDK8	Digestive tract	SW 480	1743	4/388	8/386	-0.58146	-0.139762	0.497423
SRX4650947	TFs and others	RNF2	Kidney	293	587	4/388	8/386	-0.58146	-0.139762	0.497423
SRX5604677	TFs and others	HOXB13	Prostate	LNCAP	5707	4/388	8/386	-0.58146	-0.139762	0.497423
SRX6857972	TFs and others	PGR	Uterus	Myometrium	1450	4/388	8/386	-0.58146	-0.139762	0.497423
SRX7088113	TFs and others	TP53	Cardiovascular	HPAEC	1793	4/388	8/386	-0.58146	-0.139762	0.497423
SRX728769	TFs and others	CDC73	Blood	THP-1	980	4/388	8/386	-0.58146	-0.139762	0.497423
SRX7805895	TFs and others	SMC1A	Epidermis	Dermal fibroblast	1818	4/388	8/386	-0.58146	-0.139762	0.497423
SRX7951327	TFs and others	SMARCA4	Lung	NCI-H1944	939	4/388	8/386	-0.58146	-0.139762	0.497423
SRX8520804	TFs and others	NR3C1	Breast	HCC70	3083	4/388	8/386	-0.58146	-0.139762	0.497423
SRX8616363	TFs and others	KSHV LANA	Blood	BJAB	520	4/388	8/386	-0.58146	-0.139762	0.497423
SRX8716244	TFs and others	AGO1	Breast	MCF-7	1889	4/388	8/386	-0.58146	-0.139762	0.497423
SRX968966	TFs and others	ESR1	Breast	MCF-7	1786	4/388	8/386	-0.58146	-0.139762	0.497423
SRX9719176	TFs and others	TET2	Breast	MCF-7	2349	4/388	8/386	-0.58146	-0.139762	0.497423
SRX9571475	TFs and others	Epitope tags	Blood	K-562	30470	287/388	271/386	-0.581407	-0.139762	1.05358
SRX2642368	TFs and others	FOXA1	Prostate	VCaP	69892	133/388	148/386	-0.581232	-0.139676	0.894016
ERX200504	TFs and others	CTCF	Blood	B cells	2107	9/388	4/386	-0.58041	-0.139032	2.2384
SRX1514988	TFs and others	GFP	Kidney	293	2633	9/388	4/386	-0.58041	-0.139032	2.2384
SRX6927198	TFs and others	THAP11	Kidney	293	1681	32/388	23/386	-0.580045	-0.138756	1.38413
SRX9730735	TFs and others	CDK9	Blood	THP-1	5251	94/388	80/386	-0.579522	-0.138323	1.16894
SRX128100	TFs and others	TFAP2C	Breast	BT-474	41857	286/388	270/386	-0.579201	-0.13818	1.0538
SRX2642365	TFs and others	FOXA1	Prostate	VCaP	52101	102/388	116/386	-0.579201	-0.13818	0.874778
SRX9468656	TFs and others	AR	Prostate	LNCAP	36694	40/388	50/386	-0.578668	-0.137735	0.795876
SRX3468012	TFs and others	ARID2	Others	Aska	3062	51/388	62/386	-0.578414	-0.137571	0.818341
SRX4708082	TFs and others	RBFOX2	Blood	K-562	23841	307/388	292/386	-0.577647	-0.137138	1.04595
SRX2935292	TFs and others	8-Hydroxydeoxyguanosine	Breast	MCF 10A	52680	81/388	94/386	-0.577647	-0.137138	0.85726
SRX150599	TFs and others	MAFF	Blood	K-562	18488	51/388	40/386	-0.577516	-0.137138	1.26843
SRX369129	TFs and others	RBPJ	Blood	CUTLL1	2549	51/388	40/386	-0.577516	-0.137138	1.26843
SRX7700193	TFs and others	TP63	Breast	MCF10DCIS.com	13810	51/388	40/386	-0.577516	-0.137138	1.26843
SRX9029200	TFs and others	POU2F2	Blood	Monocytes-CD14+	2981	63/388	51/386	-0.577223	-0.137138	1.22893
SRX186725	TFs and others	EZH2	Lung	NHLF	4459	31/388	40/386	-0.57718	-0.137138	0.771005
SRX2545051	TFs and others	FOXA1	Prostate	LNCAP	33841	31/388	40/386	-0.57718	-0.137138	0.771005
SRX5391681	TFs and others	SMC3	Blood	Neutrophils	5218	31/388	40/386	-0.57718	-0.137138	0.771005
SRX017325	TFs and others	PHF8	Neural	SH-SY5Y	3879	95/388	81/386	-0.576335	-0.136381	1.16679
SRX5323872	TFs and others	ESR1	Breast	MCF-7	22865	65/388	77/386	-0.57532	-0.135866	0.839805
SRX118011	TFs and others	TBL1Y	Kidney	293	1361	17/388	24/386	-0.575199	-0.135866	0.704682
SRX2548282	TFs and others	BATF3	Blood	ST1	13927	17/388	24/386	-0.575199	-0.135866	0.704682
SRX4174974	TFs and others	PPARG	Adipocyte	Adipocytes	8006	17/388	24/386	-0.575199	-0.135866	0.704682
SRX682385	TFs and others	LMO2	Blood	TSU-1621MT	11781	17/388	24/386	-0.575199	-0.135866	0.704682
SRX687557	TFs and others	GATA2	Blood	Erythroid progenitors	5098	17/388	24/386	-0.575199	-0.135866	0.704682
SRX7677760	TFs and others	DCP2	Digestive tract	DLD-1	2212	17/388	24/386	-0.575199	-0.135866	0.704682
SRX10484574	TFs and others	KMT2A	Blood	RS4-11	21023	249/388	232/386	-0.574525	-0.135416	1.06774
SRX1027443	TFs and others	CEBPB	Others	Mesenchymal stem cells	15869	25/388	17/386	-0.574129	-0.135416	1.46301
SRX1690222	TFs and others	MYCN	Neural	Neuroblastoma	1769	25/388	17/386	-0.574129	-0.135416	1.46301
SRX475798	TFs and others	ZBTB33	Blood	GM12878	1322	25/388	17/386	-0.574129	-0.135416	1.46301
SRX8468592	TFs and others	BRD4	Liver	HuH-7	2643	25/388	17/386	-0.574129	-0.135416	1.46301
SRX889798	TFs and others	Epitope tags	Unclassified	Unclassified	1869	25/388	17/386	-0.574129	-0.135416	1.46301
SRX9674627	TFs and others	BRD9	Muscle	Rh-4	1632	25/388	17/386	-0.574129	-0.135416	1.46301
SRX476922	TFs and others	SNAI2	Epidermis	Keratinocytes	29527	234/388	248/386	-0.573954	-0.135331	0.938685
SRX658611	TFs and others	MYB	Blood	Jurkat	37544	248/388	231/386	-0.573504	-0.134968	1.06806
SRX6778343	TFs and others	ELF1	Lung	A549	7746	155/388	139/386	-0.572902	-0.134455	1.10936
SRX2064717	TFs and others	RAD21	Digestive tract	HCT 116	25082	141/388	156/386	-0.572509	-0.134239	0.899187
SRX8536089	TFs and others	RUNX1T1	Blood	CD34+	13270	141/388	156/386	-0.572509	-0.134239	0.899187
SRX2194283	TFs and others	BRD4	Breast	SUM 159PT	19859	156/388	140/386	-0.571877	-0.133695	1.10854
SRX5313204	TFs and others	TP53	Digestive tract	HCT 116	4732	64/388	52/386	-0.571611	-0.133518	1.22443
SRX2140216	TFs and others	CCND2	Blood	MM.1S	2919	41/388	51/386	-0.571311	-0.133307	0.799778
SRX8536112	TFs and others	GATA1	Blood	HUDEP-2	12880	66/388	78/386	-0.571145	-0.133229	0.841792
SRX3800334	TFs and others	SMC1A	Others	RT-112	22023	231/388	245/386	-0.570879	-0.133052	0.937997
SRX10657966	TFs and others	Epitope tags	Blood	NALM-6	20345	244/388	227/386	-0.56968	-0.131941	1.06935
SRX190361	TFs and others	SIN3A	Digestive tract	HCT 116	24165	281/388	265/386	-0.568861	-0.131689	1.05491
SRX8841631	TFs and others	RAD21	Blood	Lymphoblasts	16815	84/388	97/386	-0.568515	-0.131689	0.861516
SRX3123830	TFs and others	ESR1	Breast	MCF-7	12600	24/388	32/386	-0.568253	-0.131689	0.746134
SRX4038241	TFs and others	PATZ1	Liver	Hep G2	2274	24/388	32/386	-0.568253	-0.131689	0.746134
SRX5089388	TFs and others	ARID1A	Breast	MCF-7	14663	24/388	32/386	-0.568253	-0.131689	0.746134
SRX890396	TFs and others	KDM1A	Lung	NCI-H526	4861	24/388	32/386	-0.568253	-0.131689	0.746134
SRX9912225	TFs and others	SREBF2	Digestive tract	HCT 116	2056	24/388	32/386	-0.568253	-0.131689	0.746134
ERX1276027	TFs and others	CTCF	Blood	UT-7	2853	12/388	18/386	-0.567692	-0.131689	0.66323
SRX1073586	TFs and others	MYC	Blood	GEN2.2	1485	12/388	18/386	-0.567692	-0.131689	0.66323
SRX1616409	TFs and others	MYCN	Neural	IMR-5	1310	12/388	18/386	-0.567692	-0.131689	0.66323
SRX361228	TFs and others	GATA3	Breast	T-47D	3255	12/388	18/386	-0.567692	-0.131689	0.66323
SRX4213899	TFs and others	YAP1	Breast	MCF 10A	4785	12/388	18/386	-0.567692	-0.131689	0.66323
SRX4727912	TFs and others	TP53BP1	Pluripotent stem cell	hESC H9	960	12/388	18/386	-0.567692	-0.131689	0.66323
SRX475748	TFs and others	EP300	Blood	GM12878	4866	12/388	18/386	-0.567692	-0.131689	0.66323
SRX8406314	TFs and others	HOXB13	Prostate	Prostatic Neoplasms, Castration-Resistant	11354	12/388	18/386	-0.567692	-0.131689	0.66323
SRX8984316	TFs and others	SMC1A	Bone	A-673	6121	12/388	18/386	-0.567692	-0.131689	0.66323
SRX080156	TFs and others	MYC	Blood	K-562	2254	32/388	41/386	-0.567622	-0.131689	0.776465
SRX150912	TFs and others	GATA2	Prostate	LNCAP	16164	32/388	41/386	-0.567622	-0.131689	0.776465
SRX4708094	TFs and others	XRCC5	Blood	K-562	9436	122/388	107/386	-0.567447	-0.131689	1.13431
SRX1389378	TFs and others	ELF3	Pancreas	CFPAC-1	15006	98/388	84/386	-0.567214	-0.131689	1.16065
SRX11196921	TFs and others	NELFB	Kidney	293	1737	33/388	24/386	-0.567177	-0.131689	1.36791
SRX3285582	TFs and others	KDM5B	Breast	MCF-7	1503	33/388	24/386	-0.567177	-0.131689	1.36791
SRX5360652	TFs and others	Epitope tags	Epidermis	BJ	5524	33/388	24/386	-0.567177	-0.131689	1.36791
SRX5514017	TFs and others	JUN	Uterus	Myometrium	2944	33/388	24/386	-0.567177	-0.131689	1.36791
SRX6780853	TFs and others	CREB1	Neural	Frontal cortex	1819	33/388	24/386	-0.567177	-0.131689	1.36791
SRX3800330	TFs and others	STAG1	Others	RT-112	32743	280/388	264/386	-0.566924	-0.131689	1.05514
SRX4415494	TFs and others	RBBP7	Kidney	hTERT-HME1	24623	280/388	264/386	-0.566924	-0.131689	1.05514
SRX10119170	TFs and others	CREBBP	Blood	MV-4-11	947	19/388	12/386	-0.566652	-0.131689	1.57517
SRX6780862	TFs and others	CREB1	Neural	Frontal cortex	1071	19/388	12/386	-0.566652	-0.131689	1.57517
SRX702071	TFs and others	ZFP42	Pluripotent stem cell	hESC derived mesendodermal cells	605	19/388	12/386	-0.566652	-0.131689	1.57517
SRX100565	TFs and others	SRF	Blood	K-562	3039	42/388	32/386	-0.566522	-0.131689	1.30573
SRX150675	TFs and others	NR2C2	Liver	Hep G2	1701	42/388	32/386	-0.566522	-0.131689	1.30573
SRX471873	TFs and others	BRD4	Prostate	VCaP	2924	42/388	32/386	-0.566522	-0.131689	1.30573
SRX2267459	TFs and others	BRD4	Lung	PC-9	7377	65/388	53/386	-0.56618	-0.131436	1.22009
SRX497613	TFs and others	FOXA1	Prostate	VCaP	61585	85/388	98/386	-0.565611	-0.130955	0.862876
SRX3244991	TFs and others	SPI1	Blood	Macrophages	15006	42/388	52/386	-0.564242	-0.12976	0.803529
SRX4377129	TFs and others	CTCF	Pluripotent stem cell	hESC derived cardiac cells	10726	42/388	52/386	-0.564242	-0.12976	0.803529
SRX100517	TFs and others	USF1	Neural	SK-N-SH	17025	165/388	149/386	-0.563806	-0.129412	1.10167
SRX5342375	TFs and others	FOXL2	Gonad	SVOG-3e	22935	68/388	80/386	-0.563127	-0.128898	0.845619
SRX150706	TFs and others	SREBF1	Liver	Hep G2	1957	53/388	42/386	-0.563116	-0.128898	1.2554
SRX150695	TFs and others	BHLHE40	Blood	K-562	20180	153/388	168/386	-0.562532	-0.128401	0.90602
SRX7427510	TFs and others	ESR1	Breast	MCF-7	13067	54/388	65/386	-0.562084	-0.128042	0.826487
SRX4374902	TFs and others	RBPJ	Breast	MB 157	5576	81/388	68/386	-0.561907	-0.12804	1.18504
SRX7366778	TFs and others	ZMYND8	Breast	MCF-7	5309	81/388	68/386	-0.561907	-0.12804	1.18504
SRX3751778	TFs and others	DDIT3	Adipocyte	402-91	16148	66/388	54/386	-0.560921	-0.127317	1.21592
SRX5574376	TFs and others	SPI1	Blood	Macrophages	20688	66/388	54/386	-0.560921	-0.127317	1.21592
SRX5957524	TFs and others	TBP	Pluripotent stem cell	hESC H1	3693	66/388	54/386	-0.560921	-0.127317	1.21592
SRX1389380	TFs and others	ELF3	Pancreas	CFPAC-1	20695	126/388	111/386	-0.559945	-0.126427	1.12928
SRX5883950	TFs and others	CTCF	Blood	Multiple Myeloma	11532	33/388	42/386	-0.558528	-0.126241	0.781664
SRX5974544	TFs and others	CTCF	Blood	K-562	10431	33/388	42/386	-0.558528	-0.126241	0.781664
SRX190225	TFs and others	FOXM1	Breast	MCF-7	5124	18/388	25/386	-0.558314	-0.126241	0.716289
SRX2431537	TFs and others	FOXA2	Epidermis	BJ	16336	18/388	25/386	-0.558314	-0.126241	0.716289
SRX5307511	TFs and others	MYC	Blood	P493-6	1558	18/388	25/386	-0.558314	-0.126241	0.716289
SRX6614748	TFs and others	SMC3	Lung	IMR-90	7837	18/388	25/386	-0.558314	-0.126241	0.716289
SRX6916368	TFs and others	RAD21	Kidney	iSLK	7682	18/388	25/386	-0.558314	-0.126241	0.716289
SRX7055005	TFs and others	RELA	Cardiovascular	HAEC	7502	18/388	25/386	-0.558314	-0.126241	0.716289
SRX9206313	TFs and others	BRD8	Lung	Calu-3	4870	18/388	25/386	-0.558314	-0.126241	0.716289
SRX8673498	TFs and others	CTCF	Bone	HT-1080	63445	215/388	229/386	-0.558262	-0.126241	0.934025
SRX1514922	TFs and others	GFP	Kidney	293	5905	127/388	112/386	-0.558168	-0.126241	1.12808
SRX2267461	TFs and others	BRD4	Others	RT-112	13362	127/388	112/386	-0.558168	-0.126241	1.12808
SRX6665794	TFs and others	Epitope tags	Kidney	HK-2	7391	127/388	112/386	-0.558168	-0.126241	1.12808
ERX1149091	TFs and others	CTCF	Unclassified	Unclassified	8757	43/388	53/386	-0.557444	-0.126241	0.807139
SRX1012623	TFs and others	PGR	Breast	T-47D	19389	43/388	53/386	-0.557444	-0.126241	0.807139
SRX4931236	TFs and others	KMT2A	Kidney	293	2250	43/388	53/386	-0.557444	-0.126241	0.807139
SRX5974513	TFs and others	GATA1	Blood	K-562	11703	43/388	53/386	-0.557444	-0.126241	0.807139
SRX1065300	TFs and others	Epitope tags	Breast	IMEC	1870	26/388	18/386	-0.557277	-0.126241	1.437
SRX150436	TFs and others	USF2	Blood	K-562	1992	26/388	18/386	-0.557277	-0.126241	1.437
SRX2510822	TFs and others	SUPT5H	Uterus	HeLa	1746	26/388	18/386	-0.557277	-0.126241	1.437
SRX298273	TFs and others	MAFK	Blood	OCI-LY-7	3114	26/388	18/386	-0.557277	-0.126241	1.437
SRX102990	TFs and others	MYC	Liver	Hep G2	4760	55/388	66/386	-0.556981	-0.126241	0.829038
SRX392820	TFs and others	EP300	Blood	GM12878	16491	55/388	66/386	-0.556981	-0.126241	0.829038
SRX4155651	TFs and others	CTCF	Neural	KELLY	14259	55/388	66/386	-0.556981	-0.126241	0.829038
SRX7054663	TFs and others	RELA	Cardiovascular	HAEC	22212	55/388	66/386	-0.556981	-0.126241	0.829038
SRX8406303	TFs and others	HOXB13	Prostate	Prostate	25880	55/388	66/386	-0.556981	-0.126241	0.829038
SRX356730	TFs and others	CTCF	Blood	Lymphoblastoid cell line	43164	163/388	178/386	-0.556778	-0.126241	0.91101
SRX6935378	TFs and others	MYC	Neural	NB69	8797	176/388	160/386	-0.556553	-0.126241	1.09433
SRX10119396	TFs and others	JUNB	Breast	MDA-MB-231	24949	54/388	43/386	-0.556331	-0.126241	1.24934
SRX1318615	TFs and others	SIX2	Kidney	Kidney Cortex	26574	54/388	43/386	-0.556331	-0.126241	1.24934
SRX4708030	TFs and others	TAF15	Liver	Hep G2	2984	54/388	43/386	-0.556331	-0.126241	1.24934
SRX728779	TFs and others	CDK9	Blood	THP-1	5867	54/388	43/386	-0.556331	-0.126241	1.24934
SRX813768	TFs and others	MED1	Adipocyte	SGBS	15973	54/388	43/386	-0.556331	-0.126241	1.24934
SRX150649	TFs and others	IRF3	Uterus	HeLa	1473	25/388	33/386	-0.556159	-0.126241	0.753671
SRX8528440	TFs and others	RAD21	Uterus	HeLa	10901	25/388	33/386	-0.556159	-0.126241	0.753671
SRX203388	TFs and others	BRD4	Blood	Plasma Cells	4499	67/388	55/386	-0.555826	-0.126241	1.2119
SRX7366777	TFs and others	ZMYND8	Breast	MCF-7	4200	67/388	55/386	-0.555826	-0.126241	1.2119
SRX6913085	TFs and others	BRD2	Blood	K-562	9098	179/388	163/386	-0.555039	-0.126241	1.0925
SRX10333911	TFs and others	SUPT5H	Digestive tract	DLD-1	1161	8/388	13/386	-0.554885	-0.126241	0.612213
SRX1787683	TFs and others	KMT2C	Breast	MCF-7	5727	8/388	13/386	-0.554885	-0.126241	0.612213
SRX1787684	TFs and others	KMT2C	Breast	MCF-7	5813	8/388	13/386	-0.554885	-0.126241	0.612213
SRX1885192	TFs and others	PIAS1	Prostate	LNCAP	10346	8/388	13/386	-0.554885	-0.126241	0.612213
SRX3445674	TFs and others	GATA1	Blood	K-562	2706	8/388	13/386	-0.554885	-0.126241	0.612213
SRX392804	TFs and others	REST	Blood	Jurkat	2601	8/388	13/386	-0.554885	-0.126241	0.612213
SRX4525855	TFs and others	SMARCA4	Kidney	TTC-1240	1203	8/388	13/386	-0.554885	-0.126241	0.612213
SRX4655784	TFs and others	CTCF	Liver	Hep G2	1588	8/388	13/386	-0.554885	-0.126241	0.612213
SRX4741791	TFs and others	HIF1A	Cardiovascular	EA.hy926	2338	8/388	13/386	-0.554885	-0.126241	0.612213
SRX6757650	TFs and others	ESR1	Breast	MCF-7	4147	8/388	13/386	-0.554885	-0.126241	0.612213
SRX7115505	TFs and others	Epitope tags	Muscle	RH-4	1950	8/388	13/386	-0.554885	-0.126241	0.612213
SRX7677725	TFs and others	NELFCD	Digestive tract	DLD-1	953	8/388	13/386	-0.554885	-0.126241	0.612213
SRX7807115	TFs and others	TEAD1	Unclassified	Unclassified	8109	8/388	13/386	-0.554885	-0.126241	0.612213
SRX8064823	TFs and others	HDAC2	Blood	Lymphoblastoid cell line	7041	8/388	13/386	-0.554885	-0.126241	0.612213
SRX8406509	TFs and others	FOXA1	Prostate	Prostate	8080	8/388	13/386	-0.554885	-0.126241	0.612213
SRX9628177	TFs and others	NR3C1	Kidney	293	4259	8/388	13/386	-0.554885	-0.126241	0.612213
SRX968965	TFs and others	ESR1	Breast	MCF-7	4710	8/388	13/386	-0.554885	-0.126241	0.612213
SRX9719173	TFs and others	TET2	Breast	MCF-7	4322	8/388	13/386	-0.554885	-0.126241	0.612213
SRX306181	TFs and others	ICE1	Digestive tract	HCT 116	6629	83/388	70/386	-0.554316	-0.125933	1.1796
SRX4235878	TFs and others	KMT2D	Digestive tract	SW 480	11583	83/388	70/386	-0.554316	-0.125933	1.1796
SRX8850935	TFs and others	Epitope tags	Breast	MCF 10A	6987	83/388	70/386	-0.554316	-0.125933	1.1796
SRX3033231	TFs and others	ETS1	Gonad	HEYA8	1235	14/388	8/386	-0.553882	-0.125844	1.74098
SRX6913090	TFs and others	BRD4	Blood	K-562	1018	14/388	8/386	-0.553882	-0.125844	1.74098
SRX7572083	TFs and others	SREBF1	Digestive tract	KYSE-150	1160	14/388	8/386	-0.553882	-0.125844	1.74098
SRX8376347	TFs and others	PDX1	Pluripotent stem cell	hESC derived pancreatic cells	1417	14/388	8/386	-0.553882	-0.125844	1.74098
SRX186619	TFs and others	MXI1	Lung	IMR-90	11576	182/388	166/386	-0.553716	-0.125764	1.09073
SRX150363	TFs and others	MAZ	Blood	GM12878	13206	216/388	199/386	-0.553429	-0.12565	1.07983
SRX218418	TFs and others	GATA1	Blood	Erythroid Cells	25823	216/388	199/386	-0.553429	-0.12565	1.07983
SRX2140207	TFs and others	HDAC1	Blood	MM.1S	17278	185/388	169/386	-0.55258	-0.124887	1.08903
SRX1165102	TFs and others	Epitope tags	Liver	Hep G2	9663	186/388	170/386	-0.552242	-0.124636	1.08848
SRX8670123	TFs and others	ASCL1	Neural	SH-SY5Y	57262	178/388	193/386	-0.552116	-0.124608	0.917526
SRX8616831	TFs and others	FOSL2	Lung	A549	12763	56/388	67/386	-0.552035	-0.124608	0.831513
SRX4065876	TFs and others	CTCF	Breast	MCF-7	35881	317/388	303/386	-0.551869	-0.124608	1.04081
SRX8536131	TFs and others	NFYB	Blood	HUDEP-2	6411	71/388	83/386	-0.551869	-0.124608	0.851012
SRX097108	TFs and others	GATA1	Blood	K-562	10354	205/388	188/386	-0.551571	-0.124396	1.0848
SRX2570613	TFs and others	SMC1A	Blood	HAP1	9952	44/388	54/386	-0.550903	-0.124216	0.810615
SRX5089450	TFs and others	ESR1	Breast	MCF-7	17784	44/388	54/386	-0.550903	-0.124216	0.810615
SRX9498683	TFs and others	TBP	Blood	K-562	4918	104/388	90/386	-0.550766	-0.124216	1.1496
SRX2064714	TFs and others	RAD21	Digestive tract	HCT 116	23445	194/388	178/386	-0.550266	-0.124216	1.08427
SRX1672127	TFs and others	NR3C1	Lung	BEAS-2B	12673	34/388	43/386	-0.549862	-0.124216	0.786622
SRX4672371	TFs and others	ARNT	Lung	A549	2843	34/388	43/386	-0.549862	-0.124216	0.786622
SRX974395	TFs and others	CTCF	Blood	K-562	4078	34/388	43/386	-0.549862	-0.124216	0.786622
SRX2642364	TFs and others	FOXA1	Prostate	VCaP	44471	91/388	104/386	-0.549517	-0.124216	0.87049
SRX4096893	TFs and others	TRPS1	Unclassified	Unclassified	4568	44/388	34/386	-0.548796	-0.124216	1.28745
SRX5123054	TFs and others	POU2F1	Digestive tract	HCT 116	2949	44/388	34/386	-0.548796	-0.124216	1.28745
SRX1873447	TFs and others	KDM2B	Blood	SEM	23294	331/388	318/386	-0.547239	-0.124216	1.03552
SRX371471	TFs and others	ESR1	Breast	ZR-75-1	49023	92/388	105/386	-0.547041	-0.124216	0.871674
SRX2671516	TFs and others	Epitope tags	Kidney	293	1196	13/388	19/386	-0.545076	-0.124216	0.680684
SRX2671820	TFs and others	EP300	Pluripotent stem cell	iPS cells	12679	13/388	19/386	-0.545076	-0.124216	0.680684
SRX2731789	TFs and others	MYCN	Neural	Neuroblastoma	1104	13/388	19/386	-0.545076	-0.124216	0.680684
SRX3230410	TFs and others	ZHX3	Liver	Hep G2	1976	13/388	19/386	-0.545076	-0.124216	0.680684
SRX4792910	TFs and others	RAD21	Breast	T-47D	3120	13/388	19/386	-0.545076	-0.124216	0.680684
SRX5974523	TFs and others	TAL1	Blood	K-562	6581	13/388	19/386	-0.545076	-0.124216	0.680684
SRX673755	TFs and others	FOXA1	Breast	MCF-7	4525	13/388	19/386	-0.545076	-0.124216	0.680684
SRX8616991	TFs and others	ESR1	Breast	MCF-7	5766	13/388	19/386	-0.545076	-0.124216	0.680684
SRX8929142	TFs and others	CTNNB1	Digestive tract	SW 480	3406	13/388	19/386	-0.545076	-0.124216	0.680684
ERX664201	TFs and others	CTCF	Blood	B cells	10137	26/388	34/386	-0.544789	-0.124216	0.760764
SRX3230408	TFs and others	ZC3H4	Liver	Hep G2	2841	26/388	34/386	-0.544789	-0.124216	0.760764
SRX3436563	TFs and others	SSRP1	Bone	HT-1080	6314	26/388	34/386	-0.544789	-0.124216	0.760764
SRX497255	TFs and others	CTCF	Lung	BEAS-2B	3993	26/388	34/386	-0.544789	-0.124216	0.760764
SRX7748766	TFs and others	BRD2	Digestive tract	DLD-1	25358	295/388	280/386	-0.544619	-0.124216	1.04814
SRX7807562	TFs and others	GATA3	Unclassified	Unclassified	20050	45/388	55/386	-0.544604	-0.124216	0.813964
SRX10131682	TFs and others	BRD4	Lung	Bronchial tracheal epithelial cells	973	20/388	13/386	-0.544081	-0.124216	1.53053
SRX2900154	TFs and others	SUZ12	Breast	CAL-51	725	20/388	13/386	-0.544081	-0.124216	1.53053
SRX5294341	TFs and others	DPF2	Kidney	TTC1240	10880	20/388	13/386	-0.544081	-0.124216	1.53053
SRX8151649	TFs and others	ARNTL	Adipocyte	Preadipocytes	1840	20/388	13/386	-0.544081	-0.124216	1.53053
ERX626838	TFs and others	CTCF	Blood	CHRF-288-11	1337	2/388	5/386	-0.543819	-0.124216	0.397938
SRX017883	TFs and others	RELA	Blood	GM12892	505	2/388	5/386	-0.543819	-0.124216	0.397938
SRX059714	TFs and others	HDAC3	Prostate	VCaP	2213	2/388	5/386	-0.543819	-0.124216	0.397938
SRX092450	TFs and others	EBNA2	Blood	IB4	3367	2/388	5/386	-0.543819	-0.124216	0.397938
SRX10030481	TFs and others	AR	Prostate	LNCAP	663	2/388	5/386	-0.543819	-0.124216	0.397938
SRX1012683	TFs and others	ESR1	Breast	MCF-7	2016	2/388	5/386	-0.543819	-0.124216	0.397938
SRX10644253	TFs and others	MCM2	Digestive tract	HCT 116	1748	2/388	5/386	-0.543819	-0.124216	0.397938
SRX11094532	TFs and others	ERG	Bone	EW-3	4919	2/388	5/386	-0.543819	-0.124216	0.397938
SRX1531780	TFs and others	NIPBL	Lung	A549	1404	2/388	5/386	-0.543819	-0.124216	0.397938
SRX1702478	TFs and others	AR	Prostate	LNCAP	3976	2/388	5/386	-0.543819	-0.124216	0.397938
SRX1902745	TFs and others	AFF1	Blood	CCRF-CEM	1147	2/388	5/386	-0.543819	-0.124216	0.397938
SRX2382331	TFs and others	EBF3	Neural	SK-N-SH	1375	2/388	5/386	-0.543819	-0.124216	0.397938
SRX2545056	TFs and others	HOXB13	Prostate	LNCAP	2654	2/388	5/386	-0.543819	-0.124216	0.397938
SRX2570614	TFs and others	SMC1A	Blood	HAP1	1361	2/388	5/386	-0.543819	-0.124216	0.397938
SRX2912057	TFs and others	ESR1	Breast	MCF-7	4272	2/388	5/386	-0.543819	-0.124216	0.397938
SRX3025916	TFs and others	TP53	Breast	MCF-7	1463	2/388	5/386	-0.543819	-0.124216	0.397938
SRX317593	TFs and others	JARID2	Pluripotent stem cell	iPS cells	622	2/388	5/386	-0.543819	-0.124216	0.397938
SRX3324962	TFs and others	EP300	Lung	IMR-90	5575	2/388	5/386	-0.543819	-0.124216	0.397938
SRX3366957	TFs and others	HOXB13	Prostate	LNCAP	2994	2/388	5/386	-0.543819	-0.124216	0.397938
SRX3417626	TFs and others	VDR	Digestive tract	Colonic organoids	1306	2/388	5/386	-0.543819	-0.124216	0.397938
SRX3517828	TFs and others	NR3C1	Lung	A549	2941	2/388	5/386	-0.543819	-0.124216	0.397938
SRX367014	TFs and others	RELA	Cardiovascular	AC16	572	2/388	5/386	-0.543819	-0.124216	0.397938
SRX371443	TFs and others	ESR1	Others	Tumour tissues	1348	2/388	5/386	-0.543819	-0.124216	0.397938
SRX4096882	TFs and others	TRPS1	Breast	HCC3153	3686	2/388	5/386	-0.543819	-0.124216	0.397938
SRX4116007	TFs and others	AR	Prostate	Prostate cancer cells	4551	2/388	5/386	-0.543819	-0.124216	0.397938
SRX4397518	TFs and others	KMT2D	Pluripotent stem cell	NT2-D1	334	2/388	5/386	-0.543819	-0.124216	0.397938
SRX4397522	TFs and others	KMT2D	Pluripotent stem cell	NT2-D1	309	2/388	5/386	-0.543819	-0.124216	0.397938
SRX4783024	TFs and others	AR	Prostate	Prostate cancer cells	4097	2/388	5/386	-0.543819	-0.124216	0.397938
SRX4783025	TFs and others	AR	Prostate	Prostate cancer cells	3363	2/388	5/386	-0.543819	-0.124216	0.397938
SRX4783058	TFs and others	AR	Prostate	Prostate cancer cells	5954	2/388	5/386	-0.543819	-0.124216	0.397938
SRX502055	TFs and others	AR	Prostate	Prostate cancer	5832	2/388	5/386	-0.543819	-0.124216	0.397938
SRX5289969	TFs and others	NR3C1	Lung	BEAS-2B	730	2/388	5/386	-0.543819	-0.124216	0.397938
SRX5763015	TFs and others	KLF4	Blood	HAP1	759	2/388	5/386	-0.543819	-0.124216	0.397938
SRX6813406	TFs and others	ATF4	Blood	CD4+ T cells	365	2/388	5/386	-0.543819	-0.124216	0.397938
SRX697746	TFs and others	PRKCQ	Blood	Jurkat	738	2/388	5/386	-0.543819	-0.124216	0.397938
SRX699735	TFs and others	TCF21	Cardiovascular	HCASMC	1250	2/388	5/386	-0.543819	-0.124216	0.397938
SRX701998	TFs and others	GATA4	Pluripotent stem cell	hESC derived mesendodermal cells	1984	2/388	5/386	-0.543819	-0.124216	0.397938
SRX7807609	TFs and others	GATA3	Unclassified	Unclassified	866	2/388	5/386	-0.543819	-0.124216	0.397938
SRX8089615	TFs and others	AR	Prostate	VCaP	3144	2/388	5/386	-0.543819	-0.124216	0.397938
SRX8538895	TFs and others	ASCL1	Neural	Glioma	1456	2/388	5/386	-0.543819	-0.124216	0.397938
SRX8673492	TFs and others	DDIT3	Bone	HT-1080	1718	2/388	5/386	-0.543819	-0.124216	0.397938
SRX8907439	TFs and others	RBBP4	Muscle	SCMC	1130	2/388	5/386	-0.543819	-0.124216	0.397938
SRX9719172	TFs and others	ESR1	Breast	MCF-7	1242	2/388	5/386	-0.543819	-0.124216	0.397938
SRX1427526	TFs and others	CREB1	Blood	KG-1	1127	35/388	26/386	-0.543758	-0.124216	1.33921
SRX1530266	TFs and others	YY2	Uterus	HeLa	1659	35/388	26/386	-0.543758	-0.124216	1.33921
SRX2023764	TFs and others	HDAC2	Pluripotent stem cell	iPS derived cardiac cells	1322	35/388	26/386	-0.543758	-0.124216	1.33921
SRX4116074	TFs and others	FOXA1	Prostate	Prostate cancer cells	9155	35/388	26/386	-0.543758	-0.124216	1.33921
SRX4417535	TFs and others	BRD4	Pluripotent stem cell	hESC derived neural cells	1797	35/388	26/386	-0.543758	-0.124216	1.33921
SRX7015671	TFs and others	RNF2	Others	Fibroblasts	2863	35/388	26/386	-0.543758	-0.124216	1.33921
SRX1058474	TFs and others	EP400	Epidermis	MKL-1	3009	56/388	45/386	-0.543513	-0.124216	1.23803
SRX10567327	TFs and others	HMGB1	Lung	IMR-90	352	6/388	2/386	-0.542844	-0.124216	2.98454
SRX11094582	TFs and others	FLI1	Bone	TC-71	4015	6/388	2/386	-0.542844	-0.124216	2.98454
SRX185708	TFs and others	PGR	Muscle	Leiomyoma	2766	6/388	2/386	-0.542844	-0.124216	2.98454
SRX2937338	TFs and others	BRD4	Blood	J-Lat A72	533	6/388	2/386	-0.542844	-0.124216	2.98454
SRX3229120	TFs and others	ESR1	Breast	Breast cancer	896	6/388	2/386	-0.542844	-0.124216	2.98454
SRX3229123	TFs and others	FOXA1	Breast	Breast cancer	3582	6/388	2/386	-0.542844	-0.124216	2.98454
SRX3946907	TFs and others	MED1	Others	Mesenchymal stem cells	3118	6/388	2/386	-0.542844	-0.124216	2.98454
SRX4116028	TFs and others	FOXA1	Breast	Breast cancer cells	3378	6/388	2/386	-0.542844	-0.124216	2.98454
SRX4401061	TFs and others	RELA	Blood	BJAB	1509	6/388	2/386	-0.542844	-0.124216	2.98454
SRX4901017	TFs and others	GFI1B	Blood	SET-2	1099	6/388	2/386	-0.542844	-0.124216	2.98454
SRX5514026	TFs and others	CDK8	Uterus	Myometrium	449	6/388	2/386	-0.542844	-0.124216	2.98454
SRX6054277	TFs and others	HDAC4	Uterus	SK-UT-1	1981	6/388	2/386	-0.542844	-0.124216	2.98454
SRX6175643	TFs and others	FLI1	Bone	TC-71	4008	6/388	2/386	-0.542844	-0.124216	2.98454
SRX8272875	TFs and others	CEBPA	Blood	BLaER1	1300	6/388	2/386	-0.542844	-0.124216	2.98454
SRX8538461	TFs and others	HCFC1	Blood	RAMOS	1506	6/388	2/386	-0.542844	-0.124216	2.98454
SRX9390334	TFs and others	EP300	Blood	MM.1S	286	6/388	2/386	-0.542844	-0.124216	2.98454
SRX9600620	TFs and others	G-quadruplex	Blood	K-562	322	6/388	2/386	-0.542844	-0.124216	2.98454
ERX470435	TFs and others	NRIP1	Breast	MCF-7	8823	19/388	26/386	-0.542765	-0.124216	0.727002
SRX2404134	TFs and others	RELA	Others	Detroit 562	6966	19/388	26/386	-0.542765	-0.124216	0.727002
SRX673718	TFs and others	Biotin	Breast	MCF-7	3454	19/388	26/386	-0.542765	-0.124216	0.727002
SRX3472379	TFs and others	TP53BP1	Pluripotent stem cell	hESC H9	5979	137/388	122/386	-0.542375	-0.123911	1.11716
SRX10218287	TFs and others	GATA1	Blood	HUDEP-2	21549	94/388	107/386	-0.542251	-0.123871	0.873976
SRX100494	TFs and others	ZBTB33	Liver	Hep G2	1808	27/388	19/386	-0.541759	-0.123808	1.41373
SRX10119172	TFs and others	CREBBP	Blood	MV-4-11	1398	27/388	19/386	-0.541759	-0.123808	1.41373
SRX159132	TFs and others	Epitope tags	Kidney	293	1215	27/388	19/386	-0.541759	-0.123808	1.41373
SRX5300515	TFs and others	PDX1	Pluripotent stem cell	iPS derived pancreatic cells	8077	27/388	19/386	-0.541759	-0.123808	1.41373
SRX535455	TFs and others	HEXIM1	Epidermis	A-375	2821	35/388	44/386	-0.541596	-0.123808	0.791354
SRX6748247	TFs and others	FOXA1	Prostate	Prostate cancer	19965	35/388	44/386	-0.541596	-0.123808	0.791354
SRX6896406	TFs and others	FOXA1	Breast	T-47D	12235	35/388	44/386	-0.541596	-0.123808	0.791354
SRX8037085	TFs and others	BRD4	Lung	HARA	22477	264/388	248/386	-0.541036	-0.123356	1.05903
SRX7951331	TFs and others	SMARCA4	Lung	NCI-H1944	4782	108/388	94/386	-0.540976	-0.123356	1.14301
SRX2194281	TFs and others	BRD4	Breast	SUM 159PT	8874	87/388	74/386	-0.540263	-0.122727	1.16962
SRX2513520	TFs and others	ESR1	Breast	MCF-7	23683	46/388	56/386	-0.538533	-0.12125	0.817194
SRX5286318	TFs and others	KLF17	Pluripotent stem cell	ES cells	2358	46/388	56/386	-0.538533	-0.12125	0.817194
SRX9513906	TFs and others	FOXA1	Prostate	LNCAP	21331	46/388	56/386	-0.538533	-0.12125	0.817194
SRX275409	TFs and others	E2F1	Blood	OCI-LY1	6237	140/388	125/386	-0.538277	-0.121121	1.11423
SRX4377548	TFs and others	BRD2	Breast	HCC1806	19981	313/388	299/386	-0.538151	-0.121121	1.04143
SRX5010968	TFs and others	BCOR	Prostate	VCaP	37781	75/388	87/386	-0.538151	-0.121121	0.857625
SRX7030928	TFs and others	NELFA	Breast	MCF-7	13756	292/388	277/386	-0.537669	-0.120808	1.04872
SRX150508	TFs and others	NFYB	Blood	K-562	12529	96/388	109/386	-0.537669	-0.120808	0.876194
SRX6824683	TFs and others	MYOD1	Muscle	Rhabdomyosarcoma	7194	57/388	46/386	-0.537453	-0.120675	1.23274
SRX100577	TFs and others	PBX3	Blood	GM12878	8465	76/388	88/386	-0.534931	-0.118238	0.859185
SRX092416	TFs and others	CTCF	Blood	Lymphoma, B-Cell	8578	27/388	35/386	-0.534078	-0.117806	0.767452
SRX099231	TFs and others	GATA1	Blood	PBMC	5696	27/388	35/386	-0.534078	-0.117806	0.767452
SRX4451197	TFs and others	ESR1	Breast	MCF-7	3560	27/388	35/386	-0.534078	-0.117806	0.767452
SRX4824364	TFs and others	AR	Prostate	22Rv1	15127	27/388	35/386	-0.534078	-0.117806	0.767452
SRX8406504	TFs and others	FOXA1	Prostate	Prostate	20421	27/388	35/386	-0.534078	-0.117806	0.767452
SRX6935370	TFs and others	MYCN	Neural	COG-N-415	14600	258/388	242/386	-0.533472	-0.117284	1.06062
SRX3841273	TFs and others	PYGO2	Uterus	HeLa	8367	36/388	27/386	-0.533068	-0.116965	1.32646
SRX5574367	TFs and others	SPI1	Blood	Dendritic Cells	15290	47/388	57/386	-0.532678	-0.116811	0.820311
SRX3394534	TFs and others	FLI1	Bone	A-673	12648	46/388	36/386	-0.532663	-0.116811	1.27119
SRX4493017	TFs and others	GFI1B	Blood	K-562	3504	46/388	36/386	-0.532663	-0.116811	1.27119
SRX063917	TFs and others	ERG	Breast	MCF-7	14218	243/388	256/386	-0.532039	-0.116415	0.944326
SRX2281250	TFs and others	AFF1	Blood	SEM	4700	112/388	98/386	-0.532015	-0.116415	1.13697
SRX6027697	TFs and others	ESR1	Uterus	Ishikawa	8218	112/388	98/386	-0.532015	-0.116415	1.13697
SRX5346120	TFs and others	MYC	Blood	RAMOS	5882	77/388	89/386	-0.53179	-0.116274	0.860709
SRX212647	TFs and others	STAT1	Blood	Monocytes-CD14+	4487	58/388	47/386	-0.531609	-0.116177	1.22768
SRX1892834	TFs and others	TFAP4	Digestive tract	SNU-1750	27215	242/388	255/386	-0.530875	-0.115611	0.944128
SRX7214021	TFs and others	KLF3	Epidermis	Keratinocytes	15248	242/388	255/386	-0.530875	-0.115611	0.944128
SRX129116	TFs and others	MYC	Blood	Multiple Myeloma	18964	254/388	238/386	-0.528989	-0.11526	1.06173
SRX116457	TFs and others	HDAC2	Pluripotent stem cell	hESC H1	1629	20/388	27/386	-0.528395	-0.11526	0.736922
SRX150637	TFs and others	USF2	Blood	GM12878	6043	73/388	61/386	-0.528323	-0.11526	1.19055
SRX7061826	TFs and others	BRD4	Blood	SEM	5831	73/388	61/386	-0.528323	-0.11526	1.19055
SRX9071237	TFs and others	BRD4	Blood	SEM	5831	73/388	61/386	-0.528323	-0.11526	1.19055
SRX017884	TFs and others	RELA	Blood	GM12892	1615	5/388	9/386	-0.528181	-0.11526	0.552692
SRX1384027	TFs and others	TP53	Digestive tract	HCT 116	3560	5/388	9/386	-0.528181	-0.11526	0.552692
SRX2010842	TFs and others	JUN	Lung	Calu-3	2787	5/388	9/386	-0.528181	-0.11526	0.552692
SRX2368898	TFs and others	FOXA2	Epidermis	BJ	5002	5/388	9/386	-0.528181	-0.11526	0.552692
SRX2460046	TFs and others	ESR1	Breast	Breast cancer cells	1788	5/388	9/386	-0.528181	-0.11526	0.552692
SRX2683610	TFs and others	Epitope tags	Kidney	293	491	5/388	9/386	-0.528181	-0.11526	0.552692
SRX2912051	TFs and others	ESR1	Breast	MCF-7	736	5/388	9/386	-0.528181	-0.11526	0.552692
SRX3070469	TFs and others	NR3C1	Breast	MCF 10A	1632	5/388	9/386	-0.528181	-0.11526	0.552692
SRX3392333	TFs and others	ZEB1	Lung	NCI-H1975	1369	5/388	9/386	-0.528181	-0.11526	0.552692
SRX3583195	TFs and others	ESR1	Breast	MCF-7	3249	5/388	9/386	-0.528181	-0.11526	0.552692
SRX3734320	TFs and others	TP53	Breast	Mammary glands	2270	5/388	9/386	-0.528181	-0.11526	0.552692
SRX4404419	TFs and others	MYCN	Prostate	22Rv1	566	5/388	9/386	-0.528181	-0.11526	0.552692
SRX503332	TFs and others	KSHV LANA	Others	LEC	1054	5/388	9/386	-0.528181	-0.11526	0.552692
SRX5203296	TFs and others	CTCF	Breast	MCF-7	3501	5/388	9/386	-0.528181	-0.11526	0.552692
SRX5771378	TFs and others	SUPT6H	Digestive tract	HCT 116	937	5/388	9/386	-0.528181	-0.11526	0.552692
SRX5975310	TFs and others	CDK12	Bone	MG-63	772	5/388	9/386	-0.528181	-0.11526	0.552692
SRX6614775	TFs and others	SMC3	Lung	IMR-90	1685	5/388	9/386	-0.528181	-0.11526	0.552692
SRX673727	TFs and others	TFAP2C	Breast	MCF-7	906	5/388	9/386	-0.528181	-0.11526	0.552692
SRX697737	TFs and others	PRKCQ	Blood	CD4+ T cells	3048	5/388	9/386	-0.528181	-0.11526	0.552692
SRX7130722	TFs and others	TP53	Breast	MCF 10A	1890	5/388	9/386	-0.528181	-0.11526	0.552692
SRX8064817	TFs and others	E2F1	Blood	Lymphoblastoid cell line	4640	5/388	9/386	-0.528181	-0.11526	0.552692
SRX8272750	TFs and others	ESR2	Digestive tract	HT-29	3206	5/388	9/386	-0.528181	-0.11526	0.552692
SRX969014	TFs and others	ESR1	Breast	MCF-7	2016	5/388	9/386	-0.528181	-0.11526	0.552692
SRX475757	TFs and others	GABPA	Blood	GM12878	7560	149/388	134/386	-0.527546	-0.115192	1.10621
SRX2574236	TFs and others	GATA2	Blood	SKH1	7571	28/388	20/386	-0.527417	-0.115192	1.39278
SRX10119374	TFs and others	TEAD1	Breast	MCF 10A	3043	10/388	5/386	-0.527239	-0.115192	1.98969
SRX471872	TFs and others	BRD3	Prostate	VCaP	1046	10/388	5/386	-0.527239	-0.115192	1.98969
SRX5157151	TFs and others	CEBPA	Blood	THP-1	4005	10/388	5/386	-0.527239	-0.115192	1.98969
SRX5444519	TFs and others	KMT2A	Blood	MOLM-13	601	10/388	5/386	-0.527239	-0.115192	1.98969
SRX6602366	TFs and others	ARNTL	Neural	Neural Stem Cells	1309	10/388	5/386	-0.527239	-0.115192	1.98969
SRX695881	TFs and others	ASCL1	Others	Tumor	2046	10/388	5/386	-0.527239	-0.115192	1.98969
SRX747783	TFs and others	RELA	Breast	MCF-7	436	10/388	5/386	-0.527239	-0.115192	1.98969
SRX974295	TFs and others	MEF2B	Kidney	293	2288	10/388	5/386	-0.527239	-0.115192	1.98969
SRX190319	TFs and others	MAX	Breast	MCF-7	32768	287/388	272/386	-0.527056	-0.115192	1.04971
SRX129107	TFs and others	MAX	Lung	NCI-H128	32315	340/388	328/386	-0.527029	-0.115192	1.03124
SRX383815	TFs and others	AR	Prostate	LNCAP	38500	48/388	58/386	-0.527029	-0.115192	0.82332
SRX204904	TFs and others	BRD4	Blood	MM.1S	3019	37/388	46/386	-0.52615	-0.114789	0.800202
SRX3229146	TFs and others	ESR1	Breast	Breast cancer	6589	37/388	46/386	-0.52615	-0.114789	0.800202
SRX7627562	TFs and others	REST	Neural	Hippocampus	3162	59/388	48/386	-0.525969	-0.114789	1.22283
SRX5574381	TFs and others	SPI1	Blood	ML-2	20120	62/388	73/386	-0.525297	-0.114789	0.844937
SRX5577156	TFs and others	AR	Prostate	LNCAP	32225	62/388	73/386	-0.525297	-0.114789	0.844937
SRX2778386	TFs and others	YY1	Blood	Lymphoblastoid cell line	2079	47/388	37/386	-0.525128	-0.114789	1.26372
SRX3110722	TFs and others	ESR1	Breast	MCF-7	8388	47/388	37/386	-0.525128	-0.114789	1.26372
SRX10119363	TFs and others	YAP1	Breast	MCF 10A	10488	14/388	20/386	-0.524811	-0.114789	0.696392
SRX150442	TFs and others	ZKSCAN1	Uterus	HeLa	2062	14/388	20/386	-0.524811	-0.114789	0.696392
SRX1799522	TFs and others	TRIM28	Blood	CD4+ T cells	6902	14/388	20/386	-0.524811	-0.114789	0.696392
SRX716559	TFs and others	TEAD1	Neural	SF268	15126	14/388	20/386	-0.524811	-0.114789	0.696392
SRX8406545	TFs and others	HOXB13	Prostate	Prostate	8834	14/388	20/386	-0.524811	-0.114789	0.696392
SRX718122	TFs and others	WDR5	Bone	SKMNC	3551	74/388	62/386	-0.524194	-0.114789	1.1874
SRX083219	TFs and others	AR	Prostate	LNCAP	6150	9/388	14/386	-0.524065	-0.114789	0.639543
SRX2020838	TFs and others	STAT3	Breast	MDA-MB-157	5250	9/388	14/386	-0.524065	-0.114789	0.639543
SRX2431535	TFs and others	POU5F1	Epidermis	BJ	689	9/388	14/386	-0.524065	-0.114789	0.639543
SRX2935293	TFs and others	8-Hydroxydeoxyguanosine	Breast	MCF 10A	5530	9/388	14/386	-0.524065	-0.114789	0.639543
SRX3436561	TFs and others	SSRP1	Bone	HT-1080	1571	9/388	14/386	-0.524065	-0.114789	0.639543
SRX3868794	TFs and others	REST	Digestive tract	Colorectal cancer organoid	3267	9/388	14/386	-0.524065	-0.114789	0.639543
SRX3868800	TFs and others	REST	Digestive tract	Colorectal cancer organoid	3104	9/388	14/386	-0.524065	-0.114789	0.639543
SRX4671059	TFs and others	BMI1	Blood	Lymphoblastoid cell line	2980	9/388	14/386	-0.524065	-0.114789	0.639543
SRX4677289	TFs and others	FOXA2	Pancreas	PANC-1	4841	9/388	14/386	-0.524065	-0.114789	0.639543
SRX5679788	TFs and others	ARID1A	Others	12Z	10262	9/388	14/386	-0.524065	-0.114789	0.639543
SRX5705800	TFs and others	ETS1	Pluripotent stem cell	hESC derived cardiac cells	468	9/388	14/386	-0.524065	-0.114789	0.639543
SRX6949261	TFs and others	SMC3	Uterus	HeLa	5134	9/388	14/386	-0.524065	-0.114789	0.639543
SRX8406300	TFs and others	HOXB13	Prostate	Prostate	8195	9/388	14/386	-0.524065	-0.114789	0.639543
SRX100552	TFs and others	SP1	Liver	Hep G2	19133	139/388	153/386	-0.523969	-0.114789	0.903814
SRX3797277	TFs and others	ZNF768	Blood	RAJI	9146	28/388	36/386	-0.523968	-0.114789	0.773769
SRX5195673	TFs and others	SMARCA4	Uterus	Endometrial epithelial cells	8511	28/388	36/386	-0.523968	-0.114789	0.773769
SRX9419946	TFs and others	MED1	Breast	BT-474	10367	28/388	36/386	-0.523968	-0.114789	0.773769
SRX11196912	TFs and others	NELFB	Kidney	293	998	21/388	14/386	-0.523856	-0.114789	1.49227
SRX150471	TFs and others	ATF3	Blood	K-562	819	21/388	14/386	-0.523856	-0.114789	1.49227
SRX6957437	TFs and others	SMAD2	Kidney	HGrC1	6783	21/388	14/386	-0.523856	-0.114789	1.49227
SRX9046311	TFs and others	ETS1	Blood	THP-1	4606	116/388	102/386	-0.523804	-0.114789	1.13139
SRX2281253	TFs and others	AFF1	Blood	SEM	903	15/388	9/386	-0.523124	-0.114457	1.65808
SRX8037080	TFs and others	KLF5	Digestive tract	KATO III	1863	15/388	9/386	-0.523124	-0.114457	1.65808
SRX825396	TFs and others	HNF1B	Pancreas	CFPAC-1	8240	15/388	9/386	-0.523124	-0.114457	1.65808
SRX7114558	TFs and others	Epitope tags	Breast	MCF-7	35142	103/388	116/386	-0.523123	-0.114457	0.883354
SRX3934091	TFs and others	INTS13	Blood	Macrophages	2272	37/388	28/386	-0.522976	-0.114457	1.31462
SRX7141991	TFs and others	O-GlcNAc	Adipocyte	Adipocytes	1301	37/388	28/386	-0.522976	-0.114457	1.31462
SRX764812	TFs and others	FOXA2	Pluripotent stem cell	hESC derived mesendodermal cells	6555	49/388	59/386	-0.521573	-0.113137	0.826228
SRX4521396	TFs and others	CTCF	Blood	Macrophages	16105	63/388	74/386	-0.521277	-0.112924	0.846963
SRX2796997	TFs and others	AR	Prostate	VCaP	14200	60/388	49/386	-0.520523	-0.112417	1.21818
SRX4096730	TFs and others	SMAD3	Prostate	PC-3	6800	60/388	49/386	-0.520523	-0.112417	1.21818
SRX679419	TFs and others	PROX1	Digestive tract	SW 480	9009	60/388	49/386	-0.520523	-0.112417	1.21818
SRX8299808	TFs and others	MYC	Bone	U2OS	17063	243/388	227/386	-0.518744	-0.11072	1.06497
SRX9029199	TFs and others	POU2F2	Blood	Neutrophils	9569	119/388	105/386	-0.518095	-0.110154	1.12749
SRX10158154	TFs and others	BRD4	Blood	KBM-7	2035	48/388	38/386	-0.517915	-0.110139	1.25665
SRX3285561	TFs and others	KDM5B	Breast	MCF-7	4498	48/388	38/386	-0.517915	-0.110139	1.25665
SRX186635	TFs and others	NRF1	Neural	SK-N-SH	7744	161/388	146/386	-0.516473	-0.108862	1.09706
SRX4705115	TFs and others	CEBPA	Blood	U-937	87324	227/388	240/386	-0.516473	-0.108862	0.940958
SRX482859	TFs and others	TBP	Blood	K-562	7128	120/388	106/386	-0.516273	-0.108745	1.12624
SRX7135365	TFs and others	BRD2	Blood	K-562	3061	61/388	50/386	-0.515262	-0.107952	1.21371
SRX1143683	TFs and others	TP63	Breast	MCF10DCIS.com	8102	21/388	28/386	-0.515068	-0.107952	0.746134
SRX4001761	TFs and others	CTCF	Blood	Macrophages	8545	21/388	28/386	-0.515068	-0.107952	0.746134
SRX5391691	TFs and others	CTCF	Blood	Neutrophils	3292	21/388	28/386	-0.515068	-0.107952	0.746134
SRX673747	TFs and others	MED1	Breast	MCF-7	1581	21/388	28/386	-0.515068	-0.107952	0.746134
SRX1477661	TFs and others	Epitope tags	Lung	MRC-5	5921	121/388	107/386	-0.51449	-0.107538	1.12501
SRX1055111	TFs and others	Epitope tags	Kidney	293	51526	359/388	349/386	-0.514408	-0.107538	1.02335
DRX227594	TFs and others	LDB2	Pluripotent stem cell	iPS derived neural cells	2553	29/388	37/386	-0.514408	-0.107538	0.779744
SRX2436061	TFs and others	NEUROD1	Neural	D283 Med	31031	164/388	149/386	-0.514224	-0.10752	1.095
SRX5360665	TFs and others	Epitope tags	Epidermis	BJ	83886	164/388	149/386	-0.514224	-0.10752	1.095
SRX1156521	TFs and others	Epitope tags	Breast	MDA-MB-231	5786	29/388	21/386	-0.514115	-0.107493	1.37383
SRX118012	TFs and others	NCOR1	Kidney	293	1706	38/388	29/386	-0.513434	-0.106893	1.30359
SRX100383	TFs and others	SIX5	Blood	GM12878	3844	96/388	83/386	-0.513302	-0.106844	1.15066
SRX2145569	TFs and others	RUNX2	Breast	MCF-7	16678	109/388	122/386	-0.512296	-0.106003	0.888837
SRX3040149	TFs and others	SMC1A	Breast	HMEC	34725	109/388	122/386	-0.512296	-0.106003	0.888837
SRX037939	TFs and others	TAL1	Blood	CD36+	13952	39/388	48/386	-0.512	-0.106	0.808312
SRX7512713	TFs and others	AR	Prostate	VCaP	33198	39/388	48/386	-0.512	-0.106	0.808312
SRX8376366	TFs and others	ONECUT1	Pluripotent stem cell	hESC derived pancreatic cells	13387	39/388	48/386	-0.512	-0.106	0.808312
SRX150544	TFs and others	GATA1	Blood	PBDE	14779	84/388	96/386	-0.5118	-0.106	0.87049
SRX8083099	TFs and others	FOXA1	Breast	CAMA-1	44044	84/388	96/386	-0.5118	-0.106	0.87049
SRX9419949	TFs and others	FOXA1	Breast	SK-BR-3	42297	84/388	96/386	-0.5118	-0.106	0.87049
SRX003794	TFs and others	CTCF	Blood	CD4+ T cells	11932	51/388	61/386	-0.511207	-0.105612	0.831756
SRX9317686	TFs and others	EP300	Blood	Fujioka	4112	51/388	61/386	-0.511207	-0.105612	0.831756
SRX734309	TFs and others	E2F1	Breast	HMEC	5785	123/388	109/386	-0.511036	-0.105612	1.12262
SRX3285589	TFs and others	KDM5B	Breast	C70R	2613	49/388	39/386	-0.511003	-0.105612	1.24993
SRX8470138	TFs and others	ZMYND8	Digestive tract	HCT 116	3527	49/388	39/386	-0.511003	-0.105612	1.24993
SRX359884	TFs and others	E2F3	Digestive tract	LoVo	8440	169/388	154/386	-0.510903	-0.105594	1.09175
SRX5323888	TFs and others	STAT3	Breast	T-47D	29284	231/388	215/386	-0.510687	-0.105543	1.06888
SRX6102133	TFs and others	NELFE	Uterus	HeLa	14465	231/388	215/386	-0.510687	-0.105543	1.06888
SRX100446	TFs and others	CTCFL	Blood	K-562	8898	66/388	77/386	-0.50987	-0.10489	0.852725
SRX1091827	TFs and others	CTCFL	Breast	MCF-7	6073	66/388	77/386	-0.50987	-0.10489	0.852725
SRX150420	TFs and others	ATF1	Blood	K-562	11645	124/388	110/386	-0.509364	-0.104506	1.12146
SRX100580	TFs and others	YY1	Blood	GM12891	10944	172/388	157/386	-0.509158	-0.104506	1.08989
SRX1165104	TFs and others	Epitope tags	Liver	Hep G2	10162	172/388	157/386	-0.509158	-0.104506	1.08989
SRX1514291	TFs and others	RUNX1	Blood	Kasumi-1	12498	172/388	157/386	-0.509158	-0.104506	1.08989
SRX3584201	TFs and others	CEBPB	Gonad	Epididymis	33742	111/388	124/386	-0.508988	-0.104418	0.890547
SRX10145215	TFs and others	REL	Unclassified	Unclassified	3985	78/388	66/386	-0.508791	-0.104302	1.17573
SRX7368255	TFs and others	MITF	Epidermis	Hermes 3C	69558	226/388	210/386	-0.508202	-0.103795	1.07064
SRX373733	TFs and others	ETS1	Blood	CUTLL1	28895	276/388	261/386	-0.507386	-0.103061	1.05202
SRX593748	TFs and others	SFPQ	Breast	MCF-7	92503	165/388	179/386	-0.506944	-0.1027	0.917036
SRX6913081	TFs and others	BRD4	Blood	K-562	9449	86/388	98/386	-0.506668	-0.102693	0.873028
SRX9187409	TFs and others	HDAC1	Pancreas	MIA Paca-2	8355	177/388	162/386	-0.506647	-0.102693	1.08696
SRX150611	TFs and others	ZNF263	Blood	K-562	1594	15/388	21/386	-0.506532	-0.102693	0.710604
SRX5371740	TFs and others	NFKB1	Blood	CD4+ T cells	2696	15/388	21/386	-0.506532	-0.102693	0.710604
SRX190181	TFs and others	FOXA1	Lung	A549	23598	52/388	62/386	-0.506279	-0.102693	0.834386
SRX3931033	TFs and others	FOXA1	Breast	MCF-7	23888	52/388	62/386	-0.506279	-0.102693	0.834386
SRX5719605	TFs and others	CTCF	Blood	T-ALL	13013	52/388	62/386	-0.506279	-0.102693	0.834386
SRX2368878	TFs and others	FOXA2	Epidermis	BJ	31442	67/388	78/386	-0.506271	-0.102693	0.854547
SRX682379	TFs and others	RARA	Blood	TSU-1621MT	11605	221/388	205/386	-0.5062	-0.102693	1.07249
SRX6371943	TFs and others	BRCA2	Kidney	hTERT-HME1	2478	22/388	15/386	-0.505613	-0.102269	1.45911
SRX7054944	TFs and others	ERG	Cardiovascular	HAEC	3138	22/388	15/386	-0.505613	-0.102269	1.45911
SRX4472654	TFs and others	EP300	Blood	Kasumi-1	12179	99/388	86/386	-0.505522	-0.10226	1.14523
SRX4367422	TFs and others	TBP	Lung	Bronchial tracheal epithelial cells	2789	40/388	49/386	-0.50536	-0.102252	0.812119
SRX5007091	TFs and others	BCL11B	Blood	PBMC	2916	30/388	38/386	-0.505352	-0.102252	0.785404
SRX150386	TFs and others	MAFF	Liver	Hep G2	36864	79/388	67/386	-0.505197	-0.10218	1.17303
SRX4393712	TFs and others	RUNX1	Blood	ME-1	6326	39/388	30/386	-0.504396	-0.101737	1.2933
SRX5567180	TFs and others	RUNX1	Blood	ME-1	6326	39/388	30/386	-0.504396	-0.101737	1.2933
SRX150725	TFs and others	USF2	Liver	Hep G2	4970	50/388	40/386	-0.504375	-0.101737	1.24356
SRX194566	TFs and others	E2F4	Breast	MCF-7	2371	50/388	40/386	-0.504375	-0.101737	1.24356
SRX6596847	TFs and others	EGR1	Others	Fibroblasts	4338	87/388	99/386	-0.50419	-0.101737	0.874258
SRX5323902	TFs and others	STAT3	Breast	T-47D	29955	214/388	198/386	-0.504184	-0.101737	1.07524
SRX5718165	TFs and others	RAD21	Kidney	293	19812	174/388	188/386	-0.504184	-0.101737	0.920761
SRX1735651	TFs and others	FOXO1	Blood	Pre-leukemia stem cells	18888	175/388	189/386	-0.503969	-0.101603	0.921153
SRX359409	TFs and others	CREBBP	Kidney	293	10317	211/388	195/386	-0.503594	-0.10131	1.07647
SRX5574468	TFs and others	FLI1	Blood	CTV-1	33397	208/388	192/386	-0.503166	-0.100963	1.07775
SRX10338559	TFs and others	MYC	Blood	NALM-6	29369	273/388	258/386	-0.502785	-0.100711	1.05269
SRX150356	TFs and others	STAT3	Uterus	HeLa	11084	22/388	29/386	-0.502669	-0.100711	0.75471
SRX186746	TFs and others	EZH2	Epidermis	NHDF	2208	22/388	29/386	-0.502669	-0.100711	0.75471
SRX027402	TFs and others	CEBPA	Adipocyte	Adipocytes	9722	30/388	22/386	-0.50174	-0.100391	1.35661
SRX12118507	TFs and others	POU2F2	Blood	B cells	3178	30/388	22/386	-0.50174	-0.100391	1.35661
SRX1629256	TFs and others	ERG	Prostate	VCaP	2818	30/388	22/386	-0.50174	-0.100391	1.35661
SRX2548300	TFs and others	BATF3	Blood	KK1	15978	30/388	22/386	-0.50174	-0.100391	1.35661
SRX2555304	TFs and others	GATA3	Neural	BE(2)-C	8065	30/388	22/386	-0.50174	-0.100391	1.35661
SRX684297	TFs and others	CPSF3L	Uterus	HeLa	2864	30/388	22/386	-0.50174	-0.100391	1.35661
SRX8616830	TFs and others	FOSL2	Lung	A549	8580	30/388	22/386	-0.50174	-0.100391	1.35661
SRX1224602	TFs and others	BRD4	Breast	MCF 10A	4601	80/388	68/386	-0.501699	-0.100391	1.17041
SRX9178830	TFs and others	HAP1	Blood	HAP1	2767	53/388	63/386	-0.501509	-0.100282	0.836933
SRX4525850	TFs and others	CTCF	Kidney	TTC-1240	51624	192/388	205/386	-0.501376	-0.100231	0.931758
SRX1514932	TFs and others	GFP	Kidney	293	2764	64/388	53/386	-0.500493	-0.0994291	1.20132
SRX8970969	TFs and others	MAML1	Others	Squamous cell carcinoma 	26604	69/388	80/386	-0.499357	-0.0983747	0.858054
SRX150666	TFs and others	TRIM28	Bone	U2OS	8751	41/388	50/386	-0.498986	-0.0982772	0.815773
SRX5974546	TFs and others	GATA1	Blood	K-562	11612	41/388	50/386	-0.498986	-0.0982772	0.815773
SRX7805367	TFs and others	ZFY	Prostate	22Rv1	4941	131/388	117/386	-0.498617	-0.0982772	1.11389
SRX356711	TFs and others	STAG1	Blood	GM19240	25881	118/388	131/386	-0.498474	-0.0982772	0.89612
SRX3160998	TFs and others	BCL11A	Blood	HUDEP-2	4008	51/388	41/386	-0.498012	-0.0982772	1.23749
SRX095397	TFs and others	MYC	Blood	RAMOS	986	10/388	15/386	-0.497558	-0.0982772	0.66323
SRX100528	TFs and others	BHLHE40	Liver	Hep G2	1590	10/388	15/386	-0.497558	-0.0982772	0.66323
SRX1012750	TFs and others	ESR1	Breast	MCF-7	3738	10/388	15/386	-0.497558	-0.0982772	0.66323
SRX10151291	TFs and others	KMT2D	Pluripotent stem cell	iPS derived neural cells	5630	10/388	15/386	-0.497558	-0.0982772	0.66323
SRX10722987	TFs and others	TBP	Bone	U2OS	889	10/388	15/386	-0.497558	-0.0982772	0.66323
SRX1161170	TFs and others	ESR1	Breast	MCF-7	5600	10/388	15/386	-0.497558	-0.0982772	0.66323
SRX150542	TFs and others	CTBP2	Pluripotent stem cell	hESC H1	1353	10/388	15/386	-0.497558	-0.0982772	0.66323
SRX1514925	TFs and others	GFP	Kidney	293	1549	10/388	15/386	-0.497558	-0.0982772	0.66323
SRX331853	TFs and others	REST	Blood	CD4+ T cells	2313	10/388	15/386	-0.497558	-0.0982772	0.66323
SRX4947720	TFs and others	RELA	Cardiovascular	HUVEC	2834	10/388	15/386	-0.497558	-0.0982772	0.66323
SRX5534851	TFs and others	EP300	Breast	MCF-7	3985	10/388	15/386	-0.497558	-0.0982772	0.66323
SRX5982343	TFs and others	SMARCA4	Lung	A549	810	10/388	15/386	-0.497558	-0.0982772	0.66323
SRX6853576	TFs and others	ARNT	Breast	MCF-7	776	10/388	15/386	-0.497558	-0.0982772	0.66323
SRX687836	TFs and others	TP63	Epidermis	HaCaT	3906	10/388	15/386	-0.497558	-0.0982772	0.66323
SRX8406306	TFs and others	HOXB13	Prostate	Prostate	10781	10/388	15/386	-0.497558	-0.0982772	0.66323
SRX8616979	TFs and others	ESR1	Breast	ZR-75-1	4880	10/388	15/386	-0.497558	-0.0982772	0.66323
SRX8037089	TFs and others	BRD4	Lung	HARA	22780	269/388	254/386	-0.497098	-0.0980343	1.0536
SRX9206193	TFs and others	KDM6A	Digestive tract	HCT 116	4800	90/388	102/386	-0.497083	-0.0980343	0.877805
SRX9468655	TFs and others	AR	Prostate	LNCAP	47541	54/388	64/386	-0.49689	-0.0980343	0.839401
SRX5089382	TFs and others	ARID1A	Breast	MCF-7	16714	31/388	39/386	-0.496762	-0.0980343	0.790775
SRX10338560	TFs and others	MLXIP	Blood	NALM-6	2637	16/388	10/386	-0.496669	-0.0980343	1.59175
SRX1515034	TFs and others	GFP	Kidney	293	5110	16/388	10/386	-0.496669	-0.0980343	1.59175
SRX186620	TFs and others	RFX5	Lung	IMR-90	1861	16/388	10/386	-0.496669	-0.0980343	1.59175
SRX8089673	TFs and others	MED1	Prostate	VCaP	986	16/388	10/386	-0.496669	-0.0980343	1.59175
SRX6854828	TFs and others	Epitope tags	Epidermis	501A	71706	103/388	90/386	-0.495947	-0.0975231	1.13855
SRX116422	TFs and others	HDAC1	Blood	K-562	6105	133/388	119/386	-0.495834	-0.0975231	1.11189
SRX2778383	TFs and others	YY1	Blood	Lymphoblastoid cell line	1598	40/388	31/386	-0.495821	-0.0975231	1.28367
SRX2778390	TFs and others	YY1	Blood	Lymphoblastoid cell line	1724	40/388	31/386	-0.495821	-0.0975231	1.28367
SRX026639	TFs and others	ERG	Blood	SKNO-1	26783	268/388	253/386	-0.495753	-0.0975231	1.05383
SRX3031986	TFs and others	BRD4	Blood	MV-4-11	14661	134/388	120/386	-0.494488	-0.0963381	1.11091
SRX7701215	TFs and others	BRD4	Lung	NCI-H1963	4159	104/388	91/386	-0.493685	-0.0956154	1.13697
SRX4708024	TFs and others	HNRNPLL	Liver	Hep G2	14085	266/388	251/386	-0.493149	-0.095241	1.0543
SRX8299831	TFs and others	NELFCD	Bone	U2OS	14618	266/388	251/386	-0.493149	-0.095241	1.0543
SRX8673364	TFs and others	SP1	Blood	Kasumi-1	2091	42/388	51/386	-0.492862	-0.0950509	0.819284
SRX5738754	TFs and others	Crotonyllysine	Pluripotent stem cell	hESC derived Endodermal cells	24362	317/388	304/386	-0.492797	-0.0950509	1.03739
SRX1758507	TFs and others	NELFE	Breast	MCF-7	2645	55/388	65/386	-0.492416	-0.0947507	0.841792
SRX2897217	TFs and others	ESR1	Breast	Breast cancer cells	5349	123/388	136/386	-0.49189	-0.0943182	0.89975
SRX1658068	TFs and others	BRD4	Lung	IMR-90	9067	83/388	71/386	-0.491742	-0.0943182	1.16299
SRX825398	TFs and others	KLF5	Pancreas	CFPAC-1	8706	83/388	71/386	-0.491742	-0.0943182	1.16299
SRX10119383	TFs and others	JUNB	Breast	MCF 10A	17129	23/388	30/386	-0.491101	-0.0940798	0.762715
SRX1079391	TFs and others	SUMO2	Prostate	VCaP	12424	23/388	30/386	-0.491101	-0.0940798	0.762715
SRX4931232	TFs and others	KMT2A	Kidney	293	1241	23/388	30/386	-0.491101	-0.0940798	0.762715
SRX6957466	TFs and others	FOXL2	Kidney	HGrC1	9098	23/388	30/386	-0.491101	-0.0940798	0.762715
SRX9719179	TFs and others	GATA3	Breast	MCF-7	9711	23/388	30/386	-0.491101	-0.0940798	0.762715
SRX6913086	TFs and others	BRD3	Blood	K-562	7724	137/388	123/386	-0.490622	-0.0936802	1.10808
SRX3098190	TFs and others	CEBPA	Blood	SKH1	3823	31/388	23/386	-0.490194	-0.0936491	1.34088
SRX371430	TFs and others	ESR1	Others	Tumour tissues	9273	31/388	23/386	-0.490194	-0.0936491	1.34088
ERX1035600	TFs and others	FOXP1	Blood	U-2932	3914	16/388	22/386	-0.489947	-0.0936491	0.723524
SRX2944449	TFs and others	MYC	Breast	MCF 10A	1253	16/388	22/386	-0.489947	-0.0936491	0.723524
SRX5089380	TFs and others	ARID1A	Breast	MCF-7	9034	16/388	22/386	-0.489947	-0.0936491	0.723524
SRX717858	TFs and others	EP300	Uterus	HeLa	7080	16/388	22/386	-0.489947	-0.0936491	0.723524
SRX7213082	TFs and others	PAF1	Bone	U2OS	1962	16/388	22/386	-0.489947	-0.0936491	0.723524
SRX9006852	TFs and others	FOXA1	Prostate	22Rv1	8735	16/388	22/386	-0.489947	-0.0936491	0.723524
SRX8536125	TFs and others	GATA1	Blood	HUDEP-2	15866	72/388	83/386	-0.489642	-0.0935775	0.862998
SRX250094	TFs and others	TCF7L2	Breast	MDA-MB-453	1170	23/388	16/386	-0.48906	-0.0935775	1.43009
SRX3841272	TFs and others	PYGO2	Uterus	HeLa	7124	23/388	16/386	-0.48906	-0.0935775	1.43009
SRX4745228	TFs and others	Epitope tags	Kidney	293	7184	23/388	16/386	-0.48906	-0.0935775	1.43009
SRX475800	TFs and others	ZBTB33	Blood	GM12878	1259	23/388	16/386	-0.48906	-0.0935775	1.43009
SRX9548657	TFs and others	SETD1A	Blood	THP-1	1136	23/388	16/386	-0.48906	-0.0935775	1.43009
SRX4001756	TFs and others	CTCF	Blood	Macrophages	11920	32/388	40/386	-0.488599	-0.0935775	0.795876
SRX5124858	TFs and others	FOXA1	Prostate	22Rv1	12634	32/388	40/386	-0.488599	-0.0935775	0.795876
SRX5577152	TFs and others	AR	Prostate	LNCAP	46315	94/388	106/386	-0.488324	-0.0935775	0.882221
SRX2982416	TFs and others	FOXA1	Uterus	Ishikawa	32008	139/388	125/386	-0.488184	-0.0935775	1.10627
SRX3367137	TFs and others	BRD2	Epidermis	Foreskin	3697	56/388	66/386	-0.48808	-0.0935775	0.844111
SRX7054667	TFs and others	RELA	Cardiovascular	HAEC	12331	56/388	66/386	-0.48808	-0.0935775	0.844111
SRX8536129	TFs and others	NFYB	Blood	HUDEP-2	3404	56/388	66/386	-0.48808	-0.0935775	0.844111
SRX3068920	TFs and others	AR	Prostate	22Rv1	2294	41/388	32/386	-0.487674	-0.0935775	1.27465
SRX643472	TFs and others	ERG	Prostate	VCaP	2978	41/388	32/386	-0.487674	-0.0935775	1.27465
ERX200500	TFs and others	CTCF	Blood	B cells	11020	43/388	52/386	-0.486974	-0.0935775	0.822661
SRX5577137	TFs and others	Epitope tags	Prostate	LNCAP	29872	43/388	52/386	-0.486974	-0.0935775	0.822661
SRX10721431	TFs and others	Epitope tags	Breast	MCF-7	6080	6/388	10/386	-0.486435	-0.0935775	0.596907
SRX1091034	TFs and others	Biotin	Blood	NOMO-1	2956	6/388	10/386	-0.486435	-0.0935775	0.596907
SRX1515044	TFs and others	GFP	Kidney	293	755	6/388	10/386	-0.486435	-0.0935775	0.596907
SRX170346	TFs and others	SMARCA4	Blood	Hematopoietic Stem Cells	1212	6/388	10/386	-0.486435	-0.0935775	0.596907
SRX1885171	TFs and others	RELA	Prostate	LNCAP	2772	6/388	10/386	-0.486435	-0.0935775	0.596907
SRX1885199	TFs and others	RELA	Prostate	LNCAP	2486	6/388	10/386	-0.486435	-0.0935775	0.596907
SRX2545054	TFs and others	HOXB13	Prostate	LNCAP	9442	6/388	10/386	-0.486435	-0.0935775	0.596907
SRX3541110	TFs and others	ESR1	Breast	MCF-7	3460	6/388	10/386	-0.486435	-0.0935775	0.596907
SRX3589927	TFs and others	STAG2	Breast	MCF 10A	769	6/388	10/386	-0.486435	-0.0935775	0.596907
SRX4099655	TFs and others	Epitope tags	Blood	Kasumi-1	2776	6/388	10/386	-0.486435	-0.0935775	0.596907
SRX4170709	TFs and others	WDR5	Blood	K-562	1302	6/388	10/386	-0.486435	-0.0935775	0.596907
SRX4525854	TFs and others	SMARCA4	Kidney	TTC-1240	1259	6/388	10/386	-0.486435	-0.0935775	0.596907
SRX475783	TFs and others	REST	Blood	GM12878	2172	6/388	10/386	-0.486435	-0.0935775	0.596907
SRX476924	TFs and others	SNAI2	Epidermis	Keratinocytes	906	6/388	10/386	-0.486435	-0.0935775	0.596907
SRX4802360	TFs and others	ARNT	Liver	Hep G2	1114	6/388	10/386	-0.486435	-0.0935775	0.596907
SRX502073	TFs and others	AR	Prostate	Prostate cancer	9650	6/388	10/386	-0.486435	-0.0935775	0.596907
SRX5323807	TFs and others	ESR1	Breast	T-47D	2639	6/388	10/386	-0.486435	-0.0935775	0.596907
SRX5534843	TFs and others	ESR1	Breast	MCF-7	3201	6/388	10/386	-0.486435	-0.0935775	0.596907
SRX5718142	TFs and others	TEAD1	Kidney	293	2846	6/388	10/386	-0.486435	-0.0935775	0.596907
SRX6614776	TFs and others	SMC3	Lung	WI-38	2829	6/388	10/386	-0.486435	-0.0935775	0.596907
SRX6757657	TFs and others	ESR1	Breast	MCF-7	2924	6/388	10/386	-0.486435	-0.0935775	0.596907
SRX747806	TFs and others	ESR1	Breast	MCF-7	3016	6/388	10/386	-0.486435	-0.0935775	0.596907
SRX753151	TFs and others	GTF2I	Pluripotent stem cell	iPS cells	1678	6/388	10/386	-0.486435	-0.0935775	0.596907
SRX764807	TFs and others	FOXA1	Pluripotent stem cell	hESC derived mesendodermal cells	4685	6/388	10/386	-0.486435	-0.0935775	0.596907
SRX8616981	TFs and others	ESR1	Breast	ZR-75-1	3178	6/388	10/386	-0.486435	-0.0935775	0.596907
SRX9046307	TFs and others	JUNB	Breast	MCF-7	1157	6/388	10/386	-0.486435	-0.0935775	0.596907
SRX10119376	TFs and others	YAP1	Breast	MCF 10A	19125	53/388	43/386	-0.486022	-0.0933556	1.2262
SRX1478544	TFs and others	SIX2	Kidney	Kidney Cortex	26555	53/388	43/386	-0.486022	-0.0933556	1.2262
SRX111321	TFs and others	HOXC9	Neural	BE(2)-C	8975	11/388	6/386	-0.485576	-0.0933556	1.82388
SRX150567	TFs and others	STAT1	Blood	K-562	1523	11/388	6/386	-0.485576	-0.0933556	1.82388
SRX2323867	TFs and others	KMT2A	Kidney	293	747	11/388	6/386	-0.485576	-0.0933556	1.82388
SRX2708818	TFs and others	MCRS1	Liver	Hep G2	270	11/388	6/386	-0.485576	-0.0933556	1.82388
SRX359942	TFs and others	JUNB	Digestive tract	LoVo	630	11/388	6/386	-0.485576	-0.0933556	1.82388
SRX5089506	TFs and others	HDAC1	Breast	MCF-7	575	11/388	6/386	-0.485576	-0.0933556	1.82388
SRX1036364	TFs and others	RUNX1	Blood	Acute myeloid leukemia	11798	108/388	95/386	-0.485125	-0.0929851	1.13098
SRX7054615	TFs and others	RELA	Cardiovascular	HAEC	26815	142/388	128/386	-0.484728	-0.0926667	1.10366
SRX1819616	TFs and others	ZMYND8	Prostate	DU 145	5993	68/388	57/386	-0.482888	-0.0909867	1.18683
SRX4473676	TFs and others	SMARCC1	Gonad	BIN-67	4405	68/388	57/386	-0.482888	-0.0909867	1.18683
SRX5234513	TFs and others	SMARCC1	Kidney	TTC1240	22526	144/388	130/386	-0.482552	-0.0907296	1.10198
SRX4892335	TFs and others	Epitope tags	Kidney	293	7305	132/388	145/386	-0.481758	-0.0900157	0.905652
SRX6473437	TFs and others	Epitope tags	Pluripotent stem cell	hESC derived neural crests	25439	344/388	333/386	-0.481308	-0.0897245	1.02771
SRX6473438	TFs and others	Epitope tags	Pluripotent stem cell	hESC derived neural crests	23131	344/388	333/386	-0.481308	-0.0897245	1.02771
SRX5089455	TFs and others	ESR1	Breast	MCF-7	4423	24/388	31/386	-0.48028	-0.0887751	0.770203
SRX9556500	TFs and others	GATA3	Breast	MDA-MB-231	15385	58/388	68/386	-0.479796	-0.0883706	0.848545
SRX6483126	TFs and others	SMARCA4	Neural	NGP	4915	32/388	24/386	-0.479393	-0.0882066	1.32646
SRX9318379	TFs and others	TOP2B	Neural	Glioma	1804	32/388	24/386	-0.479393	-0.0882066	1.32646
SRX9599294	TFs and others	REST	Kidney	293	2765	32/388	24/386	-0.479393	-0.0882066	1.32646
SRX8588640	TFs and others	KLF4	Cardiovascular	Pulmonary artery endothelial cells	13139	111/388	98/386	-0.479182	-0.0880751	1.12681
SRX100450	TFs and others	SIX5	Pluripotent stem cell	hESC H1	2769	69/388	58/386	-0.478816	-0.0877881	1.18352
SRX8337457	TFs and others	NFYA	Blood	HUDEP-2	4536	112/388	99/386	-0.477286	-0.0863372	1.12548
SRX026638	TFs and others	ERG	Blood	SKNO-1	13016	45/388	54/386	-0.475851	-0.0856465	0.829038
SRX1538762	TFs and others	NR1H3	Digestive tract	HT-29	13145	45/388	54/386	-0.475851	-0.0856465	0.829038
SRX8080553	TFs and others	Epitope tags	Breast	Mammary gland ductal carcinoma	19497	151/388	137/386	-0.475696	-0.0856465	1.09651
SRX150587	TFs and others	NFYA	Uterus	HeLa	4119	77/388	88/386	-0.475008	-0.0856465	0.87049
SRX176863	TFs and others	FOXA1	Breast	MCF-7	52592	77/388	88/386	-0.475008	-0.0856465	0.87049
SRX643471	TFs and others	ERG	Prostate	VCaP	5323	70/388	59/386	-0.474864	-0.0856465	1.18033
SRX7030913	TFs and others	HEXIM1	Breast	MCF-7	4217	70/388	59/386	-0.474864	-0.0856465	1.18033
SRX9599280	TFs and others	REST	Uterus	HEC-1-B	5433	70/388	59/386	-0.474864	-0.0856465	1.18033
SRX017906	TFs and others	RELA	Blood	GM12878	4892	17/388	23/386	-0.47482	-0.0856465	0.73532
SRX2404140	TFs and others	RELA	Others	Detroit 562	7207	17/388	23/386	-0.47482	-0.0856465	0.73532
SRX367642	TFs and others	GATA6	Digestive tract	AGS	10831	17/388	23/386	-0.47482	-0.0856465	0.73532
SRX5729950	TFs and others	AR	Prostate	LNCAP	14474	17/388	23/386	-0.47482	-0.0856465	0.73532
SRX10365548	TFs and others	NCOA3	Breast	MCF-7	9108	11/388	16/386	-0.474476	-0.0856465	0.683956
SRX1998425	TFs and others	MYOG	Muscle	Rhabdomyosarcoma	4971	11/388	16/386	-0.474476	-0.0856465	0.683956
SRX2770845	TFs and others	CEBPB	Blood	Macrophages	4984	11/388	16/386	-0.474476	-0.0856465	0.683956
SRX3229153	TFs and others	ESR1	Breast	Breast cancer	4992	11/388	16/386	-0.474476	-0.0856465	0.683956
SRX5089778	TFs and others	EGR1	Blood	TMD8	1008	11/388	16/386	-0.474476	-0.0856465	0.683956
SRX668244	TFs and others	CDK7	Blood	Jurkat	1112	11/388	16/386	-0.474476	-0.0856465	0.683956
SRX8090653	TFs and others	BRD4	Others	Synoviocytes	1510	11/388	16/386	-0.474476	-0.0856465	0.683956
SRX8380669	TFs and others	ESR1	Bone	U2OS	4241	11/388	16/386	-0.474476	-0.0856465	0.683956
SRX3394523	TFs and others	FLI1	Bone	A-673	28773	89/388	77/386	-0.473977	-0.0856465	1.14989
SRX041293	TFs and others	STAT5B	Blood	T cells	3948	24/388	17/386	-0.473962	-0.0856465	1.40449
SRX150457	TFs and others	BRCA1	Blood	GM12878	1019	24/388	17/386	-0.473962	-0.0856465	1.40449
SRX7268460	TFs and others	TCF4	Bone	A-673	4148	24/388	17/386	-0.473962	-0.0856465	1.40449
SRX100454	TFs and others	FOXA1	Breast	T-47D	44490	153/388	139/386	-0.473943	-0.0856465	1.09505
SRX10119171	TFs and others	CREBBP	Blood	MV-4-11	893	17/388	11/386	-0.473632	-0.0856465	1.53749
SRX5089785	TFs and others	SATB1	Breast	MCF 10A	18651	17/388	11/386	-0.473632	-0.0856465	1.53749
SRX5930116	TFs and others	EP300	Blood	Acute myeloid leukemia	6176	17/388	11/386	-0.473632	-0.0856465	1.53749
SRX8151645	TFs and others	ARNTL	Adipocyte	Preadipocytes	1859	17/388	11/386	-0.473632	-0.0856465	1.53749
SRX9426425	TFs and others	HCFC1	Blood	RAMOS	1884	17/388	11/386	-0.473632	-0.0856465	1.53749
SRX6854834	TFs and others	Epitope tags	Epidermis	501A	77926	114/388	101/386	-0.473615	-0.0856465	1.12289
SRX2017928	TFs and others	FOXA1	Prostate	LNCAP	84424	141/388	154/386	-0.473582	-0.0856465	0.910865
SRX5124836	TFs and others	FOXA1	Prostate	22Rv1	14146	34/388	42/386	-0.473435	-0.0856465	0.805351
SRX8512790	TFs and others	JAZF1	Digestive tract	HCT 116	2263	34/388	42/386	-0.473435	-0.0856465	0.805351
SRX3236738	TFs and others	BRD2	Lung	NCI-H1299	1901	43/388	34/386	-0.472537	-0.0856465	1.25819
SRX371472	TFs and others	ESR1	Breast	T-47D	11692	43/388	34/386	-0.472537	-0.0856465	1.25819
SRX8621693	TFs and others	CEBPA	Blood	MOLM-1	9590	43/388	34/386	-0.472537	-0.0856465	1.25819
SRX2731517	TFs and others	NCAPH2	Kidney	293	10745	233/388	245/386	-0.472276	-0.0856465	0.946118
SRX190219	TFs and others	EP300	Neural	SK-N-SH	23781	60/388	70/386	-0.471995	-0.0856465	0.852725
SRX5391526	TFs and others	MYC	Blood	RAJI	7080	156/388	142/386	-0.471475	-0.0856465	1.09293
SRX3285605	TFs and others	KDM5B	Breast	FULR	4100	71/388	60/386	-0.471027	-0.0856465	1.17723
SRX1539276	TFs and others	MYC	Blood	P493-6	3574	46/388	55/386	-0.470593	-0.0856465	0.832052
SRX1012654	TFs and others	PGR	Breast	MCF-7	13035	25/388	32/386	-0.470132	-0.0856465	0.777223
SRX1514983	TFs and others	GFP	Kidney	293	1736	25/388	32/386	-0.470132	-0.0856465	0.777223
SRX9390934	TFs and others	BRD4	Digestive tract	Colorectal cancer	2258	25/388	32/386	-0.470132	-0.0856465	0.777223
SRX9741172	TFs and others	ATF4	Blood	OCI-AML3	6783	25/388	32/386	-0.470132	-0.0856465	0.777223
SRX2194271	TFs and others	BRD4	Breast	SUM 159PT	37180	242/388	227/386	-0.469798	-0.0856465	1.06058
SRX2731586	TFs and others	ONECUT2	Prostate	22Rv1	2777	56/388	46/386	-0.469669	-0.0856465	1.21112
SRX4401064	TFs and others	RELA	Blood	BJAB	3611	33/388	25/386	-0.469265	-0.0856465	1.3132
SRX10722988	TFs and others	GTF2F1	Bone	U2OS	8016	159/388	145/386	-0.469196	-0.0856465	1.0909
SRX150357	TFs and others	TBP	Blood	GM12878	10458	159/388	145/386	-0.469196	-0.0856465	1.0909
SRX020506	TFs and others	ESR2	Bone	U2OS	1841	3/388	6/386	-0.468621	-0.0856465	0.497423
SRX054573	TFs and others	Epitope tags	Breast	MCF-7	1625	3/388	6/386	-0.468621	-0.0856465	0.497423
SRX062335	TFs and others	RUNX1	Blood	Kasumi-1	1280	3/388	6/386	-0.468621	-0.0856465	0.497423
SRX10120399	TFs and others	ATF4	Liver	Hep G2	2284	3/388	6/386	-0.468621	-0.0856465	0.497423
SRX1048477	TFs and others	BACH2	Blood	OCI-LY-7	759	3/388	6/386	-0.468621	-0.0856465	0.497423
SRX10881858	TFs and others	SMARCC1	Kidney	G-401	1887	3/388	6/386	-0.468621	-0.0856465	0.497423
SRX1514918	TFs and others	GFP	Kidney	293	1463	3/388	6/386	-0.468621	-0.0856465	0.497423
SRX1514971	TFs and others	GFP	Kidney	293	798	3/388	6/386	-0.468621	-0.0856465	0.497423
SRX155731	TFs and others	HSF1	Breast	MCF 10A	788	3/388	6/386	-0.468621	-0.0856465	0.497423
SRX1690263	TFs and others	MYCN	Neural	Neuroblastoma	862	3/388	6/386	-0.468621	-0.0856465	0.497423
SRX210720	TFs and others	MYC	Kidney	293	2799	3/388	6/386	-0.468621	-0.0856465	0.497423
SRX2382332	TFs and others	EBF3	Neural	SK-N-SH	2028	3/388	6/386	-0.468621	-0.0856465	0.497423
SRX275500	TFs and others	TP53	Bone	U2OS	1546	3/388	6/386	-0.468621	-0.0856465	0.497423
SRX2880133	TFs and others	KDM6A	Breast	CAL-51	488	3/388	6/386	-0.468621	-0.0856465	0.497423
SRX3159240	TFs and others	BRD4	Prostate	LREX	450	3/388	6/386	-0.468621	-0.0856465	0.497423
SRX3229176	TFs and others	FOXA1	Breast	Breast cancer	1174	3/388	6/386	-0.468621	-0.0856465	0.497423
SRX3445675	TFs and others	GATA1	Blood	K-562	1926	3/388	6/386	-0.468621	-0.0856465	0.497423
SRX3554404	TFs and others	ESR1	Breast	MDA-MB-134-VI	833	3/388	6/386	-0.468621	-0.0856465	0.497423
SRX366173	TFs and others	SMAD4	Lung	NCI-H441	1601	3/388	6/386	-0.468621	-0.0856465	0.497423
SRX383816	TFs and others	AR	Prostate	LNCAP	6105	3/388	6/386	-0.468621	-0.0856465	0.497423
SRX4313203	TFs and others	SOX8	Muscle	RH-4	2118	3/388	6/386	-0.468621	-0.0856465	0.497423
SRX5089533	TFs and others	ARID2	Breast	MCF-7	2419	3/388	6/386	-0.468621	-0.0856465	0.497423
SRX514840	TFs and others	TP53	Epidermis	Keratinocytes	997	3/388	6/386	-0.468621	-0.0856465	0.497423
SRX5255117	TFs and others	Epitope tags	Kidney	HK-2	963	3/388	6/386	-0.468621	-0.0856465	0.497423
SRX5287702	TFs and others	MED1	Breast	MCF-7	541	3/388	6/386	-0.468621	-0.0856465	0.497423
SRX5342364	TFs and others	FOXL2	Gonad	SVOG-3e	1613	3/388	6/386	-0.468621	-0.0856465	0.497423
SRX5426128	TFs and others	CBX7	Pluripotent stem cell	NT2-D1	627	3/388	6/386	-0.468621	-0.0856465	0.497423
SRX5673033	TFs and others	EGR1	Gonad	A2780	427	3/388	6/386	-0.468621	-0.0856465	0.497423
SRX5718144	TFs and others	TEAD4	Kidney	293	1392	3/388	6/386	-0.468621	-0.0856465	0.497423
SRX6367580	TFs and others	NCOA1	Kidney	293	2694	3/388	6/386	-0.468621	-0.0856465	0.497423
SRX647370	TFs and others	ZBTB17	Breast	MCF 10A	319	3/388	6/386	-0.468621	-0.0856465	0.497423
SRX647372	TFs and others	ZBTB17	Breast	MCF 10A	365	3/388	6/386	-0.468621	-0.0856465	0.497423
SRX6777397	TFs and others	ESR1	Breast	MCF-7	1047	3/388	6/386	-0.468621	-0.0856465	0.497423
SRX6852810	TFs and others	SOX2	Lung	HCC95	1415	3/388	6/386	-0.468621	-0.0856465	0.497423
SRX7135460	TFs and others	SOX17	Adipocyte	hESC derived hemogenic cells	1186	3/388	6/386	-0.468621	-0.0856465	0.497423
SRX7213083	TFs and others	PAF1	Bone	U2OS	615	3/388	6/386	-0.468621	-0.0856465	0.497423
SRX7228374	TFs and others	FANCD2	Digestive tract	HCT 116	851	3/388	6/386	-0.468621	-0.0856465	0.497423
SRX728762	TFs and others	PAF1	Blood	THP-1	797	3/388	6/386	-0.468621	-0.0856465	0.497423
SRX753153	TFs and others	GTF2I	Pluripotent stem cell	iPS cells	809	3/388	6/386	-0.468621	-0.0856465	0.497423
SRX8023115	TFs and others	TP53	Breast	MCF 10A	1362	3/388	6/386	-0.468621	-0.0856465	0.497423
SRX8023116	TFs and others	TP53	Breast	MCF 10A	1337	3/388	6/386	-0.468621	-0.0856465	0.497423
SRX8089614	TFs and others	AR	Prostate	VCaP	4251	3/388	6/386	-0.468621	-0.0856465	0.497423
SRX8333285	TFs and others	BAP1	Lung	NCI-H1963	344	3/388	6/386	-0.468621	-0.0856465	0.497423
SRX4892339	TFs and others	Epitope tags	Kidney	293	25651	240/388	225/386	-0.468426	-0.0856465	1.06117
SRX7512716	TFs and others	AR	Prostate	VCaP	56565	61/388	71/386	-0.468263	-0.0856465	0.854726
SRX11094537	TFs and others	FLI1	Bone	EW-7	3486	7/388	3/386	-0.467798	-0.0856465	2.32131
SRX151222	TFs and others	KMT2A	Blood	RS4-11	652	7/388	3/386	-0.467798	-0.0856465	2.32131
SRX2652437	TFs and others	ZBTB48	Uterus	HeLa	744	7/388	3/386	-0.467798	-0.0856465	2.32131
SRX2741419	TFs and others	CHD4	Others	SCC-9	571	7/388	3/386	-0.467798	-0.0856465	2.32131
SRX4370389	TFs and others	Epitope tags	Digestive tract	HCT 116	2056	7/388	3/386	-0.467798	-0.0856465	2.32131
SRX490427	TFs and others	BRD4	Breast	MCF-7	451	7/388	3/386	-0.467798	-0.0856465	2.32131
SRX490429	TFs and others	BRD4	Breast	MCF-7	418	7/388	3/386	-0.467798	-0.0856465	2.32131
SRX4976908	TFs and others	TP63	Epidermis	Keratinocytes	2142	7/388	3/386	-0.467798	-0.0856465	2.32131
SRX5389161	TFs and others	EP300	Blood	Acute promyelocytic leukemia	1965	7/388	3/386	-0.467798	-0.0856465	2.32131
SRX5888986	TFs and others	RELA	Others	Head and neck squamous cell carcinoma 	581	7/388	3/386	-0.467798	-0.0856465	2.32131
SRX6487059	TFs and others	FOXA1	Breast	MCF-7	2088	7/388	3/386	-0.467798	-0.0856465	2.32131
SRX702052	TFs and others	OTX2	Pluripotent stem cell	hESC HUES64	2184	7/388	3/386	-0.467798	-0.0856465	2.32131
SRX7054941	TFs and others	ERG	Cardiovascular	HAEC	1259	7/388	3/386	-0.467798	-0.0856465	2.32131
SRX747790	TFs and others	RELA	Breast	MCF-7	567	7/388	3/386	-0.467798	-0.0856465	2.32131
SRX8823215	TFs and others	ZMYND8	Lung	A549	760	7/388	3/386	-0.467798	-0.0856465	2.32131
SRX8976675	TFs and others	HDAC3	Digestive tract	KYSE-410	1479	7/388	3/386	-0.467798	-0.0856465	2.32131
SRX1177905	TFs and others	HEXIM1	Digestive tract	HCT 116	17690	238/388	223/386	-0.467133	-0.0851802	1.06176
SRX100431	TFs and others	EBF1	Blood	GM12878	32271	150/388	163/386	-0.467133	-0.0851802	0.915502
SRX2355078	TFs and others	RELA	Cardiovascular	HAEC	9316	162/388	148/386	-0.467098	-0.0851802	1.08895
SRX7030932	TFs and others	NELFA	Breast	MCF-7	6058	118/388	105/386	-0.466732	-0.0848914	1.11802
SRX028635	TFs and others	FOXA1	Breast	MCF-7	20830	35/388	43/386	-0.466377	-0.0846143	0.809758
SRX3584202	TFs and others	CEBPB	Gonad	Epididymis	37004	106/388	118/386	-0.466218	-0.0845332	0.893675
SRX327756	TFs and others	MED1	Blood	MM.1S	14887	164/388	150/386	-0.465798	-0.0841905	1.0877
SRX2582162	TFs and others	GRHL3	Epidermis	NHEK	6656	47/388	56/386	-0.465522	-0.08404	0.834959
SRX6913101	TFs and others	BRD4	Blood	CD4+ T cells	2080	44/388	35/386	-0.465492	-0.08404	1.25066
SRX3591436	TFs and others	BRD4	Blood	B-CLL cells	2985	57/388	47/386	-0.464607	-0.083433	1.20651
SRX4059543	TFs and others	ERG	Prostate	RWPE-1	9896	57/388	47/386	-0.464607	-0.083433	1.20651
SRX895429	TFs and others	SUMO2	Blood	K-562	2977	57/388	47/386	-0.464607	-0.083433	1.20651
SRX3852891	TFs and others	NELFE	Blood	K-562	10548	222/388	234/386	-0.464574	-0.083433	0.943828
SRX10881812	TFs and others	BRD7	Kidney	G-401	3233	73/388	62/386	-0.46368	-0.0826166	1.17135
SRX9178819	TFs and others	HAP1	Blood	HAP1	4079	93/388	81/386	-0.463509	-0.0825224	1.14223
SRX5574500	TFs and others	SPI1	Blood	CTV-1	31205	169/388	155/386	-0.462878	-0.0819691	1.0847
SRX8175103	TFs and others	EED	Pluripotent stem cell	ES cells	21528	170/388	156/386	-0.462349	-0.0815186	1.08413
SRX6476489	TFs and others	SMAD2	Cardiovascular	HUVEC	5495	121/388	108/386	-0.461944	-0.0811908	1.1146
SRX9468652	TFs and others	AR	Prostate	LNCAP	86908	109/388	121/386	-0.461531	-0.0808546	0.896183
SRX4001820	TFs and others	SPI1	Blood	Macrophages	85670	227/388	212/386	-0.461356	-0.0808227	1.06524
SRX895438	TFs and others	SUMO2	Prostate	VCaP	7754	94/388	82/386	-0.461045	-0.0808227	1.14043
SRX10306514	TFs and others	AR	Prostate	LNCAP	14929	18/388	24/386	-0.460957	-0.0808227	0.746134
SRX190312	TFs and others	FOXM1	Uterus	ECC-1	5682	18/388	24/386	-0.460957	-0.0808227	0.746134
SRX4802362	TFs and others	HIF1A	Liver	Hep G2	2270	18/388	24/386	-0.460957	-0.0808227	0.746134
SRX7262417	TFs and others	FOXA1	Others	Bladder cancer	7581	18/388	24/386	-0.460957	-0.0808227	0.746134
SRX9135092	TFs and others	AR	Prostate	VCaP	16938	18/388	24/386	-0.460957	-0.0808227	0.746134
ERX626811	TFs and others	EP300	Blood	U-937	7205	173/388	159/386	-0.460871	-0.0808147	1.08244
SRX475750	TFs and others	EP300	Blood	GM12878	10600	48/388	57/386	-0.460628	-0.0807696	0.837765
SRX1261526	TFs and others	SMC3	Blood	TF-1	9141	26/388	33/386	-0.460594	-0.0807696	0.783818
SRX2671792	TFs and others	EP300	Cardiovascular	Cardiac progenitor cells	17545	26/388	33/386	-0.460594	-0.0807696	0.783818
SRX4931241	TFs and others	KMT2A	Kidney	293	5468	122/388	109/386	-0.460415	-0.0806886	1.1135
SRX103224	TFs and others	SPI1	Blood	THP-1	13687	74/388	63/386	-0.460161	-0.0806886	1.16855
SRX1431738	TFs and others	SPI1	Blood	K-562	4624	25/388	18/386	-0.460126	-0.0806886	1.38173
SRX757046	TFs and others	KDM1A	Neural	SH-SY5Y	4810	25/388	18/386	-0.460126	-0.0806886	1.38173
SRX9562900	TFs and others	BRD9	Muscle	RH-4	1694	25/388	18/386	-0.460126	-0.0806886	1.38173
SRX356728	TFs and others	STAG1	Blood	Lymphoblastoid cell line	25941	110/388	122/386	-0.460035	-0.0806744	0.896992
SRX3630816	TFs and others	ESR1	Uterus	Ishikawa	8058	34/388	26/386	-0.459745	-0.0805396	1.30095
SRX6961680	TFs and others	SUPT5H	Digestive tract	HCT 116	2519	34/388	26/386	-0.459745	-0.0805396	1.30095
SRX2268282	TFs and others	SPI1	Blood	THP-1	32550	83/388	94/386	-0.45965	-0.0805217	0.878427
SRX5574496	TFs and others	SPI1	Blood	CTV-1	8851	45/388	36/386	-0.458764	-0.0798607	1.24356
SRX6913078	TFs and others	BRD3	Blood	K-562	2094	45/388	36/386	-0.458764	-0.0798607	1.24356
SRX4937340	TFs and others	MED1	Digestive tract	HCT 116	11020	210/388	222/386	-0.458758	-0.0798607	0.94107
SRX8337455	TFs and others	NFYA	Blood	HUDEP-2	7683	180/388	166/386	-0.458032	-0.0792115	1.07875
SRX4001958	TFs and others	SPI1	Blood	THP-1	34643	84/388	95/386	-0.457296	-0.0785537	0.879653
SRX4046302	TFs and others	CXXC1	Blood	Erythroblasts	9882	212/388	197/386	-0.456864	-0.0784638	1.0706
SRX8363485	TFs and others	ARID1A	Neural	NGP	8397	75/388	64/386	-0.456739	-0.0784638	1.16583
SRX2194282	TFs and others	BRD4	Breast	SUM 159PT	23176	185/388	171/386	-0.45651	-0.0784638	1.07629
SRX3540868	TFs and others	CTCF	Uterus	HeLa	58695	203/388	215/386	-0.45651	-0.0784638	0.939319
SRX4377550	TFs and others	BRD2	Breast	HCC1806	11279	207/388	192/386	-0.456187	-0.0784638	1.07257
SRX7544091	TFs and others	ESR1	Uterus	Ishikawa	19411	207/388	192/386	-0.456187	-0.0784638	1.07257
SRX3923516	TFs and others	FOXA1	Breast	MCF-7	24547	49/388	58/386	-0.455903	-0.0784638	0.840473
SRX5719604	TFs and others	CTCF	Blood	T-ALL	13227	49/388	58/386	-0.455903	-0.0784638	0.840473
SRX1497394	TFs and others	MYC	Blood	RAJI	13084	188/388	174/386	-0.455794	-0.0784638	1.07489
SRX4473692	TFs and others	SMARCC1	Gonad	BIN-67	3346	59/388	49/386	-0.455004	-0.0784638	1.19788
SRX10382426	TFs and others	TET1	Pluripotent stem cell	hESC H1	20673	329/388	337/386	-0.455004	-0.0784638	0.971229
SRX2436046	TFs and others	OTX2	Neural	D341 Med	32573	85/388	96/386	-0.454995	-0.0784638	0.880853
SRX8616826	TFs and others	FOSL2	Lung	A549	22407	193/388	179/386	-0.454923	-0.0784638	1.07265
SRX6913072	TFs and others	BRD2	Blood	K-562	10110	195/388	181/386	-0.454686	-0.0784638	1.07179
SRX014780	TFs and others	PML	Blood	UPR9	2725	12/388	17/386	-0.454163	-0.0784638	0.702244
SRX100452	TFs and others	TAF7	Blood	K-562	1974	12/388	17/386	-0.454163	-0.0784638	0.702244
SRX10365514	TFs and others	AR	Breast	MCF-7	14901	12/388	17/386	-0.454163	-0.0784638	0.702244
SRX248931	TFs and others	FLI1	Blood	CD34+	3429	12/388	17/386	-0.454163	-0.0784638	0.702244
SRX4288473	TFs and others	CTCF	Blood	Lymphoblastoid cell line	3404	12/388	17/386	-0.454163	-0.0784638	0.702244
SRX4802333	TFs and others	ARNT	Kidney	HKC8	3021	12/388	17/386	-0.454163	-0.0784638	0.702244
SRX5195717	TFs and others	ARID1A	Uterus	Endometrial epithelial cells	8404	12/388	17/386	-0.454163	-0.0784638	0.702244
SRX5287689	TFs and others	YAP1	Breast	MCF-7	5684	12/388	17/386	-0.454163	-0.0784638	0.702244
SRX5534842	TFs and others	FOXA1	Breast	MCF-7	8327	12/388	17/386	-0.454163	-0.0784638	0.702244
SRX5577147	TFs and others	Epitope tags	Prostate	LNCAP	14452	12/388	17/386	-0.454163	-0.0784638	0.702244
SRX8336463	TFs and others	GATA4	Pluripotent stem cell	hESC derived pancreatic cells	4276	12/388	17/386	-0.454163	-0.0784638	0.702244
SRX8406531	TFs and others	HOXB13	Prostate	Prostate	3965	12/388	17/386	-0.454163	-0.0784638	0.702244
SRX8827512	TFs and others	SMARCA4	Lung	NCI-H1299	616	12/388	17/386	-0.454163	-0.0784638	0.702244
SRX9135093	TFs and others	AR	Prostate	VCaP	10527	12/388	17/386	-0.454163	-0.0784638	0.702244
SRX2436050	TFs and others	OTX2	Neural	D341 Med	20573	97/388	85/386	-0.453988	-0.0784638	1.13529
SRX4193149	TFs and others	ESR1	Breast	MCF-7	5834	76/388	65/386	-0.453411	-0.0784638	1.1632
SRX8418556	TFs and others	MAZ	Blood	SEM	4369	76/388	65/386	-0.453411	-0.0784638	1.1632
SRX150597	TFs and others	MAX	Blood	GM12878	7543	127/388	114/386	-0.453244	-0.0784638	1.10829
SRX6058757	TFs and others	CEBPA	Breast	T-47D	7867	37/388	45/386	-0.453192	-0.0784638	0.817984
SRX6743048	TFs and others	AR	Prostate	VCaP	34477	37/388	45/386	-0.453192	-0.0784638	0.817984
SRX3857001	TFs and others	CDKN1B	Breast	MDA-MB-231	25604	302/388	289/386	-0.452748	-0.0784638	1.0396
SRX017865	TFs and others	RELA	Blood	GM18526	2405	7/388	11/386	-0.452678	-0.0784638	0.633083
SRX130062	TFs and others	KLF4	Epidermis	BJ	2066	7/388	11/386	-0.452678	-0.0784638	0.633083
SRX1478541	TFs and others	SIX2	Kidney	Kidney Cortex	7436	7/388	11/386	-0.452678	-0.0784638	0.633083
SRX185914	TFs and others	FOXM1	Breast	MDA-MB-231	1314	7/388	11/386	-0.452678	-0.0784638	0.633083
SRX3020563	TFs and others	PHIP	Digestive tract	HCT 116	551	7/388	11/386	-0.452678	-0.0784638	0.633083
SRX3229147	TFs and others	ESR1	Breast	Breast cancer	2127	7/388	11/386	-0.452678	-0.0784638	0.633083
SRX3372012	TFs and others	FOXF1	Digestive tract	GIST48	5052	7/388	11/386	-0.452678	-0.0784638	0.633083
SRX3638911	TFs and others	RELA	Bone	U2OS	1306	7/388	11/386	-0.452678	-0.0784638	0.633083
SRX371447	TFs and others	ESR1	Others	Tumour tissues	3920	7/388	11/386	-0.452678	-0.0784638	0.633083
SRX4170707	TFs and others	WDR5	Blood	K-562	1303	7/388	11/386	-0.452678	-0.0784638	0.633083
SRX5089415	TFs and others	SMARCA4	Breast	MCF-7	2066	7/388	11/386	-0.452678	-0.0784638	0.633083
SRX5089513	TFs and others	SMARCA4	Breast	MCF-7	3582	7/388	11/386	-0.452678	-0.0784638	0.633083
SRX5172065	TFs and others	SMARCA4	Breast	MCF-7	2923	7/388	11/386	-0.452678	-0.0784638	0.633083
SRX5974575	TFs and others	CTCF	Blood	K-562	2077	7/388	11/386	-0.452678	-0.0784638	0.633083
SRX6435391	TFs and others	SUPT5H	Kidney	293	630	7/388	11/386	-0.452678	-0.0784638	0.633083
SRX673721	TFs and others	Biotin	Breast	MCF-7	1278	7/388	11/386	-0.452678	-0.0784638	0.633083
SRX747793	TFs and others	FOXA1	Breast	MCF-7	5693	7/388	11/386	-0.452678	-0.0784638	0.633083
SRX8030662	TFs and others	SUZ12	Neural	BT 245	1219	7/388	11/386	-0.452678	-0.0784638	0.633083
SRX8432586	TFs and others	TBP	Pluripotent stem cell	iPS cells	1142	7/388	11/386	-0.452678	-0.0784638	0.633083
SRX8617018	TFs and others	TET2	Breast	MCF-7	3230	7/388	11/386	-0.452678	-0.0784638	0.633083
SRX9055415	TFs and others	LDB1	Blood	HUDEP-2	2793	7/388	11/386	-0.452678	-0.0784638	0.633083
SRX9298947	TFs and others	NR3C1	Lung	Lung cancer cell line	6100	7/388	11/386	-0.452678	-0.0784638	0.633083
SRX9555216	TFs and others	SUZ12	Kidney	293	796	7/388	11/386	-0.452678	-0.0784638	0.633083
SRX968978	TFs and others	RELA	Breast	MCF-7	1237	7/388	11/386	-0.452678	-0.0784638	0.633083
SRX6435393	TFs and others	SUPT5H	Kidney	293	2140	46/388	37/386	-0.452331	-0.0781929	1.23683
SRX2901942	TFs and others	ESR1	Uterus	Ishikawa	7205	128/388	115/386	-0.4519	-0.078128	1.10731
SRX10119373	TFs and others	TEAD1	Breast	MCF 10A	3024	12/388	7/386	-0.451885	-0.078128	1.70545
SRX360377	TFs and others	EP300	Digestive tract	HCT 116	3703	12/388	7/386	-0.451885	-0.078128	1.70545
SRX8673489	TFs and others	DDIT3	Bone	HT-1080	1512	12/388	7/386	-0.451885	-0.078128	1.70545
SRX895430	TFs and others	SUMO2	Blood	K-562	718	12/388	7/386	-0.451885	-0.078128	1.70545
SRX3271016	TFs and others	KDM1A	Pluripotent stem cell	hESC derived pancreatic cells	30890	361/388	352/386	-0.451611	-0.0780827	1.02028
SRX360582	TFs and others	CTCF	Digestive tract	GP5d	6283	27/388	34/386	-0.451611	-0.0780827	0.790024
SRX858324	TFs and others	RUNX1	Blood	Kasumi-1	7801	27/388	34/386	-0.451611	-0.0780827	0.790024
SRX190282	TFs and others	FOXA1	Lung	A549	24558	50/388	59/386	-0.451338	-0.0779625	0.843089
SRX9932054	TFs and others	STAT5A	Breast	MCF-7	2334	50/388	59/386	-0.451338	-0.0779625	0.843089
SRX4001961	TFs and others	SPI1	Blood	THP-1	26144	66/388	76/386	-0.45111	-0.0778104	0.863945
SRX1224603	TFs and others	BRD4	Breast	MCF 10A	1801	35/388	27/386	-0.450778	-0.0776315	1.28961
SRX3526593	TFs and others	ZFX	Prostate	PrEC	1493	35/388	27/386	-0.450778	-0.0776315	1.28961
SRX283754	TFs and others	ETV1	Prostate	LNCAP	5863	77/388	66/386	-0.450173	-0.0773308	1.16065
SRX359882	TFs and others	CREB1	Digestive tract	LoVo	2788	77/388	66/386	-0.450173	-0.0773308	1.16065
SRX448960	TFs and others	BRD4	Blood	DND-41	4872	77/388	66/386	-0.450173	-0.0773308	1.16065
SRX5514042	TFs and others	MED12	Uterus	Uterin leiomyoma	4064	77/388	66/386	-0.450173	-0.0773308	1.16065
SRX101137	TFs and others	AR	Prostate	VCaP	17142	19/388	25/386	-0.448201	-0.0760434	0.756082
SRX1023260	TFs and others	GATA3	Neural	BE(2)-C	10874	19/388	25/386	-0.448201	-0.0760434	0.756082
SRX150372	TFs and others	MAFK	Pluripotent stem cell	hESC H1	7644	19/388	25/386	-0.448201	-0.0760434	0.756082
SRX4473674	TFs and others	SS18	Gonad	BIN-67	9888	19/388	25/386	-0.448201	-0.0760434	0.756082
SRX502070	TFs and others	AR	Prostate	Prostate cancer	16719	19/388	25/386	-0.448201	-0.0760434	0.756082
SRX5124823	TFs and others	FOXA1	Prostate	LNCAP	15776	19/388	25/386	-0.448201	-0.0760434	0.756082
SRX7055000	TFs and others	ERG	Cardiovascular	HAEC	3475	19/388	25/386	-0.448201	-0.0760434	0.756082
SRX7135370	TFs and others	BRD3	Blood	K-562	1429	19/388	25/386	-0.448201	-0.0760434	0.756082
SRX7807558	TFs and others	GATA3	Blood	GM12878	4928	19/388	25/386	-0.448201	-0.0760434	0.756082
SRX7549664	TFs and others	TFAP2C	Pluripotent stem cell	hESC UCLA2	7741	100/388	88/386	-0.447402	-0.0756145	1.13051
SRX026264	TFs and others	CDX2	Digestive tract	Caco-2	4392	26/388	19/386	-0.447393	-0.0756145	1.36137
SRX1550251	TFs and others	MYC	Bone	U2OS	1451	26/388	19/386	-0.447393	-0.0756145	1.36137
SRX4169276	TFs and others	SUPT5H	Bone	U2OS	1319	26/388	19/386	-0.447393	-0.0756145	1.36137
SRX7283269	TFs and others	IRF1	Pancreas	AsPC-1	3903	26/388	19/386	-0.447393	-0.0756145	1.36137
SRX2166895	TFs and others	CTCF	Neural	Retina	8483	38/388	46/386	-0.447024	-0.0755472	0.821829
SRX5124822	TFs and others	FOXA1	Prostate	LAPC-4	24071	38/388	46/386	-0.447024	-0.0755472	0.821829
SRX6680391	TFs and others	CTCF	Bone	HT-1080	13007	38/388	46/386	-0.447024	-0.0755472	0.821829
SRX2009509	TFs and others	BRD4	Neural	SF8628	4170	78/388	67/386	-0.447022	-0.0755472	1.15818
SRX895435	TFs and others	SUMO2	Prostate	VCaP	5373	47/388	38/386	-0.446174	-0.0747754	1.23047
SRX1514284	TFs and others	EP300	Blood	Kasumi-1	7477	61/388	51/386	-0.44604	-0.0747178	1.18991
SRX037940	TFs and others	GATA1	Blood	CD36+	10263	68/388	78/386	-0.444882	-0.0737115	0.867301
SRX3124404	TFs and others	CTCFL	Neural	KELLY	8001	68/388	78/386	-0.444882	-0.0737115	0.867301
SRX1091550	TFs and others	TFAP2A	Pluripotent stem cell	hESC derived neural crests	43176	298/388	285/386	-0.444252	-0.0731628	1.04022
SRX10045343	TFs and others	ASXL1	Blood	THP-1	3423	79/388	68/386	-0.443954	-0.0731628	1.15578
SRX035159	TFs and others	EOMES	Pluripotent stem cell	hESC derived mesendodermal cells	46419	102/388	90/386	-0.443254	-0.0731628	1.12749
SRX2436056	TFs and others	NEUROD1	Neural	D341 Med	17973	102/388	90/386	-0.443254	-0.0731628	1.12749
SRX3923511	TFs and others	FOXA1	Breast	MCF-7	15371	28/388	35/386	-0.443134	-0.0731628	0.795876
SRX7196724	TFs and others	BMI1	Neural	SF8628	3487	28/388	35/386	-0.443134	-0.0731628	0.795876
SRX6896409	TFs and others	GRHL2	Breast	T-47D	13105	52/388	61/386	-0.442655	-0.0731628	0.848065
SRX1117697	TFs and others	KDM5C	Breast	ZR-75-30	1962	36/388	28/386	-0.442317	-0.0731628	1.27909
SRX3285578	TFs and others	KDM5B	Breast	MCF-7	1922	36/388	28/386	-0.442317	-0.0731628	1.27909
SRX451077	TFs and others	PDX1	Pluripotent stem cell	hESC derived mesendodermal cells	9850	36/388	28/386	-0.442317	-0.0731628	1.27909
SRX4792903	TFs and others	CTCF	Breast	T-47D	10594	69/388	79/386	-0.44189	-0.0731628	0.868916
SRX10913937	TFs and others	SP1	Epidermis	Dermal fibroblast	2327	62/388	52/386	-0.441778	-0.0731628	1.18616
SRX149661	TFs and others	CDK8	Digestive tract	HCT 116	6363	103/388	91/386	-0.441249	-0.0731628	1.12603
SRX1397386	TFs and others	GATA2	Blood	CD34+	14505	39/388	47/386	-0.441114	-0.0731628	0.82551
SRX1515020	TFs and others	GFP	Kidney	293	16594	39/388	47/386	-0.441114	-0.0731628	0.82551
SRX5124039	TFs and others	POU2F1	Prostate	22Rv1	6371	39/388	47/386	-0.441114	-0.0731628	0.82551
SRX6049855	TFs and others	Epitope tags	Unclassified	Unclassified	3506	39/388	47/386	-0.441114	-0.0731628	0.82551
SRX190246	TFs and others	ELF1	Lung	A549	6935	137/388	124/386	-0.441033	-0.0731628	1.09914
SRX3285576	TFs and others	KDM5B	Breast	FULR	3885	80/388	69/386	-0.440967	-0.0731628	1.15344
SRX3372020	TFs and others	ETV1	Digestive tract	GIST48	4963	48/388	39/386	-0.440275	-0.0731628	1.22443
SRX4708041	TFs and others	NONO	Liver	Hep G2	13398	261/388	247/386	-0.438993	-0.0731628	1.05123
SRX7544092	TFs and others	ESR1	Uterus	Ishikawa	17708	127/388	139/386	-0.438993	-0.0731628	0.908959
SRX5577146	TFs and others	Epitope tags	Prostate	LNCAP	29945	70/388	80/386	-0.438976	-0.0731628	0.87049
SRX8406324	TFs and others	HOXB13	Prostate	Prostatic Neoplasms, Castration-Resistant	23427	53/388	62/386	-0.438523	-0.0731628	0.850432
SRX2871361	TFs and others	PGR	Breast	T-47D	35355	93/388	104/386	-0.438363	-0.0731628	0.889621
SRX5346117	TFs and others	MYC	Blood	RAMOS	6874	93/388	104/386	-0.438363	-0.0731628	0.889621
SRX8037082	TFs and others	KLF5	Digestive tract	KYSE-70	10350	128/388	140/386	-0.437985	-0.0731628	0.909573
SRX1384025	TFs and others	ATF3	Digestive tract	HCT 116	19673	105/388	93/386	-0.437371	-0.0731628	1.12321
SRX8670130	TFs and others	ASCL1	Neural	SH-SY5Y	88209	283/388	293/386	-0.437371	-0.0731628	0.960892
SRX1133786	TFs and others	KDM1A	Blood	Kasumi-1	3267	20/388	26/386	-0.436416	-0.0731628	0.765266
SRX475796	TFs and others	SPI1	Blood	GM12878	7401	20/388	26/386	-0.436416	-0.0731628	0.765266
SRX668349	TFs and others	GFP	Kidney	293	1474	20/388	26/386	-0.436416	-0.0731628	0.765266
SRX6976722	TFs and others	TEAD1	Epidermis	Keratinocytes	8484	20/388	26/386	-0.436416	-0.0731628	0.765266
SRX7677762	TFs and others	DCP2	Digestive tract	DLD-1	2611	20/388	26/386	-0.436416	-0.0731628	0.765266
SRX8406528	TFs and others	FOXA1	Prostate	Prostatic Neoplasms, Castration-Resistant	14641	20/388	26/386	-0.436416	-0.0731628	0.765266
SRX1156536	TFs and others	SMARCA4	Breast	MDA-MB-231	1588	13/388	18/386	-0.436125	-0.0731628	0.718499
SRX1161171	TFs and others	ESR1	Breast	MCF-7	9034	13/388	18/386	-0.436125	-0.0731628	0.718499
SRX4451215	TFs and others	ESR1	Breast	MCF-7	8992	13/388	18/386	-0.436125	-0.0731628	0.718499
SRX4802347	TFs and others	HIF1A	Kidney	RCC4	1767	13/388	18/386	-0.436125	-0.0731628	0.718499
SRX5401860	TFs and others	NR3C1	Breast	T-47D	8572	13/388	18/386	-0.436125	-0.0731628	0.718499
SRX7624146	TFs and others	NR2F2	Breast	MCF-7	5238	13/388	18/386	-0.436125	-0.0731628	0.718499
SRX8406318	TFs and others	HOXB13	Prostate	Prostatic Neoplasms, Castration-Resistant	10764	13/388	18/386	-0.436125	-0.0731628	0.718499
SRX9426431	TFs and others	Epitope tags	Blood	RAMOS	3581	13/388	18/386	-0.436125	-0.0731628	0.718499
SRX3230413	TFs and others	ZNF219	Liver	Hep G2	36560	258/388	244/386	-0.436037	-0.0731628	1.05193
SRX3789540	TFs and others	RUNX1	Blood	Acute myeloid leukemia	966	27/388	20/386	-0.435631	-0.0731628	1.34304
SRX5323818	TFs and others	STAT3	Breast	T-47D	3406	27/388	20/386	-0.435631	-0.0731628	1.34304
SRX9178816	TFs and others	HAP1	Blood	HAP1	1273	27/388	20/386	-0.435631	-0.0731628	1.34304
SRX10151292	TFs and others	CTCF	Pluripotent stem cell	iPS derived neural cells	10850	40/388	48/386	-0.435446	-0.0731628	0.829038
SRX8037078	TFs and others	KLF5	Digestive tract	HT-55	4408	40/388	48/386	-0.435446	-0.0731628	0.829038
SRX9513900	TFs and others	FOXA1	Prostate	LNCAP	17889	40/388	48/386	-0.435446	-0.0731628	0.829038
SRX11023673	TFs and others	CEBPB	Lung	NCI-H441	2694	19/388	13/386	-0.435355	-0.0731628	1.454
SRX150580	TFs and others	GTF2F1	Blood	K-562	1363	19/388	13/386	-0.435355	-0.0731628	1.454
SRX3110719	TFs and others	ESR1	Breast	MCF-7	2235	19/388	13/386	-0.435355	-0.0731628	1.454
SRX3324958	TFs and others	CREBBP	Lung	IMR-90	4933	19/388	13/386	-0.435355	-0.0731628	1.454
SRX4171355	TFs and others	Epitope tags	Pluripotent stem cell	hESC H1	10772	19/388	13/386	-0.435355	-0.0731628	1.454
SRX4212570	TFs and others	EZH2	Blood	Peripheral blood mononuclear cells	1172	19/388	13/386	-0.435355	-0.0731628	1.454
SRX5887614	TFs and others	YAP1	Lung	PC-9	6613	19/388	13/386	-0.435355	-0.0731628	1.454
SRX647365	TFs and others	ESR1	Breast	MCF 10A	1879	19/388	13/386	-0.435355	-0.0731628	1.454
SRX1012633	TFs and others	ESR1	Breast	MCF-7	16453	29/388	36/386	-0.435119	-0.0731628	0.801403
SRX1012621	TFs and others	PGR	Breast	T-47D	21940	54/388	63/386	-0.434523	-0.0731628	0.852725
SRX1079382	TFs and others	SUMO2	Prostate	VCaP	12221	54/388	63/386	-0.434523	-0.0731628	0.852725
SRX3542480	TFs and others	KDM2B	Lung	HS-SY-II	3089	54/388	63/386	-0.434523	-0.0731628	0.852725
SRX359859	TFs and others	CTCF	Digestive tract	LoVo	9992	54/388	63/386	-0.434523	-0.0731628	0.852725
SRX148897	TFs and others	VDR	Liver	LX2	7966	37/388	29/386	-0.434316	-0.0731628	1.26929
SRX360576	TFs and others	MYC	Digestive tract	GP5d	3071	64/388	54/386	-0.43366	-0.0731628	1.17908
SRX4017892	TFs and others	TCF7	Breast	MCF 10A	15558	107/388	95/386	-0.43366	-0.0731628	1.12051
SRX017912	TFs and others	RELA	Blood	GM12891	13828	72/388	82/386	-0.43337	-0.0731628	0.873523
SRX190327	TFs and others	CEBPB	Lung	A549	20391	72/388	82/386	-0.43337	-0.0731628	0.873523
SRX7512717	TFs and others	AR	Prostate	VCaP	59756	72/388	82/386	-0.43337	-0.0731628	0.873523
SRX3934085	TFs and others	INTS13	Blood	HL-60	15372	255/388	241/386	-0.43328	-0.0731628	1.05264
SRX8670125	TFs and others	ASCL1	Neural	SH-SY5Y	76052	243/388	254/386	-0.433041	-0.0731628	0.951762
SRX190202	TFs and others	TCF12	Lung	A549	19573	146/388	133/386	-0.432142	-0.0731628	1.09209
SRX6777952	TFs and others	RAD21	Blood	HAP1	8521	41/388	49/386	-0.430006	-0.0731628	0.832422
SRX8861817	TFs and others	ESR1	Breast	T-47D	10454	41/388	49/386	-0.430006	-0.0731628	0.832422
SRX10045345	TFs and others	BAP1	Blood	THP-1	3091	84/388	73/386	-0.429765	-0.0731628	1.14475
SRX188952	TFs and others	CTCF	Breast	MCF-7	58937	239/388	250/386	-0.429569	-0.0731628	0.951072
SRX219373	TFs and others	CTCF	Blood	MM.1S	39746	290/388	277/386	-0.429376	-0.0731628	1.04153
SRX4679524	TFs and others	ATRX	Neural	SK-N-MM	5551	50/388	41/386	-0.429186	-0.0731628	1.21323
SRX6961669	TFs and others	SUPT5H	Digestive tract	HCT 116	13124	250/388	236/386	-0.429105	-0.0731628	1.05386
SRX026529	TFs and others	ESR1	Breast	MCF-7	519	1/388	3/386	-0.428597	-0.0731628	0.331615
SRX029081	TFs and others	RUNX1	Blood	CMK	1208	1/388	3/386	-0.428597	-0.0731628	0.331615
SRX055305	TFs and others	KDM5B	Blood	U-937	227	1/388	3/386	-0.428597	-0.0731628	0.331615
SRX096345	TFs and others	RXRA	Digestive tract	LS-180	446	1/388	3/386	-0.428597	-0.0731628	0.331615
SRX10820556	TFs and others	BRD4	Blood	REH	257	1/388	3/386	-0.428597	-0.0731628	0.331615
SRX10881845	TFs and others	SMARCB1	Others	BT-16	523	1/388	3/386	-0.428597	-0.0731628	0.331615
SRX1131563	TFs and others	BRD4	Breast	SUM 149PT	726	1/388	3/386	-0.428597	-0.0731628	0.331615
SRX1161169	TFs and others	ESR1	Breast	MCF-7	1651	1/388	3/386	-0.428597	-0.0731628	0.331615
SRX116418	TFs and others	CHD7	Blood	K-562	459	1/388	3/386	-0.428597	-0.0731628	0.331615
SRX1397403	TFs and others	GATA2	Blood	CD34+	929	1/388	3/386	-0.428597	-0.0731628	0.331615
SRX143299	TFs and others	SNAPC1	Breast	MCF 10A	547	1/388	3/386	-0.428597	-0.0731628	0.331615
SRX1515057	TFs and others	GFP	Kidney	293	1553	1/388	3/386	-0.428597	-0.0731628	0.331615
SRX1515068	TFs and others	GFP	Kidney	293	375	1/388	3/386	-0.428597	-0.0731628	0.331615
SRX1629233	TFs and others	AR	Prostate	VCaP	348	1/388	3/386	-0.428597	-0.0731628	0.331615
SRX176056	TFs and others	AR	Prostate	LNCAP	1181	1/388	3/386	-0.428597	-0.0731628	0.331615
SRX176865	TFs and others	GATA3	Breast	MCF-7	1939	1/388	3/386	-0.428597	-0.0731628	0.331615
SRX186674	TFs and others	CHD7	Blood	K-562	457	1/388	3/386	-0.428597	-0.0731628	0.331615
SRX2043228	TFs and others	EP300	Blood	SEM	1124	1/388	3/386	-0.428597	-0.0731628	0.331615
SRX210719	TFs and others	MYC	Kidney	293	1215	1/388	3/386	-0.428597	-0.0731628	0.331615
SRX2267448	TFs and others	BRD4	Lung	NCI-H3122	331	1/388	3/386	-0.428597	-0.0731628	0.331615
SRX236117	TFs and others	LMO2	Blood	Kasumi-1	995	1/388	3/386	-0.428597	-0.0731628	0.331615
SRX2442520	TFs and others	CUX1	Blood	K-562	527	1/388	3/386	-0.428597	-0.0731628	0.331615
SRX2510823	TFs and others	SUPT5H	Uterus	HeLa	476	1/388	3/386	-0.428597	-0.0731628	0.331615
SRX2541242	TFs and others	AR	Prostate	VCaP	3976	1/388	3/386	-0.428597	-0.0731628	0.331615
SRX2548288	TFs and others	HBZ	Blood	KK1	598	1/388	3/386	-0.428597	-0.0731628	0.331615
SRX262145	TFs and others	HSF1	Blood	M0-91	401	1/388	3/386	-0.428597	-0.0731628	0.331615
SRX2652438	TFs and others	ZBTB48	Uterus	HeLa	2075	1/388	3/386	-0.428597	-0.0731628	0.331615
SRX2683591	TFs and others	Epitope tags	Kidney	293	228	1/388	3/386	-0.428597	-0.0731628	0.331615
SRX286019	TFs and others	SPI1	Blood	Macrophages	353	1/388	3/386	-0.428597	-0.0731628	0.331615
SRX2897198	TFs and others	ESR1	Breast	Breast cancer cells	444	1/388	3/386	-0.428597	-0.0731628	0.331615
SRX2947200	TFs and others	RBPJ	Breast	MDA-MB-231	1125	1/388	3/386	-0.428597	-0.0731628	0.331615
SRX3001604	TFs and others	FOXA1	Unclassified	Unclassified	282	1/388	3/386	-0.428597	-0.0731628	0.331615
SRX3070476	TFs and others	NR3C1	Breast	MCF 10A	579	1/388	3/386	-0.428597	-0.0731628	0.331615
SRX3083285	TFs and others	BACH2	Blood	B cells	957	1/388	3/386	-0.428597	-0.0731628	0.331615
SRX317589	TFs and others	JARID2	Pluripotent stem cell	iPS cells	514	1/388	3/386	-0.428597	-0.0731628	0.331615
SRX3230269	TFs and others	RNF2	Pluripotent stem cell	hESC HUES64	545	1/388	3/386	-0.428597	-0.0731628	0.331615
SRX3288584	TFs and others	NIPBL	Pluripotent stem cell	hESC H9	858	1/388	3/386	-0.428597	-0.0731628	0.331615
SRX3401279	TFs and others	CTBP2	Breast	MCF-7	599	1/388	3/386	-0.428597	-0.0731628	0.331615
SRX3441734	TFs and others	GATA2	Pluripotent stem cell	iPS derived cells	431	1/388	3/386	-0.428597	-0.0731628	0.331615
SRX3450329	TFs and others	RXRA	Others	JMSU1	1498	1/388	3/386	-0.428597	-0.0731628	0.331615
SRX3460919	TFs and others	CHD4	Blood	Pre-B cells	479	1/388	3/386	-0.428597	-0.0731628	0.331615
SRX3468009	TFs and others	SMARCC1	Others	Aska	1015	1/388	3/386	-0.428597	-0.0731628	0.331615
SRX3581502	TFs and others	EP300	Pluripotent stem cell	iPS derived neural cells	2308	1/388	3/386	-0.428597	-0.0731628	0.331615
SRX3581509	TFs and others	CHD7	Pluripotent stem cell	iPS derived neural cells	5494	1/388	3/386	-0.428597	-0.0731628	0.331615
SRX3833324	TFs and others	KDM1A	Breast	MCF-7	237	1/388	3/386	-0.428597	-0.0731628	0.331615
SRX392294	TFs and others	PRKCQ	Breast	MCF-7	385	1/388	3/386	-0.428597	-0.0731628	0.331615
SRX3946905	TFs and others	MED1	Others	Mesenchymal stem cells	1748	1/388	3/386	-0.428597	-0.0731628	0.331615
SRX4705112	TFs and others	CHAF1A	Blood	MOLM-13	600	1/388	3/386	-0.428597	-0.0731628	0.331615
SRX4705119	TFs and others	CHAF1A	Blood	Jurkat	1381	1/388	3/386	-0.428597	-0.0731628	0.331615
SRX4708078	TFs and others	TAF15	Blood	K-562	232	1/388	3/386	-0.428597	-0.0731628	0.331615
SRX471204	TFs and others	AR	Prostate	C4-2	3110	1/388	3/386	-0.428597	-0.0731628	0.331615
SRX4723357	TFs and others	GATA3	Neural	Neurons	812	1/388	3/386	-0.428597	-0.0731628	0.331615
SRX4783045	TFs and others	AR	Prostate	Prostate cancer cells	1083	1/388	3/386	-0.428597	-0.0731628	0.331615
SRX4783063	TFs and others	AR	Prostate	Prostate cancer cells	3322	1/388	3/386	-0.428597	-0.0731628	0.331615
SRX4783079	TFs and others	AR	Prostate	Prostate cancer cells	3156	1/388	3/386	-0.428597	-0.0731628	0.331615
SRX4783083	TFs and others	AR	Prostate	Prostate cancer cells	1738	1/388	3/386	-0.428597	-0.0731628	0.331615
SRX4802353	TFs and others	ARNT	Kidney	RCC4	771	1/388	3/386	-0.428597	-0.0731628	0.331615
SRX502810	TFs and others	HIRA	Lung	IMR-90	667	1/388	3/386	-0.428597	-0.0731628	0.331615
SRX5062487	TFs and others	Epitope tags	Blood	Jurkat	1739	1/388	3/386	-0.428597	-0.0731628	0.331615
SRX5124834	TFs and others	FOXA1	Prostate	22Rv1	1520	1/388	3/386	-0.428597	-0.0731628	0.331615
SRX5124841	TFs and others	AR	Prostate	22Rv1	2300	1/388	3/386	-0.428597	-0.0731628	0.331615
SRX5212361	TFs and others	BRD9	Others	Mel270	788	1/388	3/386	-0.428597	-0.0731628	0.331615
SRX5242456	TFs and others	MED1	Blood	MOLM-14	1557	1/388	3/386	-0.428597	-0.0731628	0.331615
SRX5289990	TFs and others	NR3C1	Lung	BEAS-2B	1174	1/388	3/386	-0.428597	-0.0731628	0.331615
SRX530186	TFs and others	NR1H4	Liver	Hepatocytes	923	1/388	3/386	-0.428597	-0.0731628	0.331615
SRX5441334	TFs and others	CPSF3	Uterus	HeLa	343	1/388	3/386	-0.428597	-0.0731628	0.331615
SRX5444515	TFs and others	DOT1L	Blood	MOLM-13	372	1/388	3/386	-0.428597	-0.0731628	0.331615
SRX5444558	TFs and others	KDM6A	Pluripotent stem cell	hESC derived neural cells	221	1/388	3/386	-0.428597	-0.0731628	0.331615
SRX5493767	TFs and others	ESR1	Breast	Breast cancer cells	632	1/388	3/386	-0.428597	-0.0731628	0.331615
SRX5493768	TFs and others	ESR1	Breast	Breast cancer cells	769	1/388	3/386	-0.428597	-0.0731628	0.331615
SRX5527890	TFs and others	UPF1	Breast	Breast cancer cells	454	1/388	3/386	-0.428597	-0.0731628	0.331615
SRX5668139	TFs and others	MEN1	Blood	OCI-AML3	289	1/388	3/386	-0.428597	-0.0731628	0.331615
SRX5824562	TFs and others	BRD4	Breast	SUM 149PT	695	1/388	3/386	-0.428597	-0.0731628	0.331615
SRX625676	TFs and others	IKZF1	Blood	ICN1	1553	1/388	3/386	-0.428597	-0.0731628	0.331615
SRX6370187	TFs and others	RYBP	Pluripotent stem cell	NT2-D1	152	1/388	3/386	-0.428597	-0.0731628	0.331615
SRX6384791	TFs and others	RAD21	Digestive tract	HCT 116	315	1/388	3/386	-0.428597	-0.0731628	0.331615
SRX647367	TFs and others	ESR1	Breast	MCF 10A	424	1/388	3/386	-0.428597	-0.0731628	0.331615
SRX6793427	TFs and others	Cas9	Blood	K-562	2007	1/388	3/386	-0.428597	-0.0731628	0.331615
SRX6878595	TFs and others	CREB5	Prostate	LNCAP	1111	1/388	3/386	-0.428597	-0.0731628	0.331615
SRX6957483	TFs and others	SMAD2	Gonad	KGN	1010	1/388	3/386	-0.428597	-0.0731628	0.331615
SRX6961674	TFs and others	SUPT5H	Digestive tract	HCT 116	1411	1/388	3/386	-0.428597	-0.0731628	0.331615
SRX6961679	TFs and others	SUPT5H	Digestive tract	HCT 116	1260	1/388	3/386	-0.428597	-0.0731628	0.331615
SRX702075	TFs and others	SMAD1	Pluripotent stem cell	hESC derived mesendodermal cells	158	1/388	3/386	-0.428597	-0.0731628	0.331615
SRX702549	TFs and others	CHD7	Pluripotent stem cell	iPS derived neural cells	823	1/388	3/386	-0.428597	-0.0731628	0.331615
SRX7130731	TFs and others	TP53	Breast	MCF 10A	1026	1/388	3/386	-0.428597	-0.0731628	0.331615
SRX7213064	TFs and others	PAF1	Bone	U2OS	378	1/388	3/386	-0.428597	-0.0731628	0.331615
SRX7213076	TFs and others	PAF1	Bone	U2OS	260	1/388	3/386	-0.428597	-0.0731628	0.331615
SRX758613	TFs and others	FOXP1	Blood	OCI-LY8	990	1/388	3/386	-0.428597	-0.0731628	0.331615
SRX7897894	TFs and others	EP300	Breast	MDA-MB-231	3179	1/388	3/386	-0.428597	-0.0731628	0.331615
SRX7898178	TFs and others	ATF4	Digestive tract	HT-29	753	1/388	3/386	-0.428597	-0.0731628	0.331615
SRX7951328	TFs and others	SMARCA4	Lung	NCI-H1944	2062	1/388	3/386	-0.428597	-0.0731628	0.331615
SRX7972458	TFs and others	MKL2	Epidermis	MKL-2	1825	1/388	3/386	-0.428597	-0.0731628	0.331615
SRX8083086	TFs and others	FGFR1	Breast	CAMA-1	848	1/388	3/386	-0.428597	-0.0731628	0.331615
SRX8084745	TFs and others	Epitope tags	Breast	WHIM12	1001	1/388	3/386	-0.428597	-0.0731628	0.331615
SRX8406538	TFs and others	HOXB13	Prostate	Prostate	2178	1/388	3/386	-0.428597	-0.0731628	0.331615
SRX8617942	TFs and others	FGFR1	Breast	CAMA-1	1010	1/388	3/386	-0.428597	-0.0731628	0.331615
SRX8617944	TFs and others	FGFR1	Breast	CAMA-1	943	1/388	3/386	-0.428597	-0.0731628	0.331615
SRX8850950	TFs and others	Epitope tags	Breast	MCF 10A	423	1/388	3/386	-0.428597	-0.0731628	0.331615
SRX9237237	TFs and others	PAF1	Blood	K-562	2588	1/388	3/386	-0.428597	-0.0731628	0.331615
SRX9671290	TFs and others	CCNT1	Blood	K-562	514	1/388	3/386	-0.428597	-0.0731628	0.331615
SRX9674298	TFs and others	NR3C1	Pluripotent stem cell	iPSC derived hepatocytes	2151	1/388	3/386	-0.428597	-0.0731628	0.331615
SRX9674311	TFs and others	NR3C1	Pluripotent stem cell	iPSC derived hepatocytes	1789	1/388	3/386	-0.428597	-0.0731628	0.331615
SRX3091913	TFs and others	ZFX	Digestive tract	HCT 116	5185	110/388	98/386	-0.42839	-0.0731628	1.11666
SRX100417	TFs and others	REST	Neural	U-87 MG	11834	151/388	138/386	-0.427956	-0.0731628	1.08856
SRX080257	TFs and others	AFF4	Digestive tract	HCT 116	540	4/388	1/386	-0.427839	-0.0731628	3.97938
SRX095393	TFs and others	MYC	Blood	RAJI	159	4/388	1/386	-0.427839	-0.0731628	3.97938
SRX1089831	TFs and others	IRF2	Blood	Hematopoietic Stem Cells	551	4/388	1/386	-0.427839	-0.0731628	3.97938
SRX11005600	TFs and others	DNMT3B	Breast	MCF10CA1a	1179	4/388	1/386	-0.427839	-0.0731628	3.97938
SRX11005604	TFs and others	DNMT3B	Breast	MCF10CA1a	966	4/388	1/386	-0.427839	-0.0731628	3.97938
SRX11094542	TFs and others	FLI1	Bone	MHH-ES-1	3031	4/388	1/386	-0.427839	-0.0731628	3.97938
SRX130089	TFs and others	SMAD3	Pluripotent stem cell	hESC derived mesendodermal cells	1080	4/388	1/386	-0.427839	-0.0731628	3.97938
SRX1514994	TFs and others	GFP	Kidney	293	1434	4/388	1/386	-0.427839	-0.0731628	3.97938
SRX1515059	TFs and others	GFP	Kidney	293	2920	4/388	1/386	-0.427839	-0.0731628	3.97938
SRX1642495	TFs and others	BRD9	Blood	NOMO-1	1663	4/388	1/386	-0.427839	-0.0731628	3.97938
SRX1745739	TFs and others	FOXA1	Uterus	Endometrial Stromal Tumors	812	4/388	1/386	-0.427839	-0.0731628	3.97938
SRX2188684	TFs and others	BRCA1	Lung	IMR-90	314	4/388	1/386	-0.427839	-0.0731628	3.97938
SRX2452431	TFs and others	ETS1	Cardiovascular	HUVEC	104	4/388	1/386	-0.427839	-0.0731628	3.97938
SRX2589928	TFs and others	MORC2	Blood	K-562	324	4/388	1/386	-0.427839	-0.0731628	3.97938
SRX3135177	TFs and others	BCL6	Blood	OCI-LY1	1983	4/388	1/386	-0.427839	-0.0731628	3.97938
SRX3240991	TFs and others	MED1	Others	Mesenchymal stem cells	1795	4/388	1/386	-0.427839	-0.0731628	3.97938
SRX3337442	TFs and others	KDM1A	Kidney	293	1277	4/388	1/386	-0.427839	-0.0731628	3.97938
SRX3468041	TFs and others	SMARCC1	Others	HSSY2	819	4/388	1/386	-0.427839	-0.0731628	3.97938
SRX3599223	TFs and others	ZBTB16	Blood	KG-1	1600	4/388	1/386	-0.427839	-0.0731628	3.97938
SRX3758833	TFs and others	BrdU	Uterus	HeLa	2135	4/388	1/386	-0.427839	-0.0731628	3.97938
SRX3768264	TFs and others	USF2	Blood	K-562	947	4/388	1/386	-0.427839	-0.0731628	3.97938
SRX3881552	TFs and others	MYC	Prostate	LNCAP	284	4/388	1/386	-0.427839	-0.0731628	3.97938
SRX3946922	TFs and others	MED1	Others	Mesenchymal stem cells	1787	4/388	1/386	-0.427839	-0.0731628	3.97938
SRX4345362	TFs and others	FOS	Blood	CD4+ T cells	1337	4/388	1/386	-0.427839	-0.0731628	3.97938
SRX4401065	TFs and others	RELA	Blood	BJAB	1241	4/388	1/386	-0.427839	-0.0731628	3.97938
SRX4650974	TFs and others	SUZ12	Kidney	293	541	4/388	1/386	-0.427839	-0.0731628	3.97938
SRX5514033	TFs and others	CDK8	Uterus	Uterin leiomyoma	314	4/388	1/386	-0.427839	-0.0731628	3.97938
SRX6748001	TFs and others	MECP2	Digestive tract	DKO-1	3298	4/388	1/386	-0.427839	-0.0731628	3.97938
SRX7015660	TFs and others	RNF2	Muscle	SYO-1	395	4/388	1/386	-0.427839	-0.0731628	3.97938
SRX701988	TFs and others	GATA4	Pluripotent stem cell	hESC derived mesendodermal cells	1804	4/388	1/386	-0.427839	-0.0731628	3.97938
SRX702024	TFs and others	HNF1B	Pluripotent stem cell	hESC derived mesendodermal cells	236	4/388	1/386	-0.427839	-0.0731628	3.97938
SRX8089677	TFs and others	MED1	Prostate	VCaP	771	4/388	1/386	-0.427839	-0.0731628	3.97938
SRX8406423	TFs and others	AR	Prostate	Prostate	2827	4/388	1/386	-0.427839	-0.0731628	3.97938
SRX9426422	TFs and others	HCFC1	Blood	RAMOS	1256	4/388	1/386	-0.427839	-0.0731628	3.97938
SRX9600623	TFs and others	G-quadruplex	Blood	K-562	436	4/388	1/386	-0.427839	-0.0731628	3.97938
SRX9600653	TFs and others	G-quadruplex	Blood	K-562	331	4/388	1/386	-0.427839	-0.0731628	3.97938
SRX9600659	TFs and others	G-quadruplex	Blood	K-562	394	4/388	1/386	-0.427839	-0.0731628	3.97938
SRX4484984	TFs and others	SPI1	Blood	SEM	37198	99/388	110/386	-0.427693	-0.0731628	0.895361
SRX1012632	TFs and others	ESR1	Breast	MCF-7	17006	30/388	37/386	-0.427528	-0.0731628	0.806631
SRX5346121	TFs and others	MYC	Blood	RAMOS	2577	30/388	37/386	-0.427528	-0.0731628	0.806631
SRX7202533	TFs and others	CTCF	Uterus	HEC-1-B	8137	30/388	37/386	-0.427528	-0.0731628	0.806631
SRX7897936	TFs and others	CTCF	Blood	K-562	3149	30/388	37/386	-0.427528	-0.0731628	0.806631
SRX9419945	TFs and others	MED1	Breast	BT-474	9488	30/388	37/386	-0.427528	-0.0731628	0.806631
SRX2900095	TFs and others	BAP1	Breast	CAL-51	2970	56/388	65/386	-0.426891	-0.0726722	0.857098
SRX9975614	TFs and others	STAG2	Bone	A-673	5338	56/388	65/386	-0.426891	-0.0726722	0.857098
SRX7054933	TFs and others	ERG	Cardiovascular	HAEC	4377	38/388	30/386	-0.42674	-0.072666	1.26014
SRX8299816	TFs and others	CTR9	Bone	U2OS	1333	38/388	30/386	-0.42674	-0.072666	1.26014
SRX10338563	TFs and others	MYC	Blood	NALM-6	20908	246/388	232/386	-0.426121	-0.0721198	1.05488
SRX334243	TFs and others	E2F1	Unclassified	Unclassified	6687	154/388	141/386	-0.425682	-0.0719572	1.08657
SRX2871347	TFs and others	FOXA1	Breast	T-47D	9176	21/388	27/386	-0.425491	-0.0719572	0.773769
SRX6743050	TFs and others	SMARCA4	Prostate	VCaP	21857	21/388	27/386	-0.425491	-0.0719572	0.773769
SRX8406311	TFs and others	HOXB13	Prostate	Prostatic Neoplasms, Castration-Resistant	20606	21/388	27/386	-0.425491	-0.0719572	0.773769
SRX5323878	TFs and others	ESR1	Breast	MCF-7	22601	75/388	85/386	-0.425478	-0.0719572	0.877805
SRX3931072	TFs and others	FOXA1	Breast	MCF-7	16100	42/388	50/386	-0.42478	-0.0719572	0.83567
SRX4342282	TFs and others	AHR	Blood	GM17212	2570	42/388	50/386	-0.42478	-0.0719572	0.83567
SRX5725260	TFs and others	MGA	Lung	A549	1559	28/388	21/386	-0.424727	-0.0719572	1.32646
SRX10119115	TFs and others	CEBPA	Blood	MV-4-11	1649	8/388	12/386	-0.424712	-0.0719572	0.66323
SRX1469953	TFs and others	ESR1	Breast	T-47D	3290	8/388	12/386	-0.424712	-0.0719572	0.66323
SRX1650400	TFs and others	NR3C1	Lung	A549	7179	8/388	12/386	-0.424712	-0.0719572	0.66323
SRX186683	TFs and others	EZH2	Liver	Hep G2	986	8/388	12/386	-0.424712	-0.0719572	0.66323
SRX392795	TFs and others	REST	Blood	Jurkat	2461	8/388	12/386	-0.424712	-0.0719572	0.66323
SRX753148	TFs and others	GTF2I	Pluripotent stem cell	iPS cells	2025	8/388	12/386	-0.424712	-0.0719572	0.66323
SRX7654176	TFs and others	MTF2	Prostate	DU 145	1582	8/388	12/386	-0.424712	-0.0719572	0.66323
SRX3927285	TFs and others	BRD7	Blood	EOL-1	13733	86/388	75/386	-0.424576	-0.0719572	1.14076
SRX8171731	TFs and others	MYBBP1A	Pancreas	PANC-1	3261	86/388	75/386	-0.424576	-0.0719572	1.14076
SRX3657345	TFs and others	Epitope tags	Kidney	293	27855	302/388	311/386	-0.424576	-0.0719572	0.966056
SRX4892334	TFs and others	Epitope tags	Kidney	293	27849	302/388	311/386	-0.424576	-0.0719572	0.966056
SRX055311	TFs and others	KDM5B	Breast	MCF-7	578	13/388	8/386	-0.423973	-0.0717182	1.61662
SRX3434294	TFs and others	RUNX1	Blood	HL-60	3774	13/388	8/386	-0.423973	-0.0717182	1.61662
SRX4572978	TFs and others	HOXA13	Liver	Hep G2	840	13/388	8/386	-0.423973	-0.0717182	1.61662
SRX5025675	TFs and others	BRCA1	Neural	SH-EP	1411	13/388	8/386	-0.423973	-0.0717182	1.61662
SRX5287695	TFs and others	YAP1	Breast	T-47D	5455	13/388	8/386	-0.423973	-0.0717182	1.61662
SRX10212062	TFs and others	CEBPB	Blood	THP-1	30314	76/388	86/386	-0.422976	-0.0708661	0.879166
SRX3768261	TFs and others	PLAG1	Blood	K-562	6947	76/388	86/386	-0.422976	-0.0708661	0.879166
SRX9178809	TFs and others	HAP1	Blood	HAP1	7923	149/388	161/386	-0.421612	-0.0695744	0.920695
SRX4046310	TFs and others	KDM6A	Blood	Erythroblasts	15219	103/388	114/386	-0.421316	-0.0693513	0.898852
SRX220080	TFs and others	AR	Prostate	LNCAP	31259	31/388	38/386	-0.420328	-0.068487	0.811584
SRX017891	TFs and others	RELA	Blood	GM10847	2751	14/388	19/386	-0.419982	-0.068487	0.733044
SRX10365534	TFs and others	ESR1	Breast	MCF-7	12462	14/388	19/386	-0.419982	-0.068487	0.733044
SRX512367	TFs and others	Epitope tags	Epidermis	Dermal fibroblast	9069	14/388	19/386	-0.419982	-0.068487	0.733044
SRX6430563	TFs and others	SUZ12	Blood	KARPAS-422	1356	14/388	19/386	-0.419982	-0.068487	0.733044
SRX3942991	TFs and others	ZNF341	Blood	PBMC	2824	39/388	31/386	-0.419552	-0.068487	1.25158
SRX8337453	TFs and others	NFYA	Blood	HUDEP-2	6569	164/388	151/386	-0.419297	-0.068487	1.08049
SRX10119372	TFs and others	TEAD1	Breast	MCF 10A	7577	20/388	14/386	-0.419243	-0.068487	1.42121
SRX2251220	TFs and others	BRD4	Prostate	C4-2	3256	52/388	43/386	-0.418952	-0.068487	1.20307
SRX1165098	TFs and others	CREB1	Liver	Hep G2	9768	165/388	152/386	-0.418754	-0.068487	1.07993
SRX356543	TFs and others	STAG1	Blood	GM12892	34201	156/388	168/386	-0.417952	-0.068487	0.923785
SRX2014505	TFs and others	TET2	Blood	Jurkat	53848	117/388	105/386	-0.417346	-0.068487	1.10854
SRX190237	TFs and others	SIN3A	Neural	PFSK-1	5868	89/388	78/386	-0.41726	-0.068487	1.13514
SRX8082232	TFs and others	BRD4	Epidermis	Keratinocytes	5590	89/388	78/386	-0.41726	-0.068487	1.13514
SRX356499	TFs and others	STAG1	Blood	Lymphoblastoid cell line	24849	106/388	117/386	-0.41688	-0.068487	0.901313
SRX5574493	TFs and others	SPI1	Blood	CTV-1	19639	106/388	117/386	-0.41688	-0.068487	0.901313
DRX021114	TFs and others	Epitope tags	Kidney	293	1834	4/388	7/386	-0.416461	-0.068487	0.568483
ERX1149058	TFs and others	CTCF	Blood	K-562	1486	4/388	7/386	-0.416461	-0.068487	0.568483
SRX083216	TFs and others	AR	Prostate	LNCAP	3623	4/388	7/386	-0.416461	-0.068487	0.568483
SRX100262	TFs and others	CREBBP	Breast	H3396	4370	4/388	7/386	-0.416461	-0.068487	0.568483
SRX10119391	TFs and others	TEAD1	Breast	MDA-MB-231	2041	4/388	7/386	-0.416461	-0.068487	0.568483
SRX104409	TFs and others	GATA3	Breast	MCF-7	2706	4/388	7/386	-0.416461	-0.068487	0.568483
SRX11007094	TFs and others	HIF1A	Kidney	HK-2	1722	4/388	7/386	-0.416461	-0.068487	0.568483
SRX1131550	TFs and others	BRD4	Breast	HCC1395	2733	4/388	7/386	-0.416461	-0.068487	0.568483
SRX1384028	TFs and others	TP53	Digestive tract	HCT 116	3207	4/388	7/386	-0.416461	-0.068487	0.568483
SRX1514917	TFs and others	GFP	Kidney	293	2193	4/388	7/386	-0.416461	-0.068487	0.568483
SRX1515055	TFs and others	GFP	Kidney	293	787	4/388	7/386	-0.416461	-0.068487	0.568483
SRX205166	TFs and others	TAL1	Blood	Erythroid Cells	2138	4/388	7/386	-0.416461	-0.068487	0.568483
SRX2837385	TFs and others	REL	Blood	GM12878	1177	4/388	7/386	-0.416461	-0.068487	0.568483
SRX3229164	TFs and others	ESR1	Breast	Breast cancer	1249	4/388	7/386	-0.416461	-0.068487	0.568483
SRX347425	TFs and others	STAT3	Blood	SU-DHL-10	1221	4/388	7/386	-0.416461	-0.068487	0.568483
SRX3583211	TFs and others	ESR1	Breast	MCF-7	2802	4/388	7/386	-0.416461	-0.068487	0.568483
SRX359878	TFs and others	RAD21	Digestive tract	LoVo	2999	4/388	7/386	-0.416461	-0.068487	0.568483
SRX3666510	TFs and others	TP53	Blood	T cells	1492	4/388	7/386	-0.416461	-0.068487	0.568483
SRX471210	TFs and others	MBD2	Breast	MCF-7	1034	4/388	7/386	-0.416461	-0.068487	0.568483
SRX4783029	TFs and others	AR	Prostate	Prostate cancer cells	6669	4/388	7/386	-0.416461	-0.068487	0.568483
SRX490261	TFs and others	KDM6B	Epidermis	BJ	737	4/388	7/386	-0.416461	-0.068487	0.568483
SRX5089520	TFs and others	SMARCA4	Breast	MCF-7	636	4/388	7/386	-0.416461	-0.068487	0.568483
SRX518675	TFs and others	IRF4	Blood	OCI-LY-10	2371	4/388	7/386	-0.416461	-0.068487	0.568483
SRX5234474	TFs and others	SMARCC1	Pluripotent stem cell	iPS cells	4601	4/388	7/386	-0.416461	-0.068487	0.568483
SRX5604678	TFs and others	HOXB13	Prostate	LNCAP	4817	4/388	7/386	-0.416461	-0.068487	0.568483
SRX5771379	TFs and others	SUPT6H	Digestive tract	HCT 116	760	4/388	7/386	-0.416461	-0.068487	0.568483
SRX647369	TFs and others	ZBTB17	Breast	MCF 10A	351	4/388	7/386	-0.416461	-0.068487	0.568483
SRX6614765	TFs and others	RAD21	Lung	IMR-90	2064	4/388	7/386	-0.416461	-0.068487	0.568483
SRX673715	TFs and others	Biotin	Breast	MCF-7	942	4/388	7/386	-0.416461	-0.068487	0.568483
SRX831875	TFs and others	STAT5B	Blood	CD8+ T cells	1528	4/388	7/386	-0.416461	-0.068487	0.568483
SRX8406544	TFs and others	HOXB13	Prostate	Prostate	3951	4/388	7/386	-0.416461	-0.068487	0.568483
SRX8602205	TFs and others	IRF4	Blood	OCI-LY-10	2369	4/388	7/386	-0.416461	-0.068487	0.568483
SRX8616967	TFs and others	TET2	Breast	MCF-7	2180	4/388	7/386	-0.416461	-0.068487	0.568483
SRX9468675	TFs and others	Epitope tags	Prostate	LNCAP	4209	4/388	7/386	-0.416461	-0.068487	0.568483
SRX5576992	TFs and others	CREB1	Lung	A549	18211	329/388	318/386	-0.416287	-0.068487	1.02926
SRX003319	TFs and others	STAT1	Uterus	HeLa	1779	8/388	4/386	-0.415741	-0.068487	1.98969
SRX1477664	TFs and others	MED12	Blood	CD34 Hematopoietic stem cells	354	8/388	4/386	-0.415741	-0.068487	1.98969
SRX1709984	TFs and others	ESR1	Breast	T-47D	528	8/388	4/386	-0.415741	-0.068487	1.98969
SRX3445802	TFs and others	MCRS1	Liver	Hep G2	442	8/388	4/386	-0.415741	-0.068487	1.98969
SRX3460921	TFs and others	POU2F2	Blood	Pre-B cells	1752	8/388	4/386	-0.415741	-0.068487	1.98969
SRX488716	TFs and others	Epitope tags	Kidney	293	739	8/388	4/386	-0.415741	-0.068487	1.98969
SRX4941319	TFs and others	XBP1	Prostate	LNCAP	975	8/388	4/386	-0.415741	-0.068487	1.98969
SRX5126616	TFs and others	CTCF	Epidermis	Keratinocytes	962	8/388	4/386	-0.415741	-0.068487	1.98969
SRX5157155	TFs and others	CEBPA	Blood	THP-1	4297	8/388	4/386	-0.415741	-0.068487	1.98969
SRX6487064	TFs and others	FOXA1	Breast	MCF-7	3649	8/388	4/386	-0.415741	-0.068487	1.98969
SRX701989	TFs and others	GATA4	Pluripotent stem cell	hESC derived endodermal cells	4445	8/388	4/386	-0.415741	-0.068487	1.98969
SRX9755057	TFs and others	BRD4	Blood	REH	708	8/388	4/386	-0.415741	-0.068487	1.98969
SRX10913943	TFs and others	SP1	Epidermis	Dermal fibroblast	1353	22/388	28/386	-0.415332	-0.068487	0.781664
SRX130603	TFs and others	EP300	Blood	OCI-LY1	3788	22/388	28/386	-0.415332	-0.068487	0.781664
SRX186720	TFs and others	EZH2	Pluripotent stem cell	hESC H1	3066	22/388	28/386	-0.415332	-0.068487	0.781664
SRX2207669	TFs and others	NOTCH1	Cardiovascular	HUVEC	14848	22/388	28/386	-0.415332	-0.068487	0.781664
SRX3703142	TFs and others	MEF2B	Blood	B cells	7157	22/388	28/386	-0.415332	-0.068487	0.781664
SRX5294339	TFs and others	DPF2	Kidney	TTC1240	11394	22/388	28/386	-0.415332	-0.068487	0.781664
SRX5719580	TFs and others	CTCF	Blood	CUTLL1	4389	22/388	28/386	-0.415332	-0.068487	0.781664
SRX8037081	TFs and others	KLF5	Lung	KNS-62	2797	22/388	28/386	-0.415332	-0.068487	0.781664
SRX7677736	TFs and others	NCBP1	Digestive tract	DLD-1	7164	163/388	175/386	-0.415084	-0.0683113	0.926627
SRX190218	TFs and others	SRF	Uterus	ECC-1	7473	90/388	79/386	-0.414937	-0.0682886	1.13337
SRX5574385	TFs and others	SPI1	Blood	NB-4	14847	44/388	52/386	-0.414919	-0.0682886	0.841792
SRX7972456	TFs and others	MKL2	Epidermis	MKL-2	15748	29/388	22/386	-0.414586	-0.0680274	1.31139
SRX5323898	TFs and others	STAT3	Breast	T-47D	32556	223/388	209/386	-0.414404	-0.0679174	1.06149
SRX130063	TFs and others	MYC	Epidermis	BJ	5373	53/388	44/386	-0.414125	-0.0677106	1.19834
SRX190355	TFs and others	E2F6	Pluripotent stem cell	hESC H1	22326	221/388	207/386	-0.413784	-0.067584	1.06213
SRX7692446	TFs and others	POLR2C	Breast	MCF-7	10835	221/388	207/386	-0.413784	-0.067584	1.06213
SRX7701204	TFs and others	BRD4	Lung	NCI-H1963	9116	221/388	207/386	-0.413784	-0.067584	1.06213
SRX1885186	TFs and others	FOXA1	Prostate	LNCAP	68461	80/388	90/386	-0.413556	-0.0675731	0.884307
SRX4714482	TFs and others	GTF3C2	Neural	T98G	2835	32/388	39/386	-0.413487	-0.0675731	0.816283
SRX6441754	TFs and others	FOXA2	Pancreas	CFPAC-1	20266	32/388	39/386	-0.413487	-0.0675731	0.816283
SRX6957430	TFs and others	FOXL2	Gonad	KGN	12337	32/388	39/386	-0.413487	-0.0675731	0.816283
SRX3800731	TFs and others	RAD21	Breast	T-47D	5427	60/388	69/386	-0.412958	-0.0671876	0.865083
SRX6860640	TFs and others	FOXA1	Breast	T-47D	20584	60/388	69/386	-0.412958	-0.0671876	0.865083
SRX573052	TFs and others	CPSF3L	Uterus	HeLa	2024	40/388	32/386	-0.412724	-0.0670242	1.24356
SRX100460	TFs and others	ELF1	Liver	Hep G2	15541	214/388	200/386	-0.412083	-0.0664548	1.06448
SRX9317681	TFs and others	RUNX1	Blood	Fujioka	29984	182/388	194/386	-0.411007	-0.0655221	0.933309
SRX2505193	TFs and others	MTOR	Prostate	LNCAP	41112	186/388	173/386	-0.411	-0.0655221	1.0696
SRX2505194	TFs and others	MTOR	Prostate	LNCAP	68242	205/388	191/386	-0.410936	-0.0655221	1.06777
SRX2436031	TFs and others	NEUROD1	Neural	D341 Med	26466	203/388	189/386	-0.410837	-0.0654951	1.06854
SRX6435390	TFs and others	SUPT5H	Kidney	293	5164	122/388	110/386	-0.410412	-0.0651418	1.10337
SRX6743053	TFs and others	SMARCA4	Prostate	VCaP	51467	61/388	70/386	-0.409724	-0.0645254	0.866937
SRX3345943	TFs and others	EGR1	Blood	HL-60	4803	54/388	45/386	-0.409476	-0.0644195	1.19381
SRX4708038	TFs and others	AGO1	Liver	Hep G2	3726	54/388	45/386	-0.409476	-0.0644195	1.19381
SRX534844	TFs and others	CHD8	Neural	Neural Stem Cells	24387	306/388	294/386	-0.409175	-0.0642614	1.03545
SRX9867031	TFs and others	CTCF	Blood	CD8+ T cells	13630	82/388	92/386	-0.409175	-0.0642614	0.88671
SRX2900157	TFs and others	KDM6A	Breast	CAL-51	2474	71/388	61/386	-0.4089	-0.0640576	1.15793
SRX204902	TFs and others	BRD4	Blood	MM.1S	12189	124/388	112/386	-0.40784	-0.0634478	1.10144
SRX190301	TFs and others	TEAD4	Pluripotent stem cell	hESC H1	20630	83/388	93/386	-0.40706	-0.0634478	0.887873
SRX1460847	TFs and others	RELA	Blood	Th1 Cells	3744	33/388	40/386	-0.406979	-0.0634478	0.820747
SRX1614808	TFs and others	ZNF366	Blood	Dendritic Cells	8622	33/388	40/386	-0.406979	-0.0634478	0.820747
SRX3923525	TFs and others	FOXA1	Breast	ZR-75-1	19010	33/388	40/386	-0.406979	-0.0634478	0.820747
SRX4192882	TFs and others	JUNB	Breast	MCF 10A	26251	33/388	40/386	-0.406979	-0.0634478	0.820747
SRX7262420	TFs and others	FOXA1	Others	Bladder cancer	12453	33/388	40/386	-0.406979	-0.0634478	0.820747
SRX763970	TFs and others	JMJD1C	Blood	Kasumi-1	7965	33/388	40/386	-0.406979	-0.0634478	0.820747
SRX1799591	TFs and others	TBX21	Blood	Th1 Cells	36145	274/388	261/386	-0.406356	-0.0634478	1.0444
SRX265428	TFs and others	CTCF	Breast	SUM 159PT	45776	274/388	261/386	-0.406356	-0.0634478	1.0444
SRX150449	TFs and others	NR2C2	Uterus	HeLa	1978	41/388	33/386	-0.406228	-0.0634478	1.23602
SRX2585780	TFs and others	MYC	Breast	MDA-MB-231	2328	41/388	33/386	-0.406228	-0.0634478	1.23602
SRX5514034	TFs and others	CDK8	Uterus	Uterin leiomyoma	1458	41/388	33/386	-0.406228	-0.0634478	1.23602
SRX288274	TFs and others	GATA6	Pancreas	PA-TU-8988S	7556	94/388	83/386	-0.40618	-0.0634478	1.12669
SRX2431540	TFs and others	FOXA2	Epidermis	BJ	16254	23/388	29/386	-0.405856	-0.0634478	0.789015
SRX2481500	TFs and others	TAL1	Blood	Erythroid Precursor Cells	10042	23/388	29/386	-0.405856	-0.0634478	0.789015
SRX5534863	TFs and others	EP300	Breast	MCF-7	5568	23/388	29/386	-0.405856	-0.0634478	0.789015
SRX833423	TFs and others	NIPBL	Pluripotent stem cell	hESC H1	4259	46/388	54/386	-0.405774	-0.0634478	0.847461
SRX9513902	TFs and others	FOXA1	Prostate	LNCAP	18899	46/388	54/386	-0.405774	-0.0634478	0.847461
SRX059709	TFs and others	HDAC1	Prostate	VCaP	1054	15/388	20/386	-0.405436	-0.0634478	0.746134
SRX10120404	TFs and others	TRIB3	Liver	Hep G2	5936	15/388	20/386	-0.405436	-0.0634478	0.746134
SRX116443	TFs and others	REST	Blood	K-562	3451	15/388	20/386	-0.405436	-0.0634478	0.746134
SRX1397407	TFs and others	GATA1	Blood	CD34+	5422	15/388	20/386	-0.405436	-0.0634478	0.746134
SRX1787676	TFs and others	KMT2C	Breast	MCF-7	7926	15/388	20/386	-0.405436	-0.0634478	0.746134
SRX2642356	TFs and others	FOXA1	Prostate	22Rv1	7582	15/388	20/386	-0.405436	-0.0634478	0.746134
SRX2982420	TFs and others	FOXA1	Uterus	HEC-1-A	2782	15/388	20/386	-0.405436	-0.0634478	0.746134
SRX5203294	TFs and others	FOXA1	Breast	MCF-7	15107	15/388	20/386	-0.405436	-0.0634478	0.746134
SRX7054623	TFs and others	RELA	Cardiovascular	HAEC	6128	15/388	20/386	-0.405436	-0.0634478	0.746134
SRX8617002	TFs and others	TET2	Breast	MCF-7	5591	15/388	20/386	-0.405436	-0.0634478	0.746134
SRX9674611	TFs and others	FOXO1	Muscle	Rh-4	5529	15/388	20/386	-0.405436	-0.0634478	0.746134
SRX100437	TFs and others	ZBTB33	Blood	GM12878	1615	30/388	23/386	-0.405128	-0.0634478	1.29762
SRX1134749	TFs and others	BRD4	Blood	MV-4-11	1518	30/388	23/386	-0.405128	-0.0634478	1.29762
SRX9221935	TFs and others	ESR1	Liver	Liver	1053	30/388	23/386	-0.405128	-0.0634478	1.29762
SRX9029195	TFs and others	CEBPB	Blood	Neutrophils	8426	55/388	46/386	-0.404995	-0.0634478	1.18949
SRX019520	TFs and others	PPARG	Adipocyte	Adipose stromal cell	7633	21/388	15/386	-0.404723	-0.0634478	1.39278
SRX2897218	TFs and others	ESR1	Breast	Breast cancer cells	791	21/388	15/386	-0.404723	-0.0634478	1.39278
SRX4171357	TFs and others	TRIM28	Pluripotent stem cell	hESC H1	21100	21/388	15/386	-0.404723	-0.0634478	1.39278
SRX5887610	TFs and others	TEAD4	Lung	PC-9	7118	21/388	15/386	-0.404723	-0.0634478	1.39278
SRX7283267	TFs and others	IRF1	Pancreas	AsPC-1	2516	21/388	15/386	-0.404723	-0.0634478	1.39278
SRX150659	TFs and others	BACH1	Pluripotent stem cell	hESC H1	7465	63/388	72/386	-0.403529	-0.0634478	0.87049
SRX4394540	TFs and others	CEBPB	Blood	JB6	48360	128/388	116/386	-0.403014	-0.0634478	1.09776
SRX684290	TFs and others	INTS3	Uterus	HeLa	7585	128/388	116/386	-0.403014	-0.0634478	1.09776
SRX100415	TFs and others	REST	Pancreas	PANC-1	6671	73/388	63/386	-0.402713	-0.0634478	1.15276
SRX5234496	TFs and others	SMARCC1	Kidney	TTC1240	7586	73/388	63/386	-0.402713	-0.0634478	1.15276
SRX790970	TFs and others	NFKB1	Blood	L-1236	16380	118/388	129/386	-0.401735	-0.0634478	0.910014
SRX1012613	TFs and others	EP300	Breast	T-47D	5047	9/388	13/386	-0.401093	-0.0634478	0.688739
SRX1968074	TFs and others	BCL11B	Blood	Thymus	1143	9/388	13/386	-0.401093	-0.0634478	0.688739
SRX265236	TFs and others	CBFB	Blood	Acute myeloid leukemia	787	9/388	13/386	-0.401093	-0.0634478	0.688739
SRX2683609	TFs and others	Epitope tags	Kidney	293	643	9/388	13/386	-0.401093	-0.0634478	0.688739
SRX3589928	TFs and others	STAG2	Breast	MCF 10A	1166	9/388	13/386	-0.401093	-0.0634478	0.688739
SRX360570	TFs and others	HNF4A	Digestive tract	GP5d	2414	9/388	13/386	-0.401093	-0.0634478	0.688739
SRX381502	TFs and others	Epitope tags	Blood	B cells	5859	9/388	13/386	-0.401093	-0.0634478	0.688739
SRX392799	TFs and others	REST	Blood	Jurkat	2965	9/388	13/386	-0.401093	-0.0634478	0.688739
SRX392800	TFs and others	REST	Blood	Jurkat	3020	9/388	13/386	-0.401093	-0.0634478	0.688739
SRX4650915	TFs and others	SUZ12	Kidney	293	1071	9/388	13/386	-0.401093	-0.0634478	0.688739
SRX4650918	TFs and others	SUZ12	Kidney	293	1147	9/388	13/386	-0.401093	-0.0634478	0.688739
SRX475749	TFs and others	EP300	Blood	GM12878	4617	9/388	13/386	-0.401093	-0.0634478	0.688739
SRX5199675	TFs and others	EP300	Prostate	LNCAP	1195	9/388	13/386	-0.401093	-0.0634478	0.688739
SRX5251415	TFs and others	ESR1	Breast	MCF-7	3725	9/388	13/386	-0.401093	-0.0634478	0.688739
SRX673712	TFs and others	Biotin	Breast	MCF-7	1820	9/388	13/386	-0.401093	-0.0634478	0.688739
SRX7054624	TFs and others	RELA	Cardiovascular	HAEC	4147	9/388	13/386	-0.401093	-0.0634478	0.688739
SRX7624147	TFs and others	NR2F2	Breast	MCF-7	4533	9/388	13/386	-0.401093	-0.0634478	0.688739
SRX8861819	TFs and others	ESR1	Breast	T-47D	3116	9/388	13/386	-0.401093	-0.0634478	0.688739
SRX1012628	TFs and others	ESR1	Breast	MCF-7	16157	34/388	41/386	-0.400779	-0.0634478	0.824994
SRX3367142	TFs and others	TEAD4	Epidermis	SK-MEL-147	13902	34/388	41/386	-0.400779	-0.0634478	0.824994
SRX3581507	TFs and others	CHD7	Pluripotent stem cell	iPS cells	26015	34/388	41/386	-0.400779	-0.0634478	0.824994
SRX190243	TFs and others	SP2	Liver	Hep G2	2015	56/388	47/386	-0.400675	-0.0634478	1.18535
SRX3631510	TFs and others	ETS1	Others	SCC-25	2888	56/388	47/386	-0.400675	-0.0634478	1.18535
SRX5574469	TFs and others	SMARCA4	Blood	CTV-1	14697	56/388	47/386	-0.400675	-0.0634478	1.18535
SRX850667	TFs and others	BCL6	Blood	CD4+ T cells	3934	56/388	47/386	-0.400675	-0.0634478	1.18535
SRX4815191	TFs and others	TLE3	Breast	MCF-7	34551	64/388	73/386	-0.40056	-0.0634478	0.872193
DRX156349	TFs and others	MGMT	Neural	U-87 MG	812	14/388	9/386	-0.400399	-0.0634478	1.54754
SRX103445	TFs and others	BRD4	Blood	CD4+ T cells	776	14/388	9/386	-0.400399	-0.0634478	1.54754
SRX1757996	TFs and others	MAX	Breast	MDA-MB-468	659	14/388	9/386	-0.400399	-0.0634478	1.54754
SRX3888135	TFs and others	SALL4	Liver	SNU-398	1219	14/388	9/386	-0.400399	-0.0634478	1.54754
SRX4401063	TFs and others	RELA	Blood	BJAB	1852	14/388	9/386	-0.400399	-0.0634478	1.54754
SRX5095871	TFs and others	SPI1	Blood	Dendritic Cells	3068	14/388	9/386	-0.400399	-0.0634478	1.54754
SRX5157149	TFs and others	CEBPA	Blood	THP-1	5768	14/388	9/386	-0.400399	-0.0634478	1.54754
SRX7054936	TFs and others	ERG	Cardiovascular	HAEC	1456	14/388	9/386	-0.400399	-0.0634478	1.54754
SRX070881	TFs and others	NOTCH1	Blood	CUTLL1	2389	42/388	34/386	-0.400039	-0.0634478	1.22893
SRX150370	TFs and others	MAFK	Uterus	HeLa	10807	42/388	34/386	-0.400039	-0.0634478	1.22893
SRX8171743	TFs and others	MYBBP1A	Epidermis	BJ	1105	42/388	34/386	-0.400039	-0.0634478	1.22893
SRX4815193	TFs and others	TLE3	Breast	SUM 149PT	27305	87/388	97/386	-0.399074	-0.0634478	0.892284
SRX8616829	TFs and others	FOSL2	Lung	A549	21291	87/388	97/386	-0.399074	-0.0634478	0.892284
SRX10218286	TFs and others	GATA1	Blood	HUDEP-2	26586	121/388	132/386	-0.398524	-0.0634478	0.911942
SRX9468662	TFs and others	AR	Prostate	LNCAP	89863	121/388	132/386	-0.398524	-0.0634478	0.911942
SRX8673362	TFs and others	RUNX1T1	Blood	Kasumi-1	14214	122/388	133/386	-0.397499	-0.0634478	0.912565
SRX062362	TFs and others	FOXA1	Prostate	LNCAP	24530	24/388	30/386	-0.396994	-0.0634478	0.795876
SRX1012649	TFs and others	EP300	Breast	MCF-7	10368	24/388	30/386	-0.396994	-0.0634478	0.795876
SRX1787654	TFs and others	FOXA1	Breast	MCF-7	15313	24/388	30/386	-0.396994	-0.0634478	0.795876
SRX181191	TFs and others	NME2	Lung	A549	20639	24/388	30/386	-0.396994	-0.0634478	0.795876
SRX5604675	TFs and others	HOXB13	Prostate	LNCAP	19036	24/388	30/386	-0.396994	-0.0634478	0.795876
SRX116447	TFs and others	SAP30	Blood	K-562	3001	75/388	65/386	-0.396865	-0.0634478	1.1479
SRX2452429	TFs and others	ETS1	Cardiovascular	HUVEC	2989	57/388	48/386	-0.396505	-0.0634478	1.18138
SRX4708013	TFs and others	SRSF1	Liver	Hep G2	2660	57/388	48/386	-0.396505	-0.0634478	1.18138
SRX1538803	TFs and others	JUND	Digestive tract	HT-29	7257	31/388	24/386	-0.396282	-0.0634478	1.28501
SRX701965	TFs and others	CTCF	Pluripotent stem cell	hESC derived mesendodermal cells	6706	31/388	24/386	-0.396282	-0.0634478	1.28501
SRX8894992	TFs and others	FOXC1	Others	Limbal stem cells	7575	31/388	24/386	-0.396282	-0.0634478	1.28501
SRX9932043	TFs and others	STAT5A	Breast	MCF-7	8189	124/388	135/386	-0.395517	-0.0634478	0.913784
SRX317590	TFs and others	EZH2	Pluripotent stem cell	iPS cells	4207	35/388	42/386	-0.394866	-0.0634478	0.829038
SRX702119	TFs and others	SRF	Pluripotent stem cell	hESC derived ectodermal cells	8525	35/388	42/386	-0.394866	-0.0634478	0.829038
SRX1473610	TFs and others	ESRRA	Breast	BT-474	19608	66/388	75/386	-0.394862	-0.0634478	0.875464
SRX497256	TFs and others	CTCF	Lung	BEAS-2B	12192	66/388	75/386	-0.394862	-0.0634478	0.875464
SRX2537516	TFs and others	BRD2	Epidermis	SK-MEL-147	18741	263/388	250/386	-0.394558	-0.0634478	1.04658
SRX1156537	TFs and others	SMARCA4	Breast	MDA-MB-231	8035	43/388	35/386	-0.394135	-0.0634478	1.22224
SRX2897201	TFs and others	ESR1	Breast	Breast cancer cells	3754	43/388	35/386	-0.394135	-0.0634478	1.22224
SRX4193148	TFs and others	ESR1	Breast	MCF-7	3218	43/388	35/386	-0.394135	-0.0634478	1.22224
SRX1091828	TFs and others	CTCFL	Breast	MCF-7	9885	90/388	100/386	-0.393546	-0.0634478	0.895361
SRX2436048	TFs and others	OTX2	Neural	D341 Med	34917	90/388	100/386	-0.393546	-0.0634478	0.895361
SRX1099627	TFs and others	GRHL2	Gonad	OvCA 429	12165	49/388	57/386	-0.393236	-0.0634478	0.855218
SRX3931056	TFs and others	FOXA1	Breast	MCF-7	22408	49/388	57/386	-0.393236	-0.0634478	0.855218
SRX995497	TFs and others	STAG1	Blood	Hematopoietic Stem Cells	7266	49/388	57/386	-0.393236	-0.0634478	0.855218
SRX1079389	TFs and others	SUMO2	Prostate	VCaP	16194	138/388	126/386	-0.39263	-0.0634478	1.08959
SRX4708090	TFs and others	GTF2F1	Blood	K-562	7441	138/388	126/386	-0.39263	-0.0634478	1.08959
SRX10881854	TFs and others	ARID2	Kidney	G-401	3859	58/388	49/386	-0.392479	-0.0634478	1.17757
SRX189742	TFs and others	ETS1	Cardiovascular	HUVEC	2988	58/388	49/386	-0.392479	-0.0634478	1.17757
SRX347426	TFs and others	STAT3	Blood	SU-DHL-2	4070	58/388	49/386	-0.392479	-0.0634478	1.17757
SRX825397	TFs and others	IRF1	Pancreas	CFPAC-1	8329	58/388	49/386	-0.392479	-0.0634478	1.17757
DRX300414	TFs and others	KAT7	Kidney	293	1025	16/388	21/386	-0.392248	-0.0634478	0.757977
SRX022397	TFs and others	VDR	Blood	Lymphoblastoid cell line	2990	16/388	21/386	-0.392248	-0.0634478	0.757977
SRX10045338	TFs and others	ASXL1	Breast	CAL-51	1021	16/388	21/386	-0.392248	-0.0634478	0.757977
SRX2770846	TFs and others	CEBPB	Blood	Macrophages	12099	16/388	21/386	-0.392248	-0.0634478	0.757977
SRX3927295	TFs and others	BRD9	Blood	MOLM-13	5061	16/388	21/386	-0.392248	-0.0634478	0.757977
SRX673753	TFs and others	ESR1	Breast	MCF-7	5711	16/388	21/386	-0.392248	-0.0634478	0.757977
SRX6902862	TFs and others	GATA1	Blood	CD34+	2993	16/388	21/386	-0.392248	-0.0634478	0.757977
SRX9556495	TFs and others	GATA3	Breast	MDA-MB-231	13714	67/388	76/386	-0.392128	-0.0634478	0.877035
SRX4192137	TFs and others	XRCC4	Breast	MCF 10A	912	22/388	16/386	-0.39156	-0.0634478	1.36791
SRX8616824	TFs and others	FOSL2	Lung	A549	7985	22/388	16/386	-0.39156	-0.0634478	1.36791
SRX1515036	TFs and others	GFP	Kidney	293	12937	77/388	67/386	-0.391329	-0.0634478	1.14333
SRX2368889	TFs and others	FOXA2	Epidermis	Ker-CT	30490	68/388	77/386	-0.389465	-0.0634478	0.878565
SRX11023678	TFs and others	CEBPB	Lung	IMR-90	6136	50/388	58/386	-0.38934	-0.0634478	0.857625
SRX10657969	TFs and others	Epitope tags	Blood	NALM-6	21537	257/388	244/386	-0.389239	-0.0634478	1.04785
SRX10059515	TFs and others	CEBPD	Others	Fibroblasts	11907	36/388	43/386	-0.389218	-0.0634478	0.832894
SRX181190	TFs and others	MYC	Lung	A549	30983	36/388	43/386	-0.389218	-0.0634478	0.832894
SRX3020564	TFs and others	PHIP	Digestive tract	HCT 116	2661	36/388	43/386	-0.389218	-0.0634478	0.832894
SRX347427	TFs and others	STAT3	Blood	SU-DHL-4	8356	103/388	92/386	-0.389198	-0.0634478	1.11379
SRX6800710	TFs and others	IRF4	Blood	CAR-T cells	7576	25/388	31/386	-0.388685	-0.0634478	0.802295
SRX1261516	TFs and others	GATA2	Blood	TF-1	18984	59/388	50/386	-0.388588	-0.0634478	1.17392
SRX2734393	TFs and others	NFE2L2	Cardiovascular	HAEC	13748	59/388	50/386	-0.388588	-0.0634478	1.17392
SRX1091541	TFs and others	EP300	Pluripotent stem cell	hESC derived neural crests	5917	44/388	36/386	-0.388498	-0.0634478	1.21592
SRX1431740	TFs and others	SPI1	Blood	K-562	9599	44/388	36/386	-0.388498	-0.0634478	1.21592
SRX4786562	TFs and others	KMT2C	Breast	MCF-7	7192	44/388	36/386	-0.388498	-0.0634478	1.21592
SRX4708034	TFs and others	RBFOX2	Liver	Hep G2	18845	295/388	283/386	-0.388376	-0.0634478	1.03703
SRX1165094	TFs and others	GABPA	Liver	Hep G2	6595	143/388	131/386	-0.388242	-0.0634478	1.08598
SRX5567177	TFs and others	RNF2	Blood	ME-1	3145	32/388	25/386	-0.387988	-0.0634478	1.2734
SRX190267	TFs and others	TAF1	Breast	MCF-7	5508	104/388	93/386	-0.387514	-0.0634478	1.11252
SRX1166395	TFs and others	FOXA1	Prostate	LNCAP	48892	69/388	78/386	-0.386873	-0.0634478	0.880056
SRX150353	TFs and others	RELA	Blood	GM19099	11193	69/388	78/386	-0.386873	-0.0634478	0.880056
SRX5718166	TFs and others	RAD21	Kidney	293	15340	135/388	146/386	-0.386083	-0.0634478	0.919891
SRX150640	TFs and others	USF2	Uterus	HeLa	9231	79/388	69/386	-0.386081	-0.0634478	1.13903
SRX1758508	TFs and others	NELFE	Breast	MCF-7	4365	105/388	94/386	-0.385867	-0.0634478	1.11126
SRX4342283	TFs and others	AHR	Blood	GM17212	3177	51/388	59/386	-0.385573	-0.0634478	0.859951
SRX367492	TFs and others	FOXK1	Kidney	293	2733	60/388	51/386	-0.384827	-0.0634478	1.17041
SRX5360651	TFs and others	Epitope tags	Epidermis	BJ	12819	60/388	51/386	-0.384827	-0.0634478	1.17041
SRX1514969	TFs and others	GFP	Kidney	293	8359	137/388	148/386	-0.384614	-0.0634478	0.920904
SRX4561210	TFs and others	EHMT2	Muscle	RH-41	11819	240/388	250/386	-0.384334	-0.0634478	0.955052
SRX383817	TFs and others	FOXA1	Prostate	LNCAP	29337	37/388	44/386	-0.383818	-0.0634478	0.836575
SRX8147140	TFs and others	FOXA2	Prostate	LNCAP	28394	37/388	44/386	-0.383818	-0.0634478	0.836575
SRX2281249	TFs and others	KMT2A	Blood	SEM	17528	292/388	280/386	-0.383538	-0.0634478	1.03748
SRX100538	TFs and others	HDAC2	Liver	Hep G2	16221	96/388	106/386	-0.383538	-0.0634478	0.900992
SRX9206199	TFs and others	GFP	Digestive tract	HCT 116	13651	249/388	236/386	-0.383217	-0.0634478	1.04965
SRX670629	TFs and others	ELK3	Cardiovascular	HUVEC	2130	45/388	37/386	-0.383107	-0.0634478	1.20995
SRX673743	TFs and others	EP300	Breast	MCF-7	6969	97/388	107/386	-0.381995	-0.0634478	0.901869
SRX9513904	TFs and others	FOXA1	Prostate	LNCAP	22112	52/388	60/386	-0.381929	-0.0634478	0.862199
SRX9604648	TFs and others	FOXA1	Prostate	LNCAP	82871	152/388	140/386	-0.38153	-0.0634478	1.08012
SRX1878907	TFs and others	RAD21	Muscle	Rh-4	30186	142/388	153/386	-0.381249	-0.0634478	0.923321
SRX2043226	TFs and others	TCF3	Blood	SEM	7021	61/388	52/386	-0.381189	-0.0634478	1.16703
SRX212183	TFs and others	RELA	Lung	Lung fibroblasts	10998	26/388	32/386	-0.380878	-0.0634478	0.808312
SRX3401273	TFs and others	TRPS1	Breast	MCF-7	14374	26/388	32/386	-0.380878	-0.0634478	0.808312
SRX5124868	TFs and others	FOXA1	Prostate	22Rv1	13816	26/388	32/386	-0.380878	-0.0634478	0.808312
SRX5323845	TFs and others	FOXA1	Breast	MCF-7	16305	26/388	32/386	-0.380878	-0.0634478	0.808312
SRX023655	TFs and others	GATAD1	Uterus	HeLa	819	10/388	14/386	-0.380831	-0.0634478	0.710604
SRX2912049	TFs and others	ESR1	Breast	MCF-7	1215	10/388	14/386	-0.380831	-0.0634478	0.710604
SRX3123812	TFs and others	ESR1	Breast	MCF-7	6411	10/388	14/386	-0.380831	-0.0634478	0.710604
SRX3124406	TFs and others	BRD4	Neural	KELLY	2426	10/388	14/386	-0.380831	-0.0634478	0.710604
SRX3452545	TFs and others	EZH2	Prostate	LNCAP	1264	10/388	14/386	-0.380831	-0.0634478	0.710604
SRX4192883	TFs and others	JUN	Breast	MCF 10A	5438	10/388	14/386	-0.380831	-0.0634478	0.710604
SRX5289980	TFs and others	NR3C1	Lung	BEAS-2B	5411	10/388	14/386	-0.380831	-0.0634478	0.710604
SRX6430567	TFs and others	EZH2	Blood	KARPAS-422	1127	10/388	14/386	-0.380831	-0.0634478	0.710604
SRX7498504	TFs and others	CTCF	Others	HMS001	4906	10/388	14/386	-0.380831	-0.0634478	0.710604
SRX9350645	TFs and others	FOS	Epidermis	Melanoma cell line	5017	10/388	14/386	-0.380831	-0.0634478	0.710604
SRX037418	TFs and others	NFYA	Blood	K-562	8885	154/388	142/386	-0.38023	-0.0634478	1.07892
SRX1070162	TFs and others	AR	Breast	MDA-MB-453	20477	17/388	22/386	-0.380228	-0.0634478	0.768744
SRX11399800	TFs and others	HDAC2	Lung	NCI-H1963	2929	17/388	22/386	-0.380228	-0.0634478	0.768744
SRX1477658	TFs and others	Epitope tags	Lung	MRC-5	6664	17/388	22/386	-0.380228	-0.0634478	0.768744
SRX212185	TFs and others	EP300	Lung	Lung fibroblasts	8458	17/388	22/386	-0.380228	-0.0634478	0.768744
SRX7807114	TFs and others	TEAD1	Unclassified	Unclassified	14882	17/388	22/386	-0.380228	-0.0634478	0.768744
SRX100943	TFs and others	TCF7L2	Breast	MCF-7	6379	33/388	26/386	-0.380195	-0.0634478	1.26269
SRX4212572	TFs and others	EZH2	Blood	Peripheral blood mononuclear cells	1867	33/388	26/386	-0.380195	-0.0634478	1.26269
SRX2731316	TFs and others	PAF1	Digestive tract	HCT 116	1426	15/388	10/386	-0.380176	-0.0634478	1.49227
SRX3285584	TFs and others	KDM5B	Breast	MCF-7	974	15/388	10/386	-0.380176	-0.0634478	1.49227
SRX9600624	TFs and others	G-quadruplex	Blood	K-562	618	15/388	10/386	-0.380176	-0.0634478	1.49227
SRX6854833	TFs and others	Epitope tags	Epidermis	501A	75048	109/388	98/386	-0.379627	-0.0634478	1.10651
SRX070883	TFs and others	RBPJ	Blood	CUTLL1	1374	23/388	17/386	-0.379563	-0.0634478	1.34597
SRX7283271	TFs and others	IRF1	Pancreas	AsPC-1	3067	23/388	17/386	-0.379563	-0.0634478	1.34597
SRX5577138	TFs and others	Epitope tags	Prostate	LNCAP	43388	72/388	81/386	-0.379488	-0.0634478	0.884307
SRX2207672	TFs and others	RELA	Cardiovascular	HUVEC	87679	289/388	277/386	-0.379007	-0.0634478	1.03794
SRX1885182	TFs and others	FOXA1	Prostate	LNCAP	79066	99/388	109/386	-0.379007	-0.0634478	0.903575
SRX1067064	TFs and others	HOXB13	Prostate	Prostate cancer cells	30719	38/388	45/386	-0.37865	-0.0634478	0.840092
SRX3445666	TFs and others	GATA1	Blood	K-562	10225	38/388	45/386	-0.37865	-0.0634478	0.840092
SRX6743052	TFs and others	SMARCA4	Prostate	VCaP	44937	53/388	61/386	-0.378402	-0.0634478	0.864374
ERX704058	TFs and others	CTCF	Blood	U-937	2891	5/388	8/386	-0.377741	-0.0634478	0.621778
SRX1012594	TFs and others	ESR1	Breast	T-47D	2999	5/388	8/386	-0.377741	-0.0634478	0.621778
SRX1012743	TFs and others	ESR1	Breast	MCF-7	1960	5/388	8/386	-0.377741	-0.0634478	0.621778
SRX1063405	TFs and others	CTCF	Blood	THP-1	1281	5/388	8/386	-0.377741	-0.0634478	0.621778
SRX1094489	TFs and others	EP300	Others	TC-797	819	5/388	8/386	-0.377741	-0.0634478	0.621778
SRX11399801	TFs and others	HDAC2	Lung	NCI-H1963	1352	5/388	8/386	-0.377741	-0.0634478	0.621778
SRX1161168	TFs and others	ESR1	Breast	MCF-7	4132	5/388	8/386	-0.377741	-0.0634478	0.621778
SRX123445	TFs and others	POU5F1	Pluripotent stem cell	NCCIT	5011	5/388	8/386	-0.377741	-0.0634478	0.621778
SRX150700	TFs and others	ESRRA	Liver	Hep G2	666	5/388	8/386	-0.377741	-0.0634478	0.621778
SRX2013093	TFs and others	MYCN	Blood	CD34 Hematopoietic stem cells	510	5/388	8/386	-0.377741	-0.0634478	0.621778
SRX2319763	TFs and others	VDR	Blood	THP-1	1684	5/388	8/386	-0.377741	-0.0634478	0.621778
SRX2922226	TFs and others	ESR1	Breast	MCF-7	2208	5/388	8/386	-0.377741	-0.0634478	0.621778
SRX3436564	TFs and others	SSRP1	Bone	HT-1080	4201	5/388	8/386	-0.377741	-0.0634478	0.621778
SRX3629600	TFs and others	ESR1	Breast	MCF-7	2513	5/388	8/386	-0.377741	-0.0634478	0.621778
SRX4062885	TFs and others	FOXA1	Prostate	LNCAP	5993	5/388	8/386	-0.377741	-0.0634478	0.621778
SRX4451209	TFs and others	ESR1	Breast	MCF-7	1760	5/388	8/386	-0.377741	-0.0634478	0.621778
SRX469397	TFs and others	ESR1	Breast	MCF-7	2146	5/388	8/386	-0.377741	-0.0634478	0.621778
SRX4786553	TFs and others	TET2	Breast	MCF-7	538	5/388	8/386	-0.377741	-0.0634478	0.621778
SRX490264	TFs and others	TP53	Epidermis	BJ	1634	5/388	8/386	-0.377741	-0.0634478	0.621778
SRX5323810	TFs and others	ESR1	Breast	T-47D	2164	5/388	8/386	-0.377741	-0.0634478	0.621778
SRX5323869	TFs and others	STAT3	Breast	MCF-7	414	5/388	8/386	-0.377741	-0.0634478	0.621778
SRX5441331	TFs and others	CPSF3	Uterus	HeLa	876	5/388	8/386	-0.377741	-0.0634478	0.621778
SRX5514040	TFs and others	MED12	Uterus	Myometrium	442	5/388	8/386	-0.377741	-0.0634478	0.621778
SRX6367586	TFs and others	SUMO2	Kidney	293	962	5/388	8/386	-0.377741	-0.0634478	0.621778
SRX6777396	TFs and others	ESR1	Breast	MCF-7	2088	5/388	8/386	-0.377741	-0.0634478	0.621778
SRX697738	TFs and others	PRKCQ	Blood	CD4+ T cells	2933	5/388	8/386	-0.377741	-0.0634478	0.621778
SRX7584817	TFs and others	ATF4	Blood	Erythroblasts	1461	5/388	8/386	-0.377741	-0.0634478	0.621778
SRX7695553	TFs and others	TEAD4	Lung	NCI-H209	5122	5/388	8/386	-0.377741	-0.0634478	0.621778
SRX8030657	TFs and others	SUZ12	Neural	BT 245	885	5/388	8/386	-0.377741	-0.0634478	0.621778
SRX8616807	TFs and others	JUN	Lung	A549	2146	5/388	8/386	-0.377741	-0.0634478	0.621778
SRX9029213	TFs and others	POU2F2	Blood	Monocytes-CD14+	2190	5/388	8/386	-0.377741	-0.0634478	0.621778
SRX9673824	TFs and others	BCOR	Kidney	293	1387	5/388	8/386	-0.377741	-0.0634478	0.621778
SRX9975595	TFs and others	PPP2R1A	Uterus	HeLa	429	5/388	8/386	-0.377741	-0.0634478	0.621778
ERX181467	TFs and others	TP53	Bone	Saos-2	17048	62/388	53/386	-0.377668	-0.0634478	1.16378
SRX5604680	TFs and others	FOXA1	Prostate	LNCAP	29975	100/388	110/386	-0.377561	-0.0634478	0.904405
SRX5124035	TFs and others	FOXA1	Prostate	22Rv1	63295	149/388	160/386	-0.377227	-0.0634478	0.92645
SRX2245499	TFs and others	CEBPA	Blood	MV-4-11	21045	73/388	82/386	-0.37715	-0.0634478	0.885655
ERX626865	TFs and others	CEBPA	Blood	U-937	2737	9/388	5/386	-0.377097	-0.0634478	1.79072
SRX1089828	TFs and others	NFE2	Blood	Hematopoietic Stem Cells	786	9/388	5/386	-0.377097	-0.0634478	1.79072
SRX150699	TFs and others	NR3C1	Liver	Hep G2	392	9/388	5/386	-0.377097	-0.0634478	1.79072
SRX1709986	TFs and others	ESR1	Breast	T-47D	1174	9/388	5/386	-0.377097	-0.0634478	1.79072
SRX180824	TFs and others	E2F7	Lung	IMR-90	1209	9/388	5/386	-0.377097	-0.0634478	1.79072
SRX3768263	TFs and others	USF2	Blood	K-562	1241	9/388	5/386	-0.377097	-0.0634478	1.79072
SRX4345357	TFs and others	NFATC2	Blood	CD4+ T cells	1361	9/388	5/386	-0.377097	-0.0634478	1.79072
SRX5157162	TFs and others	CEBPA	Blood	THP-1	3615	9/388	5/386	-0.377097	-0.0634478	1.79072
SRX7428070	TFs and others	XBP1	Blood	Plasmablasts	662	9/388	5/386	-0.377097	-0.0634478	1.79072
SRX9178843	TFs and others	HAP1	Blood	HAP1	496	9/388	5/386	-0.377097	-0.0634478	1.79072
SRX9674313	TFs and others	NR3C1	Pluripotent stem cell	iPSC derived hepatocytes	5287	9/388	5/386	-0.377097	-0.0634478	1.79072
SRX1067066	TFs and others	AR	Prostate	LHSAR	135710	152/388	163/386	-0.375736	-0.0634478	0.927709
SRX186780	TFs and others	RBBP5	Pluripotent stem cell	hESC H1	11092	163/388	151/386	-0.375176	-0.0634478	1.07391
SRX5289963	TFs and others	NR3C1	Lung	BEAS-2B	18674	163/388	151/386	-0.375176	-0.0634478	1.07391
SRX2166894	TFs and others	CTCF	Neural	Retina	12586	54/388	62/386	-0.374987	-0.0634478	0.866478
SRX2961794	TFs and others	TRIM24	Blood	MOLM-13	7108	54/388	62/386	-0.374987	-0.0634478	0.866478
SRX7902047	TFs and others	NRF1	Prostate	DU 145	2689	63/388	54/386	-0.374259	-0.0634478	1.16065
SRX190305	TFs and others	TRIM28	Blood	K-562	8609	39/388	46/386	-0.373699	-0.0634478	0.843456
SRX3468053	TFs and others	SUZ12	Others	Fibroblasts	2227	27/388	33/386	-0.373525	-0.0634478	0.813964
SRX10212064	TFs and others	CEBPB	Blood	THP-1	35823	103/388	113/386	-0.373405	-0.0634478	0.906806
SRX4326272	TFs and others	BRD4	Neural	SK-N-BE(2)	3202	47/388	39/386	-0.373005	-0.0634478	1.19892
SRX717857	TFs and others	EP300	Uterus	HeLa	13009	47/388	39/386	-0.373005	-0.0634478	1.19892
SRX2007818	TFs and others	KMT2B	Breast	MCF-7	1235	34/388	27/386	-0.372856	-0.0634478	1.25277
SRX2871341	TFs and others	ESR1	Breast	T-47D	6031	34/388	27/386	-0.372856	-0.0634478	1.25277
SRX5514037	TFs and others	MED12	Uterus	Myometrium	4503	85/388	75/386	-0.371874	-0.0634478	1.12749
SRX190228	TFs and others	TEAD4	Digestive tract	HCT 116	10534	55/388	63/386	-0.371679	-0.0634478	0.868516
SRX158110	TFs and others	TCF12	Blood	RPMI 8402	16651	64/388	55/386	-0.370956	-0.0634478	1.15764
SRX190343	TFs and others	PBX3	Neural	SK-N-SH	52071	220/388	207/386	-0.369953	-0.0634478	1.05732
SRX7030930	TFs and others	NELFA	Breast	MCF-7	14210	220/388	207/386	-0.369953	-0.0634478	1.05732
SRX2267452	TFs and others	BRD4	Digestive tract	NCI-N87	13093	116/388	105/386	-0.369925	-0.0634478	1.09907
SRX9550929	TFs and others	FOXA1	Prostate	Prostate cancer	40462	116/388	105/386	-0.369925	-0.0634478	1.09907
SRX2436023	TFs and others	NEUROD1	Neural	D283 Med	21775	86/388	76/386	-0.369707	-0.0634478	1.12575
SRX1023791	TFs and others	SPI1	Blood	Macrophages	47290	171/388	182/386	-0.369253	-0.0634478	0.934717
SRX055309	TFs and others	KDM5B	Breast	MCF-7	935	18/388	23/386	-0.369219	-0.0634478	0.778575
SRX3468013	TFs and others	ARID2	Others	Aska	1336	18/388	23/386	-0.369219	-0.0634478	0.778575
SRX7570801	TFs and others	FOXO1	Blood	SU-DHL-4	3456	18/388	23/386	-0.369219	-0.0634478	0.778575
SRX7677763	TFs and others	DCP2	Digestive tract	DLD-1	2423	18/388	23/386	-0.369219	-0.0634478	0.778575
SRX4473672	TFs and others	SMARCC1	Gonad	BIN-67	14141	117/388	106/386	-0.368654	-0.0634478	1.09808
SRX7944501	TFs and others	ESR1	Uterus	Ishikawa	12110	117/388	106/386	-0.368654	-0.0634478	1.09808
SRX3800733	TFs and others	RAD21	Breast	T-47D	6783	56/388	64/386	-0.368472	-0.0634478	0.87049
SRX1089833	TFs and others	SPI1	Blood	Hematopoietic Stem Cells	78791	212/388	199/386	-0.368344	-0.0634478	1.05984
SRX150676	TFs and others	E2F6	Blood	K-562	13602	212/388	199/386	-0.368344	-0.0634478	1.05984
SRX055308	TFs and others	KDM5B	Breast	MCF-7	1905	48/388	40/386	-0.368265	-0.0634478	1.19381
SRX8588626	TFs and others	SMARCA4	Cardiovascular	Pulmonary artery endothelial cells	26830	48/388	40/386	-0.368265	-0.0634478	1.19381
SRX317569	TFs and others	EZH2	Pluripotent stem cell	iPS cells	7951	107/388	117/386	-0.368263	-0.0634478	0.909816
SRX825394	TFs and others	ELF3	Pancreas	CFPAC-1	29912	183/388	171/386	-0.368136	-0.0634478	1.06466
SRX1304827	TFs and others	MED26	Bone	U2OS	3003	65/388	56/386	-0.367754	-0.0634478	1.15473
SRX198033	TFs and others	BRD4	Blood	CD4+ T cells	5708	65/388	56/386	-0.367754	-0.0634478	1.15473
SRX3506186	TFs and others	Pan-acetyllysine	Liver	Hep G2	3904	65/388	56/386	-0.367754	-0.0634478	1.15473
SRX6913087	TFs and others	BRD4	Blood	K-562	19223	203/388	190/386	-0.367504	-0.0634478	1.06291
SRX4394541	TFs and others	CEBPB	Blood	JB6	41327	118/388	107/386	-0.36741	-0.0634478	1.09712
SRX9433103	TFs and others	MYC	Bone	U2OS	15879	190/388	178/386	-0.366919	-0.0634478	1.06191
SRX5504128	TFs and others	FOXA2	Pancreas	PANC-1	13282	28/388	34/386	-0.366587	-0.0634478	0.819284
SRX9550899	TFs and others	FOXA1	Prostate	Prostate cancer	16606	28/388	34/386	-0.366587	-0.0634478	0.819284
SRX7807105	TFs and others	CTCF	Unclassified	Unclassified	43877	190/388	200/386	-0.366277	-0.0634478	0.945103
SRX2194256	TFs and others	BRD4	Breast	HCC1806	3154	35/388	28/386	-0.36593	-0.0634478	1.24356
SRX3789538	TFs and others	RUNX1	Blood	Acute myeloid leukemia	1261	35/388	28/386	-0.36593	-0.0634478	1.24356
SRX4493016	TFs and others	GFI1B	Blood	K-562	2983	35/388	28/386	-0.36593	-0.0634478	1.24356
SRX475799	TFs and others	ZBTB33	Blood	GM12878	1841	35/388	28/386	-0.36593	-0.0634478	1.24356
SRX6101129	TFs and others	SOX2	Pluripotent stem cell	hESC H9	16438	35/388	28/386	-0.36593	-0.0634478	1.24356
SRX10989715	TFs and others	GATA1	Blood	HUDEP-1	12556	57/388	65/386	-0.365363	-0.0634478	0.872403
SRX790972	TFs and others	NFKB2	Blood	L-1236	11172	57/388	65/386	-0.365363	-0.0634478	0.872403
SRX7061820	TFs and others	MED12	Blood	SEM	29959	278/388	266/386	-0.364685	-0.0634478	1.03973
SRX6780869	TFs and others	CREB1	Pluripotent stem cell	iPS derived neural cells	2508	66/388	57/386	-0.364649	-0.0634478	1.15193
SRX204901	TFs and others	BRD4	Blood	MM.1S	4470	41/388	48/386	-0.364392	-0.0634478	0.849764
SRX3923518	TFs and others	FOXA1	Breast	MCF-7	21671	41/388	48/386	-0.364392	-0.0634478	0.849764
SRX5409710	TFs and others	NETO2	Blood	Kasumi-1	8998	41/388	48/386	-0.364392	-0.0634478	0.849764
SRX5504126	TFs and others	FOXA2	Pancreas	CFPAC-1	20697	41/388	48/386	-0.364392	-0.0634478	0.849764
SRX1079384	TFs and others	SUMO2	Prostate	VCaP	20720	121/388	110/386	-0.363832	-0.0634478	1.09433
SRX2582039	TFs and others	KDM4A	Breast	BCSC1	5866	49/388	41/386	-0.363715	-0.0634478	1.18896
SRX218420	TFs and others	NFE2	Blood	Erythroid Cells	42190	277/388	265/386	-0.363542	-0.0634478	1.03989
SRX1012614	TFs and others	EP300	Breast	T-47D	4785	11/388	15/386	-0.363223	-0.0634478	0.729553
SRX1053373	TFs and others	CTCF	Pluripotent stem cell	ES cells	4781	11/388	15/386	-0.363223	-0.0634478	0.729553
SRX1161201	TFs and others	ESR1	Breast	T-47D	7578	11/388	15/386	-0.363223	-0.0634478	0.729553
SRX150655	TFs and others	BACH1	Blood	K-562	2528	11/388	15/386	-0.363223	-0.0634478	0.729553
SRX3638908	TFs and others	RELA	Bone	U2OS	1429	11/388	15/386	-0.363223	-0.0634478	0.729553
SRX4155668	TFs and others	SMC1A	Neural	KELLY	3801	11/388	15/386	-0.363223	-0.0634478	0.729553
SRX7572098	TFs and others	MYC	Pancreas	MIA Paca-2	1044	11/388	15/386	-0.363223	-0.0634478	0.729553
SRX8453145	TFs and others	CTCF	Blood	Lymph Nodes	2313	11/388	15/386	-0.363223	-0.0634478	0.729553
SRX3285580	TFs and others	KDM5B	Breast	MCF-7	6141	122/388	111/386	-0.36269	-0.0634478	1.09343
SRX212663	TFs and others	IRF1	Blood	Monocytes-CD14+	3571	16/388	11/386	-0.362601	-0.0634478	1.44705
SRX4047134	TFs and others	PHF8	Digestive tract	RKO	1121	16/388	11/386	-0.362601	-0.0634478	1.44705
SRX5577165	TFs and others	AR	Prostate	LNCAP	1397	16/388	11/386	-0.362601	-0.0634478	1.44705
SRX5771674	TFs and others	SOX17	Gonad	Tcam-2	11459	16/388	11/386	-0.362601	-0.0634478	1.44705
SRX6913061	TFs and others	BRD3	Blood	THP-1	985	16/388	11/386	-0.362601	-0.0634478	1.44705
SRX4342286	TFs and others	AHR	Blood	GM17212	3379	58/388	66/386	-0.362346	-0.0634478	0.874258
SRX265230	TFs and others	ERG	Blood	ME-1	26409	308/388	297/386	-0.362311	-0.0634478	1.03169
SRX1161174	TFs and others	FOXA1	Breast	MCF-7	25263	80/388	89/386	-0.362311	-0.0634478	0.894243
SRX10881820	TFs and others	SMARCA4	Others	BT-16	24801	274/388	262/386	-0.360257	-0.0634478	1.04041
SRX1334494	TFs and others	AR	Prostate	LNCAP	28082	29/388	35/386	-0.360029	-0.0634478	0.8243
SRX194572	TFs and others	ESR1	Breast	MCF-7	21642	42/388	49/386	-0.360013	-0.0634478	0.852725
SRX2609659	TFs and others	NR3C1	Lung	HASM2	26975	42/388	49/386	-0.360013	-0.0634478	0.852725
SRX7972449	TFs and others	MKL1	Epidermis	MKL-1	11935	42/388	49/386	-0.360013	-0.0634478	0.852725
SRX4484990	TFs and others	MYB	Blood	SEM	6646	50/388	42/386	-0.359343	-0.0634478	1.18434
SRX356806	TFs and others	STAG1	Blood	MS1	23506	115/388	125/386	-0.359208	-0.0634478	0.915258
SRX3591825	TFs and others	MEF2C	Blood	MOLM-13	33444	115/388	125/386	-0.359208	-0.0634478	0.915258
SRX5930144	TFs and others	MYOD1	Muscle	RH-4	28965	115/388	125/386	-0.359208	-0.0634478	0.915258
SRX1758525	TFs and others	Epitope tags	Breast	MCF-7	1549	19/388	24/386	-0.359094	-0.0634478	0.787586
SRX2194268	TFs and others	EP300	Breast	SUM 159PT	14470	19/388	24/386	-0.359094	-0.0634478	0.787586
SRX8299865	TFs and others	MYC	Bone	U2OS	2066	19/388	24/386	-0.359094	-0.0634478	0.787586
SRX959100	TFs and others	NR3C1	Blood	NALM-6	11570	19/388	24/386	-0.359094	-0.0634478	0.787586
SRX8673356	TFs and others	EGR1	Blood	Kasumi-1	6882	68/388	59/386	-0.358714	-0.0634478	1.1466
SRX4377558	TFs and others	BRD4	Breast	MDA-MB-231	13498	116/388	126/386	-0.358182	-0.0634478	0.915889
SRX1514286	TFs and others	HDAC2	Blood	Kasumi-1	12832	92/388	82/386	-0.357754	-0.0634478	1.11617
SRX6602360	TFs and others	ARNTL	Neural	Glioma stem cells	6718	118/388	128/386	-0.356193	-0.0634478	0.917123
SRX7054619	TFs and others	RELA	Cardiovascular	HAEC	24325	118/388	128/386	-0.356193	-0.0634478	0.917123
SRX100547	TFs and others	SRF	Liver	Hep G2	3863	51/388	43/386	-0.355139	-0.0634478	1.17993
SRX6743813	TFs and others	CHD6	Pluripotent stem cell	iPS derived neural cells	2929	51/388	43/386	-0.355139	-0.0634478	1.17993
SRX186646	TFs and others	PHF8	Blood	K-562	24555	304/388	293/386	-0.354885	-0.0634478	1.03219
SRX2194249	TFs and others	CEBPB	Breast	SUM 159PT	38434	84/388	93/386	-0.354885	-0.0634478	0.89857
ERX1276046	TFs and others	CTCF	Blood	UT-7	12762	61/388	69/386	-0.353815	-0.0634478	0.879501
SRX6961678	TFs and others	SUPT5H	Digestive tract	HCT 116	3716	61/388	69/386	-0.353815	-0.0634478	0.879501
SRX734340	TFs and others	CHD8	Breast	T-47D	59566	61/388	69/386	-0.353815	-0.0634478	0.879501
SRX3601960	TFs and others	FLI1	Cardiovascular	HUVEC	19658	131/388	120/386	-0.353433	-0.0634478	1.08604
SRX2922231	TFs and others	ESR1	Breast	SUM 44PE	18817	95/388	85/386	-0.352383	-0.0634478	1.11189
SRX11312421	TFs and others	CTCF	Lung	A549	13261	44/388	51/386	-0.351751	-0.0634478	0.858298
SRX371468	TFs and others	ESR1	Breast	MCF-7	21179	44/388	51/386	-0.351751	-0.0634478	0.858298
SRX3124415	TFs and others	CTCFL	Neural	KELLY	8343	62/388	70/386	-0.351132	-0.0634478	0.881149
SRX129089	TFs and others	MED1	Lung	NCI-H2171	8296	52/388	44/386	-0.351094	-0.0634478	1.17573
SRX7549659	TFs and others	TFAP2C	Pluripotent stem cell	hESC UCLA1	27736	264/388	252/386	-0.350722	-0.0634478	1.04222
SRX4377560	TFs and others	BRD9	Breast	MDA-MB-231	18475	124/388	134/386	-0.350722	-0.0634478	0.920603
SRX2922227	TFs and others	ESR1	Breast	MCF-7	4974	71/388	62/386	-0.35044	-0.0634478	1.13926
SRX5574507	TFs and others	SPI1	Blood	CTV-1	14210	87/388	96/386	-0.349751	-0.0634478	0.901579
SRX4154204	TFs and others	ZFP64	Blood	MOLM-13	4731	20/388	25/386	-0.349743	-0.0634478	0.795876
SRX5441326	TFs and others	PCF11	Uterus	HeLa	2652	20/388	25/386	-0.349743	-0.0634478	0.795876
SRX5514038	TFs and others	MED12	Uterus	Myometrium	2158	20/388	25/386	-0.349743	-0.0634478	0.795876
SRX359972	TFs and others	STAT2	Digestive tract	LoVo	1226	26/388	20/386	-0.349134	-0.0634478	1.2933
SRX4815188	TFs and others	CTNNB1	Breast	MCF-7	2018	26/388	20/386	-0.349134	-0.0634478	1.2933
SRX542553	TFs and others	MYC	Blood	P493-6	1670	26/388	20/386	-0.349134	-0.0634478	1.2933
SRX6913041	TFs and others	BRD2	Blood	THP-1	1315	26/388	20/386	-0.349134	-0.0634478	1.2933
SRX7141990	TFs and others	O-GlcNAc	Adipocyte	Adipocytes	991	26/388	20/386	-0.349134	-0.0634478	1.2933
SRX768290	TFs and others	SOX9	Digestive tract	HT-29	4638	63/388	71/386	-0.348525	-0.0634478	0.88275
SRX100471	TFs and others	USF1	Pluripotent stem cell	hESC H1	22982	137/388	126/386	-0.348191	-0.0634478	1.0817
SRX3040147	TFs and others	STAG1	Breast	HMEC	33563	88/388	97/386	-0.348116	-0.0634478	0.90254
SRX5604679	TFs and others	FOXA1	Prostate	LNCAP	23785	88/388	97/386	-0.348116	-0.0634478	0.90254
SRX190235	TFs and others	NFATC1	Blood	GM12878	10082	31/388	37/386	-0.347926	-0.0634478	0.833519
SRX371439	TFs and others	ESR1	Others	Tumour tissues	10495	31/388	37/386	-0.347926	-0.0634478	0.833519
SRX5010966	TFs and others	BCOR	Prostate	VCaP	12090	31/388	37/386	-0.347926	-0.0634478	0.833519
SRX190283	TFs and others	EP300	Lung	A549	13777	45/388	52/386	-0.347849	-0.0634478	0.860924
SRX9498685	TFs and others	TBP	Blood	K-562	3074	45/388	52/386	-0.347849	-0.0634478	0.860924
SRX018282	TFs and others	EP300	Neural	T98G	2724	12/388	16/386	-0.347753	-0.0634478	0.746134
SRX097074	TFs and others	TCF7L2	Blood	CD34 Hematopoietic stem cells	2258	12/388	16/386	-0.347753	-0.0634478	0.746134
SRX1012597	TFs and others	ESR1	Breast	T-47D	7227	12/388	16/386	-0.347753	-0.0634478	0.746134
SRX1012660	TFs and others	PGR	Breast	MCF-7	6559	12/388	16/386	-0.347753	-0.0634478	0.746134
SRX1885189	TFs and others	PIAS1	Prostate	LNCAP	14421	12/388	16/386	-0.347753	-0.0634478	0.746134
SRX259622	TFs and others	RUNX1	Blood	Kasumi-1	6046	12/388	16/386	-0.347753	-0.0634478	0.746134
SRX2913028	TFs and others	FLI1	Bone	A-673	2589	12/388	16/386	-0.347753	-0.0634478	0.746134
SRX6582166	TFs and others	LMNA	Others	GM07492	1957	12/388	16/386	-0.347753	-0.0634478	0.746134
SRX730426	TFs and others	ESR1	Breast	MCF-7	4723	12/388	16/386	-0.347753	-0.0634478	0.746134
SRX080374	TFs and others	CTCF	Blood	GM12801	2912	6/388	9/386	-0.347637	-0.0634478	0.66323
SRX10365550	TFs and others	NCOA3	Breast	MCF-7	6804	6/388	9/386	-0.347637	-0.0634478	0.66323
SRX10721430	TFs and others	Epitope tags	Breast	MCF-7	6167	6/388	9/386	-0.347637	-0.0634478	0.66323
SRX1123863	TFs and others	SMARCC1	Liver	MRT TTC549	2533	6/388	9/386	-0.347637	-0.0634478	0.66323
SRX1510444	TFs and others	SOX9	Prostate	VCaP	1163	6/388	9/386	-0.347637	-0.0634478	0.66323
SRX2023713	TFs and others	TBX5	Pluripotent stem cell	iPS derived cardiac cells	3373	6/388	9/386	-0.347637	-0.0634478	0.66323
SRX2460050	TFs and others	ESR1	Breast	Breast cancer cells	1490	6/388	9/386	-0.347637	-0.0634478	0.66323
SRX2944448	TFs and others	MYC	Breast	MCF 10A	703	6/388	9/386	-0.347637	-0.0634478	0.66323
SRX3244993	TFs and others	CEBPB	Blood	Macrophages	3705	6/388	9/386	-0.347637	-0.0634478	0.66323
SRX3401274	TFs and others	YAP1	Breast	MCF-7	4488	6/388	9/386	-0.347637	-0.0634478	0.66323
SRX347423	TFs and others	STAT3	Blood	OCI-LY-3	2114	6/388	9/386	-0.347637	-0.0634478	0.66323
SRX371427	TFs and others	ESR1	Others	Tumour tissues	2076	6/388	9/386	-0.347637	-0.0634478	0.66323
SRX4650935	TFs and others	SUZ12	Kidney	293	910	6/388	9/386	-0.347637	-0.0634478	0.66323
SRX502059	TFs and others	AR	Prostate	Prostate cancer	6685	6/388	9/386	-0.347637	-0.0634478	0.66323
SRX5532367	TFs and others	CTCF	Neural	Anterior temporal cortex	1202	6/388	9/386	-0.347637	-0.0634478	0.66323
SRX5577135	TFs and others	Epitope tags	Prostate	LNCAP	6081	6/388	9/386	-0.347637	-0.0634478	0.66323
SRX644410	TFs and others	ETS1	Pancreas	PANC-1	787	6/388	9/386	-0.347637	-0.0634478	0.66323
SRX730436	TFs and others	NCAPG2	Breast	MCF-7	3222	6/388	9/386	-0.347637	-0.0634478	0.66323
SRX8257424	TFs and others	MITF	Epidermis	A-375	2781	6/388	9/386	-0.347637	-0.0634478	0.66323
SRX1177904	TFs and others	LARP7	Digestive tract	HCT 116	5397	38/388	31/386	-0.347302	-0.0634478	1.21949
SRX10119160	TFs and others	CREBBP	Blood	MV-4-11	4085	53/388	45/386	-0.347198	-0.0634478	1.17171
SRX1873449	TFs and others	BRD4	Blood	SEM	4477	53/388	45/386	-0.347198	-0.0634478	1.17171
ERX626791	TFs and others	EP300	Blood	HL-60	898	17/388	12/386	-0.347159	-0.0634478	1.40936
SRX2957422	TFs and others	CEBPB	Blood	HL-60	3318	17/388	12/386	-0.347159	-0.0634478	1.40936
SRX469458	TFs and others	EBF1	Adipocyte	Adipose stromal cell	2412	17/388	12/386	-0.347159	-0.0634478	1.40936
SRX5234468	TFs and others	SUZ12	Pluripotent stem cell	iPS cells	1833	17/388	12/386	-0.347159	-0.0634478	1.40936
SRX5257608	TFs and others	GATA2	Prostate	VCaP	12539	17/388	12/386	-0.347159	-0.0634478	1.40936
SRX5289965	TFs and others	NR3C1	Lung	BEAS-2B	1858	17/388	12/386	-0.347159	-0.0634478	1.40936
SRX026642	TFs and others	ERG	Blood	Acute myeloid leukemia	942	10/388	6/386	-0.34705	-0.0634478	1.65808
SRX118013	TFs and others	NCOR1	Kidney	293	581	10/388	6/386	-0.34705	-0.0634478	1.65808
SRX3240993	TFs and others	MED1	Others	Mesenchymal stem cells	6066	10/388	6/386	-0.34705	-0.0634478	1.65808
SRX3946916	TFs and others	MED1	Others	Mesenchymal stem cells	6095	10/388	6/386	-0.34705	-0.0634478	1.65808
SRX4220404	TFs and others	MAX	Unclassified	Unclassified	644	10/388	6/386	-0.34705	-0.0634478	1.65808
SRX5203299	TFs and others	CTCF	Breast	MCF-7	3069	10/388	6/386	-0.34705	-0.0634478	1.65808
SRX5982362	TFs and others	SMARCA2	Lung	A549	6298	10/388	6/386	-0.34705	-0.0634478	1.65808
SRX6692568	TFs and others	Epitope tags	Epidermis	Keratinocytes	1247	10/388	6/386	-0.34705	-0.0634478	1.65808
SRX7695537	TFs and others	TEAD4	Neural	Y79	2481	10/388	6/386	-0.34705	-0.0634478	1.65808
SRX8358264	TFs and others	TCF21	Cardiovascular	HCASMC	2037	10/388	6/386	-0.34705	-0.0634478	1.65808
SRX8976678	TFs and others	HDAC3	Digestive tract	KYSE-410	2535	10/388	6/386	-0.34705	-0.0634478	1.65808
SRX9498737	TFs and others	GTF2A2	Blood	K-562	1214	10/388	6/386	-0.34705	-0.0634478	1.65808
SRX2251225	TFs and others	BRD4	Prostate	C4-2	24585	259/388	247/386	-0.346685	-0.0634478	1.04318
SRX476919	TFs and others	SNAI2	Epidermis	Keratinocytes	8584	89/388	98/386	-0.346517	-0.0634478	0.903482
DRX022350	TFs and others	TAF7	Kidney	293	305	2/388	4/386	-0.346409	-0.0634478	0.497423
ERX1149087	TFs and others	CTCF	Blood	K-562	712	2/388	4/386	-0.346409	-0.0634478	0.497423
ERX1149117	TFs and others	CTCF	Blood	K-562	731	2/388	4/386	-0.346409	-0.0634478	0.497423
ERX181469	TFs and others	TP53	Bone	Saos-2	1562	2/388	4/386	-0.346409	-0.0634478	0.497423
SRX016033	TFs and others	RB1	Lung	IMR-90	2770	2/388	4/386	-0.346409	-0.0634478	0.497423
SRX017877	TFs and others	RELA	Blood	GM15510	766	2/388	4/386	-0.346409	-0.0634478	0.497423
SRX096347	TFs and others	CTNNB1	Digestive tract	LS-180	880	2/388	4/386	-0.346409	-0.0634478	0.497423
SRX10365515	TFs and others	AR	Breast	MCF-7	2853	2/388	4/386	-0.346409	-0.0634478	0.497423
SRX10989727	TFs and others	Epitope tags	Neural	SH-SY5Y	238	2/388	4/386	-0.346409	-0.0634478	0.497423
SRX11196922	TFs and others	NELFB	Kidney	293	382	2/388	4/386	-0.346409	-0.0634478	0.497423
SRX128783	TFs and others	RUNX1	Blood	Jurkat (Clone E6-1)	1078	2/388	4/386	-0.346409	-0.0634478	0.497423
SRX1672129	TFs and others	RELA	Lung	BEAS-2B	1410	2/388	4/386	-0.346409	-0.0634478	0.497423
SRX1745728	TFs and others	ESR1	Uterus	Endometrial Stromal Tumors	1509	2/388	4/386	-0.346409	-0.0634478	0.497423
SRX176049	TFs and others	AR	Prostate	C4-2	1108	2/388	4/386	-0.346409	-0.0634478	0.497423
SRX186615	TFs and others	ZC3H11A	Blood	K-562	603	2/388	4/386	-0.346409	-0.0634478	0.497423
SRX204109	TFs and others	WDR5	Epidermis	NHEK	1720	2/388	4/386	-0.346409	-0.0634478	0.497423
SRX2207926	TFs and others	ERCC6	Epidermis	CS1AN	2314	2/388	4/386	-0.346409	-0.0634478	0.497423
SRX2250891	TFs and others	TFEB	Cardiovascular	HUVEC	1885	2/388	4/386	-0.346409	-0.0634478	0.497423
SRX246954	TFs and others	ERCC2	Bone	HT-1080	919	2/388	4/386	-0.346409	-0.0634478	0.497423
SRX2578887	TFs and others	MED1	Breast	MDA-MB-231	795	2/388	4/386	-0.346409	-0.0634478	0.497423
SRX2578891	TFs and others	NCOA1	Breast	MDA-MB-231	723	2/388	4/386	-0.346409	-0.0634478	0.497423
SRX2683587	TFs and others	Epitope tags	Kidney	293	279	2/388	4/386	-0.346409	-0.0634478	0.497423
SRX2830156	TFs and others	PAX7	Pluripotent stem cell	hESC H9	1793	2/388	4/386	-0.346409	-0.0634478	0.497423
SRX2841994	TFs and others	BRD4	Blood	K-562	490	2/388	4/386	-0.346409	-0.0634478	0.497423
SRX3080209	TFs and others	JUN	Breast	MCF-7	986	2/388	4/386	-0.346409	-0.0634478	0.497423
SRX316364	TFs and others	NR3C1	Kidney	293	1754	2/388	4/386	-0.346409	-0.0634478	0.497423
SRX3288560	TFs and others	CTCF	Pluripotent stem cell	hESC H9	788	2/388	4/386	-0.346409	-0.0634478	0.497423
SRX3450328	TFs and others	RXRA	Others	JMSU1	2210	2/388	4/386	-0.346409	-0.0634478	0.497423
SRX3599221	TFs and others	EZH2	Blood	KG-1	1246	2/388	4/386	-0.346409	-0.0634478	0.497423
SRX371438	TFs and others	ESR1	Others	Tumour tissues	806	2/388	4/386	-0.346409	-0.0634478	0.497423
SRX4116063	TFs and others	ESR1	Uterus	Endometrium cancer	710	2/388	4/386	-0.346409	-0.0634478	0.497423
SRX4119725	TFs and others	Epitope tags	Kidney	293	431	2/388	4/386	-0.346409	-0.0634478	0.497423
SRX4172739	TFs and others	GATA1	Digestive tract	HCT 116	529	2/388	4/386	-0.346409	-0.0634478	0.497423
SRX4518426	TFs and others	BRD4	Prostate	LNCAP	860	2/388	4/386	-0.346409	-0.0634478	0.497423
SRX4737855	TFs and others	BAP1	Pancreas	PANC-1	511	2/388	4/386	-0.346409	-0.0634478	0.497423
SRX4783061	TFs and others	AR	Prostate	Prostate cancer cells	3091	2/388	4/386	-0.346409	-0.0634478	0.497423
SRX4783073	TFs and others	AR	Prostate	Prostate cancer cells	3350	2/388	4/386	-0.346409	-0.0634478	0.497423
SRX4783080	TFs and others	AR	Prostate	Prostate cancer cells	2930	2/388	4/386	-0.346409	-0.0634478	0.497423
SRX518668	TFs and others	BATF	Blood	OCI-LY-3	583	2/388	4/386	-0.346409	-0.0634478	0.497423
SRX5242457	TFs and others	MED1	Blood	MOLM-14	1914	2/388	4/386	-0.346409	-0.0634478	0.497423
SRX5313203	TFs and others	TP53	Digestive tract	HCT 116	632	2/388	4/386	-0.346409	-0.0634478	0.497423
SRX5431826	TFs and others	BRAF	Pluripotent stem cell	hESC H1	1446	2/388	4/386	-0.346409	-0.0634478	0.497423
SRX5514021	TFs and others	JUN	Uterus	Uterin leiomyoma	705	2/388	4/386	-0.346409	-0.0634478	0.497423
SRX5525776	TFs and others	MYCN	Neural	SH-EP	582	2/388	4/386	-0.346409	-0.0634478	0.497423
SRX673709	TFs and others	ESR1	Breast	MCF-7	1605	2/388	4/386	-0.346409	-0.0634478	0.497423
SRX6973252	TFs and others	GFP	Pluripotent stem cell	ES cells	365	2/388	4/386	-0.346409	-0.0634478	0.497423
SRX699734	TFs and others	TCF21	Cardiovascular	HCASMC	1233	2/388	4/386	-0.346409	-0.0634478	0.497423
SRX7054999	TFs and others	ERG	Cardiovascular	HAEC	1322	2/388	4/386	-0.346409	-0.0634478	0.497423
SRX7055003	TFs and others	ERG	Cardiovascular	HAEC	797	2/388	4/386	-0.346409	-0.0634478	0.497423
SRX7202552	TFs and others	CTCF	Uterus	HEC-1-B	606	2/388	4/386	-0.346409	-0.0634478	0.497423
SRX7760060	TFs and others	MYRF	Pancreas	HPAF-II	1275	2/388	4/386	-0.346409	-0.0634478	0.497423
SRX7760061	TFs and others	MYRF	Pancreas	HPAF-II	1352	2/388	4/386	-0.346409	-0.0634478	0.497423
SRX8299777	TFs and others	CDC73	Blood	K-562	1497	2/388	4/386	-0.346409	-0.0634478	0.497423
SRX8406415	TFs and others	AR	Prostate	Prostate	5355	2/388	4/386	-0.346409	-0.0634478	0.497423
SRX8406454	TFs and others	AR	Prostate	Prostatic Neoplasms, Castration-Resistant	3939	2/388	4/386	-0.346409	-0.0634478	0.497423
SRX8406503	TFs and others	FOXA1	Prostate	Prostate	3951	2/388	4/386	-0.346409	-0.0634478	0.497423
SRX9071232	TFs and others	MED1	Blood	SEM	855	2/388	4/386	-0.346409	-0.0634478	0.497423
SRX9124105	TFs and others	TP53	Digestive tract	HCT 116	967	2/388	4/386	-0.346409	-0.0634478	0.497423
SRX9237249	TFs and others	CSTF2	Blood	K-562	1545	2/388	4/386	-0.346409	-0.0634478	0.497423
SRX9281802	TFs and others	SUZ12	Kidney	293	419	2/388	4/386	-0.346409	-0.0634478	0.497423
SRX9350927	TFs and others	BRD4	Digestive tract	COLO 320HSR	1297	2/388	4/386	-0.346409	-0.0634478	0.497423
SRX9550862	TFs and others	FOXA1	Prostate	Prostate cancer	2959	2/388	4/386	-0.346409	-0.0634478	0.497423
SRX9571472	TFs and others	Epitope tags	Blood	K-562	428	2/388	4/386	-0.346409	-0.0634478	0.497423
SRX969013	TFs and others	ESR1	Breast	MCF-7	1044	2/388	4/386	-0.346409	-0.0634478	0.497423
SRX9843992	TFs and others	ESR1	Unclassified	Unclassified	1889	2/388	4/386	-0.346409	-0.0634478	0.497423
SRX9857615	TFs and others	MYC	Kidney	G-401	1093	2/388	4/386	-0.346409	-0.0634478	0.497423
SRX9932062	TFs and others	HDAC6	Breast	MCF-7	1542	2/388	4/386	-0.346409	-0.0634478	0.497423
SRX4792904	TFs and others	CTCF	Breast	T-47D	10145	64/388	72/386	-0.345989	-0.0634478	0.884307
SRX5346119	TFs and others	MYC	Blood	RAMOS	4707	64/388	72/386	-0.345989	-0.0634478	0.884307
SRX7054609	TFs and others	RELA	Cardiovascular	HAEC	20915	64/388	72/386	-0.345989	-0.0634478	0.884307
SRX8673363	TFs and others	RUNX1T1	Blood	Kasumi-1	6840	64/388	72/386	-0.345989	-0.0634478	0.884307
SRX027273	TFs and others	SMARCC2	Uterus	HeLa	439	5/388	2/386	-0.345818	-0.0634478	2.48711
SRX084525	TFs and others	ETS1	Prostate	RWPE-1	234	5/388	2/386	-0.345818	-0.0634478	2.48711
SRX1318620	TFs and others	SIX1	Kidney	Kidney Cortex	553	5/388	2/386	-0.345818	-0.0634478	2.48711
SRX1515035	TFs and others	GFP	Kidney	293	2275	5/388	2/386	-0.345818	-0.0634478	2.48711
SRX1521310	TFs and others	KDM5C	Breast	ZR-75-30	242	5/388	2/386	-0.345818	-0.0634478	2.48711
SRX155758	TFs and others	HSF1	Lung	NCI-H838	527	5/388	2/386	-0.345818	-0.0634478	2.48711
SRX1945293	TFs and others	TRIM28	Pluripotent stem cell	hESC WIBR3	2670	5/388	2/386	-0.345818	-0.0634478	2.48711
SRX2355077	TFs and others	RELA	Cardiovascular	HAEC	546	5/388	2/386	-0.345818	-0.0634478	2.48711
SRX3098192	TFs and others	CEBPA	Blood	SKH1	1043	5/388	2/386	-0.345818	-0.0634478	2.48711
SRX3279752	TFs and others	NFATC2	Blood	CD4+ T cells	1537	5/388	2/386	-0.345818	-0.0634478	2.48711
SRX3366999	TFs and others	AR	Prostate	LNCAP	1753	5/388	2/386	-0.345818	-0.0634478	2.48711
SRX5251422	TFs and others	ESR1	Breast	MCF-7	1647	5/388	2/386	-0.345818	-0.0634478	2.48711
SRX5286347	TFs and others	TFAP2C	Pluripotent stem cell	ES cells	1236	5/388	2/386	-0.345818	-0.0634478	2.48711
SRX5287707	TFs and others	TEAD4	Breast	MCF-7	863	5/388	2/386	-0.345818	-0.0634478	2.48711
SRX5514015	TFs and others	FOS	Uterus	Uterin leiomyoma	1277	5/388	2/386	-0.345818	-0.0634478	2.48711
SRX6957405	TFs and others	SMAD4	Kidney	HGrC1	1107	5/388	2/386	-0.345818	-0.0634478	2.48711
SRX7196718	TFs and others	BMI1	Neural	SU-DIPG-IV	1135	5/388	2/386	-0.345818	-0.0634478	2.48711
SRX8538460	TFs and others	HCFC1	Blood	RAMOS	1362	5/388	2/386	-0.345818	-0.0634478	2.48711
SRX9550930	TFs and others	FOXA1	Prostate	Prostate cancer	31840	99/388	89/386	-0.345772	-0.0634478	1.10663
SRX9556505	TFs and others	GATA3	Breast	MDA-MB-231	17819	99/388	89/386	-0.345772	-0.0634478	1.10663
SRX9730738	TFs and others	INTS6	Blood	THP-1	4828	73/388	64/386	-0.345304	-0.0634478	1.13475
SRX1048461	TFs and others	SPI1	Blood	DOHH-2	43434	142/388	131/386	-0.344326	-0.0634478	1.07838
SRX190262	TFs and others	USF1	Neural	SK-N-SH	9016	100/388	90/386	-0.34421	-0.0634478	1.10538
SRX9604646	TFs and others	FOXA1	Prostate	LNCAP	79653	134/388	144/386	-0.343083	-0.0634478	0.925759
SRX334239	TFs and others	E2F1	Unclassified	Unclassified	6229	144/388	133/386	-0.3429	-0.0634478	1.07713
SRX10333912	TFs and others	NELFA	Digestive tract	DLD-1	10941	244/388	253/386	-0.3429	-0.0634478	0.959456
SRX190269	TFs and others	SP1	Lung	A549	29606	253/388	241/386	-0.342412	-0.0634478	1.04438
SRX176859	TFs and others	ESR1	Breast	MCF-7	11842	32/388	38/386	-0.34233	-0.0634478	0.837765
SRX190347	TFs and others	REST	Breast	MCF-7	8109	32/388	38/386	-0.34233	-0.0634478	0.837765
SRX2731775	TFs and others	CTCF	Neural	Neuroblastoma	6822	32/388	38/386	-0.34233	-0.0634478	0.837765
SRX5525778	TFs and others	MYCN	Neural	SH-EP	2370	32/388	38/386	-0.34233	-0.0634478	0.837765
SRX100470	TFs and others	SRF	Pluripotent stem cell	hESC H1	3719	39/388	32/386	-0.341715	-0.0634478	1.21247
SRX5683081	TFs and others	ESR1	Uterus	Ishikawa	6310	39/388	32/386	-0.341715	-0.0634478	1.21247
SRX818632	TFs and others	SUMO2	Kidney	293	25904	137/388	147/386	-0.341118	-0.0634478	0.927169
SRX185907	TFs and others	FOXM1	Breast	MCF-7	9573	21/388	26/386	-0.341078	-0.0634478	0.803529
SRX4374938	TFs and others	NOTCH1	Breast	HCC1599	1112	21/388	26/386	-0.341078	-0.0634478	0.803529
SRX4411672	TFs and others	AR	Prostate	LNCAP	20539	21/388	26/386	-0.341078	-0.0634478	0.803529
SRX9498735	TFs and others	GTF2A2	Blood	K-562	1768	21/388	26/386	-0.341078	-0.0634478	0.803529
SRX5771672	TFs and others	SOX17	Gonad	Tcam-2	16367	27/388	21/386	-0.340484	-0.0634478	1.27909
SRX5202982	TFs and others	FOXA1	Breast	MCF-7	53624	93/388	102/386	-0.340469	-0.0634478	0.907065
SRX2163140	TFs and others	FOXA1	Others	RT4	12619	47/388	54/386	-0.340461	-0.0634478	0.865884
SRX264458	TFs and others	MED1	Blood	MM.1S	6691	47/388	54/386	-0.340461	-0.0634478	0.865884
SRX5089559	TFs and others	BRD4	Breast	MCF-7	3502	47/388	54/386	-0.340461	-0.0634478	0.865884
SRX6608380	TFs and others	EZH2	Blood	THP-1	7875	47/388	54/386	-0.340461	-0.0634478	0.865884
SRX673728	TFs and others	TFAP2C	Breast	MCF-7	6728	47/388	54/386	-0.340461	-0.0634478	0.865884
SRX9469984	TFs and others	KLF4	Prostate	LAPC-4	16867	47/388	54/386	-0.340461	-0.0634478	0.865884
SRX7902050	TFs and others	NFE2L2	Prostate	DU 145	3096	75/388	66/386	-0.340444	-0.0634478	1.13051
SRX3230406	TFs and others	USF2	Liver	Hep G2	19198	148/388	137/386	-0.340241	-0.0634478	1.07472
SRX367644	TFs and others	KLF5	Digestive tract	KATO III	10358	148/388	137/386	-0.340241	-0.0634478	1.07472
SRX6858250	TFs and others	HSF1	Breast	MCF-7	15886	55/388	47/386	-0.339823	-0.0634478	1.16418
SRX1041842	TFs and others	TRIM24	Prostate	LNCAP	13175	239/388	248/386	-0.339615	-0.0634478	0.958742
SRX9419931	TFs and others	MED1	Breast	SK-BR-3	18552	150/388	139/386	-0.339005	-0.0634478	1.07357
SRX10059520	TFs and others	CEBPD	Others	Fibroblasts	32476	95/388	104/386	-0.337639	-0.0634478	0.908753
SRX128101	TFs and others	TFAP2C	Breast	MDA-MB-453	18593	153/388	142/386	-0.337262	-0.0634478	1.07191
SRX10722432	TFs and others	BCL11B	Blood	T-ALL	12507	144/388	154/386	-0.337064	-0.0634478	0.930245
SRX2355058	TFs and others	ERG	Cardiovascular	HAEC	6895	33/388	39/386	-0.337005	-0.0634478	0.841792
SRX4824366	TFs and others	AR	Prostate	22Rv1	12964	33/388	39/386	-0.337005	-0.0634478	0.841792
SRX5719581	TFs and others	CTCF	Blood	CUTLL1	6222	33/388	39/386	-0.337005	-0.0634478	0.841792
SRX753142	TFs and others	GTF2I	Pluripotent stem cell	iPS cells	8201	33/388	39/386	-0.337005	-0.0634478	0.841792
SRX150638	TFs and others	EP300	Blood	GM12878	5671	48/388	55/386	-0.336961	-0.0634478	0.868229
SRX695951	TFs and others	MAZ	Adipocyte	T778	12964	234/388	243/386	-0.336711	-0.0634478	0.957999
SRX8670129	TFs and others	ASCL1	Neural	SH-SY5Y	69202	234/388	243/386	-0.336711	-0.0634478	0.957999
SRX1787657	TFs and others	GRHL2	Breast	MCF-7	22540	68/388	76/386	-0.336513	-0.0634478	0.890125
SRX3824044	TFs and others	KMT2B	Blood	THP-1	12009	68/388	76/386	-0.336513	-0.0634478	0.890125
SRX471208	TFs and others	AR	Prostate	LNCAP	55197	68/388	76/386	-0.336513	-0.0634478	0.890125
SRX3285597	TFs and others	KDM5B	Breast	TAMR	2160	40/388	33/386	-0.3364	-0.0634478	1.20587
SRX3680730	TFs and others	BRD4	Digestive tract	SW 480	5841	40/388	33/386	-0.3364	-0.0634478	1.20587
SRX3881553	TFs and others	MYC	Prostate	LNCAP	2341	40/388	33/386	-0.3364	-0.0634478	1.20587
SRX1726517	TFs and others	TFDP1	Blood	U-266	2974	56/388	48/386	-0.336329	-0.0634478	1.16065
SRX666559	TFs and others	NRF1	Breast	T-47D	7819	156/388	145/386	-0.33565	-0.0634478	1.07032
SRX3434293	TFs and others	SKI	Blood	HL-60	38480	232/388	241/386	-0.33565	-0.0634478	0.957693
SRX027482	TFs and others	EP300	Pluripotent stem cell	hESC H9	16993	106/388	96/386	-0.335531	-0.0634478	1.09848
SRX151245	TFs and others	CTCF	Blood	BCBL1	31306	148/388	158/386	-0.335062	-0.0634478	0.93188
SRX334242	TFs and others	E2F1	Unclassified	Unclassified	7143	159/388	148/386	-0.334162	-0.0634478	1.06879
SRX186608	TFs and others	SREBF2	Blood	GM12878	1072	13/388	17/386	-0.334033	-0.0634478	0.760764
SRX3083284	TFs and others	BACH2	Blood	B cells	4097	13/388	17/386	-0.334033	-0.0634478	0.760764
SRX3285601	TFs and others	ESR1	Breast	FULR	3169	13/388	17/386	-0.334033	-0.0634478	0.760764
SRX4417023	TFs and others	ESR1	Breast	MCF-7	3112	13/388	17/386	-0.334033	-0.0634478	0.760764
SRX5683078	TFs and others	ESR1	Uterus	Ishikawa	4016	13/388	17/386	-0.334033	-0.0634478	0.760764
SRX6614750	TFs and others	SMC3	Lung	IMR-90	4819	13/388	17/386	-0.334033	-0.0634478	0.760764
SRX687834	TFs and others	TP63	Epidermis	HaCaT	4479	13/388	17/386	-0.334033	-0.0634478	0.760764
SRX7262875	TFs and others	EP300	Breast	ZR-75-1	11606	13/388	17/386	-0.334033	-0.0634478	0.760764
SRX150557	TFs and others	RELA	Blood	GM12878	10091	49/388	56/386	-0.333581	-0.0634478	0.87049
SRX7054996	TFs and others	ERG	Cardiovascular	HAEC	7258	49/388	56/386	-0.333581	-0.0634478	0.87049
ERX626855	TFs and others	SPI1	Blood	U-937	4081	18/388	13/386	-0.333465	-0.0634478	1.37748
SRX5195733	TFs and others	SMARCA4	Uterus	Endometrial epithelial cells	6817	18/388	13/386	-0.333465	-0.0634478	1.37748
SRX9298955	TFs and others	NR3C1	Lung	Lung cancer cell line	9614	18/388	13/386	-0.333465	-0.0634478	1.37748
SRX190175	TFs and others	CREB1	Lung	A549	14652	236/388	224/386	-0.333277	-0.0634478	1.04814
SRX1280451	TFs and others	NRF1	Breast	HCC1954	12889	227/388	236/386	-0.333238	-0.0634478	0.956906
ERX704050	TFs and others	CEBPB	Blood	HL-60	7741	22/388	27/386	-0.333021	-0.0634478	0.810615
SRX10119389	TFs and others	WWTR1	Breast	MDA-MB-231	9788	22/388	27/386	-0.333021	-0.0634478	0.810615
SRX3070471	TFs and others	NR3C1	Breast	MCF 10A	8266	22/388	27/386	-0.333021	-0.0634478	0.810615
SRX3445677	TFs and others	TAL1	Blood	K-562	9187	22/388	27/386	-0.333021	-0.0634478	0.810615
SRX425254	TFs and others	BRD4	Cardiovascular	HUVEC	3588	22/388	27/386	-0.333021	-0.0634478	0.810615
SRX8841621	TFs and others	CTCF	Blood	Lymphoblasts	4609	22/388	27/386	-0.333021	-0.0634478	0.810615
SRX017859	TFs and others	RELA	Blood	GM19193	3477	28/388	22/386	-0.332442	-0.0634478	1.26617
SRX2242953	TFs and others	RBPJ	Neural	GSC8	3507	28/388	22/386	-0.332442	-0.0634478	1.26617
SRX7767645	TFs and others	GATA2	Uterus	Endometrial stromal cells	11075	28/388	22/386	-0.332442	-0.0634478	1.26617
SRX10131664	TFs and others	NELFCD	Lung	Bronchial tracheal epithelial cells	6427	163/388	152/386	-0.332367	-0.0634478	1.06684
SRX1212235	TFs and others	FOXA1	Prostate	LNCAP	55981	99/388	108/386	-0.332336	-0.0634478	0.911942
SRX150581	TFs and others	CHD2	Blood	K-562	6449	99/388	108/386	-0.332336	-0.0634478	0.911942
SRX190204	TFs and others	FOSL2	Lung	A549	23331	70/388	78/386	-0.332141	-0.0634478	0.89281
SRX11668227	TFs and others	CUX1	Blood	K-562	13336	34/388	40/386	-0.331933	-0.0634478	0.845619
SRX054574	TFs and others	Epitope tags	Breast	MCF-7	11571	232/388	220/386	-0.331699	-0.0634478	1.04911
SRX265218	TFs and others	CBFB	Blood	ME-1	11555	167/388	156/386	-0.330778	-0.0634478	1.06499
SRX8670124	TFs and others	ASCL1	Neural	SH-SY5Y	68252	220/388	229/386	-0.330412	-0.0634478	0.955747
SRX10881856	TFs and others	ARID2	Kidney	G-401	5922	110/388	100/386	-0.330345	-0.0634478	1.09433
SRX6813401	TFs and others	ATF4	Blood	THP-1	31469	110/388	100/386	-0.330345	-0.0634478	1.09433
SRX1334496	TFs and others	MYC	Prostate	LNCAP	2998	50/388	57/386	-0.330316	-0.0634478	0.872671
SRX1389381	TFs and others	FOXA1	Pancreas	CFPAC-1	22458	50/388	57/386	-0.330316	-0.0634478	0.872671
SRX2609664	TFs and others	NR3C1	Lung	HASM2	32089	50/388	57/386	-0.330316	-0.0634478	0.872671
SRX4377563	TFs and others	BRD9	Breast	MDA-MB-231	7893	50/388	57/386	-0.330316	-0.0634478	0.872671
SRX6878592	TFs and others	AR	Prostate	LNCAP	44624	50/388	57/386	-0.330316	-0.0634478	0.872671
SRX150458	TFs and others	CHD2	Blood	GM12878	10759	169/388	158/386	-0.330058	-0.0634478	1.06411
SRX1660872	TFs and others	TRIM25	Breast	Breast cancer cells	16755	219/388	228/386	-0.330058	-0.0634478	0.955575
SRX3873726	TFs and others	MYC	Lung	SW 1271	19168	287/388	276/386	-0.329852	-0.0634478	1.03449
SRX10881847	TFs and others	SS18	Others	BT-16	24864	226/388	214/386	-0.329704	-0.0634478	1.05063
SRX100422	TFs and others	SP1	Pluripotent stem cell	hESC H1	15925	172/388	161/386	-0.32907	-0.0634478	1.06282
SRX9419962	TFs and others	MED1	Breast	SK-BR-3	21885	172/388	161/386	-0.32907	-0.0634478	1.06282
SRX9867030	TFs and others	CTCF	Blood	CD8+ T cells	14879	102/388	111/386	-0.328649	-0.0634478	0.914182
SRX8299809	TFs and others	MYC	Bone	U2OS	13516	222/388	210/386	-0.328614	-0.0634478	1.05169
SRX359910	TFs and others	NFYA	Digestive tract	LoVo	2930	72/388	80/386	-0.327989	-0.0634478	0.895361
SRX8536126	TFs and others	GATA1	Blood	HUDEP-2	17090	72/388	80/386	-0.327989	-0.0634478	0.895361
SRX5654425	TFs and others	Epitope tags	Liver	Hep 3B	15202	169/388	179/386	-0.327918	-0.0634478	0.939267
SRX1456192	TFs and others	EBF1	Blood	Mutu	21117	112/388	102/386	-0.327914	-0.0634478	1.09238
SRX4473671	TFs and others	SMARCA4	Gonad	BIN-67	13968	112/388	102/386	-0.327914	-0.0634478	1.09238
SRX4727911	TFs and others	TP53BP1	Pluripotent stem cell	hESC H9	7548	177/388	166/386	-0.327661	-0.0634478	1.06077
SRX3595373	TFs and others	Epitope tags	Pluripotent stem cell	hESC H9	24757	103/388	112/386	-0.327472	-0.0634478	0.914902
SRX9556499	TFs and others	GATA3	Breast	MDA-MB-231	16277	81/388	72/386	-0.327328	-0.0634478	1.1192
SRX3098194	TFs and others	RUNX1T1	Blood	Kasumi-1	5658	51/388	58/386	-0.327158	-0.0634478	0.874778
SRX100479	TFs and others	EGR1	Blood	GM12878	12730	173/388	183/386	-0.32715	-0.0634478	0.940482
SRX4001757	TFs and others	CTCF	Blood	Macrophages	12363	35/388	41/386	-0.327095	-0.0634478	0.849258
SRX6913088	TFs and others	BRD4	Blood	K-562	12194	180/388	169/386	-0.326954	-0.0634478	1.0596
SRX9468651	TFs and others	AR	Prostate	LNCAP	54326	113/388	103/386	-0.326737	-0.0634478	1.09143
SRX4193146	TFs and others	ESR1	Breast	MCF-7	4274	59/388	51/386	-0.326541	-0.0634478	1.1509
SRX5576990	TFs and others	CRTC2	Lung	A549	19080	329/388	335/386	-0.326541	-0.0634478	0.977027
SRX186622	TFs and others	SREBF1	Blood	GM12878	1914	42/388	35/386	-0.326506	-0.0634478	1.19381
SRX4240290	TFs and others	ESR1	Gonad	SK-OV-3	1134	42/388	35/386	-0.326506	-0.0634478	1.19381
SRX7054661	TFs and others	RELA	Cardiovascular	HAEC	36814	206/388	194/386	-0.326072	-0.0634478	1.05638
SRX10484575	TFs and others	AFF1	Blood	RS4-11	10250	185/388	174/386	-0.326002	-0.0634478	1.05774
SRX5323850	TFs and others	FOXA1	Breast	MCF-7	11883	23/388	28/386	-0.325509	-0.0634478	0.817194
SRX6473446	TFs and others	Epitope tags	Pluripotent stem cell	hESC derived neural crests	1166	23/388	28/386	-0.325509	-0.0634478	0.817194
SRX833421	TFs and others	NIPBL	Pluripotent stem cell	hESC H1	3714	23/388	28/386	-0.325509	-0.0634478	0.817194
SRX1027448	TFs and others	CEBPB	Others	Mesenchymal stem cells	20625	29/388	23/386	-0.324943	-0.0634478	1.25437
SRX7141992	TFs and others	O-GlcNAc	Adipocyte	Adipocytes	1132	29/388	23/386	-0.324943	-0.0634478	1.25437
SRX731025	TFs and others	TLX1	Blood	ALL-SIL	6525	29/388	23/386	-0.324943	-0.0634478	1.25437
SRX1079385	TFs and others	SUMO2	Prostate	VCaP	41905	197/388	186/386	-0.324836	-0.0634478	1.05368
SRX2268283	TFs and others	SPI1	Blood	THP-1	43930	106/388	115/386	-0.324087	-0.0634478	0.916988
SRX10059516	TFs and others	CEBPD	Others	Fibroblasts	23187	74/388	82/386	-0.324043	-0.0634478	0.897787
ERX704042	TFs and others	CTCF	Blood	U-937	3067	7/388	10/386	-0.323428	-0.0634478	0.696392
SRX1012714	TFs and others	PGR	Breast	T-47D	3076	7/388	10/386	-0.323428	-0.0634478	0.696392
SRX1044124	TFs and others	NEUROD1	Lung	NCI-H82	4342	7/388	10/386	-0.323428	-0.0634478	0.696392
SRX1885191	TFs and others	PIAS1	Prostate	LNCAP	9765	7/388	10/386	-0.323428	-0.0634478	0.696392
SRX265237	TFs and others	CBFB	Blood	U-937	1545	7/388	10/386	-0.323428	-0.0634478	0.696392
SRX268882	TFs and others	NR2F2	Lung	WI-38	1602	7/388	10/386	-0.323428	-0.0634478	0.696392
SRX3103112	TFs and others	SIRT6	Epidermis	L-C-B	591	7/388	10/386	-0.323428	-0.0634478	0.696392
SRX3410396	TFs and others	RNF2	Breast	T-47D	2287	7/388	10/386	-0.323428	-0.0634478	0.696392
SRX3583203	TFs and others	ESR1	Breast	MCF-7	4885	7/388	10/386	-0.323428	-0.0634478	0.696392
SRX392792	TFs and others	REST	Blood	Jurkat	2262	7/388	10/386	-0.323428	-0.0634478	0.696392
SRX4288474	TFs and others	CTCF	Blood	Lymphoblastoid cell line	1499	7/388	10/386	-0.323428	-0.0634478	0.696392
SRX4417024	TFs and others	GATA3	Breast	MCF-7	2698	7/388	10/386	-0.323428	-0.0634478	0.696392
SRX4451201	TFs and others	ESR1	Breast	MCF-7	3953	7/388	10/386	-0.323428	-0.0634478	0.696392
SRX4634577	TFs and others	REST	Prostate	LNCAP	2181	7/388	10/386	-0.323428	-0.0634478	0.696392
SRX4650905	TFs and others	RNF2	Kidney	293	819	7/388	10/386	-0.323428	-0.0634478	0.696392
SRX4714455	TFs and others	GTF3C2	Breast	T-47D	2531	7/388	10/386	-0.323428	-0.0634478	0.696392
SRX475787	TFs and others	REST	Blood	GM12878	2001	7/388	10/386	-0.323428	-0.0634478	0.696392
SRX483585	TFs and others	TP53	Epidermis	GM06170	2695	7/388	10/386	-0.323428	-0.0634478	0.696392
SRX5183152	TFs and others	BACH1	Pancreas	SW 1990	3738	7/388	10/386	-0.323428	-0.0634478	0.696392
SRX5486430	TFs and others	ZIC5	Digestive tract	HCT 116	878	7/388	10/386	-0.323428	-0.0634478	0.696392
SRX5511291	TFs and others	ESR1	Breast	MCF-7	2789	7/388	10/386	-0.323428	-0.0634478	0.696392
SRX6027699	TFs and others	ESR1	Uterus	Ishikawa	3619	7/388	10/386	-0.323428	-0.0634478	0.696392
SRX6027747	TFs and others	FOXA1	Breast	MCF-7	4238	7/388	10/386	-0.323428	-0.0634478	0.696392
SRX6487056	TFs and others	FOXA1	Breast	MCF-7	3150	7/388	10/386	-0.323428	-0.0634478	0.696392
SRX687555	TFs and others	HDAC2	Blood	Erythroid progenitors	1109	7/388	10/386	-0.323428	-0.0634478	0.696392
SRX7213063	TFs and others	PAF1	Bone	U2OS	1020	7/388	10/386	-0.323428	-0.0634478	0.696392
SRX7262421	TFs and others	FOXA1	Others	Bladder cancer	4186	7/388	10/386	-0.323428	-0.0634478	0.696392
SRX8064824	TFs and others	HDAC2	Blood	Lymphoblastoid cell line	8021	7/388	10/386	-0.323428	-0.0634478	0.696392
SRX8520792	TFs and others	STAT3	Breast	BT-474	2634	7/388	10/386	-0.323428	-0.0634478	0.696392
SRX023652	TFs and others	TRRAP	Uterus	HeLa	592	11/388	7/386	-0.322887	-0.0634478	1.56333
SRX1514982	TFs and others	GFP	Kidney	293	5271	11/388	7/386	-0.322887	-0.0634478	1.56333
SRX1819610	TFs and others	KDM5D	Prostate	DU 145	900	11/388	7/386	-0.322887	-0.0634478	1.56333
SRX3422333	TFs and others	INSR	Liver	Hep G2	926	11/388	7/386	-0.322887	-0.0634478	1.56333
SRX514847	TFs and others	TP53	Epidermis	Keratinocytes	3670	11/388	7/386	-0.322887	-0.0634478	1.56333
SRX5287686	TFs and others	TEAD4	Breast	MCF-7	2502	11/388	7/386	-0.322887	-0.0634478	1.56333
SRX5444530	TFs and others	KMT2A	Blood	RS 411	1004	11/388	7/386	-0.322887	-0.0634478	1.56333
SRX9562901	TFs and others	DPF2	Muscle	RH-4	1019	11/388	7/386	-0.322887	-0.0634478	1.56333
SRX9674626	TFs and others	DPF2	Muscle	Rh-4	1030	11/388	7/386	-0.322887	-0.0634478	1.56333
SRX181189	TFs and others	MYC	Lung	A549	33947	36/388	42/386	-0.322474	-0.0634478	0.852725
SRX186640	TFs and others	CHD1	Pluripotent stem cell	hESC H1	3048	36/388	42/386	-0.322474	-0.0634478	0.852725
SRX2545052	TFs and others	FOXA1	Prostate	LNCAP	38932	36/388	42/386	-0.322474	-0.0634478	0.852725
SRX3468047	TFs and others	SS18	Others	Fibroblasts	47348	108/388	117/386	-0.321947	-0.0634478	0.918319
SRX3546801	TFs and others	Epitope tags	Breast	MDA-MB-231	3142	14/388	18/386	-0.321767	-0.0634478	0.773769
SRX5089410	TFs and others	SMARCA4	Breast	MCF-7	6176	14/388	18/386	-0.321767	-0.0634478	0.773769
SRX5888972	TFs and others	SMARCB1	Epidermis	BJ	1718	14/388	18/386	-0.321767	-0.0634478	0.773769
SRX7122002	TFs and others	GRHL1	Breast	MCF-7	4875	14/388	18/386	-0.321767	-0.0634478	0.773769
SRX818644	TFs and others	PIAS1	Kidney	293	4913	14/388	18/386	-0.321767	-0.0634478	0.773769
SRX9469981	TFs and others	KLF4	Prostate	LAPC-4	8956	14/388	18/386	-0.321767	-0.0634478	0.773769
SRX3395151	TFs and others	PDX1	Pluripotent stem cell	iPS derived pancreatic cells	4636	19/388	14/386	-0.321221	-0.0634478	1.35015
SRX7615734	TFs and others	AFF4	Breast	MCF-7	1151	19/388	14/386	-0.321221	-0.0634478	1.35015
SRX8272876	TFs and others	CEBPA	Blood	BLaER1	5474	19/388	14/386	-0.321221	-0.0634478	1.35015
SRX265238	TFs and others	CBFB	Blood	U-937	6345	118/388	108/386	-0.321214	-0.0634478	1.08696
SRX673756	TFs and others	FOXA1	Breast	MCF-7	18652	53/388	60/386	-0.321148	-0.0634478	0.87878
SRX3230398	TFs and others	RREB1	Liver	Hep G2	17190	109/388	118/386	-0.320911	-0.0634478	0.918967
SRX10437635	TFs and others	ASCL2	Liver	Hep G2	2682	61/388	53/386	-0.32054	-0.0634478	1.14501
SRX2207916	TFs and others	ATF3	Epidermis	CS1AN	5999	61/388	53/386	-0.32054	-0.0634478	1.14501
SRX2194247	TFs and others	CEBPB	Breast	SUM 159PT	30651	76/388	84/386	-0.320289	-0.0634478	0.900098
SRX5313220	TFs and others	Biotin	Digestive tract	HCT 116	4417	76/388	84/386	-0.320289	-0.0634478	0.900098
SRX3586366	TFs and others	RUNX1	Blood	Pre-B lymphoblast cells	13958	119/388	109/386	-0.320178	-0.0634478	1.08612
SRX9029206	TFs and others	CEBPB	Blood	Neutrophils	18500	85/388	76/386	-0.319637	-0.0634478	1.11266
SRX092315	TFs and others	GATA3	Blood	Th2 Cells	5921	24/388	29/386	-0.318484	-0.0634478	0.82332
SRX3923513	TFs and others	FOXA1	Breast	MCF-7	13578	24/388	29/386	-0.318484	-0.0634478	0.82332
SRX5124833	TFs and others	FOXA1	Prostate	22Rv1	10531	24/388	29/386	-0.318484	-0.0634478	0.82332
SRX9426438	TFs and others	Epitope tags	Blood	RAMOS	3846	24/388	29/386	-0.318484	-0.0634478	0.82332
SRX4792907	TFs and others	RAD21	Breast	T-47D	11545	77/388	85/386	-0.31848	-0.0634478	0.901213
SRX099230	TFs and others	GATA1	Blood	PBMC	10143	54/388	61/386	-0.318285	-0.0634478	0.880683
SRX10119368	TFs and others	WWTR1	Breast	MCF 10A	20172	54/388	61/386	-0.318285	-0.0634478	0.880683
SRX6058755	TFs and others	CEBPA	Breast	T-47D	13803	54/388	61/386	-0.318285	-0.0634478	0.880683
SRX6602361	TFs and others	ARNTL	Neural	Glioma stem cells	5924	112/388	121/386	-0.317932	-0.0634478	0.920849
SRX265422	TFs and others	KDM5B	Breast	SUM 185PE	3721	30/388	24/386	-0.317931	-0.0634478	1.24356
SRX5128132	TFs and others	ESR1	Breast	ZR-75-1	7096	30/388	24/386	-0.317931	-0.0634478	1.24356
SRX7767648	TFs and others	GATA2	Uterus	Endometrial stromal cells	14224	30/388	24/386	-0.317931	-0.0634478	1.24356
SRX392040	TFs and others	LMNB1	Lung	IMR-90	5815	62/388	54/386	-0.317682	-0.0634478	1.14223
SRX151230	TFs and others	NIPBL	Blood	Lymphoblastoid cells	2487	44/388	37/386	-0.317483	-0.0634478	1.18306
SRX2900155	TFs and others	SUZ12	Breast	CAL-51	1691	44/388	37/386	-0.317483	-0.0634478	1.18306
SRX4001482	TFs and others	BRD2	Lung	NCI-H23	2676	44/388	37/386	-0.317483	-0.0634478	1.18306
SRX471870	TFs and others	BRD3	Prostate	VCaP	3773	44/388	37/386	-0.317483	-0.0634478	1.18306
SRX5668140	TFs and others	KMT2A	Blood	OCI-AML3	1952	44/388	37/386	-0.317483	-0.0634478	1.18306
SRX5624368	TFs and others	SREBF2	Blood	Macrophages	9792	122/388	112/386	-0.317199	-0.0634478	1.08367
SRX1079387	TFs and others	SUMO2	Prostate	VCaP	17570	113/388	122/386	-0.31698	-0.0634478	0.921455
SRX1491250	TFs and others	TCF4	Blood	CAL-1	29027	113/388	122/386	-0.31698	-0.0634478	0.921455
SRX5442198	TFs and others	FOXP1	Blood	OCI-LY1	83564	310/388	300/386	-0.316715	-0.0634478	1.02801
SRX12118513	TFs and others	POU2AF1	Blood	OCI-LY-7	14561	123/388	113/386	-0.316247	-0.0634478	1.08288
SRX250092	TFs and others	AR	Breast	MDA-MB-453	37368	301/388	308/386	-0.316067	-0.0634478	0.972235
SRX5062476	TFs and others	SUPT5H	Bone	U2OS	3146	55/388	62/386	-0.315512	-0.0634478	0.882524
SRX150570	TFs and others	MYC	Breast	MCF 10A	15169	63/388	55/386	-0.314912	-0.0634478	1.13955
SRX4708089	TFs and others	NONO	Blood	K-562	3658	88/388	79/386	-0.314345	-0.0634478	1.10818
SRX5195730	TFs and others	SMARCA4	Uterus	Endometrial epithelial cells	6168	88/388	79/386	-0.314345	-0.0634478	1.10818
SRX9063419	TFs and others	JUN	Breast	MCF-7	6477	88/388	79/386	-0.314345	-0.0634478	1.10818
SRX9390938	TFs and others	BRD4	Digestive tract	Colorectal cancer	4429	88/388	79/386	-0.314345	-0.0634478	1.10818
SRX470066	TFs and others	Epitope tags	Kidney	293	2658	38/388	44/386	-0.313828	-0.0634478	0.859185
SRX4931250	TFs and others	KMT2A	Kidney	293	1837	38/388	44/386	-0.313828	-0.0634478	0.859185
SRX6441755	TFs and others	FOXA2	Pancreas	CFPAC-1	20683	38/388	44/386	-0.313828	-0.0634478	0.859185
SRX129110	TFs and others	MYC	Lung	NCI-H2171	44190	332/388	323/386	-0.312823	-0.0634478	1.02257
SRX1033285	TFs and others	FOXA1	Prostate	LNCAP	29893	56/388	63/386	-0.312823	-0.0634478	0.884307
SRX5888973	TFs and others	SMARCB1	Epidermis	BJ	3124	56/388	63/386	-0.312823	-0.0634478	0.884307
SRX1156538	TFs and others	SMARCA4	Breast	MDA-MB-231	30761	127/388	117/386	-0.312636	-0.0634478	1.07987
SRX150653	TFs and others	TBL1XR1	Blood	K-562	8709	64/388	56/386	-0.312228	-0.0634478	1.13697
SRX753137	TFs and others	GTF2I	Pluripotent stem cell	iPS cells	4124	25/388	30/386	-0.311899	-0.0634478	0.829038
SRX8055114	TFs and others	GATA3	Unclassified	Unclassified	6384	25/388	30/386	-0.311899	-0.0634478	0.829038
SRX100477	TFs and others	FOXA1	Liver	Hep G2	40753	119/388	128/386	-0.311679	-0.0634478	0.924895
SRX5574506	TFs and others	SPI1	Blood	CTV-1	23802	119/388	128/386	-0.311679	-0.0634478	0.924895
SRX1538760	TFs and others	NR1H3	Digestive tract	HT-29	22846	81/388	89/386	-0.311665	-0.0634478	0.905421
SRX5323871	TFs and others	ESR1	Breast	MCF-7	24701	81/388	89/386	-0.311665	-0.0634478	0.905421
SRX8073482	TFs and others	TBL1Y	Blood	DLBCL	1524	31/388	25/386	-0.311357	-0.0634478	1.23361
SRX100522	TFs and others	SRF	Blood	GM12878	7072	90/388	81/386	-0.311022	-0.0634478	1.10538
SRX190210	TFs and others	REST	Blood	HL-60	9597	90/388	81/386	-0.311022	-0.0634478	1.10538
SRX1012658	TFs and others	PGR	Breast	MCF-7	6884	15/388	19/386	-0.310723	-0.0634478	0.785404
SRX186703	TFs and others	REST	Blood	K-562	3437	15/388	19/386	-0.310723	-0.0634478	0.785404
SRX2900150	TFs and others	KMT2C	Breast	CAL-51	2059	15/388	19/386	-0.310723	-0.0634478	0.785404
SRX4451206	TFs and others	ESR1	Breast	MCF-7	6935	15/388	19/386	-0.310723	-0.0634478	0.785404
SRX150698	TFs and others	HNF4A	Liver	Hep G2	10022	57/388	64/386	-0.310216	-0.0634478	0.886034
SRX2731653	TFs and others	HOXC5	Prostate	PC-3	16367	57/388	64/386	-0.310216	-0.0634478	0.886034
SRX2871365	TFs and others	PGR	Breast	T-47D	19703	57/388	64/386	-0.310216	-0.0634478	0.886034
SRX018992	TFs and others	TP63	Epidermis	Keratinocytes	7907	20/388	15/386	-0.310197	-0.0634478	1.32646
SRX1293532	TFs and others	KMT2A	Blood	MV-4-11	1085	20/388	15/386	-0.310197	-0.0634478	1.32646
SRX5673034	TFs and others	EGR1	Gonad	A2780	1056	20/388	15/386	-0.310197	-0.0634478	1.32646
SRX7054937	TFs and others	ERG	Cardiovascular	HAEC	2067	20/388	15/386	-0.310197	-0.0634478	1.32646
SRX8512820	TFs and others	NRF1	Digestive tract	HCT 116	1042	20/388	15/386	-0.310197	-0.0634478	1.32646
SRX3345951	TFs and others	CPSF3L	Blood	HL-60	6245	130/388	120/386	-0.310123	-0.0634478	1.07775
SRX8147141	TFs and others	FOXA2	Prostate	LNCAP	28703	39/388	45/386	-0.309776	-0.0634478	0.862199
SRX5234508	TFs and others	SMARCA4	Kidney	TTC1240	23695	132/388	122/386	-0.308536	-0.0634478	1.07639
SRX7805369	TFs and others	ZNF711	Prostate	22Rv1	3620	83/388	91/386	-0.308491	-0.0634478	0.907386
SRX8257415	TFs and others	DDX21	Epidermis	A-375	8629	58/388	65/386	-0.307687	-0.0634478	0.887708
SRX5323816	TFs and others	STAT3	Breast	T-47D	4728	40/388	46/386	-0.305891	-0.0634478	0.865083
SRX1425808	TFs and others	CTCF	Blood	T cells	4326	26/388	31/386	-0.305711	-0.0634478	0.834386
SRX1212231	TFs and others	FOXA1	Prostate	LNCAP	46369	85/388	93/386	-0.305462	-0.0634478	0.909267
SRX360062	TFs and others	ZNF83	Digestive tract	LoVo	2346	47/388	40/386	-0.305338	-0.0634478	1.16894
SRX5888975	TFs and others	SMARCB1	Epidermis	BJ	2278	47/388	40/386	-0.305338	-0.0634478	1.16894
SRX3857004	TFs and others	CDKN1B	Breast	MDA-MB-231	36038	329/388	320/386	-0.305232	-0.0634478	1.02283
SRX100320	TFs and others	GATA2	Blood	CD34 Hematopoietic stem cells	1373	32/388	26/386	-0.30518	-0.0634478	1.22443
SRX2254535	TFs and others	KLF5	Others	BICR 31	4181	32/388	26/386	-0.30518	-0.0634478	1.22443
SRX3345973	TFs and others	INTS13	Blood	Monocytes	2835	32/388	26/386	-0.30518	-0.0634478	1.22443
SRX7196715	TFs and others	BMI1	Neural	SU-DIPG-IV	22502	251/388	259/386	-0.304859	-0.0634478	0.964117
SRX4096894	TFs and others	TRPS1	Unclassified	Unclassified	8104	94/388	85/386	-0.304826	-0.0634478	1.10018
SRX070879	TFs and others	FOS	Cardiovascular	HUVEC	28785	67/388	59/386	-0.304647	-0.0634478	1.12974
SRX2652441	TFs and others	ZBTB48	Uterus	HeLa	4895	67/388	59/386	-0.304647	-0.0634478	1.12974
SRX6961668	TFs and others	SUPT5H	Digestive tract	HCT 116	16208	302/388	292/386	-0.303999	-0.0634478	1.02892
SRX055303	TFs and others	KDM5B	Blood	U-937	413	8/388	11/386	-0.303454	-0.0634478	0.723524
SRX1012599	TFs and others	ESR1	Breast	T-47D	5087	8/388	11/386	-0.303454	-0.0634478	0.723524
SRX1012713	TFs and others	PGR	Breast	T-47D	4054	8/388	11/386	-0.303454	-0.0634478	0.723524
SRX1048482	TFs and others	PAX5	Blood	OCI-LY-7	2835	8/388	11/386	-0.303454	-0.0634478	0.723524
SRX1116232	TFs and others	EP300	Cardiovascular	HUVEC	6166	8/388	11/386	-0.303454	-0.0634478	0.723524
SRX11220466	TFs and others	TRIM28	Digestive tract	HT-29	2395	8/388	11/386	-0.303454	-0.0634478	0.723524
SRX204172	TFs and others	SUMO1	Lung	WI-38	2159	8/388	11/386	-0.303454	-0.0634478	0.723524
SRX2382330	TFs and others	EBF3	Neural	SK-N-SH	6679	8/388	11/386	-0.303454	-0.0634478	0.723524
SRX3229179	TFs and others	FOXA1	Breast	Breast cancer	3069	8/388	11/386	-0.303454	-0.0634478	0.723524
SRX359919	TFs and others	SOX9	Digestive tract	LoVo	617	8/388	11/386	-0.303454	-0.0634478	0.723524
SRX3629597	TFs and others	ESR1	Breast	MCF-7	3268	8/388	11/386	-0.303454	-0.0634478	0.723524
SRX5299352	TFs and others	CBX7	Kidney	293	981	8/388	11/386	-0.303454	-0.0634478	0.723524
SRX5511293	TFs and others	ESR1	Breast	MCF-7	3254	8/388	11/386	-0.303454	-0.0634478	0.723524
SRX5525781	TFs and others	MYCN	Neural	SH-EP	1070	8/388	11/386	-0.303454	-0.0634478	0.723524
SRX573034	TFs and others	AFF4	Uterus	HeLa	760	8/388	11/386	-0.303454	-0.0634478	0.723524
SRX620747	TFs and others	TP53	Lung	IMR-90	2548	8/388	11/386	-0.303454	-0.0634478	0.723524
SRX6367595	TFs and others	NCOA1	Kidney	293	4627	8/388	11/386	-0.303454	-0.0634478	0.723524
SRX7371434	TFs and others	TP53	Pluripotent stem cell	hESC derived endodermal cells	3206	8/388	11/386	-0.303454	-0.0634478	0.723524
SRX747802	TFs and others	ESR1	Breast	MCF-7	3344	8/388	11/386	-0.303454	-0.0634478	0.723524
SRX753139	TFs and others	GTF2I	Pluripotent stem cell	iPS cells	1652	8/388	11/386	-0.303454	-0.0634478	0.723524
SRX7805897	TFs and others	SMC1A	Epidermis	Dermal fibroblast	2570	8/388	11/386	-0.303454	-0.0634478	0.723524
SRX8616361	TFs and others	KSHV LANA	Blood	BJAB	818	8/388	11/386	-0.303454	-0.0634478	0.723524
SRX873805	TFs and others	DNMT3B	Epidermis	Epidermal stem cells	1342	8/388	11/386	-0.303454	-0.0634478	0.723524
SRX092575	TFs and others	GABPA	Uterus	HeLa	3614	95/388	86/386	-0.303363	-0.0634478	1.09896
ERX626834	TFs and others	TAL1	Blood	CHRF-288-11	4815	12/388	8/386	-0.30295	-0.0634478	1.49227
SRX10119152	TFs and others	CREBBP	Blood	MV-4-11	901	12/388	8/386	-0.30295	-0.0634478	1.49227
SRX1460853	TFs and others	MED1	Blood	Th1 Cells	543	12/388	8/386	-0.30295	-0.0634478	1.49227
SRX2194258	TFs and others	BRD4	Breast	HCC1806	1449	12/388	8/386	-0.30295	-0.0634478	1.49227
SRX2897203	TFs and others	ESR1	Breast	Breast cancer cells	816	12/388	8/386	-0.30295	-0.0634478	1.49227
SRX701982	TFs and others	FOXA2	Pluripotent stem cell	hESC derived mesendodermal cells	5512	12/388	8/386	-0.30295	-0.0634478	1.49227
SRX8073484	TFs and others	TBL1Y	Blood	DLBCL	975	12/388	8/386	-0.30295	-0.0634478	1.49227
SRX150606	TFs and others	RELA	Blood	GM10847	7079	60/388	67/386	-0.302848	-0.0634478	0.890906
SRX11196911	TFs and others	NELFB	Kidney	293	3445	68/388	60/386	-0.302267	-0.0634478	1.12749
SRX190362	TFs and others	CEBPD	Blood	K-562	12532	68/388	60/386	-0.302267	-0.0634478	1.12749
DRX000550	TFs and others	PARK7	Neural	SH-SY5Y	53	0/388	1/386	-0.302154	-0.0634478	0
DRX013211	TFs and others	RAD21	Breast	MCF-7	66	0/388	1/386	-0.302154	-0.0634478	0
DRX059612	TFs and others	KMT2B	Blood	HB1119	811	0/388	1/386	-0.302154	-0.0634478	0
DRX059628	TFs and others	BMI1	Kidney	293	704	0/388	1/386	-0.302154	-0.0634478	0
DRX059630	TFs and others	MLLT1	Kidney	293	718	0/388	1/386	-0.302154	-0.0634478	0
DRX059635	TFs and others	AFF1	Kidney	293	476	0/388	1/386	-0.302154	-0.0634478	0
DRX300416	TFs and others	ING4	Kidney	293	538	0/388	1/386	-0.302154	-0.0634478	0
ERX1149090	TFs and others	CTCF	Blood	MEG-01	328	0/388	1/386	-0.302154	-0.0634478	0
ERX1149105	TFs and others	CTCF	Blood	MEG-01	309	0/388	1/386	-0.302154	-0.0634478	0
ERX200497	TFs and others	CTCF	Blood	B cells	349	0/388	1/386	-0.302154	-0.0634478	0
ERX704046	TFs and others	CTCF	Blood	HL-60	244	0/388	1/386	-0.302154	-0.0634478	0
ERX704062	TFs and others	CTCF	Blood	HL-60	230	0/388	1/386	-0.302154	-0.0634478	0
SRX003842	TFs and others	EZH2	Pluripotent stem cell	ES cells	78	0/388	1/386	-0.302154	-0.0634478	0
SRX014751	TFs and others	RXRA	Blood	NB-4	314	0/388	1/386	-0.302154	-0.0634478	0
SRX016559	TFs and others	SNAPC2	Lung	IMR-90	835	0/388	1/386	-0.302154	-0.0634478	0
SRX017276	TFs and others	POU5F1	Pluripotent stem cell	hESC H1	1042	0/388	1/386	-0.302154	-0.0634478	0
SRX017558	TFs and others	BRD7	Epidermis	BJ	403	0/388	1/386	-0.302154	-0.0634478	0
SRX020766	TFs and others	TP53	Bone	U2OS	658	0/388	1/386	-0.302154	-0.0634478	0
SRX022394	TFs and others	VDR	Blood	Lymphoblastoid cell line	220	0/388	1/386	-0.302154	-0.0634478	0
SRX022571	TFs and others	AR	Prostate	VCaP	51	0/388	1/386	-0.302154	-0.0634478	0
SRX022577	TFs and others	AR	Prostate	Prostate cancer cells	523	0/388	1/386	-0.302154	-0.0634478	0
SRX023654	TFs and others	GLYR1	Uterus	HeLa	73	0/388	1/386	-0.302154	-0.0634478	0
SRX026531	TFs and others	ESR1	Breast	T-47D	343	0/388	1/386	-0.302154	-0.0634478	0
SRX026651	TFs and others	MethylCap	Blood	Acute myeloid leukemia	930	0/388	1/386	-0.302154	-0.0634478	0
SRX026702	TFs and others	GFP	Pancreas	Pancreatic islets	542	0/388	1/386	-0.302154	-0.0634478	0
SRX026748	TFs and others	DDX5	Uterus	HeLa	438	0/388	1/386	-0.302154	-0.0634478	0
SRX026880	TFs and others	SOX2	Neural	LN-229	45	0/388	1/386	-0.302154	-0.0634478	0
SRX027271	TFs and others	SMARCA4	Uterus	HeLa	194	0/388	1/386	-0.302154	-0.0634478	0
SRX027403	TFs and others	HSF1	Adipocyte	Adipocytes	47	0/388	1/386	-0.302154	-0.0634478	0
SRX027908	TFs and others	RELA	Uterus	HeLa	254	0/388	1/386	-0.302154	-0.0634478	0
SRX028592	TFs and others	TRIM28	Blood	K-562	543	0/388	1/386	-0.302154	-0.0634478	0
SRX039141	TFs and others	JUN	Breast	MCF-7	140	0/388	1/386	-0.302154	-0.0634478	0
SRX040560	TFs and others	LIN9	Uterus	HeLa	387	0/388	1/386	-0.302154	-0.0634478	0
SRX059367	TFs and others	NR2F1	Pluripotent stem cell	hESC derived neural crests	488	0/388	1/386	-0.302154	-0.0634478	0
SRX060813	TFs and others	EP300	Breast	MCF-7	214	0/388	1/386	-0.302154	-0.0634478	0
SRX064489	TFs and others	SMAD2	Pluripotent stem cell	hESC derived mesendodermal cells	374	0/388	1/386	-0.302154	-0.0634478	0
SRX064491	TFs and others	SMAD3	Pluripotent stem cell	hESC derived mesendodermal cells	740	0/388	1/386	-0.302154	-0.0634478	0
SRX099872	TFs and others	MYC	Others	FB8470	100	0/388	1/386	-0.302154	-0.0634478	0
SRX10009627	TFs and others	TAF3	Blood	MM.1S	835	0/388	1/386	-0.302154	-0.0634478	0
SRX10030477	TFs and others	AR	Prostate	LNCAP	1138	0/388	1/386	-0.302154	-0.0634478	0
SRX1011300	TFs and others	WWTR1	Liver	HuCCT1	412	0/388	1/386	-0.302154	-0.0634478	0
SRX10120406	TFs and others	Epitope tags	Liver	Hep G2	294	0/388	1/386	-0.302154	-0.0634478	0
SRX10120412	TFs and others	TRIB3	Liver	Hep G2	467	0/388	1/386	-0.302154	-0.0634478	0
SRX1012637	TFs and others	EP300	Breast	MCF-7	132	0/388	1/386	-0.302154	-0.0634478	0
SRX1012639	TFs and others	EP300	Breast	MCF-7	395	0/388	1/386	-0.302154	-0.0634478	0
SRX1012656	TFs and others	PGR	Breast	MCF-7	167	0/388	1/386	-0.302154	-0.0634478	0
SRX1012699	TFs and others	PGR	Breast	MCF-7	273	0/388	1/386	-0.302154	-0.0634478	0
SRX1012701	TFs and others	PGR	Breast	MCF-7	283	0/388	1/386	-0.302154	-0.0634478	0
SRX10131668	TFs and others	MLLT1	Lung	Bronchial tracheal epithelial cells	507	0/388	1/386	-0.302154	-0.0634478	0
SRX10158152	TFs and others	BRD4	Blood	KBM-7	31	0/388	1/386	-0.302154	-0.0634478	0
SRX10158153	TFs and others	BRD4	Blood	KBM-7	36	0/388	1/386	-0.302154	-0.0634478	0
SRX10158164	TFs and others	BRD4	Blood	KBM-7	38	0/388	1/386	-0.302154	-0.0634478	0
SRX1027441	TFs and others	ATF4	Others	Mesenchymal stem cells	986	0/388	1/386	-0.302154	-0.0634478	0
SRX1032965	TFs and others	FOS	Blood	Acute myeloid leukemia	386	0/388	1/386	-0.302154	-0.0634478	0
SRX1032966	TFs and others	FOS	Blood	Acute myeloid leukemia	724	0/388	1/386	-0.302154	-0.0634478	0
SRX1035584	TFs and others	MAML3	Neural	SK-N-SH	1747	0/388	1/386	-0.302154	-0.0634478	0
SRX1035586	TFs and others	RARA	Neural	SK-N-SH	317	0/388	1/386	-0.302154	-0.0634478	0
SRX10357206	TFs and others	HIF1A	Uterus	HeLa	619	0/388	1/386	-0.302154	-0.0634478	0
SRX10357210	TFs and others	EPAS1	Uterus	HeLa	997	0/388	1/386	-0.302154	-0.0634478	0
SRX10365519	TFs and others	RAC1	Breast	MCF-7	308	0/388	1/386	-0.302154	-0.0634478	0
SRX10365527	TFs and others	RAC1	Breast	MDA-MB-231	244	0/388	1/386	-0.302154	-0.0634478	0
SRX10424887	TFs and others	CTCF	Blood	THP-1	236	0/388	1/386	-0.302154	-0.0634478	0
SRX1044414	TFs and others	RELA	Breast	MDA-MB-231	508	0/388	1/386	-0.302154	-0.0634478	0
SRX1044415	TFs and others	RELA	Breast	MDA-MB-231	644	0/388	1/386	-0.302154	-0.0634478	0
SRX1044416	TFs and others	RELA	Breast	MDA-MB-231	576	0/388	1/386	-0.302154	-0.0634478	0
SRX1048452	TFs and others	MEF2B	Unclassified	Unclassified	475	0/388	1/386	-0.302154	-0.0634478	0
SRX1048490	TFs and others	MEF2B	Blood	SU-DHL-4	457	0/388	1/386	-0.302154	-0.0634478	0
SRX10499680	TFs and others	G-quadruplex	Bone	U2OS	195	0/388	1/386	-0.302154	-0.0634478	0
SRX10511725	TFs and others	Epitope tags	Digestive tract	HCT 116	786	0/388	1/386	-0.302154	-0.0634478	0
SRX1052316	TFs and others	Epitope tags	Blood	K-562	437	0/388	1/386	-0.302154	-0.0634478	0
SRX1053948	TFs and others	HDAC2	Pluripotent stem cell	ES cells	143	0/388	1/386	-0.302154	-0.0634478	0
SRX1053963	TFs and others	HDAC2	Pluripotent stem cell	iPS cells	104	0/388	1/386	-0.302154	-0.0634478	0
SRX107289	TFs and others	TCF12	Blood	CCRF-CEM	155	0/388	1/386	-0.302154	-0.0634478	0
SRX10881809	TFs and others	BRD7	Others	BT-16	351	0/388	1/386	-0.302154	-0.0634478	0
SRX1097312	TFs and others	ATRX	Blood	K-562	983	0/388	1/386	-0.302154	-0.0634478	0
SRX1100309	TFs and others	RELA	Breast	HMEC	404	0/388	1/386	-0.302154	-0.0634478	0
SRX1100310	TFs and others	RELA	Breast	HMEC	540	0/388	1/386	-0.302154	-0.0634478	0
SRX1100311	TFs and others	RELA	Breast	HMEC	403	0/388	1/386	-0.302154	-0.0634478	0
SRX11005609	TFs and others	POU2F1	Breast	MCF10CA1a	429	0/388	1/386	-0.302154	-0.0634478	0
SRX11005610	TFs and others	POU2F1	Breast	MCF10CA1a	451	0/388	1/386	-0.302154	-0.0634478	0
SRX11014589	TFs and others	CTCF	Bone	U2OS	783	0/388	1/386	-0.302154	-0.0634478	0
SRX110230	TFs and others	AFF4	Kidney	293	328	0/388	1/386	-0.302154	-0.0634478	0
SRX11136856	TFs and others	KDM6A	Blood	THP-1	623	0/388	1/386	-0.302154	-0.0634478	0
SRX11136878	TFs and others	KMT2D	Blood	THP-1	509	0/388	1/386	-0.302154	-0.0634478	0
SRX1116228	TFs and others	Epitope tags	Cardiovascular	HUVEC	918	0/388	1/386	-0.302154	-0.0634478	0
SRX1116229	TFs and others	Epitope tags	Cardiovascular	HUVEC	304	0/388	1/386	-0.302154	-0.0634478	0
SRX1116235	TFs and others	Epitope tags	Cardiovascular	HUVEC	338	0/388	1/386	-0.302154	-0.0634478	0
SRX11220462	TFs and others	RELA	Digestive tract	HT-29	41	0/388	1/386	-0.302154	-0.0634478	0
SRX1123853	TFs and others	SMARCC1	Neural	BT-16	409	0/388	1/386	-0.302154	-0.0634478	0
SRX1123965	TFs and others	SMARCC1	Digestive tract	HCT 116	587	0/388	1/386	-0.302154	-0.0634478	0
SRX1131559	TFs and others	BRD4	Breast	SUM 149PT	1478	0/388	1/386	-0.302154	-0.0634478	0
SRX1132445	TFs and others	AR	Prostate	C4-2	1293	0/388	1/386	-0.302154	-0.0634478	0
SRX114493	TFs and others	EPAS1	Kidney	786-O	411	0/388	1/386	-0.302154	-0.0634478	0
SRX116423	TFs and others	HDAC2	Blood	K-562	249	0/388	1/386	-0.302154	-0.0634478	0
SRX116439	TFs and others	KDM5B	Blood	K-562	431	0/388	1/386	-0.302154	-0.0634478	0
SRX116458	TFs and others	HDAC6	Pluripotent stem cell	hESC H1	439	0/388	1/386	-0.302154	-0.0634478	0
SRX1167104	TFs and others	5-hmC	Kidney	293	780	0/388	1/386	-0.302154	-0.0634478	0
SRX117808	TFs and others	VEZF1	Uterus	HeLa	706	0/388	1/386	-0.302154	-0.0634478	0
SRX1181993	TFs and others	CHD1	Prostate	LNCAP	841	0/388	1/386	-0.302154	-0.0634478	0
SRX119636	TFs and others	PAF1	Lung	A549	1043	0/388	1/386	-0.302154	-0.0634478	0
SRX119642	TFs and others	Epitope tags	Lung	A549	1207	0/388	1/386	-0.302154	-0.0634478	0
SRX1206075	TFs and others	XRN2	Kidney	293	382	0/388	1/386	-0.302154	-0.0634478	0
SRX1212540	TFs and others	TCF3	Blood	RAMOS	714	0/388	1/386	-0.302154	-0.0634478	0
SRX123443	TFs and others	POU5F1	Pluripotent stem cell	NCCIT	547	0/388	1/386	-0.302154	-0.0634478	0
SRX1272805	TFs and others	BRD4	Digestive tract	LS-180	679	0/388	1/386	-0.302154	-0.0634478	0
SRX128191	TFs and others	TTF2	Uterus	HeLa	597	0/388	1/386	-0.302154	-0.0634478	0
SRX128779	TFs and others	TCF12	Blood	Jurkat (Clone E6-1)	279	0/388	1/386	-0.302154	-0.0634478	0
SRX130060	TFs and others	POU5F1	Epidermis	BJ	1516	0/388	1/386	-0.302154	-0.0634478	0
SRX130088	TFs and others	SMAD3	Pluripotent stem cell	hESC derived mesendodermal cells	930	0/388	1/386	-0.302154	-0.0634478	0
SRX131373	TFs and others	TP53	Epidermis	MDAH087	382	0/388	1/386	-0.302154	-0.0634478	0
SRX1360984	TFs and others	BRD4	Lung	IMR-90	1002	0/388	1/386	-0.302154	-0.0634478	0
SRX1397385	TFs and others	GATA1	Blood	CD34+	120	0/388	1/386	-0.302154	-0.0634478	0
SRX144722	TFs and others	BrdU	Uterus	HeLa	723	0/388	1/386	-0.302154	-0.0634478	0
SRX148892	TFs and others	VDR	Liver	LX2	455	0/388	1/386	-0.302154	-0.0634478	0
SRX148898	TFs and others	VDR	Liver	LX2	468	0/388	1/386	-0.302154	-0.0634478	0
SRX148962	TFs and others	CDK9	Blood	P493-6	359	0/388	1/386	-0.302154	-0.0634478	0
SRX1491920	TFs and others	Epitope tags	Blood	Lymphoblastoid cell line	309	0/388	1/386	-0.302154	-0.0634478	0
SRX1491921	TFs and others	Epitope tags	Blood	Lymphoblastoid cell line	761	0/388	1/386	-0.302154	-0.0634478	0
SRX149221	TFs and others	FOXM1	Bone	U2OS	227	0/388	1/386	-0.302154	-0.0634478	0
SRX1497393	TFs and others	BRD4	Blood	RAJI	117	0/388	1/386	-0.302154	-0.0634478	0
SRX150103	TFs and others	BRF2	Lung	IMR-90	726	0/388	1/386	-0.302154	-0.0634478	0
SRX150109	TFs and others	SNAPC5	Lung	IMR-90	716	0/388	1/386	-0.302154	-0.0634478	0
SRX150382	TFs and others	KAT2A	Uterus	HeLa	521	0/388	1/386	-0.302154	-0.0634478	0
SRX150590	TFs and others	SMARCA4	Uterus	HeLa	193	0/388	1/386	-0.302154	-0.0634478	0
SRX150652	TFs and others	SETDB1	Blood	K-562	147	0/388	1/386	-0.302154	-0.0634478	0
SRX150702	TFs and others	PPARGC1A	Liver	Hep G2	207	0/388	1/386	-0.302154	-0.0634478	0
SRX1514949	TFs and others	GFP	Kidney	293	382	0/388	1/386	-0.302154	-0.0634478	0
SRX1514965	TFs and others	GFP	Kidney	293	371	0/388	1/386	-0.302154	-0.0634478	0
SRX1514977	TFs and others	GFP	Kidney	293	607	0/388	1/386	-0.302154	-0.0634478	0
SRX1514993	TFs and others	GFP	Kidney	293	273	0/388	1/386	-0.302154	-0.0634478	0
SRX1515003	TFs and others	GFP	Kidney	293	306	0/388	1/386	-0.302154	-0.0634478	0
SRX1515013	TFs and others	GFP	Kidney	293	951	0/388	1/386	-0.302154	-0.0634478	0
SRX1515047	TFs and others	GFP	Kidney	293	401	0/388	1/386	-0.302154	-0.0634478	0
SRX1515066	TFs and others	GFP	Kidney	293	163	0/388	1/386	-0.302154	-0.0634478	0
SRX1515067	TFs and others	GFP	Kidney	293	292	0/388	1/386	-0.302154	-0.0634478	0
SRX1515070	TFs and others	GFP	Kidney	293	298	0/388	1/386	-0.302154	-0.0634478	0
SRX1515071	TFs and others	GFP	Kidney	293	274	0/388	1/386	-0.302154	-0.0634478	0
SRX1515073	TFs and others	GFP	Kidney	293	344	0/388	1/386	-0.302154	-0.0634478	0
SRX1528429	TFs and others	USP7	Lung	NCI-H1299	808	0/388	1/386	-0.302154	-0.0634478	0
SRX1531776	TFs and others	NIPBL	Liver	Hep G2	498	0/388	1/386	-0.302154	-0.0634478	0
SRX1532010	TFs and others	SON	Blood	K-562	248	0/388	1/386	-0.302154	-0.0634478	0
SRX1555438	TFs and others	MITF	Epidermis	501A	885	0/388	1/386	-0.302154	-0.0634478	0
SRX155719	TFs and others	HSF1	Breast	HMEC	122	0/388	1/386	-0.302154	-0.0634478	0
SRX155725	TFs and others	HSF1	Breast	BPLER	187	0/388	1/386	-0.302154	-0.0634478	0
SRX155730	TFs and others	HSF1	Breast	MCF 10A	172	0/388	1/386	-0.302154	-0.0634478	0
SRX155736	TFs and others	HSF1	Breast	ZR-75-1	207	0/388	1/386	-0.302154	-0.0634478	0
SRX155737	TFs and others	HSF1	Breast	ZR-75-1	295	0/388	1/386	-0.302154	-0.0634478	0
SRX155748	TFs and others	HSF1	Breast	MCF-7	153	0/388	1/386	-0.302154	-0.0634478	0
SRX155760	TFs and others	HSF1	Breast	BT-20	234	0/388	1/386	-0.302154	-0.0634478	0
SRX155761	TFs and others	HSF1	Breast	BT-20	348	0/388	1/386	-0.302154	-0.0634478	0
SRX155766	TFs and others	HSF1	Breast	Breast cancer cells	277	0/388	1/386	-0.302154	-0.0634478	0
SRX155769	TFs and others	HSF1	Breast	Breast cancer cells	221	0/388	1/386	-0.302154	-0.0634478	0
SRX155772	TFs and others	HSF1	Digestive tract	Colon cancer	283	0/388	1/386	-0.302154	-0.0634478	0
SRX155773	TFs and others	HSF1	Digestive tract	Colon cancer	285	0/388	1/386	-0.302154	-0.0634478	0
SRX157608	TFs and others	HIF1A	Cardiovascular	HUVEC	673	0/388	1/386	-0.302154	-0.0634478	0
SRX1596304	TFs and others	Epitope tags	Muscle	LHCN-M2	631	0/388	1/386	-0.302154	-0.0634478	0
SRX160741	TFs and others	SUZ12	Prostate	LNCAP	423	0/388	1/386	-0.302154	-0.0634478	0
SRX1614802	TFs and others	ZNF366	Blood	Dendritic Cells	100	0/388	1/386	-0.302154	-0.0634478	0
SRX1652871	TFs and others	POU2F2	Blood	HBL-1	614	0/388	1/386	-0.302154	-0.0634478	0
SRX1652873	TFs and others	POU2AF1	Blood	HBL-1	497	0/388	1/386	-0.302154	-0.0634478	0
SRX1672138	TFs and others	RELA	Lung	BEAS-2B	204	0/388	1/386	-0.302154	-0.0634478	0
SRX1672139	TFs and others	RELA	Lung	BEAS-2B	235	0/388	1/386	-0.302154	-0.0634478	0
SRX1674502	TFs and others	ZMYND8	Uterus	HeLa	279	0/388	1/386	-0.302154	-0.0634478	0
SRX1709989	TFs and others	PGR	Breast	T-47D	545	0/388	1/386	-0.302154	-0.0634478	0
SRX1711633	TFs and others	Epitope tags	Uterus	HeLa	2030	0/388	1/386	-0.302154	-0.0634478	0
SRX1722157	TFs and others	MYC	Bone	U2OS	228	0/388	1/386	-0.302154	-0.0634478	0
SRX173191	TFs and others	AR	Prostate	LNCAP	575	0/388	1/386	-0.302154	-0.0634478	0
SRX173192	TFs and others	AR	Prostate	LNCAP	480	0/388	1/386	-0.302154	-0.0634478	0
SRX1744213	TFs and others	PGBD5	Kidney	Rhabdoid Tumor	236	0/388	1/386	-0.302154	-0.0634478	0
SRX1745742	TFs and others	ESR1	Uterus	Endometrial Stromal Tumors	484	0/388	1/386	-0.302154	-0.0634478	0
SRX176051	TFs and others	AR	Prostate	C4-2	305	0/388	1/386	-0.302154	-0.0634478	0
SRX176872	TFs and others	GATA3	Breast	MCF-7	309	0/388	1/386	-0.302154	-0.0634478	0
SRX176873	TFs and others	GATA3	Breast	MCF-7	433	0/388	1/386	-0.302154	-0.0634478	0
SRX1772412	TFs and others	Epitope tags	Breast	MCF-7	451	0/388	1/386	-0.302154	-0.0634478	0
SRX1772417	TFs and others	NEDD4	Breast	MCF-7	695	0/388	1/386	-0.302154	-0.0634478	0
SRX1815016	TFs and others	HEY2	Pluripotent stem cell	iPS derived cardiac cells	577	0/388	1/386	-0.302154	-0.0634478	0
SRX1823798	TFs and others	BRD4	Bone	Osteoblasts	217	0/388	1/386	-0.302154	-0.0634478	0
SRX1823799	TFs and others	BRD4	Bone	Osteoblasts	243	0/388	1/386	-0.302154	-0.0634478	0
SRX185775	TFs and others	POU5F1	Epidermis	BJ	521	0/388	1/386	-0.302154	-0.0634478	0
SRX185776	TFs and others	MYC	Epidermis	BJ	701	0/388	1/386	-0.302154	-0.0634478	0
SRX185909	TFs and others	FOXM1	Breast	MCF-7	479	0/388	1/386	-0.302154	-0.0634478	0
SRX186666	TFs and others	EZH2	Blood	CD20+	655	0/388	1/386	-0.302154	-0.0634478	0
SRX186700	TFs and others	HDAC6	Blood	K-562	569	0/388	1/386	-0.302154	-0.0634478	0
SRX186741	TFs and others	SUZ12	Blood	K-562	169	0/388	1/386	-0.302154	-0.0634478	0
SRX186767	TFs and others	HDAC6	Pluripotent stem cell	hESC H1	429	0/388	1/386	-0.302154	-0.0634478	0
SRX186772	TFs and others	EZH2	Blood	K-562	443	0/388	1/386	-0.302154	-0.0634478	0
SRX1878902	TFs and others	MED1	Muscle	Rh-4	318	0/388	1/386	-0.302154	-0.0634478	0
SRX189239	TFs and others	MYC	Lung	NCI-H128	308	0/388	1/386	-0.302154	-0.0634478	0
SRX189249	TFs and others	TP53	Pluripotent stem cell	hESC H9	103	0/388	1/386	-0.302154	-0.0634478	0
SRX194192	TFs and others	TET3	Kidney	293	120	0/388	1/386	-0.302154	-0.0634478	0
SRX1993437	TFs and others	ZSCAN5A	Placenta	BeWo	211	0/388	1/386	-0.302154	-0.0634478	0
SRX1993438	TFs and others	ZSCAN5B	Placenta	BeWo	369	0/388	1/386	-0.302154	-0.0634478	0
SRX1995008	TFs and others	ARNTL	Bone	U2OS	575	0/388	1/386	-0.302154	-0.0634478	0
SRX1995012	TFs and others	HIF1A	Bone	U2OS	498	0/388	1/386	-0.302154	-0.0634478	0
SRX2023720	TFs and others	MED1	Pluripotent stem cell	iPS derived cardiac cells	21	0/388	1/386	-0.302154	-0.0634478	0
SRX2060918	TFs and others	TP53	Digestive tract	HCT 116	794	0/388	1/386	-0.302154	-0.0634478	0
SRX2060921	TFs and others	TP53	Breast	MCF-7	708	0/388	1/386	-0.302154	-0.0634478	0
SRX210703	TFs and others	Epitope tags	Uterus	HeLa	4900	0/388	1/386	-0.302154	-0.0634478	0
SRX212442	TFs and others	RUNX1	Blood	Treg	511	0/388	1/386	-0.302154	-0.0634478	0
SRX212446	TFs and others	FOXP3	Blood	Treg	246	0/388	1/386	-0.302154	-0.0634478	0
SRX2144111	TFs and others	MYC	Neural	BT168	570	0/388	1/386	-0.302154	-0.0634478	0
SRX2145566	TFs and others	ESR1	Breast	MCF-7	1864	0/388	1/386	-0.302154	-0.0634478	0
SRX2164790	TFs and others	SPDEF	Lung	A549	296	0/388	1/386	-0.302154	-0.0634478	0
SRX2164792	TFs and others	SPDEF	Lung	A549	158	0/388	1/386	-0.302154	-0.0634478	0
SRX2178947	TFs and others	ZMYND8	Kidney	293	345	0/388	1/386	-0.302154	-0.0634478	0
SRX2178948	TFs and others	ZMYND8	Kidney	293	416	0/388	1/386	-0.302154	-0.0634478	0
SRX2194238	TFs and others	MED1	Breast	SUM 159PT	974	0/388	1/386	-0.302154	-0.0634478	0
SRX2207927	TFs and others	PSMD1	Epidermis	CS1AN	1481	0/388	1/386	-0.302154	-0.0634478	0
SRX220959	TFs and others	CBFA2T3	Blood	CAL-1	428	0/388	1/386	-0.302154	-0.0634478	0
SRX2242958	TFs and others	NOTCH1	Neural	GSC8	39	0/388	1/386	-0.302154	-0.0634478	0
SRX2245441	TFs and others	ZEB1	Pancreas	MIA Paca-2	507	0/388	1/386	-0.302154	-0.0634478	0
SRX2267445	TFs and others	BRD4	Lung	A549	292	0/388	1/386	-0.302154	-0.0634478	0
SRX233545	TFs and others	NR5A1	Others	NCI-H295R	1065	0/388	1/386	-0.302154	-0.0634478	0
SRX233546	TFs and others	NR5A1	Others	NCI-H295R	1111	0/388	1/386	-0.302154	-0.0634478	0
SRX2378690	TFs and others	AHR	Breast	MCF-7	1885	0/388	1/386	-0.302154	-0.0634478	0
SRX2404126	TFs and others	RELA	Others	Detroit 562	231	0/388	1/386	-0.302154	-0.0634478	0
SRX2420128	TFs and others	AR	Prostate	VCaP	1924	0/388	1/386	-0.302154	-0.0634478	0
SRX2453453	TFs and others	TOP2B	Breast	MCF 10A	351	0/388	1/386	-0.302154	-0.0634478	0
SRX2460067	TFs and others	PGR	Breast	Breast cancer cells	216	0/388	1/386	-0.302154	-0.0634478	0
SRX2514253	TFs and others	ESR1	Uterus	Carcinoma, Endometrioid	696	0/388	1/386	-0.302154	-0.0634478	0
SRX2514371	TFs and others	GFP	Uterus	HeLa	813	0/388	1/386	-0.302154	-0.0634478	0
SRX253231	TFs and others	SSRP1	Others	Fibrosarcoma	2210	0/388	1/386	-0.302154	-0.0634478	0
SRX2533042	TFs and others	SIRT1	Blood	K-562	265	0/388	1/386	-0.302154	-0.0634478	0
SRX2541237	TFs and others	COBLL1	Prostate	Prostate cancer cells	1120	0/388	1/386	-0.302154	-0.0634478	0
SRX2556709	TFs and others	EZH2	Unclassified	Unclassified	387	0/388	1/386	-0.302154	-0.0634478	0
SRX256993	TFs and others	NR3C1	Blood	Lymphoblastoid cell line	95	0/388	1/386	-0.302154	-0.0634478	0
SRX256996	TFs and others	NR3C1	Blood	Lymphoblastoid cell line	442	0/388	1/386	-0.302154	-0.0634478	0
SRX2588916	TFs and others	KMT2D	Breast	T-47D	1104	0/388	1/386	-0.302154	-0.0634478	0
SRX2588918	TFs and others	KMT2D	Breast	T-47D	999	0/388	1/386	-0.302154	-0.0634478	0
SRX2589931	TFs and others	MORC2	Blood	K-562	197	0/388	1/386	-0.302154	-0.0634478	0
SRX2589941	TFs and others	MPHOSPH8	Blood	K-562	398	0/388	1/386	-0.302154	-0.0634478	0
SRX2606572	TFs and others	BRD4	Epidermis	CHL-1	1692	0/388	1/386	-0.302154	-0.0634478	0
SRX2614801	TFs and others	DNMT3B	Blood	B Lymphoblastoid cell line	538	0/388	1/386	-0.302154	-0.0634478	0
SRX2614802	TFs and others	DNMT3B	Blood	B Lymphoblastoid cell line	490	0/388	1/386	-0.302154	-0.0634478	0
SRX262133	TFs and others	HSF1	Breast	MCF-7	207	0/388	1/386	-0.302154	-0.0634478	0
SRX262134	TFs and others	HSF1	Breast	MCF-7	111	0/388	1/386	-0.302154	-0.0634478	0
SRX262138	TFs and others	HSF1	Breast	MCF-7	183	0/388	1/386	-0.302154	-0.0634478	0
SRX262139	TFs and others	HSF1	Breast	MCF-7	188	0/388	1/386	-0.302154	-0.0634478	0
SRX262146	TFs and others	HSF1	Blood	M0-91	165	0/388	1/386	-0.302154	-0.0634478	0
SRX262149	TFs and others	HSF1	Blood	M0-91	137	0/388	1/386	-0.302154	-0.0634478	0
SRX262151	TFs and others	HSF1	Blood	M0-91	112	0/388	1/386	-0.302154	-0.0634478	0
SRX262152	TFs and others	HSF1	Blood	M0-91	156	0/388	1/386	-0.302154	-0.0634478	0
SRX2633443	TFs and others	AR	Prostate	R1-AD1	828	0/388	1/386	-0.302154	-0.0634478	0
SRX2633444	TFs and others	AR	Prostate	R1-AD1	822	0/388	1/386	-0.302154	-0.0634478	0
SRX2642353	TFs and others	HOXB13	Prostate	22Rv1	560	0/388	1/386	-0.302154	-0.0634478	0
SRX2652428	TFs and others	EP300	Lung	24335	336	0/388	1/386	-0.302154	-0.0634478	0
SRX2652429	TFs and others	ZNF532	Lung	24335	326	0/388	1/386	-0.302154	-0.0634478	0
SRX268888	TFs and others	HMBOX1	Uterus	HeLa	514	0/388	1/386	-0.302154	-0.0634478	0
SRX271855	TFs and others	EZH2	Blood	Farage	1436	0/388	1/386	-0.302154	-0.0634478	0
SRX2731657	TFs and others	HOXC5	Prostate	PC-3	586	0/388	1/386	-0.302154	-0.0634478	0
SRX2733332	TFs and others	NOTCH1	Blood	Mino	360	0/388	1/386	-0.302154	-0.0634478	0
SRX2741422	TFs and others	CHD4	Others	SCC-9	214	0/388	1/386	-0.302154	-0.0634478	0
SRX2748853	TFs and others	RARA	Others	Adenoid cystic carcinoma	520	0/388	1/386	-0.302154	-0.0634478	0
SRX2749150	TFs and others	ARNT	Kidney	OS-RC-2	312	0/388	1/386	-0.302154	-0.0634478	0
SRX277137	TFs and others	SOX2	Lung	HCC95	455	0/388	1/386	-0.302154	-0.0634478	0
SRX277585	TFs and others	FANCD2	Kidney	293	205	0/388	1/386	-0.302154	-0.0634478	0
SRX278609	TFs and others	NR5A2	Breast	MCF-7	579	0/388	1/386	-0.302154	-0.0634478	0
SRX2795365	TFs and others	BRD4	Blood	Mutu	629	0/388	1/386	-0.302154	-0.0634478	0
SRX2795366	TFs and others	BRD4	Blood	Akata	592	0/388	1/386	-0.302154	-0.0634478	0
SRX2795368	TFs and others	BRD4	Blood	Akata	590	0/388	1/386	-0.302154	-0.0634478	0
SRX2795370	TFs and others	BRD4	Blood	Akata	287	0/388	1/386	-0.302154	-0.0634478	0
SRX2845372	TFs and others	SMCHD1	Neural	SH-SY5Y	1473	0/388	1/386	-0.302154	-0.0634478	0
SRX2880132	TFs and others	KMT2C	Breast	CAL-51	438	0/388	1/386	-0.302154	-0.0634478	0
SRX2897202	TFs and others	ESR1	Breast	Breast cancer cells	526	0/388	1/386	-0.302154	-0.0634478	0
SRX2897232	TFs and others	ESR1	Breast	Breast cancer cells	1953	0/388	1/386	-0.302154	-0.0634478	0
SRX2900097	TFs and others	BAP1	Breast	CAL-51	394	0/388	1/386	-0.302154	-0.0634478	0
SRX2912045	TFs and others	ESR1	Breast	MCF-7	193	0/388	1/386	-0.302154	-0.0634478	0
SRX2924012	TFs and others	TP53	Breast	MCF-7	396	0/388	1/386	-0.302154	-0.0634478	0
SRX2940746	TFs and others	TP53	Breast	MCF-7	168	0/388	1/386	-0.302154	-0.0634478	0
SRX2940748	TFs and others	TP53	Kidney	UO-31	652	0/388	1/386	-0.302154	-0.0634478	0
SRX2940749	TFs and others	TP53	Kidney	A498	266	0/388	1/386	-0.302154	-0.0634478	0
SRX2940755	TFs and others	TP53	Digestive tract	HCT 116	458	0/388	1/386	-0.302154	-0.0634478	0
SRX2940757	TFs and others	TP53	Epidermis	UACC-257	400	0/388	1/386	-0.302154	-0.0634478	0
SRX2940759	TFs and others	TP53	Epidermis	UACC-257	255	0/388	1/386	-0.302154	-0.0634478	0
SRX295040	TFs and others	MECP2	Digestive tract	HCT 116	304	0/388	1/386	-0.302154	-0.0634478	0
SRX2966968	TFs and others	POU5F1	Gonad	Testis	470	0/388	1/386	-0.302154	-0.0634478	0
SRX2966969	TFs and others	POU5F1	Gonad	Testis	119	0/388	1/386	-0.302154	-0.0634478	0
SRX2966970	TFs and others	POU5F1	Pluripotent stem cell	hESC H1	474	0/388	1/386	-0.302154	-0.0634478	0
SRX2966972	TFs and others	PAX5	Gonad	Testis	681	0/388	1/386	-0.302154	-0.0634478	0
SRX2966973	TFs and others	PRDM1	Gonad	Testis	216	0/388	1/386	-0.302154	-0.0634478	0
SRX3030205	TFs and others	RUNX1	Blood	ME-1	701	0/388	1/386	-0.302154	-0.0634478	0
SRX3070470	TFs and others	NR3C1	Breast	MCF 10A	225	0/388	1/386	-0.302154	-0.0634478	0
SRX3124565	TFs and others	STAT1	Prostate	NCI-H358	572	0/388	1/386	-0.302154	-0.0634478	0
SRX3127729	TFs and others	ZEB2	Liver	SNU-398	934	0/388	1/386	-0.302154	-0.0634478	0
SRX315188	TFs and others	Biotin	Neural	SH-SY5Y	574	0/388	1/386	-0.302154	-0.0634478	0
SRX317597	TFs and others	JARID2	Pluripotent stem cell	iPS cells	189	0/388	1/386	-0.302154	-0.0634478	0
SRX3195440	TFs and others	MLLT3	Blood	CD34+ cells	1566	0/388	1/386	-0.302154	-0.0634478	0
SRX3203623	TFs and others	MPHOSPH8	Pluripotent stem cell	ES cells	1109	0/388	1/386	-0.302154	-0.0634478	0
SRX3216829	TFs and others	NOTCH3	Blood	T-ALL	174	0/388	1/386	-0.302154	-0.0634478	0
SRX3229122	TFs and others	ESR1	Breast	Breast cancer	385	0/388	1/386	-0.302154	-0.0634478	0
SRX3229137	TFs and others	ESR1	Breast	Breast cancer	646	0/388	1/386	-0.302154	-0.0634478	0
SRX3229174	TFs and others	AR	Breast	Breast cancer	1621	0/388	1/386	-0.302154	-0.0634478	0
SRX323403	TFs and others	SPDEF	Breast	MCF-7	207	0/388	1/386	-0.302154	-0.0634478	0
SRX3263401	TFs and others	CEBPB	Blood	OCI-AML3	1078	0/388	1/386	-0.302154	-0.0634478	0
SRX3288578	TFs and others	HSF1	Pluripotent stem cell	hESC H9	157	0/388	1/386	-0.302154	-0.0634478	0
SRX329081	TFs and others	BCL10	Lung	IMR-90	878	0/388	1/386	-0.302154	-0.0634478	0
SRX329083	TFs and others	BCL10	Lung	IMR-90	939	0/388	1/386	-0.302154	-0.0634478	0
SRX329086	TFs and others	BCL10	Lung	IMR-90	1145	0/388	1/386	-0.302154	-0.0634478	0
SRX3292072	TFs and others	GATA2	Pluripotent stem cell	hESC derived trophoblast cells	1105	0/388	1/386	-0.302154	-0.0634478	0
SRX334240	TFs and others	AR	Unclassified	Unclassified	622	0/388	1/386	-0.302154	-0.0634478	0
SRX334241	TFs and others	AR	Unclassified	Unclassified	603	0/388	1/386	-0.302154	-0.0634478	0
SRX334245	TFs and others	AR	Unclassified	Unclassified	1629	0/388	1/386	-0.302154	-0.0634478	0
SRX334264	TFs and others	AR	Unclassified	Unclassified	1022	0/388	1/386	-0.302154	-0.0634478	0
SRX3346354	TFs and others	EPAS1	Kidney	786-O	544	0/388	1/386	-0.302154	-0.0634478	0
SRX3367138	TFs and others	BRD4	Epidermis	Foreskin	2700	0/388	1/386	-0.302154	-0.0634478	0
SRX3387558	TFs and others	STAT3	Blood	OCI-LY-10	658	0/388	1/386	-0.302154	-0.0634478	0
SRX339949	TFs and others	EZH2	Kidney	293	125	0/388	1/386	-0.302154	-0.0634478	0
SRX3410404	TFs and others	ESR1	Breast	T-47D	1202	0/388	1/386	-0.302154	-0.0634478	0
SRX3417627	TFs and others	VDR	Digestive tract	Colonic organoids	681	0/388	1/386	-0.302154	-0.0634478	0
SRX3437427	TFs and others	CTCF	Uterus	HeLa	565	0/388	1/386	-0.302154	-0.0634478	0
SRX3437429	TFs and others	CTCF	Uterus	HeLa	353	0/388	1/386	-0.302154	-0.0634478	0
SRX3445805	TFs and others	RUVBL1	Liver	Hep G2	246	0/388	1/386	-0.302154	-0.0634478	0
SRX352046	TFs and others	ERCC6	Others	Fibroblasts	623	0/388	1/386	-0.302154	-0.0634478	0
SRX3541104	TFs and others	ESR1	Breast	MCF-7	857	0/388	1/386	-0.302154	-0.0634478	0
SRX3541106	TFs and others	ESR1	Breast	MCF-7	811	0/388	1/386	-0.302154	-0.0634478	0
SRX3554407	TFs and others	CREB1	Breast	MDA-MB-134-VI	17	0/388	1/386	-0.302154	-0.0634478	0
SRX355611	TFs and others	ESR1	Breast	MDA-MB-134-VI	827	0/388	1/386	-0.302154	-0.0634478	0
SRX3566187	TFs and others	TEAD1	Digestive tract	HCT 116	100	0/388	1/386	-0.302154	-0.0634478	0
SRX3566189	TFs and others	TEAD1	Digestive tract	HCT 116	78	0/388	1/386	-0.302154	-0.0634478	0
SRX3566191	TFs and others	TEAD1	Digestive tract	HCT 116	71	0/388	1/386	-0.302154	-0.0634478	0
SRX3581354	TFs and others	RPA2	Uterus	HeLa	678	0/388	1/386	-0.302154	-0.0634478	0
SRX3583258	TFs and others	ZMYND8	Breast	MDA-MB-231	735	0/388	1/386	-0.302154	-0.0634478	0
SRX3596429	TFs and others	Epitope tags	Lung	NCI-H1299	617	0/388	1/386	-0.302154	-0.0634478	0
SRX3596432	TFs and others	Epitope tags	Lung	NCI-H1299	637	0/388	1/386	-0.302154	-0.0634478	0
SRX3596435	TFs and others	Epitope tags	Lung	NCI-H1299	507	0/388	1/386	-0.302154	-0.0634478	0
SRX3599321	TFs and others	EZH2	Cardiovascular	HUVEC	441	0/388	1/386	-0.302154	-0.0634478	0
SRX359945	TFs and others	NFYB	Digestive tract	LoVo	18	0/388	1/386	-0.302154	-0.0634478	0
SRX360001	TFs and others	GRHL2	Digestive tract	LoVo	302	0/388	1/386	-0.302154	-0.0634478	0
SRX360018	TFs and others	STAG1	Digestive tract	LoVo	897	0/388	1/386	-0.302154	-0.0634478	0
SRX360050	TFs and others	ZBTB24	Digestive tract	LoVo	353	0/388	1/386	-0.302154	-0.0634478	0
SRX360056	TFs and others	ZNF217	Digestive tract	LoVo	218	0/388	1/386	-0.302154	-0.0634478	0
SRX360595	TFs and others	SMC3	Digestive tract	GP5d	677	0/388	1/386	-0.302154	-0.0634478	0
SRX3630681	TFs and others	FOXO3	Pluripotent stem cell	iPS derived neural cells	671	0/388	1/386	-0.302154	-0.0634478	0
SRX3630683	TFs and others	FOXO3	Pluripotent stem cell	iPS derived neural cells	631	0/388	1/386	-0.302154	-0.0634478	0
SRX3630687	TFs and others	FOXO3	Pluripotent stem cell	iPS derived neural cells	180	0/388	1/386	-0.302154	-0.0634478	0
SRX3642949	TFs and others	PRMT1	Epidermis	Keratinocytes	750	0/388	1/386	-0.302154	-0.0634478	0
SRX3657346	TFs and others	Epitope tags	Kidney	293	763	0/388	1/386	-0.302154	-0.0634478	0
SRX3657350	TFs and others	Epitope tags	Kidney	293	786	0/388	1/386	-0.302154	-0.0634478	0
SRX3666506	TFs and others	TP53	Blood	T cells	518	0/388	1/386	-0.302154	-0.0634478	0
SRX3666508	TFs and others	TP53	Blood	T cells	833	0/388	1/386	-0.302154	-0.0634478	0
SRX367330	TFs and others	CDK9	Kidney	293	111	0/388	1/386	-0.302154	-0.0634478	0
SRX367636	TFs and others	KLF5	Digestive tract	YCC-3	484	0/388	1/386	-0.302154	-0.0634478	0
SRX367637	TFs and others	GATA4	Digestive tract	YCC-3	1844	0/388	1/386	-0.302154	-0.0634478	0
SRX367645	TFs and others	GATA4	Digestive tract	KATO III	743	0/388	1/386	-0.302154	-0.0634478	0
SRX3679900	TFs and others	KMT2D	Epidermis	Keratinocytes	898	0/388	1/386	-0.302154	-0.0634478	0
SRX3679902	TFs and others	KMT2D	Epidermis	Keratinocytes	696	0/388	1/386	-0.302154	-0.0634478	0
SRX3679904	TFs and others	KMT2D	Epidermis	Keratinocytes	694	0/388	1/386	-0.302154	-0.0634478	0
SRX3679906	TFs and others	TP63	Epidermis	Keratinocytes	802	0/388	1/386	-0.302154	-0.0634478	0
SRX371442	TFs and others	ESR1	Others	Tumour tissues	351	0/388	1/386	-0.302154	-0.0634478	0
SRX3737117	TFs and others	CSTF3	Kidney	293	217	0/388	1/386	-0.302154	-0.0634478	0
SRX377962	TFs and others	CHD4	Neural	Glioblastoma	523	0/388	1/386	-0.302154	-0.0634478	0
SRX3781812	TFs and others	Epitope tags	Digestive tract	HCT 116	370	0/388	1/386	-0.302154	-0.0634478	0
SRX3798679	TFs and others	BRCA1	Neural	SH-EP	60	0/388	1/386	-0.302154	-0.0634478	0
SRX3815844	TFs and others	MCM2	Uterus	HeLa	768	0/388	1/386	-0.302154	-0.0634478	0
SRX3873710	TFs and others	AFF4	Lung	NCI-H2171	428	0/388	1/386	-0.302154	-0.0634478	0
SRX387508	TFs and others	SUPT5H	Uterus	HeLa	434	0/388	1/386	-0.302154	-0.0634478	0
SRX3923185	TFs and others	DDX5	Breast	BT-549	744	0/388	1/386	-0.302154	-0.0634478	0
SRX3927312	TFs and others	BRD9	Blood	Jurkat	1440	0/388	1/386	-0.302154	-0.0634478	0
SRX392809	TFs and others	EP300	Blood	GM12878	796	0/388	1/386	-0.302154	-0.0634478	0
SRX3934086	TFs and others	INTS13	Blood	HL-60	1026	0/388	1/386	-0.302154	-0.0634478	0
SRX3934092	TFs and others	NAB2	Blood	Monocytes	995	0/388	1/386	-0.302154	-0.0634478	0
SRX3942989	TFs and others	ZNF341	Blood	PBMC	890	0/388	1/386	-0.302154	-0.0634478	0
SRX396251	TFs and others	TP53	Others	Fibroblasts	806	0/388	1/386	-0.302154	-0.0634478	0
SRX396253	TFs and others	TP53	Others	Fibroblasts	636	0/388	1/386	-0.302154	-0.0634478	0
SRX396258	TFs and others	TP53	Others	Fibroblasts	561	0/388	1/386	-0.302154	-0.0634478	0
SRX396268	TFs and others	TP53	Others	Fibroblasts	591	0/388	1/386	-0.302154	-0.0634478	0
SRX3962719	TFs and others	TP53	Digestive tract	HCT 116	257	0/388	1/386	-0.302154	-0.0634478	0
SRX3962721	TFs and others	TP53	Digestive tract	HCT 116	649	0/388	1/386	-0.302154	-0.0634478	0
SRX3962722	TFs and others	TP53	Digestive tract	HCT 116	465	0/388	1/386	-0.302154	-0.0634478	0
SRX396276	TFs and others	EZH2	Kidney	293	85	0/388	1/386	-0.302154	-0.0634478	0
SRX396284	TFs and others	C17orf96	Kidney	293	72	0/388	1/386	-0.302154	-0.0634478	0
SRX396568	TFs and others	CBX6	Breast	Breast cells	441	0/388	1/386	-0.302154	-0.0634478	0
SRX396569	TFs and others	CBX7	Breast	Breast cells	463	0/388	1/386	-0.302154	-0.0634478	0
SRX396590	TFs and others	CBX8	Epidermis	Hs 68	323	0/388	1/386	-0.302154	-0.0634478	0
SRX396839	TFs and others	Epitope tags	Digestive tract	DLD-1	619	0/388	1/386	-0.302154	-0.0634478	0
SRX4001969	TFs and others	FOS	Blood	THP-1	398	0/388	1/386	-0.302154	-0.0634478	0
SRX4003762	TFs and others	ESRRG	Pluripotent stem cell	hESC derived cardiac cells	368	0/388	1/386	-0.302154	-0.0634478	0
SRX4009680	TFs and others	BACH1	Pluripotent stem cell	ES cells	160	0/388	1/386	-0.302154	-0.0634478	0
SRX404500	TFs and others	DPPA3	Kidney	293	91	0/388	1/386	-0.302154	-0.0634478	0
SRX404501	TFs and others	TET3	Kidney	293	65	0/388	1/386	-0.302154	-0.0634478	0
SRX4065343	TFs and others	SOX9	Pluripotent stem cell	hESC derived retinal cells	304	0/388	1/386	-0.302154	-0.0634478	0
SRX4065344	TFs and others	SOX9	Pluripotent stem cell	hESC derived retinal cells	302	0/388	1/386	-0.302154	-0.0634478	0
SRX4065346	TFs and others	SOX9	Pluripotent stem cell	hESC derived retinal cells	234	0/388	1/386	-0.302154	-0.0634478	0
SRX4065347	TFs and others	SOX9	Pluripotent stem cell	hESC derived retinal cells	316	0/388	1/386	-0.302154	-0.0634478	0
SRX4065348	TFs and others	SOX9	Pluripotent stem cell	hESC derived retinal cells	311	0/388	1/386	-0.302154	-0.0634478	0
SRX4080273	TFs and others	SMARCA4	Prostate	RWPE-1	27	0/388	1/386	-0.302154	-0.0634478	0
SRX4096857	TFs and others	GATAD2A	Breast	HCC3153	568	0/388	1/386	-0.302154	-0.0634478	0
SRX4096860	TFs and others	GATAD2A	Breast	HCC3153	242	0/388	1/386	-0.302154	-0.0634478	0
SRX4096862	TFs and others	GATAD2A	Breast	HCC3153	361	0/388	1/386	-0.302154	-0.0634478	0
SRX4108917	TFs and others	HIF1A	Prostate	LNCAP	312	0/388	1/386	-0.302154	-0.0634478	0
SRX4116022	TFs and others	FOXA1	Prostate	Prostate cancer cells	873	0/388	1/386	-0.302154	-0.0634478	0
SRX4155648	TFs and others	CTCFL	Neural	KELLY	1076	0/388	1/386	-0.302154	-0.0634478	0
SRX4155657	TFs and others	CTCFL	Neural	KELLY	1072	0/388	1/386	-0.302154	-0.0634478	0
SRX4155659	TFs and others	SMC1A	Neural	KELLY	401	0/388	1/386	-0.302154	-0.0634478	0
SRX4155863	TFs and others	MYCN	Neural	KELLY	659	0/388	1/386	-0.302154	-0.0634478	0
SRX4170730	TFs and others	WDR5	Blood	MV-4-11	592	0/388	1/386	-0.302154	-0.0634478	0
SRX4301477	TFs and others	RELA	Uterus	HeLa	194	0/388	1/386	-0.302154	-0.0634478	0
SRX433200	TFs and others	AR	Prostate	PC-3	1284	0/388	1/386	-0.302154	-0.0634478	0
SRX4385553	TFs and others	SUPT5H	Digestive tract	HCT 116	203	0/388	1/386	-0.302154	-0.0634478	0
SRX4400346	TFs and others	ATF4	Digestive tract	DLD-1	608	0/388	1/386	-0.302154	-0.0634478	0
SRX4400347	TFs and others	ATF4	Digestive tract	DLD-1	901	0/388	1/386	-0.302154	-0.0634478	0
SRX4415492	TFs and others	HAT1	Kidney	hTERT-HME1	561	0/388	1/386	-0.302154	-0.0634478	0
SRX4415493	TFs and others	HAT1	Kidney	hTERT-HME1	520	0/388	1/386	-0.302154	-0.0634478	0
SRX4417534	TFs and others	BRD4	Pluripotent stem cell	hESC derived neural cells	396	0/388	1/386	-0.302154	-0.0634478	0
SRX4420236	TFs and others	TRMT112	Prostate	PC-3M	98	0/388	1/386	-0.302154	-0.0634478	0
SRX4493019	TFs and others	CTNNB1	Blood	K-562	952	0/388	1/386	-0.302154	-0.0634478	0
SRX4559714	TFs and others	ZNF207	Pluripotent stem cell	hESC H9	426	0/388	1/386	-0.302154	-0.0634478	0
SRX4643714	TFs and others	MAPK14	Blood	K-562	231	0/388	1/386	-0.302154	-0.0634478	0
SRX4663588	TFs and others	NCOA3	Breast	MCF-7	1510	0/388	1/386	-0.302154	-0.0634478	0
SRX469398	TFs and others	ESR1	Breast	MCF-7	117	0/388	1/386	-0.302154	-0.0634478	0
SRX470067	TFs and others	Epitope tags	Kidney	293	225	0/388	1/386	-0.302154	-0.0634478	0
SRX4708079	TFs and others	SNRNP70	Blood	K-562	284	0/388	1/386	-0.302154	-0.0634478	0
SRX4714451	TFs and others	GTF3C2	Breast	T-47D	889	0/388	1/386	-0.302154	-0.0634478	0
SRX4714459	TFs and others	GTF3C2	Breast	MCF 10A	189	0/388	1/386	-0.302154	-0.0634478	0
SRX4714480	TFs and others	GTF3C2	Breast	T-47D	819	0/388	1/386	-0.302154	-0.0634478	0
SRX4717810	TFs and others	TCEA2	Breast	HMLE	532	0/388	1/386	-0.302154	-0.0634478	0
SRX472275	TFs and others	TERF1	Blood	Lymphoblastoid cell line	833	0/388	1/386	-0.302154	-0.0634478	0
SRX4723358	TFs and others	GATA3	Neural	Neurons	672	0/388	1/386	-0.302154	-0.0634478	0
SRX4727907	TFs and others	KDM6A	Pluripotent stem cell	hESC derived neural cells	728	0/388	1/386	-0.302154	-0.0634478	0
SRX4745234	TFs and others	Epitope tags	Kidney	293	735	0/388	1/386	-0.302154	-0.0634478	0
SRX4779735	TFs and others	AR	Prostate	LNCAP	392	0/388	1/386	-0.302154	-0.0634478	0
SRX4781475	TFs and others	BRD2	Blood	Acute myeloid leukemia	373	0/388	1/386	-0.302154	-0.0634478	0
SRX4783039	TFs and others	AR	Prostate	Prostate cancer cells	1299	0/388	1/386	-0.302154	-0.0634478	0
SRX4783048	TFs and others	AR	Prostate	Prostate cancer cells	1628	0/388	1/386	-0.302154	-0.0634478	0
SRX4783049	TFs and others	AR	Prostate	Prostate cancer cells	1190	0/388	1/386	-0.302154	-0.0634478	0
SRX4783053	TFs and others	AR	Prostate	Prostate cancer cells	1735	0/388	1/386	-0.302154	-0.0634478	0
SRX4783074	TFs and others	AR	Prostate	Prostate cancer cells	967	0/388	1/386	-0.302154	-0.0634478	0
SRX4783104	TFs and others	AR	Prostate	Prostate cancer cells	822	0/388	1/386	-0.302154	-0.0634478	0
SRX4797395	TFs and others	LMNA	Cardiovascular	Myocytes, Cardiac	1383	0/388	1/386	-0.302154	-0.0634478	0
SRX4797405	TFs and others	LMNA	Cardiovascular	Myocytes, Cardiac	757	0/388	1/386	-0.302154	-0.0634478	0
SRX4797409	TFs and others	LMNA	Cardiovascular	Myocytes, Cardiac	1112	0/388	1/386	-0.302154	-0.0634478	0
SRX4797411	TFs and others	LMNA	Cardiovascular	Myocytes, Cardiac	1053	0/388	1/386	-0.302154	-0.0634478	0
SRX481455	TFs and others	ARRB1	Prostate	C4-2	342	0/388	1/386	-0.302154	-0.0634478	0
SRX4872745	TFs and others	GFP	Blood	K-562	318	0/388	1/386	-0.302154	-0.0634478	0
SRX4892332	TFs and others	Epitope tags	Kidney	293	773	0/388	1/386	-0.302154	-0.0634478	0
SRX4892336	TFs and others	Epitope tags	Kidney	293	768	0/388	1/386	-0.302154	-0.0634478	0
SRX4896695	TFs and others	RUNX1	Breast	MCF 10A	741	0/388	1/386	-0.302154	-0.0634478	0
SRX4896696	TFs and others	RUNX1	Breast	MCF 10A	1123	0/388	1/386	-0.302154	-0.0634478	0
SRX490263	TFs and others	TP53	Epidermis	BJ	497	0/388	1/386	-0.302154	-0.0634478	0
SRX4905627	TFs and others	EBF1	Digestive tract	Hs 746.T	885	0/388	1/386	-0.302154	-0.0634478	0
SRX4905629	TFs and others	EBF1	Digestive tract	YCC-11	930	0/388	1/386	-0.302154	-0.0634478	0
SRX4947687	TFs and others	Epitope tags	Cardiovascular	HUVEC	940	0/388	1/386	-0.302154	-0.0634478	0
SRX4947688	TFs and others	Epitope tags	Cardiovascular	HUVEC	1157	0/388	1/386	-0.302154	-0.0634478	0
SRX4994038	TFs and others	Epitope tags	Kidney	293	536	0/388	1/386	-0.302154	-0.0634478	0
SRX4996448	TFs and others	HNRNPK	Epidermis	Keratinocytes	774	0/388	1/386	-0.302154	-0.0634478	0
SRX5057609	TFs and others	GATA3	Breast	T-47D	295	0/388	1/386	-0.302154	-0.0634478	0
SRX5057611	TFs and others	GATA3	Breast	T-47D	268	0/388	1/386	-0.302154	-0.0634478	0
SRX5057612	TFs and others	GATA3	Breast	T-47D	440	0/388	1/386	-0.302154	-0.0634478	0
SRX5057619	TFs and others	GATA3	Breast	T-47D	344	0/388	1/386	-0.302154	-0.0634478	0
SRX5057629	TFs and others	GATA3	Breast	T-47D	458	0/388	1/386	-0.302154	-0.0634478	0
SRX5076290	TFs and others	ZBTB7A	Prostate	VCaP	444	0/388	1/386	-0.302154	-0.0634478	0
SRX5076292	TFs and others	ZBTB7A	Prostate	VCaP	133	0/388	1/386	-0.302154	-0.0634478	0
SRX5076293	TFs and others	ZBTB7A	Prostate	VCaP	137	0/388	1/386	-0.302154	-0.0634478	0
SRX5089384	TFs and others	ARID1A	Breast	MCF-7	406	0/388	1/386	-0.302154	-0.0634478	0
SRX5089387	TFs and others	ARID1A	Breast	MCF-7	586	0/388	1/386	-0.302154	-0.0634478	0
SRX5089518	TFs and others	SMARCA4	Breast	MCF-7	416	0/388	1/386	-0.302154	-0.0634478	0
SRX5089526	TFs and others	SMARCA4	Breast	MCF-7	291	0/388	1/386	-0.302154	-0.0634478	0
SRX5124832	TFs and others	FOXA1	Prostate	LNCAP	1035	0/388	1/386	-0.302154	-0.0634478	0
SRX5124835	TFs and others	AR	Prostate	22Rv1	1910	0/388	1/386	-0.302154	-0.0634478	0
SRX5124838	TFs and others	AR	Prostate	22Rv1	1255	0/388	1/386	-0.302154	-0.0634478	0
SRX5124844	TFs and others	AR	Prostate	22Rv1	964	0/388	1/386	-0.302154	-0.0634478	0
SRX5124847	TFs and others	TLE3	Prostate	LNCAP	1232	0/388	1/386	-0.302154	-0.0634478	0
SRX5124855	TFs and others	AR	Prostate	22Rv1	1695	0/388	1/386	-0.302154	-0.0634478	0
SRX5124859	TFs and others	AR	Prostate	22Rv1	1268	0/388	1/386	-0.302154	-0.0634478	0
SRX5124863	TFs and others	TLE3	Prostate	22Rv1	613	0/388	1/386	-0.302154	-0.0634478	0
SRX5172068	TFs and others	ESR1	Breast	MCF-7	363	0/388	1/386	-0.302154	-0.0634478	0
SRX5172071	TFs and others	ESR1	Breast	MCF-7	542	0/388	1/386	-0.302154	-0.0634478	0
SRX5179249	TFs and others	SIPA1	Breast	MDA-MB-231	336	0/388	1/386	-0.302154	-0.0634478	0
SRX5182323	TFs and others	FMR1	Blood	GM03200	473	0/388	1/386	-0.302154	-0.0634478	0
SRX518670	TFs and others	IRF4	Blood	OCI-LY-3	537	0/388	1/386	-0.302154	-0.0634478	0
SRX5195708	TFs and others	ARID1A	Uterus	Endometrial epithelial cells	772	0/388	1/386	-0.302154	-0.0634478	0
SRX5195710	TFs and others	ARID1A	Uterus	Endometrial epithelial cells	773	0/388	1/386	-0.302154	-0.0634478	0
SRX5199670	TFs and others	EP300	Prostate	LNCAP	538	0/388	1/386	-0.302154	-0.0634478	0
SRX5199677	TFs and others	EP300	Prostate	LNCAP	503	0/388	1/386	-0.302154	-0.0634478	0
SRX5213648	TFs and others	BRD4	Breast	HCC1806	464	0/388	1/386	-0.302154	-0.0634478	0
SRX5250887	TFs and others	TP53	Digestive tract	HCT 116	441	0/388	1/386	-0.302154	-0.0634478	0
SRX5251425	TFs and others	ESR1	Breast	T-47D	712	0/388	1/386	-0.302154	-0.0634478	0
SRX5255100	TFs and others	Epitope tags	Kidney	293	763	0/388	1/386	-0.302154	-0.0634478	0
SRX5255101	TFs and others	Epitope tags	Kidney	293	735	0/388	1/386	-0.302154	-0.0634478	0
SRX5255102	TFs and others	Epitope tags	Kidney	293	731	0/388	1/386	-0.302154	-0.0634478	0
SRX5255104	TFs and others	Epitope tags	Kidney	293	885	0/388	1/386	-0.302154	-0.0634478	0
SRX5255105	TFs and others	Epitope tags	Kidney	293	729	0/388	1/386	-0.302154	-0.0634478	0
SRX5255107	TFs and others	Epitope tags	Kidney	293	749	0/388	1/386	-0.302154	-0.0634478	0
SRX5255115	TFs and others	Epitope tags	Kidney	HK-2	798	0/388	1/386	-0.302154	-0.0634478	0
SRX5257604	TFs and others	GATA2	Prostate	VCaP	1187	0/388	1/386	-0.302154	-0.0634478	0
SRX5286320	TFs and others	KLF4	Pluripotent stem cell	ES cells	510	0/388	1/386	-0.302154	-0.0634478	0
SRX5286339	TFs and others	SOX2	Pluripotent stem cell	ES cells	1164	0/388	1/386	-0.302154	-0.0634478	0
SRX5287708	TFs and others	YAP1	Breast	MCF-7	730	0/388	1/386	-0.302154	-0.0634478	0
SRX5313202	TFs and others	TP53	Digestive tract	HCT 116	494	0/388	1/386	-0.302154	-0.0634478	0
SRX5313210	TFs and others	EP300	Digestive tract	HCT 116	711	0/388	1/386	-0.302154	-0.0634478	0
SRX5313217	TFs and others	TP53	Digestive tract	HCT 116	589	0/388	1/386	-0.302154	-0.0634478	0
SRX5313232	TFs and others	TP53	Digestive tract	HCT 116	253	0/388	1/386	-0.302154	-0.0634478	0
SRX5313233	TFs and others	TP53	Digestive tract	HCT 116	439	0/388	1/386	-0.302154	-0.0634478	0
SRX5342363	TFs and others	FOXL2	Gonad	SVOG-3e	923	0/388	1/386	-0.302154	-0.0634478	0
SRX5342374	TFs and others	FOXL2	Gonad	SVOG-3e	761	0/388	1/386	-0.302154	-0.0634478	0
SRX535173	TFs and others	HSF1	Digestive tract	HCT 116	466	0/388	1/386	-0.302154	-0.0634478	0
SRX535176	TFs and others	HSF1	Digestive tract	HCT 116	509	0/388	1/386	-0.302154	-0.0634478	0
SRX535178	TFs and others	HSF1	Digestive tract	HCT 116	479	0/388	1/386	-0.302154	-0.0634478	0
SRX535179	TFs and others	HSF1	Digestive tract	HCT 116	500	0/388	1/386	-0.302154	-0.0634478	0
SRX535181	TFs and others	HSF1	Digestive tract	HCT 116	523	0/388	1/386	-0.302154	-0.0634478	0
SRX5360089	TFs and others	EZH2	Epidermis	Dermal fibroblast	509	0/388	1/386	-0.302154	-0.0634478	0
SRX5360090	TFs and others	EZH2	Epidermis	Dermal fibroblast	455	0/388	1/386	-0.302154	-0.0634478	0
SRX5360094	TFs and others	EZH2	Epidermis	Dermal fibroblast	506	0/388	1/386	-0.302154	-0.0634478	0
SRX5360095	TFs and others	EZH2	Epidermis	Dermal fibroblast	387	0/388	1/386	-0.302154	-0.0634478	0
SRX5360662	TFs and others	KLF4	Epidermis	BJ	158	0/388	1/386	-0.302154	-0.0634478	0
SRX5391035	TFs and others	MLXIP	Muscle	Skeletal myotubes	528	0/388	1/386	-0.302154	-0.0634478	0
SRX5401865	TFs and others	PGR	Breast	T-47D	1578	0/388	1/386	-0.302154	-0.0634478	0
SRX5431454	TFs and others	Epitope tags	Digestive tract	Colorectal adenocarcinoma	1111	0/388	1/386	-0.302154	-0.0634478	0
SRX5431455	TFs and others	Epitope tags	Digestive tract	Colorectal adenocarcinoma	1037	0/388	1/386	-0.302154	-0.0634478	0
SRX5444508	TFs and others	DOT1L	Blood	ML-2	98	0/388	1/386	-0.302154	-0.0634478	0
SRX5511302	TFs and others	ESR1	Breast	MDA-MB-231	325	0/388	1/386	-0.302154	-0.0634478	0
SRX5514006	TFs and others	FOS	Uterus	Myometrium	411	0/388	1/386	-0.302154	-0.0634478	0
SRX5514025	TFs and others	JUN	Uterus	Uterin leiomyoma	345	0/388	1/386	-0.302154	-0.0634478	0
SRX5574473	TFs and others	SPI1	Blood	CTV-1	613	0/388	1/386	-0.302154	-0.0634478	0
SRX5665946	TFs and others	NFKB1	Kidney	293	455	0/388	1/386	-0.302154	-0.0634478	0
SRX5668132	TFs and others	MEN1	Blood	IMS-M2	257	0/388	1/386	-0.302154	-0.0634478	0
SRX5668133	TFs and others	MEN1	Blood	IMS-M2	267	0/388	1/386	-0.302154	-0.0634478	0
SRX5668138	TFs and others	MEN1	Blood	OCI-AML3	231	0/388	1/386	-0.302154	-0.0634478	0
SRX5673030	TFs and others	TP53	Gonad	A2780	520	0/388	1/386	-0.302154	-0.0634478	0
SRX5718139	TFs and others	YAP1	Kidney	293	1075	0/388	1/386	-0.302154	-0.0634478	0
SRX5719616	TFs and others	CTCF	Blood	Jurkat	752	0/388	1/386	-0.302154	-0.0634478	0
SRX5729922	TFs and others	RUNX1	Blood	Acute myeloid leukemia	370	0/388	1/386	-0.302154	-0.0634478	0
SRX5729923	TFs and others	RUNX1	Blood	Acute myeloid leukemia	552	0/388	1/386	-0.302154	-0.0634478	0
SRX573001	TFs and others	EBV-ZEBRA	Blood	Akata	265	0/388	1/386	-0.302154	-0.0634478	0
SRX5803009	TFs and others	POLR2C	Kidney	293	902	0/388	1/386	-0.302154	-0.0634478	0
SRX5824576	TFs and others	BRD4	Breast	SUM 149PT	1464	0/388	1/386	-0.302154	-0.0634478	0
SRX5839978	TFs and others	CREBBP	Blood	Macrophages	945	0/388	1/386	-0.302154	-0.0634478	0
SRX5865960	TFs and others	TP53	Blood	K-562	248	0/388	1/386	-0.302154	-0.0634478	0
SRX5865966	TFs and others	TP53	Blood	K-562	349	0/388	1/386	-0.302154	-0.0634478	0
SRX5865968	TFs and others	TP53	Blood	K-562	363	0/388	1/386	-0.302154	-0.0634478	0
SRX5865969	TFs and others	TP53	Blood	K-562	209	0/388	1/386	-0.302154	-0.0634478	0
SRX5865976	TFs and others	TP53	Blood	MOLM-13	253	0/388	1/386	-0.302154	-0.0634478	0
SRX5865990	TFs and others	TP53	Blood	MOLM-13	331	0/388	1/386	-0.302154	-0.0634478	0
SRX5930147	TFs and others	SOX8	Muscle	RH-4	1161	0/388	1/386	-0.302154	-0.0634478	0
SRX5931540	TFs and others	BAHD1	Blood	HUDEP-2	603	0/388	1/386	-0.302154	-0.0634478	0
SRX5931541	TFs and others	BAHD1	Blood	HUDEP-2	588	0/388	1/386	-0.302154	-0.0634478	0
SRX5931542	TFs and others	BAHD1	Blood	HUDEP-2	495	0/388	1/386	-0.302154	-0.0634478	0
SRX595687	TFs and others	AR	Prostate	VCaP	512	0/388	1/386	-0.302154	-0.0634478	0
SRX595691	TFs and others	FOXA1	Prostate	LNCAP	634	0/388	1/386	-0.302154	-0.0634478	0
SRX5957533	TFs and others	WDR5	Pluripotent stem cell	hESC H1	152	0/388	1/386	-0.302154	-0.0634478	0
SRX6027689	TFs and others	ESR1	Uterus	Ishikawa	490	0/388	1/386	-0.302154	-0.0634478	0
SRX6058763	TFs and others	RAD21	Breast	T-47D	1440	0/388	1/386	-0.302154	-0.0634478	0
SRX6058765	TFs and others	RAD21	Breast	T-47D	1145	0/388	1/386	-0.302154	-0.0634478	0
SRX6076675	TFs and others	GATA4	Digestive tract	ESO-26	203	0/388	1/386	-0.302154	-0.0634478	0
SRX612780	TFs and others	TP53	Digestive tract	HCT 116	89	0/388	1/386	-0.302154	-0.0634478	0
SRX6175590	TFs and others	FLI1	Bone	A-673	2517	0/388	1/386	-0.302154	-0.0634478	0
SRX6354579	TFs and others	EZH2	Pluripotent stem cell	hESC derived neural cells	1403	0/388	1/386	-0.302154	-0.0634478	0
SRX6370186	TFs and others	RYBP	Pluripotent stem cell	NT2-D1	81	0/388	1/386	-0.302154	-0.0634478	0
SRX6370207	TFs and others	JARID2	Pluripotent stem cell	NT2-D1	99	0/388	1/386	-0.302154	-0.0634478	0
SRX6371921	TFs and others	ETV4	Prostate	PC-3	554	0/388	1/386	-0.302154	-0.0634478	0
SRX6413748	TFs and others	ESR1	Breast	MCF-7	664	0/388	1/386	-0.302154	-0.0634478	0
SRX646133	TFs and others	EZH2	Blood	Erythroblasts	391	0/388	1/386	-0.302154	-0.0634478	0
SRX6473445	TFs and others	Epitope tags	Pluripotent stem cell	hESC derived neural crests	214	0/388	1/386	-0.302154	-0.0634478	0
SRX647703	TFs and others	TP53	Breast	MCF-7	407	0/388	1/386	-0.302154	-0.0634478	0
SRX6582174	TFs and others	LMNA	Others	Fibroblasts	400	0/388	1/386	-0.302154	-0.0634478	0
SRX6614772	TFs and others	SMC3	Lung	IMR-90	529	0/388	1/386	-0.302154	-0.0634478	0
SRX6614774	TFs and others	SMC3	Lung	IMR-90	643	0/388	1/386	-0.302154	-0.0634478	0
SRX6639037	TFs and others	GTF3C2	Breast	T-47D	817	0/388	1/386	-0.302154	-0.0634478	0
SRX668341	TFs and others	FOXM1	Kidney	293	375	0/388	1/386	-0.302154	-0.0634478	0
SRX668351	TFs and others	GFP	Kidney	293	355	0/388	1/386	-0.302154	-0.0634478	0
SRX670813	TFs and others	BRD4	Pluripotent stem cell	hESC H9	1395	0/388	1/386	-0.302154	-0.0634478	0
SRX6742745	TFs and others	ZNF398	Pluripotent stem cell	hESC H9	180	0/388	1/386	-0.302154	-0.0634478	0
SRX6743051	TFs and others	SMARCA4	Prostate	VCaP	5477	0/388	1/386	-0.302154	-0.0634478	0
SRX6748002	TFs and others	MECP2	Digestive tract	DKO-1	1869	0/388	1/386	-0.302154	-0.0634478	0
SRX6763478	TFs and others	EGR1	Blood	Monocytes	182	0/388	1/386	-0.302154	-0.0634478	0
SRX6764992	TFs and others	WDR5	Digestive tract	LoVo	915	0/388	1/386	-0.302154	-0.0634478	0
SRX6824681	TFs and others	SNAI2	Muscle	Rhabdomyosarcoma	159	0/388	1/386	-0.302154	-0.0634478	0
SRX6831821	TFs and others	NCOA3	Breast	MCF 10A	1028	0/388	1/386	-0.302154	-0.0634478	0
SRX6852812	TFs and others	SOX2	Lung	HCC2814	137	0/388	1/386	-0.302154	-0.0634478	0
SRX6860641	TFs and others	ESR1	Breast	T-47D	1316	0/388	1/386	-0.302154	-0.0634478	0
SRX6860647	TFs and others	ESR1	Breast	T-47D	950	0/388	1/386	-0.302154	-0.0634478	0
SRX6867660	TFs and others	RUNX1T1	Pluripotent stem cell	hESC H9	185	0/388	1/386	-0.302154	-0.0634478	0
SRX689359	TFs and others	Epitope tags	Kidney	293	806	0/388	1/386	-0.302154	-0.0634478	0
SRX689364	TFs and others	Epitope tags	Kidney	293	978	0/388	1/386	-0.302154	-0.0634478	0
SRX6896411	TFs and others	RNF2	Breast	T-47D	764	0/388	1/386	-0.302154	-0.0634478	0
SRX690997	TFs and others	PSIP1	Blood	CD4+ T cells	529	0/388	1/386	-0.302154	-0.0634478	0
SRX6913044	TFs and others	BRD3	Blood	THP-1	170	0/388	1/386	-0.302154	-0.0634478	0
SRX6913096	TFs and others	BRD3	Blood	CD4+ T cells	433	0/388	1/386	-0.302154	-0.0634478	0
SRX6913098	TFs and others	BRD3	Blood	CD4+ T cells	356	0/388	1/386	-0.302154	-0.0634478	0
SRX6938333	TFs and others	Epitope tags	Neural	U-251 MG	334	0/388	1/386	-0.302154	-0.0634478	0
SRX6938334	TFs and others	Epitope tags	Neural	U-251 MG	337	0/388	1/386	-0.302154	-0.0634478	0
SRX6957482	TFs and others	SMAD4	Gonad	KGN	727	0/388	1/386	-0.302154	-0.0634478	0
SRX7015661	TFs and others	RNF2	Muscle	SYO-1	205	0/388	1/386	-0.302154	-0.0634478	0
SRX701960	TFs and others	PRDM1	Pluripotent stem cell	hESC derived mesendodermal cells	323	0/388	1/386	-0.302154	-0.0634478	0
SRX701968	TFs and others	EOMES	Pluripotent stem cell	hESC HUES64	210	0/388	1/386	-0.302154	-0.0634478	0
SRX701970	TFs and others	EOMES	Pluripotent stem cell	hESC derived mesendodermal cells	626	0/388	1/386	-0.302154	-0.0634478	0
SRX701972	TFs and others	EOMES	Pluripotent stem cell	hESC derived mesendodermal cells	1078	0/388	1/386	-0.302154	-0.0634478	0
SRX701980	TFs and others	FOXA2	Pluripotent stem cell	hESC derived mesendodermal cells	340	0/388	1/386	-0.302154	-0.0634478	0
SRX701986	TFs and others	GATA4	Pluripotent stem cell	hESC derived mesendodermal cells	686	0/388	1/386	-0.302154	-0.0634478	0
SRX701993	TFs and others	GATA4	Pluripotent stem cell	hESC derived mesendodermal cells	528	0/388	1/386	-0.302154	-0.0634478	0
SRX701994	TFs and others	GATA4	Pluripotent stem cell	hESC derived mesendodermal cells	660	0/388	1/386	-0.302154	-0.0634478	0
SRX701997	TFs and others	GATA4	Pluripotent stem cell	hESC derived mesendodermal cells	414	0/388	1/386	-0.302154	-0.0634478	0
SRX702002	TFs and others	GATA6	Pluripotent stem cell	hESC derived mesendodermal cells	386	0/388	1/386	-0.302154	-0.0634478	0
SRX702003	TFs and others	GATA6	Pluripotent stem cell	hESC derived mesendodermal cells	327	0/388	1/386	-0.302154	-0.0634478	0
SRX702020	TFs and others	HEY1	Pluripotent stem cell	hESC derived mesendodermal cells	208	0/388	1/386	-0.302154	-0.0634478	0
SRX7083392	TFs and others	TCF3	Blood	RAMOS	575	0/388	1/386	-0.302154	-0.0634478	0
SRX7114562	TFs and others	Epitope tags	Breast	MCF-7	373	0/388	1/386	-0.302154	-0.0634478	0
SRX713899	TFs and others	AR	Prostate	R1-AD567	416	0/388	1/386	-0.302154	-0.0634478	0
SRX718424	TFs and others	GFP	Epidermis	501A	251	0/388	1/386	-0.302154	-0.0634478	0
SRX7202539	TFs and others	CTCF	Uterus	HEC-1-B	45	0/388	1/386	-0.302154	-0.0634478	0
SRX728768	TFs and others	PAF1	Blood	THP-1	579	0/388	1/386	-0.302154	-0.0634478	0
SRX7299247	TFs and others	NFE2L2	Kidney	WT 9-12	461	0/388	1/386	-0.302154	-0.0634478	0
SRX7299256	TFs and others	EP300	Kidney	WT 9-12	334	0/388	1/386	-0.302154	-0.0634478	0
SRX735139	TFs and others	Epitope tags	Uterus	Endometrial stromal cells	1943	0/388	1/386	-0.302154	-0.0634478	0
SRX736053	TFs and others	AR	Prostate	LNCAP	225	0/388	1/386	-0.302154	-0.0634478	0
SRX7366779	TFs and others	CDK9	Breast	MCF-7	376	0/388	1/386	-0.302154	-0.0634478	0
SRX7366780	TFs and others	CDK9	Breast	MCF-7	327	0/388	1/386	-0.302154	-0.0634478	0
SRX7366781	TFs and others	CDK9	Breast	MCF-7	437	0/388	1/386	-0.302154	-0.0634478	0
SRX7366783	TFs and others	CDK9	Breast	MCF-7	436	0/388	1/386	-0.302154	-0.0634478	0
SRX7371436	TFs and others	TP53	Pluripotent stem cell	hESC derived endodermal cells	501	0/388	1/386	-0.302154	-0.0634478	0
SRX7371437	TFs and others	TP53	Pluripotent stem cell	hESC derived endodermal cells	485	0/388	1/386	-0.302154	-0.0634478	0
SRX7371440	TFs and others	TP53	Pluripotent stem cell	hESC derived mesodermal cells	497	0/388	1/386	-0.302154	-0.0634478	0
SRX7371441	TFs and others	TP53	Pluripotent stem cell	hESC derived mesodermal cells	444	0/388	1/386	-0.302154	-0.0634478	0
SRX7415625	TFs and others	NEIL1	Digestive tract	HCT 116	435	0/388	1/386	-0.302154	-0.0634478	0
SRX747780	TFs and others	ESR1	Breast	MCF-7	406	0/388	1/386	-0.302154	-0.0634478	0
SRX7498508	TFs and others	CTCF	Uterus	SiHa	678	0/388	1/386	-0.302154	-0.0634478	0
SRX7522854	TFs and others	BCL9	Breast	MCF10DCIS.com	242	0/388	1/386	-0.302154	-0.0634478	0
SRX753146	TFs and others	KDM1A	Pluripotent stem cell	iPS cells	203	0/388	1/386	-0.302154	-0.0634478	0
SRX7551093	TFs and others	MRE11A	Uterus	HeLa	571	0/388	1/386	-0.302154	-0.0634478	0
SRX7551100	TFs and others	MRE11A	Uterus	HeLa	110	0/388	1/386	-0.302154	-0.0634478	0
SRX7551103	TFs and others	MRE11A	Uterus	HeLa	453	0/388	1/386	-0.302154	-0.0634478	0
SRX7551107	TFs and others	SETD1A	Uterus	HeLa	470	0/388	1/386	-0.302154	-0.0634478	0
SRX7551109	TFs and others	MRE11A	Uterus	HeLa	1183	0/388	1/386	-0.302154	-0.0634478	0
SRX7563488	TFs and others	RUNX1	Pluripotent stem cell	iPS cells	799	0/388	1/386	-0.302154	-0.0634478	0
SRX758134	TFs and others	NR3C1	Blood	MM1.RL	351	0/388	1/386	-0.302154	-0.0634478	0
SRX758135	TFs and others	NR3C1	Blood	MM1.RL	389	0/388	1/386	-0.302154	-0.0634478	0
SRX761563	TFs and others	EHF	Lung	Calu-3	178	0/388	1/386	-0.302154	-0.0634478	0
SRX7626339	TFs and others	CTCF	Others	Mesenchymal Stromal Cells	363	0/388	1/386	-0.302154	-0.0634478	0
SRX7627558	TFs and others	REST	Neural	Hippocampus	1804	0/388	1/386	-0.302154	-0.0634478	0
SRX7671888	TFs and others	QKI	Others	B-3	417	0/388	1/386	-0.302154	-0.0634478	0
SRX7695536	TFs and others	TEAD4	Neural	Y79	687	0/388	1/386	-0.302154	-0.0634478	0
SRX7695549	TFs and others	TEAD4	Lung	NCI-H209	948	0/388	1/386	-0.302154	-0.0634478	0
SRX7695561	TFs and others	TEAD4	Lung	NCI-H2171	1277	0/388	1/386	-0.302154	-0.0634478	0
SRX7712484	TFs and others	HIF1A	Digestive tract	HCT 116	266	0/388	1/386	-0.302154	-0.0634478	0
SRX7749595	TFs and others	G-quadruplex	Adipocyte	93T449	284	0/388	1/386	-0.302154	-0.0634478	0
SRX7805366	TFs and others	ZFY	Prostate	22Rv1	411	0/388	1/386	-0.302154	-0.0634478	0
SRX7807561	TFs and others	GATA3	Blood	GM12878	88	0/388	1/386	-0.302154	-0.0634478	0
SRX7807605	TFs and others	GATA3	Unclassified	Unclassified	567	0/388	1/386	-0.302154	-0.0634478	0
SRX7807606	TFs and others	GATA3	Unclassified	Unclassified	504	0/388	1/386	-0.302154	-0.0634478	0
SRX7875098	TFs and others	BRD4	Prostate	LNCAP	999	0/388	1/386	-0.302154	-0.0634478	0
SRX7875099	TFs and others	BRD9	Prostate	LNCAP	715	0/388	1/386	-0.302154	-0.0634478	0
SRX7875101	TFs and others	BRD9	Prostate	LNCAP	713	0/388	1/386	-0.302154	-0.0634478	0
SRX7879086	TFs and others	Epitope tags	Breast	MDA-MB-231	815	0/388	1/386	-0.302154	-0.0634478	0
SRX7981730	TFs and others	CREBBP	Prostate	Prostate cancer	202	0/388	1/386	-0.302154	-0.0634478	0
SRX8013009	TFs and others	Epitope tags	Kidney	293	453	0/388	1/386	-0.302154	-0.0634478	0
SRX8018229	TFs and others	CPSF3	Kidney	293	219	0/388	1/386	-0.302154	-0.0634478	0
SRX8018256	TFs and others	SUPT6H	Kidney	293	699	0/388	1/386	-0.302154	-0.0634478	0
SRX8023111	TFs and others	TP53	Breast	MCF 10A	598	0/388	1/386	-0.302154	-0.0634478	0
SRX8023112	TFs and others	TP53	Breast	MCF 10A	1081	0/388	1/386	-0.302154	-0.0634478	0
SRX8030652	TFs and others	SUZ12	Neural	BT 245	890	0/388	1/386	-0.302154	-0.0634478	0
SRX8030705	TFs and others	SUZ12	Neural	SU-DIPG-XIII	743	0/388	1/386	-0.302154	-0.0634478	0
SRX8089695	TFs and others	AR	Prostate	LAPC-4	1697	0/388	1/386	-0.302154	-0.0634478	0
SRX8089696	TFs and others	AR	Prostate	LAPC-4	883	0/388	1/386	-0.302154	-0.0634478	0
SRX8089699	TFs and others	AR	Prostate	LAPC-4	353	0/388	1/386	-0.302154	-0.0634478	0
SRX8162311	TFs and others	DOT1L	Blood	MOLM-13	282	0/388	1/386	-0.302154	-0.0634478	0
SRX8171698	TFs and others	JARID2	Pluripotent stem cell	ES cells	829	0/388	1/386	-0.302154	-0.0634478	0
SRX818633	TFs and others	SUMO2	Kidney	293	449	0/388	1/386	-0.302154	-0.0634478	0
SRX821808	TFs and others	PPARG	Adipocyte	Adipose Tissue, White	638	0/388	1/386	-0.302154	-0.0634478	0
SRX821811	TFs and others	PPARG	Adipocyte	Adipose Tissue, White	363	0/388	1/386	-0.302154	-0.0634478	0
SRX821813	TFs and others	PPARG	Adipocyte	Adipose Tissue, White	435	0/388	1/386	-0.302154	-0.0634478	0
SRX8272934	TFs and others	BRD4	Blood	BLaER1	474	0/388	1/386	-0.302154	-0.0634478	0
SRX8272936	TFs and others	BRD4	Blood	BLaER1	498	0/388	1/386	-0.302154	-0.0634478	0
SRX8299802	TFs and others	CDC73	Bone	U2OS	583	0/388	1/386	-0.302154	-0.0634478	0
SRX8299804	TFs and others	CDC73	Bone	U2OS	457	0/388	1/386	-0.302154	-0.0634478	0
SRX8299860	TFs and others	CTR9	Bone	U2OS	330	0/388	1/386	-0.302154	-0.0634478	0
SRX831881	TFs and others	STAT5B	Blood	CD8+ T cells	702	0/388	1/386	-0.302154	-0.0634478	0
SRX8400470	TFs and others	YAP1	Lung	NCI-H1299	2156	0/388	1/386	-0.302154	-0.0634478	0
SRX8406450	TFs and others	AR	Prostate	Prostate	871	0/388	1/386	-0.302154	-0.0634478	0
SRX8406459	TFs and others	AR	Prostate	Prostatic Neoplasms, Castration-Resistant	1337	0/388	1/386	-0.302154	-0.0634478	0
SRX847028	TFs and others	AR	Prostate	C4-2	1618	0/388	1/386	-0.302154	-0.0634478	0
SRX8512777	TFs and others	HSF1	Digestive tract	HCT 116	232	0/388	1/386	-0.302154	-0.0634478	0
SRX8512811	TFs and others	MEN1	Digestive tract	HCT 116	324	0/388	1/386	-0.302154	-0.0634478	0
SRX8512817	TFs and others	NRF1	Digestive tract	HCT 116	252	0/388	1/386	-0.302154	-0.0634478	0
SRX8512832	TFs and others	PRDM4	Digestive tract	HCT 116	317	0/388	1/386	-0.302154	-0.0634478	0
SRX8512833	TFs and others	PRDM4	Digestive tract	HCT 116	370	0/388	1/386	-0.302154	-0.0634478	0
SRX8512834	TFs and others	PRDM4	Digestive tract	HCT 116	198	0/388	1/386	-0.302154	-0.0634478	0
SRX8520801	TFs and others	NR3C1	Breast	BT-474	213	0/388	1/386	-0.302154	-0.0634478	0
SRX8602201	TFs and others	IRF4	Blood	OCI-LY-3	537	0/388	1/386	-0.302154	-0.0634478	0
SRX8617020	TFs and others	TET2	Breast	MCF-7	737	0/388	1/386	-0.302154	-0.0634478	0
SRX8664953	TFs and others	ATF4	Blood	HUDEP-2	1098	0/388	1/386	-0.302154	-0.0634478	0
SRX8664954	TFs and others	ATF4	Blood	HUDEP-2	509	0/388	1/386	-0.302154	-0.0634478	0
SRX8664957	TFs and others	ATF4	Blood	HUDEP-2	979	0/388	1/386	-0.302154	-0.0634478	0
SRX8664961	TFs and others	ATF4	Blood	Erythroblasts	485	0/388	1/386	-0.302154	-0.0634478	0
SRX8664962	TFs and others	ATF4	Blood	Erythroblasts	464	0/388	1/386	-0.302154	-0.0634478	0
SRX8664964	TFs and others	ATF4	Blood	HUDEP-2	759	0/388	1/386	-0.302154	-0.0634478	0
SRX8699801	TFs and others	TP53	Kidney	293	913	0/388	1/386	-0.302154	-0.0634478	0
SRX8699803	TFs and others	TP53	Kidney	293	970	0/388	1/386	-0.302154	-0.0634478	0
SRX8713994	TFs and others	SUZ12	Neural	Neural Stem Cells	511	0/388	1/386	-0.302154	-0.0634478	0
SRX8716245	TFs and others	AGO1	Breast	MCF-7	1187	0/388	1/386	-0.302154	-0.0634478	0
SRX873814	TFs and others	DNMT3B	Epidermis	Keratinocytes	688	0/388	1/386	-0.302154	-0.0634478	0
SRX877859	TFs and others	ZNF165	Breast	WHIM12	486	0/388	1/386	-0.302154	-0.0634478	0
SRX8806006	TFs and others	ZNF410	Blood	HUDEP-2	519	0/388	1/386	-0.302154	-0.0634478	0
SRX8806010	TFs and others	ZNF410	Blood	CD34+	555	0/388	1/386	-0.302154	-0.0634478	0
SRX8806011	TFs and others	ZNF410	Blood	CD34+	578	0/388	1/386	-0.302154	-0.0634478	0
SRX8827513	TFs and others	SMARCA4	Lung	NCI-H1299	76	0/388	1/386	-0.302154	-0.0634478	0
SRX8827518	TFs and others	EZH2	Lung	NCI-H1299	28	0/388	1/386	-0.302154	-0.0634478	0
SRX8827520	TFs and others	EZH2	Lung	NCI-H1299	9	0/388	1/386	-0.302154	-0.0634478	0
SRX8827521	TFs and others	EZH2	Lung	NCI-H1299	34	0/388	1/386	-0.302154	-0.0634478	0
SRX8827543	TFs and others	EZH2	Lung	NCI-H1299	30	0/388	1/386	-0.302154	-0.0634478	0
SRX8827545	TFs and others	EZH2	Lung	NCI-H1299	42	0/388	1/386	-0.302154	-0.0634478	0
SRX8827547	TFs and others	EZH2	Lung	NCI-H1299	18	0/388	1/386	-0.302154	-0.0634478	0
SRX8827548	TFs and others	EZH2	Lung	NCI-H1299	26	0/388	1/386	-0.302154	-0.0634478	0
SRX8830084	TFs and others	TFAP2A	Digestive tract	Colorectal carcinoma	1144	0/388	1/386	-0.302154	-0.0634478	0
SRX8830085	TFs and others	TFAP2A	Digestive tract	Colorectal carcinoma	1305	0/388	1/386	-0.302154	-0.0634478	0
SRX8831614	TFs and others	BRDT	Digestive tract	KYSE-180	165	0/388	1/386	-0.302154	-0.0634478	0
SRX8850931	TFs and others	Epitope tags	Breast	MCF 10A	447	0/388	1/386	-0.302154	-0.0634478	0
SRX8886224	TFs and others	NFKB1	Breast	MDA-MB-231	231	0/388	1/386	-0.302154	-0.0634478	0
SRX8886225	TFs and others	NFKB1	Breast	MDA-MB-231	242	0/388	1/386	-0.302154	-0.0634478	0
SRX8886226	TFs and others	NFKB1	Breast	MDA-MB-231	260	0/388	1/386	-0.302154	-0.0634478	0
SRX8886229	TFs and others	NFKB1	Breast	MDA-MB-231	265	0/388	1/386	-0.302154	-0.0634478	0
SRX8886230	TFs and others	NFKB1	Breast	MDA-MB-231	213	0/388	1/386	-0.302154	-0.0634478	0
SRX8939702	TFs and others	ELF3	Digestive tract	HBDEC2	718	0/388	1/386	-0.302154	-0.0634478	0
SRX9031539	TFs and others	KDM6A	Others	UM-UC-1	963	0/388	1/386	-0.302154	-0.0634478	0
SRX9046308	TFs and others	ETS1	Blood	THP-1	480	0/388	1/386	-0.302154	-0.0634478	0
SRX9071229	TFs and others	MED1	Blood	SEM	467	0/388	1/386	-0.302154	-0.0634478	0
SRX9178825	TFs and others	HAP1	Blood	HAP1	311	0/388	1/386	-0.302154	-0.0634478	0
SRX9178829	TFs and others	HAP1	Blood	HAP1	298	0/388	1/386	-0.302154	-0.0634478	0
SRX9178831	TFs and others	HAP1	Blood	HAP1	249	0/388	1/386	-0.302154	-0.0634478	0
SRX9187414	TFs and others	HDAC1	Pancreas	MIA Paca-2	738	0/388	1/386	-0.302154	-0.0634478	0
SRX9309768	TFs and others	BRD4	Blood	HL-60	1106	0/388	1/386	-0.302154	-0.0634478	0
SRX9350931	TFs and others	BRD4	Digestive tract	COLO 320HSR	1174	0/388	1/386	-0.302154	-0.0634478	0
SRX9415789	TFs and others	ERF	Blood	HUDEP-2	355	0/388	1/386	-0.302154	-0.0634478	0
SRX9433106	TFs and others	CTR9	Bone	U2OS	348	0/388	1/386	-0.302154	-0.0634478	0
SRX9433108	TFs and others	CTR9	Bone	U2OS	316	0/388	1/386	-0.302154	-0.0634478	0
SRX9450706	TFs and others	AHR	Pluripotent stem cell	hESC derived neural cells	417	0/388	1/386	-0.302154	-0.0634478	0
SRX9505511	TFs and others	ZNF416	Lung	IMR-90	620	0/388	1/386	-0.302154	-0.0634478	0
SRX9600613	TFs and others	G-quadruplex	Blood	K-562	317	0/388	1/386	-0.302154	-0.0634478	0
SRX9600646	TFs and others	G-quadruplex	Blood	K-562	256	0/388	1/386	-0.302154	-0.0634478	0
SRX9624512	TFs and others	MLLT1	Blood	MV-4-11	794	0/388	1/386	-0.302154	-0.0634478	0
SRX9628495	TFs and others	JUN	Gonad	SCCOHT-1	317	0/388	1/386	-0.302154	-0.0634478	0
SRX9628498	TFs and others	JUN	Gonad	SCCOHT-1	308	0/388	1/386	-0.302154	-0.0634478	0
SRX9683990	TFs and others	MLLT10	Blood	MOLM-13	197	0/388	1/386	-0.302154	-0.0634478	0
SRX968912	TFs and others	SOX2	Pluripotent stem cell	iPS derived neural cells	729	0/388	1/386	-0.302154	-0.0634478	0
SRX968961	TFs and others	ESR1	Breast	MCF-7	145	0/388	1/386	-0.302154	-0.0634478	0
SRX968973	TFs and others	RELA	Breast	MCF-7	31	0/388	1/386	-0.302154	-0.0634478	0
SRX9730732	TFs and others	CDK9	Blood	THP-1	540	0/388	1/386	-0.302154	-0.0634478	0
SRX973413	TFs and others	EHMT2	Kidney	293	1066	0/388	1/386	-0.302154	-0.0634478	0
SRX973432	TFs and others	EHMT2	Kidney	293	819	0/388	1/386	-0.302154	-0.0634478	0
SRX9741171	TFs and others	ATF4	Blood	MV-4-11	527	0/388	1/386	-0.302154	-0.0634478	0
SRX974292	TFs and others	MEF2B	Kidney	293	664	0/388	1/386	-0.302154	-0.0634478	0
SRX974293	TFs and others	MEF2B	Kidney	293	603	0/388	1/386	-0.302154	-0.0634478	0
SRX9823127	TFs and others	TRIM28	Blood	GM12878	246	0/388	1/386	-0.302154	-0.0634478	0
SRX9849092	TFs and others	PHF19	Blood	K-562	360	0/388	1/386	-0.302154	-0.0634478	0
SRX9849093	TFs and others	PHF19	Blood	K-562	528	0/388	1/386	-0.302154	-0.0634478	0
SRX9849094	TFs and others	PHF19	Blood	K-562	715	0/388	1/386	-0.302154	-0.0634478	0
SRX9849095	TFs and others	MTF2	Blood	K-562	591	0/388	1/386	-0.302154	-0.0634478	0
SRX9849967	TFs and others	BRD4	Prostate	LNCAP	605	0/388	1/386	-0.302154	-0.0634478	0
SRX9849968	TFs and others	BRD9	Prostate	LNCAP	683	0/388	1/386	-0.302154	-0.0634478	0
SRX9849969	TFs and others	BRD9	Prostate	LNCAP	706	0/388	1/386	-0.302154	-0.0634478	0
SRX9932066	TFs and others	HDAC6	Breast	MCF-7	549	0/388	1/386	-0.302154	-0.0634478	0
SRX9932070	TFs and others	HDAC6	Breast	MCF-7	489	0/388	1/386	-0.302154	-0.0634478	0
SRX9932074	TFs and others	HDAC6	Breast	MCF-7	371	0/388	1/386	-0.302154	-0.0634478	0
SRX5236332	TFs and others	ERG	Cardiovascular	HUVEC	4482	48/388	41/386	-0.301614	-0.0634478	1.1647
ERX026986	TFs and others	T	No description	NA	573	2/388	0/386	-0.301589	-0.0634478	inf
ERX181466	TFs and others	TP53	Bone	Saos-2	935	2/388	0/386	-0.301589	-0.0634478	inf
SRX011616	TFs and others	SOX2	Pluripotent stem cell	hESC H1	773	2/388	0/386	-0.301589	-0.0634478	inf
SRX017703	TFs and others	HDAC1	Blood	CD4+ T cells	307	2/388	0/386	-0.301589	-0.0634478	inf
SRX097071	TFs and others	SMAD1	Blood	CD34+	747	2/388	0/386	-0.301589	-0.0634478	inf
SRX099404	TFs and others	RB1	Lung	IMR-90	898	2/388	0/386	-0.301589	-0.0634478	inf
SRX10030480	TFs and others	AR	Prostate	LNCAP	369	2/388	0/386	-0.301589	-0.0634478	inf
SRX1023797	TFs and others	SPI1	Blood	Macrophages	1302	2/388	0/386	-0.301589	-0.0634478	inf
SRX10239459	TFs and others	YTHDC1	Breast	MCF-7	188	2/388	0/386	-0.301589	-0.0634478	inf
SRX1027452	TFs and others	ATF4	Others	Mesenchymal stem cells	2537	2/388	0/386	-0.301589	-0.0634478	inf
SRX107365	TFs and others	ESR1	Breast	H3396	976	2/388	0/386	-0.301589	-0.0634478	inf
SRX10809335	TFs and others	HDGF2	Neural	DIPG7	609	2/388	0/386	-0.301589	-0.0634478	inf
SRX1091830	TFs and others	CTCFL	Epidermis	NHDF	277	2/388	0/386	-0.301589	-0.0634478	inf
SRX11023670	TFs and others	CEBPB	Cardiovascular	HUVEC	244	2/388	0/386	-0.301589	-0.0634478	inf
SRX1131597	TFs and others	CBFA2T2	Pluripotent stem cell	NCCIT	464	2/388	0/386	-0.301589	-0.0634478	inf
SRX1136633	TFs and others	GTF2B	Uterus	HeLa	318	2/388	0/386	-0.301589	-0.0634478	inf
SRX1304582	TFs and others	LYL1	Blood	THP-1	1140	2/388	0/386	-0.301589	-0.0634478	inf
SRX1629257	TFs and others	ERG	Prostate	VCaP	930	2/388	0/386	-0.301589	-0.0634478	inf
SRX170374	TFs and others	BRD3	Kidney	293	76	2/388	0/386	-0.301589	-0.0634478	inf
SRX1823820	TFs and others	BRD4	Pancreas	L3.6	1363	2/388	0/386	-0.301589	-0.0634478	inf
SRX1829864	TFs and others	INO80	Epidermis	A-375	202	2/388	0/386	-0.301589	-0.0634478	inf
SRX2023705	TFs and others	TBX5	Pluripotent stem cell	iPS derived cardiac cells	113	2/388	0/386	-0.301589	-0.0634478	inf
SRX212182	TFs and others	RELA	Lung	Lung fibroblasts	366	2/388	0/386	-0.301589	-0.0634478	inf
SRX2194241	TFs and others	EP300	Breast	SUM 159PT	1797	2/388	0/386	-0.301589	-0.0634478	inf
SRX2194242	TFs and others	EP300	Breast	SUM 159PT	1802	2/388	0/386	-0.301589	-0.0634478	inf
SRX222272	TFs and others	ESR1	Prostate	VCaP	1396	2/388	0/386	-0.301589	-0.0634478	inf
SRX2245091	TFs and others	Epitope tags	Blood	Lymphoblastoid cell line	644	2/388	0/386	-0.301589	-0.0634478	inf
SRX2245496	TFs and others	BRD4	Blood	MV-4-11	277	2/388	0/386	-0.301589	-0.0634478	inf
SRX2514369	TFs and others	GFP	Uterus	HeLa	892	2/388	0/386	-0.301589	-0.0634478	inf
SRX2671785	TFs and others	EP300	Pluripotent stem cell	iPS cells	2131	2/388	0/386	-0.301589	-0.0634478	inf
SRX268884	TFs and others	HMBOX1	Lung	WI-38	679	2/388	0/386	-0.301589	-0.0634478	inf
SRX2897200	TFs and others	ESR1	Breast	Breast cancer cells	350	2/388	0/386	-0.301589	-0.0634478	inf
SRX3089110	TFs and others	SMARCA4	Liver	Hep G2	199	2/388	0/386	-0.301589	-0.0634478	inf
SRX3089968	TFs and others	NCOA4	Blood	Erythroblasts	323	2/388	0/386	-0.301589	-0.0634478	inf
SRX3091698	TFs and others	Epitope tags	Lung	A549	963	2/388	0/386	-0.301589	-0.0634478	inf
SRX3113422	TFs and others	MAF1	Blood	THP-1	551	2/388	0/386	-0.301589	-0.0634478	inf
SRX3229159	TFs and others	ESR1	Breast	Breast cancer	493	2/388	0/386	-0.301589	-0.0634478	inf
SRX3445723	TFs and others	ZNF341	Blood	B cells	815	2/388	0/386	-0.301589	-0.0634478	inf
SRX359883	TFs and others	DR1	Digestive tract	LoVo	164	2/388	0/386	-0.301589	-0.0634478	inf
SRX384489	TFs and others	XBP1	Breast	MDA-MB-231	1797	2/388	0/386	-0.301589	-0.0634478	inf
SRX4096887	TFs and others	TRPS1	Breast	HCC3153	895	2/388	0/386	-0.301589	-0.0634478	inf
SRX4155873	TFs and others	CTCFL	Bone	TC-71	611	2/388	0/386	-0.301589	-0.0634478	inf
SRX4155874	TFs and others	CTCFL	Bone	TC-71	696	2/388	0/386	-0.301589	-0.0634478	inf
SRX4394544	TFs and others	STAT3	Bone	SU-DHL-1	717	2/388	0/386	-0.301589	-0.0634478	inf
SRX4704622	TFs and others	NCAPH2	Gonad	RMG-I	630	2/388	0/386	-0.301589	-0.0634478	inf
SRX4732741	TFs and others	HDAC2	Blood	Pre-B cells	711	2/388	0/386	-0.301589	-0.0634478	inf
SRX4743476	TFs and others	GFP	Liver	Hep G2	987	2/388	0/386	-0.301589	-0.0634478	inf
SRX4781506	TFs and others	BRD4	Blood	Acute myeloid leukemia	266	2/388	0/386	-0.301589	-0.0634478	inf
SRX4901027	TFs and others	KDM1A	Blood	SET-2	435	2/388	0/386	-0.301589	-0.0634478	inf
SRX4901028	TFs and others	GFI1B	Blood	SET-2	247	2/388	0/386	-0.301589	-0.0634478	inf
SRX5128105	TFs and others	ESR1	Breast	ZR-75-1	1453	2/388	0/386	-0.301589	-0.0634478	inf
SRX5426125	TFs and others	AEBP2	Pluripotent stem cell	NT2-D1	161	2/388	0/386	-0.301589	-0.0634478	inf
SRX5441330	TFs and others	CPSF3	Uterus	HeLa	342	2/388	0/386	-0.301589	-0.0634478	inf
SRX5534848	TFs and others	ESR1	Breast	MCF-7	337	2/388	0/386	-0.301589	-0.0634478	inf
SRX5574444	TFs and others	EN1	Breast	SUM 149PT	728	2/388	0/386	-0.301589	-0.0634478	inf
SRX5600897	TFs and others	OLIG2	Neural	Prefrontal Cortex	538	2/388	0/386	-0.301589	-0.0634478	inf
SRX5662027	TFs and others	JMJD6	Neural	CHP-134	168	2/388	0/386	-0.301589	-0.0634478	inf
SRX5662028	TFs and others	JMJD6	Neural	CHP-134	190	2/388	0/386	-0.301589	-0.0634478	inf
SRX5662029	TFs and others	JMJD6	Neural	CHP-134	232	2/388	0/386	-0.301589	-0.0634478	inf
SRX5794311	TFs and others	TCF7	Breast	Breast organoids	997	2/388	0/386	-0.301589	-0.0634478	inf
SRX6370177	TFs and others	JARID2	Pluripotent stem cell	NT2-D1	249	2/388	0/386	-0.301589	-0.0634478	inf
SRX6370180	TFs and others	SUZ12	Pluripotent stem cell	NT2-D1	74	2/388	0/386	-0.301589	-0.0634478	inf
SRX6433361	TFs and others	TOP2B	Neural	Glioma	45	2/388	0/386	-0.301589	-0.0634478	inf
SRX6582173	TFs and others	LMNA	Others	Fibroblasts	623	2/388	0/386	-0.301589	-0.0634478	inf
SRX6686385	TFs and others	PHF19	Prostate	DU 145	309	2/388	0/386	-0.301589	-0.0634478	inf
SRX673754	TFs and others	ESR1	Breast	MCF-7	585	2/388	0/386	-0.301589	-0.0634478	inf
SRX6743811	TFs and others	CHD6	Pluripotent stem cell	iPS derived neural cells	1034	2/388	0/386	-0.301589	-0.0634478	inf
SRX6750796	TFs and others	EZH2	Breast	MDA-MB-231	1512	2/388	0/386	-0.301589	-0.0634478	inf
SRX6852809	TFs and others	SOX2	Lung	NCI-H520	206	2/388	0/386	-0.301589	-0.0634478	inf
SRX6957415	TFs and others	SMAD2	Kidney	HGrC1	580	2/388	0/386	-0.301589	-0.0634478	inf
SRX7054939	TFs and others	ERG	Cardiovascular	HAEC	213	2/388	0/386	-0.301589	-0.0634478	inf
SRX7366775	TFs and others	KDM5C	Breast	MCF-7	317	2/388	0/386	-0.301589	-0.0634478	inf
SRX7451118	TFs and others	Epitope tags	Lung	A549	1279	2/388	0/386	-0.301589	-0.0634478	inf
SRX748424	TFs and others	TCF7L2	Digestive tract	HCT 116	655	2/388	0/386	-0.301589	-0.0634478	inf
SRX748425	TFs and others	HNF4A	Digestive tract	HCT 116	515	2/388	0/386	-0.301589	-0.0634478	inf
SRX748426	TFs and others	HNF4A	Digestive tract	HCT 116	599	2/388	0/386	-0.301589	-0.0634478	inf
SRX748430	TFs and others	TCF7L2	Digestive tract	HCT 116	475	2/388	0/386	-0.301589	-0.0634478	inf
SRX7981744	TFs and others	HDAC2	Prostate	Prostate cancer	126	2/388	0/386	-0.301589	-0.0634478	inf
SRX8023126	TFs and others	TP53	Breast	MCF 10A	500	2/388	0/386	-0.301589	-0.0634478	inf
SRX8026055	TFs and others	SOX2	Pluripotent stem cell	hESC WIBR3	1484	2/388	0/386	-0.301589	-0.0634478	inf
SRX8030678	TFs and others	SUZ12	Neural	BT 245	589	2/388	0/386	-0.301589	-0.0634478	inf
SRX8089629	TFs and others	BRD4	Prostate	VCaP	443	2/388	0/386	-0.301589	-0.0634478	inf
SRX8089678	TFs and others	MED1	Prostate	VCaP	613	2/388	0/386	-0.301589	-0.0634478	inf
SRX8122235	TFs and others	LMO2	Pluripotent stem cell	hESC H9	1317	2/388	0/386	-0.301589	-0.0634478	inf
SRX8149389	TFs and others	BRD4	Blood	KMS-27	432	2/388	0/386	-0.301589	-0.0634478	inf
SRX8173500	TFs and others	EED	Pluripotent stem cell	iPS cells	1510	2/388	0/386	-0.301589	-0.0634478	inf
SRX8180623	TFs and others	HIF1A	Blood	BC-3	1047	2/388	0/386	-0.301589	-0.0634478	inf
SRX821818	TFs and others	PPARG	Adipocyte	Adipose Tissue	1001	2/388	0/386	-0.301589	-0.0634478	inf
SRX8257421	TFs and others	MITF	Epidermis	A-375	1183	2/388	0/386	-0.301589	-0.0634478	inf
SRX8272878	TFs and others	CEBPA	Blood	BLaER1	752	2/388	0/386	-0.301589	-0.0634478	inf
SRX831876	TFs and others	STAT5B	Blood	CD8+ T cells	318	2/388	0/386	-0.301589	-0.0634478	inf
SRX8536088	TFs and others	RUNX1	Blood	CD34+	1788	2/388	0/386	-0.301589	-0.0634478	inf
SRX8616823	TFs and others	FOSL1	Lung	A549	633	2/388	0/386	-0.301589	-0.0634478	inf
SRX8699670	TFs and others	PPP2CA	Digestive tract	DLD-1	535	2/388	0/386	-0.301589	-0.0634478	inf
SRX8699715	TFs and others	INTS3	Digestive tract	DLD-1	294	2/388	0/386	-0.301589	-0.0634478	inf
SRX9071226	TFs and others	MED1	Blood	SEM	459	2/388	0/386	-0.301589	-0.0634478	inf
SRX9600614	TFs and others	G-quadruplex	Blood	K-562	270	2/388	0/386	-0.301589	-0.0634478	inf
SRX190342	TFs and others	USF1	Uterus	ECC-1	15539	142/388	132/386	-0.301569	-0.0634478	1.07021
SRX3962742	TFs and others	LMNA	Epidermis	BJ-5ta	23230	142/388	132/386	-0.301569	-0.0634478	1.07021
SRX7692440	TFs and others	POLR2C	Digestive tract	HCT 116	15049	300/388	290/386	-0.30117	-0.0634478	1.02915
SRX2245437	TFs and others	ZEB1	Pancreas	MIA Paca-2	1220	16/388	20/386	-0.300718	-0.0634478	0.795876
SRX4192959	TFs and others	SMC1A	Breast	MCF-7	5581	16/388	20/386	-0.300718	-0.0634478	0.795876
SRX667408	TFs and others	Epitope tags	Breast	MCF-7	1365	16/388	20/386	-0.300718	-0.0634478	0.795876
SRX10881855	TFs and others	ARID2	Others	BT-16	2165	21/388	16/386	-0.30021	-0.0634478	1.30573
SRX2514252	TFs and others	ESR1	Uterus	Carcinoma, Endometrioid	1676	21/388	16/386	-0.30021	-0.0634478	1.30573
SRX306506	TFs and others	AR	Prostate	DU 145	8564	21/388	16/386	-0.30021	-0.0634478	1.30573
SRX5525779	TFs and others	MYCN	Neural	SH-EP	1911	21/388	16/386	-0.30021	-0.0634478	1.30573
SRX9434354	TFs and others	RELA	Digestive tract	SW 480	2364	21/388	16/386	-0.30021	-0.0634478	1.30573
SRX2436052	TFs and others	OTX2	Neural	D341 Med	18502	69/388	61/386	-0.299954	-0.0634478	1.12532
SRX213629	TFs and others	MAX	Uterus	HeLa	14968	136/388	145/386	-0.29995	-0.0634478	0.933096
SRX1012648	TFs and others	EP300	Breast	MCF-7	15691	27/388	32/386	-0.299885	-0.0634478	0.839401
SRX3584196	TFs and others	RUNX1	Gonad	Epididymis	5934	27/388	32/386	-0.299885	-0.0634478	0.839401
SRX4815184	TFs and others	EN1	Breast	MCF-7	9452	27/388	32/386	-0.299885	-0.0634478	0.839401
SRX4525861	TFs and others	SMARCA4	Blood	MOLM-13	32337	89/388	97/386	-0.299802	-0.0634478	0.912796
SRX4727910	TFs and others	TP53BP1	Pluripotent stem cell	hESC H9	4808	89/388	97/386	-0.299802	-0.0634478	0.912796
SRX2267460	TFs and others	BRD4	Others	RT-112	18223	145/388	135/386	-0.299769	-0.0634478	1.06854
SRX356764	TFs and others	STAG1	Blood	Lymphoblastoid cell line	32465	137/388	146/386	-0.299392	-0.0634478	0.933519
SRX097580	TFs and others	FOXP1	Pluripotent stem cell	hESC H9	3529	33/388	27/386	-0.299364	-0.0634478	1.21592
SRX4941326	TFs and others	XBP1	Prostate	LNCAP	1979	33/388	27/386	-0.299364	-0.0634478	1.21592
SRX203396	TFs and others	MED1	Blood	MM.1S	16168	147/388	137/386	-0.298638	-0.0634478	1.06746
SRX476921	TFs and others	SNAI2	Epidermis	Keratinocytes	28625	241/388	249/386	-0.298638	-0.0634478	0.962882
SRX5504129	TFs and others	FOXA2	Pancreas	PANC-1	15827	42/388	48/386	-0.298578	-0.0634478	0.87049
SRX4385550	TFs and others	SUPT5H	Digestive tract	HCT 116	13715	298/388	288/386	-0.298465	-0.0634478	1.02939
SRX371475	TFs and others	ESR1	Breast	BT-474	19871	62/388	69/386	-0.298282	-0.0634478	0.893919
SRX8512845	TFs and others	SMAD2	Digestive tract	HCT 116	4289	62/388	69/386	-0.298282	-0.0634478	0.893919
SRX666558	TFs and others	Epitope tags	Breast	T-47D	14483	148/388	138/386	-0.298092	-0.0634478	1.06694
SRX4708109	TFs and others	RBM25	Liver	Hep G2	24545	141/388	150/386	-0.297295	-0.0634478	0.935155
ERX200526	TFs and others	CTCF	Blood	B cells	907	3/388	5/386	-0.296975	-0.0634478	0.596907
ERX664193	TFs and others	CTCF	Blood	B cells	1155	3/388	5/386	-0.296975	-0.0634478	0.596907
SRX10365556	TFs and others	ESR1	Breast	MCF-7	2478	3/388	5/386	-0.296975	-0.0634478	0.596907
SRX10365557	TFs and others	ESR1	Breast	MCF-7	3748	3/388	5/386	-0.296975	-0.0634478	0.596907
SRX1044120	TFs and others	ASCL1	Lung	NCI-H128	1802	3/388	5/386	-0.296975	-0.0634478	0.596907
SRX1044125	TFs and others	NEUROD1	Lung	NCI-H524	2772	3/388	5/386	-0.296975	-0.0634478	0.596907
SRX10484569	TFs and others	KMT2A	Others	Acute lymphoid leukemia	686	3/388	5/386	-0.296975	-0.0634478	0.596907
SRX1053986	TFs and others	HDAC2	Pluripotent stem cell	iPS cells	308	3/388	5/386	-0.296975	-0.0634478	0.596907
SRX1076935	TFs and others	LMTK3	Breast	MCF-7	899	3/388	5/386	-0.296975	-0.0634478	0.596907
SRX116464	TFs and others	EP300	Pluripotent stem cell	hESC H1	1743	3/388	5/386	-0.296975	-0.0634478	0.596907
SRX1489434	TFs and others	MBD3	Breast	MDA-MB-231	1554	3/388	5/386	-0.296975	-0.0634478	0.596907
SRX150472	TFs and others	NELFE	Blood	K-562	373	3/388	5/386	-0.296975	-0.0634478	0.596907
SRX1885174	TFs and others	AR	Prostate	LNCAP	6507	3/388	5/386	-0.296975	-0.0634478	0.596907
SRX2140208	TFs and others	HDAC4	Blood	MM.1S	700	3/388	5/386	-0.296975	-0.0634478	0.596907
SRX2321776	TFs and others	NKX2-5	Pluripotent stem cell	ES cells	2554	3/388	5/386	-0.296975	-0.0634478	0.596907
SRX2368884	TFs and others	GATA4	Epidermis	BJ	1891	3/388	5/386	-0.296975	-0.0634478	0.596907
SRX2425862	TFs and others	SMAD3	Breast	MDA-MB-231	2730	3/388	5/386	-0.296975	-0.0634478	0.596907
SRX2541243	TFs and others	AR	Prostate	VCaP	3852	3/388	5/386	-0.296975	-0.0634478	0.596907
SRX2578879	TFs and others	ESR1	Breast	MDA-MB-231	929	3/388	5/386	-0.296975	-0.0634478	0.596907
SRX2765968	TFs and others	HMGB2	Lung	Lung fibroblasts	540	3/388	5/386	-0.296975	-0.0634478	0.596907
SRX3287169	TFs and others	SMC3	Uterus	HeLa	1446	3/388	5/386	-0.296975	-0.0634478	0.596907
SRX3472382	TFs and others	KDM6A	Pluripotent stem cell	hESC H9	942	3/388	5/386	-0.296975	-0.0634478	0.596907
SRX3584302	TFs and others	RARA	Pluripotent stem cell	iPS derived chondrocytes	2037	3/388	5/386	-0.296975	-0.0634478	0.596907
SRX3584307	TFs and others	RARA	Pluripotent stem cell	iPS derived chondrocytes	1733	3/388	5/386	-0.296975	-0.0634478	0.596907
SRX3599312	TFs and others	GATA2	Cardiovascular	HUVEC	1027	3/388	5/386	-0.296975	-0.0634478	0.596907
SRX360063	TFs and others	ZNF84	Digestive tract	LoVo	339	3/388	5/386	-0.296975	-0.0634478	0.596907
SRX3636821	TFs and others	NR3C1	Blood	ALL xenograft	1165	3/388	5/386	-0.296975	-0.0634478	0.596907
SRX3881591	TFs and others	FOXN3	Liver	Hep G2	2754	3/388	5/386	-0.296975	-0.0634478	0.596907
SRX4096883	TFs and others	TRPS1	Breast	HCC3153	3111	3/388	5/386	-0.296975	-0.0634478	0.596907
SRX4115992	TFs and others	ESR1	Breast	MCF-7	1300	3/388	5/386	-0.296975	-0.0634478	0.596907
SRX4649681	TFs and others	TP53	Epidermis	Foreskin	2049	3/388	5/386	-0.296975	-0.0634478	0.596907
SRX4708077	TFs and others	FUS	Blood	K-562	418	3/388	5/386	-0.296975	-0.0634478	0.596907
SRX4931257	TFs and others	KMT2A	Breast	MCF-7	336	3/388	5/386	-0.296975	-0.0634478	0.596907
SRX5057620	TFs and others	GATA3	Breast	T-47D	1113	3/388	5/386	-0.296975	-0.0634478	0.596907
SRX5089434	TFs and others	SMARCB1	Breast	MCF-7	1146	3/388	5/386	-0.296975	-0.0634478	0.596907
SRX5089524	TFs and others	SMARCA4	Breast	MCF-7	627	3/388	5/386	-0.296975	-0.0634478	0.596907
SRX5089536	TFs and others	ARID2	Breast	MCF-7	1986	3/388	5/386	-0.296975	-0.0634478	0.596907
SRX518688	TFs and others	SPI1	Blood	OCI-LY-3	814	3/388	5/386	-0.296975	-0.0634478	0.596907
SRX5255111	TFs and others	Epitope tags	Kidney	293	906	3/388	5/386	-0.296975	-0.0634478	0.596907
SRX540850	TFs and others	ALKBH3	Prostate	PC-3	413	3/388	5/386	-0.296975	-0.0634478	0.596907
SRX6175599	TFs and others	FLI1	Bone	A-673	7229	3/388	5/386	-0.296975	-0.0634478	0.596907
SRX673752	TFs and others	ESR1	Breast	MCF-7	1076	3/388	5/386	-0.296975	-0.0634478	0.596907
SRX682387	TFs and others	LYL1	Blood	TSU-1621MT	2983	3/388	5/386	-0.296975	-0.0634478	0.596907
SRX6957485	TFs and others	SMAD4	Kidney	HGrC1	1360	3/388	5/386	-0.296975	-0.0634478	0.596907
SRX695882	TFs and others	ASCL1	Others	Tumor	1805	3/388	5/386	-0.296975	-0.0634478	0.596907
SRX701995	TFs and others	GATA4	Pluripotent stem cell	hESC derived mesendodermal cells	2722	3/388	5/386	-0.296975	-0.0634478	0.596907
SRX702053	TFs and others	OTX2	Pluripotent stem cell	hESC HUES64	2104	3/388	5/386	-0.296975	-0.0634478	0.596907
SRX7493847	TFs and others	DLX5	Digestive tract	KYSE-140	506	3/388	5/386	-0.296975	-0.0634478	0.596907
SRX7584811	TFs and others	ATF4	Blood	HUDEP-2	2024	3/388	5/386	-0.296975	-0.0634478	0.596907
SRX758615	TFs and others	FOXP1	Blood	OCI-LY-10	2114	3/388	5/386	-0.296975	-0.0634478	0.596907
SRX7760058	TFs and others	MYRF	Pancreas	CFPAC-1	1336	3/388	5/386	-0.296975	-0.0634478	0.596907
SRX8080555	TFs and others	Epitope tags	Breast	Mammary gland adenocarcinoma	2717	3/388	5/386	-0.296975	-0.0634478	0.596907
SRX8406449	TFs and others	AR	Prostate	Prostate	4287	3/388	5/386	-0.296975	-0.0634478	0.596907
SRX8406541	TFs and others	HOXB13	Prostate	Prostate	3757	3/388	5/386	-0.296975	-0.0634478	0.596907
SRX8616814	TFs and others	FOSL1	Lung	A549	2041	3/388	5/386	-0.296975	-0.0634478	0.596907
SRX8827546	TFs and others	EZH2	Lung	NCI-H1299	186	3/388	5/386	-0.296975	-0.0634478	0.596907
SRX8976687	TFs and others	NCOR2	Digestive tract	KYSE-410	1220	3/388	5/386	-0.296975	-0.0634478	0.596907
SRX9237235	TFs and others	PAF1	Blood	K-562	2325	3/388	5/386	-0.296975	-0.0634478	0.596907
SRX9779494	TFs and others	PAX9	Lung	NCI-H1963	2419	3/388	5/386	-0.296975	-0.0634478	0.596907
SRX10657968	TFs and others	Epitope tags	Blood	NALM-6	20915	246/388	235/386	-0.296803	-0.0634478	1.04141
SRX2652450	TFs and others	ZBTB48	Bone	U2OS	7794	100/388	91/386	-0.296528	-0.0634478	1.09324
SRX003322	TFs and others	STAT1	Uterus	HeLa	1206	6/388	3/386	-0.296482	-0.0634478	1.98969
SRX019963	TFs and others	E2F4	Blood	GM06990	345	6/388	3/386	-0.296482	-0.0634478	1.98969
SRX083220	TFs and others	FOXA1	Prostate	LNCAP	4447	6/388	3/386	-0.296482	-0.0634478	1.98969
SRX10145207	TFs and others	REL	Blood	CD4+ T cells	1364	6/388	3/386	-0.296482	-0.0634478	1.98969
SRX1268851	TFs and others	KDM5C	Kidney	Caki-1	572	6/388	3/386	-0.296482	-0.0634478	1.98969
SRX2255897	TFs and others	Epitope tags	Kidney	293	1959	6/388	3/386	-0.296482	-0.0634478	1.98969
SRX3229135	TFs and others	NR3C1	Breast	MCF-7	3217	6/388	3/386	-0.296482	-0.0634478	1.98969
SRX3229152	TFs and others	ESR1	Breast	Breast cancer	1235	6/388	3/386	-0.296482	-0.0634478	1.98969
SRX3584308	TFs and others	RARA	Pluripotent stem cell	iPS derived chondrocytes	3252	6/388	3/386	-0.296482	-0.0634478	1.98969
SRX3584309	TFs and others	RARA	Pluripotent stem cell	iPS derived chondrocytes	3630	6/388	3/386	-0.296482	-0.0634478	1.98969
SRX3585704	TFs and others	HMGB1	Lung	Lung fibroblasts	350	6/388	3/386	-0.296482	-0.0634478	1.98969
SRX4170708	TFs and others	WDR5	Blood	K-562	1254	6/388	3/386	-0.296482	-0.0634478	1.98969
SRX4192136	TFs and others	XRCC4	Breast	MCF 10A	757	6/388	3/386	-0.296482	-0.0634478	1.98969
SRX4212597	TFs and others	EZH2	Blood	Peripheral blood mononuclear cells	730	6/388	3/386	-0.296482	-0.0634478	1.98969
SRX4708026	TFs and others	PTBP1	Liver	Hep G2	816	6/388	3/386	-0.296482	-0.0634478	1.98969
SRX4941324	TFs and others	XBP1	Prostate	LNCAP	810	6/388	3/386	-0.296482	-0.0634478	1.98969
SRX5887609	TFs and others	SNAI2	Lung	PC-9	747	6/388	3/386	-0.296482	-0.0634478	1.98969
SRX6384905	TFs and others	KDM1A	Epidermis	Keratinocytes	1330	6/388	3/386	-0.296482	-0.0634478	1.98969
SRX702069	TFs and others	POU5F1	Pluripotent stem cell	hESC HUES64	4794	6/388	3/386	-0.296482	-0.0634478	1.98969
SRX7522857	TFs and others	STAT3	Breast	MCF10DCIS.com	2787	6/388	3/386	-0.296482	-0.0634478	1.98969
SRX8976676	TFs and others	HDAC3	Digestive tract	KYSE-410	1451	6/388	3/386	-0.296482	-0.0634478	1.98969
SRX9163075	TFs and others	TEAD1	Lung	Bronchial epithelial cells	2304	6/388	3/386	-0.296482	-0.0634478	1.98969
SRX9434357	TFs and others	RELA	Digestive tract	SW 480	882	6/388	3/386	-0.296482	-0.0634478	1.98969
SRX9628492	TFs and others	JUN	Gonad	SCCOHT-1	509	6/388	3/386	-0.296482	-0.0634478	1.98969
SRX9823128	TFs and others	TRIM28	Blood	GM12878	351	6/388	3/386	-0.296482	-0.0634478	1.98969
SRX6099461	TFs and others	EP300	Blood	DLBCL	13756	63/388	70/386	-0.296095	-0.0631163	0.895361
SRX5010965	TFs and others	BCOR	Prostate	VCaP	25317	92/388	100/386	-0.295878	-0.0629543	0.915258
SRX174820	TFs and others	FOXA1	Lung	NCI-H3122	18499	43/388	49/386	-0.295132	-0.0623307	0.873028
SRX5089379	TFs and others	ARID1A	Breast	MCF-7	19409	43/388	49/386	-0.295132	-0.0623307	0.873028
SRX353809	TFs and others	MYC	Blood	P493-6	10691	154/388	144/386	-0.295089	-0.0623307	1.06393
SRX186607	TFs and others	ZNF384	Blood	GM12878	9160	50/388	43/386	-0.294596	-0.0619594	1.1568
SRX684293	TFs and others	ASUN	Uterus	HeLa	3941	50/388	43/386	-0.294596	-0.0619594	1.1568
ERX626782	TFs and others	SPI1	Blood	HL-60	10423	28/388	33/386	-0.294387	-0.0619594	0.844111
SRX4074764	TFs and others	TEAD4	Epidermis	BJ	7378	28/388	33/386	-0.294387	-0.0619594	0.844111
SRX6853582	TFs and others	ARNT	Breast	MCF-7	2231	28/388	33/386	-0.294387	-0.0619594	0.844111
SRX9419944	TFs and others	MED1	Breast	BT-474	9378	28/388	33/386	-0.294387	-0.0619594	0.844111
SRX5574509	TFs and others	SPI1	Blood	TALL-1	58010	156/388	146/386	-0.294187	-0.0619428	1.06299
SRX8670127	TFs and others	ASCL1	Neural	SH-SY5Y	92145	286/388	293/386	-0.293999	-0.0619428	0.971078
SRX2565135	TFs and others	E2F1	Prostate	LNCAP	17511	324/388	315/386	-0.293967	-0.0619428	1.02327
SRX4484982	TFs and others	RUNX2	Blood	SEM	73053	324/388	315/386	-0.293967	-0.0619428	1.02327
SRX1427029	TFs and others	TET2	Kidney	293	4724	64/388	71/386	-0.293967	-0.0619428	0.896762
SRX7054668	TFs and others	RELA	Cardiovascular	HAEC	11424	64/388	71/386	-0.293967	-0.0619428	0.896762
SRX100419	TFs and others	ESR1	Breast	T-47D	9756	34/388	28/386	-0.293875	-0.0619428	1.20803
SRX1721488	TFs and others	ETV1	Epidermis	A-375	8343	34/388	28/386	-0.293875	-0.0619428	1.20803
SRX359934	TFs and others	GMEB2	Digestive tract	LoVo	1423	34/388	28/386	-0.293875	-0.0619428	1.20803
SRX190308	TFs and others	CEBPB	Digestive tract	HCT 116	22380	157/388	147/386	-0.293754	-0.0619327	1.06252
SRX5391683	TFs and others	RAD21	Blood	Neutrophils	21264	157/388	147/386	-0.293754	-0.0619327	1.06252
SRX9604647	TFs and others	FOXA1	Prostate	LNCAP	83226	149/388	158/386	-0.2937	-0.0619327	0.938177
SRX10338561	TFs and others	MYC	Blood	NALM-6	14304	158/388	148/386	-0.293333	-0.0616214	1.06206
SRX3285604	TFs and others	KDM5B	Breast	FULR	9688	160/388	150/386	-0.292525	-0.0608682	1.06117
SRX150583	TFs and others	IRF1	Blood	K-562	9137	95/388	103/386	-0.292205	-0.0606031	0.917576
SRX1165100	TFs and others	Epitope tags	Liver	Hep G2	9021	161/388	151/386	-0.292139	-0.0605917	1.06073
SRX7692437	TFs and others	POLR2C	Digestive tract	HCT 116	18669	323/388	314/386	-0.291898	-0.0604059	1.02336
SRX097097	TFs and others	SMAD1	Blood	U-937	23356	44/388	50/386	-0.291815	-0.0603856	0.875464
SRX190200	TFs and others	REST	Blood	GM12878	3593	17/388	21/386	-0.291603	-0.0603856	0.805351
SRX6831824	TFs and others	TEAD4	Breast	MCF 10A	4035	17/388	21/386	-0.291603	-0.0603856	0.805351
SRX7262857	TFs and others	AR	Breast	Breast cancer cells	11534	17/388	21/386	-0.291603	-0.0603856	0.805351
SRX8831615	TFs and others	BRD4	Digestive tract	KYSE-180	1834	17/388	21/386	-0.291603	-0.0603856	0.805351
SRX3230382	TFs and others	FOXA2	Liver	Hep G2	43365	163/388	153/386	-0.291399	-0.0602366	1.05987
SRX100423	TFs and others	SIX5	Blood	K-562	2815	73/388	65/386	-0.291332	-0.0602244	1.11729
SRX3230384	TFs and others	FOXO1	Liver	Hep G2	4765	22/388	17/386	-0.291112	-0.0602009	1.28745
SRX6371944	TFs and others	BRCA2	Kidney	hTERT-HME1	2769	22/388	17/386	-0.291112	-0.0602009	1.28745
SRX7280995	TFs and others	IKZF1	Blood	JM1	1424	22/388	17/386	-0.291112	-0.0602009	1.28745
SRX2268285	TFs and others	SPI1	Blood	THP-1	65632	164/388	154/386	-0.291045	-0.0602009	1.05945
SRX190358	TFs and others	SP1	Digestive tract	HCT 116	35477	292/388	282/386	-0.291034	-0.0602009	1.03012
SRX286202	TFs and others	ING5	Digestive tract	RKO	11760	165/388	155/386	-0.290703	-0.0599248	1.05903
SRX1885188	TFs and others	FOXA1	Prostate	LNCAP	74914	97/388	105/386	-0.289887	-0.0591637	0.919048
SRX150595	TFs and others	MYC	Blood	K-562	21977	226/388	215/386	-0.289414	-0.059015	1.04574
SRX9607924	TFs and others	TFAP2A	Epidermis	M21	17555	162/388	171/386	-0.289414	-0.059015	0.942485
SRX12129506	TFs and others	BRD4	Blood	T cells	3915	74/388	66/386	-0.289322	-0.059015	1.11543
SRX7807103	TFs and others	CEBPB	Adipocyte	Adipocytes	34210	74/388	66/386	-0.289322	-0.059015	1.11543
SRX3873725	TFs and others	MYC	Lung	SW 1271	38123	314/388	320/386	-0.289322	-0.059015	0.976192
SRX1514285	TFs and others	HDAC1	Blood	Kasumi-1	9816	106/388	97/386	-0.289262	-0.059015	1.08715
SRX666556	TFs and others	HIF1A	Breast	T-47D	75130	359/388	352/386	-0.28919	-0.059015	1.01463
SRX100433	TFs and others	BCL11A	Blood	GM12878	13795	29/388	34/386	-0.28919	-0.059015	0.848545
SRX100484	TFs and others	FOSL1	Blood	K-562	6876	29/388	34/386	-0.28919	-0.059015	0.848545
SRX5234453	TFs and others	SMARCA4	Pluripotent stem cell	iPS cells	10540	29/388	34/386	-0.28919	-0.059015	0.848545
SRX236112	TFs and others	RUNX1T1	Blood	Kasumi-1	7899	98/388	106/386	-0.288765	-0.0586768	0.919763
SRX4677294	TFs and others	JUNB	Pancreas	CFPAC-1	13123	35/388	29/386	-0.288687	-0.0586768	1.20068
SRX5974555	TFs and others	TAL1	Blood	K-562	11635	35/388	29/386	-0.288687	-0.0586768	1.20068
SRX150511	TFs and others	CHD2	Uterus	HeLa	16185	221/388	210/386	-0.288239	-0.0586103	1.04696
SRX9556497	TFs and others	GATA3	Breast	MDA-MB-231	21644	107/388	98/386	-0.28814	-0.0586103	1.08621
SRX190346	TFs and others	CREB1	Blood	K-562	11807	174/388	164/386	-0.288099	-0.0586103	1.05551
SRX265226	TFs and others	GATA2	Blood	ME-1	2177	52/388	45/386	-0.288096	-0.0586103	1.1496
SRX5574364	TFs and others	SPI1	Blood	Dendritic Cells	64281	168/388	177/386	-0.288034	-0.0586103	0.94426
SRX10881817	TFs and others	SMARCA4	Kidney	G-401	22137	177/388	167/386	-0.287415	-0.0586103	1.05442
SRX6800707	TFs and others	IRF4	Blood	CAR-T cells	7502	75/388	67/386	-0.287364	-0.0586103	1.11363
SRX2268286	TFs and others	SPI1	Blood	THP-1	70468	178/388	168/386	-0.287207	-0.0586103	1.05406
SRX150584	TFs and others	IRF1	Blood	K-562	8398	108/388	99/386	-0.287043	-0.0586103	1.08529
SRX9562888	TFs and others	PBRM1	Muscle	RH-4	4781	108/388	99/386	-0.287043	-0.0586103	1.08529
SRX5574505	TFs and others	SPI1	Blood	CTV-1	47603	176/388	185/386	-0.286747	-0.0586103	0.946447
SRX1280452	TFs and others	NRF1	Breast	HCC1955	11004	207/388	215/386	-0.286642	-0.0586103	0.957828
SRX014810	TFs and others	GATA1	Blood	K-562	2027	9/388	12/386	-0.286636	-0.0586103	0.746134
SRX10119174	TFs and others	CREB1	Blood	MV-4-11	758	9/388	12/386	-0.286636	-0.0586103	0.746134
SRX1012600	TFs and others	ESR1	Breast	T-47D	4307	9/388	12/386	-0.286636	-0.0586103	0.746134
SRX1012602	TFs and others	ESR1	Breast	T-47D	4919	9/388	12/386	-0.286636	-0.0586103	0.746134
SRX112544	TFs and others	RUNX1	Blood	Kasumi-1	3038	9/388	12/386	-0.286636	-0.0586103	0.746134
SRX150619	TFs and others	GATA1	Blood	K-562	2039	9/388	12/386	-0.286636	-0.0586103	0.746134
SRX158113	TFs and others	TAL1	Blood	RPMI 8402	5415	9/388	12/386	-0.286636	-0.0586103	0.746134
SRX186627	TFs and others	CUX1	Blood	K-562	2841	9/388	12/386	-0.286636	-0.0586103	0.746134
SRX1885200	TFs and others	RELA	Prostate	LNCAP	3166	9/388	12/386	-0.286636	-0.0586103	0.746134
SRX204164	TFs and others	SUMO2	Lung	WI-38	1833	9/388	12/386	-0.286636	-0.0586103	0.746134
SRX220960	TFs and others	TCF4	Blood	CAL-1	4012	9/388	12/386	-0.286636	-0.0586103	0.746134
SRX3110714	TFs and others	ESR1	Breast	MCF-7	2929	9/388	12/386	-0.286636	-0.0586103	0.746134
SRX392793	TFs and others	REST	Blood	Jurkat	2829	9/388	12/386	-0.286636	-0.0586103	0.746134
SRX6058760	TFs and others	PGR	Breast	T-47D	4370	9/388	12/386	-0.286636	-0.0586103	0.746134
SRX6780863	TFs and others	CREB1	Pluripotent stem cell	iPS derived neural cells	1013	9/388	12/386	-0.286636	-0.0586103	0.746134
SRX7807604	TFs and others	GATA3	Unclassified	Unclassified	2443	9/388	12/386	-0.286636	-0.0586103	0.746134
SRX8406535	TFs and others	HOXB13	Prostate	Prostate	5542	9/388	12/386	-0.286636	-0.0586103	0.746134
SRX8616801	TFs and others	JUN	Lung	A549	3490	9/388	12/386	-0.286636	-0.0586103	0.746134
SRX8616849	TFs and others	JUNB	Lung	A549	5420	9/388	12/386	-0.286636	-0.0586103	0.746134
SRX8617016	TFs and others	TET2	Breast	MCF-7	3854	9/388	12/386	-0.286636	-0.0586103	0.746134
SRX952434	TFs and others	RUNX1	Blood	U-937	3818	9/388	12/386	-0.286636	-0.0586103	0.746134
SRX6957431	TFs and others	FOXL2	Gonad	KGN	58957	182/388	172/386	-0.286473	-0.0586103	1.05269
SRX9867040	TFs and others	CTCF	Blood	CD4+ T cells	22754	181/388	190/386	-0.286255	-0.0586103	0.947721
SRX4172743	TFs and others	GATA1	Digestive tract	HCT 116	11164	184/388	174/386	-0.286164	-0.0586103	1.05202
SRX028589	TFs and others	SETDB1	Blood	K-562	1092	13/388	9/386	-0.286163	-0.0586103	1.437
SRX10119122	TFs and others	LYL1	Blood	MV-4-11	3912	13/388	9/386	-0.286163	-0.0586103	1.437
SRX10119124	TFs and others	LYL1	Blood	MV-4-11	3335	13/388	9/386	-0.286163	-0.0586103	1.437
SRX10119151	TFs and others	CREBBP	Blood	MV-4-11	949	13/388	9/386	-0.286163	-0.0586103	1.437
SRX2748845	TFs and others	MYB	Others	Adenoid cystic carcinoma	1090	13/388	9/386	-0.286163	-0.0586103	1.437
SRX2900586	TFs and others	NR3C1	Blood	THP-1	5631	13/388	9/386	-0.286163	-0.0586103	1.437
SRX3644358	TFs and others	FOXA2	Epidermis	BJ	4645	13/388	9/386	-0.286163	-0.0586103	1.437
SRX6854836	TFs and others	Epitope tags	Epidermis	501A	3338	13/388	9/386	-0.286163	-0.0586103	1.437
SRX9426421	TFs and others	HCFC1	Blood	RAMOS	1891	13/388	9/386	-0.286163	-0.0586103	1.437
SRX4001818	TFs and others	SPI1	Blood	Macrophages	63875	186/388	176/386	-0.285893	-0.0583954	1.05137
SRX2064716	TFs and others	RAD21	Digestive tract	HCT 116	24614	188/388	178/386	-0.28566	-0.0582168	1.05074
SRX3642947	TFs and others	PRMT1	Epidermis	Keratinocytes	13863	46/388	52/386	-0.285543	-0.0582041	0.880056
SRX2194265	TFs and others	EP300	Breast	SUM 159PT	33613	101/388	109/386	-0.285539	-0.0582041	0.921829
SRX3511938	TFs and others	TFAP2A	Pluripotent stem cell	iPS cells	19626	190/388	180/386	-0.285465	-0.0581848	1.05011
SRX1721490	TFs and others	ETV1	Epidermis	COLO 800	11880	53/388	46/386	-0.285023	-0.057797	1.14623
SRX3927303	TFs and others	SS18	Muscle	SYO-1	8837	102/388	110/386	-0.28451	-0.0573386	0.922493
SRX1787655	TFs and others	FOXA1	Breast	MCF-7	21442	30/388	35/386	-0.284268	-0.0572058	0.852725
SRX3642946	TFs and others	PRMT1	Epidermis	Keratinocytes	10115	30/388	35/386	-0.284268	-0.0572058	0.852725
SRX3292068	TFs and others	GATA3	Pluripotent stem cell	hESC derived trophoblast cells	19784	36/388	30/386	-0.283774	-0.0568745	1.19381
SRX3591439	TFs and others	BRD4	Blood	B-CLL cells	1777	36/388	30/386	-0.283774	-0.0568745	1.19381
SRX673749	TFs and others	MED1	Breast	MCF-7	2426	36/388	30/386	-0.283774	-0.0568745	1.19381
SRX7677724	TFs and others	SUPT5H	Digestive tract	DLD-1	15043	285/388	275/386	-0.283501	-0.0567404	1.03102
SRX356500	TFs and others	STAG1	Blood	Lymphoblastoid cell line	22165	103/388	111/386	-0.283501	-0.0567404	0.923145
SRX10045331	TFs and others	ASXL1	Breast	CAL-51	1053	18/388	22/386	-0.283259	-0.0567404	0.813964
SRX10119382	TFs and others	STAT3	Breast	MCF 10A	5073	18/388	22/386	-0.283259	-0.0567404	0.813964
SRX150646	TFs and others	GATA3	Neural	SK-N-SH	9136	18/388	22/386	-0.283259	-0.0567404	0.813964
SRX2513525	TFs and others	ESR1	Breast	MCF-7	6567	18/388	22/386	-0.283259	-0.0567404	0.813964
SRX9779520	TFs and others	HDAC2	Lung	NCI-H1963	2913	18/388	22/386	-0.283259	-0.0567404	0.813964
SRX150477	TFs and others	FOS	Breast	MCF 10A	69827	112/388	103/386	-0.282879	-0.0565353	1.08177
SRX190214	TFs and others	CBX3	Digestive tract	HCT 116	43092	276/388	283/386	-0.282879	-0.0565353	0.970238
SRX204409	TFs and others	BRD4	Blood	P493-6	1893	23/388	18/386	-0.282782	-0.0565353	1.27119
SRX243762	TFs and others	PAX5	Blood	NAMALWA	4306	23/388	18/386	-0.282782	-0.0565353	1.27119
SRX4815195	TFs and others	TLE3	Breast	SUM 159PT	13024	23/388	18/386	-0.282782	-0.0565353	1.27119
SRX3931081	TFs and others	FOXA1	Breast	MCF-7	17186	47/388	53/386	-0.282574	-0.0564358	0.882221
SRX3931093	TFs and others	FOXA1	Breast	MCF-7	17009	47/388	53/386	-0.282574	-0.0564358	0.882221
SRX10212070	TFs and others	CEBPB	Blood	CD4+ T cells	12022	70/388	77/386	-0.282347	-0.0563171	0.904405
SRX9469983	TFs and others	KLF4	Prostate	LAPC-4	18906	70/388	77/386	-0.282347	-0.0563171	0.904405
SRX8406516	TFs and others	FOXA1	Prostate	Prostatic Neoplasms, Castration-Resistant	17190	54/388	47/386	-0.282058	-0.0560828	1.14301
SRX3644342	TFs and others	FOXA2	Epidermis	BJ	36491	71/388	78/386	-0.280583	-0.0546621	0.905564
SRX1690210	TFs and others	MYCN	Neural	KELLY	4670	48/388	54/386	-0.279709	-0.0540585	0.884307
SRX2355083	TFs and others	RELA	Cardiovascular	HAEC	7399	48/388	54/386	-0.279709	-0.0540585	0.884307
SRX5534865	TFs and others	GATA3	Breast	MCF-7	4155	48/388	54/386	-0.279709	-0.0540585	0.884307
SRX5574340	TFs and others	SPI1	Blood	B cells	9909	48/388	54/386	-0.279709	-0.0540585	0.884307
SRX2944446	TFs and others	MYC	Breast	MCF 10A	2157	31/388	36/386	-0.2796	-0.0540585	0.856672
SRX5577149	TFs and others	Epitope tags	Prostate	LNCAP	26601	31/388	36/386	-0.2796	-0.0540585	0.856672
SRX6743049	TFs and others	AR	Prostate	VCaP	27927	31/388	36/386	-0.2796	-0.0540585	0.856672
SRX2841992	TFs and others	BRD4	Blood	K-562	4054	55/388	48/386	-0.279197	-0.0537636	1.13993
SRX318858	TFs and others	ZBTB17	Breast	MDA-MB-231	2651	55/388	48/386	-0.279197	-0.0537636	1.13993
SRX8512860	TFs and others	SMARCC1	Digestive tract	HCT 116	1944	37/388	31/386	-0.279113	-0.0537344	1.1874
SRX150476	TFs and others	FOS	Breast	MCF 10A	59497	116/388	107/386	-0.279055	-0.05373	1.07852
SRX5574463	TFs and others	SPI1	Blood	CTV-1	19543	72/388	79/386	-0.278863	-0.0536468	0.906695
SRX8616828	TFs and others	FOSL2	Lung	A549	16936	72/388	79/386	-0.278863	-0.0536468	0.906695
SRX3737119	TFs and others	NELFA	Kidney	293	5031	118/388	109/386	-0.27726	-0.0520978	1.07699
SRX250091	TFs and others	MYC	Breast	MDA-MB-453	26756	315/388	306/386	-0.277186	-0.0520779	1.02411
SRX150635	TFs and others	RFX5	Blood	GM12878	2784	49/388	55/386	-0.276942	-0.0519963	0.886317
SRX1515040	TFs and others	GFP	Kidney	293	15727	49/388	55/386	-0.276942	-0.0519963	0.886317
SRX8406421	TFs and others	AR	Prostate	Prostate	15165	49/388	55/386	-0.276942	-0.0519963	0.886317
SRX10119154	TFs and others	CREB1	Blood	MV-4-11	2036	56/388	49/386	-0.276434	-0.0516511	1.13697
SRX3657349	TFs and others	Epitope tags	Kidney	293	78227	332/388	337/386	-0.276434	-0.0516511	0.980085
SRX4892338	TFs and others	Epitope tags	Kidney	293	78191	332/388	337/386	-0.276434	-0.0516511	0.980085
SRX475782	TFs and others	REST	Blood	GM12878	4408	19/388	23/386	-0.275586	-0.0509648	0.821829
SRX6483133	TFs and others	ARID2	Neural	NGP	1792	19/388	23/386	-0.275586	-0.0509648	0.821829
SRX722349	TFs and others	NIPBL	Blood	RAMOS	3773	19/388	23/386	-0.275586	-0.0509648	0.821829
SRX722348	TFs and others	NIPBL	Blood	RAMOS	4997	32/388	37/386	-0.275165	-0.0506104	0.860407
SRX3592679	TFs and others	GATA6	Pluripotent stem cell	hESC HUES8	12655	24/388	19/386	-0.275123	-0.0506104	1.25665
SRX4374904	TFs and others	RBPJ	Breast	MB 157	3916	82/388	74/386	-0.275005	-0.0505467	1.1024
SRX3931097	TFs and others	GRHL2	Breast	MCF-7	15107	75/388	82/386	-0.273955	-0.0496049	0.90992
SRX6099463	TFs and others	POU2F1	Blood	DLBCL	7357	75/388	82/386	-0.273955	-0.0496049	0.90992
SRX6099458	TFs and others	POU2AF1	Blood	DLBCL	14567	122/388	113/386	-0.273891	-0.0495945	1.07408
SRX100435	TFs and others	IRF4	Blood	GM12878	13240	57/388	50/386	-0.273764	-0.0495762	1.13412
SRX186612	TFs and others	MYC	Lung	A549	3756	57/388	50/386	-0.273764	-0.0495762	1.13412
SRX2897209	TFs and others	ESR1	Breast	Breast cancer cells	5967	123/388	114/386	-0.273092	-0.0490269	1.07339
SRX3923533	TFs and others	FOXA1	Breast	ZR-75-1	40153	76/388	83/386	-0.272398	-0.0490269	0.910943
SRX8080551	TFs and others	Epitope tags	Breast	Mammary gland ductal carcinoma	18657	124/388	115/386	-0.27231	-0.0490269	1.0727
SRX026660	TFs and others	ERG	Blood	Hematopoietic cells	4570	10/388	13/386	-0.272243	-0.0490269	0.765266
SRX096354	TFs and others	CDX2	Digestive tract	LS-180	7097	10/388	13/386	-0.272243	-0.0490269	0.765266
SRX186824	TFs and others	ESR1	Breast	Breast cancer	3648	10/388	13/386	-0.272243	-0.0490269	0.765266
SRX3629604	TFs and others	ESR1	Breast	MCF-7	4186	10/388	13/386	-0.272243	-0.0490269	0.765266
SRX392785	TFs and others	REST	Blood	GM12878	2639	10/388	13/386	-0.272243	-0.0490269	0.765266
SRX392790	TFs and others	REST	Blood	GM12878	2546	10/388	13/386	-0.272243	-0.0490269	0.765266
SRX392797	TFs and others	REST	Blood	Jurkat	2928	10/388	13/386	-0.272243	-0.0490269	0.765266
SRX4119718	TFs and others	Epitope tags	Kidney	293	752	10/388	13/386	-0.272243	-0.0490269	0.765266
SRX4655782	TFs and others	CTCF	Liver	Hep G2	1338	10/388	13/386	-0.272243	-0.0490269	0.765266
SRX5089531	TFs and others	ARID2	Breast	MCF-7	5817	10/388	13/386	-0.272243	-0.0490269	0.765266
SRX5534841	TFs and others	FOXA1	Breast	MCF-7	5568	10/388	13/386	-0.272243	-0.0490269	0.765266
SRX732510	TFs and others	KDM3A	Blood	Jurkat	10821	10/388	13/386	-0.272243	-0.0490269	0.765266
SRX7544093	TFs and others	ESR1	Uterus	Ishikawa	4910	10/388	13/386	-0.272243	-0.0490269	0.765266
SRX769725	TFs and others	SUMO2	Prostate	VCaP	2226	10/388	13/386	-0.272243	-0.0490269	0.765266
SRX8616840	TFs and others	JUNB	Lung	A549	5606	10/388	13/386	-0.272243	-0.0490269	0.765266
SRX3509030	TFs and others	TFAP2C	Pluripotent stem cell	hESC UCLA1	4137	84/388	76/386	-0.271857	-0.0490045	1.09957
SRX1099626	TFs and others	GRHL2	Gonad	OVCAR-3	2084	14/388	10/386	-0.271795	-0.0490045	1.39278
SRX1733715	TFs and others	ESR1	Breast	MCF-7	1556	14/388	10/386	-0.271795	-0.0490045	1.39278
SRX6780854	TFs and others	CREB1	Neural	Frontal cortex	976	14/388	10/386	-0.271795	-0.0490045	1.39278
SRX6913058	TFs and others	BRD3	Blood	THP-1	873	14/388	10/386	-0.271795	-0.0490045	1.39278
SRX7130716	TFs and others	CTCF	Breast	MCF 10A	2955	14/388	10/386	-0.271795	-0.0490045	1.39278
SRX8391106	TFs and others	FOSL1	Others	Head and neck squamous cell carcinoma 	1809	14/388	10/386	-0.271795	-0.0490045	1.39278
SRX190211	TFs and others	PBX3	Lung	A549	4547	51/388	57/386	-0.271682	-0.0490045	0.890125
SRX3931032	TFs and others	FOXA1	Breast	MCF-7	21846	51/388	57/386	-0.271682	-0.0490045	0.890125
SRX3931082	TFs and others	FOXA1	Breast	MCF-7	18981	51/388	57/386	-0.271682	-0.0490045	0.890125
SRX3256865	TFs and others	RYBP	Pluripotent stem cell	hESC H1	6487	117/388	125/386	-0.271419	-0.0487954	0.931175
SRX6473439	TFs and others	Epitope tags	Pluripotent stem cell	hESC derived neural crests	36458	355/388	348/386	-0.270945	-0.0484826	1.01486
SRX014766	TFs and others	MethylCap	Blood	NB-4	11074	33/388	38/386	-0.270945	-0.0484826	0.863945
SRX3478024	TFs and others	CTCF	Uterus	HeLa	7013	33/388	38/386	-0.270945	-0.0484826	0.863945
SRX3033232	TFs and others	ETS1	Gonad	OVCAR-8	1730	39/388	33/386	-0.270473	-0.0481188	1.17573
SRX5323826	TFs and others	FOXA1	Breast	T-47D	13333	39/388	33/386	-0.270473	-0.0481188	1.17573
SRX5286309	TFs and others	AR	Prostate	LNCAP	28220	303/388	309/386	-0.270339	-0.0480921	0.975528
SRX9005596	TFs and others	Epitope tags	Others	TM5	104760	303/388	309/386	-0.270339	-0.0480921	0.975528
SRX4385551	TFs and others	SUPT5H	Digestive tract	HCT 116	3575	78/388	85/386	-0.269397	-0.0472238	0.912917
SRX1514937	TFs and others	GFP	Kidney	293	13566	120/388	128/386	-0.269265	-0.0472238	0.932668
SRX541385	TFs and others	EZH2	Blood	Multiple Myeloma	12945	120/388	128/386	-0.269265	-0.0472238	0.932668
SRX1156476	TFs and others	GATA3	Breast	MDA-MB-231	18230	52/388	58/386	-0.269181	-0.0472238	0.89193
SRX3124403	TFs and others	CTCFL	Neural	KELLY	6174	52/388	58/386	-0.269181	-0.0472238	0.89193
SRX9599278	TFs and others	REST	Uterus	HEC-1-B	4890	59/388	52/386	-0.268685	-0.0472238	1.12877
SRX3927305	TFs and others	CTCF	Muscle	SYO-1	60011	259/388	266/386	-0.26864	-0.0472238	0.968665
SRX1161199	TFs and others	ESR1	Breast	T-47D	4948	20/388	24/386	-0.268503	-0.0472238	0.829038
SRX1614805	TFs and others	ZNF366	Blood	Dendritic Cells	4003	20/388	24/386	-0.268503	-0.0472238	0.829038
SRX2017935	TFs and others	HNF4G	Prostate	LNCAP	4038	20/388	24/386	-0.268503	-0.0472238	0.829038
SRX2140211	TFs and others	HDAC2	Blood	MM.1S	4677	20/388	24/386	-0.268503	-0.0472238	0.829038
SRX3070473	TFs and others	NR3C1	Breast	MCF 10A	7180	20/388	24/386	-0.268503	-0.0472238	0.829038
SRX3144981	TFs and others	GFI1	Blood	Kasumi-1	2991	20/388	24/386	-0.268503	-0.0472238	0.829038
SRX475777	TFs and others	REST	Blood	GM12878	4351	20/388	24/386	-0.268503	-0.0472238	0.829038
SRX5803008	TFs and others	POLR2C	Kidney	293	1637	20/388	24/386	-0.268503	-0.0472238	0.829038
SRX7262418	TFs and others	FOXA1	Others	Bladder cancer	7292	20/388	24/386	-0.268503	-0.0472238	0.829038
SRX7428079	TFs and others	IRF4	Blood	Memory B cells	2013	20/388	24/386	-0.268503	-0.0472238	0.829038
SRX795223	TFs and others	BRD4	Breast	SUM 159PT	2547	20/388	24/386	-0.268503	-0.0472238	0.829038
SRX1161172	TFs and others	FOXA1	Breast	MCF-7	22366	130/388	121/386	-0.267952	-0.0467771	1.06884
SRX5574389	TFs and others	SPI1	Blood	THP-1	28428	79/388	86/386	-0.267949	-0.0467771	0.91387
SRX190332	TFs and others	MYBL2	Liver	Hep G2	15320	123/388	131/386	-0.267247	-0.0464114	0.934091
SRX7944503	TFs and others	ESR1	Uterus	Ishikawa	6308	34/388	39/386	-0.266925	-0.0464114	0.867301
SRX8707939	TFs and others	MED1	Epidermis	Keratinocytes	3255	34/388	39/386	-0.266925	-0.0464114	0.867301
SRX5323877	TFs and others	ESR1	Breast	MCF-7	19680	53/388	59/386	-0.266759	-0.0464114	0.893675
SRX295035	TFs and others	MECP2	Lung	IMR-90	2181	40/388	34/386	-0.26646	-0.0464114	1.17041
SRX1304828	TFs and others	MED26	Bone	U2OS	2644	60/388	53/386	-0.266267	-0.0464114	1.12624
SRX9562886	TFs and others	SMARCA4	Muscle	RH-4	7405	133/388	124/386	-0.265975	-0.0464114	1.06705
SRX150435	TFs and others	FOS	Blood	K-562	8213	81/388	88/386	-0.265155	-0.0464114	0.91571
SRX6957477	TFs and others	FOXL2	Gonad	KGN	32253	81/388	88/386	-0.265155	-0.0464114	0.91571
SRX3205374	TFs and others	TP63	Others	Head and neck squamous cell carcinoma 	16324	54/388	60/386	-0.264415	-0.0464114	0.895361
SRX6441752	TFs and others	FOXA2	Pancreas	CFPAC-1	27376	54/388	60/386	-0.264415	-0.0464114	0.895361
SRX8616835	TFs and others	FOSL2	Lung	A549	14559	54/388	60/386	-0.264415	-0.0464114	0.895361
SRX2867671	TFs and others	GFP	Kidney	293	17635	136/388	127/386	-0.264123	-0.0464114	1.06535
SRX3145149	TFs and others	RAD21	Neural	IMR-5	68050	252/388	259/386	-0.264123	-0.0464114	0.967958
SRX2267451	TFs and others	BRD4	Digestive tract	NCI-N87	5189	61/388	54/386	-0.263926	-0.0464114	1.12381
SRX4708035	TFs and others	RBM22	Liver	Hep G2	5541	61/388	54/386	-0.263926	-0.0464114	1.12381
SRX5323830	TFs and others	FOXA1	Breast	T-47D	21952	61/388	54/386	-0.263926	-0.0464114	1.12381
SRX9178854	TFs and others	HAP1	Blood	HAP1	2625	61/388	54/386	-0.263926	-0.0464114	1.12381
SRX015141	TFs and others	FOS	Blood	K-562	8231	82/388	89/386	-0.263807	-0.0464114	0.916599
SRX1033276	TFs and others	FOXA1	Prostate	LNCAP	43605	82/388	89/386	-0.263807	-0.0464114	0.916599
SRX3931054	TFs and others	FOXA1	Breast	MCF-7	32397	82/388	89/386	-0.263807	-0.0464114	0.916599
SRX627430	TFs and others	SPI1	Blood	Dendritic Cells	48125	129/388	137/386	-0.263586	-0.0464114	0.936752
SRX016976	TFs and others	TP73	Bone	Saos-2	3394	4/388	6/386	-0.263315	-0.0464114	0.66323
SRX023656	TFs and others	CCDC101	Uterus	HeLa	748	4/388	6/386	-0.263315	-0.0464114	0.66323
SRX11078134	TFs and others	RNF2	Kidney	293	440	4/388	6/386	-0.263315	-0.0464114	0.66323
SRX1272790	TFs and others	BRD4	Digestive tract	COLO 205	979	4/388	6/386	-0.263315	-0.0464114	0.66323
SRX150451	TFs and others	SIRT6	Blood	K-562	720	4/388	6/386	-0.263315	-0.0464114	0.66323
SRX1672130	TFs and others	RELA	Lung	BEAS-2B	1922	4/388	6/386	-0.263315	-0.0464114	0.66323
SRX2023714	TFs and others	GATA4	Pluripotent stem cell	iPS derived cardiac cells	845	4/388	6/386	-0.263315	-0.0464114	0.66323
SRX2198833	TFs and others	LARP7	Uterus	HeLa	1033	4/388	6/386	-0.263315	-0.0464114	0.66323
SRX2319765	TFs and others	VDR	Blood	THP-1	1532	4/388	6/386	-0.263315	-0.0464114	0.66323
SRX2321775	TFs and others	NKX2-5	Pluripotent stem cell	ES cells	3526	4/388	6/386	-0.263315	-0.0464114	0.66323
SRX2514244	TFs and others	ESR1	Uterus	Carcinoma, Endometrioid	2611	4/388	6/386	-0.263315	-0.0464114	0.66323
SRX2708828	TFs and others	YY1	Liver	HuH-7	231	4/388	6/386	-0.263315	-0.0464114	0.66323
SRX2842444	TFs and others	FOSL1	Bone	143B	2949	4/388	6/386	-0.263315	-0.0464114	0.66323
SRX2871350	TFs and others	GATA3	Breast	T-47D	2186	4/388	6/386	-0.263315	-0.0464114	0.66323
SRX2924016	TFs and others	TP53	Breast	MCF-7	1201	4/388	6/386	-0.263315	-0.0464114	0.66323
SRX328777	TFs and others	GATA6	Digestive tract	LS-174T	2001	4/388	6/386	-0.263315	-0.0464114	0.66323
SRX3324959	TFs and others	CREBBP	Lung	IMR-90	1397	4/388	6/386	-0.263315	-0.0464114	0.66323
SRX3546802	TFs and others	Epitope tags	Breast	MDA-MB-231	816	4/388	6/386	-0.263315	-0.0464114	0.66323
SRX3546803	TFs and others	Epitope tags	Breast	MDA-MB-231	1022	4/388	6/386	-0.263315	-0.0464114	0.66323
SRX3599314	TFs and others	GATA2	Cardiovascular	HUVEC	1064	4/388	6/386	-0.263315	-0.0464114	0.66323
SRX360026	TFs and others	MAFK	Digestive tract	LoVo	743	4/388	6/386	-0.263315	-0.0464114	0.66323
SRX366175	TFs and others	SMAD3	Lung	A549	3147	4/388	6/386	-0.263315	-0.0464114	0.66323
SRX3781814	TFs and others	Epitope tags	Digestive tract	HCT 116	922	4/388	6/386	-0.263315	-0.0464114	0.66323
SRX4650972	TFs and others	SUZ12	Kidney	293	770	4/388	6/386	-0.263315	-0.0464114	0.66323
SRX4663584	TFs and others	ESR1	Breast	MCF-7	3487	4/388	6/386	-0.263315	-0.0464114	0.66323
SRX4783035	TFs and others	AR	Prostate	Prostate cancer cells	4885	4/388	6/386	-0.263315	-0.0464114	0.66323
SRX5068574	TFs and others	KMT2C	Gonad	BIN-67	2133	4/388	6/386	-0.263315	-0.0464114	0.66323
SRX5068578	TFs and others	KMT2D	Gonad	BIN-67	1011	4/388	6/386	-0.263315	-0.0464114	0.66323
SRX5089393	TFs and others	ARID1A	Breast	MCF-7	2796	4/388	6/386	-0.263315	-0.0464114	0.66323
SRX5099496	TFs and others	STAT3	Blood	TMD8	1832	4/388	6/386	-0.263315	-0.0464114	0.66323
SRX5124831	TFs and others	FOXA1	Prostate	LNCAP	9066	4/388	6/386	-0.263315	-0.0464114	0.66323
SRX5128106	TFs and others	ESR1	Breast	ZR-75-1	2199	4/388	6/386	-0.263315	-0.0464114	0.66323
SRX5203301	TFs and others	CTCF	Breast	MCF-7	2534	4/388	6/386	-0.263315	-0.0464114	0.66323
SRX5323812	TFs and others	ESR1	Breast	T-47D	1921	4/388	6/386	-0.263315	-0.0464114	0.66323
SRX5441325	TFs and others	PCF11	Uterus	HeLa	852	4/388	6/386	-0.263315	-0.0464114	0.66323
SRX5514022	TFs and others	JUN	Uterus	Uterin leiomyoma	543	4/388	6/386	-0.263315	-0.0464114	0.66323
SRX5534854	TFs and others	ESR1	Breast	MCF-7	2013	4/388	6/386	-0.263315	-0.0464114	0.66323
SRX5534873	TFs and others	JUN	Breast	MCF-7	403	4/388	6/386	-0.263315	-0.0464114	0.66323
SRX5771381	TFs and others	SUPT6H	Digestive tract	HCT 116	662	4/388	6/386	-0.263315	-0.0464114	0.66323
SRX5853001	TFs and others	AR	Blood	THP-1	2916	4/388	6/386	-0.263315	-0.0464114	0.66323
SRX6777400	TFs and others	ESR1	Breast	MCF-7	1308	4/388	6/386	-0.263315	-0.0464114	0.66323
SRX7030882	TFs and others	EHMT2	Breast	MCF-7	1645	4/388	6/386	-0.263315	-0.0464114	0.66323
SRX7135406	TFs and others	TP63	Blood	K-562	995	4/388	6/386	-0.263315	-0.0464114	0.66323
SRX7202553	TFs and others	RAD21	Uterus	HEC-1-B	1935	4/388	6/386	-0.263315	-0.0464114	0.66323
SRX730444	TFs and others	EP300	Breast	MCF-7	884	4/388	6/386	-0.263315	-0.0464114	0.66323
SRX753134	TFs and others	GTF2I	Pluripotent stem cell	iPS cells	786	4/388	6/386	-0.263315	-0.0464114	0.66323
SRX7902972	TFs and others	Epitope tags	Kidney	293	2006	4/388	6/386	-0.263315	-0.0464114	0.66323
SRX8406532	TFs and others	HOXB13	Prostate	Prostate	1393	4/388	6/386	-0.263315	-0.0464114	0.66323
SRX8699646	TFs and others	INTS5	Digestive tract	DLD-1	661	4/388	6/386	-0.263315	-0.0464114	0.66323
SRX8714170	TFs and others	GFI1	Blood	Acute myeloid leukemia	1517	4/388	6/386	-0.263315	-0.0464114	0.66323
SRX9600649	TFs and others	G-quadruplex	Blood	K-562	389	4/388	6/386	-0.263315	-0.0464114	0.66323
SRX9607666	TFs and others	RARA	Pluripotent stem cell	NTERA-2	1836	4/388	6/386	-0.263315	-0.0464114	0.66323
SRX9719178	TFs and others	TET2	Breast	MCF-7	2409	4/388	6/386	-0.263315	-0.0464114	0.66323
SRX9932065	TFs and others	HDAC6	Breast	MCF-7	2886	4/388	6/386	-0.263315	-0.0464114	0.66323
SRX6961673	TFs and others	SUPT5H	Digestive tract	HCT 116	4951	90/388	82/386	-0.263274	-0.0464114	1.0919
ERX1276010	TFs and others	CTCF	Blood	UT-7	6347	35/388	40/386	-0.263091	-0.0464114	0.87049
SRX038664	TFs and others	CTCF	Lung	NHLF	9420	35/388	40/386	-0.263091	-0.0464114	0.87049
SRX9419938	TFs and others	BRD4	Breast	BT-474	10130	35/388	40/386	-0.263091	-0.0464114	0.87049
ERX626852	TFs and others	CEBPA	Blood	U-937	2667	7/388	4/386	-0.262885	-0.0464114	1.74098
SRX11094507	TFs and others	FLI1	Neural	CHLA-10	6086	7/388	4/386	-0.262885	-0.0464114	1.74098
SRX11094572	TFs and others	FLI1	Neural	SK-N-MC	6663	7/388	4/386	-0.262885	-0.0464114	1.74098
SRX1261522	TFs and others	RUNX1	Blood	TF-1	2285	7/388	4/386	-0.262885	-0.0464114	1.74098
SRX3946910	TFs and others	MED1	Others	Mesenchymal stem cells	4181	7/388	4/386	-0.262885	-0.0464114	1.74098
SRX730437	TFs and others	NCAPG	Breast	MCF-7	771	7/388	4/386	-0.262885	-0.0464114	1.74098
SRX8171739	TFs and others	MYBBP1A	Pancreas	BxPC-3	218	7/388	4/386	-0.262885	-0.0464114	1.74098
SRX8616852	TFs and others	JUNB	Lung	A549	2350	7/388	4/386	-0.262885	-0.0464114	1.74098
SRX1127545	TFs and others	SPI1	Blood	RS4-11	16564	41/388	35/386	-0.262632	-0.0462639	1.16539
SRX264464	TFs and others	CDK7	Blood	MM.1S	2347	41/388	35/386	-0.262632	-0.0462639	1.16539
SRX5075170	TFs and others	SMARCA4	Neural	Neural progenitor cells	39820	139/388	130/386	-0.26239	-0.0462615	1.06372
SRX5574355	TFs and others	SPI1	Blood	Monocytes	43285	139/388	130/386	-0.26239	-0.0462615	1.06372
SRX701973	TFs and others	FOXA1	Pluripotent stem cell	hESC derived mesendodermal cells	29452	55/388	61/386	-0.262143	-0.0462615	0.896992
SRX8080549	TFs and others	Epitope tags	Breast	Mammary gland ductal carcinoma	20209	55/388	61/386	-0.262143	-0.0462615	0.896992
SRX150378	TFs and others	MAX	Lung	A549	6190	91/388	83/386	-0.261958	-0.0462615	1.09073
SRX176867	TFs and others	GATA3	Breast	MCF-7	7801	21/388	25/386	-0.26194	-0.0462615	0.83567
SRX186668	TFs and others	HDAC2	Pluripotent stem cell	hESC H1	1610	21/388	25/386	-0.26194	-0.0462615	0.83567
SRX3542259	TFs and others	PHOX2B	Neural	KELLY	27164	21/388	25/386	-0.26194	-0.0462615	0.83567
SRX3546798	TFs and others	Epitope tags	Breast	MDA-MB-231	4934	21/388	25/386	-0.26194	-0.0462615	0.83567
SRX366167	TFs and others	SMAD3	Lung	NCI-H441	9860	21/388	25/386	-0.26194	-0.0462615	0.83567
SRX3751771	TFs and others	FOSL2	Adipocyte	LPS141	7714	21/388	25/386	-0.26194	-0.0462615	0.83567
SRX6027691	TFs and others	ESR1	Uterus	Ishikawa	3397	21/388	25/386	-0.26194	-0.0462615	0.83567
SRX6058754	TFs and others	CEBPA	Breast	T-47D	4486	21/388	25/386	-0.26194	-0.0462615	0.83567
SRX3751770	TFs and others	BRD4	Adipocyte	LPS141	3448	62/388	55/386	-0.261657	-0.0461398	1.12146
SRX849404	TFs and others	CDK8	Blood	K-562	3067	62/388	55/386	-0.261657	-0.0461398	1.12146
SRX2060925	TFs and others	TP53	Bone	SJSA-1	9415	26/388	21/386	-0.2615	-0.0461398	1.23171
SRX3229154	TFs and others	ESR1	Breast	Breast cancer	5107	26/388	21/386	-0.2615	-0.0461398	1.23171
SRX5300516	TFs and others	PDX1	Pluripotent stem cell	iPS derived pancreatic cells	9078	26/388	21/386	-0.2615	-0.0461398	1.23171
SRX7902981	TFs and others	EGR1	Blood	Macrophages	1096	26/388	21/386	-0.2615	-0.0461398	1.23171
SRX2267463	TFs and others	BRD4	Others	RT-112	11568	92/388	84/386	-0.260671	-0.0456615	1.08959
SRX1514973	TFs and others	GFP	Kidney	293	19348	296/388	302/386	-0.260671	-0.0456615	0.97508
SRX1012622	TFs and others	PGR	Breast	T-47D	22573	56/388	62/386	-0.25994	-0.0456615	0.89857
SRX8536128	TFs and others	NFYB	Blood	HUDEP-2	4143	56/388	62/386	-0.25994	-0.0456615	0.89857
SRX8616798	TFs and others	JUN	Lung	A549	14319	56/388	62/386	-0.25994	-0.0456615	0.89857
SRX8037075	TFs and others	KLF5	Lung	HARA	12247	136/388	144/386	-0.259898	-0.0456615	0.939576
SRX022393	TFs and others	VDR	Blood	Lymphoblastoid cell line	2353	11/388	14/386	-0.259756	-0.0456615	0.781664
SRX060811	TFs and others	GATA3	Breast	MCF-7	4110	11/388	14/386	-0.259756	-0.0456615	0.781664
SRX1161167	TFs and others	NR3C1	Breast	MCF-7	11431	11/388	14/386	-0.259756	-0.0456615	0.781664
SRX1161183	TFs and others	ESR1	Breast	ZR-75-1	8487	11/388	14/386	-0.259756	-0.0456615	0.781664
SRX2555300	TFs and others	HAND2	Neural	KELLY	11430	11/388	14/386	-0.259756	-0.0456615	0.781664
SRX3881551	TFs and others	MYC	Prostate	LNCAP	746	11/388	14/386	-0.259756	-0.0456615	0.781664
SRX392802	TFs and others	REST	Blood	Jurkat	3389	11/388	14/386	-0.259756	-0.0456615	0.781664
SRX392803	TFs and others	REST	Blood	Jurkat	3589	11/388	14/386	-0.259756	-0.0456615	0.781664
SRX4096733	TFs and others	SMAD3	Prostate	PC-3	4394	11/388	14/386	-0.259756	-0.0456615	0.781664
SRX469396	TFs and others	ESR1	Breast	MCF-7	4345	11/388	14/386	-0.259756	-0.0456615	0.781664
SRX5172062	TFs and others	SMARCA4	Breast	MCF-7	6356	11/388	14/386	-0.259756	-0.0456615	0.781664
SRX6027686	TFs and others	ESR1	Uterus	Ishikawa	7381	11/388	14/386	-0.259756	-0.0456615	0.781664
SRX8470139	TFs and others	ZMYND8	Digestive tract	HCT 116	1055	11/388	14/386	-0.259756	-0.0456615	0.781664
SRX8520803	TFs and others	NR3C1	Breast	HCC1937	7305	11/388	14/386	-0.259756	-0.0456615	0.781664
SRX8699714	TFs and others	INTS3	Digestive tract	DLD-1	1360	11/388	14/386	-0.259756	-0.0456615	0.781664
SRX9674318	TFs and others	NR3C1	Pluripotent stem cell	iPSC derived hepatocytes	5978	11/388	14/386	-0.259756	-0.0456615	0.781664
SRX3401283	TFs and others	TEAD1	Breast	T-47D	12012	63/388	56/386	-0.259458	-0.0456615	1.1192
SRX150641	TFs and others	EP300	Blood	GM12878	13116	36/388	41/386	-0.259428	-0.0456615	0.873523
SRX736201	TFs and others	BRD4	Neural	90-8TL	11473	36/388	41/386	-0.259428	-0.0456615	0.873523
SRX7427135	TFs and others	SMC3	Blood	CUTLL1	14389	36/388	41/386	-0.259428	-0.0456615	0.873523
SRX11098775	TFs and others	KANSL1	Uterus	HeLa	990	15/388	11/386	-0.25933	-0.0456615	1.35661
SRX3229132	TFs and others	ESR1	Breast	Breast cancer	6678	15/388	11/386	-0.25933	-0.0456615	1.35661
SRX5188634	TFs and others	RUNX3	Digestive tract	SNU-484	12756	15/388	11/386	-0.25933	-0.0456615	1.35661
SRX5661981	TFs and others	VDR	Kidney	Kidney Cortex	1363	15/388	11/386	-0.25933	-0.0456615	1.35661
SRX5975315	TFs and others	CDK12	Bone	MG-63	1005	15/388	11/386	-0.25933	-0.0456615	1.35661
SRX6473453	TFs and others	Epitope tags	Pluripotent stem cell	hESC derived neural crests	524	15/388	11/386	-0.25933	-0.0456615	1.35661
SRX129083	TFs and others	MAX	Blood	P493-6	16089	250/388	240/386	-0.258951	-0.0453876	1.0363
SRX9604645	TFs and others	FOXA1	Prostate	LNCAP	77814	138/388	146/386	-0.258951	-0.0453876	0.940333
SRX3342251	TFs and others	HIF1A	Prostate	PC-3	29162	249/388	239/386	-0.258495	-0.0449841	1.03647
SRX100572	TFs and others	USF1	Liver	Hep G2	19649	147/388	138/386	-0.258309	-0.0448511	1.05973
SRX4705120	TFs and others	GATA3	Blood	Jurkat	8999	94/388	86/386	-0.258186	-0.044781	1.08739
SRX026653	TFs and others	ERG	Blood	CD34 Hematopoietic stem cells	22246	240/388	247/386	-0.257852	-0.0445568	0.966651
SRX10218292	TFs and others	GATA1	Blood	HUDEP-2	11601	57/388	63/386	-0.257804	-0.0445568	0.900098
SRX8536114	TFs and others	GATA1	Blood	HUDEP-2	12519	57/388	63/386	-0.257804	-0.0445568	0.900098
SRX190180	TFs and others	FOXA2	Lung	A549	27528	95/388	87/386	-0.256985	-0.043791	1.08633
SRX6853585	TFs and others	ARNT	Epidermis	SK-MEL-28	12829	143/388	151/386	-0.256779	-0.0436373	0.942138
SRX1758524	TFs and others	Epitope tags	Breast	MCF-7	1587	37/388	42/386	-0.255927	-0.0431105	0.876411
SRX3923512	TFs and others	FOXA1	Breast	MCF-7	12424	22/388	26/386	-0.255839	-0.0431105	0.841792
SRX8406542	TFs and others	HOXB13	Prostate	Prostate	14322	22/388	26/386	-0.255839	-0.0431105	0.841792
SRX8617004	TFs and others	TET2	Breast	MCF-7	8229	22/388	26/386	-0.255839	-0.0431105	0.841792
SRX9426439	TFs and others	Epitope tags	Blood	RAMOS	3372	22/388	26/386	-0.255839	-0.0431105	0.841792
SRX825395	TFs and others	FOXA1	Pancreas	CFPAC-1	25013	58/388	64/386	-0.255731	-0.0431105	0.901579
SRX1384029	TFs and others	ATF3	Digestive tract	HCT 116	5226	43/388	37/386	-0.255479	-0.0431105	1.15617
SRX367328	TFs and others	CDK9	Kidney	293	2376	43/388	37/386	-0.255479	-0.0431105	1.15617
SRX5054308	TFs and others	FOSL2	Neural	Neural progenitor cells	19651	43/388	37/386	-0.255479	-0.0431105	1.15617
SRX12118509	TFs and others	POU2F2	Blood	Naive B cells	2414	27/388	22/386	-0.25541	-0.0431105	1.22095
SRX244190	TFs and others	BACH2	Blood	OCI-LY-7	3821	27/388	22/386	-0.25541	-0.0431105	1.22095
SRX3098198	TFs and others	CEBPA	Blood	Kasumi-1	6492	27/388	22/386	-0.25541	-0.0431105	1.22095
SRX5514044	TFs and others	MED12	Uterus	Uterin leiomyoma	1717	27/388	22/386	-0.25541	-0.0431105	1.22095
SRX6699761	TFs and others	Epitope tags	Liver	Hep G2	16739	27/388	22/386	-0.25541	-0.0431105	1.22095
SRX7214024	TFs and others	CREBBP	Epidermis	Keratinocytes	8268	27/388	22/386	-0.25541	-0.0431105	1.22095
SRX8468593	TFs and others	BRD4	Liver	HuH-7	2675	27/388	22/386	-0.25541	-0.0431105	1.22095
SRX5195727	TFs and others	SMARCA4	Uterus	Endometrial epithelial cells	10487	65/388	58/386	-0.255255	-0.0430083	1.11491
SRX1013967	TFs and others	NELFA	Uterus	HeLa	4461	89/388	96/386	-0.255187	-0.0429929	0.922305
SRX4708072	TFs and others	HNRNPLL	Blood	K-562	8618	157/388	148/386	-0.254213	-0.0420791	1.05534
SRX10119367	TFs and others	WWTR1	Breast	MCF 10A	32483	90/388	97/386	-0.254063	-0.0420791	0.923052
SRX3229139	TFs and others	ESR1	Breast	Breast cancer	5607	90/388	97/386	-0.254063	-0.0420791	0.923052
SRX6853584	TFs and others	ARNT	Epidermis	SK-MEL-28	6830	90/388	97/386	-0.254063	-0.0420791	0.923052
SRX094469	TFs and others	TCF7L2	Digestive tract	HCT 116	15804	158/388	149/386	-0.25386	-0.0419291	1.05494
SRX8699710	TFs and others	INTS3	Digestive tract	DLD-1	2975	59/388	65/386	-0.25372	-0.0418414	0.903013
SRX8337456	TFs and others	NFYA	Blood	HUDEP-2	3712	98/388	90/386	-0.253539	-0.0417125	1.08328
SRX5574447	TFs and others	SPI1	Blood	CTV-1	21126	66/388	59/386	-0.253246	-0.0414723	1.11288
SRX5089507	TFs and others	HDAC1	Breast	MCF-7	1786	38/388	43/386	-0.252575	-0.0409064	0.879166
SRX8472392	TFs and others	RUNX2	Blood	PER-117	5624	38/388	43/386	-0.252575	-0.0409064	0.879166
SRX8949797	TFs and others	ASCL1	Unclassified	Unclassified	22112	289/388	295/386	-0.25244	-0.0408237	0.974611
SRX5624370	TFs and others	SREBF2	Blood	Macrophages	15569	163/388	154/386	-0.25224	-0.0406767	1.05299
SRX1058477	TFs and others	MCPV ST	Epidermis	MKL-1	3887	44/388	38/386	-0.252132	-0.0406738	1.15193
SRX1389379	TFs and others	FOXA1	Pancreas	CFPAC-1	20081	44/388	38/386	-0.252132	-0.0406738	1.15193
SRX1799531	TFs and others	TRIM28	Blood	CD4+ T cells	19462	231/388	221/386	-0.252055	-0.0406487	1.03986
SRX7055004	TFs and others	RELA	Cardiovascular	HAEC	19981	92/388	99/386	-0.251888	-0.0405344	0.924503
SRX8536109	TFs and others	GATA1	Blood	HUDEP-2	28891	158/388	166/386	-0.251789	-0.0405175	0.946901
SRX2017939	TFs and others	FOXA1	Prostate	22Rv1	25382	60/388	66/386	-0.251766	-0.0405175	0.904405
SRX1998423	TFs and others	MYOD1	Muscle	Rhabdomyosarcoma	17281	100/388	92/386	-0.251365	-0.0402977	1.08135
SRX4154215	TFs and others	Epitope tags	Blood	Acute myeloid leukemia	17100	100/388	92/386	-0.251365	-0.0402977	1.08135
SRX4484980	TFs and others	FLI1	Blood	SEM	13411	100/388	92/386	-0.251365	-0.0402977	1.08135
SRX7807113	TFs and others	RUNX2	Unclassified	Unclassified	15870	67/388	60/386	-0.251295	-0.0402977	1.11091
SRX689470	TFs and others	BCL6	Blood	OCI-LY1	22733	228/388	218/386	-0.251284	-0.0402977	1.04048
SRX3511937	TFs and others	TFAP2A	Pluripotent stem cell	iPS cells	16304	167/388	158/386	-0.251112	-0.0401782	1.05151
SRX11196943	TFs and others	GTF2B	Kidney	293	1713	23/388	27/386	-0.25015	-0.0393733	0.847461
SRX186728	TFs and others	EZH2	Neural	NH-A	2709	23/388	27/386	-0.25015	-0.0393733	0.847461
SRX3434290	TFs and others	SKI	Blood	HL-60	4102	23/388	27/386	-0.25015	-0.0393733	0.847461
SRX3511102	TFs and others	SMARCC1	Liver	Hep G2	17786	172/388	163/386	-0.249905	-0.0393316	1.04978
SRX1156520	TFs and others	Epitope tags	Breast	MDA-MB-231	4344	28/388	23/386	-0.24973	-0.0393316	1.21112
SRX5128133	TFs and others	ESR1	Breast	ZR-75-1	7117	28/388	23/386	-0.24973	-0.0393316	1.21112
SRX6913102	TFs and others	BRD4	Blood	CD4+ T cells	1276	28/388	23/386	-0.24973	-0.0393316	1.21112
SRX8080543	TFs and others	Epitope tags	Breast	Mammary gland ductal carcinoma	2893	28/388	23/386	-0.24973	-0.0393316	1.21112
SRX5821030	TFs and others	GATA1	Blood	CD34+	20184	173/388	164/386	-0.24969	-0.0393316	1.04944
SRX882968	TFs and others	5-mC	Prostate	LNCAP	90216	215/388	222/386	-0.24969	-0.0393316	0.963476
SRX8363487	TFs and others	SMARCA4	Neural	NGP	4104	68/388	61/386	-0.2494	-0.0393316	1.10901
SRX5811052	TFs and others	Epitope tags	Uterus	HeLa	2098	39/388	44/386	-0.249363	-0.0393316	0.881795
SRX1892836	TFs and others	ELF1	Digestive tract	SNU-1750	10095	176/388	167/386	-0.249096	-0.0393316	1.04846
SRX1165101	TFs and others	Epitope tags	Liver	Hep G2	9774	177/388	168/386	-0.248915	-0.0393316	1.04814
SRX5141099	TFs and others	SPI1	Blood	THP-1	50523	177/388	168/386	-0.248915	-0.0393316	1.04814
SRX4377561	TFs and others	BRD9	Breast	MDA-MB-231	25454	173/388	181/386	-0.24885	-0.0393316	0.950874
SRX9178826	TFs and others	HAP1	Blood	HAP1	14614	293/388	284/386	-0.2488	-0.0393316	1.02637
SRX037935	TFs and others	CTCF	Blood	CD34+	2368	12/388	15/386	-0.2488	-0.0393316	0.795876
SRX1012626	TFs and others	ESR1	Breast	MCF-7	7678	12/388	15/386	-0.2488	-0.0393316	0.795876
SRX1012681	TFs and others	ESR1	Breast	MCF-7	6173	12/388	15/386	-0.2488	-0.0393316	0.795876
SRX116430	TFs and others	KDM1A	Blood	K-562	4007	12/388	15/386	-0.2488	-0.0393316	0.795876
SRX1733713	TFs and others	ESR1	Breast	MCF-7	2567	12/388	15/386	-0.2488	-0.0393316	0.795876
SRX2458137	TFs and others	MED1	Blood	GM12878	2831	12/388	15/386	-0.2488	-0.0393316	0.795876
SRX3599222	TFs and others	ZBTB16	Blood	KG-1	4152	12/388	15/386	-0.2488	-0.0393316	0.795876
SRX396584	TFs and others	RNF2	Epidermis	Hs 68	2305	12/388	15/386	-0.2488	-0.0393316	0.795876
SRX8376360	TFs and others	FOXA1	Pluripotent stem cell	hESC derived pancreatic cells	6880	12/388	15/386	-0.2488	-0.0393316	0.795876
SRX8406323	TFs and others	HOXB13	Prostate	Prostatic Neoplasms, Castration-Resistant	10024	12/388	15/386	-0.2488	-0.0393316	0.795876
SRX8512774	TFs and others	HSF1	Digestive tract	HCT 116	2234	12/388	15/386	-0.2488	-0.0393316	0.795876
SRX190299	TFs and others	SPI1	Blood	HL-60	56026	180/388	171/386	-0.248421	-0.0391779	1.04721
SRX080146	TFs and others	MYC	Liver	Hep G2	889	16/388	12/386	-0.248393	-0.0391779	1.32646
SRX2937345	TFs and others	SMARCA4	Blood	J-Lat A72	927	16/388	12/386	-0.248393	-0.0391779	1.32646
SRX6969884	TFs and others	CHD6	Cardiovascular	Cardiomyocytes	840	16/388	12/386	-0.248393	-0.0391779	1.32646
SRX1091546	TFs and others	NR2F1	Pluripotent stem cell	hESC derived neural crests	47222	177/388	185/386	-0.248385	-0.0391779	0.951825
SRX5705796	TFs and others	ETS1	Pluripotent stem cell	hESC derived cardiac cells	11129	205/388	212/386	-0.248003	-0.03888	0.961997
SRX4367193	TFs and others	ESR1	Breast	MCF-7	84511	183/388	191/386	-0.247931	-0.03888	0.953176
SRX9178836	TFs and others	HAP1	Blood	HAP1	8680	183/388	191/386	-0.247931	-0.03888	0.953176
SRX1803059	TFs and others	RUNX1	Blood	NB-4	21446	185/388	176/386	-0.247764	-0.0388176	1.04572
SRX8080573	TFs and others	CTCF	Breast	Mammary gland ductal carcinoma	23303	189/388	197/386	-0.247764	-0.0388176	0.954446
SRX8082233	TFs and others	BRD4	Epidermis	Keratinocytes	11652	190/388	181/386	-0.247309	-0.0384145	1.04431
SRX4172745	TFs and others	GATA1	Digestive tract	HCT 116	12333	193/388	184/386	-0.247131	-0.0383408	1.04351
SRX5880865	TFs and others	RAD21	Digestive tract	HCT 116	30961	195/388	202/386	-0.247131	-0.0383408	0.960371
SRX096362	TFs and others	Epitope tags	Cardiovascular	HUVEC	27717	196/388	187/386	-0.247025	-0.0383392	1.04273
SRX689472	TFs and others	BCOR	Blood	OCI-LY1	16155	196/388	187/386	-0.247025	-0.0383392	1.04273
SRX10212063	TFs and others	CEBPB	Blood	THP-1	33022	97/388	104/386	-0.24685	-0.0382687	0.927885
SRX8536130	TFs and others	NFYB	Blood	HUDEP-2	8287	97/388	104/386	-0.24685	-0.0382687	0.927885
SRX698188	TFs and others	SPI1	Blood	Kasumi-1	14566	40/388	45/386	-0.246282	-0.0377531	0.884307
SRX5136354	TFs and others	RTA	Blood	BCBL1	5712	46/388	40/386	-0.245849	-0.037372	1.14407
SRX070876	TFs and others	GATA2	Cardiovascular	HUVEC	10651	24/388	28/386	-0.244831	-0.0365106	0.852725
SRX5289981	TFs and others	NR3C1	Lung	BEAS-2B	10280	24/388	28/386	-0.244831	-0.0365106	0.852725
SRX8142108	TFs and others	TP63	Digestive tract	TE-5	6209	24/388	28/386	-0.244831	-0.0365106	0.852725
SRX10657964	TFs and others	Epitope tags	Blood	NALM-6	3653	29/388	24/386	-0.24442	-0.0364121	1.2021
SRX1961156	TFs and others	ESR1	Breast	T-47D	5671	29/388	24/386	-0.24442	-0.0364121	1.2021
SRX334255	TFs and others	E2F1	Unclassified	Unclassified	1331	29/388	24/386	-0.24442	-0.0364121	1.2021
SRX4108918	TFs and others	HIF1A	Prostate	LNCAP	2600	29/388	24/386	-0.24442	-0.0364121	1.2021
SRX5287711	TFs and others	Biotin	Breast	MCF-7	3051	29/388	24/386	-0.24442	-0.0364121	1.2021
SRX573067	TFs and others	CPSF3L	Uterus	HeLa	1674	29/388	24/386	-0.24442	-0.0364121	1.2021
SRX9975613	TFs and others	STAG2	Bone	A-673	64338	317/388	322/386	-0.244025	-0.0360694	0.979397
SRX1758479	TFs and others	NELFE	Breast	MCF-7	4580	108/388	100/386	-0.243559	-0.0357588	1.07443
SRX6582164	TFs and others	JUN	Epidermis	BJ-5ta	24643	108/388	100/386	-0.243559	-0.0357588	1.07443
SRX895437	TFs and others	SUMO2	Prostate	VCaP	11098	108/388	100/386	-0.243559	-0.0357588	1.07443
SRX7902023	TFs and others	POU5F1	Prostate	22Rv1	2518	47/388	41/386	-0.242896	-0.0351999	1.14043
SRX8018230	TFs and others	CPSF3	Kidney	293	2364	47/388	41/386	-0.242896	-0.0351999	1.14043
SRX5598318	TFs and others	MYOCD	Lung	A549	12245	109/388	101/386	-0.242674	-0.0350387	1.07364
SRX100486	TFs and others	USF1	Blood	K-562	15153	110/388	102/386	-0.241807	-0.0350387	1.07287
SRX10722980	TFs and others	CSTF2	Bone	U2OS	5379	110/388	102/386	-0.241807	-0.0350387	1.07287
SRX699738	TFs and others	JUND	Cardiovascular	HCASMC	57413	111/388	103/386	-0.240959	-0.0350387	1.07211
SRX1161207	TFs and others	FOXA1	Breast	T-47D	19267	42/388	47/386	-0.240482	-0.0350387	0.889011
SRX2609665	TFs and others	NR3C1	Lung	HASM2	28052	42/388	47/386	-0.240482	-0.0350387	0.889011
SRX3990988	TFs and others	PGR	Breast	T-47D	10092	42/388	47/386	-0.240482	-0.0350387	0.889011
SRX5877914	TFs and others	Epitope tags	Bone	U2OS	91697	363/388	357/386	-0.239845	-0.0350387	1.01157
SRX1079390	TFs and others	SUMO2	Prostate	VCaP	9589	25/388	29/386	-0.239845	-0.0350387	0.857625
SRX150421	TFs and others	JUN	Uterus	HeLa	13125	25/388	29/386	-0.239845	-0.0350387	0.857625
SRX2267441	TFs and others	BRD4	Epidermis	A-375	4629	25/388	29/386	-0.239845	-0.0350387	0.857625
SRX3927315	TFs and others	BRD9	Kidney	TTC-1240	2512	25/388	29/386	-0.239845	-0.0350387	0.857625
SRX5702619	TFs and others	AR	Breast	T-47D	17693	25/388	29/386	-0.239845	-0.0350387	0.857625
SRX080157	TFs and others	MYC	Blood	K-562	1870	30/388	25/386	-0.239442	-0.0350387	1.19381
SRX064481	TFs and others	SMAD2	Pluripotent stem cell	hESC H9	2362	13/388	16/386	-0.239093	-0.0350387	0.808312
SRX1703572	TFs and others	GRHL2	Prostate	LNCAP	4734	13/388	16/386	-0.239093	-0.0350387	0.808312
SRX3001594	TFs and others	FOXA1	Unclassified	Unclassified	5124	13/388	16/386	-0.239093	-0.0350387	0.808312
SRX334266	TFs and others	E2F1	Unclassified	Unclassified	848	13/388	16/386	-0.239093	-0.0350387	0.808312
SRX4154211	TFs and others	ZFP64	Blood	Acute myeloid leukemia	3815	13/388	16/386	-0.239093	-0.0350387	0.808312
SRX4796926	TFs and others	PPARG	Adipocyte	Adipose Tissue	8344	13/388	16/386	-0.239093	-0.0350387	0.808312
SRX5124829	TFs and others	FOXA1	Prostate	LAPC-4	22664	13/388	16/386	-0.239093	-0.0350387	0.808312
SRX5287691	TFs and others	ESR1	Breast	T-47D	3937	13/388	16/386	-0.239093	-0.0350387	0.808312
SRX5982340	TFs and others	SMARCA4	Lung	A549	8200	13/388	16/386	-0.239093	-0.0350387	0.808312
SRX6098146	TFs and others	GATA3	Breast	MCF-7	17055	13/388	16/386	-0.239093	-0.0350387	0.808312
SRX656346	TFs and others	BCL6	Blood	ICN12	5179	13/388	16/386	-0.239093	-0.0350387	0.808312
SRX6957396	TFs and others	FOXL2	Kidney	HGrC1	3674	13/388	16/386	-0.239093	-0.0350387	0.808312
SRX8406511	TFs and others	FOXA1	Prostate	Prostate	7829	13/388	16/386	-0.239093	-0.0350387	0.808312
SRX1515050	TFs and others	GFP	Kidney	293	3620	74/388	67/386	-0.239076	-0.0350387	1.09878
SRX145843	TFs and others	ERG	Prostate	RWPE-1	2485	17/388	13/386	-0.238704	-0.0350387	1.30095
SRX3395153	TFs and others	PDX1	Pluripotent stem cell	iPS derived pancreatic cells	4144	17/388	13/386	-0.238704	-0.0350387	1.30095
SRX7692227	TFs and others	Epitope tags	Kidney	293	962	17/388	13/386	-0.238704	-0.0350387	1.30095
SRX813772	TFs and others	RELA	Adipocyte	SGBS	3900	17/388	13/386	-0.238704	-0.0350387	1.30095
SRX8272933	TFs and others	BRD4	Blood	BLaER1	1020	17/388	13/386	-0.238704	-0.0350387	1.30095
ERX1035598	TFs and others	FOXP1	Blood	SU-DHL-6	2693	5/388	7/386	-0.238616	-0.0350387	0.710604
SRX003940	TFs and others	ESR1	Breast	MCF-7	2087	5/388	7/386	-0.238616	-0.0350387	0.710604
SRX016036	TFs and others	RBL2	Lung	IMR-90	3226	5/388	7/386	-0.238616	-0.0350387	0.710604
SRX1136653	TFs and others	GTF2B	Uterus	HeLa	867	5/388	7/386	-0.238616	-0.0350387	0.710604
SRX1614806	TFs and others	ZNF366	Blood	Dendritic Cells	765	5/388	7/386	-0.238616	-0.0350387	0.710604
SRX1650254	TFs and others	NR3C1	Lung	A549	5081	5/388	7/386	-0.238616	-0.0350387	0.710604
SRX1690255	TFs and others	MYCN	Neural	Neuroblastoma	914	5/388	7/386	-0.238616	-0.0350387	0.710604
SRX1758526	TFs and others	Epitope tags	Breast	MCF-7	628	5/388	7/386	-0.238616	-0.0350387	0.710604
SRX188854	TFs and others	Epitope tags	Uterus	HeLa	1454	5/388	7/386	-0.238616	-0.0350387	0.710604
SRX194581	TFs and others	TLE3	Breast	MCF-7	2211	5/388	7/386	-0.238616	-0.0350387	0.710604
SRX2368899	TFs and others	FOXA2	Epidermis	BJ	5857	5/388	7/386	-0.238616	-0.0350387	0.710604
SRX2533041	TFs and others	SIRT1	Blood	K-562	4216	5/388	7/386	-0.238616	-0.0350387	0.710604
SRX2912065	TFs and others	ESR1	Breast	MCF-7	871	5/388	7/386	-0.238616	-0.0350387	0.710604
SRX3271021	TFs and others	KDM1A	Pluripotent stem cell	hESC derived pancreatic cells	887	5/388	7/386	-0.238616	-0.0350387	0.710604
SRX3342252	TFs and others	HIF1A	Prostate	PC-3	935	5/388	7/386	-0.238616	-0.0350387	0.710604
SRX3541097	TFs and others	ESR1	Breast	MCF-7	3508	5/388	7/386	-0.238616	-0.0350387	0.710604
SRX3584305	TFs and others	RARA	Pluripotent stem cell	iPS derived chondrocytes	2900	5/388	7/386	-0.238616	-0.0350387	0.710604
SRX392786	TFs and others	REST	Blood	GM12878	1293	5/388	7/386	-0.238616	-0.0350387	0.710604
SRX4634576	TFs and others	REST	Prostate	LNCAP	1538	5/388	7/386	-0.238616	-0.0350387	0.710604
SRX4650912	TFs and others	RNF2	Kidney	293	385	5/388	7/386	-0.238616	-0.0350387	0.710604
SRX4650937	TFs and others	SUZ12	Kidney	293	675	5/388	7/386	-0.238616	-0.0350387	0.710604
SRX4650938	TFs and others	SUZ12	Kidney	293	717	5/388	7/386	-0.238616	-0.0350387	0.710604
SRX4650971	TFs and others	SUZ12	Kidney	293	747	5/388	7/386	-0.238616	-0.0350387	0.710604
SRX4679525	TFs and others	REST	Neural	SK-N-MM	1485	5/388	7/386	-0.238616	-0.0350387	0.710604
SRX4737858	TFs and others	BAP1	Pancreas	HPDE6	609	5/388	7/386	-0.238616	-0.0350387	0.710604
SRX5089527	TFs and others	SMARCA4	Breast	MCF-7	1412	5/388	7/386	-0.238616	-0.0350387	0.710604
SRX5251428	TFs and others	ESR1	Breast	T-47D	1206	5/388	7/386	-0.238616	-0.0350387	0.710604
SRX5511298	TFs and others	ESR1	Breast	MCF-7	2333	5/388	7/386	-0.238616	-0.0350387	0.710604
SRX5534874	TFs and others	JUN	Breast	MCF-7	3167	5/388	7/386	-0.238616	-0.0350387	0.710604
SRX6483125	TFs and others	SS18	Neural	NGP	1198	5/388	7/386	-0.238616	-0.0350387	0.710604
SRX673748	TFs and others	MED1	Breast	MCF-7	1001	5/388	7/386	-0.238616	-0.0350387	0.710604
SRX7030881	TFs and others	EHMT2	Breast	MCF-7	2203	5/388	7/386	-0.238616	-0.0350387	0.710604
SRX7122007	TFs and others	GRHL1	Breast	MCF-7	2060	5/388	7/386	-0.238616	-0.0350387	0.710604
SRX728770	TFs and others	LEO1	Blood	THP-1	1086	5/388	7/386	-0.238616	-0.0350387	0.710604
SRX7794485	TFs and others	NFE2L2	Lung	BEAS-2B	1404	5/388	7/386	-0.238616	-0.0350387	0.710604
SRX7807126	TFs and others	TEAD1	Adipocyte	Adipocytes	5298	5/388	7/386	-0.238616	-0.0350387	0.710604
SRX7898177	TFs and others	QRICH1	Digestive tract	HT-29	774	5/388	7/386	-0.238616	-0.0350387	0.710604
SRX7902984	TFs and others	EGR1	Blood	Monocytes	470	5/388	7/386	-0.238616	-0.0350387	0.710604
SRX8064822	TFs and others	HDAC1	Blood	Lymphoblastoid cell line	5323	5/388	7/386	-0.238616	-0.0350387	0.710604
SRX8084747	TFs and others	Epitope tags	Breast	SUM 159PT	883	5/388	7/386	-0.238616	-0.0350387	0.710604
SRX8406506	TFs and others	FOXA1	Prostate	Prostate	5083	5/388	7/386	-0.238616	-0.0350387	0.710604
SRX8850929	TFs and others	Epitope tags	Breast	MCF 10A	778	5/388	7/386	-0.238616	-0.0350387	0.710604
SRX062336	TFs and others	RUNX1	Blood	Kasumi-1	1948	8/388	5/386	-0.238231	-0.0350387	1.59175
SRX186807	TFs and others	ESR1	Breast	Breast cancer	1517	8/388	5/386	-0.238231	-0.0350387	1.59175
SRX2355070	TFs and others	IRF1	Cardiovascular	HAEC	671	8/388	5/386	-0.238231	-0.0350387	1.59175
SRX3422334	TFs and others	INSR	Liver	Hep G2	1394	8/388	5/386	-0.238231	-0.0350387	1.59175
SRX5089423	TFs and others	SMARCA4	Breast	MCF-7	2925	8/388	5/386	-0.238231	-0.0350387	1.59175
SRX612502	TFs and others	BRD3	Liver	LX2	618	8/388	5/386	-0.238231	-0.0350387	1.59175
SRX682381	TFs and others	RXRA	Blood	TSU-1621MT	924	8/388	5/386	-0.238231	-0.0350387	1.59175
SRX6852820	TFs and others	POU3F2	Lung	LK-2	360	8/388	5/386	-0.238231	-0.0350387	1.59175
SRX7054935	TFs and others	ERG	Cardiovascular	HAEC	704	8/388	5/386	-0.238231	-0.0350387	1.59175
SRX8726281	TFs and others	BMI1	Others	Tumor	719	8/388	5/386	-0.238231	-0.0350387	1.59175
SRX9600657	TFs and others	G-quadruplex	Blood	K-562	441	8/388	5/386	-0.238231	-0.0350387	1.59175
SRX9674314	TFs and others	NR3C1	Pluripotent stem cell	iPSC derived hepatocytes	4545	8/388	5/386	-0.238231	-0.0350387	1.59175
SRX518680	TFs and others	SPI1	Blood	NCI-H929	10313	68/388	74/386	-0.237966	-0.0348661	0.914182
SRX095408	TFs and others	NCOA1	Breast	LY2	3188	43/388	48/386	-0.237749	-0.0348661	0.891216
SRX100556	TFs and others	MEF2A	Blood	GM12878	12624	43/388	48/386	-0.237749	-0.0348661	0.891216
SRX3931095	TFs and others	FOXA1	Breast	MCF-7	15799	43/388	48/386	-0.237749	-0.0348661	0.891216
SRX668343	TFs and others	GFP	Kidney	293	2514	43/388	48/386	-0.237749	-0.0348661	0.891216
SRX8080564	TFs and others	Epitope tags	Breast	Mammary gland adenocarcinoma	11329	43/388	48/386	-0.237749	-0.0348661	0.891216
SRX268452	TFs and others	GRHL2	Lung	Tracheal epithelial cells	14853	49/388	43/386	-0.23733	-0.034498	1.13366
SRX1690201	TFs and others	BRD4	Neural	BE(2)-C	5348	76/388	69/386	-0.23599	-0.0332611	1.09577
SRX4931237	TFs and others	KMT2A	Kidney	293	3242	76/388	69/386	-0.23599	-0.0332611	1.09577
SRX1012644	TFs and others	EP300	Breast	MCF-7	13662	26/388	30/386	-0.235159	-0.0325847	0.862199
SRX1653203	TFs and others	NR4A1	Blood	Kasumi-1	10301	26/388	30/386	-0.235159	-0.0325847	0.862199
SRX895433	TFs and others	SUMO2	Blood	K-562	1586	26/388	30/386	-0.235159	-0.0325847	0.862199
SRX1033279	TFs and others	FOXA1	Prostate	LNCAP	38676	70/388	76/386	-0.234956	-0.0324331	0.916305
SRX100390	TFs and others	HDAC2	Pluripotent stem cell	hESC H1	3803	31/388	26/386	-0.234765	-0.0322936	1.18616
SRX218421	TFs and others	EP300	Blood	Erythroid Cells	4261	77/388	70/386	-0.234507	-0.0320871	1.09433
SRX037419	TFs and others	NFYB	Blood	K-562	10238	121/388	113/386	-0.233391	-0.0310221	1.06528
SRX2268291	TFs and others	CHD1	Others	Mesenchymal stem cells	6455	122/388	114/386	-0.232718	-0.0304006	1.06466
SRX1161202	TFs and others	FOXA1	Breast	T-47D	18148	45/388	50/386	-0.232585	-0.0303705	0.895361
SRX150714	TFs and others	SMARCB1	Uterus	HeLa	2828	45/388	50/386	-0.232585	-0.0303705	0.895361
SRX10644243	TFs and others	CDT1	Digestive tract	HCT 116	6771	51/388	45/386	-0.232173	-0.0300096	1.12749
SRX6441753	TFs and others	FOXA2	Pancreas	CFPAC-1	31629	72/388	78/386	-0.232097	-0.0299853	0.918319
SRX6473436	TFs and others	Epitope tags	Pluripotent stem cell	hESC derived neural crests	14564	271/388	262/386	-0.231302	-0.0293719	1.02902
SRX4179961	TFs and others	Epitope tags	Pancreas	SUIT-2	33313	125/388	117/386	-0.230783	-0.0293719	1.06287
SRX9550928	TFs and others	FOXA1	Prostate	Prostate cancer	52172	118/388	125/386	-0.230684	-0.0293719	0.939134
SRX016980	TFs and others	TP53	Bone	Saos-2	7324	14/388	17/386	-0.230422	-0.0293719	0.819284
SRX2020840	TFs and others	STAT3	Breast	MDA-MB-231	4071	14/388	17/386	-0.230422	-0.0293719	0.819284
SRX2944450	TFs and others	MYC	Breast	MCF 10A	1152	14/388	17/386	-0.230422	-0.0293719	0.819284
SRX3080211	TFs and others	JUN	Breast	MCF-7	7141	14/388	17/386	-0.230422	-0.0293719	0.819284
SRX317598	TFs and others	EZH2	Pluripotent stem cell	iPS cells	1939	14/388	17/386	-0.230422	-0.0293719	0.819284
SRX392780	TFs and others	REST	Blood	GM12878	3221	14/388	17/386	-0.230422	-0.0293719	0.819284
SRX5124825	TFs and others	FOXA1	Prostate	C4-2	10991	14/388	17/386	-0.230422	-0.0293719	0.819284
SRX5729948	TFs and others	AR	Prostate	LNCAP	12114	14/388	17/386	-0.230422	-0.0293719	0.819284
SRX6957434	TFs and others	FOXL2	Kidney	HGrC1	3254	14/388	17/386	-0.230422	-0.0293719	0.819284
SRX8406425	TFs and others	AR	Prostate	Prostate	12003	14/388	17/386	-0.230422	-0.0293719	0.819284
SRX8520797	TFs and others	STAT3	Breast	MDA-MB-231	4070	14/388	17/386	-0.230422	-0.0293719	0.819284
SRX094470	TFs and others	TCF7L2	Kidney	293	4841	32/388	27/386	-0.23036	-0.0293719	1.17908
SRX2837386	TFs and others	REL	Blood	GM12878	4304	32/388	27/386	-0.23036	-0.0293719	1.17908
SRX1042046	TFs and others	BPTF	Blood	Erythroid Cells	4101	80/388	73/386	-0.230277	-0.0293719	1.09024
SRX5600892	TFs and others	OLIG2	Neural	Prefrontal Cortex	4752	80/388	73/386	-0.230277	-0.0293719	1.09024
SRX4680620	TFs and others	MYBL2	Bone	A-673	6646	126/388	118/386	-0.230164	-0.0293719	1.06229
SRX11705917	TFs and others	MYCN	Neural	SK-N-BE(2)	2697	46/388	51/386	-0.230142	-0.0293719	0.897312
SRX150362	TFs and others	RELA	Blood	GM18526	6795	46/388	51/386	-0.230142	-0.0293719	0.897312
SRX1514281	TFs and others	LYL1	Blood	Kasumi-1	12927	46/388	51/386	-0.230142	-0.0293719	0.897312
SRX7512712	TFs and others	AR	Prostate	VCaP	37706	46/388	51/386	-0.230142	-0.0293719	0.897312
SRX3230390	TFs and others	KDM3A	Liver	Hep G2	1667	18/388	14/386	-0.230048	-0.0293719	1.27909
SRX5068571	TFs and others	SMARCC1	Gonad	BIN-67	2351	18/388	14/386	-0.230048	-0.0293719	1.27909
SRX5157159	TFs and others	CEBPA	Blood	THP-1	7388	18/388	14/386	-0.230048	-0.0293719	1.27909
SRX8550422	TFs and others	FLI1	Bone	A-673	9016	18/388	14/386	-0.230048	-0.0293719	1.27909
SRX9719182	TFs and others	GATA3	Breast	MCF-7	7665	18/388	14/386	-0.230048	-0.0293719	1.27909
SRX150618	TFs and others	MAX	Blood	K-562	3252	52/388	46/386	-0.229735	-0.0291616	1.12461
SRX2255894	TFs and others	Epitope tags	Kidney	293	11566	52/388	46/386	-0.229735	-0.0291616	1.12461
SRX150572	TFs and others	CEBPB	Liver	Hep G2	43465	127/388	119/386	-0.229559	-0.0290367	1.06173
SRX476920	TFs and others	SNAI2	Epidermis	Keratinocytes	5637	74/388	80/386	-0.229379	-0.0289081	0.920232
SRX2513523	TFs and others	ESR1	Breast	MCF-7	11298	28/388	32/386	-0.226584	-0.0277536	0.87049
SRX734341	TFs and others	CHD8	Breast	T-47D	25557	28/388	32/386	-0.226584	-0.0277536	0.87049
SRX150387	TFs and others	CHD2	Liver	Hep G2	3909	83/388	76/386	-0.226352	-0.0277536	1.08648
SRX100448	TFs and others	FOXA2	Liver	Hep G2	45168	127/388	134/386	-0.225681	-0.0277536	0.942876
SRX100576	TFs and others	SPI1	Blood	GM12878	36094	127/388	134/386	-0.225681	-0.0277536	0.942876
SRX5576989	TFs and others	CREB1	Lung	A549	19952	340/388	333/386	-0.225512	-0.0277536	1.01576
SRX10212066	TFs and others	ATF4	Blood	CD4+ T cells	12151	48/388	53/386	-0.225512	-0.0277536	0.900992
SRX100525	TFs and others	FOXP2	Neural	PFSK-1	3107	54/388	48/386	-0.225112	-0.0277536	1.1192
SRX9932045	TFs and others	STAT5A	Breast	MCF-7	8210	129/388	136/386	-0.224697	-0.0277536	0.94364
SRX4213896	TFs and others	LIN9	Breast	MCF 10A	3491	78/388	84/386	-0.224328	-0.0277536	0.923785
SRX5574501	TFs and others	SMARCA4	Blood	CTV-1	15599	78/388	84/386	-0.224328	-0.0277536	0.923785
SRX2982415	TFs and others	FOXA1	Uterus	Ishikawa	16493	85/388	78/386	-0.22389	-0.0277536	1.08413
SRX356687	TFs and others	STAG1	Blood	GM19239	29621	131/388	138/386	-0.223756	-0.0277536	0.944382
SRX1012618	TFs and others	PGR	Breast	T-47D	18933	49/388	54/386	-0.223316	-0.0277536	0.90273
SRX356782	TFs and others	STAG1	Blood	Lymphoblastoid cell line	31610	133/388	140/386	-0.222856	-0.0277536	0.945103
SRX2368886	TFs and others	FOXA2	Liver	Hep G2	13053	140/388	132/386	-0.222771	-0.0277536	1.05514
SRX190186	TFs and others	EGR1	Blood	GM12878	1743	29/388	33/386	-0.222648	-0.0277536	0.874258
SRX2900151	TFs and others	KMT2C	Breast	CAL-51	2599	29/388	33/386	-0.222648	-0.0277536	0.874258
SRX2913025	TFs and others	FLI1	Bone	A-673	6178	29/388	33/386	-0.222648	-0.0277536	0.874258
SRX4411667	TFs and others	MYC	Prostate	LNCAP	7536	29/388	33/386	-0.222648	-0.0277536	0.874258
SRX9419937	TFs and others	BRD4	Breast	BT-474	9482	29/388	33/386	-0.222648	-0.0277536	0.874258
SRX097070	TFs and others	GATA1	Blood	CD34+	5430	15/388	18/386	-0.222619	-0.0277536	0.829038
SRX3186359	TFs and others	Epitope tags	Lung	HCC95	2289	15/388	18/386	-0.222619	-0.0277536	0.829038
SRX5287693	TFs and others	TEAD4	Breast	T-47D	4119	15/388	18/386	-0.222619	-0.0277536	0.829038
SRX573035	TFs and others	ELL2	Uterus	HeLa	1486	15/388	18/386	-0.222619	-0.0277536	0.829038
SRX8861815	TFs and others	ESR1	Breast	T-47D	5318	15/388	18/386	-0.222619	-0.0277536	0.829038
SRX059708	TFs and others	ERG	Prostate	VCaP	15043	141/388	133/386	-0.222326	-0.0277536	1.05469
SRX10119145	TFs and others	CREB1	Blood	MV-4-11	1268	34/388	29/386	-0.222274	-0.0277536	1.16637
SRX11196940	TFs and others	TAF1	Kidney	293	1724	34/388	29/386	-0.222274	-0.0277536	1.16637
SRX2900156	TFs and others	KDM6A	Breast	CAL-51	1354	34/388	29/386	-0.222274	-0.0277536	1.16637
SRX2671518	TFs and others	Epitope tags	Kidney	293	1206	19/388	15/386	-0.222258	-0.0277536	1.26014
SRX268298	TFs and others	FOSL1	Breast	BT-549	12618	19/388	15/386	-0.222258	-0.0277536	1.26014
SRX5887613	TFs and others	TEAD4	Lung	PC-9	6355	19/388	15/386	-0.222258	-0.0277536	1.26014
SRX725582	TFs and others	MYB	Blood	Jurkat	30015	253/388	244/386	-0.221997	-0.0277536	1.03154
SRX7677723	TFs and others	SUPT5H	Digestive tract	DLD-1	17114	308/388	300/386	-0.221979	-0.0277536	1.02137
SRX129111	TFs and others	MAX	Lung	NCI-H2171	48835	338/388	331/386	-0.221193	-0.0277536	1.01588
SRX6957464	TFs and others	FOXL2	Kidney	HGrC1	14541	50/388	55/386	-0.221193	-0.0277536	0.904405
SRX3927297	TFs and others	DPF2	Blood	MOLM-13	28821	81/388	87/386	-0.220845	-0.0277536	0.926235
SRX150391	TFs and others	MAFK	Blood	K-562	19048	56/388	50/386	-0.220799	-0.0277536	1.11423
SRX3599294	TFs and others	ETS1	Cardiovascular	HUVEC	2989	56/388	50/386	-0.220799	-0.0277536	1.11423
SRX627428	TFs and others	SPI1	Blood	Dendritic Cells	53273	138/388	145/386	-0.220782	-0.0277536	0.946818
SRX6813402	TFs and others	CEBPB	Blood	THP-1	39339	146/388	138/386	-0.220247	-0.0277536	1.05252
SRX1091551	TFs and others	TFAP2A	Pluripotent stem cell	hESC derived neural crests	46427	306/388	298/386	-0.219738	-0.0277536	1.02155
SRX059716	TFs and others	EZH2	Prostate	VCaP	1458	6/388	8/386	-0.219559	-0.0277536	0.746134
SRX064483	TFs and others	SMAD4	Pluripotent stem cell	hESC H9	714	6/388	8/386	-0.219559	-0.0277536	0.746134
SRX092313	TFs and others	TBX21	Blood	Th1 Cells	2232	6/388	8/386	-0.219559	-0.0277536	0.746134
SRX10009626	TFs and others	TAF3	Blood	MM.1S	1018	6/388	8/386	-0.219559	-0.0277536	0.746134
SRX10046978	TFs and others	Epitope tags	Liver	Hep G2	2663	6/388	8/386	-0.219559	-0.0277536	0.746134
SRX1569774	TFs and others	FOXA1	Prostate	VCaP	5224	6/388	8/386	-0.219559	-0.0277536	0.746134
SRX2020846	TFs and others	STAT3	Breast	MDA-MB-468	3228	6/388	8/386	-0.219559	-0.0277536	0.746134
SRX2378693	TFs and others	AHRR	Breast	MCF-7	1021	6/388	8/386	-0.219559	-0.0277536	0.746134
SRX3051209	TFs and others	EPAS1	Kidney	Renal cell carcinoma	2131	6/388	8/386	-0.219559	-0.0277536	0.746134
SRX3230387	TFs and others	JARID2	Liver	Hep G2	1340	6/388	8/386	-0.219559	-0.0277536	0.746134
SRX3230416	TFs and others	ZNF334	Liver	Hep G2	1580	6/388	8/386	-0.219559	-0.0277536	0.746134
SRX3541101	TFs and others	ESR1	Breast	MCF-7	2884	6/388	8/386	-0.219559	-0.0277536	0.746134
SRX392788	TFs and others	REST	Blood	GM12878	1242	6/388	8/386	-0.219559	-0.0277536	0.746134
SRX4650928	TFs and others	RNF2	Kidney	293	766	6/388	8/386	-0.219559	-0.0277536	0.746134
SRX4783065	TFs and others	AR	Prostate	Prostate cancer cells	8834	6/388	8/386	-0.219559	-0.0277536	0.746134
SRX4911599	TFs and others	FOXA2	Uterus	Endometrium	1146	6/388	8/386	-0.219559	-0.0277536	0.746134
SRX502072	TFs and others	AR	Prostate	Prostate cancer	8326	6/388	8/386	-0.219559	-0.0277536	0.746134
SRX5089443	TFs and others	SMARCB1	Breast	MCF-7	3874	6/388	8/386	-0.219559	-0.0277536	0.746134
SRX5089516	TFs and others	SMARCA4	Breast	MCF-7	3273	6/388	8/386	-0.219559	-0.0277536	0.746134
SRX5165474	TFs and others	Cas9	Pluripotent stem cell	NCCIT	2380	6/388	8/386	-0.219559	-0.0277536	0.746134
SRX5465793	TFs and others	ESR1	Breast	MCF-7	3825	6/388	8/386	-0.219559	-0.0277536	0.746134
SRX5511292	TFs and others	ESR1	Breast	MCF-7	2413	6/388	8/386	-0.219559	-0.0277536	0.746134
SRX5511296	TFs and others	ESR1	Breast	MCF-7	2270	6/388	8/386	-0.219559	-0.0277536	0.746134
SRX5574372	TFs and others	SPI1	Blood	Monocytes	1786	6/388	8/386	-0.219559	-0.0277536	0.746134
SRX5718143	TFs and others	TEAD4	Kidney	293	1712	6/388	8/386	-0.219559	-0.0277536	0.746134
SRX595679	TFs and others	FOXA1	Prostate	VCaP	5189	6/388	8/386	-0.219559	-0.0277536	0.746134
SRX6367594	TFs and others	NCOA1	Kidney	293	3821	6/388	8/386	-0.219559	-0.0277536	0.746134
SRX7213067	TFs and others	PAF1	Bone	U2OS	781	6/388	8/386	-0.219559	-0.0277536	0.746134
SRX7214026	TFs and others	CREBBP	Epidermis	Keratinocytes	3597	6/388	8/386	-0.219559	-0.0277536	0.746134
SRX732509	TFs and others	KDM3A	Blood	Jurkat	6080	6/388	8/386	-0.219559	-0.0277536	0.746134
SRX747797	TFs and others	FOXA1	Breast	MCF-7	3820	6/388	8/386	-0.219559	-0.0277536	0.746134
SRX8376362	TFs and others	FOXA2	Pluripotent stem cell	hESC derived pancreatic cells	3712	6/388	8/386	-0.219559	-0.0277536	0.746134
SRX8510435	TFs and others	ATF4	Pancreas	L3.6	1744	6/388	8/386	-0.219559	-0.0277536	0.746134
SRX8616963	TFs and others	TET2	Breast	MCF-7	2243	6/388	8/386	-0.219559	-0.0277536	0.746134
SRX8984319	TFs and others	SMC1A	Bone	A-673	2911	6/388	8/386	-0.219559	-0.0277536	0.746134
SRX9434353	TFs and others	RELA	Digestive tract	SW 480	1163	6/388	8/386	-0.219559	-0.0277536	0.746134
SRX9555218	TFs and others	SUZ12	Kidney	293	762	6/388	8/386	-0.219559	-0.0277536	0.746134
SRX9555219	TFs and others	SUZ12	Kidney	293	738	6/388	8/386	-0.219559	-0.0277536	0.746134
SRX7099470	TFs and others	Epitope tags	Kidney	293	18315	148/388	140/386	-0.219482	-0.0277536	1.05169
SRX2548278	TFs and others	IRF4	Blood	KK1	4757	9/388	6/386	-0.219208	-0.0277536	1.49227
SRX2628189	TFs and others	HAND1	Digestive tract	GIST-T1	5743	9/388	6/386	-0.219208	-0.0277536	1.49227
SRX360588	TFs and others	JUND	Digestive tract	GP5d	698	9/388	6/386	-0.219208	-0.0277536	1.49227
SRX3927328	TFs and others	ONECUT2	Digestive tract	AGS	1052	9/388	6/386	-0.219208	-0.0277536	1.49227
SRX4174972	TFs and others	PPARG	Adipocyte	Adipocytes	3625	9/388	6/386	-0.219208	-0.0277536	1.49227
SRX4287638	TFs and others	AR	Epidermis	A-375	890	9/388	6/386	-0.219208	-0.0277536	1.49227
SRX4287639	TFs and others	AR	Epidermis	A-375	976	9/388	6/386	-0.219208	-0.0277536	1.49227
SRX4931244	TFs and others	KMT2A	Kidney	293	640	9/388	6/386	-0.219208	-0.0277536	1.49227
SRX4941321	TFs and others	XBP1	Prostate	LNCAP	1023	9/388	6/386	-0.219208	-0.0277536	1.49227
SRX5839977	TFs and others	CREBBP	Blood	Macrophages	2821	9/388	6/386	-0.219208	-0.0277536	1.49227
SRX702036	TFs and others	NANOG	Pluripotent stem cell	hESC HUES64	7228	9/388	6/386	-0.219208	-0.0277536	1.49227
SRX9281781	TFs and others	RNF2	Kidney	293	741	9/388	6/386	-0.219208	-0.0277536	1.49227
SRX8949803	TFs and others	ASCL1	Unclassified	Unclassified	20255	239/388	245/386	-0.219114	-0.0277536	0.970482
SRX5577143	TFs and others	Epitope tags	Prostate	LNCAP	24579	30/388	34/386	-0.21892	-0.0277536	0.877805
SRX2281255	TFs and others	KMT2A	Unclassified	Unclassified	17961	150/388	142/386	-0.218754	-0.0277536	1.05089
SRX9178832	TFs and others	HAP1	Blood	HAP1	15452	305/388	297/386	-0.218656	-0.0277536	1.02164
SRX682384	TFs and others	RUNX1	Blood	TSU-1621MT	34054	145/388	152/386	-0.218273	-0.0277536	0.94903
SRX2267450	TFs and others	BRD4	Digestive tract	NCI-N87	9643	90/388	83/386	-0.218223	-0.0277536	1.07875
SRX1690216	TFs and others	MYCN	Neural	Neuroblastoma	10672	152/388	144/386	-0.218062	-0.0277536	1.05011
SRX5234505	TFs and others	SMARCC1	Kidney	TTC1240	31168	153/388	145/386	-0.217729	-0.0277536	1.04973
SRX219284	TFs and others	FOXA1	Prostate	LNCAP	99233	148/388	155/386	-0.21733	-0.0277536	0.949917
SRX5574451	TFs and others	SPI1	Blood	CTV-1	44477	148/388	155/386	-0.21733	-0.0277536	0.949917
SRX1497396	TFs and others	E2F1	Blood	RAJI	4463	91/388	84/386	-0.217167	-0.0277536	1.07775
SRX160843	TFs and others	GATA1	Blood	CD34+	7379	52/388	57/386	-0.217155	-0.0277536	0.907578
SRX212662	TFs and others	IRF1	Blood	Monocytes-CD14+	13194	58/388	52/386	-0.216766	-0.0277536	1.10964
SRX9562889	TFs and others	PBRM1	Muscle	RH-4	2650	58/388	52/386	-0.216766	-0.0277536	1.10964
SRX10313958	TFs and others	ZBTB7A	Blood	HUDEP-2	25125	303/388	295/386	-0.216565	-0.0277536	1.02182
SRX4473685	TFs and others	SMARCA4	Gonad	BIN-67	19420	303/388	295/386	-0.216565	-0.0277536	1.02182
SRX190242	TFs and others	REST	Neural	PFSK-1	12374	85/388	91/386	-0.216565	-0.0277536	0.929251
SRX7549662	TFs and others	TFAP2C	Pluripotent stem cell	hESC UCLA1	29676	236/388	227/386	-0.216188	-0.0277536	1.03429
SRX6366603	TFs and others	Epitope tags	Uterus	Ishikawa	3505	92/388	85/386	-0.216134	-0.0277536	1.07677
SRX150644	TFs and others	RFX5	Blood	K-562	1512	16/388	19/386	-0.215553	-0.0277536	0.837765
SRX1616410	TFs and others	MYCN	Neural	IMR-5	1276	16/388	19/386	-0.215553	-0.0277536	0.837765
SRX194567	TFs and others	E2F4	Breast	MCF-7	866	16/388	19/386	-0.215553	-0.0277536	0.837765
SRX3205373	TFs and others	SOX2	Others	Head and neck squamous cell carcinoma 	2897	16/388	19/386	-0.215553	-0.0277536	0.837765
SRX8512778	TFs and others	HSF1	Digestive tract	HCT 116	2677	16/388	19/386	-0.215553	-0.0277536	0.837765
SRX150585	TFs and others	NFYA	Blood	GM12878	1488	31/388	35/386	-0.215384	-0.0277536	0.881149
SRX1012620	TFs and others	PGR	Breast	T-47D	20770	53/388	58/386	-0.215232	-0.0277536	0.909083
SRX716555	TFs and others	YAP1	Neural	SF268	16370	53/388	58/386	-0.215232	-0.0277536	0.909083
SRX9932042	TFs and others	STAT5A	Breast	MCF-7	2343	53/388	58/386	-0.215232	-0.0277536	0.909083
SRX150677	TFs and others	SETDB1	Blood	K-562	2259	20/388	16/386	-0.215204	-0.0277536	1.24356
SRX2734391	TFs and others	ERG	Cardiovascular	HAEC	1632	20/388	16/386	-0.215204	-0.0277536	1.24356
SRX3124570	TFs and others	FXR2	Digestive tract	AGS	4435	20/388	16/386	-0.215204	-0.0277536	1.24356
SRX471875	TFs and others	BRD4	Prostate	VCaP	1665	20/388	16/386	-0.215204	-0.0277536	1.24356
SRX5232046	TFs and others	INSR	Liver	Hep G2	1786	20/388	16/386	-0.215204	-0.0277536	1.24356
SRX6101042	TFs and others	NUTM1	Kidney	293	1149	20/388	16/386	-0.215204	-0.0277536	1.24356
SRX7054940	TFs and others	ERG	Cardiovascular	HAEC	2537	20/388	16/386	-0.215204	-0.0277536	1.24356
SRX190179	TFs and others	JUND	Lung	A549	12130	93/388	86/386	-0.215124	-0.0277536	1.07582
SRX1116524	TFs and others	ESR1	Breast	MCF-7	6560	36/388	31/386	-0.215022	-0.0277536	1.1553
SRX3230409	TFs and others	ZCCHC11	Liver	Hep G2	3758	36/388	31/386	-0.215022	-0.0277536	1.1553
SRX5577162	TFs and others	AR	Prostate	LNCAP	3367	36/388	31/386	-0.215022	-0.0277536	1.1553
SRX6175626	TFs and others	FLI1	Bone	TC-71	17237	36/388	31/386	-0.215022	-0.0277536	1.1553
SRX2166889	TFs and others	BRD4	Neural	Retina	11208	231/388	222/386	-0.214942	-0.0277536	1.03518
SRX2770854	TFs and others	SPI1	Blood	Macrophages	47143	157/388	164/386	-0.214942	-0.0277536	0.952382
SRX356729	TFs and others	STAG1	Blood	Lymphoblastoid cell line	29191	158/388	165/386	-0.214715	-0.0277536	0.95264
SRX9178850	TFs and others	HAP1	Blood	HAP1	11020	224/388	230/386	-0.214614	-0.0277536	0.968893
SRX028632	TFs and others	TFAP2C	Breast	MCF-7	13033	87/388	93/386	-0.214566	-0.0277536	0.930662
SRX8037077	TFs and others	KLF5	Digestive tract	HT-29	20557	229/388	220/386	-0.214497	-0.0277536	1.03554
SRX5574514	TFs and others	SPI1	Liver	Hep G2	34933	159/388	166/386	-0.214497	-0.0277536	0.952894
SRX265432	TFs and others	KDM5B	Breast	HCC2157	31381	228/388	219/386	-0.214286	-0.0277536	1.03573
SRX150605	TFs and others	RELA	Blood	GM12891	24800	167/388	159/386	-0.21393	-0.0277536	1.0449
SRX3644356	TFs and others	FOXA2	Epidermis	BJ	54610	88/388	94/386	-0.213601	-0.0277536	0.931345
SRX1161205	TFs and others	FOXA1	Breast	T-47D	23052	54/388	59/386	-0.21337	-0.0277536	0.910536
SRX150481	TFs and others	EP300	Blood	K-562	21063	95/388	88/386	-0.213172	-0.0277536	1.07398
SRX10119113	TFs and others	CEBPA	Blood	MV-4-11	7250	60/388	54/386	-0.212987	-0.0277536	1.10538
SRX2867672	TFs and others	GFP	Kidney	293	36156	216/388	222/386	-0.212939	-0.0277536	0.967958
SRX371446	TFs and others	ESR1	Others	Tumour tissues	39413	173/388	165/386	-0.212763	-0.0277536	1.04308
SRX2550934	TFs and others	MYCN	Neural	KELLY	22030	299/388	291/386	-0.212656	-0.0277536	1.0222
SRX8299812	TFs and others	MYC	Bone	U2OS	11010	174/388	166/386	-0.212594	-0.0277536	1.04279
SRX5574466	TFs and others	ETS1	Blood	CTV-1	34189	218/388	209/386	-0.212578	-0.0277536	1.03769
SRX5359048	TFs and others	SREBF2	Breast	HCC70	19760	170/388	177/386	-0.212578	-0.0277536	0.955501
SRX4172744	TFs and others	GATA1	Digestive tract	HCT 116	10091	217/388	208/386	-0.212447	-0.0277536	1.03789
SRX150352	TFs and others	MAZ	Uterus	HeLa	10531	175/388	167/386	-0.212432	-0.0277536	1.0425
SRX4172742	TFs and others	GATA1	Digestive tract	HCT 116	10123	176/388	168/386	-0.212277	-0.0277536	1.04222
ERX200534	TFs and others	CTCF	Blood	B cells	6442	32/388	36/386	-0.212024	-0.0277536	0.884307
SRX1456193	TFs and others	EBF1	Blood	B cells	6081	32/388	36/386	-0.212024	-0.0277536	0.884307
SRX3592686	TFs and others	JUN	Pluripotent stem cell	hESC HUES8	2952	32/388	36/386	-0.212024	-0.0277536	0.884307
SRX4708071	TFs and others	HNRNPL	Blood	K-562	2448	32/388	36/386	-0.212024	-0.0277536	0.884307
SRX668342	TFs and others	GFP	Kidney	293	1926	32/388	36/386	-0.212024	-0.0277536	0.884307
SRX9741173	TFs and others	ATF4	Blood	OCI-AML3	9675	32/388	36/386	-0.212024	-0.0277536	0.884307
SRX3161009	TFs and others	ZBTB7A	Blood	HUDEP-2	16012	211/388	202/386	-0.211802	-0.0277536	1.03917
SRX6909700	TFs and others	PBX1	Blood	697	9903	90/388	96/386	-0.211732	-0.0277536	0.932668
SRX2166887	TFs and others	BRD4	Neural	Retina	10070	208/388	199/386	-0.211572	-0.0277536	1.03984
SRX7677738	TFs and others	NCBP1	Digestive tract	DLD-1	7621	183/388	190/386	-0.211402	-0.0277536	0.958193
SRX6913083	TFs and others	BRD4	Blood	K-562	16748	185/388	177/386	-0.211195	-0.0277536	1.03981
SRX3591433	TFs and others	BRD4	Blood	B-CLL cells	2684	61/388	55/386	-0.211185	-0.0277536	1.10337
SRX150518	TFs and others	RCOR1	Blood	K-562	34820	186/388	178/386	-0.211109	-0.0277536	1.03956
SRX2268287	TFs and others	SPI1	Blood	THP-1	79474	187/388	179/386	-0.211029	-0.0277536	1.03931
SRX3927294	TFs and others	SMARCA4	Blood	MOLM-13	44645	198/388	204/386	-0.210831	-0.0277536	0.965585
SRX356688	TFs and others	STAG1	Blood	GM19239	35719	193/388	185/386	-0.210692	-0.0277536	1.03787
SRX4096728	TFs and others	HIF1A	Prostate	PC-3	11079	92/388	98/386	-0.209944	-0.0277536	0.933936
SRX10484566	TFs and others	RUNX1	Blood	THP-1	4866	17/388	20/386	-0.209118	-0.0277536	0.845619
SRX185908	TFs and others	FOXM1	Breast	MCF-7	6661	17/388	20/386	-0.209118	-0.0277536	0.845619
SRX2055845	TFs and others	JUN	Kidney	Renal cell carcinoma	6547	17/388	20/386	-0.209118	-0.0277536	0.845619
SRX2642371	TFs and others	HOXB13	Prostate	VCaP	10998	17/388	20/386	-0.209118	-0.0277536	0.845619
SRX4001759	TFs and others	CTCF	Blood	Macrophages	5394	17/388	20/386	-0.209118	-0.0277536	0.845619
SRX5195671	TFs and others	SMARCA4	Uterus	Endometrial epithelial cells	6799	17/388	20/386	-0.209118	-0.0277536	0.845619
SRX8453148	TFs and others	FOXA1	Lung	Lung	13977	17/388	20/386	-0.209118	-0.0277536	0.845619
SRX5527659	TFs and others	ERG	Cardiovascular	HUVEC	6226	33/388	37/386	-0.208827	-0.0277536	0.887295
SRX1042048	TFs and others	SETD1A	Blood	Erythroid Cells	1525	21/388	17/386	-0.20878	-0.0277536	1.22893
SRX1457804	TFs and others	GFP	Uterus	HeLa	928	21/388	17/386	-0.20878	-0.0277536	1.22893
SRX150681	TFs and others	JUN	Blood	K-562	4816	21/388	17/386	-0.20878	-0.0277536	1.22893
SRX8299864	TFs and others	MYC	Bone	U2OS	6703	100/388	93/386	-0.208654	-0.0277536	1.06973
SRX2378771	TFs and others	NELFE	Bone	U2OS	1931	38/388	33/386	-0.208475	-0.0277536	1.14558
SRX367192	TFs and others	TCF7L2	Prostate	LNCAP	8621	38/388	33/386	-0.208475	-0.0277536	1.14558
SRX10212069	TFs and others	CEBPB	Blood	CD4+ T cells	14428	57/388	62/386	-0.208119	-0.0277536	0.914616
SRX150513	TFs and others	JUND	Pluripotent stem cell	hESC H1	8290	57/388	62/386	-0.208119	-0.0277536	0.914616
SRX4059544	TFs and others	EHF	Prostate	RWPE-1	9516	63/388	57/386	-0.207743	-0.0277536	1.09957
SRX4786554	TFs and others	KMT2C	Breast	MCF-7	9460	63/388	57/386	-0.207743	-0.0277536	1.09957
SRX3927290	TFs and others	DPF2	Blood	EOL-1	27704	96/388	102/386	-0.206595	-0.0277536	0.936325
SRX8406512	TFs and others	FOXA1	Prostate	Prostate	19737	58/388	63/386	-0.206472	-0.0277536	0.915889
SRX3586365	TFs and others	RUNX1	Blood	Pre-B lymphoblast cells	10019	64/388	58/386	-0.206098	-0.0277536	1.09776
SRX1961158	TFs and others	FOXA1	Breast	T-47D	36383	97/388	103/386	-0.205801	-0.0277536	0.936893
SRX3229142	TFs and others	ESR1	Breast	Breast cancer	6336	34/388	38/386	-0.205781	-0.0277536	0.890125
SRX8520809	TFs and others	NR3C1	Breast	SUM 159PT	25456	34/388	38/386	-0.205781	-0.0277536	0.890125
SRX4192884	TFs and others	JUN	Breast	MCF 10A	22528	39/388	34/386	-0.205434	-0.0277536	1.14115
DRX021116	TFs and others	Epitope tags	Kidney	293	285	1/388	2/386	-0.205132	-0.0277536	0.497423
ERX626805	TFs and others	RAD21	Blood	HL-60	418	1/388	2/386	-0.205132	-0.0277536	0.497423
SRX011577	TFs and others	TAF2	Pluripotent stem cell	hESC H1	93	1/388	2/386	-0.205132	-0.0277536	0.497423
SRX017887	TFs and others	RELA	Blood	GM10847	207	1/388	2/386	-0.205132	-0.0277536	0.497423
SRX017894	TFs and others	RELA	Blood	GM18951	304	1/388	2/386	-0.205132	-0.0277536	0.497423
SRX026533	TFs and others	ESR1	Uterus	Ishikawa	731	1/388	2/386	-0.205132	-0.0277536	0.497423
SRX028591	TFs and others	TRIM28	Blood	K-562	781	1/388	2/386	-0.205132	-0.0277536	0.497423
SRX028637	TFs and others	NR2C2	Blood	K-562	158	1/388	2/386	-0.205132	-0.0277536	0.497423
SRX038912	TFs and others	IKZF1	Blood	Hematopoietic Stem Cells	66	1/388	2/386	-0.205132	-0.0277536	0.497423
SRX045434	TFs and others	VDR	Blood	THP-1	302	1/388	2/386	-0.205132	-0.0277536	0.497423
SRX055306	TFs and others	KDM5B	Blood	U-937	211	1/388	2/386	-0.205132	-0.0277536	0.497423
SRX059713	TFs and others	HDAC3	Prostate	VCaP	1592	1/388	2/386	-0.205132	-0.0277536	0.497423
SRX083222	TFs and others	FOXA1	Prostate	LNCAP	659	1/388	2/386	-0.205132	-0.0277536	0.497423
SRX092452	TFs and others	RBPJ	Blood	IB4	1833	1/388	2/386	-0.205132	-0.0277536	0.497423
SRX100258	TFs and others	CREBBP	Breast	H3396	190	1/388	2/386	-0.205132	-0.0277536	0.497423
SRX100264	TFs and others	CREBBP	Breast	H3396	548	1/388	2/386	-0.205132	-0.0277536	0.497423
SRX10119379	TFs and others	STAT3	Breast	MCF 10A	478	1/388	2/386	-0.205132	-0.0277536	0.497423
SRX10131669	TFs and others	MLLT1	Lung	Bronchial tracheal epithelial cells	563	1/388	2/386	-0.205132	-0.0277536	0.497423
SRX1033266	TFs and others	AR	Prostate	LNCAP	1374	1/388	2/386	-0.205132	-0.0277536	0.497423
SRX10644255	TFs and others	MCM2	Digestive tract	HCT 116	435	1/388	2/386	-0.205132	-0.0277536	0.497423
SRX10820558	TFs and others	BRD4	Blood	REH	188	1/388	2/386	-0.205132	-0.0277536	0.497423
SRX10867750	TFs and others	LMNA	Blood	K-562	4927	1/388	2/386	-0.205132	-0.0277536	0.497423
SRX10881853	TFs and others	ARID2	Others	BT-16	777	1/388	2/386	-0.205132	-0.0277536	0.497423
SRX1092384	TFs and others	Epitope tags	Blood	K-562	598	1/388	2/386	-0.205132	-0.0277536	0.497423
SRX109480	TFs and others	BMI1	Neural	GBM1-HAM	1088	1/388	2/386	-0.205132	-0.0277536	0.497423
SRX1100312	TFs and others	RELA	Breast	HMEC	582	1/388	2/386	-0.205132	-0.0277536	0.497423
SRX1116230	TFs and others	PROX1	Cardiovascular	HUVEC	395	1/388	2/386	-0.205132	-0.0277536	0.497423
SRX11196889	TFs and others	G-quadruplex	Kidney	293	338	1/388	2/386	-0.205132	-0.0277536	0.497423
SRX1123855	TFs and others	SMARCC1	Neural	BT-16	1670	1/388	2/386	-0.205132	-0.0277536	0.497423
SRX1131568	TFs and others	BRD4	Others	SUM 185PE	1098	1/388	2/386	-0.205132	-0.0277536	0.497423
SRX1131599	TFs and others	PRDM14	Pluripotent stem cell	NCCIT	699	1/388	2/386	-0.205132	-0.0277536	0.497423
SRX1133779	TFs and others	KDM1A	Blood	SKNO-1	391	1/388	2/386	-0.205132	-0.0277536	0.497423
SRX1142763	TFs and others	JUN	Breast	BT-549	884	1/388	2/386	-0.205132	-0.0277536	0.497423
SRX11472292	TFs and others	CTCF	Uterus	HeLa	1054	1/388	2/386	-0.205132	-0.0277536	0.497423
SRX1295733	TFs and others	CHAT	Neural	SH-SY5Y	2018	1/388	2/386	-0.205132	-0.0277536	0.497423
SRX1295735	TFs and others	SATB1	Neural	SH-SY5Y	1496	1/388	2/386	-0.205132	-0.0277536	0.497423
SRX142906	TFs and others	AR	Prostate	LNCAP	1378	1/388	2/386	-0.205132	-0.0277536	0.497423
SRX150691	TFs and others	STAT1	Blood	GM12878	447	1/388	2/386	-0.205132	-0.0277536	0.497423
SRX1514989	TFs and others	GFP	Kidney	293	833	1/388	2/386	-0.205132	-0.0277536	0.497423
SRX1569438	TFs and others	BRD4	Digestive tract	HCT 116	551	1/388	2/386	-0.205132	-0.0277536	0.497423
SRX158105	TFs and others	TCF3	Blood	RPMI 8402	577	1/388	2/386	-0.205132	-0.0277536	0.497423
SRX1603678	TFs and others	TP63	Epidermis	Differentiated keratinocytes	641	1/388	2/386	-0.205132	-0.0277536	0.497423
SRX160734	TFs and others	AR	Prostate	LNCAP	1277	1/388	2/386	-0.205132	-0.0277536	0.497423
SRX1629236	TFs and others	AR	Prostate	VCaP	1422	1/388	2/386	-0.205132	-0.0277536	0.497423
SRX1709987	TFs and others	PGR	Breast	T-47D	757	1/388	2/386	-0.205132	-0.0277536	0.497423
SRX1758488	TFs and others	Epitope tags	Breast	MCF-7	520	1/388	2/386	-0.205132	-0.0277536	0.497423
SRX1819614	TFs and others	ZMYND8	Prostate	DU 145	122	1/388	2/386	-0.205132	-0.0277536	0.497423
SRX189720	TFs and others	EP300	Cardiovascular	HUVEC	586	1/388	2/386	-0.205132	-0.0277536	0.497423
SRX189723	TFs and others	EP300	Cardiovascular	HUVEC	659	1/388	2/386	-0.205132	-0.0277536	0.497423
SRX189724	TFs and others	EP300	Cardiovascular	HUVEC	1500	1/388	2/386	-0.205132	-0.0277536	0.497423
SRX189726	TFs and others	EP300	Cardiovascular	HUVEC	1227	1/388	2/386	-0.205132	-0.0277536	0.497423
SRX196108	TFs and others	CEBPA	Adipocyte	SGBS	1066	1/388	2/386	-0.205132	-0.0277536	0.497423
SRX1995011	TFs and others	HIF1A	Bone	U2OS	429	1/388	2/386	-0.205132	-0.0277536	0.497423
SRX1995013	TFs and others	HIF1A	Bone	U2OS	337	1/388	2/386	-0.205132	-0.0277536	0.497423
SRX2010843	TFs and others	JUN	Lung	Calu-3	1123	1/388	2/386	-0.205132	-0.0277536	0.497423
SRX2023757	TFs and others	MED1	Pluripotent stem cell	iPS derived cardiac cells	162	1/388	2/386	-0.205132	-0.0277536	0.497423
SRX2023766	TFs and others	GATA4	Pluripotent stem cell	iPS derived cardiac cells	404	1/388	2/386	-0.205132	-0.0277536	0.497423
SRX212645	TFs and others	ZFX	Blood	RPMI 8402	509	1/388	2/386	-0.205132	-0.0277536	0.497423
SRX220062	TFs and others	PGR	Cardiovascular	HUVEC	1314	1/388	2/386	-0.205132	-0.0277536	0.497423
SRX2319757	TFs and others	VDR	Blood	THP-1	536	1/388	2/386	-0.205132	-0.0277536	0.497423
SRX2353645	TFs and others	AR	Prostate	LNCAP	1894	1/388	2/386	-0.205132	-0.0277536	0.497423
SRX2460062	TFs and others	ESR1	Breast	Breast cancer cells	573	1/388	2/386	-0.205132	-0.0277536	0.497423
SRX254614	TFs and others	RCOR1	Uterus	HeLa	182	1/388	2/386	-0.205132	-0.0277536	0.497423
SRX2548280	TFs and others	IRF4	Blood	ST1	2410	1/388	2/386	-0.205132	-0.0277536	0.497423
SRX2555296	TFs and others	ISL1	Neural	KELLY	2153	1/388	2/386	-0.205132	-0.0277536	0.497423
SRX2578890	TFs and others	NCOA1	Breast	MDA-MB-231	217	1/388	2/386	-0.205132	-0.0277536	0.497423
SRX2708819	TFs and others	MCRS1	Liver	Hep G2	158	1/388	2/386	-0.205132	-0.0277536	0.497423
SRX2871372	TFs and others	Epitope tags	Breast	T-47D	745	1/388	2/386	-0.205132	-0.0277536	0.497423
SRX2897199	TFs and others	ESR1	Breast	Breast cancer cells	481	1/388	2/386	-0.205132	-0.0277536	0.497423
SRX3032991	TFs and others	AR	Prostate	LNCAP	1557	1/388	2/386	-0.205132	-0.0277536	0.497423
SRX306177	TFs and others	ICE1	Digestive tract	HCT 116	252	1/388	2/386	-0.205132	-0.0277536	0.497423
SRX323402	TFs and others	SPDEF	Breast	MCF-7	328	1/388	2/386	-0.205132	-0.0277536	0.497423
SRX3288569	TFs and others	KLF4	Pluripotent stem cell	hESC H9	1607	1/388	2/386	-0.205132	-0.0277536	0.497423
SRX330107	TFs and others	SOX2	Neural	ReN-VM	1841	1/388	2/386	-0.205132	-0.0277536	0.497423
SRX330108	TFs and others	SOX2	Neural	ReN-VM	975	1/388	2/386	-0.205132	-0.0277536	0.497423
SRX334256	TFs and others	AR	Unclassified	Unclassified	2518	1/388	2/386	-0.205132	-0.0277536	0.497423
SRX3445797	TFs and others	INO80	Liver	Hep G2	154	1/388	2/386	-0.205132	-0.0277536	0.497423
SRX3468051	TFs and others	Epitope tags	Others	Fibroblasts	1970	1/388	2/386	-0.205132	-0.0277536	0.497423
SRX346923	TFs and others	MITF	Digestive tract	COLO 829	316	1/388	2/386	-0.205132	-0.0277536	0.497423
SRX3472386	TFs and others	KDM6A	Pluripotent stem cell	hESC derived neural cells	221	1/388	2/386	-0.205132	-0.0277536	0.497423
SRX3554401	TFs and others	ESR1	Breast	MDA-MB-134-VI	423	1/388	2/386	-0.205132	-0.0277536	0.497423
SRX357293	TFs and others	AR	Prostate	LNCAP	3054	1/388	2/386	-0.205132	-0.0277536	0.497423
SRX359827	TFs and others	FOXA2	Digestive tract	LoVo	911	1/388	2/386	-0.205132	-0.0277536	0.497423
SRX3599307	TFs and others	JUN	Cardiovascular	HUVEC	739	1/388	2/386	-0.205132	-0.0277536	0.497423
SRX3599316	TFs and others	EP300	Cardiovascular	HUVEC	580	1/388	2/386	-0.205132	-0.0277536	0.497423
SRX3599319	TFs and others	EP300	Cardiovascular	HUVEC	654	1/388	2/386	-0.205132	-0.0277536	0.497423
SRX366789	TFs and others	BRD2	Blood	MM.1S	264	1/388	2/386	-0.205132	-0.0277536	0.497423
SRX367646	TFs and others	GATA6	Digestive tract	KATO III	797	1/388	2/386	-0.205132	-0.0277536	0.497423
SRX371429	TFs and others	ESR1	Others	Tumour tissues	286	1/388	2/386	-0.205132	-0.0277536	0.497423
SRX371432	TFs and others	ESR1	Others	Tumour tissues	347	1/388	2/386	-0.205132	-0.0277536	0.497423
SRX3815843	TFs and others	NIPBL	Uterus	HeLa	964	1/388	2/386	-0.205132	-0.0277536	0.497423
SRX3834113	TFs and others	EZH2	Neural	T98G	304	1/388	2/386	-0.205132	-0.0277536	0.497423
SRX4096727	TFs and others	EPAS1	Prostate	PC-3	1529	1/388	2/386	-0.205132	-0.0277536	0.497423
SRX4096732	TFs and others	Epitope tags	Prostate	PC-3	4594	1/388	2/386	-0.205132	-0.0277536	0.497423
SRX4096859	TFs and others	GATAD2A	Breast	HCC3153	307	1/388	2/386	-0.205132	-0.0277536	0.497423
SRX4116051	TFs and others	ESR1	Breast	Breast cancer cells	172	1/388	2/386	-0.205132	-0.0277536	0.497423
SRX4170724	TFs and others	WDR5	Blood	MV-4-11	686	1/388	2/386	-0.205132	-0.0277536	0.497423
SRX4170727	TFs and others	WDR5	Blood	MV-4-11	683	1/388	2/386	-0.205132	-0.0277536	0.497423
SRX4212595	TFs and others	EZH2	Blood	Peripheral blood mononuclear cells	451	1/388	2/386	-0.205132	-0.0277536	0.497423
SRX4284793	TFs and others	Epitope tags	Breast	T-47D	1353	1/388	2/386	-0.205132	-0.0277536	0.497423
SRX4582747	TFs and others	AR	Prostate	Localized prostate	575	1/388	2/386	-0.205132	-0.0277536	0.497423
SRX4582749	TFs and others	AR	Prostate	Localized prostate	517	1/388	2/386	-0.205132	-0.0277536	0.497423
SRX4655781	TFs and others	CTCF	Liver	Hep G2	261	1/388	2/386	-0.205132	-0.0277536	0.497423
SRX4783030	TFs and others	AR	Prostate	Prostate cancer cells	807	1/388	2/386	-0.205132	-0.0277536	0.497423
SRX4783088	TFs and others	AR	Prostate	Prostate cancer cells	1597	1/388	2/386	-0.205132	-0.0277536	0.497423
SRX4783100	TFs and others	AR	Prostate	Prostate cancer cells	1962	1/388	2/386	-0.205132	-0.0277536	0.497423
SRX4894934	TFs and others	RELA	Kidney	293	435	1/388	2/386	-0.205132	-0.0277536	0.497423
SRX490436	TFs and others	ESR1	Breast	MCF-7	448	1/388	2/386	-0.205132	-0.0277536	0.497423
SRX502056	TFs and others	AR	Prostate	Prostate	930	1/388	2/386	-0.205132	-0.0277536	0.497423
SRX502060	TFs and others	AR	Prostate	Prostate	1183	1/388	2/386	-0.205132	-0.0277536	0.497423
SRX5025672	TFs and others	BRCA1	Neural	SH-EP	224	1/388	2/386	-0.205132	-0.0277536	0.497423
SRX5089535	TFs and others	ARID2	Breast	MCF-7	1071	1/388	2/386	-0.205132	-0.0277536	0.497423
SRX5089543	TFs and others	ARID2	Breast	MCF-7	948	1/388	2/386	-0.205132	-0.0277536	0.497423
SRX5089546	TFs and others	ARID2	Breast	MCF-7	1384	1/388	2/386	-0.205132	-0.0277536	0.497423
SRX5124846	TFs and others	FOXA1	Prostate	22Rv1	951	1/388	2/386	-0.205132	-0.0277536	0.497423
SRX5185601	TFs and others	CARM1	Breast	MCF-7	433	1/388	2/386	-0.205132	-0.0277536	0.497423
SRX5188635	TFs and others	RUNX3	Digestive tract	SNU-484	1780	1/388	2/386	-0.205132	-0.0277536	0.497423
SRX5257602	TFs and others	GATA2	Prostate	VCaP	2143	1/388	2/386	-0.205132	-0.0277536	0.497423
SRX5286341	TFs and others	SOX2	Pluripotent stem cell	hESC WIBR2	4033	1/388	2/386	-0.205132	-0.0277536	0.497423
SRX5346134	TFs and others	WDR5	Blood	RAMOS	1084	1/388	2/386	-0.205132	-0.0277536	0.497423
SRX535454	TFs and others	CDK9	Epidermis	A-375	447	1/388	2/386	-0.205132	-0.0277536	0.497423
SRX5444513	TFs and others	KMT2A	Blood	ML-2	217	1/388	2/386	-0.205132	-0.0277536	0.497423
SRX5444517	TFs and others	MEN1	Blood	MOLM-13	246	1/388	2/386	-0.205132	-0.0277536	0.497423
SRX5444527	TFs and others	MEN1	Blood	RS 411	180	1/388	2/386	-0.205132	-0.0277536	0.497423
SRX5444528	TFs and others	MEN1	Blood	RS 411	238	1/388	2/386	-0.205132	-0.0277536	0.497423
SRX5534859	TFs and others	ARID1B	Breast	MCF-7	267	1/388	2/386	-0.205132	-0.0277536	0.497423
SRX5577167	TFs and others	AR	Prostate	LNCAP	1043	1/388	2/386	-0.205132	-0.0277536	0.497423
SRX5716467	TFs and others	SMARCA2	Neural	Neural progenitor cells	4535	1/388	2/386	-0.205132	-0.0277536	0.497423
SRX573041	TFs and others	ELL2	Uterus	HeLa	581	1/388	2/386	-0.205132	-0.0277536	0.497423
SRX5930114	TFs and others	NCOR2	Blood	Acute myeloid leukemia	705	1/388	2/386	-0.205132	-0.0277536	0.497423
SRX6060975	TFs and others	ELF3	Digestive tract	ESO-26	393	1/388	2/386	-0.205132	-0.0277536	0.497423
SRX6101049	TFs and others	NUTM1	Others	TC-797	1107	1/388	2/386	-0.205132	-0.0277536	0.497423
SRX6430588	TFs and others	EZH2	Blood	RPMI 8226	664	1/388	2/386	-0.205132	-0.0277536	0.497423
SRX6435386	TFs and others	SUPT5H	Kidney	293	171	1/388	2/386	-0.205132	-0.0277536	0.497423
SRX648243	TFs and others	MYC	Digestive tract	LS-174T	259	1/388	2/386	-0.205132	-0.0277536	0.497423
SRX6487068	TFs and others	FOXA1	Breast	MCF-7	639	1/388	2/386	-0.205132	-0.0277536	0.497423
SRX666592	TFs and others	RBPJ	Epidermis	Dermal fibroblast	854	1/388	2/386	-0.205132	-0.0277536	0.497423
SRX673716	TFs and others	Biotin	Breast	MCF-7	507	1/388	2/386	-0.205132	-0.0277536	0.497423
SRX6763473	TFs and others	EGR1	Blood	Macrophages	192	1/388	2/386	-0.205132	-0.0277536	0.497423
SRX6780856	TFs and others	CRTC1	Neural	Frontal cortex	770	1/388	2/386	-0.205132	-0.0277536	0.497423
SRX6831823	TFs and others	TEAD4	Breast	MCF 10A	1891	1/388	2/386	-0.205132	-0.0277536	0.497423
SRX697744	TFs and others	PRKCQ	Blood	Jurkat	754	1/388	2/386	-0.205132	-0.0277536	0.497423
SRX697745	TFs and others	PRKCQ	Blood	Jurkat	747	1/388	2/386	-0.205132	-0.0277536	0.497423
SRX701959	TFs and others	PRDM1	Pluripotent stem cell	hESC HUES64	176	1/388	2/386	-0.205132	-0.0277536	0.497423
SRX702048	TFs and others	OTX2	Pluripotent stem cell	hESC derived ectodermal cells	302	1/388	2/386	-0.205132	-0.0277536	0.497423
SRX7030917	TFs and others	TRIM28	Breast	MCF-7	970	1/388	2/386	-0.205132	-0.0277536	0.497423
SRX7100372	TFs and others	KDM1A	Digestive tract	SW 480	431	1/388	2/386	-0.205132	-0.0277536	0.497423
SRX7213066	TFs and others	PAF1	Bone	U2OS	286	1/388	2/386	-0.205132	-0.0277536	0.497423
SRX7213077	TFs and others	PAF1	Bone	U2OS	99	1/388	2/386	-0.205132	-0.0277536	0.497423
SRX7213079	TFs and others	PAF1	Bone	U2OS	281	1/388	2/386	-0.205132	-0.0277536	0.497423
SRX7213080	TFs and others	PAF1	Bone	U2OS	277	1/388	2/386	-0.205132	-0.0277536	0.497423
SRX7228373	TFs and others	FANCD2	Digestive tract	HCT 116	879	1/388	2/386	-0.205132	-0.0277536	0.497423
SRX729712	TFs and others	OTX2	Pluripotent stem cell	hESC derived neural cells	312	1/388	2/386	-0.205132	-0.0277536	0.497423
SRX730452	TFs and others	ESR1	Breast	MCF-7	1057	1/388	2/386	-0.205132	-0.0277536	0.497423
SRX7494164	TFs and others	HIF1A	Blood	K-562	950	1/388	2/386	-0.205132	-0.0277536	0.497423
SRX758013	TFs and others	MRE11A	Prostate	LNCAP	493	1/388	2/386	-0.205132	-0.0277536	0.497423
SRX7695548	TFs and others	TEAD4	Lung	NCI-H209	1602	1/388	2/386	-0.205132	-0.0277536	0.497423
SRX7748768	TFs and others	BRD3	Digestive tract	DLD-1	336	1/388	2/386	-0.205132	-0.0277536	0.497423
SRX8026060	TFs and others	SMARCA4	Pluripotent stem cell	hESC WIBR3	1317	1/388	2/386	-0.205132	-0.0277536	0.497423
SRX8083101	TFs and others	FGFR1	Breast	CAMA-1	670	1/388	2/386	-0.205132	-0.0277536	0.497423
SRX8083102	TFs and others	FGFR1	Breast	CAMA-1	702	1/388	2/386	-0.205132	-0.0277536	0.497423
SRX8083104	TFs and others	FGFR1	Breast	CAMA-1	555	1/388	2/386	-0.205132	-0.0277536	0.497423
SRX8148232	TFs and others	Epitope tags	Pluripotent stem cell	iPS cells	747	1/388	2/386	-0.205132	-0.0277536	0.497423
SRX8162314	TFs and others	DOT1L	Blood	MOLM-13	407	1/388	2/386	-0.205132	-0.0277536	0.497423
SRX8299859	TFs and others	CTR9	Bone	U2OS	526	1/388	2/386	-0.205132	-0.0277536	0.497423
SRX8342566	TFs and others	Epitope tags	Pluripotent stem cell	iPS cells	846	1/388	2/386	-0.205132	-0.0277536	0.497423
SRX8357710	TFs and others	MECP2	Kidney	293	498	1/388	2/386	-0.205132	-0.0277536	0.497423
SRX8406418	TFs and others	AR	Prostate	Prostate	2270	1/388	2/386	-0.205132	-0.0277536	0.497423
SRX8406422	TFs and others	AR	Prostate	Prostate	2754	1/388	2/386	-0.205132	-0.0277536	0.497423
SRX8406428	TFs and others	AR	Prostate	Prostate	1396	1/388	2/386	-0.205132	-0.0277536	0.497423
SRX8512723	TFs and others	BACH1	Digestive tract	HCT 116	718	1/388	2/386	-0.205132	-0.0277536	0.497423
SRX8616800	TFs and others	JUN	Lung	A549	1421	1/388	2/386	-0.205132	-0.0277536	0.497423
SRX8616842	TFs and others	JUNB	Lung	A549	579	1/388	2/386	-0.205132	-0.0277536	0.497423
SRX8616854	TFs and others	JUND	Lung	A549	558	1/388	2/386	-0.205132	-0.0277536	0.497423
SRX8616855	TFs and others	JUND	Lung	A549	419	1/388	2/386	-0.205132	-0.0277536	0.497423
SRX8616864	TFs and others	JUND	Lung	A549	713	1/388	2/386	-0.205132	-0.0277536	0.497423
SRX8617941	TFs and others	FGFR1	Breast	CAMA-1	833	1/388	2/386	-0.205132	-0.0277536	0.497423
SRX8664958	TFs and others	ATF4	Blood	HUDEP-2	1043	1/388	2/386	-0.205132	-0.0277536	0.497423
SRX8806009	TFs and others	Epitope tags	Blood	HUDEP-2	586	1/388	2/386	-0.205132	-0.0277536	0.497423
SRX8901410	TFs and others	RAD21	Neural	hTERT RPE-1	1785	1/388	2/386	-0.205132	-0.0277536	0.497423
SRX8984313	TFs and others	FLI1	Bone	A-673	3490	1/388	2/386	-0.205132	-0.0277536	0.497423
SRX9163074	TFs and others	TEAD1	Lung	Bronchial epithelial cells	1103	1/388	2/386	-0.205132	-0.0277536	0.497423
SRX9350044	TFs and others	TP53	Lung	NCI-H1299	357	1/388	2/386	-0.205132	-0.0277536	0.497423
SRX9562913	TFs and others	MYCN	Muscle	RH-4	685	1/388	2/386	-0.205132	-0.0277536	0.497423
SRX9674310	TFs and others	NR3C1	Pluripotent stem cell	iPSC derived hepatocytes	1780	1/388	2/386	-0.205132	-0.0277536	0.497423
SRX725589	TFs and others	TAL1	Blood	T-ALL	22746	59/388	64/386	-0.204873	-0.0277536	0.917123
DRX059624	TFs and others	DOT1L	Kidney	293	1045	3/388	1/386	-0.204793	-0.0277536	2.98454
SRX080131	TFs and others	MYC	Blood	GM12878	240	3/388	1/386	-0.204793	-0.0277536	2.98454
SRX10119147	TFs and others	MYB	Blood	MV-4-11	856	3/388	1/386	-0.204793	-0.0277536	2.98454
SRX107364	TFs and others	ESR1	Breast	H3396	1672	3/388	1/386	-0.204793	-0.0277536	2.98454
SRX10881852	TFs and others	ARID1A	Kidney	G-401	941	3/388	1/386	-0.204793	-0.0277536	2.98454
SRX11005602	TFs and others	DNMT3B	Breast	MCF10CA1a	1098	3/388	1/386	-0.204793	-0.0277536	2.98454
SRX11220468	TFs and others	SOX9	Digestive tract	HT-29	452	3/388	1/386	-0.204793	-0.0277536	2.98454
SRX116414	TFs and others	CBX2	Blood	K-562	263	3/388	1/386	-0.204793	-0.0277536	2.98454
SRX11758361	TFs and others	TP53	Gonad	A2780	1087	3/388	1/386	-0.204793	-0.0277536	2.98454
SRX1268850	TFs and others	KDM5C	Kidney	Caki-1	834	3/388	1/386	-0.204793	-0.0277536	2.98454
SRX1322298	TFs and others	EBNA1	Blood	Mutu	730	3/388	1/386	-0.204793	-0.0277536	2.98454
SRX1431739	TFs and others	SPI1	Blood	K-562	1205	3/388	1/386	-0.204793	-0.0277536	2.98454
SRX150495	TFs and others	ZZZ3	Uterus	HeLa	532	3/388	1/386	-0.204793	-0.0277536	2.98454
SRX1514951	TFs and others	GFP	Kidney	293	1000	3/388	1/386	-0.204793	-0.0277536	2.98454
SRX1514980	TFs and others	GFP	Kidney	293	835	3/388	1/386	-0.204793	-0.0277536	2.98454
SRX1533882	TFs and others	RUNX2	Bone	Saos-2	894	3/388	1/386	-0.204793	-0.0277536	2.98454
SRX1614803	TFs and others	ZNF366	Blood	Dendritic Cells	533	3/388	1/386	-0.204793	-0.0277536	2.98454
SRX1757997	TFs and others	MAX	Breast	MDA-MB-468	327	3/388	1/386	-0.204793	-0.0277536	2.98454
SRX186763	TFs and others	CBX2	Blood	K-562	262	3/388	1/386	-0.204793	-0.0277536	2.98454
SRX2109214	TFs and others	MYC	Breast	Mammary epithelial cells	594	3/388	1/386	-0.204793	-0.0277536	2.98454
SRX2388756	TFs and others	AR	Prostate	Prostate cancer-associated fibroblasts	691	3/388	1/386	-0.204793	-0.0277536	2.98454
SRX2527759	TFs and others	SMARCC1	Neural	SK-N-MC	2665	3/388	1/386	-0.204793	-0.0277536	2.98454
SRX3135176	TFs and others	BCL6	Blood	OCI-LY1	1777	3/388	1/386	-0.204793	-0.0277536	2.98454
SRX3159237	TFs and others	BRD4	Prostate	LNCAP	353	3/388	1/386	-0.204793	-0.0277536	2.98454
SRX317579	TFs and others	EZH2	Pluripotent stem cell	iPS cells	335	3/388	1/386	-0.204793	-0.0277536	2.98454
SRX3240994	TFs and others	MED1	Others	Mesenchymal stem cells	1233	3/388	1/386	-0.204793	-0.0277536	2.98454
SRX3337443	TFs and others	KDM1A	Kidney	293	617	3/388	1/386	-0.204793	-0.0277536	2.98454
SRX3346353	TFs and others	RELA	Kidney	786-O	211	3/388	1/386	-0.204793	-0.0277536	2.98454
SRX3468010	TFs and others	SMARCA4	Others	Aska	686	3/388	1/386	-0.204793	-0.0277536	2.98454
SRX3584312	TFs and others	RARA	Pluripotent stem cell	iPS derived chondrocytes	1258	3/388	1/386	-0.204793	-0.0277536	2.98454
SRX4096888	TFs and others	TRPS1	Breast	HCC3153	1650	3/388	1/386	-0.204793	-0.0277536	2.98454
SRX4401066	TFs and others	RELA	Blood	BJAB	624	3/388	1/386	-0.204793	-0.0277536	2.98454
SRX4599933	TFs and others	Epitope tags	Kidney	293	612	3/388	1/386	-0.204793	-0.0277536	2.98454
SRX4599937	TFs and others	Epitope tags	Kidney	293	533	3/388	1/386	-0.204793	-0.0277536	2.98454
SRX4931263	TFs and others	ELL2	Kidney	293	667	3/388	1/386	-0.204793	-0.0277536	2.98454
SRX512369	TFs and others	POU5F1	Pluripotent stem cell	iPS cells	3097	3/388	1/386	-0.204793	-0.0277536	2.98454
SRX5254850	TFs and others	SUZ12	Others	Mesenchymal stem cells	413	3/388	1/386	-0.204793	-0.0277536	2.98454
SRX5286344	TFs and others	SOX2	Pluripotent stem cell	hESC WIBR2	2756	3/388	1/386	-0.204793	-0.0277536	2.98454
SRX5394929	TFs and others	ATOH1	Epidermis	MKL-1	555	3/388	1/386	-0.204793	-0.0277536	2.98454
SRX5426127	TFs and others	SUZ12	Pluripotent stem cell	NT2-D1	163	3/388	1/386	-0.204793	-0.0277536	2.98454
SRX5865964	TFs and others	TP53	Blood	K-562	380	3/388	1/386	-0.204793	-0.0277536	2.98454
SRX6073298	TFs and others	IRF4	Blood	BC-3	1813	3/388	1/386	-0.204793	-0.0277536	2.98454
SRX6911606	TFs and others	ZMYND8	Neural	Glioblastoma	166	3/388	1/386	-0.204793	-0.0277536	2.98454
SRX698185	TFs and others	CEBPA	Blood	Kasumi-1	1447	3/388	1/386	-0.204793	-0.0277536	2.98454
SRX702046	TFs and others	OTX2	Pluripotent stem cell	hESC derived mesendodermal cells	226	3/388	1/386	-0.204793	-0.0277536	2.98454
SRX7262405	TFs and others	FOXA1	Others	Bladder cancer	1510	3/388	1/386	-0.204793	-0.0277536	2.98454
SRX7732851	TFs and others	TCEB3	Digestive tract	DLD-1	367	3/388	1/386	-0.204793	-0.0277536	2.98454
SRX7887594	TFs and others	YBX1	Blood	HEL	2169	3/388	1/386	-0.204793	-0.0277536	2.98454
SRX7981734	TFs and others	EP300	Prostate	Prostate cancer	142	3/388	1/386	-0.204793	-0.0277536	2.98454
SRX8023127	TFs and others	TP53	Breast	MCF 10A	2229	3/388	1/386	-0.204793	-0.0277536	2.98454
SRX8023128	TFs and others	TP53	Breast	MCF 10A	1142	3/388	1/386	-0.204793	-0.0277536	2.98454
SRX8299861	TFs and others	CTR9	Bone	U2OS	410	3/388	1/386	-0.204793	-0.0277536	2.98454
SRX8616378	TFs and others	BRD2	Blood	BCBL1	545	3/388	1/386	-0.204793	-0.0277536	2.98454
SRX8616818	TFs and others	FOSL1	Lung	A549	1478	3/388	1/386	-0.204793	-0.0277536	2.98454
SRX8699644	TFs and others	INTS3	Digestive tract	DLD-1	396	3/388	1/386	-0.204793	-0.0277536	2.98454
SRX8726304	TFs and others	BMI1	Others	Tumor	423	3/388	1/386	-0.204793	-0.0277536	2.98454
SRX9434359	TFs and others	RELA	Digestive tract	SW 480	573	3/388	1/386	-0.204793	-0.0277536	2.98454
SRX9434367	TFs and others	RELA	Digestive tract	HT-29	858	3/388	1/386	-0.204793	-0.0277536	2.98454
SRX9600654	TFs and others	G-quadruplex	Blood	K-562	268	3/388	1/386	-0.204793	-0.0277536	2.98454
SRX9628508	TFs and others	JUN	Gonad	BIN-67	578	3/388	1/386	-0.204793	-0.0277536	2.98454
SRX968969	TFs and others	ESR1	Breast	MCF-7	686	3/388	1/386	-0.204793	-0.0277536	2.98454
SRX6977278	TFs and others	Epitope tags	Neural	BE(2)-C	5261	105/388	98/386	-0.204602	-0.0277536	1.06591
SRX100447	TFs and others	SP2	Blood	K-562	2607	65/388	59/386	-0.204501	-0.0277536	1.09602
SRX10119127	TFs and others	LYL1	Blood	MV-4-11	18387	65/388	59/386	-0.204501	-0.0277536	1.09602
SRX2319761	TFs and others	VDR	Blood	THP-1	13027	65/388	59/386	-0.204501	-0.0277536	1.09602
SRX017872	TFs and others	RELA	Blood	GM19099	1616	7/388	9/386	-0.204313	-0.0277536	0.773769
SRX1012685	TFs and others	ESR1	Breast	MCF-7	4322	7/388	9/386	-0.204313	-0.0277536	0.773769
SRX1033286	TFs and others	GATA2	Prostate	LNCAP	2742	7/388	9/386	-0.204313	-0.0277536	0.773769
SRX158109	TFs and others	TCF12	Blood	RPMI 8402	2693	7/388	9/386	-0.204313	-0.0277536	0.773769
SRX2578868	TFs and others	ESR1	Breast	MDA-MB-231	911	7/388	9/386	-0.204313	-0.0277536	0.773769
SRX2871351	TFs and others	GATA3	Breast	T-47D	2875	7/388	9/386	-0.204313	-0.0277536	0.773769
SRX312100	TFs and others	Epitope tags	Breast	MCF-7	771	7/388	9/386	-0.204313	-0.0277536	0.773769
SRX3584303	TFs and others	RARA	Pluripotent stem cell	iPS derived chondrocytes	3235	7/388	9/386	-0.204313	-0.0277536	0.773769
SRX3644354	TFs and others	FOXA2	Epidermis	BJ	4834	7/388	9/386	-0.204313	-0.0277536	0.773769
SRX4650933	TFs and others	SUZ12	Kidney	293	939	7/388	9/386	-0.204313	-0.0277536	0.773769
SRX4650934	TFs and others	SUZ12	Kidney	293	899	7/388	9/386	-0.204313	-0.0277536	0.773769
SRX4650953	TFs and others	SUZ12	Kidney	293	960	7/388	9/386	-0.204313	-0.0277536	0.773769
SRX475755	TFs and others	SPI1	Blood	GM12878	2863	7/388	9/386	-0.204313	-0.0277536	0.773769
SRX481485	TFs and others	PCGF2	Others	Fibroblasts	1207	7/388	9/386	-0.204313	-0.0277536	0.773769
SRX483591	TFs and others	TP53	Epidermis	GM00011	2263	7/388	9/386	-0.204313	-0.0277536	0.773769
SRX5089553	TFs and others	BRD4	Breast	MCF-7	684	7/388	9/386	-0.204313	-0.0277536	0.773769
SRX5089783	TFs and others	SATB1	Breast	MCF 10A	14213	7/388	9/386	-0.204313	-0.0277536	0.773769
SRX5195715	TFs and others	ARID1A	Uterus	Endometrial epithelial cells	5690	7/388	9/386	-0.204313	-0.0277536	0.773769
SRX5323827	TFs and others	FOXA1	Breast	T-47D	2357	7/388	9/386	-0.204313	-0.0277536	0.773769
SRX5493762	TFs and others	FOXA1	Breast	Breast cancer cells	3153	7/388	9/386	-0.204313	-0.0277536	0.773769
SRX6058762	TFs and others	PGR	Breast	T-47D	3320	7/388	9/386	-0.204313	-0.0277536	0.773769
SRX6487044	TFs and others	FOXA1	Breast	MCF-7	3603	7/388	9/386	-0.204313	-0.0277536	0.773769
SRX6764991	TFs and others	WDR5	Digestive tract	LoVo	1765	7/388	9/386	-0.204313	-0.0277536	0.773769
SRX702100	TFs and others	SNAI2	Pluripotent stem cell	hESC derived mesendodermal cells	351	7/388	9/386	-0.204313	-0.0277536	0.773769
SRX736067	TFs and others	FOXP1	Prostate	LNCAP	2583	7/388	9/386	-0.204313	-0.0277536	0.773769
SRX8142110	TFs and others	TP63	Digestive tract	TE-5	2118	7/388	9/386	-0.204313	-0.0277536	0.773769
SRX8406523	TFs and others	FOXA1	Prostate	Prostatic Neoplasms, Castration-Resistant	5215	7/388	9/386	-0.204313	-0.0277536	0.773769
SRX9548658	TFs and others	SETD1A	Blood	THP-1	547	7/388	9/386	-0.204313	-0.0277536	0.773769
ERX626863	TFs and others	SPI1	Blood	HL-60	1552	10/388	7/386	-0.20399	-0.0277536	1.42121
SRX026648	TFs and others	ERG	Blood	Acute myeloid leukemia	909	10/388	7/386	-0.20399	-0.0277536	1.42121
SRX111320	TFs and others	HOXC9	Neural	BE(2)-C	7613	10/388	7/386	-0.20399	-0.0277536	1.42121
SRX212643	TFs and others	ZFX	Blood	NOMO-1	756	10/388	7/386	-0.20399	-0.0277536	1.42121
SRX2671519	TFs and others	Epitope tags	Kidney	293	790	10/388	7/386	-0.20399	-0.0277536	1.42121
SRX5089510	TFs and others	HDAC1	Breast	MCF-7	663	10/388	7/386	-0.20399	-0.0277536	1.42121
SRX790968	TFs and others	RELB	Blood	L-1236	2087	10/388	7/386	-0.20399	-0.0277536	1.42121
SRX8171740	TFs and others	MYBBP1A	Pancreas	BxPC-3	389	10/388	7/386	-0.20399	-0.0277536	1.42121
SRX8616851	TFs and others	JUNB	Lung	A549	5075	10/388	7/386	-0.20399	-0.0277536	1.42121
SRX9562906	TFs and others	SMARCC1	Muscle	RH-4	635	10/388	7/386	-0.20399	-0.0277536	1.42121
SRX150517	TFs and others	FOS	Breast	MCF 10A	56189	106/388	99/386	-0.203842	-0.0276686	1.06519
SRX10881814	TFs and others	BRD9	Kidney	G-401	8140	100/388	106/386	-0.203521	-0.0276686	0.938533
SRX063912	TFs and others	CBFB	Blood	SKNO-1	3201	60/388	65/386	-0.203321	-0.0276686	0.918319
SRX386203	TFs and others	TAL1	Blood	CD34+	15616	60/388	65/386	-0.203321	-0.0276686	0.918319
SRX6435407	TFs and others	SUPT5H	Kidney	293	2950	60/388	65/386	-0.203321	-0.0276686	0.918319
SRX1614807	TFs and others	ZNF366	Blood	Dendritic Cells	4451	18/388	21/386	-0.203228	-0.0276686	0.852725
SRX2323895	TFs and others	KMT2A	Kidney	293	981	18/388	21/386	-0.203228	-0.0276686	0.852725
SRX425263	TFs and others	RELA	Cardiovascular	HUVEC	4526	18/388	21/386	-0.203228	-0.0276686	0.852725
SRX4824363	TFs and others	AR	Prostate	22Rv1	8484	18/388	21/386	-0.203228	-0.0276686	0.852725
SRX5323847	TFs and others	FOXA1	Breast	MCF-7	8258	18/388	21/386	-0.203228	-0.0276686	0.852725
SRX5323848	TFs and others	FOXA1	Breast	MCF-7	9449	18/388	21/386	-0.203228	-0.0276686	0.852725
SRX6435410	TFs and others	SUPT5H	Kidney	293	1079	18/388	21/386	-0.203228	-0.0276686	0.852725
SRX6878594	TFs and others	AR	Prostate	LNCAP	11819	18/388	21/386	-0.203228	-0.0276686	0.852725
SRX7262411	TFs and others	FOXA1	Others	Bladder cancer	6941	18/388	21/386	-0.203228	-0.0276686	0.852725
SRX9534426	TFs and others	POU2AF1	Blood	Tonsil germinal center cells	12453	107/388	100/386	-0.203098	-0.0276057	1.06448
SRX9498734	TFs and others	GTF2A2	Blood	K-562	3567	66/388	60/386	-0.202951	-0.0276057	1.09433
SRX5574377	TFs and others	SPI1	Blood	Macrophages	5536	22/388	18/386	-0.2029	-0.0276057	1.21592
SRX9258677	TFs and others	CPSF3L	Kidney	293	1822	22/388	18/386	-0.2029	-0.0276057	1.21592
SRX3511104	TFs and others	NFIC	Liver	Hep G2	5684	35/388	39/386	-0.202875	-0.0276057	0.89281
SRX4510768	TFs and others	CTCF	Epidermis	MDA-MB-435	6852	35/388	39/386	-0.202875	-0.0276057	0.89281
SRX084599	TFs and others	BCL6	Blood	OCI-LY1	5848	40/388	35/386	-0.202532	-0.0273111	1.13697
SRX10212067	TFs and others	ATF4	Blood	CD4+ T cells	16859	108/388	101/386	-0.20237	-0.027245	1.0638
SRX9206192	TFs and others	KDM6A	Digestive tract	HCT 116	4927	108/388	101/386	-0.20237	-0.027245	1.0638
SRX1067068	TFs and others	AR	Prostate	LHSAR	97690	102/388	108/386	-0.202079	-0.0270027	0.939576
SRX4046314	TFs and others	CXXC1	Blood	Lymphoblastoid cell line	3382	67/388	61/386	-0.201444	-0.0264495	1.0927
SRX8706938	TFs and others	E2F1	Prostate	LNCAP	12750	285/388	277/386	-0.201381	-0.0264495	1.02358
SRX100559	TFs and others	GATA3	Breast	T-47D	37640	103/388	109/386	-0.201381	-0.0264495	0.940083
SRX5725262	TFs and others	MGA	Lung	A549	3979	62/388	67/386	-0.200346	-0.0254626	0.920603
SRX2207671	TFs and others	RELA	Cardiovascular	HUVEC	16549	36/388	40/386	-0.200099	-0.0254083	0.895361
SRX2533038	TFs and others	MCM2	Digestive tract	HCT 116	10771	36/388	40/386	-0.200099	-0.0254083	0.895361
SRX2837383	TFs and others	RELB	Blood	GM12878	10687	36/388	40/386	-0.200099	-0.0254083	0.895361
SRX7283265	TFs and others	ZBED2	Pancreas	SUIT-2	2109	36/388	40/386	-0.200099	-0.0254083	0.895361
SRX2251223	TFs and others	BRD4	Prostate	C4-2	29879	283/388	275/386	-0.200028	-0.0253856	1.02379
SRX5089500	TFs and others	HDAC1	Breast	MCF-7	6133	112/388	105/386	-0.199606	-0.0250121	1.06117
SRX1885181	TFs and others	FOXA1	Prostate	LNCAP	83619	106/388	112/386	-0.199373	-0.0248272	0.94155
SRX5089497	TFs and others	HDAC1	Breast	MCF-7	5681	113/388	106/386	-0.198951	-0.0245191	1.06054
SRX2470089	TFs and others	PITX3	Neural	SH-SY5Y	10889	63/388	68/386	-0.19892	-0.0245191	0.921695
SRX790969	TFs and others	NFKB1	Blood	L-1236	11026	63/388	68/386	-0.19892	-0.0245191	0.921695
SRX5574369	TFs and others	SPI1	Blood	Dendritic Cells	24108	69/388	63/386	-0.198556	-0.0242511	1.08959
SRX2043230	TFs and others	TCF3	Blood	RCH-ACV	41561	319/388	323/386	-0.198556	-0.0242511	0.982525
SRX7135367	TFs and others	HDAC1	Blood	K-562	6839	114/388	107/386	-0.198309	-0.0240524	1.05993
SRX093183	TFs and others	SPI1	Blood	Monocytes	23021	108/388	114/386	-0.198102	-0.0239897	0.942485
SRX1514970	TFs and others	GFP	Kidney	293	3126	19/388	22/386	-0.197813	-0.0239897	0.859185
SRX180825	TFs and others	E2F7	Lung	IMR-90	2788	19/388	22/386	-0.197813	-0.0239897	0.859185
SRX190348	TFs and others	JUND	Breast	MCF-7	6163	19/388	22/386	-0.197813	-0.0239897	0.859185
SRX4108915	TFs and others	AR	Prostate	LNCAP	15751	19/388	22/386	-0.197813	-0.0239897	0.859185
SRX4649668	TFs and others	TP63	Breast	MCF 10A	7646	19/388	22/386	-0.197813	-0.0239897	0.859185
SRX4937327	TFs and others	ATXN7L3	Digestive tract	HCT 116	1327	19/388	22/386	-0.197813	-0.0239897	0.859185
SRX5089417	TFs and others	SMARCA4	Breast	MCF-7	5394	19/388	22/386	-0.197813	-0.0239897	0.859185
SRX9683971	TFs and others	ESRRA	Breast	MDA-MB-231	3014	19/388	22/386	-0.197813	-0.0239897	0.859185
SRX5930145	TFs and others	MYOD1	Muscle	RH-4	20014	64/388	69/386	-0.197533	-0.023816	0.922755
SRX751300	TFs and others	MED1	Adipocyte	Adipose-Derived Mesenchymal Stem Cells	8536	23/388	19/386	-0.197494	-0.023816	1.20429
ERX200493	TFs and others	CTCF	Blood	B cells	8743	37/388	41/386	-0.197444	-0.023816	0.897787
SRX9571478	TFs and others	Epitope tags	Blood	K-562	4895	37/388	41/386	-0.197444	-0.023816	0.897787
SRX347429	TFs and others	STAT3	Blood	U-2932	7306	70/388	64/386	-0.197171	-0.023816	1.08811
SRX5323836	TFs and others	STAT3	Breast	T-47D	6716	70/388	64/386	-0.197171	-0.023816	1.08811
SRX6483132	TFs and others	SMARCA4	Neural	NGP	7689	70/388	64/386	-0.197171	-0.023816	1.08811
SRX9599279	TFs and others	REST	Uterus	HEC-1-B	5152	70/388	64/386	-0.197171	-0.023816	1.08811
SRX236114	TFs and others	TCF12	Blood	Kasumi-1	5897	42/388	37/386	-0.19711	-0.023816	1.12928
SRX4212578	TFs and others	EZH2	Blood	Peripheral blood mononuclear cells	2495	42/388	37/386	-0.19711	-0.023816	1.12928
SRX5323820	TFs and others	STAT3	Breast	T-47D	4190	42/388	37/386	-0.19711	-0.023816	1.12928
DRX059614	TFs and others	KMT2B	Blood	HB1119	3873	65/388	70/386	-0.196184	-0.0229379	0.923785
SRX8449942	TFs and others	BAHCC1	Blood	Jurkat	25122	317/388	321/386	-0.195823	-0.0226252	0.982449
SRX10881823	TFs and others	SS18L1	Others	BT-16	6476	38/388	42/386	-0.194903	-0.0218654	0.900098
SRX8406533	TFs and others	HOXB13	Prostate	Prostate	12559	38/388	42/386	-0.194903	-0.0218654	0.900098
SRX9234587	TFs and others	BATF3	Blood	KARPAS-299	14068	38/388	42/386	-0.194903	-0.0218654	0.900098
SRX100392	TFs and others	USF1	Blood	GM12878	5439	66/388	71/386	-0.194871	-0.0218654	0.924786
SRX2267447	TFs and others	BRD4	Lung	NCI-H3122	4615	43/388	38/386	-0.194572	-0.0217945	1.12575
SRX4192888	TFs and others	STAT3	Breast	MCF 10A	17924	43/388	38/386	-0.194572	-0.0217945	1.12575
SRX1995010	TFs and others	HIF1A	Bone	U2OS	5606	72/388	66/386	-0.194512	-0.0217945	1.08529
SRX3734319	TFs and others	TP63	Breast	Mammary glands	32922	72/388	66/386	-0.194512	-0.0217945	1.08529
SRX6780867	TFs and others	CREB1	Pluripotent stem cell	iPS derived neural cells	3134	72/388	66/386	-0.194512	-0.0217945	1.08529
SRX6780876	TFs and others	CRTC1	Pluripotent stem cell	iPS derived neural cells	3183	72/388	66/386	-0.194512	-0.0217945	1.08529
SRX3098193	TFs and others	RUNX1T1	Blood	Kasumi-1	7038	115/388	121/386	-0.194053	-0.0213928	0.945514
SRX5574446	TFs and others	SPI1	Blood	CTV-1	36010	122/388	115/386	-0.19363	-0.0213928	1.0554
SRX1046558	TFs and others	RAG2	Blood	Thymus	21556	321/388	314/386	-0.193593	-0.0213928	1.01702
SRX4411673	TFs and others	AR	Prostate	LNCAP	48662	67/388	72/386	-0.193593	-0.0213928	0.925759
SRX359947	TFs and others	NPAT	Digestive tract	LoVo	3227	73/388	67/386	-0.193235	-0.0213928	1.08394
SRX5286307	TFs and others	AR	Prostate	LNCAP	43005	265/388	270/386	-0.193098	-0.0213928	0.976422
SRX016975	TFs and others	TP73	Bone	Saos-2	9202	20/388	23/386	-0.192814	-0.0213928	0.865083
SRX148896	TFs and others	SMAD3	Liver	LX2	7058	20/388	23/386	-0.192814	-0.0213928	0.865083
SRX243629	TFs and others	TEAD4	Digestive tract	SNU-216	8614	20/388	23/386	-0.192814	-0.0213928	0.865083
SRX3292076	TFs and others	TFAP2A	Pluripotent stem cell	hESC derived trophoblast cells	8057	20/388	23/386	-0.192814	-0.0213928	0.865083
SRX5527655	TFs and others	ERG	Cardiovascular	HAEC	4115	20/388	23/386	-0.192814	-0.0213928	0.865083
SRX6614770	TFs and others	SMC3	Lung	IMR-90	7588	20/388	23/386	-0.192814	-0.0213928	0.865083
SRX6913077	TFs and others	BRD3	Blood	K-562	1318	20/388	23/386	-0.192814	-0.0213928	0.865083
SRX7398283	TFs and others	LDB1	Blood	K-562	7588	20/388	23/386	-0.192814	-0.0213928	0.865083
SRX1033271	TFs and others	GATA2	Prostate	LNCAP	8638	24/388	20/386	-0.192503	-0.0213928	1.19381
SRX5716463	TFs and others	SMARCA4	Neural	Neural progenitor cells	4478	24/388	20/386	-0.192503	-0.0213928	1.19381
SRX690823	TFs and others	HSF1	Bone	U2OS	5788	24/388	20/386	-0.192503	-0.0213928	1.19381
SRX6066510	TFs and others	NELFE	Digestive tract	HCT 116	2321	39/388	43/386	-0.192467	-0.0213928	0.902302
SRX9350647	TFs and others	FOSL1	Epidermis	Melanoma cell line	14945	39/388	43/386	-0.192467	-0.0213928	0.902302
SRX190354	TFs and others	MAX	Pluripotent stem cell	hESC H1	41716	320/388	313/386	-0.192348	-0.0213928	1.01709
SRX1799593	TFs and others	TBX21	Blood	Th1 Cells	36124	269/388	261/386	-0.191994	-0.0213928	1.02534
SRX334251	TFs and others	E2F1	Unclassified	Unclassified	5860	119/388	125/386	-0.191994	-0.0213928	0.947093
DRX300408	TFs and others	MEAF6	Blood	HB1119	871	8/388	10/386	-0.19178	-0.0213928	0.795876
ERX664200	TFs and others	CTCF	Blood	B cells	3900	8/388	10/386	-0.19178	-0.0213928	0.795876
SRX1012717	TFs and others	PGR	Breast	T-47D	3143	8/388	10/386	-0.19178	-0.0213928	0.795876
SRX1304577	TFs and others	LYL1	Blood	HL-60	4084	8/388	10/386	-0.19178	-0.0213928	0.795876
SRX1477666	TFs and others	MED12	Blood	CD34 Hematopoietic stem cells	3367	8/388	10/386	-0.19178	-0.0213928	0.795876
SRX1515042	TFs and others	GFP	Kidney	293	2227	8/388	10/386	-0.19178	-0.0213928	0.795876
SRX174817	TFs and others	NKX2-1	Lung	NCI-H2087	1906	8/388	10/386	-0.19178	-0.0213928	0.795876
SRX186621	TFs and others	MAFK	Blood	GM12878	3819	8/388	10/386	-0.19178	-0.0213928	0.795876
SRX222275	TFs and others	ESR1	Prostate	NCI-H660	7819	8/388	10/386	-0.19178	-0.0213928	0.795876
SRX2924013	TFs and others	TP53	Breast	MCF-7	2193	8/388	10/386	-0.19178	-0.0213928	0.795876
SRX3230394	TFs and others	NR1H2	Liver	Hep G2	1603	8/388	10/386	-0.19178	-0.0213928	0.795876
SRX3592677	TFs and others	SMAD2	Pluripotent stem cell	hESC HUES8	5866	8/388	10/386	-0.19178	-0.0213928	0.795876
SRX3837513	TFs and others	SRF	Blood	HEL	1925	8/388	10/386	-0.19178	-0.0213928	0.795876
SRX392794	TFs and others	REST	Blood	Jurkat	2434	8/388	10/386	-0.19178	-0.0213928	0.795876
SRX4466285	TFs and others	RUNX1	Blood	REH	3434	8/388	10/386	-0.19178	-0.0213928	0.795876
SRX4650984	TFs and others	RNF2	Kidney	293	890	8/388	10/386	-0.19178	-0.0213928	0.795876
SRX4679528	TFs and others	REST	Neural	CHLA-90	2235	8/388	10/386	-0.19178	-0.0213928	0.795876
SRX4708074	TFs and others	PTBP1	Blood	K-562	1011	8/388	10/386	-0.19178	-0.0213928	0.795876
SRX625677	TFs and others	IKZF1	Blood	ICN1	2285	8/388	10/386	-0.19178	-0.0213928	0.795876
DRX021119	TFs and others	MBD2	Digestive tract	HCT 116	8208	11/388	8/386	-0.191478	-0.0213928	1.36791
SRX028640	TFs and others	NR2C2	Blood	GM12878	397	11/388	8/386	-0.191478	-0.0213928	1.36791
SRX1053369	TFs and others	POU5F1	Pluripotent stem cell	ES cells	5741	11/388	8/386	-0.191478	-0.0213928	1.36791
SRX1091820	TFs and others	CTCF	Blood	delta-47	964	11/388	8/386	-0.191478	-0.0213928	1.36791
SRX1514931	TFs and others	GFP	Kidney	293	859	11/388	8/386	-0.191478	-0.0213928	1.36791
SRX1756593	TFs and others	AML1-ETO	Blood	Kasumi-1	3157	11/388	8/386	-0.191478	-0.0213928	1.36791
SRX2270413	TFs and others	JMJD6	Others	Tumor	1373	11/388	8/386	-0.191478	-0.0213928	1.36791
SRX2731314	TFs and others	PAF1	Digestive tract	HCT 116	1207	11/388	8/386	-0.191478	-0.0213928	1.36791
SRX3468050	TFs and others	Epitope tags	Others	Fibroblasts	6082	11/388	8/386	-0.191478	-0.0213928	1.36791
SRX384488	TFs and others	XBP1	Breast	MDA-MB-231	2047	11/388	8/386	-0.191478	-0.0213928	1.36791
SRX387509	TFs and others	NELFA	Uterus	HeLa	665	11/388	8/386	-0.191478	-0.0213928	1.36791
SRX4046309	TFs and others	SETD1A	Blood	Erythroblasts	543	11/388	8/386	-0.191478	-0.0213928	1.36791
SRX8520796	TFs and others	STAT3	Breast	MCF-7	2531	11/388	8/386	-0.191478	-0.0213928	1.36791
SRX8588598	TFs and others	PAX8	Gonad	KURAMOCHI	6169	11/388	8/386	-0.191478	-0.0213928	1.36791
SRX7141987	TFs and others	O-GlcNAc	Adipocyte	Adipocytes	2648	69/388	74/386	-0.191135	-0.0210978	0.927626
SRX5504130	TFs and others	HNF1B	Pancreas	PANC-1	10616	127/388	120/386	-0.19108	-0.0210902	1.05288
SRX8037079	TFs and others	KLF5	Digestive tract	HT-55	13759	121/388	127/386	-0.191027	-0.0210853	0.947845
SRX356746	TFs and others	STAG1	Blood	Lymphoblastoid cell line	30790	122/388	128/386	-0.19056	-0.020666	0.948212
ERX470433	TFs and others	NRIP1	Breast	MCF-7	10224	40/388	44/386	-0.190131	-0.0203319	0.904405
SRX8406546	TFs and others	HOXB13	Prostate	Prostate	16109	40/388	44/386	-0.190131	-0.0203319	0.904405
SRX2436029	TFs and others	OTX2	Neural	D341 Med	28740	70/388	75/386	-0.189953	-0.0202497	0.928522
SRX475794	TFs and others	SPI1	Blood	GM12878	23939	70/388	75/386	-0.189953	-0.0202497	0.928522
SRX3285613	TFs and others	KDM5B	Breast	C70R	2328	45/388	40/386	-0.189807	-0.0201514	1.1192
SRX5504125	TFs and others	FOXA2	Pancreas	CFPAC-1	31910	71/388	76/386	-0.188801	-0.0192273	0.929395
SRX213628	TFs and others	MYC	Uterus	HeLa	11770	132/388	125/386	-0.188788	-0.0192273	1.05056
SRX4377546	TFs and others	BRD2	Breast	SUM 159PT	13233	261/388	253/386	-0.188366	-0.019222	1.0263
SRX10382441	TFs and others	BCOR	Pluripotent stem cell	hESC H1	37724	367/388	362/386	-0.188182	-0.019222	1.00859
SRX070878	TFs and others	FOS	Cardiovascular	HUVEC	7025	21/388	24/386	-0.188182	-0.019222	0.87049
SRX10119380	TFs and others	STAT3	Breast	MCF 10A	5508	21/388	24/386	-0.188182	-0.019222	0.87049
SRX3445799	TFs and others	INO80	Liver	Hep G2	1264	21/388	24/386	-0.188182	-0.019222	0.87049
SRX361222	TFs and others	GATA3	Breast	MCF-7	11404	21/388	24/386	-0.188182	-0.019222	0.87049
SRX378797	TFs and others	CDK6	Uterus	KB	1611	21/388	24/386	-0.188182	-0.019222	0.87049
SRX7865932	TFs and others	BRD4	Breast	MDA-MB-231	7054	21/388	24/386	-0.188182	-0.019222	0.87049
SRX190231	TFs and others	BCL3	Lung	A549	5909	41/388	45/386	-0.187887	-0.019222	0.906415
SRX5577154	TFs and others	AR	Prostate	LNCAP	28532	41/388	45/386	-0.187887	-0.019222	0.906415
ERX626851	TFs and others	SPI1	Blood	U-937	6014	25/388	21/386	-0.187878	-0.019222	1.18434
SRX10145208	TFs and others	REL	Blood	CD4+ T cells	1492	25/388	21/386	-0.187878	-0.019222	1.18434
SRX2267453	TFs and others	BRD4	Digestive tract	NCI-N87	3587	25/388	21/386	-0.187878	-0.019222	1.18434
SRX4116036	TFs and others	FOXA1	Breast	Breast cancer cells	9366	25/388	21/386	-0.187878	-0.019222	1.18434
SRX4174629	TFs and others	CTCF	Neural	Neural progenitor cells	6059	25/388	21/386	-0.187878	-0.019222	1.18434
SRX5236337	TFs and others	MED1	Cardiovascular	HUVEC	1572	25/388	21/386	-0.187878	-0.019222	1.18434
SRX8536091	TFs and others	JUND	Blood	CD34+	1385	25/388	21/386	-0.187878	-0.019222	1.18434
SRX9683970	TFs and others	ESRRA	Breast	MDA-MB-231	3385	25/388	21/386	-0.187878	-0.019222	1.18434
SRX976244	TFs and others	KMT2D	Blood	B cells	1431	25/388	21/386	-0.187878	-0.019222	1.18434
SRX2574235	TFs and others	GATA2	Blood	SKH1	17056	72/388	77/386	-0.187677	-0.0191164	0.930245
SRX3503584	TFs and others	GATA2	Uterus	Endometrial stromal cells	35622	72/388	77/386	-0.187677	-0.0191164	0.930245
SRX100586	TFs and others	ESR1	Uterus	ECC-1	9117	46/388	41/386	-0.187567	-0.0190884	1.11617
SRX150671	TFs and others	TRIM28	Kidney	293	22597	129/388	135/386	-0.187554	-0.0190884	0.95063
SRX5289971	TFs and others	NR3C1	Lung	BEAS-2B	8504	78/388	72/386	-0.187326	-0.0189079	1.07775
SRX130609	TFs and others	BCOR	Blood	B cells	23940	258/388	250/386	-0.187161	-0.0188379	1.02668
SRX7677721	TFs and others	NELFE	Digestive tract	DLD-1	11272	258/388	250/386	-0.187161	-0.0188379	1.02668
SRX1690205	TFs and others	MYCN	Neural	BE(2)-C	20362	256/388	248/386	-0.186401	-0.0181256	1.02694
SRX3230411	TFs and others	ZMYM3	Liver	Hep G2	10412	74/388	79/386	-0.185514	-0.0173763	0.93188
SRX5574459	TFs and others	SPI1	Blood	CTV-1	12597	47/388	42/386	-0.185414	-0.0173763	1.11328
SRX6913046	TFs and others	BRD4	Blood	THP-1	3064	47/388	42/386	-0.185414	-0.0173763	1.11328
SRX7223095	TFs and others	EGR1	Uterus	Endometrial stromal cells	2440	47/388	42/386	-0.185414	-0.0173763	1.11328
SRX7677720	TFs and others	NELFCD	Digestive tract	DLD-1	2356	47/388	42/386	-0.185414	-0.0173763	1.11328
SRX9867032	TFs and others	CTCF	Unclassified	Unclassified	19971	135/388	141/386	-0.185324	-0.0173339	0.952512
SRX029088	TFs and others	FOS	Blood	K-562	24762	80/388	74/386	-0.185165	-0.0172699	1.07551
SRX4367441	TFs and others	TBP	Lung	Bronchial tracheal epithelial cells	3351	80/388	74/386	-0.185165	-0.0172699	1.07551
SRX9571481	TFs and others	Epitope tags	Blood	K-562	5218	75/388	80/386	-0.184471	-0.0166228	0.932668
SRX5062475	TFs and others	SUPT5H	Bone	U2OS	6974	144/388	137/386	-0.184211	-0.0164107	1.04568
SRX3824042	TFs and others	SPI1	Blood	THP-1	46324	145/388	138/386	-0.183883	-0.0162654	1.04531
ERX626864	TFs and others	SPI1	Blood	U-937	6164	22/388	25/386	-0.183876	-0.0162654	0.875464
SRX4786552	TFs and others	TET2	Breast	MCF-7	1328	22/388	25/386	-0.183876	-0.0162654	0.875464
SRX8406312	TFs and others	HOXB13	Prostate	Prostatic Neoplasms, Castration-Resistant	15650	22/388	25/386	-0.183876	-0.0162654	0.875464
SRX5342377	TFs and others	FOXL2	Gonad	SVOG-3e	14694	43/388	47/386	-0.183657	-0.0162056	0.910178
SRX5401864	TFs and others	PGR	Breast	T-47D	16851	43/388	47/386	-0.183657	-0.0162056	0.910178
SRX3923527	TFs and others	FOXA1	Breast	ZR-75-1	14096	26/388	22/386	-0.183579	-0.0162056	1.17573
SRX5172061	TFs and others	SMARCC1	Breast	MCF-7	4036	26/388	22/386	-0.183579	-0.0162056	1.17573
SRX5360664	TFs and others	Epitope tags	Epidermis	BJ	5771	26/388	22/386	-0.183579	-0.0162056	1.17573
SRX4370436	TFs and others	CTCF	Neural	Anterior temporal cortex	7145	76/388	81/386	-0.183454	-0.0161752	0.933435
SRX9550861	TFs and others	FOXA1	Prostate	Prostate cancer	35725	76/388	81/386	-0.183454	-0.0161752	0.933435
SRX6824678	TFs and others	MYOD1	Unclassified	Unclassified	11806	48/388	43/386	-0.183343	-0.0161594	1.11053
SRX7055001	TFs and others	ERG	Cardiovascular	HAEC	6123	48/388	43/386	-0.183343	-0.0161594	1.11053
SRX100506	TFs and others	FOXA1	Liver	Hep G2	50229	142/388	148/386	-0.18309	-0.0160093	0.954514
SRX2711484	TFs and others	USP7	Blood	Jurkat	13969	239/388	244/386	-0.182649	-0.0160093	0.974459
SRX6909701	TFs and others	RUNX1	Blood	697	43140	239/388	244/386	-0.182649	-0.0160093	0.974459
SRX1033282	TFs and others	FOXA1	Prostate	LNCAP	38152	77/388	82/386	-0.182461	-0.0160093	0.934184
SRX1885187	TFs and others	FOXA1	Prostate	LNCAP	63985	77/388	82/386	-0.182461	-0.0160093	0.934184
SRX9562887	TFs and others	SMARCA4	Muscle	RH-4	14459	238/388	243/386	-0.182359	-0.0160093	0.974375
DRX234809	TFs and others	JADE3	Kidney	293	3749	83/388	77/386	-0.182115	-0.0160093	1.07237
SRX6780878	TFs and others	CRTC1	Pluripotent stem cell	iPS derived neural cells	3711	83/388	77/386	-0.182115	-0.0160093	1.07237
SRX3800333	TFs and others	STAG2	Others	RT-112	27354	241/388	233/386	-0.181717	-0.0160093	1.029
SRX476913	TFs and others	SNAI2	Epidermis	Keratinocytes	3749	44/388	48/386	-0.181661	-0.0160093	0.911942
SRX764809	TFs and others	FOXA2	Pluripotent stem cell	hESC derived mesendodermal cells	10506	44/388	48/386	-0.181661	-0.0160093	0.911942
SRX5286327	TFs and others	NANOG	Pluripotent stem cell	ES cells	27971	49/388	44/386	-0.18135	-0.0160093	1.1079
SRX9621854	TFs and others	GFP	Kidney	293	7188	49/388	44/386	-0.18135	-0.0160093	1.1079
ERX470434	TFs and others	NRIP1	Breast	MCF-7	3849	9/388	11/386	-0.181255	-0.0160093	0.813964
SRX016031	TFs and others	RBL2	Lung	IMR-90	2511	9/388	11/386	-0.181255	-0.0160093	0.813964
SRX1133780	TFs and others	KDM1A	Blood	SKNO-1	1563	9/388	11/386	-0.181255	-0.0160093	0.813964
SRX116453	TFs and others	CHD1	Pluripotent stem cell	hESC H1	1194	9/388	11/386	-0.181255	-0.0160093	0.813964
SRX150548	TFs and others	STAT2	Blood	K-562	1241	9/388	11/386	-0.181255	-0.0160093	0.813964
SRX176060	TFs and others	FOXA1	Prostate	C4-2	7373	9/388	11/386	-0.181255	-0.0160093	0.813964
SRX2404136	TFs and others	RELA	Others	Detroit 562	3810	9/388	11/386	-0.181255	-0.0160093	0.813964
SRX3123811	TFs and others	ESR1	Breast	MCF-7	5603	9/388	11/386	-0.181255	-0.0160093	0.813964
SRX3583179	TFs and others	ESR1	Breast	MCF-7	4817	9/388	11/386	-0.181255	-0.0160093	0.813964
SRX3638909	TFs and others	RELA	Bone	U2OS	1146	9/388	11/386	-0.181255	-0.0160093	0.813964
SRX3733796	TFs and others	CTCF	Liver	Hep G2	2107	9/388	11/386	-0.181255	-0.0160093	0.813964
SRX4650917	TFs and others	SUZ12	Kidney	293	984	9/388	11/386	-0.181255	-0.0160093	0.813964
SRX5089427	TFs and others	SMARCB1	Breast	MCF-7	4038	9/388	11/386	-0.181255	-0.0160093	0.813964
SRX5089534	TFs and others	ARID2	Breast	MCF-7	6013	9/388	11/386	-0.181255	-0.0160093	0.813964
SRX5447476	TFs and others	Epitope tags	Pluripotent stem cell	iPS cells	1058	9/388	11/386	-0.181255	-0.0160093	0.813964
SRX5974524	TFs and others	TAL1	Blood	K-562	4552	9/388	11/386	-0.181255	-0.0160093	0.813964
SRX6487043	TFs and others	FOXA1	Breast	MCF-7	6746	9/388	11/386	-0.181255	-0.0160093	0.813964
SRX6910071	TFs and others	PGR	Uterus	Uterin leiomyoma	3787	9/388	11/386	-0.181255	-0.0160093	0.813964
SRX7712486	TFs and others	HIF1A	Digestive tract	HCT 116	978	9/388	11/386	-0.181255	-0.0160093	0.813964
SRX8406513	TFs and others	FOXA1	Prostate	Prostate	7375	9/388	11/386	-0.181255	-0.0160093	0.813964
SRX5089509	TFs and others	HDAC1	Breast	MCF-7	3725	84/388	78/386	-0.181146	-0.0160093	1.07137
SRX10145216	TFs and others	REL	Unclassified	Unclassified	7457	155/388	148/386	-0.181015	-0.0160093	1.0419
SRX023135	TFs and others	PRDM14	Pluripotent stem cell	ES cells	3156	12/388	9/386	-0.180971	-0.0160093	1.32646
SRX084601	TFs and others	NCOR2	Blood	OCI-LY1	2760	12/388	9/386	-0.180971	-0.0160093	1.32646
SRX1161198	TFs and others	ESR1	Breast	T-47D	5044	12/388	9/386	-0.180971	-0.0160093	1.32646
SRX150547	TFs and others	JUN	Blood	K-562	2325	12/388	9/386	-0.180971	-0.0160093	1.32646
SRX2267444	TFs and others	BRD4	Lung	A549	1408	12/388	9/386	-0.180971	-0.0160093	1.32646
SRX306517	TFs and others	AR	Prostate	DU 145	5606	12/388	9/386	-0.180971	-0.0160093	1.32646
SRX384491	TFs and others	XBP1	Breast	Hs 578T	1937	12/388	9/386	-0.180971	-0.0160093	1.32646
SRX3923526	TFs and others	FOXA1	Breast	ZR-75-1	5206	12/388	9/386	-0.180971	-0.0160093	1.32646
SRX4115994	TFs and others	FOXA1	Breast	MCF-7	5520	12/388	9/386	-0.180971	-0.0160093	1.32646
SRX4708062	TFs and others	SRSF3	Blood	K-562	987	12/388	9/386	-0.180971	-0.0160093	1.32646
SRX5183151	TFs and others	BACH1	Pancreas	AsPC-1	4100	12/388	9/386	-0.180971	-0.0160093	1.32646
SRX6913068	TFs and others	BRD4	Blood	THP-1	738	12/388	9/386	-0.180971	-0.0160093	1.32646
SRX190197	TFs and others	NFIC	Liver	Hep G2	13443	79/388	84/386	-0.180545	-0.0157247	0.935628
SRX5574502	TFs and others	SMARCA4	Blood	CTV-1	11834	79/388	84/386	-0.180545	-0.0157247	0.935628
SRX6473449	TFs and others	Epitope tags	Pluripotent stem cell	hESC derived neural crests	3217	79/388	84/386	-0.180545	-0.0157247	0.935628
SRX1004563	TFs and others	TEAD1	Lung	MSTO-211H	10879	23/388	26/386	-0.179861	-0.0151822	0.880056
SRX3468023	TFs and others	SUZ12	Others	Aska	1749	23/388	26/386	-0.179861	-0.0151822	0.880056
SRX5323849	TFs and others	FOXA1	Breast	MCF-7	9761	23/388	26/386	-0.179861	-0.0151822	0.880056
SRX5212357	TFs and others	SMARCA4	Others	Mel270	26998	45/388	49/386	-0.179737	-0.0151752	0.913633
SRX2513054	TFs and others	RUNX1	Kidney	293	51344	308/388	301/386	-0.17962	-0.0151752	1.01798
SRX2796992	TFs and others	ERF	Prostate	VCaP	5886	27/388	23/386	-0.179571	-0.0151752	1.16786
SRX2924018	TFs and others	TP53	Breast	MCF-7	6295	27/388	23/386	-0.179571	-0.0151752	1.16786
SRX306510	TFs and others	FOXA1	Prostate	DU 145	11744	27/388	23/386	-0.179571	-0.0151752	1.16786
SRX5525780	TFs and others	MYCN	Neural	SH-EP	2023	27/388	23/386	-0.179571	-0.0151752	1.16786
SRX4169275	TFs and others	SUPT5H	Bone	U2OS	2663	50/388	45/386	-0.179429	-0.0150798	1.10538
SRX6066513	TFs and others	NELFE	Digestive tract	HCT 116	7594	166/388	159/386	-0.178649	-0.0143471	1.03864
SRX100485	TFs and others	REST	Blood	K-562	14570	87/388	81/386	-0.178375	-0.0141203	1.06854
SRX5391034	TFs and others	MLXIP	Muscle	Skeletal myotubes	26775	169/388	162/386	-0.178136	-0.0139284	1.03783
SRX100467	TFs and others	ESR1	Uterus	ECC-1	12640	46/388	50/386	-0.177883	-0.0138628	0.915258
SRX10382440	TFs and others	EZH2	Pluripotent stem cell	hESC H1	4588	46/388	50/386	-0.177883	-0.0138628	0.915258
SRX1089832	TFs and others	SPI1	Blood	Hematopoietic Stem Cells	13304	46/388	50/386	-0.177883	-0.0138628	0.915258
SRX117010	TFs and others	FLI1	Blood	U-937	12322	221/388	213/386	-0.177877	-0.0138628	1.03221
SRX3098196	TFs and others	RUNX1T1	Blood	Kasumi-1	5229	82/388	87/386	-0.177835	-0.0138628	0.93767
SRX10119155	TFs and others	CREB1	Blood	MV-4-11	1902	51/388	46/386	-0.177578	-0.013747	1.10298
SRX4367432	TFs and others	TBP	Lung	Bronchial tracheal epithelial cells	2645	51/388	46/386	-0.177578	-0.013747	1.10298
SRX6813408	TFs and others	ATF4	Blood	CD4+ T cells	10028	51/388	46/386	-0.177578	-0.013747	1.10298
SRX356483	TFs and others	CTCF	Blood	Lymphoblastoid cell line	43198	176/388	182/386	-0.176933	-0.0131486	0.962048
SRX099865	TFs and others	MYC	Breast	MCF-7	17155	209/388	214/386	-0.17681	-0.013073	0.971601
SRX327752	TFs and others	BRD4	Neural	U-87 MG	33845	181/388	174/386	-0.176614	-0.0129236	1.03487
SRX5577161	TFs and others	AR	Prostate	LNCAP	16081	200/388	192/386	-0.176377	-0.0129224	1.0363
SRX5718164	TFs and others	RAD21	Kidney	293	25762	189/388	195/386	-0.176366	-0.0129224	0.964235
SRX341012	TFs and others	MYOD1	Muscle	Rhabdomyosarcoma	20069	84/388	89/386	-0.17613	-0.0129224	0.938955
SRX3020590	TFs and others	PHIP	Kidney	293	1023	24/388	27/386	-0.176106	-0.0129224	0.884307
SRX3186362	TFs and others	Epitope tags	Lung	HCC95	2191	24/388	27/386	-0.176106	-0.0129224	0.884307
SRX4313220	TFs and others	HDAC2	Muscle	RH-4	5049	24/388	27/386	-0.176106	-0.0129224	0.884307
SRX5257606	TFs and others	GATA2	Prostate	VCaP	16744	24/388	27/386	-0.176106	-0.0129224	0.884307
SRX6058753	TFs and others	PGR	Breast	T-47D	8293	24/388	27/386	-0.176106	-0.0129224	0.884307
SRX027270	TFs and others	SMARCB1	Uterus	HeLa	2819	47/388	51/386	-0.176095	-0.0129224	0.916818
SRX190258	TFs and others	CEBPB	Uterus	ECC-1	12162	47/388	51/386	-0.176095	-0.0129224	0.916818
SRX2795371	TFs and others	BRD4	Blood	Akata	2717	47/388	51/386	-0.176095	-0.0129224	0.916818
SRX5574492	TFs and others	SPI1	Blood	CTV-1	51007	189/388	182/386	-0.176049	-0.0129224	1.03311
SRX5075168	TFs and others	SMARCA4	Neural	Neural progenitor cells	28648	192/388	185/386	-0.175928	-0.0128504	1.03249
SRX346921	TFs and others	MITF	Epidermis	Melanocytes	3761	28/388	24/386	-0.175822	-0.0128504	1.16065
SRX4193144	TFs and others	ESR1	Breast	MCF-7	5794	52/388	47/386	-0.175792	-0.0128504	1.10068
SRX9741170	TFs and others	ATF4	Blood	MV-4-11	27040	90/388	84/386	-0.175789	-0.0128504	1.06591
SRX189237	TFs and others	MAX	Lung	NCI-H2171	53418	340/388	334/386	-0.174368	-0.0125463	1.01272
SRX1690213	TFs and others	MYCN	Neural	NGP	4286	48/388	52/386	-0.174368	-0.0125463	0.918319
SRX734342	TFs and others	CHD8	Breast	T-47D	47130	48/388	52/386	-0.174368	-0.0125463	0.918319
SRX190313	TFs and others	CREB1	Uterus	ECC-1	4282	92/388	86/386	-0.174161	-0.0125463	1.06425
SRX9556501	TFs and others	GATA3	Breast	MDA-MB-231	17696	92/388	86/386	-0.174161	-0.0125463	1.06425
SRX10119153	TFs and others	CREB1	Blood	MV-4-11	1990	53/388	48/386	-0.174067	-0.0125463	1.09848
SRX2198831	TFs and others	LARP7	Uterus	HeLa	12073	53/388	48/386	-0.174067	-0.0125463	1.09848
SRX3734314	TFs and others	TP63	Breast	Mammary glands	24519	53/388	48/386	-0.174067	-0.0125463	1.09848
SRX2055843	TFs and others	RELA	Kidney	Renal cell carcinoma	8685	88/388	93/386	-0.172943	-0.0125463	0.941359
SRX4023329	TFs and others	CDK9	Breast	T-47D	3211	49/388	53/386	-0.172699	-0.0125463	0.919763
SRX190281	TFs and others	HDAC2	Breast	MCF-7	16111	94/388	88/386	-0.172605	-0.0125463	1.06268
SRX1053374	TFs and others	CTCF	Pluripotent stem cell	ES cells	7761	25/388	28/386	-0.172585	-0.0125463	0.888255
SRX186613	TFs and others	GATA1	Blood	K-562	9186	25/388	28/386	-0.172585	-0.0125463	0.888255
SRX3229138	TFs and others	ESR1	Breast	Breast cancer	1545	25/388	28/386	-0.172585	-0.0125463	0.888255
SRX5124842	TFs and others	FOXA1	Prostate	22Rv1	8470	25/388	28/386	-0.172585	-0.0125463	0.888255
SRX013323	TFs and others	ZNF263	Blood	K-562	823	10/388	12/386	-0.172263	-0.0125463	0.829038
SRX017870	TFs and others	RELA	Blood	GM19099	2082	10/388	12/386	-0.172263	-0.0125463	0.829038
SRX029086	TFs and others	GATA1	Blood	K-562	3820	10/388	12/386	-0.172263	-0.0125463	0.829038
SRX11070611	TFs and others	GFP	Digestive tract	Colorectal adenocarcinoma	713	10/388	12/386	-0.172263	-0.0125463	0.829038
SRX3110716	TFs and others	ESR1	Breast	MCF-7	3869	10/388	12/386	-0.172263	-0.0125463	0.829038
SRX3123818	TFs and others	ESR1	Breast	MCF-7	5688	10/388	12/386	-0.172263	-0.0125463	0.829038
SRX392783	TFs and others	REST	Blood	GM12878	2372	10/388	12/386	-0.172263	-0.0125463	0.829038
SRX5242458	TFs and others	NR4A1	Blood	MOLM-14	7352	10/388	12/386	-0.172263	-0.0125463	0.829038
SRX5307506	TFs and others	MAX	Blood	P493-6	1099	10/388	12/386	-0.172263	-0.0125463	0.829038
SRX732511	TFs and others	KDM3A	Blood	Jurkat	9071	10/388	12/386	-0.172263	-0.0125463	0.829038
SRX764808	TFs and others	FOXA1	Pluripotent stem cell	hESC derived mesendodermal cells	5101	10/388	12/386	-0.172263	-0.0125463	0.829038
SRX7794486	TFs and others	NFE2L2	Lung	BEAS-2B	2771	10/388	12/386	-0.172263	-0.0125463	0.829038
SRX8080574	TFs and others	CTCF	Breast	Mammary gland ductal carcinoma	4180	10/388	12/386	-0.172263	-0.0125463	0.829038
SRX8616857	TFs and others	JUND	Lung	A549	3242	10/388	12/386	-0.172263	-0.0125463	0.829038
SRX1885185	TFs and others	FOXA1	Prostate	LNCAP	73656	89/388	94/386	-0.17219	-0.0125463	0.941928
SRX186642	TFs and others	KDM5A	Pluripotent stem cell	hESC H1	1211	13/388	10/386	-0.171994	-0.0125463	1.2933
SRX3110713	TFs and others	ESR1	Breast	MCF-7	1080	13/388	10/386	-0.171994	-0.0125463	1.2933
SRX5514035	TFs and others	CDK8	Uterus	Uterin leiomyoma	816	13/388	10/386	-0.171994	-0.0125463	1.2933
SRX5887617	TFs and others	TEAD4	Lung	PC-9	4891	13/388	10/386	-0.171994	-0.0125463	1.2933
SRX6039041	TFs and others	RARA	Pluripotent stem cell	iPS derived chondrocytes	4685	13/388	10/386	-0.171994	-0.0125463	1.2933
SRX6487051	TFs and others	FOXA1	Breast	MCF-7	5992	13/388	10/386	-0.171994	-0.0125463	1.2933
SRX1758481	TFs and others	NELFE	Breast	MCF-7	4117	95/388	89/386	-0.171852	-0.0125463	1.06191
SRX096352	TFs and others	CEBPB	Digestive tract	LS-180	28552	96/388	90/386	-0.171116	-0.0125463	1.06117
SRX6957484	TFs and others	FOXL2	Kidney	HGrC1	12935	50/388	54/386	-0.171087	-0.0125463	0.921153
SRX974291	TFs and others	MEF2B	Kidney	293	15043	50/388	54/386	-0.171087	-0.0125463	0.921153
SRX6957463	TFs and others	FOXL2	Kidney	HGrC1	13965	55/388	50/386	-0.170791	-0.0125463	1.09433
SRX10059519	TFs and others	CEBPD	Others	Fibroblasts	29181	91/388	96/386	-0.170732	-0.0125463	0.94303
SRX2982414	TFs and others	FOXA1	Uterus	Ishikawa	25173	97/388	91/386	-0.170396	-0.0125463	1.06044
SRX4240288	TFs and others	ESR1	Gonad	SK-OV-3	14171	98/388	92/386	-0.169691	-0.0125463	1.05973
SRX4411674	TFs and others	AR	Prostate	LNCAP	40270	51/388	55/386	-0.169527	-0.0125463	0.922493
SRX188954	TFs and others	MYC	Breast	MCF-7	36545	295/388	288/386	-0.169337	-0.0125463	1.01903
SRX9550895	TFs and others	FOXA1	Prostate	Prostate cancer	45455	93/388	98/386	-0.169337	-0.0125463	0.944088
SRX5089558	TFs and others	BRD4	Breast	MCF-7	2199	26/388	29/386	-0.169277	-0.0125463	0.89193
SRX5323868	TFs and others	STAT3	Breast	MCF-7	3171	26/388	29/386	-0.169277	-0.0125463	0.89193
SRX10119114	TFs and others	CEBPA	Blood	MV-4-11	7130	56/388	51/386	-0.169234	-0.0125463	1.09238
SRX1672123	TFs and others	NR3C1	Lung	BEAS-2B	17392	56/388	51/386	-0.169234	-0.0125463	1.09238
SRX2871340	TFs and others	ESR1	Breast	T-47D	5387	30/388	26/386	-0.169004	-0.0125463	1.1479
SRX3960591	TFs and others	MYC	Muscle	Rhabdomyosarcoma	1928	30/388	26/386	-0.169004	-0.0125463	1.1479
SRX10913936	TFs and others	SP1	Epidermis	Dermal fibroblast	3777	99/388	93/386	-0.169001	-0.0125463	1.05903
SRX371476	TFs and others	ESR1	Breast	MCF-7	27214	52/388	56/386	-0.168018	-0.0125463	0.923785
SRX4001883	TFs and others	CTCF	Blood	THP-1	12276	52/388	56/386	-0.168018	-0.0125463	0.923785
SRX9932044	TFs and others	STAT5A	Breast	MCF-7	2447	52/388	56/386	-0.168018	-0.0125463	0.923785
SRX4786555	TFs and others	KMT2C	Breast	MCF-7	8295	57/388	52/386	-0.167726	-0.0125463	1.0905
SRX150701	TFs and others	CEBPB	Liver	Hep G2	18715	96/388	101/386	-0.167354	-0.0125463	0.945596
SRX2163142	TFs and others	FOXA1	Others	RT4	26670	96/388	101/386	-0.167354	-0.0125463	0.945596
SRX2442438	TFs and others	FGFR1	Pluripotent stem cell	iPS derived neural cells	4584	102/388	96/386	-0.16702	-0.0125463	1.05702
SRX757325	TFs and others	YAP1	Lung	H2052	56147	97/388	102/386	-0.166721	-0.0125463	0.946078
SRX5877912	TFs and others	Epitope tags	Bone	U2OS	84102	361/388	356/386	-0.166161	-0.0125463	1.00882
ERX626797	TFs and others	CTCF	Blood	HL-60	5777	27/388	30/386	-0.166161	-0.0125463	0.895361
SRX1033277	TFs and others	GATA2	Prostate	LNCAP	10398	27/388	30/386	-0.166161	-0.0125463	0.895361
SRX1658067	TFs and others	BRD4	Lung	IMR-90	2782	27/388	30/386	-0.166161	-0.0125463	0.895361
SRX4824365	TFs and others	AR	Prostate	22Rv1	13588	27/388	30/386	-0.166161	-0.0125463	0.895361
SRX6895234	TFs and others	8-Hydroxydeoxyguanosine	Breast	MCF 10A	18314	27/388	30/386	-0.166161	-0.0125463	0.895361
SRX1079386	TFs and others	SUMO2	Prostate	VCaP	16711	98/388	103/386	-0.166102	-0.0125463	0.946552
SRX3394533	TFs and others	FLI1	Bone	A-673	11166	31/388	27/386	-0.165893	-0.0125463	1.14223
SRX190213	TFs and others	ATF3	Digestive tract	HCT 116	12718	104/388	98/386	-0.165767	-0.0125463	1.05575
SRX3256864	TFs and others	PCGF1	Pluripotent stem cell	hESC H1	17539	288/388	281/386	-0.164901	-0.0125463	1.01963
SRX1048483	TFs and others	SPI1	Blood	OCI-LY-7	13249	59/388	54/386	-0.164853	-0.0125463	1.08696
SRX1457801	TFs and others	GFP	Uterus	HeLa	2281	59/388	54/386	-0.164853	-0.0125463	1.08696
SRX150507	TFs and others	MYC	Blood	K-562	4153	59/388	54/386	-0.164853	-0.0125463	1.08696
SRX1998421	TFs and others	MYOD1	Muscle	Rhabdomyosarcoma	22868	106/388	100/386	-0.164567	-0.0125463	1.05454
SRX026659	TFs and others	ERG	Blood	Hematopoietic cells	1205	11/388	13/386	-0.164472	-0.0125463	0.841792
SRX059360	TFs and others	EP300	Pluripotent stem cell	hESC derived neural crests	2885	11/388	13/386	-0.164472	-0.0125463	0.841792
SRX107370	TFs and others	ESR1	Breast	H3396	4540	11/388	13/386	-0.164472	-0.0125463	0.841792
SRX1161184	TFs and others	ESR1	Breast	ZR-75-1	8959	11/388	13/386	-0.164472	-0.0125463	0.841792
SRX129086	TFs and others	MED1	Blood	P493-6	1817	11/388	13/386	-0.164472	-0.0125463	0.841792
SRX150546	TFs and others	JUN	Blood	K-562	3036	11/388	13/386	-0.164472	-0.0125463	0.841792
SRX1660877	TFs and others	TRIM25	Breast	Breast cancer cells	1309	11/388	13/386	-0.164472	-0.0125463	0.841792
SRX2010837	TFs and others	EHF	Lung	NHBE	1812	11/388	13/386	-0.164472	-0.0125463	0.841792
SRX2671520	TFs and others	Epitope tags	Kidney	293	1065	11/388	13/386	-0.164472	-0.0125463	0.841792
SRX2871353	TFs and others	GATA3	Breast	T-47D	3117	11/388	13/386	-0.164472	-0.0125463	0.841792
SRX3102571	TFs and others	RELA	Digestive tract	SW 480	3952	11/388	13/386	-0.164472	-0.0125463	0.841792
SRX359962	TFs and others	TERF1	Digestive tract	LoVo	703	11/388	13/386	-0.164472	-0.0125463	0.841792
SRX392789	TFs and others	REST	Blood	GM12878	2480	11/388	13/386	-0.164472	-0.0125463	0.841792
SRX4108916	TFs and others	AR	Prostate	LNCAP	12608	11/388	13/386	-0.164472	-0.0125463	0.841792
SRX4108920	TFs and others	HIF1A	Prostate	LNCAP	1343	11/388	13/386	-0.164472	-0.0125463	0.841792
SRX4451194	TFs and others	ESR1	Breast	MCF-7	1896	11/388	13/386	-0.164472	-0.0125463	0.841792
SRX7054660	TFs and others	RELA	Cardiovascular	HAEC	3774	11/388	13/386	-0.164472	-0.0125463	0.841792
SRX7712498	TFs and others	HIF1A	Lung	NCI-H460	1565	11/388	13/386	-0.164472	-0.0125463	0.841792
SRX8861816	TFs and others	ESR1	Breast	T-47D	2822	11/388	13/386	-0.164472	-0.0125463	0.841792
SRX8929136	TFs and others	CTNNB1	Digestive tract	DLD-1	7230	11/388	13/386	-0.164472	-0.0125463	0.841792
SRX9556508	TFs and others	GATA3	Breast	MDA-MB-231	1288	11/388	13/386	-0.164472	-0.0125463	0.841792
SRX016034	TFs and others	RBL2	Lung	IMR-90	3026	14/388	11/386	-0.164216	-0.0125463	1.26617
SRX10119371	TFs and others	TEAD1	Breast	MCF 10A	4102	14/388	11/386	-0.164216	-0.0125463	1.26617
SRX150660	TFs and others	GTF2F1	Pluripotent stem cell	hESC H1	1494	14/388	11/386	-0.164216	-0.0125463	1.26617
SRX160847	TFs and others	IRF2	Blood	CD34+	2354	14/388	11/386	-0.164216	-0.0125463	1.26617
SRX2529783	TFs and others	Epitope tags	Blood	RAJI	984	14/388	11/386	-0.164216	-0.0125463	1.26617
SRX3829962	TFs and others	MGA	Lung	A549	769	14/388	11/386	-0.164216	-0.0125463	1.26617
SRX471861	TFs and others	BRD4	Prostate	VCaP	1730	14/388	11/386	-0.164216	-0.0125463	1.26617
SRX5432861	TFs and others	MAX	Breast	MDA-MB-231	622	14/388	11/386	-0.164216	-0.0125463	1.26617
SRX5514039	TFs and others	MED12	Uterus	Myometrium	1147	14/388	11/386	-0.164216	-0.0125463	1.26617
SRX6365883	TFs and others	TOP2B	Neural	BT142	3940	14/388	11/386	-0.164216	-0.0125463	1.26617
SRX702027	TFs and others	HNF4A	Pluripotent stem cell	hESC derived mesendodermal cells	1543	14/388	11/386	-0.164216	-0.0125463	1.26617
SRX9674301	TFs and others	NR3C1	Pluripotent stem cell	iPSC derived hepatocytes	7516	14/388	11/386	-0.164216	-0.0125463	1.26617
SRX5931543	TFs and others	GATA1	Blood	HUDEP-2	22789	107/388	101/386	-0.163985	-0.0125463	1.05395
SRX8616832	TFs and others	FOSL2	Lung	A549	15092	55/388	59/386	-0.163769	-0.0125463	0.927398
ERX1149072	TFs and others	CTCF	Blood	K-562	748	2/388	3/386	-0.163752	-0.0125463	0.66323
ERX181468	TFs and others	TP53	Bone	Saos-2	2022	2/388	3/386	-0.163752	-0.0125463	0.66323
ERX626828	TFs and others	TAL1	Blood	CHRF-288-11	1400	2/388	3/386	-0.163752	-0.0125463	0.66323
SRX095394	TFs and others	MYC	Blood	CA46	244	2/388	3/386	-0.163752	-0.0125463	0.66323
SRX097091	TFs and others	TCF7L2	Blood	K-562	809	2/388	3/386	-0.163752	-0.0125463	0.66323
SRX099053	TFs and others	TP63	Epidermis	Keratinocytes	940	2/388	3/386	-0.163752	-0.0125463	0.66323
SRX100263	TFs and others	CREBBP	Breast	H3396	1262	2/388	3/386	-0.163752	-0.0125463	0.66323
SRX1012595	TFs and others	ESR1	Breast	T-47D	1443	2/388	3/386	-0.163752	-0.0125463	0.66323
SRX1012596	TFs and others	ESR1	Breast	T-47D	1839	2/388	3/386	-0.163752	-0.0125463	0.66323
SRX1012680	TFs and others	ESR1	Breast	MCF-7	969	2/388	3/386	-0.163752	-0.0125463	0.66323
SRX10271387	TFs and others	NR3C1	Pluripotent stem cell	iPSC derived hepatocytes	2212	2/388	3/386	-0.163752	-0.0125463	0.66323
SRX10365516	TFs and others	RAC1	Breast	MCF-7	1768	2/388	3/386	-0.163752	-0.0125463	0.66323
SRX10484568	TFs and others	RUNX1	Others	Acute lymphoid leukemia	1844	2/388	3/386	-0.163752	-0.0125463	0.66323
SRX1063404	TFs and others	CTCF	Blood	THP-1	780	2/388	3/386	-0.163752	-0.0125463	0.66323
SRX10913949	TFs and others	SP1	Epidermis	Dermal fibroblast	545	2/388	3/386	-0.163752	-0.0125463	0.66323
SRX11412423	TFs and others	DEC1	Lung	Bronchial epithelial cells	617	2/388	3/386	-0.163752	-0.0125463	0.66323
SRX1167105	TFs and others	5-mC	Kidney	293	895	2/388	3/386	-0.163752	-0.0125463	0.66323
SRX130061	TFs and others	SOX2	Epidermis	BJ	1568	2/388	3/386	-0.163752	-0.0125463	0.66323
SRX1403228	TFs and others	JMJD6	Others	Tumor	801	2/388	3/386	-0.163752	-0.0125463	0.66323
SRX1477665	TFs and others	MED12	Blood	CD34 Hematopoietic stem cells	1050	2/388	3/386	-0.163752	-0.0125463	0.66323
SRX150376	TFs and others	CHD1	Pluripotent stem cell	hESC H1	888	2/388	3/386	-0.163752	-0.0125463	0.66323
SRX150582	TFs and others	ZNF274	Blood	K-562	1476	2/388	3/386	-0.163752	-0.0125463	0.66323
SRX1514960	TFs and others	GFP	Kidney	293	884	2/388	3/386	-0.163752	-0.0125463	0.66323
SRX1514967	TFs and others	GFP	Kidney	293	917	2/388	3/386	-0.163752	-0.0125463	0.66323
SRX1515038	TFs and others	GFP	Kidney	293	479	2/388	3/386	-0.163752	-0.0125463	0.66323
SRX1531794	TFs and others	MED1	Breast	MCF-7	1009	2/388	3/386	-0.163752	-0.0125463	0.66323
SRX1555440	TFs and others	MITF	Epidermis	501A	1173	2/388	3/386	-0.163752	-0.0125463	0.66323
SRX170348	TFs and others	SMARCA4	Blood	CD36+	646	2/388	3/386	-0.163752	-0.0125463	0.66323
SRX1758521	TFs and others	Epitope tags	Breast	MCF-7	435	2/388	3/386	-0.163752	-0.0125463	0.66323
SRX176871	TFs and others	GATA3	Breast	MCF-7	2601	2/388	3/386	-0.163752	-0.0125463	0.66323
SRX1830460	TFs and others	Epitope tags	Blood	Jurkat	330	2/388	3/386	-0.163752	-0.0125463	0.66323
SRX194576	TFs and others	GREB1	Breast	MCF-7	1050	2/388	3/386	-0.163752	-0.0125463	0.66323
SRX2323909	TFs and others	AFF1	Blood	Pre-B cell leukemia	262	2/388	3/386	-0.163752	-0.0125463	0.66323
SRX237289	TFs and others	INO80	Blood	CD4+ T cells	1345	2/388	3/386	-0.163752	-0.0125463	0.66323
SRX2589947	TFs and others	FAM208A	Blood	K-562	250	2/388	3/386	-0.163752	-0.0125463	0.66323
SRX2589948	TFs and others	FAM208A	Blood	K-562	274	2/388	3/386	-0.163752	-0.0125463	0.66323
SRX2606575	TFs and others	BRD4	Epidermis	CHL-1	2167	2/388	3/386	-0.163752	-0.0125463	0.66323
SRX2652445	TFs and others	ZBTB48	Bone	U2OS	2825	2/388	3/386	-0.163752	-0.0125463	0.66323
SRX2652447	TFs and others	ZBTB48	Bone	U2OS	2980	2/388	3/386	-0.163752	-0.0125463	0.66323
SRX2708812	TFs and others	INO80	Liver	HuH-7	235	2/388	3/386	-0.163752	-0.0125463	0.66323
SRX2842442	TFs and others	FOSL1	Bone	MNNG	1339	2/388	3/386	-0.163752	-0.0125463	0.66323
SRX306178	TFs and others	ICE2	Digestive tract	HCT 116	373	2/388	3/386	-0.163752	-0.0125463	0.66323
SRX3285588	TFs and others	KDM5B	Breast	C70R	229	2/388	3/386	-0.163752	-0.0125463	0.66323
SRX3445683	TFs and others	GATA1	Blood	K-562	1188	2/388	3/386	-0.163752	-0.0125463	0.66323
SRX3541108	TFs and others	ESR1	Breast	MCF-7	953	2/388	3/386	-0.163752	-0.0125463	0.66323
SRX3583224	TFs and others	ESR1	Breast	MCF-7	1679	2/388	3/386	-0.163752	-0.0125463	0.66323
SRX3599220	TFs and others	EZH2	Blood	KG-1	1219	2/388	3/386	-0.163752	-0.0125463	0.66323
SRX365798	TFs and others	NR3C1	Prostate	LREX	2333	2/388	3/386	-0.163752	-0.0125463	0.66323
SRX392293	TFs and others	PRKCQ	Breast	MCF-7	556	2/388	3/386	-0.163752	-0.0125463	0.66323
SRX4096865	TFs and others	GATAD2B	Breast	HCC3153	549	2/388	3/386	-0.163752	-0.0125463	0.66323
SRX4119730	TFs and others	Epitope tags	Kidney	293	354	2/388	3/386	-0.163752	-0.0125463	0.66323
SRX4170711	TFs and others	WDR5	Blood	K-562	1093	2/388	3/386	-0.163752	-0.0125463	0.66323
SRX4393710	TFs and others	MYH11	Blood	ME-1	1593	2/388	3/386	-0.163752	-0.0125463	0.66323
SRX456686	TFs and others	GFP	Blood	K-562	264	2/388	3/386	-0.163752	-0.0125463	0.66323
SRX4650952	TFs and others	RNF2	Kidney	293	306	2/388	3/386	-0.163752	-0.0125463	0.66323
SRX4708033	TFs and others	FIP1L1	Liver	Hep G2	404	2/388	3/386	-0.163752	-0.0125463	0.66323
SRX4783036	TFs and others	AR	Prostate	Prostate cancer cells	2241	2/388	3/386	-0.163752	-0.0125463	0.66323
SRX4783098	TFs and others	AR	Prostate	Prostate cancer cells	4866	2/388	3/386	-0.163752	-0.0125463	0.66323
SRX4901016	TFs and others	KDM1A	Blood	SET-2	401	2/388	3/386	-0.163752	-0.0125463	0.66323
SRX5234506	TFs and others	SMARCB1	Kidney	TTC1240	2905	2/388	3/386	-0.163752	-0.0125463	0.66323
SRX5255112	TFs and others	Epitope tags	Kidney	293	895	2/388	3/386	-0.163752	-0.0125463	0.66323
SRX5289967	TFs and others	NR3C1	Lung	BEAS-2B	1021	2/388	3/386	-0.163752	-0.0125463	0.66323
SRX5316110	TFs and others	AR	Prostate	PC-3	251	2/388	3/386	-0.163752	-0.0125463	0.66323
SRX5389160	TFs and others	HDAC1	Blood	Acute promyelocytic leukemia	1130	2/388	3/386	-0.163752	-0.0125463	0.66323
SRX545943	TFs and others	MBD2	Breast	MCF-7	465	2/388	3/386	-0.163752	-0.0125463	0.66323
SRX5534860	TFs and others	ARID1B	Breast	MCF-7	218	2/388	3/386	-0.163752	-0.0125463	0.66323
SRX5567175	TFs and others	MYH11	Blood	ME-1	1580	2/388	3/386	-0.163752	-0.0125463	0.66323
SRX5574443	TFs and others	EN1	Breast	MCF-7	1145	2/388	3/386	-0.163752	-0.0125463	0.66323
SRX5849926	TFs and others	TP53	Lung	A549	898	2/388	3/386	-0.163752	-0.0125463	0.66323
SRX5849927	TFs and others	TP53	Lung	A549	606	2/388	3/386	-0.163752	-0.0125463	0.66323
SRX5930140	TFs and others	HDAC3	Muscle	RH-4	3188	2/388	3/386	-0.163752	-0.0125463	0.66323
SRX6039036	TFs and others	CTNNB1	Pluripotent stem cell	iPS derived chondrocytes	673	2/388	3/386	-0.163752	-0.0125463	0.66323
SRX6370179	TFs and others	SUZ12	Pluripotent stem cell	NT2-D1	373	2/388	3/386	-0.163752	-0.0125463	0.66323
SRX6435402	TFs and others	SUPT5H	Kidney	293	435	2/388	3/386	-0.163752	-0.0125463	0.66323
SRX6473443	TFs and others	Epitope tags	Pluripotent stem cell	hESC derived neural crests	880	2/388	3/386	-0.163752	-0.0125463	0.66323
SRX6757656	TFs and others	ESR1	Breast	MCF-7	1448	2/388	3/386	-0.163752	-0.0125463	0.66323
SRX6800703	TFs and others	JUN	Blood	CAR-T cells	553	2/388	3/386	-0.163752	-0.0125463	0.66323
SRX682383	TFs and others	FUS	Blood	TSU-1621MT	1329	2/388	3/386	-0.163752	-0.0125463	0.66323
SRX7846779	TFs and others	ESR1	Breast	MCF-7	1166	2/388	3/386	-0.163752	-0.0125463	0.66323
SRX7902978	TFs and others	EGR1	Blood	Macrophages	145	2/388	3/386	-0.163752	-0.0125463	0.66323
SRX7971776	TFs and others	STAT3	Blood	Th2 Cells	1359	2/388	3/386	-0.163752	-0.0125463	0.66323
SRX8089613	TFs and others	AR	Prostate	VCaP	3192	2/388	3/386	-0.163752	-0.0125463	0.66323
SRX8162313	TFs and others	DOT1L	Blood	MOLM-13	428	2/388	3/386	-0.163752	-0.0125463	0.66323
SRX8272756	TFs and others	ESR2	Digestive tract	SW 480	1520	2/388	3/386	-0.163752	-0.0125463	0.66323
SRX8406446	TFs and others	AR	Prostate	Prostate	1724	2/388	3/386	-0.163752	-0.0125463	0.66323
SRX8616978	TFs and others	TET2	Breast	ZR-75-1	1466	2/388	3/386	-0.163752	-0.0125463	0.66323
SRX8886227	TFs and others	NFKB1	Breast	MDA-MB-231	288	2/388	3/386	-0.163752	-0.0125463	0.66323
SRX9281799	TFs and others	SUZ12	Kidney	293	257	2/388	3/386	-0.163752	-0.0125463	0.66323
SRX9600618	TFs and others	G-quadruplex	Blood	K-562	353	2/388	3/386	-0.163752	-0.0125463	0.66323
SRX9648513	TFs and others	BMI1	Neural	Neural Stem Cells	332	2/388	3/386	-0.163752	-0.0125463	0.66323
SRX9671289	TFs and others	CCNT1	Blood	K-562	616	2/388	3/386	-0.163752	-0.0125463	0.66323
SRX968968	TFs and others	ESR1	Breast	MCF-7	643	2/388	3/386	-0.163752	-0.0125463	0.66323
SRX9779515	TFs and others	PAX9	Lung	NCI-H1963	2303	2/388	3/386	-0.163752	-0.0125463	0.66323
SRX9964512	TFs and others	CDX2	Digestive tract	Caco-2	2485	2/388	3/386	-0.163752	-0.0125463	0.66323
SRX8299866	TFs and others	MYC	Bone	U2OS	7502	102/388	107/386	-0.16375	-0.0125463	0.948357
DRX135461	TFs and others	TP53	Lung	NCI-H1299	999	4/388	2/386	-0.163493	-0.0125463	1.98969
DRX135462	TFs and others	TP53	Lung	NCI-H1299	1474	4/388	2/386	-0.163493	-0.0125463	1.98969
ERX626786	TFs and others	SPI1	Blood	HL-60	1332	4/388	2/386	-0.163493	-0.0125463	1.98969
ERX626817	TFs and others	SPI1	Blood	U-937	1747	4/388	2/386	-0.163493	-0.0125463	1.98969
SRX10003072	TFs and others	MSX2	Placenta	Trophoblast stem cells	1919	4/388	2/386	-0.163493	-0.0125463	1.98969
SRX10119392	TFs and others	TEAD1	Breast	MDA-MB-231	1414	4/388	2/386	-0.163493	-0.0125463	1.98969
SRX10365521	TFs and others	ESR1	Breast	MDA-MB-231	418	4/388	2/386	-0.163493	-0.0125463	1.98969
SRX1048945	TFs and others	PGR	Uterus	Endometrial stromal cells	2039	4/388	2/386	-0.163493	-0.0125463	1.98969
SRX107363	TFs and others	ESR1	Breast	H3396	2996	4/388	2/386	-0.163493	-0.0125463	1.98969
SRX107368	TFs and others	ESR1	Breast	H3396	3433	4/388	2/386	-0.163493	-0.0125463	1.98969
SRX11005601	TFs and others	DNMT3B	Breast	MCF10CA1a	1114	4/388	2/386	-0.163493	-0.0125463	1.98969
SRX11758358	TFs and others	TP53	Gonad	A2780	1241	4/388	2/386	-0.163493	-0.0125463	1.98969
SRX155755	TFs and others	HSF1	Breast	SK-BR-3	449	4/388	2/386	-0.163493	-0.0125463	1.98969
SRX158108	TFs and others	GATA3	Blood	RPMI 8402	2629	4/388	2/386	-0.163493	-0.0125463	1.98969
SRX2194236	TFs and others	MED1	Breast	SUM 159PT	1619	4/388	2/386	-0.163493	-0.0125463	1.98969
SRX2194239	TFs and others	EP300	Breast	SUM 159PT	3340	4/388	2/386	-0.163493	-0.0125463	1.98969
SRX3229128	TFs and others	ESR1	Breast	Breast cancer	2443	4/388	2/386	-0.163493	-0.0125463	1.98969
SRX3229144	TFs and others	ESR1	Breast	Breast cancer	1128	4/388	2/386	-0.163493	-0.0125463	1.98969
SRX3230266	TFs and others	BRD1	Pluripotent stem cell	hESC HUES64	504	4/388	2/386	-0.163493	-0.0125463	1.98969
SRX3881589	TFs and others	FOXN3	Liver	Hep G2	2302	4/388	2/386	-0.163493	-0.0125463	1.98969
SRX3946911	TFs and others	MED1	Others	Mesenchymal stem cells	3397	4/388	2/386	-0.163493	-0.0125463	1.98969
SRX4143074	TFs and others	TAF1	Blood	Kasumi-1	278	4/388	2/386	-0.163493	-0.0125463	1.98969
SRX4212593	TFs and others	EZH2	Blood	Peripheral blood mononuclear cells	558	4/388	2/386	-0.163493	-0.0125463	1.98969
SRX4650957	TFs and others	SUZ12	Kidney	293	414	4/388	2/386	-0.163493	-0.0125463	1.98969
SRX4650968	TFs and others	RNF2	Kidney	293	500	4/388	2/386	-0.163493	-0.0125463	1.98969
SRX4650970	TFs and others	RNF2	Kidney	293	534	4/388	2/386	-0.163493	-0.0125463	1.98969
SRX4650976	TFs and others	SUZ12	Kidney	293	558	4/388	2/386	-0.163493	-0.0125463	1.98969
SRX4796929	TFs and others	PPARG	Adipocyte	Adipose Tissue	2317	4/388	2/386	-0.163493	-0.0125463	1.98969
SRX495669	TFs and others	NR3C1	Breast	MDA-MB-231	2059	4/388	2/386	-0.163493	-0.0125463	1.98969
SRX5025678	TFs and others	DCP1A	Neural	SH-EP	318	4/388	2/386	-0.163493	-0.0125463	1.98969
SRX5077402	TFs and others	CEBPB	Liver	Hep G2	778	4/388	2/386	-0.163493	-0.0125463	1.98969
SRX5124850	TFs and others	FOXA1	Kidney	293	1306	4/388	2/386	-0.163493	-0.0125463	1.98969
SRX5169134	TFs and others	GATA2	Blood	Erythroid progenitors	575	4/388	2/386	-0.163493	-0.0125463	1.98969
SRX5287704	TFs and others	TEAD4	Breast	MCF-7	852	4/388	2/386	-0.163493	-0.0125463	1.98969
SRX5299358	TFs and others	PHC1	Kidney	293	258	4/388	2/386	-0.163493	-0.0125463	1.98969
SRX5426123	TFs and others	JARID2	Pluripotent stem cell	NT2-D1	478	4/388	2/386	-0.163493	-0.0125463	1.98969
SRX6370211	TFs and others	SUZ12	Pluripotent stem cell	NT2-D1	296	4/388	2/386	-0.163493	-0.0125463	1.98969
SRX6487036	TFs and others	FOXA1	Breast	MCF-7	1644	4/388	2/386	-0.163493	-0.0125463	1.98969
SRX6487060	TFs and others	FOXA1	Breast	MCF-7	1383	4/388	2/386	-0.163493	-0.0125463	1.98969
SRX6487070	TFs and others	FOXA1	Breast	MCF-7	750	4/388	2/386	-0.163493	-0.0125463	1.98969
SRX702035	TFs and others	NR5A2	Pluripotent stem cell	hESC derived mesendodermal cells	294	4/388	2/386	-0.163493	-0.0125463	1.98969
SRX702104	TFs and others	SOX17	Pluripotent stem cell	hESC derived mesendodermal cells	761	4/388	2/386	-0.163493	-0.0125463	1.98969
SRX8068087	TFs and others	RUNX1	Blood	NALM-6	964	4/388	2/386	-0.163493	-0.0125463	1.98969
SRX8173501	TFs and others	EED	Pluripotent stem cell	iPS cells	2374	4/388	2/386	-0.163493	-0.0125463	1.98969
SRX8602206	TFs and others	IRF4	Blood	OCI-LY-10	3910	4/388	2/386	-0.163493	-0.0125463	1.98969
SRX8617945	TFs and others	FGFR1	Breast	CAMA-1	1058	4/388	2/386	-0.163493	-0.0125463	1.98969
SRX9237247	TFs and others	CSTF2	Blood	K-562	1664	4/388	2/386	-0.163493	-0.0125463	1.98969
SRX9600616	TFs and others	G-quadruplex	Blood	K-562	368	4/388	2/386	-0.163493	-0.0125463	1.98969
SRX9600619	TFs and others	G-quadruplex	Blood	K-562	320	4/388	2/386	-0.163493	-0.0125463	1.98969
SRX971582	TFs and others	SMARCA4	Epidermis	Keratinocytes	1383	4/388	2/386	-0.163493	-0.0125463	1.98969
SRX6935372	TFs and others	MYC	Neural	KELLY	2723	60/388	55/386	-0.163483	-0.0125463	1.08529
SRX5283931	TFs and others	CPSF3L	Uterus	HeLa	5175	108/388	102/386	-0.163416	-0.0125463	1.05337
SRX3445676	TFs and others	TAL1	Blood	K-562	11293	28/388	31/386	-0.16322	-0.0125463	0.89857
SRX3923522	TFs and others	FOXA1	Breast	ZR-75-1	16509	28/388	31/386	-0.16322	-0.0125463	0.89857
SRX5534872	TFs and others	JUN	Breast	MCF-7	4509	28/388	31/386	-0.16322	-0.0125463	0.89857
SRX656350	TFs and others	EP300	Blood	ICN12	11656	28/388	31/386	-0.16322	-0.0125463	0.89857
SRX6916367	TFs and others	CTCF	Kidney	iSLK	10384	28/388	31/386	-0.16322	-0.0125463	0.89857
SRX7277180	TFs and others	JUN	Others	GM07492	17042	28/388	31/386	-0.16322	-0.0125463	0.89857
SRX8089680	TFs and others	MED1	Prostate	VCaP	1844	28/388	31/386	-0.16322	-0.0125463	0.89857
SRX2880999	TFs and others	ESR1	Breast	MCF-7	6938	32/388	28/386	-0.162957	-0.0123745	1.13697
SRX5360649	TFs and others	KLF4	Epidermis	BJ	2973	32/388	28/386	-0.162957	-0.0123745	1.13697
SRX6854829	TFs and others	Epitope tags	Epidermis	501A	79264	109/388	103/386	-0.162859	-0.0123216	1.0528
SRX8472389	TFs and others	RUNX2	Blood	KARPAS-45	13535	104/388	109/386	-0.162646	-0.0121543	0.94921
SRX3098197	TFs and others	CEBPA	Blood	Kasumi-1	12929	56/388	60/386	-0.162439	-0.0120384	0.928522
SRX6441749	TFs and others	FOXA1	Pancreas	CFPAC-1	24917	56/388	60/386	-0.162439	-0.0120384	0.928522
SRX150689	TFs and others	MAFK	Liver	Hep G2	30098	61/388	56/386	-0.162155	-0.0118456	1.08367
SRX5341942	TFs and others	CASZ1	Muscle	Rhabdomyosarcoma	7790	61/388	56/386	-0.162155	-0.0118456	1.08367
SRX054572	TFs and others	Epitope tags	Breast	MCF-7	6574	106/388	111/386	-0.161588	-0.0113244	0.950033
SRX150536	TFs and others	STAT3	Breast	MCF 10A	39237	112/388	106/386	-0.161254	-0.0110362	1.05116
SRX1885184	TFs and others	FOXA1	Prostate	LNCAP	88506	107/388	112/386	-0.161075	-0.0109024	0.950433
SRX259612	TFs and others	RUNX1	Blood	Kasumi-1	6822	29/388	32/386	-0.16044	-0.0106324	0.901579
SRX5493761	TFs and others	FOXA1	Breast	Breast cancer cells	8650	29/388	32/386	-0.16044	-0.0106324	0.901579
SRX595692	TFs and others	FOXA1	Prostate	LNCAP	21167	29/388	32/386	-0.16044	-0.0106324	0.901579
SRX699732	TFs and others	TCF21	Cardiovascular	HCASMC	8043	29/388	32/386	-0.16044	-0.0106324	0.901579
SRX7130725	TFs and others	CTCF	Breast	MCF 10A	7458	29/388	32/386	-0.16044	-0.0106324	0.901579
SRX7262416	TFs and others	FOXA1	Others	Bladder cancer	10367	29/388	32/386	-0.16044	-0.0106324	0.901579
SRX7493850	TFs and others	DLX5	Others	CAL 27	2402	29/388	32/386	-0.16044	-0.0106324	0.901579
SRX8336464	TFs and others	GATA4	Pluripotent stem cell	hESC derived pancreatic cells	8154	29/388	32/386	-0.16044	-0.0106324	0.901579
SRX2267457	TFs and others	BRD4	Lung	PC-9	4887	33/388	29/386	-0.16018	-0.0105089	1.13207
SRX6910063	TFs and others	PGR	Uterus	Uterin leiomyoma	10813	33/388	29/386	-0.16018	-0.0105089	1.13207
SRX9178827	TFs and others	HAP1	Blood	HAP1	1621	33/388	29/386	-0.16018	-0.0105089	1.13207
SRX12118516	TFs and others	POU2F2	Blood	OCI-LY-7	18138	109/388	114/386	-0.160081	-0.0104552	0.951212
SRX1033292	TFs and others	FOXA1	Prostate	LNCAP	38872	58/388	62/386	-0.159896	-0.0104066	0.930662
SRX1477662	TFs and others	Epitope tags	Lung	MRC-5	3106	58/388	62/386	-0.159896	-0.0104066	0.930662
SRX9178852	TFs and others	HAP1	Blood	HAP1	3235	58/388	62/386	-0.159896	-0.0104066	0.930662
SRX1813533	TFs and others	Epitope tags	Blood	MV-4-11	9572	115/388	109/386	-0.159747	-0.0103489	1.04961
SRX8536121	TFs and others	NFYB	Blood	HUDEP-2	6206	115/388	109/386	-0.159747	-0.0103489	1.04961
SRX5089390	TFs and others	ARID1A	Breast	MCF-7	12064	63/388	58/386	-0.159615	-0.0102931	1.08061
SRX150377	TFs and others	CHD2	Pluripotent stem cell	hESC H1	6065	110/388	115/386	-0.1596	-0.0102931	0.951591
SRX8030771	TFs and others	Epitope tags	Kidney	293	11590	277/388	270/386	-0.159128	-0.0098666	1.02064
SRX5089561	TFs and others	BRD4	Breast	MCF-7	4319	59/388	63/386	-0.15868	-0.00950923	0.931681
SRX5141100	TFs and others	CEBPA	Blood	THP-1	22199	59/388	63/386	-0.15868	-0.00950923	0.931681
SRX9556503	TFs and others	GATA3	Breast	MDA-MB-231	17166	64/388	59/386	-0.1584	-0.00928937	1.07915
SRX5360661	TFs and others	KLF4	Epidermis	BJ	16236	113/388	118/386	-0.158213	-0.00928937	0.952691
SRX7054621	TFs and others	RELA	Cardiovascular	HAEC	21605	119/388	113/386	-0.157879	-0.00928937	1.04767
SRX361226	TFs and others	GATA3	Breast	MCF-7	10791	30/388	33/386	-0.157806	-0.00928937	0.904405
SRX5719607	TFs and others	CTCF	Blood	Jurkat	5185	30/388	33/386	-0.157806	-0.00928937	0.904405
SRX5725259	TFs and others	MGA	Lung	A549	1935	30/388	33/386	-0.157806	-0.00928937	0.904405
SRX8037072	TFs and others	KLF5	Digestive tract	AGS	5122	30/388	33/386	-0.157806	-0.00928937	0.904405
SRX9419936	TFs and others	BRD4	Breast	BT-474	10187	30/388	33/386	-0.157806	-0.00928937	0.904405
SRX1538756	TFs and others	NR1H2	Digestive tract	HT-29	3106	12/388	14/386	-0.157642	-0.00928937	0.852725
SRX1787679	TFs and others	KMT2C	Breast	MCF-7	7124	12/388	14/386	-0.157642	-0.00928937	0.852725
SRX186766	TFs and others	KDM1A	Blood	K-562	4036	12/388	14/386	-0.157642	-0.00928937	0.852725
SRX243761	TFs and others	PAX5	Blood	RAJI	3037	12/388	14/386	-0.157642	-0.00928937	0.852725
SRX3285599	TFs and others	ESR1	Breast	FULR	3370	12/388	14/386	-0.157642	-0.00928937	0.852725
SRX360575	TFs and others	KLF5	Digestive tract	GP5d	1365	12/388	14/386	-0.157642	-0.00928937	0.852725
SRX6639328	TFs and others	GATA3	Pluripotent stem cell	hESC H1	2562	12/388	14/386	-0.157642	-0.00928937	0.852725
SRX667405	TFs and others	Epitope tags	Breast	MCF-7	789	12/388	14/386	-0.157642	-0.00928937	0.852725
SRX7054658	TFs and others	RELA	Cardiovascular	HAEC	4282	12/388	14/386	-0.157642	-0.00928937	0.852725
SRX8616359	TFs and others	KSHV LANA	Blood	BJAB	1251	12/388	14/386	-0.157642	-0.00928937	0.852725
SRX3437463	TFs and others	NRF1	Uterus	HeLa	1058	15/388	12/386	-0.157398	-0.00913608	1.24356
SRX9434361	TFs and others	RELA	Digestive tract	HT-29	1811	15/388	12/386	-0.157398	-0.00913608	1.24356
SRX334265	TFs and others	E2F1	Unclassified	Unclassified	3225	65/388	60/386	-0.15722	-0.00900304	1.07775
SRX335070	TFs and others	NFATC1	Cardiovascular	HUVEC	5233	121/388	115/386	-0.157001	-0.00882953	1.04675
SRX7054618	TFs and others	RELA	Cardiovascular	HAEC	22167	116/388	121/386	-0.156911	-0.00878514	0.953736
SRX8337458	TFs and others	NFYA	Blood	HUDEP-1	4774	122/388	116/386	-0.156576	-0.00849529	1.0463
SRX3931073	TFs and others	FOXA1	Breast	MCF-7	21968	66/388	61/386	-0.156073	-0.00803771	1.07639
SRX5286305	TFs and others	AR	Prostate	LNCAP	51453	264/388	268/386	-0.155752	-0.00776218	0.979997
SRX4377535	TFs and others	BRD4	Breast	MDA-MB-231	13592	119/388	124/386	-0.155689	-0.00774413	0.954731
SRX100379	TFs and others	PAX5	Blood	GM12892	8525	125/388	119/386	-0.155353	-0.00753471	1.04501
SRX1948680	TFs and others	TEAD4	Neural	SK-N-BE(2)	29268	31/388	34/386	-0.155306	-0.00753471	0.907065
SRX573037	TFs and others	ELL2	Uterus	HeLa	2312	31/388	34/386	-0.155306	-0.00753471	0.907065
SRX1091549	TFs and others	TFAP2A	Pluripotent stem cell	hESC derived neural crests	33580	268/388	261/386	-0.155298	-0.00753471	1.02153
SRX3962736	TFs and others	LMNA	Epidermis	BJ-5ta	11748	62/388	66/386	-0.155234	-0.00751608	0.934552
SRX5054307	TFs and others	FOSL2	Neural	Neural progenitor cells	1911	35/388	31/386	-0.155055	-0.00738262	1.12321
SRX1787658	TFs and others	GRHL2	Breast	MCF-7	24331	67/388	62/386	-0.154959	-0.00733174	1.07507
SRX3230378	TFs and others	CBX1	Liver	Hep G2	11209	127/388	121/386	-0.154579	-0.00699686	1.04418
SRX100416	TFs and others	NR3C1	Lung	A549	15364	123/388	128/386	-0.154175	-0.00683859	0.955984
DRX059615	TFs and others	KMT2B	Blood	HB1119	3762	63/388	67/386	-0.154149	-0.00683859	0.935452
SRX316366	TFs and others	SUMO2	Kidney	293	13037	63/388	67/386	-0.154149	-0.00683859	0.935452
SRX3931083	TFs and others	FOXA1	Breast	MCF-7	21896	63/388	67/386	-0.154149	-0.00683859	0.935452
SRX4890468	TFs and others	LDB1	Blood	Kasumi-1	10240	63/388	67/386	-0.154149	-0.00683859	0.935452
SRX9513901	TFs and others	FOXA1	Prostate	LNCAP	23613	63/388	67/386	-0.154149	-0.00683859	0.935452
SRX1027439	TFs and others	CEBPB	Others	Mesenchymal stem cells	24778	68/388	63/386	-0.153875	-0.0066102	1.0738
SRX2458138	TFs and others	MED1	Blood	GM12878	13023	130/388	124/386	-0.153478	-0.00625829	1.04298
SRX3271022	TFs and others	KDM1A	Pluripotent stem cell	hESC derived pancreatic cells	11410	126/388	131/386	-0.153121	-0.00614313	0.956874
SRX185709	TFs and others	PGR	Breast	T-47D	19503	64/388	68/386	-0.153093	-0.00614313	0.936325
SRX4342285	TFs and others	AHR	Blood	GM17212	3566	64/388	68/386	-0.153093	-0.00614313	0.936325
SRX7807101	TFs and others	CEBPB	Unclassified	Unclassified	27689	64/388	68/386	-0.153093	-0.00614313	0.936325
SRX8616825	TFs and others	FOSL2	Lung	A549	15824	64/388	68/386	-0.153093	-0.00614313	0.936325
SRX1492213	TFs and others	GATA3	Blood	Jurkat	13095	32/388	35/386	-0.152931	-0.00614313	0.909573
SRX4708080	TFs and others	PRPF4	Blood	K-562	2710	32/388	35/386	-0.152931	-0.00614313	0.909573
SRX7280996	TFs and others	IKZF1	Blood	REH	1837	32/388	35/386	-0.152931	-0.00614313	0.909573
SRX1261524	TFs and others	SMC3	Blood	TF-1	12082	69/388	64/386	-0.15282	-0.00614313	1.07257
SRX190357	TFs and others	JUND	Neural	SK-N-SH	32289	69/388	64/386	-0.15282	-0.00614313	1.07257
SRX2020843	TFs and others	STAT3	Breast	HCC70	21054	69/388	64/386	-0.15282	-0.00614313	1.07257
SRX5266973	TFs and others	KDM4A	Blood	THP-1	15430	319/388	322/386	-0.15282	-0.00614313	0.985577
SRX1161203	TFs and others	FOXA1	Breast	T-47D	28247	70/388	65/386	-0.151794	-0.00536177	1.07137
SRX833420	TFs and others	NIPBL	Pluripotent stem cell	hESC H1	11150	135/388	129/386	-0.151794	-0.00536177	1.04112
SRX1397391	TFs and others	GATA2	Blood	CD34+	7340	13/388	15/386	-0.151595	-0.00536177	0.862199
SRX4115985	TFs and others	FOXA1	Prostate	LNCAP	9575	13/388	15/386	-0.151595	-0.00536177	0.862199
SRX5203316	TFs and others	CTCF	Breast	MCF-7	6025	13/388	15/386	-0.151595	-0.00536177	0.862199
SRX5323865	TFs and others	STAT3	Breast	MCF-7	1330	13/388	15/386	-0.151595	-0.00536177	0.862199
SRX682388	TFs and others	TAL1	Blood	TSU-1621MT	8453	13/388	15/386	-0.151595	-0.00536177	0.862199
ERX181465	TFs and others	TP53	Bone	Saos-2	4879	16/388	13/386	-0.151361	-0.00536177	1.22443
SRX029085	TFs and others	RUNX1	Blood	K-562	4117	16/388	13/386	-0.151361	-0.00536177	1.22443
SRX10119150	TFs and others	CREBBP	Blood	MV-4-11	1130	16/388	13/386	-0.151361	-0.00536177	1.22443
SRX150561	TFs and others	YY1	Blood	GM12878	926	16/388	13/386	-0.151361	-0.00536177	1.22443
SRX2937339	TFs and others	SMARCA4	Blood	J-Lat A72	1046	16/388	13/386	-0.151361	-0.00536177	1.22443
SRX4786563	TFs and others	KMT2C	Breast	MCF-7	1812	16/388	13/386	-0.151361	-0.00536177	1.22443
SRX702037	TFs and others	NANOG	Pluripotent stem cell	hESC derived mesendodermal cells	13025	16/388	13/386	-0.151361	-0.00536177	1.22443
SRX9071231	TFs and others	BRD4	Blood	SEM	1582	16/388	13/386	-0.151361	-0.00536177	1.22443
SRX2014504	TFs and others	RUNX1	Blood	Jurkat	33270	256/388	249/386	-0.15121	-0.00525617	1.02281
SRX7692436	TFs and others	POLR2C	Digestive tract	HCT 116	17944	322/388	316/386	-0.151066	-0.00524765	1.01373
SRX1161190	TFs and others	FOXA1	Breast	ZR-75-1	40840	66/388	70/386	-0.151066	-0.00524765	0.937997
SRX4154212	TFs and others	ZFP64	Blood	Acute myeloid leukemia	11722	66/388	70/386	-0.151066	-0.00524765	0.937997
SRX11343127	TFs and others	FOXC1	Blood	Acute myeloid leukemia	17860	71/388	66/386	-0.150795	-0.00512308	1.07021
SRX190240	TFs and others	REST	Liver	Hep G2	9033	71/388	66/386	-0.150795	-0.00512308	1.07021
SRX666439	TFs and others	BCL6	Blood	CD4+ T cells	5173	71/388	66/386	-0.150795	-0.00512308	1.07021
SRX1041802	TFs and others	GATA3	Blood	Jurkat	13079	33/388	36/386	-0.150671	-0.00512308	0.911942
SRX2609666	TFs and others	NR3C1	Lung	HASM2	24838	33/388	36/386	-0.150671	-0.00512308	0.911942
SRX4115984	TFs and others	AR	Prostate	LNCAP	25666	33/388	36/386	-0.150671	-0.00512308	0.911942
SRX150537	TFs and others	SETDB1	Bone	U2OS	18475	37/388	33/386	-0.150426	-0.0049231	1.11543
SRX3230412	TFs and others	ZNF12	Liver	Hep G2	12013	67/388	71/386	-0.150092	-0.00463427	0.938798
SRX190188	TFs and others	CBX3	Blood	K-562	23765	144/388	138/386	-0.149196	-0.00384879	1.0381
SRX10119126	TFs and others	LYL1	Blood	MV-4-11	19425	68/388	72/386	-0.149144	-0.00384879	0.939576
SRX4708027	TFs and others	PCBP1	Liver	Hep G2	3800	68/388	72/386	-0.149144	-0.00384879	0.939576
SRX8726297	TFs and others	BMI1	Others	Tumor	14115	248/388	241/386	-0.149036	-0.00384879	1.02374
SRX150398	TFs and others	MAX	Uterus	HeLa	14944	140/388	145/386	-0.149036	-0.00384879	0.96054
SRX356710	TFs and others	STAG1	Blood	GM19240	29686	140/388	145/386	-0.149036	-0.00384879	0.96054
SRX7214022	TFs and others	KLF3	Epidermis	Keratinocytes	15744	242/388	246/386	-0.148688	-0.0035457	0.978669
SRX1012647	TFs and others	EP300	Breast	MCF-7	11347	34/388	37/386	-0.148516	-0.00350902	0.914182
SRX7213065	TFs and others	PAF1	Bone	U2OS	3211	34/388	37/386	-0.148516	-0.00350902	0.914182
SRX7262406	TFs and others	FOXA1	Others	Bladder cancer	11986	34/388	37/386	-0.148516	-0.00350902	0.914182
SRX6066490	TFs and others	POLR2C	Digestive tract	HCT 116	18388	319/388	313/386	-0.14822	-0.00325827	1.01392
SRX5927382	TFs and others	CTCFL	Uterus	Fallopian Tubes	13496	150/388	144/386	-0.147745	-0.00282824	1.0363
SRX356765	TFs and others	STAG1	Blood	Lymphoblastoid cell line	31202	148/388	153/386	-0.147247	-0.00268819	0.962334
SRX5931544	TFs and others	GATA1	Blood	HUDEP-2	16441	75/388	70/386	-0.147052	-0.00268819	1.06591
SRX150485	TFs and others	MAX	Uterus	HeLa	23835	239/388	232/386	-0.147049	-0.00268819	1.02486
SRX9419947	TFs and others	MED1	Breast	BT-474	9891	35/388	38/386	-0.14646	-0.00268819	0.916305
SRX6957481	TFs and others	FOXL2	Gonad	KGN	25937	71/388	75/386	-0.146441	-0.00268819	0.941787
SRX369125	TFs and others	GABPA	Blood	CUTLL1	3942	39/388	35/386	-0.146222	-0.00268819	1.10854
SRX5323824	TFs and others	FOXA1	Breast	T-47D	13050	39/388	35/386	-0.146222	-0.00268819	1.10854
SRX6596845	TFs and others	EGR1	Others	Fibroblasts	2566	39/388	35/386	-0.146222	-0.00268819	1.10854
SRX8616839	TFs and others	JUNB	Lung	A549	13556	39/388	35/386	-0.146222	-0.00268819	1.10854
SRX112545	TFs and others	RUNX1	Blood	Kasumi-1	4951	14/388	16/386	-0.146195	-0.00268819	0.87049
SRX1334497	TFs and others	MYC	Prostate	LNCAP	1094	14/388	16/386	-0.146195	-0.00268819	0.87049
SRX1477654	TFs and others	Epitope tags	Lung	MRC-5	6335	14/388	16/386	-0.146195	-0.00268819	0.87049
SRX150519	TFs and others	BHLHE40	Lung	A549	1824	14/388	16/386	-0.146195	-0.00268819	0.87049
SRX3229140	TFs and others	ESR1	Breast	Breast cancer	4640	14/388	16/386	-0.146195	-0.00268819	0.87049
SRX386479	TFs and others	MAFB	Epidermis	Keratinocytes	1072	14/388	16/386	-0.146195	-0.00268819	0.87049
SRX4288472	TFs and others	CTCF	Blood	Lymphoblastoid cell line	2661	14/388	16/386	-0.146195	-0.00268819	0.87049
SRX5089460	TFs and others	ESR1	Breast	MCF-7	4437	14/388	16/386	-0.146195	-0.00268819	0.87049
SRX5195734	TFs and others	SMARCA4	Uterus	Endometrial epithelial cells	1541	14/388	16/386	-0.146195	-0.00268819	0.87049
SRX5323813	TFs and others	ESR1	Breast	T-47D	4927	14/388	16/386	-0.146195	-0.00268819	0.87049
SRX689361	TFs and others	Epitope tags	Kidney	293	1366	14/388	16/386	-0.146195	-0.00268819	0.87049
SRX8080546	TFs and others	Epitope tags	Breast	Mammary gland ductal carcinoma	6615	14/388	16/386	-0.146195	-0.00268819	0.87049
SRX959099	TFs and others	NR3C1	Blood	NALM-6	8091	14/388	16/386	-0.146195	-0.00268819	0.87049
SRX1012619	TFs and others	PGR	Breast	T-47D	24944	76/388	71/386	-0.146175	-0.00268819	1.0649
SRX2922232	TFs and others	ESR1	Breast	SUM 44PE	16346	76/388	71/386	-0.146175	-0.00268819	1.0649
SRX1041800	TFs and others	RUNX1	Blood	Jurkat	7021	17/388	14/386	-0.14597	-0.00268819	1.20803
SRX1492212	TFs and others	RUNX1	Blood	Jurkat	7020	17/388	14/386	-0.14597	-0.00268819	1.20803
SRX2881138	TFs and others	NANOG	Pluripotent stem cell	hESC H9	12218	17/388	14/386	-0.14597	-0.00268819	1.20803
SRX392782	TFs and others	REST	Blood	GM12878	3275	17/388	14/386	-0.14597	-0.00268819	1.20803
SRX4649670	TFs and others	TP53	Breast	MCF 10A	5188	17/388	14/386	-0.14597	-0.00268819	1.20803
SRX5141102	TFs and others	IRF8	Blood	THP-1	4218	17/388	14/386	-0.14597	-0.00268819	1.20803
SRX5444520	TFs and others	KMT2A	Blood	MOLM-13	1023	17/388	14/386	-0.14597	-0.00268819	1.20803
SRX7951330	TFs and others	SMARCA4	Lung	NCI-H1944	1353	17/388	14/386	-0.14597	-0.00268819	1.20803
SRX9004386	TFs and others	USF2	Blood	SEM	1430	17/388	14/386	-0.14597	-0.00268819	1.20803
SRX5574450	TFs and others	SPI1	Blood	CTV-1	87238	231/388	224/386	-0.145652	-0.00268819	1.02593
SRX12118508	TFs and others	POU2AF1	Blood	B cells	6614	72/388	76/386	-0.145585	-0.00268819	0.942485
SRX150360	TFs and others	TBP	Liver	Hep G2	10455	162/388	156/386	-0.145445	-0.00268819	1.03311
SRX186641	TFs and others	SAP30	Blood	K-562	3255	77/388	72/386	-0.14532	-0.00268819	1.06393
SRX4155858	TFs and others	MYCN	Neural	KELLY	23632	311/388	314/386	-0.14532	-0.00268819	0.98534
SRX3927284	TFs and others	SMARCA4	Blood	EOL-1	58374	227/388	220/386	-0.145075	-0.00268819	1.0265
SRX2731518	TFs and others	NCAPH2	Kidney	293	9884	226/388	219/386	-0.144943	-0.00268819	1.02664
SRX1758519	TFs and others	NELFE	Breast	MCF-7	2960	73/388	77/386	-0.14475	-0.00268819	0.943165
SRX9932052	TFs and others	STAT5A	Breast	MCF-7	3450	73/388	77/386	-0.14475	-0.00268819	0.943165
SRX2871344	TFs and others	GATA3	Breast	T-47D	7931	36/388	39/386	-0.144496	-0.00268819	0.918319
SRX4786568	TFs and others	TET2	Breast	MCF-7	1688	36/388	39/386	-0.144496	-0.00268819	0.918319
SRX11705916	TFs and others	MYCN	Neural	SK-N-BE(2)	3974	78/388	73/386	-0.144486	-0.00268819	1.06299
SRX150410	TFs and others	E2F4	Blood	GM12878	2087	40/388	36/386	-0.14426	-0.00268819	1.10538
SRX5089557	TFs and others	BRD4	Breast	MCF-7	15111	219/388	212/386	-0.144151	-0.00268819	1.02769
SRX9178824	TFs and others	HAP1	Blood	HAP1	7969	169/388	174/386	-0.144151	-0.00268819	0.966258
SRX7692443	TFs and others	POLR2C	Breast	MCF-7	11108	218/388	211/386	-0.144056	-0.00268819	1.02785
SRX10119378	TFs and others	WWTR1	Breast	MCF 10A	31435	74/388	78/386	-0.143936	-0.00268819	0.943828
SRX101303	TFs and others	KAT7	Digestive tract	RKO	9531	176/388	170/386	-0.143675	-0.00268819	1.02996
SRX4001821	TFs and others	SPI1	Blood	Macrophages	66619	179/388	173/386	-0.143414	-0.00268819	1.02935
SRX4708020	TFs and others	HNRNPC	Liver	Hep G2	10020	206/388	199/386	-0.143272	-0.00268819	1.02984
SRX1023793	TFs and others	SPI1	Blood	Macrophages	58699	205/388	198/386	-0.143235	-0.00268819	1.03002
SRX3161011	TFs and others	ZBTB7A	Blood	HUDEP-2	16318	204/388	197/386	-0.143203	-0.00268819	1.0302
SRX7944504	TFs and others	ESR1	Uterus	Ishikawa	9907	75/388	79/386	-0.143141	-0.00268819	0.944473
SRX10338564	TFs and others	MYC	Blood	NALM-6	20926	201/388	194/386	-0.143131	-0.00268819	1.03074
SRX734409	TFs and others	AR	Prostate	CWR22Pc	30897	200/388	193/386	-0.143116	-0.00268819	1.03093
SRX8699645	TFs and others	INTS3	Digestive tract	DLD-1	8751	199/388	192/386	-0.143105	-0.00268819	1.03112
SRX5574370	TFs and others	SPI1	Blood	Dendritic Cells	64341	189/388	194/386	-0.143105	-0.00268819	0.969205
SRX356805	TFs and others	STAG1	Blood	MS1	35306	185/388	179/386	-0.143012	-0.00268819	1.02819
SRX150648	TFs and others	JUND	Blood	K-562	37934	202/388	206/386	-0.14296	-0.00268819	0.975528
SRX1787312	TFs and others	KDM2B	Blood	OCI-LY1	14641	193/388	187/386	-0.14272	-0.00268819	1.02677
SRX5574487	TFs and others	FLI1	Blood	CTV-1	24156	194/388	188/386	-0.142703	-0.00268819	1.0266
SRX1021630	TFs and others	DAXX	Prostate	PC-3	25068	81/388	76/386	-0.142103	-0.00268819	1.0603
SRX2900158	TFs and others	KDM6A	Breast	CAL-51	3977	81/388	76/386	-0.142103	-0.00268819	1.0603
SRX7728610	TFs and others	TWIST1	Pluripotent stem cell	hESC derived neural crests	25576	81/388	76/386	-0.142103	-0.00268819	1.0603
SRX4192880	TFs and others	FOS	Breast	MCF 10A	51054	82/388	77/386	-0.141346	-0.00268819	1.05945
SRX7061818	TFs and others	BRD3	Blood	SEM	4692	82/388	77/386	-0.141346	-0.00268819	1.05945
SRX102989	TFs and others	MYC	Blood	GM12878	987	15/388	17/386	-0.141337	-0.00268819	0.877805
SRX2017937	TFs and others	AR	Prostate	22Rv1	1737	15/388	17/386	-0.141337	-0.00268819	0.877805
SRX2741418	TFs and others	CHD4	Others	SCC-9	1902	15/388	17/386	-0.141337	-0.00268819	0.877805
SRX5525782	TFs and others	MYCN	Neural	SH-EP	1617	15/388	17/386	-0.141337	-0.00268819	0.877805
SRX7122000	TFs and others	FOXA1	Breast	MCF-7	5773	15/388	17/386	-0.141337	-0.00268819	0.877805
SRX8406424	TFs and others	AR	Prostate	Prostate	11126	15/388	17/386	-0.141337	-0.00268819	0.877805
SRX8536094	TFs and others	GATA2	Blood	CD34+	3471	15/388	17/386	-0.141337	-0.00268819	0.877805
SRX8841623	TFs and others	CTCF	Blood	Lymphoblasts	2409	15/388	17/386	-0.141337	-0.00268819	0.877805
SRX9434355	TFs and others	RELA	Digestive tract	SW 480	2343	15/388	17/386	-0.141337	-0.00268819	0.877805
DRX021118	TFs and others	MBD1	Digestive tract	HCT 116	11430	18/388	15/386	-0.141119	-0.00268819	1.19381
SRX080144	TFs and others	MYC	Liver	Hep G2	1180	18/388	15/386	-0.141119	-0.00268819	1.19381
SRX1038944	TFs and others	YAP1	Lung	IMR-90	11612	18/388	15/386	-0.141119	-0.00268819	1.19381
SRX1457740	TFs and others	Epitope tags	Kidney	293	4857	18/388	15/386	-0.141119	-0.00268819	1.19381
SRX1497383	TFs and others	BRD4	Blood	RAJI	1626	18/388	15/386	-0.141119	-0.00268819	1.19381
SRX150105	TFs and others	GTF2B	Lung	IMR-90	1610	18/388	15/386	-0.141119	-0.00268819	1.19381
SRX1901489	TFs and others	MLL-AF4	Blood	CD19+ leukemic cells	1290	18/388	15/386	-0.141119	-0.00268819	1.19381
SRX3229172	TFs and others	AR	Breast	Breast cancer	3686	18/388	15/386	-0.141119	-0.00268819	1.19381
SRX4345359	TFs and others	NFATC2	Blood	CD4+ T cells	2128	18/388	15/386	-0.141119	-0.00268819	1.19381
SRX150600	TFs and others	JUN	Blood	K-562	5858	38/388	41/386	-0.140818	-0.00268819	0.922052
SRX3990994	TFs and others	PGR	Breast	T-47D	8314	38/388	41/386	-0.140818	-0.00268819	0.922052
SRX7728609	TFs and others	TWIST1	Pluripotent stem cell	hESC derived neural crests	17700	38/388	41/386	-0.140818	-0.00268819	0.922052
SRX4911600	TFs and others	FOXA2	Uterus	Endometrium	5748	83/388	78/386	-0.140608	-0.00268819	1.05862
SRX1156542	TFs and others	SMARCA4	Breast	MDA-MB-231	3818	42/388	38/386	-0.140588	-0.00268819	1.09957
SRX9556502	TFs and others	GATA3	Breast	MDA-MB-231	19878	84/388	79/386	-0.139886	-0.00268819	1.05781
SRX017858	TFs and others	RELA	Blood	GM19193	641	3/388	4/386	-0.139789	-0.00268819	0.746134
SRX017907	TFs and others	RELA	Blood	GM12878	1079	3/388	4/386	-0.139789	-0.00268819	0.746134
SRX065557	TFs and others	Epitope tags	Bone	U2OS	338	3/388	4/386	-0.139789	-0.00268819	0.746134
SRX10045332	TFs and others	ASXL1	Breast	CAL-51	625	3/388	4/386	-0.139789	-0.00268819	0.746134
SRX10357208	TFs and others	ARNT	Uterus	HeLa	1239	3/388	4/386	-0.139789	-0.00268819	0.746134
SRX10357209	TFs and others	HIF1A	Uterus	HeLa	879	3/388	4/386	-0.139789	-0.00268819	0.746134
SRX1058804	TFs and others	BRD4	Adipocyte	SGBS	1787	3/388	4/386	-0.139789	-0.00268819	0.746134
SRX1140481	TFs and others	KDM3B	Digestive tract	HCT 116	1245	3/388	4/386	-0.139789	-0.00268819	0.746134
SRX1530787	TFs and others	EBNA2	Blood	GM12878	651	3/388	4/386	-0.139789	-0.00268819	0.746134
SRX1629242	TFs and others	AR	Prostate	VCaP	2078	3/388	4/386	-0.139789	-0.00268819	0.746134
SRX1842781	TFs and others	MYCN	Neural	Neuroblastoma	338	3/388	4/386	-0.139789	-0.00268819	0.746134
SRX206835	TFs and others	RUNX1	Blood	Jurkat	1352	3/388	4/386	-0.139789	-0.00268819	0.746134
SRX2550935	TFs and others	MYCN	Neural	NB-1643	3147	3/388	4/386	-0.139789	-0.00268819	0.746134
SRX2633442	TFs and others	AR	Prostate	R1-AD1	2208	3/388	4/386	-0.139789	-0.00268819	0.746134
SRX2652439	TFs and others	ZBTB48	Uterus	HeLa	3463	3/388	4/386	-0.139789	-0.00268819	0.746134
SRX277132	TFs and others	TP63	Digestive tract	KYSE-70	847	3/388	4/386	-0.139789	-0.00268819	0.746134
SRX278416	TFs and others	TFAP4	Digestive tract	DLD-1	998	3/388	4/386	-0.139789	-0.00268819	0.746134
SRX3001599	TFs and others	FOXA1	Unclassified	Unclassified	1478	3/388	4/386	-0.139789	-0.00268819	0.746134
SRX3009964	TFs and others	PCGF2	Pluripotent stem cell	NT2-D1	380	3/388	4/386	-0.139789	-0.00268819	0.746134
SRX3080212	TFs and others	ESR1	Breast	MCF-7	1772	3/388	4/386	-0.139789	-0.00268819	0.746134
SRX3159239	TFs and others	BRD4	Prostate	LREX	499	3/388	4/386	-0.139789	-0.00268819	0.746134
SRX3186361	TFs and others	Epitope tags	Lung	HCC95	396	3/388	4/386	-0.139789	-0.00268819	0.746134
SRX3229157	TFs and others	ESR1	Breast	Breast cancer	877	3/388	4/386	-0.139789	-0.00268819	0.746134
SRX3292073	TFs and others	GATA2	Pluripotent stem cell	hESC derived trophoblast cells	2057	3/388	4/386	-0.139789	-0.00268819	0.746134
SRX351401	TFs and others	MYC	Bone	U2OS	502	3/388	4/386	-0.139789	-0.00268819	0.746134
SRX3599313	TFs and others	GATA2	Cardiovascular	HUVEC	929	3/388	4/386	-0.139789	-0.00268819	0.746134
SRX371433	TFs and others	ESR1	Others	Tumour tissues	1365	3/388	4/386	-0.139789	-0.00268819	0.746134
SRX373256	TFs and others	FOXM1	Uterus	HeLa	572	3/388	4/386	-0.139789	-0.00268819	0.746134
SRX3873707	TFs and others	AFF1	Lung	NCI-H2171	473	3/388	4/386	-0.139789	-0.00268819	0.746134
SRX456682	TFs and others	GFP	Blood	K-562	246	3/388	4/386	-0.139789	-0.00268819	0.746134
SRX469395	TFs and others	ESR1	Breast	MCF-7	1159	3/388	4/386	-0.139789	-0.00268819	0.746134
SRX4708015	TFs and others	SRSF4	Liver	Hep G2	447	3/388	4/386	-0.139789	-0.00268819	0.746134
SRX4737854	TFs and others	BAP1	Pancreas	PANC-1	895	3/388	4/386	-0.139789	-0.00268819	0.746134
SRX490434	TFs and others	ESR1	Breast	MCF-7	1103	3/388	4/386	-0.139789	-0.00268819	0.746134
SRX4931267	TFs and others	KMT2A	Kidney	293	302	3/388	4/386	-0.139789	-0.00268819	0.746134
SRX4976904	TFs and others	TP63	Pluripotent stem cell	hESC H9	1113	3/388	4/386	-0.139789	-0.00268819	0.746134
SRX5089436	TFs and others	SMARCB1	Breast	MCF-7	2321	3/388	4/386	-0.139789	-0.00268819	0.746134
SRX5102886	TFs and others	GFP	Blood	K-562	389	3/388	4/386	-0.139789	-0.00268819	0.746134
SRX5124843	TFs and others	FOXA1	Prostate	22Rv1	2105	3/388	4/386	-0.139789	-0.00268819	0.746134
SRX5124861	TFs and others	TLE3	Prostate	22Rv1	3041	3/388	4/386	-0.139789	-0.00268819	0.746134
SRX518687	TFs and others	IRF4	Blood	OCI-LY-3	896	3/388	4/386	-0.139789	-0.00268819	0.746134
SRX5323859	TFs and others	STAT3	Breast	MCF-7	590	3/388	4/386	-0.139789	-0.00268819	0.746134
SRX5346128	TFs and others	WDR5	Blood	RAMOS	1205	3/388	4/386	-0.139789	-0.00268819	0.746134
SRX5444529	TFs and others	KMT2A	Blood	RS 411	343	3/388	4/386	-0.139789	-0.00268819	0.746134
SRX5534862	TFs and others	SMARCA4	Breast	MCF-7	207	3/388	4/386	-0.139789	-0.00268819	0.746134
SRX5765527	TFs and others	MLLT3	Blood	K-562	1895	3/388	4/386	-0.139789	-0.00268819	0.746134
SRX5879971	TFs and others	TEAD4	Epidermis	BJ	1131	3/388	4/386	-0.139789	-0.00268819	0.746134
SRX5887618	TFs and others	YAP1	Lung	PC-9	1809	3/388	4/386	-0.139789	-0.00268819	0.746134
SRX5930117	TFs and others	EP300	Blood	Acute myeloid leukemia	1545	3/388	4/386	-0.139789	-0.00268819	0.746134
SRX6913047	TFs and others	BRD4	Blood	THP-1	286	3/388	4/386	-0.139789	-0.00268819	0.746134
SRX695883	TFs and others	ASCL1	Others	Tumor	969	3/388	4/386	-0.139789	-0.00268819	0.746134
SRX7951322	TFs and others	SMARCA2	Lung	NCI-H1944	1079	3/388	4/386	-0.139789	-0.00268819	0.746134
SRX8023140	TFs and others	TP53	Breast	MCF 10A	2000	3/388	4/386	-0.139789	-0.00268819	0.746134
SRX8068151	TFs and others	RUNX1	Blood	RS4-11	2017	3/388	4/386	-0.139789	-0.00268819	0.746134
SRX8084748	TFs and others	Epitope tags	Breast	SUM 159PT	921	3/388	4/386	-0.139789	-0.00268819	0.746134
SRX8359006	TFs and others	FLI1	Others	Mesenchymal stem cells	5089	3/388	4/386	-0.139789	-0.00268819	0.746134
SRX8588596	TFs and others	MECOM	Gonad	KURAMOCHI	3362	3/388	4/386	-0.139789	-0.00268819	0.746134
SRX8616365	TFs and others	KSHV LANA	Blood	BJAB	440	3/388	4/386	-0.139789	-0.00268819	0.746134
SRX8976686	TFs and others	NCOR2	Digestive tract	KYSE-410	1267	3/388	4/386	-0.139789	-0.00268819	0.746134
SRX9600643	TFs and others	G-quadruplex	Blood	K-562	255	3/388	4/386	-0.139789	-0.00268819	0.746134
SRX9674303	TFs and others	NR3C1	Pluripotent stem cell	iPSC derived hepatocytes	2960	3/388	4/386	-0.139789	-0.00268819	0.746134
SRX003321	TFs and others	STAT1	Uterus	HeLa	1249	5/388	3/386	-0.139574	-0.00268819	1.65808
SRX017879	TFs and others	RELA	Blood	GM15510	735	5/388	3/386	-0.139574	-0.00268819	1.65808
SRX026636	TFs and others	RUNX1T1	Blood	Kasumi-1	912	5/388	3/386	-0.139574	-0.00268819	1.65808
SRX028590	TFs and others	SETDB1	Blood	K-562	704	5/388	3/386	-0.139574	-0.00268819	1.65808
SRX038910	TFs and others	SPI1	Blood	Hematopoietic Stem Cells	1311	5/388	3/386	-0.139574	-0.00268819	1.65808
SRX10119163	TFs and others	CREB1	Blood	MV-4-11	403	5/388	3/386	-0.139574	-0.00268819	1.65808
SRX1078846	TFs and others	ELL2	Digestive tract	HCT 116	735	5/388	3/386	-0.139574	-0.00268819	1.65808
SRX150562	TFs and others	ZZZ3	Blood	GM12878	663	5/388	3/386	-0.139574	-0.00268819	1.65808
SRX150717	TFs and others	SMARCC2	Uterus	HeLa	428	5/388	3/386	-0.139574	-0.00268819	1.65808
SRX1745736	TFs and others	ESR1	Uterus	Endometrial Stromal Tumors	2294	5/388	3/386	-0.139574	-0.00268819	1.65808
SRX1993440	TFs and others	ZSCAN5D	Placenta	BeWo	570	5/388	3/386	-0.139574	-0.00268819	1.65808
SRX2023749	TFs and others	MED1	Pluripotent stem cell	iPS derived cardiac cells	413	5/388	3/386	-0.139574	-0.00268819	1.65808
SRX2023772	TFs and others	MED1	Pluripotent stem cell	iPS derived cardiac cells	414	5/388	3/386	-0.139574	-0.00268819	1.65808
SRX2897215	TFs and others	ESR1	Breast	Breast cancer cells	243	5/388	3/386	-0.139574	-0.00268819	1.65808
SRX359976	TFs and others	ZBTB10	Digestive tract	LoVo	241	5/388	3/386	-0.139574	-0.00268819	1.65808
SRX3873706	TFs and others	AFF1	Lung	NCI-H2171	770	5/388	3/386	-0.139574	-0.00268819	1.65808
SRX4650958	TFs and others	SUZ12	Kidney	293	444	5/388	3/386	-0.139574	-0.00268819	1.65808
SRX4937334	TFs and others	KAT2A	Digestive tract	HCT 116	461	5/388	3/386	-0.139574	-0.00268819	1.65808
SRX4937341	TFs and others	MED1	Digestive tract	HCT 116	518	5/388	3/386	-0.139574	-0.00268819	1.65808
SRX5299878	TFs and others	NFE2	Blood	Erythroid Cells	1215	5/388	3/386	-0.139574	-0.00268819	1.65808
SRX6487049	TFs and others	FOXA1	Breast	MCF-7	2459	5/388	3/386	-0.139574	-0.00268819	1.65808
SRX6680397	TFs and others	CTCF	Bone	HT-1080	857	5/388	3/386	-0.139574	-0.00268819	1.65808
SRX6911600	TFs and others	ZMYND8	Neural	Glioblastoma	529	5/388	3/386	-0.139574	-0.00268819	1.65808
SRX7981731	TFs and others	CREBBP	Prostate	Prostate cancer	263	5/388	3/386	-0.139574	-0.00268819	1.65808
SRX8400466	TFs and others	TP63	Others	CAL 27	805	5/388	3/386	-0.139574	-0.00268819	1.65808
SRX9674316	TFs and others	NR3C1	Pluripotent stem cell	iPSC derived hepatocytes	1722	5/388	3/386	-0.139574	-0.00268819	1.65808
SRX5141101	TFs and others	CEBPA	Blood	THP-1	26104	80/388	84/386	-0.13944	-0.00259827	0.947472
SRX3230381	TFs and others	ERF	Liver	Hep G2	6395	85/388	80/386	-0.139181	-0.00242912	1.05702
SRX190224	TFs and others	FOSL2	Breast	MCF-7	13579	39/388	42/386	-0.139094	-0.00242912	0.923785
SRX4708075	TFs and others	PCBP1	Blood	K-562	2771	39/388	42/386	-0.139094	-0.00242912	0.923785
SRX5075175	TFs and others	SMARCA4	Neural	Neural progenitor cells	20774	39/388	42/386	-0.139094	-0.00242912	0.923785
SRX100502	TFs and others	USF1	Lung	A549	8050	87/388	82/386	-0.13782	-0.0012433	1.05551
SRX10760648	TFs and others	NCOR1	Blood	MM.1S	22216	87/388	82/386	-0.13782	-0.0012433	1.05551
SRX190333	TFs and others	STAT5A	Blood	K-562	9727	40/388	43/386	-0.137439	-0.00103393	0.925438
SRX6473452	TFs and others	Epitope tags	Pluripotent stem cell	hESC derived neural crests	3423	83/388	87/386	-0.13742	-0.00103393	0.949105
SRX097096	TFs and others	CEBPA	Blood	U-937	15908	44/388	40/386	-0.137213	-0.00103393	1.09433
SRX4155859	TFs and others	MYCN	Neural	KELLY	33256	344/388	346/386	-0.137213	-0.00103393	0.989095
SRX1027438	TFs and others	CEBPB	Others	Mesenchymal stem cells	36667	88/388	83/386	-0.137162	-0.00103393	1.05478
SRX150524	TFs and others	GATA3	Breast	MCF-7	6298	16/388	18/386	-0.136939	-0.00103393	0.884307
SRX5089444	TFs and others	SMARCB1	Breast	MCF-7	7815	16/388	18/386	-0.136939	-0.00103393	0.884307
SRX5441335	TFs and others	CPSF3	Uterus	HeLa	1403	16/388	18/386	-0.136939	-0.00103393	0.884307
SRX5574371	TFs and others	SPI1	Blood	Monocytes	4806	16/388	18/386	-0.136939	-0.00103393	0.884307
SRX028641	TFs and others	NR2C2	Blood	GM12878	872	19/388	16/386	-0.136728	-0.00103393	1.18138
SRX129106	TFs and others	MYC	Lung	NCI-H128	940	19/388	16/386	-0.136728	-0.00103393	1.18138
SRX212664	TFs and others	IRF1	Blood	Monocytes-CD14+	4664	19/388	16/386	-0.136728	-0.00103393	1.18138
SRX275404	TFs and others	BRD4	Blood	OCI-LY1	1706	19/388	16/386	-0.136728	-0.00103393	1.18138
SRX4705111	TFs and others	CHAF1A	Blood	MOLM-13	1699	19/388	16/386	-0.136728	-0.00103393	1.18138
SRX5157160	TFs and others	CEBPA	Blood	THP-1	8404	19/388	16/386	-0.136728	-0.00103393	1.18138
SRX5974539	TFs and others	TAL1	Blood	K-562	6838	19/388	16/386	-0.136728	-0.00103393	1.18138
SRX6367585	TFs and others	SUMO2	Kidney	293	1592	19/388	16/386	-0.136728	-0.00103393	1.18138
SRX6639330	TFs and others	GATA3	Pluripotent stem cell	hESC H1	3870	19/388	16/386	-0.136728	-0.00103393	1.18138
SRX7972455	TFs and others	MKL2	Epidermis	MKL-2	9484	19/388	16/386	-0.136728	-0.00103393	1.18138
SRX9071225	TFs and others	BRD4	Blood	SEM	1453	19/388	16/386	-0.136728	-0.00103393	1.18138
SRX9419959	TFs and others	MED1	Breast	SK-BR-3	10187	90/388	85/386	-0.135891	-0.00028825	1.05337
SRX5957525	TFs and others	TBP	Pluripotent stem cell	hESC H1	2586	41/388	44/386	-0.13585	-0.00028825	0.927015
SRX716556	TFs and others	YAP1	Neural	SF268	9209	41/388	44/386	-0.13585	-0.00028825	0.927015
SRX3927308	TFs and others	BRD9	Muscle	SYO-1	11089	86/388	90/386	-0.135532	-1.47576e-05	0.95063
SRX185912	TFs and others	FOXM1	Breast	MDA-MB-231	9088	91/388	86/386	-0.135276	0	1.05269
SRX4473686	TFs and others	ARID2	Gonad	BIN-67	3412	91/388	86/386	-0.135276	0	1.05269
SRX2368888	TFs and others	FOXA2	Epidermis	Ker-CT	43515	88/388	92/386	-0.134343	0	0.951591
SRX3923519	TFs and others	FOXA1	Breast	MCF-7	20336	42/388	45/386	-0.134322	0	0.928522
SRX1161204	TFs and others	FOXA1	Breast	T-47D	15673	46/388	42/386	-0.1341	0	1.08959
SRX150428	TFs and others	MAX	Pluripotent stem cell	hESC H1	3711	46/388	42/386	-0.1341	0	1.08959
SRX475793	TFs and others	SPI1	Blood	GM12878	23557	89/388	93/386	-0.133767	0	0.952056
SRX1033273	TFs and others	GATA2	Prostate	LNCAP	7147	17/388	19/386	-0.132932	0	0.890125
SRX1044412	TFs and others	JUN	Breast	MDA-MB-231	6797	17/388	19/386	-0.132932	0	0.890125
SRX1116394	TFs and others	PBX3	Liver	SMMC-7721	7054	17/388	19/386	-0.132932	0	0.890125
SRX1456194	TFs and others	RBPJ	Blood	Mutu	1609	17/388	19/386	-0.132932	0	0.890125
SRX1569780	TFs and others	FOXA1	Prostate	LNCAP	12741	17/388	19/386	-0.132932	0	0.890125
SRX2545059	TFs and others	TLE3	Prostate	LNCAP	22602	17/388	19/386	-0.132932	0	0.890125
SRX5089381	TFs and others	ARID1A	Breast	MCF-7	8907	17/388	19/386	-0.132932	0	0.890125
SRX6902860	TFs and others	GATA1	Blood	CD34+	3785	17/388	19/386	-0.132932	0	0.890125
SRX8406419	TFs and others	AR	Prostate	Prostate	3938	17/388	19/386	-0.132932	0	0.890125
SRX9317682	TFs and others	RUNX1	Blood	Fujioka	3860	43/388	46/386	-0.132852	0	0.929964
SRX1047413	TFs and others	SOX2	Pluripotent stem cell	hESC H9	8242	20/388	17/386	-0.132728	0	1.17041
SRX150559	TFs and others	NR2C2	Blood	GM12878	1066	20/388	17/386	-0.132728	0	1.17041
SRX2268289	TFs and others	CHD1	Others	Mesenchymal stem cells	2106	20/388	17/386	-0.132728	0	1.17041
SRX3472374	TFs and others	TP53BP1	Pluripotent stem cell	hESC H9	1385	20/388	17/386	-0.132728	0	1.17041
SRX3542260	TFs and others	TBX2	Neural	KELLY	5277	20/388	17/386	-0.132728	0	1.17041
SRX5661979	TFs and others	VDR	Kidney	Kidney Cortex	1918	20/388	17/386	-0.132728	0	1.17041
SRX8588639	TFs and others	KLF4	Cardiovascular	Pulmonary artery endothelial cells	12344	91/388	95/386	-0.132654	0	0.952957
SRX10119395	TFs and others	JUNB	Breast	MDA-MB-231	21847	47/388	43/386	-0.132633	0	1.08739
SRX1478543	TFs and others	SIX2	Kidney	Kidney Cortex	24386	47/388	43/386	-0.132633	0	1.08739
SRX9317683	TFs and others	CEBPA	Blood	Fujioka	11788	47/388	43/386	-0.132633	0	1.08739
SRX734411	TFs and others	AR	Prostate	CWR22Pc	47825	292/388	295/386	-0.132399	0	0.984728
SRX10119135	TFs and others	RUNX1	Blood	MV-4-11	39133	97/388	92/386	-0.131861	0	1.04891
ERX200492	TFs and others	CTCF	Blood	B cells	8599	44/388	47/386	-0.131437	0	0.931345
SRX3931074	TFs and others	FOXA1	Breast	MCF-7	15356	44/388	47/386	-0.131437	0	0.931345
SRX6860623	TFs and others	FOXA1	Breast	T-47D	14428	44/388	47/386	-0.131437	0	0.931345
ERX626869	TFs and others	SPI1	Blood	U-937	12893	48/388	44/386	-0.131219	0	1.08529
SRX2871345	TFs and others	GATA3	Breast	T-47D	10983	48/388	44/386	-0.131219	0	1.08529
SRX702045	TFs and others	OTX2	Pluripotent stem cell	hESC HUES64	22621	100/388	95/386	-0.130313	0	1.04721
SRX1156479	TFs and others	GATA3	Breast	MDA-MB-231	14794	45/388	48/386	-0.130073	0	0.932668
SRX1161206	TFs and others	FOXA1	Breast	T-47D	15327	45/388	48/386	-0.130073	0	0.932668
SRX150732	TFs and others	TBL1XR1	Blood	GM12878	6745	45/388	48/386	-0.130073	0	0.932668
SRX1653204	TFs and others	NR4A1	Blood	Kasumi-1	12460	45/388	48/386	-0.130073	0	0.932668
SRX2961790	TFs and others	TRIM24	Blood	MOLM-13	6569	45/388	48/386	-0.130073	0	0.932668
SRX4367442	TFs and others	TBP	Lung	Bronchial tracheal epithelial cells	1993	45/388	48/386	-0.130073	0	0.932668
SRX2043231	TFs and others	EP300	Blood	RCH-ACV	13722	49/388	45/386	-0.129858	0	1.08328
SRX3640570	TFs and others	INTS3	Uterus	HeLa	2783	49/388	45/386	-0.129858	0	1.08328
SRX6582171	TFs and others	JUN	Others	GM07492	37936	97/388	101/386	-0.129588	0	0.955446
SRX8299783	TFs and others	MYC	Bone	U2OS	20211	286/388	289/386	-0.129335	0	0.984518
SRX2654819	TFs and others	CTCF	Digestive tract	LoVo	4041	18/388	20/386	-0.129265	0	0.895361
SRX4409573	TFs and others	MYC	Neural	SH-EP	1525	18/388	20/386	-0.129265	0	0.895361
SRX5089511	TFs and others	HDAC1	Breast	MCF-7	1053	18/388	20/386	-0.129265	0	0.895361
SRX514839	TFs and others	TP63	Epidermis	Keratinocytes	9257	18/388	20/386	-0.129265	0	0.895361
SRX5294340	TFs and others	DPF2	Kidney	TTC1240	11863	18/388	20/386	-0.129265	0	0.895361
SRX6430562	TFs and others	EZH2	Blood	KARPAS-422	1642	18/388	20/386	-0.129265	0	0.895361
SRX646126	TFs and others	SUZ12	Blood	Erythroblasts	2256	18/388	20/386	-0.129265	0	0.895361
SRX028633	TFs and others	TFAP2C	Breast	MCF-7	14924	98/388	102/386	-0.129114	0	0.955832
SRX3161001	TFs and others	ZBTB7A	Blood	K-562	8728	98/388	102/386	-0.129114	0	0.955832
SRX5486439	TFs and others	TCF7L2	Digestive tract	HCT 116	2171	21/388	18/386	-0.129066	0	1.16065
SRX5504127	TFs and others	Epitope tags	Pancreas	CFPAC-1	10670	21/388	18/386	-0.129066	0	1.16065
SRX5525775	TFs and others	MYCN	Neural	SH-EP	1866	21/388	18/386	-0.129066	0	1.16065
SRX701978	TFs and others	FOXA2	Pluripotent stem cell	hESC derived mesendodermal cells	10238	21/388	18/386	-0.129066	0	1.16065
SRX8108988	TFs and others	G-quadruplex	Liver	Hep G2	1141	21/388	18/386	-0.129066	0	1.16065
SRX8707938	TFs and others	MED1	Epidermis	Keratinocytes	1707	21/388	18/386	-0.129066	0	1.16065
SRX3638907	TFs and others	RELA	Bone	U2OS	2608	46/388	49/386	-0.128758	0	0.933936
SRX4107930	TFs and others	SKP2	Digestive tract	HCT 116	23825	46/388	49/386	-0.128758	0	0.933936
SRX6860651	TFs and others	FOXA1	Breast	T-47D	17054	46/388	49/386	-0.128758	0	0.933936
SRX150427	TFs and others	GATA2	Cardiovascular	HUVEC	18147	50/388	46/386	-0.128545	0	1.08135
SRX8520802	TFs and others	NR3C1	Breast	HCC1187	27749	50/388	46/386	-0.128545	0	1.08135
SRX10637290	TFs and others	KDM1A	Breast	MDA-MB-231	18552	104/388	99/386	-0.128397	0	1.04509
SRX4815194	TFs and others	TLE3	Breast	SUM 149PT	22317	47/388	50/386	-0.127489	0	0.935155
SRX4947721	TFs and others	RELA	Cardiovascular	HUVEC	7154	47/388	50/386	-0.127489	0	0.935155
SRX5089555	TFs and others	BRD4	Breast	MCF-7	3459	47/388	50/386	-0.127489	0	0.935155
SRX5574467	TFs and others	FLI1	Blood	CTV-1	17132	102/388	106/386	-0.127315	0	0.957304
SRX019786	TFs and others	TP63	Epidermis	Keratinocytes	23266	51/388	47/386	-0.127277	0	1.07951
SRX100418	TFs and others	NR3C1	Lung	A549	7057	108/388	103/386	-0.126636	0	1.04314
SRX100497	TFs and others	RXRA	Liver	Hep G2	13101	48/388	51/386	-0.126264	0	0.936325
SRX100585	TFs and others	GATA2	Blood	K-562	14830	48/388	51/386	-0.126264	0	0.936325
SRX6896407	TFs and others	FOXA1	Breast	T-47D	13426	48/388	51/386	-0.126264	0	0.936325
SRX8453141	TFs and others	AR	Lung	Lung	29964	48/388	51/386	-0.126264	0	0.936325
SRX2382329	TFs and others	EBF3	Neural	SK-N-SH	25303	109/388	104/386	-0.126218	0	1.04267
SRX2436059	TFs and others	OTX2	Neural	D283 Med	76833	105/388	109/386	-0.126062	0	0.958337
SRX5323862	TFs and others	STAT3	Breast	MCF-7	17368	105/388	109/386	-0.126062	0	0.958337
SRX5514012	TFs and others	FOS	Uterus	Uterin leiomyoma	3800	52/388	48/386	-0.126054	0	1.07775
SRX9599272	TFs and others	REST	Uterus	HEC-1-B	4009	52/388	48/386	-0.126054	0	1.07775
SRX100560	TFs and others	BCLAF1	Blood	K-562	1785	19/388	21/386	-0.125893	0	0.900098
SRX105186	TFs and others	TP63	Epidermis	Keratinocytes	3308	19/388	21/386	-0.125893	0	0.900098
SRX1136649	TFs and others	GTF2B	Uterus	HeLa	1569	19/388	21/386	-0.125893	0	0.900098
SRX190315	TFs and others	REST	Pancreas	PANC-1	3947	19/388	21/386	-0.125893	0	0.900098
SRX9498740	TFs and others	GTF2B	Blood	K-562	1967	19/388	21/386	-0.125893	0	0.900098
SRX150704	TFs and others	TCF7L2	Uterus	HeLa	13858	110/388	105/386	-0.125809	0	1.04222
SRX080155	TFs and others	MYC	Blood	K-562	1631	22/388	19/386	-0.1257	0	1.15193
SRX1052319	TFs and others	Epitope tags	Blood	K-562	1717	22/388	19/386	-0.1257	0	1.15193
SRX1533883	TFs and others	CBFB	Bone	Saos-2	7395	22/388	19/386	-0.1257	0	1.15193
SRX3942990	TFs and others	ZNF341	Blood	PBMC	2061	22/388	19/386	-0.1257	0	1.15193
SRX475773	TFs and others	REST	Blood	GM12878	4313	22/388	19/386	-0.1257	0	1.15193
SRX512370	TFs and others	SOX2	Pluripotent stem cell	iPS cells	10580	22/388	19/386	-0.1257	0	1.15193
SRX5203292	TFs and others	CTCF	Breast	MCF-7	8199	22/388	19/386	-0.1257	0	1.15193
SRX5287692	TFs and others	TEAD4	Breast	T-47D	5357	22/388	19/386	-0.1257	0	1.15193
SRX5771666	TFs and others	SOX2	Gonad	N2102Ep	18011	22/388	19/386	-0.1257	0	1.15193
SRX1690207	TFs and others	TWIST1	Neural	BE(2)-C	13317	49/388	52/386	-0.12508	0	0.93745
SRX7549663	TFs and others	TFAP2C	Pluripotent stem cell	hESC UCLA2	3683	53/388	49/386	-0.124872	0	1.07606
SRX366168	TFs and others	SMAD3	Lung	NCI-H441	19858	50/388	53/386	-0.123936	0	0.938533
DRX059637	TFs and others	MLLT6	Kidney	293	1436	4/388	5/386	-0.12379	0	0.795876
ERX1149057	TFs and others	CTCF	Blood	K-562	746	4/388	5/386	-0.12379	0	0.795876
ERX664199	TFs and others	CTCF	Blood	B cells	2064	4/388	5/386	-0.12379	0	0.795876
SRX016028	TFs and others	RB1	Lung	IMR-90	3254	4/388	5/386	-0.12379	0	0.795876
SRX016327	TFs and others	ESR1	Breast	MCF-7	1738	4/388	5/386	-0.12379	0	0.795876
SRX10407083	TFs and others	SOX2	Digestive tract	Esophageal squamous carcinoma cell line	1830	4/388	5/386	-0.12379	0	0.795876
SRX128781	TFs and others	GATA3	Blood	Jurkat (Clone E6-1)	1232	4/388	5/386	-0.12379	0	0.795876
SRX144718	TFs and others	ORC1	Uterus	HeLa	316	4/388	5/386	-0.12379	0	0.795876
SRX174815	TFs and others	NKX2-1	Lung	HCC1819	2593	4/388	5/386	-0.12379	0	0.795876
SRX180826	TFs and others	E2F7	Lung	IMR-90	638	4/388	5/386	-0.12379	0	0.795876
SRX3001607	TFs and others	FOXA1	Unclassified	Unclassified	1840	4/388	5/386	-0.12379	0	0.795876
SRX3288571	TFs and others	POU5F1	Pluripotent stem cell	hESC H9	4030	4/388	5/386	-0.12379	0	0.795876
SRX3292079	TFs and others	TFAP2C	Pluripotent stem cell	hESC derived trophoblast cells	1752	4/388	5/386	-0.12379	0	0.795876
SRX3394271	TFs and others	FOXA2	Digestive tract	SW 480	2983	4/388	5/386	-0.12379	0	0.795876
SRX3468027	TFs and others	SS18	Others	Aska	863	4/388	5/386	-0.12379	0	0.795876
SRX3584304	TFs and others	RARA	Pluripotent stem cell	iPS derived chondrocytes	1999	4/388	5/386	-0.12379	0	0.795876
SRX359921	TFs and others	ARNTL	Digestive tract	LoVo	366	4/388	5/386	-0.12379	0	0.795876
SRX3781815	TFs and others	Epitope tags	Digestive tract	HCT 116	849	4/388	5/386	-0.12379	0	0.795876
SRX4062886	TFs and others	FOXA1	Prostate	LNCAP	5671	4/388	5/386	-0.12379	0	0.795876
SRX4213900	TFs and others	MYBL2	Breast	MCF 10A	466	4/388	5/386	-0.12379	0	0.795876
SRX4572982	TFs and others	ATF3	Liver	Hep G2	444	4/388	5/386	-0.12379	0	0.795876
SRX4650909	TFs and others	RNF2	Kidney	293	417	4/388	5/386	-0.12379	0	0.795876
SRX4931268	TFs and others	KMT2A	Kidney	293	319	4/388	5/386	-0.12379	0	0.795876
SRX502067	TFs and others	AR	Prostate	Prostate cancer	4481	4/388	5/386	-0.12379	0	0.795876
SRX5212370	TFs and others	BRD9	Others	Mel270	999	4/388	5/386	-0.12379	0	0.795876
SRX5299354	TFs and others	CBX7	Kidney	293	534	4/388	5/386	-0.12379	0	0.795876
SRX5299356	TFs and others	CBX7	Kidney	293	588	4/388	5/386	-0.12379	0	0.795876
SRX5635067	TFs and others	RUNX1	Breast	MCF 10A	2915	4/388	5/386	-0.12379	0	0.795876
SRX5662026	TFs and others	MYCN	Neural	CHP-134	583	4/388	5/386	-0.12379	0	0.795876
SRX7054932	TFs and others	ERG	Cardiovascular	HAEC	677	4/388	5/386	-0.12379	0	0.795876
SRX7282936	TFs and others	ESR1	Breast	ZR-75-1	3035	4/388	5/386	-0.12379	0	0.795876
SRX730430	TFs and others	NCAPG	Breast	MCF-7	1571	4/388	5/386	-0.12379	0	0.795876
SRX753147	TFs and others	GTF2I	Pluripotent stem cell	iPS cells	889	4/388	5/386	-0.12379	0	0.795876
SRX7712494	TFs and others	HIF1A	Lung	A549	579	4/388	5/386	-0.12379	0	0.795876
SRX7902971	TFs and others	Epitope tags	Kidney	293	1736	4/388	5/386	-0.12379	0	0.795876
SRX7902979	TFs and others	EGR1	Blood	Macrophages	458	4/388	5/386	-0.12379	0	0.795876
SRX8064815	TFs and others	E2F6	Blood	Lymphoblastoid cell line	3299	4/388	5/386	-0.12379	0	0.795876
SRX8173502	TFs and others	EED	Pluripotent stem cell	iPS cells	2962	4/388	5/386	-0.12379	0	0.795876
SRX8272755	TFs and others	ESR2	Digestive tract	SW 480	2006	4/388	5/386	-0.12379	0	0.795876
SRX8510436	TFs and others	ATF4	Pancreas	L3.6	1300	4/388	5/386	-0.12379	0	0.795876
SRX8520807	TFs and others	NR3C1	Breast	MDA-MB-361	1773	4/388	5/386	-0.12379	0	0.795876
SRX8616856	TFs and others	JUND	Lung	A549	1565	4/388	5/386	-0.12379	0	0.795876
SRX9046310	TFs and others	ETS1	Blood	THP-1	656	4/388	5/386	-0.12379	0	0.795876
SRX9187413	TFs and others	HDAC1	Pancreas	MIA Paca-2	1208	4/388	5/386	-0.12379	0	0.795876
SRX9711152	TFs and others	AR	Prostate	LNCAP	4415	4/388	5/386	-0.12379	0	0.795876
SRX1614811	TFs and others	ZNF366	Blood	Dendritic Cells	3214	54/388	50/386	-0.123728	0	1.07443
SRX2871348	TFs and others	FOXA1	Breast	T-47D	16021	54/388	50/386	-0.123728	0	1.07443
SRX4931245	TFs and others	KMT2A	Kidney	293	2128	54/388	50/386	-0.123728	0	1.07443
ERX1234994	TFs and others	TAF3	Liver	Hep G2	360	6/388	4/386	-0.123603	0	1.49227
ERX664191	TFs and others	CTCF	Blood	B cells	1506	6/388	4/386	-0.123603	0	1.49227
SRX065546	TFs and others	TRIM28	Kidney	293	1511	6/388	4/386	-0.123603	0	1.49227
SRX10119137	TFs and others	RUNX1	Blood	MV-4-11	2685	6/388	4/386	-0.123603	0	1.49227
SRX11078135	TFs and others	RNF2	Kidney	293	484	6/388	4/386	-0.123603	0	1.49227
SRX1515015	TFs and others	GFP	Kidney	293	1228	6/388	4/386	-0.123603	0	1.49227
SRX1629253	TFs and others	ERG	Prostate	VCaP	828	6/388	4/386	-0.123603	0	1.49227
SRX170349	TFs and others	EP300	Blood	CD36+	2689	6/388	4/386	-0.123603	0	1.49227
SRX1709990	TFs and others	ESR1	Breast	T-47D	1433	6/388	4/386	-0.123603	0	1.49227
SRX2009510	TFs and others	BRD4	Neural	SF8628	1282	6/388	4/386	-0.123603	0	1.49227
SRX243760	TFs and others	PAX5	Blood	RAJI	1334	6/388	4/386	-0.123603	0	1.49227
SRX2765967	TFs and others	HMGB2	Lung	Lung fibroblasts	519	6/388	4/386	-0.123603	0	1.49227
SRX2850858	TFs and others	APC	Digestive tract	HCT 116	949	6/388	4/386	-0.123603	0	1.49227
SRX295034	TFs and others	MECP2	Lung	IMR-90	275	6/388	4/386	-0.123603	0	1.49227
SRX3256870	TFs and others	BCOR	Pluripotent stem cell	hESC H1	1522	6/388	4/386	-0.123603	0	1.49227
SRX386204	TFs and others	GFI1B	Blood	CD34+	1132	6/388	4/386	-0.123603	0	1.49227
SRX5025673	TFs and others	BRCA1	Neural	SH-EP	578	6/388	4/386	-0.123603	0	1.49227
SRX5157152	TFs and others	CEBPA	Blood	THP-1	2700	6/388	4/386	-0.123603	0	1.49227
SRX5716454	TFs and others	SOX3	Neural	Neural progenitor cells	431	6/388	4/386	-0.123603	0	1.49227
SRX5888984	TFs and others	BRD4	Others	Head and neck squamous cell carcinoma 	824	6/388	4/386	-0.123603	0	1.49227
SRX6487046	TFs and others	FOXA1	Breast	MCF-7	2206	6/388	4/386	-0.123603	0	1.49227
SRX7036324	TFs and others	ARID1A	Pluripotent stem cell	hESC H9	2225	6/388	4/386	-0.123603	0	1.49227
SRX7575886	TFs and others	MYC	Blood	RAJI	760	6/388	4/386	-0.123603	0	1.49227
SRX8602204	TFs and others	IRF4	Blood	OCI-LY-3	1056	6/388	4/386	-0.123603	0	1.49227
SRX8299784	TFs and others	MYC	Bone	U2OS	7263	116/388	111/386	-0.123524	0	1.03966
SRX150418	TFs and others	UBTF	Blood	K-562	3016	51/388	54/386	-0.122829	0	0.939576
SRX5124839	TFs and others	FOXA1	Prostate	22Rv1	18949	51/388	54/386	-0.122829	0	0.939576
SRX100516	TFs and others	HDAC2	Blood	K-562	3421	20/388	22/386	-0.12278	0	0.904405
SRX1012539	TFs and others	BCL6	Blood	B cells	4719	20/388	22/386	-0.12278	0	0.904405
SRX10212065	TFs and others	ATF4	Blood	CD4+ T cells	4658	20/388	22/386	-0.12278	0	0.904405
SRX1515037	TFs and others	GFP	Kidney	293	10865	20/388	22/386	-0.12278	0	0.904405
SRX3445685	TFs and others	TAL1	Blood	K-562	7513	20/388	22/386	-0.12278	0	0.904405
SRX4677292	TFs and others	FOXA2	Pancreas	CFPAC-1	13261	20/388	22/386	-0.12278	0	0.904405
SRX751299	TFs and others	MED1	Adipocyte	Adipose-Derived Mesenchymal Stem Cells	7341	20/388	22/386	-0.12278	0	0.904405
SRX8406426	TFs and others	AR	Prostate	Prostate	12851	20/388	22/386	-0.12278	0	0.904405
SRX971585	TFs and others	TP63	Epidermis	Keratinocytes	8349	20/388	22/386	-0.12278	0	0.904405
SRX150445	TFs and others	E2F4	Uterus	HeLa	2642	55/388	51/386	-0.122623	0	1.07287
SRX2007815	TFs and others	MEN1	Breast	MCF-7	2578	55/388	51/386	-0.122623	0	1.07287
ERX704034	TFs and others	CEBPB	Blood	HL-60	8007	23/388	20/386	-0.122591	0	1.14407
SRX1156472	TFs and others	GATA3	Breast	MDA-MB-231	4240	23/388	20/386	-0.122591	0	1.14407
SRX1477652	TFs and others	Epitope tags	Lung	MRC-5	7642	23/388	20/386	-0.122591	0	1.14407
SRX2355059	TFs and others	ERG	Cardiovascular	HAEC	1826	23/388	20/386	-0.122591	0	1.14407
SRX4931261	TFs and others	KMT2A	Breast	MCF-7	1147	23/388	20/386	-0.122591	0	1.14407
SRX5574383	TFs and others	SPI1	Blood	KG-1	7102	23/388	20/386	-0.122591	0	1.14407
SRX7214027	TFs and others	CREBBP	Epidermis	Keratinocytes	6617	23/388	20/386	-0.122591	0	1.14407
SRX8536119	TFs and others	NFYB	Blood	HUDEP-2	8252	120/388	115/386	-0.122151	0	1.0381
SRX3800331	TFs and others	STAG1	Others	RT-112	29027	268/388	271/386	-0.122151	0	0.983832
SRX116467	TFs and others	RBBP5	Pluripotent stem cell	hESC H1	7960	116/388	120/386	-0.122079	0	0.961684
SRX10881816	TFs and others	BRD9	Kidney	G-401	17965	271/388	265/386	-0.12176	0	1.01737
SRX3230400	TFs and others	SIX4	Liver	Hep G2	8105	56/388	52/386	-0.121552	0	1.07137
SRX6780893	TFs and others	CREB1	Pluripotent stem cell	iPS derived neural cells	5266	122/388	117/386	-0.121506	0	1.03736
SRX5574375	TFs and others	SPI1	Blood	Macrophages	36388	118/388	122/386	-0.121448	0	0.962227
SRX1067067	TFs and others	AR	Prostate	LHSAR	94683	124/388	119/386	-0.120887	0	1.03665
SRX327757	TFs and others	MED1	Blood	MM.1S	7085	124/388	119/386	-0.120887	0	1.03665
SRX150639	TFs and others	RFX5	Uterus	HeLa	18692	122/388	126/386	-0.120262	0	0.963263
ERX626856	TFs and others	SPI1	Blood	U-937	6787	21/388	23/386	-0.119894	0	0.908337
SRX5203307	TFs and others	FOXA1	Breast	MCF-7	15436	21/388	23/386	-0.119894	0	0.908337
SRX7262415	TFs and others	FOXA1	Others	Bladder cancer	7449	21/388	23/386	-0.119894	0	0.908337
SRX734339	TFs and others	CHD8	Breast	T-47D	19427	21/388	23/386	-0.119894	0	0.908337
SRX190198	TFs and others	ATF2	Pluripotent stem cell	hESC H1	5733	54/388	57/386	-0.119714	0	0.942485
SRX2140209	TFs and others	HDAC3	Blood	MM.1S	1572	24/388	21/386	-0.11971	0	1.13697
SRX5124866	TFs and others	FOXA1	Prostate	22Rv1	11778	24/388	21/386	-0.11971	0	1.13697
SRX7061828	TFs and others	BRD4	Blood	SEM	2806	24/388	21/386	-0.11971	0	1.13697
SRX8406307	TFs and others	HOXB13	Prostate	Prostate	15747	24/388	21/386	-0.11971	0	1.13697
SRX9607667	TFs and others	Biotin	Pluripotent stem cell	NTERA-2	1341	24/388	21/386	-0.11971	0	1.13697
SRX5574486	TFs and others	FLI1	Blood	CTV-1	17259	124/388	128/386	-0.119705	0	0.963756
SRX150400	TFs and others	MYC	Uterus	HeLa	11762	129/388	124/386	-0.119449	0	1.03496
SRX7054657	TFs and others	RELA	Cardiovascular	HAEC	27476	130/388	125/386	-0.119179	0	1.03464
SRX334238	TFs and others	E2F1	Unclassified	Unclassified	12609	262/388	256/386	-0.119172	0	1.01816
SRX1758505	TFs and others	NELFE	Breast	MCF-7	2536	55/388	58/386	-0.118739	0	0.943388
SRX5323829	TFs and others	FOXA1	Breast	T-47D	21438	59/388	55/386	-0.118538	0	1.0672
SRX5668135	TFs and others	KMT2A	Blood	IMS-M2	2753	59/388	55/386	-0.118538	0	1.0672
SRX9178818	TFs and others	HAP1	Blood	HAP1	12304	259/388	253/386	-0.118415	0	1.01844
SRX5075176	TFs and others	SMARCA4	Neural	Neural progenitor cells	38444	129/388	133/386	-0.118415	0	0.964925
SRX9975607	TFs and others	FLI1	Bone	A-673	22367	129/388	133/386	-0.118415	0	0.964925
SRX4677296	TFs and others	FOXA2	Pancreas	CFPAC-1	49686	134/388	129/386	-0.118156	0	1.03341
SRX5089551	TFs and others	BRD4	Breast	MCF-7	9212	134/388	129/386	-0.118156	0	1.03341
DRX234811	TFs and others	MEAF6	Kidney	293	13230	256/388	250/386	-0.117705	0	1.01872
SRX5574345	TFs and others	SPI1	Blood	Monocytes	32163	132/388	136/386	-0.117705	0	0.965585
SRX158111	TFs and others	TAL1	Blood	RPMI 8402	11091	22/388	24/386	-0.117211	0	0.911942
SRX259613	TFs and others	AML1-ETO	Blood	Kasumi-1	9062	22/388	24/386	-0.117211	0	0.911942
SRX7135407	TFs and others	TP63	Blood	K-562	4427	22/388	24/386	-0.117211	0	0.911942
SRX8037084	TFs and others	KLF5	Digestive tract	T.T	13060	135/388	139/386	-0.117042	0	0.966217
SRX016978	TFs and others	TP73	Bone	Saos-2	11878	25/388	22/386	-0.117031	0	1.13051
SRX064493	TFs and others	FOXH1	Pluripotent stem cell	hESC derived mesendodermal cells	14498	25/388	22/386	-0.117031	0	1.13051
SRX6853600	TFs and others	ARNT	Breast	MCF-7	1922	25/388	22/386	-0.117031	0	1.13051
SRX8406508	TFs and others	FOXA1	Prostate	Prostate	13196	25/388	22/386	-0.117031	0	1.13051
SRX8699712	TFs and others	INTS3	Digestive tract	DLD-1	1391	25/388	22/386	-0.117031	0	1.13051
SRX1521297	TFs and others	ZMYND8	Breast	ZR-75-30	6408	57/388	60/386	-0.116876	0	0.945103
SRX5323860	TFs and others	STAT3	Breast	MCF-7	23738	136/388	140/386	-0.116831	0	0.966421
SRX3229156	TFs and others	ESR1	Breast	Breast cancer	7156	61/388	57/386	-0.116677	0	1.06466
SRX4393711	TFs and others	RUNX1	Blood	ME-1	9235	61/388	57/386	-0.116677	0	1.06466
SRX5567179	TFs and others	RUNX1	Blood	ME-1	9235	61/388	57/386	-0.116677	0	1.06466
SRX7944505	TFs and others	ESR1	Uterus	Ishikawa	7806	61/388	57/386	-0.116677	0	1.06466
SRX5141098	TFs and others	SPI1	Blood	THP-1	63061	137/388	141/386	-0.116624	0	0.966623
SRX142908	TFs and others	FOXA1	Prostate	LNCAP	38852	58/388	61/386	-0.115986	0	0.945919
SRX3923528	TFs and others	FOXA1	Breast	ZR-75-1	30265	58/388	61/386	-0.115986	0	0.945919
SRX150593	TFs and others	ZNF143	Pluripotent stem cell	hESC H1	28407	144/388	139/386	-0.115963	0	1.03063
SRX9604650	TFs and others	FOXA1	Prostate	LNCAP	80325	144/388	139/386	-0.115963	0	1.03063
SRX656347	TFs and others	TCF3	Blood	ICN12	20913	62/388	58/386	-0.115788	0	1.06346
SRX150678	TFs and others	MYC	Blood	K-562	12840	146/388	141/386	-0.115582	0	1.03012
SRX4404391	TFs and others	MYCN	Prostate	LNCAP	13410	242/388	245/386	-0.115582	0	0.982664
SRX150721	TFs and others	UBTF	Blood	K-562	9889	143/388	147/386	-0.115484	0	0.967775
SRX5124036	TFs and others	FOXA1	Prostate	22Rv1	58308	144/388	148/386	-0.11531	0	0.967958
SRX5089554	TFs and others	BRD4	Breast	MCF-7	10139	148/388	143/386	-0.115219	0	1.02963
SRX356666	TFs and others	STAG1	Blood	GM19238	30463	145/388	149/386	-0.11514	0	0.968138
SRX1161177	TFs and others	FOXA1	Breast	MCF-7	31556	59/388	62/386	-0.115121	0	0.946708
SRX2355079	TFs and others	RELA	Cardiovascular	HAEC	9096	59/388	62/386	-0.115121	0	0.946708
SRX190298	TFs and others	TCF12	Uterus	ECC-1	17016	149/388	144/386	-0.115044	0	1.02939
SRX9932051	TFs and others	STAT5A	Breast	MCF-7	8740	146/388	150/386	-0.114975	0	0.968316
SRX11668228	TFs and others	CUX1	Blood	K-562	14642	63/388	59/386	-0.114924	0	1.06229
SRX190222	TFs and others	E2F6	Lung	A549	8848	150/388	145/386	-0.114873	0	1.02915
SRX5574461	TFs and others	SPI1	Blood	CTV-1	40626	150/388	145/386	-0.114873	0	1.02915
SRX9178813	TFs and others	HAP1	Blood	HAP1	6985	147/388	151/386	-0.114814	0	0.968492
SRX10913948	TFs and others	SP1	Epidermis	Dermal fibroblast	1299	23/388	25/386	-0.114708	0	0.915258
SRX190297	TFs and others	REST	Uterus	ECC-1	7110	23/388	25/386	-0.114708	0	0.915258
SRX1961155	TFs and others	ESR1	Breast	T-47D	5596	23/388	25/386	-0.114708	0	0.915258
SRX5089391	TFs and others	ARID1A	Breast	MCF-7	13044	23/388	25/386	-0.114708	0	0.915258
SRX194577	TFs and others	NR2F2	Breast	MCF-7	16455	151/388	146/386	-0.114707	0	1.02892
SRX028645	TFs and others	ELK4	Uterus	HeLa	1309	26/388	23/386	-0.114531	0	1.12461
SRX2900094	TFs and others	BAP1	Breast	CAL-51	1089	26/388	23/386	-0.114531	0	1.12461
SRX3636885	TFs and others	RELA	Kidney	Renal cell carcinoma	3369	26/388	23/386	-0.114531	0	1.12461
SRX5323825	TFs and others	FOXA1	Breast	T-47D	8319	26/388	23/386	-0.114531	0	1.12461
SRX8538839	TFs and others	KDM5A	Blood	NB-4	1216	26/388	23/386	-0.114531	0	1.12461
SRX9599287	TFs and others	REST	Kidney	293	2123	26/388	23/386	-0.114531	0	1.12461
SRX682376	TFs and others	ERG	Blood	TSU-1621MT	30363	153/388	148/386	-0.114387	0	1.02846
SRX7544090	TFs and others	ESR1	Uterus	Ishikawa	17830	150/388	154/386	-0.114355	0	0.969005
SRX6602363	TFs and others	ARNTL	Neural	Glioma stem cells	7860	151/388	155/386	-0.11421	0	0.969172
SRX2711485	TFs and others	USP7	Blood	Jurkat	16463	233/388	227/386	-0.113671	0	1.02114
SRX5574343	TFs and others	SPI1	Blood	Monocytes	37489	156/388	160/386	-0.113546	0	0.969974
SRX9178811	TFs and others	HAP1	Blood	HAP1	7183	159/388	154/386	-0.113526	0	1.02715
SRX3091904	TFs and others	ZNF711	Breast	MCF-7	2556	61/388	64/386	-0.113464	0	0.948212
SRX5931550	TFs and others	GATA1	Blood	HUDEP-2	26572	160/388	155/386	-0.113396	0	1.02694
SRX149660	TFs and others	CDK8	Digestive tract	HCT 116	14410	158/388	162/386	-0.113308	0	0.970281
SRX1961164	TFs and others	FOXA1	Breast	T-47D	19983	65/388	61/386	-0.113269	0	1.06008
SRX5574458	TFs and others	SPI1	Blood	CTV-1	16519	65/388	61/386	-0.113269	0	1.06008
SRX7196721	TFs and others	BMI1	Neural	SF8628	19935	229/388	223/386	-0.113195	0	1.02161
SRX100569	TFs and others	GABPA	Blood	K-562	11429	162/388	157/386	-0.113149	0	1.02653
SRX1672124	TFs and others	NR3C1	Lung	BEAS-2B	18400	66/388	62/386	-0.112476	0	1.05903
SRX8453140	TFs and others	AR	Blood	Lymph Nodes	34586	66/388	62/386	-0.112476	0	1.05903
SRX9178845	TFs and others	HAP1	Blood	HAP1	3175	66/388	62/386	-0.112476	0	1.05903
SRX11014590	TFs and others	CTCF	Bone	U2OS	6150	24/388	26/386	-0.112367	0	0.918319
SRX186616	TFs and others	ZMIZ1	Blood	K-562	5162	24/388	26/386	-0.112367	0	0.918319
SRX295036	TFs and others	MECP2	Lung	IMR-90	1425	24/388	26/386	-0.112367	0	0.918319
SRX351400	TFs and others	MYC	Bone	U2OS	1642	24/388	26/386	-0.112367	0	0.918319
SRX5342376	TFs and others	FOXL2	Gonad	SVOG-3e	9324	24/388	26/386	-0.112367	0	0.918319
SRX1272808	TFs and others	BRD4	Digestive tract	COLO 741	8894	170/388	165/386	-0.112307	0	1.02499
SRX3927307	TFs and others	SS18	Muscle	SYO-1	35274	218/388	221/386	-0.112307	0	0.981341
SRX334246	TFs and others	E2F1	Unclassified	Unclassified	10415	219/388	213/386	-0.112262	0	1.02287
SRX1555436	TFs and others	MITF	Epidermis	501A	23242	171/388	166/386	-0.112218	0	1.02481
SRX6867663	TFs and others	RUNX1	Pluripotent stem cell	hESC H9	2361	27/388	24/386	-0.112194	0	1.1192
SRX753143	TFs and others	GTF2I	Pluripotent stem cell	iPS cells	7116	27/388	24/386	-0.112194	0	1.1192
SRX026265	TFs and others	GATA6	Digestive tract	Caco-2	4888	5/388	6/386	-0.112182	0	0.829038
SRX041291	TFs and others	STAT5A	Blood	T cells	444	5/388	6/386	-0.112182	0	0.829038
SRX095395	TFs and others	MYC	Blood	BLUE-1	388	5/388	6/386	-0.112182	0	0.829038
SRX100261	TFs and others	CREBBP	Breast	H3396	3896	5/388	6/386	-0.112182	0	0.829038
SRX1012741	TFs and others	ESR1	Breast	MCF-7	1135	5/388	6/386	-0.112182	0	0.829038
SRX10881851	TFs and others	ARID1A	Kidney	G-401	2203	5/388	6/386	-0.112182	0	0.829038
SRX1304580	TFs and others	LYL1	Blood	NB-4	3008	5/388	6/386	-0.112182	0	0.829038
SRX2009525	TFs and others	EZH2	Neural	Diffuse intrinsic pontine glioma	901	5/388	6/386	-0.112182	0	0.829038
SRX2533044	TFs and others	SIRT1	Blood	K-562	3533	5/388	6/386	-0.112182	0	0.829038
SRX2545053	TFs and others	HOXB13	Prostate	LNCAP	8725	5/388	6/386	-0.112182	0	0.829038
SRX2548284	TFs and others	BATF3	Blood	KK1	2965	5/388	6/386	-0.112182	0	0.829038
SRX328778	TFs and others	GATA6	Digestive tract	LS-174T	1610	5/388	6/386	-0.112182	0	0.829038
SRX3366953	TFs and others	FOXA1	Prostate	LNCAP	3299	5/388	6/386	-0.112182	0	0.829038
SRX3401284	TFs and others	TRPS1	Breast	T-47D	3099	5/388	6/386	-0.112182	0	0.829038
SRX3450327	TFs and others	RXRA	Others	JMSU1	2568	5/388	6/386	-0.112182	0	0.829038
SRX3474298	TFs and others	TRIM28	Prostate	LNCAP	2687	5/388	6/386	-0.112182	0	0.829038
SRX361886	TFs and others	RAD21	Digestive tract	LoVo	3285	5/388	6/386	-0.112182	0	0.829038
SRX3721451	TFs and others	TP53	Bone	U2OS	1394	5/388	6/386	-0.112182	0	0.829038
SRX392791	TFs and others	REST	Blood	GM12878	1281	5/388	6/386	-0.112182	0	0.829038
SRX3946908	TFs and others	MED1	Others	Mesenchymal stem cells	4074	5/388	6/386	-0.112182	0	0.829038
SRX4174970	TFs and others	PPARG	Adipocyte	Adipocytes	3458	5/388	6/386	-0.112182	0	0.829038
SRX425253	TFs and others	BRD4	Cardiovascular	HUVEC	1693	5/388	6/386	-0.112182	0	0.829038
SRX4650910	TFs and others	RNF2	Kidney	293	471	5/388	6/386	-0.112182	0	0.829038
SRX4650931	TFs and others	RNF2	Kidney	293	625	5/388	6/386	-0.112182	0	0.829038
SRX4650936	TFs and others	SUZ12	Kidney	293	655	5/388	6/386	-0.112182	0	0.829038
SRX4650948	TFs and others	RNF2	Kidney	293	633	5/388	6/386	-0.112182	0	0.829038
SRX4650956	TFs and others	SUZ12	Kidney	293	723	5/388	6/386	-0.112182	0	0.829038
SRX4650966	TFs and others	RNF2	Kidney	293	684	5/388	6/386	-0.112182	0	0.829038
SRX502065	TFs and others	AR	Prostate	Prostate cancer	4996	5/388	6/386	-0.112182	0	0.829038
SRX5089386	TFs and others	ARID1A	Breast	MCF-7	4586	5/388	6/386	-0.112182	0	0.829038
SRX5126613	TFs and others	CTCF	Epidermis	Dombi23	1127	5/388	6/386	-0.112182	0	0.829038
SRX5299355	TFs and others	CBX7	Kidney	293	524	5/388	6/386	-0.112182	0	0.829038
SRX5730049	TFs and others	SMC3	Pluripotent stem cell	ES cells	2180	5/388	6/386	-0.112182	0	0.829038
SRX5822372	TFs and others	AML1-ETO	Blood	Kasumi-1	2637	5/388	6/386	-0.112182	0	0.829038
SRX702127	TFs and others	TAL1	Pluripotent stem cell	hESC derived mesendodermal cells	601	5/388	6/386	-0.112182	0	0.829038
SRX7031583	TFs and others	EGR1	Blood	Monocytes	572	5/388	6/386	-0.112182	0	0.829038
SRX7282934	TFs and others	ESR1	Breast	ZR-75-1	3257	5/388	6/386	-0.112182	0	0.829038
SRX7282935	TFs and others	ESR1	Breast	ZR-75-1	3341	5/388	6/386	-0.112182	0	0.829038
SRX730428	TFs and others	NCAPG	Breast	MCF-7	1659	5/388	6/386	-0.112182	0	0.829038
SRX7677737	TFs and others	NCBP1	Digestive tract	DLD-1	587	5/388	6/386	-0.112182	0	0.829038
SRX8406445	TFs and others	AR	Prostate	Prostate	4958	5/388	6/386	-0.112182	0	0.829038
SRX8616799	TFs and others	JUN	Lung	A549	2929	5/388	6/386	-0.112182	0	0.829038
SRX9555220	TFs and others	SUZ12	Kidney	293	781	5/388	6/386	-0.112182	0	0.829038
SRX9932069	TFs and others	HDAC6	Breast	MCF-7	2731	5/388	6/386	-0.112182	0	0.829038
SRX5574485	TFs and others	ETS1	Blood	CTV-1	21997	172/388	167/386	-0.112133	0	1.02463
SRX016029	TFs and others	RB1	Lung	IMR-90	4236	7/388	5/386	-0.112014	0	1.39278
SRX027915	TFs and others	RELA	Uterus	HeLa	662	7/388	5/386	-0.112014	0	1.39278
SRX059711	TFs and others	HDAC2	Prostate	VCaP	502	7/388	5/386	-0.112014	0	1.39278
SRX1070160	TFs and others	AR	Breast	MDA-MB-453	7624	7/388	5/386	-0.112014	0	1.39278
SRX150550	TFs and others	STAT1	Blood	K-562	729	7/388	5/386	-0.112014	0	1.39278
SRX150566	TFs and others	STAT1	Blood	K-562	1491	7/388	5/386	-0.112014	0	1.39278
SRX1514974	TFs and others	GFP	Kidney	293	1140	7/388	5/386	-0.112014	0	1.39278
SRX155757	TFs and others	HSF1	Lung	NCI-H838	659	7/388	5/386	-0.112014	0	1.39278
SRX159090	TFs and others	FOXA1	Liver	HuH-7	3176	7/388	5/386	-0.112014	0	1.39278
SRX2009523	TFs and others	SUZ12	Neural	Diffuse intrinsic pontine glioma	1073	7/388	5/386	-0.112014	0	1.39278
SRX205164	TFs and others	TAL1	Blood	Erythroid Cells	2530	7/388	5/386	-0.112014	0	1.39278
SRX235608	TFs and others	SMC3	Kidney	293	1878	7/388	5/386	-0.112014	0	1.39278
SRX248766	TFs and others	ASF1A	Uterus	HeLa	936	7/388	5/386	-0.112014	0	1.39278
SRX2897219	TFs and others	ESR1	Breast	Breast cancer cells	428	7/388	5/386	-0.112014	0	1.39278
SRX4212576	TFs and others	EZH2	Blood	Peripheral blood mononuclear cells	1270	7/388	5/386	-0.112014	0	1.39278
SRX4650985	TFs and others	RNF2	Kidney	293	510	7/388	5/386	-0.112014	0	1.39278
SRX4901021	TFs and others	KDM1A	Blood	SET-2	677	7/388	5/386	-0.112014	0	1.39278
SRX5026354	TFs and others	BRD4	Adipocyte	402-91	761	7/388	5/386	-0.112014	0	1.39278
SRX5062485	TFs and others	SUPT5H	Bone	U2OS	647	7/388	5/386	-0.112014	0	1.39278
SRX5126619	TFs and others	CTCF	Epidermis	Keratinocytes	1071	7/388	5/386	-0.112014	0	1.39278
SRX5195711	TFs and others	ARID1A	Uterus	Endometrial epithelial cells	3483	7/388	5/386	-0.112014	0	1.39278
SRX5323930	TFs and others	ESR1	Breast	Breast cancer cells	3093	7/388	5/386	-0.112014	0	1.39278
SRX5574341	TFs and others	SPI1	Blood	B cells	1276	7/388	5/386	-0.112014	0	1.39278
SRX5771664	TFs and others	SOX2	Gonad	N2102Ep	7783	7/388	5/386	-0.112014	0	1.39278
SRX5801453	TFs and others	STAT3	Blood	Th2 Cells	1569	7/388	5/386	-0.112014	0	1.39278
SRX5930115	TFs and others	NCOR2	Blood	Acute myeloid leukemia	1874	7/388	5/386	-0.112014	0	1.39278
SRX6487038	TFs and others	FOXA1	Breast	MCF-7	2165	7/388	5/386	-0.112014	0	1.39278
SRX8246295	TFs and others	FGFR1	Breast	MCF-7	775	7/388	5/386	-0.112014	0	1.39278
SRX8468848	TFs and others	IRF4	Blood	B cells	3468	7/388	5/386	-0.112014	0	1.39278
SRX9600664	TFs and others	G-quadruplex	Blood	K-562	417	7/388	5/386	-0.112014	0	1.39278
SRX9621853	TFs and others	GFP	Kidney	293	2864	7/388	5/386	-0.112014	0	1.39278
SRX9674297	TFs and others	NR3C1	Pluripotent stem cell	iPSC derived hepatocytes	4273	7/388	5/386	-0.112014	0	1.39278
SRX9975599	TFs and others	PPP2R1A	Uterus	HeLa	1650	7/388	5/386	-0.112014	0	1.39278
SRX4708107	TFs and others	RBM25	Liver	Hep G2	32999	174/388	178/386	-0.111928	0	0.972489
SRX5234499	TFs and others	SMARCA4	Kidney	TTC1240	29006	176/388	171/386	-0.111827	0	1.02393
SRX3798683	TFs and others	MYCN	Neural	SH-EP	14258	179/388	183/386	-0.111679	0	0.9731
SRX327755	TFs and others	MED1	Blood	MM.1S	17194	208/388	202/386	-0.11164	0	1.0244
SRX150628	TFs and others	IRF1	Blood	K-562	9693	180/388	184/386	-0.11164	0	0.973218
SRX9550865	TFs and others	FOXA1	Prostate	Prostate cancer	61321	180/388	184/386	-0.11164	0	0.973218
SRX4473693	TFs and others	ARID2	Gonad	BIN-67	7514	182/388	186/386	-0.11157	0	0.973451
SRX190307	TFs and others	SRF	Digestive tract	HCT 116	19688	205/388	199/386	-0.111541	0	1.02484
SRX7692447	TFs and others	POLR2C	Breast	MCF-7	9372	200/388	194/386	-0.111442	0	1.02561
SRX356783	TFs and others	STAG1	Blood	Lymphoblastoid cell line	34931	186/388	181/386	-0.1113	0	1.02233
SRX5576993	TFs and others	CRTC2	Lung	A549	17175	324/388	319/386	-0.111146	0	1.01044
SRX5574392	TFs and others	SPI1	Blood	THP-1	76189	192/388	187/386	-0.111143	0	1.02145
SRX026635	TFs and others	TCF12	Blood	Kasumi-1	11096	68/388	64/386	-0.110954	0	1.05702
SRX2982413	TFs and others	FOXA1	Uterus	Ishikawa	15659	68/388	64/386	-0.110954	0	1.05702
SRX190284	TFs and others	USF1	Lung	A549	6137	65/388	68/386	-0.110415	0	0.950955
SRX8018228	TFs and others	CPSF3	Kidney	293	3897	65/388	68/386	-0.110415	0	0.950955
SRX100382	TFs and others	PAX5	Blood	GM12891	3467	25/388	27/386	-0.110172	0	0.921153
SRX359410	TFs and others	CREBBP	Kidney	293	1265	25/388	27/386	-0.110172	0	0.921153
SRX4518423	TFs and others	BRD4	Prostate	LNCAP	1982	25/388	27/386	-0.110172	0	0.921153
SRX092306	TFs and others	FOS	Blood	K-562	8164	28/388	25/386	-0.110001	0	1.11423
SRX2901939	TFs and others	ESR1	Uterus	Ishikawa	2230	28/388	25/386	-0.110001	0	1.11423
SRX6913049	TFs and others	BRD4	Blood	THP-1	1892	28/388	25/386	-0.110001	0	1.11423
SRX8406310	TFs and others	HOXB13	Prostate	Prostatic Neoplasms, Castration-Resistant	11952	28/388	25/386	-0.110001	0	1.11423
SRX1787656	TFs and others	GRHL2	Breast	MCF-7	22840	66/388	69/386	-0.109703	0	0.951591
SRX7398059	TFs and others	FOXA1	Prostate	LNCAP	36904	66/388	69/386	-0.109703	0	0.951591
SRX150479	TFs and others	STAT3	Breast	MCF 10A	28660	70/388	66/386	-0.109512	0	1.05514
SRX4179959	TFs and others	TP63	Pancreas	BxPC-3	31586	70/388	66/386	-0.109512	0	1.05514
SRX2207670	TFs and others	RBPJ	Cardiovascular	HUVEC	17462	67/388	70/386	-0.10901	0	0.952209
SRX5574379	TFs and others	SPI1	Blood	EM-3	19722	67/388	70/386	-0.10901	0	0.952209
SRX573028	TFs and others	AFF4	Uterus	HeLa	4520	71/388	67/386	-0.10882	0	1.05424
ERX200494	TFs and others	CTCF	Blood	B cells	4898	26/388	28/386	-0.108108	0	0.923785
SRX1885196	TFs and others	PIAS1	Prostate	LNCAP	16652	26/388	28/386	-0.108108	0	0.923785
SRX3346352	TFs and others	RELA	Kidney	786-O	2362	26/388	28/386	-0.108108	0	0.923785
SRX7368251	TFs and others	MITF	Epidermis	Hermes 3C	5111	26/388	28/386	-0.108108	0	0.923785
SRX8616841	TFs and others	JUNB	Lung	A549	10406	26/388	28/386	-0.108108	0	0.923785
SRX3445669	TFs and others	TAL1	Blood	K-562	10510	29/388	26/386	-0.10794	0	1.10964
SRX5172064	TFs and others	SMARCC1	Breast	MCF-7	3113	29/388	26/386	-0.10794	0	1.10964
SRX5286324	TFs and others	NANOG	Pluripotent stem cell	ES cells	18930	29/388	26/386	-0.10794	0	1.10964
SRX8376367	TFs and others	ONECUT1	Pluripotent stem cell	hESC derived pancreatic cells	20455	69/388	72/386	-0.107676	0	0.953393
SRX100583	TFs and others	BATF	Blood	GM12878	28200	70/388	73/386	-0.107034	0	0.953961
SRX190233	TFs and others	CEBPD	Liver	Hep G2	5908	71/388	74/386	-0.106409	0	0.954514
SRX3584203	TFs and others	CEBPB	Gonad	Epididymis	17076	71/388	74/386	-0.106409	0	0.954514
SRX9317687	TFs and others	SMARCC2	Blood	Fujioka	5997	71/388	74/386	-0.106409	0	0.954514
SRX5323866	TFs and others	STAT3	Breast	MCF-7	8649	75/388	71/386	-0.106221	0	1.05089
SRX1819612	TFs and others	KDM5D	Prostate	DU 145	3370	27/388	29/386	-0.106163	0	0.926235
SRX2731778	TFs and others	CTCF	Neural	Neuroblastoma	5097	27/388	29/386	-0.106163	0	0.926235
SRX6441751	TFs and others	FOXA2	Pancreas	CFPAC-1	16098	27/388	29/386	-0.106163	0	0.926235
SRX7262407	TFs and others	FOXA1	Others	Bladder cancer	9214	27/388	29/386	-0.106163	0	0.926235
SRX8406527	TFs and others	FOXA1	Prostate	Prostatic Neoplasms, Castration-Resistant	18361	30/388	27/386	-0.105999	0	1.10538
SRX334262	TFs and others	E2F1	Unclassified	Unclassified	3368	72/388	75/386	-0.105799	0	0.955052
SRX3868792	TFs and others	REST	Digestive tract	Colorectal cancer organoid	10615	73/388	76/386	-0.105203	0	0.955575
SRX5234501	TFs and others	SMARCC1	Kidney	TTC1240	12981	73/388	76/386	-0.105203	0	0.955575
SRX1047416	TFs and others	SOX2	Pluripotent stem cell	hESC derived neural cells	33236	77/388	73/386	-0.105017	0	1.04936
SRX9419934	TFs and others	MED1	Breast	SK-BR-3	10517	74/388	77/386	-0.104623	0	0.956085
SRX11014591	TFs and others	CTCF	Bone	U2OS	6488	28/388	30/386	-0.104327	0	0.928522
SRX1597599	TFs and others	STAT3	Others	FaDu	5221	28/388	30/386	-0.104327	0	0.928522
SRX456683	TFs and others	GFP	Blood	K-562	1624	28/388	30/386	-0.104327	0	0.928522
SRX7570799	TFs and others	FOXO1	Blood	SU-DHL-4	4448	28/388	30/386	-0.104327	0	0.928522
SRX1011298	TFs and others	TEAD1	Liver	HuCCT1	13634	31/388	28/386	-0.104165	0	1.10144
SRX334254	TFs and others	E2F1	Unclassified	Unclassified	1425	31/388	28/386	-0.104165	0	1.10144
SRX250093	TFs and others	FOXA1	Breast	MDA-MB-453	62978	313/388	308/386	-0.104056	0	1.011
SRX3931055	TFs and others	FOXA1	Breast	MCF-7	29937	75/388	78/386	-0.104056	0	0.956582
SRX4001483	TFs and others	BRD2	Lung	NCI-H23	4542	79/388	75/386	-0.103871	0	1.0479
SRX4116561	TFs and others	FOXP1	Blood	B cells	8097	79/388	75/386	-0.103871	0	1.0479
SRX017701	TFs and others	KAT8	Blood	CD4+ T cells	386	6/388	7/386	-0.103286	0	0.852725
SRX10271388	TFs and others	NR3C1	Pluripotent stem cell	iPSC derived hepatocytes	3635	6/388	7/386	-0.103286	0	0.852725
SRX10721428	TFs and others	Epitope tags	Breast	MCF-7	3355	6/388	7/386	-0.103286	0	0.852725
SRX10721429	TFs and others	Epitope tags	Breast	MCF-7	3939	6/388	7/386	-0.103286	0	0.852725
SRX1136629	TFs and others	GTF2B	Uterus	HeLa	792	6/388	7/386	-0.103286	0	0.852725
SRX1261523	TFs and others	SMC3	Blood	TF-1	2055	6/388	7/386	-0.103286	0	0.852725
SRX149714	TFs and others	SCML2	Blood	K-562	431	6/388	7/386	-0.103286	0	0.852725
SRX150454	TFs and others	NR2C2	Blood	K-562	305	6/388	7/386	-0.103286	0	0.852725
SRX1709977	TFs and others	PGR	Breast	T-47D	3155	6/388	7/386	-0.103286	0	0.852725
SRX1967783	TFs and others	SMC1A	Epidermis	Keratinocytes	1229	6/388	7/386	-0.103286	0	0.852725
SRX2023721	TFs and others	TBX5	Pluripotent stem cell	iPS derived cardiac cells	2649	6/388	7/386	-0.103286	0	0.852725
SRX2510825	TFs and others	NELFA	Uterus	HeLa	662	6/388	7/386	-0.103286	0	0.852725
SRX277135	TFs and others	TP63	Digestive tract	T.T	1786	6/388	7/386	-0.103286	0	0.852725
SRX2871352	TFs and others	GATA3	Breast	T-47D	1756	6/388	7/386	-0.103286	0	0.852725
SRX2924015	TFs and others	TP53	Breast	MCF-7	1746	6/388	7/386	-0.103286	0	0.852725
SRX368849	TFs and others	CDK8	Blood	MM.1S	2411	6/388	7/386	-0.103286	0	0.852725
SRX4398450	TFs and others	MYB	Blood	THP-1	2910	6/388	7/386	-0.103286	0	0.852725
SRX4650927	TFs and others	RNF2	Kidney	293	795	6/388	7/386	-0.103286	0	0.852725
SRX5089525	TFs and others	SMARCA4	Breast	MCF-7	1339	6/388	7/386	-0.103286	0	0.852725
SRX6487042	TFs and others	FOXA1	Breast	MCF-7	3653	6/388	7/386	-0.103286	0	0.852725
SRX7030880	TFs and others	EHMT2	Breast	MCF-7	2305	6/388	7/386	-0.103286	0	0.852725
SRX8616965	TFs and others	TET2	Breast	MCF-7	2113	6/388	7/386	-0.103286	0	0.852725
SRX9046306	TFs and others	JUNB	Breast	MCF-7	645	6/388	7/386	-0.103286	0	0.852725
SRX9426432	TFs and others	Epitope tags	Blood	RAMOS	1644	6/388	7/386	-0.103286	0	0.852725
SRX9555217	TFs and others	SUZ12	Kidney	293	827	6/388	7/386	-0.103286	0	0.852725
ERX626807	TFs and others	SPI1	Blood	U-937	1720	8/388	6/386	-0.103133	0	1.32646
ERX626876	TFs and others	SPI1	Blood	HL-60	1583	8/388	6/386	-0.103133	0	1.32646
SRX1177903	TFs and others	TRIM28	Digestive tract	HCT 116	954	8/388	6/386	-0.103133	0	1.32646
SRX150625	TFs and others	IRF1	Blood	K-562	887	8/388	6/386	-0.103133	0	1.32646
SRX212440	TFs and others	ETS1	Blood	CD4+ T cells	973	8/388	6/386	-0.103133	0	1.32646
SRX2188679	TFs and others	BRCA1	Bone	EWS502	531	8/388	6/386	-0.103133	0	1.32646
SRX3001606	TFs and others	FOXA1	Unclassified	Unclassified	3873	8/388	6/386	-0.103133	0	1.32646
SRX3098189	TFs and others	CEBPA	Blood	SKH1	2667	8/388	6/386	-0.103133	0	1.32646
SRX3229177	TFs and others	FOXA1	Breast	Breast cancer	4780	8/388	6/386	-0.103133	0	1.32646
SRX4062883	TFs and others	FOXA1	Prostate	LNCAP	7252	8/388	6/386	-0.103133	0	1.32646
SRX469460	TFs and others	EBF1	Adipocyte	Adipose stromal cell	1186	8/388	6/386	-0.103133	0	1.32646
SRX4797397	TFs and others	LMNA	Cardiovascular	Myocytes, Cardiac	9297	8/388	6/386	-0.103133	0	1.32646
SRX5316113	TFs and others	O-GlcNAc	Prostate	PC-3	808	8/388	6/386	-0.103133	0	1.32646
SRX5525789	TFs and others	MYCN	Neural	SH-EP	2471	8/388	6/386	-0.103133	0	1.32646
SRX702031	TFs and others	KLF5	Pluripotent stem cell	hESC HUES64	447	8/388	6/386	-0.103133	0	1.32646
SRX7735437	TFs and others	KDM1A	Blood	HEL	3030	8/388	6/386	-0.103133	0	1.32646
SRX9281789	TFs and others	SUZ12	Kidney	293	609	8/388	6/386	-0.103133	0	1.32646
SRX2529721	TFs and others	Epitope tags	Pluripotent stem cell	hESC H1	37955	29/388	31/386	-0.10259	0	0.930662
SRX4116009	TFs and others	FOXA1	Prostate	Prostate cancer cells	15582	29/388	31/386	-0.10259	0	0.930662
SRX488718	TFs and others	Epitope tags	Kidney	293	2782	29/388	31/386	-0.10259	0	0.930662
SRX5124856	TFs and others	FOXA1	Prostate	22Rv1	10978	29/388	31/386	-0.10259	0	0.930662
SRX5289964	TFs and others	NR3C1	Lung	BEAS-2B	3800	29/388	31/386	-0.10259	0	0.930662
SRX6435392	TFs and others	SUPT5H	Kidney	293	1575	29/388	31/386	-0.10259	0	0.930662
SRX8406518	TFs and others	FOXA1	Prostate	Prostatic Neoplasms, Castration-Resistant	16396	29/388	31/386	-0.10259	0	0.930662
SRX9298951	TFs and others	NR3C1	Lung	Lung cancer cell line	18478	29/388	31/386	-0.10259	0	0.930662
SRX5574373	TFs and others	SPI1	Blood	Monocytes	15801	78/388	81/386	-0.102435	0	0.957999
SRX7565922	TFs and others	CTCF	Gonad	A2780	4579	32/388	29/386	-0.102431	0	1.09776
SRX150664	TFs and others	FOS	Cardiovascular	HUVEC	33440	82/388	78/386	-0.102251	0	1.04586
SRX150490	TFs and others	MYC	Blood	K-562	5967	79/388	82/386	-0.10192	0	0.958449
SRX8406515	TFs and others	FOXA1	Prostate	Prostate	26434	83/388	79/386	-0.101736	0	1.04522
SRX3931058	TFs and others	GRHL2	Breast	MCF-7	22680	80/388	83/386	-0.101416	0	0.958887
ERX1276009	TFs and others	CTCF	Blood	UT-7	4269	30/388	32/386	-0.100945	0	0.932668
SRX065547	TFs and others	TRIM28	Kidney	293	6338	30/388	32/386	-0.100945	0	0.932668
SRX360020	TFs and others	CTCF	Digestive tract	LoVo	5752	30/388	32/386	-0.100945	0	0.932668
SRX4802340	TFs and others	ARNT	Kidney	HKC8	5475	30/388	32/386	-0.100945	0	0.932668
SRX5146789	TFs and others	TCF21	Cardiovascular	HCASMC	8017	30/388	32/386	-0.100945	0	0.932668
SRX1515052	TFs and others	GFP	Kidney	293	4516	81/388	84/386	-0.100924	0	0.959315
SRX502063	TFs and others	AR	Prostate	Prostate cancer	13407	33/388	30/386	-0.100788	0	1.09433
SRX514845	TFs and others	TP63	Epidermis	Keratinocytes	11992	33/388	30/386	-0.100788	0	1.09433
SRX7981736	TFs and others	EP300	Prostate	Prostate cancer	2074	33/388	30/386	-0.100788	0	1.09433
SRX8520793	TFs and others	STAT3	Breast	HCC1187	10646	33/388	30/386	-0.100788	0	1.09433
SRX3703140	TFs and others	MEF2B	Blood	B cells	16590	86/388	82/386	-0.100261	0	1.04337
SRX1091543	TFs and others	EP300	Pluripotent stem cell	hESC derived neural crests	14401	83/388	86/386	-0.0999738	0	0.960141
SRX5709753	TFs and others	CTCF	Breast	MCF-7	3685	87/388	83/386	-0.0997918	0	1.04279
SRX5600898	TFs and others	OLIG2	Neural	Prefrontal Cortex	3765	84/388	87/386	-0.0995145	0	0.96054
SRX022433	TFs and others	PHF8	Uterus	HeLa	2110	31/388	33/386	-0.0993828	0	0.934552
SRX2708811	TFs and others	INO80	Liver	Hep G2	1428	31/388	33/386	-0.0993828	0	0.934552
SRX4547416	TFs and others	CTCF	Breast	FULVR	3436	31/388	33/386	-0.0993828	0	0.934552
SRX668348	TFs and others	GFP	Kidney	293	1610	31/388	33/386	-0.0993828	0	0.934552
SRX7054672	TFs and others	RELA	Cardiovascular	HAEC	7638	31/388	33/386	-0.0993828	0	0.934552
SRX7054622	TFs and others	RELA	Cardiovascular	HAEC	14052	88/388	84/386	-0.0993327	0	1.04222
SRX1873455	TFs and others	PAF1	Blood	SEM	2618	34/388	31/386	-0.0992282	0	1.09112
SRX2871338	TFs and others	ESR1	Breast	T-47D	7033	34/388	31/386	-0.0992282	0	1.09112
SRX8588625	TFs and others	SMARCA4	Cardiovascular	Pulmonary artery endothelial cells	21688	34/388	31/386	-0.0992282	0	1.09112
SRX1304579	TFs and others	JMJD1C	Blood	NB-4	19820	86/388	89/386	-0.0986261	0	0.961311
SRX2339193	TFs and others	CREBBP	Blood	B cells	11914	86/388	89/386	-0.0986261	0	0.961311
SRX5938177	TFs and others	RELA	Others	FaDu	23502	86/388	89/386	-0.0986261	0	0.961311
SRX5574348	TFs and others	SPI1	Blood	Neutrophils	25605	90/388	86/386	-0.0984449	0	1.04112
SRX2584127	TFs and others	HIF1A	Epidermis	501A	2511	32/388	34/386	-0.0978979	0	0.936325
SRX2745846	TFs and others	Epitope tags	Breast	MCF 10A	20807	32/388	34/386	-0.0978979	0	0.936325
SRX736204	TFs and others	BRD4	Neural	90-8TL	3508	32/388	34/386	-0.0978979	0	0.936325
SRX752908	TFs and others	FOXA1	Prostate	LNCAP	53177	88/388	91/386	-0.0977764	0	0.962048
SRX6435404	TFs and others	SUPT5H	Kidney	293	1627	35/388	32/386	-0.0977454	0	1.08811
SRX1538763	TFs and others	NR1H3	Digestive tract	HT-29	20831	92/388	88/386	-0.0975956	0	1.04007
SRX5574489	TFs and others	SMARCA4	Blood	CTV-1	12252	90/388	93/386	-0.0969631	0	0.962754
SRX129068	TFs and others	MYC	Blood	P493-6	5463	94/388	90/386	-0.0967828	0	1.03906
SRX7493848	TFs and others	TP63	Digestive tract	KYSE-140	11176	33/388	35/386	-0.0964842	0	0.937997
ERX704044	TFs and others	RAD21	Blood	HL-60	3340	7/388	8/386	-0.0962005	0	0.87049
SRX039137	TFs and others	FOXA1	Breast	MCF-7	3135	7/388	8/386	-0.0962005	0	0.87049
SRX1034771	TFs and others	ARNTL	Bone	U2OS	822	7/388	8/386	-0.0962005	0	0.87049
SRX10407085	TFs and others	SOX2	Digestive tract	KYSE-70	1801	7/388	8/386	-0.0962005	0	0.87049
SRX1048491	TFs and others	MEF2B	Blood	SU-DHL-4	3242	7/388	8/386	-0.0962005	0	0.87049
SRX10634383	TFs and others	YAP1	Epidermis	Keratinocytes	4787	7/388	8/386	-0.0962005	0	0.87049
SRX130604	TFs and others	NCOR1	Blood	OCI-LY1	2466	7/388	8/386	-0.0962005	0	0.87049
SRX1514924	TFs and others	GFP	Kidney	293	1267	7/388	8/386	-0.0962005	0	0.87049
SRX1548205	TFs and others	E2F1	Cardiovascular	Wharton Jelly	659	7/388	8/386	-0.0962005	0	0.87049
SRX2570612	TFs and others	SMC1A	Blood	HAP1	2457	7/388	8/386	-0.0962005	0	0.87049
SRX2915389	TFs and others	PGR	Breast	T-47D	3235	7/388	8/386	-0.0962005	0	0.87049
SRX317609	TFs and others	JARID2	Pluripotent stem cell	iPS cells	1063	7/388	8/386	-0.0962005	0	0.87049
SRX3229175	TFs and others	FOXA1	Breast	Breast cancer	2763	7/388	8/386	-0.0962005	0	0.87049
SRX353808	TFs and others	MYC	Blood	P493-6	819	7/388	8/386	-0.0962005	0	0.87049
SRX360579	TFs and others	REST	Digestive tract	GP5d	1961	7/388	8/386	-0.0962005	0	0.87049
SRX4802348	TFs and others	HIF1A	Kidney	RCC4	1105	7/388	8/386	-0.0962005	0	0.87049
SRX5089414	TFs and others	SMARCA4	Breast	MCF-7	3609	7/388	8/386	-0.0962005	0	0.87049
SRX5299347	TFs and others	PCGF2	Kidney	293	897	7/388	8/386	-0.0962005	0	0.87049
SRX5822374	TFs and others	AML1-ETO	Blood	Kasumi-1	3458	7/388	8/386	-0.0962005	0	0.87049
SRX595678	TFs and others	FOXA1	Prostate	VCaP	5773	7/388	8/386	-0.0962005	0	0.87049
SRX6487048	TFs and others	FOXA1	Breast	MCF-7	4570	7/388	8/386	-0.0962005	0	0.87049
SRX7262419	TFs and others	FOXA1	Others	Bladder cancer	3996	7/388	8/386	-0.0962005	0	0.87049
SRX7695552	TFs and others	TEAD4	Lung	NCI-H209	6501	7/388	8/386	-0.0962005	0	0.87049
SRX7807109	TFs and others	TEAD4	Unclassified	Unclassified	1860	7/388	8/386	-0.0962005	0	0.87049
SRX8406417	TFs and others	AR	Prostate	Prostate	4158	7/388	8/386	-0.0962005	0	0.87049
SRX8406448	TFs and others	AR	Prostate	Prostate	7072	7/388	8/386	-0.0962005	0	0.87049
SRX8406539	TFs and others	HOXB13	Prostate	Prostate	4653	7/388	8/386	-0.0962005	0	0.87049
SRX8616848	TFs and others	JUNB	Lung	A549	2931	7/388	8/386	-0.0962005	0	0.87049
SRX8616961	TFs and others	ESR1	Breast	MCF-7	2889	7/388	8/386	-0.0962005	0	0.87049
SRX016032	TFs and others	RB1	Lung	IMR-90	3623	9/388	7/386	-0.0960587	0	1.27909
SRX065554	TFs and others	TRIM28	Bone	U2OS	2742	9/388	7/386	-0.0960587	0	1.27909
SRX083221	TFs and others	FOXA1	Prostate	LNCAP	6705	9/388	7/386	-0.0960587	0	1.27909
SRX1515065	TFs and others	GFP	Kidney	293	8576	9/388	7/386	-0.0960587	0	1.27909
SRX1548208	TFs and others	E2F1	Cardiovascular	Wharton Jelly	614	9/388	7/386	-0.0960587	0	1.27909
SRX243764	TFs and others	PAX5	Blood	L-428	2692	9/388	7/386	-0.0960587	0	1.27909
SRX266863	TFs and others	NANOG	Pluripotent stem cell	hESC HUES64	9252	9/388	7/386	-0.0960587	0	1.27909
SRX2912067	TFs and others	ESR1	Breast	MCF-7	918	9/388	7/386	-0.0960587	0	1.27909
SRX2913026	TFs and others	FLI1	Bone	A-673	5040	9/388	7/386	-0.0960587	0	1.27909
SRX3240997	TFs and others	MED1	Others	Mesenchymal stem cells	6509	9/388	7/386	-0.0960587	0	1.27909
SRX377963	TFs and others	CHD4	Neural	Glioblastoma	1552	9/388	7/386	-0.0960587	0	1.27909
SRX3946920	TFs and others	MED1	Others	Mesenchymal stem cells	6538	9/388	7/386	-0.0960587	0	1.27909
SRX4096886	TFs and others	TRPS1	Breast	HCC3153	5155	9/388	7/386	-0.0960587	0	1.27909
SRX4650908	TFs and others	RNF2	Kidney	293	813	9/388	7/386	-0.0960587	0	1.27909
SRX5887621	TFs and others	YAP1	Lung	PC-9	3378	9/388	7/386	-0.0960587	0	1.27909
SRX5982361	TFs and others	SMARCA2	Lung	A549	6280	9/388	7/386	-0.0960587	0	1.27909
SRX6058758	TFs and others	CEBPA	Breast	T-47D	2017	9/388	7/386	-0.0960587	0	1.27909
SRX687837	TFs and others	TP63	Epidermis	HaCaT	1650	9/388	7/386	-0.0960587	0	1.27909
SRX702039	TFs and others	NANOG	Pluripotent stem cell	hESC HUES64	9477	9/388	7/386	-0.0960587	0	1.27909
SRX7677740	TFs and others	XRN2	Digestive tract	DLD-1	805	9/388	7/386	-0.0960587	0	1.27909
SRX7807108	TFs and others	TEAD4	Unclassified	Unclassified	1827	9/388	7/386	-0.0960587	0	1.27909
SRX8588641	TFs and others	KLF4	Cardiovascular	Pulmonary artery endothelial cells	2135	9/388	7/386	-0.0960587	0	1.27909
SRX8976677	TFs and others	HDAC3	Digestive tract	KYSE-410	2574	9/388	7/386	-0.0960587	0	1.27909
SRX9281782	TFs and others	RNF2	Kidney	293	621	9/388	7/386	-0.0960587	0	1.27909
SRX9674299	TFs and others	NR3C1	Pluripotent stem cell	iPSC derived hepatocytes	4324	9/388	7/386	-0.0960587	0	1.27909
SRX5574498	TFs and others	SPI1	Blood	CTV-1	13604	97/388	93/386	-0.0956276	0	1.03763
SRX7944498	TFs and others	ESR1	Uterus	Ishikawa	10295	97/388	93/386	-0.0956276	0	1.03763
SRX190344	TFs and others	EGR1	Uterus	ECC-1	6440	98/388	94/386	-0.0952587	0	1.03718
SRX092303	TFs and others	GATA2	Blood	K-562	8843	34/388	36/386	-0.0951365	0	0.939576
SRX10212068	TFs and others	CEBPB	Blood	CD4+ T cells	7564	34/388	36/386	-0.0951365	0	0.939576
SRX367313	TFs and others	BRD4	Kidney	293	2154	34/388	36/386	-0.0951365	0	0.939576
SRX5057632	TFs and others	GATA3	Breast	MCF-7	28970	34/388	36/386	-0.0951365	0	0.939576
SRX6800705	TFs and others	IRF4	Blood	CAR-T cells	9152	34/388	36/386	-0.0951365	0	0.939576
SRX7055002	TFs and others	ERG	Cardiovascular	HAEC	4870	34/388	36/386	-0.0951365	0	0.939576
SRX7054617	TFs and others	RELA	Cardiovascular	HAEC	28033	95/388	98/386	-0.0950772	0	0.964391
SRX1515056	TFs and others	GFP	Kidney	293	7732	37/388	34/386	-0.0949878	0	1.08263
SRX8089674	TFs and others	MED1	Prostate	VCaP	2498	37/388	34/386	-0.0949878	0	1.08263
SRX9433104	TFs and others	MYC	Bone	U2OS	7861	96/388	99/386	-0.0947236	0	0.964699
SRX6582163	TFs and others	JUN	Epidermis	BJ-5ta	24954	100/388	96/386	-0.0945441	0	1.0363
SRX5577144	TFs and others	Epitope tags	Prostate	LNCAP	56025	97/388	100/386	-0.0943773	0	0.965
SRX055304	TFs and others	KDM5B	Blood	U-937	1690	35/388	37/386	-0.09385	0	0.94107
SRX11555333	TFs and others	CTCF	Lung	A549	11102	35/388	37/386	-0.09385	0	0.94107
SRX2582161	TFs and others	GRHL3	Epidermis	NHEK	4049	35/388	37/386	-0.09385	0	0.94107
SRX381543	TFs and others	LDB1	Blood	Erythroblasts	11177	35/388	37/386	-0.09385	0	0.94107
SRX8520800	TFs and others	STAT3	Breast	SUM 159PT	12908	35/388	37/386	-0.09385	0	0.94107
SRX4143076	TFs and others	AML1-ETO	Blood	Kasumi-1	37530	285/388	287/386	-0.0935271	0	0.987913
SRX189238	TFs and others	MAX	Lung	NCI-H128	24130	288/388	283/386	-0.0933812	0	1.01242
SRX8706937	TFs and others	E2F1	Prostate	LNCAP	13977	288/388	283/386	-0.0933812	0	1.01242
SRX2194232	TFs and others	BRD4	Breast	SUM 159PT	12633	100/388	103/386	-0.0933812	0	0.965869
SRX366169	TFs and others	NKX2-1	Lung	NCI-H441	36653	100/388	103/386	-0.0933812	0	0.965869
SRX3124405	TFs and others	BRD4	Neural	KELLY	4857	36/388	38/386	-0.0926204	0	0.942485
SRX1042050	TFs and others	USF2	Blood	Erythroid Cells	2543	39/388	36/386	-0.0924751	0	1.07775
SRX6957460	TFs and others	FOXL2	Kidney	HGrC1	10493	39/388	36/386	-0.0924751	0	1.07775
SRX7805364	TFs and others	ZFX	Prostate	22Rv1	1715	39/388	36/386	-0.0924751	0	1.07775
SRX062339	TFs and others	RUNX1	Blood	CD34+	24340	106/388	109/386	-0.0915665	0	0.967464
SRX092453	TFs and others	RBPJ	Blood	IB4	7642	37/388	39/386	-0.0914438	0	0.943828
SRX150579	TFs and others	EP300	Uterus	HeLa	20277	37/388	39/386	-0.0914438	0	0.943828
SRX2913027	TFs and others	FLI1	Bone	A-673	7349	37/388	39/386	-0.0914438	0	0.943828
SRX8616846	TFs and others	JUNB	Lung	A549	13670	37/388	39/386	-0.0914438	0	0.943828
SRX1538765	TFs and others	PPARG	Digestive tract	HT-29	14888	40/388	37/386	-0.0913001	0	1.07551
SRX2007813	TFs and others	MEN1	Breast	MCF-7	1752	40/388	37/386	-0.0913001	0	1.07551
SRX3410386	TFs and others	BRD4	Breast	MDA-MB-231	5014	40/388	37/386	-0.0913001	0	1.07551
SRX219285	TFs and others	FOXA1	Prostate	LNCAP	77723	107/388	110/386	-0.0912853	0	0.967713
SRX8119674	TFs and others	SMARCA2	Lung	MRC-5	39681	113/388	109/386	-0.0905607	0	1.03135
SRX4235879	TFs and others	TP53	Digestive tract	SW 480	40185	278/388	273/386	-0.0904758	0	1.01307
SRX4374905	TFs and others	SMC1A	Breast	MB 157	28883	278/388	273/386	-0.0904758	0	1.01307
SRX096356	TFs and others	Epitope tags	Bone	EWS502	5911	8/388	9/386	-0.0903909	0	0.884307
SRX1013969	TFs and others	NELFA	Uterus	HeLa	722	8/388	9/386	-0.0903909	0	0.884307
SRX11098769	TFs and others	KANSL1	Uterus	HeLa	965	8/388	9/386	-0.0903909	0	0.884307
SRX113579	TFs and others	RNF2	Kidney	293	647	8/388	9/386	-0.0903909	0	0.884307
SRX150381	TFs and others	CHD1	Blood	GM12878	1004	8/388	9/386	-0.0903909	0	0.884307
SRX243765	TFs and others	PAX5	Blood	L-428	2067	8/388	9/386	-0.0903909	0	0.884307
SRX2460058	TFs and others	ESR1	Breast	Breast cancer cells	1658	8/388	9/386	-0.0903909	0	0.884307
SRX2460066	TFs and others	ESR1	Breast	Breast cancer cells	1798	8/388	9/386	-0.0903909	0	0.884307
SRX2652436	TFs and others	ZBTB48	Uterus	HeLa	1683	8/388	9/386	-0.0903909	0	0.884307
SRX317602	TFs and others	EZH2	Pluripotent stem cell	iPS cells	1199	8/388	9/386	-0.0903909	0	0.884307
SRX4708019	TFs and others	U2AF2	Liver	Hep G2	714	8/388	9/386	-0.0903909	0	0.884307
SRX4819827	TFs and others	MED26	Kidney	293	415	8/388	9/386	-0.0903909	0	0.884307
SRX5089418	TFs and others	SMARCA4	Breast	MCF-7	3423	8/388	9/386	-0.0903909	0	0.884307
SRX5975300	TFs and others	CDK12	Bone	143B	848	8/388	9/386	-0.0903909	0	0.884307
SRX6039039	TFs and others	RARA	Pluripotent stem cell	iPS derived chondrocytes	1820	8/388	9/386	-0.0903909	0	0.884307
SRX6487035	TFs and others	FOXA1	Breast	MCF-7	3508	8/388	9/386	-0.0903909	0	0.884307
SRX6487054	TFs and others	FOXA1	Breast	MCF-7	4702	8/388	9/386	-0.0903909	0	0.884307
SRX7122005	TFs and others	FOXA1	Breast	MCF-7	2531	8/388	9/386	-0.0903909	0	0.884307
SRX9719175	TFs and others	TET2	Breast	MCF-7	3293	8/388	9/386	-0.0903909	0	0.884307
SRX9730739	TFs and others	INTS6	Blood	THP-1	960	8/388	9/386	-0.0903909	0	0.884307
SRX1021631	TFs and others	DAXX	Prostate	PC-3	11873	38/388	40/386	-0.0903168	0	0.945103
DRX021120	TFs and others	MBD4	Digestive tract	HCT 116	8014	10/388	8/386	-0.0902582	0	1.24356
SRX150493	TFs and others	NFE2	Blood	K-562	2132	10/388	8/386	-0.0902582	0	1.24356
SRX1515031	TFs and others	GFP	Kidney	293	3031	10/388	8/386	-0.0902582	0	1.24356
SRX1885169	TFs and others	RELA	Prostate	LNCAP	2560	10/388	8/386	-0.0902582	0	1.24356
SRX3285608	TFs and others	KDM5B	Breast	FULR	1318	10/388	8/386	-0.0902582	0	1.24356
SRX4062884	TFs and others	FOXA1	Prostate	LNCAP	9419	10/388	8/386	-0.0902582	0	1.24356
SRX5514028	TFs and others	CDK8	Uterus	Myometrium	669	10/388	8/386	-0.0902582	0	1.24356
SRX6098147	TFs and others	GATA3	Breast	MCF-7	8593	10/388	8/386	-0.0902582	0	1.24356
SRX7175123	TFs and others	FOXA1	Digestive tract	LS-180	632	10/388	8/386	-0.0902582	0	1.24356
SRX7262874	TFs and others	EP300	Breast	ZR-75-1	8783	10/388	8/386	-0.0902582	0	1.24356
SRX9562903	TFs and others	SMARCC1	Muscle	RH-4	667	10/388	8/386	-0.0902582	0	1.24356
SRX8080552	TFs and others	Epitope tags	Breast	Mammary gland ductal carcinoma	17435	41/388	38/386	-0.0901746	0	1.07339
SRX6027684	TFs and others	ESR1	Uterus	Ishikawa	25029	272/388	274/386	-0.0897836	0	0.987584
SRX5574342	TFs and others	SPI1	Blood	Monocytes	31990	113/388	116/386	-0.0897148	0	0.969117
SRX150586	TFs and others	NFYB	Blood	GM12878	11115	118/388	114/386	-0.0892915	0	1.02975
SRX3798674	TFs and others	BRCA1	Neural	SH-EP	7678	118/388	114/386	-0.0892915	0	1.02975
SRX10212058	TFs and others	ATF4	Blood	THP-1	12154	39/388	41/386	-0.0892362	0	0.946316
SRX4001758	TFs and others	CTCF	Blood	Macrophages	11000	39/388	41/386	-0.0892362	0	0.946316
SRX6367571	TFs and others	SUMO2	Kidney	293	5843	39/388	41/386	-0.0892362	0	0.946316
SRX1099628	TFs and others	GRHL2	Gonad	PEO1	8375	42/388	39/386	-0.0890954	0	1.07137
SRX625674	TFs and others	IKZF1	Blood	Pre-B ALL 	10492	42/388	39/386	-0.0890954	0	1.07137
SRX265414	TFs and others	KDM5B	Breast	MCF-7	27782	271/388	266/386	-0.0887708	0	1.01355
SRX9419961	TFs and others	MED1	Breast	SK-BR-3	15490	117/388	120/386	-0.0887708	0	0.969974
SRX6878603	TFs and others	FOXA1	Prostate	LNCAP	74872	118/388	121/386	-0.0885467	0	0.97018
SRX4143035	TFs and others	POU2F3	Lung	NCI-H1048	29729	40/388	42/386	-0.0881989	0	0.947472
SRX4708045	TFs and others	TARDBP	Liver	Hep G2	2317	40/388	42/386	-0.0881989	0	0.947472
SRX8602209	TFs and others	IRF4	Blood	U-266	3597	40/388	42/386	-0.0881989	0	0.947472
SRX6473448	TFs and others	Epitope tags	Pluripotent stem cell	hESC derived neural crests	5029	120/388	123/386	-0.0881124	0	0.970581
SRX5931551	TFs and others	GATA1	Blood	HUDEP-2	23723	121/388	124/386	-0.0879019	0	0.970777
SRX5391679	TFs and others	SMC3	Blood	Neutrophils	12602	122/388	125/386	-0.0876958	0	0.970969
SRX2900159	TFs and others	KDM6A	Breast	CAL-51	6247	127/388	123/386	-0.0873123	0	1.0272
SRX1156539	TFs and others	SMARCA4	Breast	MDA-MB-231	5109	41/388	43/386	-0.0872025	0	0.948573
SRX100395	TFs and others	SRF	Blood	GM12878	3053	44/388	41/386	-0.0870644	0	1.06764
SRX1538764	TFs and others	PPARG	Digestive tract	HT-29	17148	44/388	41/386	-0.0870644	0	1.06764
SRX4394543	TFs and others	STAT3	Bone	SU-DHL-1	11840	44/388	41/386	-0.0870644	0	1.06764
SRX100546	TFs and others	TAF7	Pluripotent stem cell	hESC H1	8342	129/388	125/386	-0.0869208	0	1.02668
SRX3824041	TFs and others	SPI1	Blood	THP-1	56505	127/388	130/386	-0.0867284	0	0.971887
SRX7624156	TFs and others	ESR1	Breast	MCF-7	48122	128/388	131/386	-0.086547	0	0.972063
SRX5574494	TFs and others	SPI1	Blood	CTV-1	23810	129/388	132/386	-0.0863695	0	0.972235
SRX151229	TFs and others	SMC1A	Blood	Lymphoblastoid cells	7704	42/388	44/386	-0.0862443	0	0.949625
SRX2194233	TFs and others	BRD4	Breast	SUM 159PT	4441	42/388	44/386	-0.0862443	0	0.949625
SRX9055417	TFs and others	TAL1	Blood	HUDEP-2	10614	42/388	44/386	-0.0862443	0	0.949625
SRX9550857	TFs and others	FOXA1	Prostate	Prostate cancer	11871	42/388	44/386	-0.0862443	0	0.949625
SRX3868796	TFs and others	REST	Digestive tract	Colorectal cancer organoid	7068	45/388	42/386	-0.0861074	0	1.06591
SRX5574352	TFs and others	SPI1	Blood	Mast Cells	6279	45/388	42/386	-0.0861074	0	1.06591
SRX6596846	TFs and others	EGR1	Others	Fibroblasts	2683	45/388	42/386	-0.0861074	0	1.06591
SRX8089681	TFs and others	MED1	Prostate	VCaP	2506	45/388	42/386	-0.0861074	0	1.06591
SRX833422	TFs and others	NIPBL	Pluripotent stem cell	hESC H1	4807	45/388	42/386	-0.0861074	0	1.06591
SRX9562892	TFs and others	HDAC2	Muscle	RH-4	11536	45/388	42/386	-0.0861074	0	1.06591
SRX9599273	TFs and others	REST	Uterus	HEC-1-B	2454	45/388	42/386	-0.0861074	0	1.06591
SRX9550858	TFs and others	FOXA1	Prostate	Prostate cancer	39677	132/388	135/386	-0.0858597	0	0.972738
SRX2281247	TFs and others	KMT2A	Blood	SEM	12471	255/388	250/386	-0.0856972	0	1.01474
SRX6913091	TFs and others	BRD4	Blood	K-562	8374	134/388	137/386	-0.0855382	0	0.97306
SRX1012679	TFs and others	ESR1	Breast	MCF-7	4323	9/388	10/386	-0.0855202	0	0.895361
SRX1078845	TFs and others	ELL2	Digestive tract	HCT 116	1455	9/388	10/386	-0.0855202	0	0.895361
SRX1339017	TFs and others	AR	Breast	MDA-MB-453	6193	9/388	10/386	-0.0855202	0	0.895361
SRX317605	TFs and others	JARID2	Pluripotent stem cell	iPS cells	1110	9/388	10/386	-0.0855202	0	0.895361
SRX326492	TFs and others	REST	Others	NCI-H295R	2772	9/388	10/386	-0.0855202	0	0.895361
SRX3583187	TFs and others	ESR1	Breast	MCF-7	5130	9/388	10/386	-0.0855202	0	0.895361
SRX6878596	TFs and others	CREB5	Prostate	LNCAP	7284	9/388	10/386	-0.0855202	0	0.895361
SRX9350045	TFs and others	TP53	Lung	NCI-H1299	2141	9/388	10/386	-0.0855202	0	0.895361
SRX102985	TFs and others	MYC	Uterus	HeLa	1023	11/388	9/386	-0.085395	0	1.21592
SRX1304574	TFs and others	LYL1	Blood	Kasumi-1	5235	11/388	9/386	-0.085395	0	1.21592
SRX1597602	TFs and others	STAT1	Others	FaDu	4020	11/388	9/386	-0.085395	0	1.21592
SRX3230393	TFs and others	NPAS2	Liver	Hep G2	1580	11/388	9/386	-0.085395	0	1.21592
SRX4937335	TFs and others	MED1	Digestive tract	HCT 116	870	11/388	9/386	-0.085395	0	1.21592
SRX5089429	TFs and others	SMARCB1	Breast	MCF-7	4880	11/388	9/386	-0.085395	0	1.21592
SRX5287687	TFs and others	TEAD4	Breast	MCF-7	2595	11/388	9/386	-0.085395	0	1.21592
SRX6039038	TFs and others	RARA	Pluripotent stem cell	iPS derived chondrocytes	5294	11/388	9/386	-0.085395	0	1.21592
SRX7398281	TFs and others	CBFA2T3	Blood	K-562	3123	11/388	9/386	-0.085395	0	1.21592
SRX8026058	TFs and others	SMARCA4	Pluripotent stem cell	hESC WIBR3	3274	11/388	9/386	-0.085395	0	1.21592
SRX8984309	TFs and others	FLI1	Bone	A-673	8470	11/388	9/386	-0.085395	0	1.21592
SRX9237248	TFs and others	CSTF2	Blood	K-562	2896	11/388	9/386	-0.085395	0	1.21592
SRX9426433	TFs and others	Epitope tags	Blood	RAMOS	1903	11/388	9/386	-0.085395	0	1.21592
SRX1514934	TFs and others	GFP	Kidney	293	16042	138/388	134/386	-0.0853531	0	1.02454
SRX190177	TFs and others	STAT5A	Blood	GM12878	6901	43/388	45/386	-0.0853222	0	0.95063
SRX8616837	TFs and others	FOSL2	Lung	A549	13286	43/388	45/386	-0.0853222	0	0.95063
SRX1515009	TFs and others	GFP	Kidney	293	36328	249/388	251/386	-0.0851973	0	0.986918
SRX8616797	TFs and others	JUN	Lung	A549	9036	46/388	43/386	-0.0851865	0	1.06425
SRX5574457	TFs and others	SPI1	Blood	CTV-1	37594	141/388	137/386	-0.0848962	0	1.02389
SRX2609662	TFs and others	NR3C1	Lung	HASM2	26877	44/388	46/386	-0.0844341	0	0.951591
SRX2900608	TFs and others	HIC1	Blood	iTreg	6957	44/388	46/386	-0.0844341	0	0.951591
SRX4154203	TFs and others	ZFP64	Blood	MOLM-13	8211	44/388	46/386	-0.0844341	0	0.951591
SRX100496	TFs and others	FOSL2	Liver	Hep G2	25845	145/388	141/386	-0.0843344	0	1.02307
SRX4193141	TFs and others	ESR1	Breast	MCF-7	2690	47/388	44/386	-0.0842995	0	1.06268
SRX818642	TFs and others	SUMO2	Kidney	293	60250	143/388	146/386	-0.0842618	0	0.974403
SRX8536118	TFs and others	NFYB	Blood	HUDEP-2	11191	143/388	146/386	-0.0842618	0	0.974403
SRX5313221	TFs and others	Biotin	Digestive tract	HCT 116	7812	146/388	149/386	-0.0838946	0	0.974815
SRX9604649	TFs and others	FOXA1	Prostate	LNCAP	79369	149/388	145/386	-0.083824	0	1.02229
SRX7054664	TFs and others	RELA	Cardiovascular	HAEC	24303	147/388	150/386	-0.0837783	0	0.974948
SRX029087	TFs and others	FOS	Blood	K-562	15095	45/388	47/386	-0.0835781	0	0.952512
SRX1477656	TFs and others	Epitope tags	Lung	MRC-5	11248	45/388	47/386	-0.0835781	0	0.952512
SRX8080545	TFs and others	Epitope tags	Breast	Mammary gland ductal carcinoma	8148	45/388	47/386	-0.0835781	0	0.952512
SRX2268284	TFs and others	SPI1	Blood	THP-1	65678	149/388	152/386	-0.0835547	0	0.97521
SRX10637291	TFs and others	KDM1A	Breast	MDA-MB-231	3761	48/388	45/386	-0.0834446	0	1.06117
SRX268450	TFs and others	GRHL2	Lung	Tracheal epithelial cells	17346	48/388	45/386	-0.0834446	0	1.06117
SRX5525777	TFs and others	MYCN	Neural	SH-EP	2861	48/388	45/386	-0.0834446	0	1.06117
SRX6824679	TFs and others	MYOD1	Unclassified	Unclassified	12966	48/388	45/386	-0.0834446	0	1.06117
SRX3927334	TFs and others	ONECUT2	Digestive tract	MKN-74	67686	152/388	155/386	-0.0832414	0	0.97559
SRX1091822	TFs and others	CTCFL	Gonad	OVCAR-8	24943	228/388	230/386	-0.0826674	0	0.986195
SRX8453143	TFs and others	AR	Liver	Liver	31901	49/388	46/386	-0.08262	0	1.05973
SRX3230401	TFs and others	SP1	Liver	Hep G2	12274	221/388	216/386	-0.0820466	0	1.01787
SRX356747	TFs and others	STAG1	Blood	Lymphoblastoid cell line	32899	168/388	171/386	-0.0819879	0	0.977392
SRX542554	TFs and others	MYC	Blood	P493-6	3240	47/388	49/386	-0.0819554	0	0.954239
SRX8453142	TFs and others	AR	Blood	Lymph Nodes	23863	47/388	49/386	-0.0819554	0	0.954239
SRX4193147	TFs and others	ESR1	Breast	MCF-7	5009	50/388	47/386	-0.081824	0	1.05835
SRX4343449	TFs and others	ARID4B	Prostate	PC-3	2059	50/388	47/386	-0.081824	0	1.05835
SRX9932053	TFs and others	STAT5A	Breast	MCF-7	12796	173/388	176/386	-0.0817316	0	0.977888
SRX265219	TFs and others	CBFB	Blood	ME-1	9808	175/388	178/386	-0.0816463	0	0.978078
SRX356521	TFs and others	STAG1	Blood	GM12891	37439	175/388	171/386	-0.0816197	0	1.01812
SRX5307507	TFs and others	MAX	Blood	P493-6	8622	175/388	171/386	-0.0816197	0	1.01812
SRX1594217	TFs and others	CTCF	Kidney	786-O	32940	212/388	214/386	-0.0815701	0	0.985548
SRX5574513	TFs and others	SPI1	Liver	Hep G2	44024	179/388	182/386	-0.0815047	0	0.978447
SRX6060974	TFs and others	KLF5	Digestive tract	ESO-26	12778	180/388	183/386	-0.0814753	0	0.978536
SRX1280448	TFs and others	NRF1	Breast	HMEC	10790	206/388	201/386	-0.0814236	0	1.01959
SRX7805365	TFs and others	ZFX	Prostate	22Rv1	8741	206/388	201/386	-0.0814236	0	1.01959
SRX023657	TFs and others	C17orf49	Uterus	HeLa	927	10/388	11/386	-0.0813632	0	0.904405
SRX100424	TFs and others	MEF2A	Blood	K-562	3121	10/388	11/386	-0.0813632	0	0.904405
SRX10119123	TFs and others	LYL1	Blood	MV-4-11	3263	10/388	11/386	-0.0813632	0	0.904405
SRX1597600	TFs and others	STAT3	Others	FaDu	958	10/388	11/386	-0.0813632	0	0.904405
SRX2924017	TFs and others	TP53	Breast	MCF-7	2674	10/388	11/386	-0.0813632	0	0.904405
SRX4192881	TFs and others	JUNB	Breast	MCF 10A	11570	10/388	11/386	-0.0813632	0	0.904405
SRX4377562	TFs and others	BRD9	Breast	MDA-MB-231	2130	10/388	11/386	-0.0813632	0	0.904405
SRX475774	TFs and others	REST	Blood	GM12878	2514	10/388	11/386	-0.0813632	0	0.904405
SRX4815189	TFs and others	CTNNB1	Breast	SUM 149PT	1516	10/388	11/386	-0.0813632	0	0.904405
SRX5057631	TFs and others	GATA3	Breast	T-47D	4180	10/388	11/386	-0.0813632	0	0.904405
SRX5203298	TFs and others	FOXA1	Breast	MCF-7	6119	10/388	11/386	-0.0813632	0	0.904405
SRX7262410	TFs and others	FOXA1	Others	Bladder cancer	5048	10/388	11/386	-0.0813632	0	0.904405
SRX7371435	TFs and others	TP53	Pluripotent stem cell	hESC derived endodermal cells	3490	10/388	11/386	-0.0813632	0	0.904405
SRX7624157	TFs and others	ESR1	Breast	MCF-7	72498	198/388	193/386	-0.0813112	0	1.02062
SRX1339018	TFs and others	AR	Breast	MDA-MB-453	9313	12/388	10/386	-0.0812444	0	1.19381
SRX2941476	TFs and others	PBXIP1	Bone	Chondrocytes	3027	12/388	10/386	-0.0812444	0	1.19381
SRX359406	TFs and others	EP300	Kidney	293	644	12/388	10/386	-0.0812444	0	1.19381
SRX3837515	TFs and others	SRF	Blood	HEL	2122	12/388	10/386	-0.0812444	0	1.19381
SRX5199669	TFs and others	EP300	Prostate	LNCAP	1653	12/388	10/386	-0.0812444	0	1.19381
SRX5234502	TFs and others	SMARCB1	Kidney	TTC1240	6695	12/388	10/386	-0.0812444	0	1.19381
SRX5234510	TFs and others	SMARCB1	Kidney	TTC1240	5244	12/388	10/386	-0.0812444	0	1.19381
SRX6957411	TFs and others	SMAD4	Kidney	HGrC1	4319	12/388	10/386	-0.0812444	0	1.19381
SRX702072	TFs and others	ZFP42	Pluripotent stem cell	hESC HUES64	448	12/388	10/386	-0.0812444	0	1.19381
SRX7088114	TFs and others	TP53	Cardiovascular	HPAEC	2731	12/388	10/386	-0.0812444	0	1.19381
SRX8827511	TFs and others	SMARCA4	Lung	NCI-H1299	859	12/388	10/386	-0.0812444	0	1.19381
SRX9674317	TFs and others	NR3C1	Pluripotent stem cell	iPSC derived hepatocytes	5884	12/388	10/386	-0.0812444	0	1.19381
SRX3542258	TFs and others	MYCN	Neural	KELLY	16923	203/388	205/386	-0.0812323	0	0.98514
SRX10060725	TFs and others	EBF1	Blood	697	53918	202/388	204/386	-0.0812066	0	0.985092
SRX150355	TFs and others	ARID3A	Liver	Hep G2	13639	48/388	50/386	-0.0811857	0	0.955052
SRX790971	TFs and others	NFKB2	Blood	L-1236	10149	48/388	50/386	-0.0811857	0	0.955052
SRX356479	TFs and others	STAG1	Blood	GM12878	35166	188/388	184/386	-0.0811624	0	1.01647
SRX3852899	TFs and others	NELFE	Blood	K-562	9007	199/388	201/386	-0.0811438	0	0.984946
SRX2043232	TFs and others	PBX1	Blood	RCH-ACV	23760	190/388	186/386	-0.0811275	0	1.01624
SRX4708108	TFs and others	RBM25	Liver	Hep G2	35968	198/388	200/386	-0.0811275	0	0.984897
SRX734412	TFs and others	AR	Prostate	CWR22Pc	28613	192/388	188/386	-0.0811019	0	1.01601
SRX1722156	TFs and others	MYC	Bone	U2OS	13061	195/388	191/386	-0.081081	0	1.01568
SRX3990982	TFs and others	PGR	Breast	T-47D	16473	51/388	48/386	-0.0810552	0	1.05702
SRX5771670	TFs and others	SOX17	Gonad	Tcam-2	28371	51/388	48/386	-0.0810552	0	1.05702
SRX334259	TFs and others	E2F1	Unclassified	Unclassified	2426	49/388	51/386	-0.0804417	0	0.955832
SRX6441750	TFs and others	FOXA2	Pancreas	CFPAC-1	24533	49/388	51/386	-0.0804417	0	0.955832
SRX4931233	TFs and others	KMT2A	Kidney	293	2274	52/388	49/386	-0.0803121	0	1.05575
SRX5574488	TFs and others	SMARCA4	Blood	CTV-1	10626	53/388	50/386	-0.0795935	0	1.05454
SRX8673355	TFs and others	EGR1	Blood	Kasumi-1	3904	53/388	50/386	-0.0795935	0	1.05454
SRX4377534	TFs and others	BRD4	Breast	MDA-MB-231	4848	51/388	53/386	-0.0790261	0	0.957304
SRX4377557	TFs and others	BRD4	Breast	MDA-MB-231	4848	51/388	53/386	-0.0790261	0	0.957304
SRX475751	TFs and others	EP300	Blood	GM12878	9404	51/388	53/386	-0.0790261	0	0.957304
SRX5346118	TFs and others	MYC	Blood	RAMOS	3741	51/388	53/386	-0.0790261	0	0.957304
SRX037417	TFs and others	PRAME	Blood	K-562	3110	54/388	51/386	-0.0788981	0	1.05337
SRX4193145	TFs and others	ESR1	Breast	MCF-7	5919	54/388	51/386	-0.0788981	0	1.05337
SRX7807102	TFs and others	CEBPB	Adipocyte	Adipocytes	22791	54/388	51/386	-0.0788981	0	1.05337
SRX119641	TFs and others	Epitope tags	Lung	A549	3144	52/388	54/386	-0.0783521	0	0.957999
SRX259617	TFs and others	TFAP4	Blood	Kasumi-1	7531	55/388	52/386	-0.0782249	0	1.05224
SRX100489	TFs and others	FOXA1	Uterus	ECC-1	3523	11/388	12/386	-0.0777636	0	0.911942
SRX1033280	TFs and others	GATA2	Prostate	LNCAP	3706	11/388	12/386	-0.0777636	0	0.911942
SRX1053370	TFs and others	POU5F1	Pluripotent stem cell	ES cells	7184	11/388	12/386	-0.0777636	0	0.911942
SRX1133781	TFs and others	KDM1A	Blood	SKNO-1	1902	11/388	12/386	-0.0777636	0	0.911942
SRX1430078	TFs and others	CTCF	Pluripotent stem cell	ES cells	3812	11/388	12/386	-0.0777636	0	0.911942
SRX1759186	TFs and others	ATF3	Epidermis	Dermal fibroblast	2967	11/388	12/386	-0.0777636	0	0.911942
SRX201314	TFs and others	AHR	Breast	MCF-7	5944	11/388	12/386	-0.0777636	0	0.911942
SRX317601	TFs and others	JARID2	Pluripotent stem cell	iPS cells	1270	11/388	12/386	-0.0777636	0	0.911942
SRX3592681	TFs and others	SMAD2	Pluripotent stem cell	hESC HUES8	7678	11/388	12/386	-0.0777636	0	0.911942
SRX4650907	TFs and others	RNF2	Kidney	293	952	11/388	12/386	-0.0777636	0	0.911942
SRX4655783	TFs and others	CTCF	Liver	Hep G2	1385	11/388	12/386	-0.0777636	0	0.911942
SRX475747	TFs and others	REST	Blood	GM12878	3028	11/388	12/386	-0.0777636	0	0.911942
SRX475781	TFs and others	REST	Blood	GM12878	2762	11/388	12/386	-0.0777636	0	0.911942
SRX5124837	TFs and others	FOXA1	Prostate	22Rv1	5100	11/388	12/386	-0.0777636	0	0.911942
SRX5974540	TFs and others	TAL1	Blood	K-562	4569	11/388	12/386	-0.0777636	0	0.911942
SRX7268459	TFs and others	NKX2-2	Bone	A-673	3413	11/388	12/386	-0.0777636	0	0.911942
SRX7398280	TFs and others	LDB1	Blood	K-562	3020	11/388	12/386	-0.0777636	0	0.911942
SRX9719180	TFs and others	GATA3	Breast	MCF-7	4310	11/388	12/386	-0.0777636	0	0.911942
SRX028646	TFs and others	ELK1	Uterus	HeLa	821	13/388	11/386	-0.0776502	0	1.17573
SRX1597601	TFs and others	STAT1	Others	FaDu	3192	13/388	11/386	-0.0776502	0	1.17573
SRX2514368	TFs and others	GFP	Uterus	HeLa	4763	13/388	11/386	-0.0776502	0	1.17573
SRX3288579	TFs and others	HSF1	Pluripotent stem cell	hESC H9	1553	13/388	11/386	-0.0776502	0	1.17573
SRX3395152	TFs and others	PDX1	Pluripotent stem cell	iPS derived pancreatic cells	3699	13/388	11/386	-0.0776502	0	1.17573
SRX3450331	TFs and others	RXRA	Others	JMSU1	3944	13/388	11/386	-0.0776502	0	1.17573
SRX3798680	TFs and others	BRCA1	Neural	SH-EP	674	13/388	11/386	-0.0776502	0	1.17573
SRX9562909	TFs and others	SMARCC1	Muscle	RH-4	898	13/388	11/386	-0.0776502	0	1.17573
SRX9600663	TFs and others	G-quadruplex	Blood	K-562	603	13/388	11/386	-0.0776502	0	1.17573
SRX190234	TFs and others	CEBPB	Liver	Hep G2	12477	54/388	56/386	-0.0770664	0	0.959315
SRX5075169	TFs and others	SMARCA4	Neural	Neural progenitor cells	27807	57/388	54/386	-0.0769407	0	1.05011
SRX9556504	TFs and others	GATA3	Breast	MDA-MB-231	18467	57/388	54/386	-0.0769407	0	1.05011
SRX7054942	TFs and others	ERG	Cardiovascular	HAEC	6357	55/388	57/386	-0.0764528	0	0.959939
SRX9317684	TFs and others	CEBPA	Blood	Fujioka	16786	56/388	58/386	-0.0758576	0	0.96054
SRX9029198	TFs and others	POU2F2	Blood	Neutrophils	3977	59/388	56/386	-0.0757333	0	1.04814
SRX9556496	TFs and others	GATA3	Breast	MDA-MB-231	13598	59/388	56/386	-0.0757333	0	1.04814
SRX150384	TFs and others	RFX5	Liver	Hep G2	4237	58/388	60/386	-0.074719	0	0.961684
SRX2017936	TFs and others	AR	Prostate	22Rv1	8809	58/388	60/386	-0.074719	0	0.961684
SRX1044122	TFs and others	ASCL1	Lung	NCI-H889	5589	12/388	13/386	-0.0746087	0	0.918319
SRX117009	TFs and others	FLI1	Blood	NB-4	3136	12/388	13/386	-0.0746087	0	0.918319
SRX1787677	TFs and others	KMT2C	Breast	MCF-7	5943	12/388	13/386	-0.0746087	0	0.918319
SRX2010845	TFs and others	JUND	Lung	Calu-3	5059	12/388	13/386	-0.0746087	0	0.918319
SRX3837514	TFs and others	SRF	Blood	HEL	2359	12/388	13/386	-0.0746087	0	0.918319
SRX5089383	TFs and others	ARID1A	Breast	MCF-7	7209	12/388	13/386	-0.0746087	0	0.918319
SRX5089784	TFs and others	SATB1	Breast	MCF 10A	15302	12/388	13/386	-0.0746087	0	0.918319
SRX687554	TFs and others	HDAC1	Blood	Erythroid progenitors	1422	12/388	13/386	-0.0746087	0	0.918319
SRX702150	TFs and others	MYC	Pluripotent stem cell	hESC HUES64	637	12/388	13/386	-0.0746087	0	0.918319
SRX7371438	TFs and others	TP53	Pluripotent stem cell	hESC derived mesodermal cells	3875	12/388	13/386	-0.0746087	0	0.918319
SRX9779521	TFs and others	MTA2	Lung	NCI-H1963	2123	12/388	13/386	-0.0746087	0	0.918319
SRX150462	TFs and others	RFX5	Pluripotent stem cell	hESC H1	1625	14/388	12/386	-0.0745	0	1.16065
SRX1538757	TFs and others	NR1H2	Digestive tract	HT-29	2282	14/388	12/386	-0.0745	0	1.16065
SRX2708813	TFs and others	INO80	Liver	HuH-7	704	14/388	12/386	-0.0745	0	1.16065
SRX3554411	TFs and others	CREB1	Breast	MDA-MB-134-VI	1127	14/388	12/386	-0.0745	0	1.16065
SRX5203318	TFs and others	FOXA1	Breast	MCF-7	9754	14/388	12/386	-0.0745	0	1.16065
SRX813771	TFs and others	MED1	Adipocyte	SGBS	3968	14/388	12/386	-0.0745	0	1.16065
SRX5212362	TFs and others	SMARCA4	Others	Mel270	30427	59/388	61/386	-0.0741741	0	0.962227
SRX4890469	TFs and others	LDB1	Blood	Kasumi-1	11896	62/388	59/386	-0.0740517	0	1.04543
SRX3923532	TFs and others	FOXA1	Breast	ZR-75-1	28758	60/388	62/386	-0.0736447	0	0.962754
SRX5574346	TFs and others	SPI1	Blood	Neutrophils	21080	60/388	62/386	-0.0736447	0	0.962754
SRX6099460	TFs and others	MED1	Blood	DLBCL	10449	60/388	62/386	-0.0736447	0	0.962754
SRX6961675	TFs and others	SUPT5H	Digestive tract	HCT 116	4063	63/388	60/386	-0.0735228	0	1.04459
SRX8907435	TFs and others	MTA2	Muscle	Rh-5	9410	64/388	61/386	-0.0730086	0	1.04377
SRX10881822	TFs and others	SS18L1	Others	BT-16	9543	65/388	62/386	-0.0725086	0	1.04298
SRX3472378	TFs and others	TP53BP1	Pluripotent stem cell	hESC H9	3170	65/388	62/386	-0.0725086	0	1.04298
SRX1477660	TFs and others	Epitope tags	Lung	MRC-5	3322	63/388	65/386	-0.0721424	0	0.964235
SRX2944445	TFs and others	MYC	Breast	MCF 10A	4847	63/388	65/386	-0.0721424	0	0.964235
SRX1397401	TFs and others	SMAD1	Blood	CD34+	16055	66/388	63/386	-0.0720221	0	1.04222
SRX10119175	TFs and others	CREB1	Blood	MV-4-11	690	13/388	14/386	-0.0718153	0	0.923785
SRX1013332	TFs and others	MED1	Liver	HuCCT1	2983	13/388	14/386	-0.0718153	0	0.923785
SRX2060919	TFs and others	TP53	Digestive tract	HCT 116	4882	13/388	14/386	-0.0718153	0	0.923785
SRX2143792	TFs and others	MYC	Bone	HT-1080	1189	13/388	14/386	-0.0718153	0	0.923785
SRX2793579	TFs and others	RB1	Breast	MCF-7	1176	13/388	14/386	-0.0718153	0	0.923785
SRX3342254	TFs and others	ONECUT2	Prostate	LNCAP	9011	13/388	14/386	-0.0718153	0	0.923785
SRX359924	TFs and others	BARX1	Digestive tract	LoVo	844	13/388	14/386	-0.0718153	0	0.923785
SRX392796	TFs and others	REST	Blood	Jurkat	3645	13/388	14/386	-0.0718153	0	0.923785
SRX6175614	TFs and others	STAG1	Bone	A-673	6704	13/388	14/386	-0.0718153	0	0.923785
SRX7951323	TFs and others	SMARCA2	Lung	NCI-H1944	5770	13/388	14/386	-0.0718153	0	0.923785
SRX8030692	TFs and others	SUZ12	Neural	SU-DIPG-XIII	1285	13/388	14/386	-0.0718153	0	0.923785
SRX064484	TFs and others	FOXH1	Pluripotent stem cell	hESC H9	4203	15/388	13/386	-0.0717108	0	1.1479
SRX11094502	TFs and others	FLI1	Bone	A-673	10264	15/388	13/386	-0.0717108	0	1.1479
SRX2194235	TFs and others	MED1	Breast	SUM 159PT	2768	15/388	13/386	-0.0717108	0	1.1479
SRX2795362	TFs and others	BRD4	Blood	Mutu	1372	15/388	13/386	-0.0717108	0	1.1479
SRX5099498	TFs and others	STAT3	Blood	B cells	2571	15/388	13/386	-0.0717108	0	1.1479
SRX5203314	TFs and others	FOXA1	Breast	MCF-7	10237	15/388	13/386	-0.0717108	0	1.1479
SRX5600890	TFs and others	OLIG2	Neural	Prefrontal Cortex	1361	15/388	13/386	-0.0717108	0	1.1479
SRX5725258	TFs and others	MYC	Lung	A549	875	15/388	13/386	-0.0717108	0	1.1479
SRX5839976	TFs and others	CREBBP	Blood	Macrophages	4518	15/388	13/386	-0.0717108	0	1.1479
SRX6175617	TFs and others	FLI1	Bone	A-673	10264	15/388	13/386	-0.0717108	0	1.1479
SRX702040	TFs and others	NANOG	Pluripotent stem cell	hESC HUES64	13481	15/388	13/386	-0.0717108	0	1.1479
SRX764806	TFs and others	FOXA1	Pluripotent stem cell	hESC derived mesendodermal cells	8102	15/388	13/386	-0.0717108	0	1.1479
SRX9562908	TFs and others	SMARCC1	Muscle	RH-4	1018	15/388	13/386	-0.0717108	0	1.1479
SRX6582172	TFs and others	JUN	Others	Fibroblasts	26505	67/388	64/386	-0.0715487	0	1.04148
SRX699737	TFs and others	JUN	Cardiovascular	HCASMC	26939	65/388	67/386	-0.0712072	0	0.965148
SRX10119125	TFs and others	LYL1	Blood	MV-4-11	20274	69/388	66/386	-0.070639	0	1.04007
SRX150408	TFs and others	JUND	Uterus	HeLa	24811	69/388	66/386	-0.070639	0	1.04007
SRX6860646	TFs and others	FOXA1	Breast	T-47D	25089	69/388	66/386	-0.070639	0	1.04007
SRX5307508	TFs and others	MAX	Blood	P493-6	4682	67/388	69/386	-0.0703203	0	0.966009
SRX764811	TFs and others	FOXA2	Pluripotent stem cell	hESC derived mesendodermal cells	7441	67/388	69/386	-0.0703203	0	0.966009
SRX341010	TFs and others	MYOD1	Muscle	Myoblasts	16793	68/388	70/386	-0.0698939	0	0.966421
SRX2194287	TFs and others	BRD4	Breast	SUM 229PE	7756	71/388	68/386	-0.0697757	0	1.03874
SRX8907440	TFs and others	MTA2	Muscle	SCMC	11704	71/388	68/386	-0.0697757	0	1.03874
SRX9317678	TFs and others	SPI1	Blood	Fujioka	29332	71/388	68/386	-0.0697757	0	1.03874
SRX095396	TFs and others	MYC	Blood	BL-41	4182	72/388	69/386	-0.0693605	0	1.0381
SRX248763	TFs and others	Epitope tags	Uterus	HeLa	12834	72/388	69/386	-0.0693605	0	1.0381
SRX026720	TFs and others	CTCF	Pancreas	Pancreatic islets	3284	14/388	15/386	-0.0693204	0	0.928522
SRX186610	TFs and others	ESRRA	Blood	GM12878	1320	14/388	15/386	-0.0693204	0	0.928522
SRX2545061	TFs and others	TLE3	Prostate	LNCAP	19212	14/388	15/386	-0.0693204	0	0.928522
SRX261274	TFs and others	ESR1	Breast	MCF-7	4733	14/388	15/386	-0.0693204	0	0.928522
SRX3587641	TFs and others	MYC	Kidney	G-401	1590	14/388	15/386	-0.0693204	0	0.928522
SRX371445	TFs and others	ESR1	Others	Tumour tissues	4148	14/388	15/386	-0.0693204	0	0.928522
SRX4192887	TFs and others	STAT3	Breast	MCF 10A	4155	14/388	15/386	-0.0693204	0	0.928522
SRX4714467	TFs and others	GTF3C2	Neural	T98G	2815	14/388	15/386	-0.0693204	0	0.928522
SRX5089425	TFs and others	SMARCA4	Breast	MCF-7	4630	14/388	15/386	-0.0693204	0	0.928522
SRX5824551	TFs and others	BRD7	Breast	SUM 159PT	2554	14/388	15/386	-0.0693204	0	0.928522
SRX8520806	TFs and others	NR3C1	Breast	MDA-MB-231	9156	14/388	15/386	-0.0693204	0	0.928522
SRX8538462	TFs and others	HCFC1	Blood	RAMOS	1943	14/388	15/386	-0.0693204	0	0.928522
SRX022392	TFs and others	VDR	Blood	Lymphoblastoid cell line	2702	16/388	14/386	-0.0692195	0	1.13697
SRX10437636	TFs and others	ASCL2	Liver	HuH-6	935	16/388	14/386	-0.0692195	0	1.13697
SRX11094557	TFs and others	FLI1	Bone	RD-ES	11430	16/388	14/386	-0.0692195	0	1.13697
SRX1156540	TFs and others	SMARCA4	Breast	MDA-MB-231	2332	16/388	14/386	-0.0692195	0	1.13697
SRX1538767	TFs and others	PPARG	Digestive tract	HT-29	5850	16/388	14/386	-0.0692195	0	1.13697
SRX248935	TFs and others	RUNX1	Blood	CD34+	2625	16/388	14/386	-0.0692195	0	1.13697
SRX3110711	TFs and others	ESR1	Breast	MCF-7	1592	16/388	14/386	-0.0692195	0	1.13697
SRX3422689	TFs and others	MYC	Kidney	293	1027	16/388	14/386	-0.0692195	0	1.13697
SRX3511103	TFs and others	SATB1	Liver	Hep G2	989	16/388	14/386	-0.0692195	0	1.13697
SRX4155669	TFs and others	SMC1A	Neural	KELLY	4701	16/388	14/386	-0.0692195	0	1.13697
SRX2020847	TFs and others	STAT3	Breast	MDA-MB-468	16904	73/388	70/386	-0.0689557	0	1.03748
SRX7944500	TFs and others	ESR1	Uterus	Ishikawa	12272	73/388	70/386	-0.0689557	0	1.03748
SRX4394538	TFs and others	STAT3	Blood	JB6	16398	71/388	73/386	-0.0686779	0	0.967589
SRX3923529	TFs and others	FOXA1	Breast	ZR-75-1	36913	74/388	76/386	-0.0675494	0	0.968665
SRX9350646	TFs and others	JUN	Epidermis	Melanoma cell line	30529	77/388	74/386	-0.0674333	0	1.03518
SRX100449	TFs and others	HNF4G	Liver	Hep G2	15992	75/388	77/386	-0.0671912	0	0.969005
SRX2194248	TFs and others	CEBPB	Breast	SUM 159PT	31872	75/388	77/386	-0.0671912	0	0.969005
SRX11094527	TFs and others	FLI1	Bone	EW-24	41143	78/388	75/386	-0.0670753	0	1.03464
SRX186626	TFs and others	ZNF384	Blood	K-562	14002	78/388	75/386	-0.0670753	0	1.03464
SRX185911	TFs and others	FOXM1	Breast	MDA-MB-231	1598	15/388	16/386	-0.0670752	0	0.932668
SRX3366958	TFs and others	HOXB13	Prostate	LNCAP	15466	15/388	16/386	-0.0670752	0	0.932668
SRX3445684	TFs and others	TAL1	Blood	K-562	5519	15/388	16/386	-0.0670752	0	0.932668
SRX3630814	TFs and others	ESR1	Uterus	Ishikawa	5201	15/388	16/386	-0.0670752	0	0.932668
SRX8299863	TFs and others	MYC	Bone	U2OS	1492	15/388	16/386	-0.0670752	0	0.932668
SRX8406540	TFs and others	HOXB13	Prostate	Prostate	9894	15/388	16/386	-0.0670752	0	0.932668
SRX9426435	TFs and others	Epitope tags	Blood	RAMOS	2394	15/388	16/386	-0.0670752	0	0.932668
SRX026267	TFs and others	HNF4A	Digestive tract	Caco-2	3606	17/388	15/386	-0.0669776	0	1.12749
SRX1435941	TFs and others	ZBTB16	Uterus	Endometrial stromal cells	917	17/388	15/386	-0.0669776	0	1.12749
SRX573029	TFs and others	AFF4	Uterus	HeLa	1682	17/388	15/386	-0.0669776	0	1.12749
SRX6101041	TFs and others	NUTM1	Kidney	293	994	17/388	15/386	-0.0669776	0	1.12749
SRX7677739	TFs and others	NCBP1	Digestive tract	DLD-1	895	17/388	15/386	-0.0669776	0	1.12749
SRX8861820	TFs and others	ESR1	Breast	T-47D	4520	17/388	15/386	-0.0669776	0	1.12749
SRX9178807	TFs and others	HAP1	Blood	HAP1	1144	17/388	15/386	-0.0669776	0	1.12749
SRX9237238	TFs and others	PAF1	Blood	K-562	2657	17/388	15/386	-0.0669776	0	1.12749
SRX1079383	TFs and others	SUMO2	Prostate	VCaP	16412	76/388	78/386	-0.0668414	0	0.969337
SRX1787675	TFs and others	KMT2C	Breast	MCF-7	16443	76/388	78/386	-0.0668414	0	0.969337
SRX186637	TFs and others	JUND	Neural	SK-N-SH	20726	79/388	76/386	-0.0667258	0	1.03412
SRX3394524	TFs and others	FLI1	Bone	A-673	27129	77/388	79/386	-0.0664998	0	0.969659
SRX5705798	TFs and others	ETS1	Pluripotent stem cell	hESC derived cardiac cells	3239	80/388	77/386	-0.0663845	0	1.03361
SRX5577150	TFs and others	AR	Prostate	LNCAP	34812	78/388	80/386	-0.0661662	0	0.969974
SRX116466	TFs and others	RBBP5	Pluripotent stem cell	hESC H1	942	16/388	17/386	-0.0650414	0	0.936325
SRX1469954	TFs and others	ESR1	Breast	T-47D	3929	16/388	17/386	-0.0650414	0	0.936325
SRX2850860	TFs and others	APC	Digestive tract	HCT 116	2643	16/388	17/386	-0.0650414	0	0.936325
SRX4714473	TFs and others	GTF3C2	Lung	IMR-90	1566	16/388	17/386	-0.0650414	0	0.936325
SRX5801455	TFs and others	STAT3	Blood	Th2 Cells	3517	16/388	17/386	-0.0650414	0	0.936325
ERX626868	TFs and others	SPI1	Blood	U-937	4125	18/388	16/386	-0.0649468	0	1.1192
SRX3946904	TFs and others	MED1	Others	Mesenchymal stem cells	10814	18/388	16/386	-0.0649468	0	1.1192
SRX5157156	TFs and others	CEBPA	Blood	THP-1	6960	18/388	16/386	-0.0649468	0	1.1192
SRX5527654	TFs and others	ERG	Cardiovascular	HAEC	3545	18/388	16/386	-0.0649468	0	1.1192
SRX6910062	TFs and others	PGR	Uterus	Uterin leiomyoma	5982	18/388	16/386	-0.0649468	0	1.1192
SRX8453147	TFs and others	FOXA1	Blood	Lymph Nodes	11741	18/388	16/386	-0.0649468	0	1.1192
SRX100474	TFs and others	USF1	Lung	A549	7793	85/388	82/386	-0.064792	0	1.03124
SRX3229149	TFs and others	ESR1	Breast	Breast cancer	5810	85/388	82/386	-0.064792	0	1.03124
SRX7677730	TFs and others	SUPT5H	Digestive tract	DLD-1	4399	85/388	82/386	-0.064792	0	1.03124
SRX8449940	TFs and others	BAHCC1	Blood	Jurkat	22309	303/388	304/386	-0.064792	0	0.991573
SRX3644355	TFs and others	FOXA2	Epidermis	BJ	68032	83/388	85/386	-0.0646089	0	0.971437
SRX10881821	TFs and others	SS18L1	Kidney	G-401	20099	302/388	303/386	-0.0644948	0	0.991562
SRX1961163	TFs and others	FOXA1	Breast	T-47D	26852	84/388	86/386	-0.0643181	0	0.971709
SRX10212061	TFs and others	ATF4	Blood	THP-1	27852	86/388	88/386	-0.0637555	0	0.972235
SRX3990984	TFs and others	PGR	Breast	T-47D	28571	86/388	88/386	-0.0637555	0	0.972235
SRX9419960	TFs and others	MED1	Breast	SK-BR-3	10466	86/388	88/386	-0.0637555	0	0.972235
SRX3372018	TFs and others	ETV1	Prostate	MDA PCa 2b	8029	87/388	89/386	-0.0634834	0	0.972489
SRX100505	TFs and others	HNF4A	Liver	Hep G2	21225	90/388	87/386	-0.06337	0	1.02915
SRX666557	TFs and others	ARNT	Breast	T-47D	40225	300/388	296/386	-0.0632172	0	1.00829
SRX6860635	TFs and others	FOXA1	Breast	T-47D	33050	88/388	90/386	-0.0632172	0	0.972738
SRX1033283	TFs and others	GATA2	Prostate	LNCAP	6944	17/388	18/386	-0.0631885	0	0.939576
SRX1044411	TFs and others	JUN	Breast	MDA-MB-231	6655	17/388	18/386	-0.0631885	0	0.939576
SRX1552473	TFs and others	MYC	Bone	U2OS	1522	17/388	18/386	-0.0631885	0	0.939576
SRX3292075	TFs and others	TFAP2A	Pluripotent stem cell	hESC derived trophoblast cells	3109	17/388	18/386	-0.0631885	0	0.939576
SRX5062484	TFs and others	SUPT5H	Bone	U2OS	1217	17/388	18/386	-0.0631885	0	0.939576
SRX5729954	TFs and others	BRD4	Prostate	22Rv1	1726	17/388	18/386	-0.0631885	0	0.939576
SRX7262408	TFs and others	FOXA1	Others	Bladder cancer	7178	17/388	18/386	-0.0631885	0	0.939576
SRX8616843	TFs and others	JUNB	Lung	A549	9403	17/388	18/386	-0.0631885	0	0.939576
SRX471876	TFs and others	ERG	Prostate	VCaP	6897	91/388	88/386	-0.0631039	0	1.02876
SRX2355074	TFs and others	JUNB	Cardiovascular	HAEC	9630	19/388	17/386	-0.0630964	0	1.11189
SRX4572974	TFs and others	ETV4	Liver	Hep G2	1529	19/388	17/386	-0.0630964	0	1.11189
SRX6957461	TFs and others	FOXL2	Kidney	HGrC1	5625	19/388	17/386	-0.0630964	0	1.11189
SRX3601957	TFs and others	ERG	Cardiovascular	HUVEC	15127	89/388	91/386	-0.0629568	0	0.972981
SRX150440	TFs and others	STAT1	Uterus	HeLa	12433	94/388	91/386	-0.0623394	0	1.02764
SRX6800702	TFs and others	IRF4	Blood	CAR-T cells	8961	95/388	92/386	-0.0620954	0	1.02729
SRX5391684	TFs and others	RAD21	Blood	Neutrophils	12197	93/388	95/386	-0.0619693	0	0.973901
SRX5089495	TFs and others	HDAC1	Breast	MCF-7	974	18/388	19/386	-0.0614915	0	0.942485
SRX5089550	TFs and others	BRD4	Breast	MCF-7	1529	18/388	19/386	-0.0614915	0	0.942485
SRX974290	TFs and others	MEF2B	Kidney	293	6201	18/388	19/386	-0.0614915	0	0.942485
SRX097075	TFs and others	TCF7L2	Blood	CD34 Hematopoietic stem cells	3078	20/388	18/386	-0.0614019	0	1.10538
SRX1431737	TFs and others	SPI1	Blood	K-562	4659	20/388	18/386	-0.0614019	0	1.10538
SRX2900606	TFs and others	HIC1	Blood	iTreg	3776	20/388	18/386	-0.0614019	0	1.10538
SRX4521397	TFs and others	CTCF	Blood	Macrophages	3111	20/388	18/386	-0.0614019	0	1.10538
SRX5157150	TFs and others	CEBPA	Blood	THP-1	8024	20/388	18/386	-0.0614019	0	1.10538
SRX5574495	TFs and others	SPI1	Blood	CTV-1	4024	20/388	18/386	-0.0614019	0	1.10538
SRX7767644	TFs and others	GATA2	Uterus	Endometrial stromal cells	8105	20/388	18/386	-0.0614019	0	1.10538
SRX8358262	TFs and others	AHR	Cardiovascular	HCASMC	2420	20/388	18/386	-0.0614019	0	1.10538
SRX8468590	TFs and others	BRD4	Liver	HuH-7	2262	20/388	18/386	-0.0614019	0	1.10538
SRX8803196	TFs and others	MYC	Breast	MCF-7	1238	20/388	18/386	-0.0614019	0	1.10538
SRX190293	TFs and others	NR2F2	Breast	MCF-7	26508	96/388	98/386	-0.061282	0	0.974542
SRX2017938	TFs and others	FOXA1	Prostate	22Rv1	40769	98/388	100/386	-0.0608472	0	0.974948
SRX3931057	TFs and others	GRHL2	Breast	MCF-7	24802	98/388	100/386	-0.0608472	0	0.974948
SRX100407	TFs and others	PAX5	Blood	GM12878	15730	103/388	100/386	-0.0603177	0	1.02469
SRX129069	TFs and others	MYC	Neural	U-87 MG	6224	103/388	100/386	-0.0603177	0	1.02469
SRX3584200	TFs and others	CEBPB	Gonad	Epididymis	33243	101/388	103/386	-0.0602282	0	0.975528
SRX5574356	TFs and others	SPI1	Blood	Monocytes	28613	101/388	103/386	-0.0602282	0	0.975528
SRX7549660	TFs and others	TFAP2C	Pluripotent stem cell	hESC UCLA1	10942	104/388	101/386	-0.0601156	0	1.0244
SRX100465	TFs and others	MEF2C	Blood	GM12878	5238	19/388	20/386	-0.0599302	0	0.945103
SRX1614810	TFs and others	ZNF366	Blood	Dendritic Cells	5682	19/388	20/386	-0.0599302	0	0.945103
SRX3124566	TFs and others	STAT3	Prostate	NCI-H358	8159	19/388	20/386	-0.0599302	0	0.945103
SRX475784	TFs and others	REST	Blood	GM12878	4230	19/388	20/386	-0.0599302	0	0.945103
SRX5389159	TFs and others	PML	Blood	Acute promyelocytic leukemia	4510	19/388	20/386	-0.0599302	0	0.945103
SRX7575887	TFs and others	MYC	Blood	RAJI	1131	19/388	20/386	-0.0599302	0	0.945103
SRX833403	TFs and others	CTNNB1	Pluripotent stem cell	hESC H1	14074	19/388	20/386	-0.0599302	0	0.945103
SRX8468591	TFs and others	BRD4	Liver	HuH-7	2466	19/388	20/386	-0.0599302	0	0.945103
SRX1758520	TFs and others	NELFE	Breast	MCF-7	4612	105/388	102/386	-0.0599177	0	1.02411
SRX5089499	TFs and others	HDAC1	Breast	MCF-7	1001	21/388	19/386	-0.0598428	0	1.09957
SRX5532364	TFs and others	CTCF	Neural	Anterior temporal cortex	1594	21/388	19/386	-0.0598428	0	1.09957
SRX9565526	TFs and others	Epitope tags	Kidney	293	1170	21/388	19/386	-0.0598428	0	1.09957
SRX4404396	TFs and others	MYCN	Prostate	LNCAP	4830	106/388	103/386	-0.0597237	0	1.02382
SRX5821031	TFs and others	GATA1	Blood	CD34+	12681	110/388	107/386	-0.0589866	0	1.02274
SRX2194266	TFs and others	EP300	Breast	SUM 159PT	40733	112/388	109/386	-0.0586401	0	1.02223
SRX10333914	TFs and others	NELFA	Digestive tract	DLD-1	12641	276/388	277/386	-0.0586401	0	0.991254
SRX5574491	TFs and others	SPI1	Blood	CTV-1	32366	110/388	112/386	-0.0585849	0	0.97708
SRX092414	TFs and others	CTCF	Blood	Lymphoma, B-Cell	5558	20/388	21/386	-0.0584879	0	0.947472
SRX1690217	TFs and others	TWIST1	Neural	Neuroblastoma	8298	20/388	21/386	-0.0584879	0	0.947472
SRX334258	TFs and others	E2F1	Unclassified	Unclassified	1213	20/388	21/386	-0.0584879	0	0.947472
SRX4390177	TFs and others	JUND	Blood	Kasumi-1	2152	20/388	21/386	-0.0584879	0	0.947472
SRX475785	TFs and others	REST	Blood	GM12878	4242	20/388	21/386	-0.0584879	0	0.947472
SRX5124864	TFs and others	FOXA1	Prostate	22Rv1	15002	20/388	21/386	-0.0584879	0	0.947472
SRX7121994	TFs and others	SMARCA4	Breast	MCF-7	5825	20/388	21/386	-0.0584879	0	0.947472
SRX190341	TFs and others	TEAD4	Uterus	ECC-1	25759	111/388	113/386	-0.0584204	0	0.977237
SRX4708066	TFs and others	U2AF1	Blood	K-562	1308	22/388	20/386	-0.0584025	0	1.09433
SRX103003	TFs and others	MYC	Breast	MCF-7	12791	112/388	114/386	-0.0582591	0	0.977392
SRX4394546	TFs and others	CEBPB	Bone	SU-DHL-1	48890	115/388	112/386	-0.0581461	0	1.02149
SRX316369	TFs and others	SUMO2	Kidney	293	18470	114/388	116/386	-0.0579464	0	0.977693
SRX5574363	TFs and others	SPI1	Blood	Dendritic Cells	43358	114/388	116/386	-0.0579464	0	0.977693
SRX6099459	TFs and others	POU2F2	Blood	DLBCL	22864	114/388	116/386	-0.0579464	0	0.977693
SRX186644	TFs and others	HDAC1	Blood	K-562	5720	117/388	114/386	-0.0578332	0	1.02103
SRX2323891	TFs and others	KMT2A	Kidney	293	5478	117/388	114/386	-0.0578332	0	1.02103
SRX6961665	TFs and others	SUPT5H	Digestive tract	HCT 116	13616	273/388	269/386	-0.0577948	0	1.00964
SRX1998422	TFs and others	MYOD1	Muscle	Rhabdomyosarcoma	23066	118/388	115/386	-0.0576814	0	1.0208
SRX150563	TFs and others	E2F1	Uterus	HeLa	6539	117/388	119/386	-0.0575007	0	0.978125
SRX100429	TFs and others	SPI1	Blood	K-562	24448	121/388	118/386	-0.0572444	0	1.02014
SRX265220	TFs and others	MYH11	Blood	ME-1	6124	119/388	121/386	-0.0572185	0	0.978402
SRX055310	TFs and others	KDM5B	Breast	MCF-7	942	21/388	22/386	-0.0571505	0	0.949625
SRX1457802	TFs and others	GFP	Uterus	HeLa	944	21/388	22/386	-0.0571505	0	0.949625
SRX9565527	TFs and others	Epitope tags	Kidney	293	1136	21/388	22/386	-0.0571505	0	0.949625
SRX017911	TFs and others	RELA	Blood	GM12891	1870	23/388	21/386	-0.057067	0	1.08959
SRX1027450	TFs and others	CEBPB	Others	Mesenchymal stem cells	20635	23/388	21/386	-0.057067	0	1.08959
SRX1726518	TFs and others	E2F1	Blood	U-266	1534	23/388	21/386	-0.057067	0	1.08959
SRX1961161	TFs and others	ESR1	Breast	T-47D	4445	23/388	21/386	-0.057067	0	1.08959
SRX2545049	TFs and others	FOXA1	Prostate	LNCAP	24519	23/388	21/386	-0.057067	0	1.08959
SRX2578876	TFs and others	ESR1	Breast	MDA-MB-231	1577	23/388	21/386	-0.057067	0	1.08959
SRX9434365	TFs and others	RELA	Digestive tract	HT-29	2871	23/388	21/386	-0.057067	0	1.08959
SRX9674304	TFs and others	NR3C1	Pluripotent stem cell	iPSC derived hepatocytes	10225	23/388	21/386	-0.057067	0	1.08959
SRX8299813	TFs and others	MYC	Bone	U2OS	17511	267/388	263/386	-0.0569477	0	1.00998
SRX9932055	TFs and others	STAT5A	Breast	MCF-7	6509	121/388	123/386	-0.0569477	0	0.978669
SRX1212236	TFs and others	FOXA1	Prostate	LNCAP	63527	124/388	126/386	-0.0565622	0	0.979054
SRX265227	TFs and others	TAL1	Blood	ME-1	7018	127/388	124/386	-0.0564476	0	1.01891
SRX059373	TFs and others	E2F6	Blood	K-562	7807	128/388	130/386	-0.0560847	0	0.97954
SRX1515032	TFs and others	GFP	Kidney	293	8905	22/388	23/386	-0.0559062	0	0.951591
SRX2731315	TFs and others	PAF1	Digestive tract	HCT 116	2381	22/388	23/386	-0.0559062	0	0.951591
SRX2871342	TFs and others	GATA3	Breast	T-47D	5728	22/388	23/386	-0.0559062	0	0.951591
SRX1745738	TFs and others	ESR1	Uterus	Endometrial Stromal Tumors	5213	24/388	22/386	-0.0558244	0	1.08529
SRX186617	TFs and others	RCOR1	Lung	IMR-90	4183	24/388	22/386	-0.0558244	0	1.08529
SRX3229124	TFs and others	FOXA1	Breast	Breast cancer	9597	24/388	22/386	-0.0558244	0	1.08529
SRX5203303	TFs and others	FOXA1	Breast	MCF-7	17625	24/388	22/386	-0.0558244	0	1.08529
SRX6099462	TFs and others	CREBBP	Blood	DLBCL	27145	131/388	133/386	-0.0557526	0	0.979885
SRX6027688	TFs and others	ESR1	Uterus	Ishikawa	21394	253/388	249/386	-0.0553424	0	1.01083
SRX8841629	TFs and others	RAD21	Blood	Lymphoblasts	23170	138/388	140/386	-0.0550581	0	0.980633
SRX11343125	TFs and others	RUNX1	Blood	Acute myeloid leukemia	19380	140/388	137/386	-0.0550333	0	1.01663
DRX300415	TFs and others	JADE3	Kidney	293	11306	249/388	245/386	-0.0549677	0	1.01109
SRX9206198	TFs and others	GFP	Digestive tract	HCT 116	13858	249/388	245/386	-0.0549677	0	1.01109
SRX6867661	TFs and others	RUNX1T1	Pluripotent stem cell	hESC H9	6676	139/388	141/386	-0.0549677	0	0.980734
SRX9178855	TFs and others	HAP1	Blood	HAP1	6448	140/388	142/386	-0.0548793	0	0.980833
SRX8949802	TFs and others	ASCL1	Unclassified	Unclassified	20597	245/388	246/386	-0.0547611	0	0.990801
SRX10333910	TFs and others	SUPT5H	Digestive tract	DLD-1	4483	23/388	24/386	-0.0547449	0	0.953393
SRX10657963	TFs and others	Epitope tags	Blood	NALM-6	3498	23/388	24/386	-0.0547449	0	0.953393
SRX3923509	TFs and others	FOXA1	Breast	MCF-7	13426	23/388	24/386	-0.0547449	0	0.953393
SRX753141	TFs and others	GTF2I	Pluripotent stem cell	iPS cells	5411	23/388	24/386	-0.0547449	0	0.953393
SRX7972450	TFs and others	MKL1	Epidermis	MKL-1	12318	23/388	24/386	-0.0547449	0	0.953393
SRX9029211	TFs and others	POU2F2	Blood	Neutrophils	2828	23/388	24/386	-0.0547449	0	0.953393
SRX022432	TFs and others	E2F1	Uterus	HeLa	1512	25/388	23/386	-0.0546646	0	1.08135
SRX1672137	TFs and others	NR3C1	Lung	BEAS-2B	7586	25/388	23/386	-0.0546646	0	1.08135
SRX306513	TFs and others	FOXA1	Prostate	DU 145	11123	25/388	23/386	-0.0546646	0	1.08135
SRX895440	TFs and others	PIAS1	Prostate	VCaP	5899	25/388	23/386	-0.0546646	0	1.08135
SRX190302	TFs and others	EGR1	Digestive tract	HCT 116	17592	243/388	244/386	-0.05459	0	0.990768
SRX5246885	TFs and others	SMARCA4	Pluripotent stem cell	iPS derived neural cells	30056	145/388	147/386	-0.0544681	0	0.98131
SRX4705113	TFs and others	CEBPA	Blood	MOLM-13	96197	241/388	237/386	-0.0543174	0	1.01164
SRX129066	TFs and others	MYC	Blood	P493-6	8719	147/388	149/386	-0.0543174	0	0.981492
SRX100443	TFs and others	SPI1	Blood	GM12891	42742	153/388	150/386	-0.0539843	0	1.01474
SRX190208	TFs and others	ZBTB7A	Uterus	ECC-1	9562	154/388	151/386	-0.053917	0	1.01461
SRX7549661	TFs and others	TFAP2C	Pluripotent stem cell	hESC UCLA1	29366	235/388	231/386	-0.0539105	0	1.01207
SRX6582165	TFs and others	JUN	Epidermis	BJ-5ta	36138	153/388	155/386	-0.0539105	0	0.982009
SRX5346116	TFs and others	MYC	Blood	RAMOS	10104	154/388	156/386	-0.053849	0	0.982091
SRX150626	TFs and others	CCNT2	Blood	K-562	11614	155/388	157/386	-0.0537894	0	0.982172
SRX356665	TFs and others	STAG1	Blood	GM19238	33323	157/388	154/386	-0.0537262	0	1.01423
SRX10313956	TFs and others	ZBTB7A	Blood	HUDEP-2	14385	231/388	232/386	-0.0537262	0	0.990557
SRX10382399	TFs and others	BCOR	Pluripotent stem cell	hESC H1	35625	364/388	361/386	-0.053658	0	1.00311
SRX1044413	TFs and others	JUN	Breast	MDA-MB-231	7609	24/388	25/386	-0.053658	0	0.955052
SRX1585243	TFs and others	ESR1	Breast	MCF-7	7500	24/388	25/386	-0.053658	0	0.955052
SRX3434291	TFs and others	SKI	Blood	HL-60	4747	24/388	25/386	-0.053658	0	0.955052
SRX3962743	TFs and others	LMNA	Epidermis	BJ-5ta	2795	24/388	25/386	-0.053658	0	0.955052
SRX4001957	TFs and others	CEBPB	Blood	THP-1	9386	24/388	25/386	-0.053658	0	0.955052
SRX5089512	TFs and others	HDAC1	Breast	MCF-7	1123	24/388	25/386	-0.053658	0	0.955052
SRX5287710	TFs and others	Biotin	Breast	MCF-7	4012	24/388	25/386	-0.053658	0	0.955052
SRX5323844	TFs and others	FOXA1	Breast	MCF-7	12995	24/388	25/386	-0.053658	0	0.955052
SRX5600895	TFs and others	OLIG2	Neural	Prefrontal Cortex	1441	24/388	25/386	-0.053658	0	0.955052
SRX5974572	TFs and others	TAL1	Blood	K-562	8881	24/388	25/386	-0.053658	0	0.955052
SRX103448	TFs and others	BRD4	Pluripotent stem cell	ES cells	3807	26/388	24/386	-0.0535792	0	1.07775
SRX2323907	TFs and others	AFF1	Blood	Pre-B cell leukemia	1313	26/388	24/386	-0.0535792	0	1.07775
SRX6957433	TFs and others	FOXL2	Kidney	HGrC1	8151	26/388	24/386	-0.0535792	0	1.07775
SRX8406420	TFs and others	AR	Prostate	Prostate	6354	26/388	24/386	-0.0535792	0	1.07775
SRX8520795	TFs and others	STAT3	Breast	HCC70	6644	26/388	24/386	-0.0535792	0	1.07775
SRX117011	TFs and others	FLI1	Blood	U-937	13833	229/388	225/386	-0.0535681	0	1.01253
SRX5574508	TFs and others	SPI1	Blood	TALL-1	66876	163/388	160/386	-0.0533917	0	1.0135
SRX7368252	TFs and others	MITF	Epidermis	Hermes 3C	27536	165/388	162/386	-0.0532938	0	1.01327
SRX5075174	TFs and others	SMARCA4	Neural	Neural progenitor cells	34486	223/388	219/386	-0.0532868	0	1.01302
SRX5574361	TFs and others	SPI1	Blood	Dendritic Cells	72021	223/388	219/386	-0.0532868	0	1.01302
SRX3931044	TFs and others	FOXA1	Breast	MCF-7	66966	167/388	169/386	-0.0532061	0	0.983072
SRX10881818	TFs and others	SMARCA4	Others	BT-16	25284	218/388	214/386	-0.0530971	0	1.01344
SRX12118515	TFs and others	POU2F2	Blood	OCI-LY-7	27492	170/388	167/386	-0.0530776	0	1.01272
SRX190406	TFs and others	TFAP2C	Epidermis	A-375	32591	213/388	209/386	-0.0529469	0	1.01389
SRX356544	TFs and others	STAG1	Blood	GM12892	35015	176/388	178/386	-0.0529214	0	0.983667
SRX5718163	TFs and others	RAD21	Kidney	293	30932	210/388	206/386	-0.0528752	0	1.01416
SRX7677729	TFs and others	SUPT5H	Digestive tract	DLD-1	9732	210/388	206/386	-0.0528752	0	1.01416
SRX356481	TFs and others	STAG1	Blood	GM12878	34444	179/388	176/386	-0.0527881	0	1.0118
SRX1491252	TFs and others	TCF4	Blood	GEN2.2	48362	199/388	195/386	-0.0527282	0	1.01525
SRX356559	TFs and others	STAG1	Blood	Lymphoblastoid cell line	33391	190/388	192/386	-0.0527237	0	0.984482
SRX4708110	TFs and others	RBM25	Liver	Hep G2	36164	186/388	183/386	-0.0526484	0	1.01115
SRX097581	TFs and others	FOXP1	Pluripotent stem cell	hESC H9	3135	25/388	26/386	-0.0526381	0	0.956582
SRX6895233	TFs and others	8-Hydroxydeoxyguanosine	Breast	MCF 10A	18736	25/388	26/386	-0.0526381	0	0.956582
SRX7262409	TFs and others	FOXA1	Others	Bladder cancer	9702	25/388	26/386	-0.0526381	0	0.956582
SRX1055105	TFs and others	Epitope tags	Kidney	293	16177	189/388	186/386	-0.0526109	0	1.01089
SRX100567	TFs and others	EP300	Breast	T-47D	9309	27/388	25/386	-0.0525607	0	1.07443
SRX1156522	TFs and others	Epitope tags	Breast	MDA-MB-231	3868	27/388	25/386	-0.0525607	0	1.07443
SRX1538766	TFs and others	PPARG	Digestive tract	HT-29	10039	27/388	25/386	-0.0525607	0	1.07443
SRX1550252	TFs and others	MYC	Bone	U2OS	1922	27/388	25/386	-0.0525607	0	1.07443
SRX1902742	TFs and others	AFF1	Blood	THP-1	1637	27/388	25/386	-0.0525607	0	1.07443
SRX2323906	TFs and others	AFF1	Blood	Pre-B cell leukemia	1302	27/388	25/386	-0.0525607	0	1.07443
SRX9426436	TFs and others	Epitope tags	Blood	RAMOS	3367	27/388	25/386	-0.0525607	0	1.07443
SRX039146	TFs and others	FOXA1	Breast	T-47D	11810	26/388	27/386	-0.0516788	0	0.957999
SRX2944451	TFs and others	MYC	Breast	MCF 10A	1827	26/388	27/386	-0.0516788	0	0.957999
SRX4046303	TFs and others	CXXC1	Blood	Erythroblasts	2051	26/388	27/386	-0.0516788	0	0.957999
SRX5646088	TFs and others	IRF1	Blood	K-562	2826	26/388	27/386	-0.0516788	0	0.957999
SRX698186	TFs and others	LMO2	Blood	Kasumi-1	7380	26/388	27/386	-0.0516788	0	0.957999
SRX092300	TFs and others	JUNB	Blood	K-562	7894	28/388	26/386	-0.0516027	0	1.07137
SRX10131662	TFs and others	CDK9	Lung	Bronchial tracheal epithelial cells	1881	28/388	26/386	-0.0516027	0	1.07137
SRX3394532	TFs and others	FLI1	Bone	A-673	11049	28/388	26/386	-0.0516027	0	1.07137
SRX4370433	TFs and others	CTCF	Neural	Anterior temporal cortex	2379	28/388	26/386	-0.0516027	0	1.07137
SRX5877911	TFs and others	Epitope tags	Bone	U2OS	62329	361/388	358/386	-0.0507745	0	1.00318
SRX1538758	TFs and others	NR1H2	Digestive tract	HT-29	6034	27/388	28/386	-0.0507745	0	0.959315
SRX3229155	TFs and others	ESR1	Breast	Breast cancer	3363	27/388	28/386	-0.0507745	0	0.959315
SRX3923508	TFs and others	FOXA1	Breast	MCF-7	14225	27/388	28/386	-0.0507745	0	0.959315
SRX5514041	TFs and others	MED12	Uterus	Uterin leiomyoma	2726	27/388	28/386	-0.0507745	0	0.959315
SRX5534866	TFs and others	GATA3	Breast	MCF-7	1258	27/388	28/386	-0.0507745	0	0.959315
SRX7570800	TFs and others	FOXO1	Blood	SU-DHL-4	4402	27/388	28/386	-0.0507745	0	0.959315
SRX1156523	TFs and others	Epitope tags	Breast	MDA-MB-231	3940	29/388	27/386	-0.0506996	0	1.06854
SRX1823810	TFs and others	CEBPB	Bone	Osteoblasts	10128	29/388	27/386	-0.0506996	0	1.06854
SRX2911578	TFs and others	HAND2	Neural	CLB-Ga	24594	29/388	27/386	-0.0506996	0	1.06854
SRX3927330	TFs and others	ONECUT2	Digestive tract	AGS	5958	29/388	27/386	-0.0506996	0	1.06854
SRX2267446	TFs and others	BRD4	Lung	NCI-H3122	2643	28/388	29/386	-0.0499204	0	0.96054
SRX3923524	TFs and others	FOXA1	Breast	ZR-75-1	15240	28/388	29/386	-0.0499204	0	0.96054
SRX8406304	TFs and others	HOXB13	Prostate	Prostate	17320	28/388	29/386	-0.0499204	0	0.96054
SRX10881801	TFs and others	SMARCC2	Others	BT-16	4089	30/388	28/386	-0.0498466	0	1.06591
SRX5323823	TFs and others	FOXA1	Breast	T-47D	9425	30/388	28/386	-0.0498466	0	1.06591
SRX7668889	TFs and others	EBF1	Digestive tract	HGC-27	5065	30/388	28/386	-0.0498466	0	1.06591
SRX1998403	TFs and others	EZH2	Muscle	Rhabdomyosarcoma	2401	29/388	30/386	-0.049112	0	0.961684
SRX4547412	TFs and others	CTCF	Breast	MCF-7	3279	29/388	30/386	-0.049112	0	0.961684
SRX6957397	TFs and others	FOXL2	Kidney	HGrC1	10305	29/388	30/386	-0.049112	0	0.961684
SRX968962	TFs and others	ESR1	Breast	MCF-7	3464	29/388	30/386	-0.049112	0	0.961684
SRX10119144	TFs and others	CREB1	Blood	MV-4-11	1224	31/388	29/386	-0.0490392	0	1.06346
SRX6913089	TFs and others	BRD4	Blood	K-562	2291	30/388	31/386	-0.0483455	0	0.962754
SRX6957393	TFs and others	FOXL2	Kidney	HGrC1	7212	30/388	31/386	-0.0483455	0	0.962754
SRX7223844	TFs and others	CTCF	Bone	U2OS	5423	30/388	31/386	-0.0483455	0	0.962754
SRX9006853	TFs and others	FOXA1	Prostate	22Rv1	13898	30/388	31/386	-0.0483455	0	0.962754
SRX9350920	TFs and others	BRD4	Digestive tract	COLO 320DM	2441	30/388	31/386	-0.0483455	0	0.962754
SRX130610	TFs and others	NCOR2	Blood	B cells	5856	32/388	30/386	-0.0482738	0	1.06117
SRX3472377	TFs and others	TP53BP1	Pluripotent stem cell	hESC H9	1762	31/388	32/386	-0.0476177	0	0.963756
SRX3923510	TFs and others	FOXA1	Breast	MCF-7	16320	31/388	32/386	-0.0476177	0	0.963756
SRX6480758	TFs and others	Epitope tags	Kidney	293	1811	31/388	32/386	-0.0476177	0	0.963756
SRX6957394	TFs and others	FOXL2	Kidney	HGrC1	6929	31/388	32/386	-0.0476177	0	0.963756
SRX818635	TFs and others	PIAS1	Kidney	293	4270	31/388	32/386	-0.0476177	0	0.963756
SRX2881137	TFs and others	NANOG	Pluripotent stem cell	hESC H9	21132	33/388	31/386	-0.0475469	0	1.05903
SRX1055109	TFs and others	Epitope tags	Kidney	293	53968	356/388	353/386	-0.0469254	0	1.0033
SRX105187	TFs and others	TP63	Epidermis	Keratinocytes	3918	32/388	33/386	-0.0469254	0	0.964699
SRX10881810	TFs and others	BRD7	Kidney	G-401	2007	32/388	33/386	-0.0469254	0	0.964699
SRX2770844	TFs and others	CEBPB	Blood	Macrophages	15841	32/388	33/386	-0.0469254	0	0.964699
SRX3990990	TFs and others	PGR	Breast	T-47D	6618	32/388	33/386	-0.0469254	0	0.964699
SRX5719611	TFs and others	CTCF	Blood	Jurkat	5232	32/388	33/386	-0.0469254	0	0.964699
SRX971586	TFs and others	TP63	Epidermis	Keratinocytes	12496	32/388	33/386	-0.0469254	0	0.964699
SRX10119386	TFs and others	JUNB	Breast	MCF 10A	22168	34/388	32/386	-0.0468555	0	1.05702
SRX1989717	TFs and others	GATA4	Lung	A549	6143	34/388	32/386	-0.0468555	0	1.05702
SRX186714	TFs and others	EZH2	Cardiovascular	HUVEC	4811	33/388	34/386	-0.0462661	0	0.965585
SRX3256876	TFs and others	KDM2B	Pluripotent stem cell	hESC H1	29582	353/388	353/386	-0.046197	0	0.994845
SRX3256875	TFs and others	KDM2B	Pluripotent stem cell	hESC H1	30407	354/388	351/386	-0.0456371	0	1.00335
SRX116417	TFs and others	CHD1	Blood	K-562	2023	34/388	35/386	-0.0456371	0	0.966421
SRX3923523	TFs and others	FOXA1	Breast	ZR-75-1	20288	34/388	35/386	-0.0456371	0	0.966421
SRX7760063	TFs and others	FOS	Pancreas	CFPAC-1	13879	34/388	35/386	-0.0456371	0	0.966421
SRX027401	TFs and others	E2F4	Adipocyte	Adipocytes	1534	36/388	34/386	-0.0455689	0	1.05337
SRX190331	TFs and others	TEAD4	Liver	Hep G2	10981	36/388	34/386	-0.0455689	0	1.05337
SRX5574387	TFs and others	SPI1	Blood	U-937	14010	36/388	34/386	-0.0455689	0	1.05337
SRX895439	TFs and others	PIAS1	Prostate	VCaP	7050	36/388	34/386	-0.0455689	0	1.05337
SRX391683	TFs and others	TRIM28	Blood	CD34 Hematopoietic stem cells	101941	353/388	350/386	-0.0450365	0	1.00337
SRX10218288	TFs and others	GATA1	Blood	HUDEP-2	7354	35/388	36/386	-0.0450365	0	0.967211
SRX347422	TFs and others	STAT3	Blood	OCI-LY-19	2685	35/388	36/386	-0.0450365	0	0.967211
SRX7054994	TFs and others	ERG	Cardiovascular	HAEC	4141	35/388	36/386	-0.0450365	0	0.967211
SRX1131571	TFs and others	BRD4	Breast	T-47D	4702	37/388	35/386	-0.044969	0	1.05169
SRX2436063	TFs and others	NEUROD1	Neural	D283 Med	14550	37/388	35/386	-0.044969	0	1.05169
SRX7262412	TFs and others	FOXA1	Others	Bladder cancer	9203	37/388	35/386	-0.044969	0	1.05169
SRX186771	TFs and others	CHD1	Blood	K-562	2234	38/388	36/386	-0.0443954	0	1.05011
SRX204408	TFs and others	BRD4	Blood	P493-6	4382	39/388	37/386	-0.0438463	0	1.04862
SRX5212366	TFs and others	SMARCA4	Others	Mel270	24568	39/388	37/386	-0.0438463	0	1.04862
SRX668345	TFs and others	GFP	Kidney	293	1977	39/388	37/386	-0.0438463	0	1.04862
SRX8616838	TFs and others	FOSL2	Lung	A549	11165	38/388	39/386	-0.0433856	0	0.969337
SRX317578	TFs and others	JARID2	Pluripotent stem cell	iPS cells	4265	39/388	40/386	-0.0428802	0	0.969974
SRX5957527	TFs and others	TBP	Pluripotent stem cell	hESC H1	2860	39/388	40/386	-0.0428802	0	0.969974
SRX5974512	TFs and others	CTCF	Blood	K-562	10007	39/388	40/386	-0.0428802	0	0.969974
SRX7044869	TFs and others	MAZ	Blood	Erythroid Cells	1769	39/388	40/386	-0.0428802	0	0.969974
SRX8080559	TFs and others	Epitope tags	Breast	Mammary gland adenocarcinoma	11761	39/388	40/386	-0.0428802	0	0.969974
SRX5289968	TFs and others	NR3C1	Lung	BEAS-2B	4678	41/388	39/386	-0.0428154	0	1.04586
SRX8080547	TFs and others	Epitope tags	Breast	Mammary gland ductal carcinoma	4602	41/388	39/386	-0.0428154	0	1.04586
SRX1041183	TFs and others	ATF4	Blood	HAP1	14888	40/388	41/386	-0.0423949	0	0.970581
SRX2671523	TFs and others	Epitope tags	Kidney	293	3888	40/388	41/386	-0.0423949	0	0.970581
SRX5514007	TFs and others	FOS	Uterus	Myometrium	3954	40/388	41/386	-0.0423949	0	0.970581
SRX9550897	TFs and others	FOXA1	Prostate	Prostate cancer	23247	40/388	41/386	-0.0423949	0	0.970581
SRX2944444	TFs and others	MYC	Breast	MCF 10A	3028	42/388	40/386	-0.0423307	0	1.04459
SRX1758506	TFs and others	NELFE	Breast	MCF-7	1813	41/388	42/386	-0.0419285	0	0.971159
SRX5212371	TFs and others	SMARCA4	Others	Mel270	25835	43/388	41/386	-0.0418648	0	1.04337
SRX10119369	TFs and others	WWTR1	Breast	MCF 10A	10656	42/388	43/386	-0.0414798	0	0.971709
SRX2609661	TFs and others	NR3C1	Lung	HASM2	25190	42/388	43/386	-0.0414798	0	0.971709
SRX7944502	TFs and others	ESR1	Uterus	Ishikawa	7822	42/388	43/386	-0.0414798	0	0.971709
SRX369138	TFs and others	EP300	Blood	CUTLL1	7940	44/388	42/386	-0.0414167	0	1.04222
SRX7760064	TFs and others	FOS	Pancreas	CFPAC-1	16204	44/388	42/386	-0.0414167	0	1.04222
SRX3256862	TFs and others	KDM2B	Pluripotent stem cell	hESC H1	25577	344/388	344/386	-0.0414167	0	0.994845
SRX10119387	TFs and others	YAP1	Breast	MDA-MB-231	16483	43/388	44/386	-0.0410479	0	0.972235
SRX699733	TFs and others	TCF21	Cardiovascular	HCASMC	9957	45/388	43/386	-0.0409853	0	1.04112
SRX1089826	TFs and others	TAL1	Blood	Erythroblasts	15217	44/388	45/386	-0.0406317	0	0.972738
SRX2871349	TFs and others	FOXA1	Breast	T-47D	14064	44/388	45/386	-0.0406317	0	0.972738
SRX8406480	TFs and others	AR	Prostate	Prostatic Neoplasms, Castration-Resistant	23918	46/388	44/386	-0.0405696	0	1.04007
SRX317575	TFs and others	EZH2	Pluripotent stem cell	iPS cells	5045	45/388	46/386	-0.0402305	0	0.973218
SRX4107932	TFs and others	SKP2	Digestive tract	HCT 116	24515	46/388	47/386	-0.0398433	0	0.973678
SRX8588623	TFs and others	SMARCA4	Cardiovascular	Pulmonary artery endothelial cells	24455	48/388	46/386	-0.039782	0	1.0381
SRX150431	TFs and others	ELK4	Uterus	HeLa	2495	49/388	47/386	-0.0394085	0	1.03718
SRX4976909	TFs and others	TP63	Epidermis	Keratinocytes	21740	49/388	47/386	-0.0394085	0	1.03718
SRX543181	TFs and others	KLF4	Epidermis	Keratinocytes	6400	49/388	47/386	-0.0394085	0	1.03718
SRX747571	TFs and others	RUNX1	Blood	Kasumi-1	8404	49/388	47/386	-0.0394085	0	1.03718
SRX102997	TFs and others	MYC	Cardiovascular	HUVEC	4366	48/388	49/386	-0.0391082	0	0.974542
SRX1968078	TFs and others	BCL11B	Blood	Thymus	2420	48/388	49/386	-0.0391082	0	0.974542
SRX6957467	TFs and others	FOXL2	Kidney	HGrC1	15833	48/388	49/386	-0.0391082	0	0.974542
SRX8089679	TFs and others	MED1	Prostate	VCaP	2854	48/388	49/386	-0.0391082	0	0.974542
SRX2652442	TFs and others	ZBTB48	Uterus	HeLa	5361	50/388	48/386	-0.0390477	0	1.0363
SRX4313202	TFs and others	HDAC2	Muscle	RH-4	6626	50/388	48/386	-0.0390477	0	1.0363
SRX1552472	TFs and others	MYC	Bone	U2OS	4396	49/388	50/386	-0.0387589	0	0.974948
SRX2609668	TFs and others	NR3C1	Lung	HASM2	21396	49/388	50/386	-0.0387589	0	0.974948
SRX476914	TFs and others	SNAI2	Epidermis	Keratinocytes	4279	50/388	51/386	-0.0384211	0	0.975339
SRX2060922	TFs and others	TP53	Breast	MCF-7	17845	52/388	50/386	-0.0383614	0	1.03464
SRX346924	TFs and others	MITF	Digestive tract	COLO 829	8666	51/388	52/386	-0.038094	0	0.975714
SRX4193143	TFs and others	ESR1	Breast	MCF-7	5375	51/388	52/386	-0.038094	0	0.975714
SRX3229136	TFs and others	ESR1	Breast	Breast cancer	2693	53/388	51/386	-0.0380347	0	1.03386
SRX3923531	TFs and others	FOXA1	Breast	ZR-75-1	25095	53/388	51/386	-0.0380347	0	1.03386
SRX3931094	TFs and others	FOXA1	Breast	MCF-7	17307	52/388	53/386	-0.0377773	0	0.976075
SRX6483127	TFs and others	ARID2	Neural	NGP	3201	52/388	53/386	-0.0377773	0	0.976075
SRX5289973	TFs and others	NR3C1	Lung	BEAS-2B	5524	55/388	53/386	-0.0374117	0	1.03239
SRX359946	TFs and others	NFYC	Digestive tract	LoVo	2134	54/388	55/386	-0.0371729	0	0.976757
SRX265231	TFs and others	SPI1	Blood	ME-1	2778	55/388	56/386	-0.0368843	0	0.97708
SRX2922234	TFs and others	ESR1	Breast	SUM 44PE	11472	55/388	56/386	-0.0368843	0	0.97708
SRX6780868	TFs and others	CREB1	Pluripotent stem cell	iPS derived neural cells	2500	55/388	56/386	-0.0368843	0	0.97708
SRX8512767	TFs and others	FOS	Digestive tract	HCT 116	4012	55/388	56/386	-0.0368843	0	0.97708
SRX3923530	TFs and others	FOXA1	Breast	ZR-75-1	29144	57/388	55/386	-0.0368262	0	1.03102
SRX8873458	TFs and others	BANP	Breast	HCC1954	5178	58/388	56/386	-0.0365465	0	1.03038
SRX150358	TFs and others	JUN	Cardiovascular	HUVEC	19921	57/388	58/386	-0.0363324	0	0.977693
SRX4193142	TFs and others	ESR1	Breast	MCF-7	6146	57/388	58/386	-0.0363324	0	0.977693
SRX8873457	TFs and others	BANP	Breast	HCC1954	5335	57/388	58/386	-0.0363324	0	0.977693
SRX9350919	TFs and others	BRD4	Digestive tract	COLO 320DM	3496	57/388	58/386	-0.0363324	0	0.977693
SRX6853598	TFs and others	ARNT	Breast	MCF-7	4815	59/388	57/386	-0.0362749	0	1.02975
SRX097106	TFs and others	SMAD1	Blood	K-562	19285	58/388	59/386	-0.0360683	0	0.977984
SRX2194257	TFs and others	BRD4	Breast	HCC1806	6822	60/388	58/386	-0.0360111	0	1.02915
SRX2897216	TFs and others	ESR1	Breast	Breast cancer cells	2377	61/388	59/386	-0.0357548	0	1.02857
SRX6596849	TFs and others	EGR1	Others	Fibroblasts	3935	62/388	60/386	-0.0355056	0	1.02801
SRX6602364	TFs and others	ARNTL	Neural	Glioma stem cells	3294	62/388	60/386	-0.0355056	0	1.02801
SRX3271015	TFs and others	KDM1A	Pluripotent stem cell	hESC derived pancreatic cells	27558	326/388	326/386	-0.0355056	0	0.994845
SRX7054938	TFs and others	ERG	Cardiovascular	HAEC	7312	63/388	61/386	-0.0352634	0	1.02746
SRX643281	TFs and others	ESR1	Breast	MCF 10A	6464	62/388	63/386	-0.035084	0	0.979054
SRX9468650	TFs and others	AR	Prostate	LNCAP	50785	63/388	64/386	-0.0348545	0	0.979301
SRX4003759	TFs and others	ESRRG	Pluripotent stem cell	iPS derived cardiac cells	16606	64/388	65/386	-0.034631	0	0.97954
SRX2368879	TFs and others	FOXA2	Epidermis	BJ	23747	65/388	66/386	-0.0344134	0	0.979772
SRX5646089	TFs and others	IRF1	Blood	K-562	6910	66/388	67/386	-0.0342015	0	0.979997
SRX6066492	TFs and others	POLR2C	Digestive tract	HCT 116	18389	320/388	320/386	-0.034146	0	0.994845
SRX150630	TFs and others	STAT3	Breast	MCF 10A	29238	69/388	67/386	-0.0339397	0	1.02454
SRX2339191	TFs and others	CREBBP	Blood	B cells	10736	68/388	69/386	-0.0337937	0	0.980427
SRX3124391	TFs and others	BRD4	Neural	KELLY	7923	68/388	69/386	-0.0337937	0	0.980427
SRX3923514	TFs and others	FOXA1	Breast	MCF-7	33250	68/388	69/386	-0.0337937	0	0.980427
SRX1027437	TFs and others	CEBPB	Others	Mesenchymal stem cells	24793	70/388	68/386	-0.0337386	0	1.02411
SRX129090	TFs and others	MED1	Neural	U-87 MG	18843	70/388	68/386	-0.0337386	0	1.02411
SRX190338	TFs and others	SIN3A	Lung	A549	4499	70/388	68/386	-0.0337386	0	1.02411
SRX3931098	TFs and others	GRHL2	Breast	MCF-7	13972	70/388	68/386	-0.0337386	0	1.02411
SRX673750	TFs and others	MED1	Breast	MCF-7	4106	69/388	70/386	-0.0335975	0	0.980633
SRX1052317	TFs and others	Epitope tags	Blood	K-562	4260	72/388	70/386	-0.0333514	0	1.02327
SRX7677727	TFs and others	NELFE	Digestive tract	DLD-1	3476	72/388	70/386	-0.0333514	0	1.02327
SRX8272901	TFs and others	BRD4	Blood	BLaER1	3637	72/388	70/386	-0.0333514	0	1.02327
SRX190191	TFs and others	REST	Neural	SK-N-SH	9889	71/388	72/386	-0.0332196	0	0.981028
SRX8907431	TFs and others	MTA2	Muscle	RH-4	13550	73/388	71/386	-0.0331649	0	1.02287
SRX316362	TFs and others	NR3C1	Kidney	293	36804	72/388	73/386	-0.0330375	0	0.981217
SRX2194234	TFs and others	BRD4	Breast	SUM 159PT	7476	74/388	72/386	-0.0329829	0	1.02248
SRX8602200	TFs and others	IRF4	Blood	NCI-H929	7169	74/388	72/386	-0.0329829	0	1.02248
SRX992662	TFs and others	E2F1	Prostate	LNCAP	17851	314/388	314/386	-0.0329829	0	0.994845
SRX100393	TFs and others	CTCF	Breast	T-47D	22319	73/388	74/386	-0.0328598	0	0.981402
SRX2565136	TFs and others	E2F1	Prostate	LNCAP	4112	77/388	75/386	-0.0324628	0	1.02137
SRX8536092	TFs and others	JUND	Blood	CD34+	4808	76/388	77/386	-0.0323516	0	0.981925
SRX3990986	TFs and others	PGR	Breast	T-47D	28657	78/388	76/386	-0.0322975	0	1.02103
SRX265239	TFs and others	MYH11	Blood	U-937	8318	77/388	78/386	-0.0321901	0	0.982091
SRX190360	TFs and others	MAX	Digestive tract	HCT 116	38769	308/388	308/386	-0.0319784	0	0.994845
SRX2734392	TFs and others	NFE2L2	Cardiovascular	HAEC	17737	79/388	80/386	-0.0318781	0	0.98241
SRX371470	TFs and others	ESR1	Breast	ZR-75-1	37855	79/388	80/386	-0.0318781	0	0.98241
SRX015142	TFs and others	MYC	Blood	K-562	5982	80/388	81/386	-0.0317274	0	0.982563
SRX150633	TFs and others	GTF2F1	Uterus	HeLa	6973	80/388	81/386	-0.0317274	0	0.982563
SRX150728	TFs and others	JUND	Liver	Hep G2	27896	80/388	81/386	-0.0317274	0	0.982563
SRX5323856	TFs and others	STAT3	Breast	MCF-7	13882	80/388	81/386	-0.0317274	0	0.982563
SRX9433102	TFs and others	MYC	Bone	U2OS	5488	82/388	80/386	-0.0316737	0	1.01972
SRX190334	TFs and others	CEBPB	Blood	K-562	16697	81/388	82/386	-0.0315801	0	0.982713
SRX4213897	TFs and others	LIN9	Breast	MCF 10A	3540	81/388	82/386	-0.0315801	0	0.982713
SRX7141988	TFs and others	O-GlcNAc	Adipocyte	Adipocytes	3202	83/388	81/386	-0.0315265	0	1.01941
SRX3394525	TFs and others	FLI1	Bone	A-673	28937	84/388	82/386	-0.0313825	0	1.01911
SRX5574354	TFs and others	SPI1	Blood	Monocytes	31053	83/388	84/386	-0.0312952	0	0.983002
SRX5234512	TFs and others	SMARCA4	Kidney	TTC1240	14864	84/388	85/386	-0.0311575	0	0.983141
SRX3931043	TFs and others	FOXA1	Breast	MCF-7	33666	86/388	87/386	-0.030891	0	0.98341
SRX190300	TFs and others	EGR1	Breast	MCF-7	6138	88/388	86/386	-0.0308378	0	1.01798
SRX6961666	TFs and others	SUPT5H	Digestive tract	HCT 116	18211	299/388	296/386	-0.0305125	0	1.00493
SRX5574452	TFs and others	SPI1	Blood	CTV-1	23749	89/388	90/386	-0.0305125	0	0.983792
SRX6878604	TFs and others	FOXA1	Prostate	LNCAP	67570	90/388	91/386	-0.0303917	0	0.983913
SRX100544	TFs and others	EP300	Liver	Hep G2	24398	92/388	90/386	-0.0303386	0	1.01695
SRX393516	TFs and others	TAL1	Cardiovascular	Primary endothelial cells	37579	92/388	90/386	-0.0303386	0	1.01695
SRX4786549	TFs and others	ESR1	Breast	MCF-7	12317	91/388	92/386	-0.0302734	0	0.984032
SRX7054616	TFs and others	RELA	Cardiovascular	HAEC	19564	91/388	92/386	-0.0302734	0	0.984032
SRX9556498	TFs and others	GATA3	Breast	MDA-MB-231	20430	91/388	92/386	-0.0302734	0	0.984032
SRX003799	TFs and others	STAT1	Uterus	HeLa	12435	93/388	91/386	-0.0302204	0	1.01671
SRX3367141	TFs and others	FOSL2	Epidermis	SK-MEL-147	39118	93/388	91/386	-0.0302204	0	1.01671
SRX4714469	TFs and others	GTF3C2	Neural	T98G	6940	93/388	91/386	-0.0302204	0	1.01671
SRX7624162	TFs and others	ESR1	Breast	T-47D	21278	93/388	91/386	-0.0302204	0	1.01671
SRX190187	TFs and others	FOXM1	Blood	GM12878	17465	92/388	93/386	-0.0301576	0	0.984148
SRX5323870	TFs and others	STAT3	Breast	MCF-7	11272	95/388	93/386	-0.0299913	0	1.01624
SRX4708023	TFs and others	HNRNPL	Liver	Hep G2	9140	98/388	99/386	-0.0295118	0	0.984796
SRX1304576	TFs and others	JMJD1C	Blood	HL-60	26252	99/388	100/386	-0.0294118	0	0.984897
SRX2194250	TFs and others	CEBPB	Breast	SUM 159PT	45705	99/388	100/386	-0.0294118	0	0.984897
SRX186634	TFs and others	RFX5	Neural	SK-N-SH	6877	100/388	101/386	-0.0293138	0	0.984995
SRX5574362	TFs and others	SPI1	Blood	Dendritic Cells	36205	103/388	101/386	-0.0291649	0	1.01455
SRX9101665	TFs and others	SREBF2	Epidermis	Melanoma cell line	9610	104/388	102/386	-0.0290709	0	1.01435
SRX103009	TFs and others	MYC	Blood	K-562	8472	107/388	105/386	-0.0288	0	1.01379
SRX10913942	TFs and others	SP1	Epidermis	Dermal fibroblast	4234	108/388	109/386	-0.0285982	0	0.985718
SRX6913082	TFs and others	BRD4	Blood	K-562	8600	110/388	108/386	-0.0285451	0	1.01327
SRX3345958	TFs and others	INTS13	Blood	HL-60	7165	112/388	113/386	-0.0282818	0	0.986041
SRX9419950	TFs and others	FOXA1	Breast	SK-BR-3	44087	114/388	112/386	-0.0282285	0	1.01261
SRX7055006	TFs and others	RELA	Cardiovascular	HAEC	23009	114/388	115/386	-0.028133	0	0.986195
SRX8420196	TFs and others	JUN	Blood	KARPAS-299	12874	114/388	115/386	-0.028133	0	0.986195
SRX4572976	TFs and others	HLF	Liver	Hep G2	32251	117/388	115/386	-0.0280074	0	1.01215
SRX10722431	TFs and others	BCL11B	Blood	T-ALL	7216	118/388	116/386	-0.0279366	0	1.012
SRX316367	TFs and others	SUMO2	Kidney	293	22196	120/388	118/386	-0.0277993	0	1.01171
SRX5904135	TFs and others	TCF21	Cardiovascular	HCASMC	29997	120/388	118/386	-0.0277993	0	1.01171
SRX7299332	TFs and others	TCF21	Cardiovascular	Coronary artery smooth muscle	29997	120/388	118/386	-0.0277993	0	1.01171
SRX8037074	TFs and others	KLF5	Digestive tract	NCI-H508	8889	120/388	118/386	-0.0277993	0	1.01171
SRX2166886	TFs and others	BRD4	Neural	Retina	13455	266/388	266/386	-0.0276675	0	0.994845
SRX3800332	TFs and others	STAG2	Others	RT-112	26517	267/388	264/386	-0.0276574	0	1.00615
SRX734410	TFs and others	AR	Prostate	CWR22Pc	62142	267/388	264/386	-0.0276574	0	1.00615
SRX5574448	TFs and others	SPI1	Blood	CTV-1	34260	123/388	121/386	-0.0276036	0	1.01129
SRX1067069	TFs and others	AR	Prostate	LHSAR	121269	122/388	123/386	-0.0275949	0	0.986757
SRX8616827	TFs and others	FOSL2	Lung	A549	13920	122/388	123/386	-0.0275949	0	0.986757
SRX2555289	TFs and others	HAND2	Neural	BE(2)-C	38928	125/388	123/386	-0.0274797	0	1.01102
SRX8536120	TFs and others	NFYB	Blood	HUDEP-2	7952	125/388	123/386	-0.0274797	0	1.01102
SRX8861818	TFs and others	ESR1	Breast	T-47D	21187	125/388	123/386	-0.0274797	0	1.01102
SRX190194	TFs and others	GATA3	Neural	SK-N-SH	67373	126/388	124/386	-0.0274197	0	1.01089
SRX9178837	TFs and others	HAP1	Blood	HAP1	5798	125/388	126/386	-0.0274149	0	0.98695
SRX5574462	TFs and others	SPI1	Blood	CTV-1	33498	129/388	127/386	-0.0272468	0	1.01051
SRX9178839	TFs and others	HAP1	Blood	HAP1	6242	129/388	130/386	-0.027192	0	0.987193
SRX8299828	TFs and others	MYC	Bone	U2OS	20153	258/388	255/386	-0.0271392	0	1.00655
SRX8037076	TFs and others	KLF5	Lung	HARA	10215	130/388	131/386	-0.0271392	0	0.987251
SRX2769830	TFs and others	OTX2	Neural	D283 Med	56738	132/388	133/386	-0.0270369	0	0.987365
SRX9523535	TFs and others	NABP2	Bone	HT-1080	12504	254/388	251/386	-0.026939	0	1.00674
SRX5702623	TFs and others	ESR1	Breast	Breast cancer cells	16957	134/388	135/386	-0.026939	0	0.987476
SRX7276677	TFs and others	Epitope tags	Kidney	293	25291	135/388	133/386	-0.0269325	0	1.00981
SRX356560	TFs and others	STAG1	Blood	Lymphoblastoid cell line	26830	135/388	136/386	-0.0268917	0	0.98753
SRX3285595	TFs and others	KDM5B	Breast	MCF-7	7396	137/388	135/386	-0.0268365	0	1.00958
SRX3230414	TFs and others	ZNF281	Liver	Hep G2	19357	138/388	139/386	-0.0267559	0	0.987688
SRX5574357	TFs and others	SPI1	Blood	Dendritic Cells	43953	146/388	144/386	-0.0264548	0	1.00866
SRX4404395	TFs and others	MYCN	Prostate	LNCAP	12003	240/388	237/386	-0.0263669	0	1.00744
SRX9550893	TFs and others	FOXA1	Prostate	Prostate cancer	41021	149/388	147/386	-0.0263448	0	1.00838
SRX150450	TFs and others	TFAP2C	Uterus	HeLa	16478	150/388	148/386	-0.0263099	0	1.00829
SRX5574449	TFs and others	SPI1	Blood	CTV-1	94595	238/388	235/386	-0.0263002	0	1.00755
SRX3927296	TFs and others	BRD7	Blood	MOLM-13	18235	150/388	151/386	-0.0263002	0	0.988257
SRX334250	TFs and others	E2F1	Unclassified	Unclassified	7456	152/388	153/386	-0.0262369	0	0.988343
SRX5574453	TFs and others	SPI1	Blood	CTV-1	40532	153/388	151/386	-0.0262106	0	1.00802
SRX5391685	TFs and others	RAD21	Blood	Neutrophils	37342	233/388	230/386	-0.0261485	0	1.00782
SRX150647	TFs and others	ZNF143	Blood	K-562	23135	156/388	154/386	-0.0261191	0	1.00777
SRX9550863	TFs and others	FOXA1	Prostate	Prostate cancer	61591	156/388	154/386	-0.0261191	0	1.00777
SRX128102	TFs and others	TFAP2C	Breast	SK-BR-3	40527	231/388	228/386	-0.0260937	0	1.00794
SRX150692	TFs and others	ZNF143	Blood	GM12878	33496	230/388	230/386	-0.0260623	0	0.994845
SRX326887	TFs and others	GABPA	Blood	Jurkat	23665	227/388	224/386	-0.0259939	0	1.00817
SRX356522	TFs and others	STAG1	Blood	GM12891	34044	161/388	162/386	-0.0259939	0	0.988704
SRX9550864	TFs and others	FOXA1	Prostate	Prostate cancer	41047	162/388	160/386	-0.0259584	0	1.00728
SRX190292	TFs and others	USF1	Digestive tract	HCT 116	16932	164/388	165/386	-0.0259274	0	0.988816
SRX4792912	TFs and others	RAD21	Breast	T-47D	16942	165/388	166/386	-0.0259067	0	0.988852
SRX4548329	TFs and others	TRP47	Blood	THP-1	38526	167/388	168/386	-0.0258678	0	0.988924
SRX151246	TFs and others	SMC1A	Blood	BCBL1	22436	168/388	166/386	-0.0258264	0	1.00683
SRX1515062	TFs and others	GFP	Kidney	293	9351	168/388	166/386	-0.0258264	0	1.00683
SRX092301	TFs and others	JUND	Blood	K-562	35347	174/388	175/386	-0.0257553	0	0.989161
SRX150632	TFs and others	CEBPB	Uterus	HeLa	67673	212/388	212/386	-0.0256928	0	0.994845
SRX8272937	TFs and others	BRD4	Blood	BLaER1	8693	180/388	181/386	-0.0256874	0	0.989349
SRX8670126	TFs and others	ASCL1	Neural	SH-SY5Y	50406	180/388	181/386	-0.0256874	0	0.989349
SRX4792908	TFs and others	RAD21	Breast	T-47D	25585	211/388	211/386	-0.0256794	0	0.994845
SRX4404392	TFs and others	MYCN	Prostate	LNCAP	11634	205/388	202/386	-0.0256631	0	1.00962
SRX9178841	TFs and others	HAP1	Blood	HAP1	9141	183/388	184/386	-0.0256631	0	0.989439
SRX100408	TFs and others	SP1	Blood	GM12878	24873	209/388	209/386	-0.0256548	0	0.994845
SRX1515053	TFs and others	GFP	Kidney	293	14152	185/388	186/386	-0.0256505	0	0.989497
SRX202967	TFs and others	RUNX1	Blood	SEM	42745	199/388	196/386	-0.0256336	0	1.01007
SRX1165103	TFs and others	Epitope tags	Liver	Hep G2	14965	191/388	192/386	-0.0256294	0	0.989664
SRX3091912	TFs and others	ZFX	Digestive tract	HCT 116	9176	201/388	201/386	-0.0255849	0	0.994845
SRX5574465	TFs and others	ETS1	Blood	CTV-1	33103	198/388	198/386	-0.0255703	0	0.994845
DRX059609	TFs and others	BMI1	Blood	HB1119	559	2/388	1/386	0	0	1.98969
SRX014774	TFs and others	RXRA	Blood	Leukemia, Myeloid	287	2/388	1/386	0	0	1.98969
SRX016037	TFs and others	RB1	Lung	IMR-90	1420	2/388	1/386	0	0	1.98969
SRX017882	TFs and others	RELA	Blood	GM12892	198	2/388	1/386	0	0	1.98969
SRX017889	TFs and others	RELA	Blood	GM10847	159	2/388	1/386	0	0	1.98969
SRX020936	TFs and others	FOXA1	Prostate	VCaP	448	2/388	1/386	0	0	1.98969
SRX026647	TFs and others	MethylCap	Blood	Acute myeloid leukemia	2813	2/388	1/386	0	0	1.98969
SRX059715	TFs and others	EZH2	Prostate	VCaP	528	2/388	1/386	0	0	1.98969
SRX064482	TFs and others	SMAD3	Pluripotent stem cell	hESC H9	773	2/388	1/386	0	0	1.98969
SRX10119165	TFs and others	CREB1	Blood	MV-4-11	377	2/388	1/386	0	0	1.98969
SRX10119394	TFs and others	STAT3	Breast	MDA-MB-231	177	2/388	1/386	0	0	1.98969
SRX10131678	TFs and others	MLLT3	Lung	Bronchial tracheal epithelial cells	645	2/388	1/386	0	0	1.98969
SRX10365546	TFs and others	NCOA3	Breast	MCF-7	2540	2/388	1/386	0	0	1.98969
SRX10511721	TFs and others	Epitope tags	Digestive tract	HCT 116	1114	2/388	1/386	0	0	1.98969
SRX1053367	TFs and others	MED1	Pluripotent stem cell	ES cells	1046	2/388	1/386	0	0	1.98969
SRX10567329	TFs and others	HMGB1	Lung	IMR-90	254	2/388	1/386	0	0	1.98969
SRX10634384	TFs and others	TEAD1	Epidermis	Keratinocytes	1567	2/388	1/386	0	0	1.98969
SRX107366	TFs and others	ESR1	Breast	H3396	1532	2/388	1/386	0	0	1.98969
SRX1078860	TFs and others	LEO1	Digestive tract	HCT 116	277	2/388	1/386	0	0	1.98969
SRX1089835	TFs and others	RUNX1	Blood	Hematopoietic Stem Cells	686	2/388	1/386	0	0	1.98969
SRX11005599	TFs and others	DNMT3B	Breast	MCF10CA1a	895	2/388	1/386	0	0	1.98969
SRX11005603	TFs and others	DNMT3B	Breast	MCF10CA1a	879	2/388	1/386	0	0	1.98969
SRX11005607	TFs and others	POU2F1	Breast	MCF10CA1a	531	2/388	1/386	0	0	1.98969
SRX11005611	TFs and others	POU2F1	Breast	MCF10CA1a	494	2/388	1/386	0	0	1.98969
SRX1116231	TFs and others	EP300	Cardiovascular	HUVEC	1947	2/388	1/386	0	0	1.98969
SRX1140482	TFs and others	KDM3B	Digestive tract	HCT 116	378	2/388	1/386	0	0	1.98969
SRX116424	TFs and others	HDAC2	Blood	K-562	406	2/388	1/386	0	0	1.98969
SRX1177906	TFs and others	CDK9	Digestive tract	HCT 116	956	2/388	1/386	0	0	1.98969
SRX130090	TFs and others	SMAD3	Pluripotent stem cell	hESC derived mesendodermal cells	557	2/388	1/386	0	0	1.98969
SRX1431735	TFs and others	SPI1	Blood	K-562	1222	2/388	1/386	0	0	1.98969
SRX1478540	TFs and others	SIX1	Kidney	Kidney Cortex	562	2/388	1/386	0	0	1.98969
SRX148008	TFs and others	SETDB1	Epidermis	WM262	186	2/388	1/386	0	0	1.98969
SRX1491464	TFs and others	ASH1L	Blood	K-562	1003	2/388	1/386	0	0	1.98969
SRX1515060	TFs and others	GFP	Kidney	293	499	2/388	1/386	0	0	1.98969
SRX155754	TFs and others	HSF1	Breast	SK-BR-3	324	2/388	1/386	0	0	1.98969
SRX158107	TFs and others	GATA3	Blood	RPMI 8402	483	2/388	1/386	0	0	1.98969
SRX1585245	TFs and others	ESR1	Breast	LTED cells	713	2/388	1/386	0	0	1.98969
SRX1674503	TFs and others	ZMYND8	Uterus	HeLa	417	2/388	1/386	0	0	1.98969
SRX1823819	TFs and others	BRD4	Pancreas	L3.6	407	2/388	1/386	0	0	1.98969
SRX1842780	TFs and others	MYCN	Neural	Neuroblastoma	215	2/388	1/386	0	0	1.98969
SRX186779	TFs and others	EP300	Blood	K-562	2551	2/388	1/386	0	0	1.98969
SRX186813	TFs and others	ESR1	Breast	Breast cancer	1332	2/388	1/386	0	0	1.98969
SRX1878905	TFs and others	MYOG	Muscle	Rh-4	1249	2/388	1/386	0	0	1.98969
SRX204180	TFs and others	PIAS4	Lung	WI-38	1256	2/388	1/386	0	0	1.98969
SRX212319	TFs and others	CTCF	Blood	Macrophages	783	2/388	1/386	0	0	1.98969
SRX2188685	TFs and others	BRCA1	Lung	IMR-90	188	2/388	1/386	0	0	1.98969
SRX2207928	TFs and others	PSMB5	Epidermis	CS1AN	314	2/388	1/386	0	0	1.98969
SRX2210488	TFs and others	ASCL1	Unclassified	Unclassified	961	2/388	1/386	0	0	1.98969
SRX2210489	TFs and others	ASCL1	Unclassified	Unclassified	1396	2/388	1/386	0	0	1.98969
SRX2210490	TFs and others	ASCL1	Unclassified	Unclassified	1253	2/388	1/386	0	0	1.98969
SRX2242956	TFs and others	NOTCH1	Neural	GSC8	522	2/388	1/386	0	0	1.98969
SRX2245089	TFs and others	Epitope tags	Blood	Lymphoblastoid cell line	1352	2/388	1/386	0	0	1.98969
SRX2267443	TFs and others	BRD4	Lung	A549	249	2/388	1/386	0	0	1.98969
SRX2281256	TFs and others	AFF1	Unclassified	Unclassified	429	2/388	1/386	0	0	1.98969
SRX2321774	TFs and others	NKX2-5	Pluripotent stem cell	ES cells	1620	2/388	1/386	0	0	1.98969
SRX2378773	TFs and others	NELFE	Bone	U2OS	601	2/388	1/386	0	0	1.98969
SRX2425863	TFs and others	SMAD1	Breast	MDA-MB-231	1264	2/388	1/386	0	0	1.98969
SRX248769	TFs and others	RB1	Uterus	HeLa	1175	2/388	1/386	0	0	1.98969
SRX253230	TFs and others	SSRP1	Others	Fibrosarcoma	2632	2/388	1/386	0	0	1.98969
SRX2533037	TFs and others	SIRT1	Digestive tract	HCT 116	882	2/388	1/386	0	0	1.98969
SRX2584128	TFs and others	EPAS1	Epidermis	501A	659	2/388	1/386	0	0	1.98969
SRX2589927	TFs and others	MORC2	Blood	K-562	366	2/388	1/386	0	0	1.98969
SRX2961560	TFs and others	STAT1	Blood	SET-2	616	2/388	1/386	0	0	1.98969
SRX306508	TFs and others	AR	Prostate	DU 145	437	2/388	1/386	0	0	1.98969
SRX3070472	TFs and others	NR3C1	Breast	MCF 10A	477	2/388	1/386	0	0	1.98969
SRX3070474	TFs and others	NR3C1	Breast	MCF 10A	561	2/388	1/386	0	0	1.98969
SRX3070540	TFs and others	PRDM1	Blood	U-266	329	2/388	1/386	0	0	1.98969
SRX317594	TFs and others	EZH2	Pluripotent stem cell	iPS cells	387	2/388	1/386	0	0	1.98969
SRX3203625	TFs and others	MORC2	Pluripotent stem cell	ES cells	1057	2/388	1/386	0	0	1.98969
SRX3229171	TFs and others	AR	Breast	Breast cancer	331	2/388	1/386	0	0	1.98969
SRX3240992	TFs and others	MED1	Others	Mesenchymal stem cells	994	2/388	1/386	0	0	1.98969
SRX327769	TFs and others	BRD4	Lung	NCI-H2171	712	2/388	1/386	0	0	1.98969
SRX3337441	TFs and others	KDM1A	Kidney	293	1118	2/388	1/386	0	0	1.98969
SRX3422676	TFs and others	MYC	Kidney	293	495	2/388	1/386	0	0	1.98969
SRX3581481	TFs and others	Epitope tags	Pluripotent stem cell	iPS derived neural cells	2267	2/388	1/386	0	0	1.98969
SRX3583255	TFs and others	HIF1A	Breast	MDA-MB-231	755	2/388	1/386	0	0	1.98969
SRX3584195	TFs and others	AR	Gonad	Epididymis	1061	2/388	1/386	0	0	1.98969
SRX3584300	TFs and others	RARA	Pluripotent stem cell	iPS cells	808	2/388	1/386	0	0	1.98969
SRX359925	TFs and others	BCL6	Digestive tract	LoVo	211	2/388	1/386	0	0	1.98969
SRX3630684	TFs and others	FOXO3	Pluripotent stem cell	iPS derived neural cells	467	2/388	1/386	0	0	1.98969
SRX3630686	TFs and others	FOXO3	Pluripotent stem cell	iPS derived neural cells	466	2/388	1/386	0	0	1.98969
SRX367015	TFs and others	RELA	Cardiovascular	AC16	511	2/388	1/386	0	0	1.98969
SRX371441	TFs and others	ESR1	Others	Tumour tissues	678	2/388	1/386	0	0	1.98969
SRX3944792	TFs and others	Epitope tags	Lung	HS-SY-II	1028	2/388	1/386	0	0	1.98969
SRX3946923	TFs and others	MED1	Others	Mesenchymal stem cells	994	2/388	1/386	0	0	1.98969
SRX396252	TFs and others	TP53	Others	Fibroblasts	965	2/388	1/386	0	0	1.98969
SRX396278	TFs and others	EZH2	Kidney	293	389	2/388	1/386	0	0	1.98969
SRX396573	TFs and others	RNF2	Breast	Breast cells	477	2/388	1/386	0	0	1.98969
SRX4108919	TFs and others	HIF1A	Prostate	LNCAP	538	2/388	1/386	0	0	1.98969
SRX4119729	TFs and others	Epitope tags	Kidney	293	378	2/388	1/386	0	0	1.98969
SRX4301475	TFs and others	RELA	Uterus	HeLa	808	2/388	1/386	0	0	1.98969
SRX4393713	TFs and others	CBFB	Blood	ME-1	861	2/388	1/386	0	0	1.98969
SRX4411664	TFs and others	CHD1	Prostate	LNCAP	2488	2/388	1/386	0	0	1.98969
SRX4561220	TFs and others	ANAPC1	Breast	MCF-7	1138	2/388	1/386	0	0	1.98969
SRX4650951	TFs and others	RNF2	Kidney	293	227	2/388	1/386	0	0	1.98969
SRX4708031	TFs and others	SNRNP70	Liver	Hep G2	214	2/388	1/386	0	0	1.98969
SRX475791	TFs and others	EP300	Blood	GM12878	539	2/388	1/386	0	0	1.98969
SRX4783090	TFs and others	AR	Prostate	Prostate cancer cells	2670	2/388	1/386	0	0	1.98969
SRX5020211	TFs and others	SMARCA2	Neural	Neural progenitor cells	2745	2/388	1/386	0	0	1.98969
SRX5025680	TFs and others	DCP1A	Neural	SH-EP	205	2/388	1/386	0	0	1.98969
SRX5123055	TFs and others	POU2F1	Digestive tract	HCT 116	1334	2/388	1/386	0	0	1.98969
SRX5124851	TFs and others	FOXA1	Kidney	293	954	2/388	1/386	0	0	1.98969
SRX5141103	TFs and others	IRF8	Blood	THP-1	1722	2/388	1/386	0	0	1.98969
SRX5255110	TFs and others	Epitope tags	Kidney	293	856	2/388	1/386	0	0	1.98969
SRX5323927	TFs and others	STAT3	Breast	Breast cancer cells	446	2/388	1/386	0	0	1.98969
SRX5426124	TFs and others	AEBP2	Pluripotent stem cell	NT2-D1	193	2/388	1/386	0	0	1.98969
SRX5683082	TFs and others	ESR1	Uterus	Ishikawa	448	2/388	1/386	0	0	1.98969
SRX5702618	TFs and others	AR	Breast	T-47D	2538	2/388	1/386	0	0	1.98969
SRX573051	TFs and others	CPSF3L	Uterus	HeLa	376	2/388	1/386	0	0	1.98969
SRX5763013	TFs and others	KLF4	Pluripotent stem cell	hESC WIBR3	1618	2/388	1/386	0	0	1.98969
SRX5888985	TFs and others	BRD4	Others	Head and neck squamous cell carcinoma 	420	2/388	1/386	0	0	1.98969
SRX5930148	TFs and others	MYOG	Muscle	RH-4	2042	2/388	1/386	0	0	1.98969
SRX596536	TFs and others	AR	Prostate	22Rv1	1465	2/388	1/386	0	0	1.98969
SRX6487062	TFs and others	FOXA1	Breast	MCF-7	389	2/388	1/386	0	0	1.98969
SRX6750795	TFs and others	EZH2	Breast	MDA-MB-231	1037	2/388	1/386	0	0	1.98969
SRX6888831	TFs and others	BHLHE40	Uterus	HeLa	1077	2/388	1/386	0	0	1.98969
SRX697743	TFs and others	PRKCQ	Blood	Jurkat	758	2/388	1/386	0	0	1.98969
SRX6981283	TFs and others	TCF4	Liver	Hepatocellular carcinoma	822	2/388	1/386	0	0	1.98969
SRX7015659	TFs and others	RING1	Muscle	SYO-1	202	2/388	1/386	0	0	1.98969
SRX701974	TFs and others	FOXA1	Pluripotent stem cell	hESC HUES64	634	2/388	1/386	0	0	1.98969
SRX701977	TFs and others	FOXA1	Pluripotent stem cell	hESC derived mesendodermal cells	1325	2/388	1/386	0	0	1.98969
SRX701981	TFs and others	FOXA2	Pluripotent stem cell	hESC HUES64	540	2/388	1/386	0	0	1.98969
SRX702001	TFs and others	GATA6	Pluripotent stem cell	hESC derived mesendodermal cells	1382	2/388	1/386	0	0	1.98969
SRX7031581	TFs and others	EGR1	Blood	Monocytes	278	2/388	1/386	0	0	1.98969
SRX7213078	TFs and others	PAF1	Bone	U2OS	132	2/388	1/386	0	0	1.98969
SRX7277186	TFs and others	LMNA	Unclassified	Unclassified	1517	2/388	1/386	0	0	1.98969
SRX7280997	TFs and others	IKZF1	Blood	697	550	2/388	1/386	0	0	1.98969
SRX730445	TFs and others	EP300	Breast	MCF-7	465	2/388	1/386	0	0	1.98969
SRX7397472	TFs and others	IRF1	Blood	U-937	169	2/388	1/386	0	0	1.98969
SRX748429	TFs and others	TCF7L2	Digestive tract	HCT 116	718	2/388	1/386	0	0	1.98969
SRX753154	TFs and others	GTF2I	Pluripotent stem cell	iPS cells	427	2/388	1/386	0	0	1.98969
SRX7730331	TFs and others	IKZF1	Blood	NALM-6	812	2/388	1/386	0	0	1.98969
SRX7805901	TFs and others	NIPBL	Epidermis	Dermal fibroblast	376	2/388	1/386	0	0	1.98969
SRX7971773	TFs and others	STAT3	Blood	Th2 Cells	832	2/388	1/386	0	0	1.98969
SRX8023139	TFs and others	TP53	Breast	MCF 10A	2169	2/388	1/386	0	0	1.98969
SRX8026062	TFs and others	SMARCA2	Pluripotent stem cell	hESC WIBR3	889	2/388	1/386	0	0	1.98969
SRX8044293	TFs and others	AR	Others	UM-UC-3	899	2/388	1/386	0	0	1.98969
SRX807620	TFs and others	Epitope tags	Epidermis	501A	457	2/388	1/386	0	0	1.98969
SRX8084743	TFs and others	Epitope tags	Breast	WHIM12	1077	2/388	1/386	0	0	1.98969
SRX8257423	TFs and others	MITF	Epidermis	A-375	1469	2/388	1/386	0	0	1.98969
SRX8406460	TFs and others	AR	Prostate	Prostatic Neoplasms, Castration-Resistant	1663	2/388	1/386	0	0	1.98969
SRX8406487	TFs and others	FOXA1	Prostate	Prostate	1217	2/388	1/386	0	0	1.98969
SRX848605	TFs and others	MIF	Uterus	HeLa	224	2/388	1/386	0	0	1.98969
SRX8616811	TFs and others	FOSL1	Lung	A549	761	2/388	1/386	0	0	1.98969
SRX8616845	TFs and others	JUNB	Lung	A549	535	2/388	1/386	0	0	1.98969
SRX8713995	TFs and others	SUZ12	Neural	Neural Stem Cells	540	2/388	1/386	0	0	1.98969
SRX8886228	TFs and others	NFKB1	Breast	MDA-MB-231	287	2/388	1/386	0	0	1.98969
SRX8976680	TFs and others	HDAC3	Digestive tract	KYSE-410	684	2/388	1/386	0	0	1.98969
SRX8976681	TFs and others	NCOR2	Digestive tract	KYSE-410	377	2/388	1/386	0	0	1.98969
SRX9055418	TFs and others	TAL1	Blood	HUDEP-2	1590	2/388	1/386	0	0	1.98969
SRX9237245	TFs and others	CPSF3	Blood	K-562	1093	2/388	1/386	0	0	1.98969
SRX9258685	TFs and others	INTS3	Kidney	293	842	2/388	1/386	0	0	1.98969
SRX9281792	TFs and others	SUZ12	Kidney	293	193	2/388	1/386	0	0	1.98969
SRX9350922	TFs and others	BRD4	Digestive tract	COLO 320DM	1043	2/388	1/386	0	0	1.98969
SRX9426426	TFs and others	HCFC1	Blood	RAMOS	1214	2/388	1/386	0	0	1.98969
SRX9433100	TFs and others	CTR9	Bone	U2OS	439	2/388	1/386	0	0	1.98969
SRX9562896	TFs and others	SMARCA4	Muscle	RH-4	921	2/388	1/386	0	0	1.98969
SRX9600570	TFs and others	G-quadruplex	Blood	K-562	242	2/388	1/386	0	0	1.98969
SRX9600658	TFs and others	G-quadruplex	Blood	K-562	315	2/388	1/386	0	0	1.98969
SRX9674302	TFs and others	NR3C1	Pluripotent stem cell	iPSC derived hepatocytes	1714	2/388	1/386	0	0	1.98969
SRX9683839	TFs and others	NR3C1	Adipocyte	Adipocytes	1348	2/388	1/386	0	0	1.98969
ERX026987	TFs and others	T	No description	NA	1724	3/388	2/386	0	0	1.49227
SRX014773	TFs and others	PML	Blood	Leukemia, Myeloid	544	3/388	2/386	0	0	1.49227
SRX017557	TFs and others	BRD7	Epidermis	BJ	578	3/388	2/386	0	0	1.49227
SRX027910	TFs and others	RELA	Uterus	HeLa	336	3/388	2/386	0	0	1.49227
SRX038911	TFs and others	SPI1	Blood	Hematopoietic Stem Cells	1079	3/388	2/386	0	0	1.49227
SRX096344	TFs and others	VDR	Digestive tract	LS-180	1839	3/388	2/386	0	0	1.49227
SRX10119164	TFs and others	CREB1	Blood	MV-4-11	391	3/388	2/386	0	0	1.49227
SRX10131666	TFs and others	MLLT3	Lung	Bronchial tracheal epithelial cells	736	3/388	2/386	0	0	1.49227
SRX10145211	TFs and others	REL	Blood	Naive B cells	563	3/388	2/386	0	0	1.49227
SRX1066863	TFs and others	BANP	Digestive tract	HCT 116	2906	3/388	2/386	0	0	1.49227
SRX1076936	TFs and others	LMTK3	Breast	MDA-MB-231	319	3/388	2/386	0	0	1.49227
SRX11084724	TFs and others	Epitope tags	Blood	Hematopoietic Stem Cells	331	3/388	2/386	0	0	1.49227
SRX116415	TFs and others	CBX8	Blood	K-562	311	3/388	2/386	0	0	1.49227
SRX116440	TFs and others	RBBP5	Blood	K-562	197	3/388	2/386	0	0	1.49227
SRX116446	TFs and others	SAP30	Blood	K-562	335	3/388	2/386	0	0	1.49227
SRX1339019	TFs and others	AR	Breast	MDA-MB-453	1349	3/388	2/386	0	0	1.49227
SRX1489433	TFs and others	MBD3	Breast	MDA-MB-231	966	3/388	2/386	0	0	1.49227
SRX1629251	TFs and others	ERG	Prostate	VCaP	1164	3/388	2/386	0	0	1.49227
SRX1738253	TFs and others	MCM3	Unclassified	Unclassified	1054	3/388	2/386	0	0	1.49227
SRX186765	TFs and others	CBX8	Blood	K-562	314	3/388	2/386	0	0	1.49227
SRX203389	TFs and others	MYC	Blood	Plasma Cells	313	3/388	2/386	0	0	1.49227
SRX204107	TFs and others	GRHL3	Epidermis	NHEK	1293	3/388	2/386	0	0	1.49227
SRX213875	TFs and others	EP300	Breast	MCF-7	362	3/388	2/386	0	0	1.49227
SRX2355071	TFs and others	IRF1	Cardiovascular	HAEC	358	3/388	2/386	0	0	1.49227
SRX2438584	TFs and others	NOTCH1	Blood	MO1043	1218	3/388	2/386	0	0	1.49227
SRX2610698	TFs and others	EZH2	Gonad	A-1847	244	3/388	2/386	0	0	1.49227
SRX3020565	TFs and others	PHIP	Digestive tract	HCT 116	226	3/388	2/386	0	0	1.49227
SRX3089114	TFs and others	SMARCA2	Liver	Hep G2	211	3/388	2/386	0	0	1.49227
SRX3144856	TFs and others	SIN3A	Cardiovascular	HUVEC	1167	3/388	2/386	0	0	1.49227
SRX3229141	TFs and others	ESR1	Breast	Breast cancer	989	3/388	2/386	0	0	1.49227
SRX3324957	TFs and others	CREBBP	Lung	IMR-90	798	3/388	2/386	0	0	1.49227
SRX3584311	TFs and others	RARA	Pluripotent stem cell	iPS derived chondrocytes	968	3/388	2/386	0	0	1.49227
SRX3584313	TFs and others	RARA	Pluripotent stem cell	iPS derived chondrocytes	1721	3/388	2/386	0	0	1.49227
SRX359964	TFs and others	TFAP2A	Digestive tract	LoVo	322	3/388	2/386	0	0	1.49227
SRX3751772	TFs and others	RUNX1	Adipocyte	LPS141	679	3/388	2/386	0	0	1.49227
SRX3798673	TFs and others	BRCA1	Neural	SH-EP	434	3/388	2/386	0	0	1.49227
SRX3873711	TFs and others	AFF4	Lung	NCI-H2171	472	3/388	2/386	0	0	1.49227
SRX4017887	TFs and others	TP63	Breast	MCF 10A	1645	3/388	2/386	0	0	1.49227
SRX4096885	TFs and others	TRPS1	Breast	HCC3153	2860	3/388	2/386	0	0	1.49227
SRX4240295	TFs and others	CTBP1	Gonad	SK-OV-3	1579	3/388	2/386	0	0	1.49227
SRX4301473	TFs and others	RELA	Uterus	HeLa	288	3/388	2/386	0	0	1.49227
SRX502061	TFs and others	AR	Prostate	Prostate	433	3/388	2/386	0	0	1.49227
SRX5514019	TFs and others	JUN	Uterus	Myometrium	767	3/388	2/386	0	0	1.49227
SRX5534864	TFs and others	EP300	Breast	MCF-7	228	3/388	2/386	0	0	1.49227
SRX5577140	TFs and others	Epitope tags	Prostate	LNCAP	1799	3/388	2/386	0	0	1.49227
SRX5771377	TFs and others	SUPT6H	Digestive tract	HCT 116	469	3/388	2/386	0	0	1.49227
SRX5801454	TFs and others	STAT3	Blood	Th2 Cells	892	3/388	2/386	0	0	1.49227
SRX5803010	TFs and others	POLR2C	Kidney	293	843	3/388	2/386	0	0	1.49227
SRX6487061	TFs and others	FOXA1	Breast	MCF-7	877	3/388	2/386	0	0	1.49227
SRX6487063	TFs and others	FOXA1	Breast	MCF-7	1132	3/388	2/386	0	0	1.49227
SRX6487067	TFs and others	FOXA1	Breast	MCF-7	811	3/388	2/386	0	0	1.49227
SRX6596843	TFs and others	EGR1	Others	Fibroblasts	518	3/388	2/386	0	0	1.49227
SRX6800711	TFs and others	JUN	Blood	CAR-T cells	1212	3/388	2/386	0	0	1.49227
SRX6853587	TFs and others	ARNT	Epidermis	SK-MEL-28	471	3/388	2/386	0	0	1.49227
SRX7054995	TFs and others	ERG	Cardiovascular	HAEC	937	3/388	2/386	0	0	1.49227
SRX718421	TFs and others	SOX10	Epidermis	501A	1262	3/388	2/386	0	0	1.49227
SRX748421	TFs and others	TCF7L2	Digestive tract	HCT 116	1387	3/388	2/386	0	0	1.49227
SRX7522850	TFs and others	STAT3	Breast	MCF10DCIS.com	1084	3/388	2/386	0	0	1.49227
SRX7677742	TFs and others	XRN2	Digestive tract	DLD-1	635	3/388	2/386	0	0	1.49227
SRX7712499	TFs and others	HIF1A	Lung	NCI-H460	419	3/388	2/386	0	0	1.49227
SRX7887593	TFs and others	YBX1	Blood	HEL	3628	3/388	2/386	0	0	1.49227
SRX8044290	TFs and others	AR	Others	UM-UC-3	1754	3/388	2/386	0	0	1.49227
SRX8044292	TFs and others	AR	Others	UM-UC-3	1443	3/388	2/386	0	0	1.49227
SRX814231	TFs and others	OTX2	Neural	HRPEpiC	1802	3/388	2/386	0	0	1.49227
SRX8272877	TFs and others	CEBPA	Blood	BLaER1	1190	3/388	2/386	0	0	1.49227
SRX890395	TFs and others	KDM1A	Lung	NCI-H526	1256	3/388	2/386	0	0	1.49227
SRX9281794	TFs and others	SUZ12	Kidney	293	254	3/388	2/386	0	0	1.49227
SRX959103	TFs and others	NR3C1	Blood	NALM-6	1832	3/388	2/386	0	0	1.49227
SRX9600652	TFs and others	G-quadruplex	Blood	K-562	265	3/388	2/386	0	0	1.49227
SRX9607668	TFs and others	Biotin	Pluripotent stem cell	NTERA-2	261	3/388	2/386	0	0	1.49227
SRX9763742	TFs and others	AFF1	Lung	A549	1032	3/388	2/386	0	0	1.49227
SRX003320	TFs and others	STAT1	Uterus	HeLa	640	4/388	3/386	0	0	1.32646
SRX011618	TFs and others	NANOG	Pluripotent stem cell	hESC H1	3471	4/388	3/386	0	0	1.32646
SRX055348	TFs and others	CBX3	Digestive tract	HCT 116	1093	4/388	3/386	0	0	1.32646
SRX080145	TFs and others	MYC	Liver	Hep G2	282	4/388	3/386	0	0	1.32646
SRX1012678	TFs and others	ESR1	Breast	MCF-7	957	4/388	3/386	0	0	1.32646
SRX10484571	TFs and others	RUNX1	Others	Acute lymphoid leukemia	1804	4/388	3/386	0	0	1.32646
SRX1067063	TFs and others	FOXA1	Prostate	Prostate cancer cells	3602	4/388	3/386	0	0	1.32646
SRX11094512	TFs and others	ERG	Neural	CHLA-25	2745	4/388	3/386	0	0	1.32646
SRX128778	TFs and others	TAL1	Blood	Jurkat (Clone E6-1)	1109	4/388	3/386	0	0	1.32646
SRX1384026	TFs and others	ATF3	Digestive tract	HCT 116	258	4/388	3/386	0	0	1.32646
SRX150712	TFs and others	SMARCA4	Blood	K-562	964	4/388	3/386	0	0	1.32646
SRX1514996	TFs and others	GFP	Kidney	293	492	4/388	3/386	0	0	1.32646
SRX1745732	TFs and others	ESR1	Uterus	Endometrial Stromal Tumors	1938	4/388	3/386	0	0	1.32646
SRX1813527	TFs and others	MLLT1	Blood	MV-4-11	770	4/388	3/386	0	0	1.32646
SRX2109219	TFs and others	MYC	Breast	Mammary epithelial cells	668	4/388	3/386	0	0	1.32646
SRX266859	TFs and others	POU5F1	Pluripotent stem cell	hESC HUES64	4606	4/388	3/386	0	0	1.32646
SRX277131	TFs and others	SOX2	Digestive tract	KYSE-70	971	4/388	3/386	0	0	1.32646
SRX3240990	TFs and others	MED1	Others	Mesenchymal stem cells	4608	4/388	3/386	0	0	1.32646
SRX3324964	TFs and others	EP300	Lung	IMR-90	1411	4/388	3/386	0	0	1.32646
SRX355609	TFs and others	ESR1	Breast	MDA-MB-134-VI	1624	4/388	3/386	0	0	1.32646
SRX3599301	TFs and others	FLI1	Cardiovascular	HUVEC	1004	4/388	3/386	0	0	1.32646
SRX3798682	TFs and others	MYCN	Neural	SH-EP	767	4/388	3/386	0	0	1.32646
SRX3873708	TFs and others	AFF1	Lung	SW 1271	501	4/388	3/386	0	0	1.32646
SRX3946915	TFs and others	MED1	Others	Mesenchymal stem cells	4637	4/388	3/386	0	0	1.32646
SRX396583	TFs and others	RING1	Epidermis	Hs 68	712	4/388	3/386	0	0	1.32646
SRX4096884	TFs and others	TRPS1	Breast	HCC3153	2522	4/388	3/386	0	0	1.32646
SRX4119731	TFs and others	Epitope tags	Kidney	293	443	4/388	3/386	0	0	1.32646
SRX5195731	TFs and others	SMARCA4	Uterus	Endometrial epithelial cells	2950	4/388	3/386	0	0	1.32646
SRX5323931	TFs and others	FOXA1	Breast	Breast cancer cells	2270	4/388	3/386	0	0	1.32646
SRX5385027	TFs and others	BRD3	Pluripotent stem cell	hESC H1	287	4/388	3/386	0	0	1.32646
SRX5534852	TFs and others	EP300	Breast	MCF-7	807	4/388	3/386	0	0	1.32646
SRX5534861	TFs and others	SMARCA4	Breast	MCF-7	273	4/388	3/386	0	0	1.32646
SRX6073299	TFs and others	IRF4	Blood	BC-3	2211	4/388	3/386	0	0	1.32646
SRX6487069	TFs and others	FOXA1	Breast	MCF-7	1848	4/388	3/386	0	0	1.32646
SRX6858247	TFs and others	HSF1	Breast	MCF-7	759	4/388	3/386	0	0	1.32646
SRX7054931	TFs and others	ERG	Cardiovascular	HAEC	694	4/388	3/386	0	0	1.32646
SRX7054998	TFs and others	ERG	Cardiovascular	HAEC	714	4/388	3/386	0	0	1.32646
SRX7121997	TFs and others	SMARCA4	Breast	MCF-7	923	4/388	3/386	0	0	1.32646
SRX7122006	TFs and others	FOXA1	Breast	MCF-7	1009	4/388	3/386	0	0	1.32646
SRX731135	TFs and others	TEAD1	Liver	CC-LP-1	1014	4/388	3/386	0	0	1.32646
SRX731143	TFs and others	TEAD1	Lung	NCI-H69	2117	4/388	3/386	0	0	1.32646
SRX8064816	TFs and others	E2F1	Blood	Lymphoblastoid cell line	2511	4/388	3/386	0	0	1.32646
SRX8064820	TFs and others	RB1	Blood	Lymphoblastoid cell line	2311	4/388	3/386	0	0	1.32646
SRX8083043	TFs and others	DMC1	Gonad	Testis	2503	4/388	3/386	0	0	1.32646
SRX8406530	TFs and others	FOXA1	Prostate	Prostatic Neoplasms, Castration-Resistant	6111	4/388	3/386	0	0	1.32646
SRX8453149	TFs and others	FOXA1	Blood	Lymph Nodes	2472	4/388	3/386	0	0	1.32646
SRX8588642	TFs and others	KLF4	Cardiovascular	Pulmonary artery endothelial cells	1718	4/388	3/386	0	0	1.32646
SRX8929135	TFs and others	CTNNB1	Digestive tract	DLD-1	2249	4/388	3/386	0	0	1.32646
SRX9600621	TFs and others	G-quadruplex	Blood	K-562	368	4/388	3/386	0	0	1.32646
SRX9725178	TFs and others	IRF8	Blood	MV-4-11	1228	4/388	3/386	0	0	1.32646
SRX1012536	TFs and others	FOXO1	Blood	B cells	2671	5/388	4/386	0	0	1.24356
SRX10407084	TFs and others	SOX2	Digestive tract	Esophageal squamous carcinoma cell line	2901	5/388	4/386	0	0	1.24356
SRX1048459	TFs and others	MEF2B	Blood	DOHH-2	2033	5/388	4/386	0	0	1.24356
SRX1078847	TFs and others	ELL2	Digestive tract	HCT 116	1083	5/388	4/386	0	0	1.24356
SRX1515051	TFs and others	GFP	Kidney	293	539	5/388	4/386	0	0	1.24356
SRX176059	TFs and others	FOXA1	Prostate	C4-2	2700	5/388	4/386	0	0	1.24356
SRX2368885	TFs and others	GATA4	Epidermis	BJ	2347	5/388	4/386	0	0	1.24356
SRX2741420	TFs and others	CHD4	Others	SCC-9	550	5/388	4/386	0	0	1.24356
SRX3229187	TFs and others	NR3C1	Breast	Breast cancer	1905	5/388	4/386	0	0	1.24356
SRX3292070	TFs and others	GATA3	Pluripotent stem cell	hESC derived trophoblast cells	2963	5/388	4/386	0	0	1.24356
SRX3721452	TFs and others	TP53	Bone	U2OS	1303	5/388	4/386	0	0	1.24356
SRX3837516	TFs and others	SRF	Blood	HEL	1109	5/388	4/386	0	0	1.24356
SRX4212587	TFs and others	EZH2	Blood	Peripheral blood mononuclear cells	936	5/388	4/386	0	0	1.24356
SRX4420233	TFs and others	N6AMT1	Prostate	PC-3M	310	5/388	4/386	0	0	1.24356
SRX4525858	TFs and others	BRD9	Others	Aska	1985	5/388	4/386	0	0	1.24356
SRX4650955	TFs and others	SUZ12	Kidney	293	601	5/388	4/386	0	0	1.24356
SRX4650973	TFs and others	SUZ12	Kidney	293	564	5/388	4/386	0	0	1.24356
SRX481486	TFs and others	PCGF2	Others	Fibroblasts	778	5/388	4/386	0	0	1.24356
SRX5089419	TFs and others	SMARCA4	Breast	MCF-7	1043	5/388	4/386	0	0	1.24356
SRX5299877	TFs and others	NFE2	Blood	Erythroid Cells	1570	5/388	4/386	0	0	1.24356
SRX5620953	TFs and others	FLI1	Bone	A-673	6086	5/388	4/386	0	0	1.24356
SRX6039042	TFs and others	RARA	Pluripotent stem cell	iPS derived chondrocytes	2151	5/388	4/386	0	0	1.24356
SRX612590	TFs and others	PDX1	Pluripotent stem cell	hESC derived pancreatic cells	2406	5/388	4/386	0	0	1.24356
SRX6370190	TFs and others	CBX7	Pluripotent stem cell	NT2-D1	1507	5/388	4/386	0	0	1.24356
SRX6831825	TFs and others	TEAD4	Breast	MCF 10A	2732	5/388	4/386	0	0	1.24356
SRX7522856	TFs and others	STAT3	Breast	MCF10DCIS.com	2671	5/388	4/386	0	0	1.24356
SRX8064821	TFs and others	HDAC1	Blood	Lymphoblastoid cell line	3483	5/388	4/386	0	0	1.24356
SRX8162315	TFs and others	DOT1L	Blood	MOLM-13	713	5/388	4/386	0	0	1.24356
SRX8616802	TFs and others	JUN	Lung	A549	2331	5/388	4/386	0	0	1.24356
SRX8616853	TFs and others	JUNB	Lung	A549	1474	5/388	4/386	0	0	1.24356
SRX8976682	TFs and others	NCOR2	Digestive tract	KYSE-410	816	5/388	4/386	0	0	1.24356
SRX9281793	TFs and others	SUZ12	Kidney	293	466	5/388	4/386	0	0	1.24356
SRX9434358	TFs and others	RELA	Digestive tract	SW 480	844	5/388	4/386	0	0	1.24356
SRX9598416	TFs and others	SUPT6H	Bone	U2OS	815	5/388	4/386	0	0	1.24356
SRX9674307	TFs and others	NR3C1	Pluripotent stem cell	iPSC derived hepatocytes	3045	5/388	4/386	0	0	1.24356
ERX704061	TFs and others	CTCF	Blood	HL-60	2247	6/388	5/386	0	0	1.19381
SRX10119139	TFs and others	RUNX1	Blood	MV-4-11	3040	6/388	5/386	0	0	1.19381
SRX10365525	TFs and others	ESR1	Breast	MDA-MB-231	1675	6/388	5/386	0	0	1.19381
SRX11078136	TFs and others	RNF2	Kidney	293	555	6/388	5/386	0	0	1.19381
SRX1127543	TFs and others	NR3C1	Blood	RS4-11	2096	6/388	5/386	0	0	1.19381
SRX1514968	TFs and others	GFP	Kidney	293	965	6/388	5/386	0	0	1.19381
SRX1515033	TFs and others	GFP	Kidney	293	1720	6/388	5/386	0	0	1.19381
SRX265221	TFs and others	MYH11	Blood	ME-1	1802	6/388	5/386	0	0	1.19381
SRX2900587	TFs and others	NR3C1	Blood	THP-1	2794	6/388	5/386	0	0	1.19381
SRX3288570	TFs and others	POU5F1	Pluripotent stem cell	hESC H9	6264	6/388	5/386	0	0	1.19381
SRX3367000	TFs and others	AR	Prostate	LNCAP	3082	6/388	5/386	0	0	1.19381
SRX3584193	TFs and others	AR	Gonad	Epididymis	5204	6/388	5/386	0	0	1.19381
SRX3584310	TFs and others	RARA	Pluripotent stem cell	iPS derived chondrocytes	3317	6/388	5/386	0	0	1.19381
SRX360590	TFs and others	MYC	Digestive tract	GP5d	625	6/388	5/386	0	0	1.19381
SRX3797281	TFs and others	ZNF768	Bone	U2OS	1448	6/388	5/386	0	0	1.19381
SRX4708061	TFs and others	SRSF1	Blood	K-562	522	6/388	5/386	0	0	1.19381
SRX5234514	TFs and others	SMARCB1	Kidney	TTC1240	3755	6/388	5/386	0	0	1.19381
SRX5620952	TFs and others	FLI1	Bone	A-673	4998	6/388	5/386	0	0	1.19381
SRX5734998	TFs and others	GFP	Breast	MCF 10A	12894	6/388	5/386	0	0	1.19381
SRX5824581	TFs and others	BRD4	Breast	SUM 159PT	4161	6/388	5/386	0	0	1.19381
SRX5865972	TFs and others	TP53	Blood	K-562	1102	6/388	5/386	0	0	1.19381
SRX6487058	TFs and others	FOXA1	Breast	MCF-7	3555	6/388	5/386	0	0	1.19381
SRX673741	TFs and others	ESR1	Breast	MCF-7	2159	6/388	5/386	0	0	1.19381
SRX6853583	TFs and others	ARNT	Kidney	RCC4	666	6/388	5/386	0	0	1.19381
SRX702047	TFs and others	OTX2	Pluripotent stem cell	hESC derived mesendodermal cells	2177	6/388	5/386	0	0	1.19381
SRX8406482	TFs and others	FOXA1	Prostate	Prostate	1878	6/388	5/386	0	0	1.19381
SRX8453144	TFs and others	CTCF	Blood	Lymph Nodes	1333	6/388	5/386	0	0	1.19381
SRX9237250	TFs and others	CSTF2	Blood	K-562	2276	6/388	5/386	0	0	1.19381
SRX9298945	TFs and others	NR3C1	Lung	Lung cancer cell line	4460	6/388	5/386	0	0	1.19381
SRX9498739	TFs and others	GTF2B	Blood	K-562	1013	6/388	5/386	0	0	1.19381
SRX9628509	TFs and others	JUN	Gonad	BIN-67	799	6/388	5/386	0	0	1.19381
SRX1053378	TFs and others	POU5F1	Pluripotent stem cell	ES cells	4971	7/388	6/386	0	0	1.16065
SRX1424883	TFs and others	AFF1	Blood	SEM	950	7/388	6/386	0	0	1.16065
SRX173204	TFs and others	NR3C1	Prostate	VCaP	4353	7/388	6/386	0	0	1.16065
SRX2023758	TFs and others	TBX5	Pluripotent stem cell	iPS derived cardiac cells	3072	7/388	6/386	0	0	1.16065
SRX2368900	TFs and others	FOXA2	Epidermis	BJ	3887	7/388	6/386	0	0	1.16065
SRX2512919	TFs and others	FOXA1	Breast	MCF-7	4072	7/388	6/386	0	0	1.16065
SRX2844312	TFs and others	SMAD2	Pluripotent stem cell	hESC H1	2820	7/388	6/386	0	0	1.16065
SRX2897212	TFs and others	ESR1	Breast	Breast cancer cells	543	7/388	6/386	0	0	1.16065
SRX3001605	TFs and others	FOXA1	Unclassified	Unclassified	5208	7/388	6/386	0	0	1.16065
SRX3229143	TFs and others	ESR1	Breast	Breast cancer	2081	7/388	6/386	0	0	1.16065
SRX3394277	TFs and others	FOXA2	Digestive tract	SW 620	3259	7/388	6/386	0	0	1.16065
SRX361198	TFs and others	TP53	Bone	Saos-2	647	7/388	6/386	0	0	1.16065
SRX3630818	TFs and others	ESR1	Uterus	Ishikawa	600	7/388	6/386	0	0	1.16065
SRX4212574	TFs and others	EZH2	Blood	Peripheral blood mononuclear cells	985	7/388	6/386	0	0	1.16065
SRX471874	TFs and others	BRD4	Prostate	VCaP	1236	7/388	6/386	0	0	1.16065
SRX4819826	TFs and others	MED26	Kidney	293	346	7/388	6/386	0	0	1.16065
SRX5299348	TFs and others	PCGF2	Kidney	293	780	7/388	6/386	0	0	1.16065
SRX5316114	TFs and others	O-GlcNAc	Prostate	PC-3	744	7/388	6/386	0	0	1.16065
SRX5486444	TFs and others	ZIC2	Digestive tract	HCT 116	646	7/388	6/386	0	0	1.16065
SRX5486445	TFs and others	ZIC2	Digestive tract	HCT 116	624	7/388	6/386	0	0	1.16065
SRX5511297	TFs and others	ESR1	Breast	MCF-7	2458	7/388	6/386	0	0	1.16065
SRX5514036	TFs and others	MED12	Uterus	Myometrium	503	7/388	6/386	0	0	1.16065
SRX5525074	TFs and others	CTCF	Epidermis	A-375	1644	7/388	6/386	0	0	1.16065
SRX5716451	TFs and others	SOX2	Neural	Neural progenitor cells	1144	7/388	6/386	0	0	1.16065
SRX5771376	TFs and others	SUPT6H	Digestive tract	HCT 116	935	7/388	6/386	0	0	1.16065
SRX6487047	TFs and others	FOXA1	Breast	MCF-7	3293	7/388	6/386	0	0	1.16065
SRX701991	TFs and others	GATA4	Pluripotent stem cell	hESC derived endodermal cells	3616	7/388	6/386	0	0	1.16065
SRX702043	TFs and others	NANOG	Pluripotent stem cell	hESC derived mesendodermal cells	5564	7/388	6/386	0	0	1.16065
SRX7175126	TFs and others	FOXA1	Digestive tract	LS-180	2132	7/388	6/386	0	0	1.16065
SRX7268458	TFs and others	KLF15	Bone	A-673	589	7/388	6/386	0	0	1.16065
SRX9426430	TFs and others	Epitope tags	Blood	RAMOS	2180	7/388	6/386	0	0	1.16065
SRX9674315	TFs and others	NR3C1	Pluripotent stem cell	iPSC derived hepatocytes	3420	7/388	6/386	0	0	1.16065
SRX9730734	TFs and others	CDK9	Blood	THP-1	634	7/388	6/386	0	0	1.16065
SRX1070163	TFs and others	AR	Breast	MDA-MB-453	9833	8/388	7/386	0	0	1.13697
SRX12118518	TFs and others	POU2F2	Blood	OCI-LY-7	1798	8/388	7/386	0	0	1.13697
SRX1652870	TFs and others	POU2F2	Blood	HBL-1	1320	8/388	7/386	0	0	1.13697
SRX2671517	TFs and others	Epitope tags	Kidney	293	719	8/388	7/386	0	0	1.13697
SRX2862486	TFs and others	TET1	Pluripotent stem cell	hESC HUES8	637	8/388	7/386	0	0	1.13697
SRX3946906	TFs and others	MED1	Others	Mesenchymal stem cells	5656	8/388	7/386	0	0	1.13697
SRX4170712	TFs and others	WDR5	Blood	K-562	1352	8/388	7/386	0	0	1.13697
SRX4174617	TFs and others	CTCF	Pluripotent stem cell	iPS cells	3051	8/388	7/386	0	0	1.13697
SRX471868	TFs and others	BRD2	Prostate	VCaP	1817	8/388	7/386	0	0	1.13697
SRX5157158	TFs and others	CEBPA	Blood	THP-1	3835	8/388	7/386	0	0	1.13697
SRX573027	TFs and others	AFF4	Uterus	HeLa	984	8/388	7/386	0	0	1.13697
SRX702122	TFs and others	STAT3	Pluripotent stem cell	hESC HUES64	380	8/388	7/386	0	0	1.13697
SRX7981742	TFs and others	HDAC2	Prostate	Prostate cancer	428	8/388	7/386	0	0	1.13697
SRX8406486	TFs and others	FOXA1	Prostate	Prostate	4260	8/388	7/386	0	0	1.13697
SRX9674296	TFs and others	NR3C1	Pluripotent stem cell	iPSC derived hepatocytes	5238	8/388	7/386	0	0	1.13697
SRX9674309	TFs and others	NR3C1	Pluripotent stem cell	iPSC derived hepatocytes	4838	8/388	7/386	0	0	1.13697
SRX017860	TFs and others	RELA	Blood	GM19193	1843	9/388	8/386	0	0	1.1192
SRX017878	TFs and others	RELA	Blood	GM15510	1130	9/388	8/386	0	0	1.1192
SRX080130	TFs and others	MYC	Blood	GM12878	506	9/388	8/386	0	0	1.1192
SRX10119138	TFs and others	RUNX1	Blood	MV-4-11	3555	9/388	8/386	0	0	1.1192
SRX10119173	TFs and others	CREB1	Blood	MV-4-11	597	9/388	8/386	0	0	1.1192
SRX1058805	TFs and others	BRD4	Adipocyte	SGBS	2784	9/388	8/386	0	0	1.1192
SRX11094522	TFs and others	FLI1	Bone	EW-22	7457	9/388	8/386	0	0	1.1192
SRX11094562	TFs and others	FLI1	Bone	Rh1	7078	9/388	8/386	0	0	1.1192
SRX170356	TFs and others	SMARCA4	Blood	B cells	1180	9/388	8/386	0	0	1.1192
SRX3422687	TFs and others	MYC	Kidney	293	737	9/388	8/386	0	0	1.1192
SRX4179992	TFs and others	JDP2	Blood	Loucy	663	9/388	8/386	0	0	1.1192
SRX4882227	TFs and others	HOXB8	Blood	K-562	1436	9/388	8/386	0	0	1.1192
SRX4911598	TFs and others	FOXA2	Uterus	Endometrium	1627	9/388	8/386	0	0	1.1192
SRX5089424	TFs and others	SMARCA4	Breast	MCF-7	3864	9/388	8/386	0	0	1.1192
SRX5124853	TFs and others	FOXA1	Kidney	293	9681	9/388	8/386	0	0	1.1192
SRX5286328	TFs and others	NANOG	Pluripotent stem cell	ES cells	7017	9/388	8/386	0	0	1.1192
SRX5323929	TFs and others	ESR1	Breast	Breast cancer cells	2179	9/388	8/386	0	0	1.1192
SRX5661980	TFs and others	VDR	Kidney	Kidney Cortex	894	9/388	8/386	0	0	1.1192
SRX5853000	TFs and others	AR	Blood	THP-1	4810	9/388	8/386	0	0	1.1192
SRX5954737	TFs and others	FOSL2	Breast	MDA-MB-231	4368	9/388	8/386	0	0	1.1192
SRX5982364	TFs and others	SMARCA4	Lung	A549	6325	9/388	8/386	0	0	1.1192
SRX6596848	TFs and others	EGR1	Others	Fibroblasts	702	9/388	8/386	0	0	1.1192
SRX684516	TFs and others	T	Pluripotent stem cell	hESC derived endodermal cells	3080	9/388	8/386	0	0	1.1192
SRX702041	TFs and others	NANOG	Pluripotent stem cell	hESC HUES64	9335	9/388	8/386	0	0	1.1192
SRX7122001	TFs and others	FOXA1	Breast	MCF-7	2895	9/388	8/386	0	0	1.1192
SRX7572085	TFs and others	SREBF1	Digestive tract	TE-5	944	9/388	8/386	0	0	1.1192
SRX7846778	TFs and others	ESR1	Breast	MCF-7	4546	9/388	8/386	0	0	1.1192
SRX9719174	TFs and others	TET2	Breast	MCF-7	3130	9/388	8/386	0	0	1.1192
ERX626846	TFs and others	TAL1	Blood	CHRF-288-11	4865	10/388	9/386	0	0	1.10538
SRX1012687	TFs and others	ESR1	Breast	MCF-7	4344	10/388	9/386	0	0	1.10538
SRX1272786	TFs and others	BRD4	Digestive tract	HT-29	1167	10/388	9/386	0	0	1.10538
SRX1287858	TFs and others	BRD4	Blood	MOLM-14	1451	10/388	9/386	0	0	1.10538
SRX1490930	TFs and others	RB1	Prostate	VCaP	532	10/388	9/386	0	0	1.10538
SRX1703571	TFs and others	GRHL2	Prostate	LNCAP	3820	10/388	9/386	0	0	1.10538
SRX186804	TFs and others	ESR1	Breast	Breast cancer	4065	10/388	9/386	0	0	1.10538
SRX1878903	TFs and others	MYCN	Muscle	Rh-4	786	10/388	9/386	0	0	1.10538
SRX2842448	TFs and others	FOSL1	Bone	MG-63	5220	10/388	9/386	0	0	1.10538
SRX3229168	TFs and others	AR	Breast	Breast cancer	3423	10/388	9/386	0	0	1.10538
SRX326493	TFs and others	REST	Others	NCI-H295R	2740	10/388	9/386	0	0	1.10538
SRX3584306	TFs and others	RARA	Pluripotent stem cell	iPS derived chondrocytes	6197	10/388	9/386	0	0	1.10538
SRX360376	TFs and others	KMT2D	Digestive tract	HCT 116	4374	10/388	9/386	0	0	1.10538
SRX4385552	TFs and others	SUPT5H	Digestive tract	HCT 116	615	10/388	9/386	0	0	1.10538
SRX5124852	TFs and others	FOXA1	Kidney	293	13427	10/388	9/386	0	0	1.10538
SRX5195672	TFs and others	SMARCA4	Uterus	Endometrial epithelial cells	685	10/388	9/386	0	0	1.10538
SRX5195713	TFs and others	ARID1A	Uterus	Endometrial epithelial cells	6447	10/388	9/386	0	0	1.10538
SRX6487041	TFs and others	FOXA1	Breast	MCF-7	5592	10/388	9/386	0	0	1.10538
SRX702132	TFs and others	TCF4	Pluripotent stem cell	hESC HUES64	2422	10/388	9/386	0	0	1.10538
SRX751297	TFs and others	MED1	Adipocyte	Adipose-Derived Mesenchymal Stem Cells	2886	10/388	9/386	0	0	1.10538
SRX7981735	TFs and others	EP300	Prostate	Prostate cancer	593	10/388	9/386	0	0	1.10538
SRX8616962	TFs and others	ESR1	Breast	MCF-7	3876	10/388	9/386	0	0	1.10538
SRX027488	TFs and others	SMARCA4	Pluripotent stem cell	hESC H9	6408	11/388	10/386	0	0	1.09433
SRX041289	TFs and others	STAT4	Blood	T cells	1532	11/388	10/386	0	0	1.09433
SRX1668619	TFs and others	FOXM1	Pluripotent stem cell	hESC VAL-3	644	11/388	10/386	0	0	1.09433
SRX2194237	TFs and others	MED1	Breast	SUM 159PT	3167	11/388	10/386	0	0	1.09433
SRX2533043	TFs and others	SIRT1	Blood	K-562	4100	11/388	10/386	0	0	1.09433
SRX4398451	TFs and others	MYB	Blood	THP-1	4368	11/388	10/386	0	0	1.09433
SRX475786	TFs and others	REST	Blood	GM12878	2654	11/388	10/386	0	0	1.09433
SRX5157154	TFs and others	CEBPA	Blood	THP-1	6071	11/388	10/386	0	0	1.09433
SRX5323814	TFs and others	ESR1	Breast	T-47D	3516	11/388	10/386	0	0	1.09433
SRX5865980	TFs and others	TP53	Blood	MOLM-13	2765	11/388	10/386	0	0	1.09433
SRX5982341	TFs and others	SMARCA4	Lung	A549	6392	11/388	10/386	0	0	1.09433
SRX6878598	TFs and others	CREB5	Prostate	LNCAP	8947	11/388	10/386	0	0	1.09433
SRX831878	TFs and others	STAT5B	Blood	CD8+ T cells	2243	11/388	10/386	0	0	1.09433
SRX8616833	TFs and others	FOSL2	Lung	A549	4529	11/388	10/386	0	0	1.09433
SRX8726280	TFs and others	BMI1	Others	Tumor	1190	11/388	10/386	0	0	1.09433
SRX022395	TFs and others	VDR	Blood	Lymphoblastoid cell line	713	12/388	11/386	0	0	1.08529
SRX100941	TFs and others	TCF7L2	Uterus	HeLa	1457	12/388	11/386	0	0	1.08529
SRX1397389	TFs and others	SMAD1	Blood	CD34+	5472	12/388	11/386	0	0	1.08529
SRX2250317	TFs and others	TP63	Others	JHU-029	6094	12/388	11/386	0	0	1.08529
SRX2924014	TFs and others	TP53	Breast	MCF-7	3257	12/388	11/386	0	0	1.08529
SRX2961557	TFs and others	STAT1	Blood	SET-2	1100	12/388	11/386	0	0	1.08529
SRX3946914	TFs and others	MED1	Others	Mesenchymal stem cells	6551	12/388	11/386	0	0	1.08529
SRX5089420	TFs and others	SMARCA4	Breast	MCF-7	5069	12/388	11/386	0	0	1.08529
SRX6487045	TFs and others	FOXA1	Breast	MCF-7	5241	12/388	11/386	0	0	1.08529
SRX6800708	TFs and others	JUN	Blood	CAR-T cells	1684	12/388	11/386	0	0	1.08529
SRX8084739	TFs and others	Epitope tags	Breast	SUM 159PT	977	12/388	11/386	0	0	1.08529
SRX026646	TFs and others	MethylCap	Blood	Acute myeloid leukemia	7687	13/388	12/386	0	0	1.07775
SRX1156534	TFs and others	SMARCA4	Breast	MDA-MB-231	1477	13/388	12/386	0	0	1.07775
SRX1336216	TFs and others	ESR1	Breast	T-47D	5348	13/388	12/386	0	0	1.07775
SRX150474	TFs and others	GTF2B	Blood	K-562	1023	13/388	12/386	0	0	1.07775
SRX150549	TFs and others	STAT2	Blood	K-562	1700	13/388	12/386	0	0	1.07775
SRX2023712	TFs and others	MED1	Pluripotent stem cell	iPS derived cardiac cells	1125	13/388	12/386	0	0	1.07775
SRX2388757	TFs and others	AR	Muscle	Myofibroblasts	1125	13/388	12/386	0	0	1.07775
SRX3080210	TFs and others	JUN	Breast	MCF-7	5745	13/388	12/386	0	0	1.07775
SRX3468026	TFs and others	SS18	Others	Aska	2700	13/388	12/386	0	0	1.07775
SRX392784	TFs and others	REST	Blood	GM12878	2753	13/388	12/386	0	0	1.07775
SRX4796928	TFs and others	PPARG	Adipocyte	Adipose Tissue	6718	13/388	12/386	0	0	1.07775
SRX4931260	TFs and others	KMT2A	Breast	MCF-7	721	13/388	12/386	0	0	1.07775
SRX4966073	TFs and others	Epitope tags	Kidney	786-O	609	13/388	12/386	0	0	1.07775
SRX5025684	TFs and others	MYCN	Neural	SH-EP	1661	13/388	12/386	0	0	1.07775
SRX5865988	TFs and others	TP53	Blood	MOLM-13	2922	13/388	12/386	0	0	1.07775
SRX6824672	TFs and others	SNAI2	Unclassified	Unclassified	1955	13/388	12/386	0	0	1.07775
SRX8420195	TFs and others	JUNB	Blood	KARPAS-299	1099	13/388	12/386	0	0	1.07775
SRX9719181	TFs and others	GATA3	Breast	MCF-7	4781	13/388	12/386	0	0	1.07775
SRX1027449	TFs and others	CEBPB	Others	Mesenchymal stem cells	12269	14/388	13/386	0	0	1.07137
SRX150634	TFs and others	PRDM1	Uterus	HeLa	3146	14/388	13/386	0	0	1.07137
SRX2510827	TFs and others	NELFA	Uterus	HeLa	983	14/388	13/386	0	0	1.07137
SRX475776	TFs and others	REST	Blood	GM12878	3411	14/388	13/386	0	0	1.07137
SRX475778	TFs and others	REST	Blood	GM12878	3101	14/388	13/386	0	0	1.07137
SRX5577159	TFs and others	AR	Prostate	LNCAP	1287	14/388	13/386	0	0	1.07137
SRX5679787	TFs and others	ARID1A	Others	12Z	10006	14/388	13/386	0	0	1.07137
SRX687835	TFs and others	TP63	Epidermis	HaCaT	3964	14/388	13/386	0	0	1.07137
SRX7767647	TFs and others	GATA2	Uterus	Endometrial stromal cells	5479	14/388	13/386	0	0	1.07137
ERX200505	TFs and others	CTCF	Blood	B cells	5218	15/388	14/386	0	0	1.06591
SRX1426074	TFs and others	PHF2	Breast	HMLE	594	15/388	14/386	0	0	1.06591
SRX190174	TFs and others	JUND	Breast	T-47D	5212	15/388	14/386	0	0	1.06591
SRX3837518	TFs and others	SRF	Blood	HEL	4294	15/388	14/386	0	0	1.06591
SRX4815196	TFs and others	TLE3	Breast	SUM 159PT	11142	15/388	14/386	0	0	1.06591
SRX5514009	TFs and others	FOS	Uterus	Myometrium	4066	15/388	14/386	0	0	1.06591
SRX5532358	TFs and others	CTCF	Neural	Anterior temporal cortex	1417	15/388	14/386	0	0	1.06591
ERX200507	TFs and others	CTCF	Blood	B cells	3357	16/388	15/386	0	0	1.06117
SRX065544	TFs and others	Epitope tags	Kidney	293	3483	16/388	15/386	0	0	1.06117
SRX10119385	TFs and others	JUNB	Breast	MCF 10A	11544	16/388	15/386	0	0	1.06117
SRX190196	TFs and others	MBD4	Liver	Hep G2	4294	16/388	15/386	0	0	1.06117
SRX278506	TFs and others	TP53	Blood	Lymphoblastoid cells	3045	16/388	15/386	0	0	1.06117
SRX4116059	TFs and others	ESR1	Uterus	Endometrium cancer	7973	16/388	15/386	0	0	1.06117
SRX5157165	TFs and others	CEBPA	Blood	THP-1	8146	16/388	15/386	0	0	1.06117
SRX534845	TFs and others	CHD8	Neural	Neural Stem Cells	1975	16/388	15/386	0	0	1.06117
SRX5465792	TFs and others	ESR1	Breast	MCF-7	3241	16/388	15/386	0	0	1.06117
SRX698187	TFs and others	LMO3	Blood	Kasumi-1	4362	16/388	15/386	0	0	1.06117
SRX8080548	TFs and others	Epitope tags	Breast	Mammary gland ductal carcinoma	3184	16/388	15/386	0	0	1.06117
SRX1033274	TFs and others	GATA2	Prostate	LNCAP	5503	17/388	16/386	0	0	1.05702
SRX116459	TFs and others	KDM5A	Pluripotent stem cell	hESC H1	1161	17/388	16/386	0	0	1.05702
SRX3436329	TFs and others	NR3C1	Blood	SUP-B15	10921	17/388	16/386	0	0	1.05702
SRX5089413	TFs and others	SMARCA4	Breast	MCF-7	4832	17/388	16/386	0	0	1.05702
SRX5385028	TFs and others	BRD3	Pluripotent stem cell	hESC H1	978	17/388	16/386	0	0	1.05702
SRX895434	TFs and others	SUMO2	Blood	K-562	1032	17/388	16/386	0	0	1.05702
SRX235031	TFs and others	HDAC1	Blood	NALM-6	1800	18/388	17/386	0	0	1.05337
SRX392781	TFs and others	REST	Blood	GM12878	3515	18/388	17/386	0	0	1.05337
SRX5974588	TFs and others	TAL1	Blood	K-562	6399	18/388	17/386	0	0	1.05337
SRX6750797	TFs and others	SOX2	Breast	MDA-MB-231	1279	18/388	17/386	0	0	1.05337
SRX702118	TFs and others	SRF	Pluripotent stem cell	hESC derived mesendodermal cells	2980	18/388	17/386	0	0	1.05337
SRX8406301	TFs and others	HOXB13	Prostate	Prostate	16048	18/388	17/386	0	0	1.05337
SRX8536090	TFs and others	RUNX1T1	Blood	CD34+	2075	18/388	17/386	0	0	1.05337
SRX858325	TFs and others	RUNX1T1	Blood	Kasumi-1	4713	18/388	17/386	0	0	1.05337
SRX1048946	TFs and others	FOSL2	Uterus	Endometrial stromal cells	9890	19/388	18/386	0	0	1.05011
SRX2323908	TFs and others	AFF1	Blood	Pre-B cell leukemia	997	19/388	18/386	0	0	1.05011
SRX290877	TFs and others	EBNA2	Blood	Mutu	4835	19/388	18/386	0	0	1.05011
SRX4115993	TFs and others	ESR1	Breast	MCF-7	4626	19/388	18/386	0	0	1.05011
SRX4649671	TFs and others	TP63	Breast	MCF 10A	6405	19/388	18/386	0	0	1.05011
SRX475779	TFs and others	REST	Blood	GM12878	4208	19/388	18/386	0	0	1.05011
SRX5157164	TFs and others	CEBPA	Blood	THP-1	9858	19/388	18/386	0	0	1.05011
SRX5236336	TFs and others	MED1	Cardiovascular	HUVEC	1342	19/388	18/386	0	0	1.05011
SRX5486438	TFs and others	TCF7L2	Digestive tract	HCT 116	2062	19/388	18/386	0	0	1.05011
SRX813773	TFs and others	RELA	Adipocyte	SGBS	5572	19/388	18/386	0	0	1.05011
SRX1961162	TFs and others	ESR1	Breast	T-47D	3897	20/388	19/386	0	0	1.04721
SRX2020841	TFs and others	STAT3	Breast	MDA-MB-231	5622	20/388	19/386	0	0	1.04721
SRX2431538	TFs and others	GATA4	Epidermis	BJ	10871	20/388	19/386	0	0	1.04721
SRX3680731	TFs and others	BRD4	Digestive tract	SW 480	4828	20/388	19/386	0	0	1.04721
SRX4525857	TFs and others	BRD9	Others	Aska	4973	20/388	19/386	0	0	1.04721
SRX690824	TFs and others	HSF1	Bone	U2OS	6073	20/388	19/386	0	0	1.04721
SRX7396398	TFs and others	CTCF	Blood	Leukemia cell line	4907	20/388	19/386	0	0	1.04721
SRX100549	TFs and others	ZBTB33	Blood	K-562	1929	21/388	20/386	0	0	1.04459
SRX150911	TFs and others	GATA2	Prostate	LNCAP	10449	21/388	20/386	0	0	1.04459
SRX235030	TFs and others	IKZF1	Blood	NALM-6	3721	21/388	20/386	0	0	1.04459
SRX2897214	TFs and others	ESR1	Breast	Breast cancer cells	986	21/388	20/386	0	0	1.04459
SRX359930	TFs and others	E2F8	Digestive tract	LoVo	922	21/388	20/386	0	0	1.04459
SRX9628497	TFs and others	JUN	Gonad	SCCOHT-1	1162	21/388	20/386	0	0	1.04459
SRX233463	TFs and others	TFAP2A	Breast	MCF-7	6352	22/388	21/386	0	0	1.04222
SRX5493760	TFs and others	FOXA1	Breast	Breast cancer cells	6170	22/388	21/386	0	0	1.04222
SRX6441748	TFs and others	FOXA1	Pancreas	CFPAC-1	13023	22/388	21/386	0	0	1.04222
SRX8089675	TFs and others	MED1	Prostate	VCaP	1589	22/388	21/386	0	0	1.04222
SRX8803194	TFs and others	MYC	Gonad	OVCAR-3	1212	22/388	21/386	0	0	1.04222
SRX099405	TFs and others	RBL1	Lung	IMR-90	2882	23/388	22/386	0	0	1.04007
SRX306507	TFs and others	AR	Prostate	DU 145	4198	23/388	22/386	0	0	1.04007
SRX5169143	TFs and others	GATA1	Blood	Erythroid Precursor Cells	2629	23/388	22/386	0	0	1.04007
SRX10119384	TFs and others	JUNB	Breast	MCF 10A	15047	24/388	23/386	0	0	1.0381
SRX1497386	TFs and others	E2F1	Blood	RAJI	1485	24/388	23/386	0	0	1.0381
SRX4663589	TFs and others	NCOA3	Breast	MCF-7	16414	24/388	23/386	0	0	1.0381
SRX5974556	TFs and others	TAL1	Blood	K-562	8592	24/388	23/386	0	0	1.0381
SRX9599288	TFs and others	REST	Kidney	293	1531	24/388	23/386	0	0	1.0381
SRX1514938	TFs and others	GFP	Kidney	293	5619	25/388	24/386	0	0	1.0363
SRX2555293	TFs and others	ISL1	Neural	BE(2)-C	23163	25/388	24/386	0	0	1.0363
SRX5169135	TFs and others	GATA1	Blood	Erythroid progenitors	3777	25/388	24/386	0	0	1.0363
SRX5702625	TFs and others	ESR1	Breast	Breast cancer cells	3837	25/388	24/386	0	0	1.0363
SRX9719184	TFs and others	GATA3	Breast	MCF-7	9795	25/388	24/386	0	0	1.0363
SRX018991	TFs and others	TP63	Epidermis	Keratinocytes	8867	26/388	25/386	0	0	1.03464
SRX1041182	TFs and others	ATF4	Blood	HAP1	7499	26/388	25/386	0	0	1.03464
SRX2545050	TFs and others	FOXA1	Prostate	LNCAP	27786	26/388	25/386	0	0	1.03464
SRX818641	TFs and others	SUMO2	Kidney	293	12389	26/388	25/386	0	0	1.03464
SRX9063420	TFs and others	JUN	Breast	MCF-7	3860	26/388	25/386	0	0	1.03464
ERX626787	TFs and others	CTCF	Blood	HL-60	5581	27/388	26/386	0	0	1.03311
SRX016977	TFs and others	TP73	Bone	Saos-2	11791	27/388	26/386	0	0	1.03311
SRX1127535	TFs and others	SPI1	Blood	RS4-11	9930	27/388	26/386	0	0	1.03311
SRX2778388	TFs and others	YY1	Blood	Lymphoblastoid cell line	1329	27/388	26/386	0	0	1.03311
SRX2778397	TFs and others	YY1	Blood	Lymphoblastoid cell line	1190	27/388	26/386	0	0	1.03311
SRX3091905	TFs and others	ZNF711	Breast	MCF-7	1603	27/388	26/386	0	0	1.03311
SRX3230399	TFs and others	RUVBL1	Liver	Hep G2	2110	27/388	26/386	0	0	1.03311
SRX026643	TFs and others	ERG	Blood	Acute myeloid leukemia	1861	28/388	27/386	0	0	1.03169
SRX150658	TFs and others	RCOR1	Liver	Hep G2	2334	28/388	27/386	0	0	1.03169
SRX4677291	TFs and others	FOXA2	Pancreas	CFPAC-1	13020	28/388	27/386	0	0	1.03169
SRX625679	TFs and others	IKZF1	Blood	Pre-B ALL 	6493	28/388	27/386	0	0	1.03169
SRX8089676	TFs and others	MED1	Prostate	VCaP	1873	28/388	27/386	0	0	1.03169
SRX1550250	TFs and others	MYC	Bone	U2OS	2280	29/388	28/386	0	0	1.03038
SRX2749139	TFs and others	EP300	Kidney	786-O	10792	29/388	28/386	0	0	1.03038
SRX6895232	TFs and others	8-Hydroxydeoxyguanosine	Breast	MCF 10A	19179	29/388	28/386	0	0	1.03038
SRX3110724	TFs and others	ESR1	Breast	MCF-7	9551	30/388	29/386	0	0	1.02915
SRX475775	TFs and others	REST	Blood	GM12878	5288	30/388	29/386	0	0	1.02915
SRX4677295	TFs and others	FOS	Pancreas	CFPAC-1	10861	31/388	30/386	0	0	1.02801
SRX1041184	TFs and others	ATF4	Blood	HAP1	9070	32/388	31/386	0	0	1.02694
SRX4708070	TFs and others	HNRNPK	Blood	K-562	2829	32/388	31/386	0	0	1.02694
SRX4931269	TFs and others	KMT2A	Kidney	293	1363	32/388	31/386	0	0	1.02694
SRX017895	TFs and others	RELA	Blood	GM18951	4383	33/388	32/386	0	0	1.02593
SRX265228	TFs and others	FLI1	Blood	ME-1	1439	33/388	32/386	0	0	1.02593
SRX9599295	TFs and others	REST	Kidney	293	3121	34/388	33/386	0	0	1.02499
SRX017698	TFs and others	CREBBP	Blood	CD4+ T cells	1948	36/388	35/386	0	0	1.02327
SRX5887611	TFs and others	YAP1	Lung	PC-9	11607	36/388	35/386	0	0	1.02327
SRX7054997	TFs and others	ERG	Cardiovascular	HAEC	3435	36/388	35/386	0	0	1.02327
SRX107411	TFs and others	RUNX2	Prostate	C4-2	17895	37/388	36/386	0	0	1.02248
SRX1079392	TFs and others	SUMO2	Prostate	VCaP	15850	37/388	36/386	0	0	1.02248
SRX3030206	TFs and others	RUNX1	Blood	ME-1	4934	37/388	36/386	0	0	1.02248
SRX644408	TFs and others	GABPA	Prostate	DU 145	1971	37/388	36/386	0	0	1.02248
SRX4003760	TFs and others	ESRRG	Pluripotent stem cell	iPS derived cardiac cells	7447	39/388	38/386	0	0	1.02103
SRX7902033	TFs and others	POU5F1	Prostate	22Rv1	1878	40/388	39/386	0	0	1.02035
SRX4417022	TFs and others	ESR1	Breast	MCF-7	9799	41/388	40/386	0	0	1.01972
SRX1033270	TFs and others	FOXA1	Prostate	LNCAP	23466	42/388	41/386	0	0	1.01911
SRX475797	TFs and others	ZBTB33	Blood	GM12878	2462	42/388	41/386	0	0	1.01911
SRX10104975	TFs and others	RXRA	Others	5637	10173	43/388	42/386	0	0	1.01853
SRX3110720	TFs and others	ESR1	Breast	MCF-7	16215	43/388	42/386	0	0	1.01853
SRX1013331	TFs and others	MED1	Liver	HuCCT1	7056	44/388	43/386	0	0	1.01798
SRX9090622	TFs and others	IRF8	Blood	MOLM-13	19349	45/388	44/386	0	0	1.01746
SRX190232	TFs and others	SP2	Pluripotent stem cell	hESC H1	2255	46/388	45/386	0	0	1.01695
SRX5054309	TFs and others	FOSL2	Neural	Neural progenitor cells	25677	46/388	45/386	0	0	1.01695
SRX646136	TFs and others	TAL1	Blood	Erythroblasts	15225	46/388	45/386	0	0	1.01695
SRX5089556	TFs and others	BRD4	Breast	MCF-7	3322	47/388	46/386	0	0	1.01647
SRX128194	TFs and others	DCP1A	Uterus	HeLa	2134	48/388	47/386	0	0	1.01601
SRX4154216	TFs and others	Epitope tags	Blood	Acute myeloid leukemia	9030	48/388	47/386	0	0	1.01601
SRX4493021	TFs and others	KDM1A	Blood	K-562	6440	48/388	47/386	0	0	1.01601
SRX1758480	TFs and others	NELFE	Breast	MCF-7	2270	50/388	49/386	0	0	1.01515
SRX2770856	TFs and others	SPI1	Blood	Macrophages	16721	50/388	49/386	0	0	1.01515
SRX4143070	TFs and others	TAF1	Blood	Kasumi-1	4722	50/388	49/386	0	0	1.01515
SRX4400349	TFs and others	MYC	Digestive tract	DLD-1	4778	50/388	49/386	0	0	1.01515
SRX7214025	TFs and others	CREBBP	Epidermis	Keratinocytes	14607	50/388	49/386	0	0	1.01515
SRX8080560	TFs and others	Epitope tags	Breast	Mammary gland adenocarcinoma	10234	51/388	50/386	0	0	1.01474
SRX8406547	TFs and others	HOXB13	Prostate	Prostate	14331	51/388	50/386	0	0	1.01474
SRX10119370	TFs and others	WWTR1	Breast	MCF 10A	17473	52/388	51/386	0	0	1.01435
SRX023659	TFs and others	PHF8	Uterus	HeLa	2666	56/388	55/386	0	0	1.01293
SRX082165	TFs and others	MYC	Blood	GM12878	4223	56/388	55/386	0	0	1.01293
SRX4493020	TFs and others	KDM1A	Blood	K-562	8092	57/388	56/386	0	0	1.01261
SRX1079393	TFs and others	SUMO2	Prostate	VCaP	22216	58/388	57/386	0	0	1.0123
SRX1261517	TFs and others	GATA2	Blood	TF-1	20020	59/388	58/386	0	0	1.012
SRX4193150	TFs and others	ESR1	Breast	MCF-7	6045	59/388	58/386	0	0	1.012
SRX5323822	TFs and others	STAT3	Breast	T-47D	6841	60/388	59/386	0	0	1.01171
SRX150555	TFs and others	E2F6	Uterus	HeLa	3073	61/388	60/386	0	0	1.01143
SRX6860627	TFs and others	FOXA1	Breast	T-47D	22293	61/388	60/386	0	0	1.01143
SRX150406	TFs and others	ELK1	Uterus	HeLa	3192	62/388	61/386	0	0	1.01115
SRX1055107	TFs and others	Epitope tags	Kidney	293	4592	63/388	62/386	0	0	1.01089
SRX8588624	TFs and others	SMARCA4	Cardiovascular	Pulmonary artery endothelial cells	32339	63/388	62/386	0	0	1.01089
SRX2652448	TFs and others	ZBTB48	Bone	U2OS	5281	65/388	64/386	0	0	1.01039
SRX4192879	TFs and others	FOS	Breast	MCF 10A	39305	65/388	64/386	0	0	1.01039
SRX7944499	TFs and others	ESR1	Uterus	Ishikawa	8520	65/388	64/386	0	0	1.01039
SRX1878904	TFs and others	MYOD1	Muscle	Rh-4	15114	68/388	67/386	0	0	1.00969
SRX2436058	TFs and others	NEUROD1	Neural	D341 Med	8126	69/388	68/386	0	0	1.00948
SRX5294342	TFs and others	DPF2	Kidney	TTC1240	17665	69/388	68/386	0	0	1.00948
SRX6596850	TFs and others	EGR1	Others	Fibroblasts	3853	70/388	69/386	0	0	1.00926
SRX369131	TFs and others	NOTCH1	Blood	CUTLL1	4298	72/388	71/386	0	0	1.00886
SRX5702624	TFs and others	ESR1	Breast	Breast cancer cells	10400	73/388	72/386	0	0	1.00866
SRX150545	TFs and others	MYC	Blood	K-562	5759	76/388	75/386	0	0	1.00811
SRX2555292	TFs and others	MYC	Neural	BE(2)-C	8682	76/388	75/386	0	0	1.00811
SRX7276675	TFs and others	Epitope tags	Kidney	293	27996	76/388	75/386	0	0	1.00811
SRX10119134	TFs and others	RUNX1	Blood	MV-4-11	33412	77/388	76/386	0	0	1.00794
SRX5089560	TFs and others	BRD4	Breast	MCF-7	5713	77/388	76/386	0	0	1.00794
SRX8406534	TFs and others	HOXB13	Prostate	Prostate	21782	78/388	77/386	0	0	1.00777
SRX093189	TFs and others	SPI1	Blood	Macrophages	29256	79/388	78/386	0	0	1.0076
SRX4911601	TFs and others	FOXA2	Uterus	Endometrium	3896	79/388	78/386	0	0	1.0076
SRX8080550	TFs and others	Epitope tags	Breast	Mammary gland ductal carcinoma	19838	84/388	83/386	0	0	1.00683
SRX5718140	TFs and others	YAP1	Kidney	293	45476	85/388	84/386	0	0	1.00669
SRX190238	TFs and others	NR2F2	Blood	K-562	17569	88/388	87/386	0	0	1.00628
SRX341011	TFs and others	MYOD1	Muscle	Myotube	23090	88/388	87/386	0	0	1.00628
SRX6473451	TFs and others	Epitope tags	Pluripotent stem cell	hESC derived neural crests	3637	94/388	93/386	0	0	1.00554
SRX3230418	TFs and others	ZNF544	Liver	Hep G2	9000	96/388	95/386	0	0	1.00532
SRX769726	TFs and others	SUMO2	Prostate	VCaP	13339	96/388	95/386	0	0	1.00532
SRX150645	TFs and others	BHLHE40	Liver	Hep G2	11478	97/388	96/386	0	0	1.00521
SRX5567178	TFs and others	RNF2	Blood	ME-1	8141	97/388	96/386	0	0	1.00521
SRX2897205	TFs and others	ESR1	Breast	Breast cancer cells	6298	98/388	97/386	0	0	1.0051
SRX097095	TFs and others	CEBPA	Blood	U-937	38687	99/388	98/386	0	0	1.005
SRX1287856	TFs and others	BRD4	Blood	MOLM-14	6419	99/388	98/386	0	0	1.005
SRX150447	TFs and others	TFAP2A	Uterus	HeLa	10885	99/388	98/386	0	0	1.005
SRX8037073	TFs and others	KLF5	Others	BICR 31	8584	100/388	99/386	0	0	1.00489
SRX5323858	TFs and others	STAT3	Breast	MCF-7	17306	105/388	104/386	0	0	1.00441
SRX1961157	TFs and others	FOXA1	Breast	T-47D	39631	108/388	107/386	0	0	1.00414
SRX5574484	TFs and others	ETS1	Blood	CTV-1	31400	223/388	221/386	0	0	1.00385
SRX10131663	TFs and others	CDK9	Lung	Bronchial tracheal epithelial cells	5456	112/388	111/386	0	0	1.00381
SRX10722430	TFs and others	BCL11B	Blood	T-ALL	6793	114/388	113/386	0	0	1.00365
SRX12118512	TFs and others	POU2F2	Blood	OCI-LY-7	22891	116/388	115/386	0	0	1.0035
SRX1023790	TFs and others	SPI1	Blood	Macrophages	64368	236/388	234/386	0	0	1.00335
SRX4394545	TFs and others	CEBPB	Bone	SU-DHL-1	50375	120/388	119/386	0	0	1.00321
SRX8873455	TFs and others	BANP	Digestive tract	HCT 116	6453	121/388	120/386	0	0	1.00314
SRX6365882	TFs and others	TOP2B	Neural	BT142	14105	122/388	121/386	0	0	1.00307
SRX100434	TFs and others	TCF12	Blood	GM12878	15896	126/388	125/386	0	0	1.0028
SRX1892835	TFs and others	TFAP4	Digestive tract	COLO 320	36160	260/388	258/386	0	0	1.00256
SRX334263	TFs and others	E2F1	Unclassified	Unclassified	5884	130/388	129/386	0	0	1.00256
SRX100514	TFs and others	E2F6	Blood	K-562	23995	268/388	266/386	0	0	1.00233
SRX2897220	TFs and others	ESR1	Breast	Breast cancer cells	14930	268/388	266/386	0	0	1.00233
SRX150578	TFs and others	CEBPB	Blood	K-562	38525	137/388	136/386	0	0	1.00216
SRX150417	TFs and others	MAZ	Blood	K-562	29714	275/388	273/386	0	0	1.00213
SRX063913	TFs and others	RUNX1	Blood	SKNO-1	21649	280/388	278/386	0	0	1.002
SRX2164786	TFs and others	NKX2-1	Lung	A549	53092	142/388	141/386	0	0	1.0019
SRX8673361	TFs and others	RUNX1T1	Blood	Kasumi-1	10726	144/388	143/386	0	0	1.0018
SRX3285563	TFs and others	KDM5B	Breast	C49R	8705	146/388	145/386	0	0	1.00171
SRX7677719	TFs and others	NELFCD	Digestive tract	DLD-1	14904	297/388	295/386	0	0	1.00159
SRX1023792	TFs and others	SPI1	Blood	Macrophages	112968	301/388	299/386	0	0	1.0015
SRX2731658	TFs and others	PBX4	Prostate	PC-3	76930	151/388	150/386	0	0	1.00148
SRX9867025	TFs and others	BCL11B	Blood	TALL-1	31691	305/388	303/386	0	0	1.00141
SRX359970	TFs and others	RAD21	Digestive tract	LoVo	26638	153/388	152/386	0	0	1.00139
SRX9867024	TFs and others	BCL11B	Blood	TALL-1	29842	306/388	304/386	0	0	1.00139
SRX6066493	TFs and others	POLR2C	Digestive tract	HCT 116	18544	323/388	321/386	0	0	1.00104
SRX150509	TFs and others	BHLHE40	Blood	GM12878	20151	163/388	162/386	0	0	1.00099
SRX6066491	TFs and others	POLR2C	Digestive tract	HCT 116	17991	327/388	325/386	0	0	1.00097
SRX8299829	TFs and others	MYC	Bone	U2OS	37170	333/388	331/386	0	0	1.00086
SRX150598	TFs and others	CEBPB	Lung	IMR-90	72022	172/388	171/386	0	0	1.00066
SRX5391680	TFs and others	SMC3	Blood	Neutrophils	19658	180/388	179/386	0	0	1.0004
SRX150446	TFs and others	E2F1	Uterus	HeLa	9552	184/388	183/386	0	0	1.00028
SRX1280449	TFs and others	NRF1	Breast	HMEC	12241	218/388	217/386	0	0	0.99943
SRX5405696	TFs and others	TFAP2C	Breast	SK-BR-3	40533	229/388	228/386	0	0	0.999209
SRX7805362	TFs and others	ZNF711	Kidney	293	9566	231/388	230/386	0	0	0.999171
SRX8299810	TFs and others	MYC	Bone	U2OS	14949	232/388	231/386	0	0	0.999152
SRX4001819	TFs and others	SPI1	Blood	Macrophages	95501	236/388	235/386	0	0	0.999079
SRX8299811	TFs and others	MYC	Bone	U2OS	15496	242/388	241/386	0	0	0.998973
SRX7805363	TFs and others	ZNF711	Kidney	293	10054	243/388	242/386	0	0	0.998956
SRX103000	TFs and others	MYC	Breast	MCF-7	27749	264/388	263/386	0	0	0.998628
SRX1424886	TFs and others	CXXC1	Blood	SEM	13146	274/388	273/386	0	0	0.998489
SRX2442440	TFs and others	FGFR1	Pluripotent stem cell	iPS derived neural cells	13470	290/388	289/386	0	0	0.998288
SRX7692441	TFs and others	POLR2C	Digestive tract	HCT 116	15724	302/388	301/386	0	0	0.99815
SRX10881824	TFs and others	SS18L1	Kidney	G-401	23219	314/388	313/386	0	0	0.998024
SRX5877913	TFs and others	Epitope tags	Bone	U2OS	76907	360/388	359/386	0	0	0.997617
ERX371701	TFs and others	BRD4	Breast	Mammary epithelial cells	219	1/388	1/386	0	0	0.994845
ERX371713	TFs and others	BRD4	Breast	Mammary epithelial cells	1064	1/388	1/386	0	0	0.994845
ERX626783	TFs and others	CEBPE	Blood	HL-60	264	1/388	1/386	0	0	0.994845
ERX626795	TFs and others	RAD21	Blood	HL-60	396	1/388	1/386	0	0	0.994845
ERX704045	TFs and others	CTCF	Blood	HL-60	2506	8/388	8/386	0	0	0.994845
ERX704060	TFs and others	RAD21	Blood	HL-60	3111	10/388	10/386	0	0	0.994845
SRX003313	TFs and others	STAT1	Uterus	HeLa	130	1/388	1/386	0	0	0.994845
SRX003318	TFs and others	STAT1	Uterus	HeLa	116	2/388	2/386	0	0	0.994845
SRX003939	TFs and others	ESR1	Breast	MCF-7	4496	16/388	16/386	0	0	0.994845
SRX011575	TFs and others	TAF2	Pluripotent stem cell	hESC H1	237	4/388	4/386	0	0	0.994845
SRX011617	TFs and others	NANOG	Pluripotent stem cell	hESC H1	2958	3/388	3/386	0	0	0.994845
SRX013324	TFs and others	ZNF263	Blood	K-562	815	10/388	10/386	0	0	0.994845
SRX014782	TFs and others	RARA	Blood	UPR9	5773	26/388	26/386	0	0	0.994845
SRX016030	TFs and others	RB1	Lung	IMR-90	4351	3/388	3/386	0	0	0.994845
SRX016035	TFs and others	RB1	Lung	IMR-90	917	1/388	1/386	0	0	0.994845
SRX016038	TFs and others	RBL2	Lung	IMR-90	2144	14/388	14/386	0	0	0.994845
SRX016979	TFs and others	TP53	Bone	Saos-2	914	1/388	1/386	0	0	0.994845
SRX017709	TFs and others	KAT5	Blood	CD4+ T cells	560	11/388	11/386	0	0	0.994845
SRX017864	TFs and others	RELA	Blood	GM18526	140	1/388	1/386	0	0	0.994845
SRX017871	TFs and others	RELA	Blood	GM19099	6212	34/388	34/386	0	0	0.994845
SRX017888	TFs and others	RELA	Blood	GM10847	84	1/388	1/386	0	0	0.994845
SRX017890	TFs and others	RELA	Blood	GM10847	467	1/388	1/386	0	0	0.994845
SRX017897	TFs and others	RELA	Blood	GM18951	1682	9/388	9/386	0	0	0.994845
SRX017900	TFs and others	RELA	Blood	GM18526	453	2/388	2/386	0	0	0.994845
SRX017901	TFs and others	RELA	Blood	GM18526	137	1/388	1/386	0	0	0.994845
SRX018280	TFs and others	CREBBP	Neural	T98G	304	1/388	1/386	0	0	0.994845
SRX018833	TFs and others	TFAP2C	Breast	MCF-7	24260	91/388	91/386	0	0	0.994845
SRX022575	TFs and others	ERG	Prostate	RWPE-1	260	4/388	4/386	0	0	0.994845
SRX022741	TFs and others	TDRD3	Breast	MCF-7	436	1/388	1/386	0	0	0.994845
SRX026263	TFs and others	CDX2	Digestive tract	Caco-2	797	1/388	1/386	0	0	0.994845
SRX026532	TFs and others	ESR1	Breast	T-47D	1510	3/388	3/386	0	0	0.994845
SRX026634	TFs and others	ERG	Blood	Kasumi-1	425	1/388	1/386	0	0	0.994845
SRX026641	TFs and others	ERG	Blood	Acute myeloid leukemia	610	4/388	4/386	0	0	0.994845
SRX026652	TFs and others	MethylCap	Blood	Acute myeloid leukemia	455	1/388	1/386	0	0	0.994845
SRX027909	TFs and others	RELA	Uterus	HeLa	887	5/388	5/386	0	0	0.994845
SRX027911	TFs and others	RELA	Uterus	HeLa	246	1/388	1/386	0	0	0.994845
SRX028636	TFs and others	NR2C2	Blood	K-562	199	5/388	5/386	0	0	0.994845
SRX029083	TFs and others	RUNX1	Blood	K-562	1058	3/388	3/386	0	0	0.994845
SRX029433	TFs and others	GATA1	Blood	CD34+	505	2/388	2/386	0	0	0.994845
SRX029435	TFs and others	RUNX1	Blood	CD34+	3452	28/388	28/386	0	0	0.994845
SRX029597	TFs and others	TAL1	Blood	T-ALL	801	1/388	1/386	0	0	0.994845
SRX029598	TFs and others	TAL1	Blood	CD34 Hematopoietic stem cells	2929	12/388	12/386	0	0	0.994845
SRX039138	TFs and others	FOXA1	Breast	MCF-7	1192	3/388	3/386	0	0	0.994845
SRX039139	TFs and others	FOS	Breast	MCF-7	1492	4/388	4/386	0	0	0.994845
SRX039145	TFs and others	FOXA1	Breast	T-47D	2024	6/388	6/386	0	0	0.994845
SRX055346	TFs and others	CBX3	Digestive tract	HCT 116	534	1/388	1/386	0	0	0.994845
SRX060810	TFs and others	GATA3	Breast	MCF-7	12515	34/388	34/386	0	0	0.994845
SRX062337	TFs and others	RUNX1	Blood	Kasumi-1	1840	5/388	5/386	0	0	0.994845
SRX065556	TFs and others	Epitope tags	Bone	U2OS	402	2/388	2/386	0	0	0.994845
SRX077859	TFs and others	CDX2	Digestive tract	COLO 320	541	2/388	2/386	0	0	0.994845
SRX080138	TFs and others	MYC	Uterus	HeLa	286	1/388	1/386	0	0	0.994845
SRX080151	TFs and others	MYC	Cardiovascular	HUVEC	4373	48/388	48/386	0	0	0.994845
SRX080253	TFs and others	AFF4	Digestive tract	HCT 116	523	1/388	1/386	0	0	0.994845
SRX082162	TFs and others	JUND	Blood	GM12878	1524	4/388	4/386	0	0	0.994845
SRX083223	TFs and others	FOXA1	Prostate	LNCAP	554	2/388	2/386	0	0	0.994845
SRX084521	TFs and others	ETV4	Prostate	PC-3	438	2/388	2/386	0	0	0.994845
SRX084522	TFs and others	JUND	Prostate	PC-3	520	2/388	2/386	0	0	0.994845
SRX093192	TFs and others	EGR2	Blood	Macrophages	490	1/388	1/386	0	0	0.994845
SRX093541	TFs and others	SUPT20H	Blood	GM12878	240	1/388	1/386	0	0	0.994845
SRX096346	TFs and others	RXRA	Digestive tract	LS-180	2028	2/388	2/386	0	0	0.994845
SRX096351	TFs and others	CEBPB	Digestive tract	LS-180	22742	79/388	79/386	0	0	0.994845
SRX097073	TFs and others	SMAD1	Blood	CD34 Hematopoietic stem cells	4383	8/388	8/386	0	0	0.994845
SRX097098	TFs and others	TCF7L2	Blood	U-937	938	4/388	4/386	0	0	0.994845
SRX099629	TFs and others	EP300	Cardiovascular	Heart	164	2/388	2/386	0	0	0.994845
SRX100265	TFs and others	ESR1	Breast	H3396	818	6/388	6/386	0	0	0.994845
SRX100266	TFs and others	ESR1	Breast	H3396	190	2/388	2/386	0	0	0.994845
SRX100272	TFs and others	NCOA3	Breast	H3396	571	2/388	2/386	0	0	0.994845
SRX100321	TFs and others	SMAD1	Blood	CD34+	933	2/388	2/386	0	0	0.994845
SRX100386	TFs and others	RXRA	Blood	GM12878	422	1/388	1/386	0	0	0.994845
SRX100483	TFs and others	POU5F1	Pluripotent stem cell	hESC H1	1775	1/388	1/386	0	0	0.994845
SRX100503	TFs and others	ZBTB33	Digestive tract	HCT 116	1842	30/388	30/386	0	0	0.994845
SRX100551	TFs and others	RXRA	Pluripotent stem cell	hESC H1	800	2/388	2/386	0	0	0.994845
SRX100563	TFs and others	BCL3	Blood	K-562	506	1/388	1/386	0	0	0.994845
SRX10104970	TFs and others	PPARG	Others	5637	2118	5/388	5/386	0	0	0.994845
SRX1011299	TFs and others	TEAD4	Liver	HuCCT1	3995	8/388	8/386	0	0	0.994845
SRX10119136	TFs and others	RUNX1	Blood	MV-4-11	34357	76/388	76/386	0	0	0.994845
SRX10119143	TFs and others	CREB1	Blood	MV-4-11	963	22/388	22/386	0	0	0.994845
SRX10119149	TFs and others	MYB	Blood	MV-4-11	748	1/388	1/386	0	0	0.994845
SRX10119157	TFs and others	MYB	Blood	MV-4-11	643	1/388	1/386	0	0	0.994845
SRX10119365	TFs and others	YAP1	Breast	MCF 10A	12095	28/388	28/386	0	0	0.994845
SRX10119366	TFs and others	YAP1	Breast	MCF 10A	5445	16/388	16/386	0	0	0.994845
SRX10119377	TFs and others	WWTR1	Breast	MCF 10A	12788	30/388	30/386	0	0	0.994845
SRX10119381	TFs and others	STAT3	Breast	MCF 10A	1243	7/388	7/386	0	0	0.994845
SRX10119393	TFs and others	STAT3	Breast	MDA-MB-231	290	2/388	2/386	0	0	0.994845
SRX1012538	TFs and others	BCL6	Blood	B cells	7052	32/388	32/386	0	0	0.994845
SRX1012642	TFs and others	EP300	Breast	MCF-7	6251	9/388	9/386	0	0	0.994845
SRX1012686	TFs and others	ESR1	Breast	MCF-7	707	1/388	1/386	0	0	0.994845
SRX1012740	TFs and others	ESR1	Breast	MCF-7	1057	2/388	2/386	0	0	0.994845
SRX1012742	TFs and others	ESR1	Breast	MCF-7	550	1/388	1/386	0	0	0.994845
SRX10131680	TFs and others	MLLT1	Lung	Bronchial tracheal epithelial cells	466	1/388	1/386	0	0	0.994845
SRX10145212	TFs and others	REL	Blood	Naive B cells	531	1/388	1/386	0	0	0.994845
SRX10206213	TFs and others	ZBTB3	Blood	Monocytes	430	2/388	2/386	0	0	0.994845
SRX1023263	TFs and others	GATA3	Neural	NGP	2126	9/388	9/386	0	0	0.994845
SRX1032967	TFs and others	STAT5A	Blood	Acute myeloid leukemia	1160	1/388	1/386	0	0	0.994845
SRX1033272	TFs and others	GATA2	Prostate	LNCAP	18479	43/388	43/386	0	0	0.994845
SRX10333913	TFs and others	NELFA	Digestive tract	DLD-1	2816	56/388	56/386	0	0	0.994845
SRX1035583	TFs and others	MAML3	Neural	SK-N-SH	1910	1/388	1/386	0	0	0.994845
SRX10365520	TFs and others	ESR1	Breast	MDA-MB-231	435	2/388	2/386	0	0	0.994845
SRX10382398	TFs and others	EZH2	Pluripotent stem cell	hESC H1	2387	22/388	22/386	0	0	0.994845
SRX1048453	TFs and others	MEF2B	Unclassified	Unclassified	672	1/388	1/386	0	0	0.994845
SRX1048469	TFs and others	Epitope tags	Blood	JEKO-1	5586	9/388	9/386	0	0	0.994845
SRX1053376	TFs and others	MED1	Pluripotent stem cell	ES cells	510	3/388	3/386	0	0	0.994845
SRX1053377	TFs and others	MED1	Pluripotent stem cell	ES cells	512	3/388	3/386	0	0	0.994845
SRX1053379	TFs and others	POU5F1	Pluripotent stem cell	ES cells	4726	5/388	5/386	0	0	0.994845
SRX10644244	TFs and others	CDT1	Digestive tract	HCT 116	865	4/388	4/386	0	0	0.994845
SRX10644246	TFs and others	CDT1	Digestive tract	HCT 116	1898	3/388	3/386	0	0	0.994845
SRX10644252	TFs and others	CDT1	Digestive tract	HCT 116	641	2/388	2/386	0	0	0.994845
SRX1066865	TFs and others	BANP	Digestive tract	HCT 116	4803	7/388	7/386	0	0	0.994845
SRX10760642	TFs and others	EP300	Blood	MM.1S	4882	31/388	31/386	0	0	0.994845
SRX1078839	TFs and others	AFF4	Digestive tract	HCT 116	773	2/388	2/386	0	0	0.994845
SRX1078848	TFs and others	ELL2	Digestive tract	HCT 116	809	4/388	4/386	0	0	0.994845
SRX10809802	TFs and others	EP300	Muscle	RH-4	1236	3/388	3/386	0	0	0.994845
SRX10881857	TFs and others	SMARCC1	Others	BT-16	429	1/388	1/386	0	0	0.994845
SRX1089834	TFs and others	RUNX1	Blood	Hematopoietic Stem Cells	525	1/388	1/386	0	0	0.994845
SRX1089836	TFs and others	GATA2	Blood	Erythroblasts	616	2/388	2/386	0	0	0.994845
SRX1094520	TFs and others	BRD4	Kidney	HEK293-T-REx	276	2/388	2/386	0	0	0.994845
SRX1100313	TFs and others	RELA	Breast	HMEC	1654	11/388	11/386	0	0	0.994845
SRX11005608	TFs and others	POU2F1	Breast	MCF10CA1a	417	1/388	1/386	0	0	0.994845
SRX11005612	TFs and others	POU2F1	Breast	MCF10CA1a	530	1/388	1/386	0	0	0.994845
SRX11007095	TFs and others	HIF1A	Kidney	HK-2	3276	4/388	4/386	0	0	0.994845
SRX11014588	TFs and others	CTCF	Bone	U2OS	4647	32/388	32/386	0	0	0.994845
SRX11094517	TFs and others	FLI1	Bone	EW-1	4339	7/388	7/386	0	0	0.994845
SRX11098772	TFs and others	KANSL1	Uterus	HeLa	897	2/388	2/386	0	0	0.994845
SRX1116522	TFs and others	ESR1	Breast	MCF-7	326	6/388	6/386	0	0	0.994845
SRX11220464	TFs and others	TRIM28	Digestive tract	HT-29	4320	11/388	11/386	0	0	0.994845
SRX11220465	TFs and others	TRIM28	Digestive tract	HT-29	2850	10/388	10/386	0	0	0.994845
SRX1123854	TFs and others	SMARCA4	Neural	BT-16	294	1/388	1/386	0	0	0.994845
SRX1123868	TFs and others	SMARCC1	Liver	MRT TTC549	4358	6/388	6/386	0	0	0.994845
SRX1131555	TFs and others	BRD4	Breast	SUM 1315M02	2057	12/388	12/386	0	0	0.994845
SRX1131601	TFs and others	SUZ12	Pluripotent stem cell	NCCIT	225	1/388	1/386	0	0	0.994845
SRX113580	TFs and others	RYBP	Kidney	293	215	1/388	1/386	0	0	0.994845
SRX1142761	TFs and others	JUN	Breast	BT-549	726	1/388	1/386	0	0	0.994845
SRX1143681	TFs and others	TP63	Breast	MCF10DCIS.com	13703	39/388	39/386	0	0	0.994845
SRX1144285	TFs and others	CDK12	Blood	Jurkat	747	8/388	8/386	0	0	0.994845
SRX11472288	TFs and others	CTCF	Uterus	HeLa	922	1/388	1/386	0	0	0.994845
SRX1156473	TFs and others	GATA3	Breast	MDA-MB-231	11019	39/388	39/386	0	0	0.994845
SRX1156477	TFs and others	GATA3	Breast	MDA-MB-231	17056	55/388	55/386	0	0	0.994845
SRX1156478	TFs and others	GATA3	Breast	MDA-MB-231	13972	43/388	43/386	0	0	0.994845
SRX1161200	TFs and others	ESR1	Breast	T-47D	9817	23/388	23/386	0	0	0.994845
SRX116421	TFs and others	HDAC1	Blood	K-562	337	1/388	1/386	0	0	0.994845
SRX116441	TFs and others	RBBP5	Blood	K-562	209	3/388	3/386	0	0	0.994845
SRX116455	TFs and others	CHD7	Pluripotent stem cell	hESC H1	492	1/388	1/386	0	0	0.994845
SRX1183808	TFs and others	AR	Prostate	C4-2	2662	1/388	1/386	0	0	0.994845
SRX1268849	TFs and others	KDM5C	Kidney	Caki-1	534	1/388	1/386	0	0	0.994845
SRX1272782	TFs and others	BRD4	Digestive tract	HCT 116	616	1/388	1/386	0	0	0.994845
SRX128099	TFs and others	TFAP2C	Breast	MCF-7	24225	90/388	90/386	0	0	0.994845
SRX129117	TFs and others	MED1	Blood	Multiple Myeloma	562	1/388	1/386	0	0	0.994845
SRX1293533	TFs and others	AFF1	Blood	MV-4-11	986	2/388	2/386	0	0	0.994845
SRX1293534	TFs and others	PSIP1	Blood	MV-4-11	3885	73/388	73/386	0	0	0.994845
SRX1295736	TFs and others	SATB1	Neural	SH-SY5Y	1244	1/388	1/386	0	0	0.994845
SRX1299480	TFs and others	Epitope tags	Kidney	293	1685	2/388	2/386	0	0	0.994845
SRX130108	TFs and others	CTBP1	Breast	MCF-7	3828	22/388	22/386	0	0	0.994845
SRX1303985	TFs and others	NANOG	Pluripotent stem cell	hESC H9	2355	3/388	3/386	0	0	0.994845
SRX1322299	TFs and others	EBNA1	Blood	B cells	265	1/388	1/386	0	0	0.994845
SRX1322300	TFs and others	EBNA1	Others	C666-1	281	1/388	1/386	0	0	0.994845
SRX1334495	TFs and others	MYC	Prostate	LNCAP	1103	12/388	12/386	0	0	0.994845
SRX1397384	TFs and others	SMAD1	Blood	CD34+	4401	8/388	8/386	0	0	0.994845
SRX1397390	TFs and others	GATA1	Blood	CD34+	113	1/388	1/386	0	0	0.994845
SRX1397408	TFs and others	GATA2	Blood	CD34+	611	2/388	2/386	0	0	0.994845
SRX1403231	TFs and others	JMJD6	Others	Tumor	2159	10/388	10/386	0	0	0.994845
SRX1424884	TFs and others	MLLT1	Blood	SEM	673	3/388	3/386	0	0	0.994845
SRX1424891	TFs and others	POU3F2	Neural	Neural progenitor cells	609	1/388	1/386	0	0	0.994845
SRX1424892	TFs and others	POU3F2	Neural	Neural progenitor cells	598	1/388	1/386	0	0	0.994845
SRX1424893	TFs and others	POU3F2	Neural	Neural progenitor cells	597	1/388	1/386	0	0	0.994845
SRX1424894	TFs and others	POU3F2	Neural	Neural progenitor cells	562	1/388	1/386	0	0	0.994845
SRX1426078	TFs and others	PHF2	Breast	NAMEC8	276	5/388	5/386	0	0	0.994845
SRX1431733	TFs and others	SPI1	Blood	K-562	1003	1/388	1/386	0	0	0.994845
SRX1456195	TFs and others	RBPJ	Blood	B cells	2472	3/388	3/386	0	0	0.994845
SRX1457741	TFs and others	Epitope tags	Kidney	293	801	2/388	2/386	0	0	0.994845
SRX147681	TFs and others	ERCC6	Others	UVSS1	534	1/388	1/386	0	0	0.994845
SRX1477647	TFs and others	Epitope tags	Lung	MRC-5	911	1/388	1/386	0	0	0.994845
SRX148894	TFs and others	VDR	Liver	LX2	653	1/388	1/386	0	0	0.994845
SRX149659	TFs and others	CDK8	Digestive tract	HCT 116	11224	172/388	172/386	0	0	0.994845
SRX150359	TFs and others	RELA	Blood	GM19193	7727	52/388	52/386	0	0	0.994845
SRX150361	TFs and others	RELA	Blood	GM18526	1675	7/388	7/386	0	0	0.994845
SRX150460	TFs and others	USF2	Pluripotent stem cell	hESC H1	5197	60/388	60/386	0	0	0.994845
SRX150483	TFs and others	MAFK	Lung	IMR-90	37218	68/388	68/386	0	0	0.994845
SRX150502	TFs and others	SUZ12	Pluripotent stem cell	NT2-D1	272	1/388	1/386	0	0	0.994845
SRX150520	TFs and others	MYC	Breast	MCF 10A	25891	174/388	174/386	0	0	0.994845
SRX150538	TFs and others	ZNF274	Uterus	HeLa	434	1/388	1/386	0	0	0.994845
SRX150543	TFs and others	TRIM28	Blood	K-562	1876	3/388	3/386	0	0	0.994845
SRX150571	TFs and others	WRNIP1	Blood	GM12878	749	5/388	5/386	0	0	0.994845
SRX150573	TFs and others	EP300	Blood	K-562	1806	2/388	2/386	0	0	0.994845
SRX150588	TFs and others	MYC	Pluripotent stem cell	hESC H1	1177	5/388	5/386	0	0	0.994845
SRX150620	TFs and others	JUND	Blood	GM12878	1530	4/388	4/386	0	0	0.994845
SRX150651	TFs and others	MAX	Cardiovascular	HUVEC	7811	92/388	92/386	0	0	0.994845
SRX150669	TFs and others	ELK4	Kidney	293	549	1/388	1/386	0	0	0.994845
SRX150670	TFs and others	STAT3	Breast	MCF 10A	6450	24/388	24/386	0	0	0.994845
SRX150694	TFs and others	SUPT20H	Uterus	HeLa	455	1/388	1/386	0	0	0.994845
SRX150713	TFs and others	SMARCB1	Blood	K-562	477	3/388	3/386	0	0	0.994845
SRX1514944	TFs and others	GFP	Kidney	293	2512	7/388	7/386	0	0	0.994845
SRX1514985	TFs and others	GFP	Kidney	293	2471	34/388	34/386	0	0	0.994845
SRX1514992	TFs and others	GFP	Kidney	293	9857	72/388	72/386	0	0	0.994845
SRX1514999	TFs and others	GFP	Kidney	293	3921	19/388	19/386	0	0	0.994845
SRX1515000	TFs and others	GFP	Kidney	293	610	2/388	2/386	0	0	0.994845
SRX1515018	TFs and others	GFP	Kidney	293	334	1/388	1/386	0	0	0.994845
SRX1515027	TFs and others	GFP	Kidney	293	1074	5/388	5/386	0	0	0.994845
SRX1515030	TFs and others	GFP	Kidney	293	4745	10/388	10/386	0	0	0.994845
SRX1515043	TFs and others	GFP	Kidney	293	418	2/388	2/386	0	0	0.994845
SRX1515049	TFs and others	GFP	Kidney	293	371	1/388	1/386	0	0	0.994845
SRX1515058	TFs and others	GFP	Kidney	293	1245	1/388	1/386	0	0	0.994845
SRX1515063	TFs and others	GFP	Kidney	293	2221	43/388	43/386	0	0	0.994845
SRX1519704	TFs and others	UBTF	Pluripotent stem cell	hESC H9	121	1/388	1/386	0	0	0.994845
SRX1531785	TFs and others	MED1	Lung	A549	1186	2/388	2/386	0	0	0.994845
SRX1538759	TFs and others	NR1H2	Digestive tract	HT-29	7691	37/388	37/386	0	0	0.994845
SRX1538804	TFs and others	JUND	Digestive tract	HT-29	9794	27/388	27/386	0	0	0.994845
SRX1548204	TFs and others	E2F1	Cardiovascular	Wharton Jelly	287	1/388	1/386	0	0	0.994845
SRX1548207	TFs and others	E2F1	Cardiovascular	Wharton Jelly	1185	18/388	18/386	0	0	0.994845
SRX1550249	TFs and others	MYC	Bone	U2OS	246	4/388	4/386	0	0	0.994845
SRX1555439	TFs and others	MITF	Epidermis	501A	2222	5/388	5/386	0	0	0.994845
SRX155742	TFs and others	HSF1	Digestive tract	HCT-15	227	1/388	1/386	0	0	0.994845
SRX155749	TFs and others	HSF1	Breast	MCF-7	238	1/388	1/386	0	0	0.994845
SRX155751	TFs and others	HSF1	Lung	NCI-H441	186	1/388	1/386	0	0	0.994845
SRX155752	TFs and others	HSF1	Lung	NCI-H441	181	1/388	1/386	0	0	0.994845
SRX155770	TFs and others	HSF1	Breast	Breast cancer cells	462	2/388	2/386	0	0	0.994845
SRX1569775	TFs and others	FOXA1	Prostate	VCaP	5755	8/388	8/386	0	0	0.994845
SRX157662	TFs and others	YY1	Pluripotent stem cell	hESC H1	1092	23/388	23/386	0	0	0.994845
SRX158106	TFs and others	TCF3	Blood	RPMI 8402	6547	15/388	15/386	0	0	0.994845
SRX159089	TFs and others	FOXA1	Liver	HuH-7	3315	7/388	7/386	0	0	0.994845
SRX159091	TFs and others	FOXA1	Liver	HuH-7	1832	5/388	5/386	0	0	0.994845
SRX159190	TFs and others	MED1	Digestive tract	LS-180	222	2/388	2/386	0	0	0.994845
SRX159191	TFs and others	MED1	Digestive tract	LS-180	217	2/388	2/386	0	0	0.994845
SRX1614804	TFs and others	ZNF366	Blood	Dendritic Cells	578	3/388	3/386	0	0	0.994845
SRX1650256	TFs and others	NR3C1	Lung	A549	923	1/388	1/386	0	0	0.994845
SRX1652872	TFs and others	POU2AF1	Blood	HBL-1	520	2/388	2/386	0	0	0.994845
SRX1674509	TFs and others	GATAD2A	Uterus	HeLa	2335	2/388	2/386	0	0	0.994845
SRX1690227	TFs and others	TWIST1	Neural	Neuroblastoma	4423	10/388	10/386	0	0	0.994845
SRX170345	TFs and others	SMARCA4	Blood	CD4+	227	2/388	2/386	0	0	0.994845
SRX1733712	TFs and others	ESR1	Breast	MCF-7	510	1/388	1/386	0	0	0.994845
SRX1758482	TFs and others	NELFE	Breast	MCF-7	488	4/388	4/386	0	0	0.994845
SRX1758487	TFs and others	Epitope tags	Breast	MCF-7	267	1/388	1/386	0	0	0.994845
SRX1758522	TFs and others	Epitope tags	Breast	MCF-7	369	1/388	1/386	0	0	0.994845
SRX176050	TFs and others	AR	Prostate	C4-2	1153	1/388	1/386	0	0	0.994845
SRX176868	TFs and others	GATA3	Breast	MCF-7	578	2/388	2/386	0	0	0.994845
SRX1772415	TFs and others	NEDD4	Breast	MCF-7	480	1/388	1/386	0	0	0.994845
SRX1782979	TFs and others	ZMYND8	Kidney	293	380	3/388	3/386	0	0	0.994845
SRX1787680	TFs and others	KMT2C	Breast	MCF-7	7956	21/388	21/386	0	0	0.994845
SRX180827	TFs and others	E2F7	Lung	IMR-90	579	6/388	6/386	0	0	0.994845
SRX1815017	TFs and others	TBX5	Pluripotent stem cell	iPS derived cardiac cells	3243	6/388	6/386	0	0	0.994845
SRX1823809	TFs and others	CEBPB	Bone	Osteoblasts	8462	29/388	29/386	0	0	0.994845
SRX1829880	TFs and others	INO80	Blood	SK-MEL-147	418	2/388	2/386	0	0	0.994845
SRX185893	TFs and others	BCL6	Blood	B cells	1782	11/388	11/386	0	0	0.994845
SRX186631	TFs and others	EP300	Neural	SK-N-SH	31931	86/388	86/386	0	0	0.994845
SRX186669	TFs and others	CHD7	Pluripotent stem cell	hESC H1	507	1/388	1/386	0	0	0.994845
SRX186716	TFs and others	EZH2	Uterus	HeLa	509	1/388	1/386	0	0	0.994845
SRX186718	TFs and others	EZH2	Blood	DND-41	514	1/388	1/386	0	0	0.994845
SRX186810	TFs and others	ESR1	Breast	Breast cancer	2272	5/388	5/386	0	0	0.994845
SRX186821	TFs and others	ESR1	Breast	Breast cancer	1117	2/388	2/386	0	0	0.994845
SRX1878887	TFs and others	BRD4	Muscle	Rh-4	3423	30/388	30/386	0	0	0.994845
SRX1885170	TFs and others	RELA	Prostate	LNCAP	3287	12/388	12/386	0	0	0.994845
SRX1885183	TFs and others	FOXA1	Prostate	LNCAP	28682	29/388	29/386	0	0	0.994845
SRX1885193	TFs and others	PIAS1	Prostate	LNCAP	14903	23/388	23/386	0	0	0.994845
SRX188853	TFs and others	Epitope tags	Uterus	HeLa	1133	3/388	3/386	0	0	0.994845
SRX188855	TFs and others	Epitope tags	Uterus	HeLa	824	2/388	2/386	0	0	0.994845
SRX189084	TFs and others	CTCF	Lung	WI-38	1058	8/388	8/386	0	0	0.994845
SRX189240	TFs and others	MYC	Lung	NCI-H2171	4225	48/388	48/386	0	0	0.994845
SRX189721	TFs and others	EP300	Cardiovascular	HUVEC	903	2/388	2/386	0	0	0.994845
SRX189722	TFs and others	EP300	Cardiovascular	HUVEC	496	1/388	1/386	0	0	0.994845
SRX190288	TFs and others	ZBTB33	Lung	A549	4791	63/388	63/386	0	0	0.994845
SRX190290	TFs and others	MEF2A	Neural	SK-N-SH	5906	7/388	7/386	0	0	0.994845
SRX190311	TFs and others	NFIC	Uterus	ECC-1	27610	110/388	110/386	0	0	0.994845
SRX196107	TFs and others	PPARG	Adipocyte	SGBS	751	1/388	1/386	0	0	0.994845
SRX1962094	TFs and others	MYF5	Muscle	RH-18	7796	59/388	59/386	0	0	0.994845
SRX1968076	TFs and others	BCL11B	Blood	Thymus	467	6/388	6/386	0	0	0.994845
SRX1995007	TFs and others	ARNTL	Bone	U2OS	629	1/388	1/386	0	0	0.994845
SRX1998400	TFs and others	MAPK1	Muscle	Rhabdomyosarcoma	558	2/388	2/386	0	0	0.994845
SRX2009508	TFs and others	BRD2	Neural	SF8628	875	1/388	1/386	0	0	0.994845
SRX2009526	TFs and others	EZH2	Neural	Diffuse intrinsic pontine glioma	696	1/388	1/386	0	0	0.994845
SRX201315	TFs and others	ARNT	Breast	MCF-7	3784	10/388	10/386	0	0	0.994845
SRX2020844	TFs and others	STAT3	Breast	Breast cancer cells	2539	10/388	10/386	0	0	0.994845
SRX204173	TFs and others	SUMO2	Lung	WI-38	1000	1/388	1/386	0	0	0.994845
SRX204179	TFs and others	PIAS4	Lung	WI-38	990	1/388	1/386	0	0	0.994845
SRX205167	TFs and others	TAL1	Blood	Erythroid Cells	3234	10/388	10/386	0	0	0.994845
SRX2064715	TFs and others	RAD21	Digestive tract	HCT 116	24689	174/388	174/386	0	0	0.994845
SRX208484	TFs and others	TP53	Lung	IMR-90	951	2/388	2/386	0	0	0.994845
SRX208485	TFs and others	TP53	Lung	IMR-90	2556	4/388	4/386	0	0	0.994845
SRX208486	TFs and others	TP53	Lung	IMR-90	1712	3/388	3/386	0	0	0.994845
SRX2085891	TFs and others	Epitope tags	Kidney	293	288	1/388	1/386	0	0	0.994845
SRX2085892	TFs and others	Epitope tags	Kidney	293	264	1/388	1/386	0	0	0.994845
SRX212354	TFs and others	HIF1A	Blood	Macrophages	479	1/388	1/386	0	0	0.994845
SRX212358	TFs and others	EPAS1	Blood	Macrophages	469	1/388	1/386	0	0	0.994845
SRX212375	TFs and others	TP63	Prostate	EP156T	3466	8/388	8/386	0	0	0.994845
SRX212431	TFs and others	STAT5	Blood	Treg	559	1/388	1/386	0	0	0.994845
SRX212437	TFs and others	ETS1	Blood	Treg	336	1/388	1/386	0	0	0.994845
SRX2145568	TFs and others	RUNX2	Breast	MCF-7	16054	119/388	119/386	0	0	0.994845
SRX2146136	TFs and others	EZH2	Prostate	LNCAP	28508	118/388	118/386	0	0	0.994845
SRX2166885	TFs and others	BRD4	Neural	Retina	300	3/388	3/386	0	0	0.994845
SRX2194267	TFs and others	EP300	Breast	SUM 159PT	9290	11/388	11/386	0	0	0.994845
SRX220091	TFs and others	AR	Prostate	Prostate cancer	2257	1/388	1/386	0	0	0.994845
SRX2203276	TFs and others	PAX6	Pancreas	EndoC-BH1	986	1/388	1/386	0	0	0.994845
SRX2207915	TFs and others	ATF3	Epidermis	CS1AN	1271	2/388	2/386	0	0	0.994845
SRX2242957	TFs and others	NOTCH1	Neural	GSC8	167	1/388	1/386	0	0	0.994845
SRX2245087	TFs and others	Epitope tags	Blood	Lymphoblastoid cell line	717	1/388	1/386	0	0	0.994845
SRX2245439	TFs and others	ZEB1	Digestive tract	RKO	1220	20/388	20/386	0	0	0.994845
SRX2245442	TFs and others	ZEB1	Pancreas	MIA Paca-2	556	1/388	1/386	0	0	0.994845
SRX2267440	TFs and others	BRD4	Epidermis	A-375	13448	81/388	81/386	0	0	0.994845
SRX235054	TFs and others	CLOCK	Bone	U2OS	1344	1/388	1/386	0	0	0.994845
SRX2373978	TFs and others	TAZ	Digestive tract	SW 480	326	2/388	2/386	0	0	0.994845
SRX2404141	TFs and others	RELA	Others	Detroit 562	1090	4/388	4/386	0	0	0.994845
SRX2431536	TFs and others	FOXA2	Epidermis	BJ	2212	3/388	3/386	0	0	0.994845
SRX243627	TFs and others	TEAD4	Digestive tract	MKN-28	1629	4/388	4/386	0	0	0.994845
SRX243763	TFs and others	PAX5	Blood	NAMALWA	1017	3/388	3/386	0	0	0.994845
SRX2438580	TFs and others	NOTCH1	Blood	MO1043	1042	5/388	5/386	0	0	0.994845
SRX246953	TFs and others	ERCC3	Bone	HT-1080	932	6/388	6/386	0	0	0.994845
SRX248895	TFs and others	SFPQ	Prostate	LNCAP	258	1/388	1/386	0	0	0.994845
SRX2510820	TFs and others	SUPT5H	Uterus	HeLa	596	4/388	4/386	0	0	0.994845
SRX2512920	TFs and others	FOXA1	Breast	MCF-7	1289	1/388	1/386	0	0	0.994845
SRX2514251	TFs and others	ESR1	Uterus	Carcinoma, Endometrioid	5473	8/388	8/386	0	0	0.994845
SRX2514370	TFs and others	GFP	Uterus	HeLa	3790	9/388	9/386	0	0	0.994845
SRX2527756	TFs and others	Epitope tags	Bone	A-673	1540	1/388	1/386	0	0	0.994845
SRX253232	TFs and others	SSRP1	Others	Fibrosarcoma	3275	1/388	1/386	0	0	0.994845
SRX2533040	TFs and others	SIRT1	Blood	K-562	984	2/388	2/386	0	0	0.994845
SRX2537517	TFs and others	BRD4	Epidermis	SK-MEL-147	2876	5/388	5/386	0	0	0.994845
SRX2555287	TFs and others	PHOX2B	Neural	BE(2)-C	10410	11/388	11/386	0	0	0.994845
SRX256879	TFs and others	NR3C1	Bone	U2OS	16809	10/388	10/386	0	0	0.994845
SRX2584126	TFs and others	HIF1A	Epidermis	501A	569	1/388	1/386	0	0	0.994845
SRX2589934	TFs and others	MORC2	Blood	K-562	242	1/388	1/386	0	0	0.994845
SRX259611	TFs and others	RUNX1	Blood	Kasumi-1	2995	9/388	9/386	0	0	0.994845
SRX259614	TFs and others	AML1-ETO	Blood	Kasumi-1	3843	10/388	10/386	0	0	0.994845
SRX259618	TFs and others	TFAP4	Blood	Kasumi-1	8050	45/388	45/386	0	0	0.994845
SRX2598521	TFs and others	MORC2	Uterus	HeLa	785	3/388	3/386	0	0	0.994845
SRX2598522	TFs and others	MORC2	Uterus	HeLa	897	3/388	3/386	0	0	0.994845
SRX2598523	TFs and others	MORC2	Uterus	HeLa	950	3/388	3/386	0	0	0.994845
SRX2609667	TFs and others	NR3C1	Lung	HASM2	25826	68/388	68/386	0	0	0.994845
SRX262143	TFs and others	HSF1	Blood	M0-91	1634	11/388	11/386	0	0	0.994845
SRX2652444	TFs and others	ZBTB48	Bone	U2OS	1796	1/388	1/386	0	0	0.994845
SRX266862	TFs and others	NANOG	Pluripotent stem cell	hESC HUES64	7095	7/388	7/386	0	0	0.994845
SRX2671799	TFs and others	EP300	Cardiovascular	Endothelial Cells	7255	26/388	26/386	0	0	0.994845
SRX268299	TFs and others	JUN	Breast	BT-549	10347	21/388	21/386	0	0	0.994845
SRX268451	TFs and others	GRHL2	Lung	Tracheal epithelial cells	25019	67/388	67/386	0	0	0.994845
SRX2705124	TFs and others	MORC2	Uterus	HeLa	806	3/388	3/386	0	0	0.994845
SRX2731587	TFs and others	ONECUT2	Prostate	22Rv1	1842	28/388	28/386	0	0	0.994845
SRX2731786	TFs and others	MYCN	Neural	Neuroblastoma	774	6/388	6/386	0	0	0.994845
SRX2741424	TFs and others	CHD4	Others	SCC-9	1459	16/388	16/386	0	0	0.994845
SRX2748847	TFs and others	MYB	Others	Adenoid cystic carcinoma	525	3/388	3/386	0	0	0.994845
SRX275403	TFs and others	BRD4	Blood	OCI-LY1	4855	35/388	35/386	0	0	0.994845
SRX2754627	TFs and others	GABPA	Blood	THP-1	509	1/388	1/386	0	0	0.994845
SRX275504	TFs and others	TP53	Bone	U2OS	4382	13/388	13/386	0	0	0.994845
SRX277134	TFs and others	SOX2	Digestive tract	T.T	1024	2/388	2/386	0	0	0.994845
SRX277138	TFs and others	TP63	Lung	HCC95	1542	5/388	5/386	0	0	0.994845
SRX2779402	TFs and others	RUNX1	Epidermis	Dombi23	619	1/388	1/386	0	0	0.994845
SRX278504	TFs and others	TP53	Blood	Lymphoblastoid cells	335	1/388	1/386	0	0	0.994845
SRX278510	TFs and others	TP53	Blood	Lymphoblastoid cells	198	1/388	1/386	0	0	0.994845
SRX2793578	TFs and others	RB1	Breast	MCF-7	1296	10/388	10/386	0	0	0.994845
SRX2831680	TFs and others	BCL11A	Blood	Burkitt Lymphoma	233	1/388	1/386	0	0	0.994845
SRX2837389	TFs and others	NFKB2	Blood	GM12878	850	8/388	8/386	0	0	0.994845
SRX2844299	TFs and others	CTNNB1	Pluripotent stem cell	hESC H1	1362	1/388	1/386	0	0	0.994845
SRX286203	TFs and others	BRD1	Digestive tract	RKO	7928	142/388	142/386	0	0	0.994845
SRX2871343	TFs and others	GATA3	Breast	T-47D	4224	18/388	18/386	0	0	0.994845
SRX2871346	TFs and others	FOXA1	Breast	T-47D	13521	40/388	40/386	0	0	0.994845
SRX2897213	TFs and others	ESR1	Breast	Breast cancer cells	116	1/388	1/386	0	0	0.994845
SRX2900093	TFs and others	BAP1	Breast	CAL-51	450	1/388	1/386	0	0	0.994845
SRX2900590	TFs and others	NCOA2	Blood	THP-1	1351	1/388	1/386	0	0	0.994845
SRX2900591	TFs and others	NCOA2	Blood	THP-1	727	1/388	1/386	0	0	0.994845
SRX2901940	TFs and others	ESR1	Uterus	Ishikawa	449	1/388	1/386	0	0	0.994845
SRX2901941	TFs and others	ESR1	Uterus	Ishikawa	516	2/388	2/386	0	0	0.994845
SRX2922233	TFs and others	ESR1	Breast	SUM 44PE	29276	164/388	164/386	0	0	0.994845
SRX2937350	TFs and others	BRD4	Blood	J-Lat A72	326	1/388	1/386	0	0	0.994845
SRX2940754	TFs and others	TP53	Lung	A549	474	1/388	1/386	0	0	0.994845
SRX2943591	TFs and others	ESR1	Breast	MCF-7	22398	59/388	59/386	0	0	0.994845
SRX2943597	TFs and others	ESR1	Breast	MCF-7	3008	11/388	11/386	0	0	0.994845
SRX295039	TFs and others	MECP2	Digestive tract	HCT 116	1283	24/388	24/386	0	0	0.994845
SRX2982421	TFs and others	FOXA1	Uterus	HEC-1-A	1589	6/388	6/386	0	0	0.994845
SRX2993671	TFs and others	NR5A1	Pluripotent stem cell	hESC H9	328	1/388	1/386	0	0	0.994845
SRX3001596	TFs and others	FOXA1	Unclassified	Unclassified	2663	9/388	9/386	0	0	0.994845
SRX3001597	TFs and others	FOXA1	Unclassified	Unclassified	3266	10/388	10/386	0	0	0.994845
SRX3001600	TFs and others	FOXA1	Unclassified	Unclassified	984	5/388	5/386	0	0	0.994845
SRX3001603	TFs and others	FOXA1	Unclassified	Unclassified	1532	1/388	1/386	0	0	0.994845
SRX3001608	TFs and others	FOXA1	Unclassified	Unclassified	8957	23/388	23/386	0	0	0.994845
SRX3011701	TFs and others	MED12	Breast	MCF-7	695	1/388	1/386	0	0	0.994845
SRX3020568	TFs and others	PHIP	Digestive tract	HCT 116	1861	27/388	27/386	0	0	0.994845
SRX3031985	TFs and others	BRD4	Blood	MV-4-11	18608	141/388	141/386	0	0	0.994845
SRX306179	TFs and others	ZC3H8	Digestive tract	HCT 116	431	2/388	2/386	0	0	0.994845
SRX306511	TFs and others	FOXA1	Prostate	DU 145	17388	37/388	37/386	0	0	0.994845
SRX306512	TFs and others	FOXA1	Prostate	DU 145	25766	53/388	53/386	0	0	0.994845
SRX3068923	TFs and others	AR	Prostate	22Rv1	955	1/388	1/386	0	0	0.994845
SRX3070467	TFs and others	NR3C1	Breast	MCF 10A	831	3/388	3/386	0	0	0.994845
SRX3082734	TFs and others	ZIC2	Blood	BCBL1	932	21/388	21/386	0	0	0.994845
SRX3091908	TFs and others	ZFX	Prostate	C4-2	5029	103/388	103/386	0	0	0.994845
SRX3098191	TFs and others	CEBPA	Blood	SKH1	627	2/388	2/386	0	0	0.994845
SRX3102569	TFs and others	TP53	Digestive tract	SW 480	24841	181/388	181/386	0	0	0.994845
SRX3110736	TFs and others	ESR1	Breast	MCF-7	454	1/388	1/386	0	0	0.994845
SRX3124571	TFs and others	STAT1	Digestive tract	AGS	945	11/388	11/386	0	0	0.994845
SRX3124572	TFs and others	STAT3	Digestive tract	AGS	755	2/388	2/386	0	0	0.994845
SRX3154232	TFs and others	BRD4	Blood	BCBL1	183	2/388	2/386	0	0	0.994845
SRX3159238	TFs and others	BRD4	Prostate	LNCAP	405	3/388	3/386	0	0	0.994845
SRX317588	TFs and others	JARID2	Pluripotent stem cell	iPS cells	215	1/388	1/386	0	0	0.994845
SRX317606	TFs and others	EZH2	Pluripotent stem cell	iPS cells	1292	9/388	9/386	0	0	0.994845
SRX3205372	TFs and others	PITX1	Others	Head and neck squamous cell carcinoma 	468	2/388	2/386	0	0	0.994845
SRX3216828	TFs and others	NOTCH3	Blood	T-ALL	375	1/388	1/386	0	0	0.994845
SRX3229131	TFs and others	FOXA1	Breast	Breast cancer	485	1/388	1/386	0	0	0.994845
SRX3229148	TFs and others	ESR1	Breast	Breast cancer	1926	5/388	5/386	0	0	0.994845
SRX3229150	TFs and others	ESR1	Breast	Breast cancer	3485	11/388	11/386	0	0	0.994845
SRX3229151	TFs and others	ESR1	Breast	Breast cancer	1383	3/388	3/386	0	0	0.994845
SRX3229160	TFs and others	ESR1	Breast	Breast cancer	452	3/388	3/386	0	0	0.994845
SRX3229163	TFs and others	ESR1	Breast	Breast cancer	4232	11/388	11/386	0	0	0.994845
SRX3229173	TFs and others	AR	Breast	Breast cancer	1259	1/388	1/386	0	0	0.994845
SRX3229178	TFs and others	FOXA1	Breast	Breast cancer	581	2/388	2/386	0	0	0.994845
SRX3229190	TFs and others	PGR	Breast	Breast cancer	4583	10/388	10/386	0	0	0.994845
SRX3230265	TFs and others	BRD1	Pluripotent stem cell	hESC HUES64	897	10/388	10/386	0	0	0.994845
SRX3230403	TFs and others	TCF25	Liver	Hep G2	21098	137/388	137/386	0	0	0.994845
SRX3230407	TFs and others	ZBTB21	Liver	Hep G2	6163	63/388	63/386	0	0	0.994845
SRX3230419	TFs and others	ZSCAN29	Liver	Hep G2	3579	34/388	34/386	0	0	0.994845
SRX3240989	TFs and others	MED1	Others	Mesenchymal stem cells	6546	10/388	10/386	0	0	0.994845
SRX3240996	TFs and others	MED1	Others	Mesenchymal stem cells	967	1/388	1/386	0	0	0.994845
SRX3240998	TFs and others	MED1	Others	Mesenchymal stem cells	813	1/388	1/386	0	0	0.994845
SRX3256861	TFs and others	BCOR	Pluripotent stem cell	hESC H1	4345	48/388	48/386	0	0	0.994845
SRX3263399	TFs and others	BRD4	Blood	OCI-AML3	650	3/388	3/386	0	0	0.994845
SRX326888	TFs and others	GABPA	Blood	Jurkat	18271	190/388	190/386	0	0	0.994845
SRX3285557	TFs and others	ESR1	Breast	MCF-7	1244	2/388	2/386	0	0	0.994845
SRX3285600	TFs and others	ESR1	Breast	FULR	2060	6/388	6/386	0	0	0.994845
SRX3287167	TFs and others	SMC3	Uterus	HeLa	1397	2/388	2/386	0	0	0.994845
SRX3288568	TFs and others	KLF4	Pluripotent stem cell	hESC H9	976	1/388	1/386	0	0	0.994845
SRX3324960	TFs and others	CREBBP	Lung	IMR-90	915	4/388	4/386	0	0	0.994845
SRX3324961	TFs and others	EP300	Lung	IMR-90	805	1/388	1/386	0	0	0.994845
SRX3337444	TFs and others	KDM1A	Kidney	293	839	1/388	1/386	0	0	0.994845
SRX3342253	TFs and others	ONECUT2	Prostate	LNCAP	9518	11/388	11/386	0	0	0.994845
SRX3366974	TFs and others	AR	Prostate	LNCAP	1508	1/388	1/386	0	0	0.994845
SRX3372016	TFs and others	FOXF1	Digestive tract	GIST-T1	5637	14/388	14/386	0	0	0.994845
SRX3372026	TFs and others	FOXF1	Digestive tract	GIST48	7749	11/388	11/386	0	0	0.994845
SRX3387555	TFs and others	STAT3	Blood	TMD8	752	1/388	1/386	0	0	0.994845
SRX3387556	TFs and others	STAT3	Blood	TMD8	678	1/388	1/386	0	0	0.994845
SRX3401272	TFs and others	TEAD1	Breast	MCF-7	23673	63/388	63/386	0	0	0.994845
SRX3417631	TFs and others	VDR	Digestive tract	Colonic organoids	714	1/388	1/386	0	0	0.994845
SRX3422675	TFs and others	MYC	Kidney	293	481	1/388	1/386	0	0	0.994845
SRX3422688	TFs and others	MYC	Kidney	293	540	3/388	3/386	0	0	0.994845
SRX3434296	TFs and others	CEBPB	Blood	HL-60	6062	28/388	28/386	0	0	0.994845
SRX3436562	TFs and others	SSRP1	Bone	HT-1080	891	2/388	2/386	0	0	0.994845
SRX3436566	TFs and others	SSRP1	Bone	HT-1080	1085	3/388	3/386	0	0	0.994845
SRX3437424	TFs and others	CTCF	Uterus	HeLa	993	1/388	1/386	0	0	0.994845
SRX3437428	TFs and others	CTCF	Uterus	HeLa	1012	1/388	1/386	0	0	0.994845
SRX3437459	TFs and others	NRF1	Uterus	HeLa	574	7/388	7/386	0	0	0.994845
SRX3445668	TFs and others	TAL1	Blood	K-562	12049	34/388	34/386	0	0	0.994845
SRX3445803	TFs and others	MCRS1	Liver	Hep G2	262	1/388	1/386	0	0	0.994845
SRX3460920	TFs and others	POU2AF1	Blood	Pre-B cells	1259	7/388	7/386	0	0	0.994845
SRX3468006	TFs and others	SS18	Others	Aska	1034	1/388	1/386	0	0	0.994845
SRX3468033	TFs and others	SS18	Muscle	SYO1	3428	3/388	3/386	0	0	0.994845
SRX3468034	TFs and others	SMARCC1	Muscle	SYO1	873	3/388	3/386	0	0	0.994845
SRX3468042	TFs and others	SMARCA4	Others	HSSY2	283	1/388	1/386	0	0	0.994845
SRX3472376	TFs and others	TP53BP1	Pluripotent stem cell	hESC derived neural cells	1179	20/388	20/386	0	0	0.994845
SRX3472385	TFs and others	KDM6A	Pluripotent stem cell	hESC H9	447	1/388	1/386	0	0	0.994845
SRX3541105	TFs and others	ESR1	Breast	MCF-7	1691	3/388	3/386	0	0	0.994845
SRX3546799	TFs and others	Epitope tags	Breast	MDA-MB-231	302	1/388	1/386	0	0	0.994845
SRX3554408	TFs and others	CREB1	Breast	MDA-MB-134-VI	648	1/388	1/386	0	0	0.994845
SRX3554409	TFs and others	CREB1	Breast	MDA-MB-134-VI	825	8/388	8/386	0	0	0.994845
SRX3566183	TFs and others	TEAD1	Digestive tract	HCT 116	90	1/388	1/386	0	0	0.994845
SRX3566185	TFs and others	TEAD1	Digestive tract	HCT 116	138	1/388	1/386	0	0	0.994845
SRX3581477	TFs and others	CHD7	Pluripotent stem cell	iPS derived neural cells	652	1/388	1/386	0	0	0.994845
SRX3581504	TFs and others	CHD7	Pluripotent stem cell	iPS cells	11338	10/388	10/386	0	0	0.994845
SRX3583256	TFs and others	HIF1A	Breast	MDA-MB-231	673	1/388	1/386	0	0	0.994845
SRX3583257	TFs and others	ZMYND8	Breast	MDA-MB-231	2432	4/388	4/386	0	0	0.994845
SRX3584301	TFs and others	RARA	Pluripotent stem cell	iPS cells	868	2/388	2/386	0	0	0.994845
SRX3592685	TFs and others	SMAD2	Pluripotent stem cell	hESC HUES8	485	5/388	5/386	0	0	0.994845
SRX359407	TFs and others	EP300	Kidney	293	675	9/388	9/386	0	0	0.994845
SRX359822	TFs and others	CTCF	Digestive tract	LoVo	1360	5/388	5/386	0	0	0.994845
SRX3599315	TFs and others	GATA2	Cardiovascular	HUVEC	763	1/388	1/386	0	0	0.994845
SRX3599317	TFs and others	EP300	Cardiovascular	HUVEC	914	2/388	2/386	0	0	0.994845
SRX3599318	TFs and others	EP300	Cardiovascular	HUVEC	492	1/388	1/386	0	0	0.994845
SRX360017	TFs and others	RAD21	Digestive tract	LoVo	4533	7/388	7/386	0	0	0.994845
SRX360574	TFs and others	JUND	Digestive tract	GP5d	331	1/388	1/386	0	0	0.994845
SRX360580	TFs and others	RFX2	Digestive tract	GP5d	197	3/388	3/386	0	0	0.994845
SRX360591	TFs and others	NIPBL	Digestive tract	GP5d	472	9/388	9/386	0	0	0.994845
SRX360593	TFs and others	REST	Digestive tract	GP5d	1738	7/388	7/386	0	0	0.994845
SRX3630685	TFs and others	FOXO3	Pluripotent stem cell	iPS derived neural cells	281	1/388	1/386	0	0	0.994845
SRX3630819	TFs and others	NR3C1	Uterus	Ishikawa	247	1/388	1/386	0	0	0.994845
SRX3636818	TFs and others	NR3C1	Blood	ALL xenograft	488	1/388	1/386	0	0	0.994845
SRX3636819	TFs and others	NR3C1	Blood	ALL xenograft	5062	8/388	8/386	0	0	0.994845
SRX3636820	TFs and others	NR3C1	Blood	ALL xenograft	682	1/388	1/386	0	0	0.994845
SRX3638910	TFs and others	RELA	Bone	U2OS	1067	5/388	5/386	0	0	0.994845
SRX3640576	TFs and others	INTS3	Uterus	HeLa	1174	9/388	9/386	0	0	0.994845
SRX366787	TFs and others	BRD2	Blood	MM.1S	860	9/388	9/386	0	0	0.994845
SRX367337	TFs and others	BRD4	Uterus	HeLa	239	1/388	1/386	0	0	0.994845
SRX369137	TFs and others	MED1	Blood	CUTLL1	7144	87/388	87/386	0	0	0.994845
SRX371428	TFs and others	ESR1	Others	Tumour tissues	659	1/388	1/386	0	0	0.994845
SRX371436	TFs and others	ESR1	Others	Tumour tissues	215	1/388	1/386	0	0	0.994845
SRX371444	TFs and others	ESR1	Others	Tumour tissues	800	1/388	1/386	0	0	0.994845
SRX371474	TFs and others	ESR1	Breast	BT-474	18787	53/388	53/386	0	0	0.994845
SRX371477	TFs and others	ESR1	Breast	MCF-7	21076	48/388	48/386	0	0	0.994845
SRX371479	TFs and others	ESR1	Breast	MCF-7	25157	65/388	65/386	0	0	0.994845
SRX3721450	TFs and others	TP53	Bone	U2OS	1033	2/388	2/386	0	0	0.994845
SRX372174	TFs and others	NR2F2	Uterus	Endometrial stromal cells	12607	27/388	27/386	0	0	0.994845
SRX3734321	TFs and others	TP53	Breast	Mammary glands	7471	24/388	24/386	0	0	0.994845
SRX373874	TFs and others	SOX11	Blood	GRANTA-519	276	1/388	1/386	0	0	0.994845
SRX378126	TFs and others	SMAD2	Pluripotent stem cell	hESC WA09	336	1/388	1/386	0	0	0.994845
SRX378796	TFs and others	CDK6	Uterus	KB	369	1/388	1/386	0	0	0.994845
SRX3797278	TFs and others	ZNF768	Blood	RAJI	2806	11/388	11/386	0	0	0.994845
SRX3815840	TFs and others	NIPBL	Uterus	HeLa	995	3/388	3/386	0	0	0.994845
SRX382353	TFs and others	RNF2	Epidermis	Melanocytes	3012	29/388	29/386	0	0	0.994845
SRX3829961	TFs and others	MGA	Lung	A549	915	15/388	15/386	0	0	0.994845
SRX3837512	TFs and others	SRF	Blood	HEL	1507	7/388	7/386	0	0	0.994845
SRX3837519	TFs and others	SRF	Blood	HEL	1765	7/388	7/386	0	0	0.994845
SRX3873712	TFs and others	AFF4	Lung	SW 1271	422	1/388	1/386	0	0	0.994845
SRX3881588	TFs and others	FOXN3	Liver	Hep G2	963	1/388	1/386	0	0	0.994845
SRX3923517	TFs and others	FOXA1	Breast	MCF-7	23326	47/388	47/386	0	0	0.994845
SRX3927289	TFs and others	BRD7	Blood	EOL-1	12297	98/388	98/386	0	0	0.994845
SRX3927304	TFs and others	BRD9	Muscle	SYO-1	2962	16/388	16/386	0	0	0.994845
SRX392787	TFs and others	REST	Blood	GM12878	1431	6/388	6/386	0	0	0.994845
SRX3942992	TFs and others	ZNF341	Blood	T cells	871	1/388	1/386	0	0	0.994845
SRX3946909	TFs and others	MED1	Others	Mesenchymal stem cells	761	1/388	1/386	0	0	0.994845
SRX3946919	TFs and others	MED1	Others	Mesenchymal stem cells	964	1/388	1/386	0	0	0.994845
SRX3946921	TFs and others	MED1	Others	Mesenchymal stem cells	808	1/388	1/386	0	0	0.994845
SRX3958390	TFs and others	WDR5	Breast	Breast cancer cells	1091	2/388	2/386	0	0	0.994845
SRX3962738	TFs and others	LMNA	Epidermis	BJ-5ta	448	1/388	1/386	0	0	0.994845
SRX398298	TFs and others	CDK8	Digestive tract	HT-29	4128	23/388	23/386	0	0	0.994845
SRX3985128	TFs and others	NFE2L2	Lung	A549	2216	9/388	9/386	0	0	0.994845
SRX3990992	TFs and others	PGR	Breast	T-47D	12203	68/388	68/386	0	0	0.994845
SRX3990998	TFs and others	PGR	Breast	T-47D	16376	81/388	81/386	0	0	0.994845
SRX4001955	TFs and others	CEBPB	Blood	THP-1	17190	45/388	45/386	0	0	0.994845
SRX4096729	TFs and others	HIF1A	Prostate	PC-3	1500	11/388	11/386	0	0	0.994845
SRX4096858	TFs and others	GATAD2A	Breast	HCC3153	301	1/388	1/386	0	0	0.994845
SRX4096864	TFs and others	GATAD2A	Breast	HCC3153	397	1/388	1/386	0	0	0.994845
SRX4096881	TFs and others	TRPS1	Breast	HCC3153	2441	5/388	5/386	0	0	0.994845
SRX4096890	TFs and others	TRPS1	Breast	SUM 159PT	3256	1/388	1/386	0	0	0.994845
SRX4107934	TFs and others	DTL	Bone	U2OS	21364	47/388	47/386	0	0	0.994845
SRX4116067	TFs and others	ESR1	Uterus	Endometrium cancer	231	1/388	1/386	0	0	0.994845
SRX4116071	TFs and others	FOXA1	Prostate	Prostate cancer cells	724	1/388	1/386	0	0	0.994845
SRX4119719	TFs and others	Epitope tags	Kidney	293	749	14/388	14/386	0	0	0.994845
SRX4143072	TFs and others	TAF1	Blood	Kasumi-1	1716	39/388	39/386	0	0	0.994845
SRX4170710	TFs and others	WDR5	Blood	K-562	1320	5/388	5/386	0	0	0.994845
SRX4172738	TFs and others	GATA1	Digestive tract	HCT 116	785	3/388	3/386	0	0	0.994845
SRX4192131	TFs and others	XRCC4	Breast	MCF 10A	442	1/388	1/386	0	0	0.994845
SRX4192134	TFs and others	PARP1	Breast	MCF 10A	254	1/388	1/386	0	0	0.994845
SRX4192885	TFs and others	NFKB1	Breast	MCF 10A	1336	4/388	4/386	0	0	0.994845
SRX4218025	TFs and others	CTCF	Digestive tract	HCT 116	207	1/388	1/386	0	0	0.994845
SRX4240292	TFs and others	CTBP1	Gonad	SK-OV-3	2056	4/388	4/386	0	0	0.994845
SRX4288476	TFs and others	CTCF	Blood	Lymphoblastoid cell line	1210	6/388	6/386	0	0	0.994845
SRX4301469	TFs and others	RELA	Uterus	HeLa	214	2/388	2/386	0	0	0.994845
SRX4326271	TFs and others	BRD4	Neural	SK-N-BE(2)	2093	2/388	2/386	0	0	0.994845
SRX4345364	TFs and others	MYC	Blood	CD4+ T cells	491	3/388	3/386	0	0	0.994845
SRX4346765	TFs and others	SALL3	Pluripotent stem cell	iPS cells	347	1/388	1/386	0	0	0.994845
SRX4390178	TFs and others	JUND	Blood	Kasumi-1	644	1/388	1/386	0	0	0.994845
SRX4397513	TFs and others	KMT2D	Pluripotent stem cell	NT2-D1	380	1/388	1/386	0	0	0.994845
SRX4400348	TFs and others	MYC	Digestive tract	DLD-1	642	1/388	1/386	0	0	0.994845
SRX4404415	TFs and others	MYCN	Prostate	22Rv1	811	12/388	12/386	0	0	0.994845
SRX4404416	TFs and others	MYCN	Prostate	22Rv1	919	16/388	16/386	0	0	0.994845
SRX4404422	TFs and others	MYCN	Unclassified	Unclassified	455	2/388	2/386	0	0	0.994845
SRX4411666	TFs and others	MYC	Prostate	LNCAP	1946	5/388	5/386	0	0	0.994845
SRX4417026	TFs and others	TFAP2C	Breast	MCF-7	789	3/388	3/386	0	0	0.994845
SRX4561215	TFs and others	TRPS1	Breast	MCF-7	2941	1/388	1/386	0	0	0.994845
SRX456685	TFs and others	GFP	Blood	K-562	203	3/388	3/386	0	0	0.994845
SRX4572975	TFs and others	MAFF	Liver	Hep G2	532	2/388	2/386	0	0	0.994845
SRX4650906	TFs and others	RNF2	Kidney	293	782	8/388	8/386	0	0	0.994845
SRX4650911	TFs and others	RNF2	Kidney	293	419	5/388	5/386	0	0	0.994845
SRX4650929	TFs and others	RNF2	Kidney	293	695	6/388	6/386	0	0	0.994845
SRX4650930	TFs and others	RNF2	Kidney	293	584	5/388	5/386	0	0	0.994845
SRX4650932	TFs and others	RNF2	Kidney	293	626	4/388	4/386	0	0	0.994845
SRX4650949	TFs and others	RNF2	Kidney	293	408	3/388	3/386	0	0	0.994845
SRX4650950	TFs and others	RNF2	Kidney	293	256	2/388	2/386	0	0	0.994845
SRX4650954	TFs and others	SUZ12	Kidney	293	784	5/388	5/386	0	0	0.994845
SRX4650965	TFs and others	RNF2	Kidney	293	532	5/388	5/386	0	0	0.994845
SRX4650967	TFs and others	RNF2	Kidney	293	645	5/388	5/386	0	0	0.994845
SRX4650983	TFs and others	RNF2	Kidney	293	718	8/388	8/386	0	0	0.994845
SRX4663590	TFs and others	NCOA3	Breast	MCF-7	1955	1/388	1/386	0	0	0.994845
SRX467199	TFs and others	NR2C2	Blood	Erythroblasts	499	1/388	1/386	0	0	0.994845
SRX4679522	TFs and others	ATRX	Neural	SK-N-FI	4370	3/388	3/386	0	0	0.994845
SRX4679527	TFs and others	ATRX	Neural	CHLA-90	3004	17/388	17/386	0	0	0.994845
SRX469394	TFs and others	ESR1	Breast	MCF-7	646	1/388	1/386	0	0	0.994845
SRX4708021	TFs and others	HNRNPH1	Liver	Hep G2	782	11/388	11/386	0	0	0.994845
SRX4708028	TFs and others	PCBP2	Liver	Hep G2	963	1/388	1/386	0	0	0.994845
SRX4708047	TFs and others	CCAR2	Liver	Hep G2	740	1/388	1/386	0	0	0.994845
SRX4708084	TFs and others	RBM25	Blood	K-562	38027	154/388	154/386	0	0	0.994845
SRX4712347	TFs and others	LDB1	Blood	Macrophages	2917	26/388	26/386	0	0	0.994845
SRX4712348	TFs and others	LDB1	Blood	Macrophages	3456	37/388	37/386	0	0	0.994845
SRX4737859	TFs and others	BAP1	Pancreas	HPDE6	684	7/388	7/386	0	0	0.994845
SRX4741788	TFs and others	HIF1A	Cardiovascular	EA.hy926	2702	17/388	17/386	0	0	0.994845
SRX475756	TFs and others	ZBTB33	Blood	GM12878	601	7/388	7/386	0	0	0.994845
SRX475780	TFs and others	REST	Blood	GM12878	3691	16/388	16/386	0	0	0.994845
SRX475788	TFs and others	REST	Blood	GM12878	2714	10/388	10/386	0	0	0.994845
SRX476923	TFs and others	SNAI2	Epidermis	Keratinocytes	1533	17/388	17/386	0	0	0.994845
SRX4783072	TFs and others	AR	Prostate	Prostate cancer cells	1558	1/388	1/386	0	0	0.994845
SRX4786537	TFs and others	ESR1	Breast	MCF-7	573	1/388	1/386	0	0	0.994845
SRX4797401	TFs and others	LMNA	Cardiovascular	Myocytes, Cardiac	1352	2/388	2/386	0	0	0.994845
SRX4815190	TFs and others	CTNNB1	Breast	SUM 149PT	1407	8/388	8/386	0	0	0.994845
SRX490430	TFs and others	BRD4	Breast	MCF-7	379	4/388	4/386	0	0	0.994845
SRX490433	TFs and others	ESR1	Breast	MCF-7	369	1/388	1/386	0	0	0.994845
SRX4931274	TFs and others	ELL2	Blood	SEM	437	1/388	1/386	0	0	0.994845
SRX4931277	TFs and others	ELL2	Blood	SEM	553	1/388	1/386	0	0	0.994845
SRX4931279	TFs and others	AFF1	Blood	SEM	1923	39/388	39/386	0	0	0.994845
SRX4937337	TFs and others	MED1	Digestive tract	HCT 116	640	6/388	6/386	0	0	0.994845
SRX4937349	TFs and others	MED16	Digestive tract	HCT 116	623	1/388	1/386	0	0	0.994845
SRX4941322	TFs and others	XBP1	Prostate	LNCAP	680	1/388	1/386	0	0	0.994845
SRX502054	TFs and others	AR	Prostate	Prostate	894	1/388	1/386	0	0	0.994845
SRX502071	TFs and others	AR	Prostate	Prostate cancer	2204	1/388	1/386	0	0	0.994845
SRX5025676	TFs and others	BRCA1	Neural	SH-EP	205	1/388	1/386	0	0	0.994845
SRX502812	TFs and others	HIRA	Lung	IMR-90	1931	3/388	3/386	0	0	0.994845
SRX502814	TFs and others	HIRA	Lung	IMR-90	2153	2/388	2/386	0	0	0.994845
SRX5057610	TFs and others	GATA3	Breast	T-47D	761	4/388	4/386	0	0	0.994845
SRX5057622	TFs and others	GATA3	Breast	T-47D	1025	3/388	3/386	0	0	0.994845
SRX5057624	TFs and others	GATA3	Breast	T-47D	767	1/388	1/386	0	0	0.994845
SRX5062486	TFs and others	Epitope tags	Blood	Jurkat	1819	3/388	3/386	0	0	0.994845
SRX5068576	TFs and others	KMT2D	Gonad	BIN-67	3503	59/388	59/386	0	0	0.994845
SRX5076294	TFs and others	ZBTB7A	Prostate	VCaP	963	19/388	19/386	0	0	0.994845
SRX5077398	TFs and others	BRD4	Liver	Hep G2	504	1/388	1/386	0	0	0.994845
SRX5077399	TFs and others	CEBPB	Liver	Hep G2	1212	3/388	3/386	0	0	0.994845
SRX5089377	TFs and others	ARID1A	Breast	MCF-7	9207	15/388	15/386	0	0	0.994845
SRX5089407	TFs and others	SMARCA4	Breast	MCF-7	2336	6/388	6/386	0	0	0.994845
SRX5089408	TFs and others	SMARCA4	Breast	MCF-7	2633	12/388	12/386	0	0	0.994845
SRX5089411	TFs and others	SMARCA4	Breast	MCF-7	1867	3/388	3/386	0	0	0.994845
SRX5089412	TFs and others	SMARCA4	Breast	MCF-7	1479	6/388	6/386	0	0	0.994845
SRX5089421	TFs and others	SMARCA4	Breast	MCF-7	1943	5/388	5/386	0	0	0.994845
SRX5089422	TFs and others	SMARCA4	Breast	MCF-7	11116	43/388	43/386	0	0	0.994845
SRX5089426	TFs and others	SMARCB1	Breast	MCF-7	690	1/388	1/386	0	0	0.994845
SRX5089433	TFs and others	SMARCB1	Breast	MCF-7	4215	9/388	9/386	0	0	0.994845
SRX5089439	TFs and others	SMARCB1	Breast	MCF-7	3837	13/388	13/386	0	0	0.994845
SRX5089441	TFs and others	SMARCB1	Breast	MCF-7	4183	8/388	8/386	0	0	0.994845
SRX5089517	TFs and others	SMARCA4	Breast	MCF-7	2933	8/388	8/386	0	0	0.994845
SRX5089522	TFs and others	SMARCA4	Breast	MCF-7	598	4/388	4/386	0	0	0.994845
SRX5089530	TFs and others	SMARCA4	Breast	MCF-7	1533	6/388	6/386	0	0	0.994845
SRX5089549	TFs and others	ARID2	Breast	MCF-7	428	1/388	1/386	0	0	0.994845
SRX512366	TFs and others	Epitope tags	Epidermis	Dermal fibroblast	26557	171/388	171/386	0	0	0.994845
SRX512371	TFs and others	KLF4	Pluripotent stem cell	iPS cells	993	1/388	1/386	0	0	0.994845
SRX512373	TFs and others	Epitope tags	Epidermis	Dermal fibroblast	2657	2/388	2/386	0	0	0.994845
SRX5124040	TFs and others	POU2F1	Prostate	22Rv1	7216	60/388	60/386	0	0	0.994845
SRX5124860	TFs and others	TLE3	Prostate	22Rv1	3149	4/388	4/386	0	0	0.994845
SRX5138659	TFs and others	ETV2	Epidermis	Dermal fibroblast	655	1/388	1/386	0	0	0.994845
SRX5138661	TFs and others	ETV2	Epidermis	Dermal fibroblast	798	2/388	2/386	0	0	0.994845
SRX5146786	TFs and others	SRF	Cardiovascular	HCASMC	215	1/388	1/386	0	0	0.994845
SRX514837	TFs and others	TP63	Epidermis	Keratinocytes	17868	42/388	42/386	0	0	0.994845
SRX514846	TFs and others	TP53	Epidermis	Keratinocytes	1054	4/388	4/386	0	0	0.994845
SRX5157153	TFs and others	CEBPA	Blood	THP-1	3999	7/388	7/386	0	0	0.994845
SRX5157157	TFs and others	CEBPA	Blood	THP-1	11210	25/388	25/386	0	0	0.994845
SRX5165469	TFs and others	Cas9	Pluripotent stem cell	NCCIT	1170	2/388	2/386	0	0	0.994845
SRX518673	TFs and others	BATF	Blood	OCI-LY-10	2490	11/388	11/386	0	0	0.994845
SRX518684	TFs and others	SPI1	Blood	OCI-LY-3	530	1/388	1/386	0	0	0.994845
SRX5195674	TFs and others	SMARCA4	Uterus	Endometrial epithelial cells	845	10/388	10/386	0	0	0.994845
SRX5195729	TFs and others	SMARCA4	Uterus	Endometrial epithelial cells	8769	39/388	39/386	0	0	0.994845
SRX5195732	TFs and others	SMARCA4	Uterus	Endometrial epithelial cells	1941	27/388	27/386	0	0	0.994845
SRX5203311	TFs and others	FOXA1	Breast	MCF-7	11363	14/388	14/386	0	0	0.994845
SRX5234466	TFs and others	SMARCB1	Pluripotent stem cell	iPS cells	2704	5/388	5/386	0	0	0.994845
SRX5234472	TFs and others	SMARCA4	Pluripotent stem cell	iPS cells	6577	7/388	7/386	0	0	0.994845
SRX5234473	TFs and others	SMARCB1	Pluripotent stem cell	iPS cells	2843	4/388	4/386	0	0	0.994845
SRX5234476	TFs and others	SUZ12	Pluripotent stem cell	iPS cells	1267	9/388	9/386	0	0	0.994845
SRX5234495	TFs and others	SMARCA4	Kidney	TTC1240	6304	59/388	59/386	0	0	0.994845
SRX5250531	TFs and others	MLXIP	Uterus	HeLa	499	6/388	6/386	0	0	0.994845
SRX5251431	TFs and others	ESR1	Breast	T-47D	3385	17/388	17/386	0	0	0.994845
SRX5255103	TFs and others	Epitope tags	Kidney	293	773	1/388	1/386	0	0	0.994845
SRX5255109	TFs and others	Epitope tags	Kidney	293	784	1/388	1/386	0	0	0.994845
SRX5286325	TFs and others	NANOG	Pluripotent stem cell	ES cells	2608	3/388	3/386	0	0	0.994845
SRX5287688	TFs and others	YAP1	Breast	MCF-7	4657	11/388	11/386	0	0	0.994845
SRX5287694	TFs and others	YAP1	Breast	T-47D	6611	17/388	17/386	0	0	0.994845
SRX5287705	TFs and others	YAP1	Breast	MCF-7	1201	2/388	2/386	0	0	0.994845
SRX5289983	TFs and others	NR3C1	Lung	BEAS-2B	790	1/388	1/386	0	0	0.994845
SRX5290910	TFs and others	CTCF	Prostate	LNCAP	2758	5/388	5/386	0	0	0.994845
SRX5299351	TFs and others	CBX7	Kidney	293	970	9/388	9/386	0	0	0.994845
SRX5299370	TFs and others	PCGF1	Kidney	293	271	1/388	1/386	0	0	0.994845
SRX5316112	TFs and others	O-GlcNAc	Prostate	PC-3	290	3/388	3/386	0	0	0.994845
SRX5323808	TFs and others	ESR1	Breast	T-47D	3314	12/388	12/386	0	0	0.994845
SRX5323846	TFs and others	FOXA1	Breast	MCF-7	15521	28/388	28/386	0	0	0.994845
SRX5342001	TFs and others	HSP90B1	Blood	K-562	99	1/388	1/386	0	0	0.994845
SRX535174	TFs and others	HSF1	Digestive tract	HCT 116	583	1/388	1/386	0	0	0.994845
SRX5385025	TFs and others	BRD3	Pluripotent stem cell	hESC H1	898	15/388	15/386	0	0	0.994845
SRX5401663	TFs and others	AR	Prostate	Prostate cancer-derived fibroblasts	524	1/388	1/386	0	0	0.994845
SRX5426129	TFs and others	CBX7	Pluripotent stem cell	NT2-D1	181	1/388	1/386	0	0	0.994845
SRX5431827	TFs and others	TSC1	Pluripotent stem cell	hESC H1	1046	3/388	3/386	0	0	0.994845
SRX5444512	TFs and others	KMT2A	Blood	ML-2	219	1/388	1/386	0	0	0.994845
SRX5486437	TFs and others	TCF7L2	Digestive tract	HCT 116	1688	17/388	17/386	0	0	0.994845
SRX5503142	TFs and others	STAT2	Blood	THP-1	200	1/388	1/386	0	0	0.994845
SRX5514014	TFs and others	FOS	Uterus	Uterin leiomyoma	1188	5/388	5/386	0	0	0.994845
SRX5514016	TFs and others	JUN	Uterus	Myometrium	799	1/388	1/386	0	0	0.994845
SRX5514018	TFs and others	JUN	Uterus	Myometrium	785	1/388	1/386	0	0	0.994845
SRX5532361	TFs and others	CTCF	Neural	Anterior temporal cortex	779	6/388	6/386	0	0	0.994845
SRX5534847	TFs and others	ESR1	Breast	MCF-7	2509	7/388	7/386	0	0	0.994845
SRX5534853	TFs and others	ESR1	Breast	MCF-7	3189	9/388	9/386	0	0	0.994845
SRX5534871	TFs and others	JUN	Breast	MCF-7	400	3/388	3/386	0	0	0.994845
SRX553665	TFs and others	TRIM28	Pluripotent stem cell	hESC H1	8253	4/388	4/386	0	0	0.994845
SRX5567174	TFs and others	EZH2	Blood	ME-1	265	1/388	1/386	0	0	0.994845
SRX5574344	TFs and others	SPI1	Blood	Monocytes	13648	57/388	57/386	0	0	0.994845
SRX5574460	TFs and others	SPI1	Blood	CTV-1	42039	152/388	152/386	0	0	0.994845
SRX5577164	TFs and others	AR	Prostate	LNCAP	3907	50/388	50/386	0	0	0.994845
SRX5600888	TFs and others	OLIG2	Neural	Prefrontal Cortex	447	3/388	3/386	0	0	0.994845
SRX5600891	TFs and others	OLIG2	Neural	Prefrontal Cortex	424	1/388	1/386	0	0	0.994845
SRX5620954	TFs and others	FLI1	Bone	A-673	8077	8/388	8/386	0	0	0.994845
SRX5650759	TFs and others	BRD9	Blood	U-937	189	1/388	1/386	0	0	0.994845
SRX5662024	TFs and others	MYCN	Neural	CHP-134	273	1/388	1/386	0	0	0.994845
SRX5662025	TFs and others	MYCN	Neural	CHP-134	696	5/388	5/386	0	0	0.994845
SRX5683079	TFs and others	ESR1	Uterus	Ishikawa	4603	7/388	7/386	0	0	0.994845
SRX5705802	TFs and others	ETS1	Pluripotent stem cell	hESC derived cardiac cells	6388	135/388	135/386	0	0	0.994845
SRX5705804	TFs and others	ETS1	Pluripotent stem cell	hESC derived cardiac cells	1681	47/388	47/386	0	0	0.994845
SRX5716468	TFs and others	SMARCA2	Neural	Neural progenitor cells	2016	1/388	1/386	0	0	0.994845
SRX5725261	TFs and others	MGA	Lung	A549	3513	59/388	59/386	0	0	0.994845
SRX5734997	TFs and others	GFP	Breast	MCF 10A	8709	4/388	4/386	0	0	0.994845
SRX574349	TFs and others	NR3C1	Unclassified	Unclassified	5069	8/388	8/386	0	0	0.994845
SRX5759189	TFs and others	SUZ12	Neural	ipNF05.5	271	1/388	1/386	0	0	0.994845
SRX5794312	TFs and others	TCF7	Breast	Breast organoids	755	1/388	1/386	0	0	0.994845
SRX5801452	TFs and others	STAT3	Blood	Th2 Cells	538	3/388	3/386	0	0	0.994845
SRX5821034	TFs and others	GATA1	Blood	HUDEP-2	15479	102/388	102/386	0	0	0.994845
SRX5821038	TFs and others	GATA1	Blood	HUDEP-2	2199	8/388	8/386	0	0	0.994845
SRX5822371	TFs and others	AML1-ETO	Blood	Kasumi-1	2410	5/388	5/386	0	0	0.994845
SRX5824549	TFs and others	BRD7	Breast	SUM 159PT	1062	6/388	6/386	0	0	0.994845
SRX5824557	TFs and others	BRD7	Breast	SUM 159PT	741	1/388	1/386	0	0	0.994845
SRX5824587	TFs and others	BRD4	Breast	SUM 159PT	1412	1/388	1/386	0	0	0.994845
SRX5824596	TFs and others	BRD4	Breast	SUM 159PT	1836	6/388	6/386	0	0	0.994845
SRX5824597	TFs and others	BRD4	Breast	SUM 159PT	1929	2/388	2/386	0	0	0.994845
SRX5836725	TFs and others	Epitope tags	Prostate	PC-3	1126	1/388	1/386	0	0	0.994845
SRX5887620	TFs and others	TEAD4	Lung	PC-9	4953	10/388	10/386	0	0	0.994845
SRX5888982	TFs and others	MED1	Others	Head and neck squamous cell carcinoma 	731	1/388	1/386	0	0	0.994845
SRX596537	TFs and others	AR	Prostate	22Rv1	1424	1/388	1/386	0	0	0.994845
SRX5974571	TFs and others	TAL1	Blood	K-562	11558	28/388	28/386	0	0	0.994845
SRX5974587	TFs and others	TAL1	Blood	K-562	8639	24/388	24/386	0	0	0.994845
SRX5975305	TFs and others	CDK12	Bone	143B	1075	7/388	7/386	0	0	0.994845
SRX5982359	TFs and others	SMARCA2	Lung	A549	570	1/388	1/386	0	0	0.994845
SRX6027700	TFs and others	ESR1	Uterus	Ishikawa	9814	89/388	89/386	0	0	0.994845
SRX6027741	TFs and others	FOXA1	Breast	MCF-7	1968	3/388	3/386	0	0	0.994845
SRX6066504	TFs and others	CDK9	Digestive tract	HCT 116	618	1/388	1/386	0	0	0.994845
SRX6073305	TFs and others	BATF	Blood	BC-3	420	4/388	4/386	0	0	0.994845
SRX6076676	TFs and others	HNF4A	Digestive tract	ESO-26	301	1/388	1/386	0	0	0.994845
SRX6098144	TFs and others	TRPS1	Breast	MCF-7	3733	8/388	8/386	0	0	0.994845
SRX6098145	TFs and others	TRPS1	Breast	MCF-7	10798	24/388	24/386	0	0	0.994845
SRX6098149	TFs and others	GATA3	Breast	MCF-7	1789	3/388	3/386	0	0	0.994845
SRX612500	TFs and others	BRD2	Liver	LX2	268	2/388	2/386	0	0	0.994845
SRX612501	TFs and others	BRD2	Liver	LX2	155	1/388	1/386	0	0	0.994845
SRX612503	TFs and others	BRD3	Liver	LX2	319	1/388	1/386	0	0	0.994845
SRX612505	TFs and others	BRD4	Liver	LX2	1924	7/388	7/386	0	0	0.994845
SRX6175608	TFs and others	FLI1	Bone	A-673	4341	2/388	2/386	0	0	0.994845
SRX6175613	TFs and others	SMC1A	Bone	A-673	4053	11/388	11/386	0	0	0.994845
SRX6175650	TFs and others	STAG2	Bone	TC-71	3305	7/388	7/386	0	0	0.994845
SRX6365880	TFs and others	TOP2B	Neural	Glioma	235	1/388	1/386	0	0	0.994845
SRX6367590	TFs and others	NCOR1	Kidney	293	427	1/388	1/386	0	0	0.994845
SRX6370182	TFs and others	EPOP	Pluripotent stem cell	NT2-D1	136	1/388	1/386	0	0	0.994845
SRX6430568	TFs and others	SUZ12	Blood	KARPAS-422	811	8/388	8/386	0	0	0.994845
SRX6433362	TFs and others	TOP2B	Neural	Glioma	330	5/388	5/386	0	0	0.994845
SRX646125	TFs and others	EED	Blood	Erythroblasts	1354	1/388	1/386	0	0	0.994845
SRX6487037	TFs and others	FOXA1	Breast	MCF-7	1463	3/388	3/386	0	0	0.994845
SRX6487039	TFs and others	FOXA1	Breast	MCF-7	3853	8/388	8/386	0	0	0.994845
SRX6487050	TFs and others	FOXA1	Breast	MCF-7	5431	10/388	10/386	0	0	0.994845
SRX6487052	TFs and others	FOXA1	Breast	MCF-7	3969	8/388	8/386	0	0	0.994845
SRX6487053	TFs and others	FOXA1	Breast	MCF-7	1126	2/388	2/386	0	0	0.994845
SRX6487055	TFs and others	FOXA1	Breast	MCF-7	7769	12/388	12/386	0	0	0.994845
SRX6487065	TFs and others	FOXA1	Breast	MCF-7	1732	4/388	4/386	0	0	0.994845
SRX6487066	TFs and others	FOXA1	Breast	MCF-7	754	1/388	1/386	0	0	0.994845
SRX656428	TFs and others	BCL6	Blood	RS 411	2378	10/388	10/386	0	0	0.994845
SRX658609	TFs and others	MED1	Blood	Jurkat	950	1/388	1/386	0	0	0.994845
SRX6608390	TFs and others	EZH2	Blood	RCH-ACV	4013	52/388	52/386	0	0	0.994845
SRX6614766	TFs and others	RAD21	Lung	IMR-90	1533	2/388	2/386	0	0	0.994845
SRX6651673	TFs and others	NR3C1	Blood	697	461	1/388	1/386	0	0	0.994845
SRX6651677	TFs and others	NR3C1	Blood	697	436	1/388	1/386	0	0	0.994845
SRX666593	TFs and others	RBPJ	Epidermis	Dermal fibroblast	930	1/388	1/386	0	0	0.994845
SRX668217	TFs and others	E2F4	Neural	HRPEpiC	853	5/388	5/386	0	0	0.994845
SRX673724	TFs and others	Biotin	Breast	MCF-7	1552	5/388	5/386	0	0	0.994845
SRX673742	TFs and others	ESR1	Breast	MCF-7	2635	7/388	7/386	0	0	0.994845
SRX673744	TFs and others	EP300	Breast	MCF-7	1748	12/388	12/386	0	0	0.994845
SRX673751	TFs and others	ESR1	Breast	MCF-7	711	2/388	2/386	0	0	0.994845
SRX6763475	TFs and others	EGR1	Blood	Macrophages	545	3/388	3/386	0	0	0.994845
SRX6763476	TFs and others	EGR1	Blood	Macrophages	673	5/388	5/386	0	0	0.994845
SRX6780875	TFs and others	CRTC1	Pluripotent stem cell	iPS derived neural cells	1022	5/388	5/386	0	0	0.994845
SRX6824676	TFs and others	SNAI2	Unclassified	Unclassified	988	1/388	1/386	0	0	0.994845
SRX684517	TFs and others	T	Pluripotent stem cell	hESC derived mesodermal cells	3350	3/388	3/386	0	0	0.994845
SRX6852815	TFs and others	TP63	Lung	LK-2	227	1/388	1/386	0	0	0.994845
SRX685530	TFs and others	DEK	Blood	U-937	1793	5/388	5/386	0	0	0.994845
SRX6858248	TFs and others	HSF1	Breast	MCF-7	954	5/388	5/386	0	0	0.994845
SRX6858249	TFs and others	HSF1	Breast	MCF-7	739	3/388	3/386	0	0	0.994845
SRX6860609	TFs and others	TFEB	Cardiovascular	Aortic smooth muscle cells	506	1/388	1/386	0	0	0.994845
SRX6860636	TFs and others	ESR1	Breast	T-47D	1596	2/388	2/386	0	0	0.994845
SRX6860690	TFs and others	FOXA1	Breast	T-47D	19803	62/388	62/386	0	0	0.994845
SRX6860695	TFs and others	FOXA1	Breast	T-47D	22841	64/388	64/386	0	0	0.994845
SRX6902861	TFs and others	GATA1	Blood	CD34+	819	2/388	2/386	0	0	0.994845
SRX6909705	TFs and others	Epitope tags	Blood	697	2045	2/388	2/386	0	0	0.994845
SRX6910070	TFs and others	PGR	Uterus	Uterin leiomyoma	1036	2/388	2/386	0	0	0.994845
SRX6911604	TFs and others	ZMYND8	Neural	Glioblastoma	272	1/388	1/386	0	0	0.994845
SRX6913063	TFs and others	BRD4	Blood	THP-1	243	2/388	2/386	0	0	0.994845
SRX6913064	TFs and others	BRD4	Blood	THP-1	397	6/388	6/386	0	0	0.994845
SRX6913080	TFs and others	BRD4	Blood	K-562	14740	170/388	170/386	0	0	0.994845
SRX6913097	TFs and others	BRD3	Blood	CD4+ T cells	531	1/388	1/386	0	0	0.994845
SRX6927197	TFs and others	THAP11	Kidney	293	14679	3/388	3/386	0	0	0.994845
SRX6957410	TFs and others	SMAD4	Kidney	HGrC1	779	2/388	2/386	0	0	0.994845
SRX6957436	TFs and others	SMAD2	Kidney	HGrC1	913	2/388	2/386	0	0	0.994845
SRX6957491	TFs and others	SMAD2	Kidney	HGrC1	1791	3/388	3/386	0	0	0.994845
SRX695886	TFs and others	ASCL1	Others	Tumor	541	1/388	1/386	0	0	0.994845
SRX6976723	TFs and others	TEAD1	Epidermis	Keratinocytes	8133	23/388	23/386	0	0	0.994845
SRX6977280	TFs and others	Epitope tags	Neural	BE(2)-C	5870	131/388	131/386	0	0	0.994845
SRX701971	TFs and others	EOMES	Pluripotent stem cell	hESC derived mesendodermal cells	2998	1/388	1/386	0	0	0.994845
SRX701983	TFs and others	GATA4	Pluripotent stem cell	hESC HUES64	152	2/388	2/386	0	0	0.994845
SRX702005	TFs and others	GATA6	Pluripotent stem cell	hESC derived mesendodermal cells	983	1/388	1/386	0	0	0.994845
SRX702028	TFs and others	HNF4A	Pluripotent stem cell	hESC HUES64	225	1/388	1/386	0	0	0.994845
SRX702034	TFs and others	NR5A2	Pluripotent stem cell	hESC HUES64	227	2/388	2/386	0	0	0.994845
SRX702042	TFs and others	NANOG	Pluripotent stem cell	hESC derived mesendodermal cells	5174	3/388	3/386	0	0	0.994845
SRX702050	TFs and others	OTX2	Pluripotent stem cell	hESC HUES64	884	3/388	3/386	0	0	0.994845
SRX702095	TFs and others	SMAD4	Pluripotent stem cell	hESC derived mesendodermal cells	208	1/388	1/386	0	0	0.994845
SRX702097	TFs and others	SMAD4	Pluripotent stem cell	hESC derived mesendodermal cells	229	1/388	1/386	0	0	0.994845
SRX702103	TFs and others	SOX17	Pluripotent stem cell	hESC derived mesendodermal cells	391	3/388	3/386	0	0	0.994845
SRX702117	TFs and others	SRF	Pluripotent stem cell	hESC derived mesendodermal cells	1689	12/388	12/386	0	0	0.994845
SRX702126	TFs and others	TAL1	Pluripotent stem cell	hESC HUES64	403	3/388	3/386	0	0	0.994845
SRX7054934	TFs and others	ERG	Cardiovascular	HAEC	1059	9/388	9/386	0	0	0.994845
SRX7055008	TFs and others	RELA	Cardiovascular	HAEC	17986	78/388	78/386	0	0	0.994845
SRX7088115	TFs and others	TP53	Cardiovascular	HPAEC	806	2/388	2/386	0	0	0.994845
SRX7088116	TFs and others	TP53	Cardiovascular	HPAEC	758	2/388	2/386	0	0	0.994845
SRX7130727	TFs and others	CTCF	Breast	MCF 10A	868	4/388	4/386	0	0	0.994845
SRX7135366	TFs and others	BRD3	Blood	K-562	612	8/388	8/386	0	0	0.994845
SRX7135368	TFs and others	BRD4	Blood	K-562	3115	45/388	45/386	0	0	0.994845
SRX713898	TFs and others	AR	Prostate	R1-AD567	528	1/388	1/386	0	0	0.994845
SRX7141989	TFs and others	O-GlcNAc	Adipocyte	Adipocytes	4052	102/388	102/386	0	0	0.994845
SRX718117	TFs and others	FLI1	Bone	SKMNC	1344	1/388	1/386	0	0	0.994845
SRX7213081	TFs and others	PAF1	Bone	U2OS	226	1/388	1/386	0	0	0.994845
SRX7262876	TFs and others	EP300	Breast	ZR-75-1	10125	10/388	10/386	0	0	0.994845
SRX7276679	TFs and others	Epitope tags	Kidney	293	15177	57/388	57/386	0	0	0.994845
SRX728777	TFs and others	PAF1	Blood	THP-1	905	7/388	7/386	0	0	0.994845
SRX7299255	TFs and others	NFE2L2	Kidney	WT 9-12	850	1/388	1/386	0	0	0.994845
SRX736070	TFs and others	RUNX1	Prostate	LNCAP	440	1/388	1/386	0	0	0.994845
SRX736071	TFs and others	RUNX1	Prostate	LNCAP	477	1/388	1/386	0	0	0.994845
SRX736072	TFs and others	EZH2	Prostate	LNCAP	503	1/388	1/386	0	0	0.994845
SRX7397473	TFs and others	IRF1	Blood	U-937	147	2/388	2/386	0	0	0.994845
SRX7398284	TFs and others	CBFA2T3	Blood	K-562	2878	10/388	10/386	0	0	0.994845
SRX747789	TFs and others	RELA	Breast	MCF-7	414	3/388	3/386	0	0	0.994845
SRX748423	TFs and others	TCF7L2	Digestive tract	HCT 116	584	1/388	1/386	0	0	0.994845
SRX748427	TFs and others	TCF7L2	Digestive tract	HCT 116	1145	2/388	2/386	0	0	0.994845
SRX7498496	TFs and others	CTCF	Others	HMS001	7218	17/388	17/386	0	0	0.994845
SRX7498500	TFs and others	CTCF	Others	93-VU147T	2864	5/388	5/386	0	0	0.994845
SRX751298	TFs and others	MED1	Adipocyte	Adipose-Derived Mesenchymal Stem Cells	8292	21/388	21/386	0	0	0.994845
SRX7565921	TFs and others	CTCF	Gonad	A2780	1568	9/388	9/386	0	0	0.994845
SRX7572097	TFs and others	MYC	Pancreas	MIA Paca-2	947	8/388	8/386	0	0	0.994845
SRX758028	TFs and others	TOP1	Prostate	LNCAP	3314	4/388	4/386	0	0	0.994845
SRX758029	TFs and others	TOP1	Prostate	LNCAP	2561	3/388	3/386	0	0	0.994845
SRX758323	TFs and others	MBD2	Breast	HMEC	1028	1/388	1/386	0	0	0.994845
SRX758611	TFs and others	FOXP1	Blood	HT	2212	3/388	3/386	0	0	0.994845
SRX7627556	TFs and others	ESRRG	Breast	BT-474	2579	12/388	12/386	0	0	0.994845
SRX764805	TFs and others	FOXA1	Pluripotent stem cell	hESC derived mesendodermal cells	2291	1/388	1/386	0	0	0.994845
SRX7659598	TFs and others	C17orf49	Breast	MCF-7	236	1/388	1/386	0	0	0.994845
SRX7677741	TFs and others	XRN2	Digestive tract	DLD-1	942	4/388	4/386	0	0	0.994845
SRX7712495	TFs and others	HIF1A	Lung	A549	918	6/388	6/386	0	0	0.994845
SRX7794487	TFs and others	HIF1A	Lung	BEAS-2B	1526	16/388	16/386	0	0	0.994845
SRX7807100	TFs and others	CEBPB	Unclassified	Unclassified	13626	39/388	39/386	0	0	0.994845
SRX7807128	TFs and others	MED1	Adipocyte	Adipocytes	860	1/388	1/386	0	0	0.994845
SRX7902973	TFs and others	Epitope tags	Kidney	293	942	3/388	3/386	0	0	0.994845
SRX790965	TFs and others	RELA	Blood	L-1236	455	1/388	1/386	0	0	0.994845
SRX790967	TFs and others	RELB	Blood	L-1236	1234	3/388	3/386	0	0	0.994845
SRX7971781	TFs and others	STAT3	Blood	Th2 Cells	1866	7/388	7/386	0	0	0.994845
SRX7972442	TFs and others	MKL2	Epidermis	MKL-2	487	3/388	3/386	0	0	0.994845
SRX7972452	TFs and others	MKL1	Epidermis	MKL-1	773	2/388	2/386	0	0	0.994845
SRX7981729	TFs and others	CREBBP	Prostate	Prostate cancer	101	1/388	1/386	0	0	0.994845
SRX7981732	TFs and others	CREBBP	Prostate	Prostate cancer	522	6/388	6/386	0	0	0.994845
SRX7981733	TFs and others	EP300	Prostate	Prostate cancer	241	3/388	3/386	0	0	0.994845
SRX8030677	TFs and others	SUZ12	Neural	BT 245	869	1/388	1/386	0	0	0.994845
SRX8044291	TFs and others	AR	Others	UM-UC-3	1209	2/388	2/386	0	0	0.994845
SRX8068086	TFs and others	RUNX1	Blood	NALM-6	330	1/388	1/386	0	0	0.994845
SRX8068152	TFs and others	RUNX1	Blood	RS4-11	631	1/388	1/386	0	0	0.994845
SRX8080557	TFs and others	Epitope tags	Breast	Mammary gland adenocarcinoma	4974	13/388	13/386	0	0	0.994845
SRX8083098	TFs and others	FOXA1	Breast	CAMA-1	40049	80/388	80/386	0	0	0.994845
SRX8108989	TFs and others	G-quadruplex	Liver	Hep G2	1376	26/388	26/386	0	0	0.994845
SRX813774	TFs and others	RELA	Adipocyte	SGBS	21910	58/388	58/386	0	0	0.994845
SRX814234	TFs and others	LHX2	Neural	HRPEpiC	3639	1/388	1/386	0	0	0.994845
SRX8171699	TFs and others	JARID2	Pluripotent stem cell	ES cells	2477	2/388	2/386	0	0	0.994845
SRX8171736	TFs and others	MYBBP1A	Pancreas	PDAC	1201	27/388	27/386	0	0	0.994845
SRX8175102	TFs and others	EED	Pluripotent stem cell	ES cells	18127	164/388	164/386	0	0	0.994845
SRX8180617	TFs and others	HIF1A	Blood	BC-3	1497	2/388	2/386	0	0	0.994845
SRX8246296	TFs and others	FGFR1	Breast	MCF-7	653	7/388	7/386	0	0	0.994845
SRX825399	TFs and others	ZEB1	Pancreas	PANC-1	619	6/388	6/386	0	0	0.994845
SRX8272757	TFs and others	ESR2	Digestive tract	SW 480	1562	3/388	3/386	0	0	0.994845
SRX8299191	TFs and others	Epitope tags	Uterus	HeLa	1498	1/388	1/386	0	0	0.994845
SRX831879	TFs and others	STAT5B	Blood	CD8+ T cells	2887	9/388	9/386	0	0	0.994845
SRX8321474	TFs and others	REST	Uterus	HEC-1-B	68	1/388	1/386	0	0	0.994845
SRX8380459	TFs and others	BRD4	Uterus	HeLa	600	7/388	7/386	0	0	0.994845
SRX8406299	TFs and others	HOXB13	Prostate	Prostate	15140	21/388	21/386	0	0	0.994845
SRX8406427	TFs and others	AR	Prostate	Prostate	2520	2/388	2/386	0	0	0.994845
SRX8406452	TFs and others	AR	Prostate	Prostatic Neoplasms, Castration-Resistant	3265	2/388	2/386	0	0	0.994845
SRX8406484	TFs and others	FOXA1	Prostate	Prostate	3643	4/388	4/386	0	0	0.994845
SRX8406485	TFs and others	FOXA1	Prostate	Prostate	2149	3/388	3/386	0	0	0.994845
SRX8406491	TFs and others	FOXA1	Prostate	Prostate	3161	4/388	4/386	0	0	0.994845
SRX8406536	TFs and others	HOXB13	Prostate	Prostate	1791	2/388	2/386	0	0	0.994845
SRX8453146	TFs and others	CTCF	Liver	Liver	606	2/388	2/386	0	0	0.994845
SRX8453150	TFs and others	FOXA1	Liver	Liver	4018	3/388	3/386	0	0	0.994845
SRX8468589	TFs and others	BRD4	Liver	HuH-7	3302	36/388	36/386	0	0	0.994845
SRX8468846	TFs and others	IRF4	Blood	B cells	2455	5/388	5/386	0	0	0.994845
SRX847034	TFs and others	AR	Prostate	LNCAP	30100	36/388	36/386	0	0	0.994845
SRX8512551	TFs and others	RELA	Kidney	293	324	1/388	1/386	0	0	0.994845
SRX8520794	TFs and others	STAT3	Breast	HCC1937	1683	10/388	10/386	0	0	0.994845
SRX8520798	TFs and others	STAT3	Breast	MDA-MB-361	429	1/388	1/386	0	0	0.994845
SRX8520799	TFs and others	STAT3	Breast	MDA-MB-453	2783	10/388	10/386	0	0	0.994845
SRX8536093	TFs and others	GATA2	Blood	CD34+	4451	15/388	15/386	0	0	0.994845
SRX8536111	TFs and others	GATA1	Blood	HUDEP-2	7431	34/388	34/386	0	0	0.994845
SRX8550425	TFs and others	FLI1	Bone	A-673	3845	5/388	5/386	0	0	0.994845
SRX8588599	TFs and others	SOX17	Gonad	KURAMOCHI	5512	10/388	10/386	0	0	0.994845
SRX8602203	TFs and others	IRF4	Blood	OCI-LY-3	1575	5/388	5/386	0	0	0.994845
SRX8616803	TFs and others	JUN	Lung	A549	1336	2/388	2/386	0	0	0.994845
SRX8616804	TFs and others	JUN	Lung	A549	1483	3/388	3/386	0	0	0.994845
SRX8616815	TFs and others	FOSL1	Lung	A549	1442	2/388	2/386	0	0	0.994845
SRX8616817	TFs and others	FOSL1	Lung	A549	658	2/388	2/386	0	0	0.994845
SRX8616820	TFs and others	FOSL1	Lung	A549	1035	1/388	1/386	0	0	0.994845
SRX8616836	TFs and others	FOSL2	Lung	A549	4286	10/388	10/386	0	0	0.994845
SRX8616850	TFs and others	JUNB	Lung	A549	1656	4/388	4/386	0	0	0.994845
SRX8616862	TFs and others	JUND	Lung	A549	437	1/388	1/386	0	0	0.994845
SRX8617024	TFs and others	TET2	Breast	ZR-75-1	1309	2/388	2/386	0	0	0.994845
SRX8673360	TFs and others	EGR1	Blood	Kasumi-1	1572	20/388	20/386	0	0	0.994845
SRX8673476	TFs and others	DDIT3	Bone	HT-1080	519	1/388	1/386	0	0	0.994845
SRX8699668	TFs and others	PPP2CA	Digestive tract	DLD-1	591	1/388	1/386	0	0	0.994845
SRX8699672	TFs and others	PPP2CA	Digestive tract	DLD-1	689	1/388	1/386	0	0	0.994845
SRX8699674	TFs and others	PPP2CA	Digestive tract	DLD-1	610	1/388	1/386	0	0	0.994845
SRX8699708	TFs and others	CPSF3L	Digestive tract	DLD-1	467	2/388	2/386	0	0	0.994845
SRX8699711	TFs and others	INTS3	Digestive tract	DLD-1	300	3/388	3/386	0	0	0.994845
SRX8713992	TFs and others	SUZ12	Neural	Neural Stem Cells	648	3/388	3/386	0	0	0.994845
SRX8713993	TFs and others	SUZ12	Neural	Neural Stem Cells	535	2/388	2/386	0	0	0.994845
SRX8736984	TFs and others	TCF3	Pluripotent stem cell	hESC derived neural cells	1608	2/388	2/386	0	0	0.994845
SRX873804	TFs and others	DNMT3A	Epidermis	Epidermal stem cells	697	1/388	1/386	0	0	0.994845
SRX873813	TFs and others	DNMT3A	Epidermis	Keratinocytes	704	1/388	1/386	0	0	0.994845
SRX8806005	TFs and others	Epitope tags	Blood	HUDEP-2	816	1/388	1/386	0	0	0.994845
SRX8807158	TFs and others	MED1	Blood	UCSD-AML1	488	1/388	1/386	0	0	0.994845
SRX8827539	TFs and others	SMARCA4	Lung	NCI-H1299	684	17/388	17/386	0	0	0.994845
SRX8831616	TFs and others	TP63	Digestive tract	KYSE-180	21130	61/388	61/386	0	0	0.994845
SRX8861821	TFs and others	ESR1	Breast	T-47D	6715	25/388	25/386	0	0	0.994845
SRX8861822	TFs and others	ESR1	Breast	T-47D	2574	9/388	9/386	0	0	0.994845
SRX8861823	TFs and others	ESR1	Breast	T-47D	11574	52/388	52/386	0	0	0.994845
SRX8907438	TFs and others	CHD4	Muscle	SCMC	337	3/388	3/386	0	0	0.994845
SRX8949170	TFs and others	EWSR1	Bone	JN-DSRCT-1	848	1/388	1/386	0	0	0.994845
SRX895432	TFs and others	SUMO2	Blood	K-562	3107	11/388	11/386	0	0	0.994845
SRX8976672	TFs and others	HDAC3	Digestive tract	KYSE-410	674	2/388	2/386	0	0	0.994845
SRX8976673	TFs and others	HDAC3	Digestive tract	KYSE-410	1317	2/388	2/386	0	0	0.994845
SRX8976674	TFs and others	HDAC3	Digestive tract	KYSE-410	1328	2/388	2/386	0	0	0.994845
SRX8976679	TFs and others	NCOR2	Digestive tract	KYSE-410	391	1/388	1/386	0	0	0.994845
SRX8976683	TFs and others	NCOR2	Digestive tract	KYSE-410	824	4/388	4/386	0	0	0.994845
SRX8976684	TFs and others	NCOR2	Digestive tract	KYSE-410	465	1/388	1/386	0	0	0.994845
SRX8976685	TFs and others	NCOR2	Digestive tract	KYSE-410	476	1/388	1/386	0	0	0.994845
SRX8984324	TFs and others	FLI1	Bone	A-673	6894	7/388	7/386	0	0	0.994845
SRX8984326	TFs and others	SMC1A	Bone	A-673	4022	8/388	8/386	0	0	0.994845
SRX8984331	TFs and others	FLI1	Bone	A-673	4374	3/388	3/386	0	0	0.994845
SRX9004384	TFs and others	USF2	Blood	SEM	3806	48/388	48/386	0	0	0.994845
SRX9004385	TFs and others	USF2	Blood	SEM	3121	31/388	31/386	0	0	0.994845
SRX9029201	TFs and others	POU2F2	Blood	Monocytes-CD14+	5330	35/388	35/386	0	0	0.994845
SRX9029207	TFs and others	CEBPB	Blood	Neutrophils	23390	98/388	98/386	0	0	0.994845
SRX9045668	TFs and others	ESR1	Breast	MCF-7	439	1/388	1/386	0	0	0.994845
SRX9046258	TFs and others	FOSL2	Breast	MCF-7	246	1/388	1/386	0	0	0.994845
SRX9046259	TFs and others	FOSL2	Breast	MCF-7	392	3/388	3/386	0	0	0.994845
SRX9071235	TFs and others	MED1	Blood	SEM	716	2/388	2/386	0	0	0.994845
SRX9101664	TFs and others	SREBF2	Epidermis	Melanoma cell line	11822	116/388	116/386	0	0	0.994845
SRX9178821	TFs and others	HAP1	Blood	HAP1	5976	136/388	136/386	0	0	0.994845
SRX9187411	TFs and others	HDAC1	Pancreas	MIA Paca-2	2028	26/388	26/386	0	0	0.994845
SRX9237236	TFs and others	PAF1	Blood	K-562	2744	11/388	11/386	0	0	0.994845
SRX9237240	TFs and others	FIP1L1	Blood	K-562	1444	1/388	1/386	0	0	0.994845
SRX9237244	TFs and others	CPSF3	Blood	K-562	1579	1/388	1/386	0	0	0.994845
SRX9237246	TFs and others	CPSF3	Blood	K-562	2351	1/388	1/386	0	0	0.994845
SRX9258678	TFs and others	CPSF3L	Kidney	293	733	4/388	4/386	0	0	0.994845
SRX9279198	TFs and others	KANSL1	Uterus	HeLa	667	1/388	1/386	0	0	0.994845
SRX9281780	TFs and others	RNF2	Kidney	293	655	7/388	7/386	0	0	0.994845
SRX9281790	TFs and others	SUZ12	Kidney	293	727	8/388	8/386	0	0	0.994845
SRX9281796	TFs and others	SUZ12	Kidney	293	317	4/388	4/386	0	0	0.994845
SRX9281800	TFs and others	SUZ12	Kidney	293	387	5/388	5/386	0	0	0.994845
SRX9281801	TFs and others	SUZ12	Kidney	293	119	1/388	1/386	0	0	0.994845
SRX9281803	TFs and others	SUZ12	Kidney	293	104	1/388	1/386	0	0	0.994845
SRX9309767	TFs and others	BRD4	Blood	HL-60	1033	1/388	1/386	0	0	0.994845
SRX9318375	TFs and others	TOP2B	Neural	Glioma	646	9/388	9/386	0	0	0.994845
SRX9318376	TFs and others	TOP2B	Neural	Glioma	959	13/388	13/386	0	0	0.994845
SRX9350928	TFs and others	BRD4	Digestive tract	COLO 320HSR	1456	10/388	10/386	0	0	0.994845
SRX9350936	TFs and others	BRD4	Digestive tract	SNU-16	648	1/388	1/386	0	0	0.994845
SRX9370421	TFs and others	ING5	Liver	Hep G2	413	1/388	1/386	0	0	0.994845
SRX9390940	TFs and others	STAT3	Digestive tract	Colorectal cancer	337	1/388	1/386	0	0	0.994845
SRX9419951	TFs and others	FOXA1	Breast	SK-BR-3	38999	102/388	102/386	0	0	0.994845
SRX9419952	TFs and others	FOXA1	Breast	SK-BR-3	29297	82/388	82/386	0	0	0.994845
SRX9433101	TFs and others	CTR9	Bone	U2OS	423	1/388	1/386	0	0	0.994845
SRX9468673	TFs and others	Epitope tags	Prostate	LNCAP	2408	4/388	4/386	0	0	0.994845
SRX9550932	TFs and others	FOXA1	Prostate	Prostate cancer	52017	137/388	137/386	0	0	0.994845
SRX9555221	TFs and others	SUZ12	Kidney	293	727	6/388	6/386	0	0	0.994845
SRX9562911	TFs and others	MYCN	Muscle	RH-4	696	2/388	2/386	0	0	0.994845
SRX959102	TFs and others	NR3C1	Blood	NALM-6	1403	3/388	3/386	0	0	0.994845
SRX9600617	TFs and others	G-quadruplex	Blood	K-562	333	1/388	1/386	0	0	0.994845
SRX961218	TFs and others	VSV-G	Digestive tract	SW 480	1288	4/388	4/386	0	0	0.994845
SRX9648512	TFs and others	BMI1	Neural	Neural Stem Cells	233	2/388	2/386	0	0	0.994845
SRX9648514	TFs and others	BMI1	Neural	Neural Stem Cells	249	2/388	2/386	0	0	0.994845
SRX9648515	TFs and others	BMI1	Neural	Neural Stem Cells	314	2/388	2/386	0	0	0.994845
SRX9671291	TFs and others	CCNT1	Blood	K-562	491	1/388	1/386	0	0	0.994845
SRX9673823	TFs and others	BCOR	Kidney	293	490	1/388	1/386	0	0	0.994845
SRX9673825	TFs and others	BCOR	Kidney	293	833	4/388	4/386	0	0	0.994845
SRX9674300	TFs and others	NR3C1	Pluripotent stem cell	iPSC derived hepatocytes	9857	17/388	17/386	0	0	0.994845
SRX9674305	TFs and others	NR3C1	Pluripotent stem cell	iPSC derived hepatocytes	7558	14/388	14/386	0	0	0.994845
SRX968976	TFs and others	RELA	Breast	MCF-7	3317	25/388	25/386	0	0	0.994845
SRX9719183	TFs and others	GATA3	Breast	MCF-7	7031	15/388	15/386	0	0	0.994845
SRX9725179	TFs and others	IRF8	Blood	MV-4-11	587	1/388	1/386	0	0	0.994845
SRX973429	TFs and others	EHMT2	Kidney	293	1776	17/388	17/386	0	0	0.994845
SRX974294	TFs and others	MEF2B	Kidney	293	6504	26/388	26/386	0	0	0.994845
SRX9755056	TFs and others	BRD4	Blood	REH	552	1/388	1/386	0	0	0.994845
SRX9755058	TFs and others	BRD4	Blood	REH	638	4/388	4/386	0	0	0.994845
SRX9843988	TFs and others	ESR1	Unclassified	Unclassified	965	1/388	1/386	0	0	0.994845
SRX986358	TFs and others	HNF1A	Digestive tract	Caco-2	872	1/388	1/386	0	0	0.994845
SRX9932061	TFs and others	STAT5A	Breast	MCF-7	6722	129/388	129/386	0	0	0.994845
SRX9932064	TFs and others	HDAC6	Breast	MCF-7	917	1/388	1/386	0	0	0.994845
SRX9932068	TFs and others	HDAC6	Breast	MCF-7	894	1/388	1/386	0	0	0.994845
SRX9932072	TFs and others	HDAC6	Breast	MCF-7	831	1/388	1/386	0	0	0.994845
SRX9932076	TFs and others	HDAC6	Breast	MCF-7	736	1/388	1/386	0	0	0.994845
SRX9964513	TFs and others	CDX2	Digestive tract	Caco-2	2491	1/388	1/386	0	0	0.994845
SRX9975596	TFs and others	PPP2R1A	Uterus	HeLa	634	10/388	10/386	0	0	0.994845
SRX9975597	TFs and others	PPP2CA	Uterus	HeLa	391	1/388	1/386	0	0	0.994845
SRX9975598	TFs and others	PPP2CA	Uterus	HeLa	373	1/388	1/386	0	0	0.994845
ERX200509	TFs and others	CTCF	Blood	B cells	253	1/388	0/386	0	0	inf
ERX626858	TFs and others	CEBPE	Blood	HL-60	238	1/388	0/386	0	0	inf
ERX626871	TFs and others	CEBPE	Blood	HL-60	232	1/388	0/386	0	0	inf
SRX015826	TFs and others	RUNX1	Blood	Jurkat (Clone E6-1)	274	1/388	0/386	0	0	inf
SRX017702	TFs and others	KAT5	Blood	CD4+ T cells	180	1/388	0/386	0	0	inf
SRX017863	TFs and others	RELA	Blood	GM18526	245	1/388	0/386	0	0	inf
SRX017866	TFs and others	RELA	Blood	GM18526	137	1/388	0/386	0	0	inf
SRX017875	TFs and others	RELA	Blood	GM15510	182	1/388	0/386	0	0	inf
SRX017876	TFs and others	RELA	Blood	GM15510	45	1/388	0/386	0	0	inf
SRX017902	TFs and others	RELA	Blood	GM18526	197	1/388	0/386	0	0	inf
SRX026535	TFs and others	ESR1	Uterus	ECC-1	213	1/388	0/386	0	0	inf
SRX026637	TFs and others	RUNX1T1	Blood	Kasumi-1	277	1/388	0/386	0	0	inf
SRX032891	TFs and others	PPARG	Adipocyte	SGBS	521	1/388	0/386	0	0	inf
SRX036637	TFs and others	NCOA1	Bone	U2OS	135	1/388	0/386	0	0	inf
SRX036638	TFs and others	NCOA1	Bone	U2OS	304	1/388	0/386	0	0	inf
SRX059372	TFs and others	L3MBTL2	Blood	K-562	31	1/388	0/386	0	0	inf
SRX065549	TFs and others	ELK4	Kidney	293	407	1/388	0/386	0	0	inf
SRX080254	TFs and others	AFF4	Digestive tract	HCT 116	311	1/388	0/386	0	0	inf
SRX080258	TFs and others	AFF4	Digestive tract	HCT 116	265	1/388	0/386	0	0	inf
SRX084503	TFs and others	SMAD2	Pluripotent stem cell	hESC derived mesendodermal cells	488	1/388	0/386	0	0	inf
SRX097090	TFs and others	SMAD1	Blood	K-562	358	1/388	0/386	0	0	inf
SRX097110	TFs and others	CEBPA	Blood	U-937	359	1/388	0/386	0	0	inf
SRX10049887	TFs and others	CTCF	Uterus	HeLa	615	1/388	0/386	0	0	inf
SRX10049895	TFs and others	CTCF	Uterus	HeLa	698	1/388	0/386	0	0	inf
SRX10049899	TFs and others	SMC3	Uterus	HeLa	1088	1/388	0/386	0	0	inf
SRX10049903	TFs and others	RAD21	Uterus	HeLa	903	1/388	0/386	0	0	inf
SRX1011294	TFs and others	YAP1	Liver	HuCCT1	286	1/388	0/386	0	0	inf
SRX10119148	TFs and others	MYB	Blood	MV-4-11	570	1/388	0/386	0	0	inf
SRX10119159	TFs and others	MYB	Blood	MV-4-11	615	1/388	0/386	0	0	inf
SRX1012677	TFs and others	ESR1	Breast	T-47D	726	1/388	0/386	0	0	inf
SRX1012682	TFs and others	ESR1	Breast	MCF-7	682	1/388	0/386	0	0	inf
SRX1012684	TFs and others	ESR1	Breast	MCF-7	527	1/388	0/386	0	0	inf
SRX1012703	TFs and others	ESR1	Breast	T-47D	900	1/388	0/386	0	0	inf
SRX1012705	TFs and others	ESR1	Breast	T-47D	794	1/388	0/386	0	0	inf
SRX1012737	TFs and others	ESR1	Breast	MCF-7	258	1/388	0/386	0	0	inf
SRX1012738	TFs and others	ESR1	Breast	MCF-7	288	1/388	0/386	0	0	inf
SRX1012751	TFs and others	PGR	Breast	MCF-7	319	1/388	0/386	0	0	inf
SRX1012752	TFs and others	PGR	Breast	MCF-7	444	1/388	0/386	0	0	inf
SRX1012753	TFs and others	PGR	Breast	MCF-7	238	1/388	0/386	0	0	inf
SRX1012754	TFs and others	PGR	Breast	MCF-7	287	1/388	0/386	0	0	inf
SRX1012755	TFs and others	PGR	Breast	MCF-7	297	1/388	0/386	0	0	inf
SRX1012756	TFs and others	PGR	Breast	MCF-7	297	1/388	0/386	0	0	inf
SRX1012757	TFs and others	PGR	Breast	MCF-7	347	1/388	0/386	0	0	inf
SRX1012758	TFs and others	PGR	Breast	MCF-7	332	1/388	0/386	0	0	inf
SRX1012759	TFs and others	PGR	Breast	MCF-7	299	1/388	0/386	0	0	inf
SRX1012761	TFs and others	PGR	Breast	MCF-7	448	1/388	0/386	0	0	inf
SRX1012762	TFs and others	PGR	Breast	MCF-7	406	1/388	0/386	0	0	inf
SRX1012763	TFs and others	PGR	Breast	MCF-7	443	1/388	0/386	0	0	inf
SRX1012764	TFs and others	PGR	Breast	MCF-7	488	1/388	0/386	0	0	inf
SRX10131679	TFs and others	MLLT3	Lung	Bronchial tracheal epithelial cells	552	1/388	0/386	0	0	inf
SRX1021632	TFs and others	DNMT1	Prostate	PC-3	416	1/388	0/386	0	0	inf
SRX1023796	TFs and others	SPI1	Blood	Macrophages	719	1/388	0/386	0	0	inf
SRX10335185	TFs and others	Epitope tags	Breast	MDA-MB-231	624	1/388	0/386	0	0	inf
SRX10511723	TFs and others	Epitope tags	Digestive tract	HCT 116	1473	1/388	0/386	0	0	inf
SRX1052318	TFs and others	Epitope tags	Blood	K-562	554	1/388	0/386	0	0	inf
SRX1053368	TFs and others	MED1	Pluripotent stem cell	ES cells	300	1/388	0/386	0	0	inf
SRX1065301	TFs and others	Epitope tags	Breast	IMEC	449	1/388	0/386	0	0	inf
SRX1078843	TFs and others	CDK9	Digestive tract	HCT 116	180	1/388	0/386	0	0	inf
SRX1085072	TFs and others	KDM2B	Blood	K-562	618	1/388	0/386	0	0	inf
SRX10913940	TFs and others	EN1	Epidermis	Dermal fibroblast	412	1/388	0/386	0	0	inf
SRX10913946	TFs and others	EN1	Epidermis	Dermal fibroblast	343	1/388	0/386	0	0	inf
SRX1091816	TFs and others	CTCF	Blood	K-562	354	1/388	0/386	0	0	inf
SRX1094500	TFs and others	BRD3	Unclassified	Unclassified	277	1/388	0/386	0	0	inf
SRX1094504	TFs and others	BRD4	Others	TC-797	218	1/388	0/386	0	0	inf
SRX1094506	TFs and others	BRD4	Others	TC-797	125	1/388	0/386	0	0	inf
SRX11094552	TFs and others	FLI1	Bone	POE	1140	1/388	0/386	0	0	inf
SRX11320613	TFs and others	CUL3	Digestive tract	DLD-1	383	1/388	0/386	0	0	inf
SRX11320614	TFs and others	CUL3	Digestive tract	DLD-1	384	1/388	0/386	0	0	inf
SRX11320615	TFs and others	CUL3	Digestive tract	DLD-1	455	1/388	0/386	0	0	inf
SRX11320616	TFs and others	CUL3	Digestive tract	DLD-1	361	1/388	0/386	0	0	inf
SRX11320617	TFs and others	CUL3	Digestive tract	DLD-1	373	1/388	0/386	0	0	inf
SRX11320618	TFs and others	CUL3	Digestive tract	DLD-1	351	1/388	0/386	0	0	inf
SRX11320619	TFs and others	CUL3	Digestive tract	DLD-1	359	1/388	0/386	0	0	inf
SRX11320620	TFs and others	CUL3	Digestive tract	DLD-1	418	1/388	0/386	0	0	inf
SRX114606	TFs and others	KSHV LANA	Blood	BCBL1	84	1/388	0/386	0	0	inf
SRX1161180	TFs and others	NR3C1	Breast	ZR-75-1	2037	1/388	0/386	0	0	inf
SRX1161196	TFs and others	NR3C1	Breast	T-47D	909	1/388	0/386	0	0	inf
SRX116456	TFs and others	EZH2	Pluripotent stem cell	hESC H1	278	1/388	0/386	0	0	inf
SRX116462	TFs and others	KDM5B	Pluripotent stem cell	hESC H1	294	1/388	0/386	0	0	inf
SRX116469	TFs and others	SIRT6	Pluripotent stem cell	hESC H1	423	1/388	0/386	0	0	inf
SRX1293535	TFs and others	ASH1L	Blood	MV-4-11	1124	1/388	0/386	0	0	inf
SRX1297355	TFs and others	ERG	Prostate	VCaP	743	1/388	0/386	0	0	inf
SRX1360983	TFs and others	BRD4	Lung	IMR-90	1236	1/388	0/386	0	0	inf
SRX1393088	TFs and others	CLOCK	Bone	U2OS	227	1/388	0/386	0	0	inf
SRX1424694	TFs and others	NANOG	Prostate	LNCAP	654	1/388	0/386	0	0	inf
SRX1424696	TFs and others	NANOG	Prostate	LNCAP	697	1/388	0/386	0	0	inf
SRX1445371	TFs and others	SMAD3	Pluripotent stem cell	hESC H1	704	1/388	0/386	0	0	inf
SRX1491463	TFs and others	ASH1L	Blood	K-562	363	1/388	0/386	0	0	inf
SRX149715	TFs and others	BMI1	Blood	K-562	116	1/388	0/386	0	0	inf
SRX150394	TFs and others	SREBF2	Liver	Hep G2	144	1/388	0/386	0	0	inf
SRX150413	TFs and others	GATA1	Blood	PBDEFetal	614	1/388	0/386	0	0	inf
SRX1514940	TFs and others	GFP	Kidney	293	435	1/388	0/386	0	0	inf
SRX1514955	TFs and others	GFP	Kidney	293	263	1/388	0/386	0	0	inf
SRX1515001	TFs and others	GFP	Kidney	293	500	1/388	0/386	0	0	inf
SRX1515002	TFs and others	GFP	Kidney	293	323	1/388	0/386	0	0	inf
SRX1515024	TFs and others	GFP	Kidney	293	356	1/388	0/386	0	0	inf
SRX1515026	TFs and others	GFP	Kidney	293	336	1/388	0/386	0	0	inf
SRX1531784	TFs and others	NIPBL	Lung	A549	573	1/388	0/386	0	0	inf
SRX155743	TFs and others	HSF1	Digestive tract	HCT-15	177	1/388	0/386	0	0	inf
SRX1569430	TFs and others	BRD4	Digestive tract	HCT 116	203	1/388	0/386	0	0	inf
SRX1569772	TFs and others	POU2F1	Prostate	LNCAP	1124	1/388	0/386	0	0	inf
SRX160739	TFs and others	EZH2	Prostate	LNCAP	167	1/388	0/386	0	0	inf
SRX1629258	TFs and others	ERG	Prostate	VCaP	865	1/388	0/386	0	0	inf
SRX1642494	TFs and others	BRD9	Blood	NOMO-1	846	1/388	0/386	0	0	inf
SRX1703573	TFs and others	AR	Prostate	LNCAP	1780	1/388	0/386	0	0	inf
SRX1703574	TFs and others	AR	Prostate	LNCAP	1916	1/388	0/386	0	0	inf
SRX1733714	TFs and others	ESR1	Breast	MCF-7	433	1/388	0/386	0	0	inf
SRX1823797	TFs and others	BRD4	Bone	Osteoblasts	205	1/388	0/386	0	0	inf
SRX182683	TFs and others	PALB2	Breast	MCF 10A	205	1/388	0/386	0	0	inf
SRX186647	TFs and others	SIRT6	Pluripotent stem cell	hESC H1	436	1/388	0/386	0	0	inf
SRX186801	TFs and others	ESR1	Breast	Breast cancer	697	1/388	0/386	0	0	inf
SRX186827	TFs and others	ESR1	Breast	Breast cancer	539	1/388	0/386	0	0	inf
SRX186830	TFs and others	ESR1	Breast	Breast cancer	319	1/388	0/386	0	0	inf
SRX1885206	TFs and others	RELA	Prostate	LNCAP	628	1/388	0/386	0	0	inf
SRX1995009	TFs and others	ARNTL	Bone	U2OS	718	1/388	0/386	0	0	inf
SRX1998401	TFs and others	MAPK1	Muscle	Rhabdomyosarcoma	385	1/388	0/386	0	0	inf
SRX2023732	TFs and others	HDAC2	Pluripotent stem cell	iPS derived cardiac cells	17	1/388	0/386	0	0	inf
SRX203395	TFs and others	MED1	Blood	Plasma Cells	537	1/388	0/386	0	0	inf
SRX2085893	TFs and others	Epitope tags	Kidney	293	326	1/388	0/386	0	0	inf
SRX212318	TFs and others	CTCF	Blood	Monocytes	335	1/388	0/386	0	0	inf
SRX222274	TFs and others	ESR1	Prostate	VCaP	1553	1/388	0/386	0	0	inf
SRX2253225	TFs and others	CD74	Blood	B cells	477	1/388	0/386	0	0	inf
SRX2253226	TFs and others	CD74	Blood	B cells	367	1/388	0/386	0	0	inf
SRX2255896	TFs and others	Epitope tags	Kidney	293	1060	1/388	0/386	0	0	inf
SRX2343923	TFs and others	NOTCH1	Cardiovascular	Large pulmonary artery endothelial cells	1305	1/388	0/386	0	0	inf
SRX2343925	TFs and others	NOTCH1	Cardiovascular	Large pulmonary artery endothelial cells	1235	1/388	0/386	0	0	inf
SRX235055	TFs and others	CRY1	Bone	U2OS	1404	1/388	0/386	0	0	inf
SRX2373980	TFs and others	TAZ	Digestive tract	SW 480	257	1/388	0/386	0	0	inf
SRX2453442	TFs and others	NLRP2	Breast	MCF 10A	401	1/388	0/386	0	0	inf
SRX248930	TFs and others	ERG	Blood	CD34+	261	1/388	0/386	0	0	inf
SRX2514248	TFs and others	ESR1	Uterus	Carcinoma, Endometrioid	468	1/388	0/386	0	0	inf
SRX2537520	TFs and others	MED1	Epidermis	SK-MEL-147	1367	1/388	0/386	0	0	inf
SRX2652425	TFs and others	NUTM1	Lung	24335	220	1/388	0/386	0	0	inf
SRX2652426	TFs and others	NUTM1	Lung	24335	378	1/388	0/386	0	0	inf
SRX2708754	TFs and others	Biotin	Pluripotent stem cell	hES BG01V	267	1/388	0/386	0	0	inf
SRX2708755	TFs and others	Biotin	Pluripotent stem cell	hES BG01V	213	1/388	0/386	0	0	inf
SRX2731713	TFs and others	SOX2	Lung	Lung cancer cell line	1197	1/388	0/386	0	0	inf
SRX2841996	TFs and others	BRD4	Blood	K-562	374	1/388	0/386	0	0	inf
SRX2842445	TFs and others	FOS	Bone	MG-63	493	1/388	0/386	0	0	inf
SRX2897204	TFs and others	ESR1	Breast	Breast cancer cells	397	1/388	0/386	0	0	inf
SRX2897210	TFs and others	ESR1	Breast	Breast cancer cells	258	1/388	0/386	0	0	inf
SRX2900585	TFs and others	NR3C1	Blood	THP-1	439	1/388	0/386	0	0	inf
SRX2900595	TFs and others	NCOA2	Blood	THP-1	742	1/388	0/386	0	0	inf
SRX2941475	TFs and others	PBXIP1	Bone	Chondrocytes	721	1/388	0/386	0	0	inf
SRX3011694	TFs and others	JMJD6	Breast	MCF-7	216	1/388	0/386	0	0	inf
SRX3011695	TFs and others	JMJD6	Breast	MCF-7	239	1/388	0/386	0	0	inf
SRX3092071	TFs and others	MTA1	Digestive tract	HCT 116	155	1/388	0/386	0	0	inf
SRX3098199	TFs and others	CEBPA	Blood	Kasumi-1	714	1/388	0/386	0	0	inf
SRX3100755	TFs and others	RBPJ	Epidermis	Keratinocytes	905	1/388	0/386	0	0	inf
SRX3101873	TFs and others	ETV6	Blood	REH	317	1/388	0/386	0	0	inf
SRX3102568	TFs and others	TP53	Digestive tract	SW 480	305	1/388	0/386	0	0	inf
SRX3110726	TFs and others	ESR1	Breast	MCF-7	370	1/388	0/386	0	0	inf
SRX3110727	TFs and others	ESR1	Breast	MCF-7	422	1/388	0/386	0	0	inf
SRX3110746	TFs and others	ESR1	Breast	MCF-7	265	1/388	0/386	0	0	inf
SRX3113423	TFs and others	MAF1	Blood	THP-1	355	1/388	0/386	0	0	inf
SRX3135181	TFs and others	BCL6	Blood	OCI-LY1	1144	1/388	0/386	0	0	inf
SRX315155	TFs and others	AR	Prostate	LNCAP	273	1/388	0/386	0	0	inf
SRX315156	TFs and others	AR	Prostate	LNCAP	399	1/388	0/386	0	0	inf
SRX3203626	TFs and others	MORC2	Pluripotent stem cell	ES cells	913	1/388	0/386	0	0	inf
SRX3229134	TFs and others	AR	Breast	MCF-7	565	1/388	0/386	0	0	inf
SRX3229158	TFs and others	ESR1	Breast	Breast cancer	182	1/388	0/386	0	0	inf
SRX3229166	TFs and others	AR	Breast	Breast cancer	392	1/388	0/386	0	0	inf
SRX3229167	TFs and others	AR	Breast	Breast cancer	657	1/388	0/386	0	0	inf
SRX3229170	TFs and others	AR	Breast	Breast cancer	578	1/388	0/386	0	0	inf
SRX323567	TFs and others	ASCL1	Epidermis	Keratinocytes	1150	1/388	0/386	0	0	inf
SRX326882	TFs and others	ERG	Prostate	VCaP	1332	1/388	0/386	0	0	inf
SRX3287173	TFs and others	SMC3	Uterus	HeLa	579	1/388	0/386	0	0	inf
SRX3346356	TFs and others	RELA	Kidney	786-O	484	1/388	0/386	0	0	inf
SRX3417632	TFs and others	VDR	Digestive tract	Colonic organoids	629	1/388	0/386	0	0	inf
SRX3417634	TFs and others	VDR	Digestive tract	Colonic organoids	735	1/388	0/386	0	0	inf
SRX3422677	TFs and others	MYC	Kidney	293	480	1/388	0/386	0	0	inf
SRX3468007	TFs and others	SS18	Others	Aska	394	1/388	0/386	0	0	inf
SRX3468011	TFs and others	SMARCA4	Others	Aska	481	1/388	0/386	0	0	inf
SRX3472381	TFs and others	KDM6A	Pluripotent stem cell	hESC H9	399	1/388	0/386	0	0	inf
SRX3474530	TFs and others	HNF1A	Pancreas	NY8	625	1/388	0/386	0	0	inf
SRX353807	TFs and others	MYC	Blood	P493-6	369	1/388	0/386	0	0	inf
SRX3540865	TFs and others	Epitope tags	Uterus	HeLa	98	1/388	0/386	0	0	inf
SRX3540866	TFs and others	Epitope tags	Uterus	HeLa	147	1/388	0/386	0	0	inf
SRX3546794	TFs and others	Epitope tags	Breast	MDA-MB-231	272	1/388	0/386	0	0	inf
SRX3554400	TFs and others	ESR1	Breast	MDA-MB-134-VI	497	1/388	0/386	0	0	inf
SRX3586325	TFs and others	NR3C1	Blood	Monocytes	717	1/388	0/386	0	0	inf
SRX3586328	TFs and others	NR3C1	Blood	Monocytes	294	1/388	0/386	0	0	inf
SRX3586329	TFs and others	NR3C1	Blood	Macrophages	935	1/388	0/386	0	0	inf
SRX3586332	TFs and others	NR3C1	Blood	Macrophages	60	1/388	0/386	0	0	inf
SRX3599311	TFs and others	RBPJ	Cardiovascular	HUVEC	369	1/388	0/386	0	0	inf
SRX359940	TFs and others	ID3	Digestive tract	LoVo	127	1/388	0/386	0	0	inf
SRX366172	TFs and others	SMAD4	Lung	NCI-H441	198	1/388	0/386	0	0	inf
SRX367312	TFs and others	BRD4	Kidney	293	565	1/388	0/386	0	0	inf
SRX371434	TFs and others	ESR1	Others	Tumour tissues	99	1/388	0/386	0	0	inf
SRX3737114	TFs and others	SLBP	Kidney	293	302	1/388	0/386	0	0	inf
SRX3757018	TFs and others	Cas9	Pluripotent stem cell	NCCIT	617	1/388	0/386	0	0	inf
SRX3757019	TFs and others	GFP	Pluripotent stem cell	NCCIT	350	1/388	0/386	0	0	inf
SRX378019	TFs and others	KSHV LANA	Blood	BCBL1	558	1/388	0/386	0	0	inf
SRX378124	TFs and others	TEAD4	Pluripotent stem cell	hESC WA09	432	1/388	0/386	0	0	inf
SRX378125	TFs and others	TEAD4	Pluripotent stem cell	hESC WA09	441	1/388	0/386	0	0	inf
SRX378127	TFs and others	SMAD2	Pluripotent stem cell	hESC WA09	414	1/388	0/386	0	0	inf
SRX385394	TFs and others	Epitope tags	Blood	U-937	137	1/388	0/386	0	0	inf
SRX386240	TFs and others	SETX	Lung	A549	1113	1/388	0/386	0	0	inf
SRX3862457	TFs and others	FOXA1	Breast	T-47D	430	1/388	0/386	0	0	inf
SRX387194	TFs and others	KDM1A	Prostate	LNCAP	218	1/388	0/386	0	0	inf
SRX3873709	TFs and others	AFF1	Lung	SW 1271	430	1/388	0/386	0	0	inf
SRX392691	TFs and others	Epitope tags	Others	T3M-1 Cl-10	287	1/388	0/386	0	0	inf
SRX392692	TFs and others	Epitope tags	Others	T3M-1 Cl-10	334	1/388	0/386	0	0	inf
SRX3944793	TFs and others	Epitope tags	Lung	HS-SY-II	687	1/388	0/386	0	0	inf
SRX4042129	TFs and others	TOP2A	Blood	KG-1	24	1/388	0/386	0	0	inf
SRX4042130	TFs and others	TOP2B	Blood	KG-1	7	1/388	0/386	0	0	inf
SRX4042132	TFs and others	TOP2A	Blood	KG-1	7	1/388	0/386	0	0	inf
SRX4042133	TFs and others	TOP2B	Blood	KG-1	5	1/388	0/386	0	0	inf
SRX4042135	TFs and others	TOP2A	Blood	KG-1	17	1/388	0/386	0	0	inf
SRX4042136	TFs and others	TOP2B	Blood	KG-1	20	1/388	0/386	0	0	inf
SRX4042138	TFs and others	TOP2A	Blood	KG-1	18	1/388	0/386	0	0	inf
SRX4042139	TFs and others	TOP2B	Blood	KG-1	5	1/388	0/386	0	0	inf
SRX4042141	TFs and others	TOP2A	Blood	KG-1	263	1/388	0/386	0	0	inf
SRX4042142	TFs and others	TOP2B	Blood	KG-1	329	1/388	0/386	0	0	inf
SRX4042144	TFs and others	TOP2A	Blood	KG-1	397	1/388	0/386	0	0	inf
SRX4042145	TFs and others	TOP2B	Blood	KG-1	846	1/388	0/386	0	0	inf
SRX4080207	TFs and others	HOXB13	Prostate	Prostate cancer cells	176	1/388	0/386	0	0	inf
SRX4080210	TFs and others	HOXB13	Prostate	Prostate cancer cells	173	1/388	0/386	0	0	inf
SRX4080211	TFs and others	FOXA1	Prostate	Prostate cancer cells	264	1/388	0/386	0	0	inf
SRX4080212	TFs and others	FOXA1	Prostate	Prostate cancer cells	61	1/388	0/386	0	0	inf
SRX4080213	TFs and others	FOXA1	Prostate	Prostate cancer cells	460	1/388	0/386	0	0	inf
SRX4080214	TFs and others	FOXA1	Prostate	Prostate cancer cells	69	1/388	0/386	0	0	inf
SRX4096869	TFs and others	GATAD2B	Breast	HCC3153	444	1/388	0/386	0	0	inf
SRX4096891	TFs and others	TRPS1	Breast	SUM 159PT	3449	1/388	0/386	0	0	inf
SRX4099651	TFs and others	Epitope tags	Blood	Kasumi-1	344	1/388	0/386	0	0	inf
SRX4116003	TFs and others	FOXA1	Prostate	Prostate cancer cells	1145	1/388	0/386	0	0	inf
SRX4116015	TFs and others	FOXA1	Prostate	Prostate cancer cells	650	1/388	0/386	0	0	inf
SRX4161716	TFs and others	SMAD3	Cardiovascular	HCASMC	147	1/388	0/386	0	0	inf
SRX4171347	TFs and others	Epitope tags	Pluripotent stem cell	hESC H1	781	1/388	0/386	0	0	inf
SRX4212580	TFs and others	EZH2	Blood	Peripheral blood mononuclear cells	513	1/388	0/386	0	0	inf
SRX4212589	TFs and others	EZH2	Blood	Peripheral blood mononuclear cells	493	1/388	0/386	0	0	inf
SRX4221465	TFs and others	Epitope tags	Kidney	293	717	1/388	0/386	0	0	inf
SRX4221466	TFs and others	Epitope tags	Kidney	293	734	1/388	0/386	0	0	inf
SRX4394539	TFs and others	STAT3	Blood	JB6	534	1/388	0/386	0	0	inf
SRX4404400	TFs and others	MYCN	Prostate	LNCAP	291	1/388	0/386	0	0	inf
SRX4405899	TFs and others	POU5F1	Pluripotent stem cell	hESC H9	355	1/388	0/386	0	0	inf
SRX4411665	TFs and others	CHD1	Prostate	LNCAP	1500	1/388	0/386	0	0	inf
SRX4417027	TFs and others	TFAP2C	Breast	MCF-7	578	1/388	0/386	0	0	inf
SRX4466284	TFs and others	RUNX1	Blood	REH	577	1/388	0/386	0	0	inf
SRX447601	TFs and others	CDK7	Blood	MM.1S	389	1/388	0/386	0	0	inf
SRX4488114	TFs and others	NR3C1	Kidney	Podocytes	829	1/388	0/386	0	0	inf
SRX4561216	TFs and others	ANAPC1	Breast	MCF-7	1160	1/388	0/386	0	0	inf
SRX4582746	TFs and others	AR	Prostate	Localized prostate	67	1/388	0/386	0	0	inf
SRX4582748	TFs and others	AR	Prostate	Localized prostate	107	1/388	0/386	0	0	inf
SRX4599935	TFs and others	Epitope tags	Kidney	293	230	1/388	0/386	0	0	inf
SRX4599936	TFs and others	Epitope tags	Kidney	293	155	1/388	0/386	0	0	inf
SRX4637896	TFs and others	AR	Uterus	Endometrial stromal cells	902	1/388	0/386	0	0	inf
SRX4704628	TFs and others	SMARCB1	Gonad	RMG-I	324	1/388	0/386	0	0	inf
SRX4708014	TFs and others	SRSF3	Liver	Hep G2	311	1/388	0/386	0	0	inf
SRX4708016	TFs and others	SRSF7	Liver	Hep G2	242	1/388	0/386	0	0	inf
SRX4708017	TFs and others	SRSF9	Liver	Hep G2	302	1/388	0/386	0	0	inf
SRX4708040	TFs and others	SAFB2	Liver	Hep G2	328	1/388	0/386	0	0	inf
SRX4708095	TFs and others	CCAR2	Blood	K-562	383	1/388	0/386	0	0	inf
SRX4745225	TFs and others	Epitope tags	Kidney	293	2671	1/388	0/386	0	0	inf
SRX475789	TFs and others	EP300	Blood	GM12878	499	1/388	0/386	0	0	inf
SRX4802325	TFs and others	ARNT	Kidney	HKC8	225	1/388	0/386	0	0	inf
SRX4896697	TFs and others	RUNX1	Breast	MCF 10A	518	1/388	0/386	0	0	inf
SRX4901032	TFs and others	KDM1A	Blood	SET-2	224	1/388	0/386	0	0	inf
SRX4901033	TFs and others	GFI1B	Blood	SET-2	280	1/388	0/386	0	0	inf
SRX4909431	TFs and others	HDAC2	Breast	HCC3153	290	1/388	0/386	0	0	inf
SRX4928877	TFs and others	BRD9	Uterus	HeLa	356	1/388	0/386	0	0	inf
SRX4928878	TFs and others	BRD9	Uterus	HeLa	245	1/388	0/386	0	0	inf
SRX4931265	TFs and others	ELL2	Kidney	293	547	1/388	0/386	0	0	inf
SRX4937328	TFs and others	ATXN7L3	Digestive tract	HCT 116	315	1/388	0/386	0	0	inf
SRX4937332	TFs and others	KAT2A	Digestive tract	HCT 116	269	1/388	0/386	0	0	inf
SRX4976906	TFs and others	TP63	Pluripotent stem cell	hESC H9	642	1/388	0/386	0	0	inf
SRX502064	TFs and others	AR	Prostate	Prostate	1310	1/388	0/386	0	0	inf
SRX5057625	TFs and others	GATA3	Breast	T-47D	411	1/388	0/386	0	0	inf
SRX5057626	TFs and others	GATA3	Breast	T-47D	529	1/388	0/386	0	0	inf
SRX5089501	TFs and others	HDAC1	Breast	MCF-7	362	1/388	0/386	0	0	inf
SRX5089532	TFs and others	ARID2	Breast	MCF-7	1219	1/388	0/386	0	0	inf
SRX5099497	TFs and others	STAT3	Blood	TMD8	424	1/388	0/386	0	0	inf
SRX5128107	TFs and others	AR	Breast	ZR-75-1	1261	1/388	0/386	0	0	inf
SRX5128130	TFs and others	AR	Breast	ZR-75-1	1905	1/388	0/386	0	0	inf
SRX5146785	TFs and others	SRF	Cardiovascular	HCASMC	378	1/388	0/386	0	0	inf
SRX5185600	TFs and others	CARM1	Breast	MCF-7	218	1/388	0/386	0	0	inf
SRX5185603	TFs and others	MED12	Breast	MCF-7	673	1/388	0/386	0	0	inf
SRX5185605	TFs and others	MED12	Breast	MCF-7	684	1/388	0/386	0	0	inf
SRX5231785	TFs and others	MYC	Breast	UACC-812	353	1/388	0/386	0	0	inf
SRX5251418	TFs and others	ESR1	Breast	MCF-7	349	1/388	0/386	0	0	inf
SRX5254848	TFs and others	ZBTB16	Others	Mesenchymal stem cells	592	1/388	0/386	0	0	inf
SRX5254849	TFs and others	SUZ12	Others	Mesenchymal stem cells	351	1/388	0/386	0	0	inf
SRX5255116	TFs and others	Epitope tags	Kidney	HK-2	887	1/388	0/386	0	0	inf
SRX5287700	TFs and others	MED1	Breast	MCF-7	527	1/388	0/386	0	0	inf
SRX5289988	TFs and others	NR3C1	Lung	BEAS-2B	1051	1/388	0/386	0	0	inf
SRX5291877	TFs and others	MECP2	Neural	LUHMES	1199	1/388	0/386	0	0	inf
SRX5299360	TFs and others	PHC1	Kidney	293	54	1/388	0/386	0	0	inf
SRX5299361	TFs and others	PHC1	Kidney	293	60	1/388	0/386	0	0	inf
SRX5299362	TFs and others	PHC1	Kidney	293	59	1/388	0/386	0	0	inf
SRX5307294	TFs and others	TFAP2C	Pluripotent stem cell	hESC derived epidermal cells	897	1/388	0/386	0	0	inf
SRX5307295	TFs and others	TFAP2C	Pluripotent stem cell	hESC derived epidermal cells	1792	1/388	0/386	0	0	inf
SRX5313208	TFs and others	EP300	Digestive tract	HCT 116	484	1/388	0/386	0	0	inf
SRX5323855	TFs and others	STAT3	Breast	MCF-7	173	1/388	0/386	0	0	inf
SRX5323857	TFs and others	STAT3	Breast	MCF-7	151	1/388	0/386	0	0	inf
SRX5323861	TFs and others	STAT3	Breast	MCF-7	180	1/388	0/386	0	0	inf
SRX5323891	TFs and others	STAT3	Breast	T-47D	445	1/388	0/386	0	0	inf
SRX5323895	TFs and others	STAT3	Breast	T-47D	464	1/388	0/386	0	0	inf
SRX5323897	TFs and others	STAT3	Breast	T-47D	420	1/388	0/386	0	0	inf
SRX5323899	TFs and others	STAT3	Breast	T-47D	379	1/388	0/386	0	0	inf
SRX5323901	TFs and others	STAT3	Breast	T-47D	470	1/388	0/386	0	0	inf
SRX5409713	TFs and others	NETO2	Blood	U-937	313	1/388	0/386	0	0	inf
SRX5503143	TFs and others	STAT2	Blood	THP-1	461	1/388	0/386	0	0	inf
SRX5534844	TFs and others	ESR1	Breast	MCF-7	161	1/388	0/386	0	0	inf
SRX5548891	TFs and others	FOXO1	Cardiovascular	HUVEC	597	1/388	0/386	0	0	inf
SRX5574445	TFs and others	EN1	Breast	SUM 159PT	621	1/388	0/386	0	0	inf
SRX5577163	TFs and others	AR	Prostate	LNCAP	465	1/388	0/386	0	0	inf
SRX5620949	TFs and others	FLI1	Bone	A-673	1140	1/388	0/386	0	0	inf
SRX5665949	TFs and others	Epitope tags	Kidney	293	339	1/388	0/386	0	0	inf
SRX573180	TFs and others	GFP	Epidermis	CS1AN	275	1/388	0/386	0	0	inf
SRX573183	TFs and others	GFP	Epidermis	CS1AN	251	1/388	0/386	0	0	inf
SRX574346	TFs and others	NR3C1	Unclassified	Unclassified	491	1/388	0/386	0	0	inf
SRX5824556	TFs and others	BRD7	Breast	SUM 159PT	732	1/388	0/386	0	0	inf
SRX5824590	TFs and others	BRD4	Breast	SUM 159PT	1044	1/388	0/386	0	0	inf
SRX5824591	TFs and others	BRD4	Breast	SUM 159PT	379	1/388	0/386	0	0	inf
SRX5887616	TFs and others	SNAI2	Lung	PC-9	514	1/388	0/386	0	0	inf
SRX5888983	TFs and others	MED1	Others	Head and neck squamous cell carcinoma 	277	1/388	0/386	0	0	inf
SRX5930149	TFs and others	MYOG	Muscle	RH-4	1162	1/388	0/386	0	0	inf
SRX6066503	TFs and others	CDK9	Digestive tract	HCT 116	706	1/388	0/386	0	0	inf
SRX6066505	TFs and others	CDK9	Digestive tract	HCT 116	627	1/388	0/386	0	0	inf
SRX6073304	TFs and others	BATF	Blood	BC-3	268	1/388	0/386	0	0	inf
SRX6098150	TFs and others	TRPS1	Breast	MCF-7	539	1/388	0/386	0	0	inf
SRX6370191	TFs and others	AEBP2	Pluripotent stem cell	NT2-D1	97	1/388	0/386	0	0	inf
SRX6430591	TFs and others	EZH2	Blood	RPMI 8226	721	1/388	0/386	0	0	inf
SRX6435383	TFs and others	SUPT5H	Kidney	293	130	1/388	0/386	0	0	inf
SRX644406	TFs and others	ELF1	Prostate	DU 145	603	1/388	0/386	0	0	inf
SRX644407	TFs and others	ELK4	Prostate	DU 145	615	1/388	0/386	0	0	inf
SRX644708	TFs and others	SCML2	Kidney	293	178	1/388	0/386	0	0	inf
SRX6480757	TFs and others	Epitope tags	Kidney	293	463	1/388	0/386	0	0	inf
SRX6602367	TFs and others	ARNTL	Neural	Neural Stem Cells	535	1/388	0/386	0	0	inf
SRX668353	TFs and others	GFP	Kidney	293	467	1/388	0/386	0	0	inf
SRX670815	TFs and others	BRD2	Pluripotent stem cell	hESC H9	168	1/388	0/386	0	0	inf
SRX671996	TFs and others	ZNF486	Pluripotent stem cell	ES cells	3085	1/388	0/386	0	0	inf
SRX673717	TFs and others	Biotin	Breast	MCF-7	425	1/388	0/386	0	0	inf
SRX673722	TFs and others	GATA3	Breast	MCF-7	397	1/388	0/386	0	0	inf
SRX673738	TFs and others	ESR1	Breast	MCF-7	244	1/388	0/386	0	0	inf
SRX6748232	TFs and others	TET2	Prostate	Prostate cancer	233	1/388	0/386	0	0	inf
SRX6840508	TFs and others	HAP1	Blood	KBM-7	681	1/388	0/386	0	0	inf
SRX6852808	TFs and others	SOX2	Lung	LK-2	333	1/388	0/386	0	0	inf
SRX6867664	TFs and others	RUNX1	Pluripotent stem cell	hESC H9	956	1/388	0/386	0	0	inf
SRX6888832	TFs and others	BHLHE40	Uterus	HeLa	663	1/388	0/386	0	0	inf
SRX6944155	TFs and others	NFATC2	Blood	CD4+ T cells	149	1/388	0/386	0	0	inf
SRX6957398	TFs and others	SMAD4	Kidney	HGrC1	436	1/388	0/386	0	0	inf
SRX6957399	TFs and others	SMAD4	Kidney	HGrC1	336	1/388	0/386	0	0	inf
SRX6957409	TFs and others	SMAD4	Kidney	HGrC1	524	1/388	0/386	0	0	inf
SRX6957412	TFs and others	SMAD2	Kidney	HGrC1	260	1/388	0/386	0	0	inf
SRX695888	TFs and others	ASCL1	Others	Tumor	292	1/388	0/386	0	0	inf
SRX7015634	TFs and others	Epitope tags	Others	Fibroblasts	710	1/388	0/386	0	0	inf
SRX7015656	TFs and others	SMARCC1	Muscle	SYO-1	192	1/388	0/386	0	0	inf
SRX701958	TFs and others	PRDM1	Pluripotent stem cell	hESC derived mesendodermal cells	342	1/388	0/386	0	0	inf
SRX702049	TFs and others	OTX2	Pluripotent stem cell	hESC derived mesendodermal cells	628	1/388	0/386	0	0	inf
SRX702090	TFs and others	SMAD2	Pluripotent stem cell	hESC derived mesendodermal cells	245	1/388	0/386	0	0	inf
SRX702092	TFs and others	SMAD4	Pluripotent stem cell	hESC HUES64	158	1/388	0/386	0	0	inf
SRX702152	TFs and others	HAND2	Pluripotent stem cell	hESC derived mesendodermal cells	229	1/388	0/386	0	0	inf
SRX7030923	TFs and others	KDM4B	Breast	MCF-7	613	1/388	0/386	0	0	inf
SRX7268483	TFs and others	NFE2L2	Lung	A549	290	1/388	0/386	0	0	inf
SRX730427	TFs and others	NCAPG	Breast	MCF-7	258	1/388	0/386	0	0	inf
SRX730433	TFs and others	NCAPG	Breast	MCF-7	128	1/388	0/386	0	0	inf
SRX730434	TFs and others	NCAPG	Breast	MCF-7	278	1/388	0/386	0	0	inf
SRX7366776	TFs and others	KDM5C	Breast	MCF-7	341	1/388	0/386	0	0	inf
SRX7405963	TFs and others	ESR1	Breast	ZR-75-1	1087	1/388	0/386	0	0	inf
SRX7405964	TFs and others	ESR1	Breast	ZR-75-1	1185	1/388	0/386	0	0	inf
SRX748422	TFs and others	TCF7L2	Digestive tract	HCT 116	321	1/388	0/386	0	0	inf
SRX748428	TFs and others	TCF7L2	Digestive tract	HCT 116	349	1/388	0/386	0	0	inf
SRX7522851	TFs and others	STAT3	Breast	MCF10DCIS.com	344	1/388	0/386	0	0	inf
SRX7540321	TFs and others	ESR1	Breast	MCF-7	322	1/388	0/386	0	0	inf
SRX757048	TFs and others	SVIL	Neural	SH-SY5Y	616	1/388	0/386	0	0	inf
SRX758326	TFs and others	MBD2	Breast	HMLE	1018	1/388	0/386	0	0	inf
SRX7586660	TFs and others	SOX4	Breast	BT-549	88	1/388	0/386	0	0	inf
SRX7695544	TFs and others	TEAD4	Others	WERI-Rb-1	1499	1/388	0/386	0	0	inf
SRX7712487	TFs and others	HIF1A	Digestive tract	HCT 116	372	1/388	0/386	0	0	inf
SRX7730332	TFs and others	IKZF1	Blood	NALM-6	317	1/388	0/386	0	0	inf
SRX7748786	TFs and others	AFF1	Digestive tract	DLD-1	314	1/388	0/386	0	0	inf
SRX7748788	TFs and others	AFF1	Digestive tract	DLD-1	381	1/388	0/386	0	0	inf
SRX7748789	TFs and others	AFF4	Digestive tract	DLD-1	435	1/388	0/386	0	0	inf
SRX7748792	TFs and others	AFF4	Digestive tract	DLD-1	368	1/388	0/386	0	0	inf
SRX7749561	TFs and others	Cas9	Lung	NCI-H441	456	1/388	0/386	0	0	inf
SRX7865937	TFs and others	BRD4	Breast	MDA-MB-231	2742	1/388	0/386	0	0	inf
SRX7884351	TFs and others	AICDA	Blood	U-2932	909	1/388	0/386	0	0	inf
SRX7971771	TFs and others	STAT3	Blood	Th2 Cells	509	1/388	0/386	0	0	inf
SRX7972440	TFs and others	MKL1	Epidermis	MKL-1	460	1/388	0/386	0	0	inf
SRX7981737	TFs and others	HDAC1	Prostate	Prostate cancer	122	1/388	0/386	0	0	inf
SRX8023122	TFs and others	TP53	Breast	MCF 10A	986	1/388	0/386	0	0	inf
SRX8030142	TFs and others	Epitope tags	Cardiovascular	HUVEC	480	1/388	0/386	0	0	inf
SRX8089630	TFs and others	BRD4	Prostate	VCaP	367	1/388	0/386	0	0	inf
SRX8148231	TFs and others	Epitope tags	Pluripotent stem cell	iPS cells	533	1/388	0/386	0	0	inf
SRX8148342	TFs and others	Epitope tags	Pluripotent stem cell	iPS cells	504	1/388	0/386	0	0	inf
SRX8149390	TFs and others	BRD4	Blood	KMS-27	303	1/388	0/386	0	0	inf
SRX8149391	TFs and others	HDAC1	Blood	KMS-27	376	1/388	0/386	0	0	inf
SRX8213853	TFs and others	HDAC4	Others	SK-LMS-1	1413	1/388	0/386	0	0	inf
SRX8272873	TFs and others	CEBPA	Blood	BLaER1	312	1/388	0/386	0	0	inf
SRX8272874	TFs and others	CEBPA	Blood	BLaER1	286	1/388	0/386	0	0	inf
SRX8299188	TFs and others	Epitope tags	Uterus	HeLa	1433	1/388	0/386	0	0	inf
SRX8299862	TFs and others	CTR9	Bone	U2OS	394	1/388	0/386	0	0	inf
SRX831880	TFs and others	STAT5B	Blood	CD8+ T cells	295	1/388	0/386	0	0	inf
SRX8400473	TFs and others	TAZ	Lung	NCI-H1299	589	1/388	0/386	0	0	inf
SRX8406416	TFs and others	AR	Prostate	Prostate	2172	1/388	0/386	0	0	inf
SRX8406490	TFs and others	FOXA1	Prostate	Prostate	563	1/388	0/386	0	0	inf
SRX8406514	TFs and others	FOXA1	Prostate	Prostate	945	1/388	0/386	0	0	inf
SRX8406537	TFs and others	HOXB13	Prostate	Prostate	738	1/388	0/386	0	0	inf
SRX8418558	TFs and others	AFF1	Blood	Bone Marrow Cells	262	1/388	0/386	0	0	inf
SRX8512736	TFs and others	BRD1	Digestive tract	HCT 116	117	1/388	0/386	0	0	inf
SRX8512750	TFs and others	CBX5	Digestive tract	HCT 116	355	1/388	0/386	0	0	inf
SRX8512766	TFs and others	EZH2	Digestive tract	HCT 116	331	1/388	0/386	0	0	inf
SRX8512769	TFs and others	GTF2F2	Digestive tract	HCT 116	273	1/388	0/386	0	0	inf
SRX8512822	TFs and others	NRF1	Digestive tract	HCT 116	342	1/388	0/386	0	0	inf
SRX8512871	TFs and others	TEAD3	Digestive tract	HCT 116	115	1/388	0/386	0	0	inf
SRX8537471	TFs and others	SNAI1	Muscle	RH-30	239	1/388	0/386	0	0	inf
SRX8550421	TFs and others	RNF2	Bone	A-673	652	1/388	0/386	0	0	inf
SRX8616351	TFs and others	KSHV LANA	Blood	BCBL1	214	1/388	0/386	0	0	inf
SRX8616355	TFs and others	KSHV LANA	Blood	BCBL1	51	1/388	0/386	0	0	inf
SRX8616808	TFs and others	JUN	Lung	A549	156	1/388	0/386	0	0	inf
SRX8616809	TFs and others	JUN	Lung	A549	365	1/388	0/386	0	0	inf
SRX8616812	TFs and others	FOSL1	Lung	A549	383	1/388	0/386	0	0	inf
SRX8616821	TFs and others	FOSL1	Lung	A549	229	1/388	0/386	0	0	inf
SRX8616822	TFs and others	FOSL1	Lung	A549	420	1/388	0/386	0	0	inf
SRX8616844	TFs and others	JUNB	Lung	A549	313	1/388	0/386	0	0	inf
SRX8616847	TFs and others	JUNB	Lung	A549	679	1/388	0/386	0	0	inf
SRX8616858	TFs and others	JUND	Lung	A549	378	1/388	0/386	0	0	inf
SRX8616860	TFs and others	JUND	Lung	A549	202	1/388	0/386	0	0	inf
SRX8616861	TFs and others	JUND	Lung	A549	312	1/388	0/386	0	0	inf
SRX8616863	TFs and others	JUND	Lung	A549	215	1/388	0/386	0	0	inf
SRX8616966	TFs and others	TET2	Breast	MCF-7	649	1/388	0/386	0	0	inf
SRX8673496	TFs and others	DDIT3	Bone	HT-1080	187	1/388	0/386	0	0	inf
SRX8699647	TFs and others	INTS5	Digestive tract	DLD-1	273	1/388	0/386	0	0	inf
SRX8699713	TFs and others	INTS3	Digestive tract	DLD-1	189	1/388	0/386	0	0	inf
SRX8827540	TFs and others	SMARCA4	Lung	NCI-H1299	85	1/388	0/386	0	0	inf
SRX882966	TFs and others	5-hmC	Prostate	LNCAP	1618	1/388	0/386	0	0	inf
SRX882969	TFs and others	5-hmC	Prostate	LNCAP	1511	1/388	0/386	0	0	inf
SRX8886349	TFs and others	FAM208A	Uterus	HeLa	54	1/388	0/386	0	0	inf
SRX8886350	TFs and others	FAM208A	Uterus	HeLa	73	1/388	0/386	0	0	inf
SRX8898038	TFs and others	SUZ12	Others	Tumor-derived cell line	142	1/388	0/386	0	0	inf
SRX8898041	TFs and others	SUZ12	Others	Tumor-derived cell line	292	1/388	0/386	0	0	inf
SRX9071228	TFs and others	BRD4	Blood	SEM	489	1/388	0/386	0	0	inf
SRX9213133	TFs and others	KAT8	Blood	THP-1	725	1/388	0/386	0	0	inf
SRX9237242	TFs and others	FIP1L1	Blood	K-562	2598	1/388	0/386	0	0	inf
SRX9237243	TFs and others	CPSF3	Blood	K-562	1313	1/388	0/386	0	0	inf
SRX9281795	TFs and others	SUZ12	Kidney	293	74	1/388	0/386	0	0	inf
SRX9281797	TFs and others	SUZ12	Kidney	293	203	1/388	0/386	0	0	inf
SRX9281798	TFs and others	SUZ12	Kidney	293	54	1/388	0/386	0	0	inf
SRX9426428	TFs and others	Epitope tags	Blood	RAMOS	1084	1/388	0/386	0	0	inf
SRX9434362	TFs and others	RELA	Digestive tract	HT-29	558	1/388	0/386	0	0	inf
SRX9434363	TFs and others	RELA	Digestive tract	HT-29	601	1/388	0/386	0	0	inf
SRX9434366	TFs and others	RELA	Digestive tract	HT-29	724	1/388	0/386	0	0	inf
SRX9562897	TFs and others	HDAC2	Muscle	RH-4	605	1/388	0/386	0	0	inf
SRX9565528	TFs and others	Epitope tags	Kidney	293	166	1/388	0/386	0	0	inf
SRX9565529	TFs and others	Epitope tags	Kidney	293	186	1/388	0/386	0	0	inf
SRX9567089	TFs and others	EZH2	Neural	IMR-32	690	1/388	0/386	0	0	inf
SRX9598417	TFs and others	SUPT6H	Bone	U2OS	556	1/388	0/386	0	0	inf
SRX9600566	TFs and others	G-quadruplex	Blood	K-562	249	1/388	0/386	0	0	inf
SRX9600611	TFs and others	G-quadruplex	Blood	K-562	228	1/388	0/386	0	0	inf
SRX9600634	TFs and others	G-quadruplex	Blood	K-562	277	1/388	0/386	0	0	inf
SRX9600637	TFs and others	G-quadruplex	Blood	K-562	353	1/388	0/386	0	0	inf
SRX9600645	TFs and others	G-quadruplex	Blood	K-562	245	1/388	0/386	0	0	inf
SRX965494	TFs and others	STAT3	Blood	Th17 Cells	556	1/388	0/386	0	0	inf
SRX9671292	TFs and others	CCNT1	Blood	K-562	352	1/388	0/386	0	0	inf
SRX9688337	TFs and others	SP1	Breast	ZR-75-1	570	1/388	0/386	0	0	inf
SRX968909	TFs and others	SOX2	Pluripotent stem cell	iPS derived neural cells	981	1/388	0/386	0	0	inf
SRX968911	TFs and others	SOX2	Pluripotent stem cell	iPS derived neural cells	491	1/388	0/386	0	0	inf
SRX968970	TFs and others	ESR1	Breast	MCF-7	205	1/388	0/386	0	0	inf
SRX971589	TFs and others	EP300	Epidermis	Keratinocytes	503	1/388	0/386	0	0	inf
SRX971590	TFs and others	EP300	Epidermis	Keratinocytes	609	1/388	0/386	0	0	inf
SRX9799512	TFs and others	NR3C1	Kidney	Podocytes	678	1/388	0/386	0	0	inf
SRX9975600	TFs and others	PPP2R1A	Uterus	HeLa	942	1/388	0/386	0	0	inf
