SRX7099470	TFs and others	Epitope tags	Kidney	293	18315	107/483	0/49	-4.78363	-0.557107	inf
SRX4473685	TFs and others	SMARCA4	Gonad	BIN-67	19420	290/483	14/49	-4.52873	-0.557107	2.10145
SRX10333914	TFs and others	NELFA	Digestive tract	DLD-1	12641	331/483	19/49	-4.24838	-0.542717	1.76735
SRX2513054	TFs and others	RUNX1	Kidney	293	51344	265/483	12/49	-4.17645	-0.542717	2.24034
SRX4548329	TFs and others	TRP47	Blood	THP-1	38526	114/483	1/49	-4.07445	-0.542717	11.5652
SRX2268291	TFs and others	CHD1	Others	Mesenchymal stem cells	6455	91/483	0/49	-4.03722	-0.542717	inf
SRX10382402	TFs and others	QSER1	Pluripotent stem cell	hESC H1	34365	360/483	23/49	-3.79039	-0.362836	1.5879
SRX2897220	TFs and others	ESR1	Breast	Breast cancer cells	14930	219/483	9/49	-3.65147	-0.302998	2.4686
SRX1424886	TFs and others	CXXC1	Blood	SEM	13146	282/483	15/49	-3.62141	-0.302998	1.90725
SRX4116034	TFs and others	ESR1	Breast	Breast cancer cells	2819	79/483	19/49	-3.42492	-0.158559	0.421815
SRX3285604	TFs and others	KDM5B	Breast	FULR	9688	152/483	4/49	-3.38982	-0.158559	3.85507
SRX3640569	TFs and others	INTS3	Uterus	HeLa	8505	158/483	5/49	-3.23173	-0.0382573	3.2058
SRX9178832	TFs and others	HAP1	Blood	HAP1	15452	292/483	17/49	-3.15105	-0.0305956	1.74254
SRX3881556	TFs and others	O-GlcNAc	Prostate	LNCAP	5174	210/483	34/49	-3.10743	-0.0305956	0.626598
SRX3285611	TFs and others	KDM5B	Breast	MCF-7	6978	110/483	2/49	-3.07789	-0.0305956	5.57971
SRX2652451	TFs and others	ZBTB48	Bone	U2OS	5880	184/483	7/49	-3.07048	-0.0305956	2.66667
SRX8949803	TFs and others	ASCL1	Unclassified	Unclassified	20255	309/483	19/49	-2.99644	-0.0305956	1.64989
SRX391683	TFs and others	TRIM28	Blood	CD34 Hematopoietic stem cells	101941	411/483	32/49	-2.96198	-0.0305956	1.30299
SRX3271016	TFs and others	KDM1A	Pluripotent stem cell	hESC derived pancreatic cells	30890	224/483	11/49	-2.87017	-0.0305956	2.06588
SRX102978	TFs and others	CTCF	Blood	GM19239	33962	136/483	4/49	-2.73911	-0.0305956	3.44928
SRX1898037	TFs and others	RAG1	Blood	REH	30711	199/483	9/49	-2.73032	-0.0305956	2.24316
SRX5234499	TFs and others	SMARCA4	Kidney	TTC1240	29006	161/483	6/49	-2.72153	-0.0305956	2.72222
SRX7719080	TFs and others	SMAD3	Others	H69	10951	302/483	19/49	-2.71886	-0.0305956	1.61251
SRX1594218	TFs and others	CTCF	Kidney	786-O	41787	195/483	9/49	-2.69689	-0.0305956	2.19807
SRX5927382	TFs and others	CTCFL	Uterus	Fallopian Tubes	13496	118/483	3/49	-2.68203	-0.0305956	3.99034
SRX1660872	TFs and others	TRIM25	Breast	Breast cancer cells	16755	208/483	10/49	-2.68176	-0.0305956	2.11014
SRX7981736	TFs and others	EP300	Prostate	Prostate cancer	2074	65/483	0/49	-2.66905	-0.0305956	inf
SRX8468593	TFs and others	BRD4	Liver	HuH-7	2675	65/483	0/49	-2.66905	-0.0305956	inf
SRX2652448	TFs and others	ZBTB48	Bone	U2OS	5281	102/483	2/49	-2.66715	-0.0305956	5.17391
SRX3927296	TFs and others	BRD7	Blood	MOLM-13	18235	102/483	2/49	-2.66715	-0.0305956	5.17391
SRX471867	TFs and others	BRD2	Prostate	VCaP	2780	63/483	0/49	-2.66382	-0.0305956	inf
SRX396254	TFs and others	TP53	Others	Fibroblasts	5697	66/483	0/49	-2.66043	-0.0305956	inf
SRX1424881	TFs and others	KMT2A	Blood	SEM	5529	105/483	2/49	-2.658	-0.0305956	5.32609
SRX190208	TFs and others	ZBTB7A	Uterus	ECC-1	9562	105/483	2/49	-2.658	-0.0305956	5.32609
SRX4786568	TFs and others	TET2	Breast	MCF-7	1688	105/483	21/49	-2.651	-0.0305956	0.507246
SRX2550934	TFs and others	MYCN	Neural	KELLY	22030	360/483	26/49	-2.64669	-0.0305956	1.40468
SRX4892339	TFs and others	Epitope tags	Kidney	293	25651	328/483	22/49	-2.63314	-0.0305956	1.51252
SRX8673493	TFs and others	CTCF	Bone	HT-1080	64049	170/483	7/49	-2.62735	-0.0305956	2.46377
SRX5982343	TFs and others	SMARCA4	Lung	A549	810	54/483	14/49	-2.6216	-0.0305956	0.391304
SRX2550933	TFs and others	MYCN	Neural	NGP	17518	261/483	15/49	-2.61856	-0.0305956	1.76522
SRX5527615	TFs and others	EP300	Cardiovascular	HUVEC	27870	252/483	14/49	-2.61787	-0.0305956	1.82609
SRX667413	TFs and others	Epitope tags	Breast	MCF-7	27244	237/483	13/49	-2.58974	-0.0305956	1.8495
SRX4786545	TFs and others	TET2	Breast	MCF-7	5613	236/483	35/49	-2.57855	-0.0305956	0.684058
SRX6473438	TFs and others	Epitope tags	Pluripotent stem cell	hESC derived neural crests	23131	351/483	25/49	-2.57263	-0.0305956	1.42435
SRX063917	TFs and others	ERG	Breast	MCF-7	14218	318/483	21/49	-2.57098	-0.0305956	1.53623
SRX10382404	TFs and others	TET1	Pluripotent stem cell	hESC H1	20239	315/483	21/49	-2.54021	-0.0305956	1.52174
SRX9178841	TFs and others	HAP1	Blood	HAP1	9141	158/483	6/49	-2.51719	-0.0305956	2.6715
SRX5824550	TFs and others	BRD7	Breast	SUM 159PT	12139	82/483	1/49	-2.50418	-0.0305956	8.31884
SRX3927289	TFs and others	BRD7	Blood	EOL-1	12297	83/483	1/49	-2.49914	-0.0305956	8.42029
SRX6473448	TFs and others	Epitope tags	Pluripotent stem cell	hESC derived neural crests	5029	83/483	1/49	-2.49914	-0.0305956	8.42029
SRX4172743	TFs and others	GATA1	Digestive tract	HCT 116	11164	205/483	10/49	-2.4787	-0.0305956	2.07971
SRX2993669	TFs and others	NR5A1	Pluripotent stem cell	hESC H9	10340	113/483	3/49	-2.47761	-0.0305956	3.82126
SRX276780	TFs and others	RING1	Prostate	DU 145	12279	112/483	3/49	-2.47024	-0.0305956	3.78744
SRX8673485	TFs and others	CTCF	Bone	HT-1080	72304	201/483	10/49	-2.45968	-0.0305956	2.03913
SRX2207916	TFs and others	ATF3	Epidermis	CS1AN	5999	60/483	0/49	-2.45426	-0.0305956	inf
SRX2652450	TFs and others	ZBTB48	Bone	U2OS	7794	168/483	7/49	-2.43901	-0.0305956	2.43478
SRX5089561	TFs and others	BRD4	Breast	MCF-7	4319	62/483	0/49	-2.43705	-0.0305956	inf
SRX5738753	TFs and others	Crotonyllysine	Pluripotent stem cell	ES cells	22856	212/483	11/49	-2.43275	-0.0305956	1.9552
SRX159127	TFs and others	ZNF143	Uterus	HeLa	2744	86/483	18/49	-2.42601	-0.0305956	0.484702
SRX1660873	TFs and others	TRIM25	Breast	Breast cancer cells	25717	277/483	17/49	-2.42226	-0.0305956	1.65303
SRX9550893	TFs and others	FOXA1	Prostate	Prostate cancer	41021	164/483	7/49	-2.41814	-0.0305956	2.37681
SRX3161011	TFs and others	ZBTB7A	Blood	HUDEP-2	16318	223/483	12/49	-2.41376	-0.0305956	1.88527
SRX2064716	TFs and others	RAD21	Digestive tract	HCT 116	24614	222/483	12/49	-2.40506	-0.0305956	1.87681
SRX8321653	TFs and others	CDYL2	Breast	MCF-7	23615	222/483	12/49	-2.40506	-0.0305956	1.87681
SRX5234504	TFs and others	SMARCA4	Kidney	TTC1240	51118	265/483	16/49	-2.40052	-0.0305956	1.68025
SRX6066513	TFs and others	NELFE	Digestive tract	HCT 116	7594	244/483	14/49	-2.39186	-0.0305956	1.76812
SRX3256873	TFs and others	BCOR	Pluripotent stem cell	hESC H1	20179	253/483	15/49	-2.37957	-0.0305956	1.71111
SRX5738751	TFs and others	Crotonyllysine	Pluripotent stem cell	ES cells	17499	175/483	8/49	-2.35868	-0.0305956	2.2192
SRX6027700	TFs and others	ESR1	Uterus	Ishikawa	9814	124/483	4/49	-2.33416	-0.0305956	3.14493
SRX3256876	TFs and others	KDM2B	Pluripotent stem cell	hESC H1	29582	372/483	28/49	-2.32151	-0.0305956	1.34783
SRX102998	TFs and others	CTCF	Blood	GM12892	41237	189/483	9/49	-2.32117	-0.0305956	2.13043
SRX7135363	TFs and others	HDAC2	Blood	K-562	3766	137/483	24/49	-2.30418	-0.0305956	0.579106
SRX100320	TFs and others	GATA2	Blood	CD34 Hematopoietic stem cells	1373	75/483	1/49	-2.28809	-0.0305956	7.6087
SRX063920	TFs and others	ERG	Blood	K-562	10128	199/483	10/49	-2.27905	-0.0305956	2.01884
SRX10484575	TFs and others	AFF1	Blood	RS4-11	10250	199/483	10/49	-2.27905	-0.0305956	2.01884
SRX1674506	TFs and others	MBD3	Uterus	HeLa	35004	302/483	20/49	-2.27785	-0.0305956	1.53188
SRX3881555	TFs and others	O-GlcNAc	Prostate	LNCAP	4602	181/483	29/49	-2.27785	-0.0305956	0.633183
SRX100514	TFs and others	E2F6	Blood	K-562	23995	344/483	25/49	-2.27653	-0.0305956	1.39594
SRX099864	TFs and others	CTCF	Breast	MCF-7	42570	111/483	3/49	-2.27601	-0.0305956	3.75362
SRX5062476	TFs and others	SUPT5H	Bone	U2OS	3146	107/483	3/49	-2.27164	-0.0305956	3.61836
SRX3229121	TFs and others	ESR1	Breast	Breast cancer	2945	96/483	19/49	-2.26683	-0.0305956	0.512586
SRX099870	TFs and others	CTCF	Others	FB8470	25998	93/483	2/49	-2.26218	-0.0305956	4.71739
SRX4096893	TFs and others	TRPS1	Unclassified	Unclassified	4568	93/483	2/49	-2.26218	-0.0305956	4.71739
SRX10644243	TFs and others	CDT1	Digestive tract	HCT 116	6771	92/483	2/49	-2.25874	-0.0305956	4.66667
SRX1134769	TFs and others	BRD4	Blood	MV-4-11	4100	92/483	2/49	-2.25874	-0.0305956	4.66667
SRX8949802	TFs and others	ASCL1	Unclassified	Unclassified	20597	299/483	20/49	-2.25706	-0.0305956	1.51667
SRX7719081	TFs and others	SMAD3	Others	H69	11378	298/483	20/49	-2.24474	-0.0305956	1.51159
SRX2578880	TFs and others	ESR1	Breast	MDA-MB-231	11938	162/483	7/49	-2.24448	-0.0305956	2.34783
SRX1013333	TFs and others	SMC1A	Liver	HuCCT1	49381	163/483	7/49	-2.24396	-0.0305956	2.36232
SRX4815184	TFs and others	EN1	Breast	MCF-7	9452	55/483	13/49	-2.24383	-0.0305956	0.429208
SRX1224601	TFs and others	BRD4	Breast	MCF 10A	2460	55/483	0/49	-2.24087	-0.0305956	inf
SRX6831824	TFs and others	TEAD4	Breast	MCF 10A	4035	55/483	0/49	-2.24087	-0.0305956	inf
SRX190287	TFs and others	ZBTB7A	Liver	Hep G2	4925	56/483	0/49	-2.23948	-0.0305956	inf
SRX4937342	TFs and others	MED1	Digestive tract	HCT 116	7880	56/483	0/49	-2.23948	-0.0305956	inf
SRX9468654	TFs and others	AR	Prostate	LNCAP	88457	56/483	0/49	-2.23948	-0.0305956	inf
SRX3927294	TFs and others	SMARCA4	Blood	MOLM-13	44645	160/483	7/49	-2.23611	-0.0305956	2.31884
SRX5089559	TFs and others	BRD4	Breast	MCF-7	3502	54/483	0/49	-2.23522	-0.0305956	inf
SRX8468591	TFs and others	BRD4	Liver	HuH-7	2466	54/483	0/49	-2.23522	-0.0305956	inf
SRX8468592	TFs and others	BRD4	Liver	HuH-7	2643	54/483	0/49	-2.23522	-0.0305956	inf
SRX3110729	TFs and others	ESR1	Breast	MCF-7	32962	57/483	0/49	-2.23101	-0.0305956	inf
SRX5316105	TFs and others	O-GlcNAc	Prostate	LNCAP	5053	186/483	29/49	-2.22998	-0.0305956	0.650675
SRX1735651	TFs and others	FOXO1	Blood	Pre-leukemia stem cells	18888	206/483	11/49	-2.22868	-0.0305956	1.89987
SRX186638	TFs and others	CTCF	Neural	SK-N-SH	42381	135/483	5/49	-2.22173	-0.0305956	2.73913
SRX6913045	TFs and others	BRD4	Blood	THP-1	6439	135/483	5/49	-2.22173	-0.0305956	2.73913
SRX2867680	TFs and others	Epitope tags	Kidney	293	23228	137/483	5/49	-2.22142	-0.0305956	2.77971
SRX2655460	TFs and others	CTCF	Blood	THP-1	27470	134/483	5/49	-2.21671	-0.0305956	2.71884
SRX3800332	TFs and others	STAG2	Others	RT-112	26517	287/483	19/49	-2.20469	-0.0305956	1.53242
SRX1660875	TFs and others	TRIM25	Breast	Breast cancer cells	14495	261/483	16/49	-2.19325	-0.0305956	1.65489
SRX10484574	TFs and others	KMT2A	Blood	RS4-11	21023	268/483	17/49	-2.18515	-0.0305956	1.59932
SRX6473441	TFs and others	Epitope tags	Pluripotent stem cell	hESC derived neural crests	16651	247/483	15/49	-2.16897	-0.0305956	1.67053
SRX2281247	TFs and others	KMT2A	Blood	SEM	12471	257/483	16/49	-2.16843	-0.0305956	1.62953
SRX3800334	TFs and others	SMC1A	Others	RT-112	22023	257/483	16/49	-2.16843	-0.0305956	1.62953
SRX5089390	TFs and others	ARID1A	Breast	MCF-7	12064	119/483	4/49	-2.14197	-0.0305956	3.01812
SRX356786	TFs and others	CTCF	Blood	MS1	51772	147/483	6/49	-2.13167	-0.0305956	2.48551
SRX4172742	TFs and others	GATA1	Digestive tract	HCT 116	10123	184/483	9/49	-2.12912	-0.0305956	2.07407
SRX356524	TFs and others	CTCF	Blood	GM12892	46907	148/483	6/49	-2.1288	-0.0305956	2.50242
SRX6473439	TFs and others	Epitope tags	Pluripotent stem cell	hESC derived neural crests	36458	374/483	29/49	-2.10348	-0.0305956	1.30835
SRX188968	TFs and others	CTCF	Blood	GM10248	28592	72/483	1/49	-2.09595	-0.0305956	7.30435
SRX3288586	TFs and others	CTCF	Pluripotent stem cell	hESC H9	55332	72/483	1/49	-2.09595	-0.0305956	7.30435
SRX4155660	TFs and others	CTCFL	Neural	KELLY	10847	72/483	1/49	-2.09595	-0.0305956	7.30435
SRX5385026	TFs and others	BRD3	Pluripotent stem cell	hESC H1	3279	72/483	1/49	-2.09595	-0.0305956	7.30435
SRX8468589	TFs and others	BRD4	Liver	HuH-7	3302	72/483	1/49	-2.09595	-0.0305956	7.30435
SRX027270	TFs and others	SMARCB1	Uterus	HeLa	2819	73/483	1/49	-2.0946	-0.0305956	7.4058
SRX3751770	TFs and others	BRD4	Adipocyte	LPS141	3448	71/483	1/49	-2.09205	-0.0305956	7.2029
SRX5668140	TFs and others	KMT2A	Blood	OCI-AML3	1952	71/483	1/49	-2.09205	-0.0305956	7.2029
SRX8175103	TFs and others	EED	Pluripotent stem cell	ES cells	21528	71/483	1/49	-2.09205	-0.0305956	7.2029
SRX2281250	TFs and others	AFF1	Blood	SEM	4700	105/483	3/49	-2.08856	-0.0305956	3.55072
SRX5266973	TFs and others	KDM4A	Blood	THP-1	15430	348/483	26/49	-2.08725	-0.0305956	1.35786
SRX2652443	TFs and others	ZBTB48	Uterus	HeLa	4653	103/483	3/49	-2.08576	-0.0305956	3.48309
SRX7719078	TFs and others	SMAD3	Others	H69	12184	305/483	21/49	-2.08101	-0.0305956	1.47343
SRX188958	TFs and others	CTCF	Pancreas	Pancreas	32073	102/483	3/49	-2.07861	-0.0305956	3.44928
SRX100378	TFs and others	CTCF	Neural	SK-N-SH	37091	88/483	2/49	-2.06606	-0.0305956	4.46377
SRX7677727	TFs and others	NELFE	Digestive tract	DLD-1	3476	88/483	2/49	-2.06606	-0.0305956	4.46377
SRX7626337	TFs and others	CTCF	Others	Mesenchymal Stromal Cells	20662	89/483	2/49	-2.06577	-0.0305956	4.51449
SRX3657349	TFs and others	Epitope tags	Kidney	293	78227	420/483	35/49	-2.05983	-0.0305956	1.21739
SRX4892338	TFs and others	Epitope tags	Kidney	293	78191	420/483	35/49	-2.05983	-0.0305956	1.21739
SRX150721	TFs and others	UBTF	Blood	K-562	9889	158/483	7/49	-2.05638	-0.0305956	2.28986
SRX3583188	TFs and others	CTCF	Breast	MCF-7	56344	158/483	7/49	-2.05638	-0.0305956	2.28986
SRX6780867	TFs and others	CREB1	Pluripotent stem cell	iPS derived neural cells	3134	144/483	24/49	-2.03592	-0.0305956	0.608696
SRX8907431	TFs and others	MTA2	Muscle	RH-4	13550	144/483	24/49	-2.03592	-0.0305956	0.608696
SRX10338563	TFs and others	MYC	Blood	NALM-6	20908	293/483	20/49	-2.03521	-0.0305956	1.48623
SRX5089554	TFs and others	BRD4	Breast	MCF-7	10139	130/483	5/49	-2.03473	-0.0305956	2.63768
SRX4074764	TFs and others	TEAD4	Epidermis	BJ	7378	51/483	0/49	-2.03075	-0.0305956	inf
SRX4547415	TFs and others	CTCF	Breast	FULVR	6010	51/483	0/49	-2.03075	-0.0305956	inf
SRX6473451	TFs and others	Epitope tags	Pluripotent stem cell	hESC derived neural crests	3637	51/483	0/49	-2.03075	-0.0305956	inf
SRX424010	TFs and others	KDM4C	Digestive tract	KYSE-150	10469	214/483	12/49	-2.02913	-0.0305956	1.80918
SRX1514281	TFs and others	LYL1	Blood	Kasumi-1	12927	50/483	0/49	-2.02863	-0.0305956	inf
SRX8468590	TFs and others	BRD4	Liver	HuH-7	2262	50/483	0/49	-2.02863	-0.0305956	inf
SRX3927287	TFs and others	GLTSCR1	Blood	EOL-1	9423	52/483	0/49	-2.02599	-0.0305956	inf
SRX5534865	TFs and others	GATA3	Breast	MCF-7	4155	52/483	0/49	-2.02599	-0.0305956	inf
SRX9005594	TFs and others	Epitope tags	Others	TM5	4830	52/483	0/49	-2.02599	-0.0305956	inf
SRX4473693	TFs and others	ARID2	Gonad	BIN-67	7514	128/483	5/49	-2.0227	-0.0305956	2.5971
SRX8670123	TFs and others	ASCL1	Neural	SH-SY5Y	57262	128/483	5/49	-2.0227	-0.0305956	2.5971
SRX7719077	TFs and others	SMAD3	Others	H69	10619	284/483	19/49	-2.02097	-0.0305956	1.5164
SRX3990567	TFs and others	ASUN	Blood	Monocytes	7496	211/483	12/49	-2.01482	-0.0305956	1.78382
SRX9178826	TFs and others	HAP1	Blood	HAP1	14614	274/483	18/49	-2.00442	-0.0305956	1.54428
SRX8726297	TFs and others	BMI1	Others	Tumor	14115	282/483	19/49	-2.00342	-0.0305956	1.50572
SRX2652449	TFs and others	ZBTB48	Bone	U2OS	7116	166/483	8/49	-1.99305	-0.0305956	2.10507
SRX116463	TFs and others	KDM4A	Pluripotent stem cell	hESC H1	14674	220/483	13/49	-1.98367	-0.0305956	1.71683
SRX356647	TFs and others	CTCF	Blood	GM19238	49143	164/483	8/49	-1.97919	-0.0305956	2.07971
SRX356668	TFs and others	CTCF	Blood	GM19239	47666	164/483	8/49	-1.97919	-0.0305956	2.07971
SRX6435401	TFs and others	SUPT5H	Kidney	293	6417	231/483	14/49	-1.97893	-0.0305956	1.67391
SRX12118508	TFs and others	POU2AF1	Blood	B cells	6614	98/483	18/49	-1.9588	-0.0305956	0.552335
SRX080416	TFs and others	CTCF	Breast	HMEC	43834	115/483	4/49	-1.95814	-0.0305956	2.91667
SRX190201	TFs and others	TCF3	Blood	GM12878	10171	115/483	4/49	-1.95814	-0.0305956	2.91667
SRX3433959	TFs and others	CTCF	Neural	SK-N-AS	44420	117/483	4/49	-1.95266	-0.0305956	2.96739
SRX218421	TFs and others	EP300	Blood	Erythroid Cells	4261	141/483	6/49	-1.94842	-0.0305956	2.38406
SRX4417528	TFs and others	CTCF	Pluripotent stem cell	hESC derived neural cells	45433	178/483	9/49	-1.94649	-0.0305956	2.00644
SRX102977	TFs and others	CTCF	Blood	GM19240	38148	140/483	6/49	-1.9456	-0.0305956	2.36715
SRX3285610	TFs and others	KDM5B	Breast	MCF-7	7683	143/483	6/49	-1.94529	-0.0305956	2.41787
SRX286202	TFs and others	ING5	Digestive tract	RKO	11760	179/483	9/49	-1.94517	-0.0305956	2.01771
SRX512368	TFs and others	Epitope tags	Epidermis	Dermal fibroblast	44563	379/483	30/49	-1.93407	-0.0305956	1.28164
SRX12118516	TFs and others	POU2F2	Blood	OCI-LY-7	18138	129/483	22/49	-1.93067	-0.0305956	0.594862
SRX8673471	TFs and others	CTCF	Bone	HT-1080	63935	174/483	9/49	-1.92636	-0.0305956	1.96135
SRX6473437	TFs and others	Epitope tags	Pluripotent stem cell	hESC derived neural crests	25439	352/483	27/49	-1.90546	-0.0305956	1.3226
SRX4367442	TFs and others	TBP	Lung	Bronchial tracheal epithelial cells	1993	99/483	3/49	-1.90167	-0.0305956	3.34783
SRX3256865	TFs and others	RYBP	Pluripotent stem cell	hESC H1	6487	98/483	3/49	-1.89817	-0.0305956	3.31401
SRX4947721	TFs and others	RELA	Cardiovascular	HUVEC	7154	98/483	3/49	-1.89817	-0.0305956	3.31401
ERX626821	TFs and others	EP300	Blood	U-937	7247	69/483	1/49	-1.89311	-0.0305956	7
SRX4792904	TFs and others	CTCF	Breast	T-47D	10145	66/483	1/49	-1.89205	-0.0305956	6.69565
SRX8080560	TFs and others	Epitope tags	Breast	Mammary gland adenocarcinoma	10234	66/483	1/49	-1.89205	-0.0305956	6.69565
SRX037936	TFs and others	CTCF	Blood	CD36+	21185	70/483	1/49	-1.88359	-0.0305956	7.10145
SRX6614754	TFs and others	CTCF	Lung	IMR-90	27799	70/483	1/49	-1.88359	-0.0305956	7.10145
SRX031248	TFs and others	CTCF	Epidermis	NHEK	50325	151/483	7/49	-1.8764	-0.0305956	2.18841
SRX102973	TFs and others	CTCF	Epidermis	NHEK	50329	151/483	7/49	-1.8764	-0.0305956	2.18841
SRX102979	TFs and others	CTCF	Blood	GM19238	40977	151/483	7/49	-1.8764	-0.0305956	2.18841
SRX356456	TFs and others	CTCF	Blood	GM12878	43261	153/483	7/49	-1.87611	-0.0305956	2.21739
SRX10119114	TFs and others	CEBPA	Blood	MV-4-11	7130	84/483	2/49	-1.87535	-0.0305956	4.26087
SRX3800335	TFs and others	SMC1A	Others	RT-112	12175	84/483	2/49	-1.87535	-0.0305956	4.26087
SRX356690	TFs and others	CTCF	Blood	GM19240	45834	150/483	7/49	-1.87253	-0.0305956	2.17391
SRX4172744	TFs and others	GATA1	Digestive tract	HCT 116	10091	150/483	7/49	-1.87253	-0.0305956	2.17391
SRX7135364	TFs and others	HDAC1	Blood	K-562	241	17/483	6/49	-1.87208	-0.0305956	0.28744
SRX1091828	TFs and others	CTCFL	Breast	MCF-7	9885	85/483	2/49	-1.87179	-0.0305956	4.31159
SRX2014504	TFs and others	RUNX1	Blood	Jurkat	33270	306/483	22/49	-1.86773	-0.0305956	1.41107
SRX4417529	TFs and others	CTCF	Pluripotent stem cell	hESC derived neural cells	35669	149/483	7/49	-1.86605	-0.0305956	2.15942
SRX6027697	TFs and others	ESR1	Uterus	Ishikawa	8218	149/483	7/49	-1.86605	-0.0305956	2.15942
SRX3229155	TFs and others	ESR1	Breast	Breast cancer	3363	90/483	17/49	-1.86552	-0.0305956	0.537084
SRX1758508	TFs and others	NELFE	Breast	MCF-7	4365	196/483	11/49	-1.86462	-0.0305956	1.80764
SRX8707937	TFs and others	CTCF	Epidermis	Keratinocytes	53056	195/483	11/49	-1.8573	-0.0305956	1.79842
SRX7214021	TFs and others	KLF3	Epidermis	Keratinocytes	15248	305/483	22/49	-1.85381	-0.0305956	1.40646
SRX5527609	TFs and others	EP300	Cardiovascular	HAEC	19398	209/483	12/49	-1.84721	-0.0305956	1.76691
SRX8272937	TFs and others	BRD4	Blood	BLaER1	8693	209/483	12/49	-1.84721	-0.0305956	1.76691
SRX2922232	TFs and others	ESR1	Breast	SUM 44PE	16346	114/483	20/49	-1.84031	-0.0305956	0.578261
SRX1672124	TFs and others	NR3C1	Lung	BEAS-2B	18400	92/483	17/49	-1.8288	-0.0305956	0.54902
SRX2388757	TFs and others	AR	Muscle	Myofibroblasts	1125	46/483	0/49	-1.82285	-0.0305956	inf
SRX7677762	TFs and others	DCP2	Digestive tract	DLD-1	2611	47/483	0/49	-1.8217	-0.0305956	inf
SRX2937345	TFs and others	SMARCA4	Blood	J-Lat A72	927	45/483	0/49	-1.81738	-0.0305956	inf
SRX5486412	TFs and others	ZIC5	Digestive tract	HCT 116	3797	45/483	0/49	-1.81738	-0.0305956	inf
SRX7202558	TFs and others	CTCF	Uterus	HEC-1-B	24761	45/483	0/49	-1.81738	-0.0305956	inf
SRX7626341	TFs and others	CTCF	Others	Mesenchymal Stromal Cells	10752	48/483	0/49	-1.81394	-0.0305956	inf
SRX7677763	TFs and others	DCP2	Digestive tract	DLD-1	2423	48/483	0/49	-1.81394	-0.0305956	inf
SRX3800333	TFs and others	STAG2	Others	RT-112	27354	277/483	19/49	-1.81221	-0.0305956	1.47902
SRX9562887	TFs and others	SMARCA4	Muscle	RH-4	14459	228/483	14/49	-1.81182	-0.0305956	1.65217
SRX1091814	TFs and others	CTCFL	Blood	K-562	19775	285/483	20/49	-1.807	-0.0305956	1.44565
SRX1177905	TFs and others	HEXIM1	Digestive tract	HCT 116	17690	259/483	17/49	-1.80459	-0.0305956	1.54561
SRX150509	TFs and others	BHLHE40	Blood	GM12878	20151	207/483	30/49	-1.80304	-0.0305956	0.7
SRX5702624	TFs and others	ESR1	Breast	Breast cancer cells	10400	150/483	24/49	-1.80275	-0.0305956	0.634058
SRX150656	TFs and others	ZNF263	Kidney	293	25755	226/483	14/49	-1.80099	-0.0305956	1.63768
SRX5930124	TFs and others	KAT2A	Blood	Acute myeloid leukemia	786	49/483	11/49	-1.79386	-0.0305956	0.45191
SRX5316108	TFs and others	O-GlcNAc	Prostate	PC-3	5364	217/483	31/49	-1.79247	-0.0305956	0.710145
SRX371470	TFs and others	ESR1	Breast	ZR-75-1	37855	40/483	10/49	-1.77983	-0.0305956	0.405797
SRX099871	TFs and others	CTCF	Others	FB8470	33738	110/483	4/49	-1.77783	-0.0305956	2.78986
SRX3110730	TFs and others	ESR1	Breast	MCF-7	44464	111/483	4/49	-1.77695	-0.0305956	2.81522
SRX4367432	TFs and others	TBP	Lung	Bronchial tracheal epithelial cells	2645	112/483	4/49	-1.77293	-0.0305956	2.84058
SRX6828393	TFs and others	CTCF	Blood	K-562	57181	136/483	6/49	-1.77216	-0.0305956	2.29952
SRX4708022	TFs and others	HNRNPK	Liver	Hep G2	9044	137/483	6/49	-1.77177	-0.0305956	2.31643
SRX8673479	TFs and others	CTCF	Bone	HT-1080	58425	173/483	9/49	-1.77103	-0.0305956	1.95008
SRX3927299	TFs and others	CTCF	Blood	MOLM-13	68030	172/483	9/49	-1.77054	-0.0305956	1.93881
SRX3098196	TFs and others	RUNX1T1	Blood	Kasumi-1	5229	108/483	4/49	-1.77024	-0.0305956	2.73913
SRX356712	TFs and others	CTCF	Blood	Lymphoblastoid cell line	40150	135/483	6/49	-1.76986	-0.0305956	2.28261
SRX9523535	TFs and others	NABP2	Bone	HT-1080	12504	325/483	24/49	-1.76915	-0.0305956	1.37379
SRX6099463	TFs and others	POU2F1	Blood	DLBCL	7357	153/483	24/49	-1.76646	-0.0305956	0.646739
SRX1594208	TFs and others	CTCF	Breast	MCF-7	34727	134/483	6/49	-1.7649	-0.0305956	2.2657
SRX326887	TFs and others	GABPA	Blood	Jurkat	23665	313/483	40/49	-1.76257	-0.0305956	0.793841
SRX476925	TFs and others	SNAI2	Epidermis	Keratinocytes	17394	169/483	9/49	-1.75519	-0.0305956	1.90499
SRX849404	TFs and others	CDK8	Blood	K-562	3067	79/483	15/49	-1.74728	-0.0305956	0.5343
SRX151246	TFs and others	SMC1A	Blood	BCBL1	22436	184/483	10/49	-1.73063	-0.0305956	1.86667
SRX3583212	TFs and others	CTCF	Breast	MCF-7	62503	184/483	10/49	-1.73063	-0.0305956	1.86667
SRX3636814	TFs and others	CTCF	Blood	ALL xenograft	45324	182/483	10/49	-1.73056	-0.0305956	1.84638
SRX689368	TFs and others	WDR5	Kidney	293	10759	313/483	23/49	-1.72182	-0.0305956	1.38059
SRX6840507	TFs and others	HAP1	Blood	KBM-7	15400	95/483	3/49	-1.71997	-0.0305956	3.21256
SRX4193368	TFs and others	SMARCA4	Prostate	22Rv1	5006	94/483	3/49	-1.71972	-0.0305956	3.17874
SRX4611707	TFs and others	ESR1	Breast	MCF-7	22490	94/483	3/49	-1.71972	-0.0305956	3.17874
SRX10881815	TFs and others	BRD9	Others	BT-16	9320	96/483	3/49	-1.71684	-0.0305956	3.24638
SRX1091817	TFs and others	CTCF	Blood	delta-47	28134	96/483	3/49	-1.71684	-0.0305956	3.24638
SRX3285565	TFs and others	KDM5B	Breast	C70R	5615	96/483	3/49	-1.71684	-0.0305956	3.24638
SRX9178821	TFs and others	HAP1	Blood	HAP1	5976	96/483	3/49	-1.71684	-0.0305956	3.24638
SRX2198831	TFs and others	LARP7	Uterus	HeLa	12073	93/483	3/49	-1.71608	-0.0305956	3.14493
SRX392040	TFs and others	LMNB1	Lung	IMR-90	5815	93/483	3/49	-1.71608	-0.0305956	3.14493
SRX6961675	TFs and others	SUPT5H	Digestive tract	HCT 116	4063	93/483	3/49	-1.71608	-0.0305956	3.14493
SRX976241	TFs and others	KMT2D	Blood	B cells	2737	65/483	13/49	-1.71122	-0.0305956	0.507246
SRX188951	TFs and others	CTCF	Prostate	LNCAP	43769	97/483	3/49	-1.71036	-0.0305956	3.28019
SRX150455	TFs and others	EBF1	Blood	GM12878	33502	103/483	18/49	-1.71014	-0.0305956	0.580515
SRX265413	TFs and others	KDM5B	Breast	MCF-7	25024	311/483	23/49	-1.7046	-0.0305956	1.37177
SRX995496	TFs and others	CTCF	Blood	Hematopoietic Stem Cells	13727	63/483	1/49	-1.70437	-0.0305956	6.3913
SRX356713	TFs and others	CTCF	Blood	Lymphoblastoid cell line	44856	146/483	7/49	-1.70406	-0.0305956	2.11594
SRX356785	TFs and others	CTCF	Blood	MS1	47043	148/483	7/49	-1.70298	-0.0305956	2.14493
SRX10656915	TFs and others	CTCF	Blood	K-562	11559	62/483	1/49	-1.70244	-0.0305956	6.28986
SRX188962	TFs and others	CTCF	Blood	GM13976	21727	62/483	1/49	-1.70244	-0.0305956	6.28986
SRX2749139	TFs and others	EP300	Kidney	786-O	10792	62/483	1/49	-1.70244	-0.0305956	6.28986
SRX6614755	TFs and others	CTCF	Lung	IMR-90	26959	62/483	1/49	-1.70244	-0.0305956	6.28986
SRX3098190	TFs and others	CEBPA	Blood	SKH1	3823	64/483	1/49	-1.70159	-0.0305956	6.49275
SRX5719584	TFs and others	CTCF	Blood	CUTLL1	22723	64/483	1/49	-1.70159	-0.0305956	6.49275
SRX5794313	TFs and others	TCF7	Breast	Breast organoids	1510	64/483	1/49	-1.70159	-0.0305956	6.49275
SRX10567335	TFs and others	HMGB1	Cardiovascular	HUVEC	8991	145/483	7/49	-1.70091	-0.0305956	2.10145
SRX9390938	TFs and others	BRD4	Digestive tract	Colorectal cancer	4429	145/483	7/49	-1.70091	-0.0305956	2.10145
SRX3636815	TFs and others	CTCF	Blood	ALL xenograft	44731	193/483	11/49	-1.69961	-0.0305956	1.77997
SRX9730736	TFs and others	CPSF3L	Blood	THP-1	14757	304/483	22/49	-1.69658	-0.0305956	1.40184
SRX6578946	TFs and others	CTCF	Blood	CUTLL1	15348	65/483	1/49	-1.69416	-0.0305956	6.5942
SRX097581	TFs and others	FOXP1	Pluripotent stem cell	hESC H9	3135	79/483	2/49	-1.68966	-0.0305956	4.00725
SRX031244	TFs and others	CTCF	Pluripotent stem cell	hESC H1	38927	78/483	2/49	-1.68831	-0.0305956	3.95652
SRX102996	TFs and others	CTCF	Pluripotent stem cell	hESC H1	38926	78/483	2/49	-1.68831	-0.0305956	3.95652
SRX150513	TFs and others	JUND	Pluripotent stem cell	hESC H1	8290	78/483	2/49	-1.68831	-0.0305956	3.95652
SRX266856	TFs and others	FOXA2	Pluripotent stem cell	hESC derived mesendodermal cells	18201	190/483	11/49	-1.68821	-0.0305956	1.75231
SRX3638907	TFs and others	RELA	Bone	U2OS	2608	80/483	2/49	-1.68715	-0.0305956	4.05797
SRX5195728	TFs and others	SMARCA4	Uterus	Endometrial epithelial cells	7323	80/483	2/49	-1.68715	-0.0305956	4.05797
SRX4154215	TFs and others	Epitope tags	Blood	Acute myeloid leukemia	17100	77/483	2/49	-1.68313	-0.0305956	3.9058
SRX4367422	TFs and others	TBP	Lung	Bronchial tracheal epithelial cells	2789	77/483	2/49	-1.68313	-0.0305956	3.9058
SRX7061822	TFs and others	MED26	Blood	SEM	3051	77/483	2/49	-1.68313	-0.0305956	3.9058
SRX8018230	TFs and others	CPSF3	Kidney	293	2364	77/483	2/49	-1.68313	-0.0305956	3.9058
SRX8080564	TFs and others	Epitope tags	Breast	Mammary gland adenocarcinoma	11329	77/483	2/49	-1.68313	-0.0305956	3.9058
SRX188946	TFs and others	CTCF	Blood	GM13977	35184	81/483	2/49	-1.68084	-0.0305956	4.1087
SRX4708089	TFs and others	NONO	Blood	K-562	3658	81/483	2/49	-1.68084	-0.0305956	4.1087
SRX7626338	TFs and others	CTCF	Others	Mesenchymal Stromal Cells	20004	81/483	2/49	-1.68084	-0.0305956	4.1087
SRX8602200	TFs and others	IRF4	Blood	NCI-H929	7169	121/483	5/49	-1.68058	-0.0305956	2.45507
SRX476926	TFs and others	SNAI2	Epidermis	Keratinocytes	21062	189/483	11/49	-1.68033	-0.0305956	1.74308
DRX300415	TFs and others	JADE3	Kidney	293	11306	120/483	5/49	-1.67975	-0.0305956	2.43478
SRX3271015	TFs and others	KDM1A	Pluripotent stem cell	hESC derived pancreatic cells	27558	122/483	5/49	-1.67864	-0.0305956	2.47536
SRX080358	TFs and others	CTCF	Epidermis	AG04449	36028	119/483	5/49	-1.67619	-0.0305956	2.41449
SRX080398	TFs and others	CTCF	Neural	HCPEpiC	44608	119/483	5/49	-1.67619	-0.0305956	2.41449
SRX6743813	TFs and others	CHD6	Pluripotent stem cell	iPS derived neural cells	2929	118/483	5/49	-1.66993	-0.0305956	2.3942
SRX186623	TFs and others	HCFC1	Uterus	HeLa	8084	282/483	37/49	-1.66753	-0.0305956	0.773208
SRX8670125	TFs and others	ASCL1	Neural	SH-SY5Y	76052	200/483	12/49	-1.66135	-0.0305956	1.69082
SRX8080566	TFs and others	POU2F1	Breast	Mammary gland ductal carcinoma	9424	283/483	37/49	-1.66135	-0.0305956	0.77595
SRX6473440	TFs and others	Epitope tags	Pluripotent stem cell	hESC derived neural crests	16269	214/483	13/49	-1.65442	-0.0305956	1.67001
SRX188952	TFs and others	CTCF	Breast	MCF-7	58937	212/483	13/49	-1.65131	-0.0305956	1.6544
SRX4727910	TFs and others	TP53BP1	Pluripotent stem cell	hESC H9	4808	156/483	8/49	-1.64781	-0.0305956	1.97826
SRX2009518	TFs and others	BRD2	Neural	Diffuse intrinsic pontine glioma	11979	211/483	13/49	-1.64678	-0.0305956	1.6466
SRX265225	TFs and others	TCF12	Blood	ME-1	11836	211/483	13/49	-1.64678	-0.0305956	1.6466
SRX150645	TFs and others	BHLHE40	Liver	Hep G2	11478	144/483	23/49	-1.64534	-0.0305956	0.635161
SRX3068920	TFs and others	AR	Prostate	22Rv1	2294	144/483	23/49	-1.64534	-0.0305956	0.635161
SRX4370436	TFs and others	CTCF	Neural	Anterior temporal cortex	7145	155/483	8/49	-1.64408	-0.0305956	1.96558
SRX5904135	TFs and others	TCF21	Cardiovascular	HCASMC	29997	155/483	8/49	-1.64408	-0.0305956	1.96558
SRX7299332	TFs and others	TCF21	Cardiovascular	Coronary artery smooth muscle	29997	155/483	8/49	-1.64408	-0.0305956	1.96558
SRX10881819	TFs and others	SMARCA4	Kidney	G-401	14643	210/483	13/49	-1.64032	-0.0305956	1.6388
SRX8670128	TFs and others	ASCL1	Neural	SH-SY5Y	76812	210/483	13/49	-1.64032	-0.0305956	1.6388
SRX7677724	TFs and others	SUPT5H	Digestive tract	DLD-1	15043	338/483	26/49	-1.64	-0.0305956	1.31884
SRX186675	TFs and others	KDM4A	Pluripotent stem cell	hESC H1	14730	223/483	14/49	-1.63911	-0.0305956	1.61594
SRX100417	TFs and others	REST	Neural	U-87 MG	11834	274/483	19/49	-1.63907	-0.0305956	1.46301
SRX3927292	TFs and others	CTCF	Blood	EOL-1	62730	154/483	8/49	-1.63814	-0.0305956	1.9529
SRX150632	TFs and others	CEBPB	Uterus	HeLa	67673	202/483	29/49	-1.63679	-0.0305956	0.706647
SRX6027688	TFs and others	ESR1	Uterus	Ishikawa	21394	337/483	26/49	-1.6325	-0.0305956	1.31494
SRX12118513	TFs and others	POU2AF1	Blood	OCI-LY-7	14561	146/483	23/49	-1.6325	-0.0305956	0.643982
SRX6099458	TFs and others	POU2AF1	Blood	DLBCL	14567	146/483	23/49	-1.6325	-0.0305956	0.643982
SRX1594217	TFs and others	CTCF	Kidney	786-O	32940	221/483	14/49	-1.63132	-0.0305956	1.60145
SRX5527617	TFs and others	EP300	Cardiovascular	HUVEC	26078	272/483	19/49	-1.63121	-0.0305956	1.45233
SRX476922	TFs and others	SNAI2	Epidermis	Keratinocytes	29527	234/483	15/49	-1.63062	-0.0305956	1.58261
SRX8080573	TFs and others	CTCF	Breast	Mammary gland ductal carcinoma	23303	234/483	15/49	-1.63062	-0.0305956	1.58261
SRX8670127	TFs and others	ASCL1	Neural	SH-SY5Y	92145	253/483	17/49	-1.62353	-0.0305956	1.5098
SRX3631510	TFs and others	ETS1	Others	SCC-25	2888	73/483	14/49	-1.62142	-0.0305956	0.528986
SRX4377531	TFs and others	BRD2	Breast	MDA-MB-231	9503	231/483	15/49	-1.62079	-0.0305956	1.56232
SRX382354	TFs and others	RNF2	Epidermis	Melanocytes	959	42/483	0/49	-1.61792	-0.0305956	inf
SRX4937327	TFs and others	ATXN7L3	Digestive tract	HCT 116	1327	42/483	0/49	-1.61792	-0.0305956	inf
SRX10382441	TFs and others	BCOR	Pluripotent stem cell	hESC H1	37724	438/483	39/49	-1.6172	-0.0305956	1.13935
SRX4547416	TFs and others	CTCF	Breast	FULVR	3436	41/483	0/49	-1.61562	-0.0305956	inf
SRX5089555	TFs and others	BRD4	Breast	MCF-7	3459	41/483	0/49	-1.61562	-0.0305956	inf
SRX5444530	TFs and others	KMT2A	Blood	RS 411	1004	41/483	0/49	-1.61562	-0.0305956	inf
SRX5574379	TFs and others	SPI1	Blood	EM-3	19722	41/483	0/49	-1.61562	-0.0305956	inf
SRX8080556	TFs and others	Epitope tags	Breast	Mammary gland adenocarcinoma	4615	41/483	0/49	-1.61562	-0.0305956	inf
SRX8588624	TFs and others	SMARCA4	Cardiovascular	Pulmonary artery endothelial cells	32339	41/483	0/49	-1.61562	-0.0305956	inf
SRX5738756	TFs and others	Crotonyllysine	Pluripotent stem cell	hESC derived Endodermal cells	27111	241/483	16/49	-1.61494	-0.0305956	1.52808
SRX2055845	TFs and others	JUN	Kidney	Renal cell carcinoma	6547	43/483	0/49	-1.61382	-0.0305956	inf
SRX5577160	TFs and others	AR	Prostate	LNCAP	1657	43/483	0/49	-1.61382	-0.0305956	inf
SRX5738755	TFs and others	Crotonyllysine	Pluripotent stem cell	hESC derived Endodermal cells	24048	230/483	15/49	-1.61378	-0.0305956	1.55556
SRX6935376	TFs and others	MYCN	Neural	NB-1643	14816	369/483	30/49	-1.61361	-0.0305956	1.24783
SRX9004384	TFs and others	USF2	Blood	SEM	3806	114/483	19/49	-1.61361	-0.0305956	0.608696
SRX475757	TFs and others	GABPA	Blood	GM12878	7560	223/483	31/49	-1.60869	-0.0305956	0.72978
SRX3256864	TFs and others	PCGF1	Pluripotent stem cell	hESC H1	17539	240/483	16/49	-1.60761	-0.0305956	1.52174
SRX8699645	TFs and others	INTS3	Digestive tract	DLD-1	8751	240/483	16/49	-1.60761	-0.0305956	1.52174
SRX4679527	TFs and others	ATRX	Neural	CHLA-90	3004	44/483	0/49	-1.60347	-0.0305956	inf
SRX701964	TFs and others	CTCF	Pluripotent stem cell	hESC HUES64	20856	44/483	0/49	-1.60347	-0.0305956	inf
SRX701967	TFs and others	CTCF	Pluripotent stem cell	hESC derived ectodermal cells	15925	44/483	0/49	-1.60347	-0.0305956	inf
SRX702114	TFs and others	SRF	Pluripotent stem cell	hESC derived mesendodermal cells	8898	44/483	0/49	-1.60347	-0.0305956	inf
SRX4937340	TFs and others	MED1	Digestive tract	HCT 116	11020	105/483	4/49	-1.60346	-0.0305956	2.66304
SRX8670124	TFs and others	ASCL1	Neural	SH-SY5Y	68252	167/483	9/49	-1.60326	-0.0305956	1.88245
SRX099863	TFs and others	CTCF	Breast	MCF-7	37830	106/483	4/49	-1.60274	-0.0305956	2.68841
SRX1738531	TFs and others	CTCF	Blood	Erythroid Cells	28048	106/483	4/49	-1.60274	-0.0305956	2.68841
SRX286203	TFs and others	BRD1	Digestive tract	RKO	7928	106/483	4/49	-1.60274	-0.0305956	2.68841
SRX5234508	TFs and others	SMARCA4	Kidney	TTC1240	23695	106/483	4/49	-1.60274	-0.0305956	2.68841
SRX5283932	TFs and others	CPSF3L	Uterus	HeLa	4343	106/483	4/49	-1.60274	-0.0305956	2.68841
SRX515115	TFs and others	KDM6B	Blood	CUTLL1	4378	131/483	6/49	-1.6025	-0.0305956	2.21498
SRX2655462	TFs and others	CTCF	Blood	THP-1	25397	132/483	6/49	-1.6019	-0.0305956	2.23188
SRX3583204	TFs and others	CTCF	Breast	MCF-7	40666	104/483	4/49	-1.60127	-0.0305956	2.63768
SRX5234505	TFs and others	SMARCC1	Kidney	TTC1240	31168	166/483	9/49	-1.60124	-0.0305956	1.87118
SRX5548892	TFs and others	FOXO1	Cardiovascular	HUVEC	8722	166/483	9/49	-1.60124	-0.0305956	1.87118
SRX1594207	TFs and others	CTCF	Breast	MCF-7	33207	130/483	6/49	-1.60062	-0.0305956	2.19807
SRX356730	TFs and others	CTCF	Blood	Lymphoblastoid cell line	43164	130/483	6/49	-1.60062	-0.0305956	2.19807
SRX4611691	TFs and others	ESR1	Breast	MCF-7	44659	129/483	6/49	-1.59631	-0.0305956	2.18116
SRX1873456	TFs and others	LEO1	Blood	SEM	11205	103/483	4/49	-1.59623	-0.0305956	2.61232
SRX190354	TFs and others	MAX	Pluripotent stem cell	hESC H1	41716	368/483	30/49	-1.59533	-0.0305956	1.24444
SRX3256862	TFs and others	KDM2B	Pluripotent stem cell	hESC H1	25577	362/483	29/49	-1.58555	-0.0305956	1.26637
SRX1672136	TFs and others	NR3C1	Lung	BEAS-2B	11867	121/483	20/49	-1.58555	-0.0305956	0.613768
SRX190291	TFs and others	MAX	Neural	SK-N-SH	33086	387/483	32/49	-1.58364	-0.0305956	1.2269
SRX5124040	TFs and others	POU2F1	Prostate	22Rv1	7216	122/483	20/49	-1.57551	-0.0305956	0.618841
SRX100416	TFs and others	NR3C1	Lung	A549	15364	176/483	10/49	-1.56276	-0.0305956	1.78551
SRX682379	TFs and others	RARA	Blood	TSU-1621MT	11605	316/483	24/49	-1.54739	-0.0305956	1.33575
SRX9975614	TFs and others	STAG2	Bone	A-673	5338	90/483	3/49	-1.54384	-0.0305956	3.04348
SRX1165087	TFs and others	RAD21	Liver	Hep G2	40346	89/483	3/49	-1.54323	-0.0305956	3.00966
SRX5794314	TFs and others	TCF7	Breast	Breast organoids	1233	91/483	3/49	-1.54132	-0.0305956	3.07729
SRX4708013	TFs and others	SRSF1	Liver	Hep G2	2660	88/483	3/49	-1.53948	-0.0305956	2.97585
SRX3285563	TFs and others	KDM5B	Breast	C49R	8705	141/483	7/49	-1.53852	-0.0305956	2.04348
SRX7428073	TFs and others	CTCF	Blood	Memory B cells	35862	141/483	7/49	-1.53852	-0.0305956	2.04348
SRX10382399	TFs and others	BCOR	Pluripotent stem cell	hESC H1	35625	436/483	39/49	-1.53645	-0.0305956	1.13415
SRX10722980	TFs and others	CSTF2	Bone	U2OS	5379	92/483	3/49	-1.53571	-0.0305956	3.11111
SRX2731658	TFs and others	PBX4	Prostate	PC-3	76930	130/483	21/49	-1.53269	-0.0305956	0.628019
SRX8673498	TFs and others	CTCF	Bone	HT-1080	63445	186/483	11/49	-1.53117	-0.0305956	1.71542
SRX5286307	TFs and others	AR	Prostate	LNCAP	43005	314/483	24/49	-1.52716	-0.0305956	1.32729
SRX667414	TFs and others	Epitope tags	Breast	MCF-7	20211	184/483	11/49	-1.51998	-0.0305956	1.69697
SRX236114	TFs and others	TCF12	Blood	Kasumi-1	5897	58/483	1/49	-1.51453	-0.0305956	5.88406
SRX573052	TFs and others	CPSF3L	Uterus	HeLa	2024	58/483	1/49	-1.51453	-0.0305956	5.88406
SRX6614753	TFs and others	CTCF	Lung	IMR-90	26573	58/483	1/49	-1.51453	-0.0305956	5.88406
SRX2582039	TFs and others	KDM4A	Breast	BCSC1	5866	59/483	1/49	-1.51343	-0.0305956	5.98551
SRX295036	TFs and others	MECP2	Lung	IMR-90	1425	59/483	1/49	-1.51343	-0.0305956	5.98551
SRX4326272	TFs and others	BRD4	Neural	SK-N-BE(2)	3202	59/483	1/49	-1.51343	-0.0305956	5.98551
SRX4377126	TFs and others	CTCF	Pluripotent stem cell	hESC derived mesendodermal cells	22145	59/483	1/49	-1.51343	-0.0305956	5.98551
SRX6058757	TFs and others	CEBPA	Breast	T-47D	7867	59/483	1/49	-1.51343	-0.0305956	5.98551
SRX4937336	TFs and others	MED1	Digestive tract	HCT 116	11386	116/483	5/49	-1.51232	-0.0305956	2.35362
SRX9178809	TFs and others	HAP1	Blood	HAP1	7923	116/483	5/49	-1.51232	-0.0305956	2.35362
SRX101303	TFs and others	KAT7	Digestive tract	RKO	9531	117/483	5/49	-1.51048	-0.0305956	2.37391
SRX3583180	TFs and others	CTCF	Breast	MCF-7	48676	117/483	5/49	-1.51048	-0.0305956	2.37391
SRX6175607	TFs and others	CTCF	Bone	A-673	49484	117/483	5/49	-1.51048	-0.0305956	2.37391
SRX371474	TFs and others	ESR1	Breast	BT-474	18787	39/483	9/49	-1.50992	-0.0305956	0.439614
SRX9178850	TFs and others	HAP1	Blood	HAP1	11020	198/483	12/49	-1.50984	-0.0305956	1.67391
SRX1091827	TFs and others	CTCFL	Breast	MCF-7	6073	74/483	2/49	-1.5087	-0.0305956	3.75362
SRX1738529	TFs and others	CTCF	Blood	Hematopoietic Stem Cells	12849	74/483	2/49	-1.5087	-0.0305956	3.75362
SRX2017936	TFs and others	AR	Prostate	22Rv1	8809	74/483	2/49	-1.5087	-0.0305956	3.75362
SRX8582167	TFs and others	CTCF	Digestive tract	HCT 116	33422	74/483	2/49	-1.5087	-0.0305956	3.75362
SRX6902857	TFs and others	CTCF	Blood	CD34+	42812	114/483	5/49	-1.50844	-0.0305956	2.31304
SRX7951331	TFs and others	SMARCA4	Lung	NCI-H1944	4782	114/483	5/49	-1.50844	-0.0305956	2.31304
SRX10119134	TFs and others	RUNX1	Blood	MV-4-11	33412	60/483	1/49	-1.50794	-0.0305956	6.08696
SRX2378771	TFs and others	NELFE	Bone	U2OS	1931	60/483	1/49	-1.50794	-0.0305956	6.08696
SRX471869	TFs and others	BRD2	Prostate	VCaP	2153	60/483	1/49	-1.50794	-0.0305956	6.08696
SRX5888975	TFs and others	SMARCB1	Epidermis	BJ	2278	60/483	1/49	-1.50794	-0.0305956	6.08696
SRX150728	TFs and others	JUND	Liver	Hep G2	27896	75/483	2/49	-1.50715	-0.0305956	3.80435
SRX471870	TFs and others	BRD3	Prostate	VCaP	3773	75/483	2/49	-1.50715	-0.0305956	3.80435
SRX10656919	TFs and others	CTCF	Blood	K-562	12101	73/483	2/49	-1.50667	-0.0305956	3.7029
SRX3345950	TFs and others	CPSF3L	Blood	HL-60	12166	297/483	22/49	-1.50237	-0.0305956	1.36957
SRX341011	TFs and others	MYOD1	Muscle	Myotube	23090	76/483	2/49	-1.50206	-0.0305956	3.85507
SRX4155661	TFs and others	CTCFL	Neural	KELLY	11689	76/483	2/49	-1.50206	-0.0305956	3.85507
SRX4473686	TFs and others	ARID2	Gonad	BIN-67	3412	76/483	2/49	-1.50206	-0.0305956	3.85507
SRX6578947	TFs and others	CTCF	Blood	CUTLL1	18299	76/483	2/49	-1.50206	-0.0305956	3.85507
SRX10881810	TFs and others	BRD7	Kidney	G-401	2007	61/483	1/49	-1.49824	-0.0305956	6.18841
SRX3288585	TFs and others	CTCF	Pluripotent stem cell	hESC H9	51588	61/483	1/49	-1.49824	-0.0305956	6.18841
SRX367192	TFs and others	TCF7L2	Prostate	LNCAP	8621	61/483	1/49	-1.49824	-0.0305956	6.18841
SRX3271022	TFs and others	KDM1A	Pluripotent stem cell	hESC derived pancreatic cells	11410	194/483	12/49	-1.49407	-0.0305956	1.6401
SRX6435390	TFs and others	SUPT5H	Kidney	293	5164	194/483	12/49	-1.49407	-0.0305956	1.6401
SRX2064715	TFs and others	RAD21	Digestive tract	HCT 116	24689	207/483	13/49	-1.48861	-0.0305956	1.61538
SRX4367441	TFs and others	TBP	Lung	Bronchial tracheal epithelial cells	3351	152/483	8/49	-1.48661	-0.0305956	1.92754
SRX1873447	TFs and others	KDM2B	Blood	SEM	23294	399/483	34/49	-1.48534	-0.0305956	1.19054
SRX8670129	TFs and others	ASCL1	Neural	SH-SY5Y	69202	206/483	13/49	-1.4853	-0.0305956	1.60758
SRX10881814	TFs and others	BRD9	Kidney	G-401	8140	150/483	8/49	-1.48271	-0.0305956	1.90217
SRX9178836	TFs and others	HAP1	Blood	HAP1	8680	150/483	8/49	-1.48271	-0.0305956	1.90217
SRX3229136	TFs and others	ESR1	Breast	Breast cancer	2693	140/483	22/49	-1.48223	-0.0305956	0.645586
SRX386202	TFs and others	GATA1	Blood	CD34+	80659	294/483	22/49	-1.47904	-0.0305956	1.35573
SRX4417532	TFs and others	CTCF	Pluripotent stem cell	hESC derived neural cells	43198	149/483	8/49	-1.4777	-0.0305956	1.88949
SRX150359	TFs and others	RELA	Blood	GM19193	7727	40/483	9/49	-1.47701	-0.0305956	0.450886
SRX1091822	TFs and others	CTCFL	Gonad	OVCAR-8	24943	218/483	14/49	-1.47517	-0.0305956	1.57971
SRX3145149	TFs and others	RAD21	Neural	IMR-5	68050	218/483	14/49	-1.47517	-0.0305956	1.57971
SRX371478	TFs and others	ESR1	Breast	MCF-7	35407	53/483	11/49	-1.46729	-0.0305956	0.488801
SRX3256875	TFs and others	KDM2B	Pluripotent stem cell	hESC H1	30407	374/483	31/49	-1.46573	-0.0305956	1.22394
SRX1660871	TFs and others	TRIM25	Breast	Breast cancer cells	8898	229/483	15/49	-1.46496	-0.0305956	1.54879
SRX658610	TFs and others	MYB	Blood	Jurkat	26768	254/483	34/49	-1.46496	-0.0305956	0.757886
SRX9178818	TFs and others	HAP1	Blood	HAP1	12304	227/483	15/49	-1.4626	-0.0305956	1.53527
SRX10131665	TFs and others	NELFCD	Lung	Bronchial tracheal epithelial cells	10829	340/483	27/49	-1.46078	-0.0305956	1.27751
SRX150510	TFs and others	MXI1	Blood	GM12878	11444	245/483	33/49	-1.45832	-0.0305956	0.753184
SRX4892335	TFs and others	Epitope tags	Kidney	293	7305	249/483	17/49	-1.4569	-0.0305956	1.48593
SRX186705	TFs and others	PHF8	Pluripotent stem cell	hESC H1	10408	257/483	18/49	-1.45495	-0.0305956	1.44847
SRX6473436	TFs and others	Epitope tags	Pluripotent stem cell	hESC derived neural crests	14564	225/483	15/49	-1.45342	-0.0305956	1.52174
SRX116465	TFs and others	PHF8	Pluripotent stem cell	hESC H1	10414	256/483	18/49	-1.45045	-0.0305956	1.44283
SRX8299783	TFs and others	MYC	Bone	U2OS	20211	339/483	27/49	-1.44998	-0.0305956	1.27375
SRX8670130	TFs and others	ASCL1	Neural	SH-SY5Y	88209	274/483	20/49	-1.44962	-0.0305956	1.38986
SRX4374938	TFs and others	NOTCH1	Breast	HCC1599	1112	86/483	15/49	-1.44644	-0.0305956	0.581643
SRX813769	TFs and others	MED1	Adipocyte	SGBS	12629	245/483	17/49	-1.4434	-0.0305956	1.46206
SRX7805372	TFs and others	ZFX	Kidney	293	12819	163/483	9/49	-1.44269	-0.0305956	1.83736
SRX6913082	TFs and others	BRD4	Blood	K-562	8600	161/483	9/49	-1.44191	-0.0305956	1.81481
SRX356523	TFs and others	CTCF	Blood	GM12892	42633	126/483	6/49	-1.43935	-0.0305956	2.13043
SRX4708083	TFs and others	RBM22	Blood	K-562	5681	126/483	6/49	-1.43935	-0.0305956	2.13043
SRX3098193	TFs and others	RUNX1T1	Blood	Kasumi-1	7038	160/483	9/49	-1.43864	-0.0305956	1.80354
SRX2897217	TFs and others	ESR1	Breast	Breast cancer cells	5349	127/483	6/49	-1.43862	-0.0305956	2.14734
SRX356748	TFs and others	CTCF	Blood	Lymphoblastoid cell line	43528	127/483	6/49	-1.43862	-0.0305956	2.14734
SRX356767	TFs and others	CTCF	Blood	Lymphoblastoid cell line	46611	127/483	6/49	-1.43862	-0.0305956	2.14734
SRX5283931	TFs and others	CPSF3L	Uterus	HeLa	5175	125/483	6/49	-1.43784	-0.0305956	2.11353
SRX541387	TFs and others	EZH2	Blood	Multiple Myeloma	11656	125/483	6/49	-1.43784	-0.0305956	2.11353
SRX5668134	TFs and others	KMT2A	Blood	IMS-M2	3907	125/483	6/49	-1.43784	-0.0305956	2.11353
SRX5503029	TFs and others	Epitope tags	Kidney	293	14661	338/483	27/49	-1.43755	-0.0305956	1.26999
SRX1091818	TFs and others	CTCFL	Blood	delta-47	14149	128/483	6/49	-1.43564	-0.0305956	2.16425
SRX2609667	TFs and others	NR3C1	Lung	HASM2	25826	100/483	4/49	-1.43497	-0.0305956	2.53623
SRX100531	TFs and others	CTCF	Liver	Hep G2	50715	101/483	4/49	-1.43443	-0.0305956	2.56159
SRX1801655	TFs and others	CTCF	Digestive tract	COLO 829	39788	101/483	4/49	-1.43443	-0.0305956	2.56159
SRX356483	TFs and others	CTCF	Blood	Lymphoblastoid cell line	43198	124/483	6/49	-1.43409	-0.0305956	2.09662
SRX356501	TFs and others	CTCF	Blood	GM12891	44832	124/483	6/49	-1.43409	-0.0305956	2.09662
SRX8949797	TFs and others	ASCL1	Unclassified	Unclassified	22112	372/483	31/49	-1.43375	-0.0305956	1.21739
SRX4792905	TFs and others	CTCF	Breast	T-47D	26134	159/483	9/49	-1.43347	-0.0305956	1.79227
SRX497418	TFs and others	PRDM11	Blood	U-2932	2619	99/483	4/49	-1.43285	-0.0305956	2.51087
SRX4001925	TFs and others	CTCF	Blood	THP-1	43335	102/483	4/49	-1.43126	-0.0305956	2.58696
SRX5982342	TFs and others	SMARCA4	Lung	A549	816	70/483	13/49	-1.42979	-0.0305956	0.546265
SRX100389	TFs and others	REST	Liver	Hep G2	6889	98/483	4/49	-1.42811	-0.0305956	2.48551
SRX3229140	TFs and others	ESR1	Breast	Breast cancer	4640	37/483	0/49	-1.41447	-0.0305956	inf
SRX3768263	TFs and others	USF2	Blood	K-562	1241	37/483	0/49	-1.41447	-0.0305956	inf
SRX4824365	TFs and others	AR	Prostate	22Rv1	13588	37/483	0/49	-1.41447	-0.0305956	inf
SRX4931281	TFs and others	AFF1	Blood	SEM	1642	37/483	0/49	-1.41447	-0.0305956	inf
SRX7807558	TFs and others	GATA3	Blood	GM12878	4928	37/483	0/49	-1.41447	-0.0305956	inf
SRX100410	TFs and others	REST	Pluripotent stem cell	hESC H1	10690	38/483	0/49	-1.41385	-0.0305956	inf
SRX1521305	TFs and others	ZMYND8	Breast	ZR-75-30	2013	38/483	0/49	-1.41385	-0.0305956	inf
SRX2323907	TFs and others	AFF1	Blood	Pre-B cell leukemia	1313	38/483	0/49	-1.41385	-0.0305956	inf
SRX3468013	TFs and others	ARID2	Others	Aska	1336	38/483	0/49	-1.41385	-0.0305956	inf
SRX4155662	TFs and others	CTCF	Neural	KELLY	17518	38/483	0/49	-1.41385	-0.0305956	inf
SRX5062484	TFs and others	SUPT5H	Bone	U2OS	1217	38/483	0/49	-1.41385	-0.0305956	inf
SRX5359052	TFs and others	RORC	Breast	HCC70	15451	38/483	0/49	-1.41385	-0.0305956	inf
SRX5391687	TFs and others	CTCF	Blood	Neutrophils	6271	38/483	0/49	-1.41385	-0.0305956	inf
SRX8358264	TFs and others	TCF21	Cardiovascular	HCASMC	2037	38/483	0/49	-1.41385	-0.0305956	inf
SRX4096894	TFs and others	TRPS1	Unclassified	Unclassified	8104	172/483	10/49	-1.40732	-0.0305956	1.74493
SRX6066511	TFs and others	NELFE	Digestive tract	HCT 116	5467	172/483	10/49	-1.40732	-0.0305956	1.74493
SRX5654425	TFs and others	Epitope tags	Liver	Hep 3B	15202	173/483	10/49	-1.40718	-0.0305956	1.75507
SRX10119151	TFs and others	CREBBP	Blood	MV-4-11	949	39/483	0/49	-1.40716	-0.0305956	inf
SRX10145208	TFs and others	REL	Blood	CD4+ T cells	1492	39/483	0/49	-1.40716	-0.0305956	inf
SRX10151292	TFs and others	CTCF	Pluripotent stem cell	iPS derived neural cells	10850	39/483	0/49	-1.40716	-0.0305956	inf
SRX3205373	TFs and others	SOX2	Others	Head and neck squamous cell carcinoma 	2897	39/483	0/49	-1.40716	-0.0305956	inf
SRX2059878	TFs and others	O-GlcNAc	Blood	BJAB	8170	312/483	39/49	-1.40564	-0.0305956	0.811594
SRX5576989	TFs and others	CREB1	Lung	A549	19952	441/483	40/49	-1.40481	-0.0305956	1.11848
SRX116437	TFs and others	PHF8	Blood	K-562	21221	364/483	30/49	-1.4027	-0.0305956	1.23092
SRX1594205	TFs and others	CTCF	Breast	MCF-7	36064	169/483	10/49	-1.39689	-0.0305956	1.71449
SRX100484	TFs and others	FOSL1	Blood	K-562	6876	40/483	0/49	-1.39471	-0.0305956	inf
SRX384491	TFs and others	XBP1	Breast	Hs 578T	1937	40/483	0/49	-1.39471	-0.0305956	inf
SRX4001482	TFs and others	BRD2	Lung	NCI-H23	2676	40/483	0/49	-1.39471	-0.0305956	inf
SRX4154216	TFs and others	Epitope tags	Blood	Acute myeloid leukemia	9030	40/483	0/49	-1.39471	-0.0305956	inf
SRX063918	TFs and others	ERG	Breast	MCF-7	15396	320/483	25/49	-1.38877	-0.0305956	1.29855
SRX356455	TFs and others	CTCF	Blood	GM12878	43161	136/483	7/49	-1.37969	-0.0305956	1.97101
SRX356689	TFs and others	CTCF	Blood	GM19240	43013	137/483	7/49	-1.37968	-0.0305956	1.98551
SRX4611723	TFs and others	ESR1	Breast	MCF-7	49184	137/483	7/49	-1.37968	-0.0305956	1.98551
SRX8246294	TFs and others	FGFR1	Breast	MCF-7	6424	137/483	7/49	-1.37968	-0.0305956	1.98551
SRX1091813	TFs and others	CTCF	Blood	K-562	45824	135/483	7/49	-1.37767	-0.0305956	1.95652
SRX4525850	TFs and others	CTCF	Kidney	TTC-1240	51624	135/483	7/49	-1.37767	-0.0305956	1.95652
SRX1384025	TFs and others	ATF3	Digestive tract	HCT 116	19673	138/483	7/49	-1.37764	-0.0305956	2
SRX3285580	TFs and others	KDM5B	Breast	MCF-7	6141	138/483	7/49	-1.37764	-0.0305956	2
SRX356731	TFs and others	CTCF	Blood	Lymphoblastoid cell line	47113	138/483	7/49	-1.37764	-0.0305956	2
SRX3800706	TFs and others	CTCF	Breast	T-47D	47707	134/483	7/49	-1.37363	-0.0305956	1.94203
SRX4473691	TFs and others	SMARCA4	Gonad	BIN-67	9058	134/483	7/49	-1.37363	-0.0305956	1.94203
SRX8673486	TFs and others	CTCF	Bone	HT-1080	67013	134/483	7/49	-1.37363	-0.0305956	1.94203
SRX6828394	TFs and others	CTCF	Breast	MCF-7	49455	85/483	3/49	-1.37313	-0.0305956	2.8744
SRX188947	TFs and others	CTCF	Blood	GM10266	32995	84/483	3/49	-1.37221	-0.0305956	2.84058
SRX3482875	TFs and others	RAD21	Pluripotent stem cell	hESC HUES64	61939	84/483	3/49	-1.37221	-0.0305956	2.84058
SRX6614733	TFs and others	CTCF	Lung	IMR-90	34779	84/483	3/49	-1.37221	-0.0305956	2.84058
SRX6750798	TFs and others	SOX2	Breast	MDA-MB-231	2246	84/483	3/49	-1.37221	-0.0305956	2.84058
SRX9571481	TFs and others	Epitope tags	Blood	K-562	5218	84/483	3/49	-1.37221	-0.0305956	2.84058
SRX1091825	TFs and others	CTCF	Breast	MCF-7	54955	86/483	3/49	-1.37117	-0.0305956	2.90821
SRX209673	TFs and others	EP300	Neural	Fetal brain	4672	86/483	3/49	-1.37117	-0.0305956	2.90821
SRX2683604	TFs and others	Epitope tags	Kidney	293	1973	86/483	3/49	-1.37117	-0.0305956	2.90821
SRX5359048	TFs and others	SREBF2	Breast	HCC70	19760	86/483	3/49	-1.37117	-0.0305956	2.90821
SRX8272901	TFs and others	BRD4	Blood	BLaER1	3637	86/483	3/49	-1.37117	-0.0305956	2.90821
SRX188963	TFs and others	CTCF	Kidney	Kidney	28648	83/483	3/49	-1.36842	-0.0305956	2.80676
SRX6614737	TFs and others	CTCF	Lung	IMR-90	36390	83/483	3/49	-1.36842	-0.0305956	2.80676
SRX4193143	TFs and others	ESR1	Breast	MCF-7	5375	96/483	16/49	-1.36268	-0.0305956	0.608696
SRX4374905	TFs and others	SMC1A	Breast	MB 157	28883	310/483	24/49	-1.36161	-0.0305956	1.31039
SRX8907435	TFs and others	MTA2	Muscle	Rh-5	9410	128/483	20/49	-1.35974	-0.0305956	0.649275
SRX1058477	TFs and others	MCPV ST	Epidermis	MKL-1	3887	34/483	8/49	-1.35465	-0.0305956	0.431159
SRX7030932	TFs and others	NELFA	Breast	MCF-7	6058	193/483	12/49	-1.3539	-0.0305956	1.63164
SRX190233	TFs and others	CEBPD	Liver	Hep G2	5908	111/483	5/49	-1.35029	-0.0305956	2.25217
SRX190276	TFs and others	CTCF	Blood	K-562	38039	111/483	5/49	-1.35029	-0.0305956	2.25217
SRX6582171	TFs and others	JUN	Others	GM07492	37936	111/483	5/49	-1.35029	-0.0305956	2.25217
SRX190240	TFs and others	REST	Liver	Hep G2	9033	110/483	5/49	-1.34972	-0.0305956	2.23188
SRX359404	TFs and others	EP300	Kidney	293	3020	110/483	5/49	-1.34972	-0.0305956	2.23188
SRX5577144	TFs and others	Epitope tags	Prostate	LNCAP	56025	110/483	5/49	-1.34972	-0.0305956	2.23188
SRX1813533	TFs and others	Epitope tags	Blood	MV-4-11	9572	112/483	5/49	-1.34856	-0.0305956	2.27246
SRX3230412	TFs and others	ZNF12	Liver	Hep G2	12013	112/483	5/49	-1.34856	-0.0305956	2.27246
SRX117011	TFs and others	FLI1	Blood	U-937	13833	308/483	24/49	-1.34395	-0.0305956	1.30193
SRX017912	TFs and others	RELA	Blood	GM12891	13828	58/483	11/49	-1.3414	-0.0305956	0.534914
SRX150635	TFs and others	RFX5	Blood	GM12878	2784	130/483	20/49	-1.33882	-0.0305956	0.65942
SRX160844	TFs and others	GATA1	Blood	CD34+	80727	293/483	22/49	-1.33381	-0.0305956	1.35112
ERX626811	TFs and others	EP300	Blood	U-937	7205	69/483	2/49	-1.33253	-0.0305956	3.5
SRX158110	TFs and others	TCF12	Blood	RPMI 8402	16651	69/483	2/49	-1.33253	-0.0305956	3.5
SRX5141101	TFs and others	CEBPA	Blood	THP-1	26104	69/483	2/49	-1.33253	-0.0305956	3.5
SRX1514277	TFs and others	ERG	Blood	Kasumi-1	24468	299/483	23/49	-1.33188	-0.0305956	1.31884
SRX218418	TFs and others	GATA1	Blood	Erythroid Cells	25823	299/483	23/49	-1.33188	-0.0305956	1.31884
SRX10119135	TFs and others	RUNX1	Blood	MV-4-11	39133	70/483	2/49	-1.33182	-0.0305956	3.55072
SRX1091824	TFs and others	CTCF	Breast	MCF-7	46178	70/483	2/49	-1.33182	-0.0305956	3.55072
SRX3124404	TFs and others	CTCFL	Neural	KELLY	8001	70/483	2/49	-1.33182	-0.0305956	3.55072
SRX3285598	TFs and others	KDM5B	Breast	TAMR	3370	70/483	2/49	-1.33182	-0.0305956	3.55072
SRX3583225	TFs and others	CTCF	Breast	MCF-7	24037	70/483	2/49	-1.33182	-0.0305956	3.55072
SRX7276677	TFs and others	Epitope tags	Kidney	293	25291	70/483	2/49	-1.33182	-0.0305956	3.55072
SRX3110738	TFs and others	ESR1	Breast	MCF-7	70549	147/483	8/49	-1.33095	-0.0305956	1.86413
SRX9345716	TFs and others	CTCF	Blood	Erythroid Cells	28012	146/483	8/49	-1.33047	-0.0305956	1.85145
SRX080388	TFs and others	CTCF	Blood	GM12865	28220	68/483	2/49	-1.32994	-0.0305956	3.44928
SRX3592686	TFs and others	JUN	Pluripotent stem cell	hESC HUES8	2952	68/483	2/49	-1.32994	-0.0305956	3.44928
SRX393516	TFs and others	TAL1	Cardiovascular	Primary endothelial cells	37579	68/483	2/49	-1.32994	-0.0305956	3.44928
SRX8470138	TFs and others	ZMYND8	Digestive tract	HCT 116	3527	68/483	2/49	-1.32994	-0.0305956	3.44928
SRX100511	TFs and others	RAD21	Pluripotent stem cell	hESC H1	77915	148/483	8/49	-1.32956	-0.0305956	1.87681
SRX2014505	TFs and others	TET2	Blood	Jurkat	53848	54/483	1/49	-1.32866	-0.0305956	5.47826
SRX4473692	TFs and others	SMARCC1	Gonad	BIN-67	3346	54/483	1/49	-1.32866	-0.0305956	5.47826
SRX6578942	TFs and others	CTCF	Blood	CUTLL1	12037	54/483	1/49	-1.32866	-0.0305956	5.47826
SRX10158160	TFs and others	BRD4	Blood	KBM-7	5191	53/483	1/49	-1.32826	-0.0305956	5.37681
SRX102993	TFs and others	CTCF	Blood	GM12891	35143	145/483	8/49	-1.32812	-0.0305956	1.83877
SRX3540868	TFs and others	CTCF	Uterus	HeLa	58695	145/483	8/49	-1.32812	-0.0305956	1.83877
SRX8337454	TFs and others	NFYA	Blood	HUDEP-1	7206	338/483	41/49	-1.32812	-0.0305956	0.836338
SRX5289965	TFs and others	NR3C1	Lung	BEAS-2B	1858	44/483	9/49	-1.32791	-0.0305956	0.495974
SRX5982340	TFs and others	SMARCA4	Lung	A549	8200	44/483	9/49	-1.32791	-0.0305956	0.495974
SRX037937	TFs and others	CTCF	Blood	CD36+	18250	71/483	2/49	-1.32785	-0.0305956	3.60145
SRX265226	TFs and others	GATA2	Blood	ME-1	2177	71/483	2/49	-1.32785	-0.0305956	3.60145
SRX3124391	TFs and others	BRD4	Neural	KELLY	7923	71/483	2/49	-1.32785	-0.0305956	3.60145
SRX5001397	TFs and others	CTCF	Bone	HT-1080	30129	71/483	2/49	-1.32785	-0.0305956	3.60145
SRX5307507	TFs and others	MAX	Blood	P493-6	8622	200/483	13/49	-1.32782	-0.0305956	1.56076
SRX150577	TFs and others	MXI1	Uterus	HeLa	6435	136/483	21/49	-1.32632	-0.0305956	0.657005
SRX1967784	TFs and others	SMC1A	Epidermis	Keratinocytes	10885	55/483	1/49	-1.32495	-0.0305956	5.57971
SRX2578876	TFs and others	ESR1	Breast	MDA-MB-231	1577	55/483	1/49	-1.32495	-0.0305956	5.57971
SRX8119674	TFs and others	SMARCA2	Lung	MRC-5	39681	144/483	8/49	-1.32393	-0.0305956	1.82609
SRX015825	TFs and others	ETS1	Blood	Jurkat (Clone E6-1)	5812	193/483	27/49	-1.32164	-0.0305956	0.725174
SRX334255	TFs and others	E2F1	Unclassified	Unclassified	1331	80/483	14/49	-1.32148	-0.0305956	0.57971
SRX150714	TFs and others	SMARCB1	Uterus	HeLa	2828	72/483	2/49	-1.32071	-0.0305956	3.65217
SRX4931237	TFs and others	KMT2A	Kidney	293	3242	72/483	2/49	-1.32071	-0.0305956	3.65217
SRX5089560	TFs and others	BRD4	Breast	MCF-7	5713	72/483	2/49	-1.32071	-0.0305956	3.65217
SRX1089830	TFs and others	NFE2	Blood	Hematopoietic Stem Cells	3108	56/483	1/49	-1.31727	-0.0305956	5.68116
SRX1514959	TFs and others	GFP	Kidney	293	7578	56/483	1/49	-1.31727	-0.0305956	5.68116
SRX1660877	TFs and others	TRIM25	Breast	Breast cancer cells	1309	56/483	1/49	-1.31727	-0.0305956	5.68116
SRX2683608	TFs and others	Epitope tags	Kidney	293	1144	56/483	1/49	-1.31727	-0.0305956	5.68116
SRX6743812	TFs and others	CHD6	Pluripotent stem cell	iPS derived neural cells	1480	56/483	1/49	-1.31727	-0.0305956	5.68116
SRX5738752	TFs and others	Crotonyllysine	Pluripotent stem cell	ES cells	23186	211/483	14/49	-1.31648	-0.0305956	1.52899
SRX3852899	TFs and others	NELFE	Blood	K-562	9007	289/483	22/49	-1.31458	-0.0305956	1.33267
SRX150440	TFs and others	STAT1	Uterus	HeLa	12433	138/483	21/49	-1.3145	-0.0305956	0.666667
SRX2769830	TFs and others	OTX2	Neural	D283 Med	56738	138/483	21/49	-1.3145	-0.0305956	0.666667
SRX186780	TFs and others	RBBP5	Pluripotent stem cell	hESC H1	11092	210/483	14/49	-1.31249	-0.0305956	1.52174
SRX6066512	TFs and others	NELFE	Digestive tract	HCT 116	6969	210/483	14/49	-1.31249	-0.0305956	1.52174
SRX092569	TFs and others	HCFC1	Uterus	HeLa	1923	63/483	12/49	-1.31057	-0.0305956	0.532609
SRX149660	TFs and others	CDK8	Digestive tract	HCT 116	14410	273/483	20/49	-1.30847	-0.0305956	1.38478
SRX3460916	TFs and others	IKZF3	Blood	Pre-B cells	12917	139/483	21/49	-1.30605	-0.0305956	0.671498
SRX1456192	TFs and others	EBF1	Blood	Mutu	21117	81/483	14/49	-1.30476	-0.0305956	0.586957
SRX334254	TFs and others	E2F1	Unclassified	Unclassified	1425	81/483	14/49	-1.30476	-0.0305956	0.586957
SRX9932052	TFs and others	STAT5A	Breast	MCF-7	3450	212/483	29/49	-1.303	-0.0305956	0.741629
SRX1787312	TFs and others	KDM2B	Blood	OCI-LY1	14641	233/483	16/49	-1.30176	-0.0305956	1.47736
SRX7196721	TFs and others	BMI1	Neural	SF8628	19935	220/483	15/49	-1.30115	-0.0305956	1.48792
SRX8337458	TFs and others	NFYA	Blood	HUDEP-1	4774	263/483	34/49	-1.30115	-0.0305956	0.78474
SRX5738754	TFs and others	Crotonyllysine	Pluripotent stem cell	hESC derived Endodermal cells	24362	243/483	17/49	-1.29817	-0.0305956	1.45013
SRX2867671	TFs and others	GFP	Kidney	293	17635	240/483	32/49	-1.29817	-0.0305956	0.76087
SRX6602363	TFs and others	ARNTL	Neural	Glioma stem cells	7860	231/483	16/49	-1.29776	-0.0305956	1.46467
SRX094469	TFs and others	TCF7L2	Digestive tract	HCT 116	15804	242/483	17/49	-1.29675	-0.0305956	1.44416
SRX6780893	TFs and others	CREB1	Pluripotent stem cell	iPS derived neural cells	5266	241/483	32/49	-1.29675	-0.0305956	0.76404
SRX026653	TFs and others	ERG	Blood	CD34 Hematopoietic stem cells	22246	219/483	15/49	-1.29559	-0.0305956	1.48116
SRX7544092	TFs and others	ESR1	Uterus	Ishikawa	17708	230/483	16/49	-1.29354	-0.0305956	1.45833
SRX1637469	TFs and others	CDK9	Blood	MOLT-4	22115	223/483	30/49	-1.29172	-0.0305956	0.754106
SRX8420196	TFs and others	JUN	Blood	KARPAS-299	12874	156/483	9/49	-1.28964	-0.0305956	1.75845
SRX100518	TFs and others	ZBTB7A	Blood	K-562	21192	239/483	17/49	-1.2837	-0.0305956	1.42626
SRX4377550	TFs and others	BRD2	Breast	HCC1806	11279	249/483	18/49	-1.28294	-0.0305956	1.40338
SRX5234513	TFs and others	SMARCC1	Kidney	TTC1240	22526	154/483	9/49	-1.28283	-0.0305956	1.73591
SRX150484	TFs and others	CTCF	Lung	IMR-90	38533	121/483	6/49	-1.28268	-0.0305956	2.04589
SRX9345714	TFs and others	CTCF	Blood	Erythroid Cells	28407	121/483	6/49	-1.28268	-0.0305956	2.04589
SRX5705804	TFs and others	ETS1	Pluripotent stem cell	hESC derived cardiac cells	1681	147/483	22/49	-1.28259	-0.0305956	0.677866
SRX8066534	TFs and others	CTCF	Blood	GM04604	43681	122/483	6/49	-1.28185	-0.0305956	2.0628
SRX9345715	TFs and others	CTCF	Blood	Erythroid Cells	26861	122/483	6/49	-1.28185	-0.0305956	2.0628
SRX5313204	TFs and others	TP53	Digestive tract	HCT 116	4732	120/483	6/49	-1.28147	-0.0305956	2.02899
SRX8080562	TFs and others	Epitope tags	Breast	Mammary gland adenocarcinoma	14354	123/483	6/49	-1.27901	-0.0305956	2.07971
SRX5824570	TFs and others	BRD2	Breast	SUM 149PT	17177	376/483	32/49	-1.27854	-0.0305956	1.19203
SRX3433961	TFs and others	CTCF	Neural	NB69	53905	119/483	6/49	-1.27824	-0.0305956	2.01208
SRX356646	TFs and others	CTCF	Blood	GM19238	41525	119/483	6/49	-1.27824	-0.0305956	2.01208
SRX2368886	TFs and others	FOXA2	Liver	Hep G2	13053	258/483	19/49	-1.27808	-0.0305956	1.37757
SRX9004381	TFs and others	USF2	Blood	SEM	11319	148/483	22/49	-1.27662	-0.0305956	0.682477
SRX371475	TFs and others	ESR1	Breast	BT-474	19871	50/483	10/49	-1.27306	-0.0305956	0.507246
ERX2868716	TFs and others	CTCF	Blood	K-562	38175	95/483	4/49	-1.27237	-0.0305956	2.40942
SRX031245	TFs and others	CTCF	Uterus	HeLa	55965	95/483	4/49	-1.27237	-0.0305956	2.40942
SRX100464	TFs and others	CTCF	Pluripotent stem cell	hESC H1	47015	95/483	4/49	-1.27237	-0.0305956	2.40942
SRX2166893	TFs and others	CTCF	Neural	Retina	19533	95/483	4/49	-1.27237	-0.0305956	2.40942
SRX8080545	TFs and others	Epitope tags	Breast	Mammary gland ductal carcinoma	8148	95/483	4/49	-1.27237	-0.0305956	2.40942
SRX3962736	TFs and others	LMNA	Epidermis	BJ-5ta	11748	96/483	4/49	-1.27199	-0.0305956	2.43478
SRX5880871	TFs and others	RAD21	Digestive tract	DKO	30679	96/483	4/49	-1.27199	-0.0305956	2.43478
SRX102984	TFs and others	CTCF	Uterus	HeLa	55963	94/483	4/49	-1.27033	-0.0305956	2.38406
SRX1224602	TFs and others	BRD4	Breast	MCF 10A	4601	94/483	4/49	-1.27033	-0.0305956	2.38406
SRX3800707	TFs and others	CTCF	Breast	T-47D	30436	94/483	4/49	-1.27033	-0.0305956	2.38406
SRX5577164	TFs and others	AR	Prostate	LNCAP	3907	94/483	4/49	-1.27033	-0.0305956	2.38406
SRX8080570	TFs and others	POU2F1	Breast	Mammary gland ductal carcinoma	19246	389/483	45/49	-1.27033	-0.0305956	0.876973
SRX150703	TFs and others	RAD21	Lung	IMR-90	35345	97/483	4/49	-1.26923	-0.0305956	2.46014
SRX2652441	TFs and others	ZBTB48	Uterus	HeLa	4895	97/483	4/49	-1.26923	-0.0305956	2.46014
SRX3591436	TFs and others	BRD4	Blood	B-CLL cells	2985	97/483	4/49	-1.26923	-0.0305956	2.46014
SRX7135365	TFs and others	BRD2	Blood	K-562	3061	149/483	22/49	-1.26908	-0.0305956	0.687088
SRX190337	TFs and others	NFIC	Blood	GM12878	21528	83/483	14/49	-1.26628	-0.0305956	0.601449
SRX6977272	TFs and others	ZNF143	Neural	BE(2)-C	2427	83/483	14/49	-1.26628	-0.0305956	0.601449
SRX2900151	TFs and others	KMT2C	Breast	CAL-51	2599	87/483	15/49	-1.26413	-0.0305956	0.588406
SRX2795371	TFs and others	BRD4	Blood	Akata	2717	88/483	15/49	-1.25678	-0.0305956	0.595169
SRX4417530	TFs and others	CTCF	Pluripotent stem cell	hESC derived neural cells	51653	165/483	10/49	-1.25304	-0.0305956	1.67391
SRX5604679	TFs and others	FOXA1	Prostate	LNCAP	23785	164/483	10/49	-1.24876	-0.0305956	1.66377
SRX8673362	TFs and others	RUNX1T1	Blood	Kasumi-1	14214	164/483	10/49	-1.24876	-0.0305956	1.66377
SRX359882	TFs and others	CREB1	Digestive tract	LoVo	2788	159/483	23/49	-1.23812	-0.0305956	0.701323
SRX371479	TFs and others	ESR1	Breast	MCF-7	25157	38/483	8/49	-1.2332	-0.0305956	0.481884
SRX5729951	TFs and others	BRD4	Prostate	22Rv1	6083	177/483	11/49	-1.22889	-0.0305956	1.63241
SRX356749	TFs and others	CTCF	Blood	Lymphoblastoid cell line	47736	131/483	7/49	-1.22752	-0.0305956	1.89855
SRX3927313	TFs and others	CTCF	Blood	Jurkat	48028	131/483	7/49	-1.22752	-0.0305956	1.89855
SRX151245	TFs and others	CTCF	Blood	BCBL1	31306	130/483	7/49	-1.22594	-0.0305956	1.88406
SRX1514278	TFs and others	RUNX1T1	Blood	Kasumi-1	10606	130/483	7/49	-1.22594	-0.0305956	1.88406
SRX356482	TFs and others	CTCF	Blood	Lymphoblastoid cell line	41000	130/483	7/49	-1.22594	-0.0305956	1.88406
SRX5089551	TFs and others	BRD4	Breast	MCF-7	9212	130/483	7/49	-1.22594	-0.0305956	1.88406
SRX9562886	TFs and others	SMARCA4	Muscle	RH-4	7405	130/483	7/49	-1.22594	-0.0305956	1.88406
SRX4792902	TFs and others	CTCF	Breast	T-47D	23935	133/483	7/49	-1.22521	-0.0305956	1.92754
SRX5025684	TFs and others	MYCN	Neural	SH-EP	1661	19/483	5/49	-1.22401	-0.0305956	0.385507
SRX103002	TFs and others	CTCF	Neural	Glioblastoma	56188	129/483	7/49	-1.22254	-0.0305956	1.86957
SRX6913086	TFs and others	BRD3	Blood	K-562	7724	174/483	11/49	-1.22057	-0.0305956	1.60474
SRX037417	TFs and others	PRAME	Blood	K-562	3110	123/483	19/49	-1.21576	-0.0305956	0.656751
ERX200535	TFs and others	CTCF	Blood	B cells	11149	33/483	0/49	-1.21383	-0.0305956	inf
SRX1089826	TFs and others	TAL1	Blood	Erythroblasts	15217	33/483	0/49	-1.21383	-0.0305956	inf
SRX116470	TFs and others	SUZ12	Pluripotent stem cell	hESC H1	1455	33/483	0/49	-1.21383	-0.0305956	inf
SRX1477653	TFs and others	Epitope tags	Lung	MRC-5	5894	33/483	0/49	-1.21383	-0.0305956	inf
SRX151223	TFs and others	AFF1	Blood	RS4-11	2651	33/483	0/49	-1.21383	-0.0305956	inf
SRX4154208	TFs and others	Epitope tags	Blood	MOLM-13	6795	33/483	0/49	-1.21383	-0.0305956	inf
SRX5574389	TFs and others	SPI1	Blood	THP-1	28428	33/483	0/49	-1.21383	-0.0305956	inf
SRX5719615	TFs and others	CTCF	Blood	Jurkat	6744	33/483	0/49	-1.21383	-0.0305956	inf
SRX5848173	TFs and others	CTCF	Blood	K-562	18893	33/483	0/49	-1.21383	-0.0305956	inf
SRX646136	TFs and others	TAL1	Blood	Erythroblasts	15225	33/483	0/49	-1.21383	-0.0305956	inf
SRX6913067	TFs and others	BRD4	Blood	THP-1	1381	33/483	0/49	-1.21383	-0.0305956	inf
SRX7196724	TFs and others	BMI1	Neural	SF8628	3487	33/483	0/49	-1.21383	-0.0305956	inf
SRX7202550	TFs and others	CTCF	Uterus	HEC-1-B	25206	33/483	0/49	-1.21383	-0.0305956	inf
SRX7677760	TFs and others	DCP2	Digestive tract	DLD-1	2212	33/483	0/49	-1.21383	-0.0305956	inf
SRX7677761	TFs and others	DCP2	Digestive tract	DLD-1	2031	33/483	0/49	-1.21383	-0.0305956	inf
SRX7807126	TFs and others	TEAD1	Adipocyte	Adipocytes	5298	33/483	0/49	-1.21383	-0.0305956	inf
SRX7818474	TFs and others	Epitope tags	Neural	hTERT RPE-1	2609	33/483	0/49	-1.21383	-0.0305956	inf
SRX8041958	TFs and others	BRD4	Prostate	MR42D	1376	33/483	0/49	-1.21383	-0.0305956	inf
SRX8151644	TFs and others	ARNTL	Adipocyte	Preadipocytes	1341	33/483	0/49	-1.21383	-0.0305956	inf
SRX8707939	TFs and others	MED1	Epidermis	Keratinocytes	3255	33/483	0/49	-1.21383	-0.0305956	inf
SRX4377539	TFs and others	BRD2	Breast	MDA-MB-231	18933	314/483	25/49	-1.21232	-0.0305956	1.2742
ERX200492	TFs and others	CTCF	Blood	B cells	8599	32/483	0/49	-1.21121	-0.0305956	inf
ERX200500	TFs and others	CTCF	Blood	B cells	11020	32/483	0/49	-1.21121	-0.0305956	inf
SRX093190	TFs and others	CEBPB	Blood	Macrophages	11817	32/483	0/49	-1.21121	-0.0305956	inf
SRX097097	TFs and others	SMAD1	Blood	U-937	23356	32/483	0/49	-1.21121	-0.0305956	inf
SRX11220467	TFs and others	SOX9	Digestive tract	HT-29	866	32/483	0/49	-1.21121	-0.0305956	inf
SRX1460853	TFs and others	MED1	Blood	Th1 Cells	543	32/483	0/49	-1.21121	-0.0305956	inf
SRX150444	TFs and others	JUN	Liver	Hep G2	7918	32/483	0/49	-1.21121	-0.0305956	inf
SRX1757996	TFs and others	MAX	Breast	MDA-MB-468	659	32/483	0/49	-1.21121	-0.0305956	inf
SRX1948680	TFs and others	TEAD4	Neural	SK-N-BE(2)	29268	32/483	0/49	-1.21121	-0.0305956	inf
SRX2431535	TFs and others	POU5F1	Epidermis	BJ	689	32/483	0/49	-1.21121	-0.0305956	inf
SRX243629	TFs and others	TEAD4	Digestive tract	SNU-216	8614	32/483	0/49	-1.21121	-0.0305956	inf
SRX3434291	TFs and others	SKI	Blood	HL-60	4747	32/483	0/49	-1.21121	-0.0305956	inf
SRX4705111	TFs and others	CHAF1A	Blood	MOLM-13	1699	32/483	0/49	-1.21121	-0.0305956	inf
SRX5287696	TFs and others	ESR1	Breast	MCF-7	10105	32/483	0/49	-1.21121	-0.0305956	inf
SRX5486429	TFs and others	ZIC5	Digestive tract	HCT 116	1838	32/483	0/49	-1.21121	-0.0305956	inf
SRX5486433	TFs and others	ZIC5	Digestive tract	HCT 116	1679	32/483	0/49	-1.21121	-0.0305956	inf
SRX5719604	TFs and others	CTCF	Blood	T-ALL	13227	32/483	0/49	-1.21121	-0.0305956	inf
SRX5887610	TFs and others	TEAD4	Lung	PC-9	7118	32/483	0/49	-1.21121	-0.0305956	inf
SRX7565922	TFs and others	CTCF	Gonad	A2780	4579	32/483	0/49	-1.21121	-0.0305956	inf
SRX7807115	TFs and others	TEAD1	Unclassified	Unclassified	8109	32/483	0/49	-1.21121	-0.0305956	inf
SRX8616807	TFs and others	JUN	Lung	A549	2146	32/483	0/49	-1.21121	-0.0305956	inf
ERX470435	TFs and others	NRIP1	Breast	MCF-7	8823	34/483	0/49	-1.2106	-0.0305956	inf
SRX100452	TFs and others	TAF7	Blood	K-562	1974	34/483	0/49	-1.2106	-0.0305956	inf
SRX1047413	TFs and others	SOX2	Pluripotent stem cell	hESC H9	8242	34/483	0/49	-1.2106	-0.0305956	inf
SRX150471	TFs and others	ATF3	Blood	K-562	819	34/483	0/49	-1.2106	-0.0305956	inf
SRX4119731	TFs and others	Epitope tags	Kidney	293	443	34/483	0/49	-1.2106	-0.0305956	inf
SRX523396	TFs and others	APOBEC3B	Breast	MCF-7	4161	34/483	0/49	-1.2106	-0.0305956	inf
SRX5234453	TFs and others	SMARCA4	Pluripotent stem cell	iPS cells	10540	34/483	0/49	-1.2106	-0.0305956	inf
SRX5359049	TFs and others	SREBF2	Breast	HCC70	10962	34/483	0/49	-1.2106	-0.0305956	inf
SRX6976722	TFs and others	TEAD1	Epidermis	Keratinocytes	8484	34/483	0/49	-1.2106	-0.0305956	inf
SRX7202534	TFs and others	CTCF	Uterus	HEC-1-B	18752	34/483	0/49	-1.2106	-0.0305956	inf
SRX8588623	TFs and others	SMARCA4	Cardiovascular	Pulmonary artery endothelial cells	24455	34/483	0/49	-1.2106	-0.0305956	inf
SRX8406300	TFs and others	HOXB13	Prostate	Prostate	8195	13/483	4/49	-1.21022	-0.0305956	0.32971
SRX017278	TFs and others	CTCF	Pluripotent stem cell	hESC H1	43671	80/483	3/49	-1.20788	-0.0305956	2.70531
SRX4001920	TFs and others	CTCF	Blood	THP-1	35067	80/483	3/49	-1.20788	-0.0305956	2.70531
SRX4154207	TFs and others	Epitope tags	Blood	MOLM-13	23424	80/483	3/49	-1.20788	-0.0305956	2.70531
SRX10881812	TFs and others	BRD7	Kidney	G-401	3233	79/483	3/49	-1.20672	-0.0305956	2.6715
SRX212197	TFs and others	CTCF	Lung	Lung fibroblasts	27655	79/483	3/49	-1.20672	-0.0305956	2.6715
SRX3768262	TFs and others	PLAG1	Blood	K-562	4249	79/483	3/49	-1.20672	-0.0305956	2.6715
SRX4001919	TFs and others	CTCF	Blood	THP-1	36922	79/483	3/49	-1.20672	-0.0305956	2.6715
ERX2868710	TFs and others	CTCF	Lung	A549	36314	81/483	3/49	-1.20642	-0.0305956	2.73913
SRX3241379	TFs and others	ARID1A	Gonad	RMG-I	14107	188/483	12/49	-1.20587	-0.0305956	1.58937
SRX4417526	TFs and others	CTCF	Pluripotent stem cell	hESC derived neural cells	52210	188/483	12/49	-1.20587	-0.0305956	1.58937
SRX1690201	TFs and others	BRD4	Neural	BE(2)-C	5348	78/483	3/49	-1.20296	-0.0305956	2.63768
SRX4001916	TFs and others	CTCF	Blood	THP-1	36193	78/483	3/49	-1.20296	-0.0305956	2.63768
SRX4564977	TFs and others	CTCF	Breast	MCF-7	25719	78/483	3/49	-1.20296	-0.0305956	2.63768
SRX4708029	TFs and others	FUS	Liver	Hep G2	3065	78/483	3/49	-1.20296	-0.0305956	2.63768
SRX4708080	TFs and others	PRPF4	Blood	K-562	2710	78/483	3/49	-1.20296	-0.0305956	2.63768
SRX6614732	TFs and others	CTCF	Lung	IMR-90	27957	78/483	3/49	-1.20296	-0.0305956	2.63768
SRX100446	TFs and others	CTCFL	Blood	K-562	8898	82/483	3/49	-1.20239	-0.0305956	2.77295
SRX2652442	TFs and others	ZBTB48	Uterus	HeLa	5361	82/483	3/49	-1.20239	-0.0305956	2.77295
SRX3437416	TFs and others	CTCF	Uterus	HeLa	41151	82/483	3/49	-1.20239	-0.0305956	2.77295
SRX5001396	TFs and others	CTCF	Bone	HT-1080	52467	82/483	3/49	-1.20239	-0.0305956	2.77295
SRX8175102	TFs and others	EED	Pluripotent stem cell	ES cells	18127	82/483	3/49	-1.20239	-0.0305956	2.77295
SRX094470	TFs and others	TCF7L2	Kidney	293	4841	35/483	0/49	-1.20177	-0.0305956	inf
SRX4404416	TFs and others	MYCN	Prostate	22Rv1	919	35/483	0/49	-1.20177	-0.0305956	inf
SRX5289981	TFs and others	NR3C1	Lung	BEAS-2B	10280	35/483	0/49	-1.20177	-0.0305956	inf
SRX6027682	TFs and others	ESR1	Uterus	Ishikawa	9098	35/483	0/49	-1.20177	-0.0305956	inf
SRX6480758	TFs and others	Epitope tags	Kidney	293	1811	35/483	0/49	-1.20177	-0.0305956	inf
SRX702119	TFs and others	SRF	Pluripotent stem cell	hESC derived ectodermal cells	8525	35/483	0/49	-1.20177	-0.0305956	inf
SRX7276679	TFs and others	Epitope tags	Kidney	293	15177	35/483	0/49	-1.20177	-0.0305956	inf
SRX7902033	TFs and others	POU5F1	Prostate	22Rv1	1878	35/483	0/49	-1.20177	-0.0305956	inf
SRX8151648	TFs and others	ARNTL	Adipocyte	Preadipocytes	1197	35/483	0/49	-1.20177	-0.0305956	inf
SRX9468650	TFs and others	AR	Prostate	LNCAP	50785	35/483	0/49	-1.20177	-0.0305956	inf
SRX7054618	TFs and others	RELA	Cardiovascular	HAEC	22167	177/483	25/49	-1.2013	-0.0305956	0.718261
SRX10881824	TFs and others	SS18L1	Kidney	G-401	23219	410/483	36/49	-1.19587	-0.0305956	1.15539
SRX150389	TFs and others	NRF1	Blood	GM12878	4845	171/483	24/49	-1.19576	-0.0305956	0.722826
SRX9932042	TFs and others	STAT5A	Breast	MCF-7	2343	171/483	24/49	-1.19576	-0.0305956	0.722826
SRX080356	TFs and others	CTCF	Neural	SK-N-SH	36297	106/483	5/49	-1.19446	-0.0305956	2.15072
SRX2655459	TFs and others	CTCF	Blood	THP-1	23833	105/483	5/49	-1.19398	-0.0305956	2.13043
SRX3110740	TFs and others	ESR1	Breast	MCF-7	40955	105/483	5/49	-1.19398	-0.0305956	2.13043
SRX3285576	TFs and others	KDM5B	Breast	FULR	3885	105/483	5/49	-1.19398	-0.0305956	2.13043
SRX4679524	TFs and others	ATRX	Neural	SK-N-MM	5551	105/483	5/49	-1.19398	-0.0305956	2.13043
SRX9468664	TFs and others	AR	Prostate	LNCAP	90438	105/483	5/49	-1.19398	-0.0305956	2.13043
SRX080406	TFs and others	CTCF	Cardiovascular	HBMEC	44847	107/483	5/49	-1.19287	-0.0305956	2.17101
SRX2652440	TFs and others	ZBTB48	Uterus	HeLa	6639	107/483	5/49	-1.19287	-0.0305956	2.17101
SRX6888829	TFs and others	CTCF	Uterus	HeLa	41951	107/483	5/49	-1.19287	-0.0305956	2.17101
SRX4611731	TFs and others	ESR1	Breast	MCF-7	44179	104/483	5/49	-1.19144	-0.0305956	2.11014
SRX6780876	TFs and others	CRTC1	Pluripotent stem cell	iPS derived neural cells	3183	126/483	19/49	-1.1893	-0.0305956	0.672769
SRX7396393	TFs and others	CTCF	Blood	BLaER1	34214	108/483	5/49	-1.18925	-0.0305956	2.1913
SRX764810	TFs and others	FOXA2	Pluripotent stem cell	hESC derived mesendodermal cells	12207	108/483	5/49	-1.18925	-0.0305956	2.1913
SRX2323906	TFs and others	AFF1	Blood	Pre-B cell leukemia	1302	36/483	0/49	-1.18775	-0.0305956	inf
SRX5076294	TFs and others	ZBTB7A	Prostate	VCaP	963	36/483	0/49	-1.18775	-0.0305956	inf
SRX5359053	TFs and others	RORC	Breast	HCC70	14305	36/483	0/49	-1.18775	-0.0305956	inf
SRX5577158	TFs and others	AR	Prostate	LNCAP	27784	36/483	0/49	-1.18775	-0.0305956	inf
SRX8588626	TFs and others	SMARCA4	Cardiovascular	Pulmonary artery endothelial cells	26830	36/483	0/49	-1.18775	-0.0305956	inf
SRX757325	TFs and others	YAP1	Lung	H2052	56147	74/483	13/49	-1.187	-0.0305956	0.57748
SRX9975616	TFs and others	SMC1A	Bone	A-673	50079	297/483	23/49	-1.18611	-0.0305956	1.31002
SRX3345952	TFs and others	CPSF3L	Blood	HL-60	6676	196/483	13/49	-1.18586	-0.0305956	1.52954
SRX117010	TFs and others	FLI1	Blood	U-937	12322	303/483	24/49	-1.18391	-0.0305956	1.2808
SRX3631512	TFs and others	ETS1	Others	SCC-25	4024	98/483	16/49	-1.18365	-0.0305956	0.621377
SRX5299873	TFs and others	CTCF	Blood	Erythroid Cells	44157	141/483	8/49	-1.18206	-0.0305956	1.78804
SRX5574488	TFs and others	SMARCA4	Blood	CTV-1	10626	54/483	10/49	-1.17841	-0.0305956	0.547826
SRX1531796	TFs and others	ESR1	Breast	MCF-7	17761	127/483	19/49	-1.17758	-0.0305956	0.678108
SRX3927284	TFs and others	SMARCA4	Blood	EOL-1	58374	207/483	14/49	-1.17268	-0.0305956	1.5
SRX113706	TFs and others	SP1	Digestive tract	HCT 116	16733	287/483	22/49	-1.17175	-0.0305956	1.32345
SRX6602360	TFs and others	ARNTL	Neural	Glioma stem cells	6718	205/483	14/49	-1.16812	-0.0305956	1.48551
SRX326888	TFs and others	GABPA	Blood	Jurkat	18271	265/483	34/49	-1.1619	-0.0305956	0.790708
SRX5880865	TFs and others	RAD21	Digestive tract	HCT 116	30961	217/483	15/49	-1.16156	-0.0305956	1.46763
SRX080352	TFs and others	CTCF	Digestive tract	Caco-2	25192	65/483	2/49	-1.16124	-0.0305956	3.2971
SRX3583196	TFs and others	CTCF	Breast	MCF-7	24183	65/483	2/49	-1.16124	-0.0305956	3.2971
SRX4377124	TFs and others	CTCF	Pluripotent stem cell	ES cells	33097	65/483	2/49	-1.16124	-0.0305956	3.2971
SRX1053365	TFs and others	CTCF	Pluripotent stem cell	ES cells	27346	64/483	2/49	-1.16124	-0.0305956	3.24638
SRX6777952	TFs and others	RAD21	Blood	HAP1	8521	64/483	2/49	-1.16124	-0.0305956	3.24638
SRX10760646	TFs and others	BRD2	Blood	MM.1S	16161	284/483	22/49	-1.16019	-0.0305956	1.30962
SRX4393709	TFs and others	GATA2	Blood	ME-1	16062	284/483	22/49	-1.16019	-0.0305956	1.30962
SRX4172745	TFs and others	GATA1	Digestive tract	HCT 116	12333	216/483	15/49	-1.15987	-0.0305956	1.46087
SRX476921	TFs and others	SNAI2	Epidermis	Keratinocytes	28625	216/483	15/49	-1.15987	-0.0305956	1.46087
SRX286201	TFs and others	ING2	Digestive tract	RKO	15001	276/483	21/49	-1.15855	-0.0305956	1.33333
SRX2023713	TFs and others	TBX5	Pluripotent stem cell	iPS derived cardiac cells	3373	3/483	2/49	-1.15843	-0.0305956	0.152174
SRX5195730	TFs and others	SMARCA4	Uterus	Endometrial epithelial cells	6168	66/483	2/49	-1.15826	-0.0305956	3.34783
SRX080342	TFs and others	CTCF	Others	WERI-Rb-1	30780	63/483	2/49	-1.15824	-0.0305956	3.19565
SRX10656918	TFs and others	CTCF	Blood	K-562	10122	63/483	2/49	-1.15824	-0.0305956	3.19565
SRX3124416	TFs and others	CTCFL	Neural	KELLY	6704	63/483	2/49	-1.15824	-0.0305956	3.19565
SRX3285605	TFs and others	KDM5B	Breast	FULR	4100	63/483	2/49	-1.15824	-0.0305956	3.19565
SRX5598318	TFs and others	MYOCD	Lung	A549	12245	63/483	2/49	-1.15824	-0.0305956	3.19565
SRX150730	TFs and others	IRF3	Blood	GM12878	1227	101/483	16/49	-1.15595	-0.0305956	0.640399
SRX9419955	TFs and others	BRD4	Breast	SK-BR-3	19008	255/483	33/49	-1.1542	-0.0305956	0.783926
SRX150357	TFs and others	TBP	Blood	GM12878	10458	200/483	27/49	-1.15377	-0.0305956	0.751476
SRX6913085	TFs and others	BRD2	Blood	K-562	9098	214/483	15/49	-1.15254	-0.0305956	1.44734
SRX080357	TFs and others	CTCF	Blood	GM12872	27575	67/483	2/49	-1.15238	-0.0305956	3.39855
SRX265231	TFs and others	SPI1	Blood	ME-1	2778	67/483	2/49	-1.15238	-0.0305956	3.39855
SRX5001395	TFs and others	CTCF	Bone	HT-1080	29556	67/483	2/49	-1.15238	-0.0305956	3.39855
SRX149659	TFs and others	CDK8	Digestive tract	HCT 116	11224	226/483	16/49	-1.15198	-0.0305956	1.43297
SRX3256874	TFs and others	BCOR	Pluripotent stem cell	hESC H1	18331	266/483	20/49	-1.15114	-0.0305956	1.34928
SRX8570841	TFs and others	HAP1	Blood	KBM-7	30100	238/483	17/49	-1.14965	-0.0305956	1.42029
SRX130609	TFs and others	BCOR	Blood	B cells	23940	347/483	29/49	-1.14938	-0.0305956	1.21389
SRX1637467	TFs and others	CDK9	Blood	MOLT-4	22025	218/483	29/49	-1.14765	-0.0305956	0.762619
SRX10119141	TFs and others	CREBBP	Blood	MV-4-11	1502	49/483	1/49	-1.14737	-0.0305956	4.97101
SRX3960591	TFs and others	MYC	Muscle	Rhabdomyosarcoma	1928	49/483	1/49	-1.14737	-0.0305956	4.97101
SRX4377125	TFs and others	CTCF	Pluripotent stem cell	hESC derived mesendodermal cells	16723	49/483	1/49	-1.14737	-0.0305956	4.97101
SRX5577154	TFs and others	AR	Prostate	LNCAP	28532	49/483	1/49	-1.14737	-0.0305956	4.97101
SRX5824584	TFs and others	BRD2	Breast	SUM 159PT	6847	236/483	17/49	-1.14723	-0.0305956	1.40835
SRX6913080	TFs and others	BRD4	Blood	K-562	14740	213/483	15/49	-1.14695	-0.0305956	1.44058
SRX6913087	TFs and others	BRD4	Blood	K-562	19223	256/483	19/49	-1.14682	-0.0305956	1.3669
ERX1276028	TFs and others	CTCF	Blood	UT-7	12639	48/483	1/49	-1.14572	-0.0305956	4.86957
SRX100943	TFs and others	TCF7L2	Breast	MCF-7	6379	48/483	1/49	-1.14572	-0.0305956	4.86957
SRX150436	TFs and others	USF2	Blood	K-562	1992	48/483	1/49	-1.14572	-0.0305956	4.86957
SRX2944452	TFs and others	MYC	Breast	MCF 10A	2076	48/483	1/49	-1.14572	-0.0305956	4.86957
SRX3124419	TFs and others	CTCF	Neural	KELLY	21680	48/483	1/49	-1.14572	-0.0305956	4.86957
SRX6578944	TFs and others	CTCF	Blood	CUTLL1	13054	48/483	1/49	-1.14572	-0.0305956	4.86957
SRX7807114	TFs and others	TEAD1	Unclassified	Unclassified	14882	48/483	1/49	-1.14572	-0.0305956	4.86957
SRX9548657	TFs and others	SETD1A	Blood	THP-1	1136	48/483	1/49	-1.14572	-0.0305956	4.86957
SRX2251225	TFs and others	BRD4	Prostate	C4-2	24585	246/483	18/49	-1.14553	-0.0305956	1.38647
SRX6913083	TFs and others	BRD4	Blood	K-562	16748	246/483	18/49	-1.14553	-0.0305956	1.38647
SRX275409	TFs and others	E2F1	Blood	OCI-LY1	6237	237/483	31/49	-1.14553	-0.0305956	0.775596
SRX10212063	TFs and others	CEBPB	Blood	THP-1	33022	50/483	1/49	-1.14523	-0.0305956	5.07246
SRX10881801	TFs and others	SMARCC2	Others	BT-16	4089	50/483	1/49	-1.14523	-0.0305956	5.07246
SRX497256	TFs and others	CTCF	Lung	BEAS-2B	12192	50/483	1/49	-1.14523	-0.0305956	5.07246
SRX2251223	TFs and others	BRD4	Prostate	C4-2	29879	273/483	21/49	-1.14378	-0.0305956	1.31884
SRX102988	TFs and others	CTCF	Lung	A549	49471	153/483	9/49	-1.14359	-0.0305956	1.72464
SRX8570844	TFs and others	HAP1	Blood	KBM-7	30809	264/483	20/49	-1.14289	-0.0305956	1.33913
SRX150375	TFs and others	CEBPB	Pluripotent stem cell	hESC H1	11994	51/483	1/49	-1.13941	-0.0305956	5.17391
SRX2944446	TFs and others	MYC	Breast	MCF 10A	2157	51/483	1/49	-1.13941	-0.0305956	5.17391
SRX359859	TFs and others	CTCF	Digestive tract	LoVo	9992	51/483	1/49	-1.13941	-0.0305956	5.17391
SRX471875	TFs and others	BRD4	Prostate	VCaP	1665	51/483	1/49	-1.13941	-0.0305956	5.17391
SRX2270409	TFs and others	JMJD6	Others	Tumor	12999	233/483	17/49	-1.13402	-0.0305956	1.39045
SRX1758507	TFs and others	NELFE	Breast	MCF-7	2645	116/483	6/49	-1.13243	-0.0305956	1.96135
SRX6435407	TFs and others	SUPT5H	Kidney	293	2950	116/483	6/49	-1.13243	-0.0305956	1.96135
SRX359408	TFs and others	CREBBP	Kidney	293	7325	243/483	18/49	-1.13206	-0.0305956	1.36957
SRX1514958	TFs and others	GFP	Kidney	293	28005	117/483	6/49	-1.13156	-0.0305956	1.97826
SRX2765964	TFs and others	HMGB1	Cardiovascular	HUVEC	8564	117/483	6/49	-1.13156	-0.0305956	1.97826
SRX356768	TFs and others	CTCF	Blood	Lymphoblastoid cell line	34885	117/483	6/49	-1.13156	-0.0305956	1.97826
SRX4611727	TFs and others	ESR1	Breast	MCF-7	47308	117/483	6/49	-1.13156	-0.0305956	1.97826
SRX356750	TFs and others	CTCF	Blood	Lymphoblastoid cell line	33830	115/483	6/49	-1.13149	-0.0305956	1.94444
SRX4611724	TFs and others	ESR1	Breast	MCF-7	46221	115/483	6/49	-1.13149	-0.0305956	1.94444
SRX4792906	TFs and others	CTCF	Breast	T-47D	18776	115/483	6/49	-1.13149	-0.0305956	1.94444
SRX204905	TFs and others	BRD4	Blood	MM.1S	21154	405/483	36/49	-1.13129	-0.0305956	1.1413
SRX1672123	TFs and others	NR3C1	Lung	BEAS-2B	17392	78/483	13/49	-1.13129	-0.0305956	0.608696
SRX016036	TFs and others	RBL2	Lung	IMR-90	3226	14/483	4/49	-1.13095	-0.0305956	0.355072
SRX4116026	TFs and others	ESR1	Breast	Breast cancer cells	740	14/483	4/49	-1.13095	-0.0305956	0.355072
SRX1744960	TFs and others	CTCF	Blood	THP-1	14620	52/483	1/49	-1.1301	-0.0305956	5.27536
SRX250094	TFs and others	TCF7L2	Breast	MDA-MB-453	1170	52/483	1/49	-1.1301	-0.0305956	5.27536
SRX3962743	TFs and others	LMNA	Epidermis	BJ-5ta	2795	52/483	1/49	-1.1301	-0.0305956	5.27536
SRX4377123	TFs and others	CTCF	Pluripotent stem cell	ES cells	19937	52/483	1/49	-1.1301	-0.0305956	5.27536
SRX5290903	TFs and others	CTCF	Prostate	LNCAP	18912	52/483	1/49	-1.1301	-0.0305956	5.27536
SRX5719577	TFs and others	CTCF	Blood	Jurkat	19772	52/483	1/49	-1.1301	-0.0305956	5.27536
SRX5848181	TFs and others	CTCF	Blood	K-562	26621	52/483	1/49	-1.1301	-0.0305956	5.27536
SRX6058755	TFs and others	CEBPA	Breast	T-47D	13803	52/483	1/49	-1.1301	-0.0305956	5.27536
SRX7677759	TFs and others	XRN2	Digestive tract	DLD-1	3023	52/483	1/49	-1.1301	-0.0305956	5.27536
SRX4611718	TFs and others	ESR1	Breast	MCF-7	38634	118/483	6/49	-1.12889	-0.0305956	1.99517
SRX4611743	TFs and others	ESR1	Breast	MCF-7	45726	118/483	6/49	-1.12889	-0.0305956	1.99517
SRX9345719	TFs and others	CTCF	Blood	Erythroid Cells	29923	118/483	6/49	-1.12889	-0.0305956	1.99517
SRX356667	TFs and others	CTCF	Blood	GM19239	41491	114/483	6/49	-1.12873	-0.0305956	1.92754
SRX4611706	TFs and others	ESR1	Breast	MCF-7	49746	114/483	6/49	-1.12873	-0.0305956	1.92754
SRX9550867	TFs and others	FOXA1	Prostate	Prostate cancer	37082	114/483	6/49	-1.12873	-0.0305956	1.92754
SRX9556505	TFs and others	GATA3	Breast	MDA-MB-231	17819	114/483	6/49	-1.12873	-0.0305956	1.92754
SRX063913	TFs and others	RUNX1	Blood	SKNO-1	21649	375/483	32/49	-1.12446	-0.0305956	1.18886
SRX028644	TFs and others	ELK4	Uterus	HeLa	761	32/483	7/49	-1.12069	-0.0305956	0.463768
SRX1055111	TFs and others	Epitope tags	Kidney	293	51526	422/483	38/49	-1.11901	-0.0305956	1.12662
SRX5286309	TFs and others	AR	Prostate	LNCAP	28220	374/483	32/49	-1.11834	-0.0305956	1.18569
SRX5576992	TFs and others	CREB1	Lung	A549	18211	438/483	40/49	-1.11757	-0.0305956	1.11087
SRX3857006	TFs and others	CDKN1B	Breast	MDA-MB-231	12902	337/483	28/49	-1.1158	-0.0305956	1.22101
SRX067535	TFs and others	CTCF	Bone	Osteobl	42337	90/483	4/49	-1.11569	-0.0305956	2.28261
SRX131914	TFs and others	TFAP2A	Pluripotent stem cell	hESC derived neural crests	6008	90/483	4/49	-1.11569	-0.0305956	2.28261
SRX150618	TFs and others	MAX	Blood	K-562	3252	90/483	4/49	-1.11569	-0.0305956	2.28261
SRX186611	TFs and others	CTCF	Lung	A549	37084	90/483	4/49	-1.11569	-0.0305956	2.28261
SRX3040149	TFs and others	SMC1A	Breast	HMEC	34725	90/483	4/49	-1.11569	-0.0305956	2.28261
SRX4169275	TFs and others	SUPT5H	Bone	U2OS	2663	90/483	4/49	-1.11569	-0.0305956	2.28261
SRX128194	TFs and others	DCP1A	Uterus	HeLa	2134	91/483	4/49	-1.11545	-0.0305956	2.30797
SRX6175589	TFs and others	CTCF	Bone	A-673	41917	91/483	4/49	-1.11545	-0.0305956	2.30797
SRX103011	TFs and others	CTCF	Blood	GM12878	41148	89/483	4/49	-1.11376	-0.0305956	2.25725
SRX150491	TFs and others	JUN	Blood	K-562	11296	89/483	4/49	-1.11376	-0.0305956	2.25725
SRX7396391	TFs and others	CTCF	Blood	BLaER1	29097	89/483	4/49	-1.11376	-0.0305956	2.25725
SRX7728613	TFs and others	CTCF	Pluripotent stem cell	hESC derived neural crests	30560	89/483	4/49	-1.11376	-0.0305956	2.25725
SRX9867024	TFs and others	BCL11B	Blood	TALL-1	29842	404/483	36/49	-1.1133	-0.0305956	1.13849
SRX481484	TFs and others	PRKDC	Others	Fibroblasts	1291	79/483	13/49	-1.1133	-0.0305956	0.616499
SRX100492	TFs and others	RAD21	Blood	K-562	38124	92/483	4/49	-1.11306	-0.0305956	2.33333
SRX1165090	TFs and others	Epitope tags	Liver	Hep G2	43290	92/483	4/49	-1.11306	-0.0305956	2.33333
SRX3433957	TFs and others	CTCF	Neural	SH-SY5Y	38373	92/483	4/49	-1.11306	-0.0305956	2.33333
SRX6578941	TFs and others	CTCF	Blood	CUTLL1	22877	92/483	4/49	-1.11306	-0.0305956	2.33333
SRX7396390	TFs and others	CTCF	Blood	BLaER1	27760	92/483	4/49	-1.11306	-0.0305956	2.33333
SRX099882	TFs and others	CTCF	Neural	D54	41248	93/483	4/49	-1.10858	-0.0305956	2.3587
SRX099883	TFs and others	CTCF	Neural	D54	43512	93/483	4/49	-1.10858	-0.0305956	2.3587
SRX9730738	TFs and others	INTS6	Blood	THP-1	4828	93/483	4/49	-1.10858	-0.0305956	2.3587
SRX150517	TFs and others	FOS	Breast	MCF 10A	56189	62/483	11/49	-1.10337	-0.0305956	0.571805
SRX1427526	TFs and others	CREB1	Blood	KG-1	1127	46/483	9/49	-1.10213	-0.0305956	0.518519
SRX1514953	TFs and others	GFP	Kidney	293	32991	399/483	35/49	-1.10208	-0.0305956	1.15652
SRX367491	TFs and others	ASXL1	Kidney	293	13822	329/483	27/49	-1.1016	-0.0305956	1.23618
SRX10382426	TFs and others	TET1	Pluripotent stem cell	hESC H1	20673	372/483	32/49	-1.10132	-0.0305956	1.17935
SRX265230	TFs and others	ERG	Blood	ME-1	26409	372/483	32/49	-1.10132	-0.0305956	1.17935
SRX6935370	TFs and others	MYCN	Neural	COG-N-415	14600	372/483	32/49	-1.10132	-0.0305956	1.17935
SRX017859	TFs and others	RELA	Blood	GM19193	3477	21/483	5/49	-1.09571	-0.0305956	0.426087
SRX100418	TFs and others	NR3C1	Lung	A549	7057	172/483	11/49	-1.08757	-0.0305956	1.5863
SRX5075176	TFs and others	SMARCA4	Neural	Neural progenitor cells	38444	172/483	11/49	-1.08757	-0.0305956	1.5863
SRX6913091	TFs and others	BRD4	Blood	K-562	8374	173/483	11/49	-1.08691	-0.0305956	1.59552
SRX100542	TFs and others	RAD21	Neural	SK-N-SH	67361	171/483	11/49	-1.08686	-0.0305956	1.57708
SRX3636817	TFs and others	CTCF	Blood	ALL xenograft	42103	171/483	11/49	-1.08686	-0.0305956	1.57708
SRX4417533	TFs and others	CTCF	Pluripotent stem cell	hESC derived neural cells	47075	171/483	11/49	-1.08686	-0.0305956	1.57708
SRX8406310	TFs and others	HOXB13	Prostate	Prostatic Neoplasms, Castration-Resistant	11952	63/483	11/49	-1.08587	-0.0305956	0.581028
SRX10881820	TFs and others	SMARCA4	Others	BT-16	24801	321/483	26/49	-1.0849	-0.0305956	1.25251
SRX023659	TFs and others	PHF8	Uterus	HeLa	2666	47/483	9/49	-1.08414	-0.0305956	0.529791
SRX8707936	TFs and others	CTCF	Epidermis	Keratinocytes	46962	126/483	7/49	-1.08197	-0.0305956	1.82609
SRX186670	TFs and others	CTCF	Blood	CD20+	33169	125/483	7/49	-1.08077	-0.0305956	1.81159
SRX9550858	TFs and others	FOXA1	Prostate	Prostate cancer	39677	125/483	7/49	-1.08077	-0.0305956	1.81159
SRX356766	TFs and others	CTCF	Blood	Lymphoblastoid cell line	46104	128/483	7/49	-1.07952	-0.0305956	1.85507
SRX4611730	TFs and others	ESR1	Breast	MCF-7	37737	128/483	7/49	-1.07952	-0.0305956	1.85507
SRX673750	TFs and others	MED1	Breast	MCF-7	4106	128/483	7/49	-1.07952	-0.0305956	1.85507
SRX1510969	TFs and others	ZNF143	Breast	MCF-7	21913	355/483	42/49	-1.07952	-0.0305956	0.857488
SRX4377547	TFs and others	BRD2	Breast	HCC1806	20636	370/483	32/49	-1.07863	-0.0305956	1.17301
SRX8066532	TFs and others	CTCF	Blood	GM04648	45529	124/483	7/49	-1.07794	-0.0305956	1.7971
SRX4193141	TFs and others	ESR1	Breast	MCF-7	2690	87/483	14/49	-1.0716	-0.0305956	0.630435
SRX689370	TFs and others	WDR5	Kidney	293	16083	364/483	31/49	-1.07073	-0.0305956	1.19121
SRX1055109	TFs and others	Epitope tags	Kidney	293	53968	419/483	38/49	-1.06678	-0.0305956	1.11861
SRX188955	TFs and others	CTCF	Breast	MCF-7	55134	182/483	12/49	-1.06609	-0.0305956	1.53865
SRX4417531	TFs and others	CTCF	Pluripotent stem cell	hESC derived neural cells	47387	181/483	12/49	-1.06529	-0.0305956	1.53019
SRX534844	TFs and others	CHD8	Neural	Neural Stem Cells	24387	317/483	26/49	-1.06392	-0.0305956	1.2369
SRX7061817	TFs and others	BRD2	Blood	SEM	24707	311/483	25/49	-1.0638	-0.0305956	1.26203
SRX150458	TFs and others	CHD2	Blood	GM12878	10759	303/483	37/49	-1.0632	-0.0305956	0.830787
SRX1555436	TFs and others	MITF	Epidermis	501A	23242	179/483	12/49	-1.05984	-0.0305956	1.51329
SRX2452432	TFs and others	ETS1	Cardiovascular	HUVEC	806	15/483	4/49	-1.05808	-0.0305956	0.380435
SRX190187	TFs and others	FOXM1	Blood	GM12878	17465	121/483	18/49	-1.05605	-0.0305956	0.681965
SRX3511931	TFs and others	TFAP2A	Pluripotent stem cell	iPS cells	16159	192/483	13/49	-1.04854	-0.0305956	1.49833
SRX8536089	TFs and others	RUNX1T1	Blood	CD34+	13270	192/483	13/49	-1.04854	-0.0305956	1.49833
SRX11343127	TFs and others	FOXC1	Blood	Acute myeloid leukemia	17860	75/483	3/49	-1.04817	-0.0305956	2.53623
SRX3751768	TFs and others	BRD2	Adipocyte	LPS141	4148	75/483	3/49	-1.04817	-0.0305956	2.53623
SRX6614736	TFs and others	CTCF	Lung	IMR-90	27608	75/483	3/49	-1.04817	-0.0305956	2.53623
ERX1149080	TFs and others	CTCF	Blood	MEG-01	36040	76/483	3/49	-1.04713	-0.0305956	2.57005
SRX3110745	TFs and others	ESR1	Breast	MCF-7	40479	76/483	3/49	-1.04713	-0.0305956	2.57005
SRX4001915	TFs and others	CTCF	Blood	THP-1	37680	76/483	3/49	-1.04713	-0.0305956	2.57005
SRX080378	TFs and others	CTCF	Liver	Hep G2	36809	74/483	3/49	-1.04687	-0.0305956	2.50242
SRX199904	TFs and others	CTCF	Epidermis	NHDF-neo	27913	74/483	3/49	-1.04687	-0.0305956	2.50242
SRX2683602	TFs and others	Epitope tags	Kidney	293	1859	74/483	3/49	-1.04687	-0.0305956	2.50242
SRX3098197	TFs and others	CEBPA	Blood	Kasumi-1	12929	74/483	3/49	-1.04687	-0.0305956	2.50242
SRX5001394	TFs and others	CTCF	Bone	HT-1080	45587	74/483	3/49	-1.04687	-0.0305956	2.50242
SRX646126	TFs and others	SUZ12	Blood	Erythroblasts	2256	74/483	3/49	-1.04687	-0.0305956	2.50242
SRX9550931	TFs and others	FOXA1	Prostate	Prostate cancer	38852	74/483	3/49	-1.04687	-0.0305956	2.50242
SRX1514956	TFs and others	GFP	Kidney	293	2089	65/483	11/49	-1.04635	-0.0305956	0.599473
SRX5486428	TFs and others	GFP	Digestive tract	HCT 116	12539	190/483	13/49	-1.04556	-0.0305956	1.48272
SRX080330	TFs and others	CTCF	Neural	SK-N-SH	35024	101/483	5/49	-1.04484	-0.0305956	2.04928
SRX080391	TFs and others	CTCF	Others	AG09319	37217	101/483	5/49	-1.04484	-0.0305956	2.04928
SRX100574	TFs and others	JUND	Pluripotent stem cell	hESC H1	7626	101/483	5/49	-1.04484	-0.0305956	2.04928
SRX2251224	TFs and others	BRD4	Prostate	C4-2	6987	101/483	5/49	-1.04484	-0.0305956	2.04928
SRX6913050	TFs and others	BRD4	Blood	THP-1	5499	101/483	5/49	-1.04484	-0.0305956	2.04928
SRX7396392	TFs and others	CTCF	Blood	BLaER1	32912	101/483	5/49	-1.04484	-0.0305956	2.04928
SRX8466173	TFs and others	CTCF	Uterus	HeLa	37178	101/483	5/49	-1.04484	-0.0305956	2.04928
SRX9556498	TFs and others	GATA3	Breast	MDA-MB-231	20430	101/483	5/49	-1.04484	-0.0305956	2.04928
SRX1515036	TFs and others	GFP	Kidney	293	12937	100/483	5/49	-1.04446	-0.0305956	2.02899
SRX2323891	TFs and others	KMT2A	Kidney	293	5478	100/483	5/49	-1.04446	-0.0305956	2.02899
SRX3447352	TFs and others	ESR1	Breast	MCF-7	54390	100/483	5/49	-1.04446	-0.0305956	2.02899
SRX9550930	TFs and others	FOXA1	Prostate	Prostate cancer	31840	100/483	5/49	-1.04446	-0.0305956	2.02899
SRX8030771	TFs and others	Epitope tags	Kidney	293	11590	307/483	25/49	-1.04426	-0.0305956	1.2458
SRX2609668	TFs and others	NR3C1	Lung	HASM2	21396	77/483	3/49	-1.04379	-0.0305956	2.60386
SRX3595373	TFs and others	Epitope tags	Pluripotent stem cell	hESC H9	24757	77/483	3/49	-1.04379	-0.0305956	2.60386
SRX5718140	TFs and others	YAP1	Kidney	293	45476	77/483	3/49	-1.04379	-0.0305956	2.60386
SRX150398	TFs and others	MAX	Uterus	HeLa	14944	183/483	25/49	-1.0437	-0.0305956	0.742609
SRX6777953	TFs and others	CTCF	Blood	HAP1	44699	102/483	5/49	-1.04339	-0.0305956	2.06957
SRX5719599	TFs and others	CTCF	Blood	CUTLL1	30700	99/483	5/49	-1.04223	-0.0305956	2.0087
SRX7807107	TFs and others	CTCF	Adipocyte	Adipocytes	44020	189/483	13/49	-1.04223	-0.0305956	1.47492
SRX6878592	TFs and others	AR	Prostate	LNCAP	44624	49/483	9/49	-1.04194	-0.0305956	0.552335
SRX3868792	TFs and others	REST	Digestive tract	Colorectal cancer organoid	10615	136/483	8/49	-1.04043	-0.0305956	1.72464
SRX658611	TFs and others	MYB	Blood	Jurkat	37544	347/483	41/49	-1.04043	-0.0305956	0.858607
SRX7544087	TFs and others	ESR1	Uterus	Ishikawa	17282	137/483	8/49	-1.0403	-0.0305956	1.73732
SRX9730740	TFs and others	BRD4	Blood	THP-1	23322	299/483	24/49	-1.03966	-0.0305956	1.26389
SRX5705798	TFs and others	ETS1	Pluripotent stem cell	hESC derived cardiac cells	3239	184/483	25/49	-1.03966	-0.0305956	0.746667
SRX5880869	TFs and others	CTCF	Digestive tract	DKO	46483	135/483	8/49	-1.03908	-0.0305956	1.71196
SRX2765965	TFs and others	HMGB2	Cardiovascular	HUVEC	3554	138/483	8/49	-1.0387	-0.0305956	1.75
SRX4611711	TFs and others	ESR1	Breast	MCF-7	42187	138/483	8/49	-1.0387	-0.0305956	1.75
SRX5880863	TFs and others	CTCF	Digestive tract	HCT 116	45895	138/483	8/49	-1.0387	-0.0305956	1.75
SRX6175598	TFs and others	CTCF	Bone	A-673	54533	134/483	8/49	-1.03626	-0.0305956	1.69928
SRX3230377	TFs and others	ARID5B	Liver	Hep G2	54036	360/483	31/49	-1.03609	-0.0305956	1.17812
SRX2023757	TFs and others	MED1	Pluripotent stem cell	iPS derived cardiac cells	162	0/483	1/49	-1.03572	-0.0305956	0
SRX5577140	TFs and others	Epitope tags	Prostate	LNCAP	1799	0/483	1/49	-1.03572	-0.0305956	0
SRX8406534	TFs and others	HOXB13	Prostate	Prostate	21782	128/483	19/49	-1.03565	-0.0305956	0.683448
SRX8570845	TFs and others	HAP1	Blood	KBM-7	32790	291/483	23/49	-1.0327	-0.0305956	1.28355
SRX017895	TFs and others	RELA	Blood	GM18951	4383	35/483	7/49	-1.0302	-0.0305956	0.507246
SRX1548208	TFs and others	E2F1	Cardiovascular	Wharton Jelly	614	35/483	7/49	-1.0302	-0.0305956	0.507246
SRX092568	TFs and others	HCFC1	Uterus	HeLa	3257	95/483	15/49	-1.02844	-0.0305956	0.642512
SRX8299813	TFs and others	MYC	Bone	U2OS	17511	297/483	24/49	-1.02813	-0.0305956	1.25543
SRX682375	TFs and others	ERG	Blood	TSU-1621MT	20208	353/483	30/49	-1.02537	-0.0305956	1.19372
SRX398095	TFs and others	CDK7	Blood	Jurkat	8839	198/483	14/49	-1.02365	-0.0305956	1.43478
SRX190267	TFs and others	TAF1	Breast	MCF-7	5508	212/483	15/49	-1.02355	-0.0305956	1.43382
SRX7677736	TFs and others	NCBP1	Digestive tract	DLD-1	7164	211/483	15/49	-1.02257	-0.0305956	1.42705
SRX4377554	TFs and others	BRD2	Breast	MDA-MB-231	9424	222/483	16/49	-1.01555	-0.0305956	1.40761
SRX359916	TFs and others	RELA	Digestive tract	LoVo	5895	261/483	33/49	-1.01555	-0.0305956	0.802372
SRX7728608	TFs and others	EP300	Pluripotent stem cell	hESC H9	23691	272/483	21/49	-1.01541	-0.0305956	1.31401
ERX200493	TFs and others	CTCF	Blood	B cells	8743	28/483	0/49	-1.01358	-0.0305956	inf
SRX003794	TFs and others	CTCF	Blood	CD4+ T cells	11932	28/483	0/49	-1.01358	-0.0305956	inf
SRX038505	TFs and others	CTCF	Blood	GM12878	9716	28/483	0/49	-1.01358	-0.0305956	inf
SRX1012750	TFs and others	ESR1	Breast	MCF-7	3738	28/483	0/49	-1.01358	-0.0305956	inf
SRX10212065	TFs and others	ATF4	Blood	CD4+ T cells	4658	28/483	0/49	-1.01358	-0.0305956	inf
SRX150451	TFs and others	SIRT6	Blood	K-562	720	28/483	0/49	-1.01358	-0.0305956	inf
SRX1873455	TFs and others	PAF1	Blood	SEM	2618	28/483	0/49	-1.01358	-0.0305956	inf
SRX190325	TFs and others	REST	Digestive tract	HCT 116	3939	28/483	0/49	-1.01358	-0.0305956	inf
SRX2145567	TFs and others	ESR1	Breast	MCF-7	9823	28/483	0/49	-1.01358	-0.0305956	inf
SRX2268290	TFs and others	CHD1	Others	Mesenchymal stem cells	2049	28/483	0/49	-1.01358	-0.0305956	inf
SRX2388755	TFs and others	AR	Prostate	Fetal prostate fibroblasts	930	28/483	0/49	-1.01358	-0.0305956	inf
SRX2570615	TFs and others	SMC1A	Blood	HAP1	4998	28/483	0/49	-1.01358	-0.0305956	inf
SRX2731778	TFs and others	CTCF	Neural	Neuroblastoma	5097	28/483	0/49	-1.01358	-0.0305956	inf
SRX2793579	TFs and others	RB1	Breast	MCF-7	1176	28/483	0/49	-1.01358	-0.0305956	inf
SRX317578	TFs and others	JARID2	Pluripotent stem cell	iPS cells	4265	28/483	0/49	-1.01358	-0.0305956	inf
SRX3474298	TFs and others	TRIM28	Prostate	LNCAP	2687	28/483	0/49	-1.01358	-0.0305956	inf
SRX3509024	TFs and others	TFAP2C	Pluripotent stem cell	hESC UCLA1	1399	28/483	0/49	-1.01358	-0.0305956	inf
SRX360377	TFs and others	EP300	Digestive tract	HCT 116	3703	28/483	0/49	-1.01358	-0.0305956	inf
SRX360582	TFs and others	CTCF	Digestive tract	GP5d	6283	28/483	0/49	-1.01358	-0.0305956	inf
SRX366175	TFs and others	SMAD3	Lung	A549	3147	28/483	0/49	-1.01358	-0.0305956	inf
SRX4802342	TFs and others	EPAS1	Kidney	HKC8	4152	28/483	0/49	-1.01358	-0.0305956	inf
SRX4815195	TFs and others	TLE3	Breast	SUM 159PT	13024	28/483	0/49	-1.01358	-0.0305956	inf
SRX5068574	TFs and others	KMT2C	Gonad	BIN-67	2133	28/483	0/49	-1.01358	-0.0305956	inf
SRX5486439	TFs and others	TCF7L2	Digestive tract	HCT 116	2171	28/483	0/49	-1.01358	-0.0305956	inf
SRX5577167	TFs and others	AR	Prostate	LNCAP	1043	28/483	0/49	-1.01358	-0.0305956	inf
SRX673748	TFs and others	MED1	Breast	MCF-7	1001	28/483	0/49	-1.01358	-0.0305956	inf
SRX6743811	TFs and others	CHD6	Pluripotent stem cell	iPS derived neural cells	1034	28/483	0/49	-1.01358	-0.0305956	inf
SRX6780861	TFs and others	CREB1	Neural	Frontal cortex	1388	28/483	0/49	-1.01358	-0.0305956	inf
SRX701965	TFs and others	CTCF	Pluripotent stem cell	hESC derived mesendodermal cells	6706	28/483	0/49	-1.01358	-0.0305956	inf
SRX701966	TFs and others	CTCF	Pluripotent stem cell	hESC derived mesendodermal cells	14149	28/483	0/49	-1.01358	-0.0305956	inf
SRX7202549	TFs and others	CTCF	Uterus	HEC-1-B	17671	28/483	0/49	-1.01358	-0.0305956	inf
SRX7654177	TFs and others	MTF2	Prostate	DU 145	3604	28/483	0/49	-1.01358	-0.0305956	inf
SRX7981735	TFs and others	EP300	Prostate	Prostate cancer	593	28/483	0/49	-1.01358	-0.0305956	inf
SRX9178827	TFs and others	HAP1	Blood	HAP1	1621	28/483	0/49	-1.01358	-0.0305956	inf
SRX9237235	TFs and others	PAF1	Blood	K-562	2325	28/483	0/49	-1.01358	-0.0305956	inf
ERX1276009	TFs and others	CTCF	Blood	UT-7	4269	29/483	0/49	-1.01353	-0.0305956	inf
SRX064481	TFs and others	SMAD2	Pluripotent stem cell	hESC H9	2362	29/483	0/49	-1.01353	-0.0305956	inf
SRX100585	TFs and others	GATA2	Blood	K-562	14830	29/483	0/49	-1.01353	-0.0305956	inf
SRX10382440	TFs and others	EZH2	Pluripotent stem cell	hESC H1	4588	29/483	0/49	-1.01353	-0.0305956	inf
SRX10913949	TFs and others	SP1	Epidermis	Dermal fibroblast	545	29/483	0/49	-1.01353	-0.0305956	inf
SRX11014588	TFs and others	CTCF	Bone	U2OS	4647	29/483	0/49	-1.01353	-0.0305956	inf
SRX123445	TFs and others	POU5F1	Pluripotent stem cell	NCCIT	5011	29/483	0/49	-1.01353	-0.0305956	inf
SRX1293532	TFs and others	KMT2A	Blood	MV-4-11	1085	29/483	0/49	-1.01353	-0.0305956	inf
SRX150731	TFs and others	NFE2	Blood	GM12878	967	29/483	0/49	-1.01353	-0.0305956	inf
SRX3123824	TFs and others	ESR1	Breast	MCF-7	8737	29/483	0/49	-1.01353	-0.0305956	inf
SRX3229148	TFs and others	ESR1	Breast	Breast cancer	1926	29/483	0/49	-1.01353	-0.0305956	inf
SRX3541100	TFs and others	ESR1	Breast	MCF-7	7709	29/483	0/49	-1.01353	-0.0305956	inf
SRX359921	TFs and others	ARNTL	Digestive tract	LoVo	366	29/483	0/49	-1.01353	-0.0305956	inf
SRX361226	TFs and others	GATA3	Breast	MCF-7	10791	29/483	0/49	-1.01353	-0.0305956	inf
SRX3942990	TFs and others	ZNF341	Blood	PBMC	2061	29/483	0/49	-1.01353	-0.0305956	inf
SRX4377129	TFs and others	CTCF	Pluripotent stem cell	hESC derived cardiac cells	10726	29/483	0/49	-1.01353	-0.0305956	inf
SRX4411674	TFs and others	AR	Prostate	LNCAP	40270	29/483	0/49	-1.01353	-0.0305956	inf
SRX4521398	TFs and others	CTCF	Blood	Macrophages	7790	29/483	0/49	-1.01353	-0.0305956	inf
SRX4824360	TFs and others	AR	Prostate	22Rv1	27445	29/483	0/49	-1.01353	-0.0305956	inf
SRX4824361	TFs and others	AR	Prostate	22Rv1	30507	29/483	0/49	-1.01353	-0.0305956	inf
SRX5199675	TFs and others	EP300	Prostate	LNCAP	1195	29/483	0/49	-1.01353	-0.0305956	inf
SRX5234467	TFs and others	SMARCC1	Pluripotent stem cell	iPS cells	6467	29/483	0/49	-1.01353	-0.0305956	inf
SRX5287687	TFs and others	TEAD4	Breast	MCF-7	2595	29/483	0/49	-1.01353	-0.0305956	inf
SRX5290911	TFs and others	CTCF	Lung	IMR-90	16776	29/483	0/49	-1.01353	-0.0305956	inf
SRX5716469	TFs and others	SMARCA4	Neural	Neural progenitor cells	9471	29/483	0/49	-1.01353	-0.0305956	inf
SRX5718143	TFs and others	TEAD4	Kidney	293	1712	29/483	0/49	-1.01353	-0.0305956	inf
SRX5719608	TFs and others	CTCF	Blood	Jurkat	6216	29/483	0/49	-1.01353	-0.0305956	inf
SRX5729950	TFs and others	AR	Prostate	LNCAP	14474	29/483	0/49	-1.01353	-0.0305956	inf
SRX5974543	TFs and others	CTCF	Blood	K-562	11417	29/483	0/49	-1.01353	-0.0305956	inf
SRX6027686	TFs and others	ESR1	Uterus	Ishikawa	7381	29/483	0/49	-1.01353	-0.0305956	inf
SRX6602369	TFs and others	ARNTL	Neural	Neural Stem Cells	1583	29/483	0/49	-1.01353	-0.0305956	inf
SRX6614756	TFs and others	CTCF	Lung	IMR-90	6185	29/483	0/49	-1.01353	-0.0305956	inf
SRX668244	TFs and others	CDK7	Blood	Jurkat	1112	29/483	0/49	-1.01353	-0.0305956	inf
SRX673710	TFs and others	ESR1	Breast	MCF-7	14704	29/483	0/49	-1.01353	-0.0305956	inf
SRX682381	TFs and others	RXRA	Blood	TSU-1621MT	924	29/483	0/49	-1.01353	-0.0305956	inf
SRX6916368	TFs and others	RAD21	Kidney	iSLK	7682	29/483	0/49	-1.01353	-0.0305956	inf
SRX7951323	TFs and others	SMARCA2	Lung	NCI-H1944	5770	29/483	0/49	-1.01353	-0.0305956	inf
SRX8041959	TFs and others	AR	Prostate	MR42D	7205	29/483	0/49	-1.01353	-0.0305956	inf
SRX8376347	TFs and others	PDX1	Pluripotent stem cell	hESC derived pancreatic cells	1417	29/483	0/49	-1.01353	-0.0305956	inf
SRX8406505	TFs and others	FOXA1	Prostate	Prostate	13009	29/483	0/49	-1.01353	-0.0305956	inf
SRX8520806	TFs and others	NR3C1	Breast	MDA-MB-231	9156	29/483	0/49	-1.01353	-0.0305956	inf
SRX8617021	TFs and others	ESR1	Breast	MCF-7	5219	29/483	0/49	-1.01353	-0.0305956	inf
SRX873805	TFs and others	DNMT3B	Epidermis	Epidermal stem cells	1342	29/483	0/49	-1.01353	-0.0305956	inf
SRX8976687	TFs and others	NCOR2	Digestive tract	KYSE-410	1220	29/483	0/49	-1.01353	-0.0305956	inf
SRX9498736	TFs and others	GTF2A2	Blood	K-562	1415	29/483	0/49	-1.01353	-0.0305956	inf
SRX9697303	TFs and others	NR3C1	Bone	U2OS	12569	29/483	0/49	-1.01353	-0.0305956	inf
SRX8080544	TFs and others	Epitope tags	Breast	Mammary gland ductal carcinoma	18774	278/483	22/49	-1.011	-0.0305956	1.28195
SRX7196715	TFs and others	BMI1	Neural	SU-DIPG-IV	22502	232/483	17/49	-1.0103	-0.0305956	1.38448
SRX8080567	TFs and others	POU2F1	Breast	Mammary gland ductal carcinoma	7457	262/483	20/49	-1.01022	-0.0305956	1.32899
SRX5501656	TFs and others	DDX21	Epidermis	A-375	6818	221/483	29/49	-1.01022	-0.0305956	0.773113
SRX2943591	TFs and others	ESR1	Breast	MCF-7	22398	72/483	12/49	-1.00933	-0.0305956	0.608696
SRX10722988	TFs and others	GTF2F1	Bone	U2OS	8016	219/483	16/49	-1.00909	-0.0305956	1.38859
SRX190294	TFs and others	PML	Breast	MCF-7	6591	219/483	16/49	-1.00909	-0.0305956	1.38859
ERX1149098	TFs and others	CTCF	Unclassified	Unclassified	11647	30/483	0/49	-1.00808	-0.0305956	inf
SRX037939	TFs and others	TAL1	Blood	CD36+	13952	30/483	0/49	-1.00808	-0.0305956	inf
SRX080343	TFs and others	CTCF	Epidermis	AG09309	9264	30/483	0/49	-1.00808	-0.0305956	inf
SRX100941	TFs and others	TCF7L2	Uterus	HeLa	1457	30/483	0/49	-1.00808	-0.0305956	inf
SRX1012630	TFs and others	ESR1	Breast	MCF-7	14299	30/483	0/49	-1.00808	-0.0305956	inf
SRX1033275	TFs and others	AR	Prostate	LNCAP	21482	30/483	0/49	-1.00808	-0.0305956	inf
SRX1089828	TFs and others	NFE2	Blood	Hematopoietic Stem Cells	786	30/483	0/49	-1.00808	-0.0305956	inf
SRX1425808	TFs and others	CTCF	Blood	T cells	4326	30/483	0/49	-1.00808	-0.0305956	inf
SRX1477652	TFs and others	Epitope tags	Lung	MRC-5	7642	30/483	0/49	-1.00808	-0.0305956	inf
SRX1738532	TFs and others	STAG1	Blood	Erythroid Cells	3831	30/483	0/49	-1.00808	-0.0305956	inf
SRX186613	TFs and others	GATA1	Blood	K-562	9186	30/483	0/49	-1.00808	-0.0305956	inf
SRX190200	TFs and others	REST	Blood	GM12878	3593	30/483	0/49	-1.00808	-0.0305956	inf
SRX212663	TFs and others	IRF1	Blood	Monocytes-CD14+	3571	30/483	0/49	-1.00808	-0.0305956	inf
SRX2270127	TFs and others	RELA	Liver	HuH-7	822	30/483	0/49	-1.00808	-0.0305956	inf
SRX2731775	TFs and others	CTCF	Neural	Neuroblastoma	6822	30/483	0/49	-1.00808	-0.0305956	inf
SRX2912065	TFs and others	ESR1	Breast	MCF-7	871	30/483	0/49	-1.00808	-0.0305956	inf
SRX317575	TFs and others	EZH2	Pluripotent stem cell	iPS cells	5045	30/483	0/49	-1.00808	-0.0305956	inf
SRX3229150	TFs and others	ESR1	Breast	Breast cancer	3485	30/483	0/49	-1.00808	-0.0305956	inf
SRX3542260	TFs and others	TBX2	Neural	KELLY	5277	30/483	0/49	-1.00808	-0.0305956	inf
SRX4001756	TFs and others	CTCF	Blood	Macrophages	11920	30/483	0/49	-1.00808	-0.0305956	inf
SRX4001758	TFs and others	CTCF	Blood	Macrophages	11000	30/483	0/49	-1.00808	-0.0305956	inf
SRX4220404	TFs and others	MAX	Unclassified	Unclassified	644	30/483	0/49	-1.00808	-0.0305956	inf
SRX5287686	TFs and others	TEAD4	Breast	MCF-7	2502	30/483	0/49	-1.00808	-0.0305956	inf
SRX5385025	TFs and others	BRD3	Pluripotent stem cell	hESC H1	898	30/483	0/49	-1.00808	-0.0305956	inf
SRX5486438	TFs and others	TCF7L2	Digestive tract	HCT 116	2062	30/483	0/49	-1.00808	-0.0305956	inf
SRX5514028	TFs and others	CDK8	Uterus	Myometrium	669	30/483	0/49	-1.00808	-0.0305956	inf
SRX5574367	TFs and others	SPI1	Blood	Dendritic Cells	15290	30/483	0/49	-1.00808	-0.0305956	inf
SRX5719581	TFs and others	CTCF	Blood	CUTLL1	6222	30/483	0/49	-1.00808	-0.0305956	inf
SRX5719611	TFs and others	CTCF	Blood	Jurkat	5232	30/483	0/49	-1.00808	-0.0305956	inf
SRX6582170	TFs and others	LMNA	Others	GM07492	1168	30/483	0/49	-1.00808	-0.0305956	inf
SRX7130725	TFs and others	CTCF	Breast	MCF 10A	7458	30/483	0/49	-1.00808	-0.0305956	inf
SRX7202542	TFs and others	CTCF	Uterus	HEC-1-B	15189	30/483	0/49	-1.00808	-0.0305956	inf
SRX7223844	TFs and others	CTCF	Bone	U2OS	5423	30/483	0/49	-1.00808	-0.0305956	inf
SRX8616990	TFs and others	ESR1	Breast	MCF-7	5400	30/483	0/49	-1.00808	-0.0305956	inf
SRX8976686	TFs and others	NCOR2	Digestive tract	KYSE-410	1267	30/483	0/49	-1.00808	-0.0305956	inf
SRX9468652	TFs and others	AR	Prostate	LNCAP	86908	30/483	0/49	-1.00808	-0.0305956	inf
SRX5718163	TFs and others	RAD21	Kidney	293	30932	230/483	17/49	-1.00705	-0.0305956	1.37255
SRX190289	TFs and others	GABPA	Lung	A549	9777	223/483	29/49	-1.00667	-0.0305956	0.78011
SRX4404395	TFs and others	MYCN	Prostate	LNCAP	12003	251/483	19/49	-1.00651	-0.0305956	1.3402
SRX5824574	TFs and others	BRD2	Breast	SUM 149PT	9435	251/483	19/49	-1.00651	-0.0305956	1.3402
SRX356784	TFs and others	CTCF	Blood	MS1	42115	147/483	9/49	-1.00602	-0.0305956	1.657
SRX9345717	TFs and others	CTCF	Blood	Erythroid Cells	33304	146/483	9/49	-1.00595	-0.0305956	1.64573
SRX100408	TFs and others	SP1	Blood	GM12878	24873	337/483	40/49	-1.00595	-0.0305956	0.85471
SRX1091821	TFs and others	CTCF	Gonad	OVCAR-8	68494	148/483	9/49	-1.00472	-0.0305956	1.66828
SRX212652	TFs and others	STAT1	Blood	Monocytes-CD14+	14630	259/483	20/49	-1.00322	-0.0305956	1.31377
SRX3230418	TFs and others	ZNF544	Liver	Hep G2	9000	144/483	9/49	-1.00175	-0.0305956	1.62319
SRX4377542	TFs and others	BRD2	Breast	MDA-MB-231	6583	144/483	9/49	-1.00175	-0.0305956	1.62319
SRX6913074	TFs and others	BRD2	Blood	K-562	5230	144/483	9/49	-1.00175	-0.0305956	1.62319
SRX369136	TFs and others	BRD4	Blood	CUTLL1	15580	249/483	19/49	-1.00086	-0.0305956	1.32952
SRX037938	TFs and others	TAL1	Blood	CD36+	7228	31/483	0/49	-0.997623	-0.0305956	inf
SRX10119366	TFs and others	YAP1	Breast	MCF 10A	5445	31/483	0/49	-0.997623	-0.0305956	inf
SRX102989	TFs and others	MYC	Blood	GM12878	987	31/483	0/49	-0.997623	-0.0305956	inf
SRX116466	TFs and others	RBBP5	Pluripotent stem cell	hESC H1	942	31/483	0/49	-0.997623	-0.0305956	inf
SRX186714	TFs and others	EZH2	Cardiovascular	HUVEC	4811	31/483	0/49	-0.997623	-0.0305956	inf
SRX186769	TFs and others	SUZ12	Pluripotent stem cell	hESC H1	1494	31/483	0/49	-0.997623	-0.0305956	inf
SRX190297	TFs and others	REST	Uterus	ECC-1	7110	31/483	0/49	-0.997623	-0.0305956	inf
SRX2268289	TFs and others	CHD1	Others	Mesenchymal stem cells	2106	31/483	0/49	-0.997623	-0.0305956	inf
SRX3123823	TFs and others	ESR1	Breast	MCF-7	14778	31/483	0/49	-0.997623	-0.0305956	inf
SRX360020	TFs and others	CTCF	Digestive tract	LoVo	5752	31/483	0/49	-0.997623	-0.0305956	inf
SRX4411675	TFs and others	AR	Prostate	LNCAP	47713	31/483	0/49	-0.997623	-0.0305956	inf
SRX4547412	TFs and others	CTCF	Breast	MCF-7	3279	31/483	0/49	-0.997623	-0.0305956	inf
SRX5577153	TFs and others	AR	Prostate	LNCAP	23708	31/483	0/49	-0.997623	-0.0305956	inf
SRX5887617	TFs and others	TEAD4	Lung	PC-9	4891	31/483	0/49	-0.997623	-0.0305956	inf
SRX7088154	TFs and others	EPAS1	Breast	MDA-MB-231	1465	31/483	0/49	-0.997623	-0.0305956	inf
SRX8616801	TFs and others	JUN	Lung	A549	3490	31/483	0/49	-0.997623	-0.0305956	inf
SRX8616991	TFs and others	ESR1	Breast	MCF-7	5766	31/483	0/49	-0.997623	-0.0305956	inf
SRX9719173	TFs and others	TET2	Breast	MCF-7	4322	31/483	0/49	-0.997623	-0.0305956	inf
SRX12118509	TFs and others	POU2F2	Blood	Naive B cells	2414	36/483	7/49	-0.99759	-0.0305956	0.521739
SRX159132	TFs and others	Epitope tags	Kidney	293	1215	36/483	7/49	-0.99759	-0.0305956	0.521739
SRX9029211	TFs and others	POU2F2	Blood	Neutrophils	2828	36/483	7/49	-0.99759	-0.0305956	0.521739
SRX1134763	TFs and others	BRD4	Blood	MV-4-11	11085	238/483	18/49	-0.996631	-0.0305956	1.34138
SRX1477655	TFs and others	Epitope tags	Lung	MRC-5	14351	60/483	2/49	-0.995538	-0.0305956	3.04348
SRX1744957	TFs and others	CTCF	Blood	THP-1	19836	60/483	2/49	-0.995538	-0.0305956	3.04348
SRX3110742	TFs and others	ESR1	Breast	MCF-7	38958	60/483	2/49	-0.995538	-0.0305956	3.04348
SRX3511104	TFs and others	NFIC	Liver	Hep G2	5684	60/483	2/49	-0.995538	-0.0305956	3.04348
SRX4708070	TFs and others	HNRNPK	Blood	K-562	2829	60/483	2/49	-0.995538	-0.0305956	3.04348
SRX5010968	TFs and others	BCOR	Prostate	VCaP	37781	60/483	2/49	-0.995538	-0.0305956	3.04348
SRX573067	TFs and others	CPSF3L	Uterus	HeLa	1674	60/483	2/49	-0.995538	-0.0305956	3.04348
SRX7280996	TFs and others	IKZF1	Blood	REH	1837	60/483	2/49	-0.995538	-0.0305956	3.04348
SRX026659	TFs and others	ERG	Blood	Hematopoietic cells	1205	59/483	2/49	-0.99499	-0.0305956	2.99275
SRX1042050	TFs and others	USF2	Blood	Erythroid Cells	2543	59/483	2/49	-0.99499	-0.0305956	2.99275
SRX1293534	TFs and others	PSIP1	Blood	MV-4-11	3885	59/483	2/49	-0.99499	-0.0305956	2.99275
SRX7135369	TFs and others	BRD4	Blood	K-562	1554	51/483	9/49	-0.993801	-0.0305956	0.574879
SRX4792903	TFs and others	CTCF	Breast	T-47D	10594	61/483	2/49	-0.993404	-0.0305956	3.0942
SRX8299830	TFs and others	NELFCD	Bone	U2OS	14909	343/483	29/49	-0.992945	-0.0305956	1.1999
SRX8142108	TFs and others	TP63	Digestive tract	TE-5	6209	16/483	4/49	-0.990885	-0.0305956	0.405797
SRX1738530	TFs and others	STAG1	Blood	Hematopoietic Stem Cells	7191	62/483	2/49	-0.988666	-0.0305956	3.14493
SRX3145148	TFs and others	CTCF	Neural	IMR-5	24453	62/483	2/49	-0.988666	-0.0305956	3.14493
SRX4001483	TFs and others	BRD2	Lung	NCI-H23	4542	62/483	2/49	-0.988666	-0.0305956	3.14493
SRX9600665	TFs and others	G-quadruplex	Blood	K-562	659	62/483	2/49	-0.988666	-0.0305956	3.14493
SRX9095264	TFs and others	CTCF	Pluripotent stem cell	hESC H9	58361	111/483	6/49	-0.988625	-0.0305956	1.87681
SRX100469	TFs and others	GABPA	Pluripotent stem cell	hESC H1	5646	110/483	6/49	-0.987911	-0.0305956	1.8599
SRX356714	TFs and others	CTCF	Blood	Lymphoblastoid cell line	31390	110/483	6/49	-0.987911	-0.0305956	1.8599
SRX4611688	TFs and others	ESR1	Breast	MCF-7	37722	110/483	6/49	-0.987911	-0.0305956	1.8599
SRX9178839	TFs and others	HAP1	Blood	HAP1	6242	110/483	6/49	-0.987911	-0.0305956	1.8599
SRX995501	TFs and others	STAG1	Blood	Erythroid Cells	23652	110/483	6/49	-0.987911	-0.0305956	1.8599
SRX3230388	TFs and others	KAT7	Liver	Hep G2	3205	112/483	6/49	-0.987732	-0.0305956	1.89372
SRX4611739	TFs and others	ESR1	Breast	MCF-7	47498	112/483	6/49	-0.987732	-0.0305956	1.89372
SRX4611742	TFs and others	ESR1	Breast	MCF-7	47567	112/483	6/49	-0.987732	-0.0305956	1.89372
SRX8673363	TFs and others	RUNX1T1	Blood	Kasumi-1	6840	112/483	6/49	-0.987732	-0.0305956	1.89372
SRX3644357	TFs and others	Epitope tags	Epidermis	BJ	2465	109/483	6/49	-0.98559	-0.0305956	1.843
SRX369137	TFs and others	MED1	Blood	CUTLL1	7144	109/483	6/49	-0.98559	-0.0305956	1.843
SRX4611693	TFs and others	ESR1	Breast	MCF-7	37860	109/483	6/49	-0.98559	-0.0305956	1.843
SRX4611734	TFs and others	ESR1	Breast	MCF-7	48273	109/483	6/49	-0.98559	-0.0305956	1.843
SRX1594206	TFs and others	CTCF	Breast	MCF-7	27693	113/483	6/49	-0.985254	-0.0305956	1.91063
SRX1293531	TFs and others	KMT2A	Blood	MV-4-11	26361	409/483	37/49	-0.981488	-0.0305956	1.12143
SRX212648	TFs and others	STAT1	Blood	Monocytes-CD14+	45249	409/483	37/49	-0.981488	-0.0305956	1.12143
SRX4240291	TFs and others	ESR1	Gonad	SK-OV-3	1236	74/483	12/49	-0.981488	-0.0305956	0.625604
SRX2020845	TFs and others	STAT3	Breast	Breast cancer cells	2363	55/483	10/49	-0.981446	-0.0305956	0.557971
SRX3285595	TFs and others	KDM5B	Breast	MCF-7	7396	157/483	10/49	-0.977415	-0.0305956	1.59275
SRX103007	TFs and others	CTCF	Breast	MCF-7	75348	156/483	10/49	-0.977221	-0.0305956	1.58261
SRX3285614	TFs and others	KDM5B	Breast	C70R	8944	158/483	10/49	-0.976345	-0.0305956	1.6029
SRX356502	TFs and others	CTCF	Blood	GM12891	50094	158/483	10/49	-0.976345	-0.0305956	1.6029
SRX3636816	TFs and others	CTCF	Blood	ALL xenograft	41368	158/483	10/49	-0.976345	-0.0305956	1.6029
SRX10760645	TFs and others	BRD2	Blood	MM.1S	16817	335/483	28/49	-0.974025	-0.0305956	1.21377
SRX8299831	TFs and others	NELFCD	Bone	U2OS	14618	335/483	28/49	-0.974025	-0.0305956	1.21377
SRX5576990	TFs and others	CRTC2	Lung	A549	19080	427/483	39/49	-0.971906	-0.0305956	1.11074
SRX150570	TFs and others	MYC	Breast	MCF 10A	15169	56/483	10/49	-0.971906	-0.0305956	0.568116
SRX4451197	TFs and others	ESR1	Breast	MCF-7	3560	56/483	10/49	-0.971906	-0.0305956	0.568116
SRX219373	TFs and others	CTCF	Blood	MM.1S	39746	340/483	29/49	-0.970267	-0.0305956	1.18941
SRX092576	TFs and others	YY1	Uterus	HeLa	1521	44/483	1/49	-0.969741	-0.0305956	4.46377
SRX10119365	TFs and others	YAP1	Breast	MCF 10A	12095	44/483	1/49	-0.969741	-0.0305956	4.46377
SRX10212060	TFs and others	ATF4	Blood	THP-1	30413	44/483	1/49	-0.969741	-0.0305956	4.46377
SRX105187	TFs and others	TP63	Epidermis	Keratinocytes	3918	44/483	1/49	-0.969741	-0.0305956	4.46377
SRX150575	TFs and others	TAL1	Blood	K-562	25199	44/483	1/49	-0.969741	-0.0305956	4.46377
SRX2017937	TFs and others	AR	Prostate	22Rv1	1737	44/483	1/49	-0.969741	-0.0305956	4.46377
SRX2570613	TFs and others	SMC1A	Blood	HAP1	9952	44/483	1/49	-0.969741	-0.0305956	4.46377
SRX2683595	TFs and others	Epitope tags	Kidney	293	1050	44/483	1/49	-0.969741	-0.0305956	4.46377
SRX3722706	TFs and others	ESR1	Breast	Breast cancer cells	24448	44/483	1/49	-0.969741	-0.0305956	4.46377
SRX4119718	TFs and others	Epitope tags	Kidney	293	752	44/483	1/49	-0.969741	-0.0305956	4.46377
SRX5287710	TFs and others	Biotin	Breast	MCF-7	4012	44/483	1/49	-0.969741	-0.0305956	4.46377
SRX6027694	TFs and others	ESR1	Uterus	Ishikawa	12377	44/483	1/49	-0.969741	-0.0305956	4.46377
SRX6614759	TFs and others	CTCF	Lung	IMR-90	16012	44/483	1/49	-0.969741	-0.0305956	4.46377
SRX6854831	TFs and others	Epitope tags	Epidermis	501A	30894	44/483	1/49	-0.969741	-0.0305956	4.46377
SRX8151645	TFs and others	ARNTL	Adipocyte	Preadipocytes	1859	44/483	1/49	-0.969741	-0.0305956	4.46377
SRX8929142	TFs and others	CTNNB1	Digestive tract	SW 480	3406	44/483	1/49	-0.969741	-0.0305956	4.46377
SRX9178852	TFs and others	HAP1	Blood	HAP1	3235	44/483	1/49	-0.969741	-0.0305956	4.46377
SRX2166895	TFs and others	CTCF	Neural	Retina	8483	45/483	1/49	-0.968924	-0.0305956	4.56522
SRX2578872	TFs and others	ESR1	Breast	MDA-MB-231	6492	45/483	1/49	-0.968924	-0.0305956	4.56522
SRX3230419	TFs and others	ZSCAN29	Liver	Hep G2	3579	45/483	1/49	-0.968924	-0.0305956	4.56522
SRX3408800	TFs and others	CTCF	Blood	CD34 Hematopoietic stem cells	19505	45/483	1/49	-0.968924	-0.0305956	4.56522
SRX4370433	TFs and others	CTCF	Neural	Anterior temporal cortex	2379	45/483	1/49	-0.968924	-0.0305956	4.56522
SRX4377132	TFs and others	CTCF	Pluripotent stem cell	hESC derived cardiac cells	15379	45/483	1/49	-0.968924	-0.0305956	4.56522
SRX6743810	TFs and others	CHD6	Pluripotent stem cell	iPS cells	1110	45/483	1/49	-0.968924	-0.0305956	4.56522
SRX8466174	TFs and others	CTCF	Uterus	HeLa	9886	45/483	1/49	-0.968924	-0.0305956	4.56522
SRX1477656	TFs and others	Epitope tags	Lung	MRC-5	11248	43/483	1/49	-0.967106	-0.0305956	4.36232
SRX1530266	TFs and others	YY2	Uterus	HeLa	1659	43/483	1/49	-0.967106	-0.0305956	4.36232
SRX3256861	TFs and others	BCOR	Pluripotent stem cell	hESC H1	4345	43/483	1/49	-0.967106	-0.0305956	4.36232
SRX3285589	TFs and others	KDM5B	Breast	C70R	2613	43/483	1/49	-0.967106	-0.0305956	4.36232
SRX3542480	TFs and others	KDM2B	Lung	HS-SY-II	3089	43/483	1/49	-0.967106	-0.0305956	4.36232
SRX3800728	TFs and others	RAD21	Breast	T-47D	5527	43/483	1/49	-0.967106	-0.0305956	4.36232
SRX4521396	TFs and others	CTCF	Blood	Macrophages	16105	43/483	1/49	-0.967106	-0.0305956	4.36232
SRX5068577	TFs and others	KMT2D	Gonad	BIN-67	2782	43/483	1/49	-0.967106	-0.0305956	4.36232
SRX5504126	TFs and others	FOXA2	Pancreas	CFPAC-1	20697	43/483	1/49	-0.967106	-0.0305956	4.36232
SRX6435410	TFs and others	SUPT5H	Kidney	293	1079	43/483	1/49	-0.967106	-0.0305956	4.36232
SRX7807103	TFs and others	CEBPB	Adipocyte	Adipocytes	34210	43/483	1/49	-0.967106	-0.0305956	4.36232
SRX8861821	TFs and others	ESR1	Breast	T-47D	6715	43/483	1/49	-0.967106	-0.0305956	4.36232
SRX092573	TFs and others	ZNF143	Uterus	HeLa	1936	75/483	12/49	-0.965522	-0.0305956	0.634058
SRX1165091	TFs and others	Epitope tags	Liver	Hep G2	40717	85/483	4/49	-0.965002	-0.0305956	2.1558
SRX186777	TFs and others	CTCF	Lung	A549	45567	85/483	4/49	-0.965002	-0.0305956	2.1558
SRX3124394	TFs and others	CTCF	Neural	KELLY	40740	85/483	4/49	-0.965002	-0.0305956	2.1558
SRX3124407	TFs and others	CTCF	Neural	KELLY	36302	85/483	4/49	-0.965002	-0.0305956	2.1558
SRX3437421	TFs and others	CTCF	Uterus	HeLa	41187	85/483	4/49	-0.965002	-0.0305956	2.1558
SRX6813401	TFs and others	ATF4	Blood	THP-1	31469	85/483	4/49	-0.965002	-0.0305956	2.1558
SRX8570936	TFs and others	HAP1	Blood	KBM-7	41777	85/483	4/49	-0.965002	-0.0305956	2.1558
SRX2166890	TFs and others	CTCF	Neural	Retina	19290	86/483	4/49	-0.964862	-0.0305956	2.18116
SRX5806609	TFs and others	CTCF	Breast	MCF-7	40684	86/483	4/49	-0.964862	-0.0305956	2.18116
SRX7427512	TFs and others	ESR1	Breast	MCF-7	32239	86/483	4/49	-0.964862	-0.0305956	2.18116
SRX8570933	TFs and others	HAP1	Blood	KBM-7	37739	86/483	4/49	-0.964862	-0.0305956	2.18116
SRX9556495	TFs and others	GATA3	Breast	MDA-MB-231	13714	86/483	4/49	-0.964862	-0.0305956	2.18116
SRX1156541	TFs and others	SMARCA4	Breast	MDA-MB-231	22111	46/483	1/49	-0.964746	-0.0305956	4.66667
SRX2963103	TFs and others	TET2	Blood	PBMC	11599	46/483	1/49	-0.964746	-0.0305956	4.66667
SRX3722707	TFs and others	ESR1	Breast	Breast cancer cells	26571	46/483	1/49	-0.964746	-0.0305956	4.66667
SRX4155650	TFs and others	CTCF	Neural	KELLY	16801	46/483	1/49	-0.964746	-0.0305956	4.66667
SRX4931279	TFs and others	AFF1	Blood	SEM	1923	46/483	1/49	-0.964746	-0.0305956	4.66667
SRX702116	TFs and others	SRF	Pluripotent stem cell	hESC HUES64	9630	46/483	1/49	-0.964746	-0.0305956	4.66667
SRX8536091	TFs and others	JUND	Blood	CD34+	1385	46/483	1/49	-0.964746	-0.0305956	4.66667
SRX9095269	TFs and others	CTCF	Pluripotent stem cell	hESC derived neural crests	16608	46/483	1/49	-0.964746	-0.0305956	4.66667
SRX9550857	TFs and others	FOXA1	Prostate	Prostate cancer	11871	46/483	1/49	-0.964746	-0.0305956	4.66667
SRX9741170	TFs and others	ATF4	Blood	MV-4-11	27040	46/483	1/49	-0.964746	-0.0305956	4.66667
SRX2642374	TFs and others	HOXB13	Prostate	VCaP	12905	27/483	6/49	-0.963804	-0.0305956	0.456522
SRX2671518	TFs and others	Epitope tags	Kidney	293	1206	27/483	6/49	-0.963804	-0.0305956	0.456522
SRX067446	TFs and others	CTCF	Lung	NHLF	29598	84/483	4/49	-0.963222	-0.0305956	2.13043
SRX080386	TFs and others	CTCF	Others	AG09319	34294	84/483	4/49	-0.963222	-0.0305956	2.13043
SRX2796997	TFs and others	AR	Prostate	VCaP	14200	84/483	4/49	-0.963222	-0.0305956	2.13043
SRX667407	TFs and others	Epitope tags	Breast	MCF-7	2824	84/483	4/49	-0.963222	-0.0305956	2.13043
SRX9178855	TFs and others	HAP1	Blood	HAP1	6448	84/483	4/49	-0.963222	-0.0305956	2.13043
SRX9632849	TFs and others	CTCF	Uterus	HeLa	37279	84/483	4/49	-0.963222	-0.0305956	2.13043
SRX019519	TFs and others	CTCF	Adipocyte	Adipose stromal cell	31903	87/483	4/49	-0.962822	-0.0305956	2.20652
SRX5234496	TFs and others	SMARCC1	Kidney	TTC1240	7586	87/483	4/49	-0.962822	-0.0305956	2.20652
SRX7396396	TFs and others	CTCF	Blood	BLaER1	25987	87/483	4/49	-0.962822	-0.0305956	2.20652
SRX8984330	TFs and others	CTCF	Bone	A-673	45370	87/483	4/49	-0.962822	-0.0305956	2.20652
SRX3288563	TFs and others	ZNF143	Pluripotent stem cell	hESC H9	4621	107/483	16/49	-0.960466	-0.0305956	0.678442
SRX015140	TFs and others	JUN	Blood	K-562	11316	88/483	4/49	-0.958928	-0.0305956	2.23188
SRX4284008	TFs and others	CTCF	Blood	B cells	40388	88/483	4/49	-0.958928	-0.0305956	2.23188
SRX5888973	TFs and others	SMARCB1	Epidermis	BJ	3124	88/483	4/49	-0.958928	-0.0305956	2.23188
SRX1117697	TFs and others	KDM5C	Breast	ZR-75-30	1962	47/483	1/49	-0.957375	-0.0305956	4.76812
SRX1156535	TFs and others	SMARCA4	Breast	MDA-MB-231	17865	47/483	1/49	-0.957375	-0.0305956	4.76812
SRX188950	TFs and others	CTCF	Blood	GM20000	18468	47/483	1/49	-0.957375	-0.0305956	4.76812
SRX3554405	TFs and others	ESR1	Breast	MDA-MB-134-VI	14055	47/483	1/49	-0.957375	-0.0305956	4.76812
SRX4193367	TFs and others	SMARCA4	Prostate	22Rv1	2213	47/483	1/49	-0.957375	-0.0305956	4.76812
SRX6969884	TFs and others	CHD6	Cardiovascular	Cardiomyocytes	840	47/483	1/49	-0.957375	-0.0305956	4.76812
SRX7276675	TFs and others	Epitope tags	Kidney	293	27996	47/483	1/49	-0.957375	-0.0305956	4.76812
SRX8699643	TFs and others	INTS3	Digestive tract	DLD-1	1677	47/483	1/49	-0.957375	-0.0305956	4.76812
SRX1013968	TFs and others	NELFA	Uterus	HeLa	5456	167/483	11/49	-0.953549	-0.0305956	1.54018
SRX265218	TFs and others	CBFB	Blood	ME-1	11555	167/483	11/49	-0.953549	-0.0305956	1.54018
SRX9867025	TFs and others	BCL11B	Blood	TALL-1	31691	403/483	36/49	-0.953247	-0.0305956	1.13567
SRX5930125	TFs and others	KAT2A	Blood	Acute myeloid leukemia	1235	80/483	13/49	-0.953247	-0.0305956	0.624303
SRX3288562	TFs and others	ZNF143	Pluripotent stem cell	hESC H9	4973	108/483	16/49	-0.950915	-0.0305956	0.684783
SRX5286305	TFs and others	AR	Prostate	LNCAP	51453	325/483	27/49	-0.950554	-0.0305956	1.22115
SRX5770333	TFs and others	Epitope tags	Digestive tract	HCT 116	10537	325/483	27/49	-0.950554	-0.0305956	1.22115
SRX3110711	TFs and others	ESR1	Breast	MCF-7	1592	41/483	8/49	-0.947041	-0.0305956	0.519928
SRX1046558	TFs and others	RAG2	Blood	Thymus	21556	425/483	39/49	-0.946644	-0.0305956	1.10554
SRX4155859	TFs and others	MYCN	Neural	KELLY	33256	425/483	39/49	-0.946644	-0.0305956	1.10554
SRX159133	TFs and others	Epitope tags	Kidney	293	3033	81/483	13/49	-0.945869	-0.0305956	0.632107
SRX8588639	TFs and others	KLF4	Cardiovascular	Pulmonary artery endothelial cells	12344	163/483	11/49	-0.945326	-0.0305956	1.50329
SRX1304827	TFs and others	MED26	Bone	U2OS	3003	121/483	7/49	-0.943019	-0.0305956	1.75362
SRX9345718	TFs and others	CTCF	Blood	Erythroid Cells	30924	121/483	7/49	-0.943019	-0.0305956	1.75362
SRX100459	TFs and others	EGR1	Blood	K-562	32501	323/483	27/49	-0.942941	-0.0305956	1.21363
SRX7692446	TFs and others	POLR2C	Breast	MCF-7	10835	323/483	27/49	-0.942941	-0.0305956	1.21363
SRX017325	TFs and others	PHF8	Neural	SH-SY5Y	3879	120/483	7/49	-0.942136	-0.0305956	1.73913
SRX150487	TFs and others	CTCF	Blood	K-562	47473	120/483	7/49	-0.942136	-0.0305956	1.73913
SRX8536092	TFs and others	JUND	Blood	CD34+	4808	120/483	7/49	-0.942136	-0.0305956	1.73913
SRX019963	TFs and others	E2F4	Blood	GM06990	345	28/483	6/49	-0.941713	-0.0305956	0.47343
SRX4611741	TFs and others	ESR1	Breast	MCF-7	48428	123/483	7/49	-0.94051	-0.0305956	1.78261
SRX6961673	TFs and others	SUPT5H	Digestive tract	HCT 116	4951	123/483	7/49	-0.94051	-0.0305956	1.78261
SRX360055	TFs and others	ZNF143	Digestive tract	LoVo	3031	109/483	16/49	-0.940204	-0.0305956	0.691123
SRX718122	TFs and others	WDR5	Bone	SKMNC	3551	119/483	7/49	-0.939823	-0.0305956	1.72464
SRX7544089	TFs and others	ESR1	Uterus	Ishikawa	14201	119/483	7/49	-0.939823	-0.0305956	1.72464
SRX481483	TFs and others	PRKDC	Others	Fibroblasts	1128	82/483	13/49	-0.936901	-0.0305956	0.639911
SRX5316109	TFs and others	O-GlcNAc	Prostate	PC-3	2208	82/483	13/49	-0.936901	-0.0305956	0.639911
SRX5527607	TFs and others	EP300	Cardiovascular	HAEC	15525	177/483	12/49	-0.933711	-0.0305956	1.49638
SRX359960	TFs and others	TAL1	Digestive tract	LoVo	8703	306/483	37/49	-0.933711	-0.0305956	0.839013
SRX5313221	TFs and others	Biotin	Digestive tract	HCT 116	7812	178/483	12/49	-0.932922	-0.0305956	1.50483
SRX1510971	TFs and others	ZNF143	Breast	MCF-7	17376	305/483	37/49	-0.932922	-0.0305956	0.836271
SRX5576993	TFs and others	CRTC2	Lung	A549	17175	424/483	39/49	-0.931357	-0.0305956	1.10294
SRX7214022	TFs and others	KLF3	Epidermis	Keratinocytes	15744	321/483	27/49	-0.930983	-0.0305956	1.20612
SRX3934096	TFs and others	INTS13	Blood	Monocytes	4804	174/483	12/49	-0.929311	-0.0305956	1.47101
SRX673743	TFs and others	EP300	Breast	MCF-7	6969	174/483	12/49	-0.929311	-0.0305956	1.47101
SRX9932055	TFs and others	STAT5A	Breast	MCF-7	6509	309/483	37/49	-0.929311	-0.0305956	0.847239
SRX1799525	TFs and others	TRIM28	Blood	CD4+ T cells	7493	169/483	23/49	-0.928003	-0.0305956	0.745432
SRX7055006	TFs and others	RELA	Cardiovascular	HAEC	23009	169/483	23/49	-0.928003	-0.0305956	0.745432
SRX7368256	TFs and others	MITF	Epidermis	Hermes 3C	48664	169/483	23/49	-0.928003	-0.0305956	0.745432
SRX023649	TFs and others	GATAD1	Uterus	HeLa	3058	83/483	13/49	-0.926461	-0.0305956	0.647715
SRX1555435	TFs and others	MITF	Epidermis	501A	27910	83/483	13/49	-0.926461	-0.0305956	0.647715
SRX7030930	TFs and others	NELFA	Breast	MCF-7	14210	313/483	26/49	-0.923918	-0.0305956	1.22129
SRX190313	TFs and others	CREB1	Uterus	ECC-1	4282	170/483	23/49	-0.923918	-0.0305956	0.749842
SRX100556	TFs and others	MEF2A	Blood	GM12878	12624	43/483	8/49	-0.918634	-0.0305956	0.54529
SRX118011	TFs and others	TBL1Y	Kidney	293	1361	43/483	8/49	-0.918634	-0.0305956	0.54529
SRX190235	TFs and others	NFATC1	Blood	GM12878	10082	29/483	6/49	-0.917037	-0.0305956	0.490338
SRX063922	TFs and others	ERG	Blood	K-562	20765	306/483	25/49	-0.916664	-0.0305956	1.24174
SRX1510972	TFs and others	ZNF143	Breast	MCF-7	7268	177/483	24/49	-0.916664	-0.0305956	0.748188
SRX4235878	TFs and others	KMT2D	Digestive tract	SW 480	11583	178/483	24/49	-0.914891	-0.0305956	0.752415
SRX150606	TFs and others	RELA	Blood	GM10847	7079	60/483	10/49	-0.914598	-0.0305956	0.608696
SRX100515	TFs and others	YY1	Blood	K-562	26527	304/483	25/49	-0.912061	-0.0305956	1.23362
SRX188943	TFs and others	MYC	Breast	MCF-7	18766	183/483	13/49	-0.909405	-0.0305956	1.42809
SRX3511937	TFs and others	TFAP2A	Pluripotent stem cell	iPS cells	16304	183/483	13/49	-0.909405	-0.0305956	1.42809
SRX3285586	TFs and others	KDM5B	Breast	TAMR	6168	130/483	8/49	-0.904559	-0.0305956	1.64855
SRX7807104	TFs and others	CTCF	Unclassified	Unclassified	38396	130/483	8/49	-0.904559	-0.0305956	1.64855
SRX1726515	TFs and others	E2F1	Blood	MM.1S	5900	286/483	35/49	-0.904102	-0.0305956	0.828986
SRX4708027	TFs and others	PCBP1	Liver	Hep G2	3800	129/483	8/49	-0.902302	-0.0305956	1.63587
SRX9419924	TFs and others	BRD4	Breast	SK-BR-3	23621	288/483	35/49	-0.902244	-0.0305956	0.834783
SRX668345	TFs and others	GFP	Kidney	293	1977	85/483	13/49	-0.901689	-0.0305956	0.663322
SRX1091826	TFs and others	CTCF	Breast	MCF-7	56280	96/483	5/49	-0.901487	-0.0305956	1.94783
SRX1477662	TFs and others	Epitope tags	Lung	MRC-5	3106	96/483	5/49	-0.901487	-0.0305956	1.94783
SRX4377548	TFs and others	BRD2	Breast	HCC1806	19981	364/483	32/49	-0.90142	-0.0305956	1.15399
SRX10637291	TFs and others	KDM1A	Breast	MDA-MB-231	3761	119/483	17/49	-0.90142	-0.0305956	0.710145
SRX4193142	TFs and others	ESR1	Breast	MCF-7	6146	119/483	17/49	-0.90142	-0.0305956	0.710145
SRX6780869	TFs and others	CREB1	Pluripotent stem cell	iPS derived neural cells	2508	119/483	17/49	-0.90142	-0.0305956	0.710145
SRX7135368	TFs and others	BRD4	Blood	K-562	3115	119/483	17/49	-0.90142	-0.0305956	0.710145
SRX150370	TFs and others	MAFK	Uterus	HeLa	10807	44/483	8/49	-0.901197	-0.0305956	0.557971
SRX031247	TFs and others	CTCF	Blood	K-562	52958	95/483	5/49	-0.901191	-0.0305956	1.92754
SRX111777	TFs and others	CTCF	Blood	GM12871	33930	95/483	5/49	-0.901191	-0.0305956	1.92754
SRX6961678	TFs and others	SUPT5H	Digestive tract	HCT 116	3716	95/483	5/49	-0.901191	-0.0305956	1.92754
SRX8984323	TFs and others	CTCF	Bone	A-673	46853	95/483	5/49	-0.901191	-0.0305956	1.92754
SRX10145215	TFs and others	REL	Unclassified	Unclassified	3985	97/483	5/49	-0.900172	-0.0305956	1.96812
SRX2166891	TFs and others	CTCF	Neural	Retina	22649	97/483	5/49	-0.900172	-0.0305956	1.96812
SRX4001921	TFs and others	CTCF	Blood	THP-1	39180	97/483	5/49	-0.900172	-0.0305956	1.96812
SRX6175642	TFs and others	CTCF	Bone	TC-71	41388	97/483	5/49	-0.900172	-0.0305956	1.96812
SRX103010	TFs and others	CTCF	Blood	K-562	52961	94/483	5/49	-0.899273	-0.0305956	1.90725
SRX356484	TFs and others	CTCF	Blood	Lymphoblastoid cell line	30530	94/483	5/49	-0.899273	-0.0305956	1.90725
SRX448960	TFs and others	BRD4	Blood	DND-41	4872	94/483	5/49	-0.899273	-0.0305956	1.90725
SRX701962	TFs and others	CTCF	Pluripotent stem cell	hESC HUES64	44513	94/483	5/49	-0.899273	-0.0305956	1.90725
SRX7728614	TFs and others	CTCF	Pluripotent stem cell	hESC derived neural crests	30255	94/483	5/49	-0.899273	-0.0305956	1.90725
SRX5577161	TFs and others	AR	Prostate	LNCAP	16081	301/483	25/49	-0.897509	-0.0305956	1.22145
SRX080340	TFs and others	CTCF	Epidermis	BJ	34797	98/483	5/49	-0.897275	-0.0305956	1.98841
SRX7677730	TFs and others	SUPT5H	Digestive tract	DLD-1	4399	98/483	5/49	-0.897275	-0.0305956	1.98841
SRX4484988	TFs and others	ERG	Blood	SEM	50919	422/483	39/49	-0.896591	-0.0305956	1.09773
SRX1672127	TFs and others	NR3C1	Lung	BEAS-2B	12673	61/483	10/49	-0.896591	-0.0305956	0.618841
SRX3345951	TFs and others	CPSF3L	Blood	HL-60	6245	193/483	14/49	-0.896266	-0.0305956	1.39855
SRX4611696	TFs and others	ESR1	Breast	MCF-7	42265	193/483	14/49	-0.896266	-0.0305956	1.39855
ERX2868717	TFs and others	CTCF	Blood	MEG-01	32349	70/483	3/49	-0.894147	-0.0305956	2.36715
SRX035159	TFs and others	EOMES	Pluripotent stem cell	hESC derived mesendodermal cells	46419	70/483	3/49	-0.894147	-0.0305956	2.36715
SRX4001886	TFs and others	CTCF	Blood	THP-1	24968	70/483	3/49	-0.894147	-0.0305956	2.36715
SRX8582171	TFs and others	CTCF	Digestive tract	HCT 116	32273	70/483	3/49	-0.894147	-0.0305956	2.36715
SRX9178848	TFs and others	HAP1	Blood	HAP1	4794	70/483	3/49	-0.894147	-0.0305956	2.36715
DRX059614	TFs and others	KMT2B	Blood	HB1119	3873	71/483	3/49	-0.893446	-0.0305956	2.40097
ERX1149050	TFs and others	CTCF	Blood	MEG-01	36109	71/483	3/49	-0.893446	-0.0305956	2.40097
ERX1149095	TFs and others	CTCF	Blood	MEG-01	36071	71/483	3/49	-0.893446	-0.0305956	2.40097
SRX080336	TFs and others	CTCF	Neural	HRPEpiC	39648	71/483	3/49	-0.893446	-0.0305956	2.40097
SRX080427	TFs and others	CTCF	Blood	GM12875	30263	71/483	3/49	-0.893446	-0.0305956	2.40097
SRX099405	TFs and others	RBL1	Lung	IMR-90	2882	71/483	3/49	-0.893446	-0.0305956	2.40097
SRX099876	TFs and others	CTCF	Others	FB0167P	28190	71/483	3/49	-0.893446	-0.0305956	2.40097
SRX1529431	TFs and others	CTCF	Neural	SK-N-SH	20412	71/483	3/49	-0.893446	-0.0305956	2.40097
SRX1744961	TFs and others	CTCF	Blood	THP-1	25811	71/483	3/49	-0.893446	-0.0305956	2.40097
SRX188959	TFs and others	CTCF	Lung	Lung	21369	71/483	3/49	-0.893446	-0.0305956	2.40097
SRX3124415	TFs and others	CTCFL	Neural	KELLY	8343	71/483	3/49	-0.893446	-0.0305956	2.40097
SRX5089451	TFs and others	ESR1	Breast	MCF-7	12992	71/483	3/49	-0.893446	-0.0305956	2.40097
SRX150410	TFs and others	E2F4	Blood	GM12878	2087	90/483	14/49	-0.892844	-0.0305956	0.652174
SRX1531791	TFs and others	ESR1	Breast	MCF-7	31554	90/483	14/49	-0.892844	-0.0305956	0.652174
DRX013201	TFs and others	RAD21	Uterus	HeLa	45919	69/483	3/49	-0.892776	-0.0305956	2.33333
ERX2869656	TFs and others	CTCF	Lung	A549	32522	69/483	3/49	-0.892776	-0.0305956	2.33333
SRX080411	TFs and others	CTCF	Digestive tract	Caco-2	28221	69/483	3/49	-0.892776	-0.0305956	2.33333
SRX100456	TFs and others	ZEB1	Blood	GM12878	3206	69/483	3/49	-0.892776	-0.0305956	2.33333
SRX3584200	TFs and others	CEBPB	Gonad	Epididymis	33243	69/483	3/49	-0.892776	-0.0305956	2.33333
SRX4001827	TFs and others	RAD21	Blood	THP-1	28542	69/483	3/49	-0.892776	-0.0305956	2.33333
SRX6840505	TFs and others	HAP1	Blood	KBM-7	9319	69/483	3/49	-0.892776	-0.0305956	2.33333
SRX9556496	TFs and others	GATA3	Breast	MDA-MB-231	13598	69/483	3/49	-0.892776	-0.0305956	2.33333
SRX080329	TFs and others	CTCF	Cardiovascular	AoAF	28280	72/483	3/49	-0.890711	-0.0305956	2.43478
SRX188970	TFs and others	CTCF	Neural	Medullo	39237	72/483	3/49	-0.890711	-0.0305956	2.43478
SRX341012	TFs and others	MYOD1	Muscle	Rhabdomyosarcoma	20069	72/483	3/49	-0.890711	-0.0305956	2.43478
SRX4714469	TFs and others	GTF3C2	Neural	T98G	6940	72/483	3/49	-0.890711	-0.0305956	2.43478
SRX8707935	TFs and others	CTCF	Epidermis	Keratinocytes	30816	72/483	3/49	-0.890711	-0.0305956	2.43478
SRX2023750	TFs and others	TBX5	Pluripotent stem cell	iPS derived cardiac cells	3825	5/483	2/49	-0.887871	-0.0305956	0.253623
SRX2023773	TFs and others	TBX5	Pluripotent stem cell	iPS derived cardiac cells	3822	5/483	2/49	-0.887871	-0.0305956	0.253623
ERX1149110	TFs and others	CTCF	Blood	MEG-01	36151	73/483	3/49	-0.886009	-0.0305956	2.4686
SRX8018228	TFs and others	CPSF3	Kidney	293	3897	73/483	3/49	-0.886009	-0.0305956	2.4686
SRX9046311	TFs and others	ETS1	Blood	THP-1	4606	73/483	3/49	-0.886009	-0.0305956	2.4686
SRX9513901	TFs and others	FOXA1	Prostate	LNCAP	23613	73/483	3/49	-0.886009	-0.0305956	2.4686
SRX10045365	TFs and others	BAP1	Blood	THP-1	9177	266/483	33/49	-0.885678	-0.0305956	0.817743
SRX3591431	TFs and others	BRD4	Blood	B-CLL cells	11204	291/483	24/49	-0.885166	-0.0305956	1.23007
SRX475759	TFs and others	GABPA	Blood	GM12878	6022	192/483	25/49	-0.885166	-0.0305956	0.77913
SRX6027684	TFs and others	ESR1	Uterus	Ishikawa	25029	356/483	31/49	-0.884911	-0.0305956	1.16503
SRX7030912	TFs and others	HEXIM1	Breast	MCF-7	10916	215/483	16/49	-0.883804	-0.0305956	1.36322
SRX3230378	TFs and others	CBX1	Liver	Hep G2	11209	226/483	17/49	-0.879664	-0.0305956	1.34868
SRX1460848	TFs and others	RELA	Blood	Th1 Cells	5864	257/483	32/49	-0.879664	-0.0305956	0.814764
SRX4193148	TFs and others	ESR1	Breast	MCF-7	3218	66/483	11/49	-0.879433	-0.0305956	0.608696
SRX204914	TFs and others	BRD4	Neural	U-87 MG	30566	225/483	17/49	-0.878236	-0.0305956	1.34271
SRX2064714	TFs and others	RAD21	Digestive tract	HCT 116	23445	213/483	16/49	-0.878023	-0.0305956	1.35054
SRX4404391	TFs and others	MYCN	Prostate	LNCAP	13410	273/483	22/49	-0.877637	-0.0305956	1.25889
SRX265219	TFs and others	CBFB	Blood	ME-1	9808	256/483	20/49	-0.87633	-0.0305956	1.29855
SRX7544090	TFs and others	ESR1	Uterus	Ishikawa	17830	247/483	19/49	-0.875737	-0.0305956	1.31884
SRX2900159	TFs and others	KDM6A	Breast	CAL-51	6247	202/483	26/49	-0.875382	-0.0305956	0.788183
SRX3230391	TFs and others	KLF10	Liver	Hep G2	10156	237/483	30/49	-0.875256	-0.0305956	0.801449
SRX2655461	TFs and others	CTCF	Blood	THP-1	23539	141/483	9/49	-0.874417	-0.0305956	1.58937
SRX1711344	TFs and others	INTS12	Lung	Bronchial epithelial cells	3855	142/483	9/49	-0.87423	-0.0305956	1.60064
SRX356545	TFs and others	CTCF	Blood	Lymphoblastoid cell line	43035	142/483	9/49	-0.87423	-0.0305956	1.60064
SRX9206192	TFs and others	KDM6A	Digestive tract	HCT 116	4927	140/483	9/49	-0.873418	-0.0305956	1.5781
SRX5624368	TFs and others	SREBF2	Blood	Macrophages	9792	272/483	22/49	-0.87325	-0.0305956	1.25428
SRX734412	TFs and others	AR	Prostate	CWR22Pc	28613	272/483	22/49	-0.87325	-0.0305956	1.25428
SRX100434	TFs and others	TCF12	Blood	GM12878	15896	143/483	9/49	-0.872866	-0.0305956	1.61192
SRX150704	TFs and others	TCF7L2	Uterus	HeLa	13858	143/483	9/49	-0.872866	-0.0305956	1.61192
SRX541385	TFs and others	EZH2	Blood	Multiple Myeloma	12945	143/483	9/49	-0.872866	-0.0305956	1.61192
SRX8337453	TFs and others	NFYA	Blood	HUDEP-2	6569	340/483	40/49	-0.872866	-0.0305956	0.862319
SRX6780892	TFs and others	CREB1	Pluripotent stem cell	iPS derived neural cells	5664	260/483	32/49	-0.87251	-0.0305956	0.824275
SRX3434293	TFs and others	SKI	Blood	HL-60	38480	254/483	20/49	-0.872461	-0.0305956	1.28841
SRX334247	TFs and others	E2F1	Unclassified	Unclassified	4919	220/483	28/49	-0.872276	-0.0305956	0.797101
SRX689472	TFs and others	BCOR	Blood	OCI-LY1	16155	244/483	19/49	-0.871427	-0.0305956	1.30282
SRX4792901	TFs and others	CTCF	Breast	T-47D	19785	139/483	9/49	-0.871238	-0.0305956	1.56683
DRX144853	TFs and others	RUNX2	Blood	CAL-1	920	18/483	4/49	-0.871143	-0.0305956	0.456522
SRX2671519	TFs and others	Epitope tags	Kidney	293	790	18/483	4/49	-0.871143	-0.0305956	0.456522
SRX202967	TFs and others	RUNX1	Blood	SEM	42745	222/483	17/49	-0.86825	-0.0305956	1.32481
SRX7972427	TFs and others	MKL1	Epidermis	MKL-1	27136	243/483	19/49	-0.868106	-0.0305956	1.29748
SRX116436	TFs and others	PHF8	Blood	K-562	20135	348/483	30/49	-0.866683	-0.0305956	1.17681
SRX7748766	TFs and others	BRD2	Digestive tract	DLD-1	25358	348/483	30/49	-0.866683	-0.0305956	1.17681
SRX1013334	TFs and others	SMC1A	Liver	HuCCT1	62148	232/483	18/49	-0.864996	-0.0305956	1.30757
SRX3230404	TFs and others	THRA	Liver	Hep G2	24104	252/483	20/49	-0.864864	-0.0305956	1.27826
SRX6878591	TFs and others	AR	Prostate	LNCAP	40220	68/483	11/49	-0.86114	-0.0305956	0.627141
SRX265430	TFs and others	KDM5B	Breast	MDA-MB-231	32638	346/483	30/49	-0.856121	-0.0305956	1.17005
SRX003799	TFs and others	STAT1	Uterus	HeLa	12435	137/483	19/49	-0.856121	-0.0305956	0.731503
SRX5821035	TFs and others	CTCF	Blood	HUDEP-2	20789	106/483	6/49	-0.851273	-0.0305956	1.79227
SRX080337	TFs and others	CTCF	Cardiovascular	HUVEC	31256	105/483	6/49	-0.850764	-0.0305956	1.77536
SRX6602364	TFs and others	ARNTL	Neural	Glioma stem cells	3294	105/483	6/49	-0.850764	-0.0305956	1.77536
SRX4611705	TFs and others	ESR1	Breast	MCF-7	43316	107/483	6/49	-0.850384	-0.0305956	1.80918
SRX186646	TFs and others	PHF8	Blood	K-562	24555	388/483	35/49	-0.850305	-0.0305956	1.12464
SRX12118512	TFs and others	POU2F2	Blood	OCI-LY-7	22891	95/483	14/49	-0.850305	-0.0305956	0.688406
SRX100568	TFs and others	MAX	Blood	K-562	53757	414/483	38/49	-0.849701	-0.0305956	1.10526
SRX1058478	TFs and others	EP400	Epidermis	MKL-1	3023	69/483	11/49	-0.849701	-0.0305956	0.636364
SRX7624156	TFs and others	ESR1	Breast	MCF-7	48122	138/483	19/49	-0.849313	-0.0305956	0.736842
SRX7624162	TFs and others	ESR1	Breast	T-47D	21278	138/483	19/49	-0.849313	-0.0305956	0.736842
SRX9604648	TFs and others	FOXA1	Prostate	LNCAP	82871	104/483	6/49	-0.84885	-0.0305956	1.75845
SRX103004	TFs and others	CTCF	Breast	MCF-7	53918	151/483	10/49	-0.848466	-0.0305956	1.53188
SRX356787	TFs and others	CTCF	Blood	MS1	32657	108/483	6/49	-0.848116	-0.0305956	1.82609
SRX188960	TFs and others	CTCF	Others	Spleen	32956	150/483	10/49	-0.847464	-0.0305956	1.52174
SRX9975612	TFs and others	STAG1	Bone	A-673	44346	150/483	10/49	-0.847464	-0.0305956	1.52174
SRX116467	TFs and others	RBBP5	Pluripotent stem cell	hESC H1	7960	149/483	10/49	-0.845366	-0.0305956	1.51159
SRX8670126	TFs and others	ASCL1	Neural	SH-SY5Y	50406	148/483	10/49	-0.842186	-0.0305956	1.50145
SRX9498738	TFs and others	GTF2B	Blood	K-562	3858	145/483	20/49	-0.841589	-0.0305956	0.735507
SRX189740	TFs and others	ETS1	Cardiovascular	HUVEC	1312	47/483	8/49	-0.839796	-0.0305956	0.596014
SRX3599292	TFs and others	ETS1	Cardiovascular	HUVEC	1318	47/483	8/49	-0.839796	-0.0305956	0.596014
SRX371471	TFs and others	ESR1	Breast	ZR-75-1	49023	47/483	8/49	-0.839796	-0.0305956	0.596014
SRX10881821	TFs and others	SS18L1	Kidney	G-401	20099	382/483	34/49	-0.839595	-0.0305956	1.13981
SRX8512860	TFs and others	SMARCC1	Digestive tract	HCT 116	1944	70/483	11/49	-0.836934	-0.0305956	0.645586
SRX2043231	TFs and others	EP300	Blood	RCH-ACV	13722	55/483	2/49	-0.834916	-0.0305956	2.78986
SRX2570609	TFs and others	CTCF	Blood	HAP1	28723	55/483	2/49	-0.834916	-0.0305956	2.78986
SRX2708829	TFs and others	YY1	Liver	HuH-7	2143	55/483	2/49	-0.834916	-0.0305956	2.78986
SRX471857	TFs and others	BRD4	Prostate	VCaP	2306	55/483	2/49	-0.834916	-0.0305956	2.78986
SRX656347	TFs and others	TCF3	Blood	ICN12	20913	55/483	2/49	-0.834916	-0.0305956	2.78986
SRX701963	TFs and others	CTCF	Pluripotent stem cell	hESC HUES64	27318	55/483	2/49	-0.834916	-0.0305956	2.78986
SRX7626336	TFs and others	CTCF	Others	Mesenchymal Stromal Cells	14512	55/483	2/49	-0.834916	-0.0305956	2.78986
SRX7897937	TFs and others	CTCF	Blood	K-562	7540	55/483	2/49	-0.834916	-0.0305956	2.78986
SRX8588601	TFs and others	CTCF	Gonad	KURAMOCHI	21890	55/483	2/49	-0.834916	-0.0305956	2.78986
SRX9599295	TFs and others	REST	Kidney	293	3121	55/483	2/49	-0.834916	-0.0305956	2.78986
SRX150596	TFs and others	BRCA1	Pluripotent stem cell	hESC H1	1672	54/483	2/49	-0.833985	-0.0305956	2.73913
SRX2368897	TFs and others	FOXA2	Lung	A549	15357	54/483	2/49	-0.833985	-0.0305956	2.73913
SRX2642366	TFs and others	FOXA1	Prostate	VCaP	54852	54/483	2/49	-0.833985	-0.0305956	2.73913
SRX264464	TFs and others	CDK7	Blood	MM.1S	2347	54/483	2/49	-0.833985	-0.0305956	2.73913
SRX470066	TFs and others	Epitope tags	Kidney	293	2658	54/483	2/49	-0.833985	-0.0305956	2.73913
SRX5486443	TFs and others	ZIC2	Digestive tract	HCT 116	3307	54/483	2/49	-0.833985	-0.0305956	2.73913
SRX7202559	TFs and others	CTCF	Blood	K-562	27861	54/483	2/49	-0.833985	-0.0305956	2.73913
SRX7626340	TFs and others	CTCF	Others	Mesenchymal Stromal Cells	13684	54/483	2/49	-0.833985	-0.0305956	2.73913
SRX1033270	TFs and others	FOXA1	Prostate	LNCAP	23466	56/483	2/49	-0.833477	-0.0305956	2.84058
SRX235031	TFs and others	HDAC1	Blood	NALM-6	1800	56/483	2/49	-0.833477	-0.0305956	2.84058
SRX2570608	TFs and others	CTCF	Blood	HAP1	26723	56/483	2/49	-0.833477	-0.0305956	2.84058
SRX2570611	TFs and others	CTCF	Blood	HAP1	28381	56/483	2/49	-0.833477	-0.0305956	2.84058
SRX3285578	TFs and others	KDM5B	Breast	MCF-7	1922	56/483	2/49	-0.833477	-0.0305956	2.84058
SRX356579	TFs and others	CTCF	Blood	GM18526	29167	56/483	2/49	-0.833477	-0.0305956	2.84058
SRX2207918	TFs and others	ATF3	Epidermis	CS1AN	30101	381/483	34/49	-0.833448	-0.0305956	1.13683
SRX5661982	TFs and others	CREB1	Kidney	Kidney Cortex	32278	451/483	43/49	-0.833319	-0.0305956	1.06404
SRX150557	TFs and others	RELA	Blood	GM12878	10091	32/483	6/49	-0.833319	-0.0305956	0.541063
SRX170346	TFs and others	SMARCA4	Blood	Hematopoietic Stem Cells	1212	32/483	6/49	-0.833319	-0.0305956	0.541063
SRX4451195	TFs and others	ESR1	Breast	MCF-7	2511	32/483	6/49	-0.833319	-0.0305956	0.541063
SRX1744956	TFs and others	CTCF	Blood	THP-1	21060	57/483	2/49	-0.829741	-0.0305956	2.8913
SRX2166892	TFs and others	CTCF	Neural	Retina	11140	57/483	2/49	-0.829741	-0.0305956	2.8913
SRX3124403	TFs and others	CTCFL	Neural	KELLY	6174	57/483	2/49	-0.829741	-0.0305956	2.8913
SRX317569	TFs and others	EZH2	Pluripotent stem cell	iPS cells	7951	57/483	2/49	-0.829741	-0.0305956	2.8913
SRX5089458	TFs and others	ESR1	Breast	MCF-7	10334	57/483	2/49	-0.829741	-0.0305956	2.8913
SRX702115	TFs and others	SRF	Pluripotent stem cell	hESC HUES64	8232	57/483	2/49	-0.829741	-0.0305956	2.8913
SRX1477661	TFs and others	Epitope tags	Lung	MRC-5	5921	162/483	11/49	-0.82674	-0.0305956	1.49407
SRX5124039	TFs and others	POU2F1	Prostate	22Rv1	6371	103/483	15/49	-0.826129	-0.0305956	0.696618
SRX3091902	TFs and others	ZFX	Breast	MCF-7	6961	153/483	21/49	-0.825676	-0.0305956	0.73913
SRX4116561	TFs and others	FOXP1	Blood	B cells	8097	148/483	20/49	-0.825626	-0.0305956	0.750725
SRX199896	TFs and others	CTCF	Neural	HA-sp	25762	58/483	2/49	-0.823813	-0.0305956	2.94203
SRX2194233	TFs and others	BRD4	Breast	SUM 159PT	4441	58/483	2/49	-0.823813	-0.0305956	2.94203
SRX2268282	TFs and others	SPI1	Blood	THP-1	32550	58/483	2/49	-0.823813	-0.0305956	2.94203
SRX3110735	TFs and others	ESR1	Breast	MCF-7	32529	58/483	2/49	-0.823813	-0.0305956	2.94203
SRX3472374	TFs and others	TP53BP1	Pluripotent stem cell	hESC H9	1385	58/483	2/49	-0.823813	-0.0305956	2.94203
SRX4377133	TFs and others	CTCF	Pluripotent stem cell	hESC derived cardiac cells	20445	58/483	2/49	-0.823813	-0.0305956	2.94203
SRX8090649	TFs and others	BRD2	Others	Synoviocytes	2203	58/483	2/49	-0.823813	-0.0305956	2.94203
SRX8358262	TFs and others	AHR	Cardiovascular	HCASMC	2420	58/483	2/49	-0.823813	-0.0305956	2.94203
SRX7944501	TFs and others	ESR1	Uterus	Ishikawa	12110	159/483	11/49	-0.823772	-0.0305956	1.4664
SRX8673472	TFs and others	DDIT3	Bone	HT-1080	4414	159/483	11/49	-0.823772	-0.0305956	1.4664
SRX9063419	TFs and others	JUN	Breast	MCF-7	6477	159/483	11/49	-0.823772	-0.0305956	1.4664
SRX2267456	TFs and others	BRD4	Lung	PC-9	14588	154/483	21/49	-0.8236	-0.0305956	0.743961
SRX1212233	TFs and others	CREB1	Prostate	LNCAP	6425	325/483	38/49	-0.820743	-0.0305956	0.867658
SRX067513	TFs and others	CTCF	Muscle	HSMM	40533	80/483	4/49	-0.82042	-0.0305956	2.02899
SRX080431	TFs and others	CTCF	Others	WERI-Rb-1	44207	80/483	4/49	-0.82042	-0.0305956	2.02899
SRX10656916	TFs and others	CTCF	Blood	K-562	18194	80/483	4/49	-0.82042	-0.0305956	2.02899
SRX4493020	TFs and others	KDM1A	Blood	K-562	8092	80/483	4/49	-0.82042	-0.0305956	2.02899
SRX7396395	TFs and others	CTCF	Blood	BLaER1	21948	80/483	4/49	-0.82042	-0.0305956	2.02899
SRX3640570	TFs and others	INTS3	Uterus	HeLa	2783	81/483	4/49	-0.820341	-0.0305956	2.05435
SRX4611708	TFs and others	ESR1	Breast	MCF-7	39825	81/483	4/49	-0.820341	-0.0305956	2.05435
SRX5522009	TFs and others	CTCF	Blood	HUDEP-2	32207	81/483	4/49	-0.820341	-0.0305956	2.05435
SRX6913062	TFs and others	BRD4	Blood	THP-1	4438	81/483	4/49	-0.820341	-0.0305956	2.05435
SRX3437419	TFs and others	CTCF	Uterus	HeLa	39023	79/483	4/49	-0.818822	-0.0305956	2.00362
SRX3584203	TFs and others	CEBPB	Gonad	Epididymis	17076	79/483	4/49	-0.818822	-0.0305956	2.00362
SRX5577162	TFs and others	AR	Prostate	LNCAP	3367	79/483	4/49	-0.818822	-0.0305956	2.00362
SRX6853582	TFs and others	ARNT	Breast	MCF-7	2231	79/483	4/49	-0.818822	-0.0305956	2.00362
SRX8570942	TFs and others	HAP1	Blood	KBM-7	39445	79/483	4/49	-0.818822	-0.0305956	2.00362
SRX099875	TFs and others	CTCF	Others	FB0167P	26613	82/483	4/49	-0.818609	-0.0305956	2.07971
SRX1801654	TFs and others	CTCF	Digestive tract	COLO 829	37541	82/483	4/49	-0.818609	-0.0305956	2.07971
SRX2268283	TFs and others	SPI1	Blood	THP-1	43930	82/483	4/49	-0.818609	-0.0305956	2.07971
SRX2897209	TFs and others	ESR1	Breast	Breast cancer cells	5967	82/483	4/49	-0.818609	-0.0305956	2.07971
SRX3110733	TFs and others	ESR1	Breast	MCF-7	50316	82/483	4/49	-0.818609	-0.0305956	2.07971
SRX4001826	TFs and others	RAD21	Blood	THP-1	30753	82/483	4/49	-0.818609	-0.0305956	2.07971
SRX4001924	TFs and others	CTCF	Blood	THP-1	37225	82/483	4/49	-0.818609	-0.0305956	2.07971
SRX4284011	TFs and others	CTCF	Blood	B cells	36841	82/483	4/49	-0.818609	-0.0305956	2.07971
SRX8570918	TFs and others	HAP1	Blood	KBM-7	38247	82/483	4/49	-0.818609	-0.0305956	2.07971
SRX092451	TFs and others	EBNA2	Blood	IB4	3365	12/483	3/49	-0.818187	-0.0305956	0.405797
SRX6780868	TFs and others	CREB1	Pluripotent stem cell	iPS derived neural cells	2500	104/483	15/49	-0.817716	-0.0305956	0.703382
SRX8406532	TFs and others	HOXB13	Prostate	Prostate	1393	19/483	4/49	-0.817626	-0.0305956	0.481884
SRX992662	TFs and others	E2F1	Prostate	LNCAP	17851	431/483	40/49	-0.815833	-0.0305956	1.09312
SRX4451198	TFs and others	ESR1	Breast	MCF-7	3006	52/483	9/49	-0.815833	-0.0305956	0.586151
SRX5316107	TFs and others	O-GlcNAc	Prostate	PC-3	1436	52/483	9/49	-0.815833	-0.0305956	0.586151
SRX8299816	TFs and others	CTR9	Bone	U2OS	1333	52/483	9/49	-0.815833	-0.0305956	0.586151
SRX026720	TFs and others	CTCF	Pancreas	Pancreatic islets	3284	24/483	0/49	-0.815679	-0.0305956	inf
SRX064484	TFs and others	FOXH1	Pluripotent stem cell	hESC H9	4203	24/483	0/49	-0.815679	-0.0305956	inf
SRX1033277	TFs and others	GATA2	Prostate	LNCAP	10398	24/483	0/49	-0.815679	-0.0305956	inf
SRX1033283	TFs and others	GATA2	Prostate	LNCAP	6944	24/483	0/49	-0.815679	-0.0305956	inf
SRX10407085	TFs and others	SOX2	Digestive tract	KYSE-70	1801	24/483	0/49	-0.815679	-0.0305956	inf
SRX10722987	TFs and others	TBP	Bone	U2OS	889	24/483	0/49	-0.815679	-0.0305956	inf
SRX1136629	TFs and others	GTF2B	Uterus	HeLa	792	24/483	0/49	-0.815679	-0.0305956	inf
SRX1136633	TFs and others	GTF2B	Uterus	HeLa	318	24/483	0/49	-0.815679	-0.0305956	inf
SRX11555333	TFs and others	CTCF	Lung	A549	11102	24/483	0/49	-0.815679	-0.0305956	inf
SRX1304581	TFs and others	JMJD1C	Blood	THP-1	7046	24/483	0/49	-0.815679	-0.0305956	inf
SRX150550	TFs and others	STAT1	Blood	K-562	729	24/483	0/49	-0.815679	-0.0305956	inf
SRX150566	TFs and others	STAT1	Blood	K-562	1491	24/483	0/49	-0.815679	-0.0305956	inf
SRX1531793	TFs and others	NIPBL	Breast	MCF-7	1103	24/483	0/49	-0.815679	-0.0305956	inf
SRX1569768	TFs and others	AR	Prostate	VCaP	17803	24/483	0/49	-0.815679	-0.0305956	inf
SRX158111	TFs and others	TAL1	Blood	RPMI 8402	11091	24/483	0/49	-0.815679	-0.0305956	inf
SRX1614806	TFs and others	ZNF366	Blood	Dendritic Cells	765	24/483	0/49	-0.815679	-0.0305956	inf
SRX176856	TFs and others	ESR1	Breast	MCF-7	15685	24/483	0/49	-0.815679	-0.0305956	inf
SRX1945294	TFs and others	TRIM28	Pluripotent stem cell	hESC WIBR3	8598	24/483	0/49	-0.815679	-0.0305956	inf
SRX1993441	TFs and others	ZSCAN5D	Placenta	BeWo	487	24/483	0/49	-0.815679	-0.0305956	inf
SRX2017944	TFs and others	HNF4G	Prostate	22Rv1	10120	24/483	0/49	-0.815679	-0.0305956	inf
SRX204162	TFs and others	SUMO1	Lung	WI-38	993	24/483	0/49	-0.815679	-0.0305956	inf
SRX2145563	TFs and others	ESR1	Breast	MCF-7	7645	24/483	0/49	-0.815679	-0.0305956	inf
SRX2194267	TFs and others	EP300	Breast	SUM 159PT	9290	24/483	0/49	-0.815679	-0.0305956	inf
SRX2458133	TFs and others	NIPBL	Blood	GM12878	2341	24/483	0/49	-0.815679	-0.0305956	inf
SRX2513522	TFs and others	ESR1	Breast	MCF-7	6319	24/483	0/49	-0.815679	-0.0305956	inf
SRX2731772	TFs and others	CTCF	Neural	Neuroblastoma	3015	24/483	0/49	-0.815679	-0.0305956	inf
SRX2912051	TFs and others	ESR1	Breast	MCF-7	736	24/483	0/49	-0.815679	-0.0305956	inf
SRX2912059	TFs and others	ESR1	Breast	MCF-7	8712	24/483	0/49	-0.815679	-0.0305956	inf
SRX3151495	TFs and others	PAF1	Digestive tract	HCT 116	2046	24/483	0/49	-0.815679	-0.0305956	inf
SRX3434296	TFs and others	CEBPB	Blood	HL-60	6062	24/483	0/49	-0.815679	-0.0305956	inf
SRX3583179	TFs and others	ESR1	Breast	MCF-7	4817	24/483	0/49	-0.815679	-0.0305956	inf
SRX3583211	TFs and others	ESR1	Breast	MCF-7	2802	24/483	0/49	-0.815679	-0.0305956	inf
SRX360591	TFs and others	NIPBL	Digestive tract	GP5d	472	24/483	0/49	-0.815679	-0.0305956	inf
SRX361228	TFs and others	GATA3	Breast	T-47D	3255	24/483	0/49	-0.815679	-0.0305956	inf
SRX361885	TFs and others	MYC	Digestive tract	LoVo	1043	24/483	0/49	-0.815679	-0.0305956	inf
SRX3638909	TFs and others	RELA	Bone	U2OS	1146	24/483	0/49	-0.815679	-0.0305956	inf
SRX3638911	TFs and others	RELA	Bone	U2OS	1306	24/483	0/49	-0.815679	-0.0305956	inf
SRX4047134	TFs and others	PHF8	Digestive tract	RKO	1121	24/483	0/49	-0.815679	-0.0305956	inf
SRX4708032	TFs and others	PRPF4	Liver	Hep G2	999	24/483	0/49	-0.815679	-0.0305956	inf
SRX471874	TFs and others	BRD4	Prostate	VCaP	1236	24/483	0/49	-0.815679	-0.0305956	inf
SRX4737855	TFs and others	BAP1	Pancreas	PANC-1	511	24/483	0/49	-0.815679	-0.0305956	inf
SRX4737858	TFs and others	BAP1	Pancreas	HPDE6	609	24/483	0/49	-0.815679	-0.0305956	inf
SRX475773	TFs and others	REST	Blood	GM12878	4313	24/483	0/49	-0.815679	-0.0305956	inf
SRX4781489	TFs and others	BRD3	Blood	Acute myeloid leukemia	1200	24/483	0/49	-0.815679	-0.0305956	inf
SRX4931260	TFs and others	KMT2A	Breast	MCF-7	721	24/483	0/49	-0.815679	-0.0305956	inf
SRX4976907	TFs and others	TP63	Pluripotent stem cell	hESC H9	1950	24/483	0/49	-0.815679	-0.0305956	inf
SRX5010967	TFs and others	BCOR	Prostate	VCaP	16912	24/483	0/49	-0.815679	-0.0305956	inf
SRX5089534	TFs and others	ARID2	Breast	MCF-7	6013	24/483	0/49	-0.815679	-0.0305956	inf
SRX5525789	TFs and others	MYCN	Neural	SH-EP	2471	24/483	0/49	-0.815679	-0.0305956	inf
SRX5534874	TFs and others	JUN	Breast	MCF-7	3167	24/483	0/49	-0.815679	-0.0305956	inf
SRX5574369	TFs and others	SPI1	Blood	Dendritic Cells	24108	24/483	0/49	-0.815679	-0.0305956	inf
SRX5888986	TFs and others	RELA	Others	Head and neck squamous cell carcinoma 	581	24/483	0/49	-0.815679	-0.0305956	inf
SRX6039041	TFs and others	RARA	Pluripotent stem cell	iPS derived chondrocytes	4685	24/483	0/49	-0.815679	-0.0305956	inf
SRX6049861	TFs and others	Epitope tags	Unclassified	Unclassified	4136	24/483	0/49	-0.815679	-0.0305956	inf
SRX6098148	TFs and others	GATA3	Breast	MCF-7	15809	24/483	0/49	-0.815679	-0.0305956	inf
SRX6686395	TFs and others	MTF2	Prostate	DU 145	2071	24/483	0/49	-0.815679	-0.0305956	inf
SRX6831825	TFs and others	TEAD4	Breast	MCF 10A	2732	24/483	0/49	-0.815679	-0.0305956	inf
SRX702127	TFs and others	TAL1	Pluripotent stem cell	hESC derived mesendodermal cells	601	24/483	0/49	-0.815679	-0.0305956	inf
SRX730426	TFs and others	ESR1	Breast	MCF-7	4723	24/483	0/49	-0.815679	-0.0305956	inf
SRX736065	TFs and others	AR	Prostate	LNCAP	18339	24/483	0/49	-0.815679	-0.0305956	inf
SRX7615734	TFs and others	AFF4	Breast	MCF-7	1151	24/483	0/49	-0.815679	-0.0305956	inf
SRX7677740	TFs and others	XRN2	Digestive tract	DLD-1	805	24/483	0/49	-0.815679	-0.0305956	inf
SRX7951322	TFs and others	SMARCA2	Lung	NCI-H1944	1079	24/483	0/49	-0.815679	-0.0305956	inf
SRX8380646	TFs and others	ESR1	Bone	U2OS	14354	24/483	0/49	-0.815679	-0.0305956	inf
SRX8520805	TFs and others	NR3C1	Breast	MCF-7	7992	24/483	0/49	-0.815679	-0.0305956	inf
SRX8538897	TFs and others	ASCL1	Neural	Glioma	1816	24/483	0/49	-0.815679	-0.0305956	inf
SRX8616375	TFs and others	BRD2	Blood	BCBL1	1501	24/483	0/49	-0.815679	-0.0305956	inf
SRX8617018	TFs and others	TET2	Breast	MCF-7	3230	24/483	0/49	-0.815679	-0.0305956	inf
SRX8850929	TFs and others	Epitope tags	Breast	MCF 10A	778	24/483	0/49	-0.815679	-0.0305956	inf
SRX8929135	TFs and others	CTNNB1	Digestive tract	DLD-1	2249	24/483	0/49	-0.815679	-0.0305956	inf
SRX8976678	TFs and others	HDAC3	Digestive tract	KYSE-410	2535	24/483	0/49	-0.815679	-0.0305956	inf
SRX9055414	TFs and others	GATA1	Blood	HUDEP-2	3887	24/483	0/49	-0.815679	-0.0305956	inf
SRX9206315	TFs and others	CTCF	Lung	Calu-3	5186	24/483	0/49	-0.815679	-0.0305956	inf
SRX9468673	TFs and others	Epitope tags	Prostate	LNCAP	2408	24/483	0/49	-0.815679	-0.0305956	inf
SRX9567093	TFs and others	MYCN	Neural	IMR-32	1515	24/483	0/49	-0.815679	-0.0305956	inf
SRX9607665	TFs and others	RARA	Pluripotent stem cell	NTERA-2	2670	24/483	0/49	-0.815679	-0.0305956	inf
SRX968967	TFs and others	ESR1	Breast	MCF-7	6390	24/483	0/49	-0.815679	-0.0305956	inf
SRX9697301	TFs and others	NR3C1	Lung	A549	4652	24/483	0/49	-0.815679	-0.0305956	inf
SRX9719184	TFs and others	GATA3	Breast	MCF-7	9795	24/483	0/49	-0.815679	-0.0305956	inf
ERX2868712	TFs and others	CTCF	Lung	BEAS-2B	33554	83/483	4/49	-0.815264	-0.0305956	2.10507
ERX2868714	TFs and others	CTCF	Blood	HEL 92.1.7	44012	83/483	4/49	-0.815264	-0.0305956	2.10507
SRX3437415	TFs and others	CTCF	Uterus	HeLa	40883	83/483	4/49	-0.815264	-0.0305956	2.10507
SRX4284012	TFs and others	CTCF	Blood	B cells	35765	83/483	4/49	-0.815264	-0.0305956	2.10507
SRX5927381	TFs and others	CTCF	Uterus	Fallopian Tubes	36205	83/483	4/49	-0.815264	-0.0305956	2.10507
SRX9562888	TFs and others	PBRM1	Muscle	RH-4	4781	83/483	4/49	-0.815264	-0.0305956	2.10507
ERX626787	TFs and others	CTCF	Blood	HL-60	5581	25/483	0/49	-0.813287	-0.0305956	inf
ERX626797	TFs and others	CTCF	Blood	HL-60	5777	25/483	0/49	-0.813287	-0.0305956	inf
SRX017709	TFs and others	KAT5	Blood	CD4+ T cells	560	25/483	0/49	-0.813287	-0.0305956	inf
SRX027917	TFs and others	NR3C1	Uterus	HeLa	4160	25/483	0/49	-0.813287	-0.0305956	inf
SRX029436	TFs and others	FLI1	Blood	CD34+	1221	25/483	0/49	-0.813287	-0.0305956	inf
SRX080047	TFs and others	EP300	Blood	NB-4	3081	25/483	0/49	-0.813287	-0.0305956	inf
SRX100551	TFs and others	RXRA	Pluripotent stem cell	hESC H1	800	25/483	0/49	-0.813287	-0.0305956	inf
SRX1012613	TFs and others	EP300	Breast	T-47D	5047	25/483	0/49	-0.813287	-0.0305956	inf
SRX1012739	TFs and others	ESR1	Breast	MCF-7	1968	25/483	0/49	-0.813287	-0.0305956	inf
SRX1038944	TFs and others	YAP1	Lung	IMR-90	11612	25/483	0/49	-0.813287	-0.0305956	inf
SRX10484566	TFs and others	RUNX1	Blood	THP-1	4866	25/483	0/49	-0.813287	-0.0305956	inf
SRX1136653	TFs and others	GTF2B	Uterus	HeLa	867	25/483	0/49	-0.813287	-0.0305956	inf
SRX1177903	TFs and others	TRIM28	Digestive tract	HCT 116	954	25/483	0/49	-0.813287	-0.0305956	inf
SRX119640	TFs and others	Epitope tags	Lung	A549	778	25/483	0/49	-0.813287	-0.0305956	inf
SRX1478541	TFs and others	SIX2	Kidney	Kidney Cortex	7436	25/483	0/49	-0.813287	-0.0305956	inf
SRX149714	TFs and others	SCML2	Blood	K-562	431	25/483	0/49	-0.813287	-0.0305956	inf
SRX150376	TFs and others	CHD1	Pluripotent stem cell	hESC H1	888	25/483	0/49	-0.813287	-0.0305956	inf
SRX150619	TFs and others	GATA1	Blood	K-562	2039	25/483	0/49	-0.813287	-0.0305956	inf
SRX1569767	TFs and others	AR	Prostate	VCaP	23459	25/483	0/49	-0.813287	-0.0305956	inf
SRX170356	TFs and others	SMARCA4	Blood	B cells	1180	25/483	0/49	-0.813287	-0.0305956	inf
SRX176882	TFs and others	EP300	Breast	MCF-7	7978	25/483	0/49	-0.813287	-0.0305956	inf
SRX1885171	TFs and others	RELA	Prostate	LNCAP	2772	25/483	0/49	-0.813287	-0.0305956	inf
SRX204172	TFs and others	SUMO1	Lung	WI-38	2159	25/483	0/49	-0.813287	-0.0305956	inf
SRX212661	TFs and others	IRF1	Blood	Monocytes-CD14+	1487	25/483	0/49	-0.813287	-0.0305956	inf
SRX2207669	TFs and others	NOTCH1	Cardiovascular	HUVEC	14848	25/483	0/49	-0.813287	-0.0305956	inf
SRX2270128	TFs and others	RELA	Liver	HuH-7	566	25/483	0/49	-0.813287	-0.0305956	inf
SRX2355070	TFs and others	IRF1	Cardiovascular	HAEC	671	25/483	0/49	-0.813287	-0.0305956	inf
SRX2460050	TFs and others	ESR1	Breast	Breast cancer cells	1490	25/483	0/49	-0.813287	-0.0305956	inf
SRX261274	TFs and others	ESR1	Breast	MCF-7	4733	25/483	0/49	-0.813287	-0.0305956	inf
SRX2731789	TFs and others	MYCN	Neural	Neuroblastoma	1104	25/483	0/49	-0.813287	-0.0305956	inf
SRX2913026	TFs and others	FLI1	Bone	A-673	5040	25/483	0/49	-0.813287	-0.0305956	inf
SRX2957422	TFs and others	CEBPB	Blood	HL-60	3318	25/483	0/49	-0.813287	-0.0305956	inf
SRX3123817	TFs and others	ESR1	Breast	MCF-7	8907	25/483	0/49	-0.813287	-0.0305956	inf
SRX3436329	TFs and others	NR3C1	Blood	SUP-B15	10921	25/483	0/49	-0.813287	-0.0305956	inf
SRX3583195	TFs and others	ESR1	Breast	MCF-7	3249	25/483	0/49	-0.813287	-0.0305956	inf
SRX3589928	TFs and others	STAG2	Breast	MCF 10A	1166	25/483	0/49	-0.813287	-0.0305956	inf
SRX3873714	TFs and others	ELL2	Lung	NCI-H2171	1112	25/483	0/49	-0.813287	-0.0305956	inf
SRX3881551	TFs and others	MYC	Prostate	LNCAP	746	25/483	0/49	-0.813287	-0.0305956	inf
SRX4192959	TFs and others	SMC1A	Breast	MCF-7	5581	25/483	0/49	-0.813287	-0.0305956	inf
SRX471850	TFs and others	AR	Prostate	VCaP	19080	25/483	0/49	-0.813287	-0.0305956	inf
SRX497255	TFs and others	CTCF	Lung	BEAS-2B	3993	25/483	0/49	-0.813287	-0.0305956	inf
SRX5286308	TFs and others	AR	Prostate	LNCAP	31216	25/483	0/49	-0.813287	-0.0305956	inf
SRX5534843	TFs and others	ESR1	Breast	MCF-7	3201	25/483	0/49	-0.813287	-0.0305956	inf
SRX5577157	TFs and others	AR	Prostate	LNCAP	17454	25/483	0/49	-0.813287	-0.0305956	inf
SRX5683079	TFs and others	ESR1	Uterus	Ishikawa	4603	25/483	0/49	-0.813287	-0.0305956	inf
SRX5718144	TFs and others	TEAD4	Kidney	293	1392	25/483	0/49	-0.813287	-0.0305956	inf
SRX5729948	TFs and others	AR	Prostate	LNCAP	12114	25/483	0/49	-0.813287	-0.0305956	inf
SRX5729949	TFs and others	AR	Prostate	LNCAP	8339	25/483	0/49	-0.813287	-0.0305956	inf
SRX6049856	TFs and others	Epitope tags	Unclassified	Unclassified	3595	25/483	0/49	-0.813287	-0.0305956	inf
SRX625673	TFs and others	IKZF1	Blood	ICN1	1840	25/483	0/49	-0.813287	-0.0305956	inf
SRX647365	TFs and others	ESR1	Breast	MCF 10A	1879	25/483	0/49	-0.813287	-0.0305956	inf
SRX702118	TFs and others	SRF	Pluripotent stem cell	hESC derived mesendodermal cells	2980	25/483	0/49	-0.813287	-0.0305956	inf
SRX747782	TFs and others	ESR1	Breast	MCF-7	7005	25/483	0/49	-0.813287	-0.0305956	inf
SRX747805	TFs and others	ESR1	Breast	MCF-7	7928	25/483	0/49	-0.813287	-0.0305956	inf
SRX7522861	TFs and others	CTCF	Breast	MCF10DCIS.com	21492	25/483	0/49	-0.813287	-0.0305956	inf
SRX7785400	TFs and others	ATF4	Blood	Jurkat	6658	25/483	0/49	-0.813287	-0.0305956	inf
SRX8080561	TFs and others	Epitope tags	Breast	Mammary gland adenocarcinoma	8104	25/483	0/49	-0.813287	-0.0305956	inf
SRX8084747	TFs and others	Epitope tags	Breast	SUM 159PT	883	25/483	0/49	-0.813287	-0.0305956	inf
SRX8089620	TFs and others	AR	Prostate	VCaP	20494	25/483	0/49	-0.813287	-0.0305956	inf
SRX8272876	TFs and others	CEBPA	Blood	BLaER1	5474	25/483	0/49	-0.813287	-0.0305956	inf
SRX8432576	TFs and others	TBP	Pluripotent stem cell	iPS cells	1184	25/483	0/49	-0.813287	-0.0305956	inf
SRX8616961	TFs and others	ESR1	Breast	MCF-7	2889	25/483	0/49	-0.813287	-0.0305956	inf
SRX8617016	TFs and others	TET2	Breast	MCF-7	3854	25/483	0/49	-0.813287	-0.0305956	inf
SRX9163075	TFs and others	TEAD1	Lung	Bronchial epithelial cells	2304	25/483	0/49	-0.813287	-0.0305956	inf
SRX9468656	TFs and others	AR	Prostate	LNCAP	36694	25/483	0/49	-0.813287	-0.0305956	inf
SRX9562906	TFs and others	SMARCC1	Muscle	RH-4	635	25/483	0/49	-0.813287	-0.0305956	inf
SRX9719174	TFs and others	TET2	Breast	MCF-7	3130	25/483	0/49	-0.813287	-0.0305956	inf
SRX2731586	TFs and others	ONECUT2	Prostate	22Rv1	2777	116/483	7/49	-0.810667	-0.0305956	1.68116
SRX356765	TFs and others	STAG1	Blood	Lymphoblastoid cell line	31202	116/483	7/49	-0.810667	-0.0305956	1.68116
SRX4611709	TFs and others	ESR1	Breast	MCF-7	44380	116/483	7/49	-0.810667	-0.0305956	1.68116
SRX4611722	TFs and others	ESR1	Breast	MCF-7	48612	116/483	7/49	-0.810667	-0.0305956	1.68116
SRX9178811	TFs and others	HAP1	Blood	HAP1	7183	116/483	7/49	-0.810667	-0.0305956	1.68116
SRX895429	TFs and others	SUMO2	Blood	K-562	2977	76/483	12/49	-0.810366	-0.0305956	0.642512
SRX1658068	TFs and others	BRD4	Lung	IMR-90	9067	115/483	7/49	-0.810059	-0.0305956	1.66667
SRX190307	TFs and others	SRF	Digestive tract	HCT 116	19688	366/483	42/49	-0.810036	-0.0305956	0.884058
SRX2442438	TFs and others	FGFR1	Pluripotent stem cell	iPS derived neural cells	4584	172/483	12/49	-0.808683	-0.0305956	1.45411
SRX265414	TFs and others	KDM5B	Breast	MCF-7	27782	378/483	34/49	-0.808289	-0.0305956	1.12788
SRX264460	TFs and others	BRD4	Blood	MM.1S	9940	114/483	7/49	-0.80821	-0.0305956	1.65217
SRX6578940	TFs and others	CTCF	Blood	CUTLL1	27305	114/483	7/49	-0.80821	-0.0305956	1.65217
SRX190301	TFs and others	TEAD4	Pluripotent stem cell	hESC H1	20630	118/483	7/49	-0.808182	-0.0305956	1.71014
SRX4611694	TFs and others	ESR1	Breast	MCF-7	47248	118/483	7/49	-0.808182	-0.0305956	1.71014
SRX8673475	TFs and others	CTCF	Bone	HT-1080	59657	118/483	7/49	-0.808182	-0.0305956	1.71014
SRX190221	TFs and others	ELF1	Digestive tract	HCT 116	16544	365/483	42/49	-0.808182	-0.0305956	0.881643
SRX6435405	TFs and others	SUPT5H	Kidney	293	4303	170/483	12/49	-0.807717	-0.0305956	1.4372
SRX790970	TFs and others	NFKB1	Blood	L-1236	16380	170/483	12/49	-0.807717	-0.0305956	1.4372
SRX334262	TFs and others	E2F1	Unclassified	Unclassified	3368	163/483	22/49	-0.80771	-0.0305956	0.751647
ERX200534	TFs and others	CTCF	Blood	B cells	6442	26/483	0/49	-0.806136	-0.0305956	inf
ERX470434	TFs and others	NRIP1	Breast	MCF-7	3849	26/483	0/49	-0.806136	-0.0305956	inf
ERX626801	TFs and others	EP300	Blood	HL-60	899	26/483	0/49	-0.806136	-0.0305956	inf
SRX014810	TFs and others	GATA1	Blood	K-562	2027	26/483	0/49	-0.806136	-0.0305956	inf
SRX099182	TFs and others	AR	Prostate	VCaP	15336	26/483	0/49	-0.806136	-0.0305956	inf
SRX100523	TFs and others	REST	Uterus	HeLa	7806	26/483	0/49	-0.806136	-0.0305956	inf
SRX1012614	TFs and others	EP300	Breast	T-47D	4785	26/483	0/49	-0.806136	-0.0305956	inf
SRX1041183	TFs and others	ATF4	Blood	HAP1	14888	26/483	0/49	-0.806136	-0.0305956	inf
SRX1092384	TFs and others	Epitope tags	Blood	K-562	598	26/483	0/49	-0.806136	-0.0305956	inf
SRX1759186	TFs and others	ATF3	Epidermis	Dermal fibroblast	2967	26/483	0/49	-0.806136	-0.0305956	inf
SRX1872773	TFs and others	ERF	Prostate	VCaP	735	26/483	0/49	-0.806136	-0.0305956	inf
SRX212664	TFs and others	IRF1	Blood	Monocytes-CD14+	4664	26/483	0/49	-0.806136	-0.0305956	inf
SRX244191	TFs and others	BCL6	Blood	OCI-LY-7	1513	26/483	0/49	-0.806136	-0.0305956	inf
SRX2944450	TFs and others	MYC	Breast	MCF 10A	1152	26/483	0/49	-0.806136	-0.0305956	inf
SRX3123822	TFs and others	ESR1	Breast	MCF-7	10098	26/483	0/49	-0.806136	-0.0305956	inf
SRX3123828	TFs and others	ESR1	Breast	MCF-7	9006	26/483	0/49	-0.806136	-0.0305956	inf
SRX361224	TFs and others	GATA3	Breast	T-47D	5459	26/483	0/49	-0.806136	-0.0305956	inf
SRX384489	TFs and others	XBP1	Breast	MDA-MB-231	1797	26/483	0/49	-0.806136	-0.0305956	inf
SRX4287638	TFs and others	AR	Epidermis	A-375	890	26/483	0/49	-0.806136	-0.0305956	inf
SRX4287639	TFs and others	AR	Epidermis	A-375	976	26/483	0/49	-0.806136	-0.0305956	inf
SRX4411673	TFs and others	AR	Prostate	LNCAP	48662	26/483	0/49	-0.806136	-0.0305956	inf
SRX4708066	TFs and others	U2AF1	Blood	K-562	1308	26/483	0/49	-0.806136	-0.0305956	inf
SRX471856	TFs and others	AR	Prostate	VCaP	14763	26/483	0/49	-0.806136	-0.0305956	inf
SRX4815189	TFs and others	CTNNB1	Breast	SUM 149PT	1516	26/483	0/49	-0.806136	-0.0305956	inf
SRX5089425	TFs and others	SMARCA4	Breast	MCF-7	4630	26/483	0/49	-0.806136	-0.0305956	inf
SRX5089453	TFs and others	ESR1	Breast	MCF-7	2759	26/483	0/49	-0.806136	-0.0305956	inf
SRX5290913	TFs and others	CTCF	Lung	IMR-90	10896	26/483	0/49	-0.806136	-0.0305956	inf
SRX5323930	TFs and others	ESR1	Breast	Breast cancer cells	3093	26/483	0/49	-0.806136	-0.0305956	inf
SRX5719607	TFs and others	CTCF	Blood	Jurkat	5185	26/483	0/49	-0.806136	-0.0305956	inf
SRX625676	TFs and others	IKZF1	Blood	ICN1	1553	26/483	0/49	-0.806136	-0.0305956	inf
SRX687555	TFs and others	HDAC2	Blood	Erythroid progenitors	1109	26/483	0/49	-0.806136	-0.0305956	inf
SRX698187	TFs and others	LMO3	Blood	Kasumi-1	4362	26/483	0/49	-0.806136	-0.0305956	inf
SRX7202533	TFs and others	CTCF	Uterus	HEC-1-B	8137	26/483	0/49	-0.806136	-0.0305956	inf
SRX7202546	TFs and others	CTCF	Uterus	HEC-1-B	14199	26/483	0/49	-0.806136	-0.0305956	inf
SRX7202557	TFs and others	CTCF	Uterus	HEC-1-B	11963	26/483	0/49	-0.806136	-0.0305956	inf
SRX8246295	TFs and others	FGFR1	Breast	MCF-7	775	26/483	0/49	-0.806136	-0.0305956	inf
SRX8588641	TFs and others	KLF4	Cardiovascular	Pulmonary artery endothelial cells	2135	26/483	0/49	-0.806136	-0.0305956	inf
SRX8588642	TFs and others	KLF4	Cardiovascular	Pulmonary artery endothelial cells	1718	26/483	0/49	-0.806136	-0.0305956	inf
SRX8823215	TFs and others	ZMYND8	Lung	A549	760	26/483	0/49	-0.806136	-0.0305956	inf
SRX8976683	TFs and others	NCOR2	Digestive tract	KYSE-410	824	26/483	0/49	-0.806136	-0.0305956	inf
SRX9237237	TFs and others	PAF1	Blood	K-562	2588	26/483	0/49	-0.806136	-0.0305956	inf
SRX9298947	TFs and others	NR3C1	Lung	Lung cancer cell line	6100	26/483	0/49	-0.806136	-0.0305956	inf
SRX9298957	TFs and others	NR3C1	Lung	Lung cancer cell line	4961	26/483	0/49	-0.806136	-0.0305956	inf
SRX9468675	TFs and others	Epitope tags	Prostate	LNCAP	4209	26/483	0/49	-0.806136	-0.0305956	inf
SRX9600616	TFs and others	G-quadruplex	Blood	K-562	368	26/483	0/49	-0.806136	-0.0305956	inf
SRX7141991	TFs and others	O-GlcNAc	Adipocyte	Adipocytes	1301	53/483	9/49	-0.805964	-0.0305956	0.597424
SRX10338559	TFs and others	MYC	Blood	NALM-6	29369	319/483	27/49	-0.805778	-0.0305956	1.1986
SRX100428	TFs and others	SIX5	Blood	K-562	2616	77/483	12/49	-0.803992	-0.0305956	0.650966
SRX1161203	TFs and others	FOXA1	Breast	T-47D	28247	77/483	12/49	-0.803992	-0.0305956	0.650966
SRX7135370	TFs and others	BRD3	Blood	K-562	1429	77/483	12/49	-0.803992	-0.0305956	0.650966
SRX150727	TFs and others	NRF1	Liver	Hep G2	1196	33/483	6/49	-0.803786	-0.0305956	0.557971
SRX3680731	TFs and others	BRD4	Digestive tract	SW 480	4828	33/483	6/49	-0.803786	-0.0305956	0.557971
SRX6780891	TFs and others	CREB1	Pluripotent stem cell	iPS derived neural cells	2291	111/483	16/49	-0.800921	-0.0305956	0.703804
SRX3230413	TFs and others	ZNF219	Liver	Hep G2	36560	317/483	27/49	-0.799111	-0.0305956	1.19109
SRX8673354	TFs and others	EGR1	Blood	Kasumi-1	16179	317/483	27/49	-0.799111	-0.0305956	1.19109
SRX070878	TFs and others	FOS	Cardiovascular	HUVEC	7025	40/483	1/49	-0.796235	-0.0305956	4.05797
SRX097089	TFs and others	SMAD1	Blood	K-562	9452	40/483	1/49	-0.796235	-0.0305956	4.05797
SRX1044411	TFs and others	JUN	Breast	MDA-MB-231	6655	40/483	1/49	-0.796235	-0.0305956	4.05797
SRX2431539	TFs and others	GATA4	Epidermis	BJ	15430	40/483	1/49	-0.796235	-0.0305956	4.05797
SRX3144981	TFs and others	GFI1	Blood	Kasumi-1	2991	40/483	1/49	-0.796235	-0.0305956	4.05797
SRX3288588	TFs and others	RAD21	Pluripotent stem cell	hESC H9	49090	40/483	1/49	-0.796235	-0.0305956	4.05797
SRX383817	TFs and others	FOXA1	Prostate	LNCAP	29337	40/483	1/49	-0.796235	-0.0305956	4.05797
SRX4708086	TFs and others	AGO1	Blood	K-562	3215	40/483	1/49	-0.796235	-0.0305956	4.05797
SRX502070	TFs and others	AR	Prostate	Prostate cancer	16719	40/483	1/49	-0.796235	-0.0305956	4.05797
SRX5661980	TFs and others	VDR	Kidney	Kidney Cortex	894	40/483	1/49	-0.796235	-0.0305956	4.05797
SRX5848183	TFs and others	CTCF	Blood	K-562	20113	40/483	1/49	-0.796235	-0.0305956	4.05797
SRX6854832	TFs and others	Epitope tags	Epidermis	501A	19458	40/483	1/49	-0.796235	-0.0305956	4.05797
SRX6913077	TFs and others	BRD3	Blood	K-562	1318	40/483	1/49	-0.796235	-0.0305956	4.05797
SRX7897936	TFs and others	CTCF	Blood	K-562	3149	40/483	1/49	-0.796235	-0.0305956	4.05797
SRX9674627	TFs and others	BRD9	Muscle	Rh-4	1632	40/483	1/49	-0.796235	-0.0305956	4.05797
SRX6066493	TFs and others	POLR2C	Digestive tract	HCT 116	18544	405/483	37/49	-0.796233	-0.0305956	1.11046
DRX013200	TFs and others	CTCF	Uterus	HeLa	16841	39/483	1/49	-0.796022	-0.0305956	3.95652
SRX080143	TFs and others	CTCF	Liver	Hep G2	36008	39/483	1/49	-0.796022	-0.0305956	3.95652
SRX10119152	TFs and others	CREBBP	Blood	MV-4-11	901	39/483	1/49	-0.796022	-0.0305956	3.95652
SRX150542	TFs and others	CTBP2	Pluripotent stem cell	hESC H1	1353	39/483	1/49	-0.796022	-0.0305956	3.95652
SRX150599	TFs and others	MAFF	Blood	K-562	18488	39/483	1/49	-0.796022	-0.0305956	3.95652
SRX1552473	TFs and others	MYC	Bone	U2OS	1522	39/483	1/49	-0.796022	-0.0305956	3.95652
SRX1950175	TFs and others	CTCF	Prostate	VCaP	20708	39/483	1/49	-0.796022	-0.0305956	3.95652
SRX3124405	TFs and others	BRD4	Neural	KELLY	4857	39/483	1/49	-0.796022	-0.0305956	3.95652
SRX3230395	TFs and others	PAXIP1	Liver	Hep G2	9583	39/483	1/49	-0.796022	-0.0305956	3.95652
SRX360578	TFs and others	RAD21	Digestive tract	GP5d	21918	39/483	1/49	-0.796022	-0.0305956	3.95652
SRX4737859	TFs and others	BAP1	Pancreas	HPDE6	684	39/483	1/49	-0.796022	-0.0305956	3.95652
SRX5146789	TFs and others	TCF21	Cardiovascular	HCASMC	8017	39/483	1/49	-0.796022	-0.0305956	3.95652
SRX5236337	TFs and others	MED1	Cardiovascular	HUVEC	1572	39/483	1/49	-0.796022	-0.0305956	3.95652
SRX6854826	TFs and others	Epitope tags	Epidermis	501A	22096	39/483	1/49	-0.796022	-0.0305956	3.95652
SRX6854838	TFs and others	Epitope tags	Epidermis	501A	22883	39/483	1/49	-0.796022	-0.0305956	3.95652
SRX699732	TFs and others	TCF21	Cardiovascular	HCASMC	8043	39/483	1/49	-0.796022	-0.0305956	3.95652
SRX8089680	TFs and others	MED1	Prostate	VCaP	1844	39/483	1/49	-0.796022	-0.0305956	3.95652
SRX9063420	TFs and others	JUN	Breast	MCF-7	3860	39/483	1/49	-0.796022	-0.0305956	3.95652
SRX973433	TFs and others	EHMT2	Kidney	293	1274	39/483	1/49	-0.796022	-0.0305956	3.95652
SRX2537515	TFs and others	BRD2	Epidermis	SK-MEL-147	31443	371/483	33/49	-0.795595	-0.0305956	1.14054
SRX2194290	TFs and others	BRD4	Breast	SUM 229PE	10825	112/483	16/49	-0.795595	-0.0305956	0.710145
SRX060810	TFs and others	GATA3	Breast	MCF-7	12515	27/483	0/49	-0.794702	-0.0305956	inf
SRX100509	TFs and others	NR3C1	Uterus	ECC-1	1029	27/483	0/49	-0.794702	-0.0305956	inf
SRX10131682	TFs and others	BRD4	Lung	Bronchial tracheal epithelial cells	973	27/483	0/49	-0.794702	-0.0305956	inf
SRX1052319	TFs and others	Epitope tags	Blood	K-562	1717	27/483	0/49	-0.794702	-0.0305956	inf
SRX10881803	TFs and others	SMARCC2	Others	BT-16	787	27/483	0/49	-0.794702	-0.0305956	inf
SRX1272786	TFs and others	BRD4	Digestive tract	HT-29	1167	27/483	0/49	-0.794702	-0.0305956	inf
SRX148895	TFs and others	SMAD3	Liver	LX2	8324	27/483	0/49	-0.794702	-0.0305956	inf
SRX150493	TFs and others	NFE2	Blood	K-562	2132	27/483	0/49	-0.794702	-0.0305956	inf
SRX150588	TFs and others	MYC	Pluripotent stem cell	hESC H1	1177	27/483	0/49	-0.794702	-0.0305956	inf
SRX150911	TFs and others	GATA2	Prostate	LNCAP	10449	27/483	0/49	-0.794702	-0.0305956	inf
SRX1745736	TFs and others	ESR1	Uterus	Endometrial Stromal Tumors	2294	27/483	0/49	-0.794702	-0.0305956	inf
SRX1799528	TFs and others	TRIM28	Blood	CD4+ T cells	7699	27/483	0/49	-0.794702	-0.0305956	inf
SRX1993440	TFs and others	ZSCAN5D	Placenta	BeWo	570	27/483	0/49	-0.794702	-0.0305956	inf
SRX261273	TFs and others	ESR1	Breast	MCF-7	14728	27/483	0/49	-0.794702	-0.0305956	inf
SRX2671820	TFs and others	EP300	Pluripotent stem cell	iPS cells	12679	27/483	0/49	-0.794702	-0.0305956	inf
SRX2850858	TFs and others	APC	Digestive tract	HCT 116	949	27/483	0/49	-0.794702	-0.0305956	inf
SRX3098198	TFs and others	CEBPA	Blood	Kasumi-1	6492	27/483	0/49	-0.794702	-0.0305956	inf
SRX3123810	TFs and others	ESR1	Breast	MCF-7	11597	27/483	0/49	-0.794702	-0.0305956	inf
SRX3230384	TFs and others	FOXO1	Liver	Hep G2	4765	27/483	0/49	-0.794702	-0.0305956	inf
SRX3436563	TFs and others	SSRP1	Bone	HT-1080	6314	27/483	0/49	-0.794702	-0.0305956	inf
SRX361222	TFs and others	GATA3	Breast	MCF-7	11404	27/483	0/49	-0.794702	-0.0305956	inf
SRX3638908	TFs and others	RELA	Bone	U2OS	1429	27/483	0/49	-0.794702	-0.0305956	inf
SRX3829962	TFs and others	MGA	Lung	A549	769	27/483	0/49	-0.794702	-0.0305956	inf
SRX4001761	TFs and others	CTCF	Blood	Macrophages	8545	27/483	0/49	-0.794702	-0.0305956	inf
SRX4001955	TFs and others	CEBPB	Blood	THP-1	17190	27/483	0/49	-0.794702	-0.0305956	inf
SRX4397518	TFs and others	KMT2D	Pluripotent stem cell	NT2-D1	334	27/483	0/49	-0.794702	-0.0305956	inf
SRX5010966	TFs and others	BCOR	Prostate	VCaP	12090	27/483	0/49	-0.794702	-0.0305956	inf
SRX5287702	TFs and others	MED1	Breast	MCF-7	541	27/483	0/49	-0.794702	-0.0305956	inf
SRX5486437	TFs and others	TCF7L2	Digestive tract	HCT 116	1688	27/483	0/49	-0.794702	-0.0305956	inf
SRX5974527	TFs and others	CTCF	Blood	K-562	14732	27/483	0/49	-0.794702	-0.0305956	inf
SRX673727	TFs and others	TFAP2C	Breast	MCF-7	906	27/483	0/49	-0.794702	-0.0305956	inf
SRX6743053	TFs and others	SMARCA4	Prostate	VCaP	51467	27/483	0/49	-0.794702	-0.0305956	inf
SRX7202543	TFs and others	CTCF	Uterus	HEC-1-B	14117	27/483	0/49	-0.794702	-0.0305956	inf
SRX730450	TFs and others	ESR1	Breast	MCF-7	8251	27/483	0/49	-0.794702	-0.0305956	inf
SRX8588599	TFs and others	SOX17	Gonad	KURAMOCHI	5512	27/483	0/49	-0.794702	-0.0305956	inf
SRX8616799	TFs and others	JUN	Lung	A549	2929	27/483	0/49	-0.794702	-0.0305956	inf
SRX8616992	TFs and others	ESR1	Breast	MCF-7	4379	27/483	0/49	-0.794702	-0.0305956	inf
SRX895434	TFs and others	SUMO2	Blood	K-562	1032	27/483	0/49	-0.794702	-0.0305956	inf
SRX9298955	TFs and others	NR3C1	Lung	Lung cancer cell line	9614	27/483	0/49	-0.794702	-0.0305956	inf
SRX9562909	TFs and others	SMARCC1	Muscle	RH-4	898	27/483	0/49	-0.794702	-0.0305956	inf
SRX9719175	TFs and others	TET2	Breast	MCF-7	3293	27/483	0/49	-0.794702	-0.0305956	inf
SRX5316106	TFs and others	O-GlcNAc	Prostate	LNCAP	7836	301/483	36/49	-0.793707	-0.0305956	0.848229
SRX1044412	TFs and others	JUN	Breast	MDA-MB-231	6797	41/483	1/49	-0.793447	-0.0305956	4.15942
SRX1044413	TFs and others	JUN	Breast	MDA-MB-231	7609	41/483	1/49	-0.793447	-0.0305956	4.15942
SRX1280790	TFs and others	FOXA1	Prostate	LNCAP	19529	41/483	1/49	-0.793447	-0.0305956	4.15942
SRX1477657	TFs and others	Epitope tags	Lung	MRC-5	12018	41/483	1/49	-0.793447	-0.0305956	4.15942
SRX1515006	TFs and others	GFP	Kidney	293	5587	41/483	1/49	-0.793447	-0.0305956	4.15942
SRX3091905	TFs and others	ZNF711	Breast	MCF-7	1603	41/483	1/49	-0.793447	-0.0305956	4.15942
SRX4473695	TFs and others	SS18	Gonad	BIN-67	4068	41/483	1/49	-0.793447	-0.0305956	4.15942
SRX481467	TFs and others	EP300	Prostate	C4-2	5300	41/483	1/49	-0.793447	-0.0305956	4.15942
SRX4882227	TFs and others	HOXB8	Blood	K-562	1436	41/483	1/49	-0.793447	-0.0305956	4.15942
SRX5089461	TFs and others	ESR1	Breast	MCF-7	7711	41/483	1/49	-0.793447	-0.0305956	4.15942
SRX5930141	TFs and others	HDAC3	Muscle	RH-4	4557	41/483	1/49	-0.793447	-0.0305956	4.15942
SRX6854827	TFs and others	Epitope tags	Epidermis	501A	24632	41/483	1/49	-0.793447	-0.0305956	4.15942
SRX6969885	TFs and others	CHD6	Cardiovascular	Cardiomyocytes	731	41/483	1/49	-0.793447	-0.0305956	4.15942
SRX8673489	TFs and others	DDIT3	Bone	HT-1080	1512	41/483	1/49	-0.793447	-0.0305956	4.15942
SRX9932054	TFs and others	STAT5A	Breast	MCF-7	2334	173/483	23/49	-0.792799	-0.0305956	0.763075
SRX1055105	TFs and others	Epitope tags	Kidney	293	16177	180/483	13/49	-0.792746	-0.0305956	1.40468
SRX381545	TFs and others	CTCF	Blood	Erythroblasts	62514	180/483	13/49	-0.792746	-0.0305956	1.40468
SRX190342	TFs and others	USF1	Uterus	ECC-1	15539	174/483	23/49	-0.790975	-0.0305956	0.767486
SRX326890	TFs and others	ERG	Blood	Jurkat	6685	174/483	23/49	-0.790975	-0.0305956	0.767486
SRX2452431	TFs and others	ETS1	Cardiovascular	HUVEC	104	6/483	2/49	-0.788477	-0.0305956	0.304348
SRX100528	TFs and others	BHLHE40	Liver	Hep G2	1590	42/483	1/49	-0.787807	-0.0305956	4.26087
SRX10212068	TFs and others	CEBPB	Blood	CD4+ T cells	7564	42/483	1/49	-0.787807	-0.0305956	4.26087
SRX116454	TFs and others	CHD1	Pluripotent stem cell	hESC H1	2981	42/483	1/49	-0.787807	-0.0305956	4.26087
SRX1967782	TFs and others	SMC1A	Epidermis	Keratinocytes	7331	42/483	1/49	-0.787807	-0.0305956	4.26087
SRX212185	TFs and others	EP300	Lung	Lung fibroblasts	8458	42/483	1/49	-0.787807	-0.0305956	4.26087
SRX2683597	TFs and others	Epitope tags	Kidney	293	931	42/483	1/49	-0.787807	-0.0305956	4.26087
SRX3285582	TFs and others	KDM5B	Breast	MCF-7	1503	42/483	1/49	-0.787807	-0.0305956	4.26087
SRX3592678	TFs and others	JUN	Pluripotent stem cell	hESC HUES8	8187	42/483	1/49	-0.787807	-0.0305956	4.26087
SRX488718	TFs and others	Epitope tags	Kidney	293	2782	42/483	1/49	-0.787807	-0.0305956	4.26087
SRX5068573	TFs and others	KMT2C	Gonad	BIN-67	1638	42/483	1/49	-0.787807	-0.0305956	4.26087
SRX5577165	TFs and others	AR	Prostate	LNCAP	1397	42/483	1/49	-0.787807	-0.0305956	4.26087
SRX5716470	TFs and others	SMARCA4	Neural	Neural progenitor cells	10812	42/483	1/49	-0.787807	-0.0305956	4.26087
SRX6854839	TFs and others	Epitope tags	Epidermis	501A	25664	42/483	1/49	-0.787807	-0.0305956	4.26087
SRX747573	TFs and others	NCOR1	Blood	Kasumi-1	7397	42/483	1/49	-0.787807	-0.0305956	4.26087
SRX7807101	TFs and others	CEBPB	Unclassified	Unclassified	27689	42/483	1/49	-0.787807	-0.0305956	4.26087
SRX9206191	TFs and others	KDM6A	Digestive tract	HCT 116	1331	42/483	1/49	-0.787807	-0.0305956	4.26087
SRX9562900	TFs and others	BRD9	Muscle	RH-4	1694	42/483	1/49	-0.787807	-0.0305956	4.26087
SRX159129	TFs and others	ZNF143	Blood	K-562	2473	79/483	12/49	-0.787189	-0.0305956	0.667874
SRX9498735	TFs and others	GTF2A2	Blood	K-562	1768	79/483	12/49	-0.787189	-0.0305956	0.667874
SRX9730737	TFs and others	CPSF3L	Blood	THP-1	16114	307/483	26/49	-0.784646	-0.0305956	1.19788
SRX359886	TFs and others	ETV5	Digestive tract	LoVo	4659	176/483	23/49	-0.784646	-0.0305956	0.776307
SRX1427528	TFs and others	CREB1	Blood	KG-1	1184	55/483	9/49	-0.781294	-0.0305956	0.619968
SRX150478	TFs and others	FOS	Breast	MCF 10A	74098	55/483	9/49	-0.781294	-0.0305956	0.619968
SRX4059543	TFs and others	ERG	Prostate	RWPE-1	9896	55/483	9/49	-0.781294	-0.0305956	0.619968
SRX213629	TFs and others	MAX	Uterus	HeLa	14968	183/483	24/49	-0.780572	-0.0305956	0.773551
SRX3230415	TFs and others	ZNF331	Liver	Hep G2	28464	306/483	26/49	-0.78019	-0.0305956	1.19398
SRX6913056	TFs and others	BRD2	Blood	THP-1	11784	306/483	26/49	-0.78019	-0.0305956	1.19398
SRX150671	TFs and others	TRIM28	Kidney	293	22597	177/483	23/49	-0.78019	-0.0305956	0.780718
SRX4213901	TFs and others	MYBL2	Breast	MCF 10A	847	23/483	5/49	-0.779554	-0.0305956	0.466667
SRX100496	TFs and others	FOSL2	Liver	Hep G2	25845	184/483	24/49	-0.778828	-0.0305956	0.777778
SRX119641	TFs and others	Epitope tags	Lung	A549	3144	126/483	8/49	-0.77734	-0.0305956	1.59783
SRX6913066	TFs and others	BRD4	Blood	THP-1	7915	126/483	8/49	-0.77734	-0.0305956	1.59783
SRX3110731	TFs and others	ESR1	Breast	MCF-7	63186	125/483	8/49	-0.776696	-0.0305956	1.58514
SRX3591428	TFs and others	BRD4	Blood	B-CLL cells	7917	188/483	14/49	-0.776002	-0.0305956	1.36232
SRX4417527	TFs and others	CTCF	Pluripotent stem cell	hESC derived neural cells	49851	188/483	14/49	-0.776002	-0.0305956	1.36232
SRX186644	TFs and others	HDAC1	Blood	K-562	5720	124/483	8/49	-0.774936	-0.0305956	1.57246
SRX7544091	TFs and others	ESR1	Uterus	Ishikawa	19411	305/483	26/49	-0.774914	-0.0305956	1.19008
SRX482859	TFs and others	TBP	Blood	K-562	7128	178/483	23/49	-0.774914	-0.0305956	0.785129
SRX150515	TFs and others	ZNF143	Uterus	HeLa	5246	120/483	17/49	-0.772645	-0.0305956	0.716113
SRX6913088	TFs and others	BRD4	Blood	K-562	12194	202/483	15/49	-0.77158	-0.0305956	1.36618
SRX4708037	TFs and others	RBM39	Liver	Hep G2	7531	201/483	15/49	-0.77155	-0.0305956	1.35942
SRX7368255	TFs and others	MITF	Epidermis	Hermes 3C	69558	193/483	25/49	-0.770748	-0.0305956	0.783188
SRX326885	TFs and others	GABPA	Prostate	VCaP	12665	283/483	34/49	-0.770658	-0.0305956	0.844416
SRX367641	TFs and others	GATA4	Digestive tract	AGS	43398	289/483	24/49	-0.769062	-0.0305956	1.22162
SRX5661983	TFs and others	CREB1	Kidney	Kidney Cortex	29137	445/483	42/49	-0.76882	-0.0305956	1.07488
SRX2267438	TFs and others	BRD4	Epidermis	A-375	5938	38/483	7/49	-0.76882	-0.0305956	0.550725
SRX573035	TFs and others	ELL2	Uterus	HeLa	1486	38/483	7/49	-0.76882	-0.0305956	0.550725
SRX6913055	TFs and others	BRD2	Blood	THP-1	10062	296/483	25/49	-0.768475	-0.0305956	1.20116
SRX5514034	TFs and others	CDK8	Uterus	Uterin leiomyoma	1458	56/483	9/49	-0.766878	-0.0305956	0.63124
SRX067423	TFs and others	CTCF	Pluripotent stem cell	hESC H1	52768	91/483	5/49	-0.764471	-0.0305956	1.84638
SRX3447357	TFs and others	ESR1	Breast	MCF-7	53425	91/483	5/49	-0.764471	-0.0305956	1.84638
SRX543181	TFs and others	KLF4	Epidermis	Keratinocytes	6400	91/483	5/49	-0.764471	-0.0305956	1.84638
SRX7366777	TFs and others	ZMYND8	Breast	MCF-7	4200	91/483	5/49	-0.764471	-0.0305956	1.84638
ERX2868715	TFs and others	CTCF	Blood	K-562	36473	90/483	5/49	-0.764268	-0.0305956	1.82609
SRX080344	TFs and others	CTCF	Cardiovascular	HPAF	41939	90/483	5/49	-0.764268	-0.0305956	1.82609
SRX10437635	TFs and others	ASCL2	Liver	Hep G2	2682	90/483	5/49	-0.764268	-0.0305956	1.82609
SRX190198	TFs and others	ATF2	Pluripotent stem cell	hESC H1	5733	90/483	5/49	-0.764268	-0.0305956	1.82609
SRX8984312	TFs and others	CTCF	Bone	A-673	48551	90/483	5/49	-0.764268	-0.0305956	1.82609
SRX100545	TFs and others	JUND	Liver	Hep G2	19848	211/483	16/49	-0.763898	-0.0305956	1.33786
SRX10722432	TFs and others	BCL11B	Blood	T-ALL	12507	211/483	16/49	-0.763898	-0.0305956	1.33786
SRX3056625	TFs and others	CTCF	Blood	Erythroblasts	26083	92/483	5/49	-0.763286	-0.0305956	1.86667
SRX3447360	TFs and others	ESR1	Breast	MCF-7	58348	92/483	5/49	-0.763286	-0.0305956	1.86667
SRX4484978	TFs and others	CTCF	Blood	SEM	30253	92/483	5/49	-0.763286	-0.0305956	1.86667
SRX4611717	TFs and others	ESR1	Breast	MCF-7	45555	92/483	5/49	-0.763286	-0.0305956	1.86667
SRX539668	TFs and others	CTCF	Prostate	PC-3	35186	92/483	5/49	-0.763286	-0.0305956	1.86667
SRX7396389	TFs and others	CTCF	Blood	BLaER1	30930	92/483	5/49	-0.763286	-0.0305956	1.86667
SRX9178837	TFs and others	HAP1	Blood	HAP1	5798	92/483	5/49	-0.763286	-0.0305956	1.86667
SRX2194286	TFs and others	BRD4	Breast	SUM 229PE	13418	196/483	25/49	-0.763184	-0.0305956	0.795362
SRX2900152	TFs and others	KMT2C	Breast	CAL-51	6966	196/483	25/49	-0.763184	-0.0305956	0.795362
SRX1041842	TFs and others	TRIM24	Prostate	LNCAP	13175	280/483	23/49	-0.763113	-0.0305956	1.23503
SRX038525	TFs and others	CTCF	Pluripotent stem cell	hESC H1	47882	89/483	5/49	-0.762662	-0.0305956	1.8058
SRX080341	TFs and others	CTCF	Epidermis	AG04449	33918	89/483	5/49	-0.762662	-0.0305956	1.8058
SRX10119113	TFs and others	CEBPA	Blood	MV-4-11	7250	89/483	5/49	-0.762662	-0.0305956	1.8058
SRX1514998	TFs and others	GFP	Kidney	293	7339	89/483	5/49	-0.762662	-0.0305956	1.8058
SRX2683605	TFs and others	Epitope tags	Kidney	293	2085	89/483	5/49	-0.762662	-0.0305956	1.8058
SRX2982413	TFs and others	FOXA1	Uterus	Ishikawa	15659	89/483	5/49	-0.762662	-0.0305956	1.8058
SRX4001923	TFs and others	CTCF	Blood	THP-1	35946	89/483	5/49	-0.762662	-0.0305956	1.8058
SRX8841625	TFs and others	RAD21	Blood	Lymphoblasts	22134	89/483	5/49	-0.762662	-0.0305956	1.8058
SRX327760	TFs and others	IRF4	Blood	MM.1S	22141	209/483	16/49	-0.761325	-0.0305956	1.32518
SRX2642373	TFs and others	HOXB13	Prostate	VCaP	16284	24/483	5/49	-0.761303	-0.0305956	0.486957
SRX3229164	TFs and others	ESR1	Breast	Breast cancer	1249	24/483	5/49	-0.761303	-0.0305956	0.486957
SRX5982341	TFs and others	SMARCA4	Lung	A549	6392	24/483	5/49	-0.761303	-0.0305956	0.486957
SRX1967776	TFs and others	CTCF	Epidermis	Keratinocytes	39985	93/483	5/49	-0.76074	-0.0305956	1.88696
SRX1013970	TFs and others	NELFA	Uterus	HeLa	5120	208/483	16/49	-0.758793	-0.0305956	1.31884
SRX8337457	TFs and others	NFYA	Blood	HUDEP-2	4536	275/483	33/49	-0.758793	-0.0305956	0.845411
SRX100486	TFs and others	USF1	Blood	K-562	15153	123/483	17/49	-0.758527	-0.0305956	0.734015
SRX4023330	TFs and others	CDK9	Breast	T-47D	1721	86/483	13/49	-0.756875	-0.0305956	0.671126
SRX5661984	TFs and others	CREB1	Kidney	Kidney Cortex	31397	444/483	42/49	-0.755988	-0.0305956	1.07246
SRX190295	TFs and others	SRF	Breast	MCF-7	6614	214/483	27/49	-0.755889	-0.0305956	0.804079
SRX353809	TFs and others	MYC	Blood	P493-6	10691	214/483	27/49	-0.755889	-0.0305956	0.804079
SRX9029199	TFs and others	POU2F2	Blood	Neutrophils	9569	206/483	26/49	-0.755727	-0.0305956	0.80379
SRX011577	TFs and others	TAF2	Pluripotent stem cell	hESC H1	93	1/483	1/49	-0.754772	-0.0305956	0.101449
SRX10239005	TFs and others	ZNF589	Blood	HH514-16	139	1/483	1/49	-0.754772	-0.0305956	0.101449
SRX2023706	TFs and others	GATA4	Pluripotent stem cell	iPS derived cardiac cells	798	1/483	1/49	-0.754772	-0.0305956	0.101449
SRX2911576	TFs and others	PHOX2B	Neural	CLB-Ga	18093	1/483	1/49	-0.754772	-0.0305956	0.101449
SRX8321474	TFs and others	REST	Uterus	HEC-1-B	68	1/483	1/49	-0.754772	-0.0305956	0.101449
SRX10145216	TFs and others	REL	Unclassified	Unclassified	7457	230/483	18/49	-0.753787	-0.0305956	1.2963
SRX100491	TFs and others	YY1	Blood	K-562	13762	268/483	22/49	-0.75346	-0.0305956	1.23584
SRX116442	TFs and others	RBBP5	Blood	K-562	12326	268/483	22/49	-0.75346	-0.0305956	1.23584
SRX4708020	TFs and others	HNRNPC	Liver	Hep G2	10020	251/483	20/49	-0.752802	-0.0305956	1.27319
SRX7135367	TFs and others	HDAC1	Blood	K-562	6839	232/483	29/49	-0.752802	-0.0305956	0.811594
SRX096358	TFs and others	Epitope tags	Bone	EWS502	16890	259/483	21/49	-0.752219	-0.0305956	1.25121
SRX2267458	TFs and others	BRD4	Lung	PC-9	24233	224/483	28/49	-0.752219	-0.0305956	0.811594
SRX4377549	TFs and others	BRD2	Breast	HCC1806	10868	250/483	20/49	-0.751998	-0.0305956	1.26812
SRX5289973	TFs and others	NR3C1	Lung	BEAS-2B	5524	124/483	17/49	-0.751916	-0.0305956	0.739983
SRX5514027	TFs and others	CDK8	Uterus	Myometrium	3513	124/483	17/49	-0.751916	-0.0305956	0.739983
SRX895436	TFs and others	SUMO2	Prostate	VCaP	13472	124/483	17/49	-0.751916	-0.0305956	0.739983
SRX100392	TFs and others	USF1	Blood	GM12878	5439	87/483	13/49	-0.751745	-0.0305956	0.67893
SRX4786552	TFs and others	TET2	Breast	MCF-7	1328	87/483	13/49	-0.751745	-0.0305956	0.67893
SRX2281260	TFs and others	KMT2A	Blood	Bone marrow mononuclear cells	31999	426/483	40/49	-0.751333	-0.0305956	1.08043
SRX10881818	TFs and others	SMARCA4	Others	BT-16	25284	249/483	20/49	-0.750388	-0.0305956	1.26304
SRX063921	TFs and others	ERG	Blood	K-562	19370	267/483	22/49	-0.750241	-0.0305956	1.23123
SRX5824561	TFs and others	BRD2	Breast	SUM 149PT	11873	267/483	22/49	-0.750241	-0.0305956	1.23123
SRX8299811	TFs and others	MYC	Bone	U2OS	15496	267/483	22/49	-0.750241	-0.0305956	1.23123
SRX3591429	TFs and others	BRD4	Blood	B-CLL cells	6066	137/483	9/49	-0.749335	-0.0305956	1.54428
SRX5718166	TFs and others	RAD21	Kidney	293	15340	137/483	9/49	-0.749335	-0.0305956	1.54428
SRX5577151	TFs and others	AR	Prostate	LNCAP	34325	138/483	9/49	-0.74796	-0.0305956	1.55556
SRX8673482	TFs and others	CTCF	Bone	HT-1080	63962	138/483	9/49	-0.74796	-0.0305956	1.55556
SRX150685	TFs and others	TBP	Uterus	HeLa	14590	256/483	31/49	-0.746485	-0.0305956	0.837775
DRX013180	TFs and others	CTCF	Digestive tract	DLD-1	28057	65/483	3/49	-0.745985	-0.0305956	2.19807
ERX2868711	TFs and others	CTCF	Lung	BEAS-2B	27545	65/483	3/49	-0.745985	-0.0305956	2.19807
SRX080403	TFs and others	CTCF	Blood	GM12865	20686	65/483	3/49	-0.745985	-0.0305956	2.19807
SRX111775	TFs and others	CTCF	Blood	GM12870	26833	65/483	3/49	-0.745985	-0.0305956	2.19807
SRX199854	TFs and others	CTCF	Lung	NHLF	25993	65/483	3/49	-0.745985	-0.0305956	2.19807
SRX3800731	TFs and others	RAD21	Breast	T-47D	5427	65/483	3/49	-0.745985	-0.0305956	2.19807
SRX4001879	TFs and others	CTCF	Blood	THP-1	21306	65/483	3/49	-0.745985	-0.0305956	2.19807
SRX4221460	TFs and others	CTCF	Neural	SK-N-SH	23922	65/483	3/49	-0.745985	-0.0305956	2.19807
SRX4510767	TFs and others	CTCF	Epidermis	MDA-MB-435	21924	65/483	3/49	-0.745985	-0.0305956	2.19807
SRX4958395	TFs and others	CTCF	Kidney	293	36436	65/483	3/49	-0.745985	-0.0305956	2.19807
SRX8616839	TFs and others	JUNB	Lung	A549	13556	65/483	3/49	-0.745985	-0.0305956	2.19807
SRX080420	TFs and others	CTCF	Blood	GM12874	20838	66/483	3/49	-0.745533	-0.0305956	2.23188
SRX1026680	TFs and others	CTCF	Pancreas	PANC-1	28627	66/483	3/49	-0.745533	-0.0305956	2.23188
SRX190362	TFs and others	CEBPD	Blood	K-562	12532	66/483	3/49	-0.745533	-0.0305956	2.23188
SRX4046314	TFs and others	CXXC1	Blood	Lymphoblastoid cell line	3382	66/483	3/49	-0.745533	-0.0305956	2.23188
SRX4958396	TFs and others	CTCF	Kidney	293	36385	66/483	3/49	-0.745533	-0.0305956	2.23188
SRX5927380	TFs and others	CTCF	Uterus	Fallopian Tubes	31189	66/483	3/49	-0.745533	-0.0305956	2.23188
SRX668216	TFs and others	CTCF	Neural	HRPEpiC	27859	66/483	3/49	-0.745533	-0.0305956	2.23188
SRX6777951	TFs and others	RAD21	Blood	HAP1	21724	66/483	3/49	-0.745533	-0.0305956	2.23188
SRX6913089	TFs and others	BRD4	Blood	K-562	2291	66/483	3/49	-0.745533	-0.0305956	2.23188
SRX100423	TFs and others	SIX5	Blood	K-562	2815	88/483	13/49	-0.745416	-0.0305956	0.686734
SRX3229142	TFs and others	ESR1	Breast	Breast cancer	6336	88/483	13/49	-0.745416	-0.0305956	0.686734
SRX150623	TFs and others	HMGN3	Blood	K-562	8353	237/483	19/49	-0.744757	-0.0305956	1.26545
SRX6913069	TFs and others	BRD4	Blood	THP-1	14065	237/483	19/49	-0.744757	-0.0305956	1.26545
SRX334251	TFs and others	E2F1	Unclassified	Unclassified	5860	246/483	30/49	-0.744757	-0.0305956	0.831884
SRX4611738	TFs and others	ESR1	Breast	MCF-7	48481	133/483	9/49	-0.744719	-0.0305956	1.49919
SRX10119136	TFs and others	RUNX1	Blood	MV-4-11	34357	64/483	3/49	-0.744643	-0.0305956	2.16425
SRX190359	TFs and others	CTCF	Digestive tract	HCT 116	33186	64/483	3/49	-0.744643	-0.0305956	2.16425
SRX4001888	TFs and others	CTCF	Blood	THP-1	22426	64/483	3/49	-0.744643	-0.0305956	2.16425
SRX4001947	TFs and others	CTCF	Blood	THP-1	25421	64/483	3/49	-0.744643	-0.0305956	2.16425
SRX4564976	TFs and others	CTCF	Breast	MCF-7	27068	64/483	3/49	-0.744643	-0.0305956	2.16425
SRX476919	TFs and others	SNAI2	Epidermis	Keratinocytes	8584	64/483	3/49	-0.744643	-0.0305956	2.16425
SRX5202982	TFs and others	FOXA1	Breast	MCF-7	53624	64/483	3/49	-0.744643	-0.0305956	2.16425
SRX7202554	TFs and others	CTCF	Uterus	HEC-1-B	30437	64/483	3/49	-0.744643	-0.0305956	2.16425
SRX080353	TFs and others	CTCF	Blood	K-562	32801	67/483	3/49	-0.743324	-0.0305956	2.2657
SRX199867	TFs and others	CTCF	Lung	A549	35623	67/483	3/49	-0.743324	-0.0305956	2.2657
SRX4001880	TFs and others	CTCF	Blood	THP-1	23634	67/483	3/49	-0.743324	-0.0305956	2.2657
SRX4377131	TFs and others	CTCF	Pluripotent stem cell	hESC derived cardiac cells	22308	67/483	3/49	-0.743324	-0.0305956	2.2657
SRX8841631	TFs and others	RAD21	Blood	Lymphoblasts	16815	67/483	3/49	-0.743324	-0.0305956	2.2657
SRX1091551	TFs and others	TFAP2A	Pluripotent stem cell	hESC derived neural crests	46427	352/483	31/49	-0.742262	-0.0305956	1.15194
SRX372174	TFs and others	NR2F2	Uterus	Endometrial stromal cells	12607	40/483	7/49	-0.741304	-0.0305956	0.57971
SRX100433	TFs and others	BCL11A	Blood	GM12878	13795	25/483	5/49	-0.740561	-0.0305956	0.507246
SRX100465	TFs and others	MEF2C	Blood	GM12878	5238	25/483	5/49	-0.740561	-0.0305956	0.507246
SRX371468	TFs and others	ESR1	Breast	MCF-7	21179	25/483	5/49	-0.740561	-0.0305956	0.507246
SRX648242	TFs and others	ZBTB17	Digestive tract	LS-174T	3951	25/483	5/49	-0.740561	-0.0305956	0.507246
SRX067536	TFs and others	CTCF	Uterus	HeLa	37435	68/483	3/49	-0.739418	-0.0305956	2.29952
SRX080369	TFs and others	CTCF	Blood	GM12878	30069	68/483	3/49	-0.739418	-0.0305956	2.29952
SRX186778	TFs and others	CTCF	Lung	A549	38153	68/483	3/49	-0.739418	-0.0305956	2.29952
SRX199893	TFs and others	CTCF	Neural	HRPEpiC	31985	68/483	3/49	-0.739418	-0.0305956	2.29952
SRX6614728	TFs and others	CTCF	Lung	IMR-90	27166	68/483	3/49	-0.739418	-0.0305956	2.29952
SRX6913078	TFs and others	BRD3	Blood	K-562	2094	68/483	3/49	-0.739418	-0.0305956	2.29952
SRX026635	TFs and others	TCF12	Blood	Kasumi-1	11096	89/483	13/49	-0.73796	-0.0305956	0.694537
SRX250091	TFs and others	MYC	Breast	MDA-MB-453	26756	421/483	39/49	-0.733894	-0.0305956	1.09513
SRX159130	TFs and others	ZNF143	Kidney	293	1767	62/483	10/49	-0.733894	-0.0305956	0.628986
SRX2513053	TFs and others	TET2	Blood	Jurkat	25447	350/483	31/49	-0.732832	-0.0305956	1.1454
SRX150481	TFs and others	EP300	Blood	K-562	21063	90/483	13/49	-0.729461	-0.0305956	0.702341
SRX159128	TFs and others	ZNF143	Uterus	HeLa	1561	63/483	10/49	-0.726853	-0.0305956	0.63913
SRX3642946	TFs and others	PRMT1	Epidermis	Keratinocytes	10115	63/483	10/49	-0.726853	-0.0305956	0.63913
SRX150424	TFs and others	MAX	Blood	K-562	26694	349/483	31/49	-0.726814	-0.0305956	1.14212
SRX4143076	TFs and others	AML1-ETO	Blood	Kasumi-1	37530	349/483	31/49	-0.726814	-0.0305956	1.14212
SRX2897208	TFs and others	ESR1	Breast	Breast cancer cells	26916	344/483	30/49	-0.725092	-0.0305956	1.16329
SRX4708041	TFs and others	NONO	Liver	Hep G2	13398	344/483	30/49	-0.725092	-0.0305956	1.16329
SRX1726517	TFs and others	TFDP1	Blood	U-266	2974	139/483	19/49	-0.725092	-0.0305956	0.742182
SRX369131	TFs and others	NOTCH1	Blood	CUTLL1	4298	139/483	19/49	-0.725092	-0.0305956	0.742182
SRX186625	TFs and others	ELK1	Blood	K-562	1581	41/483	7/49	-0.725055	-0.0305956	0.594203
SRX8299818	TFs and others	CTR9	Bone	U2OS	890	41/483	7/49	-0.725055	-0.0305956	0.594203
SRX2281249	TFs and others	KMT2A	Blood	SEM	17528	343/483	30/49	-0.722938	-0.0305956	1.1599
SRX7054622	TFs and others	RELA	Cardiovascular	HAEC	14052	140/483	19/49	-0.722938	-0.0305956	0.747521
SRX1304828	TFs and others	MED26	Bone	U2OS	2644	101/483	6/49	-0.720436	-0.0305956	1.70773
SRX190228	TFs and others	TEAD4	Digestive tract	HCT 116	10534	101/483	6/49	-0.720436	-0.0305956	1.70773
SRX4611698	TFs and others	ESR1	Breast	MCF-7	44248	101/483	6/49	-0.720436	-0.0305956	1.70773
SRX9932053	TFs and others	STAT5A	Breast	MCF-7	12796	382/483	43/49	-0.720436	-0.0305956	0.901247
SRX4611700	TFs and others	ESR1	Breast	MCF-7	41124	100/483	6/49	-0.720108	-0.0305956	1.69082
SRX8080549	TFs and others	Epitope tags	Breast	Mammary gland ductal carcinoma	20209	100/483	6/49	-0.720108	-0.0305956	1.69082
SRX2837384	TFs and others	RELB	Blood	GM12878	16888	91/483	13/49	-0.720002	-0.0305956	0.710145
SRX100562	TFs and others	RAD21	Liver	Hep G2	51580	102/483	6/49	-0.719567	-0.0305956	1.72464
SRX3447356	TFs and others	ESR1	Breast	MCF-7	56063	102/483	6/49	-0.719567	-0.0305956	1.72464
SRX356732	TFs and others	CTCF	Blood	Lymphoblastoid cell line	31909	102/483	6/49	-0.719567	-0.0305956	1.72464
SRX4611689	TFs and others	ESR1	Breast	MCF-7	42245	102/483	6/49	-0.719567	-0.0305956	1.72464
SRX7396394	TFs and others	CTCF	Blood	BLaER1	32492	102/483	6/49	-0.719567	-0.0305956	1.72464
SRX10131671	TFs and others	BRD4	Lung	Bronchial tracheal epithelial cells	6486	99/483	6/49	-0.718576	-0.0305956	1.67391
SRX4611725	TFs and others	ESR1	Breast	MCF-7	49165	99/483	6/49	-0.718576	-0.0305956	1.67391
SRX4611726	TFs and others	ESR1	Breast	MCF-7	44741	99/483	6/49	-0.718576	-0.0305956	1.67391
SRX5313220	TFs and others	Biotin	Digestive tract	HCT 116	4417	99/483	6/49	-0.718576	-0.0305956	1.67391
SRX7728610	TFs and others	TWIST1	Pluripotent stem cell	hESC derived neural crests	25576	99/483	6/49	-0.718576	-0.0305956	1.67391
SRX212650	TFs and others	STAT1	Blood	Monocytes-CD14+	59790	419/483	39/49	-0.718405	-0.0305956	1.08993
SRX150353	TFs and others	RELA	Blood	GM19099	11193	64/483	10/49	-0.718405	-0.0305956	0.649275
SRX4611704	TFs and others	ESR1	Breast	MCF-7	43405	103/483	6/49	-0.717522	-0.0305956	1.74155
SRX6483127	TFs and others	ARID2	Neural	NGP	3201	142/483	19/49	-0.715969	-0.0305956	0.7582
SRX10313958	TFs and others	ZBTB7A	Blood	HUDEP-2	25125	418/483	39/49	-0.708672	-0.0305956	1.08733
SRX150610	TFs and others	RELA	Blood	GM18951	9437	65/483	10/49	-0.708672	-0.0305956	0.65942
SRX833421	TFs and others	NIPBL	Pluripotent stem cell	hESC H1	3714	65/483	10/49	-0.708672	-0.0305956	0.65942
SRX130610	TFs and others	NCOR2	Blood	B cells	5856	42/483	7/49	-0.707516	-0.0305956	0.608696
SRX1721488	TFs and others	ETV1	Epidermis	A-375	8343	42/483	7/49	-0.707516	-0.0305956	0.608696
SRX2436030	TFs and others	OTX2	Neural	D341 Med	32612	42/483	7/49	-0.707516	-0.0305956	0.608696
SRX1758519	TFs and others	NELFE	Breast	MCF-7	2960	156/483	11/49	-0.707317	-0.0305956	1.43874
SRX063912	TFs and others	CBFB	Blood	SKNO-1	3201	155/483	11/49	-0.706711	-0.0305956	1.42951
SRX7030924	TFs and others	KDM4C	Breast	MCF-7	1916	144/483	19/49	-0.705656	-0.0305956	0.768879
SRX2064717	TFs and others	RAD21	Digestive tract	HCT 116	25082	154/483	11/49	-0.705229	-0.0305956	1.42029
SRX3161003	TFs and others	ZBTB7A	Blood	K-562	12430	154/483	11/49	-0.705229	-0.0305956	1.42029
SRX5668141	TFs and others	KMT2A	Blood	OCI-AML3	2497	154/483	11/49	-0.705229	-0.0305956	1.42029
SRX359884	TFs and others	E2F3	Digestive tract	LoVo	8440	329/483	38/49	-0.705229	-0.0305956	0.878337
SRX1637470	TFs and others	CDK9	Blood	MOLT-4	12417	98/483	14/49	-0.704688	-0.0305956	0.710145
SRX8171732	TFs and others	MYBBP1A	Pancreas	PANC-1	2941	98/483	14/49	-0.704688	-0.0305956	0.710145
SRX4116036	TFs and others	FOXA1	Breast	Breast cancer cells	9366	7/483	2/49	-0.704681	-0.0305956	0.355072
SRX4213900	TFs and others	MYBL2	Breast	MCF 10A	466	7/483	2/49	-0.704681	-0.0305956	0.355072
SRX150647	TFs and others	ZNF143	Blood	K-562	23135	150/483	20/49	-0.703914	-0.0305956	0.76087
SRX2963102	TFs and others	RUNX1	Blood	PBMC	20938	332/483	29/49	-0.701079	-0.0305956	1.16142
SRX150387	TFs and others	CHD2	Liver	Hep G2	3909	151/483	20/49	-0.701079	-0.0305956	0.765942
SRX1515075	TFs and others	GFP	Kidney	293	1605	66/483	10/49	-0.697783	-0.0305956	0.669565
SRX194570	TFs and others	GREB1	Breast	MCF-7	3922	27/483	5/49	-0.693864	-0.0305956	0.547826
SRX2642370	TFs and others	HOXB13	Prostate	VCaP	12823	27/483	5/49	-0.693864	-0.0305956	0.547826
SRX4108920	TFs and others	HIF1A	Prostate	LNCAP	1343	27/483	5/49	-0.693864	-0.0305956	0.547826
SRX4377546	TFs and others	BRD2	Breast	SUM 159PT	13233	330/483	29/49	-0.692988	-0.0305956	1.15442
SRX5286329	TFs and others	NANOG	Pluripotent stem cell	hESC WIBR2	24457	166/483	12/49	-0.691147	-0.0305956	1.40338
SRX10045366	TFs and others	BAP1	Blood	THP-1	11115	318/483	37/49	-0.690571	-0.0305956	0.871915
SRX9730733	TFs and others	CDK9	Blood	THP-1	9811	164/483	12/49	-0.689171	-0.0305956	1.38647
SRX666557	TFs and others	ARNT	Breast	T-47D	40225	440/483	42/49	-0.688951	-0.0305956	1.0628
SRX026268	TFs and others	HNF4A	Digestive tract	Caco-2	12544	43/483	7/49	-0.688951	-0.0305956	0.623188
SRX100470	TFs and others	SRF	Pluripotent stem cell	hESC H1	3719	43/483	7/49	-0.688951	-0.0305956	0.623188
SRX334266	TFs and others	E2F1	Unclassified	Unclassified	848	43/483	7/49	-0.688951	-0.0305956	0.623188
SRX8080571	TFs and others	POU2F1	Breast	Mammary gland ductal carcinoma	10476	323/483	28/49	-0.687952	-0.0305956	1.17029
SRX1995010	TFs and others	HIF1A	Bone	U2OS	5606	163/483	12/49	-0.686953	-0.0305956	1.37802
SRX159138	TFs and others	NOTCH1	Blood	HPB-ALL	38405	416/483	39/49	-0.685868	-0.0305956	1.08213
SRX6857970	TFs and others	PGR	Uterus	Myometrium	14608	416/483	39/49	-0.685868	-0.0305956	1.08213
SRX100547	TFs and others	SRF	Liver	Hep G2	3863	67/483	10/49	-0.685868	-0.0305956	0.67971
SRX159134	TFs and others	ZNF76	Kidney	293	2748	67/483	10/49	-0.685868	-0.0305956	0.67971
SRX371482	TFs and others	FOXA1	Breast	MCF-7	41670	67/483	10/49	-0.685868	-0.0305956	0.67971
SRX5702620	TFs and others	ESR1	Breast	T-47D	12682	67/483	10/49	-0.685868	-0.0305956	0.67971
SRX10657967	TFs and others	Epitope tags	Blood	NALM-6	19994	322/483	28/49	-0.68528	-0.0305956	1.16667
SRX10657968	TFs and others	Epitope tags	Blood	NALM-6	20915	322/483	28/49	-0.68528	-0.0305956	1.16667
SRX217738	TFs and others	TAF3	Digestive tract	HCT 116	12045	322/483	28/49	-0.68528	-0.0305956	1.16667
SRX3722703	TFs and others	ESR1	Breast	Breast cancer cells	50415	111/483	7/49	-0.684947	-0.0305956	1.6087
SRX5409710	TFs and others	NETO2	Blood	Kasumi-1	8998	111/483	7/49	-0.684947	-0.0305956	1.6087
SRX1514937	TFs and others	GFP	Kidney	293	13566	110/483	7/49	-0.684573	-0.0305956	1.5942
SRX4473676	TFs and others	SMARCC1	Gonad	BIN-67	4405	110/483	7/49	-0.684573	-0.0305956	1.5942
SRX9178824	TFs and others	HAP1	Blood	HAP1	7969	110/483	7/49	-0.684573	-0.0305956	1.5942
SRX1758505	TFs and others	NELFE	Breast	MCF-7	2536	112/483	7/49	-0.684269	-0.0305956	1.62319
SRX9178813	TFs and others	HAP1	Blood	HAP1	6985	112/483	7/49	-0.684269	-0.0305956	1.62319
SRX150555	TFs and others	E2F6	Uterus	HeLa	3073	109/483	7/49	-0.683142	-0.0305956	1.57971
SRX186633	TFs and others	RAD21	Neural	SK-N-SH	50262	109/483	7/49	-0.683142	-0.0305956	1.57971
SRX4611701	TFs and others	ESR1	Breast	MCF-7	42208	109/483	7/49	-0.683142	-0.0305956	1.57971
SRX1287856	TFs and others	BRD4	Blood	MOLM-14	6419	113/483	7/49	-0.682554	-0.0305956	1.63768
SRX190180	TFs and others	FOXA2	Lung	A549	27528	113/483	7/49	-0.682554	-0.0305956	1.63768
SRX4611690	TFs and others	ESR1	Breast	MCF-7	54045	113/483	7/49	-0.682554	-0.0305956	1.63768
SRX4611710	TFs and others	ESR1	Breast	MCF-7	38812	113/483	7/49	-0.682554	-0.0305956	1.63768
SRX6175616	TFs and others	CTCF	Bone	A-673	53329	113/483	7/49	-0.682554	-0.0305956	1.63768
SRX6578929	TFs and others	CTCF	Blood	T cells	27467	113/483	7/49	-0.682554	-0.0305956	1.63768
SRX10131670	TFs and others	BRD4	Lung	Bronchial tracheal epithelial cells	5028	75/483	4/49	-0.682094	-0.0305956	1.90217
SRX1515063	TFs and others	GFP	Kidney	293	2221	75/483	4/49	-0.682094	-0.0305956	1.90217
SRX190190	TFs and others	CTCF	Breast	MCF-7	44976	75/483	4/49	-0.682094	-0.0305956	1.90217
SRX199881	TFs and others	CTCF	Neural	BE(2)-C	37676	75/483	4/49	-0.682094	-0.0305956	1.90217
SRX199903	TFs and others	CTCF	Epidermis	NHDF-neo	31952	75/483	4/49	-0.682094	-0.0305956	1.90217
SRX3437420	TFs and others	CTCF	Uterus	HeLa	38435	75/483	4/49	-0.682094	-0.0305956	1.90217
SRX4001917	TFs and others	CTCF	Blood	THP-1	38358	75/483	4/49	-0.682094	-0.0305956	1.90217
SRX4937338	TFs and others	MED1	Digestive tract	HCT 116	9134	75/483	4/49	-0.682094	-0.0305956	1.90217
SRX627430	TFs and others	SPI1	Blood	Dendritic Cells	48125	75/483	4/49	-0.682094	-0.0305956	1.90217
SRX699738	TFs and others	JUND	Cardiovascular	HCASMC	57413	75/483	4/49	-0.682094	-0.0305956	1.90217
SRX063919	TFs and others	ERG	Blood	K-562	6497	76/483	4/49	-0.682039	-0.0305956	1.92754
SRX1033282	TFs and others	FOXA1	Prostate	LNCAP	38152	76/483	4/49	-0.682039	-0.0305956	1.92754
SRX1460851	TFs and others	BRD4	Blood	Th1 Cells	2911	76/483	4/49	-0.682039	-0.0305956	1.92754
SRX2683601	TFs and others	Epitope tags	Kidney	293	1829	76/483	4/49	-0.682039	-0.0305956	1.92754
SRX3437422	TFs and others	CTCF	Uterus	HeLa	37762	76/483	4/49	-0.682039	-0.0305956	1.92754
SRX8570930	TFs and others	HAP1	Blood	KBM-7	38096	76/483	4/49	-0.682039	-0.0305956	1.92754
ERX1149065	TFs and others	CTCF	Blood	MEG-01	36023	74/483	4/49	-0.680719	-0.0305956	1.87681
SRX080338	TFs and others	CTCF	Breast	HMF	36771	74/483	4/49	-0.680719	-0.0305956	1.87681
SRX150418	TFs and others	UBTF	Blood	K-562	3016	74/483	4/49	-0.680719	-0.0305956	1.87681
SRX1967777	TFs and others	CTCF	Epidermis	Keratinocytes	27784	74/483	4/49	-0.680719	-0.0305956	1.87681
SRX4931269	TFs and others	KMT2A	Kidney	293	1363	74/483	4/49	-0.680719	-0.0305956	1.87681
SRX6578938	TFs and others	CTCF	Blood	Jurkat	28669	74/483	4/49	-0.680719	-0.0305956	1.87681
SRX067495	TFs and others	CTCF	Epidermis	NHDF	37915	77/483	4/49	-0.680576	-0.0305956	1.9529
SRX111778	TFs and others	CTCF	Blood	GM12866	28372	77/483	4/49	-0.680576	-0.0305956	1.9529
SRX1514284	TFs and others	EP300	Blood	Kasumi-1	7477	77/483	4/49	-0.680576	-0.0305956	1.9529
SRX212647	TFs and others	STAT1	Blood	Monocytes-CD14+	4487	77/483	4/49	-0.680576	-0.0305956	1.9529
SRX3124408	TFs and others	CTCF	Neural	KELLY	34980	77/483	4/49	-0.680576	-0.0305956	1.9529
SRX764812	TFs and others	FOXA2	Pluripotent stem cell	hESC derived mesendodermal cells	6555	77/483	4/49	-0.680576	-0.0305956	1.9529
SRX8699710	TFs and others	INTS3	Digestive tract	DLD-1	2975	77/483	4/49	-0.680576	-0.0305956	1.9529
SRX9206316	TFs and others	CTCF	Lung	Calu-3	7576	77/483	4/49	-0.680576	-0.0305956	1.9529
SRX6961666	TFs and others	SUPT5H	Digestive tract	HCT 116	18211	377/483	34/49	-0.679826	-0.0305956	1.12489
SRX190197	TFs and others	NFIC	Liver	Hep G2	13443	106/483	15/49	-0.679826	-0.0305956	0.716908
SRX029435	TFs and others	RUNX1	Blood	CD34+	3452	50/483	2/49	-0.679643	-0.0305956	2.53623
SRX1531778	TFs and others	SMC1A	Liver	Hep G2	25326	50/483	2/49	-0.679643	-0.0305956	2.53623
SRX1658067	TFs and others	BRD4	Lung	IMR-90	2782	50/483	2/49	-0.679643	-0.0305956	2.53623
SRX199889	TFs and others	CTCF	Neural	HAc	17686	50/483	2/49	-0.679643	-0.0305956	2.53623
SRX2570610	TFs and others	CTCF	Blood	HAP1	23754	50/483	2/49	-0.679643	-0.0305956	2.53623
SRX3124420	TFs and others	CTCF	Neural	KELLY	23352	50/483	2/49	-0.679643	-0.0305956	2.53623
SRX4155663	TFs and others	CTCF	Neural	KELLY	19563	50/483	2/49	-0.679643	-0.0305956	2.53623
SRX4377130	TFs and others	CTCF	Pluripotent stem cell	hESC derived cardiac cells	21795	50/483	2/49	-0.679643	-0.0305956	2.53623
SRX4708045	TFs and others	TARDBP	Liver	Hep G2	2317	50/483	2/49	-0.679643	-0.0305956	2.53623
SRX476480	TFs and others	CTCF	Blood	THP-1	20808	50/483	2/49	-0.679643	-0.0305956	2.53623
SRX4792909	TFs and others	RAD21	Breast	T-47D	4861	50/483	2/49	-0.679643	-0.0305956	2.53623
SRX4958403	TFs and others	CTCF	Kidney	293	32590	50/483	2/49	-0.679643	-0.0305956	2.53623
SRX5417096	TFs and others	SMC3	Uterus	HeLa	26547	50/483	2/49	-0.679643	-0.0305956	2.53623
SRX6578943	TFs and others	CTCF	Blood	CUTLL1	15178	50/483	2/49	-0.679643	-0.0305956	2.53623
SRX6854828	TFs and others	Epitope tags	Epidermis	501A	71706	50/483	2/49	-0.679643	-0.0305956	2.53623
SRX6916369	TFs and others	CTCF	Kidney	iSLK	21960	50/483	2/49	-0.679643	-0.0305956	2.53623
SRX8089679	TFs and others	MED1	Prostate	VCaP	2854	50/483	2/49	-0.679643	-0.0305956	2.53623
SRX8570935	TFs and others	HAP1	Blood	KBM-7	30037	50/483	2/49	-0.679643	-0.0305956	2.53623
SRX080396	TFs and others	CTCF	Blood	K-562	18946	51/483	2/49	-0.678738	-0.0305956	2.58696
SRX1950174	TFs and others	CTCF	Prostate	VCaP	24062	51/483	2/49	-0.678738	-0.0305956	2.58696
SRX3447355	TFs and others	ESR1	Breast	MCF-7	35820	51/483	2/49	-0.678738	-0.0305956	2.58696
SRX3927315	TFs and others	BRD9	Kidney	TTC-1240	2512	51/483	2/49	-0.678738	-0.0305956	2.58696
SRX497613	TFs and others	FOXA1	Prostate	VCaP	61585	51/483	2/49	-0.678738	-0.0305956	2.58696
SRX6854833	TFs and others	Epitope tags	Epidermis	501A	75048	51/483	2/49	-0.678738	-0.0305956	2.58696
SRX7890964	TFs and others	SMC1A	Neural	hTERT RPE-1	20179	51/483	2/49	-0.678738	-0.0305956	2.58696
SRX7890966	TFs and others	SMC1A	Neural	hTERT RPE-1	19645	51/483	2/49	-0.678738	-0.0305956	2.58696
SRX790972	TFs and others	NFKB2	Blood	L-1236	11172	51/483	2/49	-0.678738	-0.0305956	2.58696
SRX8089674	TFs and others	MED1	Prostate	VCaP	2498	51/483	2/49	-0.678738	-0.0305956	2.58696
SRX8570937	TFs and others	HAP1	Blood	KBM-7	33337	51/483	2/49	-0.678738	-0.0305956	2.58696
SRX995497	TFs and others	STAG1	Blood	Hematopoietic Stem Cells	7266	51/483	2/49	-0.678738	-0.0305956	2.58696
ERX1276046	TFs and others	CTCF	Blood	UT-7	12762	49/483	2/49	-0.678511	-0.0305956	2.48551
SRX1033292	TFs and others	FOXA1	Prostate	LNCAP	38872	49/483	2/49	-0.678511	-0.0305956	2.48551
SRX142908	TFs and others	FOXA1	Prostate	LNCAP	38852	49/483	2/49	-0.678511	-0.0305956	2.48551
SRX3110739	TFs and others	ESR1	Breast	MCF-7	30363	49/483	2/49	-0.678511	-0.0305956	2.48551
SRX4377127	TFs and others	CTCF	Pluripotent stem cell	hESC derived cardiac cells	20733	49/483	2/49	-0.678511	-0.0305956	2.48551
SRX6913046	TFs and others	BRD4	Blood	THP-1	3064	49/483	2/49	-0.678511	-0.0305956	2.48551
SRX7054672	TFs and others	RELA	Cardiovascular	HAEC	7638	49/483	2/49	-0.678511	-0.0305956	2.48551
SRX9258677	TFs and others	CPSF3L	Kidney	293	1822	49/483	2/49	-0.678511	-0.0305956	2.48551
SRX9513906	TFs and others	FOXA1	Prostate	LNCAP	21331	49/483	2/49	-0.678511	-0.0305956	2.48551
SRX150459	TFs and others	RAD21	Pluripotent stem cell	hESC H1	51012	78/483	4/49	-0.677742	-0.0305956	1.97826
SRX3124393	TFs and others	CTCF	Neural	KELLY	38410	78/483	4/49	-0.677742	-0.0305956	1.97826
SRX4284003	TFs and others	CTCF	Blood	B cells	37850	78/483	4/49	-0.677742	-0.0305956	1.97826
SRX6614729	TFs and others	CTCF	Lung	IMR-90	32522	78/483	4/49	-0.677742	-0.0305956	1.97826
SRX3031985	TFs and others	BRD4	Blood	MV-4-11	18608	176/483	13/49	-0.67767	-0.0305956	1.37347
SRX10657966	TFs and others	Epitope tags	Blood	NALM-6	20345	320/483	28/49	-0.677644	-0.0305956	1.15942
SRX100577	TFs and others	PBX3	Blood	GM12878	8465	163/483	21/49	-0.677644	-0.0305956	0.78744
SRX8570843	TFs and others	HAP1	Blood	KBM-7	23581	175/483	13/49	-0.677127	-0.0305956	1.36566
SRX213628	TFs and others	MYC	Uterus	HeLa	11770	169/483	22/49	-0.676409	-0.0305956	0.779315
SRX10119125	TFs and others	LYL1	Blood	MV-4-11	20274	52/483	2/49	-0.675858	-0.0305956	2.63768
SRX10119126	TFs and others	LYL1	Blood	MV-4-11	19425	52/483	2/49	-0.675858	-0.0305956	2.63768
SRX1053364	TFs and others	CTCF	Pluripotent stem cell	ES cells	24068	52/483	2/49	-0.675858	-0.0305956	2.63768
SRX1885182	TFs and others	FOXA1	Prostate	LNCAP	79066	52/483	2/49	-0.675858	-0.0305956	2.63768
SRX1885184	TFs and others	FOXA1	Prostate	LNCAP	88506	52/483	2/49	-0.675858	-0.0305956	2.63768
SRX265422	TFs and others	KDM5B	Breast	SUM 185PE	3721	52/483	2/49	-0.675858	-0.0305956	2.63768
SRX3285597	TFs and others	KDM5B	Breast	TAMR	2160	52/483	2/49	-0.675858	-0.0305956	2.63768
SRX3800733	TFs and others	RAD21	Breast	T-47D	6783	52/483	2/49	-0.675858	-0.0305956	2.63768
SRX4708071	TFs and others	HNRNPL	Blood	K-562	2448	52/483	2/49	-0.675858	-0.0305956	2.63768
SRX4958392	TFs and others	CTCF	Kidney	293	35052	52/483	2/49	-0.675858	-0.0305956	2.63768
SRX5848182	TFs and others	CTCF	Blood	K-562	28200	52/483	2/49	-0.675858	-0.0305956	2.63768
SRX6473449	TFs and others	Epitope tags	Pluripotent stem cell	hESC derived neural crests	3217	52/483	2/49	-0.675858	-0.0305956	2.63768
SRX7427508	TFs and others	ESR1	Breast	MCF-7	16958	52/483	2/49	-0.675858	-0.0305956	2.63768
SRX150400	TFs and others	MYC	Uterus	HeLa	11762	170/483	22/49	-0.674619	-0.0305956	0.783926
SRX1497386	TFs and others	E2F1	Blood	RAJI	1485	72/483	11/49	-0.673591	-0.0305956	0.664032
SRX159131	TFs and others	ZNF143	Blood	HPB-ALL	1837	72/483	11/49	-0.673591	-0.0305956	0.664032
SRX717860	TFs and others	EP300	Uterus	HeLa	16121	72/483	11/49	-0.673591	-0.0305956	0.664032
SRX5503030	TFs and others	Epitope tags	Kidney	293	13109	319/483	28/49	-0.672734	-0.0305956	1.1558
SRX7624161	TFs and others	ESR1	Breast	T-47D	21300	164/483	21/49	-0.672734	-0.0305956	0.792271
SRX734410	TFs and others	AR	Prostate	CWR22Pc	62142	312/483	27/49	-0.672072	-0.0305956	1.1723
SRX2922231	TFs and others	ESR1	Breast	SUM 44PE	18817	171/483	22/49	-0.672072	-0.0305956	0.788538
SRX1873451	TFs and others	MED1	Blood	SEM	19169	375/483	34/49	-0.671466	-0.0305956	1.11893
SRX100548	TFs and others	ATF3	Liver	Hep G2	2394	53/483	2/49	-0.6711	-0.0305956	2.68841
SRX100557	TFs and others	ATF3	Pluripotent stem cell	hESC H1	2609	53/483	2/49	-0.6711	-0.0305956	2.68841
SRX10212061	TFs and others	ATF4	Blood	THP-1	27852	53/483	2/49	-0.6711	-0.0305956	2.68841
SRX102986	TFs and others	CTCF	Liver	Hep G2	43075	53/483	2/49	-0.6711	-0.0305956	2.68841
SRX3285613	TFs and others	KDM5B	Breast	C70R	2328	53/483	2/49	-0.6711	-0.0305956	2.68841
SRX4404420	TFs and others	MYCN	Prostate	22Rv1	1785	53/483	2/49	-0.6711	-0.0305956	2.68841
SRX4958393	TFs and others	CTCF	Kidney	293	34593	53/483	2/49	-0.6711	-0.0305956	2.68841
SRX5089556	TFs and others	BRD4	Breast	MCF-7	3322	53/483	2/49	-0.6711	-0.0305956	2.68841
SRX5577134	TFs and others	Epitope tags	Prostate	LNCAP	53586	53/483	2/49	-0.6711	-0.0305956	2.68841
SRX5577155	TFs and others	AR	Prostate	LNCAP	25660	53/483	2/49	-0.6711	-0.0305956	2.68841
SRX5848174	TFs and others	CTCF	Blood	K-562	29064	53/483	2/49	-0.6711	-0.0305956	2.68841
SRX6473452	TFs and others	Epitope tags	Pluripotent stem cell	hESC derived neural crests	3423	53/483	2/49	-0.6711	-0.0305956	2.68841
SRX6902859	TFs and others	CTCF	Blood	CD34+	11722	53/483	2/49	-0.6711	-0.0305956	2.68841
SRX699733	TFs and others	TCF21	Cardiovascular	HCASMC	9957	53/483	2/49	-0.6711	-0.0305956	2.68841
SRX8570945	TFs and others	HAP1	Blood	KBM-7	31054	53/483	2/49	-0.6711	-0.0305956	2.68841
SRX1548205	TFs and others	E2F1	Cardiovascular	Wharton Jelly	659	28/483	5/49	-0.668895	-0.0305956	0.568116
SRX8406425	TFs and others	AR	Prostate	Prostate	12003	28/483	5/49	-0.668895	-0.0305956	0.568116
SRX4941323	TFs and others	XBP1	Prostate	LNCAP	6339	172/483	22/49	-0.668788	-0.0305956	0.793149
SRX265423	TFs and others	KDM5B	Breast	SUM 185PE	31331	410/483	38/49	-0.668187	-0.0305956	1.09458
SRX1514997	TFs and others	GFP	Kidney	293	2887	73/483	11/49	-0.668187	-0.0305956	0.673254
SRX186618	TFs and others	MAZ	Lung	IMR-90	18778	374/483	34/49	-0.665917	-0.0305956	1.11594
SRX188954	TFs and others	MYC	Breast	MCF-7	36545	374/483	34/49	-0.665917	-0.0305956	1.11594
SRX1968078	TFs and others	BCL11B	Blood	Thymus	2420	109/483	15/49	-0.665917	-0.0305956	0.737198
SRX6102133	TFs and others	NELFE	Uterus	HeLa	14465	304/483	26/49	-0.665311	-0.0305956	1.18618
SRX684291	TFs and others	NELFE	Uterus	HeLa	13333	304/483	26/49	-0.665311	-0.0305956	1.18618
SRX236112	TFs and others	RUNX1T1	Blood	Kasumi-1	7899	184/483	14/49	-0.66477	-0.0305956	1.33333
SRX100422	TFs and others	SP1	Pluripotent stem cell	hESC H1	15925	299/483	35/49	-0.66477	-0.0305956	0.866667
SRX2452427	TFs and others	ETS1	Cardiovascular	HUVEC	1308	48/483	8/49	-0.664581	-0.0305956	0.608696
SRX8673357	TFs and others	EGR1	Blood	Kasumi-1	6763	183/483	14/49	-0.662766	-0.0305956	1.32609
SRX4377538	TFs and others	BRD2	Breast	MDA-MB-231	16922	302/483	26/49	-0.661131	-0.0305956	1.17837
SRX100412	TFs and others	TAF1	Liver	Hep G2	17790	373/483	34/49	-0.659521	-0.0305956	1.11296
SRX150649	TFs and others	IRF3	Uterus	HeLa	1473	110/483	15/49	-0.659521	-0.0305956	0.743961
SRX3472375	TFs and others	TP53BP1	Pluripotent stem cell	hESC H9	29510	434/483	41/49	-0.65644	-0.0305956	1.07388
SRX6366607	TFs and others	Epitope tags	Uterus	Ishikawa	16620	434/483	41/49	-0.65644	-0.0305956	1.07388
SRX4099645	TFs and others	Epitope tags	Blood	Kasumi-1	29755	49/483	8/49	-0.65644	-0.0305956	0.621377
SRX8299808	TFs and others	MYC	Bone	U2OS	17063	294/483	25/49	-0.656278	-0.0305956	1.19304
SRX4611697	TFs and others	ESR1	Breast	MCF-7	48046	121/483	8/49	-0.65588	-0.0305956	1.53442
SRX5821040	TFs and others	CTCF	Blood	HUDEP-2	28723	121/483	8/49	-0.65588	-0.0305956	1.53442
SRX7701214	TFs and others	BRD4	Lung	NCI-H1963	3055	121/483	8/49	-0.65588	-0.0305956	1.53442
SRX8080572	TFs and others	CTCF	Breast	Mammary gland ductal carcinoma	23899	121/483	8/49	-0.65588	-0.0305956	1.53442
SRX1091543	TFs and others	EP300	Pluripotent stem cell	hESC derived neural crests	14401	120/483	8/49	-0.6555	-0.0305956	1.52174
SRX6777954	TFs and others	CTCF	Blood	HAP1	51411	120/483	8/49	-0.6555	-0.0305956	1.52174
SRX1878889	TFs and others	CTCF	Muscle	Rh-4	36495	122/483	8/49	-0.655319	-0.0305956	1.5471
SRX6913042	TFs and others	BRD3	Blood	THP-1	5933	122/483	8/49	-0.655319	-0.0305956	1.5471
SRX4374907	TFs and others	CTCF	Breast	MB 157	31751	119/483	8/49	-0.654175	-0.0305956	1.50906
SRX4611703	TFs and others	ESR1	Breast	MCF-7	50754	119/483	8/49	-0.654175	-0.0305956	1.50906
SRX6913057	TFs and others	BRD2	Blood	THP-1	12236	300/483	26/49	-0.654119	-0.0305956	1.17057
SRX8449940	TFs and others	BAHCC1	Blood	Jurkat	22309	408/483	38/49	-0.653928	-0.0305956	1.08924
SRX2436023	TFs and others	NEUROD1	Neural	D283 Med	21775	123/483	8/49	-0.653828	-0.0305956	1.55978
SRX4611695	TFs and others	ESR1	Breast	MCF-7	47918	123/483	8/49	-0.653828	-0.0305956	1.55978
SRX4046302	TFs and others	CXXC1	Blood	Erythroblasts	9882	372/483	34/49	-0.652332	-0.0305956	1.10997
SRX2900158	TFs and others	KDM6A	Breast	CAL-51	3977	111/483	15/49	-0.652332	-0.0305956	0.750725
SRX4374936	TFs and others	NOTCH1	Breast	HCC1599	1581	116/483	16/49	-0.651428	-0.0305956	0.735507
SRX5062475	TFs and others	SUPT5H	Bone	U2OS	6974	205/483	16/49	-0.649887	-0.0305956	1.29982
SRX4377540	TFs and others	BRD2	Breast	MDA-MB-231	12282	284/483	24/49	-0.649113	-0.0305956	1.20048
SRX9350347	TFs and others	CTCF	Liver	Hep G2	46367	204/483	16/49	-0.648738	-0.0305956	1.29348
SRX8080569	TFs and others	POU2F1	Breast	Mammary gland ductal carcinoma	11925	366/483	33/49	-0.648143	-0.0305956	1.12516
SRX4193150	TFs and others	ESR1	Breast	MCF-7	6045	117/483	16/49	-0.648143	-0.0305956	0.741848
SRX150636	TFs and others	STAT3	Blood	GM12878	1014	15/483	3/49	-0.647898	-0.0305956	0.507246
SRX2578895	TFs and others	NCOA1	Breast	MDA-MB-231	514	15/483	3/49	-0.647898	-0.0305956	0.507246
SRX2642371	TFs and others	HOXB13	Prostate	VCaP	10998	15/483	3/49	-0.647898	-0.0305956	0.507246
SRX7624146	TFs and others	NR2F2	Breast	MCF-7	5238	15/483	3/49	-0.647898	-0.0305956	0.507246
SRX7624147	TFs and others	NR2F2	Breast	MCF-7	4533	15/483	3/49	-0.647898	-0.0305956	0.507246
SRX3927307	TFs and others	SS18	Muscle	SYO-1	35274	283/483	24/49	-0.647458	-0.0305956	1.19626
SRX10131664	TFs and others	NELFCD	Lung	Bronchial tracheal epithelial cells	6427	203/483	16/49	-0.646892	-0.0305956	1.28714
SRX8949280	TFs and others	NCOA3	Breast	ZR-75-1	38064	50/483	8/49	-0.64683	-0.0305956	0.634058
SRX384490	TFs and others	XBP1	Breast	T-47D	6559	193/483	24/49	-0.645401	-0.0305956	0.815821
SRX1515041	TFs and others	GFP	Kidney	293	5675	76/483	11/49	-0.645248	-0.0305956	0.700922
SRX1091549	TFs and others	TFAP2A	Pluripotent stem cell	hESC derived neural crests	33580	282/483	24/49	-0.64512	-0.0305956	1.19203
SRX359887	TFs and others	GLI2	Digestive tract	LoVo	4599	208/483	26/49	-0.64463	-0.0305956	0.811594
SRX9975615	TFs and others	SMC1A	Bone	A-673	39758	215/483	17/49	-0.644488	-0.0305956	1.28303
SRX1514936	TFs and others	GFP	Kidney	293	18138	202/483	16/49	-0.644357	-0.0305956	1.2808
SRX2734392	TFs and others	NFE2L2	Cardiovascular	HAEC	17737	118/483	16/49	-0.644004	-0.0305956	0.748188
SRX3927332	TFs and others	ONECUT2	Digestive tract	MKN-74	3098	29/483	5/49	-0.643389	-0.0305956	0.588406
SRX392819	TFs and others	EP300	Blood	GM12878	13790	29/483	5/49	-0.643389	-0.0305956	0.588406
SRX3271003	TFs and others	KDM1A	Pluripotent stem cell	hESC derived pancreatic cells	15286	281/483	24/49	-0.642113	-0.0305956	1.1878
SRX389278	TFs and others	NRF1	Blood	NAMALWA	6695	202/483	25/49	-0.642113	-0.0305956	0.81971
SRX7902933	TFs and others	BRD4	Breast	SUM 159PT	13076	273/483	23/49	-0.642029	-0.0305956	1.20416
SRX3927305	TFs and others	CTCF	Muscle	SYO-1	60011	213/483	17/49	-0.641599	-0.0305956	1.2711
SRX150377	TFs and others	CHD2	Pluripotent stem cell	hESC H1	6065	218/483	27/49	-0.640807	-0.0305956	0.819109
SRX1514276	TFs and others	FLI1	Blood	Kasumi-1	14182	225/483	18/49	-0.640712	-0.0305956	1.26812
SRX190353	TFs and others	YY1	Neural	SK-N-SH	10818	211/483	26/49	-0.639719	-0.0305956	0.8233
SRX327759	TFs and others	CDK9	Blood	MM.1S	6953	211/483	26/49	-0.639719	-0.0305956	0.8233
SRX244177	TFs and others	CDK9	Blood	MM.1S	8652	271/483	32/49	-0.639141	-0.0305956	0.859149
SRX5574466	TFs and others	ETS1	Blood	CTV-1	34189	271/483	32/49	-0.639141	-0.0305956	0.859149
SRX6102129	TFs and others	SUPT5H	Uterus	HeLa	12023	280/483	24/49	-0.638456	-0.0305956	1.18357
SRX190355	TFs and others	E2F6	Pluripotent stem cell	hESC H1	22326	263/483	22/49	-0.638201	-0.0305956	1.21278
SRX367644	TFs and others	KLF5	Digestive tract	KATO III	10358	263/483	22/49	-0.638201	-0.0305956	1.21278
SRX1036364	TFs and others	RUNX1	Blood	Acute myeloid leukemia	11798	220/483	27/49	-0.638201	-0.0305956	0.826624
SRX7054611	TFs and others	RELA	Cardiovascular	HAEC	20660	220/483	27/49	-0.638201	-0.0305956	0.826624
SRX265222	TFs and others	RUNX1	Blood	ME-1	14180	246/483	20/49	-0.638098	-0.0305956	1.24783
SRX5089557	TFs and others	BRD4	Breast	MCF-7	15111	246/483	20/49	-0.638098	-0.0305956	1.24783
SRX150695	TFs and others	BHLHE40	Blood	K-562	20180	237/483	29/49	-0.638098	-0.0305956	0.829085
SRX1758479	TFs and others	NELFE	Breast	MCF-7	4580	223/483	18/49	-0.637913	-0.0305956	1.25684
SRX265412	TFs and others	KDM5B	Breast	MCF-7	19926	254/483	21/49	-0.63755	-0.0305956	1.22705
SRX8337456	TFs and others	NFYA	Blood	HUDEP-2	3712	229/483	28/49	-0.63755	-0.0305956	0.82971
SRX5824575	TFs and others	BRD2	Breast	SUM 149PT	8624	234/483	19/49	-0.637454	-0.0305956	1.24943
SRX9550864	TFs and others	FOXA1	Prostate	Prostate cancer	41047	249/483	30/49	-0.637454	-0.0305956	0.842029
SRX3841273	TFs and others	PYGO2	Uterus	HeLa	8367	51/483	8/49	-0.63591	-0.0305956	0.646739
SRX150520	TFs and others	MYC	Breast	MCF 10A	25891	250/483	30/49	-0.635758	-0.0305956	0.845411
SRX5702623	TFs and others	ESR1	Breast	Breast cancer cells	16957	250/483	30/49	-0.635758	-0.0305956	0.845411
SRX10119155	TFs and others	CREB1	Blood	MV-4-11	1902	77/483	11/49	-0.635657	-0.0305956	0.710145
SRX8080551	TFs and others	Epitope tags	Breast	Mammary gland ductal carcinoma	18657	222/483	18/49	-0.635515	-0.0305956	1.25121
SRX111776	TFs and others	CTCF	Blood	GM12869	29302	86/483	5/49	-0.633918	-0.0305956	1.74493
SRX119639	TFs and others	Epitope tags	Lung	A549	1966	86/483	5/49	-0.633918	-0.0305956	1.74493
SRX4001922	TFs and others	CTCF	Blood	THP-1	36273	86/483	5/49	-0.633918	-0.0305956	1.74493
SRX5141098	TFs and others	SPI1	Blood	THP-1	63061	86/483	5/49	-0.633918	-0.0305956	1.74493
SRX764811	TFs and others	FOXA2	Pluripotent stem cell	hESC derived mesendodermal cells	7441	86/483	5/49	-0.633918	-0.0305956	1.74493
SRX7890967	TFs and others	SMC1A	Neural	hTERT RPE-1	26519	86/483	5/49	-0.633918	-0.0305956	1.74493
SRX8570938	TFs and others	HAP1	Blood	KBM-7	39221	86/483	5/49	-0.633918	-0.0305956	1.74493
SRX080370	TFs and others	CTCF	Epidermis	NHEK	30358	85/483	5/49	-0.63381	-0.0305956	1.72464
SRX3478027	TFs and others	CTCF	Uterus	HeLa	36097	85/483	5/49	-0.63381	-0.0305956	1.72464
SRX356561	TFs and others	CTCF	Blood	GM18505	32627	85/483	5/49	-0.63381	-0.0305956	1.72464
SRX3927285	TFs and others	BRD7	Blood	EOL-1	13733	85/483	5/49	-0.63381	-0.0305956	1.72464
SRX6175633	TFs and others	CTCF	Bone	TC-71	40166	85/483	5/49	-0.63381	-0.0305956	1.72464
SRX7054659	TFs and others	RELA	Cardiovascular	HAEC	9633	85/483	5/49	-0.63381	-0.0305956	1.72464
SRX8570940	TFs and others	HAP1	Blood	KBM-7	37658	85/483	5/49	-0.63381	-0.0305956	1.72464
SRX8616797	TFs and others	JUN	Lung	A549	9036	85/483	5/49	-0.63381	-0.0305956	1.72464
SRX4377528	TFs and others	BRD2	Breast	MDA-MB-231	14167	270/483	23/49	-0.63315	-0.0305956	1.19093
SRX4377551	TFs and others	BRD2	Breast	MDA-MB-231	14157	270/483	23/49	-0.63315	-0.0305956	1.19093
SRX190260	TFs and others	REST	Pluripotent stem cell	hESC derived neural cells	22218	261/483	22/49	-0.632957	-0.0305956	1.20356
SRX2671517	TFs and others	Epitope tags	Kidney	293	719	8/483	2/49	-0.632922	-0.0305956	0.405797
SRX3798682	TFs and others	MYCN	Neural	SH-EP	767	8/483	2/49	-0.632922	-0.0305956	0.405797
SRX080442	TFs and others	CTCF	Lung	SAEC	35801	87/483	5/49	-0.632856	-0.0305956	1.76522
SRX150668	TFs and others	GATA2	Neural	SK-N-SH	27915	87/483	5/49	-0.632856	-0.0305956	1.76522
SRX4473671	TFs and others	SMARCA4	Gonad	BIN-67	13968	87/483	5/49	-0.632856	-0.0305956	1.76522
SRX5294342	TFs and others	DPF2	Kidney	TTC1240	17665	87/483	5/49	-0.632856	-0.0305956	1.76522
SRX9932057	TFs and others	STAT5A	Breast	MCF-7	4751	241/483	29/49	-0.632773	-0.0305956	0.843078
SRX369125	TFs and others	GABPA	Blood	CUTLL1	3942	84/483	5/49	-0.632518	-0.0305956	1.70435
SRX4374908	TFs and others	CTCF	Breast	MB 157	25941	84/483	5/49	-0.632518	-0.0305956	1.70435
SRX7058946	TFs and others	CTCF	Neural	Glioblastoma	26707	84/483	5/49	-0.632518	-0.0305956	1.70435
SRX8673355	TFs and others	EGR1	Blood	Kasumi-1	3904	84/483	5/49	-0.632518	-0.0305956	1.70435
SRX3927308	TFs and others	BRD9	Muscle	SYO-1	11089	131/483	9/49	-0.631796	-0.0305956	1.47665
SRX5068576	TFs and others	KMT2D	Gonad	BIN-67	3503	132/483	9/49	-0.631307	-0.0305956	1.48792
SRX080347	TFs and others	CTCF	Lung	SAEC	28783	88/483	5/49	-0.630652	-0.0305956	1.78551
SRX199905	TFs and others	CTCF	Cardiovascular	HCM	36731	88/483	5/49	-0.630652	-0.0305956	1.78551
SRX11196911	TFs and others	NELFB	Kidney	293	3445	129/483	9/49	-0.630209	-0.0305956	1.45411
SRX1878907	TFs and others	RAD21	Muscle	Rh-4	30186	129/483	9/49	-0.630209	-0.0305956	1.45411
SRX190262	TFs and others	USF1	Neural	SK-N-SH	9016	125/483	17/49	-0.629973	-0.0305956	0.745951
SRX8080553	TFs and others	Epitope tags	Breast	Mammary gland ductal carcinoma	19497	241/483	20/49	-0.629813	-0.0305956	1.22246
SRX9468661	TFs and others	AR	Prostate	LNCAP	49648	241/483	20/49	-0.629813	-0.0305956	1.22246
SRX100430	TFs and others	HEY1	Blood	K-562	19071	357/483	32/49	-0.62781	-0.0305956	1.13179
SRX026642	TFs and others	ERG	Blood	Acute myeloid leukemia	942	35/483	1/49	-0.627457	-0.0305956	3.55072
SRX027490	TFs and others	EP300	Pluripotent stem cell	hESC derived neural cells	2133	35/483	1/49	-0.627457	-0.0305956	3.55072
SRX070877	TFs and others	GATA2	Cardiovascular	HUVEC	11708	35/483	1/49	-0.627457	-0.0305956	3.55072
SRX093189	TFs and others	SPI1	Blood	Macrophages	29256	35/483	1/49	-0.627457	-0.0305956	3.55072
SRX097075	TFs and others	TCF7L2	Blood	CD34 Hematopoietic stem cells	3078	35/483	1/49	-0.627457	-0.0305956	3.55072
SRX1048946	TFs and others	FOSL2	Uterus	Endometrial stromal cells	9890	35/483	1/49	-0.627457	-0.0305956	3.55072
SRX10881800	TFs and others	SMARCC1	Kidney	G-401	3977	35/483	1/49	-0.627457	-0.0305956	3.55072
SRX116417	TFs and others	CHD1	Blood	K-562	2023	35/483	1/49	-0.627457	-0.0305956	3.55072
SRX150427	TFs and others	GATA2	Cardiovascular	HUVEC	18147	35/483	1/49	-0.627457	-0.0305956	3.55072
SRX150681	TFs and others	JUN	Blood	K-562	4816	35/483	1/49	-0.627457	-0.0305956	3.55072
SRX186640	TFs and others	CHD1	Pluripotent stem cell	hESC H1	3048	35/483	1/49	-0.627457	-0.0305956	3.55072
SRX2913028	TFs and others	FLI1	Bone	A-673	2589	35/483	1/49	-0.627457	-0.0305956	3.55072
SRX3051209	TFs and others	EPAS1	Kidney	Renal cell carcinoma	2131	35/483	1/49	-0.627457	-0.0305956	3.55072
SRX3244991	TFs and others	SPI1	Blood	Macrophages	15006	35/483	1/49	-0.627457	-0.0305956	3.55072
SRX3285592	TFs and others	KDM5B	Breast	FULR	1400	35/483	1/49	-0.627457	-0.0305956	3.55072
SRX3434290	TFs and others	SKI	Blood	HL-60	4102	35/483	1/49	-0.627457	-0.0305956	3.55072
SRX3506186	TFs and others	Pan-acetyllysine	Liver	Hep G2	3904	35/483	1/49	-0.627457	-0.0305956	3.55072
SRX4525856	TFs and others	SMARCA4	Kidney	TTC-1240	2060	35/483	1/49	-0.627457	-0.0305956	3.55072
SRX4708026	TFs and others	PTBP1	Liver	Hep G2	816	35/483	1/49	-0.627457	-0.0305956	3.55072
SRX4941321	TFs and others	XBP1	Prostate	LNCAP	1023	35/483	1/49	-0.627457	-0.0305956	3.55072
SRX5534866	TFs and others	GATA3	Breast	MCF-7	1258	35/483	1/49	-0.627457	-0.0305956	3.55072
SRX5719605	TFs and others	CTCF	Blood	T-ALL	13013	35/483	1/49	-0.627457	-0.0305956	3.55072
SRX5887613	TFs and others	TEAD4	Lung	PC-9	6355	35/483	1/49	-0.627457	-0.0305956	3.55072
SRX5974560	TFs and others	CTCF	Blood	K-562	18107	35/483	1/49	-0.627457	-0.0305956	3.55072
SRX719732	TFs and others	SMARCA4	Epidermis	501A	926	35/483	1/49	-0.627457	-0.0305956	3.55072
SRX7202555	TFs and others	CTCF	Uterus	HEC-1-B	20632	35/483	1/49	-0.627457	-0.0305956	3.55072
SRX7890965	TFs and others	SMC1A	Neural	hTERT RPE-1	16085	35/483	1/49	-0.627457	-0.0305956	3.55072
SRX7902980	TFs and others	EGR1	Blood	Macrophages	362	35/483	1/49	-0.627457	-0.0305956	3.55072
SRX8616997	TFs and others	TET2	Breast	MCF-7	6676	35/483	1/49	-0.627457	-0.0305956	3.55072
SRX9468655	TFs and others	AR	Prostate	LNCAP	47541	35/483	1/49	-0.627457	-0.0305956	3.55072
SRX150425	TFs and others	ELK1	Blood	GM12878	3296	82/483	12/49	-0.62734	-0.0305956	0.693237
SRX2922234	TFs and others	ESR1	Breast	SUM 44PE	11472	82/483	12/49	-0.62734	-0.0305956	0.693237
SRX100482	TFs and others	NANOG	Pluripotent stem cell	hESC H1	6755	34/483	1/49	-0.626545	-0.0305956	3.44928
SRX10119171	TFs and others	CREBBP	Blood	MV-4-11	893	34/483	1/49	-0.626545	-0.0305956	3.44928
SRX1127545	TFs and others	SPI1	Blood	RS4-11	16564	34/483	1/49	-0.626545	-0.0305956	3.44928
SRX1156542	TFs and others	SMARCA4	Breast	MDA-MB-231	3818	34/483	1/49	-0.626545	-0.0305956	3.44928
SRX150546	TFs and others	JUN	Blood	K-562	3036	34/483	1/49	-0.626545	-0.0305956	3.44928
SRX199862	TFs and others	CTCF	Lung	WI-38	11716	34/483	1/49	-0.626545	-0.0305956	3.44928
SRX2194237	TFs and others	MED1	Breast	SUM 159PT	3167	34/483	1/49	-0.626545	-0.0305956	3.44928
SRX2267453	TFs and others	BRD4	Digestive tract	NCI-N87	3587	34/483	1/49	-0.626545	-0.0305956	3.44928
SRX248931	TFs and others	FLI1	Blood	CD34+	3429	34/483	1/49	-0.626545	-0.0305956	3.44928
SRX248935	TFs and others	RUNX1	Blood	CD34+	2625	34/483	1/49	-0.626545	-0.0305956	3.44928
SRX2513525	TFs and others	ESR1	Breast	MCF-7	6567	34/483	1/49	-0.626545	-0.0305956	3.44928
SRX2683598	TFs and others	Epitope tags	Kidney	293	787	34/483	1/49	-0.626545	-0.0305956	3.44928
SRX2922225	TFs and others	ESR1	Breast	MCF-7	9220	34/483	1/49	-0.626545	-0.0305956	3.44928
SRX2944449	TFs and others	MYC	Breast	MCF 10A	1253	34/483	1/49	-0.626545	-0.0305956	3.44928
SRX3450331	TFs and others	RXRA	Others	JMSU1	3944	34/483	1/49	-0.626545	-0.0305956	3.44928
SRX4727912	TFs and others	TP53BP1	Pluripotent stem cell	hESC H9	960	34/483	1/49	-0.626545	-0.0305956	3.44928
SRX476913	TFs and others	SNAI2	Epidermis	Keratinocytes	3749	34/483	1/49	-0.626545	-0.0305956	3.44928
SRX5719576	TFs and others	CTCF	Blood	Jurkat	10679	34/483	1/49	-0.626545	-0.0305956	3.44928
SRX6853583	TFs and others	ARNT	Kidney	RCC4	666	34/483	1/49	-0.626545	-0.0305956	3.44928
SRX698186	TFs and others	LMO2	Blood	Kasumi-1	7380	34/483	1/49	-0.626545	-0.0305956	3.44928
SRX7223840	TFs and others	CTCF	Bone	U2OS	11308	34/483	1/49	-0.626545	-0.0305956	3.44928
SRX7807102	TFs and others	CEBPB	Adipocyte	Adipocytes	22791	34/483	1/49	-0.626545	-0.0305956	3.44928
SRX8272748	TFs and others	ESR2	Digestive tract	HT-29	8835	34/483	1/49	-0.626545	-0.0305956	3.44928
SRX8616840	TFs and others	JUNB	Lung	A549	5606	34/483	1/49	-0.626545	-0.0305956	3.44928
ERX181467	TFs and others	TP53	Bone	Saos-2	17048	36/483	1/49	-0.625773	-0.0305956	3.65217
SRX059709	TFs and others	HDAC1	Prostate	VCaP	1054	36/483	1/49	-0.625773	-0.0305956	3.65217
SRX084599	TFs and others	BCL6	Blood	OCI-LY1	5848	36/483	1/49	-0.625773	-0.0305956	3.65217
SRX1053374	TFs and others	CTCF	Pluripotent stem cell	ES cells	7761	36/483	1/49	-0.625773	-0.0305956	3.65217
SRX1224603	TFs and others	BRD4	Breast	MCF 10A	1801	36/483	1/49	-0.625773	-0.0305956	3.65217
SRX186628	TFs and others	CHD1	Lung	IMR-90	1382	36/483	1/49	-0.625773	-0.0305956	3.65217
SRX190196	TFs and others	MBD4	Liver	Hep G2	4294	36/483	1/49	-0.625773	-0.0305956	3.65217
SRX2881003	TFs and others	ESR1	Breast	MCF-7	8256	36/483	1/49	-0.625773	-0.0305956	3.65217
SRX367638	TFs and others	GATA6	Digestive tract	YCC-3	12642	36/483	1/49	-0.625773	-0.0305956	3.65217
SRX4119725	TFs and others	Epitope tags	Kidney	293	431	36/483	1/49	-0.625773	-0.0305956	3.65217
SRX4708021	TFs and others	HNRNPH1	Liver	Hep G2	782	36/483	1/49	-0.625773	-0.0305956	3.65217
SRX4824364	TFs and others	AR	Prostate	22Rv1	15127	36/483	1/49	-0.625773	-0.0305956	3.65217
SRX4947720	TFs and others	RELA	Cardiovascular	HUVEC	2834	36/483	1/49	-0.625773	-0.0305956	3.65217
SRX6614757	TFs and others	CTCF	Lung	IMR-90	10562	36/483	1/49	-0.625773	-0.0305956	3.65217
SRX6878606	TFs and others	FOXA1	Prostate	LNCAP	55008	36/483	1/49	-0.625773	-0.0305956	3.65217
SRX7202541	TFs and others	CTCF	Uterus	HEC-1-B	22702	36/483	1/49	-0.625773	-0.0305956	3.65217
SRX8083087	TFs and others	FGFR1	Breast	CAMA-1	1730	36/483	1/49	-0.625773	-0.0305956	3.65217
SRX8089637	TFs and others	FOXA1	Prostate	VCaP	30080	36/483	1/49	-0.625773	-0.0305956	3.65217
SRX8376367	TFs and others	ONECUT1	Pluripotent stem cell	hESC derived pancreatic cells	20455	36/483	1/49	-0.625773	-0.0305956	3.65217
SRX8621693	TFs and others	CEBPA	Blood	MOLM-1	9590	36/483	1/49	-0.625773	-0.0305956	3.65217
SRX9234587	TFs and others	BATF3	Blood	KARPAS-299	14068	36/483	1/49	-0.625773	-0.0305956	3.65217
SRX9317675	TFs and others	FOXC1	Blood	Fujioka	10724	36/483	1/49	-0.625773	-0.0305956	3.65217
SRX2267463	TFs and others	BRD4	Others	RT-112	11568	127/483	17/49	-0.624839	-0.0305956	0.757886
SRX6780855	TFs and others	CRTC1	Neural	Frontal cortex	3005	127/483	17/49	-0.624839	-0.0305956	0.757886
SRX8949798	TFs and others	NEUROD1	Unclassified	Unclassified	34927	431/483	41/49	-0.623843	-0.0305956	1.06645
SRX1131571	TFs and others	BRD4	Breast	T-47D	4702	52/483	8/49	-0.623843	-0.0305956	0.65942
SRX3186360	TFs and others	Epitope tags	Lung	HCC95	3629	52/483	8/49	-0.623843	-0.0305956	0.65942
SRX7054942	TFs and others	ERG	Cardiovascular	HAEC	6357	52/483	8/49	-0.623843	-0.0305956	0.65942
SRX849394	TFs and others	CDK8	Blood	SET-2	2259	52/483	8/49	-0.623843	-0.0305956	0.65942
SRX7692436	TFs and others	POLR2C	Digestive tract	HCT 116	17944	400/483	37/49	-0.622968	-0.0305956	1.09675
SRX2900095	TFs and others	BAP1	Breast	CAL-51	2970	83/483	12/49	-0.622968	-0.0305956	0.701691
SRX447603	TFs and others	CDK9	Blood	MM.1S	2591	83/483	12/49	-0.622968	-0.0305956	0.701691
SRX6483133	TFs and others	ARID2	Neural	NGP	1792	83/483	12/49	-0.622968	-0.0305956	0.701691
SRX722348	TFs and others	NIPBL	Blood	RAMOS	4997	83/483	12/49	-0.622968	-0.0305956	0.701691
ERX200496	TFs and others	CTCF	Blood	B cells	9167	37/483	1/49	-0.621631	-0.0305956	3.75362
SRX080351	TFs and others	CTCF	Blood	HL-60	20145	37/483	1/49	-0.621631	-0.0305956	3.75362
SRX10437636	TFs and others	ASCL2	Liver	HuH-6	935	37/483	1/49	-0.621631	-0.0305956	3.75362
SRX112016	TFs and others	RELA	Cardiovascular	HUVEC	2847	37/483	1/49	-0.621631	-0.0305956	3.75362
SRX1156538	TFs and others	SMARCA4	Breast	MDA-MB-231	30761	37/483	1/49	-0.621631	-0.0305956	3.75362
SRX186771	TFs and others	CHD1	Blood	K-562	2234	37/483	1/49	-0.621631	-0.0305956	3.75362
SRX190324	TFs and others	TEAD4	Lung	A549	8552	37/483	1/49	-0.621631	-0.0305956	3.75362
SRX199865	TFs and others	CTCF	Lung	WI-38	16812	37/483	1/49	-0.621631	-0.0305956	3.75362
SRX2014554	TFs and others	SMC1A	Epidermis	Keratinocytes	12026	37/483	1/49	-0.621631	-0.0305956	3.75362
SRX2513523	TFs and others	ESR1	Breast	MCF-7	11298	37/483	1/49	-0.621631	-0.0305956	3.75362
SRX2582162	TFs and others	GRHL3	Epidermis	NHEK	6656	37/483	1/49	-0.621631	-0.0305956	3.75362
SRX265228	TFs and others	FLI1	Blood	ME-1	1439	37/483	1/49	-0.621631	-0.0305956	3.75362
SRX276784	TFs and others	BMI1	Prostate	DU 145	6912	37/483	1/49	-0.621631	-0.0305956	3.75362
SRX2982420	TFs and others	FOXA1	Uterus	HEC-1-A	2782	37/483	1/49	-0.621631	-0.0305956	3.75362
SRX3478024	TFs and others	CTCF	Uterus	HeLa	7013	37/483	1/49	-0.621631	-0.0305956	3.75362
SRX371439	TFs and others	ESR1	Others	Tumour tissues	10495	37/483	1/49	-0.621631	-0.0305956	3.75362
SRX4473679	TFs and others	DPF2	Gonad	SCCOHT-1	2922	37/483	1/49	-0.621631	-0.0305956	3.75362
SRX5089448	TFs and others	ESR1	Breast	MCF-7	11840	37/483	1/49	-0.621631	-0.0305956	3.75362
SRX5286306	TFs and others	AR	Prostate	LNCAP	59813	37/483	1/49	-0.621631	-0.0305956	3.75362
SRX7099471	TFs and others	Epitope tags	Kidney	293	4980	37/483	1/49	-0.621631	-0.0305956	3.75362
SRX9607667	TFs and others	Biotin	Pluripotent stem cell	NTERA-2	1341	37/483	1/49	-0.621631	-0.0305956	3.75362
SRX9607923	TFs and others	TFAP2A	Epidermis	A-375	2094	37/483	1/49	-0.621631	-0.0305956	3.75362
SRX9719171	TFs and others	ESR1	Breast	MCF-7	8895	37/483	1/49	-0.621631	-0.0305956	3.75362
SRX3657345	TFs and others	Epitope tags	Kidney	293	27855	399/483	37/49	-0.617588	-0.0305956	1.09401
SRX4892334	TFs and others	Epitope tags	Kidney	293	27849	399/483	37/49	-0.617588	-0.0305956	1.09401
SRX064483	TFs and others	SMAD4	Pluripotent stem cell	hESC H9	714	20/483	0/49	-0.616874	-0.0305956	inf
SRX065557	TFs and others	Epitope tags	Bone	U2OS	338	20/483	0/49	-0.616874	-0.0305956	inf
SRX080161	TFs and others	MYC	Epidermis	NHEK	830	20/483	0/49	-0.616874	-0.0305956	inf
SRX083218	TFs and others	AR	Prostate	LNCAP	6002	20/483	0/49	-0.616874	-0.0305956	inf
SRX096344	TFs and others	VDR	Digestive tract	LS-180	1839	20/483	0/49	-0.616874	-0.0305956	inf
SRX096354	TFs and others	CDX2	Digestive tract	LS-180	7097	20/483	0/49	-0.616874	-0.0305956	inf
SRX097110	TFs and others	CEBPA	Blood	U-937	359	20/483	0/49	-0.616874	-0.0305956	inf
SRX10003070	TFs and others	MSX2	Placenta	Trophoblast stem cells	5944	20/483	0/49	-0.616874	-0.0305956	inf
SRX10009626	TFs and others	TAF3	Blood	MM.1S	1018	20/483	0/49	-0.616874	-0.0305956	inf
SRX100563	TFs and others	BCL3	Blood	K-562	506	20/483	0/49	-0.616874	-0.0305956	inf
SRX10119122	TFs and others	LYL1	Blood	MV-4-11	3912	20/483	0/49	-0.616874	-0.0305956	inf
SRX10119123	TFs and others	LYL1	Blood	MV-4-11	3263	20/483	0/49	-0.616874	-0.0305956	inf
SRX10119173	TFs and others	CREB1	Blood	MV-4-11	597	20/483	0/49	-0.616874	-0.0305956	inf
SRX1012627	TFs and others	ESR1	Breast	MCF-7	6896	20/483	0/49	-0.616874	-0.0305956	inf
SRX1012743	TFs and others	ESR1	Breast	MCF-7	1960	20/483	0/49	-0.616874	-0.0305956	inf
SRX10175283	TFs and others	SOX9	Pancreas	PANC-1	1648	20/483	0/49	-0.616874	-0.0305956	inf
SRX1023260	TFs and others	GATA3	Neural	BE(2)-C	10874	20/483	0/49	-0.616874	-0.0305956	inf
SRX1033280	TFs and others	GATA2	Prostate	LNCAP	3706	20/483	0/49	-0.616874	-0.0305956	inf
SRX1033288	TFs and others	AR	Prostate	DU 145	154	20/483	0/49	-0.616874	-0.0305956	inf
SRX1044122	TFs and others	ASCL1	Lung	NCI-H889	5589	20/483	0/49	-0.616874	-0.0305956	inf
SRX1078841	TFs and others	AFF4	Digestive tract	HCT 116	733	20/483	0/49	-0.616874	-0.0305956	inf
SRX1078843	TFs and others	CDK9	Digestive tract	HCT 116	180	20/483	0/49	-0.616874	-0.0305956	inf
SRX1078848	TFs and others	ELL2	Digestive tract	HCT 116	809	20/483	0/49	-0.616874	-0.0305956	inf
SRX11196889	TFs and others	G-quadruplex	Kidney	293	338	20/483	0/49	-0.616874	-0.0305956	inf
SRX1133787	TFs and others	KDM1A	Blood	Kasumi-1	2844	20/483	0/49	-0.616874	-0.0305956	inf
SRX1161170	TFs and others	ESR1	Breast	MCF-7	5600	20/483	0/49	-0.616874	-0.0305956	inf
SRX116424	TFs and others	HDAC2	Blood	K-562	406	20/483	0/49	-0.616874	-0.0305956	inf
SRX116429	TFs and others	CREBBP	Blood	K-562	774	20/483	0/49	-0.616874	-0.0305956	inf
SRX116432	TFs and others	NCOR1	Blood	K-562	400	20/483	0/49	-0.616874	-0.0305956	inf
SRX116439	TFs and others	KDM5B	Blood	K-562	431	20/483	0/49	-0.616874	-0.0305956	inf
SRX116446	TFs and others	SAP30	Blood	K-562	335	20/483	0/49	-0.616874	-0.0305956	inf
SRX116455	TFs and others	CHD7	Pluripotent stem cell	hESC H1	492	20/483	0/49	-0.616874	-0.0305956	inf
SRX116464	TFs and others	EP300	Pluripotent stem cell	hESC H1	1743	20/483	0/49	-0.616874	-0.0305956	inf
SRX11657275	TFs and others	Epitope tags	Blood	K-562	803	20/483	0/49	-0.616874	-0.0305956	inf
SRX117807	TFs and others	VEZF1	Uterus	HeLa	2265	20/483	0/49	-0.616874	-0.0305956	inf
SRX1293535	TFs and others	ASH1L	Blood	MV-4-11	1124	20/483	0/49	-0.616874	-0.0305956	inf
SRX1397384	TFs and others	SMAD1	Blood	CD34+	4401	20/483	0/49	-0.616874	-0.0305956	inf
SRX1430078	TFs and others	CTCF	Pluripotent stem cell	ES cells	3812	20/483	0/49	-0.616874	-0.0305956	inf
SRX1466274	TFs and others	PRMT5	Breast	MDA-MB-231	805	20/483	0/49	-0.616874	-0.0305956	inf
SRX1503375	TFs and others	HNF1A	Gonad	Caput epididymis	4256	20/483	0/49	-0.616874	-0.0305956	inf
SRX1555439	TFs and others	MITF	Epidermis	501A	2222	20/483	0/49	-0.616874	-0.0305956	inf
SRX159188	TFs and others	CREBBP	Digestive tract	LS-180	289	20/483	0/49	-0.616874	-0.0305956	inf
SRX1614803	TFs and others	ZNF366	Blood	Dendritic Cells	533	20/483	0/49	-0.616874	-0.0305956	inf
SRX1640090	TFs and others	AR	Prostate	LNCAP	3933	20/483	0/49	-0.616874	-0.0305956	inf
SRX1658069	TFs and others	BRD4	Lung	IMR-90	1099	20/483	0/49	-0.616874	-0.0305956	inf
SRX1690227	TFs and others	TWIST1	Neural	Neuroblastoma	4423	20/483	0/49	-0.616874	-0.0305956	inf
SRX176049	TFs and others	AR	Prostate	C4-2	1108	20/483	0/49	-0.616874	-0.0305956	inf
SRX186685	TFs and others	EZH2	Epidermis	NHEK	4408	20/483	0/49	-0.616874	-0.0305956	inf
SRX186688	TFs and others	WHSC1	Blood	K-562	235	20/483	0/49	-0.616874	-0.0305956	inf
SRX186700	TFs and others	HDAC6	Blood	K-562	569	20/483	0/49	-0.616874	-0.0305956	inf
SRX186709	TFs and others	EP300	Pluripotent stem cell	hESC H1	1736	20/483	0/49	-0.616874	-0.0305956	inf
SRX186720	TFs and others	EZH2	Pluripotent stem cell	hESC H1	3066	20/483	0/49	-0.616874	-0.0305956	inf
SRX186761	TFs and others	NCOR1	Blood	K-562	417	20/483	0/49	-0.616874	-0.0305956	inf
SRX189084	TFs and others	CTCF	Lung	WI-38	1058	20/483	0/49	-0.616874	-0.0305956	inf
SRX1916934	TFs and others	DNMT3B	Epidermis	Epidermal stem cells	686	20/483	0/49	-0.616874	-0.0305956	inf
SRX1925740	TFs and others	TRIM28	Pluripotent stem cell	iPS derived neural cells	1765	20/483	0/49	-0.616874	-0.0305956	inf
SRX1995012	TFs and others	HIF1A	Bone	U2OS	498	20/483	0/49	-0.616874	-0.0305956	inf
SRX204107	TFs and others	GRHL3	Epidermis	NHEK	1293	20/483	0/49	-0.616874	-0.0305956	inf
SRX220075	TFs and others	AR	Prostate	LNCAP	6264	20/483	0/49	-0.616874	-0.0305956	inf
SRX220076	TFs and others	AR	Prostate	LNCAP	6860	20/483	0/49	-0.616874	-0.0305956	inf
SRX2267455	TFs and others	BRD4	Lung	PC-9	787	20/483	0/49	-0.616874	-0.0305956	inf
SRX2378694	TFs and others	AHR	Breast	MCF-7	2382	20/483	0/49	-0.616874	-0.0305956	inf
SRX2481500	TFs and others	TAL1	Blood	Erythroid Precursor Cells	10042	20/483	0/49	-0.616874	-0.0305956	inf
SRX253227	TFs and others	SSRP1	Others	Fibrosarcoma	1653	20/483	0/49	-0.616874	-0.0305956	inf
SRX2671785	TFs and others	EP300	Pluripotent stem cell	iPS cells	2131	20/483	0/49	-0.616874	-0.0305956	inf
SRX271855	TFs and others	EZH2	Blood	Farage	1436	20/483	0/49	-0.616874	-0.0305956	inf
SRX2765967	TFs and others	HMGB2	Lung	Lung fibroblasts	519	20/483	0/49	-0.616874	-0.0305956	inf
SRX277131	TFs and others	SOX2	Digestive tract	KYSE-70	971	20/483	0/49	-0.616874	-0.0305956	inf
SRX2842442	TFs and others	FOSL1	Bone	MNNG	1339	20/483	0/49	-0.616874	-0.0305956	inf
SRX2871343	TFs and others	GATA3	Breast	T-47D	4224	20/483	0/49	-0.616874	-0.0305956	inf
SRX2871351	TFs and others	GATA3	Breast	T-47D	2875	20/483	0/49	-0.616874	-0.0305956	inf
SRX2897218	TFs and others	ESR1	Breast	Breast cancer cells	791	20/483	0/49	-0.616874	-0.0305956	inf
SRX2937351	TFs and others	BRD4	Blood	J-Lat A72	1001	20/483	0/49	-0.616874	-0.0305956	inf
SRX2961560	TFs and others	STAT1	Blood	SET-2	616	20/483	0/49	-0.616874	-0.0305956	inf
SRX3051208	TFs and others	HIF1A	Kidney	Renal cell carcinoma	886	20/483	0/49	-0.616874	-0.0305956	inf
SRX3070475	TFs and others	NR3C1	Breast	MCF 10A	6777	20/483	0/49	-0.616874	-0.0305956	inf
SRX3089115	TFs and others	SMARCA2	Liver	Hep G2	422	20/483	0/49	-0.616874	-0.0305956	inf
SRX3098185	TFs and others	MECOM	Blood	SKH1	2428	20/483	0/49	-0.616874	-0.0305956	inf
SRX3123811	TFs and others	ESR1	Breast	MCF-7	5603	20/483	0/49	-0.616874	-0.0305956	inf
SRX3135181	TFs and others	BCL6	Blood	OCI-LY1	1144	20/483	0/49	-0.616874	-0.0305956	inf
SRX315187	TFs and others	Biotin	Neural	SH-SY5Y	734	20/483	0/49	-0.616874	-0.0305956	inf
SRX3229157	TFs and others	ESR1	Breast	Breast cancer	877	20/483	0/49	-0.616874	-0.0305956	inf
SRX3240990	TFs and others	MED1	Others	Mesenchymal stem cells	4608	20/483	0/49	-0.616874	-0.0305956	inf
SRX3240993	TFs and others	MED1	Others	Mesenchymal stem cells	6066	20/483	0/49	-0.616874	-0.0305956	inf
SRX3288583	TFs and others	NIPBL	Pluripotent stem cell	hESC H9	906	20/483	0/49	-0.616874	-0.0305956	inf
SRX3337442	TFs and others	KDM1A	Kidney	293	1277	20/483	0/49	-0.616874	-0.0305956	inf
SRX3337443	TFs and others	KDM1A	Kidney	293	617	20/483	0/49	-0.616874	-0.0305956	inf
SRX3366999	TFs and others	AR	Prostate	LNCAP	1753	20/483	0/49	-0.616874	-0.0305956	inf
SRX3367004	TFs and others	AR	Prostate	LNCAP	28920	20/483	0/49	-0.616874	-0.0305956	inf
SRX3436564	TFs and others	SSRP1	Bone	HT-1080	4201	20/483	0/49	-0.616874	-0.0305956	inf
SRX3441734	TFs and others	GATA2	Pluripotent stem cell	iPS derived cells	431	20/483	0/49	-0.616874	-0.0305956	inf
SRX3450330	TFs and others	RXRA	Others	JMSU1	847	20/483	0/49	-0.616874	-0.0305956	inf
SRX3468011	TFs and others	SMARCA4	Others	Aska	481	20/483	0/49	-0.616874	-0.0305956	inf
SRX3468027	TFs and others	SS18	Others	Aska	863	20/483	0/49	-0.616874	-0.0305956	inf
SRX3541097	TFs and others	ESR1	Breast	MCF-7	3508	20/483	0/49	-0.616874	-0.0305956	inf
SRX3554406	TFs and others	CREB1	Breast	MDA-MB-134-VI	447	20/483	0/49	-0.616874	-0.0305956	inf
SRX357293	TFs and others	AR	Prostate	LNCAP	3054	20/483	0/49	-0.616874	-0.0305956	inf
SRX357296	TFs and others	AR	Prostate	LNCAP	6539	20/483	0/49	-0.616874	-0.0305956	inf
SRX3583187	TFs and others	ESR1	Breast	MCF-7	5130	20/483	0/49	-0.616874	-0.0305956	inf
SRX3589927	TFs and others	STAG2	Breast	MCF 10A	769	20/483	0/49	-0.616874	-0.0305956	inf
SRX3592681	TFs and others	SMAD2	Pluripotent stem cell	hESC HUES8	7678	20/483	0/49	-0.616874	-0.0305956	inf
SRX361882	TFs and others	HNF4A	Digestive tract	LoVo	1528	20/483	0/49	-0.616874	-0.0305956	inf
SRX3638910	TFs and others	RELA	Bone	U2OS	1067	20/483	0/49	-0.616874	-0.0305956	inf
SRX367312	TFs and others	BRD4	Kidney	293	565	20/483	0/49	-0.616874	-0.0305956	inf
SRX3721450	TFs and others	TP53	Bone	U2OS	1033	20/483	0/49	-0.616874	-0.0305956	inf
SRX377963	TFs and others	CHD4	Neural	Glioblastoma	1552	20/483	0/49	-0.616874	-0.0305956	inf
SRX381502	TFs and others	Epitope tags	Blood	B cells	5859	20/483	0/49	-0.616874	-0.0305956	inf
SRX381503	TFs and others	Epitope tags	Blood	B cells	7022	20/483	0/49	-0.616874	-0.0305956	inf
SRX381543	TFs and others	LDB1	Blood	Erythroblasts	11177	20/483	0/49	-0.616874	-0.0305956	inf
SRX3815840	TFs and others	NIPBL	Uterus	HeLa	995	20/483	0/49	-0.616874	-0.0305956	inf
SRX383816	TFs and others	AR	Prostate	LNCAP	6105	20/483	0/49	-0.616874	-0.0305956	inf
SRX3868800	TFs and others	REST	Digestive tract	Colorectal cancer organoid	3104	20/483	0/49	-0.616874	-0.0305956	inf
SRX3946912	TFs and others	MED1	Others	Mesenchymal stem cells	1922	20/483	0/49	-0.616874	-0.0305956	inf
SRX3946916	TFs and others	MED1	Others	Mesenchymal stem cells	6095	20/483	0/49	-0.616874	-0.0305956	inf
SRX4107936	TFs and others	CUL4A	Bone	U2OS	25614	20/483	0/49	-0.616874	-0.0305956	inf
SRX4155669	TFs and others	SMC1A	Neural	KELLY	4701	20/483	0/49	-0.616874	-0.0305956	inf
SRX4230307	TFs and others	TP53	Lung	IMR-90	2160	20/483	0/49	-0.616874	-0.0305956	inf
SRX4385553	TFs and others	SUPT5H	Digestive tract	HCT 116	203	20/483	0/49	-0.616874	-0.0305956	inf
SRX4411666	TFs and others	MYC	Prostate	LNCAP	1946	20/483	0/49	-0.616874	-0.0305956	inf
SRX4525853	TFs and others	SMARCA4	Kidney	TTC-1240	836	20/483	0/49	-0.616874	-0.0305956	inf
SRX456684	TFs and others	GFP	Blood	K-562	113	20/483	0/49	-0.616874	-0.0305956	inf
SRX4599935	TFs and others	Epitope tags	Kidney	293	230	20/483	0/49	-0.616874	-0.0305956	inf
SRX469396	TFs and others	ESR1	Breast	MCF-7	4345	20/483	0/49	-0.616874	-0.0305956	inf
SRX4708061	TFs and others	SRSF1	Blood	K-562	522	20/483	0/49	-0.616874	-0.0305956	inf
SRX4708073	TFs and others	HNRNPUL1	Blood	K-562	670	20/483	0/49	-0.616874	-0.0305956	inf
SRX4714473	TFs and others	GTF3C2	Lung	IMR-90	1566	20/483	0/49	-0.616874	-0.0305956	inf
SRX4717810	TFs and others	TCEA2	Breast	HMLE	532	20/483	0/49	-0.616874	-0.0305956	inf
SRX471849	TFs and others	AR	Prostate	VCaP	19084	20/483	0/49	-0.616874	-0.0305956	inf
SRX475777	TFs and others	REST	Blood	GM12878	4351	20/483	0/49	-0.616874	-0.0305956	inf
SRX476924	TFs and others	SNAI2	Epidermis	Keratinocytes	906	20/483	0/49	-0.616874	-0.0305956	inf
SRX4797395	TFs and others	LMNA	Cardiovascular	Myocytes, Cardiac	1383	20/483	0/49	-0.616874	-0.0305956	inf
SRX4797409	TFs and others	LMNA	Cardiovascular	Myocytes, Cardiac	1112	20/483	0/49	-0.616874	-0.0305956	inf
SRX4802361	TFs and others	HIF1A	Liver	Hep G2	586	20/483	0/49	-0.616874	-0.0305956	inf
SRX4802364	TFs and others	EPAS1	Liver	Hep G2	856	20/483	0/49	-0.616874	-0.0305956	inf
SRX4819827	TFs and others	MED26	Kidney	293	415	20/483	0/49	-0.616874	-0.0305956	inf
SRX4947688	TFs and others	Epitope tags	Cardiovascular	HUVEC	1157	20/483	0/49	-0.616874	-0.0305956	inf
SRX495669	TFs and others	NR3C1	Breast	MDA-MB-231	2059	20/483	0/49	-0.616874	-0.0305956	inf
SRX5001377	TFs and others	TEAD4	Epidermis	BJ	769	20/483	0/49	-0.616874	-0.0305956	inf
SRX5126616	TFs and others	CTCF	Epidermis	Keratinocytes	962	20/483	0/49	-0.616874	-0.0305956	inf
SRX5126619	TFs and others	CTCF	Epidermis	Keratinocytes	1071	20/483	0/49	-0.616874	-0.0305956	inf
SRX5251415	TFs and others	ESR1	Breast	MCF-7	3725	20/483	0/49	-0.616874	-0.0305956	inf
SRX5287700	TFs and others	MED1	Breast	MCF-7	527	20/483	0/49	-0.616874	-0.0305956	inf
SRX5289980	TFs and others	NR3C1	Lung	BEAS-2B	5411	20/483	0/49	-0.616874	-0.0305956	inf
SRX5313208	TFs and others	EP300	Digestive tract	HCT 116	484	20/483	0/49	-0.616874	-0.0305956	inf
SRX5323928	TFs and others	STAT3	Breast	Breast cancer cells	1705	20/483	0/49	-0.616874	-0.0305956	inf
SRX535454	TFs and others	CDK9	Epidermis	A-375	447	20/483	0/49	-0.616874	-0.0305956	inf
SRX543183	TFs and others	KDM1A	Epidermis	Keratinocytes	2211	20/483	0/49	-0.616874	-0.0305956	inf
SRX5486424	TFs and others	ZIC5	Digestive tract	HCT 116	1344	20/483	0/49	-0.616874	-0.0305956	inf
SRX5511298	TFs and others	ESR1	Breast	MCF-7	2333	20/483	0/49	-0.616874	-0.0305956	inf
SRX5514010	TFs and others	FOS	Uterus	Myometrium	1058	20/483	0/49	-0.616874	-0.0305956	inf
SRX5532367	TFs and others	CTCF	Neural	Anterior temporal cortex	1202	20/483	0/49	-0.616874	-0.0305956	inf
SRX5577147	TFs and others	Epitope tags	Prostate	LNCAP	14452	20/483	0/49	-0.616874	-0.0305956	inf
SRX5683074	TFs and others	ESR1	Uterus	Ishikawa	2021	20/483	0/49	-0.616874	-0.0305956	inf
SRX6027754	TFs and others	NR2F2	Breast	MCF-7	6205	20/483	0/49	-0.616874	-0.0305956	inf
SRX6365883	TFs and others	TOP2B	Neural	BT142	3940	20/483	0/49	-0.616874	-0.0305956	inf
SRX6430563	TFs and others	SUZ12	Blood	KARPAS-422	1356	20/483	0/49	-0.616874	-0.0305956	inf
SRX6473446	TFs and others	Epitope tags	Pluripotent stem cell	hESC derived neural crests	1166	20/483	0/49	-0.616874	-0.0305956	inf
SRX658609	TFs and others	MED1	Blood	Jurkat	950	20/483	0/49	-0.616874	-0.0305956	inf
SRX6602367	TFs and others	ARNTL	Neural	Neural Stem Cells	535	20/483	0/49	-0.616874	-0.0305956	inf
SRX667404	TFs and others	Epitope tags	Breast	MCF-7	500	20/483	0/49	-0.616874	-0.0305956	inf
SRX6878598	TFs and others	CREB5	Prostate	LNCAP	8947	20/483	0/49	-0.616874	-0.0305956	inf
SRX689360	TFs and others	Epitope tags	Kidney	293	622	20/483	0/49	-0.616874	-0.0305956	inf
SRX689364	TFs and others	Epitope tags	Kidney	293	978	20/483	0/49	-0.616874	-0.0305956	inf
SRX6895233	TFs and others	8-Hydroxydeoxyguanosine	Breast	MCF 10A	18736	20/483	0/49	-0.616874	-0.0305956	inf
SRX6913068	TFs and others	BRD4	Blood	THP-1	738	20/483	0/49	-0.616874	-0.0305956	inf
SRX6986757	TFs and others	Epitope tags	Pluripotent stem cell	hESC H1	1904	20/483	0/49	-0.616874	-0.0305956	inf
SRX699735	TFs and others	TCF21	Cardiovascular	HCASMC	1250	20/483	0/49	-0.616874	-0.0305956	inf
SRX702549	TFs and others	CHD7	Pluripotent stem cell	iPS derived neural cells	823	20/483	0/49	-0.616874	-0.0305956	inf
SRX7031580	TFs and others	EGR1	Blood	CD34+	193	20/483	0/49	-0.616874	-0.0305956	inf
SRX7135460	TFs and others	SOX17	Adipocyte	hESC derived hemogenic cells	1186	20/483	0/49	-0.616874	-0.0305956	inf
SRX7202548	TFs and others	RAD21	Uterus	HEC-1-B	10323	20/483	0/49	-0.616874	-0.0305956	inf
SRX736075	TFs and others	AR	Prostate	LNCAP	3482	20/483	0/49	-0.616874	-0.0305956	inf
SRX753142	TFs and others	GTF2I	Pluripotent stem cell	iPS cells	8201	20/483	0/49	-0.616874	-0.0305956	inf
SRX7551101	TFs and others	SETD1A	Uterus	HeLa	1100	20/483	0/49	-0.616874	-0.0305956	inf
SRX7551121	TFs and others	SETD1A	Uterus	HeLa	1509	20/483	0/49	-0.616874	-0.0305956	inf
SRX758013	TFs and others	MRE11A	Prostate	LNCAP	493	20/483	0/49	-0.616874	-0.0305956	inf
SRX758028	TFs and others	TOP1	Prostate	LNCAP	3314	20/483	0/49	-0.616874	-0.0305956	inf
SRX7654176	TFs and others	MTF2	Prostate	DU 145	1582	20/483	0/49	-0.616874	-0.0305956	inf
SRX7677742	TFs and others	XRN2	Digestive tract	DLD-1	635	20/483	0/49	-0.616874	-0.0305956	inf
SRX7807605	TFs and others	GATA3	Unclassified	Unclassified	567	20/483	0/49	-0.616874	-0.0305956	inf
SRX7981742	TFs and others	HDAC2	Prostate	Prostate cancer	428	20/483	0/49	-0.616874	-0.0305956	inf
SRX8023140	TFs and others	TP53	Breast	MCF 10A	2000	20/483	0/49	-0.616874	-0.0305956	inf
SRX8246296	TFs and others	FGFR1	Breast	MCF-7	653	20/483	0/49	-0.616874	-0.0305956	inf
SRX8257423	TFs and others	MITF	Epidermis	A-375	1469	20/483	0/49	-0.616874	-0.0305956	inf
SRX8299191	TFs and others	Epitope tags	Uterus	HeLa	1498	20/483	0/49	-0.616874	-0.0305956	inf
SRX8299780	TFs and others	CDC73	Blood	K-562	2611	20/483	0/49	-0.616874	-0.0305956	inf
SRX8299805	TFs and others	CDC73	Bone	U2OS	578	20/483	0/49	-0.616874	-0.0305956	inf
SRX8299823	TFs and others	CDC73	Bone	U2OS	467	20/483	0/49	-0.616874	-0.0305956	inf
SRX8299824	TFs and others	CDC73	Bone	U2OS	479	20/483	0/49	-0.616874	-0.0305956	inf
SRX831875	TFs and others	STAT5B	Blood	CD8+ T cells	1528	20/483	0/49	-0.616874	-0.0305956	inf
SRX8380650	TFs and others	ESR1	Bone	U2OS	10569	20/483	0/49	-0.616874	-0.0305956	inf
SRX8616378	TFs and others	BRD2	Blood	BCBL1	545	20/483	0/49	-0.616874	-0.0305956	inf
SRX8616963	TFs and others	TET2	Breast	MCF-7	2243	20/483	0/49	-0.616874	-0.0305956	inf
SRX8616965	TFs and others	TET2	Breast	MCF-7	2113	20/483	0/49	-0.616874	-0.0305956	inf
SRX8616967	TFs and others	TET2	Breast	MCF-7	2180	20/483	0/49	-0.616874	-0.0305956	inf
SRX8699800	TFs and others	TP53	Kidney	293	1252	20/483	0/49	-0.616874	-0.0305956	inf
SRX8699802	TFs and others	TP53	Kidney	293	1106	20/483	0/49	-0.616874	-0.0305956	inf
SRX8976679	TFs and others	NCOR2	Digestive tract	KYSE-410	391	20/483	0/49	-0.616874	-0.0305956	inf
SRX8976681	TFs and others	NCOR2	Digestive tract	KYSE-410	377	20/483	0/49	-0.616874	-0.0305956	inf
SRX8976685	TFs and others	NCOR2	Digestive tract	KYSE-410	476	20/483	0/49	-0.616874	-0.0305956	inf
SRX9055416	TFs and others	LDB1	Blood	HUDEP-2	2629	20/483	0/49	-0.616874	-0.0305956	inf
SRX9090622	TFs and others	IRF8	Blood	MOLM-13	19349	20/483	0/49	-0.616874	-0.0305956	inf
SRX9206313	TFs and others	BRD8	Lung	Calu-3	4870	20/483	0/49	-0.616874	-0.0305956	inf
SRX9206317	TFs and others	BRD8	Others	16HBE14o-	2386	20/483	0/49	-0.616874	-0.0305956	inf
SRX9237249	TFs and others	CSTF2	Blood	K-562	1545	20/483	0/49	-0.616874	-0.0305956	inf
SRX9426432	TFs and others	Epitope tags	Blood	RAMOS	1644	20/483	0/49	-0.616874	-0.0305956	inf
SRX9562903	TFs and others	SMARCC1	Muscle	RH-4	667	20/483	0/49	-0.616874	-0.0305956	inf
SRX9600613	TFs and others	G-quadruplex	Blood	K-562	317	20/483	0/49	-0.616874	-0.0305956	inf
SRX9600617	TFs and others	G-quadruplex	Blood	K-562	333	20/483	0/49	-0.616874	-0.0305956	inf
SRX965494	TFs and others	STAT3	Blood	Th17 Cells	556	20/483	0/49	-0.616874	-0.0305956	inf
SRX968971	TFs and others	RELA	Breast	MCF-7	7800	20/483	0/49	-0.616874	-0.0305956	inf
SRX9849096	TFs and others	MTF2	Blood	K-562	851	20/483	0/49	-0.616874	-0.0305956	inf
DRX022350	TFs and others	TAF7	Kidney	293	305	19/483	0/49	-0.616708	-0.0305956	inf
ERX1149088	TFs and others	CTCF	Blood	K-562	1521	19/483	0/49	-0.616708	-0.0305956	inf
ERX1149089	TFs and others	CTCF	Blood	HEL 92.1.7	2232	19/483	0/49	-0.616708	-0.0305956	inf
ERX1149104	TFs and others	CTCF	Blood	HEL 92.1.7	2356	19/483	0/49	-0.616708	-0.0305956	inf
ERX1149119	TFs and others	CTCF	Blood	HEL 92.1.7	2264	19/483	0/49	-0.616708	-0.0305956	inf
ERX1234993	TFs and others	TAF3	Liver	Hep G2	3716	19/483	0/49	-0.616708	-0.0305956	inf
ERX181468	TFs and others	TP53	Bone	Saos-2	2022	19/483	0/49	-0.616708	-0.0305956	inf
SRX026748	TFs and others	DDX5	Uterus	HeLa	438	19/483	0/49	-0.616708	-0.0305956	inf
SRX059367	TFs and others	NR2F1	Pluripotent stem cell	hESC derived neural crests	488	19/483	0/49	-0.616708	-0.0305956	inf
SRX064480	TFs and others	SMAD2	Pluripotent stem cell	hESC H9	1200	19/483	0/49	-0.616708	-0.0305956	inf
SRX080130	TFs and others	MYC	Blood	GM12878	506	19/483	0/49	-0.616708	-0.0305956	inf
SRX080144	TFs and others	MYC	Liver	Hep G2	1180	19/483	0/49	-0.616708	-0.0305956	inf
SRX080253	TFs and others	AFF4	Digestive tract	HCT 116	523	19/483	0/49	-0.616708	-0.0305956	inf
SRX080254	TFs and others	AFF4	Digestive tract	HCT 116	311	19/483	0/49	-0.616708	-0.0305956	inf
SRX083219	TFs and others	AR	Prostate	LNCAP	6150	19/483	0/49	-0.616708	-0.0305956	inf
SRX096347	TFs and others	CTNNB1	Digestive tract	LS-180	880	19/483	0/49	-0.616708	-0.0305956	inf
SRX100441	TFs and others	BCL11A	Pluripotent stem cell	hESC H1	609	19/483	0/49	-0.616708	-0.0305956	inf
SRX101130	TFs and others	AR	Prostate	VCaP	41655	19/483	0/49	-0.616708	-0.0305956	inf
SRX101131	TFs and others	AR	Prostate	VCaP	10795	19/483	0/49	-0.616708	-0.0305956	inf
SRX101132	TFs and others	AR	Prostate	VCaP	36862	19/483	0/49	-0.616708	-0.0305956	inf
SRX101133	TFs and others	AR	Prostate	VCaP	21114	19/483	0/49	-0.616708	-0.0305956	inf
SRX101137	TFs and others	AR	Prostate	VCaP	17142	19/483	0/49	-0.616708	-0.0305956	inf
SRX10119124	TFs and others	LYL1	Blood	MV-4-11	3335	19/483	0/49	-0.616708	-0.0305956	inf
SRX10119147	TFs and others	MYB	Blood	MV-4-11	856	19/483	0/49	-0.616708	-0.0305956	inf
SRX1012601	TFs and others	ESR1	Breast	T-47D	4221	19/483	0/49	-0.616708	-0.0305956	inf
SRX1012602	TFs and others	ESR1	Breast	T-47D	4919	19/483	0/49	-0.616708	-0.0305956	inf
SRX1012679	TFs and others	ESR1	Breast	MCF-7	4323	19/483	0/49	-0.616708	-0.0305956	inf
SRX10131668	TFs and others	MLLT1	Lung	Bronchial tracheal epithelial cells	507	19/483	0/49	-0.616708	-0.0305956	inf
SRX1027440	TFs and others	NR3C1	Others	Mesenchymal stem cells	1928	19/483	0/49	-0.616708	-0.0305956	inf
SRX1032967	TFs and others	STAT5A	Blood	Acute myeloid leukemia	1160	19/483	0/49	-0.616708	-0.0305956	inf
SRX1033273	TFs and others	GATA2	Prostate	LNCAP	7147	19/483	0/49	-0.616708	-0.0305956	inf
SRX1033286	TFs and others	GATA2	Prostate	LNCAP	2742	19/483	0/49	-0.616708	-0.0305956	inf
SRX1048477	TFs and others	BACH2	Blood	OCI-LY-7	759	19/483	0/49	-0.616708	-0.0305956	inf
SRX10721429	TFs and others	Epitope tags	Breast	MCF-7	3939	19/483	0/49	-0.616708	-0.0305956	inf
SRX107369	TFs and others	ESR1	Breast	H3396	9246	19/483	0/49	-0.616708	-0.0305956	inf
SRX107370	TFs and others	ESR1	Breast	H3396	4540	19/483	0/49	-0.616708	-0.0305956	inf
SRX1085069	TFs and others	KDM2B	Blood	DND-41	578	19/483	0/49	-0.616708	-0.0305956	inf
SRX1085072	TFs and others	KDM2B	Blood	K-562	618	19/483	0/49	-0.616708	-0.0305956	inf
SRX10881845	TFs and others	SMARCB1	Others	BT-16	523	19/483	0/49	-0.616708	-0.0305956	inf
SRX1091038	TFs and others	ARNTL	Blood	THP-1	803	19/483	0/49	-0.616708	-0.0305956	inf
SRX1091820	TFs and others	CTCF	Blood	delta-47	964	19/483	0/49	-0.616708	-0.0305956	inf
SRX1092377	TFs and others	Epitope tags	Blood	K-562	299	19/483	0/49	-0.616708	-0.0305956	inf
SRX11094572	TFs and others	FLI1	Neural	SK-N-MC	6663	19/483	0/49	-0.616708	-0.0305956	inf
SRX1123863	TFs and others	SMARCC1	Liver	MRT TTC549	2533	19/483	0/49	-0.616708	-0.0305956	inf
SRX1123868	TFs and others	SMARCC1	Liver	MRT TTC549	4358	19/483	0/49	-0.616708	-0.0305956	inf
SRX1131805	TFs and others	Epitope tags	Uterus	HeLa	258	19/483	0/49	-0.616708	-0.0305956	inf
SRX113580	TFs and others	RYBP	Kidney	293	215	19/483	0/49	-0.616708	-0.0305956	inf
SRX1156537	TFs and others	SMARCA4	Breast	MDA-MB-231	8035	19/483	0/49	-0.616708	-0.0305956	inf
SRX1161165	TFs and others	NR3C1	Breast	MCF-7	353	19/483	0/49	-0.616708	-0.0305956	inf
SRX1161168	TFs and others	ESR1	Breast	MCF-7	4132	19/483	0/49	-0.616708	-0.0305956	inf
SRX116435	TFs and others	KAT2B	Blood	K-562	373	19/483	0/49	-0.616708	-0.0305956	inf
SRX11657274	TFs and others	Epitope tags	Blood	K-562	1137	19/483	0/49	-0.616708	-0.0305956	inf
SRX1293533	TFs and others	AFF1	Blood	MV-4-11	986	19/483	0/49	-0.616708	-0.0305956	inf
SRX130267	TFs and others	TET3	Kidney	293	349	19/483	0/49	-0.616708	-0.0305956	inf
SRX130268	TFs and others	OGT	Kidney	293	273	19/483	0/49	-0.616708	-0.0305956	inf
SRX1304815	TFs and others	EP400	Bone	U2OS	515	19/483	0/49	-0.616708	-0.0305956	inf
SRX1424884	TFs and others	MLLT1	Blood	SEM	673	19/483	0/49	-0.616708	-0.0305956	inf
SRX1431736	TFs and others	SPI1	Blood	K-562	3950	19/483	0/49	-0.616708	-0.0305956	inf
SRX1477651	TFs and others	Epitope tags	Lung	MRC-5	5343	19/483	0/49	-0.616708	-0.0305956	inf
SRX1503373	TFs and others	HNF1A	Gonad	Caput epididymis	5020	19/483	0/49	-0.616708	-0.0305956	inf
SRX150573	TFs and others	EP300	Blood	K-562	1806	19/483	0/49	-0.616708	-0.0305956	inf
SRX1528429	TFs and others	USP7	Lung	NCI-H1299	808	19/483	0/49	-0.616708	-0.0305956	inf
SRX1531776	TFs and others	NIPBL	Liver	Hep G2	498	19/483	0/49	-0.616708	-0.0305956	inf
SRX1531777	TFs and others	MED1	Liver	Hep G2	1378	19/483	0/49	-0.616708	-0.0305956	inf
SRX1531784	TFs and others	NIPBL	Lung	A549	573	19/483	0/49	-0.616708	-0.0305956	inf
SRX1531785	TFs and others	MED1	Lung	A549	1186	19/483	0/49	-0.616708	-0.0305956	inf
SRX1569438	TFs and others	BRD4	Digestive tract	HCT 116	551	19/483	0/49	-0.616708	-0.0305956	inf
SRX157786	TFs and others	FOXK1	Uterus	HeLa	886	19/483	0/49	-0.616708	-0.0305956	inf
SRX159189	TFs and others	CREBBP	Digestive tract	LS-180	369	19/483	0/49	-0.616708	-0.0305956	inf
SRX159193	TFs and others	NCOR1	Digestive tract	LS-180	338	19/483	0/49	-0.616708	-0.0305956	inf
SRX1640091	TFs and others	AR	Prostate	LNCAP	3356	19/483	0/49	-0.616708	-0.0305956	inf
SRX1711633	TFs and others	Epitope tags	Uterus	HeLa	2030	19/483	0/49	-0.616708	-0.0305956	inf
SRX173208	TFs and others	NR3C1	Prostate	LNCAP	7856	19/483	0/49	-0.616708	-0.0305956	inf
SRX1738256	TFs and others	GFP	Unclassified	Unclassified	625	19/483	0/49	-0.616708	-0.0305956	inf
SRX1757997	TFs and others	MAX	Breast	MDA-MB-468	327	19/483	0/49	-0.616708	-0.0305956	inf
SRX1758482	TFs and others	NELFE	Breast	MCF-7	488	19/483	0/49	-0.616708	-0.0305956	inf
SRX1782979	TFs and others	ZMYND8	Kidney	293	380	19/483	0/49	-0.616708	-0.0305956	inf
SRX1819610	TFs and others	KDM5D	Prostate	DU 145	900	19/483	0/49	-0.616708	-0.0305956	inf
SRX186669	TFs and others	CHD7	Pluripotent stem cell	hESC H1	507	19/483	0/49	-0.616708	-0.0305956	inf
SRX186770	TFs and others	CREBBP	Blood	K-562	788	19/483	0/49	-0.616708	-0.0305956	inf
SRX1885170	TFs and others	RELA	Prostate	LNCAP	3287	19/483	0/49	-0.616708	-0.0305956	inf
SRX189250	TFs and others	TP53	Pluripotent stem cell	hESC H9	2087	19/483	0/49	-0.616708	-0.0305956	inf
SRX189724	TFs and others	EP300	Cardiovascular	HUVEC	1500	19/483	0/49	-0.616708	-0.0305956	inf
SRX1902745	TFs and others	AFF1	Blood	CCRF-CEM	1147	19/483	0/49	-0.616708	-0.0305956	inf
SRX1998425	TFs and others	MYOG	Muscle	Rhabdomyosarcoma	4971	19/483	0/49	-0.616708	-0.0305956	inf
SRX205164	TFs and others	TAL1	Blood	Erythroid Cells	2530	19/483	0/49	-0.616708	-0.0305956	inf
SRX205165	TFs and others	TAL1	Blood	Erythroid Cells	4370	19/483	0/49	-0.616708	-0.0305956	inf
SRX210719	TFs and others	MYC	Kidney	293	1215	19/483	0/49	-0.616708	-0.0305956	inf
SRX2207926	TFs and others	ERCC6	Epidermis	CS1AN	2314	19/483	0/49	-0.616708	-0.0305956	inf
SRX2321776	TFs and others	NKX2-5	Pluripotent stem cell	ES cells	2554	19/483	0/49	-0.616708	-0.0305956	inf
SRX2323890	TFs and others	KMT2A	Kidney	293	1209	19/483	0/49	-0.616708	-0.0305956	inf
SRX2323895	TFs and others	KMT2A	Kidney	293	981	19/483	0/49	-0.616708	-0.0305956	inf
SRX2343923	TFs and others	NOTCH1	Cardiovascular	Large pulmonary artery endothelial cells	1305	19/483	0/49	-0.616708	-0.0305956	inf
SRX2343925	TFs and others	NOTCH1	Cardiovascular	Large pulmonary artery endothelial cells	1235	19/483	0/49	-0.616708	-0.0305956	inf
SRX2388756	TFs and others	AR	Prostate	Prostate cancer-associated fibroblasts	691	19/483	0/49	-0.616708	-0.0305956	inf
SRX243764	TFs and others	PAX5	Blood	L-428	2692	19/483	0/49	-0.616708	-0.0305956	inf
SRX2453453	TFs and others	TOP2B	Breast	MCF 10A	351	19/483	0/49	-0.616708	-0.0305956	inf
SRX2460054	TFs and others	ESR1	Breast	Breast cancer cells	1466	19/483	0/49	-0.616708	-0.0305956	inf
SRX2513516	TFs and others	ESR1	Breast	MCF-7	3517	19/483	0/49	-0.616708	-0.0305956	inf
SRX2513524	TFs and others	ESR1	Breast	MCF-7	924	19/483	0/49	-0.616708	-0.0305956	inf
SRX253230	TFs and others	SSRP1	Others	Fibrosarcoma	2632	19/483	0/49	-0.616708	-0.0305956	inf
SRX253231	TFs and others	SSRP1	Others	Fibrosarcoma	2210	19/483	0/49	-0.616708	-0.0305956	inf
SRX253232	TFs and others	SSRP1	Others	Fibrosarcoma	3275	19/483	0/49	-0.616708	-0.0305956	inf
SRX2545038	TFs and others	AR	Prostate	LNCAP	7710	19/483	0/49	-0.616708	-0.0305956	inf
SRX2548286	TFs and others	BATF3	Blood	ST1	35452	19/483	0/49	-0.616708	-0.0305956	inf
SRX2555300	TFs and others	HAND2	Neural	KELLY	11430	19/483	0/49	-0.616708	-0.0305956	inf
SRX256879	TFs and others	NR3C1	Bone	U2OS	16809	19/483	0/49	-0.616708	-0.0305956	inf
SRX2578870	TFs and others	ESR1	Breast	MDA-MB-231	9438	19/483	0/49	-0.616708	-0.0305956	inf
SRX2598522	TFs and others	MORC2	Uterus	HeLa	897	19/483	0/49	-0.616708	-0.0305956	inf
SRX2598523	TFs and others	MORC2	Uterus	HeLa	950	19/483	0/49	-0.616708	-0.0305956	inf
SRX2708811	TFs and others	INO80	Liver	Hep G2	1428	19/483	0/49	-0.616708	-0.0305956	inf
SRX275504	TFs and others	TP53	Bone	U2OS	4382	19/483	0/49	-0.616708	-0.0305956	inf
SRX2830156	TFs and others	PAX7	Pluripotent stem cell	hESC H9	1793	19/483	0/49	-0.616708	-0.0305956	inf
SRX2935292	TFs and others	8-Hydroxydeoxyguanosine	Breast	MCF 10A	52680	19/483	0/49	-0.616708	-0.0305956	inf
SRX2947200	TFs and others	RBPJ	Breast	MDA-MB-231	1125	19/483	0/49	-0.616708	-0.0305956	inf
SRX2947201	TFs and others	L3MBTL3	Breast	MDA-MB-231	1216	19/483	0/49	-0.616708	-0.0305956	inf
SRX295040	TFs and others	MECP2	Digestive tract	HCT 116	304	19/483	0/49	-0.616708	-0.0305956	inf
SRX2993408	TFs and others	ARNTL	Kidney	Renal tubular cells	1151	19/483	0/49	-0.616708	-0.0305956	inf
SRX3098192	TFs and others	CEBPA	Blood	SKH1	1043	19/483	0/49	-0.616708	-0.0305956	inf
SRX312100	TFs and others	Epitope tags	Breast	MCF-7	771	19/483	0/49	-0.616708	-0.0305956	inf
SRX3229141	TFs and others	ESR1	Breast	Breast cancer	989	19/483	0/49	-0.616708	-0.0305956	inf
SRX3229159	TFs and others	ESR1	Breast	Breast cancer	493	19/483	0/49	-0.616708	-0.0305956	inf
SRX3229160	TFs and others	ESR1	Breast	Breast cancer	452	19/483	0/49	-0.616708	-0.0305956	inf
SRX323402	TFs and others	SPDEF	Breast	MCF-7	328	19/483	0/49	-0.616708	-0.0305956	inf
SRX3240995	TFs and others	MED1	Others	Mesenchymal stem cells	5674	19/483	0/49	-0.616708	-0.0305956	inf
SRX3240998	TFs and others	MED1	Others	Mesenchymal stem cells	813	19/483	0/49	-0.616708	-0.0305956	inf
SRX326883	TFs and others	ERG	Prostate	VCaP	6393	19/483	0/49	-0.616708	-0.0305956	inf
SRX3279752	TFs and others	NFATC2	Blood	CD4+ T cells	1537	19/483	0/49	-0.616708	-0.0305956	inf
SRX3285591	TFs and others	KDM5B	Breast	FULR	448	19/483	0/49	-0.616708	-0.0305956	inf
SRX330107	TFs and others	SOX2	Neural	ReN-VM	1841	19/483	0/49	-0.616708	-0.0305956	inf
SRX3337444	TFs and others	KDM1A	Kidney	293	839	19/483	0/49	-0.616708	-0.0305956	inf
SRX3337448	TFs and others	KDM1A	Kidney	293	698	19/483	0/49	-0.616708	-0.0305956	inf
SRX3367000	TFs and others	AR	Prostate	LNCAP	3082	19/483	0/49	-0.616708	-0.0305956	inf
SRX3372025	TFs and others	ETV1	Digestive tract	GIST48	809	19/483	0/49	-0.616708	-0.0305956	inf
SRX338785	TFs and others	PPARG	Cardiovascular	HUVEC	598	19/483	0/49	-0.616708	-0.0305956	inf
SRX3422689	TFs and others	MYC	Kidney	293	1027	19/483	0/49	-0.616708	-0.0305956	inf
SRX3445799	TFs and others	INO80	Liver	Hep G2	1264	19/483	0/49	-0.616708	-0.0305956	inf
SRX3461647	TFs and others	KDM1A	Blood	OCI-LY1	970	19/483	0/49	-0.616708	-0.0305956	inf
SRX3468006	TFs and others	SS18	Others	Aska	1034	19/483	0/49	-0.616708	-0.0305956	inf
SRX3468033	TFs and others	SS18	Muscle	SYO1	3428	19/483	0/49	-0.616708	-0.0305956	inf
SRX3474296	TFs and others	Epitope tags	Prostate	LNCAP	358	19/483	0/49	-0.616708	-0.0305956	inf
SRX355609	TFs and others	ESR1	Breast	MDA-MB-134-VI	1624	19/483	0/49	-0.616708	-0.0305956	inf
SRX357292	TFs and others	AR	Prostate	LNCAP	5963	19/483	0/49	-0.616708	-0.0305956	inf
SRX357297	TFs and others	AR	Prostate	LNCAP	6769	19/483	0/49	-0.616708	-0.0305956	inf
SRX3581481	TFs and others	Epitope tags	Pluripotent stem cell	iPS derived neural cells	2267	19/483	0/49	-0.616708	-0.0305956	inf
SRX3584199	TFs and others	RUNX1	Gonad	Epididymis	771	19/483	0/49	-0.616708	-0.0305956	inf
SRX3584301	TFs and others	RARA	Pluripotent stem cell	iPS cells	868	19/483	0/49	-0.616708	-0.0305956	inf
SRX3584312	TFs and others	RARA	Pluripotent stem cell	iPS derived chondrocytes	1258	19/483	0/49	-0.616708	-0.0305956	inf
SRX3584313	TFs and others	RARA	Pluripotent stem cell	iPS derived chondrocytes	1721	19/483	0/49	-0.616708	-0.0305956	inf
SRX3586330	TFs and others	NR3C1	Blood	Macrophages	2427	19/483	0/49	-0.616708	-0.0305956	inf
SRX359878	TFs and others	RAD21	Digestive tract	LoVo	2999	19/483	0/49	-0.616708	-0.0305956	inf
SRX360054	TFs and others	ZNF12	Digestive tract	LoVo	239	19/483	0/49	-0.616708	-0.0305956	inf
SRX366787	TFs and others	BRD2	Blood	MM.1S	860	19/483	0/49	-0.616708	-0.0305956	inf
SRX367311	TFs and others	JMJD6	Kidney	293	3197	19/483	0/49	-0.616708	-0.0305956	inf
SRX371981	TFs and others	GATA6	Digestive tract	AGS	1210	19/483	0/49	-0.616708	-0.0305956	inf
SRX3881588	TFs and others	FOXN3	Liver	Hep G2	963	19/483	0/49	-0.616708	-0.0305956	inf
SRX3927298	TFs and others	GLTSCR1	Blood	MOLM-13	2143	19/483	0/49	-0.616708	-0.0305956	inf
SRX392803	TFs and others	REST	Blood	Jurkat	3589	19/483	0/49	-0.616708	-0.0305956	inf
SRX3946909	TFs and others	MED1	Others	Mesenchymal stem cells	761	19/483	0/49	-0.616708	-0.0305956	inf
SRX3946910	TFs and others	MED1	Others	Mesenchymal stem cells	4181	19/483	0/49	-0.616708	-0.0305956	inf
SRX3946918	TFs and others	MED1	Others	Mesenchymal stem cells	5671	19/483	0/49	-0.616708	-0.0305956	inf
SRX396568	TFs and others	CBX6	Breast	Breast cells	441	19/483	0/49	-0.616708	-0.0305956	inf
SRX396583	TFs and others	RING1	Epidermis	Hs 68	712	19/483	0/49	-0.616708	-0.0305956	inf
SRX4108916	TFs and others	AR	Prostate	LNCAP	12608	19/483	0/49	-0.616708	-0.0305956	inf
SRX4170729	TFs and others	WDR5	Blood	MV-4-11	737	19/483	0/49	-0.616708	-0.0305956	inf
SRX424011	TFs and others	KDM4C	Digestive tract	KYSE-150	586	19/483	0/49	-0.616708	-0.0305956	inf
SRX425255	TFs and others	BRD4	Cardiovascular	HUVEC	569	19/483	0/49	-0.616708	-0.0305956	inf
SRX4345362	TFs and others	FOS	Blood	CD4+ T cells	1337	19/483	0/49	-0.616708	-0.0305956	inf
SRX4397513	TFs and others	KMT2D	Pluripotent stem cell	NT2-D1	380	19/483	0/49	-0.616708	-0.0305956	inf
SRX4398451	TFs and others	MYB	Blood	THP-1	4368	19/483	0/49	-0.616708	-0.0305956	inf
SRX4401066	TFs and others	RELA	Blood	BJAB	624	19/483	0/49	-0.616708	-0.0305956	inf
SRX4502349	TFs and others	CDK11A	Digestive tract	HCT 116	294	19/483	0/49	-0.616708	-0.0305956	inf
SRX4502351	TFs and others	CDK11A	Digestive tract	HCT 116	281	19/483	0/49	-0.616708	-0.0305956	inf
SRX4510769	TFs and others	CTCF	Epidermis	MDA-MB-435	489	19/483	0/49	-0.616708	-0.0305956	inf
SRX470407	TFs and others	AR	Prostate	LNCAP	2691	19/483	0/49	-0.616708	-0.0305956	inf
SRX4705114	TFs and others	CHAF1A	Blood	U-937	672	19/483	0/49	-0.616708	-0.0305956	inf
SRX4708095	TFs and others	CCAR2	Blood	K-562	383	19/483	0/49	-0.616708	-0.0305956	inf
SRX4711145	TFs and others	LMNB1	Adipocyte	Adipose stem cells	1351	19/483	0/49	-0.616708	-0.0305956	inf
SRX4783048	TFs and others	AR	Prostate	Prostate cancer cells	1628	19/483	0/49	-0.616708	-0.0305956	inf
SRX4797399	TFs and others	LMNA	Cardiovascular	Myocytes, Cardiac	923	19/483	0/49	-0.616708	-0.0305956	inf
SRX4797401	TFs and others	LMNA	Cardiovascular	Myocytes, Cardiac	1352	19/483	0/49	-0.616708	-0.0305956	inf
SRX4797403	TFs and others	LMNA	Cardiovascular	Myocytes, Cardiac	761	19/483	0/49	-0.616708	-0.0305956	inf
SRX4797407	TFs and others	LMNA	Cardiovascular	Myocytes, Cardiac	1424	19/483	0/49	-0.616708	-0.0305956	inf
SRX4797411	TFs and others	LMNA	Cardiovascular	Myocytes, Cardiac	1053	19/483	0/49	-0.616708	-0.0305956	inf
SRX4797413	TFs and others	LMNA	Cardiovascular	Myocytes, Cardiac	1171	19/483	0/49	-0.616708	-0.0305956	inf
SRX481455	TFs and others	ARRB1	Prostate	C4-2	342	19/483	0/49	-0.616708	-0.0305956	inf
SRX4819826	TFs and others	MED26	Kidney	293	346	19/483	0/49	-0.616708	-0.0305956	inf
SRX490264	TFs and others	TP53	Epidermis	BJ	1634	19/483	0/49	-0.616708	-0.0305956	inf
SRX4947685	TFs and others	Epitope tags	Cardiovascular	HUVEC	953	19/483	0/49	-0.616708	-0.0305956	inf
SRX4947686	TFs and others	Epitope tags	Cardiovascular	HUVEC	1294	19/483	0/49	-0.616708	-0.0305956	inf
SRX4947687	TFs and others	Epitope tags	Cardiovascular	HUVEC	940	19/483	0/49	-0.616708	-0.0305956	inf
SRX495667	TFs and others	NR3C1	Breast	MDA-MB-231	1122	19/483	0/49	-0.616708	-0.0305956	inf
SRX495671	TFs and others	NR3C1	Breast	MDA-MB-231	1071	19/483	0/49	-0.616708	-0.0305956	inf
SRX5020211	TFs and others	SMARCA2	Neural	Neural progenitor cells	2745	19/483	0/49	-0.616708	-0.0305956	inf
SRX5020214	TFs and others	SMARCA2	Neural	Neural progenitor cells	1304	19/483	0/49	-0.616708	-0.0305956	inf
SRX502812	TFs and others	HIRA	Lung	IMR-90	1931	19/483	0/49	-0.616708	-0.0305956	inf
SRX503334	TFs and others	KSHV LANA	Others	LEC	714	19/483	0/49	-0.616708	-0.0305956	inf
SRX5089424	TFs and others	SMARCA4	Breast	MCF-7	3864	19/483	0/49	-0.616708	-0.0305956	inf
SRX5089533	TFs and others	ARID2	Breast	MCF-7	2419	19/483	0/49	-0.616708	-0.0305956	inf
SRX5089536	TFs and others	ARID2	Breast	MCF-7	1986	19/483	0/49	-0.616708	-0.0305956	inf
SRX5089546	TFs and others	ARID2	Breast	MCF-7	1384	19/483	0/49	-0.616708	-0.0305956	inf
SRX5124861	TFs and others	TLE3	Prostate	22Rv1	3041	19/483	0/49	-0.616708	-0.0305956	inf
SRX5128107	TFs and others	AR	Breast	ZR-75-1	1261	19/483	0/49	-0.616708	-0.0305956	inf
SRX514848	TFs and others	TP53	Epidermis	Keratinocytes	6985	19/483	0/49	-0.616708	-0.0305956	inf
SRX5195715	TFs and others	ARID1A	Uterus	Endometrial epithelial cells	5690	19/483	0/49	-0.616708	-0.0305956	inf
SRX5202659	TFs and others	IRF2BP2	Kidney	293	522	19/483	0/49	-0.616708	-0.0305956	inf
SRX5202661	TFs and others	IRF2BP2	Kidney	293	496	19/483	0/49	-0.616708	-0.0305956	inf
SRX5212372	TFs and others	GLTSCR1	Others	Mel270	747	19/483	0/49	-0.616708	-0.0305956	inf
SRX5234474	TFs and others	SMARCC1	Pluripotent stem cell	iPS cells	4601	19/483	0/49	-0.616708	-0.0305956	inf
SRX5255115	TFs and others	Epitope tags	Kidney	HK-2	798	19/483	0/49	-0.616708	-0.0305956	inf
SRX5255117	TFs and others	Epitope tags	Kidney	HK-2	963	19/483	0/49	-0.616708	-0.0305956	inf
SRX5313210	TFs and others	EP300	Digestive tract	HCT 116	711	19/483	0/49	-0.616708	-0.0305956	inf
SRX5431454	TFs and others	Epitope tags	Digestive tract	Colorectal adenocarcinoma	1111	19/483	0/49	-0.616708	-0.0305956	inf
SRX5486414	TFs and others	ZIC5	Digestive tract	HCT 116	691	19/483	0/49	-0.616708	-0.0305956	inf
SRX5486434	TFs and others	ZIC5	Digestive tract	HCT 116	1020	19/483	0/49	-0.616708	-0.0305956	inf
SRX5511291	TFs and others	ESR1	Breast	MCF-7	2789	19/483	0/49	-0.616708	-0.0305956	inf
SRX5534864	TFs and others	EP300	Breast	MCF-7	228	19/483	0/49	-0.616708	-0.0305956	inf
SRX553658	TFs and others	TRIM28	Pluripotent stem cell	hESC H1	21138	19/483	0/49	-0.616708	-0.0305956	inf
SRX5577163	TFs and others	AR	Prostate	LNCAP	465	19/483	0/49	-0.616708	-0.0305956	inf
SRX5665948	TFs and others	Epitope tags	Kidney	293	459	19/483	0/49	-0.616708	-0.0305956	inf
SRX5888971	TFs and others	SMARCB1	Epidermis	BJ	1017	19/483	0/49	-0.616708	-0.0305956	inf
SRX5931541	TFs and others	BAHD1	Blood	HUDEP-2	588	19/483	0/49	-0.616708	-0.0305956	inf
SRX6027692	TFs and others	ESR1	Uterus	Ishikawa	4007	19/483	0/49	-0.616708	-0.0305956	inf
SRX6430573	TFs and others	EZH2	Blood	KMS-28BM	588	19/483	0/49	-0.616708	-0.0305956	inf
SRX656346	TFs and others	BCL6	Blood	ICN12	5179	19/483	0/49	-0.616708	-0.0305956	inf
SRX6614768	TFs and others	SMC3	Lung	IMR-90	7424	19/483	0/49	-0.616708	-0.0305956	inf
SRX6614776	TFs and others	SMC3	Lung	WI-38	2829	19/483	0/49	-0.616708	-0.0305956	inf
SRX668353	TFs and others	GFP	Kidney	293	467	19/483	0/49	-0.616708	-0.0305956	inf
SRX673742	TFs and others	ESR1	Breast	MCF-7	2635	19/483	0/49	-0.616708	-0.0305956	inf
SRX6757656	TFs and others	ESR1	Breast	MCF-7	1448	19/483	0/49	-0.616708	-0.0305956	inf
SRX6757657	TFs and others	ESR1	Breast	MCF-7	2924	19/483	0/49	-0.616708	-0.0305956	inf
SRX684517	TFs and others	T	Pluripotent stem cell	hESC derived mesodermal cells	3350	19/483	0/49	-0.616708	-0.0305956	inf
SRX689359	TFs and others	Epitope tags	Kidney	293	806	19/483	0/49	-0.616708	-0.0305956	inf
SRX6895232	TFs and others	8-Hydroxydeoxyguanosine	Breast	MCF 10A	19179	19/483	0/49	-0.616708	-0.0305956	inf
SRX6913043	TFs and others	BRD3	Blood	THP-1	491	19/483	0/49	-0.616708	-0.0305956	inf
SRX6944156	TFs and others	NFATC2	Blood	CD4+ T cells	1561	19/483	0/49	-0.616708	-0.0305956	inf
SRX695883	TFs and others	ASCL1	Others	Tumor	969	19/483	0/49	-0.616708	-0.0305956	inf
SRX6973253	TFs and others	GFP	Pluripotent stem cell	ES cells	362	19/483	0/49	-0.616708	-0.0305956	inf
SRX697744	TFs and others	PRKCQ	Blood	Jurkat	754	19/483	0/49	-0.616708	-0.0305956	inf
SRX702065	TFs and others	POU5F1	Pluripotent stem cell	hESC HUES64	227	19/483	0/49	-0.616708	-0.0305956	inf
SRX702095	TFs and others	SMAD4	Pluripotent stem cell	hESC derived mesendodermal cells	208	19/483	0/49	-0.616708	-0.0305956	inf
SRX702117	TFs and others	SRF	Pluripotent stem cell	hESC derived mesendodermal cells	1689	19/483	0/49	-0.616708	-0.0305956	inf
SRX702122	TFs and others	STAT3	Pluripotent stem cell	hESC HUES64	380	19/483	0/49	-0.616708	-0.0305956	inf
SRX702126	TFs and others	TAL1	Pluripotent stem cell	hESC HUES64	403	19/483	0/49	-0.616708	-0.0305956	inf
SRX702132	TFs and others	TCF4	Pluripotent stem cell	hESC HUES64	2422	19/483	0/49	-0.616708	-0.0305956	inf
SRX7030878	TFs and others	CBX5	Breast	MCF-7	1215	19/483	0/49	-0.616708	-0.0305956	inf
SRX713894	TFs and others	AR	Prostate	R1-AD1	3305	19/483	0/49	-0.616708	-0.0305956	inf
SRX718422	TFs and others	SMARCA4	Epidermis	501A	3122	19/483	0/49	-0.616708	-0.0305956	inf
SRX7262856	TFs and others	AR	Breast	Breast cancer cells	1133	19/483	0/49	-0.616708	-0.0305956	inf
SRX7283269	TFs and others	IRF1	Pancreas	AsPC-1	3903	19/483	0/49	-0.616708	-0.0305956	inf
SRX728770	TFs and others	LEO1	Blood	THP-1	1086	19/483	0/49	-0.616708	-0.0305956	inf
SRX730428	TFs and others	NCAPG	Breast	MCF-7	1659	19/483	0/49	-0.616708	-0.0305956	inf
SRX730430	TFs and others	NCAPG	Breast	MCF-7	1571	19/483	0/49	-0.616708	-0.0305956	inf
SRX730444	TFs and others	EP300	Breast	MCF-7	884	19/483	0/49	-0.616708	-0.0305956	inf
SRX736074	TFs and others	AR	Prostate	LNCAP	7170	19/483	0/49	-0.616708	-0.0305956	inf
SRX738220	TFs and others	NUP98	Kidney	293	631	19/483	0/49	-0.616708	-0.0305956	inf
SRX7450582	TFs and others	PRTN3	Blood	U-937	640	19/483	0/49	-0.616708	-0.0305956	inf
SRX753141	TFs and others	GTF2I	Pluripotent stem cell	iPS cells	5411	19/483	0/49	-0.616708	-0.0305956	inf
SRX7551094	TFs and others	SETD1A	Uterus	HeLa	602	19/483	0/49	-0.616708	-0.0305956	inf
SRX7551106	TFs and others	MRE11A	Uterus	HeLa	899	19/483	0/49	-0.616708	-0.0305956	inf
SRX7551108	TFs and others	SETD1A	Uterus	HeLa	1117	19/483	0/49	-0.616708	-0.0305956	inf
SRX7551109	TFs and others	MRE11A	Uterus	HeLa	1183	19/483	0/49	-0.616708	-0.0305956	inf
SRX7551112	TFs and others	MRE11A	Uterus	HeLa	1210	19/483	0/49	-0.616708	-0.0305956	inf
SRX7563488	TFs and others	RUNX1	Pluripotent stem cell	iPS cells	799	19/483	0/49	-0.616708	-0.0305956	inf
SRX7563489	TFs and others	RUNX1	Pluripotent stem cell	iPS cells	404	19/483	0/49	-0.616708	-0.0305956	inf
SRX7563490	TFs and others	RUNX1	Pluripotent stem cell	iPS cells	637	19/483	0/49	-0.616708	-0.0305956	inf
SRX7565921	TFs and others	CTCF	Gonad	A2780	1568	19/483	0/49	-0.616708	-0.0305956	inf
SRX7572097	TFs and others	MYC	Pancreas	MIA Paca-2	947	19/483	0/49	-0.616708	-0.0305956	inf
SRX7692227	TFs and others	Epitope tags	Kidney	293	962	19/483	0/49	-0.616708	-0.0305956	inf
SRX7693107	TFs and others	CRY1	Prostate	C4-2	1253	19/483	0/49	-0.616708	-0.0305956	inf
SRX7707491	TFs and others	U2AF2	Kidney	293	504	19/483	0/49	-0.616708	-0.0305956	inf
SRX7805893	TFs and others	SMC1A	Epidermis	Dermal fibroblast	6727	19/483	0/49	-0.616708	-0.0305956	inf
SRX7807128	TFs and others	MED1	Adipocyte	Adipocytes	860	19/483	0/49	-0.616708	-0.0305956	inf
SRX7807129	TFs and others	MED1	Adipocyte	Adipocytes	839	19/483	0/49	-0.616708	-0.0305956	inf
SRX7807606	TFs and others	GATA3	Unclassified	Unclassified	504	19/483	0/49	-0.616708	-0.0305956	inf
SRX7902020	TFs and others	POU5F1	Prostate	LNCAP	447	19/483	0/49	-0.616708	-0.0305956	inf
SRX8026062	TFs and others	SMARCA2	Pluripotent stem cell	hESC WIBR3	889	19/483	0/49	-0.616708	-0.0305956	inf
SRX8030142	TFs and others	Epitope tags	Cardiovascular	HUVEC	480	19/483	0/49	-0.616708	-0.0305956	inf
SRX8089615	TFs and others	AR	Prostate	VCaP	3144	19/483	0/49	-0.616708	-0.0305956	inf
SRX8122235	TFs and others	LMO2	Pluripotent stem cell	hESC H9	1317	19/483	0/49	-0.616708	-0.0305956	inf
SRX813771	TFs and others	MED1	Adipocyte	SGBS	3968	19/483	0/49	-0.616708	-0.0305956	inf
SRX814231	TFs and others	OTX2	Neural	HRPEpiC	1802	19/483	0/49	-0.616708	-0.0305956	inf
SRX814234	TFs and others	LHX2	Neural	HRPEpiC	3639	19/483	0/49	-0.616708	-0.0305956	inf
SRX8162313	TFs and others	DOT1L	Blood	MOLM-13	428	19/483	0/49	-0.616708	-0.0305956	inf
SRX818644	TFs and others	PIAS1	Kidney	293	4913	19/483	0/49	-0.616708	-0.0305956	inf
SRX8299188	TFs and others	Epitope tags	Uterus	HeLa	1433	19/483	0/49	-0.616708	-0.0305956	inf
SRX8299190	TFs and others	Epitope tags	Uterus	HeLa	1431	19/483	0/49	-0.616708	-0.0305956	inf
SRX8299777	TFs and others	CDC73	Blood	K-562	1497	19/483	0/49	-0.616708	-0.0305956	inf
SRX8299778	TFs and others	CDC73	Blood	K-562	1559	19/483	0/49	-0.616708	-0.0305956	inf
SRX8299801	TFs and others	CDC73	Bone	U2OS	479	19/483	0/49	-0.616708	-0.0305956	inf
SRX8299802	TFs and others	CDC73	Bone	U2OS	583	19/483	0/49	-0.616708	-0.0305956	inf
SRX8299803	TFs and others	CDC73	Bone	U2OS	509	19/483	0/49	-0.616708	-0.0305956	inf
SRX8299861	TFs and others	CTR9	Bone	U2OS	410	19/483	0/49	-0.616708	-0.0305956	inf
SRX831876	TFs and others	STAT5B	Blood	CD8+ T cells	318	19/483	0/49	-0.616708	-0.0305956	inf
SRX8380647	TFs and others	ESR1	Bone	U2OS	7612	19/483	0/49	-0.616708	-0.0305956	inf
SRX8406321	TFs and others	HOXB13	Prostate	Prostatic Neoplasms, Castration-Resistant	7564	19/483	0/49	-0.616708	-0.0305956	inf
SRX8449944	TFs and others	Epitope tags	Blood	Jurkat	542	19/483	0/49	-0.616708	-0.0305956	inf
SRX8512832	TFs and others	PRDM4	Digestive tract	HCT 116	317	19/483	0/49	-0.616708	-0.0305956	inf
SRX8616359	TFs and others	KSHV LANA	Blood	BJAB	1251	19/483	0/49	-0.616708	-0.0305956	inf
SRX8616842	TFs and others	JUNB	Lung	A549	579	19/483	0/49	-0.616708	-0.0305956	inf
SRX8706939	TFs and others	E2F1	Prostate	C4-2	36822	19/483	0/49	-0.616708	-0.0305956	inf
SRX8714170	TFs and others	GFI1	Blood	Acute myeloid leukemia	1517	19/483	0/49	-0.616708	-0.0305956	inf
SRX8736984	TFs and others	TCF3	Pluripotent stem cell	hESC derived neural cells	1608	19/483	0/49	-0.616708	-0.0305956	inf
SRX8976680	TFs and others	HDAC3	Digestive tract	KYSE-410	684	19/483	0/49	-0.616708	-0.0305956	inf
SRX8976684	TFs and others	NCOR2	Digestive tract	KYSE-410	465	19/483	0/49	-0.616708	-0.0305956	inf
SRX9163074	TFs and others	TEAD1	Lung	Bronchial epithelial cells	1103	19/483	0/49	-0.616708	-0.0305956	inf
SRX9178807	TFs and others	HAP1	Blood	HAP1	1144	19/483	0/49	-0.616708	-0.0305956	inf
SRX9237244	TFs and others	CPSF3	Blood	K-562	1579	19/483	0/49	-0.616708	-0.0305956	inf
SRX9237246	TFs and others	CPSF3	Blood	K-562	2351	19/483	0/49	-0.616708	-0.0305956	inf
SRX9237247	TFs and others	CSTF2	Blood	K-562	1664	19/483	0/49	-0.616708	-0.0305956	inf
SRX9318383	TFs and others	TOP2B	Neural	Glioma	395	19/483	0/49	-0.616708	-0.0305956	inf
SRX9469986	TFs and others	AR	Prostate	LAPC-4	9184	19/483	0/49	-0.616708	-0.0305956	inf
SRX9571472	TFs and others	Epitope tags	Blood	K-562	428	19/483	0/49	-0.616708	-0.0305956	inf
SRX9671290	TFs and others	CCNT1	Blood	K-562	514	19/483	0/49	-0.616708	-0.0305956	inf
SRX9673822	TFs and others	BCOR	Kidney	293	1094	19/483	0/49	-0.616708	-0.0305956	inf
SRX9673824	TFs and others	BCOR	Kidney	293	1387	19/483	0/49	-0.616708	-0.0305956	inf
SRX9673825	TFs and others	BCOR	Kidney	293	833	19/483	0/49	-0.616708	-0.0305956	inf
SRX9674299	TFs and others	NR3C1	Pluripotent stem cell	iPSC derived hepatocytes	4324	19/483	0/49	-0.616708	-0.0305956	inf
SRX9674301	TFs and others	NR3C1	Pluripotent stem cell	iPSC derived hepatocytes	7516	19/483	0/49	-0.616708	-0.0305956	inf
SRX9683990	TFs and others	MLLT10	Blood	MOLM-13	197	19/483	0/49	-0.616708	-0.0305956	inf
SRX971589	TFs and others	EP300	Epidermis	Keratinocytes	503	19/483	0/49	-0.616708	-0.0305956	inf
SRX9719181	TFs and others	GATA3	Breast	MCF-7	4781	19/483	0/49	-0.616708	-0.0305956	inf
SRX973412	TFs and others	EHMT2	Kidney	293	1105	19/483	0/49	-0.616708	-0.0305956	inf
SRX973420	TFs and others	EHMT2	Kidney	293	1208	19/483	0/49	-0.616708	-0.0305956	inf
SRX9741172	TFs and others	ATF4	Blood	OCI-AML3	6783	19/483	0/49	-0.616708	-0.0305956	inf
SRX9843992	TFs and others	ESR1	Unclassified	Unclassified	1889	19/483	0/49	-0.616708	-0.0305956	inf
SRX100555	TFs and others	ETS1	Blood	GM12878	6268	129/483	17/49	-0.616583	-0.0305956	0.769821
SRX5938177	TFs and others	RELA	Others	FaDu	23502	129/483	17/49	-0.616583	-0.0305956	0.769821
SRX10131662	TFs and others	CDK9	Lung	Bronchial tracheal epithelial cells	1881	38/483	1/49	-0.615208	-0.0305956	3.85507
SRX10722986	TFs and others	TBP	Bone	U2OS	1272	38/483	1/49	-0.615208	-0.0305956	3.85507
SRX1397386	TFs and others	GATA2	Blood	CD34+	14505	38/483	1/49	-0.615208	-0.0305956	3.85507
SRX1514984	TFs and others	GFP	Kidney	293	2090	38/483	1/49	-0.615208	-0.0305956	3.85507
SRX181770	TFs and others	AGO1	Prostate	PC-3	960	38/483	1/49	-0.615208	-0.0305956	3.85507
SRX2431541	TFs and others	FOXA2	Epidermis	BJ	12969	38/483	1/49	-0.615208	-0.0305956	3.85507
SRX259613	TFs and others	AML1-ETO	Blood	Kasumi-1	9062	38/483	1/49	-0.615208	-0.0305956	3.85507
SRX2683594	TFs and others	Epitope tags	Kidney	293	921	38/483	1/49	-0.615208	-0.0305956	3.85507
SRX3394533	TFs and others	FLI1	Bone	A-673	11166	38/483	1/49	-0.615208	-0.0305956	3.85507
SRX3526593	TFs and others	ZFX	Prostate	PrEC	1493	38/483	1/49	-0.615208	-0.0305956	3.85507
SRX476914	TFs and others	SNAI2	Epidermis	Keratinocytes	4279	38/483	1/49	-0.615208	-0.0305956	3.85507
SRX5974559	TFs and others	CTCF	Blood	K-562	15328	38/483	1/49	-0.615208	-0.0305956	3.85507
SRX667986	TFs and others	FOXA1	Prostate	VCaP	68445	38/483	1/49	-0.615208	-0.0305956	3.85507
SRX747801	TFs and others	ESR1	Breast	MCF-7	7462	38/483	1/49	-0.615208	-0.0305956	3.85507
SRX7498506	TFs and others	CTCF	Others	SCC090	26520	38/483	1/49	-0.615208	-0.0305956	3.85507
SRX7498511	TFs and others	CTCF	Others	HMS001	31275	38/483	1/49	-0.615208	-0.0305956	3.85507
SRX7701201	TFs and others	ASXL3	Lung	NCI-H1963	788	38/483	1/49	-0.615208	-0.0305956	3.85507
SRX7712486	TFs and others	HIF1A	Digestive tract	HCT 116	978	38/483	1/49	-0.615208	-0.0305956	3.85507
SRX7981741	TFs and others	HDAC2	Prostate	Prostate cancer	1229	38/483	1/49	-0.615208	-0.0305956	3.85507
SRX8617019	TFs and others	ESR1	Breast	MCF-7	8834	38/483	1/49	-0.615208	-0.0305956	3.85507
SRX974395	TFs and others	CTCF	Blood	K-562	4078	38/483	1/49	-0.615208	-0.0305956	3.85507
ERX1149074	TFs and others	CTCF	Blood	HEL 92.1.7	2299	21/483	0/49	-0.612656	-0.0305956	inf
SRX016977	TFs and others	TP73	Bone	Saos-2	11791	21/483	0/49	-0.612656	-0.0305956	inf
SRX023135	TFs and others	PRDM14	Pluripotent stem cell	ES cells	3156	21/483	0/49	-0.612656	-0.0305956	inf
SRX062358	TFs and others	AR	Prostate	LNCAP	38062	21/483	0/49	-0.612656	-0.0305956	inf
SRX065546	TFs and others	TRIM28	Kidney	293	1511	21/483	0/49	-0.612656	-0.0305956	inf
SRX092302	TFs and others	HDAC8	Blood	K-562	496	21/483	0/49	-0.612656	-0.0305956	inf
SRX096346	TFs and others	RXRA	Digestive tract	LS-180	2028	21/483	0/49	-0.612656	-0.0305956	inf
SRX096348	TFs and others	CTNNB1	Digestive tract	LS-180	690	21/483	0/49	-0.612656	-0.0305956	inf
SRX097073	TFs and others	SMAD1	Blood	CD34 Hematopoietic stem cells	4383	21/483	0/49	-0.612656	-0.0305956	inf
SRX097087	TFs and others	GATA2	Blood	K-562	3457	21/483	0/49	-0.612656	-0.0305956	inf
SRX10030480	TFs and others	AR	Prostate	LNCAP	369	21/483	0/49	-0.612656	-0.0305956	inf
SRX100402	TFs and others	NR3C1	Lung	A549	1528	21/483	0/49	-0.612656	-0.0305956	inf
SRX10046978	TFs and others	Epitope tags	Liver	Hep G2	2663	21/483	0/49	-0.612656	-0.0305956	inf
SRX1011299	TFs and others	TEAD4	Liver	HuCCT1	3995	21/483	0/49	-0.612656	-0.0305956	inf
SRX1012640	TFs and others	EP300	Breast	MCF-7	3157	21/483	0/49	-0.612656	-0.0305956	inf
SRX1012685	TFs and others	ESR1	Breast	MCF-7	4322	21/483	0/49	-0.612656	-0.0305956	inf
SRX1012745	TFs and others	ESR1	Breast	MCF-7	2008	21/483	0/49	-0.612656	-0.0305956	inf
SRX1012748	TFs and others	ESR1	Breast	MCF-7	1557	21/483	0/49	-0.612656	-0.0305956	inf
SRX1012749	TFs and others	ESR1	Breast	MCF-7	2624	21/483	0/49	-0.612656	-0.0305956	inf
SRX10145207	TFs and others	REL	Blood	CD4+ T cells	1364	21/483	0/49	-0.612656	-0.0305956	inf
SRX1044124	TFs and others	NEUROD1	Lung	NCI-H82	4342	21/483	0/49	-0.612656	-0.0305956	inf
SRX1048482	TFs and others	PAX5	Blood	OCI-LY-7	2835	21/483	0/49	-0.612656	-0.0305956	inf
SRX1053378	TFs and others	POU5F1	Pluripotent stem cell	ES cells	4971	21/483	0/49	-0.612656	-0.0305956	inf
SRX1053379	TFs and others	POU5F1	Pluripotent stem cell	ES cells	4726	21/483	0/49	-0.612656	-0.0305956	inf
SRX1070163	TFs and others	AR	Breast	MDA-MB-453	9833	21/483	0/49	-0.612656	-0.0305956	inf
SRX1078839	TFs and others	AFF4	Digestive tract	HCT 116	773	21/483	0/49	-0.612656	-0.0305956	inf
SRX1133785	TFs and others	KDM1A	Blood	Kasumi-1	3980	21/483	0/49	-0.612656	-0.0305956	inf
SRX1133786	TFs and others	KDM1A	Blood	Kasumi-1	3267	21/483	0/49	-0.612656	-0.0305956	inf
SRX1156536	TFs and others	SMARCA4	Breast	MDA-MB-231	1588	21/483	0/49	-0.612656	-0.0305956	inf
SRX1161171	TFs and others	ESR1	Breast	MCF-7	9034	21/483	0/49	-0.612656	-0.0305956	inf
SRX116426	TFs and others	HDAC6	Blood	K-562	377	21/483	0/49	-0.612656	-0.0305956	inf
SRX116427	TFs and others	CBX3	Blood	K-562	814	21/483	0/49	-0.612656	-0.0305956	inf
SRX116469	TFs and others	SIRT6	Pluripotent stem cell	hESC H1	423	21/483	0/49	-0.612656	-0.0305956	inf
SRX11657276	TFs and others	Epitope tags	Blood	K-562	1066	21/483	0/49	-0.612656	-0.0305956	inf
SRX1424697	TFs and others	NANOG	Prostate	LNCAP	2929	21/483	0/49	-0.612656	-0.0305956	inf
SRX143299	TFs and others	SNAPC1	Breast	MCF 10A	547	21/483	0/49	-0.612656	-0.0305956	inf
SRX150521	TFs and others	IKZF1	Blood	GM12878	7172	21/483	0/49	-0.612656	-0.0305956	inf
SRX150551	TFs and others	STAT1	Blood	K-562	726	21/483	0/49	-0.612656	-0.0305956	inf
SRX150646	TFs and others	GATA3	Neural	SK-N-SH	9136	21/483	0/49	-0.612656	-0.0305956	inf
SRX150673	TFs and others	BDP1	Blood	K-562	666	21/483	0/49	-0.612656	-0.0305956	inf
SRX1515040	TFs and others	GFP	Kidney	293	15727	21/483	0/49	-0.612656	-0.0305956	inf
SRX1515044	TFs and others	GFP	Kidney	293	755	21/483	0/49	-0.612656	-0.0305956	inf
SRX1703572	TFs and others	GRHL2	Prostate	LNCAP	4734	21/483	0/49	-0.612656	-0.0305956	inf
SRX1745728	TFs and others	ESR1	Uterus	Endometrial Stromal Tumors	1509	21/483	0/49	-0.612656	-0.0305956	inf
SRX1758526	TFs and others	Epitope tags	Breast	MCF-7	628	21/483	0/49	-0.612656	-0.0305956	inf
SRX186647	TFs and others	SIRT6	Pluripotent stem cell	hESC H1	436	21/483	0/49	-0.612656	-0.0305956	inf
SRX186710	TFs and others	EP300	Bone	Osteobl	3013	21/483	0/49	-0.612656	-0.0305956	inf
SRX186725	TFs and others	EZH2	Lung	NHLF	4459	21/483	0/49	-0.612656	-0.0305956	inf
SRX186746	TFs and others	EZH2	Epidermis	NHDF	2208	21/483	0/49	-0.612656	-0.0305956	inf
SRX186762	TFs and others	KAT2B	Blood	K-562	366	21/483	0/49	-0.612656	-0.0305956	inf
SRX186764	TFs and others	CBX3	Blood	K-562	815	21/483	0/49	-0.612656	-0.0305956	inf
SRX1968072	TFs and others	BCL11B	Blood	Thymus	482	21/483	0/49	-0.612656	-0.0305956	inf
SRX1995007	TFs and others	ARNTL	Bone	U2OS	629	21/483	0/49	-0.612656	-0.0305956	inf
SRX2017945	TFs and others	HNF4G	Prostate	22Rv1	8903	21/483	0/49	-0.612656	-0.0305956	inf
SRX2060924	TFs and others	TP53	Bone	SJSA-1	1930	21/483	0/49	-0.612656	-0.0305956	inf
SRX2067987	TFs and others	ZMYND11	Prostate	DU 145	693	21/483	0/49	-0.612656	-0.0305956	inf
SRX2194239	TFs and others	EP300	Breast	SUM 159PT	3340	21/483	0/49	-0.612656	-0.0305956	inf
SRX220079	TFs and others	AR	Prostate	LNCAP	21780	21/483	0/49	-0.612656	-0.0305956	inf
SRX220080	TFs and others	AR	Prostate	LNCAP	31259	21/483	0/49	-0.612656	-0.0305956	inf
SRX2321775	TFs and others	NKX2-5	Pluripotent stem cell	ES cells	3526	21/483	0/49	-0.612656	-0.0305956	inf
SRX2323908	TFs and others	AFF1	Blood	Pre-B cell leukemia	997	21/483	0/49	-0.612656	-0.0305956	inf
SRX2420135	TFs and others	AR	Prostate	LNCAP	1624	21/483	0/49	-0.612656	-0.0305956	inf
SRX243765	TFs and others	PAX5	Blood	L-428	2067	21/483	0/49	-0.612656	-0.0305956	inf
SRX2460046	TFs and others	ESR1	Breast	Breast cancer cells	1788	21/483	0/49	-0.612656	-0.0305956	inf
SRX246953	TFs and others	ERCC3	Bone	HT-1080	932	21/483	0/49	-0.612656	-0.0305956	inf
SRX248934	TFs and others	GATA2	Blood	CD34+	2704	21/483	0/49	-0.612656	-0.0305956	inf
SRX2510827	TFs and others	NELFA	Uterus	HeLa	983	21/483	0/49	-0.612656	-0.0305956	inf
SRX2514251	TFs and others	ESR1	Uterus	Carcinoma, Endometrioid	5473	21/483	0/49	-0.612656	-0.0305956	inf
SRX2537517	TFs and others	BRD4	Epidermis	SK-MEL-147	2876	21/483	0/49	-0.612656	-0.0305956	inf
SRX2545040	TFs and others	AR	Prostate	LNCAP	14389	21/483	0/49	-0.612656	-0.0305956	inf
SRX2748847	TFs and others	MYB	Others	Adenoid cystic carcinoma	525	21/483	0/49	-0.612656	-0.0305956	inf
SRX290521	TFs and others	TET2	Digestive tract	HCT 116	721	21/483	0/49	-0.612656	-0.0305956	inf
SRX2922226	TFs and others	ESR1	Breast	MCF-7	2208	21/483	0/49	-0.612656	-0.0305956	inf
SRX2937338	TFs and others	BRD4	Blood	J-Lat A72	533	21/483	0/49	-0.612656	-0.0305956	inf
SRX306179	TFs and others	ZC3H8	Digestive tract	HCT 116	431	21/483	0/49	-0.612656	-0.0305956	inf
SRX306515	TFs and others	AR	Prostate	DU 145	276	21/483	0/49	-0.612656	-0.0305956	inf
SRX3068918	TFs and others	AR	Prostate	22Rv1	8579	21/483	0/49	-0.612656	-0.0305956	inf
SRX3068919	TFs and others	AR	Prostate	22Rv1	8601	21/483	0/49	-0.612656	-0.0305956	inf
SRX3070471	TFs and others	NR3C1	Breast	MCF 10A	8266	21/483	0/49	-0.612656	-0.0305956	inf
SRX3098189	TFs and others	CEBPA	Blood	SKH1	2667	21/483	0/49	-0.612656	-0.0305956	inf
SRX3123812	TFs and others	ESR1	Breast	MCF-7	6411	21/483	0/49	-0.612656	-0.0305956	inf
SRX3123818	TFs and others	ESR1	Breast	MCF-7	5688	21/483	0/49	-0.612656	-0.0305956	inf
SRX317590	TFs and others	EZH2	Pluripotent stem cell	iPS cells	4207	21/483	0/49	-0.612656	-0.0305956	inf
SRX3229123	TFs and others	FOXA1	Breast	Breast cancer	3582	21/483	0/49	-0.612656	-0.0305956	inf
SRX3229151	TFs and others	ESR1	Breast	Breast cancer	1383	21/483	0/49	-0.612656	-0.0305956	inf
SRX3229152	TFs and others	ESR1	Breast	Breast cancer	1235	21/483	0/49	-0.612656	-0.0305956	inf
SRX3229171	TFs and others	AR	Breast	Breast cancer	331	21/483	0/49	-0.612656	-0.0305956	inf
SRX3229173	TFs and others	AR	Breast	Breast cancer	1259	21/483	0/49	-0.612656	-0.0305956	inf
SRX3240987	TFs and others	MED1	Others	Mesenchymal stem cells	1910	21/483	0/49	-0.612656	-0.0305956	inf
SRX3240997	TFs and others	MED1	Others	Mesenchymal stem cells	6509	21/483	0/49	-0.612656	-0.0305956	inf
SRX3288584	TFs and others	NIPBL	Pluripotent stem cell	hESC H9	858	21/483	0/49	-0.612656	-0.0305956	inf
SRX3337441	TFs and others	KDM1A	Kidney	293	1118	21/483	0/49	-0.612656	-0.0305956	inf
SRX3445802	TFs and others	MCRS1	Liver	Hep G2	442	21/483	0/49	-0.612656	-0.0305956	inf
SRX351401	TFs and others	MYC	Bone	U2OS	502	21/483	0/49	-0.612656	-0.0305956	inf
SRX3581504	TFs and others	CHD7	Pluripotent stem cell	iPS cells	11338	21/483	0/49	-0.612656	-0.0305956	inf
SRX3581511	TFs and others	CHD7	Pluripotent stem cell	iPS derived neural cells	15336	21/483	0/49	-0.612656	-0.0305956	inf
SRX3585704	TFs and others	HMGB1	Lung	Lung fibroblasts	350	21/483	0/49	-0.612656	-0.0305956	inf
SRX3592682	TFs and others	GATA6	Pluripotent stem cell	hESC HUES8	18069	21/483	0/49	-0.612656	-0.0305956	inf
SRX3599222	TFs and others	ZBTB16	Blood	KG-1	4152	21/483	0/49	-0.612656	-0.0305956	inf
SRX360026	TFs and others	MAFK	Digestive tract	LoVo	743	21/483	0/49	-0.612656	-0.0305956	inf
SRX360063	TFs and others	ZNF84	Digestive tract	LoVo	339	21/483	0/49	-0.612656	-0.0305956	inf
SRX360590	TFs and others	MYC	Digestive tract	GP5d	625	21/483	0/49	-0.612656	-0.0305956	inf
SRX3630817	TFs and others	NR3C1	Uterus	Ishikawa	2326	21/483	0/49	-0.612656	-0.0305956	inf
SRX3636821	TFs and others	NR3C1	Blood	ALL xenograft	1165	21/483	0/49	-0.612656	-0.0305956	inf
SRX3640576	TFs and others	INTS3	Uterus	HeLa	1174	21/483	0/49	-0.612656	-0.0305956	inf
SRX3733796	TFs and others	CTCF	Liver	Hep G2	2107	21/483	0/49	-0.612656	-0.0305956	inf
SRX378019	TFs and others	KSHV LANA	Blood	BCBL1	558	21/483	0/49	-0.612656	-0.0305956	inf
SRX378020	TFs and others	KSHV LANA	Uterus	TIVE-LTC	809	21/483	0/49	-0.612656	-0.0305956	inf
SRX392293	TFs and others	PRKCQ	Breast	MCF-7	556	21/483	0/49	-0.612656	-0.0305956	inf
SRX3946915	TFs and others	MED1	Others	Mesenchymal stem cells	4637	21/483	0/49	-0.612656	-0.0305956	inf
SRX3946920	TFs and others	MED1	Others	Mesenchymal stem cells	6538	21/483	0/49	-0.612656	-0.0305956	inf
SRX3962738	TFs and others	LMNA	Epidermis	BJ-5ta	448	21/483	0/49	-0.612656	-0.0305956	inf
SRX396572	TFs and others	RING1	Breast	Breast cells	402	21/483	0/49	-0.612656	-0.0305956	inf
SRX396573	TFs and others	RNF2	Breast	Breast cells	477	21/483	0/49	-0.612656	-0.0305956	inf
SRX4116059	TFs and others	ESR1	Uterus	Endometrium cancer	7973	21/483	0/49	-0.612656	-0.0305956	inf
SRX4155668	TFs and others	SMC1A	Neural	KELLY	3801	21/483	0/49	-0.612656	-0.0305956	inf
SRX4240295	TFs and others	CTBP1	Gonad	SK-OV-3	1579	21/483	0/49	-0.612656	-0.0305956	inf
SRX4345364	TFs and others	MYC	Blood	CD4+ T cells	491	21/483	0/49	-0.612656	-0.0305956	inf
SRX4401062	TFs and others	RELA	Blood	BJAB	655	21/483	0/49	-0.612656	-0.0305956	inf
SRX4411662	TFs and others	AR	Prostate	LNCAP	6641	21/483	0/49	-0.612656	-0.0305956	inf
SRX4417024	TFs and others	GATA3	Breast	MCF-7	2698	21/483	0/49	-0.612656	-0.0305956	inf
SRX4525854	TFs and others	SMARCA4	Kidney	TTC-1240	1259	21/483	0/49	-0.612656	-0.0305956	inf
SRX4525855	TFs and others	SMARCA4	Kidney	TTC-1240	1203	21/483	0/49	-0.612656	-0.0305956	inf
SRX456682	TFs and others	GFP	Blood	K-562	246	21/483	0/49	-0.612656	-0.0305956	inf
SRX4708028	TFs and others	PCBP2	Liver	Hep G2	963	21/483	0/49	-0.612656	-0.0305956	inf
SRX4708076	TFs and others	PCBP2	Blood	K-562	510	21/483	0/49	-0.612656	-0.0305956	inf
SRX4815196	TFs and others	TLE3	Breast	SUM 159PT	11142	21/483	0/49	-0.612656	-0.0305956	inf
SRX502071	TFs and others	AR	Prostate	Prostate cancer	2204	21/483	0/49	-0.612656	-0.0305956	inf
SRX5062485	TFs and others	SUPT5H	Bone	U2OS	647	21/483	0/49	-0.612656	-0.0305956	inf
SRX5089516	TFs and others	SMARCA4	Breast	MCF-7	3273	21/483	0/49	-0.612656	-0.0305956	inf
SRX5126613	TFs and others	CTCF	Epidermis	Dombi23	1127	21/483	0/49	-0.612656	-0.0305956	inf
SRX5128108	TFs and others	AR	Breast	ZR-75-1	4572	21/483	0/49	-0.612656	-0.0305956	inf
SRX5128109	TFs and others	AR	Breast	ZR-75-1	5319	21/483	0/49	-0.612656	-0.0305956	inf
SRX5141102	TFs and others	IRF8	Blood	THP-1	4218	21/483	0/49	-0.612656	-0.0305956	inf
SRX5195707	TFs and others	ARID1A	Uterus	Endometrial epithelial cells	5019	21/483	0/49	-0.612656	-0.0305956	inf
SRX5195713	TFs and others	ARID1A	Uterus	Endometrial epithelial cells	6447	21/483	0/49	-0.612656	-0.0305956	inf
SRX5234466	TFs and others	SMARCB1	Pluripotent stem cell	iPS cells	2704	21/483	0/49	-0.612656	-0.0305956	inf
SRX5287707	TFs and others	TEAD4	Breast	MCF-7	863	21/483	0/49	-0.612656	-0.0305956	inf
SRX5323812	TFs and others	ESR1	Breast	T-47D	1921	21/483	0/49	-0.612656	-0.0305956	inf
SRX5323931	TFs and others	FOXA1	Breast	Breast cancer cells	2270	21/483	0/49	-0.612656	-0.0305956	inf
SRX5486430	TFs and others	ZIC5	Digestive tract	HCT 116	878	21/483	0/49	-0.612656	-0.0305956	inf
SRX5504127	TFs and others	Epitope tags	Pancreas	CFPAC-1	10670	21/483	0/49	-0.612656	-0.0305956	inf
SRX5534851	TFs and others	EP300	Breast	MCF-7	3985	21/483	0/49	-0.612656	-0.0305956	inf
SRX5574387	TFs and others	SPI1	Blood	U-937	14010	21/483	0/49	-0.612656	-0.0305956	inf
SRX5577166	TFs and others	AR	Prostate	LNCAP	492	21/483	0/49	-0.612656	-0.0305956	inf
SRX5620953	TFs and others	FLI1	Bone	A-673	6086	21/483	0/49	-0.612656	-0.0305956	inf
SRX5620954	TFs and others	FLI1	Bone	A-673	8077	21/483	0/49	-0.612656	-0.0305956	inf
SRX573039	TFs and others	ELL2	Uterus	HeLa	661	21/483	0/49	-0.612656	-0.0305956	inf
SRX574349	TFs and others	NR3C1	Unclassified	Unclassified	5069	21/483	0/49	-0.612656	-0.0305956	inf
SRX5759189	TFs and others	SUZ12	Neural	ipNF05.5	271	21/483	0/49	-0.612656	-0.0305956	inf
SRX5771381	TFs and others	SUPT6H	Digestive tract	HCT 116	662	21/483	0/49	-0.612656	-0.0305956	inf
SRX5879970	TFs and others	TEAD4	Epidermis	BJ	645	21/483	0/49	-0.612656	-0.0305956	inf
SRX5879971	TFs and others	TEAD4	Epidermis	BJ	1131	21/483	0/49	-0.612656	-0.0305956	inf
SRX6027695	TFs and others	ESR1	Uterus	Ishikawa	3171	21/483	0/49	-0.612656	-0.0305956	inf
SRX6098146	TFs and others	GATA3	Breast	MCF-7	17055	21/483	0/49	-0.612656	-0.0305956	inf
SRX612505	TFs and others	BRD4	Liver	LX2	1924	21/483	0/49	-0.612656	-0.0305956	inf
SRX625678	TFs and others	IKZF1	Blood	Pre-B ALL 	1654	21/483	0/49	-0.612656	-0.0305956	inf
SRX6582174	TFs and others	LMNA	Others	Fibroblasts	400	21/483	0/49	-0.612656	-0.0305956	inf
SRX673730	TFs and others	MED1	Breast	MCF-7	1704	21/483	0/49	-0.612656	-0.0305956	inf
SRX682382	TFs and others	FUS	Blood	TSU-1621MT	4080	21/483	0/49	-0.612656	-0.0305956	inf
SRX6878596	TFs and others	CREB5	Prostate	LNCAP	7284	21/483	0/49	-0.612656	-0.0305956	inf
SRX6910071	TFs and others	PGR	Uterus	Uterin leiomyoma	3787	21/483	0/49	-0.612656	-0.0305956	inf
SRX697746	TFs and others	PRKCQ	Blood	Jurkat	738	21/483	0/49	-0.612656	-0.0305956	inf
SRX701956	TFs and others	CTCF	Pluripotent stem cell	hESC derived mesendodermal cells	13386	21/483	0/49	-0.612656	-0.0305956	inf
SRX702072	TFs and others	ZFP42	Pluripotent stem cell	hESC HUES64	448	21/483	0/49	-0.612656	-0.0305956	inf
SRX7088113	TFs and others	TP53	Cardiovascular	HPAEC	1793	21/483	0/49	-0.612656	-0.0305956	inf
SRX713895	TFs and others	AR	Prostate	R1-AD1	4065	21/483	0/49	-0.612656	-0.0305956	inf
SRX7202551	TFs and others	RAD21	Uterus	HEC-1-B	10855	21/483	0/49	-0.612656	-0.0305956	inf
SRX7277179	TFs and others	JUN	Others	Fibroblasts	2519	21/483	0/49	-0.612656	-0.0305956	inf
SRX730437	TFs and others	NCAPG	Breast	MCF-7	771	21/483	0/49	-0.612656	-0.0305956	inf
SRX730451	TFs and others	ESR1	Breast	MCF-7	4338	21/483	0/49	-0.612656	-0.0305956	inf
SRX747777	TFs and others	ESR1	Breast	MCF-7	7454	21/483	0/49	-0.612656	-0.0305956	inf
SRX7584811	TFs and others	ATF4	Blood	HUDEP-2	2024	21/483	0/49	-0.612656	-0.0305956	inf
SRX7584818	TFs and others	ATF4	Blood	Erythroblasts	1587	21/483	0/49	-0.612656	-0.0305956	inf
SRX7677725	TFs and others	NELFCD	Digestive tract	DLD-1	953	21/483	0/49	-0.612656	-0.0305956	inf
SRX7692225	TFs and others	ARID1B	Breast	MCF-7	2584	21/483	0/49	-0.612656	-0.0305956	inf
SRX7807108	TFs and others	TEAD4	Unclassified	Unclassified	1827	21/483	0/49	-0.612656	-0.0305956	inf
SRX7981732	TFs and others	CREBBP	Prostate	Prostate cancer	522	21/483	0/49	-0.612656	-0.0305956	inf
SRX8026058	TFs and others	SMARCA4	Pluripotent stem cell	hESC WIBR3	3274	21/483	0/49	-0.612656	-0.0305956	inf
SRX8041960	TFs and others	AR	Prostate	MR42D	3265	21/483	0/49	-0.612656	-0.0305956	inf
SRX8055114	TFs and others	GATA3	Unclassified	Unclassified	6384	21/483	0/49	-0.612656	-0.0305956	inf
SRX8084748	TFs and others	Epitope tags	Breast	SUM 159PT	921	21/483	0/49	-0.612656	-0.0305956	inf
SRX8162312	TFs and others	DOT1L	Blood	MOLM-13	424	21/483	0/49	-0.612656	-0.0305956	inf
SRX8550425	TFs and others	FLI1	Bone	A-673	3845	21/483	0/49	-0.612656	-0.0305956	inf
SRX8617022	TFs and others	TET2	Breast	MCF-7	1750	21/483	0/49	-0.612656	-0.0305956	inf
SRX8823217	TFs and others	DOT1L	Lung	A549	603	21/483	0/49	-0.612656	-0.0305956	inf
SRX8976674	TFs and others	HDAC3	Digestive tract	KYSE-410	1328	21/483	0/49	-0.612656	-0.0305956	inf
SRX9055415	TFs and others	LDB1	Blood	HUDEP-2	2793	21/483	0/49	-0.612656	-0.0305956	inf
SRX9426430	TFs and others	Epitope tags	Blood	RAMOS	2180	21/483	0/49	-0.612656	-0.0305956	inf
SRX9468649	TFs and others	AR	Prostate	LNCAP	39805	21/483	0/49	-0.612656	-0.0305956	inf
SRX9468674	TFs and others	Epitope tags	Prostate	LNCAP	4892	21/483	0/49	-0.612656	-0.0305956	inf
SRX9600618	TFs and others	G-quadruplex	Blood	K-562	353	21/483	0/49	-0.612656	-0.0305956	inf
SRX9719180	TFs and others	GATA3	Breast	MCF-7	4310	21/483	0/49	-0.612656	-0.0305956	inf
SRX9741173	TFs and others	ATF4	Blood	OCI-AML3	9675	21/483	0/49	-0.612656	-0.0305956	inf
DRX234811	TFs and others	MEAF6	Kidney	293	13230	141/483	10/49	-0.611687	-0.0305956	1.43043
SRX150690	TFs and others	CTCF	Blood	GM12878	49718	141/483	10/49	-0.611687	-0.0305956	1.43043
SRX026657	TFs and others	ERG	Blood	Acute promyelocytic leukemia	16464	353/483	32/49	-0.611365	-0.0305956	1.11911
SRX9932056	TFs and others	STAT5A	Breast	MCF-7	1752	130/483	17/49	-0.611365	-0.0305956	0.775789
SRX4385551	TFs and others	SUPT5H	Digestive tract	HCT 116	3575	142/483	10/49	-0.611241	-0.0305956	1.44058
SRX100565	TFs and others	SRF	Blood	K-562	3039	53/483	8/49	-0.610791	-0.0305956	0.672101
SRX2961561	TFs and others	STAT1	Blood	SET-2	30505	347/483	31/49	-0.60803	-0.0305956	1.13558
SRX8406531	TFs and others	HOXB13	Prostate	Prostate	3965	34/483	6/49	-0.606714	-0.0305956	0.574879
SRX9187412	TFs and others	HDAC1	Pancreas	MIA Paca-2	1770	34/483	6/49	-0.606714	-0.0305956	0.574879
SRX150411	TFs and others	SIN3A	Blood	GM12878	4864	137/483	18/49	-0.605296	-0.0305956	0.772142
DRX013210	TFs and others	CTCF	Breast	MCF-7	8198	22/483	0/49	-0.604515	-0.0305956	inf
ERX181465	TFs and others	TP53	Bone	Saos-2	4879	22/483	0/49	-0.604515	-0.0305956	inf
SRX016975	TFs and others	TP73	Bone	Saos-2	9202	22/483	0/49	-0.604515	-0.0305956	inf
SRX016980	TFs and others	TP53	Bone	Saos-2	7324	22/483	0/49	-0.604515	-0.0305956	inf
SRX023652	TFs and others	TRRAP	Uterus	HeLa	592	22/483	0/49	-0.604515	-0.0305956	inf
SRX064493	TFs and others	FOXH1	Pluripotent stem cell	hESC derived mesendodermal cells	14498	22/483	0/49	-0.604515	-0.0305956	inf
SRX070876	TFs and others	GATA2	Cardiovascular	HUVEC	10651	22/483	0/49	-0.604515	-0.0305956	inf
SRX097088	TFs and others	GATA2	Blood	K-562	3005	22/483	0/49	-0.604515	-0.0305956	inf
SRX10030479	TFs and others	AR	Prostate	LNCAP	455	22/483	0/49	-0.604515	-0.0305956	inf
SRX100432	TFs and others	EP300	Blood	GM12878	1656	22/483	0/49	-0.604515	-0.0305956	inf
SRX100483	TFs and others	POU5F1	Pluripotent stem cell	hESC H1	1775	22/483	0/49	-0.604515	-0.0305956	inf
SRX1012600	TFs and others	ESR1	Breast	T-47D	4307	22/483	0/49	-0.604515	-0.0305956	inf
SRX1012626	TFs and others	ESR1	Breast	MCF-7	7678	22/483	0/49	-0.604515	-0.0305956	inf
SRX1012638	TFs and others	EP300	Breast	MCF-7	6197	22/483	0/49	-0.604515	-0.0305956	inf
SRX1033281	TFs and others	AR	Prostate	LNCAP	413	22/483	0/49	-0.604515	-0.0305956	inf
SRX1041182	TFs and others	ATF4	Blood	HAP1	7499	22/483	0/49	-0.604515	-0.0305956	inf
SRX1053376	TFs and others	MED1	Pluripotent stem cell	ES cells	510	22/483	0/49	-0.604515	-0.0305956	inf
SRX10567327	TFs and others	HMGB1	Lung	IMR-90	352	22/483	0/49	-0.604515	-0.0305956	inf
SRX1076935	TFs and others	LMTK3	Breast	MCF-7	899	22/483	0/49	-0.604515	-0.0305956	inf
SRX10881853	TFs and others	ARID2	Others	BT-16	777	22/483	0/49	-0.604515	-0.0305956	inf
SRX11070611	TFs and others	GFP	Digestive tract	Colorectal adenocarcinoma	713	22/483	0/49	-0.604515	-0.0305956	inf
SRX1123855	TFs and others	SMARCC1	Neural	BT-16	1670	22/483	0/49	-0.604515	-0.0305956	inf
SRX1156539	TFs and others	SMARCA4	Breast	MDA-MB-231	5109	22/483	0/49	-0.604515	-0.0305956	inf
SRX116418	TFs and others	CHD7	Blood	K-562	459	22/483	0/49	-0.604515	-0.0305956	inf
SRX130091	TFs and others	SMC3	Pluripotent stem cell	hESC BG03	8893	22/483	0/49	-0.604515	-0.0305956	inf
SRX1336216	TFs and others	ESR1	Breast	T-47D	5348	22/483	0/49	-0.604515	-0.0305956	inf
SRX1360982	TFs and others	BRD4	Lung	IMR-90	1421	22/483	0/49	-0.604515	-0.0305956	inf
SRX1489434	TFs and others	MBD3	Breast	MDA-MB-231	1554	22/483	0/49	-0.604515	-0.0305956	inf
SRX150634	TFs and others	PRDM1	Uterus	HeLa	3146	22/483	0/49	-0.604515	-0.0305956	inf
SRX150693	TFs and others	JUN	Pluripotent stem cell	hESC H1	740	22/483	0/49	-0.604515	-0.0305956	inf
SRX1650401	TFs and others	NR3C1	Lung	A549	5011	22/483	0/49	-0.604515	-0.0305956	inf
SRX1672133	TFs and others	RELA	Lung	BEAS-2B	2606	22/483	0/49	-0.604515	-0.0305956	inf
SRX1702478	TFs and others	AR	Prostate	LNCAP	3976	22/483	0/49	-0.604515	-0.0305956	inf
SRX173202	TFs and others	AR	Prostate	VCaP	62341	22/483	0/49	-0.604515	-0.0305956	inf
SRX180824	TFs and others	E2F7	Lung	IMR-90	1209	22/483	0/49	-0.604515	-0.0305956	inf
SRX186615	TFs and others	ZC3H11A	Blood	K-562	603	22/483	0/49	-0.604515	-0.0305956	inf
SRX186674	TFs and others	CHD7	Blood	K-562	457	22/483	0/49	-0.604515	-0.0305956	inf
SRX1885172	TFs and others	RELA	Prostate	LNCAP	2432	22/483	0/49	-0.604515	-0.0305956	inf
SRX190315	TFs and others	REST	Pancreas	PANC-1	3947	22/483	0/49	-0.604515	-0.0305956	inf
SRX190500	TFs and others	SUMO1	Uterus	HeLa	1915	22/483	0/49	-0.604515	-0.0305956	inf
SRX1995009	TFs and others	ARNTL	Bone	U2OS	718	22/483	0/49	-0.604515	-0.0305956	inf
SRX2060919	TFs and others	TP53	Digestive tract	HCT 116	4882	22/483	0/49	-0.604515	-0.0305956	inf
SRX2270413	TFs and others	JMJD6	Others	Tumor	1373	22/483	0/49	-0.604515	-0.0305956	inf
SRX246954	TFs and others	ERCC2	Bone	HT-1080	919	22/483	0/49	-0.604515	-0.0305956	inf
SRX2570612	TFs and others	SMC1A	Blood	HAP1	2457	22/483	0/49	-0.604515	-0.0305956	inf
SRX2652436	TFs and others	ZBTB48	Uterus	HeLa	1683	22/483	0/49	-0.604515	-0.0305956	inf
SRX2842444	TFs and others	FOSL1	Bone	143B	2949	22/483	0/49	-0.604515	-0.0305956	inf
SRX2844311	TFs and others	SMAD2	Pluripotent stem cell	hESC H1	1404	22/483	0/49	-0.604515	-0.0305956	inf
SRX2897200	TFs and others	ESR1	Breast	Breast cancer cells	350	22/483	0/49	-0.604515	-0.0305956	inf
SRX2912047	TFs and others	ESR1	Breast	MCF-7	636	22/483	0/49	-0.604515	-0.0305956	inf
SRX295034	TFs and others	MECP2	Lung	IMR-90	275	22/483	0/49	-0.604515	-0.0305956	inf
SRX306517	TFs and others	AR	Prostate	DU 145	5606	22/483	0/49	-0.604515	-0.0305956	inf
SRX327769	TFs and others	BRD4	Lung	NCI-H2171	712	22/483	0/49	-0.604515	-0.0305956	inf
SRX3417626	TFs and others	VDR	Digestive tract	Colonic organoids	1306	22/483	0/49	-0.604515	-0.0305956	inf
SRX3517812	TFs and others	NR3C1	Lung	A549	4907	22/483	0/49	-0.604515	-0.0305956	inf
SRX3592677	TFs and others	SMAD2	Pluripotent stem cell	hESC HUES8	5866	22/483	0/49	-0.604515	-0.0305956	inf
SRX359879	TFs and others	ARNT2	Digestive tract	LoVo	358	22/483	0/49	-0.604515	-0.0305956	inf
SRX3599220	TFs and others	EZH2	Blood	KG-1	1219	22/483	0/49	-0.604515	-0.0305956	inf
SRX3599221	TFs and others	EZH2	Blood	KG-1	1246	22/483	0/49	-0.604515	-0.0305956	inf
SRX359964	TFs and others	TFAP2A	Digestive tract	LoVo	322	22/483	0/49	-0.604515	-0.0305956	inf
SRX3636819	TFs and others	NR3C1	Blood	ALL xenograft	5062	22/483	0/49	-0.604515	-0.0305956	inf
SRX3946908	TFs and others	MED1	Others	Mesenchymal stem cells	4074	22/483	0/49	-0.604515	-0.0305956	inf
SRX4154204	TFs and others	ZFP64	Blood	MOLM-13	4731	22/483	0/49	-0.604515	-0.0305956	inf
SRX4572982	TFs and others	ATF3	Liver	Hep G2	444	22/483	0/49	-0.604515	-0.0305956	inf
SRX4649670	TFs and others	TP53	Breast	MCF 10A	5188	22/483	0/49	-0.604515	-0.0305956	inf
SRX471208	TFs and others	AR	Prostate	LNCAP	55197	22/483	0/49	-0.604515	-0.0305956	inf
SRX471868	TFs and others	BRD2	Prostate	VCaP	1817	22/483	0/49	-0.604515	-0.0305956	inf
SRX471871	TFs and others	BRD3	Prostate	VCaP	2042	22/483	0/49	-0.604515	-0.0305956	inf
SRX471872	TFs and others	BRD3	Prostate	VCaP	1046	22/483	0/49	-0.604515	-0.0305956	inf
SRX5026354	TFs and others	BRD4	Adipocyte	402-91	761	22/483	0/49	-0.604515	-0.0305956	inf
SRX5089517	TFs and others	SMARCA4	Breast	MCF-7	2933	22/483	0/49	-0.604515	-0.0305956	inf
SRX5089552	TFs and others	BRD4	Breast	MCF-7	1960	22/483	0/49	-0.604515	-0.0305956	inf
SRX5128104	TFs and others	ESR1	Breast	ZR-75-1	2644	22/483	0/49	-0.604515	-0.0305956	inf
SRX5195709	TFs and others	ARID1A	Uterus	Endometrial epithelial cells	8435	22/483	0/49	-0.604515	-0.0305956	inf
SRX5287704	TFs and others	TEAD4	Breast	MCF-7	852	22/483	0/49	-0.604515	-0.0305956	inf
SRX5290914	TFs and others	CTCF	Lung	IMR-90	10789	22/483	0/49	-0.604515	-0.0305956	inf
SRX5486413	TFs and others	ZIC5	Digestive tract	HCT 116	860	22/483	0/49	-0.604515	-0.0305956	inf
SRX5514045	TFs and others	MED12	Uterus	Uterin leiomyoma	791	22/483	0/49	-0.604515	-0.0305956	inf
SRX5620952	TFs and others	FLI1	Bone	A-673	4998	22/483	0/49	-0.604515	-0.0305956	inf
SRX573034	TFs and others	AFF4	Uterus	HeLa	760	22/483	0/49	-0.604515	-0.0305956	inf
SRX573040	TFs and others	ELL2	Uterus	HeLa	808	22/483	0/49	-0.604515	-0.0305956	inf
SRX595676	TFs and others	AR	Prostate	VCaP	17505	22/483	0/49	-0.604515	-0.0305956	inf
SRX595677	TFs and others	AR	Prostate	VCaP	17052	22/483	0/49	-0.604515	-0.0305956	inf
SRX6039038	TFs and others	RARA	Pluripotent stem cell	iPS derived chondrocytes	5294	22/483	0/49	-0.604515	-0.0305956	inf
SRX6058758	TFs and others	CEBPA	Breast	T-47D	2017	22/483	0/49	-0.604515	-0.0305956	inf
SRX620747	TFs and others	TP53	Lung	IMR-90	2548	22/483	0/49	-0.604515	-0.0305956	inf
SRX6367579	TFs and others	NCOA1	Kidney	293	3375	22/483	0/49	-0.604515	-0.0305956	inf
SRX6435391	TFs and others	SUPT5H	Kidney	293	630	22/483	0/49	-0.604515	-0.0305956	inf
SRX646125	TFs and others	EED	Blood	Erythroblasts	1354	22/483	0/49	-0.604515	-0.0305956	inf
SRX6582173	TFs and others	LMNA	Others	Fibroblasts	623	22/483	0/49	-0.604515	-0.0305956	inf
SRX6639330	TFs and others	GATA3	Pluripotent stem cell	hESC H1	3870	22/483	0/49	-0.604515	-0.0305956	inf
SRX6743050	TFs and others	SMARCA4	Prostate	VCaP	21857	22/483	0/49	-0.604515	-0.0305956	inf
SRX6800708	TFs and others	JUN	Blood	CAR-T cells	1684	22/483	0/49	-0.604515	-0.0305956	inf
SRX6854837	TFs and others	Epitope tags	Epidermis	501A	2813	22/483	0/49	-0.604515	-0.0305956	inf
SRX6913058	TFs and others	BRD3	Blood	THP-1	873	22/483	0/49	-0.604515	-0.0305956	inf
SRX7262858	TFs and others	AR	Breast	Breast cancer cells	8348	22/483	0/49	-0.604515	-0.0305956	inf
SRX730438	TFs and others	NCAPG	Breast	MCF-7	1143	22/483	0/49	-0.604515	-0.0305956	inf
SRX731143	TFs and others	TEAD1	Lung	NCI-H69	2117	22/483	0/49	-0.604515	-0.0305956	inf
SRX736066	TFs and others	AR	Prostate	LNCAP	13322	22/483	0/49	-0.604515	-0.0305956	inf
SRX747778	TFs and others	ESR1	Breast	MCF-7	8209	22/483	0/49	-0.604515	-0.0305956	inf
SRX7544093	TFs and others	ESR1	Uterus	Ishikawa	4910	22/483	0/49	-0.604515	-0.0305956	inf
SRX7767644	TFs and others	GATA2	Uterus	Endometrial stromal cells	8105	22/483	0/49	-0.604515	-0.0305956	inf
SRX7846778	TFs and others	ESR1	Breast	MCF-7	4546	22/483	0/49	-0.604515	-0.0305956	inf
SRX7972456	TFs and others	MKL2	Epidermis	MKL-2	15748	22/483	0/49	-0.604515	-0.0305956	inf
SRX8162315	TFs and others	DOT1L	Blood	MOLM-13	713	22/483	0/49	-0.604515	-0.0305956	inf
SRX8173501	TFs and others	EED	Pluripotent stem cell	iPS cells	2374	22/483	0/49	-0.604515	-0.0305956	inf
SRX8380644	TFs and others	ESR1	Bone	U2OS	12394	22/483	0/49	-0.604515	-0.0305956	inf
SRX8380645	TFs and others	ESR1	Bone	U2OS	10592	22/483	0/49	-0.604515	-0.0305956	inf
SRX8380648	TFs and others	ESR1	Bone	U2OS	11028	22/483	0/49	-0.604515	-0.0305956	inf
SRX8420195	TFs and others	JUNB	Blood	KARPAS-299	1099	22/483	0/49	-0.604515	-0.0305956	inf
SRX8588596	TFs and others	MECOM	Gonad	KURAMOCHI	3362	22/483	0/49	-0.604515	-0.0305956	inf
SRX8616962	TFs and others	ESR1	Breast	MCF-7	3876	22/483	0/49	-0.604515	-0.0305956	inf
SRX8616981	TFs and others	ESR1	Breast	ZR-75-1	3178	22/483	0/49	-0.604515	-0.0305956	inf
SRX8861819	TFs and others	ESR1	Breast	T-47D	3116	22/483	0/49	-0.604515	-0.0305956	inf
SRX8861824	TFs and others	ESR1	Breast	T-47D	2827	22/483	0/49	-0.604515	-0.0305956	inf
SRX8907439	TFs and others	RBBP4	Muscle	SCMC	1130	22/483	0/49	-0.604515	-0.0305956	inf
SRX8976673	TFs and others	HDAC3	Digestive tract	KYSE-410	1317	22/483	0/49	-0.604515	-0.0305956	inf
SRX8976675	TFs and others	HDAC3	Digestive tract	KYSE-410	1479	22/483	0/49	-0.604515	-0.0305956	inf
SRX8976676	TFs and others	HDAC3	Digestive tract	KYSE-410	1451	22/483	0/49	-0.604515	-0.0305956	inf
SRX9055413	TFs and others	GATA1	Blood	HUDEP-2	3635	22/483	0/49	-0.604515	-0.0305956	inf
SRX9071232	TFs and others	MED1	Blood	SEM	855	22/483	0/49	-0.604515	-0.0305956	inf
SRX9237240	TFs and others	FIP1L1	Blood	K-562	1444	22/483	0/49	-0.604515	-0.0305956	inf
SRX9237250	TFs and others	CSTF2	Blood	K-562	2276	22/483	0/49	-0.604515	-0.0305956	inf
SRX9258678	TFs and others	CPSF3L	Kidney	293	733	22/483	0/49	-0.604515	-0.0305956	inf
SRX9426431	TFs and others	Epitope tags	Blood	RAMOS	3581	22/483	0/49	-0.604515	-0.0305956	inf
SRX9556507	TFs and others	GATA3	Breast	MDA-MB-231	1339	22/483	0/49	-0.604515	-0.0305956	inf
SRX968422	TFs and others	EPAS1	Kidney	786-O	1345	22/483	0/49	-0.604515	-0.0305956	inf
SRX971582	TFs and others	SMARCA4	Epidermis	Keratinocytes	1383	22/483	0/49	-0.604515	-0.0305956	inf
SRX4193144	TFs and others	ESR1	Breast	MCF-7	5794	86/483	12/49	-0.604059	-0.0305956	0.727053
SRX080346	TFs and others	CTCF	Liver	Hep G2	27234	60/483	3/49	-0.603931	-0.0305956	2.02899
SRX097095	TFs and others	CEBPA	Blood	U-937	38687	60/483	3/49	-0.603931	-0.0305956	2.02899
SRX100393	TFs and others	CTCF	Breast	T-47D	22319	60/483	3/49	-0.603931	-0.0305956	2.02899
SRX1012647	TFs and others	EP300	Breast	MCF-7	11347	60/483	3/49	-0.603931	-0.0305956	2.02899
SRX10881813	TFs and others	BRD9	Others	BT-16	7474	60/483	3/49	-0.603931	-0.0305956	2.02899
SRX1690210	TFs and others	MYCN	Neural	KELLY	4670	60/483	3/49	-0.603931	-0.0305956	2.02899
SRX3288557	TFs and others	RAD21	Pluripotent stem cell	hESC H9	45902	60/483	3/49	-0.603931	-0.0305956	2.02899
SRX4001945	TFs and others	RAD21	Blood	THP-1	30325	60/483	3/49	-0.603931	-0.0305956	2.02899
SRX4802362	TFs and others	HIF1A	Liver	Hep G2	2270	60/483	3/49	-0.603931	-0.0305956	2.02899
SRX5234495	TFs and others	SMARCA4	Kidney	TTC1240	6304	60/483	3/49	-0.603931	-0.0305956	2.02899
ERX1149079	TFs and others	CTCF	Blood	HEL 92.1.7	26763	61/483	3/49	-0.603641	-0.0305956	2.0628
SRX100461	TFs and others	RAD21	Blood	GM12878	34353	61/483	3/49	-0.603641	-0.0305956	2.0628
SRX1161202	TFs and others	FOXA1	Breast	T-47D	18148	61/483	3/49	-0.603641	-0.0305956	2.0628
SRX1902742	TFs and others	AFF1	Blood	THP-1	1637	61/483	3/49	-0.603641	-0.0305956	2.0628
SRX3815839	TFs and others	RAD21	Uterus	HeLa	24420	61/483	3/49	-0.603641	-0.0305956	2.0628
SRX4001881	TFs and others	CTCF	Blood	THP-1	19398	61/483	3/49	-0.603641	-0.0305956	2.0628
SRX4001887	TFs and others	CTCF	Blood	THP-1	19050	61/483	3/49	-0.603641	-0.0305956	2.0628
SRX5930145	TFs and others	MYOD1	Muscle	RH-4	20014	61/483	3/49	-0.603641	-0.0305956	2.0628
SRX5957527	TFs and others	TBP	Pluripotent stem cell	hESC H1	2860	61/483	3/49	-0.603641	-0.0305956	2.0628
SRX6614749	TFs and others	SMC3	Lung	IMR-90	19306	61/483	3/49	-0.603641	-0.0305956	2.0628
SRX6860690	TFs and others	FOXA1	Breast	T-47D	19803	61/483	3/49	-0.603641	-0.0305956	2.0628
SRX8570948	TFs and others	HAP1	Blood	KBM-7	33910	61/483	3/49	-0.603641	-0.0305956	2.0628
SRX080373	TFs and others	CTCF	Cardiovascular	HBMEC	30474	59/483	3/49	-0.602712	-0.0305956	1.99517
SRX100567	TFs and others	EP300	Breast	T-47D	9309	59/483	3/49	-0.602712	-0.0305956	1.99517
SRX1026678	TFs and others	CTCF	Pancreas	PANC-1	25667	59/483	3/49	-0.602712	-0.0305956	1.99517
SRX1690207	TFs and others	TWIST1	Neural	BE(2)-C	13317	59/483	3/49	-0.602712	-0.0305956	1.99517
SRX188964	TFs and others	CTCF	Prostate	LNCAP	34935	59/483	3/49	-0.602712	-0.0305956	1.99517
SRX2166894	TFs and others	CTCF	Neural	Retina	12586	59/483	3/49	-0.602712	-0.0305956	1.99517
SRX306507	TFs and others	AR	Prostate	DU 145	4198	59/483	3/49	-0.602712	-0.0305956	1.99517
SRX3110732	TFs and others	ESR1	Breast	MCF-7	38007	59/483	3/49	-0.602712	-0.0305956	1.99517
SRX3285561	TFs and others	KDM5B	Breast	MCF-7	4498	59/483	3/49	-0.602712	-0.0305956	1.99517
SRX3472376	TFs and others	TP53BP1	Pluripotent stem cell	hESC derived neural cells	1179	59/483	3/49	-0.602712	-0.0305956	1.99517
SRX359410	TFs and others	CREBBP	Kidney	293	1265	59/483	3/49	-0.602712	-0.0305956	1.99517
SRX4401064	TFs and others	RELA	Blood	BJAB	3611	59/483	3/49	-0.602712	-0.0305956	1.99517
SRX4802347	TFs and others	HIF1A	Kidney	RCC4	1767	59/483	3/49	-0.602712	-0.0305956	1.99517
SRX4931250	TFs and others	KMT2A	Kidney	293	1837	59/483	3/49	-0.602712	-0.0305956	1.99517
SRX5323828	TFs and others	FOXA1	Breast	T-47D	17121	59/483	3/49	-0.602712	-0.0305956	1.99517
SRX5323876	TFs and others	ESR1	Breast	MCF-7	13946	59/483	3/49	-0.602712	-0.0305956	1.99517
SRX7280995	TFs and others	IKZF1	Blood	JM1	1424	59/483	3/49	-0.602712	-0.0305956	1.99517
SRX080339	TFs and others	CTCF	Blood	GM12864	29601	62/483	3/49	-0.601878	-0.0305956	2.09662
SRX10131683	TFs and others	BRD4	Lung	Bronchial tracheal epithelial cells	2856	62/483	3/49	-0.601878	-0.0305956	2.09662
SRX1397395	TFs and others	SMAD1	Blood	CD34+	13868	62/483	3/49	-0.601878	-0.0305956	2.09662
SRX1397401	TFs and others	SMAD1	Blood	CD34+	16055	62/483	3/49	-0.601878	-0.0305956	2.09662
SRX148896	TFs and others	SMAD3	Liver	LX2	7058	62/483	3/49	-0.601878	-0.0305956	2.09662
SRX199856	TFs and others	CTCF	Placenta	HVMF	30932	62/483	3/49	-0.601878	-0.0305956	2.09662
SRX317574	TFs and others	JARID2	Pluripotent stem cell	iPS cells	8392	62/483	3/49	-0.601878	-0.0305956	2.09662
SRX3437414	TFs and others	CTCF	Uterus	HeLa	29717	62/483	3/49	-0.601878	-0.0305956	2.09662
SRX5323874	TFs and others	ESR1	Breast	MCF-7	14730	62/483	3/49	-0.601878	-0.0305956	2.09662
SRX6704390	TFs and others	CTCF	Blood	BC-3	31209	62/483	3/49	-0.601878	-0.0305956	2.09662
SRX8588600	TFs and others	CTCF	Gonad	KURAMOCHI	26909	62/483	3/49	-0.601878	-0.0305956	2.09662
SRX9317686	TFs and others	EP300	Blood	Fujioka	4112	62/483	3/49	-0.601878	-0.0305956	2.09662
SRX9390934	TFs and others	BRD4	Digestive tract	Colorectal cancer	2258	62/483	3/49	-0.601878	-0.0305956	2.09662
SRX070882	TFs and others	NOTCH1	Blood	CUTLL1	5504	138/483	18/49	-0.601838	-0.0305956	0.777778
SRX8907440	TFs and others	MTA2	Muscle	SCMC	11704	138/483	18/49	-0.601838	-0.0305956	0.777778
ERX200543	TFs and others	CTCF	Blood	B cells	26149	63/483	3/49	-0.598694	-0.0305956	2.13043
SRX3591439	TFs and others	BRD4	Blood	B-CLL cells	1777	63/483	3/49	-0.598694	-0.0305956	2.13043
SRX4672369	TFs and others	ARNT	Lung	A549	1476	63/483	3/49	-0.598694	-0.0305956	2.13043
SRX2023714	TFs and others	GATA4	Pluripotent stem cell	iPS derived cardiac cells	845	2/483	1/49	-0.598468	-0.0305956	0.202899
SRX2023743	TFs and others	GATA4	Pluripotent stem cell	iPS derived cardiac cells	1214	2/483	1/49	-0.598468	-0.0305956	0.202899
SRX5316113	TFs and others	O-GlcNAc	Prostate	PC-3	808	2/483	1/49	-0.598468	-0.0305956	0.202899
SRX1456194	TFs and others	RBPJ	Blood	Mutu	1609	35/483	6/49	-0.596381	-0.0305956	0.591787
SRX185913	TFs and others	FOXM1	Breast	MDA-MB-231	972	35/483	6/49	-0.596381	-0.0305956	0.591787
SRX4374899	TFs and others	NOTCH1	Breast	MB 157	867	35/483	6/49	-0.596381	-0.0305956	0.591787
SRX186704	TFs and others	CTCF	Blood	Monocytes-CD14+	27119	96/483	6/49	-0.596202	-0.0305956	1.62319
SRX6578928	TFs and others	CTCF	Blood	T cells	20781	96/483	6/49	-0.596202	-0.0305956	1.62319
SRX7902047	TFs and others	NRF1	Prostate	DU 145	2689	87/483	12/49	-0.596045	-0.0305956	0.735507
SRX10881823	TFs and others	SS18L1	Others	BT-16	6476	95/483	6/49	-0.596034	-0.0305956	1.60628
SRX1389377	TFs and others	KLF6	Pancreas	PDAC	2402	95/483	6/49	-0.596034	-0.0305956	1.60628
SRX1477660	TFs and others	Epitope tags	Lung	MRC-5	3322	97/483	6/49	-0.595371	-0.0305956	1.6401
SRX264462	TFs and others	CDK7	Blood	MM.1S	4605	97/483	6/49	-0.595371	-0.0305956	1.6401
SRX3110734	TFs and others	ESR1	Breast	MCF-7	48869	97/483	6/49	-0.595371	-0.0305956	1.6401
SRX3447351	TFs and others	ESR1	Breast	MCF-7	51721	97/483	6/49	-0.595371	-0.0305956	1.6401
SRX356547	TFs and others	CTCF	Blood	Lymphoblastoid cell line	30552	97/483	6/49	-0.595371	-0.0305956	1.6401
SRX4611687	TFs and others	ESR1	Breast	MCF-7	44495	97/483	6/49	-0.595371	-0.0305956	1.6401
SRX4611714	TFs and others	ESR1	Breast	MCF-7	48239	97/483	6/49	-0.595371	-0.0305956	1.6401
SRX4672371	TFs and others	ARNT	Lung	A549	2843	97/483	6/49	-0.595371	-0.0305956	1.6401
SRX1013331	TFs and others	MED1	Liver	HuCCT1	7056	94/483	6/49	-0.594857	-0.0305956	1.58937
SRX5089379	TFs and others	ARID1A	Breast	MCF-7	19409	94/483	6/49	-0.594857	-0.0305956	1.58937
SRX3345949	TFs and others	CPSF3L	Blood	HL-60	5216	151/483	11/49	-0.594823	-0.0305956	1.39262
SRX5821022	TFs and others	CTCF	Blood	CD34 Hematopoietic stem cells	28244	150/483	11/49	-0.594515	-0.0305956	1.3834
SRX8299784	TFs and others	MYC	Bone	U2OS	7263	152/483	11/49	-0.594402	-0.0305956	1.40184
SRX8512790	TFs and others	JAZF1	Digestive tract	HCT 116	2263	58/483	9/49	-0.594159	-0.0305956	0.653784
SRX3110728	TFs and others	ESR1	Breast	MCF-7	54511	98/483	6/49	-0.593561	-0.0305956	1.657
SRX3447359	TFs and others	ESR1	Breast	MCF-7	60992	98/483	6/49	-0.593561	-0.0305956	1.657
ERX626791	TFs and others	EP300	Blood	HL-60	898	23/483	0/49	-0.592989	-0.0305956	inf
SRX026530	TFs and others	ESR1	Breast	MCF-7	6325	23/483	0/49	-0.592989	-0.0305956	inf
SRX080142	TFs and others	CTCF	Liver	Hep G2	25335	23/483	0/49	-0.592989	-0.0305956	inf
SRX092416	TFs and others	CTCF	Blood	Lymphoma, B-Cell	8578	23/483	0/49	-0.592989	-0.0305956	inf
SRX100427	TFs and others	FOSL1	Pluripotent stem cell	hESC H1	747	23/483	0/49	-0.592989	-0.0305956	inf
SRX1012681	TFs and others	ESR1	Breast	MCF-7	6173	23/483	0/49	-0.592989	-0.0305956	inf
SRX1033272	TFs and others	GATA2	Prostate	LNCAP	18479	23/483	0/49	-0.592989	-0.0305956	inf
SRX1033278	TFs and others	AR	Prostate	LNCAP	12503	23/483	0/49	-0.592989	-0.0305956	inf
SRX10365551	TFs and others	NCOA3	Breast	MCF-7	7448	23/483	0/49	-0.592989	-0.0305956	inf
SRX1053377	TFs and others	MED1	Pluripotent stem cell	ES cells	512	23/483	0/49	-0.592989	-0.0305956	inf
SRX1116232	TFs and others	EP300	Cardiovascular	HUVEC	6166	23/483	0/49	-0.592989	-0.0305956	inf
SRX116419	TFs and others	SETDB1	Blood	K-562	469	23/483	0/49	-0.592989	-0.0305956	inf
SRX1287858	TFs and others	BRD4	Blood	MOLM-14	1451	23/483	0/49	-0.592989	-0.0305956	inf
SRX1397397	TFs and others	GATA2	Blood	CD34+	6538	23/483	0/49	-0.592989	-0.0305956	inf
SRX1426074	TFs and others	PHF2	Breast	HMLE	594	23/483	0/49	-0.592989	-0.0305956	inf
SRX150548	TFs and others	STAT2	Blood	K-562	1241	23/483	0/49	-0.592989	-0.0305956	inf
SRX1514988	TFs and others	GFP	Kidney	293	2633	23/483	0/49	-0.592989	-0.0305956	inf
SRX1529432	TFs and others	RAD21	Neural	SK-N-SH	4433	23/483	0/49	-0.592989	-0.0305956	inf
SRX1650400	TFs and others	NR3C1	Lung	A549	7179	23/483	0/49	-0.592989	-0.0305956	inf
SRX173209	TFs and others	NR3C1	Prostate	LNCAP	11311	23/483	0/49	-0.592989	-0.0305956	inf
SRX186648	TFs and others	SETDB1	Blood	K-562	471	23/483	0/49	-0.592989	-0.0305956	inf
SRX186728	TFs and others	EZH2	Neural	NH-A	2709	23/483	0/49	-0.592989	-0.0305956	inf
SRX189725	TFs and others	EP300	Cardiovascular	HUVEC	1964	23/483	0/49	-0.592989	-0.0305956	inf
SRX190248	TFs and others	REST	Pancreas	PANC-1	2776	23/483	0/49	-0.592989	-0.0305956	inf
SRX2060925	TFs and others	TP53	Bone	SJSA-1	9415	23/483	0/49	-0.592989	-0.0305956	inf
SRX2355077	TFs and others	RELA	Cardiovascular	HAEC	546	23/483	0/49	-0.592989	-0.0305956	inf
SRX2578868	TFs and others	ESR1	Breast	MDA-MB-231	911	23/483	0/49	-0.592989	-0.0305956	inf
SRX2654819	TFs and others	CTCF	Digestive tract	LoVo	4041	23/483	0/49	-0.592989	-0.0305956	inf
SRX2730808	TFs and others	ARID5B	Blood	Jurkat	1033	23/483	0/49	-0.592989	-0.0305956	inf
SRX2844312	TFs and others	SMAD2	Pluripotent stem cell	hESC H1	2820	23/483	0/49	-0.592989	-0.0305956	inf
SRX2871342	TFs and others	GATA3	Breast	T-47D	5728	23/483	0/49	-0.592989	-0.0305956	inf
SRX2897214	TFs and others	ESR1	Breast	Breast cancer cells	986	23/483	0/49	-0.592989	-0.0305956	inf
SRX3083284	TFs and others	BACH2	Blood	B cells	4097	23/483	0/49	-0.592989	-0.0305956	inf
SRX3123816	TFs and others	ESR1	Breast	MCF-7	7553	23/483	0/49	-0.592989	-0.0305956	inf
SRX317571	TFs and others	JARID2	Pluripotent stem cell	iPS cells	4546	23/483	0/49	-0.592989	-0.0305956	inf
SRX3401273	TFs and others	TRPS1	Breast	MCF-7	14374	23/483	0/49	-0.592989	-0.0305956	inf
SRX3468010	TFs and others	SMARCA4	Others	Aska	686	23/483	0/49	-0.592989	-0.0305956	inf
SRX3468052	TFs and others	SUZ12	Others	Fibroblasts	3060	23/483	0/49	-0.592989	-0.0305956	inf
SRX3509023	TFs and others	TFAP2C	Pluripotent stem cell	hESC UCLA1	866	23/483	0/49	-0.592989	-0.0305956	inf
SRX3583203	TFs and others	ESR1	Breast	MCF-7	4885	23/483	0/49	-0.592989	-0.0305956	inf
SRX3768264	TFs and others	USF2	Blood	K-562	947	23/483	0/49	-0.592989	-0.0305956	inf
SRX3768737	TFs and others	MLLT3	Blood	CD34 Hematopoietic stem cells	337	23/483	0/49	-0.592989	-0.0305956	inf
SRX3868794	TFs and others	REST	Digestive tract	Colorectal cancer organoid	3267	23/483	0/49	-0.592989	-0.0305956	inf
SRX3946906	TFs and others	MED1	Others	Mesenchymal stem cells	5656	23/483	0/49	-0.592989	-0.0305956	inf
SRX3946907	TFs and others	MED1	Others	Mesenchymal stem cells	3118	23/483	0/49	-0.592989	-0.0305956	inf
SRX4001759	TFs and others	CTCF	Blood	Macrophages	5394	23/483	0/49	-0.592989	-0.0305956	inf
SRX470408	TFs and others	AR	Prostate	LNCAP	5096	23/483	0/49	-0.592989	-0.0305956	inf
SRX4708062	TFs and others	SRSF3	Blood	K-562	987	23/483	0/49	-0.592989	-0.0305956	inf
SRX4732741	TFs and others	HDAC2	Blood	Pre-B cells	711	23/483	0/49	-0.592989	-0.0305956	inf
SRX476923	TFs and others	SNAI2	Epidermis	Keratinocytes	1533	23/483	0/49	-0.592989	-0.0305956	inf
SRX490261	TFs and others	KDM6B	Epidermis	BJ	737	23/483	0/49	-0.592989	-0.0305956	inf
SRX4990371	TFs and others	ASCL1	Neural	KELLY	1697	23/483	0/49	-0.592989	-0.0305956	inf
SRX5195153	TFs and others	VDR	Prostate	PrEC	1395	23/483	0/49	-0.592989	-0.0305956	inf
SRX5195733	TFs and others	SMARCA4	Uterus	Endometrial epithelial cells	6817	23/483	0/49	-0.592989	-0.0305956	inf
SRX5286310	TFs and others	AR	Prostate	LNCAP	14126	23/483	0/49	-0.592989	-0.0305956	inf
SRX5511293	TFs and others	ESR1	Breast	MCF-7	3254	23/483	0/49	-0.592989	-0.0305956	inf
SRX5532358	TFs and others	CTCF	Neural	Anterior temporal cortex	1417	23/483	0/49	-0.592989	-0.0305956	inf
SRX5532361	TFs and others	CTCF	Neural	Anterior temporal cortex	779	23/483	0/49	-0.592989	-0.0305956	inf
SRX5718139	TFs and others	YAP1	Kidney	293	1075	23/483	0/49	-0.592989	-0.0305956	inf
SRX5718141	TFs and others	TEAD1	Kidney	293	1055	23/483	0/49	-0.592989	-0.0305956	inf
SRX5719580	TFs and others	CTCF	Blood	CUTLL1	4389	23/483	0/49	-0.592989	-0.0305956	inf
SRX5822374	TFs and others	AML1-ETO	Blood	Kasumi-1	3458	23/483	0/49	-0.592989	-0.0305956	inf
SRX5839976	TFs and others	CREBBP	Blood	Macrophages	4518	23/483	0/49	-0.592989	-0.0305956	inf
SRX5839977	TFs and others	CREBBP	Blood	Macrophages	2821	23/483	0/49	-0.592989	-0.0305956	inf
SRX5887618	TFs and others	YAP1	Lung	PC-9	1809	23/483	0/49	-0.592989	-0.0305956	inf
SRX595675	TFs and others	AR	Prostate	VCaP	13062	23/483	0/49	-0.592989	-0.0305956	inf
SRX6608390	TFs and others	EZH2	Blood	RCH-ACV	4013	23/483	0/49	-0.592989	-0.0305956	inf
SRX6743052	TFs and others	SMARCA4	Prostate	VCaP	44937	23/483	0/49	-0.592989	-0.0305956	inf
SRX6854836	TFs and others	Epitope tags	Epidermis	501A	3338	23/483	0/49	-0.592989	-0.0305956	inf
SRX6913061	TFs and others	BRD3	Blood	THP-1	985	23/483	0/49	-0.592989	-0.0305956	inf
SRX7202544	TFs and others	CTCF	Uterus	HEC-1-B	8594	23/483	0/49	-0.592989	-0.0305956	inf
SRX728769	TFs and others	CDC73	Blood	THP-1	980	23/483	0/49	-0.592989	-0.0305956	inf
SRX7396398	TFs and others	CTCF	Blood	Leukemia cell line	4907	23/483	0/49	-0.592989	-0.0305956	inf
SRX747781	TFs and others	ESR1	Breast	MCF-7	5626	23/483	0/49	-0.592989	-0.0305956	inf
SRX758029	TFs and others	TOP1	Prostate	LNCAP	2561	23/483	0/49	-0.592989	-0.0305956	inf
SRX7677741	TFs and others	XRN2	Digestive tract	DLD-1	942	23/483	0/49	-0.592989	-0.0305956	inf
SRX7767645	TFs and others	GATA2	Uterus	Endometrial stromal cells	11075	23/483	0/49	-0.592989	-0.0305956	inf
SRX7767648	TFs and others	GATA2	Uterus	Endometrial stromal cells	14224	23/483	0/49	-0.592989	-0.0305956	inf
SRX831878	TFs and others	STAT5B	Blood	CD8+ T cells	2243	23/483	0/49	-0.592989	-0.0305956	inf
SRX8380649	TFs and others	ESR1	Bone	U2OS	12719	23/483	0/49	-0.592989	-0.0305956	inf
SRX8380668	TFs and others	ESR1	Bone	U2OS	13169	23/483	0/49	-0.592989	-0.0305956	inf
SRX8432577	TFs and others	TBP	Pluripotent stem cell	iPS cells	1219	23/483	0/49	-0.592989	-0.0305956	inf
SRX8432585	TFs and others	TBP	Pluripotent stem cell	iPS cells	1120	23/483	0/49	-0.592989	-0.0305956	inf
SRX8453145	TFs and others	CTCF	Blood	Lymph Nodes	2313	23/483	0/49	-0.592989	-0.0305956	inf
SRX8616802	TFs and others	JUN	Lung	A549	2331	23/483	0/49	-0.592989	-0.0305956	inf
SRX8699714	TFs and others	INTS3	Digestive tract	DLD-1	1360	23/483	0/49	-0.592989	-0.0305956	inf
SRX8976682	TFs and others	NCOR2	Digestive tract	KYSE-410	816	23/483	0/49	-0.592989	-0.0305956	inf
SRX9071235	TFs and others	MED1	Blood	SEM	716	23/483	0/49	-0.592989	-0.0305956	inf
SRX9469987	TFs and others	AR	Prostate	LAPC-4	45228	23/483	0/49	-0.592989	-0.0305956	inf
SRX9556508	TFs and others	GATA3	Breast	MDA-MB-231	1288	23/483	0/49	-0.592989	-0.0305956	inf
SRX9719183	TFs and others	GATA3	Breast	MCF-7	7031	23/483	0/49	-0.592989	-0.0305956	inf
SRX4561210	TFs and others	EHMT2	Muscle	RH-41	11819	343/483	31/49	-0.592861	-0.0305956	1.12249
SRX7677721	TFs and others	NELFE	Digestive tract	DLD-1	11272	337/483	30/49	-0.5914	-0.0305956	1.13961
SRX10657969	TFs and others	Epitope tags	Blood	NALM-6	21537	336/483	30/49	-0.588846	-0.0305956	1.13623
SRX189741	TFs and others	ETS1	Cardiovascular	HUVEC	1887	59/483	9/49	-0.588354	-0.0305956	0.665056
SRX190186	TFs and others	EGR1	Blood	GM12878	1743	59/483	9/49	-0.588354	-0.0305956	0.665056
SRX702134	TFs and others	THAP11	Pluripotent stem cell	hESC derived mesendodermal cells	1553	59/483	9/49	-0.588354	-0.0305956	0.665056
SRX9029195	TFs and others	CEBPB	Blood	Neutrophils	8426	59/483	9/49	-0.588354	-0.0305956	0.665056
SRX190288	TFs and others	ZBTB33	Lung	A549	4791	93/483	13/49	-0.587118	-0.0305956	0.725753
SRX5514037	TFs and others	MED12	Uterus	Myometrium	4503	148/483	19/49	-0.585615	-0.0305956	0.790236
SRX6780878	TFs and others	CRTC1	Pluripotent stem cell	iPS derived neural cells	3711	148/483	19/49	-0.585615	-0.0305956	0.790236
SRX130108	TFs and others	CTBP1	Breast	MCF-7	3828	36/483	6/49	-0.58445	-0.0305956	0.608696
SRX8512820	TFs and others	NRF1	Digestive tract	HCT 116	1042	36/483	6/49	-0.58445	-0.0305956	0.608696
SRX150417	TFs and others	MAZ	Blood	K-562	29714	389/483	36/49	-0.58256	-0.0305956	1.09622
SRX2510824	TFs and others	NELFA	Uterus	HeLa	3551	94/483	13/49	-0.58256	-0.0305956	0.733556
SRX4377535	TFs and others	BRD4	Breast	MDA-MB-231	13592	161/483	12/49	-0.580667	-0.0305956	1.36111
SRX682376	TFs and others	ERG	Blood	TSU-1621MT	30363	161/483	12/49	-0.580667	-0.0305956	1.36111
SRX9932045	TFs and others	STAT5A	Breast	MCF-7	8210	322/483	37/49	-0.580667	-0.0305956	0.882883
SRX9419954	TFs and others	BRD4	Breast	SK-BR-3	22982	321/483	37/49	-0.580256	-0.0305956	0.880141
SRX4377558	TFs and others	BRD4	Breast	MDA-MB-231	13498	159/483	12/49	-0.579429	-0.0305956	1.3442
SRX2711484	TFs and others	USP7	Blood	Jurkat	13969	328/483	29/49	-0.579167	-0.0305956	1.14743
SRX5624370	TFs and others	SREBF2	Blood	Macrophages	15569	328/483	29/49	-0.579167	-0.0305956	1.14743
SRX4211810	TFs and others	PAX5	Blood	NALM-6	17220	158/483	12/49	-0.577782	-0.0305956	1.33575
SRX8080550	TFs and others	Epitope tags	Breast	Mammary gland ductal carcinoma	19838	158/483	12/49	-0.577782	-0.0305956	1.33575
SRX9419934	TFs and others	MED1	Breast	SK-BR-3	10517	158/483	12/49	-0.577782	-0.0305956	1.33575
SRX190199	TFs and others	SP4	Pluripotent stem cell	hESC H1	3881	156/483	20/49	-0.577407	-0.0305956	0.791304
SRX4313227	TFs and others	YY1	Muscle	RH-4	7274	150/483	19/49	-0.57722	-0.0305956	0.800915
SRX5286318	TFs and others	KLF17	Pluripotent stem cell	ES cells	2358	150/483	19/49	-0.57722	-0.0305956	0.800915
SRX359934	TFs and others	GMEB2	Digestive tract	LoVo	1423	95/483	13/49	-0.577171	-0.0305956	0.74136
SRX6824683	TFs and others	MYOD1	Muscle	Rhabdomyosarcoma	7194	61/483	9/49	-0.573313	-0.0305956	0.687601
SRX7213082	TFs and others	PAF1	Bone	U2OS	1962	37/483	6/49	-0.571164	-0.0305956	0.625604
SRX8299814	TFs and others	CTR9	Bone	U2OS	839	37/483	6/49	-0.571164	-0.0305956	0.625604
SRX2578892	TFs and others	NCOA1	Breast	MDA-MB-231	924	9/483	2/49	-0.57072	-0.0305956	0.456522
SRX5025673	TFs and others	BRCA1	Neural	SH-EP	578	9/483	2/49	-0.57072	-0.0305956	0.456522
SRX969013	TFs and others	ESR1	Breast	MCF-7	1044	9/483	2/49	-0.57072	-0.0305956	0.456522
SRX10881805	TFs and others	PBRM1	Others	BT-16	5206	170/483	13/49	-0.568572	-0.0305956	1.32664
SRX6602361	TFs and others	ARNTL	Neural	Glioma stem cells	5924	170/483	13/49	-0.568572	-0.0305956	1.32664
SRX1758523	TFs and others	Epitope tags	Breast	MCF-7	4299	169/483	13/49	-0.56768	-0.0305956	1.31884
SRX100426	TFs and others	YY1	Liver	Hep G2	15650	318/483	28/49	-0.567353	-0.0305956	1.15217
SRX10333912	TFs and others	NELFA	Digestive tract	DLD-1	10941	318/483	28/49	-0.567353	-0.0305956	1.15217
SRX5824560	TFs and others	BRD2	Breast	SUM 149PT	14859	318/483	28/49	-0.567353	-0.0305956	1.15217
SRX6102131	TFs and others	SUPT5H	Uterus	HeLa	6514	168/483	13/49	-0.56614	-0.0305956	1.31104
SRX8929141	TFs and others	CTNNB1	Digestive tract	SW 480	4487	106/483	7/49	-0.56592	-0.0305956	1.53623
SRX265220	TFs and others	MYH11	Blood	ME-1	6124	105/483	7/49	-0.565741	-0.0305956	1.52174
SRX5213646	TFs and others	BRD4	Breast	HCC1937	4170	105/483	7/49	-0.565741	-0.0305956	1.52174
SRX670629	TFs and others	ELK3	Cardiovascular	HUVEC	2130	105/483	7/49	-0.565741	-0.0305956	1.52174
SRX1799531	TFs and others	TRIM28	Blood	CD4+ T cells	19462	317/483	28/49	-0.565665	-0.0305956	1.14855
SRX9498684	TFs and others	TBP	Blood	K-562	4525	166/483	21/49	-0.565665	-0.0305956	0.801932
SRX186637	TFs and others	JUND	Neural	SK-N-SH	20726	107/483	7/49	-0.565228	-0.0305956	1.55072
SRX190242	TFs and others	REST	Neural	PFSK-1	12374	107/483	7/49	-0.565228	-0.0305956	1.55072
SRX728780	TFs and others	CDK9	Blood	THP-1	5777	107/483	7/49	-0.565228	-0.0305956	1.55072
SRX1030324	TFs and others	CTCF	Blood	Jurkat	42245	104/483	7/49	-0.564681	-0.0305956	1.50725
SRX6840506	TFs and others	HAP1	Blood	KBM-7	16920	104/483	7/49	-0.564681	-0.0305956	1.50725
SRX9550895	TFs and others	FOXA1	Prostate	Prostate cancer	45455	104/483	7/49	-0.564681	-0.0305956	1.50725
SRX573037	TFs and others	ELL2	Uterus	HeLa	2312	62/483	9/49	-0.564281	-0.0305956	0.698873
SRX895435	TFs and others	SUMO2	Prostate	VCaP	5373	62/483	9/49	-0.564281	-0.0305956	0.698873
SRX100493	TFs and others	HEY1	Liver	Hep G2	26419	386/483	36/49	-0.564107	-0.0305956	1.08776
SRX7677719	TFs and others	NELFCD	Digestive tract	DLD-1	14904	386/483	36/49	-0.564107	-0.0305956	1.08776
SRX5574507	TFs and others	SPI1	Blood	CTV-1	14210	97/483	13/49	-0.564107	-0.0305956	0.756968
SRX6099462	TFs and others	CREBBP	Blood	DLBCL	27145	97/483	13/49	-0.564107	-0.0305956	0.756968
SRX3020562	TFs and others	PHIP	Digestive tract	HCT 116	797	21/483	4/49	-0.562045	-0.0305956	0.532609
SRX7493848	TFs and others	TP63	Digestive tract	KYSE-140	11176	21/483	4/49	-0.562045	-0.0305956	0.532609
SRX6961669	TFs and others	SUPT5H	Digestive tract	HCT 116	13124	315/483	28/49	-0.560436	-0.0305956	1.1413
SRX5600898	TFs and others	OLIG2	Neural	Prefrontal Cortex	3765	180/483	14/49	-0.558749	-0.0305956	1.30435
SRX9550860	TFs and others	FOXA1	Prostate	Prostate cancer	54609	303/483	35/49	-0.558749	-0.0305956	0.878261
SRX5054307	TFs and others	FOSL2	Neural	Neural progenitor cells	1911	103/483	14/49	-0.558096	-0.0305956	0.746377
SRX7054661	TFs and others	RELA	Cardiovascular	HAEC	36814	304/483	35/49	-0.557921	-0.0305956	0.881159
SRX026640	TFs and others	FLI1	Blood	SKNO-1	25084	314/483	28/49	-0.556929	-0.0305956	1.13768
SRX356783	TFs and others	STAG1	Blood	Lymphoblastoid cell line	34931	178/483	14/49	-0.556474	-0.0305956	1.28986
SRX100380	TFs and others	REST	Neural	SK-N-SH	18553	307/483	27/49	-0.555879	-0.0305956	1.15352
SRX186782	TFs and others	KDM5B	Blood	K-562	14561	307/483	27/49	-0.555879	-0.0305956	1.15352
SRX3229145	TFs and others	ESR1	Breast	Breast cancer	21764	306/483	35/49	-0.554414	-0.0305956	0.886957
SRX129107	TFs and others	MAX	Lung	NCI-H128	32315	420/483	40/49	-0.554384	-0.0305956	1.06522
SRX150701	TFs and others	CEBPB	Liver	Hep G2	18715	104/483	14/49	-0.554123	-0.0305956	0.753623
SRX6476489	TFs and others	SMAD2	Cardiovascular	HUVEC	5495	191/483	15/49	-0.550862	-0.0305956	1.29179
SRX2922233	TFs and others	ESR1	Breast	SUM 44PE	29276	292/483	34/49	-0.550862	-0.0305956	0.87127
SRX4708072	TFs and others	HNRNPLL	Blood	K-562	8618	305/483	27/49	-0.550832	-0.0305956	1.146
SRX6743819	TFs and others	TFEB	Pluripotent stem cell	iPS cells	13773	190/483	15/49	-0.550688	-0.0305956	1.28502
SRX6102134	TFs and others	NELFE	Uterus	HeLa	14590	299/483	26/49	-0.550439	-0.0305956	1.16667
SRX1165092	TFs and others	GABPA	Liver	Hep G2	5039	184/483	23/49	-0.550439	-0.0305956	0.811594
SRX038602	TFs and others	CTCF	Cardiovascular	HUVEC	20091	70/483	4/49	-0.550229	-0.0305956	1.77536
SRX080422	TFs and others	CTCF	Epidermis	AG10803	36269	70/483	4/49	-0.550229	-0.0305956	1.77536
SRX3927286	TFs and others	BRD9	Blood	EOL-1	13251	70/483	4/49	-0.550229	-0.0305956	1.77536
SRX6578935	TFs and others	CTCF	Blood	T-ALL	26073	70/483	4/49	-0.550229	-0.0305956	1.77536
SRX8570949	TFs and others	HAP1	Blood	KBM-7	35371	70/483	4/49	-0.550229	-0.0305956	1.77536
ERX1149082	TFs and others	CTCF	Unclassified	Unclassified	31167	71/483	4/49	-0.550163	-0.0305956	1.80072
SRX1027438	TFs and others	CEBPB	Others	Mesenchymal stem cells	36667	71/483	4/49	-0.550163	-0.0305956	1.80072
SRX186632	TFs and others	SMC3	Neural	SK-N-SH	28827	71/483	4/49	-0.550163	-0.0305956	1.80072
SRX346921	TFs and others	MITF	Epidermis	Melanocytes	3761	71/483	4/49	-0.550163	-0.0305956	1.80072
SRX366168	TFs and others	SMAD3	Lung	NCI-H441	19858	71/483	4/49	-0.550163	-0.0305956	1.80072
SRX4714474	TFs and others	CTCF	Breast	T-47D	25038	71/483	4/49	-0.550163	-0.0305956	1.80072
SRX5333220	TFs and others	CTCF	Blood	697	51380	71/483	4/49	-0.550163	-0.0305956	1.80072
SRX7058947	TFs and others	CTCF	Neural	GSC23	16758	71/483	4/49	-0.550163	-0.0305956	1.80072
SRX7202560	TFs and others	CTCF	Blood	K-562	26370	71/483	4/49	-0.550163	-0.0305956	1.80072
SRX3962742	TFs and others	LMNA	Epidermis	BJ-5ta	23230	189/483	15/49	-0.549916	-0.0305956	1.27826
SRX3800330	TFs and others	STAG1	Others	RT-112	32743	298/483	26/49	-0.549423	-0.0305956	1.16276
SRX100487	TFs and others	ETS1	Blood	K-562	7713	185/483	23/49	-0.549423	-0.0305956	0.816005
SRX2442440	TFs and others	FGFR1	Pluripotent stem cell	iPS derived neural cells	13470	378/483	35/49	-0.549408	-0.0305956	1.09565
SRX4708024	TFs and others	HNRNPLL	Liver	Hep G2	14085	378/483	35/49	-0.549408	-0.0305956	1.09565
SRX038583	TFs and others	CTCF	Muscle	HSMM	37221	69/483	4/49	-0.549111	-0.0305956	1.75
SRX080412	TFs and others	CTCF	Cardiovascular	HUVEC	26196	69/483	4/49	-0.549111	-0.0305956	1.75
SRX096351	TFs and others	CEBPB	Digestive tract	LS-180	22742	69/483	4/49	-0.549111	-0.0305956	1.75
SRX1690213	TFs and others	MYCN	Neural	NGP	4286	69/483	4/49	-0.549111	-0.0305956	1.75
SRX4547413	TFs and others	CTCF	Breast	MCF-7	13713	69/483	4/49	-0.549111	-0.0305956	1.75
SRX7549663	TFs and others	TFAP2C	Pluripotent stem cell	hESC UCLA2	3683	69/483	4/49	-0.549111	-0.0305956	1.75
SRX7794488	TFs and others	HIF1A	Lung	BEAS-2B	2070	69/483	4/49	-0.549111	-0.0305956	1.75
SRX8570928	TFs and others	HAP1	Blood	KBM-7	37191	69/483	4/49	-0.549111	-0.0305956	1.75
ERX1149112	TFs and others	CTCF	Unclassified	Unclassified	31261	72/483	4/49	-0.548935	-0.0305956	1.82609
SRX038665	TFs and others	CTCF	Lung	NHLF	26937	72/483	4/49	-0.548935	-0.0305956	1.82609
SRX100505	TFs and others	HNF4A	Liver	Hep G2	21225	72/483	4/49	-0.548935	-0.0305956	1.82609
SRX10059516	TFs and others	CEBPD	Others	Fibroblasts	23187	72/483	4/49	-0.548935	-0.0305956	1.82609
SRX10382403	TFs and others	QSER1	Pluripotent stem cell	hESC H1	6435	72/483	4/49	-0.548935	-0.0305956	1.82609
SRX199872	TFs and others	CTCF	Epidermis	HFF	30527	72/483	4/49	-0.548935	-0.0305956	1.82609
SRX3675842	TFs and others	RAD21	Uterus	HeLa	24391	72/483	4/49	-0.548935	-0.0305956	1.82609
SRX471873	TFs and others	BRD4	Prostate	VCaP	2924	72/483	4/49	-0.548935	-0.0305956	1.82609
SRX725578	TFs and others	MYB	Blood	Jurkat	24839	295/483	34/49	-0.54855	-0.0305956	0.880222
SRX1134746	TFs and others	BRD4	Blood	MV-4-11	24365	304/483	27/49	-0.547452	-0.0305956	1.14224
SRX3737118	TFs and others	NELFA	Kidney	293	10813	304/483	27/49	-0.547452	-0.0305956	1.14224
SRX3230403	TFs and others	TCF25	Liver	Hep G2	21098	179/483	22/49	-0.547452	-0.0305956	0.825428
ERX1149067	TFs and others	CTCF	Unclassified	Unclassified	31203	73/483	4/49	-0.54658	-0.0305956	1.85145
ERX1149097	TFs and others	CTCF	Unclassified	Unclassified	31195	73/483	4/49	-0.54658	-0.0305956	1.85145
SRX067387	TFs and others	CTCF	Epidermis	NHEK	35905	73/483	4/49	-0.54658	-0.0305956	1.85145
SRX111774	TFs and others	CTCF	Blood	GM12867	26874	73/483	4/49	-0.54658	-0.0305956	1.85145
SRX1304576	TFs and others	JMJD1C	Blood	HL-60	26252	73/483	4/49	-0.54658	-0.0305956	1.85145
SRX2368896	TFs and others	FOXA2	Lung	A549	14445	73/483	4/49	-0.54658	-0.0305956	1.85145
SRX341010	TFs and others	MYOD1	Muscle	Myoblasts	16793	73/483	4/49	-0.54658	-0.0305956	1.85145
SRX4047133	TFs and others	PHF8	Digestive tract	RKO	2702	73/483	4/49	-0.54658	-0.0305956	1.85145
SRX4284004	TFs and others	CTCF	Blood	B cells	35485	73/483	4/49	-0.54658	-0.0305956	1.85145
SRX5957525	TFs and others	TBP	Pluripotent stem cell	hESC H1	2586	73/483	4/49	-0.54658	-0.0305956	1.85145
SRX8536107	TFs and others	GATA1	Blood	HUDEP-2	18839	73/483	4/49	-0.54658	-0.0305956	1.85145
SRX7054657	TFs and others	RELA	Cardiovascular	HAEC	27476	187/483	23/49	-0.545646	-0.0305956	0.824827
SRX2166888	TFs and others	BRD4	Neural	Retina	7623	201/483	16/49	-0.544349	-0.0305956	1.27446
SRX2510813	TFs and others	NELFA	Uterus	HeLa	4984	200/483	16/49	-0.544208	-0.0305956	1.26812
SRX5527658	TFs and others	ERG	Cardiovascular	HUVEC	32687	200/483	16/49	-0.544208	-0.0305956	1.26812
SRX9237233	TFs and others	SUPT5H	Blood	K-562	9971	289/483	25/49	-0.543911	-0.0305956	1.17275
SRX666556	TFs and others	HIF1A	Breast	T-47D	75130	461/483	45/49	-0.54372	-0.0305956	1.03929
SRX1550252	TFs and others	MYC	Bone	U2OS	1922	22/483	4/49	-0.54372	-0.0305956	0.557971
SRX2628187	TFs and others	ETV1	Digestive tract	GIST-T1	2190	22/483	4/49	-0.54372	-0.0305956	0.557971
SRX7972447	TFs and others	MKL1	Epidermis	MKL-1	2975	22/483	4/49	-0.54372	-0.0305956	0.557971
SRX326886	TFs and others	GABPA	Prostate	VCaP	12505	284/483	33/49	-0.543487	-0.0305956	0.873079
SRX1318615	TFs and others	SIX2	Kidney	Kidney Cortex	26574	68/483	10/49	-0.543141	-0.0305956	0.689855
SRX8037072	TFs and others	KLF5	Digestive tract	AGS	5122	68/483	10/49	-0.543141	-0.0305956	0.689855
SRX6483132	TFs and others	SMARCA4	Neural	NGP	7689	195/483	24/49	-0.542899	-0.0305956	0.824275
SRX5289970	TFs and others	NR3C1	Lung	BEAS-2B	1661	39/483	6/49	-0.541455	-0.0305956	0.65942
SRX103008	TFs and others	CTCF	Breast	MCF-7	63181	116/483	8/49	-0.541176	-0.0305956	1.47101
SRX4611729	TFs and others	ESR1	Breast	MCF-7	41575	116/483	8/49	-0.541176	-0.0305956	1.47101
SRX5824585	TFs and others	BRD2	Breast	SUM 159PT	3313	116/483	8/49	-0.541176	-0.0305956	1.47101
SRX5323873	TFs and others	ESR1	Breast	MCF-7	27115	115/483	8/49	-0.541008	-0.0305956	1.45833
SRX9867034	TFs and others	CTCF	Blood	Monocytes	15310	115/483	8/49	-0.541008	-0.0305956	1.45833
SRX4611732	TFs and others	ESR1	Breast	MCF-7	27900	117/483	8/49	-0.540569	-0.0305956	1.4837
SRX9867035	TFs and others	CTCF	Blood	Monocytes	16061	117/483	8/49	-0.540569	-0.0305956	1.4837
SRX4911600	TFs and others	FOXA2	Uterus	Endometrium	5748	197/483	16/49	-0.540323	-0.0305956	1.24909
SRX150692	TFs and others	ZNF143	Blood	GM12878	33496	286/483	33/49	-0.540323	-0.0305956	0.879227
SRX398293	TFs and others	BRD4	Blood	OCI-LY1	13466	286/483	33/49	-0.540323	-0.0305956	0.879227
SRX096362	TFs and others	Epitope tags	Cardiovascular	HUVEC	27717	211/483	17/49	-0.539282	-0.0305956	1.25916
SRX4727911	TFs and others	TP53BP1	Pluripotent stem cell	hESC H9	7548	286/483	25/49	-0.539181	-0.0305956	1.16058
SRX7701204	TFs and others	BRD4	Lung	NCI-H1963	9116	286/483	25/49	-0.539181	-0.0305956	1.16058
SRX1460852	TFs and others	BRD4	Blood	Th1 Cells	4978	197/483	24/49	-0.539181	-0.0305956	0.832729
SRX4240288	TFs and others	ESR1	Gonad	SK-OV-3	14171	197/483	24/49	-0.539181	-0.0305956	0.832729
SRX11343125	TFs and others	RUNX1	Blood	Acute myeloid leukemia	19380	210/483	17/49	-0.539173	-0.0305956	1.2532
SRX1304579	TFs and others	JMJD1C	Blood	NB-4	19820	69/483	10/49	-0.538672	-0.0305956	0.7
SRX2436029	TFs and others	OTX2	Neural	D341 Med	28740	69/483	10/49	-0.538672	-0.0305956	0.7
SRX4792912	TFs and others	RAD21	Breast	T-47D	16942	209/483	17/49	-0.538499	-0.0305956	1.24723
SRX190195	TFs and others	GABPA	Neural	SK-N-SH	9746	274/483	32/49	-0.538499	-0.0305956	0.868659
SRX6977278	TFs and others	Epitope tags	Neural	BE(2)-C	5261	274/483	32/49	-0.538499	-0.0305956	0.868659
SRX4611713	TFs and others	ESR1	Breast	MCF-7	50498	113/483	8/49	-0.538326	-0.0305956	1.43297
SRX1672128	TFs and others	NR3C1	Lung	BEAS-2B	16533	112/483	15/49	-0.537079	-0.0305956	0.757488
SRX150676	TFs and others	E2F6	Blood	K-562	13602	277/483	24/49	-0.536239	-0.0305956	1.17089
SRX334239	TFs and others	E2F1	Unclassified	Unclassified	6229	263/483	31/49	-0.535482	-0.0305956	0.860683
SRX734309	TFs and others	E2F1	Breast	HMEC	5785	276/483	32/49	-0.53547	-0.0305956	0.875
SRX8299809	TFs and others	MYC	Bone	U2OS	13516	269/483	23/49	-0.535083	-0.0305956	1.18652
SRX100479	TFs and others	EGR1	Blood	GM12878	12730	219/483	18/49	-0.53485	-0.0305956	1.2343
SRX3601958	TFs and others	ERG	Cardiovascular	HUVEC	42203	219/483	18/49	-0.53485	-0.0305956	1.2343
SRX4374901	TFs and others	RBPJ	Breast	MB 157	4213	113/483	15/49	-0.534234	-0.0305956	0.764251
SRX9599279	TFs and others	REST	Uterus	HEC-1-B	5152	113/483	15/49	-0.534234	-0.0305956	0.764251
SRX1165094	TFs and others	GABPA	Liver	Hep G2	6595	207/483	25/49	-0.534123	-0.0305956	0.84
SRX2436061	TFs and others	NEUROD1	Neural	D283 Med	31031	218/483	18/49	-0.533666	-0.0305956	1.22866
SRX1165096	TFs and others	Epitope tags	Liver	Hep G2	11626	265/483	31/49	-0.533666	-0.0305956	0.867228
SRX347422	TFs and others	STAT3	Blood	OCI-LY-19	2685	70/483	10/49	-0.533236	-0.0305956	0.710145
SRX4240290	TFs and others	ESR1	Gonad	SK-OV-3	1134	70/483	10/49	-0.533236	-0.0305956	0.710145
SRX1091542	TFs and others	EP300	Pluripotent stem cell	hESC derived neural crests	14614	260/483	22/49	-0.533111	-0.0305956	1.19895
SRX646135	TFs and others	NFE2	Blood	Erythroblasts	15486	259/483	22/49	-0.532609	-0.0305956	1.19433
SRX4377541	TFs and others	BRD2	Breast	MDA-MB-231	11960	267/483	23/49	-0.532482	-0.0305956	1.17769
SRX512366	TFs and others	Epitope tags	Epidermis	Dermal fibroblast	26557	229/483	19/49	-0.53247	-0.0305956	1.22273
SRX666558	TFs and others	Epitope tags	Breast	T-47D	14483	254/483	30/49	-0.53247	-0.0305956	0.858937
SRX4473678	TFs and others	SMARCC1	Gonad	SCCOHT-1	8562	217/483	18/49	-0.531936	-0.0305956	1.22303
SRX100569	TFs and others	GABPA	Blood	K-562	11429	266/483	31/49	-0.531936	-0.0305956	0.8705
SRX6366602	TFs and others	Epitope tags	Uterus	Ishikawa	4670	266/483	31/49	-0.531936	-0.0305956	0.8705
SRX2166889	TFs and others	BRD4	Neural	Retina	11208	250/483	21/49	-0.53189	-0.0305956	1.20773
SRX6913072	TFs and others	BRD2	Blood	K-562	10110	250/483	21/49	-0.53189	-0.0305956	1.20773
SRX3161009	TFs and others	ZBTB7A	Blood	HUDEP-2	16012	249/483	21/49	-0.531361	-0.0305956	1.2029
SRX8823216	TFs and others	BRD2	Lung	A549	12529	249/483	21/49	-0.531361	-0.0305956	1.2029
SRX8970971	TFs and others	MCM7	Others	Squamous cell carcinoma 	16449	244/483	29/49	-0.531315	-0.0305956	0.853573
SRX190236	TFs and others	ATF2	Blood	GM12878	20349	114/483	15/49	-0.53069	-0.0305956	0.771014
SRX9498683	TFs and others	TBP	Blood	K-562	4918	217/483	26/49	-0.530374	-0.0305956	0.846711
SRX186630	TFs and others	HCFC1	Blood	K-562	9986	245/483	29/49	-0.530213	-0.0305956	0.857071
ERX1149062	TFs and others	CTCF	Blood	KU812	17455	45/483	2/49	-0.530072	-0.0305956	2.28261
ERX1149122	TFs and others	CTCF	Blood	KU812	17444	45/483	2/49	-0.530072	-0.0305956	2.28261
SRX10119140	TFs and others	CREBBP	Blood	MV-4-11	1568	45/483	2/49	-0.530072	-0.0305956	2.28261
SRX150688	TFs and others	BRCA1	Liver	Hep G2	1098	45/483	2/49	-0.530072	-0.0305956	2.28261
SRX1614808	TFs and others	ZNF366	Blood	Dendritic Cells	8622	45/483	2/49	-0.530072	-0.0305956	2.28261
SRX1885186	TFs and others	FOXA1	Prostate	LNCAP	68461	45/483	2/49	-0.530072	-0.0305956	2.28261
SRX2901939	TFs and others	ESR1	Uterus	Ishikawa	2230	45/483	2/49	-0.530072	-0.0305956	2.28261
SRX3160997	TFs and others	BCL11A	Blood	HUDEP-2	2429	45/483	2/49	-0.530072	-0.0305956	2.28261
SRX3288573	TFs and others	RNF2	Pluripotent stem cell	hESC H9	4159	45/483	2/49	-0.530072	-0.0305956	2.28261
SRX3942991	TFs and others	ZNF341	Blood	PBMC	2824	45/483	2/49	-0.530072	-0.0305956	2.28261
SRX4417535	TFs and others	BRD4	Pluripotent stem cell	hESC derived neural cells	1797	45/483	2/49	-0.530072	-0.0305956	2.28261
SRX5089447	TFs and others	ESR1	Breast	MCF-7	16004	45/483	2/49	-0.530072	-0.0305956	2.28261
SRX595673	TFs and others	FOXP1	Prostate	VCaP	8108	45/483	2/49	-0.530072	-0.0305956	2.28261
SRX6175631	TFs and others	SMC1A	Bone	TC-71	28751	45/483	2/49	-0.530072	-0.0305956	2.28261
SRX6961680	TFs and others	SUPT5H	Digestive tract	HCT 116	2519	45/483	2/49	-0.530072	-0.0305956	2.28261
SRX7268460	TFs and others	TCF4	Bone	A-673	4148	45/483	2/49	-0.530072	-0.0305956	2.28261
SRX8089632	TFs and others	FOXA1	Prostate	VCaP	25285	45/483	2/49	-0.530072	-0.0305956	2.28261
SRX8151646	TFs and others	ARNTL	Adipocyte	Preadipocytes	2025	45/483	2/49	-0.530072	-0.0305956	2.28261
SRX831873	TFs and others	STAT5B	Blood	CD8+ T cells	6722	45/483	2/49	-0.530072	-0.0305956	2.28261
SRX9006851	TFs and others	FOXA1	Prostate	22Rv1	13077	45/483	2/49	-0.530072	-0.0305956	2.28261
SRX9317683	TFs and others	CEBPA	Blood	Fujioka	11788	45/483	2/49	-0.530072	-0.0305956	2.28261
SRX9599287	TFs and others	REST	Kidney	293	2123	45/483	2/49	-0.530072	-0.0305956	2.28261
SRX9719169	TFs and others	ESR1	Breast	MCF-7	11259	45/483	2/49	-0.530072	-0.0305956	2.28261
SRX2194282	TFs and others	BRD4	Breast	SUM 159PT	23176	226/483	27/49	-0.529979	-0.0305956	0.849168
DRX013190	TFs and others	CTCF	Kidney	293	34395	46/483	2/49	-0.529534	-0.0305956	2.33333
SRX026719	TFs and others	CTCF	Pancreas	Pancreatic islets	15298	46/483	2/49	-0.529534	-0.0305956	2.33333
SRX10119127	TFs and others	LYL1	Blood	MV-4-11	18387	46/483	2/49	-0.529534	-0.0305956	2.33333
SRX1819612	TFs and others	KDM5D	Prostate	DU 145	3370	46/483	2/49	-0.529534	-0.0305956	2.33333
SRX2442513	TFs and others	CTCF	Blood	K-562	16298	46/483	2/49	-0.529534	-0.0305956	2.33333
SRX360581	TFs and others	SMC3	Digestive tract	GP5d	21778	46/483	2/49	-0.529534	-0.0305956	2.33333
SRX4096733	TFs and others	SMAD3	Prostate	PC-3	4394	46/483	2/49	-0.529534	-0.0305956	2.33333
SRX4119724	TFs and others	Epitope tags	Kidney	293	729	46/483	2/49	-0.529534	-0.0305956	2.33333
SRX4824366	TFs and others	AR	Prostate	22Rv1	12964	46/483	2/49	-0.529534	-0.0305956	2.33333
SRX4958406	TFs and others	CTCF	Kidney	293	30503	46/483	2/49	-0.529534	-0.0305956	2.33333
SRX5574354	TFs and others	SPI1	Blood	Monocytes	31053	46/483	2/49	-0.529534	-0.0305956	2.33333
SRX7202547	TFs and others	CTCF	Uterus	HEC-1-B	20672	46/483	2/49	-0.529534	-0.0305956	2.33333
SRX7368251	TFs and others	MITF	Epidermis	Hermes 3C	5111	46/483	2/49	-0.529534	-0.0305956	2.33333
SRX8089675	TFs and others	MED1	Prostate	VCaP	1589	46/483	2/49	-0.529534	-0.0305956	2.33333
SRX8570921	TFs and others	HAP1	Blood	KBM-7	27217	46/483	2/49	-0.529534	-0.0305956	2.33333
SRX8570932	TFs and others	HAP1	Blood	KBM-7	28183	46/483	2/49	-0.529534	-0.0305956	2.33333
SRX890396	TFs and others	KDM1A	Lung	NCI-H526	4861	46/483	2/49	-0.529534	-0.0305956	2.33333
SRX9513905	TFs and others	FOXA1	Prostate	LNCAP	17638	46/483	2/49	-0.529534	-0.0305956	2.33333
SRX9550927	TFs and others	FOXA1	Prostate	Prostate cancer	9404	46/483	2/49	-0.529534	-0.0305956	2.33333
ERX1149077	TFs and others	CTCF	Blood	KU812	17369	44/483	2/49	-0.528922	-0.0305956	2.23188
SRX080399	TFs and others	CTCF	Cardiovascular	AoAF	15546	44/483	2/49	-0.528922	-0.0305956	2.23188
SRX1012628	TFs and others	ESR1	Breast	MCF-7	16157	44/483	2/49	-0.528922	-0.0305956	2.23188
SRX1089832	TFs and others	SPI1	Blood	Hematopoietic Stem Cells	13304	44/483	2/49	-0.528922	-0.0305956	2.23188
SRX11312426	TFs and others	SMC3	Lung	A549	23698	44/483	2/49	-0.528922	-0.0305956	2.23188
SRX1950177	TFs and others	CTCF	Prostate	VCaP	23603	44/483	2/49	-0.528922	-0.0305956	2.23188
SRX199864	TFs and others	CTCF	Blood	GM12865	24049	44/483	2/49	-0.528922	-0.0305956	2.23188
SRX384488	TFs and others	XBP1	Breast	MDA-MB-231	2047	44/483	2/49	-0.528922	-0.0305956	2.23188
SRX3927297	TFs and others	DPF2	Blood	MOLM-13	28821	44/483	2/49	-0.528922	-0.0305956	2.23188
SRX4958404	TFs and others	CTCF	Kidney	293	30383	44/483	2/49	-0.528922	-0.0305956	2.23188
SRX4958407	TFs and others	CTCF	Kidney	293	27257	44/483	2/49	-0.528922	-0.0305956	2.23188
SRX5287711	TFs and others	Biotin	Breast	MCF-7	3051	44/483	2/49	-0.528922	-0.0305956	2.23188
SRX5883952	TFs and others	CTCF	Blood	Multiple Myeloma	23887	44/483	2/49	-0.528922	-0.0305956	2.23188
SRX8616999	TFs and others	TET2	Breast	MCF-7	9520	44/483	2/49	-0.528922	-0.0305956	2.23188
SRX9513900	TFs and others	FOXA1	Prostate	LNCAP	17889	44/483	2/49	-0.528922	-0.0305956	2.23188
SRX9513904	TFs and others	FOXA1	Prostate	LNCAP	22112	44/483	2/49	-0.528922	-0.0305956	2.23188
SRX4404392	TFs and others	MYCN	Prostate	LNCAP	11634	256/483	22/49	-0.527864	-0.0305956	1.1805
SRX7549661	TFs and others	TFAP2C	Pluripotent stem cell	hESC UCLA1	29366	265/483	23/49	-0.52774	-0.0305956	1.16887
SRX10722431	TFs and others	BCL11B	Blood	T-ALL	7216	218/483	26/49	-0.52774	-0.0305956	0.850613
SRX1497396	TFs and others	E2F1	Blood	RAJI	4463	218/483	26/49	-0.52774	-0.0305956	0.850613
SRX080333	TFs and others	CTCF	Blood	GM12875	14451	47/483	2/49	-0.527369	-0.0305956	2.38406
SRX10119142	TFs and others	CREBBP	Blood	MV-4-11	1569	47/483	2/49	-0.527369	-0.0305956	2.38406
SRX1134749	TFs and others	BRD4	Blood	MV-4-11	1518	47/483	2/49	-0.527369	-0.0305956	2.38406
SRX1427029	TFs and others	TET2	Kidney	293	4724	47/483	2/49	-0.527369	-0.0305956	2.38406
SRX1744958	TFs and others	CTCF	Blood	THP-1	17106	47/483	2/49	-0.527369	-0.0305956	2.38406
SRX199879	TFs and others	CTCF	Digestive tract	HCT 116	25076	47/483	2/49	-0.527369	-0.0305956	2.38406
SRX248763	TFs and others	Epitope tags	Uterus	HeLa	12834	47/483	2/49	-0.527369	-0.0305956	2.38406
SRX323398	TFs and others	ESR1	Breast	MCF-7	9128	47/483	2/49	-0.527369	-0.0305956	2.38406
SRX4119719	TFs and others	Epitope tags	Kidney	293	749	47/483	2/49	-0.527369	-0.0305956	2.38406
SRX5089391	TFs and others	ARID1A	Breast	MCF-7	13044	47/483	2/49	-0.527369	-0.0305956	2.38406
SRX5574362	TFs and others	SPI1	Blood	Dendritic Cells	36205	47/483	2/49	-0.527369	-0.0305956	2.38406
SRX5574385	TFs and others	SPI1	Blood	NB-4	14847	47/483	2/49	-0.527369	-0.0305956	2.38406
SRX7015671	TFs and others	RNF2	Others	Fibroblasts	2863	47/483	2/49	-0.527369	-0.0305956	2.38406
SRX8089676	TFs and others	MED1	Prostate	VCaP	1873	47/483	2/49	-0.527369	-0.0305956	2.38406
SRX9095263	TFs and others	RAD21	Pluripotent stem cell	hESC H9	26029	47/483	2/49	-0.527369	-0.0305956	2.38406
SRX968414	TFs and others	ARNT	Kidney	786-O	2650	47/483	2/49	-0.527369	-0.0305956	2.38406
SRX8449942	TFs and others	BAHCC1	Blood	Jurkat	25122	412/483	39/49	-0.526899	-0.0305956	1.07172
SRX4059544	TFs and others	EHF	Prostate	RWPE-1	9516	71/483	10/49	-0.526899	-0.0305956	0.72029
SRX150626	TFs and others	CCNT2	Blood	K-562	11614	246/483	21/49	-0.52655	-0.0305956	1.18841
SRX334263	TFs and others	E2F1	Unclassified	Unclassified	5884	237/483	28/49	-0.52655	-0.0305956	0.858696
SRX4417524	TFs and others	BRD4	Pluripotent stem cell	hESC derived neural cells	4453	237/483	28/49	-0.52655	-0.0305956	0.858696
SRX6366603	TFs and others	Epitope tags	Uterus	Ishikawa	3505	228/483	27/49	-0.52523	-0.0305956	0.856683
SRX2436039	TFs and others	OTX2	Neural	D341 Med	10222	23/483	4/49	-0.524145	-0.0305956	0.583333
SRX6367585	TFs and others	SUMO2	Kidney	293	1592	23/483	4/49	-0.524145	-0.0305956	0.583333
ERX1149107	TFs and others	CTCF	Blood	KU812	17423	48/483	2/49	-0.523659	-0.0305956	2.43478
SRX10119375	TFs and others	YAP1	Breast	MCF 10A	19643	48/483	2/49	-0.523659	-0.0305956	2.43478
SRX1885188	TFs and others	FOXA1	Prostate	LNCAP	74914	48/483	2/49	-0.523659	-0.0305956	2.43478
SRX4174623	TFs and others	CTCF	Neural	Neurons	10741	48/483	2/49	-0.523659	-0.0305956	2.43478
SRX4525861	TFs and others	SMARCA4	Blood	MOLM-13	32337	48/483	2/49	-0.523659	-0.0305956	2.43478
SRX4958405	TFs and others	CTCF	Kidney	293	31469	48/483	2/49	-0.523659	-0.0305956	2.43478
SRX5089449	TFs and others	ESR1	Breast	MCF-7	14206	48/483	2/49	-0.523659	-0.0305956	2.43478
SRX5089455	TFs and others	ESR1	Breast	MCF-7	4423	48/483	2/49	-0.523659	-0.0305956	2.43478
SRX5574363	TFs and others	SPI1	Blood	Dendritic Cells	43358	48/483	2/49	-0.523659	-0.0305956	2.43478
SRX7582521	TFs and others	BRD4	Muscle	RH-4	2133	48/483	2/49	-0.523659	-0.0305956	2.43478
SRX8151647	TFs and others	ARNTL	Adipocyte	Preadipocytes	1527	48/483	2/49	-0.523659	-0.0305956	2.43478
SRX8536126	TFs and others	GATA1	Blood	HUDEP-2	17090	48/483	2/49	-0.523659	-0.0305956	2.43478
SRX8861814	TFs and others	ESR1	Breast	T-47D	7811	48/483	2/49	-0.523659	-0.0305956	2.43478
SRX9317684	TFs and others	CEBPA	Blood	Fujioka	16786	48/483	2/49	-0.523659	-0.0305956	2.43478
SRX10881822	TFs and others	SS18L1	Others	BT-16	9543	126/483	9/49	-0.520698	-0.0305956	1.42029
SRX4611740	TFs and others	ESR1	Breast	MCF-7	41604	125/483	9/49	-0.520552	-0.0305956	1.40902
SRX2901942	TFs and others	ESR1	Uterus	Ishikawa	7205	127/483	9/49	-0.520143	-0.0305956	1.43156
SRX070885	TFs and others	ZNF143	Blood	CUTLL1	5567	121/483	16/49	-0.518897	-0.0305956	0.76721
SRX190177	TFs and others	STAT5A	Blood	GM12878	6901	44/483	7/49	-0.518506	-0.0305956	0.637681
SRX8299815	TFs and others	CTR9	Bone	U2OS	1008	44/483	7/49	-0.518506	-0.0305956	0.637681
SRX9556497	TFs and others	GATA3	Breast	MDA-MB-231	21644	123/483	9/49	-0.518145	-0.0305956	1.38647
SRX150585	TFs and others	NFYA	Blood	GM12878	1488	122/483	16/49	-0.516973	-0.0305956	0.773551
SRX190218	TFs and others	SRF	Uterus	ECC-1	7473	122/483	16/49	-0.516973	-0.0305956	0.773551
SRX3229189	TFs and others	PGR	Breast	Breast cancer	14685	122/483	16/49	-0.516973	-0.0305956	0.773551
ERX200513	TFs and others	CTCF	Blood	B cells	8308	10/483	2/49	-0.516282	-0.0305956	0.507246
SRX155731	TFs and others	HSF1	Breast	MCF 10A	788	10/483	2/49	-0.516282	-0.0305956	0.507246
SRX2164788	TFs and others	NKX2-1	Lung	A549	655	10/483	2/49	-0.516282	-0.0305956	0.507246
SRX4116063	TFs and others	ESR1	Uterus	Endometrium cancer	710	10/483	2/49	-0.516282	-0.0305956	0.507246
SRX6027741	TFs and others	FOXA1	Breast	MCF-7	1968	10/483	2/49	-0.516282	-0.0305956	0.507246
SRX701982	TFs and others	FOXA2	Pluripotent stem cell	hESC derived mesendodermal cells	5512	10/483	2/49	-0.516282	-0.0305956	0.507246
SRX028645	TFs and others	ELK4	Uterus	HeLa	1309	45/483	7/49	-0.512022	-0.0305956	0.652174
SRX1116523	TFs and others	ESR1	Breast	MCF-7	835	45/483	7/49	-0.512022	-0.0305956	0.652174
SRX3437462	TFs and others	NRF1	Uterus	HeLa	1438	45/483	7/49	-0.512022	-0.0305956	0.652174
SRX7262418	TFs and others	FOXA1	Others	Bladder cancer	7292	45/483	7/49	-0.512022	-0.0305956	0.652174
SRX218420	TFs and others	NFE2	Blood	Erythroid Cells	42190	359/483	33/49	-0.511169	-0.0305956	1.10365
SRX199890	TFs and others	CTCF	Neural	HAc	33716	81/483	5/49	-0.509994	-0.0305956	1.64348
SRX4143070	TFs and others	TAF1	Blood	Kasumi-1	4722	81/483	5/49	-0.509994	-0.0305956	1.64348
SRX4611735	TFs and others	ESR1	Breast	MCF-7	45157	81/483	5/49	-0.509994	-0.0305956	1.64348
SRX4611744	TFs and others	ESR1	Breast	MCF-7	45130	81/483	5/49	-0.509994	-0.0305956	1.64348
SRX6888830	TFs and others	CTCF	Uterus	HeLa	28625	81/483	5/49	-0.509994	-0.0305956	1.64348
SRX3751778	TFs and others	DDIT3	Adipocyte	402-91	16148	82/483	5/49	-0.509054	-0.0305956	1.66377
SRX4284007	TFs and others	CTCF	Blood	B cells	36203	82/483	5/49	-0.509054	-0.0305956	1.66377
SRX4672370	TFs and others	ARNT	Lung	A549	1925	82/483	5/49	-0.509054	-0.0305956	1.66377
SRX627428	TFs and others	SPI1	Blood	Dendritic Cells	53273	82/483	5/49	-0.509054	-0.0305956	1.66377
SRX8570934	TFs and others	HAP1	Blood	KBM-7	40391	82/483	5/49	-0.509054	-0.0305956	1.66377
SRX080375	TFs and others	CTCF	Digestive tract	HEEpiC	34184	79/483	5/49	-0.508999	-0.0305956	1.6029
SRX080395	TFs and others	CTCF	Cardiovascular	HCFaa	36212	79/483	5/49	-0.508999	-0.0305956	1.6029
SRX080415	TFs and others	CTCF	Epidermis	BJ	28458	79/483	5/49	-0.508999	-0.0305956	1.6029
SRX3800710	TFs and others	CTCF	Breast	T-47D	31677	79/483	5/49	-0.508999	-0.0305956	1.6029
SRX190285	TFs and others	ETS1	Lung	A549	4698	125/483	16/49	-0.507335	-0.0305956	0.792572
SRX295035	TFs and others	MECP2	Lung	IMR-90	2181	83/483	5/49	-0.507183	-0.0305956	1.68406
SRX5234512	TFs and others	SMARCA4	Kidney	TTC1240	14864	83/483	5/49	-0.507183	-0.0305956	1.68406
SRX6828388	TFs and others	CTCF	Blood	K-562	39140	83/483	5/49	-0.507183	-0.0305956	1.68406
SRX3288566	TFs and others	NANOG	Pluripotent stem cell	hESC H9	29255	78/483	11/49	-0.504414	-0.0305956	0.719368
SRX2900156	TFs and others	KDM6A	Breast	CAL-51	1354	46/483	7/49	-0.504332	-0.0305956	0.666667
SRX6977274	TFs and others	LIN28B	Neural	CHP-134	1285	46/483	7/49	-0.504332	-0.0305956	0.666667
SRX2897203	TFs and others	ESR1	Breast	Breast cancer cells	816	24/483	4/49	-0.503738	-0.0305956	0.608696
SRX4976909	TFs and others	TP63	Epidermis	Keratinocytes	21740	24/483	4/49	-0.503738	-0.0305956	0.608696
SRX7031581	TFs and others	EGR1	Blood	Monocytes	278	24/483	4/49	-0.503738	-0.0305956	0.608696
SRX8406540	TFs and others	HOXB13	Prostate	Prostate	9894	24/483	4/49	-0.503738	-0.0305956	0.608696
SRX8520794	TFs and others	STAT3	Breast	HCC1937	1683	24/483	4/49	-0.503738	-0.0305956	0.608696
SRX5089503	TFs and others	HDAC1	Breast	MCF-7	4724	136/483	10/49	-0.5036	-0.0305956	1.37971
SRX1212237	TFs and others	CREB1	Prostate	LNCAP	7583	347/483	39/49	-0.5036	-0.0305956	0.902638
SRX116422	TFs and others	HDAC1	Blood	K-562	6105	135/483	10/49	-0.503483	-0.0305956	1.36957
SRX4472654	TFs and others	EP300	Blood	Kasumi-1	12179	135/483	10/49	-0.503483	-0.0305956	1.36957
SRX7807106	TFs and others	CTCF	Adipocyte	Adipocytes	38168	135/483	10/49	-0.503483	-0.0305956	1.36957
SRX1165103	TFs and others	Epitope tags	Liver	Hep G2	14965	348/483	39/49	-0.503483	-0.0305956	0.90524
SRX1161174	TFs and others	FOXA1	Breast	MCF-7	25263	137/483	10/49	-0.503077	-0.0305956	1.38986
SRX3098195	TFs and others	RUNX1T1	Blood	Kasumi-1	7712	137/483	10/49	-0.503077	-0.0305956	1.38986
SRX5089497	TFs and others	HDAC1	Breast	MCF-7	5681	134/483	10/49	-0.50272	-0.0305956	1.35942
SRX7549660	TFs and others	TFAP2C	Pluripotent stem cell	hESC UCLA1	10942	133/483	10/49	-0.501311	-0.0305956	1.34928
SRX7805899	TFs and others	NIPBL	Epidermis	Dermal fibroblast	4032	133/483	10/49	-0.501311	-0.0305956	1.34928
SRX9206193	TFs and others	KDM6A	Digestive tract	HCT 116	4800	133/483	10/49	-0.501311	-0.0305956	1.34928
SRX1287844	TFs and others	CDK8	Blood	MOLM-14	50871	350/483	39/49	-0.501311	-0.0305956	0.910442
SRX9419922	TFs and others	BRD4	Breast	SK-BR-3	30601	350/483	39/49	-0.501311	-0.0305956	0.910442
SRX6935374	TFs and others	MYCN	Neural	LA-N-5	21918	404/483	38/49	-0.500784	-0.0305956	1.07857
SRX8299829	TFs and others	MYC	Bone	U2OS	37170	404/483	38/49	-0.500784	-0.0305956	1.07857
SRX6483126	TFs and others	SMARCA4	Neural	NGP	4915	79/483	11/49	-0.500784	-0.0305956	0.72859
SRX150445	TFs and others	E2F4	Uterus	HeLa	2642	132/483	17/49	-0.50014	-0.0305956	0.787724
SRX2267452	TFs and others	BRD4	Digestive tract	NCI-N87	13093	132/483	17/49	-0.50014	-0.0305956	0.787724
SRX1079383	TFs and others	SUMO2	Prostate	VCaP	16412	80/483	11/49	-0.496337	-0.0305956	0.737813
SRX4193147	TFs and others	ESR1	Breast	MCF-7	5009	80/483	11/49	-0.496337	-0.0305956	0.737813
SRX8090646	TFs and others	BRD4	Others	Synoviocytes	4712	80/483	11/49	-0.496337	-0.0305956	0.737813
SRX4065875	TFs and others	CTCF	Breast	MCF-7	32925	436/483	42/49	-0.495565	-0.0305956	1.05314
SRX1067066	TFs and others	AR	Prostate	LHSAR	135710	47/483	7/49	-0.495565	-0.0305956	0.681159
SRX2537516	TFs and others	BRD2	Epidermis	SK-MEL-147	18741	349/483	32/49	-0.494781	-0.0305956	1.10643
SRX3852898	TFs and others	NELFA	Blood	K-562	12018	349/483	32/49	-0.494781	-0.0305956	1.10643
SRX017860	TFs and others	RELA	Blood	GM19193	1843	3/483	1/49	-0.493015	-0.0305956	0.304348
SRX2023698	TFs and others	GATA4	Pluripotent stem cell	iPS derived cardiac cells	2785	3/483	1/49	-0.493015	-0.0305956	0.304348
SRX2188685	TFs and others	BRCA1	Lung	IMR-90	188	3/483	1/49	-0.493015	-0.0305956	0.304348
SRX10881816	TFs and others	BRD9	Kidney	G-401	17965	348/483	32/49	-0.49124	-0.0305956	1.10326
SRX250092	TFs and others	AR	Breast	MDA-MB-453	37368	402/483	38/49	-0.491121	-0.0305956	1.07323
SRX1721565	TFs and others	KDM5A	Breast	T-47D	3486	81/483	11/49	-0.491121	-0.0305956	0.747036
SRX2188672	TFs and others	BRCA1	Bone	TC-32	2450	81/483	11/49	-0.491121	-0.0305956	0.747036
SRX6913048	TFs and others	BRD4	Blood	THP-1	8230	146/483	11/49	-0.489247	-0.0305956	1.34651
SRX288274	TFs and others	GATA6	Pancreas	PA-TU-8988S	7556	145/483	11/49	-0.489159	-0.0305956	1.33729
SRX9468651	TFs and others	AR	Prostate	LNCAP	54326	145/483	11/49	-0.489159	-0.0305956	1.33729
SRX7750230	TFs and others	YY1	Blood	T-ALL	9061	144/483	11/49	-0.488475	-0.0305956	1.32806
SRX6913076	TFs and others	BRD3	Blood	K-562	5282	143/483	11/49	-0.487193	-0.0305956	1.31884
SRX1161208	TFs and others	FOXA1	Breast	T-47D	3195	136/483	17/49	-0.487157	-0.0305956	0.811594
SRX7030925	TFs and others	KDM4C	Breast	MCF-7	1585	136/483	17/49	-0.487157	-0.0305956	0.811594
SRX392820	TFs and others	EP300	Blood	GM12878	16491	48/483	7/49	-0.485853	-0.0305956	0.695652
SRX702133	TFs and others	THAP11	Pluripotent stem cell	hESC derived ectodermal cells	1035	48/483	7/49	-0.485853	-0.0305956	0.695652
SRX6066491	TFs and others	POLR2C	Digestive tract	HCT 116	17991	401/483	38/49	-0.48519	-0.0305956	1.07056
SRX1058474	TFs and others	EP400	Epidermis	MKL-1	3009	82/483	11/49	-0.48519	-0.0305956	0.756258
SRX190243	TFs and others	SP2	Liver	Hep G2	2015	143/483	18/49	-0.483741	-0.0305956	0.805958
SRX017913	TFs and others	RELA	Blood	GM12891	7968	25/483	4/49	-0.48285	-0.0305956	0.634058
SRX10333911	TFs and others	SUPT5H	Digestive tract	DLD-1	1161	25/483	4/49	-0.48285	-0.0305956	0.634058
SRX150474	TFs and others	GTF2B	Blood	K-562	1023	25/483	4/49	-0.48285	-0.0305956	0.634058
SRX3837518	TFs and others	SRF	Blood	HEL	4294	25/483	4/49	-0.48285	-0.0305956	0.634058
SRX4174971	TFs and others	PPARG	Adipocyte	Adipocytes	8840	25/483	4/49	-0.48285	-0.0305956	0.634058
SRX535456	TFs and others	HEXIM1	Epidermis	A-375	515	25/483	4/49	-0.48285	-0.0305956	0.634058
SRX8333285	TFs and others	BAP1	Lung	NCI-H1963	344	25/483	4/49	-0.48285	-0.0305956	0.634058
SRX334265	TFs and others	E2F1	Unclassified	Unclassified	3225	144/483	18/49	-0.480959	-0.0305956	0.811594
SRX10760648	TFs and others	NCOR1	Blood	MM.1S	22216	91/483	6/49	-0.478701	-0.0305956	1.53865
SRX3591825	TFs and others	MEF2C	Blood	MOLM-13	33444	91/483	6/49	-0.478701	-0.0305956	1.53865
SRX4611716	TFs and others	ESR1	Breast	MCF-7	39431	91/483	6/49	-0.478701	-0.0305956	1.53865
SRX518680	TFs and others	SPI1	Blood	NCI-H929	10313	91/483	6/49	-0.478701	-0.0305956	1.53865
SRX1047416	TFs and others	SOX2	Pluripotent stem cell	hESC derived neural cells	33236	90/483	6/49	-0.478668	-0.0305956	1.52174
SRX3075718	TFs and others	DNMT3A	Breast	MCF-7	17594	90/483	6/49	-0.478668	-0.0305956	1.52174
SRX3468012	TFs and others	ARID2	Others	Aska	3062	90/483	6/49	-0.478668	-0.0305956	1.52174
SRX4611720	TFs and others	ESR1	Breast	MCF-7	41114	90/483	6/49	-0.478668	-0.0305956	1.52174
SRX8536123	TFs and others	GATA1	Blood	HUDEP-2	26315	90/483	6/49	-0.478668	-0.0305956	1.52174
SRX9178834	TFs and others	HAP1	Blood	HAP1	6164	90/483	6/49	-0.478668	-0.0305956	1.52174
SRX7692437	TFs and others	POLR2C	Digestive tract	HCT 116	18669	400/483	38/49	-0.478597	-0.0305956	1.06789
ERX989298	TFs and others	CTCF	Blood	K-562	39309	92/483	6/49	-0.477927	-0.0305956	1.55556
SRX023216	TFs and others	ETV1	Digestive tract	GIST48	6383	92/483	6/49	-0.477927	-0.0305956	1.55556
SRX4611721	TFs and others	ESR1	Breast	MCF-7	43095	92/483	6/49	-0.477927	-0.0305956	1.55556
SRX067470	TFs and others	CTCF	Blood	K-562	37233	89/483	6/49	-0.477818	-0.0305956	1.50483
SRX5574364	TFs and others	SPI1	Blood	Dendritic Cells	64281	89/483	6/49	-0.477818	-0.0305956	1.50483
SRX9317679	TFs and others	HDAC1	Blood	Fujioka	5990	89/483	6/49	-0.477818	-0.0305956	1.50483
SRX1711343	TFs and others	INTS12	Lung	Bronchial epithelial cells	10927	338/483	31/49	-0.477647	-0.0305956	1.10612
SRX359946	TFs and others	NFYC	Digestive tract	LoVo	2134	145/483	18/49	-0.477647	-0.0305956	0.81723
SRX5323892	TFs and others	STAT3	Breast	T-47D	31528	327/483	37/49	-0.47717	-0.0305956	0.896592
SRX6780865	TFs and others	CREB1	Pluripotent stem cell	iPS derived neural cells	9637	328/483	37/49	-0.477113	-0.0305956	0.899334
SRX10760632	TFs and others	BRD4	Blood	MM.1S	12641	157/483	12/49	-0.476671	-0.0305956	1.32729
ERX989278	TFs and others	CTCF	Blood	K-562	38518	93/483	6/49	-0.476363	-0.0305956	1.57246
SRX1758480	TFs and others	NELFE	Breast	MCF-7	2270	93/483	6/49	-0.476363	-0.0305956	1.57246
SRX3584202	TFs and others	CEBPB	Gonad	Epididymis	37004	93/483	6/49	-0.476363	-0.0305956	1.57246
SRX5514044	TFs and others	MED12	Uterus	Uterin leiomyoma	1717	49/483	7/49	-0.475326	-0.0305956	0.710145
SRX7031583	TFs and others	EGR1	Blood	Monocytes	572	49/483	7/49	-0.475326	-0.0305956	0.710145
SRX7141992	TFs and others	O-GlcNAc	Adipocyte	Adipocytes	1132	49/483	7/49	-0.475326	-0.0305956	0.710145
SRX10881847	TFs and others	SS18	Others	BT-16	24864	331/483	30/49	-0.474033	-0.0305956	1.11932
SRX1165099	TFs and others	CREB1	Liver	Hep G2	3971	152/483	19/49	-0.474033	-0.0305956	0.811594
SRX150593	TFs and others	ZNF143	Pluripotent stem cell	hESC H1	28407	152/483	19/49	-0.474033	-0.0305956	0.811594
SRX3856999	TFs and others	JUN	Breast	MDA-MB-231	24152	395/483	37/49	-0.474032	-0.0305956	1.08304
SRX7677723	TFs and others	SUPT5H	Digestive tract	DLD-1	17114	395/483	37/49	-0.474032	-0.0305956	1.08304
SRX3631511	TFs and others	ETS1	Others	SCC-25	4167	88/483	12/49	-0.474032	-0.0305956	0.743961
SRX5574508	TFs and others	SPI1	Blood	TALL-1	66876	88/483	12/49	-0.474032	-0.0305956	0.743961
SRX1892834	TFs and others	TFAP4	Digestive tract	SNU-1750	27215	330/483	30/49	-0.471914	-0.0305956	1.11594
SRX2436050	TFs and others	OTX2	Neural	D341 Med	20573	153/483	19/49	-0.471914	-0.0305956	0.816934
SRX2194281	TFs and others	BRD4	Breast	SUM 159PT	8874	89/483	12/49	-0.470964	-0.0305956	0.752415
SRX4708035	TFs and others	RBM22	Liver	Hep G2	5541	89/483	12/49	-0.470964	-0.0305956	0.752415
SRX4786554	TFs and others	KMT2C	Breast	MCF-7	9460	89/483	12/49	-0.470964	-0.0305956	0.752415
SRX190229	TFs and others	TAF1	Neural	SK-N-SH	11522	329/483	30/49	-0.469279	-0.0305956	1.11256
SRX244178	TFs and others	MED1	Blood	MM.1S	13892	329/483	30/49	-0.469279	-0.0305956	1.11256
SRX5503032	TFs and others	Epitope tags	Kidney	293	15237	329/483	30/49	-0.469279	-0.0305956	1.11256
SRX1510970	TFs and others	ZNF143	Breast	MCF-7	6531	154/483	19/49	-0.469279	-0.0305956	0.822273
SRX2510812	TFs and others	NELFA	Uterus	HeLa	5374	154/483	19/49	-0.469279	-0.0305956	0.822273
ERX1149064	TFs and others	CTCF	Blood	HEL 92.1.7	26695	55/483	3/49	-0.468299	-0.0305956	1.8599
ERX1149094	TFs and others	CTCF	Blood	HEL 92.1.7	26739	55/483	3/49	-0.468299	-0.0305956	1.8599
SRX1026681	TFs and others	CTCF	Pancreas	PANC-1	27060	55/483	3/49	-0.468299	-0.0305956	1.8599
SRX1027439	TFs and others	CEBPB	Others	Mesenchymal stem cells	24778	55/483	3/49	-0.468299	-0.0305956	1.8599
SRX2745846	TFs and others	Epitope tags	Breast	MCF 10A	20807	55/483	3/49	-0.468299	-0.0305956	1.8599
SRX4001885	TFs and others	CTCF	Blood	THP-1	18084	55/483	3/49	-0.468299	-0.0305956	1.8599
SRX4001889	TFs and others	CTCF	Blood	THP-1	16170	55/483	3/49	-0.468299	-0.0305956	1.8599
SRX4451214	TFs and others	ESR1	Breast	MCF-7	32903	55/483	3/49	-0.468299	-0.0305956	1.8599
SRX4815187	TFs and others	CTNNB1	Breast	MCF-7	2129	55/483	3/49	-0.468299	-0.0305956	1.8599
SRX5075175	TFs and others	SMARCA4	Neural	Neural progenitor cells	20774	55/483	3/49	-0.468299	-0.0305956	1.8599
SRX5089385	TFs and others	ARID1A	Breast	MCF-7	15778	55/483	3/49	-0.468299	-0.0305956	1.8599
SRX6960081	TFs and others	CTCF	Uterus	HeLa	30436	55/483	3/49	-0.468299	-0.0305956	1.8599
SRX7897898	TFs and others	CTCF	Breast	MDA-MB-231	27451	55/483	3/49	-0.468299	-0.0305956	1.8599
SRX8089633	TFs and others	FOXA1	Prostate	VCaP	35305	55/483	3/49	-0.468299	-0.0305956	1.8599
SRX8570926	TFs and others	HAP1	Blood	KBM-7	29896	55/483	3/49	-0.468299	-0.0305956	1.8599
SRX9513902	TFs and others	FOXA1	Prostate	LNCAP	18899	55/483	3/49	-0.468299	-0.0305956	1.8599
SRX10119384	TFs and others	JUNB	Breast	MCF 10A	15047	11/483	2/49	-0.468266	-0.0305956	0.557971
SRX3001599	TFs and others	FOXA1	Unclassified	Unclassified	1478	11/483	2/49	-0.468266	-0.0305956	0.557971
DRX044426	TFs and others	CTCF	Blood	T cells	27950	56/483	3/49	-0.468093	-0.0305956	1.89372
SRX080368	TFs and others	CTCF	Blood	GM06990	29621	56/483	3/49	-0.468093	-0.0305956	1.89372
SRX080404	TFs and others	CTCF	Blood	GM12874	29206	56/483	3/49	-0.468093	-0.0305956	1.89372
SRX150726	TFs and others	RAD21	Liver	Hep G2	31562	56/483	3/49	-0.468093	-0.0305956	1.89372
SRX1744959	TFs and others	CTCF	Blood	THP-1	24092	56/483	3/49	-0.468093	-0.0305956	1.89372
SRX199894	TFs and others	CTCF	Kidney	RPTEC	37208	56/483	3/49	-0.468093	-0.0305956	1.89372
SRX2731315	TFs and others	PAF1	Digestive tract	HCT 116	2381	56/483	3/49	-0.468093	-0.0305956	1.89372
SRX2937339	TFs and others	SMARCA4	Blood	J-Lat A72	1046	56/483	3/49	-0.468093	-0.0305956	1.89372
SRX2944444	TFs and others	MYC	Breast	MCF 10A	3028	56/483	3/49	-0.468093	-0.0305956	1.89372
SRX3040147	TFs and others	STAG1	Breast	HMEC	33563	56/483	3/49	-0.468093	-0.0305956	1.89372
SRX4819697	TFs and others	CTCF	Prostate	DU 145	24072	56/483	3/49	-0.468093	-0.0305956	1.89372
SRX4890467	TFs and others	CTCF	Blood	Kasumi-1	19660	56/483	3/49	-0.468093	-0.0305956	1.89372
SRX5848179	TFs and others	CTCF	Blood	K-562	30866	56/483	3/49	-0.468093	-0.0305956	1.89372
SRX682380	TFs and others	FLI1	Blood	TSU-1621MT	1655	56/483	3/49	-0.468093	-0.0305956	1.89372
SRX790969	TFs and others	NFKB1	Blood	L-1236	11026	56/483	3/49	-0.468093	-0.0305956	1.89372
SRX031246	TFs and others	CTCF	Cardiovascular	HUVEC	38337	54/483	3/49	-0.467288	-0.0305956	1.82609
SRX102980	TFs and others	CTCF	Cardiovascular	HUVEC	38317	54/483	3/49	-0.467288	-0.0305956	1.82609
SRX150658	TFs and others	RCOR1	Liver	Hep G2	2334	54/483	3/49	-0.467288	-0.0305956	1.82609
SRX3229172	TFs and others	AR	Breast	Breast cancer	3686	54/483	3/49	-0.467288	-0.0305956	1.82609
SRX3478025	TFs and others	CTCF	Uterus	HeLa	19580	54/483	3/49	-0.467288	-0.0305956	1.82609
SRX4003759	TFs and others	ESRRG	Pluripotent stem cell	iPS derived cardiac cells	16606	54/483	3/49	-0.467288	-0.0305956	1.82609
SRX4473683	TFs and others	ARID2	Gonad	BIN-67	3247	54/483	3/49	-0.467288	-0.0305956	1.82609
SRX4958391	TFs and others	CTCF	Kidney	293	35212	54/483	3/49	-0.467288	-0.0305956	1.82609
SRX5286327	TFs and others	NANOG	Pluripotent stem cell	ES cells	27971	54/483	3/49	-0.467288	-0.0305956	1.82609
SRX5514038	TFs and others	MED12	Uterus	Myometrium	2158	54/483	3/49	-0.467288	-0.0305956	1.82609
SRX5574346	TFs and others	SPI1	Blood	Neutrophils	21080	54/483	3/49	-0.467288	-0.0305956	1.82609
SRX6175647	TFs and others	RAD21	Bone	TC-71	30106	54/483	3/49	-0.467288	-0.0305956	1.82609
SRX6578937	TFs and others	CTCF	Blood	Jurkat	19596	54/483	3/49	-0.467288	-0.0305956	1.82609
SRX699737	TFs and others	JUN	Cardiovascular	HCASMC	26939	54/483	3/49	-0.467288	-0.0305956	1.82609
SRX8570943	TFs and others	HAP1	Blood	KBM-7	32497	54/483	3/49	-0.467288	-0.0305956	1.82609
SRX9468663	TFs and others	AR	Prostate	LNCAP	94132	54/483	3/49	-0.467288	-0.0305956	1.82609
SRX2900157	TFs and others	KDM6A	Breast	CAL-51	2474	90/483	12/49	-0.467189	-0.0305956	0.76087
SRX4193145	TFs and others	ESR1	Breast	MCF-7	5919	90/483	12/49	-0.467189	-0.0305956	0.76087
SRX4473687	TFs and others	SMARCC1	Gonad	BIN-67	9375	165/483	13/49	-0.466994	-0.0305956	1.28763
SRX080425	TFs and others	CTCF	Blood	GM12864	22970	57/483	3/49	-0.466704	-0.0305956	1.92754
SRX199885	TFs and others	CTCF	Cardiovascular	HCM	27562	57/483	3/49	-0.466704	-0.0305956	1.92754
SRX3230397	TFs and others	PROX1	Liver	Hep G2	22277	57/483	3/49	-0.466704	-0.0305956	1.92754
SRX3482874	TFs and others	RAD21	Pluripotent stem cell	hESC HUES64	46421	57/483	3/49	-0.466704	-0.0305956	1.92754
SRX356438	TFs and others	CTCF	Blood	GM10847	30506	57/483	3/49	-0.466704	-0.0305956	1.92754
SRX356562	TFs and others	CTCF	Blood	GM18505	29469	57/483	3/49	-0.466704	-0.0305956	1.92754
SRX367313	TFs and others	BRD4	Kidney	293	2154	57/483	3/49	-0.466704	-0.0305956	1.92754
SRX4001882	TFs and others	CTCF	Blood	THP-1	19708	57/483	3/49	-0.466704	-0.0305956	1.92754
SRX4708075	TFs and others	PCBP1	Blood	K-562	2771	57/483	3/49	-0.466704	-0.0305956	1.92754
SRX5848165	TFs and others	CTCF	Blood	K-562	33540	57/483	3/49	-0.466704	-0.0305956	1.92754
SRX5848180	TFs and others	CTCF	Blood	K-562	27913	57/483	3/49	-0.466704	-0.0305956	1.92754
SRX6582172	TFs and others	JUN	Others	Fibroblasts	26505	57/483	3/49	-0.466704	-0.0305956	1.92754
SRX1042046	TFs and others	BPTF	Blood	Erythroid Cells	4101	167/483	13/49	-0.466521	-0.0305956	1.30323
SRX8570842	TFs and others	HAP1	Blood	KBM-7	26302	167/483	13/49	-0.466521	-0.0305956	1.30323
SRX10760631	TFs and others	BRD4	Blood	MM.1S	9937	164/483	13/49	-0.466441	-0.0305956	1.27982
SRX5416008	TFs and others	WDR5	Liver	SMMC-7721	22521	164/483	13/49	-0.466441	-0.0305956	1.27982
SRX4377545	TFs and others	BRD2	Breast	SUM 159PT	12755	328/483	30/49	-0.466146	-0.0305956	1.10918
SRX6582164	TFs and others	JUN	Epidermis	BJ-5ta	24643	163/483	13/49	-0.465361	-0.0305956	1.27202
ERX1149049	TFs and others	CTCF	Blood	HEL 92.1.7	26689	58/483	3/49	-0.464179	-0.0305956	1.96135
SRX100498	TFs and others	CTCF	Lung	A549	32293	58/483	3/49	-0.464179	-0.0305956	1.96135
SRX1033279	TFs and others	FOXA1	Prostate	LNCAP	38676	58/483	3/49	-0.464179	-0.0305956	1.96135
SRX1165089	TFs and others	RAD21	Liver	Hep G2	33512	58/483	3/49	-0.464179	-0.0305956	1.96135
SRX2017939	TFs and others	FOXA1	Prostate	22Rv1	25382	58/483	3/49	-0.464179	-0.0305956	1.96135
SRX2642369	TFs and others	FOXA1	Prostate	VCaP	56087	58/483	3/49	-0.464179	-0.0305956	1.96135
SRX3040157	TFs and others	STAG2	Cardiovascular	Coronary artery endothelial cells	22086	58/483	3/49	-0.464179	-0.0305956	1.96135
SRX3091904	TFs and others	ZNF711	Breast	MCF-7	2556	58/483	3/49	-0.464179	-0.0305956	1.96135
SRX3288559	TFs and others	RAD21	Pluripotent stem cell	hESC H9	37471	58/483	3/49	-0.464179	-0.0305956	1.96135
SRX3401283	TFs and others	TEAD1	Breast	T-47D	12012	58/483	3/49	-0.464179	-0.0305956	1.96135
SRX476920	TFs and others	SNAI2	Epidermis	Keratinocytes	5637	58/483	3/49	-0.464179	-0.0305956	1.96135
SRX6916365	TFs and others	CTCF	Kidney	iSLK	28701	58/483	3/49	-0.464179	-0.0305956	1.96135
SRX764809	TFs and others	FOXA2	Pluripotent stem cell	hESC derived mesendodermal cells	10506	58/483	3/49	-0.464179	-0.0305956	1.96135
SRX8536112	TFs and others	GATA1	Blood	HUDEP-2	12880	58/483	3/49	-0.464179	-0.0305956	1.96135
SRX1079389	TFs and others	SUMO2	Prostate	VCaP	16194	162/483	20/49	-0.463973	-0.0305956	0.821739
SRX3230382	TFs and others	FOXA2	Liver	Hep G2	43365	162/483	13/49	-0.463758	-0.0305956	1.26421
SRX684290	TFs and others	INTS3	Uterus	HeLa	7585	162/483	13/49	-0.463758	-0.0305956	1.26421
ERX1276010	TFs and others	CTCF	Blood	UT-7	6347	30/483	1/49	-0.462968	-0.0305956	3.04348
SRX041289	TFs and others	STAT4	Blood	T cells	1532	30/483	1/49	-0.462968	-0.0305956	3.04348
SRX092315	TFs and others	GATA3	Blood	Th2 Cells	5921	30/483	1/49	-0.462968	-0.0305956	3.04348
SRX097074	TFs and others	TCF7L2	Blood	CD34 Hematopoietic stem cells	2258	30/483	1/49	-0.462968	-0.0305956	3.04348
SRX150524	TFs and others	GATA3	Breast	MCF-7	6298	30/483	1/49	-0.462968	-0.0305956	3.04348
SRX1538756	TFs and others	NR1H2	Digestive tract	HT-29	3106	30/483	1/49	-0.462968	-0.0305956	3.04348
SRX1614805	TFs and others	ZNF366	Blood	Dendritic Cells	4003	30/483	1/49	-0.462968	-0.0305956	3.04348
SRX1721486	TFs and others	ETV1	Digestive tract	GIST-T1	836	30/483	1/49	-0.462968	-0.0305956	3.04348
SRX1787676	TFs and others	KMT2C	Breast	MCF-7	7926	30/483	1/49	-0.462968	-0.0305956	3.04348
SRX185893	TFs and others	BCL6	Blood	B cells	1782	30/483	1/49	-0.462968	-0.0305956	3.04348
SRX1967781	TFs and others	SMC1A	Epidermis	Keratinocytes	7554	30/483	1/49	-0.462968	-0.0305956	3.04348
SRX2020840	TFs and others	STAT3	Breast	MDA-MB-231	4071	30/483	1/49	-0.462968	-0.0305956	3.04348
SRX2574236	TFs and others	GATA2	Blood	SKH1	7571	30/483	1/49	-0.462968	-0.0305956	3.04348
SRX265236	TFs and others	CBFB	Blood	Acute myeloid leukemia	787	30/483	1/49	-0.462968	-0.0305956	3.04348
SRX2683609	TFs and others	Epitope tags	Kidney	293	643	30/483	1/49	-0.462968	-0.0305956	3.04348
SRX2912049	TFs and others	ESR1	Breast	MCF-7	1215	30/483	1/49	-0.462968	-0.0305956	3.04348
SRX3001608	TFs and others	FOXA1	Unclassified	Unclassified	8957	30/483	1/49	-0.462968	-0.0305956	3.04348
SRX3461646	TFs and others	KDM1A	Blood	OCI-LY1	2328	30/483	1/49	-0.462968	-0.0305956	3.04348
SRX3591430	TFs and others	BRD4	Blood	B-CLL cells	966	30/483	1/49	-0.462968	-0.0305956	3.04348
SRX360575	TFs and others	KLF5	Digestive tract	GP5d	1365	30/483	1/49	-0.462968	-0.0305956	3.04348
SRX4119730	TFs and others	Epitope tags	Kidney	293	354	30/483	1/49	-0.462968	-0.0305956	3.04348
SRX4155872	TFs and others	SMC1A	Bone	TC-32	10100	30/483	1/49	-0.462968	-0.0305956	3.04348
SRX433194	TFs and others	AR	Kidney	293	51394	30/483	1/49	-0.462968	-0.0305956	3.04348
SRX4451208	TFs and others	ESR1	Breast	MCF-7	10912	30/483	1/49	-0.462968	-0.0305956	3.04348
SRX4802334	TFs and others	HIF1A	Kidney	HKC8	1371	30/483	1/49	-0.462968	-0.0305956	3.04348
SRX5068578	TFs and others	KMT2D	Gonad	BIN-67	1011	30/483	1/49	-0.462968	-0.0305956	3.04348
SRX5141100	TFs and others	CEBPA	Blood	THP-1	22199	30/483	1/49	-0.462968	-0.0305956	3.04348
SRX5236336	TFs and others	MED1	Cardiovascular	HUVEC	1342	30/483	1/49	-0.462968	-0.0305956	3.04348
SRX5287689	TFs and others	YAP1	Breast	MCF-7	5684	30/483	1/49	-0.462968	-0.0305956	3.04348
SRX534845	TFs and others	CHD8	Neural	Neural Stem Cells	1975	30/483	1/49	-0.462968	-0.0305956	3.04348
SRX5577149	TFs and others	Epitope tags	Prostate	LNCAP	26601	30/483	1/49	-0.462968	-0.0305956	3.04348
SRX5718142	TFs and others	TEAD1	Kidney	293	2846	30/483	1/49	-0.462968	-0.0305956	3.04348
SRX7061824	TFs and others	RAD21	Blood	SEM	19572	30/483	1/49	-0.462968	-0.0305956	3.04348
SRX7214026	TFs and others	CREBBP	Epidermis	Keratinocytes	3597	30/483	1/49	-0.462968	-0.0305956	3.04348
SRX7575887	TFs and others	MYC	Blood	RAJI	1131	30/483	1/49	-0.462968	-0.0305956	3.04348
SRX8080557	TFs and others	Epitope tags	Breast	Mammary gland adenocarcinoma	4974	30/483	1/49	-0.462968	-0.0305956	3.04348
SRX8090653	TFs and others	BRD4	Others	Synoviocytes	1510	30/483	1/49	-0.462968	-0.0305956	3.04348
SRX818634	TFs and others	PIAS1	Kidney	293	2369	30/483	1/49	-0.462968	-0.0305956	3.04348
SRX8321655	TFs and others	CDYL2	Breast	MCF-7	6444	30/483	1/49	-0.462968	-0.0305956	3.04348
SRX8336464	TFs and others	GATA4	Pluripotent stem cell	hESC derived pancreatic cells	8154	30/483	1/49	-0.462968	-0.0305956	3.04348
SRX8406529	TFs and others	FOXA1	Prostate	Prostatic Neoplasms, Castration-Resistant	20926	30/483	1/49	-0.462968	-0.0305956	3.04348
SRX8861820	TFs and others	ESR1	Breast	T-47D	4520	30/483	1/49	-0.462968	-0.0305956	3.04348
SRX082163	TFs and others	FOS	Blood	GM12878	966	91/483	12/49	-0.462747	-0.0305956	0.769324
SRX097096	TFs and others	CEBPA	Blood	U-937	15908	31/483	1/49	-0.462076	-0.0305956	3.14493
SRX097106	TFs and others	SMAD1	Blood	K-562	19285	31/483	1/49	-0.462076	-0.0305956	3.14493
SRX100394	TFs and others	REST	Blood	GM12878	4548	31/483	1/49	-0.462076	-0.0305956	3.14493
SRX1011298	TFs and others	TEAD1	Liver	HuCCT1	13634	31/483	1/49	-0.462076	-0.0305956	3.14493
SRX10119170	TFs and others	CREBBP	Blood	MV-4-11	947	31/483	1/49	-0.462076	-0.0305956	3.14493
SRX1053373	TFs and others	CTCF	Pluripotent stem cell	ES cells	4781	31/483	1/49	-0.462076	-0.0305956	3.14493
SRX1067069	TFs and others	AR	Prostate	LHSAR	121269	31/483	1/49	-0.462076	-0.0305956	3.14493
SRX1161201	TFs and others	ESR1	Breast	T-47D	7578	31/483	1/49	-0.462076	-0.0305956	3.14493
SRX150547	TFs and others	JUN	Blood	K-562	2325	31/483	1/49	-0.462076	-0.0305956	3.14493
SRX150624	TFs and others	EP300	Liver	Hep G2	3683	31/483	1/49	-0.462076	-0.0305956	3.14493
SRX1538757	TFs and others	NR1H2	Digestive tract	HT-29	2282	31/483	1/49	-0.462076	-0.0305956	3.14493
SRX154498	TFs and others	CTCF	Prostate	PrEC	21902	31/483	1/49	-0.462076	-0.0305956	3.14493
SRX1585244	TFs and others	ESR1	Breast	LTED cells	6327	31/483	1/49	-0.462076	-0.0305956	3.14493
SRX1614810	TFs and others	ZNF366	Blood	Dendritic Cells	5682	31/483	1/49	-0.462076	-0.0305956	3.14493
SRX1916933	TFs and others	DNMT3A	Epidermis	Epidermal stem cells	771	31/483	1/49	-0.462076	-0.0305956	3.14493
SRX199868	TFs and others	CTCF	Lung	A549	11998	31/483	1/49	-0.462076	-0.0305956	3.14493
SRX253212	TFs and others	ZFX	Neural	Daoy	1274	31/483	1/49	-0.462076	-0.0305956	3.14493
SRX347425	TFs and others	STAT3	Blood	SU-DHL-10	1221	31/483	1/49	-0.462076	-0.0305956	3.14493
SRX3829961	TFs and others	MGA	Lung	A549	915	31/483	1/49	-0.462076	-0.0305956	3.14493
SRX3927295	TFs and others	BRD9	Blood	MOLM-13	5061	31/483	1/49	-0.462076	-0.0305956	3.14493
SRX4001754	TFs and others	CTCF	Blood	Macrophages	13609	31/483	1/49	-0.462076	-0.0305956	3.14493
SRX5089410	TFs and others	SMARCA4	Breast	MCF-7	6176	31/483	1/49	-0.462076	-0.0305956	3.14493
SRX5290904	TFs and others	CTCF	Prostate	LNCAP	22264	31/483	1/49	-0.462076	-0.0305956	3.14493
SRX6582166	TFs and others	LMNA	Others	GM07492	1957	31/483	1/49	-0.462076	-0.0305956	3.14493
SRX668340	TFs and others	FOXM1	Kidney	293	604	31/483	1/49	-0.462076	-0.0305956	3.14493
SRX6852813	TFs and others	SOX2	Lung	LK-2	8425	31/483	1/49	-0.462076	-0.0305956	3.14493
SRX6913065	TFs and others	BRD4	Blood	THP-1	1717	31/483	1/49	-0.462076	-0.0305956	3.14493
SRX6976723	TFs and others	TEAD1	Epidermis	Keratinocytes	8133	31/483	1/49	-0.462076	-0.0305956	3.14493
SRX7807604	TFs and others	GATA3	Unclassified	Unclassified	2443	31/483	1/49	-0.462076	-0.0305956	3.14493
SRX8147140	TFs and others	FOXA2	Prostate	LNCAP	28394	31/483	1/49	-0.462076	-0.0305956	3.14493
SRX8147141	TFs and others	FOXA2	Prostate	LNCAP	28703	31/483	1/49	-0.462076	-0.0305956	3.14493
SRX8272753	TFs and others	ESR2	Breast	MCF-7	6632	31/483	1/49	-0.462076	-0.0305956	3.14493
SRX8520797	TFs and others	STAT3	Breast	MDA-MB-231	4070	31/483	1/49	-0.462076	-0.0305956	3.14493
SRX8616851	TFs and others	JUNB	Lung	A549	5075	31/483	1/49	-0.462076	-0.0305956	3.14493
SRX8617015	TFs and others	ESR1	Breast	MCF-7	6963	31/483	1/49	-0.462076	-0.0305956	3.14493
SRX9571478	TFs and others	Epitope tags	Blood	K-562	4895	31/483	1/49	-0.462076	-0.0305956	3.14493
SRX9600621	TFs and others	G-quadruplex	Blood	K-562	368	31/483	1/49	-0.462076	-0.0305956	3.14493
SRX9600662	TFs and others	G-quadruplex	Blood	K-562	373	31/483	1/49	-0.462076	-0.0305956	3.14493
SRX037946	TFs and others	SMARCA4	Blood	CD34+	791	26/483	4/49	-0.461775	-0.0305956	0.65942
SRX1514999	TFs and others	GFP	Kidney	293	3921	26/483	4/49	-0.461775	-0.0305956	0.65942
SRX2267444	TFs and others	BRD4	Lung	A549	1408	26/483	4/49	-0.461775	-0.0305956	0.65942
SRX2961557	TFs and others	STAT1	Blood	SET-2	1100	26/483	4/49	-0.461775	-0.0305956	0.65942
SRX359969	TFs and others	PBX2	Digestive tract	LoVo	225	26/483	4/49	-0.461775	-0.0305956	0.65942
SRX5212366	TFs and others	SMARCA4	Others	Mel270	24568	26/483	4/49	-0.461775	-0.0305956	0.65942
SRX7785396	TFs and others	Epitope tags	Blood	Jurkat	3157	26/483	4/49	-0.461775	-0.0305956	0.65942
SRX8406545	TFs and others	HOXB13	Prostate	Prostate	8834	26/483	4/49	-0.461775	-0.0305956	0.65942
SRX8538839	TFs and others	KDM5A	Blood	NB-4	1216	26/483	4/49	-0.461775	-0.0305956	0.65942
SRX8949281	TFs and others	NCOA3	Breast	ZR-75-1	38823	54/483	8/49	-0.460575	-0.0305956	0.684783
SRX116438	TFs and others	KDM5B	Blood	K-562	15818	319/483	29/49	-0.459422	-0.0305956	1.11594
SRX8673359	TFs and others	EGR1	Blood	Kasumi-1	13168	319/483	29/49	-0.459422	-0.0305956	1.11594
SRX356479	TFs and others	STAG1	Blood	GM12878	35166	164/483	20/49	-0.459422	-0.0305956	0.831884
SRX036635	TFs and others	ESR1	Bone	U2OS	29489	32/483	1/49	-0.459183	-0.0305956	3.24638
SRX065544	TFs and others	Epitope tags	Kidney	293	3483	32/483	1/49	-0.459183	-0.0305956	3.24638
SRX092306	TFs and others	FOS	Blood	K-562	8164	32/483	1/49	-0.459183	-0.0305956	3.24638
SRX10338560	TFs and others	MLXIP	Blood	NALM-6	2637	32/483	1/49	-0.459183	-0.0305956	3.24638
SRX1165107	TFs and others	RAD21	Breast	MCF-7	24908	32/483	1/49	-0.459183	-0.0305956	3.24638
SRX11668227	TFs and others	CUX1	Blood	K-562	13336	32/483	1/49	-0.459183	-0.0305956	3.24638
SRX1431738	TFs and others	SPI1	Blood	K-562	4624	32/483	1/49	-0.459183	-0.0305956	3.24638
SRX1878903	TFs and others	MYCN	Muscle	Rh-4	786	32/483	1/49	-0.459183	-0.0305956	3.24638
SRX190230	TFs and others	CTCF	Uterus	ECC-1	16417	32/483	1/49	-0.459183	-0.0305956	3.24638
SRX2143792	TFs and others	MYC	Bone	HT-1080	1189	32/483	1/49	-0.459183	-0.0305956	3.24638
SRX262143	TFs and others	HSF1	Blood	M0-91	1634	32/483	1/49	-0.459183	-0.0305956	3.24638
SRX2912055	TFs and others	ESR1	Breast	MCF-7	18352	32/483	1/49	-0.459183	-0.0305956	3.24638
SRX3554402	TFs and others	ESR1	Breast	MDA-MB-134-VI	12418	32/483	1/49	-0.459183	-0.0305956	3.24638
SRX3873716	TFs and others	ELL2	Lung	SW 1271	2185	32/483	1/49	-0.459183	-0.0305956	3.24638
SRX4119729	TFs and others	Epitope tags	Kidney	293	378	32/483	1/49	-0.459183	-0.0305956	3.24638
SRX4802337	TFs and others	EPAS1	Kidney	HKC8	2993	32/483	1/49	-0.459183	-0.0305956	3.24638
SRX4824363	TFs and others	AR	Prostate	22Rv1	8484	32/483	1/49	-0.459183	-0.0305956	3.24638
SRX5089388	TFs and others	ARID1A	Breast	MCF-7	14663	32/483	1/49	-0.459183	-0.0305956	3.24638
SRX5089460	TFs and others	ESR1	Breast	MCF-7	4437	32/483	1/49	-0.459183	-0.0305956	3.24638
SRX5195729	TFs and others	SMARCA4	Uterus	Endometrial epithelial cells	8769	32/483	1/49	-0.459183	-0.0305956	3.24638
SRX5646088	TFs and others	IRF1	Blood	K-562	2826	32/483	1/49	-0.459183	-0.0305956	3.24638
SRX5683078	TFs and others	ESR1	Uterus	Ishikawa	4016	32/483	1/49	-0.459183	-0.0305956	3.24638
SRX5887620	TFs and others	TEAD4	Lung	PC-9	4953	32/483	1/49	-0.459183	-0.0305956	3.24638
SRX6175604	TFs and others	SMC1A	Bone	A-673	15562	32/483	1/49	-0.459183	-0.0305956	3.24638
SRX625677	TFs and others	IKZF1	Blood	ICN1	2285	32/483	1/49	-0.459183	-0.0305956	3.24638
SRX7807127	TFs and others	TEAD1	Adipocyte	Adipocytes	4511	32/483	1/49	-0.459183	-0.0305956	3.24638
SRX8406519	TFs and others	FOXA1	Prostate	Prostatic Neoplasms, Castration-Resistant	27615	32/483	1/49	-0.459183	-0.0305956	3.24638
SRX8616986	TFs and others	ESR1	Breast	AB555	5710	32/483	1/49	-0.459183	-0.0305956	3.24638
SRX9350645	TFs and others	FOS	Epidermis	Melanoma cell line	5017	32/483	1/49	-0.459183	-0.0305956	3.24638
SRX9550896	TFs and others	FOXA1	Prostate	Prostate cancer	9151	32/483	1/49	-0.459183	-0.0305956	3.24638
SRX190303	TFs and others	JUND	Digestive tract	HCT 116	29667	309/483	35/49	-0.458037	-0.0305956	0.895652
SRX1134739	TFs and others	BRD4	Blood	MV-4-11	16538	313/483	28/49	-0.458026	-0.0305956	1.13406
SRX3230406	TFs and others	USF2	Liver	Hep G2	19198	170/483	21/49	-0.458026	-0.0305956	0.821256
SRX7692441	TFs and others	POLR2C	Digestive tract	HCT 116	15724	391/483	37/49	-0.457675	-0.0305956	1.07207
SRX5525778	TFs and others	MYCN	Neural	SH-EP	2370	92/483	12/49	-0.457675	-0.0305956	0.777778
SRX3468008	TFs and others	SMARCC1	Others	Aska	7760	173/483	14/49	-0.457039	-0.0305956	1.25362
SRX1165104	TFs and others	Epitope tags	Liver	Hep G2	10162	310/483	35/49	-0.457039	-0.0305956	0.898551
SRX2770855	TFs and others	SPI1	Blood	Macrophages	88807	318/483	29/49	-0.456429	-0.0305956	1.11244
SRX6060974	TFs and others	KLF5	Digestive tract	ESO-26	12778	318/483	29/49	-0.456429	-0.0305956	1.11244
SRX9730741	TFs and others	BRD4	Blood	THP-1	22108	318/483	29/49	-0.456429	-0.0305956	1.11244
SRX2565135	TFs and others	E2F1	Prostate	LNCAP	17511	428/483	41/49	-0.455958	-0.0305956	1.05903
SRX10657963	TFs and others	Epitope tags	Blood	NALM-6	3498	55/483	8/49	-0.455958	-0.0305956	0.697464
SRX2007813	TFs and others	MEN1	Breast	MCF-7	1752	55/483	8/49	-0.455958	-0.0305956	0.697464
SRX3410386	TFs and others	BRD4	Breast	MDA-MB-231	5014	55/483	8/49	-0.455958	-0.0305956	0.697464
SRX3230414	TFs and others	ZNF281	Liver	Hep G2	19357	172/483	14/49	-0.455542	-0.0305956	1.24638
SRX1165101	TFs and others	Epitope tags	Liver	Hep G2	9774	311/483	35/49	-0.455542	-0.0305956	0.901449
ERX626869	TFs and others	SPI1	Blood	U-937	12893	33/483	1/49	-0.454445	-0.0305956	3.34783
SRX041293	TFs and others	STAT5B	Blood	T cells	3948	33/483	1/49	-0.454445	-0.0305956	3.34783
SRX059360	TFs and others	EP300	Pluripotent stem cell	hESC derived neural crests	2885	33/483	1/49	-0.454445	-0.0305956	3.34783
SRX080367	TFs and others	CTCF	Blood	GM12878	16146	33/483	1/49	-0.454445	-0.0305956	3.34783
SRX080389	TFs and others	CTCF	Digestive tract	HEEpiC	25224	33/483	1/49	-0.454445	-0.0305956	3.34783
SRX1004563	TFs and others	TEAD1	Lung	MSTO-211H	10879	33/483	1/49	-0.454445	-0.0305956	3.34783
SRX10119363	TFs and others	YAP1	Breast	MCF 10A	10488	33/483	1/49	-0.454445	-0.0305956	3.34783
SRX105186	TFs and others	TP63	Epidermis	Keratinocytes	3308	33/483	1/49	-0.454445	-0.0305956	3.34783
SRX10634383	TFs and others	YAP1	Epidermis	Keratinocytes	4787	33/483	1/49	-0.454445	-0.0305956	3.34783
SRX150912	TFs and others	GATA2	Prostate	LNCAP	16164	33/483	1/49	-0.454445	-0.0305956	3.34783
SRX176857	TFs and others	ESR1	Breast	MCF-7	13831	33/483	1/49	-0.454445	-0.0305956	3.34783
SRX1901489	TFs and others	MLL-AF4	Blood	CD19+ leukemic cells	1290	33/483	1/49	-0.454445	-0.0305956	3.34783
SRX2245439	TFs and others	ZEB1	Digestive tract	RKO	1220	33/483	1/49	-0.454445	-0.0305956	3.34783
SRX2355059	TFs and others	ERG	Cardiovascular	HAEC	1826	33/483	1/49	-0.454445	-0.0305956	3.34783
SRX3229192	TFs and others	PGR	Breast	Breast cancer	5655	33/483	1/49	-0.454445	-0.0305956	3.34783
SRX3468026	TFs and others	SS18	Others	Aska	2700	33/483	1/49	-0.454445	-0.0305956	3.34783
SRX3554403	TFs and others	ESR1	Breast	MDA-MB-134-VI	17620	33/483	1/49	-0.454445	-0.0305956	3.34783
SRX359919	TFs and others	SOX9	Digestive tract	LoVo	617	33/483	1/49	-0.454445	-0.0305956	3.34783
SRX383815	TFs and others	AR	Prostate	LNCAP	38500	33/483	1/49	-0.454445	-0.0305956	3.34783
SRX5089452	TFs and others	ESR1	Breast	MCF-7	4968	33/483	1/49	-0.454445	-0.0305956	3.34783
SRX5089457	TFs and others	ESR1	Breast	MCF-7	6226	33/483	1/49	-0.454445	-0.0305956	3.34783
SRX6441751	TFs and others	FOXA2	Pancreas	CFPAC-1	16098	33/483	1/49	-0.454445	-0.0305956	3.34783
SRX6602370	TFs and others	ARNTL	Neural	Neural Stem Cells	1311	33/483	1/49	-0.454445	-0.0305956	3.34783
SRX667408	TFs and others	Epitope tags	Breast	MCF-7	1365	33/483	1/49	-0.454445	-0.0305956	3.34783
SRX673744	TFs and others	EP300	Breast	MCF-7	1748	33/483	1/49	-0.454445	-0.0305956	3.34783
SRX7054623	TFs and others	RELA	Cardiovascular	HAEC	6128	33/483	1/49	-0.454445	-0.0305956	3.34783
SRX7693106	TFs and others	CRY1	Prostate	C4-2	1995	33/483	1/49	-0.454445	-0.0305956	3.34783
SRX8299863	TFs and others	MYC	Bone	U2OS	1492	33/483	1/49	-0.454445	-0.0305956	3.34783
SRX8570927	TFs and others	HAP1	Blood	KBM-7	21344	33/483	1/49	-0.454445	-0.0305956	3.34783
SRX8616989	TFs and others	ESR1	Breast	MCF-7	7676	33/483	1/49	-0.454445	-0.0305956	3.34783
SRX9434365	TFs and others	RELA	Digestive tract	HT-29	2871	33/483	1/49	-0.454445	-0.0305956	3.34783
SRX9975611	TFs and others	STAG1	Bone	A-673	14156	33/483	1/49	-0.454445	-0.0305956	3.34783
SRX190191	TFs and others	REST	Neural	SK-N-SH	9889	101/483	7/49	-0.453679	-0.0305956	1.46377
SRX3478026	TFs and others	CTCF	Uterus	HeLa	41104	100/483	7/49	-0.453653	-0.0305956	1.44928
SRX4611728	TFs and others	ESR1	Breast	MCF-7	47220	100/483	7/49	-0.453653	-0.0305956	1.44928
SRX9556502	TFs and others	GATA3	Breast	MDA-MB-231	19878	100/483	7/49	-0.453653	-0.0305956	1.44928
SRX190215	TFs and others	EP300	Uterus	ECC-1	15176	102/483	7/49	-0.453005	-0.0305956	1.47826
SRX6800702	TFs and others	IRF4	Blood	CAR-T cells	8961	99/483	7/49	-0.452919	-0.0305956	1.43478
SRX4712347	TFs and others	LDB1	Blood	Macrophages	2917	93/483	12/49	-0.452018	-0.0305956	0.786232
SRX080331	TFs and others	CTCF	Kidney	293	50595	103/483	7/49	-0.451646	-0.0305956	1.49275
SRX1819616	TFs and others	ZMYND8	Prostate	DU 145	5993	103/483	7/49	-0.451646	-0.0305956	1.49275
SRX356578	TFs and others	CTCF	Blood	GM18526	35876	103/483	7/49	-0.451646	-0.0305956	1.49275
SRX5323878	TFs and others	ESR1	Breast	MCF-7	22601	103/483	7/49	-0.451646	-0.0305956	1.49275
SRX667412	TFs and others	Epitope tags	Breast	MCF-7	9880	103/483	7/49	-0.451646	-0.0305956	1.49275
SRX8066530	TFs and others	CTCF	Blood	GM06077	38874	103/483	7/49	-0.451646	-0.0305956	1.49275
SRX150511	TFs and others	CHD2	Uterus	HeLa	16185	380/483	42/49	-0.451646	-0.0305956	0.917874
SRX5718164	TFs and others	RAD21	Kidney	293	25762	184/483	15/49	-0.451085	-0.0305956	1.24444
SRX5931550	TFs and others	GATA1	Blood	HUDEP-2	26572	184/483	15/49	-0.451085	-0.0305956	1.24444
SRX2194272	TFs and others	BRD4	Breast	SUM 159PT	35946	299/483	34/49	-0.451085	-0.0305956	0.892157
SRX1548207	TFs and others	E2F1	Cardiovascular	Wharton Jelly	1185	56/483	8/49	-0.450401	-0.0305956	0.710145
SRX371483	TFs and others	FOXA1	Breast	MCF-7	33582	56/483	8/49	-0.450401	-0.0305956	0.710145
SRX4155858	TFs and others	MYCN	Neural	KELLY	23632	385/483	36/49	-0.449617	-0.0305956	1.08494
SRX6099459	TFs and others	POU2F2	Blood	DLBCL	22864	98/483	13/49	-0.449617	-0.0305956	0.764771
SRX5824589	TFs and others	BRD2	Breast	SUM 159PT	6024	182/483	15/49	-0.448752	-0.0305956	1.23092
SRX9005596	TFs and others	Epitope tags	Others	TM5	104760	301/483	27/49	-0.448537	-0.0305956	1.13097
SRX8037082	TFs and others	KLF5	Digestive tract	KYSE-70	10350	182/483	22/49	-0.448537	-0.0305956	0.839262
SRX1023792	TFs and others	SPI1	Blood	Macrophages	112968	308/483	28/49	-0.448258	-0.0305956	1.11594
SRX4708046	TFs and others	XRCC5	Liver	Hep G2	20017	308/483	28/49	-0.448258	-0.0305956	1.11594
SRX2900153	TFs and others	KMT2C	Breast	CAL-51	7218	175/483	21/49	-0.448258	-0.0305956	0.845411
SRX9932060	TFs and others	STAT5A	Breast	MCF-7	2277	175/483	21/49	-0.448258	-0.0305956	0.845411
SRX160847	TFs and others	IRF2	Blood	CD34+	2354	30/483	5/49	-0.448038	-0.0305956	0.608696
SRX2436037	TFs and others	OTX2	Neural	D341 Med	24103	30/483	5/49	-0.448038	-0.0305956	0.608696
SRX4179959	TFs and others	TP63	Pancreas	BxPC-3	31586	30/483	5/49	-0.448038	-0.0305956	0.608696
SRX1514932	TFs and others	GFP	Kidney	293	2764	99/483	13/49	-0.446943	-0.0305956	0.772575
SRX3599295	TFs and others	ETS1	Cardiovascular	HUVEC	4646	99/483	13/49	-0.446943	-0.0305956	0.772575
SRX9433104	TFs and others	MYC	Bone	U2OS	7861	99/483	13/49	-0.446943	-0.0305956	0.772575
SRX3161004	TFs and others	ZBTB7A	Blood	K-562	14807	195/483	16/49	-0.445828	-0.0305956	1.23641
SRX9187409	TFs and others	HDAC1	Pancreas	MIA Paca-2	8355	195/483	16/49	-0.445828	-0.0305956	1.23641
SRX3345953	TFs and others	INTS13	Blood	HL-60	8299	196/483	16/49	-0.445764	-0.0305956	1.24275
SRX667411	TFs and others	Epitope tags	Breast	MCF-7	13949	196/483	16/49	-0.445764	-0.0305956	1.24275
SRX100546	TFs and others	TAF7	Pluripotent stem cell	hESC H1	8342	193/483	16/49	-0.444562	-0.0305956	1.22373
SRX5821031	TFs and others	GATA1	Blood	CD34+	12681	193/483	16/49	-0.444562	-0.0305956	1.22373
SRX6913054	TFs and others	BRD2	Blood	THP-1	14238	299/483	27/49	-0.444253	-0.0305956	1.12346
SRX7549659	TFs and others	TFAP2C	Pluripotent stem cell	hESC UCLA1	27736	299/483	27/49	-0.444253	-0.0305956	1.12346
SRX6483139	TFs and others	ARID2	Neural	NGP	4311	184/483	22/49	-0.444253	-0.0305956	0.848485
SRX5503027	TFs and others	Epitope tags	Kidney	293	12908	292/483	26/49	-0.44425	-0.0305956	1.13935
SRX9534426	TFs and others	POU2AF1	Blood	Tonsil germinal center cells	12453	191/483	23/49	-0.44425	-0.0305956	0.84247
SRX6366606	TFs and others	Epitope tags	Uterus	Ishikawa	18247	426/483	41/49	-0.443984	-0.0305956	1.05408
SRX371467	TFs and others	ESR1	Breast	MCF-7	31586	57/483	8/49	-0.443984	-0.0305956	0.722826
SRX2452430	TFs and others	ETS1	Cardiovascular	HUVEC	4647	100/483	13/49	-0.443647	-0.0305956	0.780379
SRX535455	TFs and others	HEXIM1	Epidermis	A-375	2821	100/483	13/49	-0.443647	-0.0305956	0.780379
SRX5600892	TFs and others	OLIG2	Neural	Prefrontal Cortex	4752	192/483	16/49	-0.443236	-0.0305956	1.21739
SRX6102132	TFs and others	NELFE	Uterus	HeLa	13531	291/483	26/49	-0.44281	-0.0305956	1.13545
SRX022573	TFs and others	ERG	Prostate	VCaP	10788	191/483	16/49	-0.441453	-0.0305956	1.21105
SRX190222	TFs and others	E2F6	Lung	A549	8848	191/483	16/49	-0.441453	-0.0305956	1.21105
SRX4720614	TFs and others	Epitope tags	Kidney	G-401	7278	205/483	17/49	-0.441305	-0.0305956	1.22336
SRX8616827	TFs and others	FOSL2	Lung	A549	13920	206/483	17/49	-0.441211	-0.0305956	1.22933
SRX7054666	TFs and others	RELA	Cardiovascular	HAEC	34264	277/483	32/49	-0.441211	-0.0305956	0.87817
SRX4473682	TFs and others	SMARCC1	Gonad	BIN-67	8193	204/483	17/49	-0.440946	-0.0305956	1.21739
SRX8970972	TFs and others	MCM7	Others	Squamous cell carcinoma 	28105	200/483	24/49	-0.440667	-0.0305956	0.845411
SRX017871	TFs and others	RELA	Blood	GM19099	6212	31/483	5/49	-0.440155	-0.0305956	0.628986
SRX2900154	TFs and others	SUZ12	Breast	CAL-51	725	31/483	5/49	-0.440155	-0.0305956	0.628986
SRX371473	TFs and others	ESR1	Breast	T-47D	12452	31/483	5/49	-0.440155	-0.0305956	0.628986
SRX5099498	TFs and others	STAT3	Blood	B cells	2571	31/483	5/49	-0.440155	-0.0305956	0.628986
SRX5705800	TFs and others	ETS1	Pluripotent stem cell	hESC derived cardiac cells	468	31/483	5/49	-0.440155	-0.0305956	0.628986
SRX2671523	TFs and others	Epitope tags	Kidney	293	3888	101/483	13/49	-0.43976	-0.0305956	0.788183
SRX306184	TFs and others	ICE1	Digestive tract	HCT 116	5549	101/483	13/49	-0.43976	-0.0305956	0.788183
SRX3271002	TFs and others	KDM1A	Pluripotent stem cell	hESC derived pancreatic cells	21954	282/483	25/49	-0.439675	-0.0305956	1.14435
SRX12118515	TFs and others	POU2F2	Blood	OCI-LY-7	27492	209/483	25/49	-0.437749	-0.0305956	0.848116
SRX150369	TFs and others	SIN3A	Pluripotent stem cell	hESC H1	16780	269/483	31/49	-0.437553	-0.0305956	0.880318
SRX1287852	TFs and others	BRD4	Blood	MOLM-14	19222	273/483	24/49	-0.437184	-0.0305956	1.15399
SRX7677729	TFs and others	SUPT5H	Digestive tract	DLD-1	9732	273/483	24/49	-0.437184	-0.0305956	1.15399
SRX3798683	TFs and others	MYCN	Neural	SH-EP	14258	213/483	18/49	-0.436791	-0.0305956	1.20048
SRX2267447	TFs and others	BRD4	Lung	NCI-H3122	4615	58/483	8/49	-0.436789	-0.0305956	0.735507
SRX7701200	TFs and others	ASXL3	Lung	NCI-H1963	1587	58/483	8/49	-0.436789	-0.0305956	0.735507
SRX7805363	TFs and others	ZNF711	Kidney	293	10054	272/483	24/49	-0.436181	-0.0305956	1.14976
SRX4786575	TFs and others	KDM6A	Breast	MCF-7	6748	211/483	25/49	-0.436181	-0.0305956	0.856232
SRX1491252	TFs and others	TCF4	Blood	GEN2.2	48362	212/483	18/49	-0.435591	-0.0305956	1.19485
SRX7692440	TFs and others	POLR2C	Digestive tract	HCT 116	15049	381/483	36/49	-0.435313	-0.0305956	1.07367
SRX023653	TFs and others	PHF8	Uterus	HeLa	2966	102/483	13/49	-0.435313	-0.0305956	0.795987
SRX189743	TFs and others	ETS1	Cardiovascular	HUVEC	4649	102/483	13/49	-0.435313	-0.0305956	0.795987
SRX4193146	TFs and others	ESR1	Breast	MCF-7	4274	102/483	13/49	-0.435313	-0.0305956	0.795987
SRX8406547	TFs and others	HOXB13	Prostate	Prostate	14331	102/483	13/49	-0.435313	-0.0305956	0.795987
SRX366792	TFs and others	BRD3	Blood	MM.1S	8379	220/483	26/49	-0.434723	-0.0305956	0.858417
SRX6365882	TFs and others	TOP2B	Neural	BT142	14105	223/483	19/49	-0.434463	-0.0305956	1.19069
SRX2436031	TFs and others	NEUROD1	Neural	D341 Med	26466	279/483	25/49	-0.434084	-0.0305956	1.13217
SRX4377530	TFs and others	BRD2	Breast	MDA-MB-231	12720	279/483	25/49	-0.434084	-0.0305956	1.13217
SRX4377553	TFs and others	BRD2	Breast	MDA-MB-231	12730	279/483	25/49	-0.434084	-0.0305956	1.13217
SRX100517	TFs and others	USF1	Neural	SK-N-SH	17025	221/483	26/49	-0.433703	-0.0305956	0.862319
SRX190356	TFs and others	TCF12	Neural	SK-N-SH	63116	245/483	21/49	-0.433564	-0.0305956	1.18357
SRX035160	TFs and others	BCL6	Blood	JURL-MK1	5384	238/483	28/49	-0.433564	-0.0305956	0.862319
ERX2868713	TFs and others	CTCF	Unclassified	Unclassified	42020	111/483	8/49	-0.433286	-0.0305956	1.40761
SRX4611702	TFs and others	ESR1	Breast	MCF-7	47600	111/483	8/49	-0.433286	-0.0305956	1.40761
SRX10218291	TFs and others	GATA1	Blood	HUDEP-2	26984	110/483	8/49	-0.433278	-0.0305956	1.39493
SRX347428	TFs and others	STAT3	Blood	SU-DHL-6	13510	250/483	29/49	-0.433109	-0.0305956	0.874563
SRX2731517	TFs and others	NCAPH2	Kidney	293	10745	270/483	24/49	-0.432885	-0.0305956	1.1413
SRX150420	TFs and others	ATF1	Blood	K-562	11645	213/483	25/49	-0.432885	-0.0305956	0.864348
SRX6384786	TFs and others	MED26	Digestive tract	HCT 116	4696	112/483	8/49	-0.432676	-0.0305956	1.42029
SRX2314265	TFs and others	SUPT5H	Blood	MOLT-4	13761	371/483	41/49	-0.432676	-0.0305956	0.917992
SRX1514934	TFs and others	GFP	Kidney	293	16042	109/483	8/49	-0.432645	-0.0305956	1.38225
SRX2584127	TFs and others	HIF1A	Epidermis	501A	2511	109/483	8/49	-0.432645	-0.0305956	1.38225
SRX5574485	TFs and others	ETS1	Blood	CTV-1	21997	231/483	27/49	-0.432195	-0.0305956	0.867955
SRX2194285	TFs and others	BRD4	Breast	SUM 159PT	27126	251/483	29/49	-0.432001	-0.0305956	0.878061
SRX100500	TFs and others	TAF1	Uterus	HeLa	10333	262/483	30/49	-0.431735	-0.0305956	0.88599
SRX1514922	TFs and others	GFP	Kidney	293	5905	107/483	14/49	-0.431458	-0.0305956	0.775362
SRX1514286	TFs and others	HDAC2	Blood	Kasumi-1	12832	108/483	8/49	-0.431384	-0.0305956	1.36957
SRX8873456	TFs and others	BANP	Digestive tract	HCT 116	4804	108/483	8/49	-0.431384	-0.0305956	1.36957
SRX150641	TFs and others	EP300	Blood	GM12878	13116	32/483	5/49	-0.430989	-0.0305956	0.649275
SRX174815	TFs and others	NKX2-1	Lung	HCC1819	2593	32/483	5/49	-0.430989	-0.0305956	0.649275
SRX4174973	TFs and others	PPARG	Adipocyte	Adipocytes	10333	32/483	5/49	-0.430989	-0.0305956	0.649275
SRX4385552	TFs and others	SUPT5H	Digestive tract	HCT 116	615	32/483	5/49	-0.430989	-0.0305956	0.649275
SRX734409	TFs and others	AR	Prostate	CWR22Pc	30897	251/483	22/49	-0.430728	-0.0305956	1.15744
SRX8363487	TFs and others	SMARCA4	Neural	NGP	4104	214/483	25/49	-0.430608	-0.0305956	0.868406
SRX129085	TFs and others	MAX	Neural	U-87 MG	47421	424/483	41/49	-0.428898	-0.0305956	1.04913
SRX070881	TFs and others	NOTCH1	Blood	CUTLL1	2389	59/483	8/49	-0.428898	-0.0305956	0.748188
SRX2452428	TFs and others	ETS1	Cardiovascular	HUVEC	1888	59/483	8/49	-0.428898	-0.0305956	0.748188
SRX2778393	TFs and others	YY1	Blood	Lymphoblastoid cell line	2267	59/483	8/49	-0.428898	-0.0305956	0.748188
SRX3599293	TFs and others	ETS1	Cardiovascular	HUVEC	1898	59/483	8/49	-0.428898	-0.0305956	0.748188
SRX371437	TFs and others	ESR1	Others	Tumour tissues	23509	253/483	29/49	-0.42852	-0.0305956	0.885057
SRX3934087	TFs and others	INTS13	Blood	HL-60	8810	240/483	21/49	-0.428226	-0.0305956	1.15942
SRX2194274	TFs and others	BRD4	Breast	SUM 159PT	25559	243/483	28/49	-0.428226	-0.0305956	0.880435
SRX180167	TFs and others	PBX1	Breast	MCF-7-LTED	1574	109/483	14/49	-0.427257	-0.0305956	0.789855
SRX018992	TFs and others	TP63	Epidermis	Keratinocytes	7907	12/483	2/49	-0.425642	-0.0305956	0.608696
SRX1027446	TFs and others	CEBPB	Others	Mesenchymal stem cells	163095	12/483	2/49	-0.425642	-0.0305956	0.608696
SRX367321	TFs and others	EP300	Kidney	293	696	12/483	2/49	-0.425642	-0.0305956	0.608696
SRX3781813	TFs and others	Epitope tags	Digestive tract	HCT 116	1394	12/483	2/49	-0.425642	-0.0305956	0.608696
SRX067534	TFs and others	CTCF	Muscle	HSMM	34611	65/483	4/49	-0.425087	-0.0305956	1.64855
SRX080400	TFs and others	CTCF	Kidney	HRE	28645	65/483	4/49	-0.425087	-0.0305956	1.64855
SRX100587	TFs and others	EP300	Pluripotent stem cell	hESC H1	6469	65/483	4/49	-0.425087	-0.0305956	1.64855
SRX10119368	TFs and others	WWTR1	Breast	MCF 10A	20172	65/483	4/49	-0.425087	-0.0305956	1.64855
SRX212662	TFs and others	IRF1	Blood	Monocytes-CD14+	13194	65/483	4/49	-0.425087	-0.0305956	1.64855
SRX4890466	TFs and others	CTCF	Blood	Kasumi-1	24564	65/483	4/49	-0.425087	-0.0305956	1.64855
SRX5725259	TFs and others	MGA	Lung	A549	1935	65/483	4/49	-0.425087	-0.0305956	1.64855
SRX6960083	TFs and others	CTCF	Uterus	HeLa	31290	65/483	4/49	-0.425087	-0.0305956	1.64855
SRX8602199	TFs and others	IRF4	Blood	NCI-H929	5345	65/483	4/49	-0.425087	-0.0305956	1.64855
ERX989300	TFs and others	CTCF	Blood	K-562	27990	66/483	4/49	-0.424987	-0.0305956	1.67391
SRX065547	TFs and others	TRIM28	Kidney	293	6338	66/483	4/49	-0.424987	-0.0305956	1.67391
SRX1033276	TFs and others	FOXA1	Prostate	LNCAP	43605	66/483	4/49	-0.424987	-0.0305956	1.67391
SRX10913948	TFs and others	SP1	Epidermis	Dermal fibroblast	1299	66/483	4/49	-0.424987	-0.0305956	1.67391
SRX2654818	TFs and others	CTCF	Digestive tract	LoVo	13901	66/483	4/49	-0.424987	-0.0305956	1.67391
SRX356595	TFs and others	CTCF	Blood	GM18951	30614	66/483	4/49	-0.424987	-0.0305956	1.67391
SRX5136354	TFs and others	RTA	Blood	BCBL1	5712	66/483	4/49	-0.424987	-0.0305956	1.67391
SRX9599272	TFs and others	REST	Uterus	HEC-1-B	4009	66/483	4/49	-0.424987	-0.0305956	1.67391
SRX100383	TFs and others	SIX5	Blood	GM12878	3844	110/483	14/49	-0.424314	-0.0305956	0.797101
SRX8108989	TFs and others	G-quadruplex	Liver	Hep G2	1376	110/483	14/49	-0.424314	-0.0305956	0.797101
SRX8171731	TFs and others	MYBBP1A	Pancreas	PANC-1	3261	110/483	14/49	-0.424314	-0.0305956	0.797101
SRX190225	TFs and others	FOXM1	Breast	MCF-7	5124	64/483	4/49	-0.42425	-0.0305956	1.62319
SRX204163	TFs and others	SUMO1	Lung	WI-38	9128	64/483	4/49	-0.42425	-0.0305956	1.62319
SRX3205374	TFs and others	TP63	Others	Head and neck squamous cell carcinoma 	16324	64/483	4/49	-0.42425	-0.0305956	1.62319
SRX4941328	TFs and others	XBP1	Prostate	LNCAP	1876	64/483	4/49	-0.42425	-0.0305956	1.62319
SRX5323830	TFs and others	FOXA1	Breast	T-47D	21952	64/483	4/49	-0.42425	-0.0305956	1.62319
SRX6960080	TFs and others	CTCF	Uterus	HeLa	33518	64/483	4/49	-0.42425	-0.0305956	1.62319
SRX849400	TFs and others	CDK8	Blood	MV-4-11	2633	64/483	4/49	-0.42425	-0.0305956	1.62319
SRX8536124	TFs and others	GATA1	Blood	HUDEP-2	16034	64/483	4/49	-0.42425	-0.0305956	1.62319
SRX8570939	TFs and others	HAP1	Blood	KBM-7	33349	64/483	4/49	-0.42425	-0.0305956	1.62319
SRX8570946	TFs and others	HAP1	Blood	KBM-7	35966	64/483	4/49	-0.42425	-0.0305956	1.62319
ERX989290	TFs and others	CTCF	Blood	K-562	27388	67/483	4/49	-0.42397	-0.0305956	1.69928
SRX026643	TFs and others	ERG	Blood	Acute myeloid leukemia	1861	67/483	4/49	-0.42397	-0.0305956	1.69928
SRX067503	TFs and others	CTCF	Blood	GM12878	31047	67/483	4/49	-0.42397	-0.0305956	1.69928
SRX11312439	TFs and others	RAD21	Lung	A549	29332	67/483	4/49	-0.42397	-0.0305956	1.69928
SRX1878904	TFs and others	MYOD1	Muscle	Rh-4	15114	67/483	4/49	-0.42397	-0.0305956	1.69928
SRX2731587	TFs and others	ONECUT2	Prostate	22Rv1	1842	67/483	4/49	-0.42397	-0.0305956	1.69928
SRX3110741	TFs and others	ESR1	Breast	MCF-7	42408	67/483	4/49	-0.42397	-0.0305956	1.69928
SRX4611715	TFs and others	ESR1	Breast	MCF-7	33259	67/483	4/49	-0.42397	-0.0305956	1.69928
SRX497611	TFs and others	FOXA1	Prostate	VCaP	57190	67/483	4/49	-0.42397	-0.0305956	1.69928
SRX5333219	TFs and others	CTCF	Blood	697	52760	67/483	4/49	-0.42397	-0.0305956	1.69928
SRX6960082	TFs and others	CTCF	Uterus	HeLa	33071	67/483	4/49	-0.42397	-0.0305956	1.69928
ERX1149052	TFs and others	CTCF	Unclassified	Unclassified	31306	68/483	4/49	-0.422066	-0.0305956	1.72464
SRX10913943	TFs and others	SP1	Epidermis	Dermal fibroblast	1353	68/483	4/49	-0.422066	-0.0305956	1.72464
SRX2913027	TFs and others	FLI1	Bone	A-673	7349	68/483	4/49	-0.422066	-0.0305956	1.72464
SRX3437418	TFs and others	CTCF	Uterus	HeLa	34963	68/483	4/49	-0.422066	-0.0305956	1.72464
SRX4377128	TFs and others	CTCF	Pluripotent stem cell	hESC derived cardiac cells	24358	68/483	4/49	-0.422066	-0.0305956	1.72464
SRX8570944	TFs and others	HAP1	Blood	KBM-7	38361	68/483	4/49	-0.422066	-0.0305956	1.72464
SRX9632850	TFs and others	CTCF	Uterus	HeLa	29286	68/483	4/49	-0.422066	-0.0305956	1.72464
SRX100387	TFs and others	BCL3	Blood	GM12878	11004	33/483	5/49	-0.420737	-0.0305956	0.669565
SRX275404	TFs and others	BRD4	Blood	OCI-LY1	1706	33/483	5/49	-0.420737	-0.0305956	0.669565
SRX3734314	TFs and others	TP63	Breast	Mammary glands	24519	33/483	5/49	-0.420737	-0.0305956	0.669565
SRX8406426	TFs and others	AR	Prostate	Prostate	12851	33/483	5/49	-0.420737	-0.0305956	0.669565
SRX9426424	TFs and others	HCFC1	Blood	RAMOS	1786	33/483	5/49	-0.420737	-0.0305956	0.669565
SRX702135	TFs and others	THAP11	Pluripotent stem cell	hESC derived mesendodermal cells	1689	64/483	9/49	-0.419312	-0.0305956	0.721417
DRX022357	TFs and others	MED26	Kidney	293	636	15/483	0/49	-0.417985	-0.0305956	inf
DRX022359	TFs and others	MED26	Kidney	293	664	15/483	0/49	-0.417985	-0.0305956	inf
DRX059624	TFs and others	DOT1L	Kidney	293	1045	15/483	0/49	-0.417985	-0.0305956	inf
DRX234808	TFs and others	KAT7	Kidney	293	1700	15/483	0/49	-0.417985	-0.0305956	inf
DRX234810	TFs and others	ING4	Kidney	293	532	15/483	0/49	-0.417985	-0.0305956	inf
DRX300414	TFs and others	KAT7	Kidney	293	1025	15/483	0/49	-0.417985	-0.0305956	inf
DRX300416	TFs and others	ING4	Kidney	293	538	15/483	0/49	-0.417985	-0.0305956	inf
ERX1149103	TFs and others	CTCF	Blood	K-562	1462	15/483	0/49	-0.417985	-0.0305956	inf
ERX181466	TFs and others	TP53	Bone	Saos-2	935	15/483	0/49	-0.417985	-0.0305956	inf
ERX626783	TFs and others	CEBPE	Blood	HL-60	264	15/483	0/49	-0.417985	-0.0305956	inf
ERX626856	TFs and others	SPI1	Blood	U-937	6787	15/483	0/49	-0.417985	-0.0305956	inf
ERX626864	TFs and others	SPI1	Blood	U-937	6164	15/483	0/49	-0.417985	-0.0305956	inf
ERX626868	TFs and others	SPI1	Blood	U-937	4125	15/483	0/49	-0.417985	-0.0305956	inf
SRX003938	TFs and others	ESR1	Breast	MCF-7	6677	15/483	0/49	-0.417985	-0.0305956	inf
SRX003939	TFs and others	ESR1	Breast	MCF-7	4496	15/483	0/49	-0.417985	-0.0305956	inf
SRX014751	TFs and others	RXRA	Blood	NB-4	314	15/483	0/49	-0.417985	-0.0305956	inf
SRX014784	TFs and others	RXRA	Blood	UPR9	1212	15/483	0/49	-0.417985	-0.0305956	inf
SRX016029	TFs and others	RB1	Lung	IMR-90	4236	15/483	0/49	-0.417985	-0.0305956	inf
SRX016557	TFs and others	BRF1	Lung	IMR-90	392	15/483	0/49	-0.417985	-0.0305956	inf
SRX016559	TFs and others	SNAPC2	Lung	IMR-90	835	15/483	0/49	-0.417985	-0.0305956	inf
SRX017702	TFs and others	KAT5	Blood	CD4+ T cells	180	15/483	0/49	-0.417985	-0.0305956	inf
SRX017710	TFs and others	HDAC6	Blood	CD4+ T cells	425	15/483	0/49	-0.417985	-0.0305956	inf
SRX018657	TFs and others	pFM2	Muscle	Rh-4	395	15/483	0/49	-0.417985	-0.0305956	inf
SRX026532	TFs and others	ESR1	Breast	T-47D	1510	15/483	0/49	-0.417985	-0.0305956	inf
SRX027903	TFs and others	NR3C1	Uterus	HeLa	1880	15/483	0/49	-0.417985	-0.0305956	inf
SRX027907	TFs and others	NR3C1	Uterus	HeLa	348	15/483	0/49	-0.417985	-0.0305956	inf
SRX028592	TFs and others	TRIM28	Blood	K-562	543	15/483	0/49	-0.417985	-0.0305956	inf
SRX029433	TFs and others	GATA1	Blood	CD34+	505	15/483	0/49	-0.417985	-0.0305956	inf
SRX036637	TFs and others	NCOA1	Bone	U2OS	135	15/483	0/49	-0.417985	-0.0305956	inf
SRX038777	TFs and others	DOT1L	Pluripotent stem cell	NCCIT	456	15/483	0/49	-0.417985	-0.0305956	inf
SRX045435	TFs and others	VDR	Blood	THP-1	429	15/483	0/49	-0.417985	-0.0305956	inf
SRX059368	TFs and others	NR2F2	Pluripotent stem cell	hESC derived neural crests	541	15/483	0/49	-0.417985	-0.0305956	inf
SRX060811	TFs and others	GATA3	Breast	MCF-7	4110	15/483	0/49	-0.417985	-0.0305956	inf
SRX064489	TFs and others	SMAD2	Pluripotent stem cell	hESC derived mesendodermal cells	374	15/483	0/49	-0.417985	-0.0305956	inf
SRX065549	TFs and others	ELK4	Kidney	293	407	15/483	0/49	-0.417985	-0.0305956	inf
SRX065556	TFs and others	Epitope tags	Bone	U2OS	402	15/483	0/49	-0.417985	-0.0305956	inf
SRX083228	TFs and others	NR3C1	Prostate	LNCAP	2532	15/483	0/49	-0.417985	-0.0305956	inf
SRX084501	TFs and others	SMAD2	Pluripotent stem cell	hESC H9	338	15/483	0/49	-0.417985	-0.0305956	inf
SRX084502	TFs and others	SMAD2	Pluripotent stem cell	hESC derived mesendodermal cells	213	15/483	0/49	-0.417985	-0.0305956	inf
SRX084503	TFs and others	SMAD2	Pluripotent stem cell	hESC derived mesendodermal cells	488	15/483	0/49	-0.417985	-0.0305956	inf
SRX088971	TFs and others	Epitope tags	Digestive tract	DLD-1	322	15/483	0/49	-0.417985	-0.0305956	inf
SRX097071	TFs and others	SMAD1	Blood	CD34+	747	15/483	0/49	-0.417985	-0.0305956	inf
SRX097085	TFs and others	GATA1	Blood	K-562	7392	15/483	0/49	-0.417985	-0.0305956	inf
SRX097091	TFs and others	TCF7L2	Blood	K-562	809	15/483	0/49	-0.417985	-0.0305956	inf
SRX100321	TFs and others	SMAD1	Blood	CD34+	933	15/483	0/49	-0.417985	-0.0305956	inf
SRX10045332	TFs and others	ASXL1	Breast	CAL-51	625	15/483	0/49	-0.417985	-0.0305956	inf
SRX10101683	TFs and others	SMARCA2	Pluripotent stem cell	hESC WIBR3	710	15/483	0/49	-0.417985	-0.0305956	inf
SRX1011300	TFs and others	WWTR1	Liver	HuCCT1	412	15/483	0/49	-0.417985	-0.0305956	inf
SRX10119116	TFs and others	JUN	Blood	MV-4-11	317	15/483	0/49	-0.417985	-0.0305956	inf
SRX10119159	TFs and others	MYB	Blood	MV-4-11	615	15/483	0/49	-0.417985	-0.0305956	inf
SRX10119165	TFs and others	CREB1	Blood	MV-4-11	377	15/483	0/49	-0.417985	-0.0305956	inf
SRX10119168	TFs and others	MYB	Blood	MV-4-11	282	15/483	0/49	-0.417985	-0.0305956	inf
SRX10119169	TFs and others	MYB	Blood	MV-4-11	357	15/483	0/49	-0.417985	-0.0305956	inf
SRX10119177	TFs and others	MYB	Blood	MV-4-11	402	15/483	0/49	-0.417985	-0.0305956	inf
SRX10119178	TFs and others	MYB	Blood	MV-4-11	418	15/483	0/49	-0.417985	-0.0305956	inf
SRX10119179	TFs and others	MYB	Blood	MV-4-11	389	15/483	0/49	-0.417985	-0.0305956	inf
SRX1012221	TFs and others	MLLT3	Pluripotent stem cell	hESC derived neural cells	416	15/483	0/49	-0.417985	-0.0305956	inf
SRX1012752	TFs and others	PGR	Breast	MCF-7	444	15/483	0/49	-0.417985	-0.0305956	inf
SRX1012757	TFs and others	PGR	Breast	MCF-7	347	15/483	0/49	-0.417985	-0.0305956	inf
SRX1012762	TFs and others	PGR	Breast	MCF-7	406	15/483	0/49	-0.417985	-0.0305956	inf
SRX1012764	TFs and others	PGR	Breast	MCF-7	488	15/483	0/49	-0.417985	-0.0305956	inf
SRX1023263	TFs and others	GATA3	Neural	NGP	2126	15/483	0/49	-0.417985	-0.0305956	inf
SRX1027441	TFs and others	ATF4	Others	Mesenchymal stem cells	986	15/483	0/49	-0.417985	-0.0305956	inf
SRX1027447	TFs and others	ATF4	Others	Mesenchymal stem cells	692	15/483	0/49	-0.417985	-0.0305956	inf
SRX1027450	TFs and others	CEBPB	Others	Mesenchymal stem cells	20635	15/483	0/49	-0.417985	-0.0305956	inf
SRX1033269	TFs and others	AR	Prostate	LNCAP	206	15/483	0/49	-0.417985	-0.0305956	inf
SRX10357207	TFs and others	EPAS1	Uterus	HeLa	762	15/483	0/49	-0.417985	-0.0305956	inf
SRX10365547	TFs and others	NCOA3	Breast	MCF-7	4714	15/483	0/49	-0.417985	-0.0305956	inf
SRX10365552	TFs and others	NCOA3	Breast	MCF-7	4738	15/483	0/49	-0.417985	-0.0305956	inf
SRX10382425	TFs and others	DNMT3B	Pluripotent stem cell	hESC H1	414	15/483	0/49	-0.417985	-0.0305956	inf
SRX10382428	TFs and others	DNMT3A	Pluripotent stem cell	hESC H1	251	15/483	0/49	-0.417985	-0.0305956	inf
SRX10399318	TFs and others	RBM39	Breast	Breast epithelium	458	15/483	0/49	-0.417985	-0.0305956	inf
SRX10399319	TFs and others	RBM39	Breast	Breast epithelium	403	15/483	0/49	-0.417985	-0.0305956	inf
SRX10438176	TFs and others	Epitope tags	Unclassified	Unclassified	167	15/483	0/49	-0.417985	-0.0305956	inf
SRX10438177	TFs and others	Epitope tags	Unclassified	Unclassified	147	15/483	0/49	-0.417985	-0.0305956	inf
SRX1044120	TFs and others	ASCL1	Lung	NCI-H128	1802	15/483	0/49	-0.417985	-0.0305956	inf
SRX1048455	TFs and others	EP300	Blood	DOHH-2	222	15/483	0/49	-0.417985	-0.0305956	inf
SRX1048460	TFs and others	PAX5	Blood	DOHH-2	185	15/483	0/49	-0.417985	-0.0305956	inf
SRX1048469	TFs and others	Epitope tags	Blood	JEKO-1	5586	15/483	0/49	-0.417985	-0.0305956	inf
SRX1048481	TFs and others	MEF2B	Blood	OCI-LY-7	131	15/483	0/49	-0.417985	-0.0305956	inf
SRX1048532	TFs and others	ARID1B	Liver	Hep G2	84	15/483	0/49	-0.417985	-0.0305956	inf
SRX1048536	TFs and others	SMARCB1	Liver	Hep G2	79	15/483	0/49	-0.417985	-0.0305956	inf
SRX10567331	TFs and others	HMGB1	Lung	IMR-90	615	15/483	0/49	-0.417985	-0.0305956	inf
SRX1058805	TFs and others	BRD4	Adipocyte	SGBS	2784	15/483	0/49	-0.417985	-0.0305956	inf
SRX1063404	TFs and others	CTCF	Blood	THP-1	780	15/483	0/49	-0.417985	-0.0305956	inf
SRX1063405	TFs and others	CTCF	Blood	THP-1	1281	15/483	0/49	-0.417985	-0.0305956	inf
SRX107306	TFs and others	LMO1	Blood	Jurkat (Clone E6-1)	84	15/483	0/49	-0.417985	-0.0305956	inf
SRX1085073	TFs and others	KDM2B	Blood	ALL-SIL	521	15/483	0/49	-0.417985	-0.0305956	inf
SRX10867750	TFs and others	LMNA	Blood	K-562	4927	15/483	0/49	-0.417985	-0.0305956	inf
SRX10881809	TFs and others	BRD7	Others	BT-16	351	15/483	0/49	-0.417985	-0.0305956	inf
SRX1089825	TFs and others	TAL1	Blood	Hematopoietic Stem Cells	539	15/483	0/49	-0.417985	-0.0305956	inf
SRX1089831	TFs and others	IRF2	Blood	Hematopoietic Stem Cells	551	15/483	0/49	-0.417985	-0.0305956	inf
SRX1091021	TFs and others	ARNTL	Blood	NOMO-1	840	15/483	0/49	-0.417985	-0.0305956	inf
SRX1092382	TFs and others	Epitope tags	Blood	K-562	475	15/483	0/49	-0.417985	-0.0305956	inf
SRX1092383	TFs and others	Epitope tags	Blood	K-562	436	15/483	0/49	-0.417985	-0.0305956	inf
SRX1092386	TFs and others	Epitope tags	Blood	K-562	344	15/483	0/49	-0.417985	-0.0305956	inf
SRX1092390	TFs and others	Epitope tags	Blood	K-562	411	15/483	0/49	-0.417985	-0.0305956	inf
SRX1094478	TFs and others	BRD4	Others	TC-797	459	15/483	0/49	-0.417985	-0.0305956	inf
SRX1094496	TFs and others	BRD4	Others	TC-797	1425	15/483	0/49	-0.417985	-0.0305956	inf
SRX10964116	TFs and others	ERG	Prostate	VCaP	300	15/483	0/49	-0.417985	-0.0305956	inf
SRX10964118	TFs and others	ERG	Prostate	VCaP	420	15/483	0/49	-0.417985	-0.0305956	inf
SRX1097313	TFs and others	ATRX	Blood	K-562	372	15/483	0/49	-0.417985	-0.0305956	inf
SRX1098752	TFs and others	KDM1A	Prostate	LNCAP	316	15/483	0/49	-0.417985	-0.0305956	inf
SRX11005608	TFs and others	POU2F1	Breast	MCF10CA1a	417	15/483	0/49	-0.417985	-0.0305956	inf
SRX11005609	TFs and others	POU2F1	Breast	MCF10CA1a	429	15/483	0/49	-0.417985	-0.0305956	inf
SRX110230	TFs and others	AFF4	Kidney	293	328	15/483	0/49	-0.417985	-0.0305956	inf
SRX112015	TFs and others	RELA	Cardiovascular	HUVEC	287	15/483	0/49	-0.417985	-0.0305956	inf
SRX1123853	TFs and others	SMARCC1	Neural	BT-16	409	15/483	0/49	-0.417985	-0.0305956	inf
SRX1123856	TFs and others	SMARCA4	Neural	BT-16	6664	15/483	0/49	-0.417985	-0.0305956	inf
SRX1123869	TFs and others	SMARCA4	Liver	MRT TTC549	680	15/483	0/49	-0.417985	-0.0305956	inf
SRX1123965	TFs and others	SMARCC1	Digestive tract	HCT 116	587	15/483	0/49	-0.417985	-0.0305956	inf
SRX112546	TFs and others	RUNX1T1	Blood	Acute myeloid leukemia	228	15/483	0/49	-0.417985	-0.0305956	inf
SRX1127543	TFs and others	NR3C1	Blood	RS4-11	2096	15/483	0/49	-0.417985	-0.0305956	inf
SRX1131553	TFs and others	BRD4	Breast	MDA-MB-436	1242	15/483	0/49	-0.417985	-0.0305956	inf
SRX1131569	TFs and others	BRD4	Others	SUM 185PE	1027	15/483	0/49	-0.417985	-0.0305956	inf
SRX11320613	TFs and others	CUL3	Digestive tract	DLD-1	383	15/483	0/49	-0.417985	-0.0305956	inf
SRX1132448	TFs and others	AR	Prostate	C4-2	1428	15/483	0/49	-0.417985	-0.0305956	inf
SRX1133779	TFs and others	KDM1A	Blood	SKNO-1	391	15/483	0/49	-0.417985	-0.0305956	inf
SRX113583	TFs and others	BMI1	Kidney	293	164	15/483	0/49	-0.417985	-0.0305956	inf
SRX1140482	TFs and others	KDM3B	Digestive tract	HCT 116	378	15/483	0/49	-0.417985	-0.0305956	inf
SRX11472299	TFs and others	SMC3	Uterus	HeLa	533	15/483	0/49	-0.417985	-0.0305956	inf
SRX116431	TFs and others	CHD4	Blood	K-562	178	15/483	0/49	-0.417985	-0.0305956	inf
SRX116445	TFs and others	RNF2	Blood	K-562	260	15/483	0/49	-0.417985	-0.0305956	inf
SRX116448	TFs and others	SIRT6	Blood	K-562	212	15/483	0/49	-0.417985	-0.0305956	inf
SRX116456	TFs and others	EZH2	Pluripotent stem cell	hESC H1	278	15/483	0/49	-0.417985	-0.0305956	inf
SRX1181988	TFs and others	INO80	Prostate	LNCAP	751	15/483	0/49	-0.417985	-0.0305956	inf
SRX1181991	TFs and others	SMARCA2	Prostate	LNCAP	630	15/483	0/49	-0.417985	-0.0305956	inf
SRX1212540	TFs and others	TCF3	Blood	RAMOS	714	15/483	0/49	-0.417985	-0.0305956	inf
SRX1212811	TFs and others	MED12	Breast	MCF-7	380	15/483	0/49	-0.417985	-0.0305956	inf
SRX1297355	TFs and others	ERG	Prostate	VCaP	743	15/483	0/49	-0.417985	-0.0305956	inf
SRX1304577	TFs and others	LYL1	Blood	HL-60	4084	15/483	0/49	-0.417985	-0.0305956	inf
SRX131372	TFs and others	NOS2	Epidermis	MDAH087	349	15/483	0/49	-0.417985	-0.0305956	inf
SRX131373	TFs and others	TP53	Epidermis	MDAH087	382	15/483	0/49	-0.417985	-0.0305956	inf
SRX1318617	TFs and others	SIX2	Kidney	Kidney Cortex	381	15/483	0/49	-0.417985	-0.0305956	inf
SRX1339017	TFs and others	AR	Breast	MDA-MB-453	6193	15/483	0/49	-0.417985	-0.0305956	inf
SRX1393085	TFs and others	ARNTL	Bone	U2OS	253	15/483	0/49	-0.417985	-0.0305956	inf
SRX1393088	TFs and others	CLOCK	Bone	U2OS	227	15/483	0/49	-0.417985	-0.0305956	inf
SRX1397390	TFs and others	GATA1	Blood	CD34+	113	15/483	0/49	-0.417985	-0.0305956	inf
SRX1427030	TFs and others	MBD3L2	Kidney	293	741	15/483	0/49	-0.417985	-0.0305956	inf
SRX142906	TFs and others	AR	Prostate	LNCAP	1378	15/483	0/49	-0.417985	-0.0305956	inf
SRX1431739	TFs and others	SPI1	Blood	K-562	1205	15/483	0/49	-0.417985	-0.0305956	inf
SRX144724	TFs and others	BrdU	Uterus	HeLa	398	15/483	0/49	-0.417985	-0.0305956	inf
SRX1457746	TFs and others	RELA	Kidney	293	845	15/483	0/49	-0.417985	-0.0305956	inf
SRX1470542	TFs and others	Epitope tags	Muscle	Myoblasts	851	15/483	0/49	-0.417985	-0.0305956	inf
SRX147605	TFs and others	AR	Prostate	LNCAP	214	15/483	0/49	-0.417985	-0.0305956	inf
SRX148894	TFs and others	VDR	Liver	LX2	653	15/483	0/49	-0.417985	-0.0305956	inf
SRX1491463	TFs and others	ASH1L	Blood	K-562	363	15/483	0/49	-0.417985	-0.0305956	inf
SRX149711	TFs and others	SCML2	Kidney	293	289	15/483	0/49	-0.417985	-0.0305956	inf
SRX150103	TFs and others	BRF2	Lung	IMR-90	726	15/483	0/49	-0.417985	-0.0305956	inf
SRX150543	TFs and others	TRIM28	Blood	K-562	1876	15/483	0/49	-0.417985	-0.0305956	inf
SRX150569	TFs and others	BRF2	Blood	K-562	218	15/483	0/49	-0.417985	-0.0305956	inf
SRX1514917	TFs and others	GFP	Kidney	293	2193	15/483	0/49	-0.417985	-0.0305956	inf
SRX1514921	TFs and others	GFP	Kidney	293	279	15/483	0/49	-0.417985	-0.0305956	inf
SRX1514967	TFs and others	GFP	Kidney	293	917	15/483	0/49	-0.417985	-0.0305956	inf
SRX1514982	TFs and others	GFP	Kidney	293	5271	15/483	0/49	-0.417985	-0.0305956	inf
SRX1515000	TFs and others	GFP	Kidney	293	610	15/483	0/49	-0.417985	-0.0305956	inf
SRX1515001	TFs and others	GFP	Kidney	293	500	15/483	0/49	-0.417985	-0.0305956	inf
SRX1515065	TFs and others	GFP	Kidney	293	8576	15/483	0/49	-0.417985	-0.0305956	inf
SRX1528428	TFs and others	USP7	Breast	MDA-MB-231	843	15/483	0/49	-0.417985	-0.0305956	inf
SRX1548209	TFs and others	E2F1	Cardiovascular	Wharton Jelly	436	15/483	0/49	-0.417985	-0.0305956	inf
SRX1569439	TFs and others	BRD4	Digestive tract	HCT 116	148	15/483	0/49	-0.417985	-0.0305956	inf
SRX1569771	TFs and others	POU2F1	Prostate	LNCAP	1308	15/483	0/49	-0.417985	-0.0305956	inf
SRX1569781	TFs and others	AR	Prostate	LNCAP	3629	15/483	0/49	-0.417985	-0.0305956	inf
SRX1569782	TFs and others	AR	Prostate	LNCAP	672	15/483	0/49	-0.417985	-0.0305956	inf
SRX1569783	TFs and others	POU2F1	Prostate	LNCAP	329	15/483	0/49	-0.417985	-0.0305956	inf
SRX158108	TFs and others	GATA3	Blood	RPMI 8402	2629	15/483	0/49	-0.417985	-0.0305956	inf
SRX159093	TFs and others	FOXA1	Liver	HuH-7	305	15/483	0/49	-0.417985	-0.0305956	inf
SRX159186	TFs and others	NCOA1	Digestive tract	LS-180	163	15/483	0/49	-0.417985	-0.0305956	inf
SRX159187	TFs and others	NCOA1	Digestive tract	LS-180	148	15/483	0/49	-0.417985	-0.0305956	inf
SRX1616412	TFs and others	GTF3C5	Neural	IMR-5	2663	15/483	0/49	-0.417985	-0.0305956	inf
SRX1629239	TFs and others	AR	Prostate	VCaP	10933	15/483	0/49	-0.417985	-0.0305956	inf
SRX1629241	TFs and others	AR	Prostate	VCaP	6596	15/483	0/49	-0.417985	-0.0305956	inf
SRX1629252	TFs and others	ERG	Prostate	VCaP	994	15/483	0/49	-0.417985	-0.0305956	inf
SRX1629257	TFs and others	ERG	Prostate	VCaP	930	15/483	0/49	-0.417985	-0.0305956	inf
SRX1650254	TFs and others	NR3C1	Lung	A549	5081	15/483	0/49	-0.417985	-0.0305956	inf
SRX1652871	TFs and others	POU2F2	Blood	HBL-1	614	15/483	0/49	-0.417985	-0.0305956	inf
SRX1652873	TFs and others	POU2AF1	Blood	HBL-1	497	15/483	0/49	-0.417985	-0.0305956	inf
SRX1674505	TFs and others	MBD3	Uterus	HeLa	453	15/483	0/49	-0.417985	-0.0305956	inf
SRX1674507	TFs and others	MBD3	Uterus	HeLa	480	15/483	0/49	-0.417985	-0.0305956	inf
SRX1690263	TFs and others	MYCN	Neural	Neuroblastoma	862	15/483	0/49	-0.417985	-0.0305956	inf
SRX170345	TFs and others	SMARCA4	Blood	CD4+	227	15/483	0/49	-0.417985	-0.0305956	inf
SRX1709989	TFs and others	PGR	Breast	T-47D	545	15/483	0/49	-0.417985	-0.0305956	inf
SRX1711634	TFs and others	Epitope tags	Uterus	HeLa	1342	15/483	0/49	-0.417985	-0.0305956	inf
SRX1722157	TFs and others	MYC	Bone	U2OS	228	15/483	0/49	-0.417985	-0.0305956	inf
SRX173201	TFs and others	AR	Prostate	VCaP	30499	15/483	0/49	-0.417985	-0.0305956	inf
SRX1735799	TFs and others	CDK9	Blood	MOLM-13	398	15/483	0/49	-0.417985	-0.0305956	inf
SRX1738257	TFs and others	GFP	Unclassified	Unclassified	917	15/483	0/49	-0.417985	-0.0305956	inf
SRX1745729	TFs and others	FOXA1	Uterus	Endometrial Stromal Tumors	436	15/483	0/49	-0.417985	-0.0305956	inf
SRX1757994	TFs and others	FOXR2	Breast	MDA-MB-468	298	15/483	0/49	-0.417985	-0.0305956	inf
SRX1757998	TFs and others	MYC	Breast	MDA-MB-468	237	15/483	0/49	-0.417985	-0.0305956	inf
SRX176058	TFs and others	AR	Prostate	22Rv1	306	15/483	0/49	-0.417985	-0.0305956	inf
SRX1772418	TFs and others	NEDD4	Breast	MCF-7	418	15/483	0/49	-0.417985	-0.0305956	inf
SRX1781649	TFs and others	LMNA	Epidermis	Dermal fibroblast	873	15/483	0/49	-0.417985	-0.0305956	inf
SRX1781655	TFs and others	LMNA	Epidermis	Dermal fibroblast	643	15/483	0/49	-0.417985	-0.0305956	inf
SRX1781663	TFs and others	Epitope tags	Uterus	HeLa	619	15/483	0/49	-0.417985	-0.0305956	inf
SRX1813527	TFs and others	MLLT1	Blood	MV-4-11	770	15/483	0/49	-0.417985	-0.0305956	inf
SRX181451	TFs and others	EZH2	Blood	HT	266	15/483	0/49	-0.417985	-0.0305956	inf
SRX1818073	TFs and others	AR	Prostate	LNCAP	19746	15/483	0/49	-0.417985	-0.0305956	inf
SRX1823802	TFs and others	BRD4	Bone	Osteoblasts	339	15/483	0/49	-0.417985	-0.0305956	inf
SRX1830460	TFs and others	Epitope tags	Blood	Jurkat	330	15/483	0/49	-0.417985	-0.0305956	inf
SRX1835123	TFs and others	EWSR1	Prostate	RWPE-1	395	15/483	0/49	-0.417985	-0.0305956	inf
SRX185708	TFs and others	PGR	Muscle	Leiomyoma	2766	15/483	0/49	-0.417985	-0.0305956	inf
SRX186694	TFs and others	EZH2	Blood	GM12878	445	15/483	0/49	-0.417985	-0.0305956	inf
SRX186706	TFs and others	CHD4	Blood	K-562	167	15/483	0/49	-0.417985	-0.0305956	inf
SRX186719	TFs and others	EZH2	Muscle	HSMM	499	15/483	0/49	-0.417985	-0.0305956	inf
SRX186801	TFs and others	ESR1	Breast	Breast cancer	697	15/483	0/49	-0.417985	-0.0305956	inf
SRX188854	TFs and others	Epitope tags	Uterus	HeLa	1454	15/483	0/49	-0.417985	-0.0305956	inf
SRX189239	TFs and others	MYC	Lung	NCI-H128	308	15/483	0/49	-0.417985	-0.0305956	inf
SRX189726	TFs and others	EP300	Cardiovascular	HUVEC	1227	15/483	0/49	-0.417985	-0.0305956	inf
SRX1916938	TFs and others	DNMT3B	Epidermis	Epidermal stem cells	826	15/483	0/49	-0.417985	-0.0305956	inf
SRX196108	TFs and others	CEBPA	Adipocyte	SGBS	1066	15/483	0/49	-0.417985	-0.0305956	inf
SRX1967783	TFs and others	SMC1A	Epidermis	Keratinocytes	1229	15/483	0/49	-0.417985	-0.0305956	inf
SRX1995228	TFs and others	LMNB1	Breast	MCF-7	224	15/483	0/49	-0.417985	-0.0305956	inf
SRX2013092	TFs and others	MYCN	Blood	CD34 Hematopoietic stem cells	507	15/483	0/49	-0.417985	-0.0305956	inf
SRX204179	TFs and others	PIAS4	Lung	WI-38	990	15/483	0/49	-0.417985	-0.0305956	inf
SRX205166	TFs and others	TAL1	Blood	Erythroid Cells	2138	15/483	0/49	-0.417985	-0.0305956	inf
SRX2060918	TFs and others	TP53	Digestive tract	HCT 116	794	15/483	0/49	-0.417985	-0.0305956	inf
SRX2109209	TFs and others	MYC	Breast	Mammary epithelial cells	414	15/483	0/49	-0.417985	-0.0305956	inf
SRX212353	TFs and others	HIF1A	Blood	Macrophages	449	15/483	0/49	-0.417985	-0.0305956	inf
SRX212357	TFs and others	EPAS1	Blood	Macrophages	413	15/483	0/49	-0.417985	-0.0305956	inf
SRX212448	TFs and others	FOXP3	Blood	CD4+ T cells	393	15/483	0/49	-0.417985	-0.0305956	inf
SRX2140291	TFs and others	AR	Prostate	LNCAP	236	15/483	0/49	-0.417985	-0.0305956	inf
SRX2145566	TFs and others	ESR1	Breast	MCF-7	1864	15/483	0/49	-0.417985	-0.0305956	inf
SRX218220	TFs and others	HSF1	Blood	K-562	293	15/483	0/49	-0.417985	-0.0305956	inf
SRX2194236	TFs and others	MED1	Breast	SUM 159PT	1619	15/483	0/49	-0.417985	-0.0305956	inf
SRX220001	TFs and others	AR	Prostate	LNCAP	3698	15/483	0/49	-0.417985	-0.0305956	inf
SRX220084	TFs and others	AR	Prostate	Prostate cancer	795	15/483	0/49	-0.417985	-0.0305956	inf
SRX220085	TFs and others	AR	Prostate	Prostate cancer	639	15/483	0/49	-0.417985	-0.0305956	inf
SRX220092	TFs and others	AR	Prostate	Prostate cancer	2495	15/483	0/49	-0.417985	-0.0305956	inf
SRX2245442	TFs and others	ZEB1	Pancreas	MIA Paca-2	556	15/483	0/49	-0.417985	-0.0305956	inf
SRX2245496	TFs and others	BRD4	Blood	MV-4-11	277	15/483	0/49	-0.417985	-0.0305956	inf
SRX2323867	TFs and others	KMT2A	Kidney	293	747	15/483	0/49	-0.417985	-0.0305956	inf
SRX233547	TFs and others	NR5A1	Others	NCI-H295R	1071	15/483	0/49	-0.417985	-0.0305956	inf
SRX2353651	TFs and others	AR	Prostate	LNCAP	8572	15/483	0/49	-0.417985	-0.0305956	inf
SRX2355071	TFs and others	IRF1	Cardiovascular	HAEC	358	15/483	0/49	-0.417985	-0.0305956	inf
SRX237289	TFs and others	INO80	Blood	CD4+ T cells	1345	15/483	0/49	-0.417985	-0.0305956	inf
SRX2375355	TFs and others	MLLT1	Blood	MOLM-13	726	15/483	0/49	-0.417985	-0.0305956	inf
SRX2382332	TFs and others	EBF3	Neural	SK-N-SH	2028	15/483	0/49	-0.417985	-0.0305956	inf
SRX2404130	TFs and others	RELA	Others	Detroit 562	573	15/483	0/49	-0.417985	-0.0305956	inf
SRX2420131	TFs and others	AR	Prostate	LNCAP	1261	15/483	0/49	-0.417985	-0.0305956	inf
SRX2425860	TFs and others	SMAD3	Breast	MDA-MB-231	793	15/483	0/49	-0.417985	-0.0305956	inf
SRX2431538	TFs and others	GATA4	Epidermis	BJ	10871	15/483	0/49	-0.417985	-0.0305956	inf
SRX2431543	TFs and others	FOXA2	Epidermis	BJ	438	15/483	0/49	-0.417985	-0.0305956	inf
SRX2453450	TFs and others	NLRP2	Breast	MCF 10A	242	15/483	0/49	-0.417985	-0.0305956	inf
SRX2460055	TFs and others	PGR	Breast	Breast cancer cells	158	15/483	0/49	-0.417985	-0.0305956	inf
SRX248767	TFs and others	HIRA	Uterus	HeLa	396	15/483	0/49	-0.417985	-0.0305956	inf
SRX2511891	TFs and others	CDKN1B	Digestive tract	HCT 116	487	15/483	0/49	-0.417985	-0.0305956	inf
SRX2527757	TFs and others	SMARCA2	Neural	SK-N-MC	594	15/483	0/49	-0.417985	-0.0305956	inf
SRX2527759	TFs and others	SMARCC1	Neural	SK-N-MC	2665	15/483	0/49	-0.417985	-0.0305956	inf
SRX2527761	TFs and others	SMARCC1	Neural	SK-N-MC	599	15/483	0/49	-0.417985	-0.0305956	inf
SRX2533320	TFs and others	BRF1	Pluripotent stem cell	hESC H9	509	15/483	0/49	-0.417985	-0.0305956	inf
SRX2537520	TFs and others	MED1	Epidermis	SK-MEL-147	1367	15/483	0/49	-0.417985	-0.0305956	inf
SRX2541243	TFs and others	AR	Prostate	VCaP	3852	15/483	0/49	-0.417985	-0.0305956	inf
SRX2545041	TFs and others	ARID1A	Prostate	LNCAP	502	15/483	0/49	-0.417985	-0.0305956	inf
SRX2545042	TFs and others	ARID1A	Prostate	LNCAP	705	15/483	0/49	-0.417985	-0.0305956	inf
SRX2545054	TFs and others	HOXB13	Prostate	LNCAP	9442	15/483	0/49	-0.417985	-0.0305956	inf
SRX2545057	TFs and others	HOXB13	Prostate	LNCAP	5337	15/483	0/49	-0.417985	-0.0305956	inf
SRX2545058	TFs and others	HOXB13	Prostate	LNCAP	4304	15/483	0/49	-0.417985	-0.0305956	inf
SRX2545063	TFs and others	TRIM28	Prostate	LNCAP	680	15/483	0/49	-0.417985	-0.0305956	inf
SRX2545069	TFs and others	WDHD1	Prostate	LNCAP	521	15/483	0/49	-0.417985	-0.0305956	inf
SRX2546003	TFs and others	METTL14	Blood	MOLM-13	403	15/483	0/49	-0.417985	-0.0305956	inf
SRX254612	TFs and others	SFMBT1	Uterus	HeLa	102	15/483	0/49	-0.417985	-0.0305956	inf
SRX254613	TFs and others	KDM1A	Uterus	HeLa	272	15/483	0/49	-0.417985	-0.0305956	inf
SRX2548284	TFs and others	BATF3	Blood	KK1	2965	15/483	0/49	-0.417985	-0.0305956	inf
SRX256998	TFs and others	RELA	Blood	Lymphoblastoid cell line	627	15/483	0/49	-0.417985	-0.0305956	inf
SRX256999	TFs and others	RELA	Blood	Lymphoblastoid cell line	256	15/483	0/49	-0.417985	-0.0305956	inf
SRX262138	TFs and others	HSF1	Breast	MCF-7	183	15/483	0/49	-0.417985	-0.0305956	inf
SRX262151	TFs and others	HSF1	Blood	M0-91	112	15/483	0/49	-0.417985	-0.0305956	inf
SRX2642352	TFs and others	AR	Prostate	22Rv1	3620	15/483	0/49	-0.417985	-0.0305956	inf
SRX2642357	TFs and others	HOXB13	Prostate	LNCAP	4180	15/483	0/49	-0.417985	-0.0305956	inf
SRX2652427	TFs and others	EP300	Lung	24335	276	15/483	0/49	-0.417985	-0.0305956	inf
SRX2652438	TFs and others	ZBTB48	Uterus	HeLa	2075	15/483	0/49	-0.417985	-0.0305956	inf
SRX2661483	TFs and others	STAT3	Blood	Th17 Cells	319	15/483	0/49	-0.417985	-0.0305956	inf
SRX266860	TFs and others	SOX2	Pluripotent stem cell	hESC HUES64	332	15/483	0/49	-0.417985	-0.0305956	inf
SRX2671850	TFs and others	EP300	Others	Fibroblasts	385	15/483	0/49	-0.417985	-0.0305956	inf
SRX268881	TFs and others	TRF2	Lung	WI-38	678	15/483	0/49	-0.417985	-0.0305956	inf
SRX2704964	TFs and others	GFP	Neural	Retina	328	15/483	0/49	-0.417985	-0.0305956	inf
SRX2708754	TFs and others	Biotin	Pluripotent stem cell	hES BG01V	267	15/483	0/49	-0.417985	-0.0305956	inf
SRX2708812	TFs and others	INO80	Liver	HuH-7	235	15/483	0/49	-0.417985	-0.0305956	inf
SRX2708813	TFs and others	INO80	Liver	HuH-7	704	15/483	0/49	-0.417985	-0.0305956	inf
SRX2732208	TFs and others	POU5F1	Lung	MRC-5	172	15/483	0/49	-0.417985	-0.0305956	inf
SRX2732213	TFs and others	KLF4	Lung	MRC-5	214	15/483	0/49	-0.417985	-0.0305956	inf
SRX2733332	TFs and others	NOTCH1	Blood	Mino	360	15/483	0/49	-0.417985	-0.0305956	inf
SRX2741422	TFs and others	CHD4	Others	SCC-9	214	15/483	0/49	-0.417985	-0.0305956	inf
SRX2741423	TFs and others	CHD4	Others	SCC-9	172	15/483	0/49	-0.417985	-0.0305956	inf
SRX275502	TFs and others	TP53	Bone	U2OS	1039	15/483	0/49	-0.417985	-0.0305956	inf
SRX2765968	TFs and others	HMGB2	Lung	Lung fibroblasts	540	15/483	0/49	-0.417985	-0.0305956	inf
SRX276782	TFs and others	RNF2	Prostate	DU 145	1011	15/483	0/49	-0.417985	-0.0305956	inf
SRX276783	TFs and others	RNF2	Prostate	DU 145	430	15/483	0/49	-0.417985	-0.0305956	inf
SRX2770846	TFs and others	CEBPB	Blood	Macrophages	12099	15/483	0/49	-0.417985	-0.0305956	inf
SRX278610	TFs and others	MED1	Breast	MCF-7	446	15/483	0/49	-0.417985	-0.0305956	inf
SRX2791698	TFs and others	LMNB1	Epidermis	Dermal fibroblast	850	15/483	0/49	-0.417985	-0.0305956	inf
SRX2791699	TFs and others	LMNA	Epidermis	Dermal fibroblast	718	15/483	0/49	-0.417985	-0.0305956	inf
SRX2845373	TFs and others	SMCHD1	Neural	SH-SY5Y	943	15/483	0/49	-0.417985	-0.0305956	inf
SRX286019	TFs and others	SPI1	Blood	Macrophages	353	15/483	0/49	-0.417985	-0.0305956	inf
SRX2881140	TFs and others	POU5F1	Pluripotent stem cell	hESC H9	833	15/483	0/49	-0.417985	-0.0305956	inf
SRX288287	TFs and others	Epitope tags	Kidney	293	713	15/483	0/49	-0.417985	-0.0305956	inf
SRX2924017	TFs and others	TP53	Breast	MCF-7	2674	15/483	0/49	-0.417985	-0.0305956	inf
SRX2937348	TFs and others	SMARCA4	Blood	J-Lat A72	393	15/483	0/49	-0.417985	-0.0305956	inf
SRX2940747	TFs and others	TP53	Epidermis	LOX-IMVI	335	15/483	0/49	-0.417985	-0.0305956	inf
SRX2940754	TFs and others	TP53	Lung	A549	474	15/483	0/49	-0.417985	-0.0305956	inf
SRX2940755	TFs and others	TP53	Digestive tract	HCT 116	458	15/483	0/49	-0.417985	-0.0305956	inf
SRX3011701	TFs and others	MED12	Breast	MCF-7	695	15/483	0/49	-0.417985	-0.0305956	inf
SRX3011703	TFs and others	MED12	Breast	MCF-7	332	15/483	0/49	-0.417985	-0.0305956	inf
SRX301445	TFs and others	BDP1	Lung	IMR-90	819	15/483	0/49	-0.417985	-0.0305956	inf
SRX3020567	TFs and others	PHIP	Digestive tract	HCT 116	198	15/483	0/49	-0.417985	-0.0305956	inf
SRX306510	TFs and others	FOXA1	Prostate	DU 145	11744	15/483	0/49	-0.417985	-0.0305956	inf
SRX306519	TFs and others	AR	Prostate	DU 145	252	15/483	0/49	-0.417985	-0.0305956	inf
SRX3068923	TFs and others	AR	Prostate	22Rv1	955	15/483	0/49	-0.417985	-0.0305956	inf
SRX3083285	TFs and others	BACH2	Blood	B cells	957	15/483	0/49	-0.417985	-0.0305956	inf
SRX3089111	TFs and others	SMARCA4	Liver	Hep G2	134	15/483	0/49	-0.417985	-0.0305956	inf
SRX316957	TFs and others	ZMYND11	Bone	U2OS	623	15/483	0/49	-0.417985	-0.0305956	inf
SRX316959	TFs and others	ZMYND11	Bone	U2OS	587	15/483	0/49	-0.417985	-0.0305956	inf
SRX317605	TFs and others	JARID2	Pluripotent stem cell	iPS cells	1110	15/483	0/49	-0.417985	-0.0305956	inf
SRX317606	TFs and others	EZH2	Pluripotent stem cell	iPS cells	1292	15/483	0/49	-0.417985	-0.0305956	inf
SRX3203626	TFs and others	MORC2	Pluripotent stem cell	ES cells	913	15/483	0/49	-0.417985	-0.0305956	inf
SRX3229129	TFs and others	FOXA1	Breast	Breast cancer	740	15/483	0/49	-0.417985	-0.0305956	inf
SRX3229182	TFs and others	NR3C1	Breast	Breast cancer	402	15/483	0/49	-0.417985	-0.0305956	inf
SRX3230265	TFs and others	BRD1	Pluripotent stem cell	hESC HUES64	897	15/483	0/49	-0.417985	-0.0305956	inf
SRX3235585	TFs and others	FANCD2	Bone	U2OS	419	15/483	0/49	-0.417985	-0.0305956	inf
SRX3256863	TFs and others	RNF2	Pluripotent stem cell	hESC H1	482	15/483	0/49	-0.417985	-0.0305956	inf
SRX3271021	TFs and others	KDM1A	Pluripotent stem cell	hESC derived pancreatic cells	887	15/483	0/49	-0.417985	-0.0305956	inf
SRX3271026	TFs and others	KDM1A	Pluripotent stem cell	hESC derived pancreatic cells	423	15/483	0/49	-0.417985	-0.0305956	inf
SRX328777	TFs and others	GATA6	Digestive tract	LS-174T	2001	15/483	0/49	-0.417985	-0.0305956	inf
SRX3288981	TFs and others	IRF3	Lung	Bronchial tracheal epithelial cells	106	15/483	0/49	-0.417985	-0.0305956	inf
SRX3342254	TFs and others	ONECUT2	Prostate	LNCAP	9011	15/483	0/49	-0.417985	-0.0305956	inf
SRX334256	TFs and others	AR	Unclassified	Unclassified	2518	15/483	0/49	-0.417985	-0.0305956	inf
SRX334261	TFs and others	AR	Unclassified	Unclassified	5153	15/483	0/49	-0.417985	-0.0305956	inf
SRX3387556	TFs and others	STAT3	Blood	TMD8	678	15/483	0/49	-0.417985	-0.0305956	inf
SRX3408659	TFs and others	CDK9	Neural	KELLY	446	15/483	0/49	-0.417985	-0.0305956	inf
SRX3408661	TFs and others	CDK9	Neural	KELLY	466	15/483	0/49	-0.417985	-0.0305956	inf
SRX3410384	TFs and others	PCGF2	Breast	MDA-MB-231	2407	15/483	0/49	-0.417985	-0.0305956	inf
SRX3417627	TFs and others	VDR	Digestive tract	Colonic organoids	681	15/483	0/49	-0.417985	-0.0305956	inf
SRX3417631	TFs and others	VDR	Digestive tract	Colonic organoids	714	15/483	0/49	-0.417985	-0.0305956	inf
SRX342209	TFs and others	BRD4	Kidney	293	237	15/483	0/49	-0.417985	-0.0305956	inf
SRX3422675	TFs and others	MYC	Kidney	293	481	15/483	0/49	-0.417985	-0.0305956	inf
SRX3422676	TFs and others	MYC	Kidney	293	495	15/483	0/49	-0.417985	-0.0305956	inf
SRX3422687	TFs and others	MYC	Kidney	293	737	15/483	0/49	-0.417985	-0.0305956	inf
SRX3428652	TFs and others	ESR1	Breast	MCF-7	320	15/483	0/49	-0.417985	-0.0305956	inf
SRX3428654	TFs and others	ESR1	Breast	MCF-7	437	15/483	0/49	-0.417985	-0.0305956	inf
SRX3436567	TFs and others	SSRP1	Bone	HT-1080	1797	15/483	0/49	-0.417985	-0.0305956	inf
SRX3437426	TFs and others	CTCF	Uterus	HeLa	334	15/483	0/49	-0.417985	-0.0305956	inf
SRX3441733	TFs and others	GATA2	Pluripotent stem cell	iPS cells	565	15/483	0/49	-0.417985	-0.0305956	inf
SRX3445722	TFs and others	ZNF341	Blood	B cells	1040	15/483	0/49	-0.417985	-0.0305956	inf
SRX3520277	TFs and others	BrdU	Digestive tract	HCT 116	752	15/483	0/49	-0.417985	-0.0305956	inf
SRX3536229	TFs and others	MEPCE	Uterus	HeLa	308	15/483	0/49	-0.417985	-0.0305956	inf
SRX3540554	TFs and others	NRF1	Uterus	HeLa	397	15/483	0/49	-0.417985	-0.0305956	inf
SRX3541098	TFs and others	ESR1	Breast	MCF-7	1815	15/483	0/49	-0.417985	-0.0305956	inf
SRX3541101	TFs and others	ESR1	Breast	MCF-7	2884	15/483	0/49	-0.417985	-0.0305956	inf
SRX3546801	TFs and others	Epitope tags	Breast	MDA-MB-231	3142	15/483	0/49	-0.417985	-0.0305956	inf
SRX3548668	TFs and others	SMARCA4	Lung	NCI-H1299	926	15/483	0/49	-0.417985	-0.0305956	inf
SRX3554526	TFs and others	Epitope tags	Pluripotent stem cell	iPS derived hematopoietic cells	1220	15/483	0/49	-0.417985	-0.0305956	inf
SRX3581509	TFs and others	CHD7	Pluripotent stem cell	iPS derived neural cells	5494	15/483	0/49	-0.417985	-0.0305956	inf
SRX3595674	TFs and others	BRD3	Breast	MCF-7	476	15/483	0/49	-0.417985	-0.0305956	inf
SRX3596435	TFs and others	Epitope tags	Lung	NCI-H1299	507	15/483	0/49	-0.417985	-0.0305956	inf
SRX359876	TFs and others	NR4A2	Digestive tract	LoVo	412	15/483	0/49	-0.417985	-0.0305956	inf
SRX359909	TFs and others	NFAT5	Digestive tract	LoVo	241	15/483	0/49	-0.417985	-0.0305956	inf
SRX3599302	TFs and others	FLI1	Cardiovascular	HUVEC	497	15/483	0/49	-0.417985	-0.0305956	inf
SRX3599312	TFs and others	GATA2	Cardiovascular	HUVEC	1027	15/483	0/49	-0.417985	-0.0305956	inf
SRX359940	TFs and others	ID3	Digestive tract	LoVo	127	15/483	0/49	-0.417985	-0.0305956	inf
SRX359948	TFs and others	NR1D1	Digestive tract	LoVo	91	15/483	0/49	-0.417985	-0.0305956	inf
SRX359950	TFs and others	OVOL2	Digestive tract	LoVo	113	15/483	0/49	-0.417985	-0.0305956	inf
SRX359968	TFs and others	PBX1	Digestive tract	LoVo	161	15/483	0/49	-0.417985	-0.0305956	inf
SRX359991	TFs and others	CTCFL	Digestive tract	LoVo	405	15/483	0/49	-0.417985	-0.0305956	inf
SRX360050	TFs and others	ZBTB24	Digestive tract	LoVo	353	15/483	0/49	-0.417985	-0.0305956	inf
SRX3601929	TFs and others	GLYR1	Uterus	HeLa	515	15/483	0/49	-0.417985	-0.0305956	inf
SRX3601931	TFs and others	GLYR1	Uterus	HeLa	518	15/483	0/49	-0.417985	-0.0305956	inf
SRX3601933	TFs and others	GLYR1	Uterus	HeLa	519	15/483	0/49	-0.417985	-0.0305956	inf
SRX3601935	TFs and others	GLYR1	Uterus	HeLa	523	15/483	0/49	-0.417985	-0.0305956	inf
SRX3601940	TFs and others	GLYR1	Uterus	HeLa	690	15/483	0/49	-0.417985	-0.0305956	inf
SRX360593	TFs and others	REST	Digestive tract	GP5d	1738	15/483	0/49	-0.417985	-0.0305956	inf
SRX3629594	TFs and others	ESR1	Breast	MCF-7	7102	15/483	0/49	-0.417985	-0.0305956	inf
SRX3630681	TFs and others	FOXO3	Pluripotent stem cell	iPS derived neural cells	671	15/483	0/49	-0.417985	-0.0305956	inf
SRX3630685	TFs and others	FOXO3	Pluripotent stem cell	iPS derived neural cells	281	15/483	0/49	-0.417985	-0.0305956	inf
SRX3636820	TFs and others	NR3C1	Blood	ALL xenograft	682	15/483	0/49	-0.417985	-0.0305956	inf
SRX3642949	TFs and others	PRMT1	Epidermis	Keratinocytes	750	15/483	0/49	-0.417985	-0.0305956	inf
SRX3657392	TFs and others	KMT2A	Blood	SHI-1	249	15/483	0/49	-0.417985	-0.0305956	inf
SRX365798	TFs and others	NR3C1	Prostate	LREX	2333	15/483	0/49	-0.417985	-0.0305956	inf
SRX366172	TFs and others	SMAD4	Lung	NCI-H441	198	15/483	0/49	-0.417985	-0.0305956	inf
SRX371447	TFs and others	ESR1	Others	Tumour tissues	3920	15/483	0/49	-0.417985	-0.0305956	inf
SRX3734320	TFs and others	TP53	Breast	Mammary glands	2270	15/483	0/49	-0.417985	-0.0305956	inf
SRX3737114	TFs and others	SLBP	Kidney	293	302	15/483	0/49	-0.417985	-0.0305956	inf
SRX3745257	TFs and others	Epitope tags	Lung	NCI-H1299	629	15/483	0/49	-0.417985	-0.0305956	inf
SRX3758833	TFs and others	BrdU	Uterus	HeLa	2135	15/483	0/49	-0.417985	-0.0305956	inf
SRX3768720	TFs and others	MLLT3	Blood	Erythroblasts	97	15/483	0/49	-0.417985	-0.0305956	inf
SRX3768736	TFs and others	MLLT3	Blood	CD34 Hematopoietic stem cells	326	15/483	0/49	-0.417985	-0.0305956	inf
SRX377962	TFs and others	CHD4	Neural	Glioblastoma	523	15/483	0/49	-0.417985	-0.0305956	inf
SRX386204	TFs and others	GFI1B	Blood	CD34+	1132	15/483	0/49	-0.417985	-0.0305956	inf
SRX3862433	TFs and others	SMARCA4	Unclassified	Unclassified	335	15/483	0/49	-0.417985	-0.0305956	inf
SRX387194	TFs and others	KDM1A	Prostate	LNCAP	218	15/483	0/49	-0.417985	-0.0305956	inf
SRX387195	TFs and others	KDM1A	Prostate	VCaP	459	15/483	0/49	-0.417985	-0.0305956	inf
SRX387508	TFs and others	SUPT5H	Uterus	HeLa	434	15/483	0/49	-0.417985	-0.0305956	inf
SRX387776	TFs and others	VDR	Blood	THP-1	398	15/483	0/49	-0.417985	-0.0305956	inf
SRX3881552	TFs and others	MYC	Prostate	LNCAP	284	15/483	0/49	-0.417985	-0.0305956	inf
SRX3927312	TFs and others	BRD9	Blood	Jurkat	1440	15/483	0/49	-0.417985	-0.0305956	inf
SRX392780	TFs and others	REST	Blood	GM12878	3221	15/483	0/49	-0.417985	-0.0305956	inf
SRX392795	TFs and others	REST	Blood	Jurkat	2461	15/483	0/49	-0.417985	-0.0305956	inf
SRX392801	TFs and others	REST	Blood	Jurkat	1547	15/483	0/49	-0.417985	-0.0305956	inf
SRX392806	TFs and others	REST	Blood	Jurkat	1918	15/483	0/49	-0.417985	-0.0305956	inf
SRX392811	TFs and others	EP300	Blood	GM12878	280	15/483	0/49	-0.417985	-0.0305956	inf
SRX392816	TFs and others	EP300	Blood	GM12878	265	15/483	0/49	-0.417985	-0.0305956	inf
SRX392818	TFs and others	EP300	Blood	GM12878	404	15/483	0/49	-0.417985	-0.0305956	inf
SRX396251	TFs and others	TP53	Others	Fibroblasts	806	15/483	0/49	-0.417985	-0.0305956	inf
SRX396252	TFs and others	TP53	Others	Fibroblasts	965	15/483	0/49	-0.417985	-0.0305956	inf
SRX396256	TFs and others	TP53	Others	Fibroblasts	523	15/483	0/49	-0.417985	-0.0305956	inf
SRX396258	TFs and others	TP53	Others	Fibroblasts	561	15/483	0/49	-0.417985	-0.0305956	inf
SRX396266	TFs and others	TP53	Others	Fibroblasts	160	15/483	0/49	-0.417985	-0.0305956	inf
SRX3962720	TFs and others	TP53	Digestive tract	HCT 116	964	15/483	0/49	-0.417985	-0.0305956	inf
SRX396580	TFs and others	CBX7	Epidermis	Hs 68	544	15/483	0/49	-0.417985	-0.0305956	inf
SRX396581	TFs and others	CBX8	Epidermis	Hs 68	572	15/483	0/49	-0.417985	-0.0305956	inf
SRX396818	TFs and others	ESR1	Breast	MCF-7	2735	15/483	0/49	-0.417985	-0.0305956	inf
SRX4003761	TFs and others	ESRRG	Pluripotent stem cell	hESC derived cardiac cells	652	15/483	0/49	-0.417985	-0.0305956	inf
SRX4096727	TFs and others	EPAS1	Prostate	PC-3	1529	15/483	0/49	-0.417985	-0.0305956	inf
SRX4096884	TFs and others	TRPS1	Breast	HCC3153	2522	15/483	0/49	-0.417985	-0.0305956	inf
SRX4155874	TFs and others	CTCFL	Bone	TC-71	696	15/483	0/49	-0.417985	-0.0305956	inf
SRX4155879	TFs and others	SMC1A	Bone	TC-71	3858	15/483	0/49	-0.417985	-0.0305956	inf
SRX4170727	TFs and others	WDR5	Blood	MV-4-11	683	15/483	0/49	-0.417985	-0.0305956	inf
SRX4192134	TFs and others	PARP1	Breast	MCF 10A	254	15/483	0/49	-0.417985	-0.0305956	inf
SRX4301477	TFs and others	RELA	Uterus	HeLa	194	15/483	0/49	-0.417985	-0.0305956	inf
SRX433192	TFs and others	AR	Kidney	293	386	15/483	0/49	-0.417985	-0.0305956	inf
SRX4397527	TFs and others	KMT2D	Pluripotent stem cell	NT2-D1	386	15/483	0/49	-0.417985	-0.0305956	inf
SRX4398450	TFs and others	MYB	Blood	THP-1	2910	15/483	0/49	-0.417985	-0.0305956	inf
SRX4404400	TFs and others	MYCN	Prostate	LNCAP	291	15/483	0/49	-0.417985	-0.0305956	inf
SRX4417027	TFs and others	TFAP2C	Breast	MCF-7	578	15/483	0/49	-0.417985	-0.0305956	inf
SRX4451203	TFs and others	ESR1	Breast	MCF-7	361	15/483	0/49	-0.417985	-0.0305956	inf
SRX4466284	TFs and others	RUNX1	Blood	REH	577	15/483	0/49	-0.417985	-0.0305956	inf
SRX4502348	TFs and others	CDK11A	Digestive tract	HCT 116	288	15/483	0/49	-0.417985	-0.0305956	inf
SRX4518426	TFs and others	BRD4	Prostate	LNCAP	860	15/483	0/49	-0.417985	-0.0305956	inf
SRX4531282	TFs and others	AHR	Uterus	T HESCs	1532	15/483	0/49	-0.417985	-0.0305956	inf
SRX4531283	TFs and others	AHR	Uterus	T HESCs	1484	15/483	0/49	-0.417985	-0.0305956	inf
SRX4531284	TFs and others	AHR	Uterus	T HESCs	1634	15/483	0/49	-0.417985	-0.0305956	inf
SRX4572983	TFs and others	CEBPA	Liver	Hep G2	180	15/483	0/49	-0.417985	-0.0305956	inf
SRX4599932	TFs and others	Epitope tags	Kidney	293	210	15/483	0/49	-0.417985	-0.0305956	inf
SRX4634576	TFs and others	REST	Prostate	LNCAP	1538	15/483	0/49	-0.417985	-0.0305956	inf
SRX4663589	TFs and others	NCOA3	Breast	MCF-7	16414	15/483	0/49	-0.417985	-0.0305956	inf
SRX4671060	TFs and others	BMI	Blood	Lymphoblastoid cell line	417	15/483	0/49	-0.417985	-0.0305956	inf
SRX4677290	TFs and others	HOXB8	Pancreas	PANC-1	4153	15/483	0/49	-0.417985	-0.0305956	inf
SRX4679528	TFs and others	REST	Neural	CHLA-90	2235	15/483	0/49	-0.417985	-0.0305956	inf
SRX470067	TFs and others	Epitope tags	Kidney	293	225	15/483	0/49	-0.417985	-0.0305956	inf
SRX470068	TFs and others	Epitope tags	Kidney	293	99	15/483	0/49	-0.417985	-0.0305956	inf
SRX4708014	TFs and others	SRSF3	Liver	Hep G2	311	15/483	0/49	-0.417985	-0.0305956	inf
SRX4708044	TFs and others	SFPQ	Liver	Hep G2	213	15/483	0/49	-0.417985	-0.0305956	inf
SRX471205	TFs and others	AR	Prostate	C4-2	17776	15/483	0/49	-0.417985	-0.0305956	inf
SRX471847	TFs and others	AR	Prostate	VCaP	6413	15/483	0/49	-0.417985	-0.0305956	inf
SRX471848	TFs and others	AR	Prostate	VCaP	4431	15/483	0/49	-0.417985	-0.0305956	inf
SRX471853	TFs and others	AR	Prostate	VCaP	8832	15/483	0/49	-0.417985	-0.0305956	inf
SRX471859	TFs and others	BRD4	Prostate	VCaP	881	15/483	0/49	-0.417985	-0.0305956	inf
SRX472275	TFs and others	TERF1	Blood	Lymphoblastoid cell line	833	15/483	0/49	-0.417985	-0.0305956	inf
SRX4727909	TFs and others	KDM6A	Pluripotent stem cell	hESC derived neural cells	532	15/483	0/49	-0.417985	-0.0305956	inf
SRX4734151	TFs and others	HDAC9	Cardiovascular	Smooth muscle cells	364	15/483	0/49	-0.417985	-0.0305956	inf
SRX4745224	TFs and others	Epitope tags	Kidney	293	497	15/483	0/49	-0.417985	-0.0305956	inf
SRX4745234	TFs and others	Epitope tags	Kidney	293	735	15/483	0/49	-0.417985	-0.0305956	inf
SRX4745235	TFs and others	Epitope tags	Kidney	293	557	15/483	0/49	-0.417985	-0.0305956	inf
SRX4745236	TFs and others	Epitope tags	Kidney	293	538	15/483	0/49	-0.417985	-0.0305956	inf
SRX4745238	TFs and others	Epitope tags	Kidney	293	433	15/483	0/49	-0.417985	-0.0305956	inf
SRX4781486	TFs and others	BRD3	Blood	Chronic myeloid leukemia	501	15/483	0/49	-0.417985	-0.0305956	inf
SRX4781491	TFs and others	BRD3	Blood	Acute myeloid leukemia	447	15/483	0/49	-0.417985	-0.0305956	inf
SRX4781506	TFs and others	BRD4	Blood	Acute myeloid leukemia	266	15/483	0/49	-0.417985	-0.0305956	inf
SRX4781507	TFs and others	BRD4	Blood	Acute myeloid leukemia	181	15/483	0/49	-0.417985	-0.0305956	inf
SRX4781509	TFs and others	BRD4	Blood	Acute myeloid leukemia	232	15/483	0/49	-0.417985	-0.0305956	inf
SRX4781511	TFs and others	BRD4	Blood	Acute myeloid leukemia	273	15/483	0/49	-0.417985	-0.0305956	inf
SRX4783032	TFs and others	AR	Prostate	Prostate cancer cells	1090	15/483	0/49	-0.417985	-0.0305956	inf
SRX4783038	TFs and others	AR	Prostate	Prostate cancer cells	472	15/483	0/49	-0.417985	-0.0305956	inf
SRX4783045	TFs and others	AR	Prostate	Prostate cancer cells	1083	15/483	0/49	-0.417985	-0.0305956	inf
SRX4783046	TFs and others	AR	Prostate	Prostate cancer cells	711	15/483	0/49	-0.417985	-0.0305956	inf
SRX4783088	TFs and others	AR	Prostate	Prostate cancer cells	1597	15/483	0/49	-0.417985	-0.0305956	inf
SRX4783097	TFs and others	AR	Prostate	Prostate cancer cells	821	15/483	0/49	-0.417985	-0.0305956	inf
SRX4783107	TFs and others	AR	Prostate	Prostate cancer cells	434	15/483	0/49	-0.417985	-0.0305956	inf
SRX4796927	TFs and others	PPARG	Adipocyte	Adipose Tissue	873	15/483	0/49	-0.417985	-0.0305956	inf
SRX481486	TFs and others	PCGF2	Others	Fibroblasts	778	15/483	0/49	-0.417985	-0.0305956	inf
SRX4819700	TFs and others	AR	Prostate	LNCAP	12658	15/483	0/49	-0.417985	-0.0305956	inf
SRX4824362	TFs and others	AR	Prostate	22Rv1	3826	15/483	0/49	-0.417985	-0.0305956	inf
SRX484650	TFs and others	Epitope tags	Uterus	HeLa	366	15/483	0/49	-0.417985	-0.0305956	inf
SRX4892333	TFs and others	Epitope tags	Kidney	293	513	15/483	0/49	-0.417985	-0.0305956	inf
SRX4892336	TFs and others	Epitope tags	Kidney	293	768	15/483	0/49	-0.417985	-0.0305956	inf
SRX4901016	TFs and others	KDM1A	Blood	SET-2	401	15/483	0/49	-0.417985	-0.0305956	inf
SRX4901027	TFs and others	KDM1A	Blood	SET-2	435	15/483	0/49	-0.417985	-0.0305956	inf
SRX490263	TFs and others	TP53	Epidermis	BJ	497	15/483	0/49	-0.417985	-0.0305956	inf
SRX490427	TFs and others	BRD4	Breast	MCF-7	451	15/483	0/49	-0.417985	-0.0305956	inf
SRX4941327	TFs and others	XBP1	Prostate	LNCAP	636	15/483	0/49	-0.417985	-0.0305956	inf
SRX497606	TFs and others	PIAS1	Prostate	VCaP	495	15/483	0/49	-0.417985	-0.0305956	inf
SRX4998036	TFs and others	Epitope tags	Blood	HL-60	823	15/483	0/49	-0.417985	-0.0305956	inf
SRX502054	TFs and others	AR	Prostate	Prostate	894	15/483	0/49	-0.417985	-0.0305956	inf
SRX502055	TFs and others	AR	Prostate	Prostate cancer	5832	15/483	0/49	-0.417985	-0.0305956	inf
SRX502057	TFs and others	AR	Prostate	Prostate cancer	4433	15/483	0/49	-0.417985	-0.0305956	inf
SRX502058	TFs and others	AR	Prostate	Prostate	480	15/483	0/49	-0.417985	-0.0305956	inf
SRX502064	TFs and others	AR	Prostate	Prostate	1310	15/483	0/49	-0.417985	-0.0305956	inf
SRX5025689	TFs and others	MYCN	Neural	SH-EP	489	15/483	0/49	-0.417985	-0.0305956	inf
SRX5025690	TFs and others	MYCN	Neural	SH-EP	529	15/483	0/49	-0.417985	-0.0305956	inf
SRX5025692	TFs and others	MYCN	Neural	SH-EP	605	15/483	0/49	-0.417985	-0.0305956	inf
SRX503323	TFs and others	KSHV LANA	Kidney	iSLK	607	15/483	0/49	-0.417985	-0.0305956	inf
SRX503324	TFs and others	KSHV LANA	Kidney	iSLK	657	15/483	0/49	-0.417985	-0.0305956	inf
SRX503329	TFs and others	KSHV LANA	Kidney	iSLK	453	15/483	0/49	-0.417985	-0.0305956	inf
SRX503330	TFs and others	KSHV LANA	Kidney	iSLK	619	15/483	0/49	-0.417985	-0.0305956	inf
SRX5075182	TFs and others	SMARCA2	Neural	Neural progenitor cells	319	15/483	0/49	-0.417985	-0.0305956	inf
SRX5076290	TFs and others	ZBTB7A	Prostate	VCaP	444	15/483	0/49	-0.417985	-0.0305956	inf
SRX5089389	TFs and others	ARID1A	Breast	MCF-7	1027	15/483	0/49	-0.417985	-0.0305956	inf
SRX5089421	TFs and others	SMARCA4	Breast	MCF-7	1943	15/483	0/49	-0.417985	-0.0305956	inf
SRX5089428	TFs and others	SMARCB1	Breast	MCF-7	997	15/483	0/49	-0.417985	-0.0305956	inf
SRX5089496	TFs and others	HDAC1	Breast	MCF-7	243	15/483	0/49	-0.417985	-0.0305956	inf
SRX5089522	TFs and others	SMARCA4	Breast	MCF-7	598	15/483	0/49	-0.417985	-0.0305956	inf
SRX5089530	TFs and others	SMARCA4	Breast	MCF-7	1533	15/483	0/49	-0.417985	-0.0305956	inf
SRX5089777	TFs and others	EGR1	Blood	OCI-LY-10	436	15/483	0/49	-0.417985	-0.0305956	inf
SRX5099497	TFs and others	STAT3	Blood	TMD8	424	15/483	0/49	-0.417985	-0.0305956	inf
SRX512372	TFs and others	Epitope tags	Epidermis	Dermal fibroblast	570	15/483	0/49	-0.417985	-0.0305956	inf
SRX5124821	TFs and others	FOXA1	Prostate	LAPC-4	1073	15/483	0/49	-0.417985	-0.0305956	inf
SRX5124829	TFs and others	FOXA1	Prostate	LAPC-4	22664	15/483	0/49	-0.417985	-0.0305956	inf
SRX5124838	TFs and others	AR	Prostate	22Rv1	1255	15/483	0/49	-0.417985	-0.0305956	inf
SRX5124841	TFs and others	AR	Prostate	22Rv1	2300	15/483	0/49	-0.417985	-0.0305956	inf
SRX5124844	TFs and others	AR	Prostate	22Rv1	964	15/483	0/49	-0.417985	-0.0305956	inf
SRX5124855	TFs and others	AR	Prostate	22Rv1	1695	15/483	0/49	-0.417985	-0.0305956	inf
SRX5124859	TFs and others	AR	Prostate	22Rv1	1268	15/483	0/49	-0.417985	-0.0305956	inf
SRX5128130	TFs and others	AR	Breast	ZR-75-1	1905	15/483	0/49	-0.417985	-0.0305956	inf
SRX5139485	TFs and others	SMC2	Digestive tract	HCT 116	738	15/483	0/49	-0.417985	-0.0305956	inf
SRX5139486	TFs and others	SMC2	Digestive tract	HCT 116	773	15/483	0/49	-0.417985	-0.0305956	inf
SRX5139489	TFs and others	SMC2	Digestive tract	HCT 116	708	15/483	0/49	-0.417985	-0.0305956	inf
SRX5139491	TFs and others	SMC2	Digestive tract	HCT 116	862	15/483	0/49	-0.417985	-0.0305956	inf
SRX5146785	TFs and others	SRF	Cardiovascular	HCASMC	378	15/483	0/49	-0.417985	-0.0305956	inf
SRX5157148	TFs and others	CEBPA	Blood	THP-1	6239	15/483	0/49	-0.417985	-0.0305956	inf
SRX5185602	TFs and others	MED12	Breast	MCF-7	395	15/483	0/49	-0.417985	-0.0305956	inf
SRX5185605	TFs and others	MED12	Breast	MCF-7	684	15/483	0/49	-0.417985	-0.0305956	inf
SRX518671	TFs and others	SPI1	Blood	OCI-LY-3	655	15/483	0/49	-0.417985	-0.0305956	inf
SRX5212363	TFs and others	GLTSCR1	Others	Mel270	447	15/483	0/49	-0.417985	-0.0305956	inf
SRX5242456	TFs and others	MED1	Blood	MOLM-14	1557	15/483	0/49	-0.417985	-0.0305956	inf
SRX5242457	TFs and others	MED1	Blood	MOLM-14	1914	15/483	0/49	-0.417985	-0.0305956	inf
SRX5254849	TFs and others	SUZ12	Others	Mesenchymal stem cells	351	15/483	0/49	-0.417985	-0.0305956	inf
SRX5254852	TFs and others	RNF2	Others	Mesenchymal stem cells	477	15/483	0/49	-0.417985	-0.0305956	inf
SRX5260952	TFs and others	CHD4	Blood	U-937	881	15/483	0/49	-0.417985	-0.0305956	inf
SRX5276083	TFs and others	GFP	Blood	Dendritic Cells	1040	15/483	0/49	-0.417985	-0.0305956	inf
SRX5276085	TFs and others	GFP	Blood	Dendritic Cells	926	15/483	0/49	-0.417985	-0.0305956	inf
SRX5276088	TFs and others	GFP	Blood	Dendritic Cells	1105	15/483	0/49	-0.417985	-0.0305956	inf
SRX5286333	TFs and others	POU5F1	Pluripotent stem cell	ES cells	857	15/483	0/49	-0.417985	-0.0305956	inf
SRX5287701	TFs and others	MED1	Breast	MCF-7	311	15/483	0/49	-0.417985	-0.0305956	inf
SRX5290909	TFs and others	CTCF	Prostate	LNCAP	784	15/483	0/49	-0.417985	-0.0305956	inf
SRX5294338	TFs and others	DPF2	Kidney	TTC1240	587	15/483	0/49	-0.417985	-0.0305956	inf
SRX5307295	TFs and others	TFAP2C	Pluripotent stem cell	hESC derived epidermal cells	1792	15/483	0/49	-0.417985	-0.0305956	inf
SRX5313202	TFs and others	TP53	Digestive tract	HCT 116	494	15/483	0/49	-0.417985	-0.0305956	inf
SRX5313209	TFs and others	EP300	Digestive tract	HCT 116	292	15/483	0/49	-0.417985	-0.0305956	inf
SRX5346134	TFs and others	WDR5	Blood	RAMOS	1084	15/483	0/49	-0.417985	-0.0305956	inf
SRX5360090	TFs and others	EZH2	Epidermis	Dermal fibroblast	455	15/483	0/49	-0.417985	-0.0305956	inf
SRX5360643	TFs and others	Epitope tags	Epidermis	BJ	1706	15/483	0/49	-0.417985	-0.0305956	inf
SRX5401653	TFs and others	AR	Prostate	Prostate cancer-derived fibroblasts	560	15/483	0/49	-0.417985	-0.0305956	inf
SRX5401663	TFs and others	AR	Prostate	Prostate cancer-derived fibroblasts	524	15/483	0/49	-0.417985	-0.0305956	inf
SRX5464931	TFs and others	YAP1	Pluripotent stem cell	iPS derived cardiac cells	1656	15/483	0/49	-0.417985	-0.0305956	inf
SRX5491530	TFs and others	XPO1	Blood	K-562	92	15/483	0/49	-0.417985	-0.0305956	inf
SRX5493768	TFs and others	ESR1	Breast	Breast cancer cells	769	15/483	0/49	-0.417985	-0.0305956	inf
SRX5493770	TFs and others	ESR1	Breast	Breast cancer cells	208	15/483	0/49	-0.417985	-0.0305956	inf
SRX5503139	TFs and others	IRF9	Blood	THP-1	435	15/483	0/49	-0.417985	-0.0305956	inf
SRX5503143	TFs and others	STAT2	Blood	THP-1	461	15/483	0/49	-0.417985	-0.0305956	inf
SRX5511303	TFs and others	ESR1	Breast	MDA-MB-231	358	15/483	0/49	-0.417985	-0.0305956	inf
SRX5511308	TFs and others	ESR1	Breast	MDA-MB-231	353	15/483	0/49	-0.417985	-0.0305956	inf
SRX5514015	TFs and others	FOS	Uterus	Uterin leiomyoma	1277	15/483	0/49	-0.417985	-0.0305956	inf
SRX5514020	TFs and others	JUN	Uterus	Myometrium	608	15/483	0/49	-0.417985	-0.0305956	inf
SRX5514023	TFs and others	JUN	Uterus	Uterin leiomyoma	341	15/483	0/49	-0.417985	-0.0305956	inf
SRX5514024	TFs and others	JUN	Uterus	Uterin leiomyoma	251	15/483	0/49	-0.417985	-0.0305956	inf
SRX5525790	TFs and others	MYCN	Neural	SH-EP	418	15/483	0/49	-0.417985	-0.0305956	inf
SRX5534847	TFs and others	ESR1	Breast	MCF-7	2509	15/483	0/49	-0.417985	-0.0305956	inf
SRX5574371	TFs and others	SPI1	Blood	Monocytes	4806	15/483	0/49	-0.417985	-0.0305956	inf
SRX5574510	TFs and others	SPI1	Blood	TALL-1	536	15/483	0/49	-0.417985	-0.0305956	inf
SRX5574511	TFs and others	SPI1	Blood	TALL-1	493	15/483	0/49	-0.417985	-0.0305956	inf
SRX5600894	TFs and others	OLIG2	Neural	Prefrontal Cortex	425	15/483	0/49	-0.417985	-0.0305956	inf
SRX5624364	TFs and others	GFP	Blood	Macrophages	628	15/483	0/49	-0.417985	-0.0305956	inf
SRX5683086	TFs and others	ESR1	Breast	T-47D	1324	15/483	0/49	-0.417985	-0.0305956	inf
SRX5702146	TFs and others	PPP1R10	Bone	U2OS	933	15/483	0/49	-0.417985	-0.0305956	inf
SRX5725635	TFs and others	MTA1	Uterus	HeLa	542	15/483	0/49	-0.417985	-0.0305956	inf
SRX573041	TFs and others	ELL2	Uterus	HeLa	581	15/483	0/49	-0.417985	-0.0305956	inf
SRX5759194	TFs and others	SUZ12	Neural	ipNF05.5	313	15/483	0/49	-0.417985	-0.0305956	inf
SRX5765527	TFs and others	MLLT3	Blood	K-562	1895	15/483	0/49	-0.417985	-0.0305956	inf
SRX5822372	TFs and others	AML1-ETO	Blood	Kasumi-1	2637	15/483	0/49	-0.417985	-0.0305956	inf
SRX5824554	TFs and others	BRD7	Breast	SUM 159PT	572	15/483	0/49	-0.417985	-0.0305956	inf
SRX5824557	TFs and others	BRD7	Breast	SUM 159PT	741	15/483	0/49	-0.417985	-0.0305956	inf
SRX5824587	TFs and others	BRD4	Breast	SUM 159PT	1412	15/483	0/49	-0.417985	-0.0305956	inf
SRX5838718	TFs and others	RNF2	Bone	A-673	579	15/483	0/49	-0.417985	-0.0305956	inf
SRX5838719	TFs and others	RNF2	Bone	A-673	477	15/483	0/49	-0.417985	-0.0305956	inf
SRX5852999	TFs and others	AR	Blood	THP-1	398	15/483	0/49	-0.417985	-0.0305956	inf
SRX5865970	TFs and others	TP53	Blood	K-562	189	15/483	0/49	-0.417985	-0.0305956	inf
SRX5883959	TFs and others	RAD21	Blood	Multiple Myeloma	597	15/483	0/49	-0.417985	-0.0305956	inf
SRX5888982	TFs and others	MED1	Others	Head and neck squamous cell carcinoma 	731	15/483	0/49	-0.417985	-0.0305956	inf
SRX5888983	TFs and others	MED1	Others	Head and neck squamous cell carcinoma 	277	15/483	0/49	-0.417985	-0.0305956	inf
SRX5930149	TFs and others	MYOG	Muscle	RH-4	1162	15/483	0/49	-0.417985	-0.0305956	inf
SRX593750	TFs and others	SFPQ	Breast	MCF-7	1042	15/483	0/49	-0.417985	-0.0305956	inf
SRX595690	TFs and others	AR	Prostate	LNCAP	3632	15/483	0/49	-0.417985	-0.0305956	inf
SRX5957534	TFs and others	WDR5	Pluripotent stem cell	hESC H1	337	15/483	0/49	-0.417985	-0.0305956	inf
SRX596338	TFs and others	CTNNB1	Pluripotent stem cell	ES cells	309	15/483	0/49	-0.417985	-0.0305956	inf
SRX596342	TFs and others	CTNNB1	Pluripotent stem cell	ES cells	504	15/483	0/49	-0.417985	-0.0305956	inf
SRX5974561	TFs and others	GATA1	Blood	K-562	8329	15/483	0/49	-0.417985	-0.0305956	inf
SRX6027689	TFs and others	ESR1	Uterus	Ishikawa	490	15/483	0/49	-0.417985	-0.0305956	inf
SRX6039035	TFs and others	CTNNB1	Pluripotent stem cell	iPS derived chondrocytes	1437	15/483	0/49	-0.417985	-0.0305956	inf
SRX6058762	TFs and others	PGR	Breast	T-47D	3320	15/483	0/49	-0.417985	-0.0305956	inf
SRX6066504	TFs and others	CDK9	Digestive tract	HCT 116	618	15/483	0/49	-0.417985	-0.0305956	inf
SRX6073299	TFs and others	IRF4	Blood	BC-3	2211	15/483	0/49	-0.417985	-0.0305956	inf
SRX6073304	TFs and others	BATF	Blood	BC-3	268	15/483	0/49	-0.417985	-0.0305956	inf
SRX608348	TFs and others	GFP	Kidney	293	279	15/483	0/49	-0.417985	-0.0305956	inf
SRX610674	TFs and others	Epitope tags	Uterus	Ovarian granulosa cells	313	15/483	0/49	-0.417985	-0.0305956	inf
SRX611330	TFs and others	F2RL1	Kidney	293	317	15/483	0/49	-0.417985	-0.0305956	inf
SRX612500	TFs and others	BRD2	Liver	LX2	268	15/483	0/49	-0.417985	-0.0305956	inf
SRX6175596	TFs and others	STAG1	Bone	A-673	437	15/483	0/49	-0.417985	-0.0305956	inf
SRX6175606	TFs and others	STAG2	Bone	A-673	663	15/483	0/49	-0.417985	-0.0305956	inf
SRX6367580	TFs and others	NCOA1	Kidney	293	2694	15/483	0/49	-0.417985	-0.0305956	inf
SRX6367594	TFs and others	NCOA1	Kidney	293	3821	15/483	0/49	-0.417985	-0.0305956	inf
SRX6384905	TFs and others	KDM1A	Epidermis	Keratinocytes	1330	15/483	0/49	-0.417985	-0.0305956	inf
SRX6386952	TFs and others	TCF12	Liver	Hep 3B	470	15/483	0/49	-0.417985	-0.0305956	inf
SRX6413748	TFs and others	ESR1	Breast	MCF-7	664	15/483	0/49	-0.417985	-0.0305956	inf
SRX6430558	TFs and others	SUZ12	Blood	KARPAS-422	545	15/483	0/49	-0.417985	-0.0305956	inf
SRX6430578	TFs and others	EZH2	Blood	KMS-28PE	528	15/483	0/49	-0.417985	-0.0305956	inf
SRX6430580	TFs and others	EZH2	Blood	KMS-28PE	509	15/483	0/49	-0.417985	-0.0305956	inf
SRX644725	TFs and others	BMI1	Kidney	293	437	15/483	0/49	-0.417985	-0.0305956	inf
SRX646134	TFs and others	EZH2	Blood	Erythroblasts	672	15/483	0/49	-0.417985	-0.0305956	inf
SRX6605237	TFs and others	BrdU	Uterus	HeLa	270	15/483	0/49	-0.417985	-0.0305956	inf
SRX6614769	TFs and others	SMC3	Lung	IMR-90	1340	15/483	0/49	-0.417985	-0.0305956	inf
SRX6651671	TFs and others	NR3C1	Blood	697	233	15/483	0/49	-0.417985	-0.0305956	inf
SRX6651675	TFs and others	NR3C1	Blood	697	325	15/483	0/49	-0.417985	-0.0305956	inf
SRX6686385	TFs and others	PHF19	Prostate	DU 145	309	15/483	0/49	-0.417985	-0.0305956	inf
SRX673738	TFs and others	ESR1	Breast	MCF-7	244	15/483	0/49	-0.417985	-0.0305956	inf
SRX673754	TFs and others	ESR1	Breast	MCF-7	585	15/483	0/49	-0.417985	-0.0305956	inf
SRX6748233	TFs and others	TET2	Prostate	Prostate cancer	237	15/483	0/49	-0.417985	-0.0305956	inf
SRX6748235	TFs and others	AR	Prostate	Prostate cancer	704	15/483	0/49	-0.417985	-0.0305956	inf
SRX6748240	TFs and others	AR	Prostate	Prostate cancer	912	15/483	0/49	-0.417985	-0.0305956	inf
SRX682386	TFs and others	GATA2	Blood	TSU-1621MT	1129	15/483	0/49	-0.417985	-0.0305956	inf
SRX6860609	TFs and others	TFEB	Cardiovascular	Aortic smooth muscle cells	506	15/483	0/49	-0.417985	-0.0305956	inf
SRX6909704	TFs and others	Epitope tags	Blood	697	2410	15/483	0/49	-0.417985	-0.0305956	inf
SRX6927342	TFs and others	SOX1	Pluripotent stem cell	hESC derived neural cells	401	15/483	0/49	-0.417985	-0.0305956	inf
SRX6927346	TFs and others	SOX1	Pluripotent stem cell	hESC derived neural cells	364	15/483	0/49	-0.417985	-0.0305956	inf
SRX6938333	TFs and others	Epitope tags	Neural	U-251 MG	334	15/483	0/49	-0.417985	-0.0305956	inf
SRX6938334	TFs and others	Epitope tags	Neural	U-251 MG	337	15/483	0/49	-0.417985	-0.0305956	inf
SRX6938335	TFs and others	Epitope tags	Neural	U-251 MG	281	15/483	0/49	-0.417985	-0.0305956	inf
SRX6944153	TFs and others	JUNB	Blood	CD4+ T cells	115	15/483	0/49	-0.417985	-0.0305956	inf
SRX6957437	TFs and others	SMAD2	Kidney	HGrC1	6783	15/483	0/49	-0.417985	-0.0305956	inf
SRX695882	TFs and others	ASCL1	Others	Tumor	1805	15/483	0/49	-0.417985	-0.0305956	inf
SRX695888	TFs and others	ASCL1	Others	Tumor	292	15/483	0/49	-0.417985	-0.0305956	inf
SRX701971	TFs and others	EOMES	Pluripotent stem cell	hESC derived mesendodermal cells	2998	15/483	0/49	-0.417985	-0.0305956	inf
SRX701997	TFs and others	GATA4	Pluripotent stem cell	hESC derived mesendodermal cells	414	15/483	0/49	-0.417985	-0.0305956	inf
SRX701998	TFs and others	GATA4	Pluripotent stem cell	hESC derived mesendodermal cells	1984	15/483	0/49	-0.417985	-0.0305956	inf
SRX702048	TFs and others	OTX2	Pluripotent stem cell	hESC derived ectodermal cells	302	15/483	0/49	-0.417985	-0.0305956	inf
SRX702055	TFs and others	PAX6	Pluripotent stem cell	hESC derived mesendodermal cells	340	15/483	0/49	-0.417985	-0.0305956	inf
SRX702068	TFs and others	POU5F1	Pluripotent stem cell	hESC derived ectodermal cells	140	15/483	0/49	-0.417985	-0.0305956	inf
SRX702074	TFs and others	SALL4	Pluripotent stem cell	hESC derived mesendodermal cells	105	15/483	0/49	-0.417985	-0.0305956	inf
SRX702075	TFs and others	SMAD1	Pluripotent stem cell	hESC derived mesendodermal cells	158	15/483	0/49	-0.417985	-0.0305956	inf
SRX702079	TFs and others	SMAD1	Pluripotent stem cell	hESC derived endodermal cells	123	15/483	0/49	-0.417985	-0.0305956	inf
SRX702080	TFs and others	SMAD1	Pluripotent stem cell	hESC derived endodermal cells	148	15/483	0/49	-0.417985	-0.0305956	inf
SRX702083	TFs and others	SMAD1	Pluripotent stem cell	hESC derived mesendodermal cells	157	15/483	0/49	-0.417985	-0.0305956	inf
SRX702087	TFs and others	SMAD1	Pluripotent stem cell	hESC derived mesendodermal cells	190	15/483	0/49	-0.417985	-0.0305956	inf
SRX702100	TFs and others	SNAI2	Pluripotent stem cell	hESC derived mesendodermal cells	351	15/483	0/49	-0.417985	-0.0305956	inf
SRX702103	TFs and others	SOX17	Pluripotent stem cell	hESC derived mesendodermal cells	391	15/483	0/49	-0.417985	-0.0305956	inf
SRX702123	TFs and others	T	Pluripotent stem cell	hESC HUES64	147	15/483	0/49	-0.417985	-0.0305956	inf
SRX702125	TFs and others	T	Pluripotent stem cell	hESC derived mesendodermal cells	282	15/483	0/49	-0.417985	-0.0305956	inf
SRX702142	TFs and others	TRIM28	Pluripotent stem cell	hESC HUES64	248	15/483	0/49	-0.417985	-0.0305956	inf
SRX702151	TFs and others	MYC	Pluripotent stem cell	hESC derived mesendodermal cells	57	15/483	0/49	-0.417985	-0.0305956	inf
SRX7030882	TFs and others	EHMT2	Breast	MCF-7	1645	15/483	0/49	-0.417985	-0.0305956	inf
SRX7030919	TFs and others	TRIM28	Breast	MCF-7	569	15/483	0/49	-0.417985	-0.0305956	inf
SRX7030920	TFs and others	KDM4B	Breast	MCF-7	495	15/483	0/49	-0.417985	-0.0305956	inf
SRX7030947	TFs and others	SUV39H1	Breast	MCF-7	497	15/483	0/49	-0.417985	-0.0305956	inf
SRX7030948	TFs and others	SUV39H1	Breast	MCF-7	418	15/483	0/49	-0.417985	-0.0305956	inf
SRX7033135	TFs and others	XRN2	Kidney	293	310	15/483	0/49	-0.417985	-0.0305956	inf
SRX7106658	TFs and others	AR	Pluripotent stem cell	iPS derived neural cells	1042	15/483	0/49	-0.417985	-0.0305956	inf
SRX7106659	TFs and others	AR	Pluripotent stem cell	iPS derived neural cells	667	15/483	0/49	-0.417985	-0.0305956	inf
SRX7106662	TFs and others	AR	Pluripotent stem cell	iPS derived neural cells	622	15/483	0/49	-0.417985	-0.0305956	inf
SRX7135406	TFs and others	TP63	Blood	K-562	995	15/483	0/49	-0.417985	-0.0305956	inf
SRX7135408	TFs and others	TP63	Blood	K-562	582	15/483	0/49	-0.417985	-0.0305956	inf
SRX713891	TFs and others	AR	Prostate	R1-AD1	666	15/483	0/49	-0.417985	-0.0305956	inf
SRX713897	TFs and others	AR	Prostate	R1-AD567	407	15/483	0/49	-0.417985	-0.0305956	inf
SRX718108	TFs and others	SOX9	Pluripotent stem cell	hESC derived pancreatic cells	1382	15/483	0/49	-0.417985	-0.0305956	inf
SRX7277174	TFs and others	LMNA	Others	Fibroblasts	420	15/483	0/49	-0.417985	-0.0305956	inf
SRX7277186	TFs and others	LMNA	Unclassified	Unclassified	1517	15/483	0/49	-0.417985	-0.0305956	inf
SRX7280997	TFs and others	IKZF1	Blood	697	550	15/483	0/49	-0.417985	-0.0305956	inf
SRX728762	TFs and others	PAF1	Blood	THP-1	797	15/483	0/49	-0.417985	-0.0305956	inf
SRX728789	TFs and others	CDK12	Blood	THP-1	627	15/483	0/49	-0.417985	-0.0305956	inf
SRX730429	TFs and others	NCAPG	Breast	MCF-7	301	15/483	0/49	-0.417985	-0.0305956	inf
SRX730433	TFs and others	NCAPG	Breast	MCF-7	128	15/483	0/49	-0.417985	-0.0305956	inf
SRX730434	TFs and others	NCAPG	Breast	MCF-7	278	15/483	0/49	-0.417985	-0.0305956	inf
SRX730455	TFs and others	NCAPG	Breast	MCF-7	232	15/483	0/49	-0.417985	-0.0305956	inf
SRX734307	TFs and others	FOXM1	Breast	HMEC	186	15/483	0/49	-0.417985	-0.0305956	inf
SRX736070	TFs and others	RUNX1	Prostate	LNCAP	440	15/483	0/49	-0.417985	-0.0305956	inf
SRX7366776	TFs and others	KDM5C	Breast	MCF-7	341	15/483	0/49	-0.417985	-0.0305956	inf
SRX7371436	TFs and others	TP53	Pluripotent stem cell	hESC derived endodermal cells	501	15/483	0/49	-0.417985	-0.0305956	inf
SRX7371440	TFs and others	TP53	Pluripotent stem cell	hESC derived mesodermal cells	497	15/483	0/49	-0.417985	-0.0305956	inf
SRX7371441	TFs and others	TP53	Pluripotent stem cell	hESC derived mesodermal cells	444	15/483	0/49	-0.417985	-0.0305956	inf
SRX7397472	TFs and others	IRF1	Blood	U-937	169	15/483	0/49	-0.417985	-0.0305956	inf
SRX7398281	TFs and others	CBFA2T3	Blood	K-562	3123	15/483	0/49	-0.417985	-0.0305956	inf
SRX7398284	TFs and others	CBFA2T3	Blood	K-562	2878	15/483	0/49	-0.417985	-0.0305956	inf
SRX7405964	TFs and others	ESR1	Breast	ZR-75-1	1185	15/483	0/49	-0.417985	-0.0305956	inf
SRX7435329	TFs and others	AR	Digestive tract	KYSE-410	494	15/483	0/49	-0.417985	-0.0305956	inf
SRX7451118	TFs and others	Epitope tags	Lung	A549	1279	15/483	0/49	-0.417985	-0.0305956	inf
SRX747776	TFs and others	ESR1	Breast	MCF-7	393	15/483	0/49	-0.417985	-0.0305956	inf
SRX748421	TFs and others	TCF7L2	Digestive tract	HCT 116	1387	15/483	0/49	-0.417985	-0.0305956	inf
SRX748424	TFs and others	TCF7L2	Digestive tract	HCT 116	655	15/483	0/49	-0.417985	-0.0305956	inf
SRX748427	TFs and others	TCF7L2	Digestive tract	HCT 116	1145	15/483	0/49	-0.417985	-0.0305956	inf
SRX7494162	TFs and others	HIF1A	Blood	K-562	753	15/483	0/49	-0.417985	-0.0305956	inf
SRX7512712	TFs and others	AR	Prostate	VCaP	37706	15/483	0/49	-0.417985	-0.0305956	inf
SRX7522854	TFs and others	BCL9	Breast	MCF10DCIS.com	242	15/483	0/49	-0.417985	-0.0305956	inf
SRX7522859	TFs and others	BCL9	Breast	MCF10DCIS.com	313	15/483	0/49	-0.417985	-0.0305956	inf
SRX753133	TFs and others	GTF2I	Pluripotent stem cell	iPS cells	423	15/483	0/49	-0.417985	-0.0305956	inf
SRX7572095	TFs and others	KLF5	Digestive tract	TE-5	345	15/483	0/49	-0.417985	-0.0305956	inf
SRX7572100	TFs and others	MYC	Pancreas	MIA Paca-2	521	15/483	0/49	-0.417985	-0.0305956	inf
SRX758323	TFs and others	MBD2	Breast	HMEC	1028	15/483	0/49	-0.417985	-0.0305956	inf
SRX758617	TFs and others	FOXP1	Blood	OCI-LY-19	1660	15/483	0/49	-0.417985	-0.0305956	inf
SRX760969	TFs and others	LMNA	Adipocyte	Pre-adipocytes	634	15/483	0/49	-0.417985	-0.0305956	inf
SRX7627558	TFs and others	REST	Neural	Hippocampus	1804	15/483	0/49	-0.417985	-0.0305956	inf
SRX7668888	TFs and others	EBF1	Digestive tract	AGS	779	15/483	0/49	-0.417985	-0.0305956	inf
SRX7695553	TFs and others	TEAD4	Lung	NCI-H209	5122	15/483	0/49	-0.417985	-0.0305956	inf
SRX7712484	TFs and others	HIF1A	Digestive tract	HCT 116	266	15/483	0/49	-0.417985	-0.0305956	inf
SRX7712491	TFs and others	HIF1A	Digestive tract	RKO	412	15/483	0/49	-0.417985	-0.0305956	inf
SRX7730331	TFs and others	IKZF1	Blood	NALM-6	812	15/483	0/49	-0.417985	-0.0305956	inf
SRX7748769	TFs and others	BRD3	Digestive tract	DLD-1	320	15/483	0/49	-0.417985	-0.0305956	inf
SRX7748789	TFs and others	AFF4	Digestive tract	DLD-1	435	15/483	0/49	-0.417985	-0.0305956	inf
SRX7748792	TFs and others	AFF4	Digestive tract	DLD-1	368	15/483	0/49	-0.417985	-0.0305956	inf
SRX7807608	TFs and others	GATA3	Unclassified	Unclassified	395	15/483	0/49	-0.417985	-0.0305956	inf
SRX7846776	TFs and others	ESR1	Breast	MCF-7	1279	15/483	0/49	-0.417985	-0.0305956	inf
SRX7865937	TFs and others	BRD4	Breast	MDA-MB-231	2742	15/483	0/49	-0.417985	-0.0305956	inf
SRX7884417	TFs and others	MED1	Kidney	WT 9-12	224	15/483	0/49	-0.417985	-0.0305956	inf
SRX7902032	TFs and others	POU5F1	Prostate	22Rv1	350	15/483	0/49	-0.417985	-0.0305956	inf
SRX7902038	TFs and others	POU5F1	Prostate	DU 145	301	15/483	0/49	-0.417985	-0.0305956	inf
SRX7902978	TFs and others	EGR1	Blood	Macrophages	145	15/483	0/49	-0.417985	-0.0305956	inf
SRX7950043	TFs and others	BRD4	Neural	Neuroblastoma	736	15/483	0/49	-0.417985	-0.0305956	inf
SRX8023111	TFs and others	TP53	Breast	MCF 10A	598	15/483	0/49	-0.417985	-0.0305956	inf
SRX8023115	TFs and others	TP53	Breast	MCF 10A	1362	15/483	0/49	-0.417985	-0.0305956	inf
SRX8023116	TFs and others	TP53	Breast	MCF 10A	1337	15/483	0/49	-0.417985	-0.0305956	inf
SRX8023126	TFs and others	TP53	Breast	MCF 10A	500	15/483	0/49	-0.417985	-0.0305956	inf
SRX8026055	TFs and others	SOX2	Pluripotent stem cell	hESC WIBR3	1484	15/483	0/49	-0.417985	-0.0305956	inf
SRX8041957	TFs and others	BRD4	Prostate	MR42D	922	15/483	0/49	-0.417985	-0.0305956	inf
SRX8044292	TFs and others	AR	Others	UM-UC-3	1443	15/483	0/49	-0.417985	-0.0305956	inf
SRX8064816	TFs and others	E2F1	Blood	Lymphoblastoid cell line	2511	15/483	0/49	-0.417985	-0.0305956	inf
SRX8064820	TFs and others	RB1	Blood	Lymphoblastoid cell line	2311	15/483	0/49	-0.417985	-0.0305956	inf
SRX8064822	TFs and others	HDAC1	Blood	Lymphoblastoid cell line	5323	15/483	0/49	-0.417985	-0.0305956	inf
SRX8064823	TFs and others	HDAC2	Blood	Lymphoblastoid cell line	7041	15/483	0/49	-0.417985	-0.0305956	inf
SRX8080554	TFs and others	Epitope tags	Breast	Mammary gland adenocarcinoma	2684	15/483	0/49	-0.417985	-0.0305956	inf
SRX8089613	TFs and others	AR	Prostate	VCaP	3192	15/483	0/49	-0.417985	-0.0305956	inf
SRX8089619	TFs and others	AR	Prostate	VCaP	13247	15/483	0/49	-0.417985	-0.0305956	inf
SRX8089622	TFs and others	BRD4	Prostate	VCaP	295	15/483	0/49	-0.417985	-0.0305956	inf
SRX8089691	TFs and others	AR	Prostate	LAPC-4	357	15/483	0/49	-0.417985	-0.0305956	inf
SRX8089695	TFs and others	AR	Prostate	LAPC-4	1697	15/483	0/49	-0.417985	-0.0305956	inf
SRX8089696	TFs and others	AR	Prostate	LAPC-4	883	15/483	0/49	-0.417985	-0.0305956	inf
SRX8122234	TFs and others	LMO2	Pluripotent stem cell	hESC H9	142	15/483	0/49	-0.417985	-0.0305956	inf
SRX8122237	TFs and others	LDB1	Pluripotent stem cell	hESC H9	430	15/483	0/49	-0.417985	-0.0305956	inf
SRX8147142	TFs and others	HOXB13	Prostate	LNCAP	1285	15/483	0/49	-0.417985	-0.0305956	inf
SRX8148230	TFs and others	Epitope tags	Pluripotent stem cell	iPS cells	545	15/483	0/49	-0.417985	-0.0305956	inf
SRX8149389	TFs and others	BRD4	Blood	KMS-27	432	15/483	0/49	-0.417985	-0.0305956	inf
SRX8173502	TFs and others	EED	Pluripotent stem cell	iPS cells	2962	15/483	0/49	-0.417985	-0.0305956	inf
SRX821809	TFs and others	PPARG	Adipocyte	Adipose Tissue, White	294	15/483	0/49	-0.417985	-0.0305956	inf
SRX8257413	TFs and others	DDX21	Epidermis	A-375	563	15/483	0/49	-0.417985	-0.0305956	inf
SRX831872	TFs and others	STAT5B	Blood	CD8+ T cells	149	15/483	0/49	-0.417985	-0.0305956	inf
SRX8342551	TFs and others	SUZ12	Pluripotent stem cell	iPS cells	858	15/483	0/49	-0.417985	-0.0305956	inf
SRX8342556	TFs and others	SUZ12	Pluripotent stem cell	iPS cells	820	15/483	0/49	-0.417985	-0.0305956	inf
SRX8342559	TFs and others	Epitope tags	Pluripotent stem cell	iPS cells	860	15/483	0/49	-0.417985	-0.0305956	inf
SRX8342563	TFs and others	Epitope tags	Pluripotent stem cell	iPS cells	688	15/483	0/49	-0.417985	-0.0305956	inf
SRX8359003	TFs and others	FLI1	Others	Mesenchymal stem cells	582	15/483	0/49	-0.417985	-0.0305956	inf
SRX8400471	TFs and others	YAP1	Lung	NCI-H1299	836	15/483	0/49	-0.417985	-0.0305956	inf
SRX8400472	TFs and others	TAZ	Lung	NCI-H1299	605	15/483	0/49	-0.417985	-0.0305956	inf
SRX8406316	TFs and others	AR	Prostate	Prostate	501	15/483	0/49	-0.417985	-0.0305956	inf
SRX8406445	TFs and others	AR	Prostate	Prostate	4958	15/483	0/49	-0.417985	-0.0305956	inf
SRX8406454	TFs and others	AR	Prostate	Prostatic Neoplasms, Castration-Resistant	3939	15/483	0/49	-0.417985	-0.0305956	inf
SRX8406459	TFs and others	AR	Prostate	Prostatic Neoplasms, Castration-Resistant	1337	15/483	0/49	-0.417985	-0.0305956	inf
SRX8406488	TFs and others	FOXA1	Prostate	Prostate	727	15/483	0/49	-0.417985	-0.0305956	inf
SRX8406489	TFs and others	FOXA1	Prostate	Prostate	619	15/483	0/49	-0.417985	-0.0305956	inf
SRX8406539	TFs and others	HOXB13	Prostate	Prostate	4653	15/483	0/49	-0.417985	-0.0305956	inf
SRX8406543	TFs and others	HOXB13	Prostate	Prostate	3590	15/483	0/49	-0.417985	-0.0305956	inf
SRX8449946	TFs and others	BAHCC1	Blood	Jurkat	872	15/483	0/49	-0.417985	-0.0305956	inf
SRX8453144	TFs and others	CTCF	Blood	Lymph Nodes	1333	15/483	0/49	-0.417985	-0.0305956	inf
SRX8453146	TFs and others	CTCF	Liver	Liver	606	15/483	0/49	-0.417985	-0.0305956	inf
SRX847034	TFs and others	AR	Prostate	LNCAP	30100	15/483	0/49	-0.417985	-0.0305956	inf
SRX8510435	TFs and others	ATF4	Pancreas	L3.6	1744	15/483	0/49	-0.417985	-0.0305956	inf
SRX8512736	TFs and others	BRD1	Digestive tract	HCT 116	117	15/483	0/49	-0.417985	-0.0305956	inf
SRX853216	TFs and others	EGFR	Uterus	HeLa	693	15/483	0/49	-0.417985	-0.0305956	inf
SRX853224	TFs and others	MAP2K1	Uterus	HeLa	729	15/483	0/49	-0.417985	-0.0305956	inf
SRX853225	TFs and others	MAP2K1	Uterus	HeLa	765	15/483	0/49	-0.417985	-0.0305956	inf
SRX853227	TFs and others	MAP2K1	Uterus	HeLa	786	15/483	0/49	-0.417985	-0.0305956	inf
SRX8582629	TFs and others	CBFA2T3	Blood	REH	861	15/483	0/49	-0.417985	-0.0305956	inf
SRX861680	TFs and others	AR	Prostate	Prostate cancer	4268	15/483	0/49	-0.417985	-0.0305956	inf
SRX8616812	TFs and others	FOSL1	Lung	A549	383	15/483	0/49	-0.417985	-0.0305956	inf
SRX8616822	TFs and others	FOSL1	Lung	A549	420	15/483	0/49	-0.417985	-0.0305956	inf
SRX8616858	TFs and others	JUND	Lung	A549	378	15/483	0/49	-0.417985	-0.0305956	inf
SRX8616861	TFs and others	JUND	Lung	A549	312	15/483	0/49	-0.417985	-0.0305956	inf
SRX8616968	TFs and others	TET2	Breast	MCF-7	879	15/483	0/49	-0.417985	-0.0305956	inf
SRX8617024	TFs and others	TET2	Breast	ZR-75-1	1309	15/483	0/49	-0.417985	-0.0305956	inf
SRX8617941	TFs and others	FGFR1	Breast	CAMA-1	833	15/483	0/49	-0.417985	-0.0305956	inf
SRX8699663	TFs and others	PPP2R1A	Digestive tract	DLD-1	298	15/483	0/49	-0.417985	-0.0305956	inf
SRX8699666	TFs and others	PPP2R1A	Digestive tract	DLD-1	508	15/483	0/49	-0.417985	-0.0305956	inf
SRX8699667	TFs and others	PPP2R1A	Digestive tract	DLD-1	223	15/483	0/49	-0.417985	-0.0305956	inf
SRX8699669	TFs and others	PPP2CA	Digestive tract	DLD-1	250	15/483	0/49	-0.417985	-0.0305956	inf
SRX8699671	TFs and others	PPP2CA	Digestive tract	DLD-1	317	15/483	0/49	-0.417985	-0.0305956	inf
SRX8699708	TFs and others	CPSF3L	Digestive tract	DLD-1	467	15/483	0/49	-0.417985	-0.0305956	inf
SRX8699709	TFs and others	CPSF3L	Digestive tract	DLD-1	241	15/483	0/49	-0.417985	-0.0305956	inf
SRX8699711	TFs and others	INTS3	Digestive tract	DLD-1	300	15/483	0/49	-0.417985	-0.0305956	inf
SRX8713995	TFs and others	SUZ12	Neural	Neural Stem Cells	540	15/483	0/49	-0.417985	-0.0305956	inf
SRX8736983	TFs and others	TCF3	Pluripotent stem cell	hESC H1	341	15/483	0/49	-0.417985	-0.0305956	inf
SRX8806006	TFs and others	ZNF410	Blood	HUDEP-2	519	15/483	0/49	-0.417985	-0.0305956	inf
SRX8806007	TFs and others	ZNF410	Blood	HUDEP-2	580	15/483	0/49	-0.417985	-0.0305956	inf
SRX8806017	TFs and others	Epitope tags	Blood	HUDEP-2	710	15/483	0/49	-0.417985	-0.0305956	inf
SRX8841621	TFs and others	CTCF	Blood	Lymphoblasts	4609	15/483	0/49	-0.417985	-0.0305956	inf
SRX8850950	TFs and others	Epitope tags	Breast	MCF 10A	423	15/483	0/49	-0.417985	-0.0305956	inf
SRX8907438	TFs and others	CHD4	Muscle	SCMC	337	15/483	0/49	-0.417985	-0.0305956	inf
SRX8945055	TFs and others	CPSF1	Bone	U2OS	1183	15/483	0/49	-0.417985	-0.0305956	inf
SRX8945057	TFs and others	CPSF3	Bone	U2OS	995	15/483	0/49	-0.417985	-0.0305956	inf
SRX895431	TFs and others	SUMO2	Blood	K-562	1043	15/483	0/49	-0.417985	-0.0305956	inf
SRX9012289	TFs and others	GPS2	Adipocyte	Adipose-Derived Mesenchymal Stem Cells	2022	15/483	0/49	-0.417985	-0.0305956	inf
SRX9046259	TFs and others	FOSL2	Breast	MCF-7	392	15/483	0/49	-0.417985	-0.0305956	inf
SRX9046306	TFs and others	JUNB	Breast	MCF-7	645	15/483	0/49	-0.417985	-0.0305956	inf
SRX9178822	TFs and others	HAP1	Blood	HAP1	398	15/483	0/49	-0.417985	-0.0305956	inf
SRX9178825	TFs and others	HAP1	Blood	HAP1	311	15/483	0/49	-0.417985	-0.0305956	inf
SRX9178840	TFs and others	HAP1	Blood	HAP1	122	15/483	0/49	-0.417985	-0.0305956	inf
SRX9178856	TFs and others	HAP1	Blood	HAP1	436	15/483	0/49	-0.417985	-0.0305956	inf
SRX9258686	TFs and others	INTS3	Kidney	293	871	15/483	0/49	-0.417985	-0.0305956	inf
SRX9298948	TFs and others	NR3C1	Lung	Lung cancer cell line	598	15/483	0/49	-0.417985	-0.0305956	inf
SRX9350936	TFs and others	BRD4	Digestive tract	SNU-16	648	15/483	0/49	-0.417985	-0.0305956	inf
SRX9426427	TFs and others	Epitope tags	Blood	RAMOS	846	15/483	0/49	-0.417985	-0.0305956	inf
SRX9426429	TFs and others	Epitope tags	Blood	RAMOS	1162	15/483	0/49	-0.417985	-0.0305956	inf
SRX9468669	TFs and others	Epitope tags	Prostate	LNCAP	331	15/483	0/49	-0.417985	-0.0305956	inf
SRX9498742	TFs and others	KAT2A	Blood	K-562	644	15/483	0/49	-0.417985	-0.0305956	inf
SRX9505510	TFs and others	ZNF416	Lung	IMR-90	575	15/483	0/49	-0.417985	-0.0305956	inf
SRX9528949	TFs and others	Epitope tags	Breast	MCF-7	620	15/483	0/49	-0.417985	-0.0305956	inf
SRX9548655	TFs and others	QKI	Blood	THP-1	249	15/483	0/49	-0.417985	-0.0305956	inf
SRX9628173	TFs and others	NR3C1	Kidney	293	11071	15/483	0/49	-0.417985	-0.0305956	inf
SRX9628178	TFs and others	NR3C1	Kidney	293	6571	15/483	0/49	-0.417985	-0.0305956	inf
SRX9628491	TFs and others	SMARCA4	Gonad	SCCOHT-1	222	15/483	0/49	-0.417985	-0.0305956	inf
SRX9671292	TFs and others	CCNT1	Blood	K-562	352	15/483	0/49	-0.417985	-0.0305956	inf
SRX9674303	TFs and others	NR3C1	Pluripotent stem cell	iPSC derived hepatocytes	2960	15/483	0/49	-0.417985	-0.0305956	inf
SRX9674315	TFs and others	NR3C1	Pluripotent stem cell	iPSC derived hepatocytes	3420	15/483	0/49	-0.417985	-0.0305956	inf
SRX9674316	TFs and others	NR3C1	Pluripotent stem cell	iPSC derived hepatocytes	1722	15/483	0/49	-0.417985	-0.0305956	inf
SRX9674319	TFs and others	NR3C1	Pluripotent stem cell	iPSC derived hepatocytes	365	15/483	0/49	-0.417985	-0.0305956	inf
SRX9683838	TFs and others	NR3C1	Adipocyte	Adipocytes	2365	15/483	0/49	-0.417985	-0.0305956	inf
SRX9683842	TFs and others	NR3C1	Adipocyte	Adipocytes	2003	15/483	0/49	-0.417985	-0.0305956	inf
SRX9683848	TFs and others	NR3C1	Adipocyte	Adipocytes	2111	15/483	0/49	-0.417985	-0.0305956	inf
SRX9683850	TFs and others	NR3C1	Adipocyte	Adipocytes	3233	15/483	0/49	-0.417985	-0.0305956	inf
SRX9683854	TFs and others	NR3C1	Adipocyte	Adipocytes	197	15/483	0/49	-0.417985	-0.0305956	inf
SRX968415	TFs and others	EPAS1	Kidney	786-O	141	15/483	0/49	-0.417985	-0.0305956	inf
SRX9684239	TFs and others	Epitope tags	Muscle	Gastrocnemius muscle	525	15/483	0/49	-0.417985	-0.0305956	inf
SRX9697302	TFs and others	NR3C1	Lung	A549	726	15/483	0/49	-0.417985	-0.0305956	inf
SRX973422	TFs and others	EHMT2	Kidney	293	698	15/483	0/49	-0.417985	-0.0305956	inf
SRX9779515	TFs and others	PAX9	Lung	NCI-H1963	2303	15/483	0/49	-0.417985	-0.0305956	inf
SRX9799512	TFs and others	NR3C1	Kidney	Podocytes	678	15/483	0/49	-0.417985	-0.0305956	inf
SRX9849969	TFs and others	BRD9	Prostate	LNCAP	706	15/483	0/49	-0.417985	-0.0305956	inf
SRX9932073	TFs and others	HDAC6	Breast	MCF-7	2393	15/483	0/49	-0.417985	-0.0305956	inf
SRX7944504	TFs and others	ESR1	Uterus	Ishikawa	9907	120/483	9/49	-0.416449	-0.0305956	1.35266
SRX2059877	TFs and others	MGEA5	Blood	BJAB	5207	121/483	9/49	-0.416434	-0.0305956	1.36393
SRX3800709	TFs and others	CTCF	Breast	T-47D	43539	121/483	9/49	-0.416434	-0.0305956	1.36393
DRX002911	TFs and others	LRIF1	Neural	hTERT RPE-1	651	16/483	0/49	-0.41614	-0.0305956	inf
DRX002912	TFs and others	SMCHD1	Neural	hTERT RPE-1	814	16/483	0/49	-0.41614	-0.0305956	inf
DRX022353	TFs and others	ICE1	Kidney	293	720	16/483	0/49	-0.41614	-0.0305956	inf
DRX022354	TFs and others	ICE1	Kidney	293	731	16/483	0/49	-0.41614	-0.0305956	inf
DRX022355	TFs and others	ICE1	Kidney	293	552	16/483	0/49	-0.41614	-0.0305956	inf
DRX022358	TFs and others	MED26	Kidney	293	660	16/483	0/49	-0.41614	-0.0305956	inf
DRX059608	TFs and others	AFF1	Blood	HB1119	858	16/483	0/49	-0.41614	-0.0305956	inf
DRX059632	TFs and others	TAF1C	Kidney	293	563	16/483	0/49	-0.41614	-0.0305956	inf
DRX059637	TFs and others	MLLT6	Kidney	293	1436	16/483	0/49	-0.41614	-0.0305956	inf
DRX234803	TFs and others	MEAF6	Blood	HB1119	597	16/483	0/49	-0.41614	-0.0305956	inf
DRX300406	TFs and others	KAT7	Blood	HB1119	330	16/483	0/49	-0.41614	-0.0305956	inf
DRX300408	TFs and others	MEAF6	Blood	HB1119	871	16/483	0/49	-0.41614	-0.0305956	inf
ERX1149058	TFs and others	CTCF	Blood	K-562	1486	16/483	0/49	-0.41614	-0.0305956	inf
ERX626810	TFs and others	RAD21	Blood	U-937	477	16/483	0/49	-0.41614	-0.0305956	inf
ERX626851	TFs and others	SPI1	Blood	U-937	6014	16/483	0/49	-0.41614	-0.0305956	inf
SRX016028	TFs and others	RB1	Lung	IMR-90	3254	16/483	0/49	-0.41614	-0.0305956	inf
SRX017326	TFs and others	ZNF711	Neural	SH-SY5Y	189	16/483	0/49	-0.41614	-0.0305956	inf
SRX026529	TFs and others	ESR1	Breast	MCF-7	519	16/483	0/49	-0.41614	-0.0305956	inf
SRX029437	TFs and others	TAL1	Blood	CD34+	799	16/483	0/49	-0.41614	-0.0305956	inf
SRX037947	TFs and others	SMARCA4	Blood	CD36+	500	16/483	0/49	-0.41614	-0.0305956	inf
SRX045434	TFs and others	VDR	Blood	THP-1	302	16/483	0/49	-0.41614	-0.0305956	inf
SRX059371	TFs and others	L3MBTL2	Blood	K-562	178	16/483	0/49	-0.41614	-0.0305956	inf
SRX062356	TFs and others	AR	Prostate	LNCAP	10746	16/483	0/49	-0.41614	-0.0305956	inf
SRX065542	TFs and others	Epitope tags	Kidney	293	133	16/483	0/49	-0.41614	-0.0305956	inf
SRX065545	TFs and others	Epitope tags	Kidney	293	207	16/483	0/49	-0.41614	-0.0305956	inf
SRX080258	TFs and others	AFF4	Digestive tract	HCT 116	265	16/483	0/49	-0.41614	-0.0305956	inf
SRX096345	TFs and others	RXRA	Digestive tract	LS-180	446	16/483	0/49	-0.41614	-0.0305956	inf
SRX096349	TFs and others	TCF4	Digestive tract	LS-180	594	16/483	0/49	-0.41614	-0.0305956	inf
SRX097069	TFs and others	GATA1	Blood	CD34+	4655	16/483	0/49	-0.41614	-0.0305956	inf
SRX097086	TFs and others	GATA1	Blood	K-562	8898	16/483	0/49	-0.41614	-0.0305956	inf
SRX097090	TFs and others	SMAD1	Blood	K-562	358	16/483	0/49	-0.41614	-0.0305956	inf
SRX097105	TFs and others	CEBPA	Blood	K-562	3483	16/483	0/49	-0.41614	-0.0305956	inf
SRX099404	TFs and others	RB1	Lung	IMR-90	898	16/483	0/49	-0.41614	-0.0305956	inf
SRX099406	TFs and others	RBL2	Lung	IMR-90	230	16/483	0/49	-0.41614	-0.0305956	inf
SRX100259	TFs and others	CREBBP	Breast	H3396	2535	16/483	0/49	-0.41614	-0.0305956	inf
SRX100265	TFs and others	ESR1	Breast	H3396	818	16/483	0/49	-0.41614	-0.0305956	inf
SRX10046981	TFs and others	HOXA13	Liver	HuH-7	719	16/483	0/49	-0.41614	-0.0305956	inf
SRX10046984	TFs and others	Epitope tags	Liver	HuH-7	689	16/483	0/49	-0.41614	-0.0305956	inf
SRX101134	TFs and others	AR	Prostate	VCaP	9149	16/483	0/49	-0.41614	-0.0305956	inf
SRX10119118	TFs and others	JUN	Blood	MV-4-11	285	16/483	0/49	-0.41614	-0.0305956	inf
SRX10119149	TFs and others	MYB	Blood	MV-4-11	748	16/483	0/49	-0.41614	-0.0305956	inf
SRX1012763	TFs and others	PGR	Breast	MCF-7	443	16/483	0/49	-0.41614	-0.0305956	inf
SRX10131667	TFs and others	MLLT3	Lung	Bronchial tracheal epithelial cells	580	16/483	0/49	-0.41614	-0.0305956	inf
SRX1032966	TFs and others	FOS	Blood	Acute myeloid leukemia	724	16/483	0/49	-0.41614	-0.0305956	inf
SRX1033267	TFs and others	AR	Prostate	LNCAP	1710	16/483	0/49	-0.41614	-0.0305956	inf
SRX1033274	TFs and others	GATA2	Prostate	LNCAP	5503	16/483	0/49	-0.41614	-0.0305956	inf
SRX10365548	TFs and others	NCOA3	Breast	MCF-7	9108	16/483	0/49	-0.41614	-0.0305956	inf
SRX1044125	TFs and others	NEUROD1	Lung	NCI-H524	2772	16/483	0/49	-0.41614	-0.0305956	inf
SRX1044415	TFs and others	RELA	Breast	MDA-MB-231	644	16/483	0/49	-0.41614	-0.0305956	inf
SRX1048472	TFs and others	MEF2B	Blood	KARPAS-422	1092	16/483	0/49	-0.41614	-0.0305956	inf
SRX1048478	TFs and others	EP300	Blood	OCI-LY-7	308	16/483	0/49	-0.41614	-0.0305956	inf
SRX10511723	TFs and others	Epitope tags	Digestive tract	HCT 116	1473	16/483	0/49	-0.41614	-0.0305956	inf
SRX10511725	TFs and others	Epitope tags	Digestive tract	HCT 116	786	16/483	0/49	-0.41614	-0.0305956	inf
SRX1052318	TFs and others	Epitope tags	Blood	K-562	554	16/483	0/49	-0.41614	-0.0305956	inf
SRX1058804	TFs and others	BRD4	Adipocyte	SGBS	1787	16/483	0/49	-0.41614	-0.0305956	inf
SRX1065301	TFs and others	Epitope tags	Breast	IMEC	449	16/483	0/49	-0.41614	-0.0305956	inf
SRX1078842	TFs and others	AFF4	Digestive tract	HCT 116	454	16/483	0/49	-0.41614	-0.0305956	inf
SRX10809333	TFs and others	HDGF2	Neural	DIPG7	513	16/483	0/49	-0.41614	-0.0305956	inf
SRX10809337	TFs and others	HDGF2	Neural	DIPG7	170	16/483	0/49	-0.41614	-0.0305956	inf
SRX1085065	TFs and others	KDM2B	Blood	REH	383	16/483	0/49	-0.41614	-0.0305956	inf
SRX10867749	TFs and others	LMNA	Blood	K-562	1582	16/483	0/49	-0.41614	-0.0305956	inf
SRX1092387	TFs and others	Epitope tags	Blood	K-562	382	16/483	0/49	-0.41614	-0.0305956	inf
SRX109477	TFs and others	BMI1	Neural	Fetal neural progenitor cells	804	16/483	0/49	-0.41614	-0.0305956	inf
SRX109480	TFs and others	BMI1	Neural	GBM1-HAM	1088	16/483	0/49	-0.41614	-0.0305956	inf
SRX109482	TFs and others	BMI1	Neural	GBM1-HAM	748	16/483	0/49	-0.41614	-0.0305956	inf
SRX1097312	TFs and others	ATRX	Blood	K-562	983	16/483	0/49	-0.41614	-0.0305956	inf
SRX1100309	TFs and others	RELA	Breast	HMEC	404	16/483	0/49	-0.41614	-0.0305956	inf
SRX1100311	TFs and others	RELA	Breast	HMEC	403	16/483	0/49	-0.41614	-0.0305956	inf
SRX11094522	TFs and others	FLI1	Bone	EW-22	7457	16/483	0/49	-0.41614	-0.0305956	inf
SRX11094562	TFs and others	FLI1	Bone	Rh1	7078	16/483	0/49	-0.41614	-0.0305956	inf
SRX11094582	TFs and others	FLI1	Bone	TC-71	4015	16/483	0/49	-0.41614	-0.0305956	inf
SRX11220468	TFs and others	SOX9	Digestive tract	HT-29	452	16/483	0/49	-0.41614	-0.0305956	inf
SRX1123964	TFs and others	SMARCA4	Digestive tract	HCT 116	688	16/483	0/49	-0.41614	-0.0305956	inf
SRX1123966	TFs and others	SMARCA4	Digestive tract	HCT 116	300	16/483	0/49	-0.41614	-0.0305956	inf
SRX11320614	TFs and others	CUL3	Digestive tract	DLD-1	384	16/483	0/49	-0.41614	-0.0305956	inf
SRX11320615	TFs and others	CUL3	Digestive tract	DLD-1	455	16/483	0/49	-0.41614	-0.0305956	inf
SRX11320620	TFs and others	CUL3	Digestive tract	DLD-1	418	16/483	0/49	-0.41614	-0.0305956	inf
SRX11472289	TFs and others	SMC3	Uterus	HeLa	556	16/483	0/49	-0.41614	-0.0305956	inf
SRX11472290	TFs and others	SMC3	Uterus	HeLa	679	16/483	0/49	-0.41614	-0.0305956	inf
SRX11472291	TFs and others	SMC3	Uterus	HeLa	747	16/483	0/49	-0.41614	-0.0305956	inf
SRX11472294	TFs and others	CTCF	Uterus	HeLa	667	16/483	0/49	-0.41614	-0.0305956	inf
SRX11472295	TFs and others	SMC3	Uterus	HeLa	540	16/483	0/49	-0.41614	-0.0305956	inf
SRX11472296	TFs and others	SMC3	Uterus	HeLa	544	16/483	0/49	-0.41614	-0.0305956	inf
SRX11472297	TFs and others	SMC3	Uterus	HeLa	673	16/483	0/49	-0.41614	-0.0305956	inf
SRX11472298	TFs and others	SMC3	Uterus	HeLa	788	16/483	0/49	-0.41614	-0.0305956	inf
SRX1156472	TFs and others	GATA3	Breast	MDA-MB-231	4240	16/483	0/49	-0.41614	-0.0305956	inf
SRX1156520	TFs and others	Epitope tags	Breast	MDA-MB-231	4344	16/483	0/49	-0.41614	-0.0305956	inf
SRX1156534	TFs and others	SMARCA4	Breast	MDA-MB-231	1477	16/483	0/49	-0.41614	-0.0305956	inf
SRX1156540	TFs and others	SMARCA4	Breast	MDA-MB-231	2332	16/483	0/49	-0.41614	-0.0305956	inf
SRX1161169	TFs and others	ESR1	Breast	MCF-7	1651	16/483	0/49	-0.41614	-0.0305956	inf
SRX116423	TFs and others	HDAC2	Blood	K-562	249	16/483	0/49	-0.41614	-0.0305956	inf
SRX116425	TFs and others	HDAC6	Blood	K-562	233	16/483	0/49	-0.41614	-0.0305956	inf
SRX116434	TFs and others	EP300	Blood	K-562	387	16/483	0/49	-0.41614	-0.0305956	inf
SRX116441	TFs and others	RBBP5	Blood	K-562	209	16/483	0/49	-0.41614	-0.0305956	inf
SRX116449	TFs and others	SUZ12	Blood	K-562	174	16/483	0/49	-0.41614	-0.0305956	inf
SRX116460	TFs and others	KDM5A	Pluripotent stem cell	hESC H1	380	16/483	0/49	-0.41614	-0.0305956	inf
SRX117808	TFs and others	VEZF1	Uterus	HeLa	706	16/483	0/49	-0.41614	-0.0305956	inf
SRX1181989	TFs and others	SMARCA4	Prostate	LNCAP	747	16/483	0/49	-0.41614	-0.0305956	inf
SRX1181992	TFs and others	CHD3	Prostate	LNCAP	747	16/483	0/49	-0.41614	-0.0305956	inf
SRX119636	TFs and others	PAF1	Lung	A549	1043	16/483	0/49	-0.41614	-0.0305956	inf
SRX1212810	TFs and others	CARM1	Breast	MCF-7	355	16/483	0/49	-0.41614	-0.0305956	inf
SRX1225021	TFs and others	EPCAM	Uterus	RL95-2	536	16/483	0/49	-0.41614	-0.0305956	inf
SRX123443	TFs and others	POU5F1	Pluripotent stem cell	NCCIT	547	16/483	0/49	-0.41614	-0.0305956	inf
SRX1397403	TFs and others	GATA2	Blood	CD34+	929	16/483	0/49	-0.41614	-0.0305956	inf
SRX1397407	TFs and others	GATA1	Blood	CD34+	5422	16/483	0/49	-0.41614	-0.0305956	inf
SRX1397408	TFs and others	GATA2	Blood	CD34+	611	16/483	0/49	-0.41614	-0.0305956	inf
SRX1397412	TFs and others	SMAD1	Blood	CD34+	2387	16/483	0/49	-0.41614	-0.0305956	inf
SRX1403228	TFs and others	JMJD6	Others	Tumor	801	16/483	0/49	-0.41614	-0.0305956	inf
SRX1424891	TFs and others	POU3F2	Neural	Neural progenitor cells	609	16/483	0/49	-0.41614	-0.0305956	inf
SRX1426078	TFs and others	PHF2	Breast	NAMEC8	276	16/483	0/49	-0.41614	-0.0305956	inf
SRX142907	TFs and others	AR	Prostate	LNCAP	1714	16/483	0/49	-0.41614	-0.0305956	inf
SRX1431735	TFs and others	SPI1	Blood	K-562	1222	16/483	0/49	-0.41614	-0.0305956	inf
SRX144725	TFs and others	BrdU	Uterus	HeLa	896	16/483	0/49	-0.41614	-0.0305956	inf
SRX1477665	TFs and others	MED12	Blood	CD34 Hematopoietic stem cells	1050	16/483	0/49	-0.41614	-0.0305956	inf
SRX148898	TFs and others	VDR	Liver	LX2	468	16/483	0/49	-0.41614	-0.0305956	inf
SRX148963	TFs and others	CDK9	Blood	P493-6	365	16/483	0/49	-0.41614	-0.0305956	inf
SRX150409	TFs and others	ZNF274	Blood	GM08714	1019	16/483	0/49	-0.41614	-0.0305956	inf
SRX1515032	TFs and others	GFP	Kidney	293	8905	16/483	0/49	-0.41614	-0.0305956	inf
SRX1515034	TFs and others	GFP	Kidney	293	5110	16/483	0/49	-0.41614	-0.0305956	inf
SRX1515037	TFs and others	GFP	Kidney	293	10865	16/483	0/49	-0.41614	-0.0305956	inf
SRX1521310	TFs and others	KDM5C	Breast	ZR-75-30	242	16/483	0/49	-0.41614	-0.0305956	inf
SRX1532010	TFs and others	SON	Blood	K-562	248	16/483	0/49	-0.41614	-0.0305956	inf
SRX1555438	TFs and others	MITF	Epidermis	501A	885	16/483	0/49	-0.41614	-0.0305956	inf
SRX155727	TFs and others	HSF1	Breast	MCF 10A	401	16/483	0/49	-0.41614	-0.0305956	inf
SRX155734	TFs and others	HSF1	Lung	NCI-H1703	317	16/483	0/49	-0.41614	-0.0305956	inf
SRX1569430	TFs and others	BRD4	Digestive tract	HCT 116	203	16/483	0/49	-0.41614	-0.0305956	inf
SRX1569772	TFs and others	POU2F1	Prostate	LNCAP	1124	16/483	0/49	-0.41614	-0.0305956	inf
SRX1571794	TFs and others	GFP	Uterus	HeLa	543	16/483	0/49	-0.41614	-0.0305956	inf
SRX1571797	TFs and others	GFP	Uterus	HeLa	506	16/483	0/49	-0.41614	-0.0305956	inf
SRX1571798	TFs and others	GFP	Uterus	HeLa	539	16/483	0/49	-0.41614	-0.0305956	inf
SRX157608	TFs and others	HIF1A	Cardiovascular	HUVEC	673	16/483	0/49	-0.41614	-0.0305956	inf
SRX159194	TFs and others	NCOR2	Digestive tract	LS-180	222	16/483	0/49	-0.41614	-0.0305956	inf
SRX160741	TFs and others	SUZ12	Prostate	LNCAP	423	16/483	0/49	-0.41614	-0.0305956	inf
SRX1614804	TFs and others	ZNF366	Blood	Dendritic Cells	578	16/483	0/49	-0.41614	-0.0305956	inf
SRX1614809	TFs and others	ZNF366	Blood	Dendritic Cells	177	16/483	0/49	-0.41614	-0.0305956	inf
SRX1672129	TFs and others	RELA	Lung	BEAS-2B	1410	16/483	0/49	-0.41614	-0.0305956	inf
SRX1674504	TFs and others	ZMYND8	Uterus	HeLa	531	16/483	0/49	-0.41614	-0.0305956	inf
SRX1702479	TFs and others	AR	Prostate	LNCAP	607	16/483	0/49	-0.41614	-0.0305956	inf
SRX173191	TFs and others	AR	Prostate	LNCAP	575	16/483	0/49	-0.41614	-0.0305956	inf
SRX173207	TFs and others	AR	Prostate	LNCAP	6411	16/483	0/49	-0.41614	-0.0305956	inf
SRX1745743	TFs and others	FOXA1	Uterus	Endometrial Stromal Tumors	585	16/483	0/49	-0.41614	-0.0305956	inf
SRX1756592	TFs and others	AML1-ETO	Blood	Kasumi-1	356	16/483	0/49	-0.41614	-0.0305956	inf
SRX176051	TFs and others	AR	Prostate	C4-2	305	16/483	0/49	-0.41614	-0.0305956	inf
SRX176055	TFs and others	AR	Prostate	LNCAP	2069	16/483	0/49	-0.41614	-0.0305956	inf
SRX1772419	TFs and others	NEDD4	Breast	MCF-7	443	16/483	0/49	-0.41614	-0.0305956	inf
SRX1781651	TFs and others	LMNA	Epidermis	Dermal fibroblast	944	16/483	0/49	-0.41614	-0.0305956	inf
SRX1781653	TFs and others	LMNA	Epidermis	Dermal fibroblast	911	16/483	0/49	-0.41614	-0.0305956	inf
SRX1782978	TFs and others	ZMYND8	Kidney	293	648	16/483	0/49	-0.41614	-0.0305956	inf
SRX180823	TFs and others	E2F7	Lung	IMR-90	325	16/483	0/49	-0.41614	-0.0305956	inf
SRX181461	TFs and others	EZH2	Blood	SU-DHL-6	398	16/483	0/49	-0.41614	-0.0305956	inf
SRX1823798	TFs and others	BRD4	Bone	Osteoblasts	217	16/483	0/49	-0.41614	-0.0305956	inf
SRX1823799	TFs and others	BRD4	Bone	Osteoblasts	243	16/483	0/49	-0.41614	-0.0305956	inf
SRX1823800	TFs and others	BRD4	Bone	Osteoblasts	357	16/483	0/49	-0.41614	-0.0305956	inf
SRX1823801	TFs and others	BRD4	Bone	Osteoblasts	370	16/483	0/49	-0.41614	-0.0305956	inf
SRX1835121	TFs and others	ERG	Prostate	RWPE-1	481	16/483	0/49	-0.41614	-0.0305956	inf
SRX1845645	TFs and others	SMAD1	Epidermis	A-375	372	16/483	0/49	-0.41614	-0.0305956	inf
SRX1845646	TFs and others	SMAD1	Epidermis	A-375	376	16/483	0/49	-0.41614	-0.0305956	inf
SRX186621	TFs and others	MAFK	Blood	GM12878	3819	16/483	0/49	-0.41614	-0.0305956	inf
SRX186666	TFs and others	EZH2	Blood	CD20+	655	16/483	0/49	-0.41614	-0.0305956	inf
SRX186680	TFs and others	EZH2	Muscle	HSMM	605	16/483	0/49	-0.41614	-0.0305956	inf
SRX186716	TFs and others	EZH2	Uterus	HeLa	509	16/483	0/49	-0.41614	-0.0305956	inf
SRX186756	TFs and others	SIRT6	Blood	K-562	181	16/483	0/49	-0.41614	-0.0305956	inf
SRX186759	TFs and others	RNF2	Blood	K-562	258	16/483	0/49	-0.41614	-0.0305956	inf
SRX186827	TFs and others	ESR1	Breast	Breast cancer	539	16/483	0/49	-0.41614	-0.0305956	inf
SRX1885173	TFs and others	AR	Prostate	LNCAP	6014	16/483	0/49	-0.41614	-0.0305956	inf
SRX190306	TFs and others	CEBPB	Blood	GM12878	3048	16/483	0/49	-0.41614	-0.0305956	inf
SRX196109	TFs and others	NR1H2	Adipocyte	SGBS	406	16/483	0/49	-0.41614	-0.0305956	inf
SRX2010842	TFs and others	JUN	Lung	Calu-3	2787	16/483	0/49	-0.41614	-0.0305956	inf
SRX2067668	TFs and others	EZH2	Prostate	RWPE-1	438	16/483	0/49	-0.41614	-0.0305956	inf
SRX212358	TFs and others	EPAS1	Blood	Macrophages	469	16/483	0/49	-0.41614	-0.0305956	inf
SRX212433	TFs and others	STAT5	Blood	CD4+ T cells	515	16/483	0/49	-0.41614	-0.0305956	inf
SRX212438	TFs and others	ETS1	Blood	Treg	361	16/483	0/49	-0.41614	-0.0305956	inf
SRX212447	TFs and others	FOXP3	Blood	CD4+ T cells	431	16/483	0/49	-0.41614	-0.0305956	inf
SRX212645	TFs and others	ZFX	Blood	RPMI 8402	509	16/483	0/49	-0.41614	-0.0305956	inf
SRX2140294	TFs and others	AR	Pluripotent stem cell	hESC derived neural cells	575	16/483	0/49	-0.41614	-0.0305956	inf
SRX2140296	TFs and others	AR	Pluripotent stem cell	hESC derived neural cells	545	16/483	0/49	-0.41614	-0.0305956	inf
SRX2140297	TFs and others	AR	Pluripotent stem cell	hESC derived neural cells	533	16/483	0/49	-0.41614	-0.0305956	inf
SRX2140299	TFs and others	AR	Pluripotent stem cell	hESC derived neural cells	609	16/483	0/49	-0.41614	-0.0305956	inf
SRX2140301	TFs and others	AR	Pluripotent stem cell	hESC derived neural cells	537	16/483	0/49	-0.41614	-0.0305956	inf
SRX2140302	TFs and others	AR	Pluripotent stem cell	hESC derived neural cells	550	16/483	0/49	-0.41614	-0.0305956	inf
SRX218218	TFs and others	HSF2	Blood	K-562	399	16/483	0/49	-0.41614	-0.0305956	inf
SRX218221	TFs and others	HSF2	Blood	K-562	312	16/483	0/49	-0.41614	-0.0305956	inf
SRX220087	TFs and others	AR	Prostate	Prostate cancer	874	16/483	0/49	-0.41614	-0.0305956	inf
SRX220088	TFs and others	AR	Prostate	Prostate cancer	800	16/483	0/49	-0.41614	-0.0305956	inf
SRX220091	TFs and others	AR	Prostate	Prostate cancer	2257	16/483	0/49	-0.41614	-0.0305956	inf
SRX2207930	TFs and others	ERCC8	Epidermis	CS1AN	4382	16/483	0/49	-0.41614	-0.0305956	inf
SRX2210491	TFs and others	ASCL1	Unclassified	Unclassified	669	16/483	0/49	-0.41614	-0.0305956	inf
SRX222274	TFs and others	ESR1	Prostate	VCaP	1553	16/483	0/49	-0.41614	-0.0305956	inf
SRX2245087	TFs and others	Epitope tags	Blood	Lymphoblastoid cell line	717	16/483	0/49	-0.41614	-0.0305956	inf
SRX2251217	TFs and others	BRD4	Prostate	C4-2	1514	16/483	0/49	-0.41614	-0.0305956	inf
SRX2254716	TFs and others	TRF2	Muscle	Myotube	714	16/483	0/49	-0.41614	-0.0305956	inf
SRX2254717	TFs and others	TRF2	Muscle	Myotube	862	16/483	0/49	-0.41614	-0.0305956	inf
SRX2255895	TFs and others	Epitope tags	Kidney	293	5480	16/483	0/49	-0.41614	-0.0305956	inf
SRX2267442	TFs and others	BRD4	Lung	A549	206	16/483	0/49	-0.41614	-0.0305956	inf
SRX2268292	TFs and others	CHD1	Bone	Osteoblasts	564	16/483	0/49	-0.41614	-0.0305956	inf
SRX233548	TFs and others	NR5A1	Others	NCI-H295R	1088	16/483	0/49	-0.41614	-0.0305956	inf
SRX2353647	TFs and others	AR	Prostate	LNCAP	25242	16/483	0/49	-0.41614	-0.0305956	inf
SRX235608	TFs and others	SMC3	Kidney	293	1878	16/483	0/49	-0.41614	-0.0305956	inf
SRX2404124	TFs and others	RELA	Others	Detroit 562	468	16/483	0/49	-0.41614	-0.0305956	inf
SRX2404127	TFs and others	RELA	Others	Detroit 562	1103	16/483	0/49	-0.41614	-0.0305956	inf
SRX2420132	TFs and others	AR	Prostate	LNCAP	1339	16/483	0/49	-0.41614	-0.0305956	inf
SRX2425861	TFs and others	SMAD1	Breast	MDA-MB-231	840	16/483	0/49	-0.41614	-0.0305956	inf
SRX2430640	TFs and others	KDM4C	Neural	SW 1783	398	16/483	0/49	-0.41614	-0.0305956	inf
SRX2452426	TFs and others	BRD4	Cardiovascular	HUVEC	287	16/483	0/49	-0.41614	-0.0305956	inf
SRX2453441	TFs and others	NLRP2	Breast	MCF 10A	291	16/483	0/49	-0.41614	-0.0305956	inf
SRX2460062	TFs and others	ESR1	Breast	Breast cancer cells	573	16/483	0/49	-0.41614	-0.0305956	inf
SRX246862	TFs and others	MBD3	Breast	MDA-MB-231	414	16/483	0/49	-0.41614	-0.0305956	inf
SRX2510823	TFs and others	SUPT5H	Uterus	HeLa	476	16/483	0/49	-0.41614	-0.0305956	inf
SRX2512463	TFs and others	SREBF2	Pancreas	PANC-1	488	16/483	0/49	-0.41614	-0.0305956	inf
SRX2514255	TFs and others	ESR1	Uterus	Carcinoma, Endometrioid	425	16/483	0/49	-0.41614	-0.0305956	inf
SRX2541235	TFs and others	SFPQ	Prostate	Prostate cancer cells	1386	16/483	0/49	-0.41614	-0.0305956	inf
SRX2541238	TFs and others	SFPQ	Prostate	Prostate cancer cells	1182	16/483	0/49	-0.41614	-0.0305956	inf
SRX2541239	TFs and others	SFPQ	Prostate	Prostate cancer cells	1288	16/483	0/49	-0.41614	-0.0305956	inf
SRX2541240	TFs and others	SFPQ	Prostate	Prostate cancer cells	1374	16/483	0/49	-0.41614	-0.0305956	inf
SRX2541247	TFs and others	AR	Prostate	Prostate cancer cells	572	16/483	0/49	-0.41614	-0.0305956	inf
SRX2545043	TFs and others	ARID1A	Prostate	LNCAP	2016	16/483	0/49	-0.41614	-0.0305956	inf
SRX2545044	TFs and others	ARID1A	Prostate	LNCAP	4451	16/483	0/49	-0.41614	-0.0305956	inf
SRX2545048	TFs and others	SMARCA4	Prostate	LNCAP	558	16/483	0/49	-0.41614	-0.0305956	inf
SRX2545055	TFs and others	HOXB13	Prostate	LNCAP	5013	16/483	0/49	-0.41614	-0.0305956	inf
SRX2545059	TFs and others	TLE3	Prostate	LNCAP	22602	16/483	0/49	-0.41614	-0.0305956	inf
SRX2545066	TFs and others	TRIM28	Prostate	LNCAP	585	16/483	0/49	-0.41614	-0.0305956	inf
SRX2545067	TFs and others	WDHD1	Prostate	LNCAP	477	16/483	0/49	-0.41614	-0.0305956	inf
SRX2545070	TFs and others	WDHD1	Prostate	LNCAP	562	16/483	0/49	-0.41614	-0.0305956	inf
SRX2546005	TFs and others	METTL14	Blood	MOLM-13	584	16/483	0/49	-0.41614	-0.0305956	inf
SRX2548278	TFs and others	IRF4	Blood	KK1	4757	16/483	0/49	-0.41614	-0.0305956	inf
SRX2548300	TFs and others	BATF3	Blood	KK1	15978	16/483	0/49	-0.41614	-0.0305956	inf
SRX256994	TFs and others	NR3C1	Blood	Lymphoblastoid cell line	941	16/483	0/49	-0.41614	-0.0305956	inf
SRX256997	TFs and others	RELA	Blood	Lymphoblastoid cell line	641	16/483	0/49	-0.41614	-0.0305956	inf
SRX2578874	TFs and others	ESR1	Breast	MDA-MB-231	93	16/483	0/49	-0.41614	-0.0305956	inf
SRX2578883	TFs and others	MED1	Breast	MDA-MB-231	703	16/483	0/49	-0.41614	-0.0305956	inf
SRX2584126	TFs and others	HIF1A	Epidermis	501A	569	16/483	0/49	-0.41614	-0.0305956	inf
SRX262218	TFs and others	PHF6	Blood	Jurkat	124	16/483	0/49	-0.41614	-0.0305956	inf
SRX264466	TFs and others	BRD4	Epidermis	Melanoma	323	16/483	0/49	-0.41614	-0.0305956	inf
SRX2652426	TFs and others	NUTM1	Lung	24335	378	16/483	0/49	-0.41614	-0.0305956	inf
SRX2652445	TFs and others	ZBTB48	Bone	U2OS	2825	16/483	0/49	-0.41614	-0.0305956	inf
SRX2652446	TFs and others	ZBTB48	Bone	U2OS	4617	16/483	0/49	-0.41614	-0.0305956	inf
SRX2671822	TFs and others	EP300	Pluripotent stem cell	iPS cells	321	16/483	0/49	-0.41614	-0.0305956	inf
SRX2671857	TFs and others	EP300	Pluripotent stem cell	iPS cells	390	16/483	0/49	-0.41614	-0.0305956	inf
SRX2683591	TFs and others	Epitope tags	Kidney	293	228	16/483	0/49	-0.41614	-0.0305956	inf
SRX268886	TFs and others	NR2F2	Uterus	HeLa	555	16/483	0/49	-0.41614	-0.0305956	inf
SRX2705124	TFs and others	MORC2	Uterus	HeLa	806	16/483	0/49	-0.41614	-0.0305956	inf
SRX271854	TFs and others	EZH2	Blood	OCI-LY-7	410	16/483	0/49	-0.41614	-0.0305956	inf
SRX271856	TFs and others	EZH2	Blood	SU-DHL-5	1550	16/483	0/49	-0.41614	-0.0305956	inf
SRX272438	TFs and others	SMCHD1	Digestive tract	HCT 116	651	16/483	0/49	-0.41614	-0.0305956	inf
SRX2732459	TFs and others	KLF4	Neural	Glioblastoma	941	16/483	0/49	-0.41614	-0.0305956	inf
SRX2733333	TFs and others	RBPJ	Blood	Mino	372	16/483	0/49	-0.41614	-0.0305956	inf
SRX275410	TFs and others	BCL6	Blood	OCI-LY1	913	16/483	0/49	-0.41614	-0.0305956	inf
SRX275500	TFs and others	TP53	Bone	U2OS	1546	16/483	0/49	-0.41614	-0.0305956	inf
SRX2765969	TFs and others	Epitope tags	Kidney	293	618	16/483	0/49	-0.41614	-0.0305956	inf
SRX2765971	TFs and others	Epitope tags	Kidney	293	729	16/483	0/49	-0.41614	-0.0305956	inf
SRX2765972	TFs and others	Epitope tags	Kidney	293	646	16/483	0/49	-0.41614	-0.0305956	inf
SRX2770844	TFs and others	CEBPB	Blood	Macrophages	15841	16/483	0/49	-0.41614	-0.0305956	inf
SRX277586	TFs and others	FANCD2	Kidney	293	476	16/483	0/49	-0.41614	-0.0305956	inf
SRX278609	TFs and others	NR5A2	Breast	MCF-7	579	16/483	0/49	-0.41614	-0.0305956	inf
SRX2791697	TFs and others	LMNA	Epidermis	Dermal fibroblast	562	16/483	0/49	-0.41614	-0.0305956	inf
SRX2867678	TFs and others	Epitope tags	Kidney	293	1447	16/483	0/49	-0.41614	-0.0305956	inf
SRX2885443	TFs and others	Epitope tags	Blood	U-937	370	16/483	0/49	-0.41614	-0.0305956	inf
SRX2900092	TFs and others	BAP1	Breast	CAL-51	316	16/483	0/49	-0.41614	-0.0305956	inf
SRX2901941	TFs and others	ESR1	Uterus	Ishikawa	516	16/483	0/49	-0.41614	-0.0305956	inf
SRX2912053	TFs and others	ESR1	Breast	MCF-7	3223	16/483	0/49	-0.41614	-0.0305956	inf
SRX2937341	TFs and others	BRD4	Blood	J-Lat A72	349	16/483	0/49	-0.41614	-0.0305956	inf
SRX2937350	TFs and others	BRD4	Blood	J-Lat A72	326	16/483	0/49	-0.41614	-0.0305956	inf
SRX2940748	TFs and others	TP53	Kidney	UO-31	652	16/483	0/49	-0.41614	-0.0305956	inf
SRX2940750	TFs and others	TP53	Bone	U2OS	165	16/483	0/49	-0.41614	-0.0305956	inf
SRX2940753	TFs and others	TP53	Lung	NCI-H460	460	16/483	0/49	-0.41614	-0.0305956	inf
SRX2946121	TFs and others	YEATS4	Lung	NCI-H1299	404	16/483	0/49	-0.41614	-0.0305956	inf
SRX3020590	TFs and others	PHIP	Kidney	293	1023	16/483	0/49	-0.41614	-0.0305956	inf
SRX3040154	TFs and others	ZMYM2	Breast	HMEC	441	16/483	0/49	-0.41614	-0.0305956	inf
SRX306514	TFs and others	AR	Prostate	DU 145	355	16/483	0/49	-0.41614	-0.0305956	inf
SRX3082736	TFs and others	ZIC2	Blood	BCBL1	494	16/483	0/49	-0.41614	-0.0305956	inf
SRX3089968	TFs and others	NCOA4	Blood	Erythroblasts	323	16/483	0/49	-0.41614	-0.0305956	inf
SRX3124389	TFs and others	CTCFL	Neural	KELLY	1043	16/483	0/49	-0.41614	-0.0305956	inf
SRX3124390	TFs and others	CTCFL	Neural	KELLY	1057	16/483	0/49	-0.41614	-0.0305956	inf
SRX3124565	TFs and others	STAT1	Prostate	NCI-H358	572	16/483	0/49	-0.41614	-0.0305956	inf
SRX3135180	TFs and others	BCL6	Blood	OCI-LY1	535	16/483	0/49	-0.41614	-0.0305956	inf
SRX317601	TFs and others	JARID2	Pluripotent stem cell	iPS cells	1270	16/483	0/49	-0.41614	-0.0305956	inf
SRX317602	TFs and others	EZH2	Pluripotent stem cell	iPS cells	1199	16/483	0/49	-0.41614	-0.0305956	inf
SRX317609	TFs and others	JARID2	Pluripotent stem cell	iPS cells	1063	16/483	0/49	-0.41614	-0.0305956	inf
SRX3229134	TFs and others	AR	Breast	MCF-7	565	16/483	0/49	-0.41614	-0.0305956	inf
SRX3229169	TFs and others	AR	Breast	Breast cancer	308	16/483	0/49	-0.41614	-0.0305956	inf
SRX3229174	TFs and others	AR	Breast	Breast cancer	1621	16/483	0/49	-0.41614	-0.0305956	inf
SRX3229183	TFs and others	NR3C1	Breast	Breast cancer	215	16/483	0/49	-0.41614	-0.0305956	inf
SRX3230266	TFs and others	BRD1	Pluripotent stem cell	hESC HUES64	504	16/483	0/49	-0.41614	-0.0305956	inf
SRX3230269	TFs and others	RNF2	Pluripotent stem cell	hESC HUES64	545	16/483	0/49	-0.41614	-0.0305956	inf
SRX323565	TFs and others	ASCL1	Epidermis	Dermal fibroblast	2649	16/483	0/49	-0.41614	-0.0305956	inf
SRX326373	TFs and others	NUP98	Pluripotent stem cell	hESC HUES6	385	16/483	0/49	-0.41614	-0.0305956	inf
SRX3285555	TFs and others	ESR1	Breast	C70R	3526	16/483	0/49	-0.41614	-0.0305956	inf
SRX3288561	TFs and others	CTCF	Pluripotent stem cell	hESC H9	2276	16/483	0/49	-0.41614	-0.0305956	inf
SRX3312886	TFs and others	BRD4	Blood	HAP1	803	16/483	0/49	-0.41614	-0.0305956	inf
SRX3312896	TFs and others	MTHFD1	Blood	HAP1	563	16/483	0/49	-0.41614	-0.0305956	inf
SRX3312897	TFs and others	MTHFD1	Blood	HAP1	506	16/483	0/49	-0.41614	-0.0305956	inf
SRX3312898	TFs and others	MTHFD1	Blood	HAP1	619	16/483	0/49	-0.41614	-0.0305956	inf
SRX3324962	TFs and others	EP300	Lung	IMR-90	5575	16/483	0/49	-0.41614	-0.0305956	inf
SRX334264	TFs and others	AR	Unclassified	Unclassified	1022	16/483	0/49	-0.41614	-0.0305956	inf
SRX3367003	TFs and others	AR	Prostate	LNCAP	4135	16/483	0/49	-0.41614	-0.0305956	inf
SRX3387557	TFs and others	STAT3	Blood	OCI-LY-10	641	16/483	0/49	-0.41614	-0.0305956	inf
SRX3387558	TFs and others	STAT3	Blood	OCI-LY-10	658	16/483	0/49	-0.41614	-0.0305956	inf
SRX338978	TFs and others	ERCC6	Others	Fibroblasts	1013	16/483	0/49	-0.41614	-0.0305956	inf
SRX3417630	TFs and others	VDR	Digestive tract	Colonic organoids	621	16/483	0/49	-0.41614	-0.0305956	inf
SRX3441731	TFs and others	GATA2	Pluripotent stem cell	iPS cells	339	16/483	0/49	-0.41614	-0.0305956	inf
SRX3445803	TFs and others	MCRS1	Liver	Hep G2	262	16/483	0/49	-0.41614	-0.0305956	inf
SRX3452546	TFs and others	EZH2	Prostate	LNCAP	368	16/483	0/49	-0.41614	-0.0305956	inf
SRX3474299	TFs and others	TRIM28	Prostate	LNCAP	748	16/483	0/49	-0.41614	-0.0305956	inf
SRX3474300	TFs and others	AR	Prostate	LNCAP	636	16/483	0/49	-0.41614	-0.0305956	inf
SRX3474301	TFs and others	AR	Prostate	LNCAP	619	16/483	0/49	-0.41614	-0.0305956	inf
SRX3517828	TFs and others	NR3C1	Lung	A549	2941	16/483	0/49	-0.41614	-0.0305956	inf
SRX3581475	TFs and others	CHD7	Pluripotent stem cell	iPS derived neural cells	631	16/483	0/49	-0.41614	-0.0305956	inf
SRX3581502	TFs and others	EP300	Pluripotent stem cell	iPS derived neural cells	2308	16/483	0/49	-0.41614	-0.0305956	inf
SRX3584193	TFs and others	AR	Gonad	Epididymis	5204	16/483	0/49	-0.41614	-0.0305956	inf
SRX3584300	TFs and others	RARA	Pluripotent stem cell	iPS cells	808	16/483	0/49	-0.41614	-0.0305956	inf
SRX3596429	TFs and others	Epitope tags	Lung	NCI-H1299	617	16/483	0/49	-0.41614	-0.0305956	inf
SRX3596432	TFs and others	Epitope tags	Lung	NCI-H1299	637	16/483	0/49	-0.41614	-0.0305956	inf
SRX3596438	TFs and others	Epitope tags	Lung	NCI-H1299	616	16/483	0/49	-0.41614	-0.0305956	inf
SRX359822	TFs and others	CTCF	Digestive tract	LoVo	1360	16/483	0/49	-0.41614	-0.0305956	inf
SRX359889	TFs and others	HEYL	Digestive tract	LoVo	119	16/483	0/49	-0.41614	-0.0305956	inf
SRX359891	TFs and others	HOXA13	Digestive tract	LoVo	530	16/483	0/49	-0.41614	-0.0305956	inf
SRX359902	TFs and others	KLF6	Digestive tract	LoVo	374	16/483	0/49	-0.41614	-0.0305956	inf
SRX3599307	TFs and others	JUN	Cardiovascular	HUVEC	739	16/483	0/49	-0.41614	-0.0305956	inf
SRX3599313	TFs and others	GATA2	Cardiovascular	HUVEC	929	16/483	0/49	-0.41614	-0.0305956	inf
SRX3599314	TFs and others	GATA2	Cardiovascular	HUVEC	1064	16/483	0/49	-0.41614	-0.0305956	inf
SRX3599317	TFs and others	EP300	Cardiovascular	HUVEC	914	16/483	0/49	-0.41614	-0.0305956	inf
SRX359937	TFs and others	HOXC8	Digestive tract	LoVo	147	16/483	0/49	-0.41614	-0.0305956	inf
SRX359943	TFs and others	JUND	Digestive tract	LoVo	271	16/483	0/49	-0.41614	-0.0305956	inf
SRX360023	TFs and others	HOXC11	Digestive tract	LoVo	476	16/483	0/49	-0.41614	-0.0305956	inf
SRX360058	TFs and others	ZNF266	Digestive tract	LoVo	108	16/483	0/49	-0.41614	-0.0305956	inf
SRX360060	TFs and others	ZNF395	Digestive tract	LoVo	168	16/483	0/49	-0.41614	-0.0305956	inf
SRX3601934	TFs and others	GLYR1	Uterus	HeLa	365	16/483	0/49	-0.41614	-0.0305956	inf
SRX3601937	TFs and others	GLYR1	Uterus	HeLa	543	16/483	0/49	-0.41614	-0.0305956	inf
SRX360574	TFs and others	JUND	Digestive tract	GP5d	331	16/483	0/49	-0.41614	-0.0305956	inf
SRX360595	TFs and others	SMC3	Digestive tract	GP5d	677	16/483	0/49	-0.41614	-0.0305956	inf
SRX3630683	TFs and others	FOXO3	Pluripotent stem cell	iPS derived neural cells	631	16/483	0/49	-0.41614	-0.0305956	inf
SRX3630819	TFs and others	NR3C1	Uterus	Ishikawa	247	16/483	0/49	-0.41614	-0.0305956	inf
SRX3657350	TFs and others	Epitope tags	Kidney	293	786	16/483	0/49	-0.41614	-0.0305956	inf
SRX3666502	TFs and others	TP53	Blood	T cells	355	16/483	0/49	-0.41614	-0.0305956	inf
SRX3666508	TFs and others	TP53	Blood	T cells	833	16/483	0/49	-0.41614	-0.0305956	inf
SRX3733787	TFs and others	CTCF	Liver	Hep G2	1205	16/483	0/49	-0.41614	-0.0305956	inf
SRX3745256	TFs and others	Epitope tags	Lung	NCI-H1299	764	16/483	0/49	-0.41614	-0.0305956	inf
SRX3745258	TFs and others	Epitope tags	Lung	NCI-H1299	561	16/483	0/49	-0.41614	-0.0305956	inf
SRX3768721	TFs and others	MLLT3	Blood	Erythroblasts	563	16/483	0/49	-0.41614	-0.0305956	inf
SRX3768734	TFs and others	Epitope tags	Blood	CD34 Hematopoietic stem cells	425	16/483	0/49	-0.41614	-0.0305956	inf
SRX3768735	TFs and others	Epitope tags	Blood	CD34 Hematopoietic stem cells	517	16/483	0/49	-0.41614	-0.0305956	inf
SRX377960	TFs and others	ZFHX4	Neural	Glioblastoma	591	16/483	0/49	-0.41614	-0.0305956	inf
SRX377961	TFs and others	ZFHX4	Neural	Glioblastoma	475	16/483	0/49	-0.41614	-0.0305956	inf
SRX378021	TFs and others	KSHV LANA	Uterus	TIVE-LTC	436	16/483	0/49	-0.41614	-0.0305956	inf
SRX378124	TFs and others	TEAD4	Pluripotent stem cell	hESC WA09	432	16/483	0/49	-0.41614	-0.0305956	inf
SRX378125	TFs and others	TEAD4	Pluripotent stem cell	hESC WA09	441	16/483	0/49	-0.41614	-0.0305956	inf
SRX378126	TFs and others	SMAD2	Pluripotent stem cell	hESC WA09	336	16/483	0/49	-0.41614	-0.0305956	inf
SRX3797280	TFs and others	ZNF768	Bone	U2OS	3676	16/483	0/49	-0.41614	-0.0305956	inf
SRX3798673	TFs and others	BRCA1	Neural	SH-EP	434	16/483	0/49	-0.41614	-0.0305956	inf
SRX386478	TFs and others	MAF	Epidermis	Keratinocytes	653	16/483	0/49	-0.41614	-0.0305956	inf
SRX3923185	TFs and others	DDX5	Breast	BT-549	744	16/483	0/49	-0.41614	-0.0305956	inf
SRX392802	TFs and others	REST	Blood	Jurkat	3389	16/483	0/49	-0.41614	-0.0305956	inf
SRX392804	TFs and others	REST	Blood	Jurkat	2601	16/483	0/49	-0.41614	-0.0305956	inf
SRX3946919	TFs and others	MED1	Others	Mesenchymal stem cells	964	16/483	0/49	-0.41614	-0.0305956	inf
SRX396253	TFs and others	TP53	Others	Fibroblasts	636	16/483	0/49	-0.41614	-0.0305956	inf
SRX396259	TFs and others	TP53	Others	Fibroblasts	781	16/483	0/49	-0.41614	-0.0305956	inf
SRX396260	TFs and others	TP53	Others	Fibroblasts	751	16/483	0/49	-0.41614	-0.0305956	inf
SRX3962737	TFs and others	LMNA	Unclassified	Unclassified	421	16/483	0/49	-0.41614	-0.0305956	inf
SRX3962739	TFs and others	LMNA	Unclassified	Unclassified	335	16/483	0/49	-0.41614	-0.0305956	inf
SRX396569	TFs and others	CBX7	Breast	Breast cells	463	16/483	0/49	-0.41614	-0.0305956	inf
SRX3993992	TFs and others	TRIM24	Breast	MCF-7	215	16/483	0/49	-0.41614	-0.0305956	inf
SRX4119717	TFs and others	Epitope tags	Kidney	293	244	16/483	0/49	-0.41614	-0.0305956	inf
SRX4155873	TFs and others	CTCFL	Bone	TC-71	611	16/483	0/49	-0.41614	-0.0305956	inf
SRX4170730	TFs and others	WDR5	Blood	MV-4-11	592	16/483	0/49	-0.41614	-0.0305956	inf
SRX4170733	TFs and others	WDR5	Blood	MV-4-11	857	16/483	0/49	-0.41614	-0.0305956	inf
SRX4172740	TFs and others	GATA1	Digestive tract	HCT 116	8243	16/483	0/49	-0.41614	-0.0305956	inf
SRX4192131	TFs and others	XRCC4	Breast	MCF 10A	442	16/483	0/49	-0.41614	-0.0305956	inf
SRX4287636	TFs and others	EGR1	Epidermis	A-375	585	16/483	0/49	-0.41614	-0.0305956	inf
SRX4313203	TFs and others	SOX8	Muscle	RH-4	2118	16/483	0/49	-0.41614	-0.0305956	inf
SRX433200	TFs and others	AR	Prostate	PC-3	1284	16/483	0/49	-0.41614	-0.0305956	inf
SRX4345360	TFs and others	NFATC1	Blood	CD4+ T cells	445	16/483	0/49	-0.41614	-0.0305956	inf
SRX4345361	TFs and others	NFATC1	Blood	CD4+ T cells	404	16/483	0/49	-0.41614	-0.0305956	inf
SRX4393710	TFs and others	MYH11	Blood	ME-1	1593	16/483	0/49	-0.41614	-0.0305956	inf
SRX4415492	TFs and others	HAT1	Kidney	hTERT-HME1	561	16/483	0/49	-0.41614	-0.0305956	inf
SRX4417025	TFs and others	GATA3	Breast	MCF-7	689	16/483	0/49	-0.41614	-0.0305956	inf
SRX4451210	TFs and others	ESR1	Breast	MCF-7	941	16/483	0/49	-0.41614	-0.0305956	inf
SRX4525848	TFs and others	BRD9	Kidney	TTC-1240	936	16/483	0/49	-0.41614	-0.0305956	inf
SRX4559715	TFs and others	ZNF207	Pluripotent stem cell	hESC H9	311	16/483	0/49	-0.41614	-0.0305956	inf
SRX4599936	TFs and others	Epitope tags	Kidney	293	155	16/483	0/49	-0.41614	-0.0305956	inf
SRX4615357	TFs and others	ALKBH1	Neural	Glioblastoma	776	16/483	0/49	-0.41614	-0.0305956	inf
SRX4649681	TFs and others	TP53	Epidermis	Foreskin	2049	16/483	0/49	-0.41614	-0.0305956	inf
SRX4679525	TFs and others	REST	Neural	SK-N-MM	1485	16/483	0/49	-0.41614	-0.0305956	inf
SRX4705118	TFs and others	CHAF1A	Blood	U-937	427	16/483	0/49	-0.41614	-0.0305956	inf
SRX4708069	TFs and others	HNRNPH1	Blood	K-562	321	16/483	0/49	-0.41614	-0.0305956	inf
SRX4714467	TFs and others	GTF3C2	Neural	T98G	2815	16/483	0/49	-0.41614	-0.0305956	inf
SRX472276	TFs and others	TERF2	Blood	Lymphoblastoid cell line	692	16/483	0/49	-0.41614	-0.0305956	inf
SRX4745223	TFs and others	Epitope tags	Kidney	293	472	16/483	0/49	-0.41614	-0.0305956	inf
SRX4745231	TFs and others	Epitope tags	Kidney	293	374	16/483	0/49	-0.41614	-0.0305956	inf
SRX475379	TFs and others	WDR5	Prostate	LNCAP	521	16/483	0/49	-0.41614	-0.0305956	inf
SRX4781475	TFs and others	BRD2	Blood	Acute myeloid leukemia	373	16/483	0/49	-0.41614	-0.0305956	inf
SRX4781477	TFs and others	BRD2	Blood	Acute myeloid leukemia	388	16/483	0/49	-0.41614	-0.0305956	inf
SRX4781478	TFs and others	BRD2	Blood	Acute myeloid leukemia	621	16/483	0/49	-0.41614	-0.0305956	inf
SRX4783025	TFs and others	AR	Prostate	Prostate cancer cells	3363	16/483	0/49	-0.41614	-0.0305956	inf
SRX4783036	TFs and others	AR	Prostate	Prostate cancer cells	2241	16/483	0/49	-0.41614	-0.0305956	inf
SRX4783037	TFs and others	AR	Prostate	Prostate cancer cells	535	16/483	0/49	-0.41614	-0.0305956	inf
SRX4783043	TFs and others	AR	Prostate	Prostate cancer cells	1163	16/483	0/49	-0.41614	-0.0305956	inf
SRX4783044	TFs and others	AR	Prostate	Prostate cancer cells	440	16/483	0/49	-0.41614	-0.0305956	inf
SRX4783061	TFs and others	AR	Prostate	Prostate cancer cells	3091	16/483	0/49	-0.41614	-0.0305956	inf
SRX4783063	TFs and others	AR	Prostate	Prostate cancer cells	3322	16/483	0/49	-0.41614	-0.0305956	inf
SRX4783073	TFs and others	AR	Prostate	Prostate cancer cells	3350	16/483	0/49	-0.41614	-0.0305956	inf
SRX4783074	TFs and others	AR	Prostate	Prostate cancer cells	967	16/483	0/49	-0.41614	-0.0305956	inf
SRX4783080	TFs and others	AR	Prostate	Prostate cancer cells	2930	16/483	0/49	-0.41614	-0.0305956	inf
SRX4783089	TFs and others	AR	Prostate	Prostate cancer cells	445	16/483	0/49	-0.41614	-0.0305956	inf
SRX4783090	TFs and others	AR	Prostate	Prostate cancer cells	2670	16/483	0/49	-0.41614	-0.0305956	inf
SRX4783093	TFs and others	AR	Prostate	Prostate cancer cells	490	16/483	0/49	-0.41614	-0.0305956	inf
SRX4783100	TFs and others	AR	Prostate	Prostate cancer cells	1962	16/483	0/49	-0.41614	-0.0305956	inf
SRX4783102	TFs and others	AR	Prostate	Prostate cancer cells	493	16/483	0/49	-0.41614	-0.0305956	inf
SRX4783104	TFs and others	AR	Prostate	Prostate cancer cells	822	16/483	0/49	-0.41614	-0.0305956	inf
SRX4783105	TFs and others	AR	Prostate	Prostate cancer cells	565	16/483	0/49	-0.41614	-0.0305956	inf
SRX4783108	TFs and others	AR	Prostate	Prostate cancer cells	537	16/483	0/49	-0.41614	-0.0305956	inf
SRX4786546	TFs and others	TET2	Breast	MCF-7	470	16/483	0/49	-0.41614	-0.0305956	inf
SRX4824359	TFs and others	AR	Prostate	22Rv1	1447	16/483	0/49	-0.41614	-0.0305956	inf
SRX483585	TFs and others	TP53	Epidermis	GM06170	2695	16/483	0/49	-0.41614	-0.0305956	inf
SRX483591	TFs and others	TP53	Epidermis	GM00011	2263	16/483	0/49	-0.41614	-0.0305956	inf
SRX4901017	TFs and others	GFI1B	Blood	SET-2	1099	16/483	0/49	-0.41614	-0.0305956	inf
SRX4937328	TFs and others	ATXN7L3	Digestive tract	HCT 116	315	16/483	0/49	-0.41614	-0.0305956	inf
SRX4947693	TFs and others	Epitope tags	Cardiovascular	HUVEC	2066	16/483	0/49	-0.41614	-0.0305956	inf
SRX4947694	TFs and others	Epitope tags	Cardiovascular	HUVEC	2729	16/483	0/49	-0.41614	-0.0305956	inf
SRX4947719	TFs and others	RELA	Cardiovascular	HUVEC	297	16/483	0/49	-0.41614	-0.0305956	inf
SRX495666	TFs and others	NR3C1	Breast	MDA-MB-231	1282	16/483	0/49	-0.41614	-0.0305956	inf
SRX495670	TFs and others	NR3C1	Breast	MDA-MB-231	1242	16/483	0/49	-0.41614	-0.0305956	inf
SRX4959104	TFs and others	AHR	Pluripotent stem cell	ES cells	277	16/483	0/49	-0.41614	-0.0305956	inf
SRX4994040	TFs and others	Epitope tags	Kidney	293	368	16/483	0/49	-0.41614	-0.0305956	inf
SRX4996449	TFs and others	HNRNPK	Epidermis	Keratinocytes	661	16/483	0/49	-0.41614	-0.0305956	inf
SRX502056	TFs and others	AR	Prostate	Prostate	930	16/483	0/49	-0.41614	-0.0305956	inf
SRX502059	TFs and others	AR	Prostate	Prostate cancer	6685	16/483	0/49	-0.41614	-0.0305956	inf
SRX502066	TFs and others	AR	Prostate	Prostate cancer	3089	16/483	0/49	-0.41614	-0.0305956	inf
SRX503325	TFs and others	KSHV LANA	Kidney	iSLK	820	16/483	0/49	-0.41614	-0.0305956	inf
SRX503326	TFs and others	KSHV LANA	Kidney	iSLK	879	16/483	0/49	-0.41614	-0.0305956	inf
SRX503335	TFs and others	KSHV LANA	Cardiovascular	BEC	375	16/483	0/49	-0.41614	-0.0305956	inf
SRX503336	TFs and others	KSHV LANA	Cardiovascular	BEC	498	16/483	0/49	-0.41614	-0.0305956	inf
SRX5057620	TFs and others	GATA3	Breast	T-47D	1113	16/483	0/49	-0.41614	-0.0305956	inf
SRX5057622	TFs and others	GATA3	Breast	T-47D	1025	16/483	0/49	-0.41614	-0.0305956	inf
SRX5068575	TFs and others	KMT2C	Gonad	BIN-67	178	16/483	0/49	-0.41614	-0.0305956	inf
SRX5076291	TFs and others	ZBTB7A	Prostate	VCaP	439	16/483	0/49	-0.41614	-0.0305956	inf
SRX5077398	TFs and others	BRD4	Liver	Hep G2	504	16/483	0/49	-0.41614	-0.0305956	inf
SRX5088243	TFs and others	NCOA2	Uterus	Endometrial stromal cells	193	16/483	0/49	-0.41614	-0.0305956	inf
SRX5089387	TFs and others	ARID1A	Breast	MCF-7	586	16/483	0/49	-0.41614	-0.0305956	inf
SRX5089411	TFs and others	SMARCA4	Breast	MCF-7	1867	16/483	0/49	-0.41614	-0.0305956	inf
SRX5089426	TFs and others	SMARCB1	Breast	MCF-7	690	16/483	0/49	-0.41614	-0.0305956	inf
SRX5089513	TFs and others	SMARCA4	Breast	MCF-7	3582	16/483	0/49	-0.41614	-0.0305956	inf
SRX5089525	TFs and others	SMARCA4	Breast	MCF-7	1339	16/483	0/49	-0.41614	-0.0305956	inf
SRX5089527	TFs and others	SMARCA4	Breast	MCF-7	1412	16/483	0/49	-0.41614	-0.0305956	inf
SRX5089528	TFs and others	SMARCA4	Breast	MCF-7	976	16/483	0/49	-0.41614	-0.0305956	inf
SRX512373	TFs and others	Epitope tags	Epidermis	Dermal fibroblast	2657	16/483	0/49	-0.41614	-0.0305956	inf
SRX5124827	TFs and others	FOXA1	Prostate	LAPC-4	561	16/483	0/49	-0.41614	-0.0305956	inf
SRX5124830	TFs and others	FOXA1	Prostate	LAPC-4	2245	16/483	0/49	-0.41614	-0.0305956	inf
SRX5124835	TFs and others	AR	Prostate	22Rv1	1910	16/483	0/49	-0.41614	-0.0305956	inf
SRX5124846	TFs and others	FOXA1	Prostate	22Rv1	951	16/483	0/49	-0.41614	-0.0305956	inf
SRX5139483	TFs and others	SMC2	Digestive tract	HCT 116	843	16/483	0/49	-0.41614	-0.0305956	inf
SRX5139487	TFs and others	SMC2	Digestive tract	HCT 116	845	16/483	0/49	-0.41614	-0.0305956	inf
SRX514847	TFs and others	TP53	Epidermis	Keratinocytes	3670	16/483	0/49	-0.41614	-0.0305956	inf
SRX515116	TFs and others	KDM6B	Blood	CUTLL1	596	16/483	0/49	-0.41614	-0.0305956	inf
SRX5157149	TFs and others	CEBPA	Blood	THP-1	5768	16/483	0/49	-0.41614	-0.0305956	inf
SRX5202658	TFs and others	IRF2BP2	Kidney	293	431	16/483	0/49	-0.41614	-0.0305956	inf
SRX5255102	TFs and others	Epitope tags	Kidney	293	731	16/483	0/49	-0.41614	-0.0305956	inf
SRX5255103	TFs and others	Epitope tags	Kidney	293	773	16/483	0/49	-0.41614	-0.0305956	inf
SRX5287699	TFs and others	MED1	Breast	MCF-7	347	16/483	0/49	-0.41614	-0.0305956	inf
SRX5287708	TFs and others	YAP1	Breast	MCF-7	730	16/483	0/49	-0.41614	-0.0305956	inf
SRX5323809	TFs and others	ESR1	Breast	T-47D	1417	16/483	0/49	-0.41614	-0.0305956	inf
SRX5360084	TFs and others	EZH2	Epidermis	Dermal fibroblast	511	16/483	0/49	-0.41614	-0.0305956	inf
SRX5360094	TFs and others	EZH2	Epidermis	Dermal fibroblast	506	16/483	0/49	-0.41614	-0.0305956	inf
SRX5389161	TFs and others	EP300	Blood	Acute promyelocytic leukemia	1965	16/483	0/49	-0.41614	-0.0305956	inf
SRX5391035	TFs and others	MLXIP	Muscle	Skeletal myotubes	528	16/483	0/49	-0.41614	-0.0305956	inf
SRX5401656	TFs and others	AR	Prostate	Prostate cancer-derived fibroblasts	446	16/483	0/49	-0.41614	-0.0305956	inf
SRX5401657	TFs and others	AR	Prostate	Prostate cancer-derived fibroblasts	550	16/483	0/49	-0.41614	-0.0305956	inf
SRX5431457	TFs and others	Epitope tags	Digestive tract	Colorectal adenocarcinoma	1084	16/483	0/49	-0.41614	-0.0305956	inf
SRX5441330	TFs and others	CPSF3	Uterus	HeLa	342	16/483	0/49	-0.41614	-0.0305956	inf
SRX5444513	TFs and others	KMT2A	Blood	ML-2	217	16/483	0/49	-0.41614	-0.0305956	inf
SRX5444529	TFs and others	KMT2A	Blood	RS 411	343	16/483	0/49	-0.41614	-0.0305956	inf
SRX5444559	TFs and others	KDM6A	Pluripotent stem cell	hESC derived neural cells	551	16/483	0/49	-0.41614	-0.0305956	inf
SRX5493762	TFs and others	FOXA1	Breast	Breast cancer cells	3153	16/483	0/49	-0.41614	-0.0305956	inf
SRX5493767	TFs and others	ESR1	Breast	Breast cancer cells	632	16/483	0/49	-0.41614	-0.0305956	inf
SRX5503142	TFs and others	STAT2	Blood	THP-1	200	16/483	0/49	-0.41614	-0.0305956	inf
SRX5511297	TFs and others	ESR1	Breast	MCF-7	2458	16/483	0/49	-0.41614	-0.0305956	inf
SRX5511313	TFs and others	ESR1	Breast	MDA-MB-231	342	16/483	0/49	-0.41614	-0.0305956	inf
SRX5525784	TFs and others	MYCN	Neural	SH-EP	449	16/483	0/49	-0.41614	-0.0305956	inf
SRX5534854	TFs and others	ESR1	Breast	MCF-7	2013	16/483	0/49	-0.41614	-0.0305956	inf
SRX5534862	TFs and others	SMARCA4	Breast	MCF-7	207	16/483	0/49	-0.41614	-0.0305956	inf
SRX5548891	TFs and others	FOXO1	Cardiovascular	HUVEC	597	16/483	0/49	-0.41614	-0.0305956	inf
SRX5604677	TFs and others	HOXB13	Prostate	LNCAP	5707	16/483	0/49	-0.41614	-0.0305956	inf
SRX5620949	TFs and others	FLI1	Bone	A-673	1140	16/483	0/49	-0.41614	-0.0305956	inf
SRX5668138	TFs and others	MEN1	Blood	OCI-AML3	231	16/483	0/49	-0.41614	-0.0305956	inf
SRX5716468	TFs and others	SMARCA2	Neural	Neural progenitor cells	2016	16/483	0/49	-0.41614	-0.0305956	inf
SRX5730049	TFs and others	SMC3	Pluripotent stem cell	ES cells	2180	16/483	0/49	-0.41614	-0.0305956	inf
SRX5771377	TFs and others	SUPT6H	Digestive tract	HCT 116	469	16/483	0/49	-0.41614	-0.0305956	inf
SRX5813558	TFs and others	EZH2	Epidermis	Dermal fibroblast	536	16/483	0/49	-0.41614	-0.0305956	inf
SRX5865959	TFs and others	TP53	Blood	K-562	174	16/483	0/49	-0.41614	-0.0305956	inf
SRX5865960	TFs and others	TP53	Blood	K-562	248	16/483	0/49	-0.41614	-0.0305956	inf
SRX5865962	TFs and others	TP53	Blood	K-562	182	16/483	0/49	-0.41614	-0.0305956	inf
SRX5865963	TFs and others	TP53	Blood	K-562	178	16/483	0/49	-0.41614	-0.0305956	inf
SRX5883960	TFs and others	RAD21	Blood	Multiple Myeloma	512	16/483	0/49	-0.41614	-0.0305956	inf
SRX5930148	TFs and others	MYOG	Muscle	RH-4	2042	16/483	0/49	-0.41614	-0.0305956	inf
SRX5957532	TFs and others	WDR5	Pluripotent stem cell	hESC H1	275	16/483	0/49	-0.41614	-0.0305956	inf
SRX596340	TFs and others	CTNNB1	Pluripotent stem cell	ES cells	506	16/483	0/49	-0.41614	-0.0305956	inf
SRX596538	TFs and others	AR	Prostate	22Rv1	754	16/483	0/49	-0.41614	-0.0305956	inf
SRX6027690	TFs and others	ESR1	Uterus	Ishikawa	2599	16/483	0/49	-0.41614	-0.0305956	inf
SRX6027696	TFs and others	ESR1	Uterus	Ishikawa	1415	16/483	0/49	-0.41614	-0.0305956	inf
SRX6039033	TFs and others	CTNNB1	Pluripotent stem cell	iPS derived chondrocytes	367	16/483	0/49	-0.41614	-0.0305956	inf
SRX6039037	TFs and others	RARA	Pluripotent stem cell	iPS derived chondrocytes	2812	16/483	0/49	-0.41614	-0.0305956	inf
SRX6039042	TFs and others	RARA	Pluripotent stem cell	iPS derived chondrocytes	2151	16/483	0/49	-0.41614	-0.0305956	inf
SRX6066503	TFs and others	CDK9	Digestive tract	HCT 116	706	16/483	0/49	-0.41614	-0.0305956	inf
SRX608343	TFs and others	GFP	Kidney	293	331	16/483	0/49	-0.41614	-0.0305956	inf
SRX608345	TFs and others	GFP	Kidney	293	353	16/483	0/49	-0.41614	-0.0305956	inf
SRX6093193	TFs and others	Epitope tags	Pluripotent stem cell	hESC derived neural cells	831	16/483	0/49	-0.41614	-0.0305956	inf
SRX6098144	TFs and others	TRPS1	Breast	MCF-7	3733	16/483	0/49	-0.41614	-0.0305956	inf
SRX6098147	TFs and others	GATA3	Breast	MCF-7	8593	16/483	0/49	-0.41614	-0.0305956	inf
SRX6098149	TFs and others	GATA3	Breast	MCF-7	1789	16/483	0/49	-0.41614	-0.0305956	inf
SRX612590	TFs and others	PDX1	Pluripotent stem cell	hESC derived pancreatic cells	2406	16/483	0/49	-0.41614	-0.0305956	inf
SRX6175599	TFs and others	FLI1	Bone	A-673	7229	16/483	0/49	-0.41614	-0.0305956	inf
SRX6175643	TFs and others	FLI1	Bone	TC-71	4008	16/483	0/49	-0.41614	-0.0305956	inf
SRX620746	TFs and others	TP53	Lung	IMR-90	798	16/483	0/49	-0.41614	-0.0305956	inf
SRX6367593	TFs and others	NCOR1	Kidney	293	486	16/483	0/49	-0.41614	-0.0305956	inf
SRX6430568	TFs and others	SUZ12	Blood	KARPAS-422	811	16/483	0/49	-0.41614	-0.0305956	inf
SRX6430575	TFs and others	EZH2	Blood	KMS-28BM	659	16/483	0/49	-0.41614	-0.0305956	inf
SRX6430594	TFs and others	EZH2	Blood	SU-DHL-6	392	16/483	0/49	-0.41614	-0.0305956	inf
SRX6435429	TFs and others	PPP1R10	Kidney	293	302	16/483	0/49	-0.41614	-0.0305956	inf
SRX6605227	TFs and others	ORC1	Uterus	HeLa	351	16/483	0/49	-0.41614	-0.0305956	inf
SRX6614766	TFs and others	RAD21	Lung	IMR-90	1533	16/483	0/49	-0.41614	-0.0305956	inf
SRX6639324	TFs and others	SMAD1	Pluripotent stem cell	hESC H1	1296	16/483	0/49	-0.41614	-0.0305956	inf
SRX6651677	TFs and others	NR3C1	Blood	697	436	16/483	0/49	-0.41614	-0.0305956	inf
SRX6680397	TFs and others	CTCF	Bone	HT-1080	857	16/483	0/49	-0.41614	-0.0305956	inf
SRX668350	TFs and others	GFP	Kidney	293	308	16/483	0/49	-0.41614	-0.0305956	inf
SRX6686394	TFs and others	MTF2	Prostate	DU 145	581	16/483	0/49	-0.41614	-0.0305956	inf
SRX671996	TFs and others	ZNF486	Pluripotent stem cell	ES cells	3085	16/483	0/49	-0.41614	-0.0305956	inf
SRX673722	TFs and others	GATA3	Breast	MCF-7	397	16/483	0/49	-0.41614	-0.0305956	inf
SRX673734	TFs and others	PRKDC	Breast	MCF-7	332	16/483	0/49	-0.41614	-0.0305956	inf
SRX673735	TFs and others	PRKDC	Breast	MCF-7	173	16/483	0/49	-0.41614	-0.0305956	inf
SRX673739	TFs and others	ESR1	Breast	MCF-7	389	16/483	0/49	-0.41614	-0.0305956	inf
SRX673752	TFs and others	ESR1	Breast	MCF-7	1076	16/483	0/49	-0.41614	-0.0305956	inf
SRX6743808	TFs and others	CHD6	Pluripotent stem cell	iPS cells	657	16/483	0/49	-0.41614	-0.0305956	inf
SRX6743809	TFs and others	CHD6	Pluripotent stem cell	iPS cells	465	16/483	0/49	-0.41614	-0.0305956	inf
SRX6748232	TFs and others	TET2	Prostate	Prostate cancer	233	16/483	0/49	-0.41614	-0.0305956	inf
SRX6800706	TFs and others	JUN	Blood	CAR-T cells	632	16/483	0/49	-0.41614	-0.0305956	inf
SRX682383	TFs and others	FUS	Blood	TSU-1621MT	1329	16/483	0/49	-0.41614	-0.0305956	inf
SRX6840508	TFs and others	HAP1	Blood	KBM-7	681	16/483	0/49	-0.41614	-0.0305956	inf
SRX687835	TFs and others	TP63	Epidermis	HaCaT	3964	16/483	0/49	-0.41614	-0.0305956	inf
SRX6913096	TFs and others	BRD3	Blood	CD4+ T cells	433	16/483	0/49	-0.41614	-0.0305956	inf
SRX6927194	TFs and others	THAP11	Kidney	293	8957	16/483	0/49	-0.41614	-0.0305956	inf
SRX6927197	TFs and others	THAP11	Kidney	293	14679	16/483	0/49	-0.41614	-0.0305956	inf
SRX6949261	TFs and others	SMC3	Uterus	HeLa	5134	16/483	0/49	-0.41614	-0.0305956	inf
SRX699734	TFs and others	TCF21	Cardiovascular	HCASMC	1233	16/483	0/49	-0.41614	-0.0305956	inf
SRX700518	TFs and others	BRD4	Epidermis	Dermal fibroblast	373	16/483	0/49	-0.41614	-0.0305956	inf
SRX7015654	TFs and others	SS18	Muscle	SYO-1	1339	16/483	0/49	-0.41614	-0.0305956	inf
SRX701972	TFs and others	EOMES	Pluripotent stem cell	hESC derived mesendodermal cells	1078	16/483	0/49	-0.41614	-0.0305956	inf
SRX702003	TFs and others	GATA6	Pluripotent stem cell	hESC derived mesendodermal cells	327	16/483	0/49	-0.41614	-0.0305956	inf
SRX702020	TFs and others	HEY1	Pluripotent stem cell	hESC derived mesendodermal cells	208	16/483	0/49	-0.41614	-0.0305956	inf
SRX702044	TFs and others	NANOG	Pluripotent stem cell	hESC derived ectodermal cells	143	16/483	0/49	-0.41614	-0.0305956	inf
SRX702063	TFs and others	POU5F1	Pluripotent stem cell	hESC derived mesendodermal cells	501	16/483	0/49	-0.41614	-0.0305956	inf
SRX702066	TFs and others	POU5F1	Pluripotent stem cell	hESC HUES64	178	16/483	0/49	-0.41614	-0.0305956	inf
SRX702076	TFs and others	SMAD1	Pluripotent stem cell	hESC derived mesendodermal cells	354	16/483	0/49	-0.41614	-0.0305956	inf
SRX7030880	TFs and others	EHMT2	Breast	MCF-7	2305	16/483	0/49	-0.41614	-0.0305956	inf
SRX7030916	TFs and others	TRIM28	Breast	MCF-7	628	16/483	0/49	-0.41614	-0.0305956	inf
SRX7030921	TFs and others	KDM4B	Breast	MCF-7	365	16/483	0/49	-0.41614	-0.0305956	inf
SRX7030946	TFs and others	SUV39H1	Breast	MCF-7	472	16/483	0/49	-0.41614	-0.0305956	inf
SRX7088115	TFs and others	TP53	Cardiovascular	HPAEC	806	16/483	0/49	-0.41614	-0.0305956	inf
SRX7115505	TFs and others	Epitope tags	Muscle	RH-4	1950	16/483	0/49	-0.41614	-0.0305956	inf
SRX7121997	TFs and others	SMARCA4	Breast	MCF-7	923	16/483	0/49	-0.41614	-0.0305956	inf
SRX7130716	TFs and others	CTCF	Breast	MCF 10A	2955	16/483	0/49	-0.41614	-0.0305956	inf
SRX718423	TFs and others	SMARCA4	Epidermis	501A	324	16/483	0/49	-0.41614	-0.0305956	inf
SRX7276892	TFs and others	TOP2B	Breast	MCF-7	625	16/483	0/49	-0.41614	-0.0305956	inf
SRX728775	TFs and others	LEO1	Blood	THP-1	461	16/483	0/49	-0.41614	-0.0305956	inf
SRX730427	TFs and others	NCAPG	Breast	MCF-7	258	16/483	0/49	-0.41614	-0.0305956	inf
SRX730439	TFs and others	HECTD1	Breast	MCF-7	137	16/483	0/49	-0.41614	-0.0305956	inf
SRX730445	TFs and others	EP300	Breast	MCF-7	465	16/483	0/49	-0.41614	-0.0305956	inf
SRX735139	TFs and others	Epitope tags	Uterus	Endometrial stromal cells	1943	16/483	0/49	-0.41614	-0.0305956	inf
SRX7366775	TFs and others	KDM5C	Breast	MCF-7	317	16/483	0/49	-0.41614	-0.0305956	inf
SRX7371442	TFs and others	TP53	Pluripotent stem cell	hESC derived ectodermal cells	1953	16/483	0/49	-0.41614	-0.0305956	inf
SRX7371443	TFs and others	TP53	Pluripotent stem cell	hESC derived ectodermal cells	1914	16/483	0/49	-0.41614	-0.0305956	inf
SRX7371444	TFs and others	TP53	Pluripotent stem cell	hESC derived ectodermal cells	1461	16/483	0/49	-0.41614	-0.0305956	inf
SRX7371445	TFs and others	TP53	Pluripotent stem cell	hESC derived ectodermal cells	1396	16/483	0/49	-0.41614	-0.0305956	inf
SRX7398283	TFs and others	LDB1	Blood	K-562	7588	16/483	0/49	-0.41614	-0.0305956	inf
SRX747775	TFs and others	ESR1	Breast	MCF-7	353	16/483	0/49	-0.41614	-0.0305956	inf
SRX747779	TFs and others	ESR1	Breast	MCF-7	273	16/483	0/49	-0.41614	-0.0305956	inf
SRX747780	TFs and others	ESR1	Breast	MCF-7	406	16/483	0/49	-0.41614	-0.0305956	inf
SRX747802	TFs and others	ESR1	Breast	MCF-7	3344	16/483	0/49	-0.41614	-0.0305956	inf
SRX748420	TFs and others	HNF4A	Digestive tract	HCT 116	353	16/483	0/49	-0.41614	-0.0305956	inf
SRX748426	TFs and others	HNF4A	Digestive tract	HCT 116	599	16/483	0/49	-0.41614	-0.0305956	inf
SRX748429	TFs and others	TCF7L2	Digestive tract	HCT 116	718	16/483	0/49	-0.41614	-0.0305956	inf
SRX751297	TFs and others	MED1	Adipocyte	Adipose-Derived Mesenchymal Stem Cells	2886	16/483	0/49	-0.41614	-0.0305956	inf
SRX753134	TFs and others	GTF2I	Pluripotent stem cell	iPS cells	786	16/483	0/49	-0.41614	-0.0305956	inf
SRX753147	TFs and others	GTF2I	Pluripotent stem cell	iPS cells	889	16/483	0/49	-0.41614	-0.0305956	inf
SRX7551103	TFs and others	MRE11A	Uterus	HeLa	453	16/483	0/49	-0.41614	-0.0305956	inf
SRX757048	TFs and others	SVIL	Neural	SH-SY5Y	616	16/483	0/49	-0.41614	-0.0305956	inf
SRX758011	TFs and others	AR	Prostate	LNCAP	3209	16/483	0/49	-0.41614	-0.0305956	inf
SRX758135	TFs and others	NR3C1	Blood	MM1.RL	389	16/483	0/49	-0.41614	-0.0305956	inf
SRX7584812	TFs and others	ATF4	Blood	HUDEP-2	1325	16/483	0/49	-0.41614	-0.0305956	inf
SRX758611	TFs and others	FOXP1	Blood	HT	2212	16/483	0/49	-0.41614	-0.0305956	inf
SRX760971	TFs and others	LMNA	Adipocyte	Pre-adipocytes	875	16/483	0/49	-0.41614	-0.0305956	inf
SRX7654166	TFs and others	PHF19	Prostate	DU 145	803	16/483	0/49	-0.41614	-0.0305956	inf
SRX7671890	TFs and others	SREBF2	Others	B-3	1370	16/483	0/49	-0.41614	-0.0305956	inf
SRX7692224	TFs and others	ARID1B	Breast	MCF-7	290	16/483	0/49	-0.41614	-0.0305956	inf
SRX7712490	TFs and others	HIF1A	Digestive tract	RKO	415	16/483	0/49	-0.41614	-0.0305956	inf
SRX7730332	TFs and others	IKZF1	Blood	NALM-6	317	16/483	0/49	-0.41614	-0.0305956	inf
SRX7748768	TFs and others	BRD3	Digestive tract	DLD-1	336	16/483	0/49	-0.41614	-0.0305956	inf
SRX7805897	TFs and others	SMC1A	Epidermis	Dermal fibroblast	2570	16/483	0/49	-0.41614	-0.0305956	inf
SRX7818473	TFs and others	Epitope tags	Neural	hTERT RPE-1	436	16/483	0/49	-0.41614	-0.0305956	inf
SRX7879084	TFs and others	Epitope tags	Breast	MDA-MB-231	533	16/483	0/49	-0.41614	-0.0305956	inf
SRX7884351	TFs and others	AICDA	Blood	U-2932	909	16/483	0/49	-0.41614	-0.0305956	inf
SRX7902018	TFs and others	POU5F1	Prostate	LNCAP	471	16/483	0/49	-0.41614	-0.0305956	inf
SRX790965	TFs and others	RELA	Blood	L-1236	455	16/483	0/49	-0.41614	-0.0305956	inf
SRX8023122	TFs and others	TP53	Breast	MCF 10A	986	16/483	0/49	-0.41614	-0.0305956	inf
SRX8023128	TFs and others	TP53	Breast	MCF 10A	1142	16/483	0/49	-0.41614	-0.0305956	inf
SRX8023133	TFs and others	TP53	Breast	MCF 10A	229	16/483	0/49	-0.41614	-0.0305956	inf
SRX8023134	TFs and others	TP53	Breast	MCF 10A	618	16/483	0/49	-0.41614	-0.0305956	inf
SRX8030657	TFs and others	SUZ12	Neural	BT 245	885	16/483	0/49	-0.41614	-0.0305956	inf
SRX8030692	TFs and others	SUZ12	Neural	SU-DIPG-XIII	1285	16/483	0/49	-0.41614	-0.0305956	inf
SRX8066531	TFs and others	CTCF	Blood	GM06077	594	16/483	0/49	-0.41614	-0.0305956	inf
SRX8066533	TFs and others	CTCF	Blood	GM04648	864	16/483	0/49	-0.41614	-0.0305956	inf
SRX8083086	TFs and others	FGFR1	Breast	CAMA-1	848	16/483	0/49	-0.41614	-0.0305956	inf
SRX8089693	TFs and others	AR	Prostate	LAPC-4	425	16/483	0/49	-0.41614	-0.0305956	inf
SRX8089694	TFs and others	AR	Prostate	LAPC-4	2946	16/483	0/49	-0.41614	-0.0305956	inf
SRX8148232	TFs and others	Epitope tags	Pluripotent stem cell	iPS cells	747	16/483	0/49	-0.41614	-0.0305956	inf
SRX8148233	TFs and others	Epitope tags	Pluripotent stem cell	iPS cells	602	16/483	0/49	-0.41614	-0.0305956	inf
SRX8148342	TFs and others	Epitope tags	Pluripotent stem cell	iPS cells	504	16/483	0/49	-0.41614	-0.0305956	inf
SRX8149391	TFs and others	HDAC1	Blood	KMS-27	376	16/483	0/49	-0.41614	-0.0305956	inf
SRX818633	TFs and others	SUMO2	Kidney	293	449	16/483	0/49	-0.41614	-0.0305956	inf
SRX821806	TFs and others	PPARG	Adipocyte	Adipose Tissue	284	16/483	0/49	-0.41614	-0.0305956	inf
SRX821815	TFs and others	PPARG	Adipocyte	Adipose Tissue, White	370	16/483	0/49	-0.41614	-0.0305956	inf
SRX821819	TFs and others	PPARG	Adipocyte	Adipose Tissue	673	16/483	0/49	-0.41614	-0.0305956	inf
SRX8272938	TFs and others	BRD4	Blood	BLaER1	605	16/483	0/49	-0.41614	-0.0305956	inf
SRX8342557	TFs and others	SUZ12	Pluripotent stem cell	iPS cells	747	16/483	0/49	-0.41614	-0.0305956	inf
SRX8342558	TFs and others	SUZ12	Pluripotent stem cell	iPS cells	829	16/483	0/49	-0.41614	-0.0305956	inf
SRX8342560	TFs and others	Epitope tags	Pluripotent stem cell	iPS cells	905	16/483	0/49	-0.41614	-0.0305956	inf
SRX8342561	TFs and others	Epitope tags	Pluripotent stem cell	iPS cells	697	16/483	0/49	-0.41614	-0.0305956	inf
SRX8342562	TFs and others	Epitope tags	Pluripotent stem cell	iPS cells	637	16/483	0/49	-0.41614	-0.0305956	inf
SRX8342564	TFs and others	Epitope tags	Pluripotent stem cell	iPS cells	886	16/483	0/49	-0.41614	-0.0305956	inf
SRX8342565	TFs and others	Epitope tags	Pluripotent stem cell	iPS cells	896	16/483	0/49	-0.41614	-0.0305956	inf
SRX8342566	TFs and others	Epitope tags	Pluripotent stem cell	iPS cells	846	16/483	0/49	-0.41614	-0.0305956	inf
SRX8380651	TFs and others	ESR1	Bone	U2OS	4848	16/483	0/49	-0.41614	-0.0305956	inf
SRX8380652	TFs and others	ESR1	Bone	U2OS	1955	16/483	0/49	-0.41614	-0.0305956	inf
SRX8380653	TFs and others	ESR1	Bone	U2OS	2803	16/483	0/49	-0.41614	-0.0305956	inf
SRX8380669	TFs and others	ESR1	Bone	U2OS	4241	16/483	0/49	-0.41614	-0.0305956	inf
SRX8400473	TFs and others	TAZ	Lung	NCI-H1299	589	16/483	0/49	-0.41614	-0.0305956	inf
SRX8406414	TFs and others	AR	Prostate	Prostate	466	16/483	0/49	-0.41614	-0.0305956	inf
SRX8406416	TFs and others	AR	Prostate	Prostate	2172	16/483	0/49	-0.41614	-0.0305956	inf
SRX8406422	TFs and others	AR	Prostate	Prostate	2754	16/483	0/49	-0.41614	-0.0305956	inf
SRX8406446	TFs and others	AR	Prostate	Prostate	1724	16/483	0/49	-0.41614	-0.0305956	inf
SRX8406449	TFs and others	AR	Prostate	Prostate	4287	16/483	0/49	-0.41614	-0.0305956	inf
SRX8406481	TFs and others	AR	Prostate	Prostatic Neoplasms, Castration-Resistant	9168	16/483	0/49	-0.41614	-0.0305956	inf
SRX8406490	TFs and others	FOXA1	Prostate	Prostate	563	16/483	0/49	-0.41614	-0.0305956	inf
SRX8406491	TFs and others	FOXA1	Prostate	Prostate	3161	16/483	0/49	-0.41614	-0.0305956	inf
SRX8432580	TFs and others	TBP	Pluripotent stem cell	iPS cells	986	16/483	0/49	-0.41614	-0.0305956	inf
SRX847028	TFs and others	AR	Prostate	C4-2	1618	16/483	0/49	-0.41614	-0.0305956	inf
SRX847030	TFs and others	AR	Prostate	C4-2	21106	16/483	0/49	-0.41614	-0.0305956	inf
SRX853214	TFs and others	EGFR	Uterus	HeLa	664	16/483	0/49	-0.41614	-0.0305956	inf
SRX853217	TFs and others	EGFR	Uterus	HeLa	805	16/483	0/49	-0.41614	-0.0305956	inf
SRX853218	TFs and others	MAPK1	Uterus	HeLa	913	16/483	0/49	-0.41614	-0.0305956	inf
SRX853220	TFs and others	MAPK1	Uterus	HeLa	777	16/483	0/49	-0.41614	-0.0305956	inf
SRX853221	TFs and others	MAPK1	Uterus	HeLa	798	16/483	0/49	-0.41614	-0.0305956	inf
SRX853226	TFs and others	MAP2K1	Uterus	HeLa	777	16/483	0/49	-0.41614	-0.0305956	inf
SRX8538895	TFs and others	ASCL1	Neural	Glioma	1456	16/483	0/49	-0.41614	-0.0305956	inf
SRX8550419	TFs and others	FLI1	Bone	A-673	933	16/483	0/49	-0.41614	-0.0305956	inf
SRX8607604	TFs and others	SUPT6H	Epidermis	Keratinocytes	697	16/483	0/49	-0.41614	-0.0305956	inf
SRX8607605	TFs and others	SUPT6H	Epidermis	Keratinocytes	492	16/483	0/49	-0.41614	-0.0305956	inf
SRX8616363	TFs and others	KSHV LANA	Blood	BJAB	520	16/483	0/49	-0.41614	-0.0305956	inf
SRX8616365	TFs and others	KSHV LANA	Blood	BJAB	440	16/483	0/49	-0.41614	-0.0305956	inf
SRX8616800	TFs and others	JUN	Lung	A549	1421	16/483	0/49	-0.41614	-0.0305956	inf
SRX8616804	TFs and others	JUN	Lung	A549	1483	16/483	0/49	-0.41614	-0.0305956	inf
SRX8616809	TFs and others	JUN	Lung	A549	365	16/483	0/49	-0.41614	-0.0305956	inf
SRX8616811	TFs and others	FOSL1	Lung	A549	761	16/483	0/49	-0.41614	-0.0305956	inf
SRX8616823	TFs and others	FOSL1	Lung	A549	633	16/483	0/49	-0.41614	-0.0305956	inf
SRX8616854	TFs and others	JUND	Lung	A549	558	16/483	0/49	-0.41614	-0.0305956	inf
SRX8616855	TFs and others	JUND	Lung	A549	419	16/483	0/49	-0.41614	-0.0305956	inf
SRX8616863	TFs and others	JUND	Lung	A549	215	16/483	0/49	-0.41614	-0.0305956	inf
SRX8617020	TFs and others	TET2	Breast	MCF-7	737	16/483	0/49	-0.41614	-0.0305956	inf
SRX864094	TFs and others	MYC	Epidermis	Dermal fibroblast	181	16/483	0/49	-0.41614	-0.0305956	inf
SRX864095	TFs and others	MYC	Epidermis	Dermal fibroblast	202	16/483	0/49	-0.41614	-0.0305956	inf
SRX8699647	TFs and others	INTS5	Digestive tract	DLD-1	273	16/483	0/49	-0.41614	-0.0305956	inf
SRX8699662	TFs and others	PPP2R1A	Digestive tract	DLD-1	499	16/483	0/49	-0.41614	-0.0305956	inf
SRX8699713	TFs and others	INTS3	Digestive tract	DLD-1	189	16/483	0/49	-0.41614	-0.0305956	inf
SRX8814987	TFs and others	LMNB1	Pluripotent stem cell	iPS derived adipocytes	823	16/483	0/49	-0.41614	-0.0305956	inf
SRX882966	TFs and others	5-hmC	Prostate	LNCAP	1618	16/483	0/49	-0.41614	-0.0305956	inf
SRX8830085	TFs and others	TFAP2A	Digestive tract	Colorectal carcinoma	1305	16/483	0/49	-0.41614	-0.0305956	inf
SRX8901400	TFs and others	RAD21	Neural	hTERT RPE-1	669	16/483	0/49	-0.41614	-0.0305956	inf
SRX8901405	TFs and others	RAD21	Neural	hTERT RPE-1	620	16/483	0/49	-0.41614	-0.0305956	inf
SRX8949170	TFs and others	EWSR1	Bone	JN-DSRCT-1	848	16/483	0/49	-0.41614	-0.0305956	inf
SRX8984326	TFs and others	SMC1A	Bone	A-673	4022	16/483	0/49	-0.41614	-0.0305956	inf
SRX9045669	TFs and others	ESR1	Breast	MCF-7	1515	16/483	0/49	-0.41614	-0.0305956	inf
SRX9046258	TFs and others	FOSL2	Breast	MCF-7	246	16/483	0/49	-0.41614	-0.0305956	inf
SRX9046308	TFs and others	ETS1	Blood	THP-1	480	16/483	0/49	-0.41614	-0.0305956	inf
SRX9071226	TFs and others	MED1	Blood	SEM	459	16/483	0/49	-0.41614	-0.0305956	inf
SRX9135101	TFs and others	AR	Prostate	VCaP	39394	16/483	0/49	-0.41614	-0.0305956	inf
SRX9178814	TFs and others	HAP1	Blood	HAP1	222	16/483	0/49	-0.41614	-0.0305956	inf
SRX9178843	TFs and others	HAP1	Blood	HAP1	496	16/483	0/49	-0.41614	-0.0305956	inf
SRX9187414	TFs and others	HDAC1	Pancreas	MIA Paca-2	738	16/483	0/49	-0.41614	-0.0305956	inf
SRX9206318	TFs and others	BRD8	Others	16HBE14o-	621	16/483	0/49	-0.41614	-0.0305956	inf
SRX9258682	TFs and others	CPSF3L	Kidney	293	625	16/483	0/49	-0.41614	-0.0305956	inf
SRX9298945	TFs and others	NR3C1	Lung	Lung cancer cell line	4460	16/483	0/49	-0.41614	-0.0305956	inf
SRX9298949	TFs and others	NR3C1	Lung	Lung cancer cell line	5265	16/483	0/49	-0.41614	-0.0305956	inf
SRX9426428	TFs and others	Epitope tags	Blood	RAMOS	1084	16/483	0/49	-0.41614	-0.0305956	inf
SRX9433099	TFs and others	CTR9	Bone	U2OS	322	16/483	0/49	-0.41614	-0.0305956	inf
SRX9468665	TFs and others	Epitope tags	Prostate	LNCAP	459	16/483	0/49	-0.41614	-0.0305956	inf
SRX9468667	TFs and others	Epitope tags	Prostate	LNCAP	390	16/483	0/49	-0.41614	-0.0305956	inf
SRX9505511	TFs and others	ZNF416	Lung	IMR-90	620	16/483	0/49	-0.41614	-0.0305956	inf
SRX950754	TFs and others	TOP2B	Breast	MCF-7	184	16/483	0/49	-0.41614	-0.0305956	inf
SRX950756	TFs and others	TOP2B	Breast	MCF-7	400	16/483	0/49	-0.41614	-0.0305956	inf
SRX9528950	TFs and others	Epitope tags	Breast	MCF-7	575	16/483	0/49	-0.41614	-0.0305956	inf
SRX9598417	TFs and others	SUPT6H	Bone	U2OS	556	16/483	0/49	-0.41614	-0.0305956	inf
SRX9607666	TFs and others	RARA	Pluripotent stem cell	NTERA-2	1836	16/483	0/49	-0.41614	-0.0305956	inf
SRX9624510	TFs and others	MLLT1	Blood	MV-4-11	561	16/483	0/49	-0.41614	-0.0305956	inf
SRX9671291	TFs and others	CCNT1	Blood	K-562	491	16/483	0/49	-0.41614	-0.0305956	inf
SRX9673823	TFs and others	BCOR	Kidney	293	490	16/483	0/49	-0.41614	-0.0305956	inf
SRX9674313	TFs and others	NR3C1	Pluripotent stem cell	iPSC derived hepatocytes	5287	16/483	0/49	-0.41614	-0.0305956	inf
SRX9674314	TFs and others	NR3C1	Pluripotent stem cell	iPSC derived hepatocytes	4545	16/483	0/49	-0.41614	-0.0305956	inf
SRX9683840	TFs and others	NR3C1	Adipocyte	Adipocytes	3432	16/483	0/49	-0.41614	-0.0305956	inf
SRX9683851	TFs and others	NR3C1	Adipocyte	Adipocytes	6484	16/483	0/49	-0.41614	-0.0305956	inf
SRX968421	TFs and others	ARNT	Kidney	786-O	316	16/483	0/49	-0.41614	-0.0305956	inf
SRX968909	TFs and others	SOX2	Pluripotent stem cell	iPS derived neural cells	981	16/483	0/49	-0.41614	-0.0305956	inf
SRX968910	TFs and others	SOX2	Pluripotent stem cell	iPS derived neural cells	268	16/483	0/49	-0.41614	-0.0305956	inf
SRX969016	TFs and others	ESR1	Breast	MCF-7	1563	16/483	0/49	-0.41614	-0.0305956	inf
SRX9711152	TFs and others	AR	Prostate	LNCAP	4415	16/483	0/49	-0.41614	-0.0305956	inf
SRX971583	TFs and others	SMARCA4	Epidermis	Keratinocytes	383	16/483	0/49	-0.41614	-0.0305956	inf
SRX9725178	TFs and others	IRF8	Blood	MV-4-11	1228	16/483	0/49	-0.41614	-0.0305956	inf
SRX973414	TFs and others	EHMT2	Kidney	293	1047	16/483	0/49	-0.41614	-0.0305956	inf
SRX973415	TFs and others	EHMT2	Kidney	293	694	16/483	0/49	-0.41614	-0.0305956	inf
SRX973432	TFs and others	EHMT2	Kidney	293	819	16/483	0/49	-0.41614	-0.0305956	inf
SRX986358	TFs and others	HNF1A	Digestive tract	Caco-2	872	16/483	0/49	-0.41614	-0.0305956	inf
SRX9932065	TFs and others	HDAC6	Breast	MCF-7	2886	16/483	0/49	-0.41614	-0.0305956	inf
SRX9932069	TFs and others	HDAC6	Breast	MCF-7	2731	16/483	0/49	-0.41614	-0.0305956	inf
SRX9975596	TFs and others	PPP2R1A	Uterus	HeLa	634	16/483	0/49	-0.41614	-0.0305956	inf
SRX1460849	TFs and others	AFF4	Blood	Th1 Cells	3050	119/483	9/49	-0.415902	-0.0305956	1.34138
SRX7805370	TFs and others	ZFX	Kidney	293	7180	119/483	9/49	-0.415902	-0.0305956	1.34138
SRX4708036	TFs and others	RBM25	Liver	Hep G2	34959	418/483	40/49	-0.415752	-0.0305956	1.06014
SRX100503	TFs and others	ZBTB33	Digestive tract	HCT 116	1842	65/483	9/49	-0.415752	-0.0305956	0.732689
SRX5525779	TFs and others	MYCN	Neural	SH-EP	1911	65/483	9/49	-0.415752	-0.0305956	0.732689
SRX2023721	TFs and others	TBX5	Pluripotent stem cell	iPS derived cardiac cells	2649	4/483	1/49	-0.41529	-0.0305956	0.405797
SRX2023758	TFs and others	TBX5	Pluripotent stem cell	iPS derived cardiac cells	3072	4/483	1/49	-0.41529	-0.0305956	0.405797
SRX5360650	TFs and others	KLF4	Epidermis	BJ	6469	118/483	9/49	-0.414792	-0.0305956	1.33011
SRX8616828	TFs and others	FOSL2	Lung	A549	16936	118/483	9/49	-0.414792	-0.0305956	1.33011
SRX3230396	TFs and others	PRDM10	Liver	Hep G2	30749	366/483	34/49	-0.414746	-0.0305956	1.09207
SRX7902050	TFs and others	NFE2L2	Prostate	DU 145	3096	118/483	15/49	-0.413092	-0.0305956	0.798068
SRX895438	TFs and others	SUMO2	Prostate	VCaP	7754	118/483	15/49	-0.413092	-0.0305956	0.798068
SRX150666	TFs and others	TRIM28	Bone	U2OS	8751	66/483	9/49	-0.411432	-0.0305956	0.743961
SRX150715	TFs and others	NRF1	Uterus	HeLa	1881	66/483	9/49	-0.411432	-0.0305956	0.743961
SRX2837382	TFs and others	RELA	Blood	GM12878	10078	66/483	9/49	-0.411432	-0.0305956	0.743961
DRX002918	TFs and others	LRIF1	Neural	hTERT RPE-1	683	17/483	0/49	-0.410947	-0.0305956	inf
ERX1035596	TFs and others	FOXP1	Blood	SU-DHL-4	795	17/483	0/49	-0.410947	-0.0305956	inf
ERX200504	TFs and others	CTCF	Blood	B cells	2107	17/483	0/49	-0.410947	-0.0305956	inf
SRX017703	TFs and others	HDAC1	Blood	CD4+ T cells	307	17/483	0/49	-0.410947	-0.0305956	inf
SRX021983	TFs and others	ATRX	Blood	Erythroblasts	246	17/483	0/49	-0.410947	-0.0305956	inf
SRX022572	TFs and others	AR	Prostate	VCaP	1703	17/483	0/49	-0.410947	-0.0305956	inf
SRX022741	TFs and others	TDRD3	Breast	MCF-7	436	17/483	0/49	-0.410947	-0.0305956	inf
SRX029086	TFs and others	GATA1	Blood	K-562	3820	17/483	0/49	-0.410947	-0.0305956	inf
SRX039137	TFs and others	FOXA1	Breast	MCF-7	3135	17/483	0/49	-0.410947	-0.0305956	inf
SRX055348	TFs and others	CBX3	Digestive tract	HCT 116	1093	17/483	0/49	-0.410947	-0.0305956	inf
SRX059712	TFs and others	HDAC2	Prostate	VCaP	966	17/483	0/49	-0.410947	-0.0305956	inf
SRX064482	TFs and others	SMAD3	Pluripotent stem cell	hESC H9	773	17/483	0/49	-0.410947	-0.0305956	inf
SRX083216	TFs and others	AR	Prostate	LNCAP	3623	17/483	0/49	-0.410947	-0.0305956	inf
SRX083229	TFs and others	NR3C1	Prostate	LNCAP	3931	17/483	0/49	-0.410947	-0.0305956	inf
SRX096350	TFs and others	TCF4	Digestive tract	LS-180	771	17/483	0/49	-0.410947	-0.0305956	inf
SRX100386	TFs and others	RXRA	Blood	GM12878	422	17/483	0/49	-0.410947	-0.0305956	inf
SRX1007721	TFs and others	E2F1	Epidermis	SK-MEL-147	760	17/483	0/49	-0.410947	-0.0305956	inf
SRX10079802	TFs and others	DROSHA	Bone	U2OS	680	17/483	0/49	-0.410947	-0.0305956	inf
SRX101136	TFs and others	AR	Prostate	VCaP	14813	17/483	0/49	-0.410947	-0.0305956	inf
SRX10119117	TFs and others	JUN	Blood	MV-4-11	592	17/483	0/49	-0.410947	-0.0305956	inf
SRX10119148	TFs and others	MYB	Blood	MV-4-11	570	17/483	0/49	-0.410947	-0.0305956	inf
SRX1012740	TFs and others	ESR1	Breast	MCF-7	1057	17/483	0/49	-0.410947	-0.0305956	inf
SRX10145211	TFs and others	REL	Blood	Naive B cells	563	17/483	0/49	-0.410947	-0.0305956	inf
SRX10145212	TFs and others	REL	Blood	Naive B cells	531	17/483	0/49	-0.410947	-0.0305956	inf
SRX1023797	TFs and others	SPI1	Blood	Macrophages	1302	17/483	0/49	-0.410947	-0.0305956	inf
SRX10271387	TFs and others	NR3C1	Pluripotent stem cell	iPSC derived hepatocytes	2212	17/483	0/49	-0.410947	-0.0305956	inf
SRX10271388	TFs and others	NR3C1	Pluripotent stem cell	iPSC derived hepatocytes	3635	17/483	0/49	-0.410947	-0.0305956	inf
SRX103222	TFs and others	PPARG	Blood	THP-1	1131	17/483	0/49	-0.410947	-0.0305956	inf
SRX1044121	TFs and others	ASCL1	Lung	NCI-H2107	4546	17/483	0/49	-0.410947	-0.0305956	inf
SRX1048530	TFs and others	ARID1A	Liver	Hep G2	101	17/483	0/49	-0.410947	-0.0305956	inf
SRX1048534	TFs and others	ARID2	Liver	Hep G2	105	17/483	0/49	-0.410947	-0.0305956	inf
SRX10511721	TFs and others	Epitope tags	Digestive tract	HCT 116	1114	17/483	0/49	-0.410947	-0.0305956	inf
SRX1052316	TFs and others	Epitope tags	Blood	K-562	437	17/483	0/49	-0.410947	-0.0305956	inf
SRX1070160	TFs and others	AR	Breast	MDA-MB-453	7624	17/483	0/49	-0.410947	-0.0305956	inf
SRX10721428	TFs and others	Epitope tags	Breast	MCF-7	3355	17/483	0/49	-0.410947	-0.0305956	inf
SRX107407	TFs and others	HNRNPL	Uterus	HeLa	370	17/483	0/49	-0.410947	-0.0305956	inf
SRX107408	TFs and others	HNRNPL	Uterus	HeLa	538	17/483	0/49	-0.410947	-0.0305956	inf
SRX1078840	TFs and others	AFF4	Digestive tract	HCT 116	463	17/483	0/49	-0.410947	-0.0305956	inf
SRX1085070	TFs and others	KDM2B	Blood	HPB-ALL	532	17/483	0/49	-0.410947	-0.0305956	inf
SRX10881858	TFs and others	SMARCC1	Kidney	G-401	1887	17/483	0/49	-0.410947	-0.0305956	inf
SRX1092381	TFs and others	Epitope tags	Blood	K-562	350	17/483	0/49	-0.410947	-0.0305956	inf
SRX10989727	TFs and others	Epitope tags	Neural	SH-SY5Y	238	17/483	0/49	-0.410947	-0.0305956	inf
SRX11023670	TFs and others	CEBPB	Cardiovascular	HUVEC	244	17/483	0/49	-0.410947	-0.0305956	inf
SRX11084724	TFs and others	Epitope tags	Blood	Hematopoietic Stem Cells	331	17/483	0/49	-0.410947	-0.0305956	inf
SRX11094507	TFs and others	FLI1	Neural	CHLA-10	6086	17/483	0/49	-0.410947	-0.0305956	inf
SRX1116228	TFs and others	Epitope tags	Cardiovascular	HUVEC	918	17/483	0/49	-0.410947	-0.0305956	inf
SRX1133780	TFs and others	KDM1A	Blood	SKNO-1	1563	17/483	0/49	-0.410947	-0.0305956	inf
SRX1133781	TFs and others	KDM1A	Blood	SKNO-1	1902	17/483	0/49	-0.410947	-0.0305956	inf
SRX11472292	TFs and others	CTCF	Uterus	HeLa	1054	17/483	0/49	-0.410947	-0.0305956	inf
SRX11472293	TFs and others	CTCF	Uterus	HeLa	727	17/483	0/49	-0.410947	-0.0305956	inf
SRX116416	TFs and others	CHD1	Blood	K-562	230	17/483	0/49	-0.410947	-0.0305956	inf
SRX116421	TFs and others	HDAC1	Blood	K-562	337	17/483	0/49	-0.410947	-0.0305956	inf
SRX116453	TFs and others	CHD1	Pluripotent stem cell	hESC H1	1194	17/483	0/49	-0.410947	-0.0305956	inf
SRX116461	TFs and others	KDM5B	Pluripotent stem cell	hESC H1	453	17/483	0/49	-0.410947	-0.0305956	inf
SRX116462	TFs and others	KDM5B	Pluripotent stem cell	hESC H1	294	17/483	0/49	-0.410947	-0.0305956	inf
SRX117009	TFs and others	FLI1	Blood	NB-4	3136	17/483	0/49	-0.410947	-0.0305956	inf
SRX1181994	TFs and others	CHD4	Prostate	LNCAP	904	17/483	0/49	-0.410947	-0.0305956	inf
SRX1183813	TFs and others	AR	Prostate	C4-2	514	17/483	0/49	-0.410947	-0.0305956	inf
SRX119638	TFs and others	Epitope tags	Lung	A549	174	17/483	0/49	-0.410947	-0.0305956	inf
SRX119642	TFs and others	Epitope tags	Lung	A549	1207	17/483	0/49	-0.410947	-0.0305956	inf
SRX12118517	TFs and others	POU2F2	Blood	OCI-LY-7	1371	17/483	0/49	-0.410947	-0.0305956	inf
SRX1225020	TFs and others	EPCAM	Uterus	RL95-2	449	17/483	0/49	-0.410947	-0.0305956	inf
SRX1225023	TFs and others	LEF1	Uterus	RL95-2	545	17/483	0/49	-0.410947	-0.0305956	inf
SRX1272805	TFs and others	BRD4	Digestive tract	LS-180	679	17/483	0/49	-0.410947	-0.0305956	inf
SRX129067	TFs and others	MYC	Blood	P493-6	733	17/483	0/49	-0.410947	-0.0305956	inf
SRX129117	TFs and others	MED1	Blood	Multiple Myeloma	562	17/483	0/49	-0.410947	-0.0305956	inf
SRX1360984	TFs and others	BRD4	Lung	IMR-90	1002	17/483	0/49	-0.410947	-0.0305956	inf
SRX144718	TFs and others	ORC1	Uterus	HeLa	316	17/483	0/49	-0.410947	-0.0305956	inf
SRX1471739	TFs and others	BRD4	Epidermis	SK-MEL-5	106	17/483	0/49	-0.410947	-0.0305956	inf
SRX148012	TFs and others	ATF7IP	Epidermis	WM262	97	17/483	0/49	-0.410947	-0.0305956	inf
SRX1489433	TFs and others	MBD3	Breast	MDA-MB-231	966	17/483	0/49	-0.410947	-0.0305956	inf
SRX1491922	TFs and others	Epitope tags	Blood	Lymphoblastoid cell line	2830	17/483	0/49	-0.410947	-0.0305956	inf
SRX150472	TFs and others	NELFE	Blood	K-562	373	17/483	0/49	-0.410947	-0.0305956	inf
SRX150496	TFs and others	SUPT20H	Blood	GM12878	493	17/483	0/49	-0.410947	-0.0305956	inf
SRX150582	TFs and others	ZNF274	Blood	K-562	1476	17/483	0/49	-0.410947	-0.0305956	inf
SRX150694	TFs and others	SUPT20H	Uterus	HeLa	455	17/483	0/49	-0.410947	-0.0305956	inf
SRX1514925	TFs and others	GFP	Kidney	293	1549	17/483	0/49	-0.410947	-0.0305956	inf
SRX1514971	TFs and others	GFP	Kidney	293	798	17/483	0/49	-0.410947	-0.0305956	inf
SRX1514994	TFs and others	GFP	Kidney	293	1434	17/483	0/49	-0.410947	-0.0305956	inf
SRX1515061	TFs and others	GFP	Kidney	293	453	17/483	0/49	-0.410947	-0.0305956	inf
SRX1531772	TFs and others	NIPBL	Liver	Hep G2	1304	17/483	0/49	-0.410947	-0.0305956	inf
SRX1531788	TFs and others	NIPBL	Breast	MCF-7	953	17/483	0/49	-0.410947	-0.0305956	inf
SRX1555440	TFs and others	MITF	Epidermis	501A	1173	17/483	0/49	-0.410947	-0.0305956	inf
SRX1571793	TFs and others	GFP	Uterus	HeLa	571	17/483	0/49	-0.410947	-0.0305956	inf
SRX1571795	TFs and others	GFP	Uterus	HeLa	469	17/483	0/49	-0.410947	-0.0305956	inf
SRX1571796	TFs and others	GFP	Uterus	HeLa	584	17/483	0/49	-0.410947	-0.0305956	inf
SRX157785	TFs and others	FOXK1	Uterus	HeLa	767	17/483	0/49	-0.410947	-0.0305956	inf
SRX158106	TFs and others	TCF3	Blood	RPMI 8402	6547	17/483	0/49	-0.410947	-0.0305956	inf
SRX159191	TFs and others	MED1	Digestive tract	LS-180	217	17/483	0/49	-0.410947	-0.0305956	inf
SRX159195	TFs and others	NCOR2	Digestive tract	LS-180	290	17/483	0/49	-0.410947	-0.0305956	inf
SRX1596304	TFs and others	Epitope tags	Muscle	LHCN-M2	631	17/483	0/49	-0.410947	-0.0305956	inf
SRX1642494	TFs and others	BRD9	Blood	NOMO-1	846	17/483	0/49	-0.410947	-0.0305956	inf
SRX1672139	TFs and others	RELA	Lung	BEAS-2B	235	17/483	0/49	-0.410947	-0.0305956	inf
SRX173199	TFs and others	NR3C1	Prostate	LNCAP	5916	17/483	0/49	-0.410947	-0.0305956	inf
SRX173206	TFs and others	AR	Prostate	LNCAP	3853	17/483	0/49	-0.410947	-0.0305956	inf
SRX1738258	TFs and others	GFP	Unclassified	Unclassified	787	17/483	0/49	-0.410947	-0.0305956	inf
SRX1744213	TFs and others	PGBD5	Kidney	Rhabdoid Tumor	236	17/483	0/49	-0.410947	-0.0305956	inf
SRX1757995	TFs and others	FOXR2	Breast	MDA-MB-468	202	17/483	0/49	-0.410947	-0.0305956	inf
SRX1759184	TFs and others	ATF3	Epidermis	Dermal fibroblast	810	17/483	0/49	-0.410947	-0.0305956	inf
SRX176050	TFs and others	AR	Prostate	C4-2	1153	17/483	0/49	-0.410947	-0.0305956	inf
SRX176056	TFs and others	AR	Prostate	LNCAP	1181	17/483	0/49	-0.410947	-0.0305956	inf
SRX176866	TFs and others	GATA3	Breast	MCF-7	18300	17/483	0/49	-0.410947	-0.0305956	inf
SRX1772417	TFs and others	NEDD4	Breast	MCF-7	695	17/483	0/49	-0.410947	-0.0305956	inf
SRX1772420	TFs and others	NEDD4	Breast	MCF-7	525	17/483	0/49	-0.410947	-0.0305956	inf
SRX181462	TFs and others	EZH2	Blood	SU-DHL-6	885	17/483	0/49	-0.410947	-0.0305956	inf
SRX1815016	TFs and others	HEY2	Pluripotent stem cell	iPS derived cardiac cells	577	17/483	0/49	-0.410947	-0.0305956	inf
SRX1818077	TFs and others	AR	Prostate	LNCAP	22460	17/483	0/49	-0.410947	-0.0305956	inf
SRX1823797	TFs and others	BRD4	Bone	Osteoblasts	205	17/483	0/49	-0.410947	-0.0305956	inf
SRX185776	TFs and others	MYC	Epidermis	BJ	701	17/483	0/49	-0.410947	-0.0305956	inf
SRX186653	TFs and others	KDM5B	Pluripotent stem cell	hESC H1	446	17/483	0/49	-0.410947	-0.0305956	inf
SRX186798	TFs and others	ESR1	Breast	Breast cancer	653	17/483	0/49	-0.410947	-0.0305956	inf
SRX186816	TFs and others	ESR1	Breast	Breast cancer	478	17/483	0/49	-0.410947	-0.0305956	inf
SRX1878902	TFs and others	MED1	Muscle	Rh-4	318	17/483	0/49	-0.410947	-0.0305956	inf
SRX1885174	TFs and others	AR	Prostate	LNCAP	6507	17/483	0/49	-0.410947	-0.0305956	inf
SRX1885175	TFs and others	AR	Prostate	LNCAP	7866	17/483	0/49	-0.410947	-0.0305956	inf
SRX189721	TFs and others	EP300	Cardiovascular	HUVEC	903	17/483	0/49	-0.410947	-0.0305956	inf
SRX1916936	TFs and others	DNMT3B	Epidermis	Epidermal stem cells	847	17/483	0/49	-0.410947	-0.0305956	inf
SRX1916937	TFs and others	DNMT3A	Epidermis	Epidermal stem cells	1106	17/483	0/49	-0.410947	-0.0305956	inf
SRX1967785	TFs and others	EHF	Epidermis	Keratinocytes	947	17/483	0/49	-0.410947	-0.0305956	inf
SRX2009510	TFs and others	BRD4	Neural	SF8628	1282	17/483	0/49	-0.410947	-0.0305956	inf
SRX204109	TFs and others	WDR5	Epidermis	NHEK	1720	17/483	0/49	-0.410947	-0.0305956	inf
SRX204171	TFs and others	SUMO1	Lung	WI-38	612	17/483	0/49	-0.410947	-0.0305956	inf
SRX204174	TFs and others	UBE2I	Lung	WI-38	560	17/483	0/49	-0.410947	-0.0305956	inf
SRX2043228	TFs and others	EP300	Blood	SEM	1124	17/483	0/49	-0.410947	-0.0305956	inf
SRX205167	TFs and others	TAL1	Blood	Erythroid Cells	3234	17/483	0/49	-0.410947	-0.0305956	inf
SRX210720	TFs and others	MYC	Kidney	293	2799	17/483	0/49	-0.410947	-0.0305956	inf
SRX2109214	TFs and others	MYC	Breast	Mammary epithelial cells	594	17/483	0/49	-0.410947	-0.0305956	inf
SRX2109219	TFs and others	MYC	Breast	Mammary epithelial cells	668	17/483	0/49	-0.410947	-0.0305956	inf
SRX212354	TFs and others	HIF1A	Blood	Macrophages	479	17/483	0/49	-0.410947	-0.0305956	inf
SRX212643	TFs and others	ZFX	Blood	NOMO-1	756	17/483	0/49	-0.410947	-0.0305956	inf
SRX213875	TFs and others	EP300	Breast	MCF-7	362	17/483	0/49	-0.410947	-0.0305956	inf
SRX2140213	TFs and others	CCND2	Blood	MM.1S	297	17/483	0/49	-0.410947	-0.0305956	inf
SRX2166885	TFs and others	BRD4	Neural	Retina	300	17/483	0/49	-0.410947	-0.0305956	inf
SRX218228	TFs and others	HSF2	Blood	K-562	383	17/483	0/49	-0.410947	-0.0305956	inf
SRX220000	TFs and others	AR	Prostate	LNCAP	4464	17/483	0/49	-0.410947	-0.0305956	inf
SRX2203276	TFs and others	PAX6	Pancreas	EndoC-BH1	986	17/483	0/49	-0.410947	-0.0305956	inf
SRX2203277	TFs and others	PAX6	Pancreas	EndoC-BH1	948	17/483	0/49	-0.410947	-0.0305956	inf
SRX2207915	TFs and others	ATF3	Epidermis	CS1AN	1271	17/483	0/49	-0.410947	-0.0305956	inf
SRX2207925	TFs and others	ERCC6	Epidermis	CS1AN	1400	17/483	0/49	-0.410947	-0.0305956	inf
SRX220960	TFs and others	TCF4	Blood	CAL-1	4012	17/483	0/49	-0.410947	-0.0305956	inf
SRX222272	TFs and others	ESR1	Prostate	VCaP	1396	17/483	0/49	-0.410947	-0.0305956	inf
SRX2245495	TFs and others	BRD4	Blood	MV-4-11	252	17/483	0/49	-0.410947	-0.0305956	inf
SRX2245588	TFs and others	SMAD2	Pancreas	PANC-1	577	17/483	0/49	-0.410947	-0.0305956	inf
SRX2250891	TFs and others	TFEB	Cardiovascular	HUVEC	1885	17/483	0/49	-0.410947	-0.0305956	inf
SRX2251216	TFs and others	BRD4	Prostate	C4-2	1869	17/483	0/49	-0.410947	-0.0305956	inf
SRX2253220	TFs and others	CD74	Blood	B cells	455	17/483	0/49	-0.410947	-0.0305956	inf
SRX2267448	TFs and others	BRD4	Lung	NCI-H3122	331	17/483	0/49	-0.410947	-0.0305956	inf
SRX2281253	TFs and others	AFF1	Blood	SEM	903	17/483	0/49	-0.410947	-0.0305956	inf
SRX2319760	TFs and others	VDR	Blood	THP-1	1125	17/483	0/49	-0.410947	-0.0305956	inf
SRX2319763	TFs and others	VDR	Blood	THP-1	1684	17/483	0/49	-0.410947	-0.0305956	inf
SRX2321774	TFs and others	NKX2-5	Pluripotent stem cell	ES cells	1620	17/483	0/49	-0.410947	-0.0305956	inf
SRX235053	TFs and others	ARNTL	Bone	U2OS	563	17/483	0/49	-0.410947	-0.0305956	inf
SRX2355076	TFs and others	NFE2L2	Cardiovascular	HAEC	664	17/483	0/49	-0.410947	-0.0305956	inf
SRX2420128	TFs and others	AR	Prostate	VCaP	1924	17/483	0/49	-0.410947	-0.0305956	inf
SRX2420129	TFs and others	AR	Prostate	VCaP	1407	17/483	0/49	-0.410947	-0.0305956	inf
SRX2425863	TFs and others	SMAD1	Breast	MDA-MB-231	1264	17/483	0/49	-0.410947	-0.0305956	inf
SRX243627	TFs and others	TEAD4	Digestive tract	MKN-28	1629	17/483	0/49	-0.410947	-0.0305956	inf
SRX2453442	TFs and others	NLRP2	Breast	MCF 10A	401	17/483	0/49	-0.410947	-0.0305956	inf
SRX246860	TFs and others	MBD3	Breast	MCF-7	334	17/483	0/49	-0.410947	-0.0305956	inf
SRX2512464	TFs and others	SREBF2	Pancreas	PANC-1	530	17/483	0/49	-0.410947	-0.0305956	inf
SRX2514253	TFs and others	ESR1	Uterus	Carcinoma, Endometrioid	696	17/483	0/49	-0.410947	-0.0305956	inf
SRX2545039	TFs and others	AR	Prostate	LNCAP	6787	17/483	0/49	-0.410947	-0.0305956	inf
SRX2545061	TFs and others	TLE3	Prostate	LNCAP	19212	17/483	0/49	-0.410947	-0.0305956	inf
SRX2545062	TFs and others	TLE3	Prostate	LNCAP	17243	17/483	0/49	-0.410947	-0.0305956	inf
SRX2559012	TFs and others	RAD21	Cardiovascular	HUVEC	6103	17/483	0/49	-0.410947	-0.0305956	inf
SRX256867	TFs and others	NR3C1	Bone	U2OS	22403	17/483	0/49	-0.410947	-0.0305956	inf
SRX2598521	TFs and others	MORC2	Uterus	HeLa	785	17/483	0/49	-0.410947	-0.0305956	inf
SRX2606569	TFs and others	BRD4	Epidermis	CHL-1	1496	17/483	0/49	-0.410947	-0.0305956	inf
SRX2606572	TFs and others	BRD4	Epidermis	CHL-1	1692	17/483	0/49	-0.410947	-0.0305956	inf
SRX2606575	TFs and others	BRD4	Epidermis	CHL-1	2167	17/483	0/49	-0.410947	-0.0305956	inf
SRX262134	TFs and others	HSF1	Breast	MCF-7	111	17/483	0/49	-0.410947	-0.0305956	inf
SRX262148	TFs and others	HSF1	Blood	M0-91	134	17/483	0/49	-0.410947	-0.0305956	inf
SRX262149	TFs and others	HSF1	Blood	M0-91	137	17/483	0/49	-0.410947	-0.0305956	inf
SRX2633442	TFs and others	AR	Prostate	R1-AD1	2208	17/483	0/49	-0.410947	-0.0305956	inf
SRX264461	TFs and others	BRD4	Blood	MM.1S	126	17/483	0/49	-0.410947	-0.0305956	inf
SRX2652444	TFs and others	ZBTB48	Bone	U2OS	1796	17/483	0/49	-0.410947	-0.0305956	inf
SRX2652447	TFs and others	ZBTB48	Bone	U2OS	2980	17/483	0/49	-0.410947	-0.0305956	inf
SRX2671836	TFs and others	EP300	Cardiovascular	Endothelial Cells	377	17/483	0/49	-0.410947	-0.0305956	inf
SRX2683587	TFs and others	Epitope tags	Kidney	293	279	17/483	0/49	-0.410947	-0.0305956	inf
SRX271857	TFs and others	EZH2	Blood	OCI-LY1	1010	17/483	0/49	-0.410947	-0.0305956	inf
SRX2734626	TFs and others	MYC	Digestive tract	HCT 116	838	17/483	0/49	-0.410947	-0.0305956	inf
SRX2748855	TFs and others	RARA	Others	Adenoid cystic carcinoma	846	17/483	0/49	-0.410947	-0.0305956	inf
SRX2765973	TFs and others	Epitope tags	Kidney	293	680	17/483	0/49	-0.410947	-0.0305956	inf
SRX2765974	TFs and others	Epitope tags	Kidney	293	623	17/483	0/49	-0.410947	-0.0305956	inf
SRX2770851	TFs and others	MAF	Blood	Macrophages	16484	17/483	0/49	-0.410947	-0.0305956	inf
SRX2821737	TFs and others	FOSL1	Blood	CD4+ T cells	574	17/483	0/49	-0.410947	-0.0305956	inf
SRX2821739	TFs and others	FOSL1	Blood	CD4+ T cells	427	17/483	0/49	-0.410947	-0.0305956	inf
SRX2842441	TFs and others	FOS	Bone	MNNG	991	17/483	0/49	-0.410947	-0.0305956	inf
SRX2842445	TFs and others	FOS	Bone	MG-63	493	17/483	0/49	-0.410947	-0.0305956	inf
SRX2842450	TFs and others	FOSL1	Bone	HOS	799	17/483	0/49	-0.410947	-0.0305956	inf
SRX2844298	TFs and others	CTNNB1	Pluripotent stem cell	hESC H1	683	17/483	0/49	-0.410947	-0.0305956	inf
SRX2844299	TFs and others	CTNNB1	Pluripotent stem cell	hESC H1	1362	17/483	0/49	-0.410947	-0.0305956	inf
SRX2844313	TFs and others	TEAD4	Pluripotent stem cell	hESC H1	1425	17/483	0/49	-0.410947	-0.0305956	inf
SRX2845372	TFs and others	SMCHD1	Neural	SH-SY5Y	1473	17/483	0/49	-0.410947	-0.0305956	inf
SRX2871350	TFs and others	GATA3	Breast	T-47D	2186	17/483	0/49	-0.410947	-0.0305956	inf
SRX2881139	TFs and others	POU5F1	Pluripotent stem cell	hESC H9	750	17/483	0/49	-0.410947	-0.0305956	inf
SRX2897232	TFs and others	ESR1	Breast	Breast cancer cells	1953	17/483	0/49	-0.410947	-0.0305956	inf
SRX290877	TFs and others	EBNA2	Blood	Mutu	4835	17/483	0/49	-0.410947	-0.0305956	inf
SRX2912045	TFs and others	ESR1	Breast	MCF-7	193	17/483	0/49	-0.410947	-0.0305956	inf
SRX2935293	TFs and others	8-Hydroxydeoxyguanosine	Breast	MCF 10A	5530	17/483	0/49	-0.410947	-0.0305956	inf
SRX2937342	TFs and others	SMARCA4	Blood	J-Lat A72	413	17/483	0/49	-0.410947	-0.0305956	inf
SRX3011702	TFs and others	MED12	Breast	MCF-7	180	17/483	0/49	-0.410947	-0.0305956	inf
SRX3031981	TFs and others	BRD4	Blood	MV-4-11	785	17/483	0/49	-0.410947	-0.0305956	inf
SRX306177	TFs and others	ICE1	Digestive tract	HCT 116	252	17/483	0/49	-0.410947	-0.0305956	inf
SRX306936	TFs and others	Epitope tags	Digestive tract	HCT 116	858	17/483	0/49	-0.410947	-0.0305956	inf
SRX306937	TFs and others	Epitope tags	Digestive tract	HCT 116	1065	17/483	0/49	-0.410947	-0.0305956	inf
SRX3102568	TFs and others	TP53	Digestive tract	SW 480	305	17/483	0/49	-0.410947	-0.0305956	inf
SRX312241	TFs and others	TFAM	Uterus	HeLa	435	17/483	0/49	-0.410947	-0.0305956	inf
SRX3135176	TFs and others	BCL6	Blood	OCI-LY1	1777	17/483	0/49	-0.410947	-0.0305956	inf
SRX316364	TFs and others	NR3C1	Kidney	293	1754	17/483	0/49	-0.410947	-0.0305956	inf
SRX317598	TFs and others	EZH2	Pluripotent stem cell	iPS cells	1939	17/483	0/49	-0.410947	-0.0305956	inf
SRX3203625	TFs and others	MORC2	Pluripotent stem cell	ES cells	1057	17/483	0/49	-0.410947	-0.0305956	inf
SRX3229158	TFs and others	ESR1	Breast	Breast cancer	182	17/483	0/49	-0.410947	-0.0305956	inf
SRX3240988	TFs and others	MED1	Others	Mesenchymal stem cells	1024	17/483	0/49	-0.410947	-0.0305956	inf
SRX3240992	TFs and others	MED1	Others	Mesenchymal stem cells	994	17/483	0/49	-0.410947	-0.0305956	inf
SRX326375	TFs and others	NUP98	Pluripotent stem cell	hESC derived neural cells	388	17/483	0/49	-0.410947	-0.0305956	inf
SRX326492	TFs and others	REST	Others	NCI-H295R	2772	17/483	0/49	-0.410947	-0.0305956	inf
SRX326493	TFs and others	REST	Others	NCI-H295R	2740	17/483	0/49	-0.410947	-0.0305956	inf
SRX3279751	TFs and others	NFATC1	Blood	CD4+ T cells	463	17/483	0/49	-0.410947	-0.0305956	inf
SRX3285554	TFs and others	ESR1	Breast	C49R	5734	17/483	0/49	-0.410947	-0.0305956	inf
SRX3288570	TFs and others	POU5F1	Pluripotent stem cell	hESC H9	6264	17/483	0/49	-0.410947	-0.0305956	inf
SRX3288571	TFs and others	POU5F1	Pluripotent stem cell	hESC H9	4030	17/483	0/49	-0.410947	-0.0305956	inf
SRX3312885	TFs and others	BRD4	Blood	HAP1	784	17/483	0/49	-0.410947	-0.0305956	inf
SRX3312887	TFs and others	BRD4	Blood	HAP1	632	17/483	0/49	-0.410947	-0.0305956	inf
SRX3312899	TFs and others	MTHFD1	Blood	HAP1	582	17/483	0/49	-0.410947	-0.0305956	inf
SRX3337446	TFs and others	KDM1A	Kidney	293	862	17/483	0/49	-0.410947	-0.0305956	inf
SRX3387555	TFs and others	STAT3	Blood	TMD8	752	17/483	0/49	-0.410947	-0.0305956	inf
SRX338782	TFs and others	PPARG	Cardiovascular	HUVEC	487	17/483	0/49	-0.410947	-0.0305956	inf
SRX338784	TFs and others	PPARG	Cardiovascular	HUVEC	629	17/483	0/49	-0.410947	-0.0305956	inf
SRX3421794	TFs and others	AR	Epidermis	Dermal fibroblast	642	17/483	0/49	-0.410947	-0.0305956	inf
SRX3436328	TFs and others	NR3C1	Blood	SUP-B15	1812	17/483	0/49	-0.410947	-0.0305956	inf
SRX3436565	TFs and others	SSRP1	Bone	HT-1080	3048	17/483	0/49	-0.410947	-0.0305956	inf
SRX3436566	TFs and others	SSRP1	Bone	HT-1080	1085	17/483	0/49	-0.410947	-0.0305956	inf
SRX3460919	TFs and others	CHD4	Blood	Pre-B cells	479	17/483	0/49	-0.410947	-0.0305956	inf
SRX3468032	TFs and others	SS18	Muscle	SYO1	760	17/483	0/49	-0.410947	-0.0305956	inf
SRX3472382	TFs and others	KDM6A	Pluripotent stem cell	hESC H9	942	17/483	0/49	-0.410947	-0.0305956	inf
SRX3520279	TFs and others	DNA2	Digestive tract	HCT 116	870	17/483	0/49	-0.410947	-0.0305956	inf
SRX3546798	TFs and others	Epitope tags	Breast	MDA-MB-231	4934	17/483	0/49	-0.410947	-0.0305956	inf
SRX3554408	TFs and others	CREB1	Breast	MDA-MB-134-VI	648	17/483	0/49	-0.410947	-0.0305956	inf
SRX355611	TFs and others	ESR1	Breast	MDA-MB-134-VI	827	17/483	0/49	-0.410947	-0.0305956	inf
SRX3581356	TFs and others	RPA2	Uterus	HeLa	699	17/483	0/49	-0.410947	-0.0305956	inf
SRX3581479	TFs and others	Epitope tags	Pluripotent stem cell	iPS derived neural cells	2283	17/483	0/49	-0.410947	-0.0305956	inf
SRX3584198	TFs and others	RUNX1	Gonad	Epididymis	410	17/483	0/49	-0.410947	-0.0305956	inf
SRX3586329	TFs and others	NR3C1	Blood	Macrophages	935	17/483	0/49	-0.410947	-0.0305956	inf
SRX3591009	TFs and others	MEIS1	Bone	A-673	338	17/483	0/49	-0.410947	-0.0305956	inf
SRX359883	TFs and others	DR1	Digestive tract	LoVo	164	17/483	0/49	-0.410947	-0.0305956	inf
SRX359918	TFs and others	REST	Digestive tract	LoVo	162	17/483	0/49	-0.410947	-0.0305956	inf
SRX3599305	TFs and others	JUN	Cardiovascular	HUVEC	563	17/483	0/49	-0.410947	-0.0305956	inf
SRX3599306	TFs and others	JUN	Cardiovascular	HUVEC	641	17/483	0/49	-0.410947	-0.0305956	inf
SRX360057	TFs and others	ZNF263	Digestive tract	LoVo	214	17/483	0/49	-0.410947	-0.0305956	inf
SRX360579	TFs and others	REST	Digestive tract	GP5d	1961	17/483	0/49	-0.410947	-0.0305956	inf
SRX360580	TFs and others	RFX2	Digestive tract	GP5d	197	17/483	0/49	-0.410947	-0.0305956	inf
SRX360584	TFs and others	HNF4A	Digestive tract	GP5d	409	17/483	0/49	-0.410947	-0.0305956	inf
SRX3642948	TFs and others	PRMT1	Epidermis	Keratinocytes	967	17/483	0/49	-0.410947	-0.0305956	inf
SRX3657346	TFs and others	Epitope tags	Kidney	293	763	17/483	0/49	-0.410947	-0.0305956	inf
SRX3666496	TFs and others	TP53	Blood	T cells	1007	17/483	0/49	-0.410947	-0.0305956	inf
SRX3666500	TFs and others	TP53	Blood	T cells	368	17/483	0/49	-0.410947	-0.0305956	inf
SRX3666504	TFs and others	TP53	Blood	T cells	896	17/483	0/49	-0.410947	-0.0305956	inf
SRX3666506	TFs and others	TP53	Blood	T cells	518	17/483	0/49	-0.410947	-0.0305956	inf
SRX3666510	TFs and others	TP53	Blood	T cells	1492	17/483	0/49	-0.410947	-0.0305956	inf
SRX3758835	TFs and others	BrdU	Uterus	HeLa	2433	17/483	0/49	-0.410947	-0.0305956	inf
SRX3768714	TFs and others	MLLT3	Blood	CD34 Hematopoietic stem cells	787	17/483	0/49	-0.410947	-0.0305956	inf
SRX3768715	TFs and others	MLLT3	Blood	CD34 Hematopoietic stem cells	653	17/483	0/49	-0.410947	-0.0305956	inf
SRX378127	TFs and others	SMAD2	Pluripotent stem cell	hESC WA09	414	17/483	0/49	-0.410947	-0.0305956	inf
SRX3781815	TFs and others	Epitope tags	Digestive tract	HCT 116	849	17/483	0/49	-0.410947	-0.0305956	inf
SRX378796	TFs and others	CDK6	Uterus	KB	369	17/483	0/49	-0.410947	-0.0305956	inf
SRX3837517	TFs and others	SRF	Blood	HEL	1057	17/483	0/49	-0.410947	-0.0305956	inf
SRX3873711	TFs and others	AFF4	Lung	NCI-H2171	472	17/483	0/49	-0.410947	-0.0305956	inf
SRX3881589	TFs and others	FOXN3	Liver	Hep G2	2302	17/483	0/49	-0.410947	-0.0305956	inf
SRX3881590	TFs and others	FOXN3	Liver	Hep G2	584	17/483	0/49	-0.410947	-0.0305956	inf
SRX3881591	TFs and others	FOXN3	Liver	Hep G2	2754	17/483	0/49	-0.410947	-0.0305956	inf
SRX392796	TFs and others	REST	Blood	Jurkat	3645	17/483	0/49	-0.410947	-0.0305956	inf
SRX392799	TFs and others	REST	Blood	Jurkat	2965	17/483	0/49	-0.410947	-0.0305956	inf
SRX392800	TFs and others	REST	Blood	Jurkat	3020	17/483	0/49	-0.410947	-0.0305956	inf
SRX3946911	TFs and others	MED1	Others	Mesenchymal stem cells	3397	17/483	0/49	-0.410947	-0.0305956	inf
SRX3946913	TFs and others	MED1	Others	Mesenchymal stem cells	1005	17/483	0/49	-0.410947	-0.0305956	inf
SRX3946923	TFs and others	MED1	Others	Mesenchymal stem cells	994	17/483	0/49	-0.410947	-0.0305956	inf
SRX3962745	TFs and others	LMNA	Unclassified	Unclassified	489	17/483	0/49	-0.410947	-0.0305956	inf
SRX396570	TFs and others	CBX8	Breast	Breast cells	558	17/483	0/49	-0.410947	-0.0305956	inf
SRX396579	TFs and others	CBX6	Epidermis	Hs 68	541	17/483	0/49	-0.410947	-0.0305956	inf
SRX4154211	TFs and others	ZFP64	Blood	Acute myeloid leukemia	3815	17/483	0/49	-0.410947	-0.0305956	inf
SRX4170722	TFs and others	WDR5	Blood	MV-4-11	748	17/483	0/49	-0.410947	-0.0305956	inf
SRX4170723	TFs and others	WDR5	Blood	MV-4-11	755	17/483	0/49	-0.410947	-0.0305956	inf
SRX4170724	TFs and others	WDR5	Blood	MV-4-11	686	17/483	0/49	-0.410947	-0.0305956	inf
SRX4170725	TFs and others	WDR5	Blood	MV-4-11	811	17/483	0/49	-0.410947	-0.0305956	inf
SRX4170726	TFs and others	WDR5	Blood	MV-4-11	807	17/483	0/49	-0.410947	-0.0305956	inf
SRX4170728	TFs and others	WDR5	Blood	MV-4-11	677	17/483	0/49	-0.410947	-0.0305956	inf
SRX4171357	TFs and others	TRIM28	Pluripotent stem cell	hESC H1	21100	17/483	0/49	-0.410947	-0.0305956	inf
SRX4212585	TFs and others	EZH2	Blood	Peripheral blood mononuclear cells	317	17/483	0/49	-0.410947	-0.0305956	inf
SRX423006	TFs and others	PARP1	Breast	T-47D	827	17/483	0/49	-0.410947	-0.0305956	inf
SRX433196	TFs and others	AR	Prostate	PC-3	1417	17/483	0/49	-0.410947	-0.0305956	inf
SRX4405901	TFs and others	POU5F1	Pluripotent stem cell	hESC H9	523	17/483	0/49	-0.410947	-0.0305956	inf
SRX4417536	TFs and others	BRD4	Pluripotent stem cell	hESC derived neural cells	592	17/483	0/49	-0.410947	-0.0305956	inf
SRX4417537	TFs and others	BRD4	Pluripotent stem cell	hESC derived neural cells	644	17/483	0/49	-0.410947	-0.0305956	inf
SRX4488114	TFs and others	NR3C1	Kidney	Podocytes	829	17/483	0/49	-0.410947	-0.0305956	inf
SRX4493018	TFs and others	CTNNB1	Blood	K-562	859	17/483	0/49	-0.410947	-0.0305956	inf
SRX4502344	TFs and others	CDK11A	Digestive tract	HCT 116	316	17/483	0/49	-0.410947	-0.0305956	inf
SRX4559714	TFs and others	ZNF207	Pluripotent stem cell	hESC H9	426	17/483	0/49	-0.410947	-0.0305956	inf
SRX4580660	TFs and others	Epitope tags	Kidney	293	844	17/483	0/49	-0.410947	-0.0305956	inf
SRX4637896	TFs and others	AR	Uterus	Endometrial stromal cells	902	17/483	0/49	-0.410947	-0.0305956	inf
SRX4655782	TFs and others	CTCF	Liver	Hep G2	1338	17/483	0/49	-0.410947	-0.0305956	inf
SRX467199	TFs and others	NR2C2	Blood	Erythroblasts	499	17/483	0/49	-0.410947	-0.0305956	inf
SRX467201	TFs and others	NR2C2	Blood	Erythroblasts	764	17/483	0/49	-0.410947	-0.0305956	inf
SRX4705116	TFs and others	CHAF1A	Blood	U-937	337	17/483	0/49	-0.410947	-0.0305956	inf
SRX4705117	TFs and others	CHAF1A	Blood	U-937	441	17/483	0/49	-0.410947	-0.0305956	inf
SRX4705119	TFs and others	CHAF1A	Blood	Jurkat	1381	17/483	0/49	-0.410947	-0.0305956	inf
SRX4708077	TFs and others	FUS	Blood	K-562	418	17/483	0/49	-0.410947	-0.0305956	inf
SRX4708092	TFs and others	SFPQ	Blood	K-562	267	17/483	0/49	-0.410947	-0.0305956	inf
SRX4711144	TFs and others	LMNB1	Adipocyte	Adipose stem cells	1066	17/483	0/49	-0.410947	-0.0305956	inf
SRX4717807	TFs and others	TCEA2	Breast	HMLE	414	17/483	0/49	-0.410947	-0.0305956	inf
SRX471851	TFs and others	AR	Prostate	VCaP	12376	17/483	0/49	-0.410947	-0.0305956	inf
SRX471852	TFs and others	AR	Prostate	VCaP	9314	17/483	0/49	-0.410947	-0.0305956	inf
SRX471854	TFs and others	AR	Prostate	VCaP	7680	17/483	0/49	-0.410947	-0.0305956	inf
SRX4723357	TFs and others	GATA3	Neural	Neurons	812	17/483	0/49	-0.410947	-0.0305956	inf
SRX4723358	TFs and others	GATA3	Neural	Neurons	672	17/483	0/49	-0.410947	-0.0305956	inf
SRX4723359	TFs and others	GATA3	Neural	Neurons	591	17/483	0/49	-0.410947	-0.0305956	inf
SRX475782	TFs and others	REST	Blood	GM12878	4408	17/483	0/49	-0.410947	-0.0305956	inf
SRX4781505	TFs and others	BRD4	Blood	Acute myeloid leukemia	260	17/483	0/49	-0.410947	-0.0305956	inf
SRX4781508	TFs and others	BRD4	Blood	Acute myeloid leukemia	337	17/483	0/49	-0.410947	-0.0305956	inf
SRX4783023	TFs and others	AR	Prostate	Prostate cancer cells	1706	17/483	0/49	-0.410947	-0.0305956	inf
SRX4783024	TFs and others	AR	Prostate	Prostate cancer cells	4097	17/483	0/49	-0.410947	-0.0305956	inf
SRX4783029	TFs and others	AR	Prostate	Prostate cancer cells	6669	17/483	0/49	-0.410947	-0.0305956	inf
SRX4783030	TFs and others	AR	Prostate	Prostate cancer cells	807	17/483	0/49	-0.410947	-0.0305956	inf
SRX4783035	TFs and others	AR	Prostate	Prostate cancer cells	4885	17/483	0/49	-0.410947	-0.0305956	inf
SRX4783051	TFs and others	AR	Prostate	Prostate cancer cells	6492	17/483	0/49	-0.410947	-0.0305956	inf
SRX4783064	TFs and others	AR	Prostate	Prostate cancer cells	1656	17/483	0/49	-0.410947	-0.0305956	inf
SRX4783065	TFs and others	AR	Prostate	Prostate cancer cells	8834	17/483	0/49	-0.410947	-0.0305956	inf
SRX4783087	TFs and others	AR	Prostate	Prostate cancer cells	2920	17/483	0/49	-0.410947	-0.0305956	inf
SRX4783096	TFs and others	AR	Prostate	Prostate cancer cells	5085	17/483	0/49	-0.410947	-0.0305956	inf
SRX4783098	TFs and others	AR	Prostate	Prostate cancer cells	4866	17/483	0/49	-0.410947	-0.0305956	inf
SRX481456	TFs and others	ARRB1	Prostate	C4-2	290	17/483	0/49	-0.410947	-0.0305956	inf
SRX481566	TFs and others	BRCA1	Breast	MCF 10A	602	17/483	0/49	-0.410947	-0.0305956	inf
SRX4892332	TFs and others	Epitope tags	Kidney	293	773	17/483	0/49	-0.410947	-0.0305956	inf
SRX4901022	TFs and others	GFI1B	Blood	SET-2	450	17/483	0/49	-0.410947	-0.0305956	inf
SRX4931263	TFs and others	ELL2	Kidney	293	667	17/483	0/49	-0.410947	-0.0305956	inf
SRX4931268	TFs and others	KMT2A	Kidney	293	319	17/483	0/49	-0.410947	-0.0305956	inf
SRX4937334	TFs and others	KAT2A	Digestive tract	HCT 116	461	17/483	0/49	-0.410947	-0.0305956	inf
SRX4947692	TFs and others	Epitope tags	Cardiovascular	HUVEC	659	17/483	0/49	-0.410947	-0.0305956	inf
SRX4952717	TFs and others	Epitope tags	Liver	Hep G2	410	17/483	0/49	-0.410947	-0.0305956	inf
SRX495668	TFs and others	NR3C1	Breast	MDA-MB-231	1381	17/483	0/49	-0.410947	-0.0305956	inf
SRX497605	TFs and others	AR	Prostate	VCaP	21920	17/483	0/49	-0.410947	-0.0305956	inf
SRX4976906	TFs and others	TP63	Pluripotent stem cell	hESC H9	642	17/483	0/49	-0.410947	-0.0305956	inf
SRX4994038	TFs and others	Epitope tags	Kidney	293	536	17/483	0/49	-0.410947	-0.0305956	inf
SRX4996447	TFs and others	HNRNPK	Epidermis	Keratinocytes	542	17/483	0/49	-0.410947	-0.0305956	inf
SRX502060	TFs and others	AR	Prostate	Prostate	1183	17/483	0/49	-0.410947	-0.0305956	inf
SRX502062	TFs and others	AR	Prostate	Prostate cancer	1175	17/483	0/49	-0.410947	-0.0305956	inf
SRX502810	TFs and others	HIRA	Lung	IMR-90	667	17/483	0/49	-0.410947	-0.0305956	inf
SRX5057610	TFs and others	GATA3	Breast	T-47D	761	17/483	0/49	-0.410947	-0.0305956	inf
SRX5077399	TFs and others	CEBPB	Liver	Hep G2	1212	17/483	0/49	-0.410947	-0.0305956	inf
SRX5089394	TFs and others	ARID1A	Breast	MCF-7	1215	17/483	0/49	-0.410947	-0.0305956	inf
SRX5089532	TFs and others	ARID2	Breast	MCF-7	1219	17/483	0/49	-0.410947	-0.0305956	inf
SRX5124849	TFs and others	TLE3	Prostate	LAPC-4	1346	17/483	0/49	-0.410947	-0.0305956	inf
SRX514840	TFs and others	TP53	Epidermis	Keratinocytes	997	17/483	0/49	-0.410947	-0.0305956	inf
SRX5169134	TFs and others	GATA2	Blood	Erythroid progenitors	575	17/483	0/49	-0.410947	-0.0305956	inf
SRX5185600	TFs and others	CARM1	Breast	MCF-7	218	17/483	0/49	-0.410947	-0.0305956	inf
SRX5195731	TFs and others	SMARCA4	Uterus	Endometrial epithelial cells	2950	17/483	0/49	-0.410947	-0.0305956	inf
SRX5212358	TFs and others	GLTSCR1	Others	Mel270	540	17/483	0/49	-0.410947	-0.0305956	inf
SRX5234473	TFs and others	SMARCB1	Pluripotent stem cell	iPS cells	2843	17/483	0/49	-0.410947	-0.0305956	inf
SRX5242458	TFs and others	NR4A1	Blood	MOLM-14	7352	17/483	0/49	-0.410947	-0.0305956	inf
SRX5251422	TFs and others	ESR1	Breast	MCF-7	1647	17/483	0/49	-0.410947	-0.0305956	inf
SRX5254848	TFs and others	ZBTB16	Others	Mesenchymal stem cells	592	17/483	0/49	-0.410947	-0.0305956	inf
SRX5255100	TFs and others	Epitope tags	Kidney	293	763	17/483	0/49	-0.410947	-0.0305956	inf
SRX5255106	TFs and others	Epitope tags	Kidney	293	787	17/483	0/49	-0.410947	-0.0305956	inf
SRX5255110	TFs and others	Epitope tags	Kidney	293	856	17/483	0/49	-0.410947	-0.0305956	inf
SRX5255111	TFs and others	Epitope tags	Kidney	293	906	17/483	0/49	-0.410947	-0.0305956	inf
SRX5255112	TFs and others	Epitope tags	Kidney	293	895	17/483	0/49	-0.410947	-0.0305956	inf
SRX5255116	TFs and others	Epitope tags	Kidney	HK-2	887	17/483	0/49	-0.410947	-0.0305956	inf
SRX5290910	TFs and others	CTCF	Prostate	LNCAP	2758	17/483	0/49	-0.410947	-0.0305956	inf
SRX5360085	TFs and others	EZH2	Epidermis	Dermal fibroblast	635	17/483	0/49	-0.410947	-0.0305956	inf
SRX5382889	TFs and others	Epitope tags	Kidney	iSLK	953	17/483	0/49	-0.410947	-0.0305956	inf
SRX5382893	TFs and others	Epitope tags	Kidney	iSLK	969	17/483	0/49	-0.410947	-0.0305956	inf
SRX5401859	TFs and others	NR3C1	Breast	T-47D	756	17/483	0/49	-0.410947	-0.0305956	inf
SRX5401865	TFs and others	PGR	Breast	T-47D	1578	17/483	0/49	-0.410947	-0.0305956	inf
SRX5409713	TFs and others	NETO2	Blood	U-937	313	17/483	0/49	-0.410947	-0.0305956	inf
SRX541386	TFs and others	EZH2	Blood	Multiple Myeloma	1272	17/483	0/49	-0.410947	-0.0305956	inf
SRX5444510	TFs and others	MEN1	Blood	ML-2	319	17/483	0/49	-0.410947	-0.0305956	inf
SRX5493763	TFs and others	ESR1	Breast	Breast cancer cells	1776	17/483	0/49	-0.410947	-0.0305956	inf
SRX5514021	TFs and others	JUN	Uterus	Uterin leiomyoma	705	17/483	0/49	-0.410947	-0.0305956	inf
SRX5525074	TFs and others	CTCF	Epidermis	A-375	1644	17/483	0/49	-0.410947	-0.0305956	inf
SRX5525788	TFs and others	MYCN	Neural	SH-EP	420	17/483	0/49	-0.410947	-0.0305956	inf
SRX5534860	TFs and others	ARID1B	Breast	MCF-7	218	17/483	0/49	-0.410947	-0.0305956	inf
SRX5577132	TFs and others	Epitope tags	Prostate	LNCAP	157	17/483	0/49	-0.410947	-0.0305956	inf
SRX5577133	TFs and others	Epitope tags	Prostate	LNCAP	369	17/483	0/49	-0.410947	-0.0305956	inf
SRX5577142	TFs and others	Epitope tags	Prostate	LNCAP	353	17/483	0/49	-0.410947	-0.0305956	inf
SRX5624363	TFs and others	GFP	Blood	Macrophages	819	17/483	0/49	-0.410947	-0.0305956	inf
SRX5662026	TFs and others	MYCN	Neural	CHP-134	583	17/483	0/49	-0.410947	-0.0305956	inf
SRX5665944	TFs and others	NFKB1	Kidney	293	442	17/483	0/49	-0.410947	-0.0305956	inf
SRX5665946	TFs and others	NFKB1	Kidney	293	455	17/483	0/49	-0.410947	-0.0305956	inf
SRX5668139	TFs and others	MEN1	Blood	OCI-AML3	289	17/483	0/49	-0.410947	-0.0305956	inf
SRX5771379	TFs and others	SUPT6H	Digestive tract	HCT 116	760	17/483	0/49	-0.410947	-0.0305956	inf
SRX5794311	TFs and others	TCF7	Breast	Breast organoids	997	17/483	0/49	-0.410947	-0.0305956	inf
SRX5813556	TFs and others	EZH2	Epidermis	Dermal fibroblast	608	17/483	0/49	-0.410947	-0.0305956	inf
SRX5813557	TFs and others	EZH2	Epidermis	Dermal fibroblast	546	17/483	0/49	-0.410947	-0.0305956	inf
SRX5865964	TFs and others	TP53	Blood	K-562	380	17/483	0/49	-0.410947	-0.0305956	inf
SRX5865966	TFs and others	TP53	Blood	K-562	349	17/483	0/49	-0.410947	-0.0305956	inf
SRX5865967	TFs and others	TP53	Blood	K-562	291	17/483	0/49	-0.410947	-0.0305956	inf
SRX5883961	TFs and others	RAD21	Blood	Multiple Myeloma	575	17/483	0/49	-0.410947	-0.0305956	inf
SRX5883962	TFs and others	RAD21	Blood	Multiple Myeloma	579	17/483	0/49	-0.410947	-0.0305956	inf
SRX5887609	TFs and others	SNAI2	Lung	PC-9	747	17/483	0/49	-0.410947	-0.0305956	inf
SRX5888985	TFs and others	BRD4	Others	Head and neck squamous cell carcinoma 	420	17/483	0/49	-0.410947	-0.0305956	inf
SRX5930115	TFs and others	NCOR2	Blood	Acute myeloid leukemia	1874	17/483	0/49	-0.410947	-0.0305956	inf
SRX5930147	TFs and others	SOX8	Muscle	RH-4	1161	17/483	0/49	-0.410947	-0.0305956	inf
SRX595685	TFs and others	AR	Prostate	LNCAP	5028	17/483	0/49	-0.410947	-0.0305956	inf
SRX6039031	TFs and others	CTNNB1	Pluripotent stem cell	iPS derived chondrocytes	775	17/483	0/49	-0.410947	-0.0305956	inf
SRX6039036	TFs and others	CTNNB1	Pluripotent stem cell	iPS derived chondrocytes	673	17/483	0/49	-0.410947	-0.0305956	inf
SRX6054279	TFs and others	MEF2D	Uterus	SK-UT-1	911	17/483	0/49	-0.410947	-0.0305956	inf
SRX6066505	TFs and others	CDK9	Digestive tract	HCT 116	627	17/483	0/49	-0.410947	-0.0305956	inf
SRX6175590	TFs and others	FLI1	Bone	A-673	2517	17/483	0/49	-0.410947	-0.0305956	inf
SRX6175608	TFs and others	FLI1	Bone	A-673	4341	17/483	0/49	-0.410947	-0.0305956	inf
SRX6175613	TFs and others	SMC1A	Bone	A-673	4053	17/483	0/49	-0.410947	-0.0305956	inf
SRX6354579	TFs and others	EZH2	Pluripotent stem cell	hESC derived neural cells	1403	17/483	0/49	-0.410947	-0.0305956	inf
SRX6430598	TFs and others	EZH2	Blood	SU-DHL-6	880	17/483	0/49	-0.410947	-0.0305956	inf
SRX6473442	TFs and others	Epitope tags	Pluripotent stem cell	hESC derived neural crests	587	17/483	0/49	-0.410947	-0.0305956	inf
SRX6473447	TFs and others	Epitope tags	Pluripotent stem cell	hESC derived neural crests	444	17/483	0/49	-0.410947	-0.0305956	inf
SRX647367	TFs and others	ESR1	Breast	MCF 10A	424	17/483	0/49	-0.410947	-0.0305956	inf
SRX6614772	TFs and others	SMC3	Lung	IMR-90	529	17/483	0/49	-0.410947	-0.0305956	inf
SRX6614773	TFs and others	SMC3	Lung	IMR-90	538	17/483	0/49	-0.410947	-0.0305956	inf
SRX6614774	TFs and others	SMC3	Lung	IMR-90	643	17/483	0/49	-0.410947	-0.0305956	inf
SRX6651673	TFs and others	NR3C1	Blood	697	461	17/483	0/49	-0.410947	-0.0305956	inf
SRX6699761	TFs and others	Epitope tags	Liver	Hep G2	16739	17/483	0/49	-0.410947	-0.0305956	inf
SRX673732	TFs and others	PRKDC	Breast	MCF-7	360	17/483	0/49	-0.410947	-0.0305956	inf
SRX673740	TFs and others	ESR1	Breast	MCF-7	174	17/483	0/49	-0.410947	-0.0305956	inf
SRX673741	TFs and others	ESR1	Breast	MCF-7	2159	17/483	0/49	-0.410947	-0.0305956	inf
SRX6743048	TFs and others	AR	Prostate	VCaP	34477	17/483	0/49	-0.410947	-0.0305956	inf
SRX6780863	TFs and others	CREB1	Pluripotent stem cell	iPS derived neural cells	1013	17/483	0/49	-0.410947	-0.0305956	inf
SRX679119	TFs and others	Epitope tags	Uterus	HeLa	451	17/483	0/49	-0.410947	-0.0305956	inf
SRX6818032	TFs and others	PML	Epidermis	NHDF	666	17/483	0/49	-0.410947	-0.0305956	inf
SRX6831823	TFs and others	TEAD4	Breast	MCF 10A	1891	17/483	0/49	-0.410947	-0.0305956	inf
SRX689365	TFs and others	Epitope tags	Kidney	293	872	17/483	0/49	-0.410947	-0.0305956	inf
SRX6911600	TFs and others	ZMYND8	Neural	Glioblastoma	529	17/483	0/49	-0.410947	-0.0305956	inf
SRX6913097	TFs and others	BRD3	Blood	CD4+ T cells	531	17/483	0/49	-0.410947	-0.0305956	inf
SRX6944157	TFs and others	NFATC2	Blood	CD4+ T cells	754	17/483	0/49	-0.410947	-0.0305956	inf
SRX6949262	TFs and others	SMC3	Uterus	HeLa	2677	17/483	0/49	-0.410947	-0.0305956	inf
SRX695884	TFs and others	ASCL1	Others	Tumor	4544	17/483	0/49	-0.410947	-0.0305956	inf
SRX697735	TFs and others	PRKCQ	Blood	CD4+ T cells	4787	17/483	0/49	-0.410947	-0.0305956	inf
SRX697738	TFs and others	PRKCQ	Blood	CD4+ T cells	2933	17/483	0/49	-0.410947	-0.0305956	inf
SRX697745	TFs and others	PRKCQ	Blood	Jurkat	747	17/483	0/49	-0.410947	-0.0305956	inf
SRX698185	TFs and others	CEBPA	Blood	Kasumi-1	1447	17/483	0/49	-0.410947	-0.0305956	inf
SRX701999	TFs and others	GATA6	Pluripotent stem cell	hESC derived mesendodermal cells	4015	17/483	0/49	-0.410947	-0.0305956	inf
SRX702043	TFs and others	NANOG	Pluripotent stem cell	hESC derived mesendodermal cells	5564	17/483	0/49	-0.410947	-0.0305956	inf
SRX702086	TFs and others	SMAD1	Pluripotent stem cell	hESC HUES64	528	17/483	0/49	-0.410947	-0.0305956	inf
SRX702092	TFs and others	SMAD4	Pluripotent stem cell	hESC HUES64	158	17/483	0/49	-0.410947	-0.0305956	inf
SRX702120	TFs and others	STAT3	Pluripotent stem cell	hESC derived mesendodermal cells	275	17/483	0/49	-0.410947	-0.0305956	inf
SRX7030879	TFs and others	CBX5	Breast	MCF-7	716	17/483	0/49	-0.410947	-0.0305956	inf
SRX7030881	TFs and others	EHMT2	Breast	MCF-7	2203	17/483	0/49	-0.410947	-0.0305956	inf
SRX7030914	TFs and others	CBX5	Breast	MCF-7	1062	17/483	0/49	-0.410947	-0.0305956	inf
SRX7030923	TFs and others	KDM4B	Breast	MCF-7	613	17/483	0/49	-0.410947	-0.0305956	inf
SRX7088116	TFs and others	TP53	Cardiovascular	HPAEC	758	17/483	0/49	-0.410947	-0.0305956	inf
SRX7130722	TFs and others	TP53	Breast	MCF 10A	1890	17/483	0/49	-0.410947	-0.0305956	inf
SRX7228373	TFs and others	FANCD2	Digestive tract	HCT 116	879	17/483	0/49	-0.410947	-0.0305956	inf
SRX7277173	TFs and others	LMNA	Others	GM07492	376	17/483	0/49	-0.410947	-0.0305956	inf
SRX7282935	TFs and others	ESR1	Breast	ZR-75-1	3341	17/483	0/49	-0.410947	-0.0305956	inf
SRX728768	TFs and others	PAF1	Blood	THP-1	579	17/483	0/49	-0.410947	-0.0305956	inf
SRX729712	TFs and others	OTX2	Pluripotent stem cell	hESC derived neural cells	312	17/483	0/49	-0.410947	-0.0305956	inf
SRX730425	TFs and others	ESR1	Breast	MCF-7	851	17/483	0/49	-0.410947	-0.0305956	inf
SRX730436	TFs and others	NCAPG2	Breast	MCF-7	3222	17/483	0/49	-0.410947	-0.0305956	inf
SRX732509	TFs and others	KDM3A	Blood	Jurkat	6080	17/483	0/49	-0.410947	-0.0305956	inf
SRX732510	TFs and others	KDM3A	Blood	Jurkat	10821	17/483	0/49	-0.410947	-0.0305956	inf
SRX736068	TFs and others	FOXP1	Prostate	LNCAP	1159	17/483	0/49	-0.410947	-0.0305956	inf
SRX7397473	TFs and others	IRF1	Blood	U-937	147	17/483	0/49	-0.410947	-0.0305956	inf
SRX743524	TFs and others	FOXP1	Neural	OF4155	937	17/483	0/49	-0.410947	-0.0305956	inf
SRX7522858	TFs and others	BCL9	Breast	MCF10DCIS.com	372	17/483	0/49	-0.410947	-0.0305956	inf
SRX7540326	TFs and others	BRD4	Breast	MCF-7	953	17/483	0/49	-0.410947	-0.0305956	inf
SRX7551104	TFs and others	SETD1A	Uterus	HeLa	1348	17/483	0/49	-0.410947	-0.0305956	inf
SRX7551107	TFs and others	SETD1A	Uterus	HeLa	470	17/483	0/49	-0.410947	-0.0305956	inf
SRX7572101	TFs and others	MYC	Pancreas	MIA Paca-2	763	17/483	0/49	-0.410947	-0.0305956	inf
SRX7671888	TFs and others	QKI	Others	B-3	417	17/483	0/49	-0.410947	-0.0305956	inf
SRX7671889	TFs and others	SREBF2	Others	B-3	1034	17/483	0/49	-0.410947	-0.0305956	inf
SRX7677737	TFs and others	NCBP1	Digestive tract	DLD-1	587	17/483	0/49	-0.410947	-0.0305956	inf
SRX7695537	TFs and others	TEAD4	Neural	Y79	2481	17/483	0/49	-0.410947	-0.0305956	inf
SRX7767647	TFs and others	GATA2	Uterus	Endometrial stromal cells	5479	17/483	0/49	-0.410947	-0.0305956	inf
SRX7898177	TFs and others	QRICH1	Digestive tract	HT-29	774	17/483	0/49	-0.410947	-0.0305956	inf
SRX7902972	TFs and others	Epitope tags	Kidney	293	2006	17/483	0/49	-0.410947	-0.0305956	inf
SRX7972448	TFs and others	MKL1	Epidermis	MKL-1	588	17/483	0/49	-0.410947	-0.0305956	inf
SRX7972457	TFs and others	MKL2	Epidermis	MKL-2	368	17/483	0/49	-0.410947	-0.0305956	inf
SRX8023112	TFs and others	TP53	Breast	MCF 10A	1081	17/483	0/49	-0.410947	-0.0305956	inf
SRX8030652	TFs and others	SUZ12	Neural	BT 245	890	17/483	0/49	-0.410947	-0.0305956	inf
SRX8030677	TFs and others	SUZ12	Neural	BT 245	869	17/483	0/49	-0.410947	-0.0305956	inf
SRX8030705	TFs and others	SUZ12	Neural	SU-DIPG-XIII	743	17/483	0/49	-0.410947	-0.0305956	inf
SRX8044293	TFs and others	AR	Others	UM-UC-3	899	17/483	0/49	-0.410947	-0.0305956	inf
SRX8084745	TFs and others	Epitope tags	Breast	WHIM12	1001	17/483	0/49	-0.410947	-0.0305956	inf
SRX8089621	TFs and others	AR	Prostate	VCaP	15023	17/483	0/49	-0.410947	-0.0305956	inf
SRX8089625	TFs and others	BRD4	Prostate	VCaP	535	17/483	0/49	-0.410947	-0.0305956	inf
SRX8149392	TFs and others	HDAC1	Blood	KMS-27	373	17/483	0/49	-0.410947	-0.0305956	inf
SRX821812	TFs and others	PPARG	Adipocyte	Adipose Tissue, White	462	17/483	0/49	-0.410947	-0.0305956	inf
SRX821813	TFs and others	PPARG	Adipocyte	Adipose Tissue, White	435	17/483	0/49	-0.410947	-0.0305956	inf
SRX8257416	TFs and others	DDX21	Epidermis	A-375	599	17/483	0/49	-0.410947	-0.0305956	inf
SRX8272755	TFs and others	ESR2	Digestive tract	SW 480	2006	17/483	0/49	-0.410947	-0.0305956	inf
SRX8272933	TFs and others	BRD4	Blood	BLaER1	1020	17/483	0/49	-0.410947	-0.0305956	inf
SRX833403	TFs and others	CTNNB1	Pluripotent stem cell	hESC H1	14074	17/483	0/49	-0.410947	-0.0305956	inf
SRX8341014	TFs and others	DONSON	Uterus	HeLa	1646	17/483	0/49	-0.410947	-0.0305956	inf
SRX8400470	TFs and others	YAP1	Lung	NCI-H1299	2156	17/483	0/49	-0.410947	-0.0305956	inf
SRX8406309	TFs and others	HOXB13	Prostate	Prostatic Neoplasms, Castration-Resistant	8035	17/483	0/49	-0.410947	-0.0305956	inf
SRX8406313	TFs and others	HOXB13	Prostate	Prostatic Neoplasms, Castration-Resistant	17320	17/483	0/49	-0.410947	-0.0305956	inf
SRX8406418	TFs and others	AR	Prostate	Prostate	2270	17/483	0/49	-0.410947	-0.0305956	inf
SRX8406423	TFs and others	AR	Prostate	Prostate	2827	17/483	0/49	-0.410947	-0.0305956	inf
SRX8406460	TFs and others	AR	Prostate	Prostatic Neoplasms, Castration-Resistant	1663	17/483	0/49	-0.410947	-0.0305956	inf
SRX8406477	TFs and others	AR	Prostate	Prostatic Neoplasms, Castration-Resistant	5597	17/483	0/49	-0.410947	-0.0305956	inf
SRX8406478	TFs and others	AR	Prostate	Prostatic Neoplasms, Castration-Resistant	6897	17/483	0/49	-0.410947	-0.0305956	inf
SRX8520804	TFs and others	NR3C1	Breast	HCC70	3083	17/483	0/49	-0.410947	-0.0305956	inf
SRX8528441	TFs and others	RAD21	Uterus	HeLa	874	17/483	0/49	-0.410947	-0.0305956	inf
SRX852986	TFs and others	RUNX1	Breast	MCF-7	771	17/483	0/49	-0.410947	-0.0305956	inf
SRX853215	TFs and others	EGFR	Uterus	HeLa	665	17/483	0/49	-0.410947	-0.0305956	inf
SRX853219	TFs and others	MAPK1	Uterus	HeLa	739	17/483	0/49	-0.410947	-0.0305956	inf
SRX8616351	TFs and others	KSHV LANA	Blood	BCBL1	214	17/483	0/49	-0.410947	-0.0305956	inf
SRX8616361	TFs and others	KSHV LANA	Blood	BJAB	818	17/483	0/49	-0.410947	-0.0305956	inf
SRX8616803	TFs and others	JUN	Lung	A549	1336	17/483	0/49	-0.410947	-0.0305956	inf
SRX8616814	TFs and others	FOSL1	Lung	A549	2041	17/483	0/49	-0.410947	-0.0305956	inf
SRX8616818	TFs and others	FOSL1	Lung	A549	1478	17/483	0/49	-0.410947	-0.0305956	inf
SRX8616847	TFs and others	JUNB	Lung	A549	679	17/483	0/49	-0.410947	-0.0305956	inf
SRX8616980	TFs and others	TET2	Breast	ZR-75-1	1327	17/483	0/49	-0.410947	-0.0305956	inf
SRX8617945	TFs and others	FGFR1	Breast	CAMA-1	1058	17/483	0/49	-0.410947	-0.0305956	inf
SRX8664958	TFs and others	ATF4	Blood	HUDEP-2	1043	17/483	0/49	-0.410947	-0.0305956	inf
SRX866612	TFs and others	GATA3	Neural	KELLY	5267	17/483	0/49	-0.410947	-0.0305956	inf
SRX866613	TFs and others	GATA3	Neural	SH-SY5Y	3695	17/483	0/49	-0.410947	-0.0305956	inf
SRX8673492	TFs and others	DDIT3	Bone	HT-1080	1718	17/483	0/49	-0.410947	-0.0305956	inf
SRX8699664	TFs and others	PPP2R1A	Digestive tract	DLD-1	558	17/483	0/49	-0.410947	-0.0305956	inf
SRX8699674	TFs and others	PPP2CA	Digestive tract	DLD-1	610	17/483	0/49	-0.410947	-0.0305956	inf
SRX8699715	TFs and others	INTS3	Digestive tract	DLD-1	294	17/483	0/49	-0.410947	-0.0305956	inf
SRX8699801	TFs and others	TP53	Kidney	293	913	17/483	0/49	-0.410947	-0.0305956	inf
SRX8713993	TFs and others	SUZ12	Neural	Neural Stem Cells	535	17/483	0/49	-0.410947	-0.0305956	inf
SRX882969	TFs and others	5-hmC	Prostate	LNCAP	1511	17/483	0/49	-0.410947	-0.0305956	inf
SRX882971	TFs and others	5-hmC	Prostate	LNCAP	1904	17/483	0/49	-0.410947	-0.0305956	inf
SRX8901410	TFs and others	RAD21	Neural	hTERT RPE-1	1785	17/483	0/49	-0.410947	-0.0305956	inf
SRX890395	TFs and others	KDM1A	Lung	NCI-H526	1256	17/483	0/49	-0.410947	-0.0305956	inf
SRX8984313	TFs and others	FLI1	Bone	A-673	3490	17/483	0/49	-0.410947	-0.0305956	inf
SRX9055418	TFs and others	TAL1	Blood	HUDEP-2	1590	17/483	0/49	-0.410947	-0.0305956	inf
SRX9071229	TFs and others	MED1	Blood	SEM	467	17/483	0/49	-0.410947	-0.0305956	inf
SRX9178833	TFs and others	HAP1	Blood	HAP1	1586	17/483	0/49	-0.410947	-0.0305956	inf
SRX9187415	TFs and others	HDAC1	Pancreas	MIA Paca-2	787	17/483	0/49	-0.410947	-0.0305956	inf
SRX9237243	TFs and others	CPSF3	Blood	K-562	1313	17/483	0/49	-0.410947	-0.0305956	inf
SRX9258681	TFs and others	CPSF3L	Kidney	293	581	17/483	0/49	-0.410947	-0.0305956	inf
SRX9258685	TFs and others	INTS3	Kidney	293	842	17/483	0/49	-0.410947	-0.0305956	inf
SRX9298950	TFs and others	NR3C1	Lung	Lung cancer cell line	626	17/483	0/49	-0.410947	-0.0305956	inf
SRX9318380	TFs and others	TOP2B	Neural	Glioma	351	17/483	0/49	-0.410947	-0.0305956	inf
SRX9433106	TFs and others	CTR9	Bone	U2OS	348	17/483	0/49	-0.410947	-0.0305956	inf
SRX9468653	TFs and others	AR	Prostate	LNCAP	17902	17/483	0/49	-0.410947	-0.0305956	inf
SRX9468672	TFs and others	Epitope tags	Prostate	LNCAP	619	17/483	0/49	-0.410947	-0.0305956	inf
SRX9562897	TFs and others	HDAC2	Muscle	RH-4	605	17/483	0/49	-0.410947	-0.0305956	inf
SRX9628169	TFs and others	NR3C1	Kidney	293	16852	17/483	0/49	-0.410947	-0.0305956	inf
SRX9628508	TFs and others	JUN	Gonad	BIN-67	578	17/483	0/49	-0.410947	-0.0305956	inf
SRX9674297	TFs and others	NR3C1	Pluripotent stem cell	iPSC derived hepatocytes	4273	17/483	0/49	-0.410947	-0.0305956	inf
SRX9674298	TFs and others	NR3C1	Pluripotent stem cell	iPSC derived hepatocytes	2151	17/483	0/49	-0.410947	-0.0305956	inf
SRX9674304	TFs and others	NR3C1	Pluripotent stem cell	iPSC derived hepatocytes	10225	17/483	0/49	-0.410947	-0.0305956	inf
SRX9674305	TFs and others	NR3C1	Pluripotent stem cell	iPSC derived hepatocytes	7558	17/483	0/49	-0.410947	-0.0305956	inf
SRX9674309	TFs and others	NR3C1	Pluripotent stem cell	iPSC derived hepatocytes	4838	17/483	0/49	-0.410947	-0.0305956	inf
SRX9674310	TFs and others	NR3C1	Pluripotent stem cell	iPSC derived hepatocytes	1780	17/483	0/49	-0.410947	-0.0305956	inf
SRX9683843	TFs and others	NR3C1	Adipocyte	Adipocytes	5530	17/483	0/49	-0.410947	-0.0305956	inf
SRX9683849	TFs and others	NR3C1	Adipocyte	Adipocytes	1827	17/483	0/49	-0.410947	-0.0305956	inf
SRX9683852	TFs and others	NR3C1	Adipocyte	Adipocytes	4687	17/483	0/49	-0.410947	-0.0305956	inf
SRX9683853	TFs and others	NR3C1	Adipocyte	Adipocytes	5194	17/483	0/49	-0.410947	-0.0305956	inf
SRX968911	TFs and others	SOX2	Pluripotent stem cell	iPS derived neural cells	491	17/483	0/49	-0.410947	-0.0305956	inf
SRX968912	TFs and others	SOX2	Pluripotent stem cell	iPS derived neural cells	729	17/483	0/49	-0.410947	-0.0305956	inf
SRX971590	TFs and others	EP300	Epidermis	Keratinocytes	609	17/483	0/49	-0.410947	-0.0305956	inf
SRX9719176	TFs and others	TET2	Breast	MCF-7	2349	17/483	0/49	-0.410947	-0.0305956	inf
SRX9719177	TFs and others	TET2	Breast	MCF-7	2840	17/483	0/49	-0.410947	-0.0305956	inf
SRX9719178	TFs and others	TET2	Breast	MCF-7	2409	17/483	0/49	-0.410947	-0.0305956	inf
SRX9730739	TFs and others	INTS6	Blood	THP-1	960	17/483	0/49	-0.410947	-0.0305956	inf
SRX973421	TFs and others	EHMT2	Kidney	293	874	17/483	0/49	-0.410947	-0.0305956	inf
SRX190333	TFs and others	STAT5A	Blood	K-562	9727	34/483	5/49	-0.409587	-0.0305956	0.689855
SRX9498685	TFs and others	TBP	Blood	K-562	3074	120/483	15/49	-0.408239	-0.0305956	0.811594
SRX1478544	TFs and others	SIX2	Kidney	Kidney Cortex	26555	67/483	9/49	-0.406407	-0.0305956	0.755233
SRX2194284	TFs and others	BRD4	Breast	SUM 159PT	10532	67/483	9/49	-0.406407	-0.0305956	0.755233
SRX334258	TFs and others	E2F1	Unclassified	Unclassified	1213	67/483	9/49	-0.406407	-0.0305956	0.755233
SRX5702625	TFs and others	ESR1	Breast	Breast cancer cells	3837	67/483	9/49	-0.406407	-0.0305956	0.755233
SRX684292	TFs and others	SUPT5H	Uterus	HeLa	20213	362/483	34/49	-0.405077	-0.0305956	1.08014
SRX4786549	TFs and others	ESR1	Breast	MCF-7	12317	121/483	15/49	-0.405077	-0.0305956	0.818357
DRX002915	TFs and others	SMCHD1	Neural	hTERT RPE-1	412	18/483	0/49	-0.402923	-0.0305956	inf
ERX181469	TFs and others	TP53	Bone	Saos-2	1562	18/483	0/49	-0.402923	-0.0305956	inf
ERX704064	TFs and others	CTCF	Blood	HL-60	3271	18/483	0/49	-0.402923	-0.0305956	inf
SRX014752	TFs and others	RARA	Blood	NB-4	1501	18/483	0/49	-0.402923	-0.0305956	inf
SRX016032	TFs and others	RB1	Lung	IMR-90	3623	18/483	0/49	-0.402923	-0.0305956	inf
SRX017276	TFs and others	POU5F1	Pluripotent stem cell	hESC H1	1042	18/483	0/49	-0.402923	-0.0305956	inf
SRX028590	TFs and others	SETDB1	Blood	K-562	704	18/483	0/49	-0.402923	-0.0305956	inf
SRX032595	TFs and others	HMGN1	Blood	CD4+ T cells	166	18/483	0/49	-0.402923	-0.0305956	inf
SRX037935	TFs and others	CTCF	Blood	CD34+	2368	18/483	0/49	-0.402923	-0.0305956	inf
SRX080257	TFs and others	AFF4	Digestive tract	HCT 116	540	18/483	0/49	-0.402923	-0.0305956	inf
SRX092299	TFs and others	NR4A1	Blood	K-562	633	18/483	0/49	-0.402923	-0.0305956	inf
SRX092414	TFs and others	CTCF	Blood	Lymphoma, B-Cell	5558	18/483	0/49	-0.402923	-0.0305956	inf
SRX096353	TFs and others	CDX2	Digestive tract	LS-180	4924	18/483	0/49	-0.402923	-0.0305956	inf
SRX097068	TFs and others	GATA1	Blood	CD34+	5316	18/483	0/49	-0.402923	-0.0305956	inf
SRX097070	TFs and others	GATA1	Blood	CD34+	5430	18/483	0/49	-0.402923	-0.0305956	inf
SRX097098	TFs and others	TCF7L2	Blood	U-937	938	18/483	0/49	-0.402923	-0.0305956	inf
SRX10003072	TFs and others	MSX2	Placenta	Trophoblast stem cells	1919	18/483	0/49	-0.402923	-0.0305956	inf
SRX100272	TFs and others	NCOA3	Breast	H3396	571	18/483	0/49	-0.402923	-0.0305956	inf
SRX100521	TFs and others	BCL11A	Pluripotent stem cell	hESC H1	271	18/483	0/49	-0.402923	-0.0305956	inf
SRX10079803	TFs and others	DROSHA	Bone	U2OS	830	18/483	0/49	-0.402923	-0.0305956	inf
SRX101135	TFs and others	AR	Prostate	VCaP	23488	18/483	0/49	-0.402923	-0.0305956	inf
SRX10119137	TFs and others	RUNX1	Blood	MV-4-11	2685	18/483	0/49	-0.402923	-0.0305956	inf
SRX10119138	TFs and others	RUNX1	Blood	MV-4-11	3555	18/483	0/49	-0.402923	-0.0305956	inf
SRX10119139	TFs and others	RUNX1	Blood	MV-4-11	3040	18/483	0/49	-0.402923	-0.0305956	inf
SRX10119158	TFs and others	MYB	Blood	MV-4-11	688	18/483	0/49	-0.402923	-0.0305956	inf
SRX10131666	TFs and others	MLLT3	Lung	Bronchial tracheal epithelial cells	736	18/483	0/49	-0.402923	-0.0305956	inf
SRX10131669	TFs and others	MLLT1	Lung	Bronchial tracheal epithelial cells	563	18/483	0/49	-0.402923	-0.0305956	inf
SRX10145210	TFs and others	REL	Blood	Naive B cells	695	18/483	0/49	-0.402923	-0.0305956	inf
SRX1033271	TFs and others	GATA2	Prostate	LNCAP	8638	18/483	0/49	-0.402923	-0.0305956	inf
SRX10357210	TFs and others	EPAS1	Uterus	HeLa	997	18/483	0/49	-0.402923	-0.0305956	inf
SRX104409	TFs and others	GATA3	Breast	MCF-7	2706	18/483	0/49	-0.402923	-0.0305956	inf
SRX1048454	TFs and others	BACH2	Blood	DOHH-2	1060	18/483	0/49	-0.402923	-0.0305956	inf
SRX1048945	TFs and others	PGR	Uterus	Endometrial stromal cells	2039	18/483	0/49	-0.402923	-0.0305956	inf
SRX1053368	TFs and others	MED1	Pluripotent stem cell	ES cells	300	18/483	0/49	-0.402923	-0.0305956	inf
SRX10634384	TFs and others	TEAD1	Epidermis	Keratinocytes	1567	18/483	0/49	-0.402923	-0.0305956	inf
SRX1078846	TFs and others	ELL2	Digestive tract	HCT 116	735	18/483	0/49	-0.402923	-0.0305956	inf
SRX1078861	TFs and others	LEO1	Digestive tract	HCT 116	416	18/483	0/49	-0.402923	-0.0305956	inf
SRX1094474	TFs and others	BRD4	Others	TC-797	864	18/483	0/49	-0.402923	-0.0305956	inf
SRX11472288	TFs and others	CTCF	Uterus	HeLa	922	18/483	0/49	-0.402923	-0.0305956	inf
SRX116433	TFs and others	WHSC1	Blood	K-562	246	18/483	0/49	-0.402923	-0.0305956	inf
SRX116458	TFs and others	HDAC6	Pluripotent stem cell	hESC H1	439	18/483	0/49	-0.402923	-0.0305956	inf
SRX1181993	TFs and others	CHD1	Prostate	LNCAP	841	18/483	0/49	-0.402923	-0.0305956	inf
SRX1183812	TFs and others	AR	Prostate	C4-2	6310	18/483	0/49	-0.402923	-0.0305956	inf
SRX119635	TFs and others	PAF1	Lung	A549	1146	18/483	0/49	-0.402923	-0.0305956	inf
SRX12030163	TFs and others	Epitope tags	Prostate	DU 145	480	18/483	0/49	-0.402923	-0.0305956	inf
SRX1225019	TFs and others	EPCAM	Uterus	RL95-2	495	18/483	0/49	-0.402923	-0.0305956	inf
SRX1225024	TFs and others	LEF1	Uterus	RL95-2	486	18/483	0/49	-0.402923	-0.0305956	inf
SRX1272782	TFs and others	BRD4	Digestive tract	HCT 116	616	18/483	0/49	-0.402923	-0.0305956	inf
SRX1272790	TFs and others	BRD4	Digestive tract	COLO 205	979	18/483	0/49	-0.402923	-0.0305956	inf
SRX130060	TFs and others	POU5F1	Epidermis	BJ	1516	18/483	0/49	-0.402923	-0.0305956	inf
SRX130089	TFs and others	SMAD3	Pluripotent stem cell	hESC derived mesendodermal cells	1080	18/483	0/49	-0.402923	-0.0305956	inf
SRX130255	TFs and others	LMNB1	Lung	IMR-90	502	18/483	0/49	-0.402923	-0.0305956	inf
SRX1334497	TFs and others	MYC	Prostate	LNCAP	1094	18/483	0/49	-0.402923	-0.0305956	inf
SRX1339018	TFs and others	AR	Breast	MDA-MB-453	9313	18/483	0/49	-0.402923	-0.0305956	inf
SRX1360983	TFs and others	BRD4	Lung	IMR-90	1236	18/483	0/49	-0.402923	-0.0305956	inf
SRX1424693	TFs and others	NANOG	Prostate	LNCAP	375	18/483	0/49	-0.402923	-0.0305956	inf
SRX1431734	TFs and others	SPI1	Blood	K-562	1834	18/483	0/49	-0.402923	-0.0305956	inf
SRX1457803	TFs and others	GFP	Uterus	HeLa	444	18/483	0/49	-0.402923	-0.0305956	inf
SRX1471738	TFs and others	BRD4	Epidermis	SK-MEL-5	1418	18/483	0/49	-0.402923	-0.0305956	inf
SRX148892	TFs and others	VDR	Liver	LX2	455	18/483	0/49	-0.402923	-0.0305956	inf
SRX150382	TFs and others	KAT2A	Uterus	HeLa	521	18/483	0/49	-0.402923	-0.0305956	inf
SRX155733	TFs and others	HSF1	Lung	NCI-H1703	303	18/483	0/49	-0.402923	-0.0305956	inf
SRX155763	TFs and others	HSF1	Breast	BPE	457	18/483	0/49	-0.402923	-0.0305956	inf
SRX1569429	TFs and others	BRD4	Digestive tract	HCT 116	608	18/483	0/49	-0.402923	-0.0305956	inf
SRX159190	TFs and others	MED1	Digestive tract	LS-180	222	18/483	0/49	-0.402923	-0.0305956	inf
SRX159192	TFs and others	NCOR1	Digestive tract	LS-180	375	18/483	0/49	-0.402923	-0.0305956	inf
SRX1629251	TFs and others	ERG	Prostate	VCaP	1164	18/483	0/49	-0.402923	-0.0305956	inf
SRX1672130	TFs and others	RELA	Lung	BEAS-2B	1922	18/483	0/49	-0.402923	-0.0305956	inf
SRX1674503	TFs and others	ZMYND8	Uterus	HeLa	417	18/483	0/49	-0.402923	-0.0305956	inf
SRX1703571	TFs and others	GRHL2	Prostate	LNCAP	3820	18/483	0/49	-0.402923	-0.0305956	inf
SRX173204	TFs and others	NR3C1	Prostate	VCaP	4353	18/483	0/49	-0.402923	-0.0305956	inf
SRX1738253	TFs and others	MCM3	Unclassified	Unclassified	1054	18/483	0/49	-0.402923	-0.0305956	inf
SRX1738255	TFs and others	GFP	Unclassified	Unclassified	751	18/483	0/49	-0.402923	-0.0305956	inf
SRX1745732	TFs and others	ESR1	Uterus	Endometrial Stromal Tumors	1938	18/483	0/49	-0.402923	-0.0305956	inf
SRX1815017	TFs and others	TBX5	Pluripotent stem cell	iPS derived cardiac cells	3243	18/483	0/49	-0.402923	-0.0305956	inf
SRX1815018	TFs and others	NR2F2	Pluripotent stem cell	iPS derived cardiac cells	708	18/483	0/49	-0.402923	-0.0305956	inf
SRX185775	TFs and others	POU5F1	Epidermis	BJ	521	18/483	0/49	-0.402923	-0.0305956	inf
SRX186624	TFs and others	ZNF274	Pluripotent stem cell	hESC H1	1224	18/483	0/49	-0.402923	-0.0305956	inf
SRX186683	TFs and others	EZH2	Liver	Hep G2	986	18/483	0/49	-0.402923	-0.0305956	inf
SRX186741	TFs and others	SUZ12	Blood	K-562	169	18/483	0/49	-0.402923	-0.0305956	inf
SRX186767	TFs and others	HDAC6	Pluripotent stem cell	hESC H1	429	18/483	0/49	-0.402923	-0.0305956	inf
SRX186772	TFs and others	EZH2	Blood	K-562	443	18/483	0/49	-0.402923	-0.0305956	inf
SRX186779	TFs and others	EP300	Blood	K-562	2551	18/483	0/49	-0.402923	-0.0305956	inf
SRX1885169	TFs and others	RELA	Prostate	LNCAP	2560	18/483	0/49	-0.402923	-0.0305956	inf
SRX1885176	TFs and others	AR	Prostate	LNCAP	7458	18/483	0/49	-0.402923	-0.0305956	inf
SRX189083	TFs and others	CTCF	Lung	WI-38	3326	18/483	0/49	-0.402923	-0.0305956	inf
SRX194576	TFs and others	GREB1	Breast	MCF-7	1050	18/483	0/49	-0.402923	-0.0305956	inf
SRX194578	TFs and others	KLF4	Breast	MCF-7	581	18/483	0/49	-0.402923	-0.0305956	inf
SRX1995008	TFs and others	ARNTL	Bone	U2OS	575	18/483	0/49	-0.402923	-0.0305956	inf
SRX203387	TFs and others	BRD4	Blood	Plasma Cells	163	18/483	0/49	-0.402923	-0.0305956	inf
SRX203389	TFs and others	MYC	Blood	Plasma Cells	313	18/483	0/49	-0.402923	-0.0305956	inf
SRX203395	TFs and others	MED1	Blood	Plasma Cells	537	18/483	0/49	-0.402923	-0.0305956	inf
SRX204173	TFs and others	SUMO2	Lung	WI-38	1000	18/483	0/49	-0.402923	-0.0305956	inf
SRX212445	TFs and others	FOXP3	Blood	Treg	551	18/483	0/49	-0.402923	-0.0305956	inf
SRX218225	TFs and others	HSF2	Blood	K-562	256	18/483	0/49	-0.402923	-0.0305956	inf
SRX2207927	TFs and others	PSMD1	Epidermis	CS1AN	1481	18/483	0/49	-0.402923	-0.0305956	inf
SRX2281256	TFs and others	AFF1	Unclassified	Unclassified	429	18/483	0/49	-0.402923	-0.0305956	inf
SRX2343922	TFs and others	NOTCH1	Cardiovascular	Large pulmonary artery endothelial cells	903	18/483	0/49	-0.402923	-0.0305956	inf
SRX2343924	TFs and others	NOTCH1	Cardiovascular	Large pulmonary artery endothelial cells	1017	18/483	0/49	-0.402923	-0.0305956	inf
SRX237290	TFs and others	SRCAP	Blood	CD4+ T cells	1034	18/483	0/49	-0.402923	-0.0305956	inf
SRX2378693	TFs and others	AHRR	Breast	MCF-7	1021	18/483	0/49	-0.402923	-0.0305956	inf
SRX2420134	TFs and others	AR	Prostate	LNCAP	3064	18/483	0/49	-0.402923	-0.0305956	inf
SRX2438584	TFs and others	NOTCH1	Blood	MO1043	1218	18/483	0/49	-0.402923	-0.0305956	inf
SRX2545060	TFs and others	TLE3	Prostate	LNCAP	16446	18/483	0/49	-0.402923	-0.0305956	inf
SRX256880	TFs and others	NR3C1	Bone	U2OS	20988	18/483	0/49	-0.402923	-0.0305956	inf
SRX256883	TFs and others	NR3C1	Bone	U2OS	17613	18/483	0/49	-0.402923	-0.0305956	inf
SRX2570614	TFs and others	SMC1A	Blood	HAP1	1361	18/483	0/49	-0.402923	-0.0305956	inf
SRX2588916	TFs and others	KMT2D	Breast	T-47D	1104	18/483	0/49	-0.402923	-0.0305956	inf
SRX2588918	TFs and others	KMT2D	Breast	T-47D	999	18/483	0/49	-0.402923	-0.0305956	inf
SRX2606560	TFs and others	BRD4	Epidermis	CHL-1	847	18/483	0/49	-0.402923	-0.0305956	inf
SRX2606563	TFs and others	BRD4	Epidermis	CHL-1	827	18/483	0/49	-0.402923	-0.0305956	inf
SRX2606566	TFs and others	BRD4	Epidermis	CHL-1	1205	18/483	0/49	-0.402923	-0.0305956	inf
SRX262152	TFs and others	HSF1	Blood	M0-91	156	18/483	0/49	-0.402923	-0.0305956	inf
SRX264465	TFs and others	BRD4	Epidermis	Melanoma	1396	18/483	0/49	-0.402923	-0.0305956	inf
SRX2671829	TFs and others	EP300	Cardiovascular	Cardiac progenitor cells	366	18/483	0/49	-0.402923	-0.0305956	inf
SRX268884	TFs and others	HMBOX1	Lung	WI-38	679	18/483	0/49	-0.402923	-0.0305956	inf
SRX271860	TFs and others	EZH2	Blood	Pfeiffer	840	18/483	0/49	-0.402923	-0.0305956	inf
SRX2731786	TFs and others	MYCN	Neural	Neuroblastoma	774	18/483	0/49	-0.402923	-0.0305956	inf
SRX2737719	TFs and others	AR	Prostate	C4-2	210	18/483	0/49	-0.402923	-0.0305956	inf
SRX2741419	TFs and others	CHD4	Others	SCC-9	571	18/483	0/49	-0.402923	-0.0305956	inf
SRX2741420	TFs and others	CHD4	Others	SCC-9	550	18/483	0/49	-0.402923	-0.0305956	inf
SRX2765970	TFs and others	Epitope tags	Kidney	293	663	18/483	0/49	-0.402923	-0.0305956	inf
SRX278506	TFs and others	TP53	Blood	Lymphoblastoid cells	3045	18/483	0/49	-0.402923	-0.0305956	inf
SRX2821736	TFs and others	FOSL1	Blood	CD4+ T cells	540	18/483	0/49	-0.402923	-0.0305956	inf
SRX2821738	TFs and others	FOSL1	Blood	CD4+ T cells	446	18/483	0/49	-0.402923	-0.0305956	inf
SRX2842443	TFs and others	FOS	Bone	143B	929	18/483	0/49	-0.402923	-0.0305956	inf
SRX2842449	TFs and others	FOS	Bone	HOS	1017	18/483	0/49	-0.402923	-0.0305956	inf
SRX285599	TFs and others	NOTCH1	Cardiovascular	Aortic valve endothelial cells	376	18/483	0/49	-0.402923	-0.0305956	inf
SRX286018	TFs and others	SPI1	Blood	Macrophages	418	18/483	0/49	-0.402923	-0.0305956	inf
SRX2871353	TFs and others	GATA3	Breast	T-47D	3117	18/483	0/49	-0.402923	-0.0305956	inf
SRX2900093	TFs and others	BAP1	Breast	CAL-51	450	18/483	0/49	-0.402923	-0.0305956	inf
SRX2912057	TFs and others	ESR1	Breast	MCF-7	4272	18/483	0/49	-0.402923	-0.0305956	inf
SRX306175	TFs and others	AFF4	Digestive tract	HCT 116	228	18/483	0/49	-0.402923	-0.0305956	inf
SRX306176	TFs and others	ELL	Digestive tract	HCT 116	200	18/483	0/49	-0.402923	-0.0305956	inf
SRX306178	TFs and others	ICE2	Digestive tract	HCT 116	373	18/483	0/49	-0.402923	-0.0305956	inf
SRX3114572	TFs and others	MBD3	Kidney	293	920	18/483	0/49	-0.402923	-0.0305956	inf
SRX3124572	TFs and others	STAT3	Digestive tract	AGS	755	18/483	0/49	-0.402923	-0.0305956	inf
SRX3135177	TFs and others	BCL6	Blood	OCI-LY1	1983	18/483	0/49	-0.402923	-0.0305956	inf
SRX315188	TFs and others	Biotin	Neural	SH-SY5Y	574	18/483	0/49	-0.402923	-0.0305956	inf
SRX3205372	TFs and others	PITX1	Others	Head and neck squamous cell carcinoma 	468	18/483	0/49	-0.402923	-0.0305956	inf
SRX3229143	TFs and others	ESR1	Breast	Breast cancer	2081	18/483	0/49	-0.402923	-0.0305956	inf
SRX3229162	TFs and others	ESR1	Breast	Breast cancer	530	18/483	0/49	-0.402923	-0.0305956	inf
SRX3229167	TFs and others	AR	Breast	Breast cancer	657	18/483	0/49	-0.402923	-0.0305956	inf
SRX3229170	TFs and others	AR	Breast	Breast cancer	578	18/483	0/49	-0.402923	-0.0305956	inf
SRX3240991	TFs and others	MED1	Others	Mesenchymal stem cells	1795	18/483	0/49	-0.402923	-0.0305956	inf
SRX3240994	TFs and others	MED1	Others	Mesenchymal stem cells	1233	18/483	0/49	-0.402923	-0.0305956	inf
SRX3240996	TFs and others	MED1	Others	Mesenchymal stem cells	967	18/483	0/49	-0.402923	-0.0305956	inf
SRX3256870	TFs and others	BCOR	Pluripotent stem cell	hESC H1	1522	18/483	0/49	-0.402923	-0.0305956	inf
SRX3285559	TFs and others	ESR1	Breast	MCF-7	6779	18/483	0/49	-0.402923	-0.0305956	inf
SRX330108	TFs and others	SOX2	Neural	ReN-VM	975	18/483	0/49	-0.402923	-0.0305956	inf
SRX3312884	TFs and others	BRD4	Blood	HAP1	732	18/483	0/49	-0.402923	-0.0305956	inf
SRX3324964	TFs and others	EP300	Lung	IMR-90	1411	18/483	0/49	-0.402923	-0.0305956	inf
SRX3337445	TFs and others	KDM1A	Kidney	293	1035	18/483	0/49	-0.402923	-0.0305956	inf
SRX3337447	TFs and others	KDM1A	Kidney	293	865	18/483	0/49	-0.402923	-0.0305956	inf
SRX3346350	TFs and others	EPAS1	Kidney	786-O	276	18/483	0/49	-0.402923	-0.0305956	inf
SRX3372030	TFs and others	ETV1	Digestive tract	GIST48	896	18/483	0/49	-0.402923	-0.0305956	inf
SRX3401274	TFs and others	YAP1	Breast	MCF-7	4488	18/483	0/49	-0.402923	-0.0305956	inf
SRX3468053	TFs and others	SUZ12	Others	Fibroblasts	2227	18/483	0/49	-0.402923	-0.0305956	inf
SRX346923	TFs and others	MITF	Digestive tract	COLO 829	316	18/483	0/49	-0.402923	-0.0305956	inf
SRX3472381	TFs and others	KDM6A	Pluripotent stem cell	hESC H9	399	18/483	0/49	-0.402923	-0.0305956	inf
SRX3541110	TFs and others	ESR1	Breast	MCF-7	3460	18/483	0/49	-0.402923	-0.0305956	inf
SRX3581352	TFs and others	RPA2	Uterus	HeLa	668	18/483	0/49	-0.402923	-0.0305956	inf
SRX3581354	TFs and others	RPA2	Uterus	HeLa	678	18/483	0/49	-0.402923	-0.0305956	inf
SRX3581477	TFs and others	CHD7	Pluripotent stem cell	iPS derived neural cells	652	18/483	0/49	-0.402923	-0.0305956	inf
SRX3581515	TFs and others	CHD7	Pluripotent stem cell	iPS derived neural crestss	2846	18/483	0/49	-0.402923	-0.0305956	inf
SRX3584311	TFs and others	RARA	Pluripotent stem cell	iPS derived chondrocytes	968	18/483	0/49	-0.402923	-0.0305956	inf
SRX3599298	TFs and others	ERG	Cardiovascular	HUVEC	1025	18/483	0/49	-0.402923	-0.0305956	inf
SRX359976	TFs and others	ZBTB10	Digestive tract	LoVo	241	18/483	0/49	-0.402923	-0.0305956	inf
SRX360056	TFs and others	ZNF217	Digestive tract	LoVo	218	18/483	0/49	-0.402923	-0.0305956	inf
SRX3601959	TFs and others	FLI1	Cardiovascular	HUVEC	846	18/483	0/49	-0.402923	-0.0305956	inf
SRX366173	TFs and others	SMAD4	Lung	NCI-H441	1601	18/483	0/49	-0.402923	-0.0305956	inf
SRX3666488	TFs and others	TP53	Blood	T cells	266	18/483	0/49	-0.402923	-0.0305956	inf
SRX3666490	TFs and others	TP53	Blood	T cells	1379	18/483	0/49	-0.402923	-0.0305956	inf
SRX3666492	TFs and others	TP53	Blood	T cells	825	18/483	0/49	-0.402923	-0.0305956	inf
SRX3666494	TFs and others	TP53	Blood	T cells	153	18/483	0/49	-0.402923	-0.0305956	inf
SRX3666498	TFs and others	TP53	Blood	T cells	1338	18/483	0/49	-0.402923	-0.0305956	inf
SRX367329	TFs and others	CDK9	Kidney	293	216	18/483	0/49	-0.402923	-0.0305956	inf
SRX3768713	TFs and others	MLLT3	Blood	CD34 Hematopoietic stem cells	482	18/483	0/49	-0.402923	-0.0305956	inf
SRX392294	TFs and others	PRKCQ	Breast	MCF-7	385	18/483	0/49	-0.402923	-0.0305956	inf
SRX392797	TFs and others	REST	Blood	Jurkat	2928	18/483	0/49	-0.402923	-0.0305956	inf
SRX3942992	TFs and others	ZNF341	Blood	T cells	871	18/483	0/49	-0.402923	-0.0305956	inf
SRX3946905	TFs and others	MED1	Others	Mesenchymal stem cells	1748	18/483	0/49	-0.402923	-0.0305956	inf
SRX3946917	TFs and others	MED1	Others	Mesenchymal stem cells	1246	18/483	0/49	-0.402923	-0.0305956	inf
SRX3946921	TFs and others	MED1	Others	Mesenchymal stem cells	808	18/483	0/49	-0.402923	-0.0305956	inf
SRX3946922	TFs and others	MED1	Others	Mesenchymal stem cells	1787	18/483	0/49	-0.402923	-0.0305956	inf
SRX4074762	TFs and others	FOSL1	Epidermis	BJ	765	18/483	0/49	-0.402923	-0.0305956	inf
SRX4108915	TFs and others	AR	Prostate	LNCAP	15751	18/483	0/49	-0.402923	-0.0305956	inf
SRX4192136	TFs and others	XRCC4	Breast	MCF 10A	757	18/483	0/49	-0.402923	-0.0305956	inf
SRX425262	TFs and others	RELA	Cardiovascular	HUVEC	305	18/483	0/49	-0.402923	-0.0305956	inf
SRX4345358	TFs and others	NFATC2	Blood	CD4+ T cells	1144	18/483	0/49	-0.402923	-0.0305956	inf
SRX4411672	TFs and others	AR	Prostate	LNCAP	20539	18/483	0/49	-0.402923	-0.0305956	inf
SRX4493019	TFs and others	CTNNB1	Blood	K-562	952	18/483	0/49	-0.402923	-0.0305956	inf
SRX4502350	TFs and others	CDK11A	Digestive tract	HCT 116	271	18/483	0/49	-0.402923	-0.0305956	inf
SRX4521397	TFs and others	CTCF	Blood	Macrophages	3111	18/483	0/49	-0.402923	-0.0305956	inf
SRX4525849	TFs and others	BRD9	Kidney	TTC-1240	1508	18/483	0/49	-0.402923	-0.0305956	inf
SRX4531285	TFs and others	AHR	Uterus	T HESCs	1282	18/483	0/49	-0.402923	-0.0305956	inf
SRX456681	TFs and others	GFP	Blood	K-562	90	18/483	0/49	-0.402923	-0.0305956	inf
SRX456685	TFs and others	GFP	Blood	K-562	203	18/483	0/49	-0.402923	-0.0305956	inf
SRX4609169	TFs and others	KDM1A	Blood	SU-DHL-4	567	18/483	0/49	-0.402923	-0.0305956	inf
SRX4711143	TFs and others	LMNB1	Adipocyte	Adipose stem cells	1008	18/483	0/49	-0.402923	-0.0305956	inf
SRX4727907	TFs and others	KDM6A	Pluripotent stem cell	hESC derived neural cells	728	18/483	0/49	-0.402923	-0.0305956	inf
SRX4727908	TFs and others	KDM6A	Pluripotent stem cell	hESC derived neural cells	586	18/483	0/49	-0.402923	-0.0305956	inf
SRX4781510	TFs and others	BRD4	Blood	Acute myeloid leukemia	310	18/483	0/49	-0.402923	-0.0305956	inf
SRX4781512	TFs and others	BRD4	Blood	Acute myeloid leukemia	328	18/483	0/49	-0.402923	-0.0305956	inf
SRX4783026	TFs and others	AR	Prostate	Prostate cancer cells	3320	18/483	0/49	-0.402923	-0.0305956	inf
SRX4783053	TFs and others	AR	Prostate	Prostate cancer cells	1735	18/483	0/49	-0.402923	-0.0305956	inf
SRX4783058	TFs and others	AR	Prostate	Prostate cancer cells	5954	18/483	0/49	-0.402923	-0.0305956	inf
SRX4783069	TFs and others	AR	Prostate	Prostate cancer cells	745	18/483	0/49	-0.402923	-0.0305956	inf
SRX4783079	TFs and others	AR	Prostate	Prostate cancer cells	3156	18/483	0/49	-0.402923	-0.0305956	inf
SRX4797405	TFs and others	LMNA	Cardiovascular	Myocytes, Cardiac	757	18/483	0/49	-0.402923	-0.0305956	inf
SRX4941320	TFs and others	XBP1	Prostate	LNCAP	531	18/483	0/49	-0.402923	-0.0305956	inf
SRX4947691	TFs and others	Epitope tags	Cardiovascular	HUVEC	793	18/483	0/49	-0.402923	-0.0305956	inf
SRX497604	TFs and others	AR	Prostate	VCaP	53115	18/483	0/49	-0.402923	-0.0305956	inf
SRX4976908	TFs and others	TP63	Epidermis	Keratinocytes	2142	18/483	0/49	-0.402923	-0.0305956	inf
SRX502072	TFs and others	AR	Prostate	Prostate cancer	8326	18/483	0/49	-0.402923	-0.0305956	inf
SRX502073	TFs and others	AR	Prostate	Prostate cancer	9650	18/483	0/49	-0.402923	-0.0305956	inf
SRX502808	TFs and others	HIRA	Lung	IMR-90	747	18/483	0/49	-0.402923	-0.0305956	inf
SRX5089407	TFs and others	SMARCA4	Breast	MCF-7	2336	18/483	0/49	-0.402923	-0.0305956	inf
SRX5089423	TFs and others	SMARCA4	Breast	MCF-7	2925	18/483	0/49	-0.402923	-0.0305956	inf
SRX5089520	TFs and others	SMARCA4	Breast	MCF-7	636	18/483	0/49	-0.402923	-0.0305956	inf
SRX5089543	TFs and others	ARID2	Breast	MCF-7	948	18/483	0/49	-0.402923	-0.0305956	inf
SRX5185601	TFs and others	CARM1	Breast	MCF-7	433	18/483	0/49	-0.402923	-0.0305956	inf
SRX5195711	TFs and others	ARID1A	Uterus	Endometrial epithelial cells	3483	18/483	0/49	-0.402923	-0.0305956	inf
SRX5195734	TFs and others	SMARCA4	Uterus	Endometrial epithelial cells	1541	18/483	0/49	-0.402923	-0.0305956	inf
SRX5202660	TFs and others	IRF2BP2	Kidney	293	523	18/483	0/49	-0.402923	-0.0305956	inf
SRX5203316	TFs and others	CTCF	Breast	MCF-7	6025	18/483	0/49	-0.402923	-0.0305956	inf
SRX5212361	TFs and others	BRD9	Others	Mel270	788	18/483	0/49	-0.402923	-0.0305956	inf
SRX5242455	TFs and others	MED1	Blood	MOLM-14	2030	18/483	0/49	-0.402923	-0.0305956	inf
SRX5255104	TFs and others	Epitope tags	Kidney	293	885	18/483	0/49	-0.402923	-0.0305956	inf
SRX5255109	TFs and others	Epitope tags	Kidney	293	784	18/483	0/49	-0.402923	-0.0305956	inf
SRX5255114	TFs and others	Epitope tags	Kidney	HK-2	699	18/483	0/49	-0.402923	-0.0305956	inf
SRX5287691	TFs and others	ESR1	Breast	T-47D	3937	18/483	0/49	-0.402923	-0.0305956	inf
SRX5287705	TFs and others	YAP1	Breast	MCF-7	1201	18/483	0/49	-0.402923	-0.0305956	inf
SRX5313203	TFs and others	TP53	Digestive tract	HCT 116	632	18/483	0/49	-0.402923	-0.0305956	inf
SRX5360095	TFs and others	EZH2	Epidermis	Dermal fibroblast	387	18/483	0/49	-0.402923	-0.0305956	inf
SRX5391682	TFs and others	RAD21	Blood	Neutrophils	2568	18/483	0/49	-0.402923	-0.0305956	inf
SRX541384	TFs and others	EZH2	Blood	Multiple Myeloma	1595	18/483	0/49	-0.402923	-0.0305956	inf
SRX5431455	TFs and others	Epitope tags	Digestive tract	Colorectal adenocarcinoma	1037	18/483	0/49	-0.402923	-0.0305956	inf
SRX5431456	TFs and others	Epitope tags	Digestive tract	Colorectal adenocarcinoma	965	18/483	0/49	-0.402923	-0.0305956	inf
SRX5441334	TFs and others	CPSF3	Uterus	HeLa	343	18/483	0/49	-0.402923	-0.0305956	inf
SRX5444511	TFs and others	MEN1	Blood	ML-2	304	18/483	0/49	-0.402923	-0.0305956	inf
SRX5493756	TFs and others	FOXA1	Breast	Breast cancer cells	3691	18/483	0/49	-0.402923	-0.0305956	inf
SRX5508306	TFs and others	HIRA	Unclassified	Unclassified	748	18/483	0/49	-0.402923	-0.0305956	inf
SRX5508308	TFs and others	HIRA	Unclassified	Unclassified	745	18/483	0/49	-0.402923	-0.0305956	inf
SRX5508310	TFs and others	HIRA	Unclassified	Unclassified	1018	18/483	0/49	-0.402923	-0.0305956	inf
SRX5511296	TFs and others	ESR1	Breast	MCF-7	2270	18/483	0/49	-0.402923	-0.0305956	inf
SRX5525783	TFs and others	MYCN	Neural	SH-EP	382	18/483	0/49	-0.402923	-0.0305956	inf
SRX5525785	TFs and others	MYCN	Neural	SH-EP	599	18/483	0/49	-0.402923	-0.0305956	inf
SRX5534861	TFs and others	SMARCA4	Breast	MCF-7	273	18/483	0/49	-0.402923	-0.0305956	inf
SRX5574377	TFs and others	SPI1	Blood	Macrophages	5536	18/483	0/49	-0.402923	-0.0305956	inf
SRX5600888	TFs and others	OLIG2	Neural	Prefrontal Cortex	447	18/483	0/49	-0.402923	-0.0305956	inf
SRX5665945	TFs and others	NFKB1	Kidney	293	492	18/483	0/49	-0.402923	-0.0305956	inf
SRX5665947	TFs and others	NFKB1	Kidney	293	767	18/483	0/49	-0.402923	-0.0305956	inf
SRX5665949	TFs and others	Epitope tags	Kidney	293	339	18/483	0/49	-0.402923	-0.0305956	inf
SRX5683082	TFs and others	ESR1	Uterus	Ishikawa	448	18/483	0/49	-0.402923	-0.0305956	inf
SRX5702148	TFs and others	PPP1R10	Bone	U2OS	344	18/483	0/49	-0.402923	-0.0305956	inf
SRX5716467	TFs and others	SMARCA2	Neural	Neural progenitor cells	4535	18/483	0/49	-0.402923	-0.0305956	inf
SRX5821038	TFs and others	GATA1	Blood	HUDEP-2	2199	18/483	0/49	-0.402923	-0.0305956	inf
SRX5824551	TFs and others	BRD7	Breast	SUM 159PT	2554	18/483	0/49	-0.402923	-0.0305956	inf
SRX5839978	TFs and others	CREBBP	Blood	Macrophages	945	18/483	0/49	-0.402923	-0.0305956	inf
SRX5839979	TFs and others	CREBBP	Blood	Macrophages	768	18/483	0/49	-0.402923	-0.0305956	inf
SRX5865974	TFs and others	TP53	Blood	K-562	1004	18/483	0/49	-0.402923	-0.0305956	inf
SRX5888984	TFs and others	BRD4	Others	Head and neck squamous cell carcinoma 	824	18/483	0/49	-0.402923	-0.0305956	inf
SRX5930117	TFs and others	EP300	Blood	Acute myeloid leukemia	1545	18/483	0/49	-0.402923	-0.0305956	inf
SRX5931540	TFs and others	BAHD1	Blood	HUDEP-2	603	18/483	0/49	-0.402923	-0.0305956	inf
SRX5931542	TFs and others	BAHD1	Blood	HUDEP-2	495	18/483	0/49	-0.402923	-0.0305956	inf
SRX596536	TFs and others	AR	Prostate	22Rv1	1465	18/483	0/49	-0.402923	-0.0305956	inf
SRX596537	TFs and others	AR	Prostate	22Rv1	1424	18/483	0/49	-0.402923	-0.0305956	inf
SRX6027752	TFs and others	NR2F2	Breast	MCF-7	4606	18/483	0/49	-0.402923	-0.0305956	inf
SRX6058760	TFs and others	PGR	Breast	T-47D	4370	18/483	0/49	-0.402923	-0.0305956	inf
SRX6060976	TFs and others	GATA6	Digestive tract	ESO-26	1469	18/483	0/49	-0.402923	-0.0305956	inf
SRX6073305	TFs and others	BATF	Blood	BC-3	420	18/483	0/49	-0.402923	-0.0305956	inf
SRX610813	TFs and others	DDX5	Pluripotent stem cell	NTERA-2	331268	18/483	0/49	-0.402923	-0.0305956	inf
SRX6175623	TFs and others	STAG1	Bone	A-673	2945	18/483	0/49	-0.402923	-0.0305956	inf
SRX6430557	TFs and others	EZH2	Blood	KARPAS-422	595	18/483	0/49	-0.402923	-0.0305956	inf
SRX6430567	TFs and others	EZH2	Blood	KARPAS-422	1127	18/483	0/49	-0.402923	-0.0305956	inf
SRX644406	TFs and others	ELF1	Prostate	DU 145	603	18/483	0/49	-0.402923	-0.0305956	inf
SRX6473444	TFs and others	Epitope tags	Pluripotent stem cell	hESC derived neural crests	838	18/483	0/49	-0.402923	-0.0305956	inf
SRX656428	TFs and others	BCL6	Blood	RS 411	2378	18/483	0/49	-0.402923	-0.0305956	inf
SRX6614750	TFs and others	SMC3	Lung	IMR-90	4819	18/483	0/49	-0.402923	-0.0305956	inf
SRX6614775	TFs and others	SMC3	Lung	IMR-90	1685	18/483	0/49	-0.402923	-0.0305956	inf
SRX6614777	TFs and others	SMC3	Lung	WI-38	878	18/483	0/49	-0.402923	-0.0305956	inf
SRX6639328	TFs and others	GATA3	Pluripotent stem cell	hESC H1	2562	18/483	0/49	-0.402923	-0.0305956	inf
SRX666560	TFs and others	Epitope tags	Breast	T-47D	1417	18/483	0/49	-0.402923	-0.0305956	inf
SRX667982	TFs and others	AR	Prostate	VCaP	37982	18/483	0/49	-0.402923	-0.0305956	inf
SRX668352	TFs and others	GFP	Kidney	293	424	18/483	0/49	-0.402923	-0.0305956	inf
SRX670813	TFs and others	BRD4	Pluripotent stem cell	hESC H9	1395	18/483	0/49	-0.402923	-0.0305956	inf
SRX670814	TFs and others	BRD4	Pluripotent stem cell	hESC H9	995	18/483	0/49	-0.402923	-0.0305956	inf
SRX673731	TFs and others	PRKDC	Breast	MCF-7	365	18/483	0/49	-0.402923	-0.0305956	inf
SRX6757650	TFs and others	ESR1	Breast	MCF-7	4147	18/483	0/49	-0.402923	-0.0305956	inf
SRX6757651	TFs and others	ESR1	Breast	MCF-7	2496	18/483	0/49	-0.402923	-0.0305956	inf
SRX689357	TFs and others	Epitope tags	Kidney	293	830	18/483	0/49	-0.402923	-0.0305956	inf
SRX689358	TFs and others	Epitope tags	Kidney	293	709	18/483	0/49	-0.402923	-0.0305956	inf
SRX689363	TFs and others	Epitope tags	Kidney	293	871	18/483	0/49	-0.402923	-0.0305956	inf
SRX6895234	TFs and others	8-Hydroxydeoxyguanosine	Breast	MCF 10A	18314	18/483	0/49	-0.402923	-0.0305956	inf
SRX6909698	TFs and others	MED1	Blood	697	952	18/483	0/49	-0.402923	-0.0305956	inf
SRX6913064	TFs and others	BRD4	Blood	THP-1	397	18/483	0/49	-0.402923	-0.0305956	inf
SRX6916370	TFs and others	RAD21	Kidney	iSLK	6319	18/483	0/49	-0.402923	-0.0305956	inf
SRX694763	TFs and others	USP7	Kidney	293	531	18/483	0/49	-0.402923	-0.0305956	inf
SRX6957405	TFs and others	SMAD4	Kidney	HGrC1	1107	18/483	0/49	-0.402923	-0.0305956	inf
SRX6961679	TFs and others	SUPT5H	Digestive tract	HCT 116	1260	18/483	0/49	-0.402923	-0.0305956	inf
SRX697743	TFs and others	PRKCQ	Blood	Jurkat	758	18/483	0/49	-0.402923	-0.0305956	inf
SRX7015660	TFs and others	RNF2	Muscle	SYO-1	395	18/483	0/49	-0.402923	-0.0305956	inf
SRX702021	TFs and others	HNF1B	Pluripotent stem cell	hESC derived mesendodermal cells	358	18/483	0/49	-0.402923	-0.0305956	inf
SRX702042	TFs and others	NANOG	Pluripotent stem cell	hESC derived mesendodermal cells	5174	18/483	0/49	-0.402923	-0.0305956	inf
SRX7030915	TFs and others	CBX5	Breast	MCF-7	1341	18/483	0/49	-0.402923	-0.0305956	inf
SRX7030917	TFs and others	TRIM28	Breast	MCF-7	970	18/483	0/49	-0.402923	-0.0305956	inf
SRX7202535	TFs and others	RAD21	Uterus	HEC-1-B	4624	18/483	0/49	-0.402923	-0.0305956	inf
SRX7277171	TFs and others	LMNA	Others	GM07492	352	18/483	0/49	-0.402923	-0.0305956	inf
SRX7277172	TFs and others	LMNA	Others	Fibroblasts	674	18/483	0/49	-0.402923	-0.0305956	inf
SRX7280994	TFs and others	IKZF1	Blood	JM1	337	18/483	0/49	-0.402923	-0.0305956	inf
SRX7282934	TFs and others	ESR1	Breast	ZR-75-1	3257	18/483	0/49	-0.402923	-0.0305956	inf
SRX7283271	TFs and others	IRF1	Pancreas	AsPC-1	3067	18/483	0/49	-0.402923	-0.0305956	inf
SRX732511	TFs and others	KDM3A	Blood	Jurkat	9071	18/483	0/49	-0.402923	-0.0305956	inf
SRX743525	TFs and others	Epitope tags	Neural	OF4155	581	18/483	0/49	-0.402923	-0.0305956	inf
SRX7450581	TFs and others	CTSG	Blood	U-937	836	18/483	0/49	-0.402923	-0.0305956	inf
SRX747806	TFs and others	ESR1	Breast	MCF-7	3016	18/483	0/49	-0.402923	-0.0305956	inf
SRX7522855	TFs and others	BCL9	Breast	MCF10DCIS.com	499	18/483	0/49	-0.402923	-0.0305956	inf
SRX7540322	TFs and others	ESR1	Breast	MCF-7	3902	18/483	0/49	-0.402923	-0.0305956	inf
SRX7551093	TFs and others	MRE11A	Uterus	HeLa	571	18/483	0/49	-0.402923	-0.0305956	inf
SRX7551111	TFs and others	SETD1A	Uterus	HeLa	2723	18/483	0/49	-0.402923	-0.0305956	inf
SRX7563487	TFs and others	RUNX1	Pluripotent stem cell	iPS cells	608	18/483	0/49	-0.402923	-0.0305956	inf
SRX758326	TFs and others	MBD2	Breast	HMLE	1018	18/483	0/49	-0.402923	-0.0305956	inf
SRX7584814	TFs and others	ATF4	Blood	HUDEP-2	1292	18/483	0/49	-0.402923	-0.0305956	inf
SRX7584815	TFs and others	ATF4	Blood	HUDEP-2	1079	18/483	0/49	-0.402923	-0.0305956	inf
SRX7680925	TFs and others	TEAD4	Unclassified	Unclassified	1031	18/483	0/49	-0.402923	-0.0305956	inf
SRX7712487	TFs and others	HIF1A	Digestive tract	HCT 116	372	18/483	0/49	-0.402923	-0.0305956	inf
SRX7785390	TFs and others	ATF4	Blood	Jurkat	4052	18/483	0/49	-0.402923	-0.0305956	inf
SRX7805895	TFs and others	SMC1A	Epidermis	Dermal fibroblast	1818	18/483	0/49	-0.402923	-0.0305956	inf
SRX7818472	TFs and others	Epitope tags	Neural	hTERT RPE-1	668	18/483	0/49	-0.402923	-0.0305956	inf
SRX790967	TFs and others	RELB	Blood	L-1236	1234	18/483	0/49	-0.402923	-0.0305956	inf
SRX8030141	TFs and others	Epitope tags	Cardiovascular	HUVEC	662	18/483	0/49	-0.402923	-0.0305956	inf
SRX8044290	TFs and others	AR	Others	UM-UC-3	1754	18/483	0/49	-0.402923	-0.0305956	inf
SRX8089614	TFs and others	AR	Prostate	VCaP	4251	18/483	0/49	-0.402923	-0.0305956	inf
SRX8162314	TFs and others	DOT1L	Blood	MOLM-13	407	18/483	0/49	-0.402923	-0.0305956	inf
SRX8180621	TFs and others	HIF1A	Blood	Peripheral blood mononuclear cells	945	18/483	0/49	-0.402923	-0.0305956	inf
SRX8202281	TFs and others	CDK7	Breast	MCF-7	825	18/483	0/49	-0.402923	-0.0305956	inf
SRX8213853	TFs and others	HDAC4	Others	SK-LMS-1	1413	18/483	0/49	-0.402923	-0.0305956	inf
SRX8257421	TFs and others	MITF	Epidermis	A-375	1183	18/483	0/49	-0.402923	-0.0305956	inf
SRX8299189	TFs and others	Epitope tags	Uterus	HeLa	1329	18/483	0/49	-0.402923	-0.0305956	inf
SRX8299779	TFs and others	CDC73	Blood	K-562	1920	18/483	0/49	-0.402923	-0.0305956	inf
SRX8299800	TFs and others	CDC73	Bone	U2OS	511	18/483	0/49	-0.402923	-0.0305956	inf
SRX8299804	TFs and others	CDC73	Bone	U2OS	457	18/483	0/49	-0.402923	-0.0305956	inf
SRX8299862	TFs and others	CTR9	Bone	U2OS	394	18/483	0/49	-0.402923	-0.0305956	inf
SRX831879	TFs and others	STAT5B	Blood	CD8+ T cells	2887	18/483	0/49	-0.402923	-0.0305956	inf
SRX8359006	TFs and others	FLI1	Others	Mesenchymal stem cells	5089	18/483	0/49	-0.402923	-0.0305956	inf
SRX8360018	TFs and others	NETO2	Blood	U-937	2962	18/483	0/49	-0.402923	-0.0305956	inf
SRX8406427	TFs and others	AR	Prostate	Prostate	2520	18/483	0/49	-0.402923	-0.0305956	inf
SRX8406448	TFs and others	AR	Prostate	Prostate	7072	18/483	0/49	-0.402923	-0.0305956	inf
SRX8406458	TFs and others	AR	Prostate	Prostatic Neoplasms, Castration-Resistant	12103	18/483	0/49	-0.402923	-0.0305956	inf
SRX8432579	TFs and others	TBP	Pluripotent stem cell	iPS cells	976	18/483	0/49	-0.402923	-0.0305956	inf
SRX8432584	TFs and others	TBP	Pluripotent stem cell	iPS cells	986	18/483	0/49	-0.402923	-0.0305956	inf
SRX8512833	TFs and others	PRDM4	Digestive tract	HCT 116	370	18/483	0/49	-0.402923	-0.0305956	inf
SRX8550421	TFs and others	RNF2	Bone	A-673	652	18/483	0/49	-0.402923	-0.0305956	inf
SRX8550424	TFs and others	RNF2	Bone	A-673	664	18/483	0/49	-0.402923	-0.0305956	inf
SRX8616815	TFs and others	FOSL1	Lung	A549	1442	18/483	0/49	-0.402923	-0.0305956	inf
SRX8616820	TFs and others	FOSL1	Lung	A549	1035	18/483	0/49	-0.402923	-0.0305956	inf
SRX8616856	TFs and others	JUND	Lung	A549	1565	18/483	0/49	-0.402923	-0.0305956	inf
SRX8616859	TFs and others	JUND	Lung	A549	1076	18/483	0/49	-0.402923	-0.0305956	inf
SRX8616987	TFs and others	TET2	Breast	STG195	1663	18/483	0/49	-0.402923	-0.0305956	inf
SRX8617942	TFs and others	FGFR1	Breast	CAMA-1	1010	18/483	0/49	-0.402923	-0.0305956	inf
SRX8617944	TFs and others	FGFR1	Breast	CAMA-1	943	18/483	0/49	-0.402923	-0.0305956	inf
SRX8673496	TFs and others	DDIT3	Bone	HT-1080	187	18/483	0/49	-0.402923	-0.0305956	inf
SRX8699644	TFs and others	INTS3	Digestive tract	DLD-1	396	18/483	0/49	-0.402923	-0.0305956	inf
SRX8699646	TFs and others	INTS5	Digestive tract	DLD-1	661	18/483	0/49	-0.402923	-0.0305956	inf
SRX8699660	TFs and others	PPP2R1A	Digestive tract	DLD-1	583	18/483	0/49	-0.402923	-0.0305956	inf
SRX8699670	TFs and others	PPP2CA	Digestive tract	DLD-1	535	18/483	0/49	-0.402923	-0.0305956	inf
SRX8699803	TFs and others	TP53	Kidney	293	970	18/483	0/49	-0.402923	-0.0305956	inf
SRX873804	TFs and others	DNMT3A	Epidermis	Epidermal stem cells	697	18/483	0/49	-0.402923	-0.0305956	inf
SRX8823214	TFs and others	ARID1A	Lung	A549	313	18/483	0/49	-0.402923	-0.0305956	inf
SRX8861813	TFs and others	ESR1	Breast	T-47D	2358	18/483	0/49	-0.402923	-0.0305956	inf
SRX8976672	TFs and others	HDAC3	Digestive tract	KYSE-410	674	18/483	0/49	-0.402923	-0.0305956	inf
SRX8984331	TFs and others	FLI1	Bone	A-673	4374	18/483	0/49	-0.402923	-0.0305956	inf
SRX9237239	TFs and others	FIP1L1	Blood	K-562	1106	18/483	0/49	-0.402923	-0.0305956	inf
SRX9237241	TFs and others	FIP1L1	Blood	K-562	1242	18/483	0/49	-0.402923	-0.0305956	inf
SRX9237245	TFs and others	CPSF3	Blood	K-562	1093	18/483	0/49	-0.402923	-0.0305956	inf
SRX9468671	TFs and others	Epitope tags	Prostate	LNCAP	1827	18/483	0/49	-0.402923	-0.0305956	inf
SRX9469985	TFs and others	AR	Prostate	LAPC-4	11794	18/483	0/49	-0.402923	-0.0305956	inf
SRX9523537	TFs and others	NABP2	Bone	HT-1080	649	18/483	0/49	-0.402923	-0.0305956	inf
SRX9548658	TFs and others	SETD1A	Blood	THP-1	547	18/483	0/49	-0.402923	-0.0305956	inf
SRX9607922	TFs and others	TFAP2A	Epidermis	A-375	1094	18/483	0/49	-0.402923	-0.0305956	inf
SRX9671289	TFs and others	CCNT1	Blood	K-562	616	18/483	0/49	-0.402923	-0.0305956	inf
SRX9671330	TFs and others	ZC3H4	Digestive tract	HCT 116	901	18/483	0/49	-0.402923	-0.0305956	inf
SRX9674296	TFs and others	NR3C1	Pluripotent stem cell	iPSC derived hepatocytes	5238	18/483	0/49	-0.402923	-0.0305956	inf
SRX9674300	TFs and others	NR3C1	Pluripotent stem cell	iPSC derived hepatocytes	9857	18/483	0/49	-0.402923	-0.0305956	inf
SRX9674306	TFs and others	NR3C1	Pluripotent stem cell	iPSC derived hepatocytes	5053	18/483	0/49	-0.402923	-0.0305956	inf
SRX9674307	TFs and others	NR3C1	Pluripotent stem cell	iPSC derived hepatocytes	3045	18/483	0/49	-0.402923	-0.0305956	inf
SRX9674308	TFs and others	NR3C1	Pluripotent stem cell	iPSC derived hepatocytes	5837	18/483	0/49	-0.402923	-0.0305956	inf
SRX9674311	TFs and others	NR3C1	Pluripotent stem cell	iPSC derived hepatocytes	1789	18/483	0/49	-0.402923	-0.0305956	inf
SRX9683846	TFs and others	NR3C1	Adipocyte	Adipocytes	3168	18/483	0/49	-0.402923	-0.0305956	inf
SRX9697304	TFs and others	NR3C1	Bone	U2OS	849	18/483	0/49	-0.402923	-0.0305956	inf
SRX973413	TFs and others	EHMT2	Kidney	293	1066	18/483	0/49	-0.402923	-0.0305956	inf
SRX973423	TFs and others	EHMT2	Kidney	293	969	18/483	0/49	-0.402923	-0.0305956	inf
SRX973428	TFs and others	EHMT2	Kidney	293	1188	18/483	0/49	-0.402923	-0.0305956	inf
SRX9843988	TFs and others	ESR1	Unclassified	Unclassified	965	18/483	0/49	-0.402923	-0.0305956	inf
SRX9932063	TFs and others	HDAC6	Breast	MCF-7	4110	18/483	0/49	-0.402923	-0.0305956	inf
SRX190194	TFs and others	GATA3	Neural	SK-N-SH	67373	130/483	10/49	-0.402409	-0.0305956	1.31884
SRX6027685	TFs and others	ESR1	Uterus	Ishikawa	13760	352/483	39/49	-0.402369	-0.0305956	0.915645
SRX6913081	TFs and others	BRD4	Blood	K-562	9449	129/483	10/49	-0.401937	-0.0305956	1.3087
SRX5824588	TFs and others	BRD2	Breast	SUM 159PT	4382	132/483	10/49	-0.401823	-0.0305956	1.33913
SRX150536	TFs and others	STAT3	Breast	MCF 10A	39237	128/483	10/49	-0.400953	-0.0305956	1.29855
SRX8418556	TFs and others	MAZ	Blood	SEM	4369	128/483	10/49	-0.400953	-0.0305956	1.29855
SRX1690205	TFs and others	MYCN	Neural	BE(2)-C	20362	356/483	33/49	-0.400778	-0.0305956	1.09442
SRX2982415	TFs and others	FOXA1	Uterus	Ishikawa	16493	127/483	16/49	-0.400778	-0.0305956	0.805254
SRX8299866	TFs and others	MYC	Bone	U2OS	7502	127/483	16/49	-0.400778	-0.0305956	0.805254
SRX5323868	TFs and others	STAT3	Breast	MCF-7	3171	68/483	9/49	-0.40073	-0.0305956	0.766506
SRX6927195	TFs and others	THAP11	Kidney	293	3070	68/483	9/49	-0.40073	-0.0305956	0.766506
SRX6927196	TFs and others	THAP11	Kidney	293	2978	68/483	9/49	-0.40073	-0.0305956	0.766506
SRX8073482	TFs and others	TBL1Y	Blood	DLBCL	1524	68/483	9/49	-0.40073	-0.0305956	0.766506
SRX100407	TFs and others	PAX5	Blood	GM12878	15730	128/483	16/49	-0.399243	-0.0305956	0.811594
SRX150631	TFs and others	BRCA1	Uterus	HeLa	6429	128/483	16/49	-0.399243	-0.0305956	0.811594
SRX3888135	TFs and others	SALL4	Liver	SNU-398	1219	35/483	5/49	-0.397716	-0.0305956	0.710145
SRX542553	TFs and others	MYC	Blood	P493-6	1670	35/483	5/49	-0.397716	-0.0305956	0.710145
SRX6476492	TFs and others	SMAD2	Cardiovascular	HUVEC	1950	35/483	5/49	-0.397716	-0.0305956	0.710145
SRX5624369	TFs and others	SREBF2	Blood	Macrophages	31892	414/483	40/49	-0.394461	-0.0305956	1.05
SRX6068069	TFs and others	PGR	Uterus	Endometrium	14677	414/483	40/49	-0.394461	-0.0305956	1.05
SRX189742	TFs and others	ETS1	Cardiovascular	HUVEC	2988	69/483	9/49	-0.394461	-0.0305956	0.777778
SRX369129	TFs and others	RBPJ	Blood	CUTLL1	2549	69/483	9/49	-0.394461	-0.0305956	0.777778
SRX4374900	TFs and others	NOTCH1	Breast	MB 157	1008	69/483	9/49	-0.394461	-0.0305956	0.777778
SRX100448	TFs and others	FOXA2	Liver	Hep G2	45168	75/483	5/49	-0.392992	-0.0305956	1.52174
SRX259617	TFs and others	TFAP4	Blood	Kasumi-1	7531	75/483	5/49	-0.392992	-0.0305956	1.52174
SRX3285606	TFs and others	KDM5B	Breast	FULR	3574	75/483	5/49	-0.392992	-0.0305956	1.52174
SRX356629	TFs and others	CTCF	Blood	GM19193	32380	75/483	5/49	-0.392992	-0.0305956	1.52174
SRX4931238	TFs and others	KMT2D	Kidney	293	2230	75/483	5/49	-0.392992	-0.0305956	1.52174
SRX7061818	TFs and others	BRD3	Blood	SEM	4692	75/483	5/49	-0.392992	-0.0305956	1.52174
SRX8472392	TFs and others	RUNX2	Blood	PER-117	5624	75/483	5/49	-0.392992	-0.0305956	1.52174
SRX150572	TFs and others	CEBPB	Liver	Hep G2	43465	76/483	5/49	-0.39292	-0.0305956	1.54203
SRX265425	TFs and others	KDM5B	Breast	SUM 159PT	6385	76/483	5/49	-0.39292	-0.0305956	1.54203
SRX3800711	TFs and others	CTCF	Breast	T-47D	27634	76/483	5/49	-0.39292	-0.0305956	1.54203
SRX6175625	TFs and others	CTCF	Bone	TC-71	40904	76/483	5/49	-0.39292	-0.0305956	1.54203
SRX9550900	TFs and others	FOXA1	Prostate	Prostate cancer	30148	76/483	5/49	-0.39292	-0.0305956	1.54203
SRX017891	TFs and others	RELA	Blood	GM10847	2751	16/483	3/49	-0.392586	-0.0305956	0.541063
SRX5323859	TFs and others	STAT3	Breast	MCF-7	590	16/483	3/49	-0.392586	-0.0305956	0.541063
SRX067467	TFs and others	CTCF	Cardiovascular	HUVEC	30350	74/483	5/49	-0.392308	-0.0305956	1.50145
SRX11023678	TFs and others	CEBPB	Lung	IMR-90	6136	74/483	5/49	-0.392308	-0.0305956	1.50145
SRX1967778	TFs and others	CTCF	Epidermis	Keratinocytes	30570	74/483	5/49	-0.392308	-0.0305956	1.50145
SRX4001918	TFs and others	CTCF	Blood	THP-1	36310	74/483	5/49	-0.392308	-0.0305956	1.50145
SRX4708030	TFs and others	TAF15	Liver	Hep G2	2984	74/483	5/49	-0.392308	-0.0305956	1.50145
SRX3056628	TFs and others	CTCF	Blood	Erythroblasts	39614	77/483	5/49	-0.392105	-0.0305956	1.56232
SRX3056629	TFs and others	CTCF	Blood	Erythroblasts	39606	77/483	5/49	-0.392105	-0.0305956	1.56232
SRX3098194	TFs and others	RUNX1T1	Blood	Kasumi-1	5658	77/483	5/49	-0.392105	-0.0305956	1.56232
SRX3540870	TFs and others	CTCF	Uterus	HeLa	53081	140/483	11/49	-0.390619	-0.0305956	1.29117
SRX3934095	TFs and others	INTS13	Blood	Monocytes	4028	140/483	11/49	-0.390619	-0.0305956	1.29117
SRX1287846	TFs and others	CDK8	Blood	MOLM-14	50649	343/483	38/49	-0.390619	-0.0305956	0.915713
SRX9932051	TFs and others	STAT5A	Breast	MCF-7	8740	343/483	38/49	-0.390619	-0.0305956	0.915713
SRX111773	TFs and others	CTCF	Blood	GM12868	29549	78/483	5/49	-0.390568	-0.0305956	1.58261
SRX199895	TFs and others	CTCF	Kidney	RPTEC	41645	78/483	5/49	-0.390568	-0.0305956	1.58261
SRX2574235	TFs and others	GATA2	Blood	SKH1	17056	78/483	5/49	-0.390568	-0.0305956	1.58261
SRX6473450	TFs and others	Epitope tags	Pluripotent stem cell	hESC derived neural crests	5039	78/483	5/49	-0.390568	-0.0305956	1.58261
SRX204413	TFs and others	MAX	Blood	P493-6	14582	342/483	38/49	-0.390554	-0.0305956	0.913043
SRX4473672	TFs and others	SMARCC1	Gonad	BIN-67	14141	139/483	11/49	-0.390212	-0.0305956	1.28195
SRX1878890	TFs and others	CTCF	Muscle	Rh-4	33300	142/483	11/49	-0.390022	-0.0305956	1.30962
SRX5824565	TFs and others	BRD2	Breast	SUM 149PT	18272	346/483	32/49	-0.389029	-0.0305956	1.09692
SRX100436	TFs and others	PAX5	Blood	GM12878	14922	137/483	17/49	-0.389029	-0.0305956	0.817562
SRX347427	TFs and others	STAT3	Blood	SU-DHL-4	8356	137/483	17/49	-0.389029	-0.0305956	0.817562
SRX2043230	TFs and others	TCF3	Blood	RCH-ACV	41561	409/483	39/49	-0.388335	-0.0305956	1.06392
SRX4786562	TFs and others	KMT2C	Breast	MCF-7	7192	74/483	10/49	-0.388335	-0.0305956	0.750725
SRX059710	TFs and others	HDAC1	Prostate	VCaP	1249	40/483	2/49	-0.386647	-0.0305956	2.02899
SRX100489	TFs and others	FOXA1	Uterus	ECC-1	3523	40/483	2/49	-0.386647	-0.0305956	2.02899
SRX150390	TFs and others	SMC3	Blood	K-562	16723	40/483	2/49	-0.386647	-0.0305956	2.02899
SRX1787658	TFs and others	GRHL2	Breast	MCF-7	24331	40/483	2/49	-0.386647	-0.0305956	2.02899
SRX1787680	TFs and others	KMT2C	Breast	MCF-7	7956	40/483	2/49	-0.386647	-0.0305956	2.02899
SRX2442515	TFs and others	CTCF	Blood	K-562	12328	40/483	2/49	-0.386647	-0.0305956	2.02899
SRX2896486	TFs and others	CTCF	Pancreas	MIA Paca-2	18501	40/483	2/49	-0.386647	-0.0305956	2.02899
SRX3461645	TFs and others	BCL6	Blood	OCI-LY1	3553	40/483	2/49	-0.386647	-0.0305956	2.02899
SRX4001960	TFs and others	SPI1	Blood	THP-1	29706	40/483	2/49	-0.386647	-0.0305956	2.02899
SRX4001961	TFs and others	SPI1	Blood	THP-1	26144	40/483	2/49	-0.386647	-0.0305956	2.02899
SRX475800	TFs and others	ZBTB33	Blood	GM12878	1259	40/483	2/49	-0.386647	-0.0305956	2.02899
SRX689361	TFs and others	Epitope tags	Kidney	293	1366	40/483	2/49	-0.386647	-0.0305956	2.02899
SRX7061828	TFs and others	BRD4	Blood	SEM	2806	40/483	2/49	-0.386647	-0.0305956	2.02899
SRX7262409	TFs and others	FOXA1	Others	Bladder cancer	9702	40/483	2/49	-0.386647	-0.0305956	2.02899
SRX7427506	TFs and others	ESR1	Breast	MCF-7	7834	40/483	2/49	-0.386647	-0.0305956	2.02899
SRX7807562	TFs and others	GATA3	Unclassified	Unclassified	20050	40/483	2/49	-0.386647	-0.0305956	2.02899
SRX8257415	TFs and others	DDX21	Epidermis	A-375	8629	40/483	2/49	-0.386647	-0.0305956	2.02899
SRX9178830	TFs and others	HAP1	Blood	HAP1	2767	40/483	2/49	-0.386647	-0.0305956	2.02899
SRX080410	TFs and others	CTCF	Epidermis	NHEK	26161	41/483	2/49	-0.386325	-0.0305956	2.07971
SRX10119172	TFs and others	CREBBP	Blood	MV-4-11	1398	41/483	2/49	-0.386325	-0.0305956	2.07971
SRX11399800	TFs and others	HDAC2	Lung	NCI-H1963	2929	41/483	2/49	-0.386325	-0.0305956	2.07971
SRX1389379	TFs and others	FOXA1	Pancreas	CFPAC-1	20081	41/483	2/49	-0.386325	-0.0305956	2.07971
SRX1457804	TFs and others	GFP	Uterus	HeLa	928	41/483	2/49	-0.386325	-0.0305956	2.07971
SRX150457	TFs and others	BRCA1	Blood	GM12878	1019	41/483	2/49	-0.386325	-0.0305956	2.07971
SRX2207671	TFs and others	RELA	Cardiovascular	HUVEC	16549	41/483	2/49	-0.386325	-0.0305956	2.07971
SRX2642364	TFs and others	FOXA1	Prostate	VCaP	44471	41/483	2/49	-0.386325	-0.0305956	2.07971
SRX2871345	TFs and others	GATA3	Breast	T-47D	10983	41/483	2/49	-0.386325	-0.0305956	2.07971
SRX306516	TFs and others	AR	Prostate	DU 145	16371	41/483	2/49	-0.386325	-0.0305956	2.07971
SRX3110777	TFs and others	SMC3	Uterus	HeLa	14431	41/483	2/49	-0.386325	-0.0305956	2.07971
SRX3229153	TFs and others	ESR1	Breast	Breast cancer	4992	41/483	2/49	-0.386325	-0.0305956	2.07971
SRX4958408	TFs and others	CTCF	Kidney	293	25359	41/483	2/49	-0.386325	-0.0305956	2.07971
SRX5287698	TFs and others	ESR1	Breast	MCF-7	13451	41/483	2/49	-0.386325	-0.0305956	2.07971
SRX6913101	TFs and others	BRD4	Blood	CD4+ T cells	2080	41/483	2/49	-0.386325	-0.0305956	2.07971
SRX7268459	TFs and others	NKX2-2	Bone	A-673	3413	41/483	2/49	-0.386325	-0.0305956	2.07971
SRX7805364	TFs and others	ZFX	Prostate	22Rv1	1715	41/483	2/49	-0.386325	-0.0305956	2.07971
SRX790971	TFs and others	NFKB2	Blood	L-1236	10149	41/483	2/49	-0.386325	-0.0305956	2.07971
SRX8151649	TFs and others	ARNTL	Adipocyte	Preadipocytes	1840	41/483	2/49	-0.386325	-0.0305956	2.07971
SRX882968	TFs and others	5-mC	Prostate	LNCAP	90216	41/483	2/49	-0.386325	-0.0305956	2.07971
SRX9779520	TFs and others	HDAC2	Lung	NCI-H1963	2913	41/483	2/49	-0.386325	-0.0305956	2.07971
SRX11312421	TFs and others	CTCF	Lung	A549	13261	39/483	2/49	-0.38566	-0.0305956	1.97826
SRX1261518	TFs and others	GATA2	Blood	TF-1	19571	39/483	2/49	-0.38566	-0.0305956	1.97826
SRX176859	TFs and others	ESR1	Breast	MCF-7	11842	39/483	2/49	-0.38566	-0.0305956	1.97826
SRX176883	TFs and others	EP300	Breast	MCF-7	15255	39/483	2/49	-0.38566	-0.0305956	1.97826
SRX2245437	TFs and others	ZEB1	Pancreas	MIA Paca-2	1220	39/483	2/49	-0.38566	-0.0305956	1.97826
SRX2442516	TFs and others	CTCF	Digestive tract	HCT 116	11283	39/483	2/49	-0.38566	-0.0305956	1.97826
SRX268450	TFs and others	GRHL2	Lung	Tracheal epithelial cells	17346	39/483	2/49	-0.38566	-0.0305956	1.97826
SRX3110781	TFs and others	Epitope tags	Uterus	HeLa	34467	39/483	2/49	-0.38566	-0.0305956	1.97826
SRX3230385	TFs and others	FOXP1	Liver	Hep G2	15697	39/483	2/49	-0.38566	-0.0305956	1.97826
SRX3230410	TFs and others	ZHX3	Liver	Hep G2	1976	39/483	2/49	-0.38566	-0.0305956	1.97826
SRX3636885	TFs and others	RELA	Kidney	Renal cell carcinoma	3369	39/483	2/49	-0.38566	-0.0305956	1.97826
SRX4802333	TFs and others	ARNT	Kidney	HKC8	3021	39/483	2/49	-0.38566	-0.0305956	1.97826
SRX5391689	TFs and others	CTCF	Blood	Neutrophils	6878	39/483	2/49	-0.38566	-0.0305956	1.97826
SRX5532364	TFs and others	CTCF	Neural	Anterior temporal cortex	1594	39/483	2/49	-0.38566	-0.0305956	1.97826
SRX573029	TFs and others	AFF4	Uterus	HeLa	1682	39/483	2/49	-0.38566	-0.0305956	1.97826
SRX6614743	TFs and others	RAD21	Lung	IMR-90	13929	39/483	2/49	-0.38566	-0.0305956	1.97826
SRX6748247	TFs and others	FOXA1	Prostate	Prostate cancer	19965	39/483	2/49	-0.38566	-0.0305956	1.97826
SRX8089673	TFs and others	MED1	Prostate	VCaP	986	39/483	2/49	-0.38566	-0.0305956	1.97826
SRX9498741	TFs and others	GTF2B	Blood	K-562	1400	39/483	2/49	-0.38566	-0.0305956	1.97826
SRX2194287	TFs and others	BRD4	Breast	SUM 229PE	7756	75/483	10/49	-0.385435	-0.0305956	0.76087
SRX9029201	TFs and others	POU2F2	Blood	Monocytes-CD14+	5330	75/483	10/49	-0.385435	-0.0305956	0.76087
ERX664198	TFs and others	CTCF	Blood	B cells	25284	42/483	2/49	-0.384747	-0.0305956	2.13043
SRX11312422	TFs and others	CTCF	Lung	A549	17472	42/483	2/49	-0.384747	-0.0305956	2.13043
SRX199891	TFs and others	CTCF	Breast	MCF-7	33533	42/483	2/49	-0.384747	-0.0305956	2.13043
SRX386203	TFs and others	TAL1	Blood	CD34+	15616	42/483	2/49	-0.384747	-0.0305956	2.13043
SRX398298	TFs and others	CDK8	Digestive tract	HT-29	4128	42/483	2/49	-0.384747	-0.0305956	2.13043
SRX4192879	TFs and others	FOS	Breast	MCF 10A	39305	42/483	2/49	-0.384747	-0.0305956	2.13043
SRX4212570	TFs and others	EZH2	Blood	Peripheral blood mononuclear cells	1172	42/483	2/49	-0.384747	-0.0305956	2.13043
SRX4367421	TFs and others	TBP	Lung	Bronchial tracheal epithelial cells	1569	42/483	2/49	-0.384747	-0.0305956	2.13043
SRX475798	TFs and others	ZBTB33	Blood	GM12878	1322	42/483	2/49	-0.384747	-0.0305956	2.13043
SRX5068571	TFs and others	SMARCC1	Gonad	BIN-67	2351	42/483	2/49	-0.384747	-0.0305956	2.13043
SRX5124854	TFs and others	FOXA1	Prostate	22Rv1	19448	42/483	2/49	-0.384747	-0.0305956	2.13043
SRX5883948	TFs and others	CTCF	Blood	Multiple Myeloma	23678	42/483	2/49	-0.384747	-0.0305956	2.13043
SRX725589	TFs and others	TAL1	Blood	T-ALL	22746	42/483	2/49	-0.384747	-0.0305956	2.13043
SRX7570800	TFs and others	FOXO1	Blood	SU-DHL-4	4402	42/483	2/49	-0.384747	-0.0305956	2.13043
SRX8453143	TFs and others	AR	Liver	Liver	31901	42/483	2/49	-0.384747	-0.0305956	2.13043
SRX8673360	TFs and others	EGR1	Blood	Kasumi-1	1572	42/483	2/49	-0.384747	-0.0305956	2.13043
SRX882970	TFs and others	5-mC	Prostate	LNCAP	86663	42/483	2/49	-0.384747	-0.0305956	2.13043
SRX9513907	TFs and others	FOXA1	Prostate	LNCAP	17088	42/483	2/49	-0.384747	-0.0305956	2.13043
SRX2961792	TFs and others	TRIM24	Blood	MOLM-13	14044	140/483	17/49	-0.383378	-0.0305956	0.835465
SRX4367193	TFs and others	ESR1	Breast	MCF-7	84511	140/483	17/49	-0.383378	-0.0305956	0.835465
SRX5567178	TFs and others	RNF2	Blood	ME-1	8141	140/483	17/49	-0.383378	-0.0305956	0.835465
SRX038645	TFs and others	CTCF	Epidermis	NHEK	27005	43/483	2/49	-0.381983	-0.0305956	2.18116
SRX10212066	TFs and others	ATF4	Blood	CD4+ T cells	12151	43/483	2/49	-0.381983	-0.0305956	2.18116
SRX190347	TFs and others	REST	Breast	MCF-7	8109	43/483	2/49	-0.381983	-0.0305956	2.18116
SRX190348	TFs and others	JUND	Breast	MCF-7	6163	43/483	2/49	-0.381983	-0.0305956	2.18116
SRX199871	TFs and others	CTCF	Blood	NB-4	29158	43/483	2/49	-0.381983	-0.0305956	2.18116
SRX2850860	TFs and others	APC	Digestive tract	HCT 116	2643	43/483	2/49	-0.381983	-0.0305956	2.18116
SRX2897216	TFs and others	ESR1	Breast	Breast cancer cells	2377	43/483	2/49	-0.381983	-0.0305956	2.18116
SRX306509	TFs and others	FOXA1	Prostate	DU 145	2933	43/483	2/49	-0.381983	-0.0305956	2.18116
SRX3288587	TFs and others	RAD21	Pluripotent stem cell	hESC H9	46123	43/483	2/49	-0.381983	-0.0305956	2.18116
SRX4001870	TFs and others	RAD21	Blood	THP-1	19989	43/483	2/49	-0.381983	-0.0305956	2.18116
SRX4001878	TFs and others	RAD21	Blood	THP-1	15974	43/483	2/49	-0.381983	-0.0305956	2.18116
SRX4155651	TFs and others	CTCF	Neural	KELLY	14259	43/483	2/49	-0.381983	-0.0305956	2.18116
SRX4169276	TFs and others	SUPT5H	Bone	U2OS	1319	43/483	2/49	-0.381983	-0.0305956	2.18116
SRX4677288	TFs and others	FOXA2	Pancreas	PANC-1	9445	43/483	2/49	-0.381983	-0.0305956	2.18116
SRX4802360	TFs and others	ARNT	Liver	Hep G2	1114	43/483	2/49	-0.381983	-0.0305956	2.18116
SRX5323875	TFs and others	ESR1	Breast	MCF-7	10929	43/483	2/49	-0.381983	-0.0305956	2.18116
SRX6949260	TFs and others	Epitope tags	Uterus	HeLa	22549	43/483	2/49	-0.381983	-0.0305956	2.18116
SRX6957481	TFs and others	FOXL2	Gonad	KGN	25937	43/483	2/49	-0.381983	-0.0305956	2.18116
SRX9599288	TFs and others	REST	Kidney	293	1531	43/483	2/49	-0.381983	-0.0305956	2.18116
SRX9719168	TFs and others	ESR1	Breast	MCF-7	10830	43/483	2/49	-0.381983	-0.0305956	2.18116
SRX9932058	TFs and others	STAT5A	Breast	MCF-7	983	76/483	10/49	-0.381902	-0.0305956	0.771014
SRX2055843	TFs and others	RELA	Kidney	Renal cell carcinoma	8685	150/483	12/49	-0.380685	-0.0305956	1.26812
SRX3472380	TFs and others	TP53BP1	Pluripotent stem cell	hESC derived neural cells	3097	150/483	12/49	-0.380685	-0.0305956	1.26812
SRX10045364	TFs and others	ASXL1	Blood	THP-1	11513	333/483	37/49	-0.380685	-0.0305956	0.913043
SRX10313956	TFs and others	ZBTB7A	Blood	HUDEP-2	14385	342/483	32/49	-0.380646	-0.0305956	1.08424
SRX212651	TFs and others	STAT1	Blood	Monocytes-CD14+	21806	342/483	32/49	-0.380646	-0.0305956	1.08424
SRX1733648	TFs and others	ATF2	Blood	Macrophages	3840	141/483	17/49	-0.380646	-0.0305956	0.841432
SRX3837516	TFs and others	SRF	Blood	HEL	1109	17/483	3/49	-0.380431	-0.0305956	0.574879
SRX5982364	TFs and others	SMARCA4	Lung	A549	6325	17/483	3/49	-0.380431	-0.0305956	0.574879
SRX7785391	TFs and others	Epitope tags	Blood	Jurkat	1808	17/483	3/49	-0.380431	-0.0305956	0.574879
SRX190278	TFs and others	GABPA	Blood	HL-60	6396	148/483	12/49	-0.379546	-0.0305956	1.25121
SRX359892	TFs and others	HOXA4	Digestive tract	LoVo	8802	335/483	37/49	-0.379546	-0.0305956	0.918527
SRX100572	TFs and others	USF1	Liver	Hep G2	19649	147/483	18/49	-0.379115	-0.0305956	0.828502
SRX3934089	TFs and others	INTS13	Blood	Jurkat	5897	147/483	12/49	-0.378317	-0.0305956	1.24275
SRX6780870	TFs and others	CREB1	Pluripotent stem cell	iPS derived neural cells	9555	336/483	37/49	-0.378317	-0.0305956	0.921269
SRX1538761	TFs and others	NR1H3	Digestive tract	HT-29	11575	40/483	6/49	-0.378114	-0.0305956	0.676329
SRX4786553	TFs and others	TET2	Breast	MCF-7	538	40/483	6/49	-0.378114	-0.0305956	0.676329
SRX7054933	TFs and others	ERG	Cardiovascular	HAEC	4377	40/483	6/49	-0.378114	-0.0305956	0.676329
SRX190176	TFs and others	CREB1	Lung	A549	1804	77/483	10/49	-0.377774	-0.0305956	0.781159
SRX2194289	TFs and others	BRD4	Breast	SUM 229PE	8177	77/483	10/49	-0.377774	-0.0305956	0.781159
SRX2734393	TFs and others	NFE2L2	Cardiovascular	HAEC	13748	77/483	10/49	-0.377774	-0.0305956	0.781159
SRX7902981	TFs and others	EGR1	Blood	Macrophages	1096	77/483	10/49	-0.377774	-0.0305956	0.781159
SRX182682	TFs and others	BRCA1	Breast	MCF 10A	3960	148/483	18/49	-0.377736	-0.0305956	0.834138
SRX029087	TFs and others	FOS	Blood	K-562	15095	41/483	6/49	-0.37323	-0.0305956	0.693237
SRX150477	TFs and others	FOS	Breast	MCF 10A	69827	41/483	6/49	-0.37323	-0.0305956	0.693237
SRX2871364	TFs and others	PGR	Breast	T-47D	18884	41/483	6/49	-0.37323	-0.0305956	0.693237
SRX5323865	TFs and others	STAT3	Breast	MCF-7	1330	41/483	6/49	-0.37323	-0.0305956	0.693237
SRX9426425	TFs and others	HCFC1	Blood	RAMOS	1884	41/483	6/49	-0.37323	-0.0305956	0.693237
SRX1515050	TFs and others	GFP	Kidney	293	3620	78/483	10/49	-0.373091	-0.0305956	0.791304
SRX3737119	TFs and others	NELFA	Kidney	293	5031	160/483	13/49	-0.372313	-0.0305956	1.24861
SRX5323834	TFs and others	STAT3	Breast	T-47D	11869	160/483	13/49	-0.372313	-0.0305956	1.24861
SRX2194262	TFs and others	BRD4	Breast	SUM 159PT	39654	323/483	36/49	-0.372313	-0.0305956	0.910225
SRX2529782	TFs and others	Epitope tags	Blood	RAJI	17249	324/483	36/49	-0.372014	-0.0305956	0.913043
SRX10722989	TFs and others	GTF2F1	Bone	U2OS	5236	158/483	13/49	-0.371301	-0.0305956	1.233
SRX7701215	TFs and others	BRD4	Lung	NCI-H1963	4159	158/483	13/49	-0.371301	-0.0305956	1.233
SRX1165102	TFs and others	Epitope tags	Liver	Hep G2	9663	325/483	36/49	-0.371301	-0.0305956	0.915862
SRX7054616	TFs and others	RELA	Cardiovascular	HAEC	19564	151/483	18/49	-0.371165	-0.0305956	0.851047
SRX018279	TFs and others	EP300	Neural	T98G	9949	157/483	19/49	-0.370745	-0.0305956	0.838291
SRX5323888	TFs and others	STAT3	Breast	T-47D	29284	326/483	36/49	-0.370175	-0.0305956	0.91868
SRX9702212	TFs and others	IRF3	Blood	MM.1S	20658	325/483	30/49	-0.369417	-0.0305956	1.09903
SRX174819	TFs and others	NKX2-1	Lung	NCI-H3122	19770	158/483	19/49	-0.369417	-0.0305956	0.843631
SRX5289971	TFs and others	NR3C1	Lung	BEAS-2B	8504	158/483	19/49	-0.369417	-0.0305956	0.843631
SRX9468676	TFs and others	Epitope tags	Prostate	LNCAP	8178	158/483	19/49	-0.369417	-0.0305956	0.843631
SRX4890468	TFs and others	LDB1	Blood	Kasumi-1	10240	85/483	6/49	-0.368175	-0.0305956	1.4372
SRX5089509	TFs and others	HDAC1	Breast	MCF-7	3725	85/483	6/49	-0.368175	-0.0305956	1.4372
SRX684293	TFs and others	ASUN	Uterus	HeLa	3941	85/483	6/49	-0.368175	-0.0305956	1.4372
SRX8536113	TFs and others	GATA1	Blood	HUDEP-2	16619	85/483	6/49	-0.368175	-0.0305956	1.4372
SRX8673356	TFs and others	EGR1	Blood	Kasumi-1	6882	85/483	6/49	-0.368175	-0.0305956	1.4372
SRX9550861	TFs and others	FOXA1	Prostate	Prostate cancer	35725	85/483	6/49	-0.368175	-0.0305956	1.4372
ERX989288	TFs and others	CTCF	Blood	K-562	38781	86/483	6/49	-0.368103	-0.0305956	1.45411
SRX356612	TFs and others	CTCF	Blood	GM19099	34068	86/483	6/49	-0.368103	-0.0305956	1.45411
SRX6578948	TFs and others	CTCF	Blood	CUTLL1	23141	86/483	6/49	-0.368103	-0.0305956	1.45411
SRX360059	TFs and others	ZNF280D	Digestive tract	LoVo	1372	79/483	10/49	-0.367895	-0.0305956	0.801449
SRX367492	TFs and others	FOXK1	Kidney	293	2733	79/483	10/49	-0.367895	-0.0305956	0.801449
SRX4792907	TFs and others	RAD21	Breast	T-47D	11545	79/483	10/49	-0.367895	-0.0305956	0.801449
SRX150460	TFs and others	USF2	Pluripotent stem cell	hESC H1	5197	84/483	6/49	-0.367615	-0.0305956	1.42029
SRX3345944	TFs and others	EGR1	Blood	HL-60	5726	84/483	6/49	-0.367615	-0.0305956	1.42029
SRX250093	TFs and others	FOXA1	Breast	MDA-MB-453	62978	441/483	43/49	-0.367426	-0.0305956	1.04044
SRX016038	TFs and others	RBL2	Lung	IMR-90	2144	42/483	6/49	-0.367426	-0.0305956	0.710145
SRX150365	TFs and others	RELA	Blood	GM12892	4794	42/483	6/49	-0.367426	-0.0305956	0.710145
SRX4116074	TFs and others	FOXA1	Prostate	Prostate cancer cells	9155	42/483	6/49	-0.367426	-0.0305956	0.710145
SRX6913039	TFs and others	BRD2	Blood	THP-1	1984	42/483	6/49	-0.367426	-0.0305956	0.710145
SRX7055002	TFs and others	ERG	Cardiovascular	HAEC	4870	42/483	6/49	-0.367426	-0.0305956	0.710145
ERX200495	TFs and others	CTCF	Blood	B cells	31217	87/483	6/49	-0.367407	-0.0305956	1.47101
SRX116447	TFs and others	SAP30	Blood	K-562	3001	87/483	6/49	-0.367407	-0.0305956	1.47101
SRX3447354	TFs and others	ESR1	Breast	MCF-7	53177	87/483	6/49	-0.367407	-0.0305956	1.47101
SRX356437	TFs and others	CTCF	Blood	GM10847	31577	87/483	6/49	-0.367407	-0.0305956	1.47101
SRX7807559	TFs and others	GATA3	Blood	GM12878	6906	87/483	6/49	-0.367407	-0.0305956	1.47101
SRX8861823	TFs and others	ESR1	Breast	T-47D	11574	87/483	6/49	-0.367407	-0.0305956	1.47101
SRX022397	TFs and others	VDR	Blood	Lymphoblastoid cell line	2990	18/483	3/49	-0.366907	-0.0305956	0.608696
SRX026267	TFs and others	HNF4A	Digestive tract	Caco-2	3606	18/483	3/49	-0.366907	-0.0305956	0.608696
SRX2404133	TFs and others	RELA	Others	Detroit 562	4353	18/483	3/49	-0.366907	-0.0305956	0.608696
SRX3020563	TFs and others	PHIP	Digestive tract	HCT 116	551	18/483	3/49	-0.366907	-0.0305956	0.608696
SRX3837512	TFs and others	SRF	Blood	HEL	1507	18/483	3/49	-0.366907	-0.0305956	0.608696
SRX7054944	TFs and others	ERG	Cardiovascular	HAEC	3138	18/483	3/49	-0.366907	-0.0305956	0.608696
SRX7213063	TFs and others	PAF1	Bone	U2OS	1020	18/483	3/49	-0.366907	-0.0305956	0.608696
SRX7522857	TFs and others	STAT3	Breast	MCF10DCIS.com	2787	18/483	3/49	-0.366907	-0.0305956	0.608696
SRX9600643	TFs and others	G-quadruplex	Blood	K-562	255	18/483	3/49	-0.366907	-0.0305956	0.608696
SRX2355083	TFs and others	RELA	Cardiovascular	HAEC	7399	88/483	6/49	-0.366105	-0.0305956	1.48792
SRX3110743	TFs and others	ESR1	Breast	MCF-7	56440	88/483	6/49	-0.366105	-0.0305956	1.48792
SRX9550868	TFs and others	FOXA1	Prostate	Prostate cancer	31162	88/483	6/49	-0.366105	-0.0305956	1.48792
SRX8080568	TFs and others	POU2F1	Breast	Mammary gland ductal carcinoma	18399	395/483	43/49	-0.366105	-0.0305956	0.931918
SRX5141099	TFs and others	SPI1	Blood	THP-1	50523	170/483	14/49	-0.36528	-0.0305956	1.23188
SRX2145568	TFs and others	RUNX2	Breast	MCF-7	16054	171/483	14/49	-0.365142	-0.0305956	1.23913
SRX037418	TFs and others	NFYA	Blood	K-562	8885	312/483	35/49	-0.365142	-0.0305956	0.904348
SRX6909700	TFs and others	PBX1	Blood	697	9903	169/483	14/49	-0.365026	-0.0305956	1.22464
SRX4708107	TFs and others	RBM25	Liver	Hep G2	32999	314/483	35/49	-0.365026	-0.0305956	0.910145
SRX9932061	TFs and others	STAT5A	Breast	MCF-7	6722	314/483	35/49	-0.365026	-0.0305956	0.910145
SRX3852891	TFs and others	NELFE	Blood	K-562	10548	317/483	29/49	-0.364614	-0.0305956	1.10895
SRX475743	TFs and others	GABPA	Blood	GM12878	5112	166/483	20/49	-0.364614	-0.0305956	0.842029
SRX190321	TFs and others	MAX	Liver	Hep G2	39412	399/483	38/49	-0.364213	-0.0305956	1.06522
SRX190238	TFs and others	NR2F2	Blood	K-562	17569	84/483	11/49	-0.364213	-0.0305956	0.774704
SRX5514012	TFs and others	FOS	Uterus	Uterin leiomyoma	3800	84/483	11/49	-0.364213	-0.0305956	0.774704
SRX5574484	TFs and others	ETS1	Blood	CTV-1	31400	316/483	35/49	-0.363342	-0.0305956	0.915942
SRX5075174	TFs and others	SMARCA4	Neural	Neural progenitor cells	34486	322/483	30/49	-0.363131	-0.0305956	1.08889
SRX7692444	TFs and others	POLR2C	Breast	MCF-7	11032	322/483	30/49	-0.363131	-0.0305956	1.08889
SRX1058473	TFs and others	Epitope tags	Epidermis	MKL-1	6018	85/483	11/49	-0.361755	-0.0305956	0.783926
SRX7030922	TFs and others	KDM4B	Breast	MCF-7	882	85/483	11/49	-0.361755	-0.0305956	0.783926
SRX190358	TFs and others	SP1	Digestive tract	HCT 116	35477	440/483	43/49	-0.360802	-0.0305956	1.03809
SRX371469	TFs and others	ESR1	Breast	MCF-7	33512	43/483	6/49	-0.360802	-0.0305956	0.727053
SRX3734319	TFs and others	TP63	Breast	Mammary glands	32922	43/483	6/49	-0.360802	-0.0305956	0.727053
SRX7865932	TFs and others	BRD4	Breast	MDA-MB-231	7054	43/483	6/49	-0.360802	-0.0305956	0.727053
SRX8861818	TFs and others	ESR1	Breast	T-47D	21187	181/483	15/49	-0.359253	-0.0305956	1.22415
SRX190184	TFs and others	MAX	Lung	A549	29303	397/483	38/49	-0.358756	-0.0305956	1.05988
SRX1261524	TFs and others	SMC3	Blood	TF-1	12082	86/483	11/49	-0.358756	-0.0305956	0.793149
SRX3229146	TFs and others	ESR1	Breast	Breast cancer	6589	86/483	11/49	-0.358756	-0.0305956	0.793149
SRX9838422	TFs and others	YY1	Prostate	LNCAP	8299	170/483	20/49	-0.35872	-0.0305956	0.862319
SRX2565136	TFs and others	E2F1	Prostate	LNCAP	4112	176/483	21/49	-0.358718	-0.0305956	0.850242
SRX026639	TFs and others	ERG	Blood	SKNO-1	26783	305/483	28/49	-0.356548	-0.0305956	1.10507
SRX100499	TFs and others	GABPA	Uterus	HeLa	5351	171/483	20/49	-0.356342	-0.0305956	0.867391
SRX150637	TFs and others	USF2	Blood	GM12878	6043	87/483	11/49	-0.355245	-0.0305956	0.802372
SRX471878	TFs and others	ERG	Prostate	VCaP	4248	87/483	11/49	-0.355245	-0.0305956	0.802372
SRX6977270	TFs and others	LIN28B	Neural	BE(2)-C	1932	87/483	11/49	-0.355245	-0.0305956	0.802372
SRX003321	TFs and others	STAT1	Uterus	HeLa	1249	5/483	1/49	-0.354991	-0.0305956	0.507246
SRX093191	TFs and others	EGR2	Blood	Macrophages	470	5/483	1/49	-0.354991	-0.0305956	0.507246
SRX10820557	TFs and others	BRD4	Blood	REH	256	5/483	1/49	-0.354991	-0.0305956	0.507246
SRX10820558	TFs and others	BRD4	Blood	REH	188	5/483	1/49	-0.354991	-0.0305956	0.507246
SRX155751	TFs and others	HSF1	Lung	NCI-H441	186	5/483	1/49	-0.354991	-0.0305956	0.507246
SRX4420236	TFs and others	TRMT112	Prostate	PC-3M	98	5/483	1/49	-0.354991	-0.0305956	0.507246
SRX150363	TFs and others	MAZ	Blood	GM12878	13206	304/483	28/49	-0.354924	-0.0305956	1.10145
SRX1165100	TFs and others	Epitope tags	Liver	Hep G2	9021	293/483	33/49	-0.354587	-0.0305956	0.900747
SRX359880	TFs and others	ATF2	Digestive tract	LoVo	7481	293/483	33/49	-0.354587	-0.0305956	0.900747
SRX398294	TFs and others	MED1	Blood	OCI-LY1	9708	189/483	16/49	-0.354412	-0.0305956	1.19837
SRX702548	TFs and others	CHD8	Pluripotent stem cell	iPS derived neural cells	10229	186/483	22/49	-0.353855	-0.0305956	0.857708
SRX9932050	TFs and others	STAT5A	Breast	MCF-7	2544	186/483	22/49	-0.353855	-0.0305956	0.857708
SRX016034	TFs and others	RBL2	Lung	IMR-90	3026	44/483	6/49	-0.353457	-0.0305956	0.743961
SRX2871365	TFs and others	PGR	Breast	T-47D	19703	44/483	6/49	-0.353457	-0.0305956	0.743961
SRX2770857	TFs and others	SPI1	Blood	Macrophages	56008	187/483	16/49	-0.352979	-0.0305956	1.18569
SRX5323848	TFs and others	FOXA1	Breast	MCF-7	9449	19/483	3/49	-0.352414	-0.0305956	0.642512
SRX5323869	TFs and others	STAT3	Breast	MCF-7	414	19/483	3/49	-0.352414	-0.0305956	0.642512
SRX8171735	TFs and others	MYBBP1A	Pancreas	PDAC	345	19/483	3/49	-0.352414	-0.0305956	0.642512
SRX9867040	TFs and others	CTCF	Blood	CD4+ T cells	22754	295/483	27/49	-0.351703	-0.0305956	1.10843
SRX3230389	TFs and others	KDM2A	Liver	Hep G2	29110	395/483	38/49	-0.35125	-0.0305956	1.05454
SRX4493017	TFs and others	GFI1B	Blood	K-562	3504	88/483	11/49	-0.35125	-0.0305956	0.811594
SRX190320	TFs and others	GABPA	Breast	MCF-7	9934	284/483	32/49	-0.350555	-0.0305956	0.900362
SRX359409	TFs and others	CREBBP	Kidney	293	10317	288/483	26/49	-0.350484	-0.0305956	1.12375
SRX3591437	TFs and others	BRD4	Blood	B-CLL cells	11356	294/483	27/49	-0.350107	-0.0305956	1.10467
SRX6778343	TFs and others	ELF1	Lung	A549	7746	198/483	17/49	-0.350065	-0.0305956	1.18159
SRX6102135	TFs and others	NELFE	Uterus	HeLa	13632	287/483	26/49	-0.349925	-0.0305956	1.11984
SRX5824580	TFs and others	BRD4	Breast	SUM 159PT	5278	95/483	7/49	-0.348432	-0.0305956	1.37681
SRX8406421	TFs and others	AR	Prostate	Prostate	15165	95/483	7/49	-0.348432	-0.0305956	1.37681
SRX9095261	TFs and others	CTCF	Pluripotent stem cell	hESC H9	49639	95/483	7/49	-0.348432	-0.0305956	1.37681
SRX5010965	TFs and others	BCOR	Prostate	VCaP	25317	96/483	7/49	-0.348347	-0.0305956	1.3913
SRX5323872	TFs and others	ESR1	Breast	MCF-7	22865	96/483	7/49	-0.348347	-0.0305956	1.3913
SRX100942	TFs and others	TCF7L2	Pancreas	PANC-1	6585	94/483	7/49	-0.347973	-0.0305956	1.36232
SRX147007	TFs and others	EP300	Lung	IMR-90	19389	94/483	7/49	-0.347973	-0.0305956	1.36232
SRX747571	TFs and others	RUNX1	Blood	Kasumi-1	8404	94/483	7/49	-0.347973	-0.0305956	1.36232
SRX4705113	TFs and others	CEBPA	Blood	MOLM-13	96197	198/483	23/49	-0.347776	-0.0305956	0.873346
SRX1514963	TFs and others	GFP	Kidney	293	15443	97/483	7/49	-0.347727	-0.0305956	1.4058
SRX4611692	TFs and others	ESR1	Breast	MCF-7	42260	97/483	7/49	-0.347727	-0.0305956	1.4058
SRX8616798	TFs and others	JUN	Lung	A549	14319	97/483	7/49	-0.347727	-0.0305956	1.4058
SRX8616825	TFs and others	FOSL2	Lung	A549	15824	97/483	7/49	-0.347727	-0.0305956	1.4058
SRX8037084	TFs and others	KLF5	Digestive tract	T.T	13060	209/483	18/49	-0.347555	-0.0305956	1.17794
SRX1272808	TFs and others	BRD4	Digestive tract	COLO 741	8894	208/483	18/49	-0.347106	-0.0305956	1.1723
SRX7677738	TFs and others	NCBP1	Digestive tract	DLD-1	7621	208/483	18/49	-0.347106	-0.0305956	1.1723
SRX9433103	TFs and others	MYC	Bone	U2OS	15879	208/483	18/49	-0.347106	-0.0305956	1.1723
SRX3800708	TFs and others	CTCF	Breast	T-47D	29429	93/483	7/49	-0.346966	-0.0305956	1.34783
SRX8616835	TFs and others	FOSL2	Lung	A549	14559	93/483	7/49	-0.346966	-0.0305956	1.34783
SRX9604647	TFs and others	FOXA1	Prostate	LNCAP	83226	93/483	7/49	-0.346966	-0.0305956	1.34783
SRX2198835	TFs and others	LARP7	Uterus	HeLa	31176	390/483	42/49	-0.346966	-0.0305956	0.942029
SRX100485	TFs and others	REST	Blood	K-562	14570	98/483	7/49	-0.346582	-0.0305956	1.42029
SRX190210	TFs and others	REST	Blood	HL-60	9597	98/483	7/49	-0.346582	-0.0305956	1.42029
SRX4611699	TFs and others	ESR1	Breast	MCF-7	44561	98/483	7/49	-0.346582	-0.0305956	1.42029
SRX7748767	TFs and others	BRD2	Digestive tract	DLD-1	5598	98/483	7/49	-0.346582	-0.0305956	1.42029
SRX8108990	TFs and others	G-quadruplex	Liver	Hep G2	1102	98/483	7/49	-0.346582	-0.0305956	1.42029
SRX100435	TFs and others	IRF4	Blood	GM12878	13240	45/483	6/49	-0.345489	-0.0305956	0.76087
SRX150483	TFs and others	MAFK	Lung	IMR-90	37218	45/483	6/49	-0.345489	-0.0305956	0.76087
SRX359972	TFs and others	STAT2	Digestive tract	LoVo	1226	45/483	6/49	-0.345489	-0.0305956	0.76087
SRX8073484	TFs and others	TBL1Y	Blood	DLBCL	975	45/483	6/49	-0.345489	-0.0305956	0.76087
SRX1023790	TFs and others	SPI1	Blood	Macrophages	64368	219/483	19/49	-0.345354	-0.0305956	1.16934
SRX3161002	TFs and others	ZBTB7A	Blood	K-562	18832	206/483	18/49	-0.345187	-0.0305956	1.16103
SRX5718165	TFs and others	RAD21	Kidney	293	19812	206/483	18/49	-0.345187	-0.0305956	1.16103
SRX5323896	TFs and others	STAT3	Breast	T-47D	25635	265/483	30/49	-0.344943	-0.0305956	0.896135
SRX6066490	TFs and others	POLR2C	Digestive tract	HCT 116	18388	389/483	37/49	-0.344928	-0.0305956	1.06659
SRX100580	TFs and others	YY1	Blood	GM12891	10944	208/483	24/49	-0.344691	-0.0305956	0.879227
SRX190332	TFs and others	MYBL2	Liver	Hep G2	15320	208/483	24/49	-0.344691	-0.0305956	0.879227
SRX190406	TFs and others	TFAP2C	Epidermis	A-375	32591	283/483	26/49	-0.344291	-0.0305956	1.10424
SRX3857007	TFs and others	CDKN1B	Breast	MDA-MB-231	10256	283/483	26/49	-0.344291	-0.0305956	1.10424
SRX825394	TFs and others	ELF3	Pancreas	CFPAC-1	29912	217/483	19/49	-0.344196	-0.0305956	1.15866
SRX186645	TFs and others	RBBP5	Blood	K-562	12117	259/483	23/49	-0.343958	-0.0305956	1.14241
SRX3230417	TFs and others	ZNF335	Liver	Hep G2	11807	224/483	26/49	-0.343958	-0.0305956	0.874025
SRX190178	TFs and others	PML	Blood	K-562	12938	229/483	20/49	-0.343913	-0.0305956	1.16159
SRX1089829	TFs and others	NFE2	Blood	Erythroblasts	15466	258/483	23/49	-0.34367	-0.0305956	1.138
SRX3472373	TFs and others	TP53BP1	Pluripotent stem cell	hESC H9	7476	234/483	27/49	-0.343221	-0.0305956	0.879227
SRX8053100	TFs and others	KDM5A	Blood	MM.1S	9929	239/483	21/49	-0.343206	-0.0305956	1.15459
SRX9419953	TFs and others	BRD4	Breast	SK-BR-3	13268	209/483	24/49	-0.343119	-0.0305956	0.883454
SRX3636888	TFs and others	ZHX2	Kidney	Renal cell carcinoma	10838	226/483	26/49	-0.343052	-0.0305956	0.881828
SRX3091913	TFs and others	ZFX	Digestive tract	HCT 116	5185	95/483	12/49	-0.342781	-0.0305956	0.80314
SRX5289968	TFs and others	NR3C1	Lung	BEAS-2B	4678	95/483	12/49	-0.342781	-0.0305956	0.80314
SRX5574465	TFs and others	ETS1	Blood	CTV-1	33103	246/483	28/49	-0.342187	-0.0305956	0.891304
SRX9419925	TFs and others	BRD4	Breast	SK-BR-3	17676	246/483	28/49	-0.342187	-0.0305956	0.891304
SRX5503028	TFs and others	Epitope tags	Kidney	293	8539	226/483	20/49	-0.341792	-0.0305956	1.14638
SRX8037075	TFs and others	KLF5	Lung	HARA	12247	257/483	29/49	-0.341792	-0.0305956	0.89905
SRX265238	TFs and others	CBFB	Blood	U-937	6345	246/483	22/49	-0.341291	-0.0305956	1.13439
SRX9237231	TFs and others	SUPT5H	Blood	K-562	9961	264/483	24/49	-0.340816	-0.0305956	1.11594
SRX3789539	TFs and others	RUNX1	Blood	Acute myeloid leukemia	3079	219/483	25/49	-0.340816	-0.0305956	0.888696
SRX5709753	TFs and others	CTCF	Breast	MCF-7	3685	258/483	29/49	-0.340431	-0.0305956	0.902549
SRX151230	TFs and others	NIPBL	Blood	Lymphoblastoid cells	2487	96/483	12/49	-0.340162	-0.0305956	0.811594
SRX2778385	TFs and others	YY1	Blood	Lymphoblastoid cell line	3872	96/483	12/49	-0.340162	-0.0305956	0.811594
SRX100582	TFs and others	TAF1	Blood	GM12878	9396	238/483	27/49	-0.339998	-0.0305956	0.894257
SRX190272	TFs and others	SIN3A	Neural	SK-N-SH	9314	235/483	21/49	-0.339864	-0.0305956	1.13527
ERX200514	TFs and others	CTCF	Blood	B cells	26548	50/483	3/49	-0.339487	-0.0305956	1.69082
SRX10119376	TFs and others	YAP1	Breast	MCF 10A	19125	50/483	3/49	-0.339487	-0.0305956	1.69082
SRX129093	TFs and others	MAX	Blood	Multiple Myeloma	2433	50/483	3/49	-0.339487	-0.0305956	1.69082
SRX130603	TFs and others	EP300	Blood	OCI-LY1	3788	50/483	3/49	-0.339487	-0.0305956	1.69082
SRX2513517	TFs and others	ESR1	Breast	MCF-7	25016	50/483	3/49	-0.339487	-0.0305956	1.69082
SRX3164108	TFs and others	YY1	Blood	Jurkat	1999	50/483	3/49	-0.339487	-0.0305956	1.69082
SRX4001942	TFs and others	RAD21	Blood	THP-1	25440	50/483	3/49	-0.339487	-0.0305956	1.69082
SRX4451212	TFs and others	ESR1	Breast	MCF-7	35772	50/483	3/49	-0.339487	-0.0305956	1.69082
SRX4572974	TFs and others	ETV4	Liver	Hep G2	1529	50/483	3/49	-0.339487	-0.0305956	1.69082
SRX4611719	TFs and others	ESR1	Breast	MCF-7	37564	50/483	3/49	-0.339487	-0.0305956	1.69082
SRX5089382	TFs and others	ARID1A	Breast	MCF-7	16714	50/483	3/49	-0.339487	-0.0305956	1.69082
SRX6175648	TFs and others	SMC1A	Bone	TC-71	28350	50/483	3/49	-0.339487	-0.0305956	1.69082
SRX6750797	TFs and others	SOX2	Breast	MDA-MB-231	1279	50/483	3/49	-0.339487	-0.0305956	1.69082
SRX6860623	TFs and others	FOXA1	Breast	T-47D	14428	50/483	3/49	-0.339487	-0.0305956	1.69082
SRX736201	TFs and others	BRD4	Neural	90-8TL	11473	50/483	3/49	-0.339487	-0.0305956	1.69082
SRX7897897	TFs and others	CTCF	Breast	MDA-MB-231	27002	50/483	3/49	-0.339487	-0.0305956	1.69082
SRX8536125	TFs and others	GATA1	Blood	HUDEP-2	15866	50/483	3/49	-0.339487	-0.0305956	1.69082
SRX9550898	TFs and others	FOXA1	Prostate	Prostate cancer	29683	50/483	3/49	-0.339487	-0.0305956	1.69082
SRX9565527	TFs and others	Epitope tags	Kidney	293	1136	50/483	3/49	-0.339487	-0.0305956	1.69082
DRX059615	TFs and others	KMT2B	Blood	HB1119	3762	51/483	3/49	-0.339307	-0.0305956	1.72464
ERX1149109	TFs and others	CTCF	Blood	HEL 92.1.7	26682	51/483	3/49	-0.339307	-0.0305956	1.72464
SRX038504	TFs and others	CTCF	Blood	GM12878	22327	51/483	3/49	-0.339307	-0.0305956	1.72464
SRX067516	TFs and others	CTCF	Neural	NH-A	27411	51/483	3/49	-0.339307	-0.0305956	1.72464
SRX100501	TFs and others	CTCF	Lung	A549	28348	51/483	3/49	-0.339307	-0.0305956	1.72464
SRX10158161	TFs and others	BRD4	Blood	KBM-7	5430	51/483	3/49	-0.339307	-0.0305956	1.72464
SRX1514919	TFs and others	GFP	Kidney	293	4220	51/483	3/49	-0.339307	-0.0305956	1.72464
SRX1585242	TFs and others	ESR1	Breast	MCF-7	19054	51/483	3/49	-0.339307	-0.0305956	1.72464
SRX1721564	TFs and others	KDM5A	Breast	T-47D	2716	51/483	3/49	-0.339307	-0.0305956	1.72464
SRX190314	TFs and others	TEAD4	Neural	SK-N-SH	13928	51/483	3/49	-0.339307	-0.0305956	1.72464
SRX199897	TFs and others	CTCF	Epidermis	HFF-Myc	26099	51/483	3/49	-0.339307	-0.0305956	1.72464
SRX2871346	TFs and others	FOXA1	Breast	T-47D	13521	51/483	3/49	-0.339307	-0.0305956	1.72464
SRX3230390	TFs and others	KDM3A	Liver	Hep G2	1667	51/483	3/49	-0.339307	-0.0305956	1.72464
SRX3288558	TFs and others	RAD21	Pluripotent stem cell	hESC H9	32984	51/483	3/49	-0.339307	-0.0305956	1.72464
SRX356596	TFs and others	CTCF	Blood	GM18951	30081	51/483	3/49	-0.339307	-0.0305956	1.72464
SRX6854834	TFs and others	Epitope tags	Epidermis	501A	77926	51/483	3/49	-0.339307	-0.0305956	1.72464
SRX736204	TFs and others	BRD4	Neural	90-8TL	3508	51/483	3/49	-0.339307	-0.0305956	1.72464
SRX818636	TFs and others	PIAS1	Kidney	293	11004	51/483	3/49	-0.339307	-0.0305956	1.72464
SRX831874	TFs and others	STAT5B	Blood	CD8+ T cells	5634	51/483	3/49	-0.339307	-0.0305956	1.72464
SRX9550897	TFs and others	FOXA1	Prostate	Prostate cancer	23247	51/483	3/49	-0.339307	-0.0305956	1.72464
SRX1134766	TFs and others	BRD4	Blood	MV-4-11	12642	254/483	23/49	-0.339248	-0.0305956	1.12035
SRX11312440	TFs and others	RAD21	Lung	A549	28993	49/483	3/49	-0.338752	-0.0305956	1.657
SRX2194248	TFs and others	CEBPB	Breast	SUM 159PT	31872	49/483	3/49	-0.338752	-0.0305956	1.657
SRX268451	TFs and others	GRHL2	Lung	Tracheal epithelial cells	25019	49/483	3/49	-0.338752	-0.0305956	1.657
SRX356611	TFs and others	STAG1	Blood	GM18951	20627	49/483	3/49	-0.338752	-0.0305956	1.657
SRX3923530	TFs and others	FOXA1	Breast	ZR-75-1	29144	49/483	3/49	-0.338752	-0.0305956	1.657
SRX3931096	TFs and others	GRHL2	Breast	MCF-7	10819	49/483	3/49	-0.338752	-0.0305956	1.657
SRX4001883	TFs and others	CTCF	Blood	THP-1	12276	49/483	3/49	-0.338752	-0.0305956	1.657
SRX4001884	TFs and others	CTCF	Blood	THP-1	15544	49/483	3/49	-0.338752	-0.0305956	1.657
SRX5848166	TFs and others	CTCF	Blood	K-562	27142	49/483	3/49	-0.338752	-0.0305956	1.657
SRX5848172	TFs and others	CTCF	Blood	K-562	29017	49/483	3/49	-0.338752	-0.0305956	1.657
SRX6813408	TFs and others	ATF4	Blood	CD4+ T cells	10028	49/483	3/49	-0.338752	-0.0305956	1.657
SRX7262406	TFs and others	FOXA1	Others	Bladder cancer	11986	49/483	3/49	-0.338752	-0.0305956	1.657
SRX8570919	TFs and others	HAP1	Blood	KBM-7	26508	49/483	3/49	-0.338752	-0.0305956	1.657
SRX9178845	TFs and others	HAP1	Blood	HAP1	3175	49/483	3/49	-0.338752	-0.0305956	1.657
SRX022433	TFs and others	PHF8	Uterus	HeLa	2110	52/483	3/49	-0.338242	-0.0305956	1.75845
SRX038644	TFs and others	CTCF	Epidermis	NHEK	24531	52/483	3/49	-0.338242	-0.0305956	1.75845
SRX067475	TFs and others	CTCF	Breast	HMEC	29159	52/483	3/49	-0.338242	-0.0305956	1.75845
SRX1048483	TFs and others	SPI1	Blood	OCI-LY-7	13249	52/483	3/49	-0.338242	-0.0305956	1.75845
SRX11312423	TFs and others	RAD21	Lung	A549	27615	52/483	3/49	-0.338242	-0.0305956	1.75845
SRX11312425	TFs and others	SMC3	Lung	A549	27226	52/483	3/49	-0.338242	-0.0305956	1.75845
SRX2060922	TFs and others	TP53	Breast	MCF-7	17845	52/483	3/49	-0.338242	-0.0305956	1.75845
SRX2270129	TFs and others	RELA	Liver	HuH-7	2616	52/483	3/49	-0.338242	-0.0305956	1.75845
SRX2368889	TFs and others	FOXA2	Epidermis	Ker-CT	30490	52/483	3/49	-0.338242	-0.0305956	1.75845
SRX2458136	TFs and others	SMC1A	Blood	GM12878	32892	52/483	3/49	-0.338242	-0.0305956	1.75845
SRX295039	TFs and others	MECP2	Digestive tract	HCT 116	1283	52/483	3/49	-0.338242	-0.0305956	1.75845
SRX3110724	TFs and others	ESR1	Breast	MCF-7	9551	52/483	3/49	-0.338242	-0.0305956	1.75845
SRX3506185	TFs and others	Pan-acetyllysine	Liver	Hep G2	5307	52/483	3/49	-0.338242	-0.0305956	1.75845
SRX4611736	TFs and others	ESR1	Breast	MCF-7	35965	52/483	3/49	-0.338242	-0.0305956	1.75845
SRX4958394	TFs and others	CTCF	Kidney	293	32754	52/483	3/49	-0.338242	-0.0305956	1.75845
SRX5089450	TFs and others	ESR1	Breast	MCF-7	17784	52/483	3/49	-0.338242	-0.0305956	1.75845
SRX5574381	TFs and others	SPI1	Blood	ML-2	20120	52/483	3/49	-0.338242	-0.0305956	1.75845
SRX5729954	TFs and others	BRD4	Prostate	22Rv1	1726	52/483	3/49	-0.338242	-0.0305956	1.75845
SRX5848178	TFs and others	CTCF	Blood	K-562	28897	52/483	3/49	-0.338242	-0.0305956	1.75845
SRX6175639	TFs and others	SMC1A	Bone	TC-71	29956	52/483	3/49	-0.338242	-0.0305956	1.75845
SRX7262420	TFs and others	FOXA1	Others	Bladder cancer	12453	52/483	3/49	-0.338242	-0.0305956	1.75845
SRX7677720	TFs and others	NELFCD	Digestive tract	DLD-1	2356	52/483	3/49	-0.338242	-0.0305956	1.75845
SRX7728609	TFs and others	TWIST1	Pluripotent stem cell	hESC derived neural crests	17700	52/483	3/49	-0.338242	-0.0305956	1.75845
SRX9719167	TFs and others	ESR1	Breast	MCF-7	13606	52/483	3/49	-0.338242	-0.0305956	1.75845
SRX10104970	TFs and others	PPARG	Others	5637	2118	20/483	3/49	-0.337294	-0.0305956	0.676329
SRX10120408	TFs and others	TRIB3	Liver	Hep G2	8312	20/483	3/49	-0.337294	-0.0305956	0.676329
SRX1490930	TFs and others	RB1	Prostate	VCaP	532	20/483	3/49	-0.337294	-0.0305956	0.676329
SRX2458134	TFs and others	NIPBL	Blood	GM12878	1470	20/483	3/49	-0.337294	-0.0305956	0.676329
SRX3630818	TFs and others	ESR1	Uterus	Ishikawa	600	20/483	3/49	-0.337294	-0.0305956	0.676329
SRX644410	TFs and others	ETS1	Pancreas	PANC-1	787	20/483	3/49	-0.337294	-0.0305956	0.676329
SRX7971781	TFs and others	STAT3	Blood	Th2 Cells	1866	20/483	3/49	-0.337294	-0.0305956	0.676329
SRX8406535	TFs and others	HOXB13	Prostate	Prostate	5542	20/483	3/49	-0.337294	-0.0305956	0.676329
SRX9562891	TFs and others	SMARCA4	Muscle	RH-4	24213	20/483	3/49	-0.337294	-0.0305956	0.676329
SRX018833	TFs and others	TFAP2C	Breast	MCF-7	24260	97/483	12/49	-0.337091	-0.0305956	0.820048
SRX128099	TFs and others	TFAP2C	Breast	MCF-7	24225	97/483	12/49	-0.337091	-0.0305956	0.820048
ERX664190	TFs and others	CTCF	Blood	B cells	24194	53/483	3/49	-0.336329	-0.0305956	1.79227
SRX116468	TFs and others	SAP30	Pluripotent stem cell	hESC H1	2128	53/483	3/49	-0.336329	-0.0305956	1.79227
SRX1165088	TFs and others	RAD21	Liver	Hep G2	37279	53/483	3/49	-0.336329	-0.0305956	1.79227
SRX1272794	TFs and others	BRD4	Digestive tract	HCT-15	2637	53/483	3/49	-0.336329	-0.0305956	1.79227
SRX186768	TFs and others	SAP30	Pluripotent stem cell	hESC H1	2140	53/483	3/49	-0.336329	-0.0305956	1.79227
SRX1885181	TFs and others	FOXA1	Prostate	LNCAP	83619	53/483	3/49	-0.336329	-0.0305956	1.79227
SRX2871349	TFs and others	FOXA1	Breast	T-47D	14064	53/483	3/49	-0.336329	-0.0305956	1.79227
SRX3229154	TFs and others	ESR1	Breast	Breast cancer	5107	53/483	3/49	-0.336329	-0.0305956	1.79227
SRX3923528	TFs and others	FOXA1	Breast	ZR-75-1	30265	53/483	3/49	-0.336329	-0.0305956	1.79227
SRX4001824	TFs and others	RAD21	Blood	THP-1	27004	53/483	3/49	-0.336329	-0.0305956	1.79227
SRX4931245	TFs and others	KMT2A	Kidney	293	2128	53/483	3/49	-0.336329	-0.0305956	1.79227
SRX5342375	TFs and others	FOXL2	Gonad	SVOG-3e	22935	53/483	3/49	-0.336329	-0.0305956	1.79227
SRX5417099	TFs and others	CTCF	Uterus	HeLa	38218	53/483	3/49	-0.336329	-0.0305956	1.79227
SRX6828395	TFs and others	CTCF	Breast	MCF-7	38239	53/483	3/49	-0.336329	-0.0305956	1.79227
SRX6949256	TFs and others	GFP	Uterus	HeLa	37796	53/483	3/49	-0.336329	-0.0305956	1.79227
SRX129111	TFs and others	MAX	Lung	NCI-H2171	48835	433/483	42/49	-0.333614	-0.0305956	1.04589
SRX2436059	TFs and others	OTX2	Neural	D283 Med	76833	50/483	7/49	-0.333614	-0.0305956	0.724638
SRX4394538	TFs and others	STAT3	Blood	JB6	16398	105/483	8/49	-0.332395	-0.0305956	1.33152
SRX4611733	TFs and others	ESR1	Breast	MCF-7	37365	105/483	8/49	-0.332395	-0.0305956	1.33152
SRX5323871	TFs and others	ESR1	Breast	MCF-7	24701	105/483	8/49	-0.332395	-0.0305956	1.33152
SRX5806610	TFs and others	CTCF	Breast	MCF-7	51602	105/483	8/49	-0.332395	-0.0305956	1.33152
SRX9556501	TFs and others	GATA3	Breast	MDA-MB-231	17696	105/483	8/49	-0.332395	-0.0305956	1.33152
SRX100541	TFs and others	ELF1	Blood	GM12878	18360	378/483	41/49	-0.332395	-0.0305956	0.935313
SRX283754	TFs and others	ETV1	Prostate	LNCAP	5863	106/483	8/49	-0.332294	-0.0305956	1.3442
SRX4611737	TFs and others	ESR1	Breast	MCF-7	47487	106/483	8/49	-0.332294	-0.0305956	1.3442
SRX1491250	TFs and others	TCF4	Blood	CAL-1	29027	104/483	8/49	-0.332019	-0.0305956	1.31884
SRX3367141	TFs and others	FOSL2	Epidermis	SK-MEL-147	39118	104/483	8/49	-0.332019	-0.0305956	1.31884
SRX1389376	TFs and others	KLF4	Pancreas	PDAC	5763	107/483	8/49	-0.331722	-0.0305956	1.35688
SRX6913075	TFs and others	BRD2	Blood	K-562	4170	107/483	8/49	-0.331722	-0.0305956	1.35688
SRX6913073	TFs and others	BRD2	Blood	K-562	3314	103/483	8/49	-0.331162	-0.0305956	1.30616
SRX028643	TFs and others	NR2C2	Uterus	HeLa	1410	51/483	7/49	-0.330147	-0.0305956	0.73913
SRX702137	TFs and others	THAP11	Pluripotent stem cell	hESC HUES64	1247	51/483	7/49	-0.330147	-0.0305956	0.73913
SRX9795022	TFs and others	CHD7	Neural	Cerebellum	14171	378/483	36/49	-0.327286	-0.0305956	1.06522
SRX1538764	TFs and others	PPARG	Digestive tract	HT-29	17148	52/483	7/49	-0.325984	-0.0305956	0.753623
SRX2900155	TFs and others	SUZ12	Breast	CAL-51	1691	52/483	7/49	-0.325984	-0.0305956	0.753623
SRX3186362	TFs and others	Epitope tags	Lung	HCC95	2191	52/483	7/49	-0.325984	-0.0305956	0.753623
SRX371481	TFs and others	FOXA1	Breast	MCF-7	30915	52/483	7/49	-0.325984	-0.0305956	0.753623
SRX6878594	TFs and others	AR	Prostate	LNCAP	11819	52/483	7/49	-0.325984	-0.0305956	0.753623
SRX150608	TFs and others	RELA	Blood	GM15510	7254	106/483	13/49	-0.324945	-0.0305956	0.827202
SRX10365517	TFs and others	RAC1	Breast	MCF-7	5570	21/483	3/49	-0.32183	-0.0305956	0.710145
SRX10644244	TFs and others	CDT1	Digestive tract	HCT 116	865	21/483	3/49	-0.32183	-0.0305956	0.710145
SRX2642372	TFs and others	HOXB13	Prostate	VCaP	11321	21/483	3/49	-0.32183	-0.0305956	0.710145
SRX3040151	TFs and others	STAG1	Breast	HMEC	11278	21/483	3/49	-0.32183	-0.0305956	0.710145
SRX3285599	TFs and others	ESR1	Breast	FULR	3370	21/483	3/49	-0.32183	-0.0305956	0.710145
SRX469458	TFs and others	EBF1	Adipocyte	Adipose stromal cell	2412	21/483	3/49	-0.32183	-0.0305956	0.710145
SRX4796926	TFs and others	PPARG	Adipocyte	Adipose Tissue	8344	21/483	3/49	-0.32183	-0.0305956	0.710145
SRX5801453	TFs and others	STAT3	Blood	Th2 Cells	1569	21/483	3/49	-0.32183	-0.0305956	0.710145
SRX5975305	TFs and others	CDK12	Bone	143B	1075	21/483	3/49	-0.32183	-0.0305956	0.710145
SRX6175640	TFs and others	STAG1	Bone	TC-71	13878	21/483	3/49	-0.32183	-0.0305956	0.710145
SRX7213067	TFs and others	PAF1	Bone	U2OS	781	21/483	3/49	-0.32183	-0.0305956	0.710145
SRX1435941	TFs and others	ZBTB16	Uterus	Endometrial stromal cells	917	53/483	7/49	-0.321184	-0.0305956	0.768116
SRX185911	TFs and others	FOXM1	Breast	MDA-MB-231	1598	53/483	7/49	-0.321184	-0.0305956	0.768116
SRX359962	TFs and others	TERF1	Digestive tract	LoVo	703	53/483	7/49	-0.321184	-0.0305956	0.768116
SRX8520793	TFs and others	STAT3	Breast	HCC1187	10646	53/483	7/49	-0.321184	-0.0305956	0.768116
SRX097108	TFs and others	GATA1	Blood	K-562	10354	115/483	9/49	-0.31917	-0.0305956	1.2963
SRX150397	TFs and others	FOS	Uterus	HeLa	8901	108/483	13/49	-0.319075	-0.0305956	0.842809
SRX3110744	TFs and others	ESR1	Breast	MCF-7	55147	116/483	9/49	-0.319051	-0.0305956	1.30757
SRX4931241	TFs and others	KMT2A	Kidney	293	5468	116/483	9/49	-0.319051	-0.0305956	1.30757
SRX129082	TFs and others	MAX	Blood	P493-6	15482	367/483	40/49	-0.319051	-0.0305956	0.930797
SRX3040148	TFs and others	STAG2	Breast	HMEC	43613	117/483	9/49	-0.318512	-0.0305956	1.31884
SRX1212234	TFs and others	CREB1	Prostate	LNCAP	8435	366/483	40/49	-0.318512	-0.0305956	0.928261
SRX210718	TFs and others	MYC	Kidney	293	10626	366/483	40/49	-0.318512	-0.0305956	0.928261
SRX3161001	TFs and others	ZBTB7A	Blood	K-562	8728	113/483	9/49	-0.318126	-0.0305956	1.27375
SRX347421	TFs and others	STAT3	Blood	OCI-LY-10	4160	113/483	14/49	-0.317559	-0.0305956	0.818841
SRX6102128	TFs and others	SUPT5H	Uterus	HeLa	17900	369/483	35/49	-0.316201	-0.0305956	1.06957
SRX3229138	TFs and others	ESR1	Breast	Breast cancer	1545	114/483	14/49	-0.316201	-0.0305956	0.826087
SRX9221935	TFs and others	ESR1	Liver	Liver	1053	54/483	7/49	-0.315806	-0.0305956	0.782609
SRX5824569	TFs and others	BRD2	Breast	SUM 149PT	16930	368/483	35/49	-0.314451	-0.0305956	1.06667
SRX2436046	TFs and others	OTX2	Neural	D341 Med	32573	115/483	14/49	-0.314451	-0.0305956	0.833333
SRX5501658	TFs and others	DDX21	Epidermis	A-375	3618	115/483	14/49	-0.314451	-0.0305956	0.833333
SRX059707	TFs and others	ERG	Prostate	VCaP	8743	116/483	14/49	-0.312321	-0.0305956	0.84058
SRX092314	TFs and others	GATA3	Blood	Th1 Cells	8235	55/483	7/49	-0.309912	-0.0305956	0.797101
SRX3033232	TFs and others	ETS1	Gonad	OVCAR-8	1730	55/483	7/49	-0.309912	-0.0305956	0.797101
SRX7262412	TFs and others	FOXA1	Others	Bladder cancer	9203	55/483	7/49	-0.309912	-0.0305956	0.797101
SRX1514930	TFs and others	GFP	Kidney	293	9163	126/483	10/49	-0.308006	-0.0305956	1.27826
SRX2194265	TFs and others	EP300	Breast	SUM 159PT	33613	126/483	10/49	-0.308006	-0.0305956	1.27826
SRX190336	TFs and others	NFIC	Neural	SK-N-SH	33623	127/483	10/49	-0.307488	-0.0305956	1.28841
SRX6596847	TFs and others	EGR1	Others	Fibroblasts	4338	127/483	10/49	-0.307488	-0.0305956	1.28841
SRX10119162	TFs and others	CREBBP	Blood	MV-4-11	6550	123/483	10/49	-0.307254	-0.0305956	1.24783
SRX10212067	TFs and others	ATF4	Blood	CD4+ T cells	16859	123/483	10/49	-0.307254	-0.0305956	1.24783
SRX2436056	TFs and others	NEUROD1	Neural	D341 Med	17973	123/483	10/49	-0.307254	-0.0305956	1.24783
SRX129083	TFs and others	MAX	Blood	P493-6	16089	360/483	39/49	-0.307254	-0.0305956	0.936455
SRX1531786	TFs and others	SMC1A	Lung	A549	26859	60/483	4/49	-0.307002	-0.0305956	1.52174
SRX3990982	TFs and others	PGR	Breast	T-47D	16473	60/483	4/49	-0.307002	-0.0305956	1.52174
SRX4931233	TFs and others	KMT2A	Kidney	293	2274	60/483	4/49	-0.307002	-0.0305956	1.52174
SRX5089456	TFs and others	ESR1	Breast	MCF-7	9009	60/483	4/49	-0.307002	-0.0305956	1.52174
SRX5089459	TFs and others	ESR1	Breast	MCF-7	10386	60/483	4/49	-0.307002	-0.0305956	1.52174
SRX7493850	TFs and others	DLX5	Others	CAL 27	2402	60/483	4/49	-0.307002	-0.0305956	1.52174
SRX8570931	TFs and others	HAP1	Blood	KBM-7	32571	60/483	4/49	-0.307002	-0.0305956	1.52174
SRX9317682	TFs and others	RUNX1	Blood	Fujioka	3860	60/483	4/49	-0.307002	-0.0305956	1.52174
SRX028633	TFs and others	TFAP2C	Breast	MCF-7	14924	118/483	14/49	-0.306982	-0.0305956	0.855072
SRX378805	TFs and others	RELA	Uterus	KB	5050	118/483	14/49	-0.306982	-0.0305956	0.855072
SRX4143072	TFs and others	TAF1	Blood	Kasumi-1	1716	118/483	14/49	-0.306982	-0.0305956	0.855072
ERX1149083	TFs and others	CTCF	Unclassified	Unclassified	24574	61/483	4/49	-0.30686	-0.0305956	1.5471
SRX10218287	TFs and others	GATA1	Blood	HUDEP-2	21549	61/483	4/49	-0.30686	-0.0305956	1.5471
SRX199899	TFs and others	CTCF	Epidermis	HFF-Myc	25220	61/483	4/49	-0.30686	-0.0305956	1.5471
SRX219285	TFs and others	FOXA1	Prostate	LNCAP	77723	61/483	4/49	-0.30686	-0.0305956	1.5471
SRX3110720	TFs and others	ESR1	Breast	MCF-7	16215	61/483	4/49	-0.30686	-0.0305956	1.5471
SRX3367142	TFs and others	TEAD4	Epidermis	SK-MEL-147	13902	61/483	4/49	-0.30686	-0.0305956	1.5471
SRX3923533	TFs and others	FOXA1	Breast	ZR-75-1	40153	61/483	4/49	-0.30686	-0.0305956	1.5471
SRX475799	TFs and others	ZBTB33	Blood	GM12878	1841	61/483	4/49	-0.30686	-0.0305956	1.5471
SRX9178819	TFs and others	HAP1	Blood	HAP1	4079	61/483	4/49	-0.30686	-0.0305956	1.5471
SRX9350647	TFs and others	FOSL1	Epidermis	Melanoma cell line	14945	61/483	4/49	-0.30686	-0.0305956	1.5471
SRX9565526	TFs and others	Epitope tags	Kidney	293	1170	61/483	4/49	-0.30686	-0.0305956	1.5471
SRX003322	TFs and others	STAT1	Uterus	HeLa	1206	6/483	1/49	-0.306625	-0.0305956	0.608696
SRX10382405	TFs and others	TET1	Pluripotent stem cell	hESC H1	256	6/483	1/49	-0.306625	-0.0305956	0.608696
SRX5316114	TFs and others	O-GlcNAc	Prostate	PC-3	744	6/483	1/49	-0.306625	-0.0305956	0.608696
ERX1149053	TFs and others	CTCF	Unclassified	Unclassified	24658	59/483	4/49	-0.306453	-0.0305956	1.49638
SRX10212069	TFs and others	CEBPB	Blood	CD4+ T cells	14428	59/483	4/49	-0.306453	-0.0305956	1.49638
SRX1515052	TFs and others	GFP	Kidney	293	4516	59/483	4/49	-0.306453	-0.0305956	1.49638
SRX1674501	TFs and others	GFP	Uterus	HeLa	2788	59/483	4/49	-0.306453	-0.0305956	1.49638
SRX199880	TFs and others	CTCF	Digestive tract	HCT 116	34248	59/483	4/49	-0.306453	-0.0305956	1.49638
SRX3367140	TFs and others	CTCF	Epidermis	SK-MEL-147	29639	59/483	4/49	-0.306453	-0.0305956	1.49638
SRX4154212	TFs and others	ZFP64	Blood	Acute myeloid leukemia	11722	59/483	4/49	-0.306453	-0.0305956	1.49638
SRX4394543	TFs and others	STAT3	Bone	SU-DHL-1	11840	59/483	4/49	-0.306453	-0.0305956	1.49638
SRX5075169	TFs and others	SMARCA4	Neural	Neural progenitor cells	27807	59/483	4/49	-0.306453	-0.0305956	1.49638
SRX5504129	TFs and others	FOXA2	Pancreas	PANC-1	15827	59/483	4/49	-0.306453	-0.0305956	1.49638
SRX5661981	TFs and others	VDR	Kidney	Kidney Cortex	1363	59/483	4/49	-0.306453	-0.0305956	1.49638
SRX6175638	TFs and others	RAD21	Bone	TC-71	33221	59/483	4/49	-0.306453	-0.0305956	1.49638
SRX6860646	TFs and others	FOXA1	Breast	T-47D	25089	59/483	4/49	-0.306453	-0.0305956	1.49638
SRX6902858	TFs and others	CTCF	Blood	CD34+	19597	59/483	4/49	-0.306453	-0.0305956	1.49638
SRX8570922	TFs and others	HAP1	Blood	KBM-7	35554	59/483	4/49	-0.306453	-0.0305956	1.49638
SRX8616838	TFs and others	FOSL2	Lung	A549	11165	59/483	4/49	-0.306453	-0.0305956	1.49638
SRX12118518	TFs and others	POU2F2	Blood	OCI-LY-7	1798	22/483	3/49	-0.306258	-0.0305956	0.743961
SRX253228	TFs and others	SSRP1	Others	Fibrosarcoma	1593	22/483	3/49	-0.306258	-0.0305956	0.743961
SRX2961558	TFs and others	STAT1	Blood	SET-2	699	22/483	3/49	-0.306258	-0.0305956	0.743961
SRX3837514	TFs and others	SRF	Blood	HEL	2359	22/483	3/49	-0.306258	-0.0305956	0.743961
SRX3837515	TFs and others	SRF	Blood	HEL	2122	22/483	3/49	-0.306258	-0.0305956	0.743961
SRX4221461	TFs and others	RAD21	Neural	SK-N-SH	11925	22/483	3/49	-0.306258	-0.0305956	0.743961
SRX702052	TFs and others	OTX2	Pluripotent stem cell	hESC HUES64	2184	22/483	3/49	-0.306258	-0.0305956	0.743961
SRX751298	TFs and others	MED1	Adipocyte	Adipose-Derived Mesenchymal Stem Cells	8292	22/483	3/49	-0.306258	-0.0305956	0.743961
SRX9562910	TFs and others	MYCN	Muscle	RH-4	623	22/483	3/49	-0.306258	-0.0305956	0.743961
ERX200499	TFs and others	CTCF	Blood	B cells	21655	62/483	4/49	-0.306046	-0.0305956	1.57246
SRX080371	TFs and others	CTCF	Blood	GM06990	27292	62/483	4/49	-0.306046	-0.0305956	1.57246
SRX1091541	TFs and others	EP300	Pluripotent stem cell	hESC derived neural crests	5917	62/483	4/49	-0.306046	-0.0305956	1.57246
SRX1161190	TFs and others	FOXA1	Breast	ZR-75-1	40840	62/483	4/49	-0.306046	-0.0305956	1.57246
SRX150600	TFs and others	JUN	Blood	K-562	5858	62/483	4/49	-0.306046	-0.0305956	1.57246
SRX199857	TFs and others	CTCF	Blood	GM12873	35537	62/483	4/49	-0.306046	-0.0305956	1.57246
SRX199878	TFs and others	CTCF	Neural	BE(2)-C	34525	62/483	4/49	-0.306046	-0.0305956	1.57246
SRX199886	TFs and others	CTCF	Breast	MCF-7	41858	62/483	4/49	-0.306046	-0.0305956	1.57246
SRX382353	TFs and others	RNF2	Epidermis	Melanocytes	3012	62/483	4/49	-0.306046	-0.0305956	1.57246
SRX389294	TFs and others	XBP1	Breast	T-47D	4376	124/483	15/49	-0.305331	-0.0305956	0.838647
SRX4313226	TFs and others	YY1	Muscle	RH-4	5472	124/483	15/49	-0.305331	-0.0305956	0.838647
SRX038622	TFs and others	CTCF	Blood	K-562	25854	63/483	4/49	-0.304582	-0.0305956	1.59783
SRX080390	TFs and others	CTCF	Kidney	HRE	30609	63/483	4/49	-0.304582	-0.0305956	1.59783
SRX080393	TFs and others	CTCF	Blood	GM12873	30611	63/483	4/49	-0.304582	-0.0305956	1.59783
SRX2017928	TFs and others	FOXA1	Prostate	LNCAP	84424	63/483	4/49	-0.304582	-0.0305956	1.59783
SRX2913025	TFs and others	FLI1	Bone	A-673	6178	63/483	4/49	-0.304582	-0.0305956	1.59783
SRX4001833	TFs and others	CTCF	Blood	THP-1	27278	63/483	4/49	-0.304582	-0.0305956	1.59783
SRX5089454	TFs and others	ESR1	Breast	MCF-7	10900	63/483	4/49	-0.304582	-0.0305956	1.59783
SRX5880870	TFs and others	SMC1A	Digestive tract	DKO	17955	63/483	4/49	-0.304582	-0.0305956	1.59783
SRX6957477	TFs and others	FOXL2	Gonad	KGN	32253	63/483	4/49	-0.304582	-0.0305956	1.59783
SRX757045	TFs and others	KDM1A	Neural	SH-SY5Y	1195	63/483	4/49	-0.304582	-0.0305956	1.59783
SRX5600893	TFs and others	OLIG2	Neural	Prefrontal Cortex	9713	358/483	34/49	-0.30371	-0.0305956	1.0682
SRX5525777	TFs and others	MYCN	Neural	SH-EP	2861	125/483	15/49	-0.30371	-0.0305956	0.845411
SRX833423	TFs and others	NIPBL	Pluripotent stem cell	hESC H1	4259	125/483	15/49	-0.30371	-0.0305956	0.845411
SRX027915	TFs and others	RELA	Uterus	HeLa	662	25/483	1/49	-0.30323	-0.0305956	2.53623
SRX096356	TFs and others	Epitope tags	Bone	EWS502	5911	25/483	1/49	-0.30323	-0.0305956	2.53623
SRX1012744	TFs and others	ESR1	Breast	MCF-7	2299	25/483	1/49	-0.30323	-0.0305956	2.53623
SRX10151291	TFs and others	KMT2D	Pluripotent stem cell	iPS derived neural cells	5630	25/483	1/49	-0.30323	-0.0305956	2.53623
SRX10338562	TFs and others	MLXIP	Blood	NALM-6	1488	25/483	1/49	-0.30323	-0.0305956	2.53623
SRX1041184	TFs and others	ATF4	Blood	HAP1	9070	25/483	1/49	-0.30323	-0.0305956	2.53623
SRX1041840	TFs and others	TRIM24	Prostate	LNCAP	608	25/483	1/49	-0.30323	-0.0305956	2.53623
SRX1531774	TFs and others	SMC1A	Liver	Hep G2	25525	25/483	1/49	-0.30323	-0.0305956	2.53623
SRX1585243	TFs and others	ESR1	Breast	MCF-7	7500	25/483	1/49	-0.30323	-0.0305956	2.53623
SRX1597601	TFs and others	STAT1	Others	FaDu	3192	25/483	1/49	-0.30323	-0.0305956	2.53623
SRX170348	TFs and others	SMARCA4	Blood	CD36+	646	25/483	1/49	-0.30323	-0.0305956	2.53623
SRX1799522	TFs and others	TRIM28	Blood	CD4+ T cells	6902	25/483	1/49	-0.30323	-0.0305956	2.53623
SRX2438580	TFs and others	NOTCH1	Blood	MO1043	1042	25/483	1/49	-0.30323	-0.0305956	2.53623
SRX2585779	TFs and others	FOSL1	Breast	MDA-MB-231	14478	25/483	1/49	-0.30323	-0.0305956	2.53623
SRX2683575	TFs and others	Epitope tags	Kidney	293	580	25/483	1/49	-0.30323	-0.0305956	2.53623
SRX2881138	TFs and others	NANOG	Pluripotent stem cell	hESC H9	12218	25/483	1/49	-0.30323	-0.0305956	2.53623
SRX3592685	TFs and others	SMAD2	Pluripotent stem cell	hESC HUES8	485	25/483	1/49	-0.30323	-0.0305956	2.53623
SRX4143035	TFs and others	POU2F3	Lung	NCI-H1048	29729	25/483	1/49	-0.30323	-0.0305956	2.53623
SRX4170712	TFs and others	WDR5	Blood	K-562	1352	25/483	1/49	-0.30323	-0.0305956	2.53623
SRX4401061	TFs and others	RELA	Blood	BJAB	1509	25/483	1/49	-0.30323	-0.0305956	2.53623
SRX4451194	TFs and others	ESR1	Breast	MCF-7	1896	25/483	1/49	-0.30323	-0.0305956	2.53623
SRX4937335	TFs and others	MED1	Digestive tract	HCT 116	870	25/483	1/49	-0.30323	-0.0305956	2.53623
SRX5089439	TFs and others	SMARCB1	Breast	MCF-7	3837	25/483	1/49	-0.30323	-0.0305956	2.53623
SRX5089531	TFs and others	ARID2	Breast	MCF-7	5817	25/483	1/49	-0.30323	-0.0305956	2.53623
SRX5195671	TFs and others	SMARCA4	Uterus	Endometrial epithelial cells	6799	25/483	1/49	-0.30323	-0.0305956	2.53623
SRX5203294	TFs and others	FOXA1	Breast	MCF-7	15107	25/483	1/49	-0.30323	-0.0305956	2.53623
SRX5212370	TFs and others	BRD9	Others	Mel270	999	25/483	1/49	-0.30323	-0.0305956	2.53623
SRX5287693	TFs and others	TEAD4	Breast	T-47D	4119	25/483	1/49	-0.30323	-0.0305956	2.53623
SRX5982362	TFs and others	SMARCA2	Lung	A549	6298	25/483	1/49	-0.30323	-0.0305956	2.53623
SRX610775	TFs and others	CSNK2A1	Prostate	LNCAP	1080	25/483	1/49	-0.30323	-0.0305956	2.53623
SRX6608380	TFs and others	EZH2	Blood	THP-1	7875	25/483	1/49	-0.30323	-0.0305956	2.53623
SRX673753	TFs and others	ESR1	Breast	MCF-7	5711	25/483	1/49	-0.30323	-0.0305956	2.53623
SRX6800710	TFs and others	IRF4	Blood	CAR-T cells	7576	25/483	1/49	-0.30323	-0.0305956	2.53623
SRX687556	TFs and others	GATA2	Blood	Erythroid progenitors	1526	25/483	1/49	-0.30323	-0.0305956	2.53623
SRX687557	TFs and others	GATA2	Blood	Erythroid progenitors	5098	25/483	1/49	-0.30323	-0.0305956	2.53623
SRX6916367	TFs and others	CTCF	Kidney	iSLK	10384	25/483	1/49	-0.30323	-0.0305956	2.53623
SRX698188	TFs and others	SPI1	Blood	Kasumi-1	14566	25/483	1/49	-0.30323	-0.0305956	2.53623
SRX702031	TFs and others	KLF5	Pluripotent stem cell	hESC HUES64	447	25/483	1/49	-0.30323	-0.0305956	2.53623
SRX747791	TFs and others	FOXA1	Breast	MCF-7	5372	25/483	1/49	-0.30323	-0.0305956	2.53623
SRX747798	TFs and others	FOXA1	Breast	MCF-7	7263	25/483	1/49	-0.30323	-0.0305956	2.53623
SRX748434	TFs and others	HNF4A	Digestive tract	HCT 116	2991	25/483	1/49	-0.30323	-0.0305956	2.53623
SRX8333286	TFs and others	BAP1	Lung	NCI-H1963	569	25/483	1/49	-0.30323	-0.0305956	2.53623
SRX8406520	TFs and others	FOXA1	Prostate	Prostatic Neoplasms, Castration-Resistant	29924	25/483	1/49	-0.30323	-0.0305956	2.53623
SRX8432578	TFs and others	TBP	Pluripotent stem cell	iPS cells	1146	25/483	1/49	-0.30323	-0.0305956	2.53623
SRX8602204	TFs and others	IRF4	Blood	OCI-LY-3	1056	25/483	1/49	-0.30323	-0.0305956	2.53623
SRX8699712	TFs and others	INTS3	Digestive tract	DLD-1	1391	25/483	1/49	-0.30323	-0.0305956	2.53623
SRX8976677	TFs and others	HDAC3	Digestive tract	KYSE-410	2574	25/483	1/49	-0.30323	-0.0305956	2.53623
SRX9237248	TFs and others	CSTF2	Blood	K-562	2896	25/483	1/49	-0.30323	-0.0305956	2.53623
SRX9513903	TFs and others	FOXA1	Prostate	LNCAP	3492	25/483	1/49	-0.30323	-0.0305956	2.53623
SRX968965	TFs and others	ESR1	Breast	MCF-7	4710	25/483	1/49	-0.30323	-0.0305956	2.53623
SRX026641	TFs and others	ERG	Blood	Acute myeloid leukemia	610	26/483	1/49	-0.30281	-0.0305956	2.63768
SRX1041802	TFs and others	GATA3	Blood	Jurkat	13079	26/483	1/49	-0.30281	-0.0305956	2.63768
SRX1052320	TFs and others	Epitope tags	Blood	K-562	901	26/483	1/49	-0.30281	-0.0305956	2.63768
SRX10657962	TFs and others	Epitope tags	Blood	NALM-6	1279	26/483	1/49	-0.30281	-0.0305956	2.63768
SRX1070162	TFs and others	AR	Breast	MDA-MB-453	20477	26/483	1/49	-0.30281	-0.0305956	2.63768
SRX1078845	TFs and others	ELL2	Digestive tract	HCT 116	1455	26/483	1/49	-0.30281	-0.0305956	2.63768
SRX11014590	TFs and others	CTCF	Bone	U2OS	6150	26/483	1/49	-0.30281	-0.0305956	2.63768
SRX11412423	TFs and others	DEC1	Lung	Bronchial epithelial cells	617	26/483	1/49	-0.30281	-0.0305956	2.63768
SRX1143683	TFs and others	TP63	Breast	MCF10DCIS.com	8102	26/483	1/49	-0.30281	-0.0305956	2.63768
SRX130062	TFs and others	KLF4	Epidermis	BJ	2066	26/483	1/49	-0.30281	-0.0305956	2.63768
SRX1334495	TFs and others	MYC	Prostate	LNCAP	1103	26/483	1/49	-0.30281	-0.0305956	2.63768
SRX1477658	TFs and others	Epitope tags	Lung	MRC-5	6664	26/483	1/49	-0.30281	-0.0305956	2.63768
SRX1514985	TFs and others	GFP	Kidney	293	2471	26/483	1/49	-0.30281	-0.0305956	2.63768
SRX170373	TFs and others	BRD2	Kidney	293	4177	26/483	1/49	-0.30281	-0.0305956	2.63768
SRX176053	TFs and others	AR	Prostate	C4-2	2748	26/483	1/49	-0.30281	-0.0305956	2.63768
SRX180827	TFs and others	E2F7	Lung	IMR-90	579	26/483	1/49	-0.30281	-0.0305956	2.63768
SRX186642	TFs and others	KDM5A	Pluripotent stem cell	hESC H1	1211	26/483	1/49	-0.30281	-0.0305956	2.63768
SRX2017935	TFs and others	HNF4G	Prostate	LNCAP	4038	26/483	1/49	-0.30281	-0.0305956	2.63768
SRX262145	TFs and others	HSF1	Blood	M0-91	401	26/483	1/49	-0.30281	-0.0305956	2.63768
SRX2731316	TFs and others	PAF1	Digestive tract	HCT 116	1426	26/483	1/49	-0.30281	-0.0305956	2.63768
SRX2982421	TFs and others	FOXA1	Uterus	HEC-1-A	1589	26/483	1/49	-0.30281	-0.0305956	2.63768
SRX3001605	TFs and others	FOXA1	Unclassified	Unclassified	5208	26/483	1/49	-0.30281	-0.0305956	2.63768
SRX3098188	TFs and others	MECOM	Blood	SKH1	3017	26/483	1/49	-0.30281	-0.0305956	2.63768
SRX316361	TFs and others	NR3C1	Kidney	293	18421	26/483	1/49	-0.30281	-0.0305956	2.63768
SRX3229128	TFs and others	ESR1	Breast	Breast cancer	2443	26/483	1/49	-0.30281	-0.0305956	2.63768
SRX3229144	TFs and others	ESR1	Breast	Breast cancer	1128	26/483	1/49	-0.30281	-0.0305956	2.63768
SRX3285608	TFs and others	KDM5B	Breast	FULR	1318	26/483	1/49	-0.30281	-0.0305956	2.63768
SRX3587641	TFs and others	MYC	Kidney	G-401	1590	26/483	1/49	-0.30281	-0.0305956	2.63768
SRX4174629	TFs and others	CTCF	Neural	Neural progenitor cells	6059	26/483	1/49	-0.30281	-0.0305956	2.63768
SRX4213899	TFs and others	YAP1	Breast	MCF 10A	4785	26/483	1/49	-0.30281	-0.0305956	2.63768
SRX4240294	TFs and others	CTBP1	Gonad	SK-OV-3	1998	26/483	1/49	-0.30281	-0.0305956	2.63768
SRX4390177	TFs and others	JUND	Blood	Kasumi-1	2152	26/483	1/49	-0.30281	-0.0305956	2.63768
SRX4466285	TFs and others	RUNX1	Blood	REH	3434	26/483	1/49	-0.30281	-0.0305956	2.63768
SRX4473689	TFs and others	DPF2	Gonad	BIN-67	3702	26/483	1/49	-0.30281	-0.0305956	2.63768
SRX4714482	TFs and others	GTF3C2	Neural	T98G	2835	26/483	1/49	-0.30281	-0.0305956	2.63768
SRX471855	TFs and others	AR	Prostate	VCaP	18147	26/483	1/49	-0.30281	-0.0305956	2.63768
SRX4786539	TFs and others	ESR1	Breast	MCF-7	6192	26/483	1/49	-0.30281	-0.0305956	2.63768
SRX4802344	TFs and others	EPAS1	Kidney	HKC8	3192	26/483	1/49	-0.30281	-0.0305956	2.63768
SRX5089430	TFs and others	SMARCB1	Breast	MCF-7	7979	26/483	1/49	-0.30281	-0.0305956	2.63768
SRX5089444	TFs and others	SMARCB1	Breast	MCF-7	7815	26/483	1/49	-0.30281	-0.0305956	2.63768
SRX5089550	TFs and others	BRD4	Breast	MCF-7	1529	26/483	1/49	-0.30281	-0.0305956	2.63768
SRX5169135	TFs and others	GATA1	Blood	Erythroid progenitors	3777	26/483	1/49	-0.30281	-0.0305956	2.63768
SRX5323929	TFs and others	ESR1	Breast	Breast cancer cells	2179	26/483	1/49	-0.30281	-0.0305956	2.63768
SRX5360666	TFs and others	Epitope tags	Epidermis	BJ	11811	26/483	1/49	-0.30281	-0.0305956	2.63768
SRX5389159	TFs and others	PML	Blood	Acute promyelocytic leukemia	4510	26/483	1/49	-0.30281	-0.0305956	2.63768
SRX5604675	TFs and others	HOXB13	Prostate	LNCAP	19036	26/483	1/49	-0.30281	-0.0305956	2.63768
SRX5887621	TFs and others	YAP1	Lung	PC-9	3378	26/483	1/49	-0.30281	-0.0305956	2.63768
SRX5954736	TFs and others	FOSL1	Breast	MDA-MB-231	6790	26/483	1/49	-0.30281	-0.0305956	2.63768
SRX656350	TFs and others	EP300	Blood	ICN12	11656	26/483	1/49	-0.30281	-0.0305956	2.63768
SRX673712	TFs and others	Biotin	Breast	MCF-7	1820	26/483	1/49	-0.30281	-0.0305956	2.63768
SRX6878605	TFs and others	FOXA1	Prostate	LNCAP	46210	26/483	1/49	-0.30281	-0.0305956	2.63768
SRX689362	TFs and others	Epitope tags	Kidney	293	973	26/483	1/49	-0.30281	-0.0305956	2.63768
SRX7054669	TFs and others	RELA	Cardiovascular	HAEC	2852	26/483	1/49	-0.30281	-0.0305956	2.63768
SRX7498494	TFs and others	CTCF	Others	93-VU147T	21445	26/483	1/49	-0.30281	-0.0305956	2.63768
SRX7572098	TFs and others	MYC	Pancreas	MIA Paca-2	1044	26/483	1/49	-0.30281	-0.0305956	2.63768
SRX7807603	TFs and others	GATA3	Unclassified	Unclassified	875	26/483	1/49	-0.30281	-0.0305956	2.63768
SRX7897938	TFs and others	CTCF	Blood	K-562	2353	26/483	1/49	-0.30281	-0.0305956	2.63768
SRX7951330	TFs and others	SMARCA4	Lung	NCI-H1944	1353	26/483	1/49	-0.30281	-0.0305956	2.63768
SRX8257424	TFs and others	MITF	Epidermis	A-375	2781	26/483	1/49	-0.30281	-0.0305956	2.63768
SRX8376363	TFs and others	FOXA2	Pluripotent stem cell	hESC derived pancreatic cells	9626	26/483	1/49	-0.30281	-0.0305956	2.63768
SRX8406524	TFs and others	FOXA1	Prostate	Prostatic Neoplasms, Castration-Resistant	15088	26/483	1/49	-0.30281	-0.0305956	2.63768
SRX8616836	TFs and others	FOSL2	Lung	A549	4286	26/483	1/49	-0.30281	-0.0305956	2.63768
SRX8707938	TFs and others	MED1	Epidermis	Keratinocytes	1707	26/483	1/49	-0.30281	-0.0305956	2.63768
SRX9562908	TFs and others	SMARCC1	Muscle	RH-4	1018	26/483	1/49	-0.30281	-0.0305956	2.63768
SRX5683081	TFs and others	ESR1	Uterus	Ishikawa	6310	60/483	8/49	-0.302497	-0.0305956	0.76087
SRX190237	TFs and others	SIN3A	Neural	PFSK-1	5868	126/483	15/49	-0.301742	-0.0305956	0.852174
SRX10119373	TFs and others	TEAD1	Breast	MCF 10A	3024	27/483	1/49	-0.300933	-0.0305956	2.73913
SRX1477654	TFs and others	Epitope tags	Lung	MRC-5	6335	27/483	1/49	-0.300933	-0.0305956	2.73913
SRX150381	TFs and others	CHD1	Blood	GM12878	1004	27/483	1/49	-0.300933	-0.0305956	2.73913
SRX186703	TFs and others	REST	Blood	K-562	3437	27/483	1/49	-0.300933	-0.0305956	2.73913
SRX1916935	TFs and others	DNMT3A	Epidermis	Epidermal stem cells	1149	27/483	1/49	-0.300933	-0.0305956	2.73913
SRX1968076	TFs and others	BCL11B	Blood	Thymus	467	27/483	1/49	-0.300933	-0.0305956	2.73913
SRX244190	TFs and others	BACH2	Blood	OCI-LY-7	3821	27/483	1/49	-0.300933	-0.0305956	2.73913
SRX2548282	TFs and others	BATF3	Blood	ST1	13927	27/483	1/49	-0.300933	-0.0305956	2.73913
SRX2555293	TFs and others	ISL1	Neural	BE(2)-C	23163	27/483	1/49	-0.300933	-0.0305956	2.73913
SRX2683590	TFs and others	Epitope tags	Kidney	293	550	27/483	1/49	-0.300933	-0.0305956	2.73913
SRX2770856	TFs and others	SPI1	Blood	Macrophages	16721	27/483	1/49	-0.300933	-0.0305956	2.73913
SRX316362	TFs and others	NR3C1	Kidney	293	36804	27/483	1/49	-0.300933	-0.0305956	2.73913
SRX316363	TFs and others	NR3C1	Kidney	293	23247	27/483	1/49	-0.300933	-0.0305956	2.73913
SRX331853	TFs and others	REST	Blood	CD4+ T cells	2313	27/483	1/49	-0.300933	-0.0305956	2.73913
SRX3460920	TFs and others	POU2AF1	Blood	Pre-B cells	1259	27/483	1/49	-0.300933	-0.0305956	2.73913
SRX3541102	TFs and others	ESR1	Breast	MCF-7	6830	27/483	1/49	-0.300933	-0.0305956	2.73913
SRX3554411	TFs and others	CREB1	Breast	MDA-MB-134-VI	1127	27/483	1/49	-0.300933	-0.0305956	2.73913
SRX4001757	TFs and others	CTCF	Blood	Macrophages	12363	27/483	1/49	-0.300933	-0.0305956	2.73913
SRX4108913	TFs and others	AR	Prostate	LNCAP	56819	27/483	1/49	-0.300933	-0.0305956	2.73913
SRX4212597	TFs and others	EZH2	Blood	Peripheral blood mononuclear cells	730	27/483	1/49	-0.300933	-0.0305956	2.73913
SRX4397522	TFs and others	KMT2D	Pluripotent stem cell	NT2-D1	309	27/483	1/49	-0.300933	-0.0305956	2.73913
SRX4737854	TFs and others	BAP1	Pancreas	PANC-1	895	27/483	1/49	-0.300933	-0.0305956	2.73913
SRX4802341	TFs and others	HIF1A	Kidney	HKC8	1115	27/483	1/49	-0.300933	-0.0305956	2.73913
SRX4802343	TFs and others	ARNT	Kidney	HKC8	2652	27/483	1/49	-0.300933	-0.0305956	2.73913
SRX4966073	TFs and others	Epitope tags	Kidney	786-O	609	27/483	1/49	-0.300933	-0.0305956	2.73913
SRX5136353	TFs and others	RTA	Blood	BCBL1	2148	27/483	1/49	-0.300933	-0.0305956	2.73913
SRX5195155	TFs and others	VDR	Prostate	PrEC	2306	27/483	1/49	-0.300933	-0.0305956	2.73913
SRX5385028	TFs and others	BRD3	Pluripotent stem cell	hESC H1	978	27/483	1/49	-0.300933	-0.0305956	2.73913
SRX5465793	TFs and others	ESR1	Breast	MCF-7	3825	27/483	1/49	-0.300933	-0.0305956	2.73913
SRX573033	TFs and others	AFF4	Uterus	HeLa	655	27/483	1/49	-0.300933	-0.0305956	2.73913
SRX5883950	TFs and others	CTCF	Blood	Multiple Myeloma	11532	27/483	1/49	-0.300933	-0.0305956	2.73913
SRX5888972	TFs and others	SMARCB1	Epidermis	BJ	1718	27/483	1/49	-0.300933	-0.0305956	2.73913
SRX5974528	TFs and others	CTCF	Blood	K-562	11213	27/483	1/49	-0.300933	-0.0305956	2.73913
SRX5974544	TFs and others	CTCF	Blood	K-562	10431	27/483	1/49	-0.300933	-0.0305956	2.73913
SRX6058753	TFs and others	PGR	Breast	T-47D	8293	27/483	1/49	-0.300933	-0.0305956	2.73913
SRX702040	TFs and others	NANOG	Pluripotent stem cell	hESC HUES64	13481	27/483	1/49	-0.300933	-0.0305956	2.73913
SRX8376366	TFs and others	ONECUT1	Pluripotent stem cell	hESC derived pancreatic cells	13387	27/483	1/49	-0.300933	-0.0305956	2.73913
SRX8570929	TFs and others	HAP1	Blood	KBM-7	15684	27/483	1/49	-0.300933	-0.0305956	2.73913
SRX8588625	TFs and others	SMARCA4	Cardiovascular	Pulmonary artery endothelial cells	21688	27/483	1/49	-0.300933	-0.0305956	2.73913
SRX8850928	TFs and others	Epitope tags	Breast	MCF 10A	741	27/483	1/49	-0.300933	-0.0305956	2.73913
SRX9071231	TFs and others	BRD4	Blood	SEM	1582	27/483	1/49	-0.300933	-0.0305956	2.73913
SRX9562901	TFs and others	DPF2	Muscle	RH-4	1019	27/483	1/49	-0.300933	-0.0305956	2.73913
SRX9600651	TFs and others	G-quadruplex	Blood	K-562	309	27/483	1/49	-0.300933	-0.0305956	2.73913
SRX9674626	TFs and others	DPF2	Muscle	Rh-4	1030	27/483	1/49	-0.300933	-0.0305956	2.73913
SRX974290	TFs and others	MEF2B	Kidney	293	6201	27/483	1/49	-0.300933	-0.0305956	2.73913
SRX2943589	TFs and others	ESR1	Breast	MCF-7	17457	61/483	8/49	-0.299825	-0.0305956	0.773551
SRX5567177	TFs and others	RNF2	Blood	ME-1	3145	61/483	8/49	-0.299825	-0.0305956	0.773551
SRX4046308	TFs and others	RBBP5	Blood	Erythroblasts	14348	356/483	34/49	-0.299439	-0.0305956	1.06223
SRX10913937	TFs and others	SP1	Epidermis	Dermal fibroblast	2327	135/483	11/49	-0.298879	-0.0305956	1.24506
SRX190179	TFs and others	JUND	Lung	A549	12130	135/483	11/49	-0.298879	-0.0305956	1.24506
SRX265227	TFs and others	TAL1	Blood	ME-1	7018	136/483	11/49	-0.298725	-0.0305956	1.25428
SRX1758495	TFs and others	NELFE	Breast	MCF-7	3535	134/483	11/49	-0.298678	-0.0305956	1.23584
SRX8536108	TFs and others	GATA1	Blood	HUDEP-2	23613	134/483	11/49	-0.298678	-0.0305956	1.23584
DRX156348	TFs and others	MGMT	Neural	U-87 MG	2754	28/483	1/49	-0.297727	-0.0305956	2.84058
SRX059700	TFs and others	TFAP4	Prostate	LNCAP	1491	28/483	1/49	-0.297727	-0.0305956	2.84058
SRX080155	TFs and others	MYC	Blood	K-562	1631	28/483	1/49	-0.297727	-0.0305956	2.84058
SRX10119374	TFs and others	TEAD1	Breast	MCF 10A	3043	28/483	1/49	-0.297727	-0.0305956	2.84058
SRX10119391	TFs and others	TEAD1	Breast	MDA-MB-231	2041	28/483	1/49	-0.297727	-0.0305956	2.84058
SRX10145214	TFs and others	REL	Unclassified	Unclassified	1759	28/483	1/49	-0.297727	-0.0305956	2.84058
SRX103445	TFs and others	BRD4	Blood	CD4+ T cells	776	28/483	1/49	-0.297727	-0.0305956	2.84058
SRX10365532	TFs and others	ESR1	Breast	MCF-7	20957	28/483	1/49	-0.297727	-0.0305956	2.84058
SRX116443	TFs and others	REST	Blood	K-562	3451	28/483	1/49	-0.297727	-0.0305956	2.84058
SRX1166395	TFs and others	FOXA1	Prostate	LNCAP	48892	28/483	1/49	-0.297727	-0.0305956	2.84058
SRX1403231	TFs and others	JMJD6	Others	Tumor	2159	28/483	1/49	-0.297727	-0.0305956	2.84058
SRX142909	TFs and others	FOXA1	Prostate	LNCAP	14746	28/483	1/49	-0.297727	-0.0305956	2.84058
SRX1492213	TFs and others	GATA3	Blood	Jurkat	13095	28/483	1/49	-0.297727	-0.0305956	2.84058
SRX150442	TFs and others	ZKSCAN1	Uterus	HeLa	2062	28/483	1/49	-0.297727	-0.0305956	2.84058
SRX1514983	TFs and others	GFP	Kidney	293	1736	28/483	1/49	-0.297727	-0.0305956	2.84058
SRX157662	TFs and others	YY1	Pluripotent stem cell	hESC H1	1092	28/483	1/49	-0.297727	-0.0305956	2.84058
SRX1614807	TFs and others	ZNF366	Blood	Dendritic Cells	4451	28/483	1/49	-0.297727	-0.0305956	2.84058
SRX1660876	TFs and others	TRIM25	Breast	Breast cancer cells	737	28/483	1/49	-0.297727	-0.0305956	2.84058
SRX176884	TFs and others	EP300	Breast	MCF-7	10253	28/483	1/49	-0.297727	-0.0305956	2.84058
SRX1787679	TFs and others	KMT2C	Breast	MCF-7	7124	28/483	1/49	-0.297727	-0.0305956	2.84058
SRX1995006	TFs and others	ARNTL	Bone	U2OS	1084	28/483	1/49	-0.297727	-0.0305956	2.84058
SRX2541246	TFs and others	AR	Prostate	Prostate cancer cells	26015	28/483	1/49	-0.297727	-0.0305956	2.84058
SRX2584128	TFs and others	EPAS1	Epidermis	501A	659	28/483	1/49	-0.297727	-0.0305956	2.84058
SRX259621	TFs and others	RUNX1	Blood	Kasumi-1	5449	28/483	1/49	-0.297727	-0.0305956	2.84058
SRX2671813	TFs and others	EP300	Others	Fibroblasts	21390	28/483	1/49	-0.297727	-0.0305956	2.84058
SRX2734391	TFs and others	ERG	Cardiovascular	HAEC	1632	28/483	1/49	-0.297727	-0.0305956	2.84058
SRX3080211	TFs and others	JUN	Breast	MCF-7	7141	28/483	1/49	-0.297727	-0.0305956	2.84058
SRX3230416	TFs and others	ZNF334	Liver	Hep G2	1580	28/483	1/49	-0.297727	-0.0305956	2.84058
SRX3410402	TFs and others	PCGF2	Breast	T-47D	1993	28/483	1/49	-0.297727	-0.0305956	2.84058
SRX359407	TFs and others	EP300	Kidney	293	675	28/483	1/49	-0.297727	-0.0305956	2.84058
SRX360588	TFs and others	JUND	Digestive tract	GP5d	698	28/483	1/49	-0.297727	-0.0305956	2.84058
SRX3751771	TFs and others	FOSL2	Adipocyte	LPS141	7714	28/483	1/49	-0.297727	-0.0305956	2.84058
SRX3800732	TFs and others	RAD21	Breast	T-47D	2424	28/483	1/49	-0.297727	-0.0305956	2.84058
SRX425263	TFs and others	RELA	Cardiovascular	HUVEC	4526	28/483	1/49	-0.297727	-0.0305956	2.84058
SRX4708085	TFs and others	RBM39	Blood	K-562	826	28/483	1/49	-0.297727	-0.0305956	2.84058
SRX475775	TFs and others	REST	Blood	GM12878	5288	28/483	1/49	-0.297727	-0.0305956	2.84058
SRX4802346	TFs and others	HIF1A	Kidney	HKC8	759	28/483	1/49	-0.297727	-0.0305956	2.84058
SRX4802353	TFs and others	ARNT	Kidney	RCC4	771	28/483	1/49	-0.297727	-0.0305956	2.84058
SRX4802354	TFs and others	ARNT	Kidney	RCC4	878	28/483	1/49	-0.297727	-0.0305956	2.84058
SRX4815190	TFs and others	CTNNB1	Breast	SUM 149PT	1407	28/483	1/49	-0.297727	-0.0305956	2.84058
SRX4941324	TFs and others	XBP1	Prostate	LNCAP	810	28/483	1/49	-0.297727	-0.0305956	2.84058
SRX503332	TFs and others	KSHV LANA	Others	LEC	1054	28/483	1/49	-0.297727	-0.0305956	2.84058
SRX5089380	TFs and others	ARID1A	Breast	MCF-7	9034	28/483	1/49	-0.297727	-0.0305956	2.84058
SRX5089413	TFs and others	SMARCA4	Breast	MCF-7	4832	28/483	1/49	-0.297727	-0.0305956	2.84058
SRX512367	TFs and others	Epitope tags	Epidermis	Dermal fibroblast	9069	28/483	1/49	-0.297727	-0.0305956	2.84058
SRX5234510	TFs and others	SMARCB1	Kidney	TTC1240	5244	28/483	1/49	-0.297727	-0.0305956	2.84058
SRX5289975	TFs and others	NR3C1	Lung	BEAS-2B	1955	28/483	1/49	-0.297727	-0.0305956	2.84058
SRX5290912	TFs and others	CTCF	Lung	IMR-90	16557	28/483	1/49	-0.297727	-0.0305956	2.84058
SRX5294340	TFs and others	DPF2	Kidney	TTC1240	11863	28/483	1/49	-0.297727	-0.0305956	2.84058
SRX5307511	TFs and others	MYC	Blood	P493-6	1558	28/483	1/49	-0.297727	-0.0305956	2.84058
SRX6888831	TFs and others	BHLHE40	Uterus	HeLa	1077	28/483	1/49	-0.297727	-0.0305956	2.84058
SRX6957397	TFs and others	FOXL2	Kidney	HGrC1	10305	28/483	1/49	-0.297727	-0.0305956	2.84058
SRX747796	TFs and others	FOXA1	Breast	MCF-7	6199	28/483	1/49	-0.297727	-0.0305956	2.84058
SRX8470139	TFs and others	ZMYND8	Digestive tract	HCT 116	1055	28/483	1/49	-0.297727	-0.0305956	2.84058
SRX8520796	TFs and others	STAT3	Breast	MCF-7	2531	28/483	1/49	-0.297727	-0.0305956	2.84058
SRX8861816	TFs and others	ESR1	Breast	T-47D	2822	28/483	1/49	-0.297727	-0.0305956	2.84058
SRX9550925	TFs and others	FOXA1	Prostate	Prostate cancer	6855	28/483	1/49	-0.297727	-0.0305956	2.84058
SRX573028	TFs and others	AFF4	Uterus	HeLa	4520	132/483	11/49	-0.297206	-0.0305956	1.21739
SRX190269	TFs and others	SP1	Lung	A549	29606	421/483	41/49	-0.2966	-0.0305956	1.04171
SRX1672137	TFs and others	NR3C1	Lung	BEAS-2B	7586	62/483	8/49	-0.2966	-0.0305956	0.786232
SRX6961665	TFs and others	SUPT5H	Digestive tract	HCT 116	13616	349/483	33/49	-0.296179	-0.0305956	1.0729
SRX4824376	TFs and others	ZFX	Prostate	22Rv1	7106	134/483	16/49	-0.296179	-0.0305956	0.849638
SRX190232	TFs and others	SP2	Pluripotent stem cell	hESC H1	2255	135/483	16/49	-0.294658	-0.0305956	0.855978
SRX10119115	TFs and others	CEBPA	Blood	MV-4-11	1649	29/483	1/49	-0.293331	-0.0305956	2.94203
SRX1012631	TFs and others	ESR1	Breast	MCF-7	15063	29/483	1/49	-0.293331	-0.0305956	2.94203
SRX1012632	TFs and others	ESR1	Breast	MCF-7	17006	29/483	1/49	-0.293331	-0.0305956	2.94203
SRX1013969	TFs and others	NELFA	Uterus	HeLa	722	29/483	1/49	-0.293331	-0.0305956	2.94203
SRX10218288	TFs and others	GATA1	Blood	HUDEP-2	7354	29/483	1/49	-0.293331	-0.0305956	2.94203
SRX1033293	TFs and others	FOXA1	Prostate	LNCAP	14714	29/483	1/49	-0.293331	-0.0305956	2.94203
SRX1034771	TFs and others	ARNTL	Bone	U2OS	822	29/483	1/49	-0.293331	-0.0305956	2.94203
SRX11007094	TFs and others	HIF1A	Kidney	HK-2	1722	29/483	1/49	-0.293331	-0.0305956	2.94203
SRX1161167	TFs and others	NR3C1	Breast	MCF-7	11431	29/483	1/49	-0.293331	-0.0305956	2.94203
SRX1431737	TFs and others	SPI1	Blood	K-562	4659	29/483	1/49	-0.293331	-0.0305956	2.94203
SRX145843	TFs and others	ERG	Prostate	RWPE-1	2485	29/483	1/49	-0.293331	-0.0305956	2.94203
SRX1477649	TFs and others	Epitope tags	Lung	MRC-5	8663	29/483	1/49	-0.293331	-0.0305956	2.94203
SRX150372	TFs and others	MAFK	Pluripotent stem cell	hESC H1	7644	29/483	1/49	-0.293331	-0.0305956	2.94203
SRX1514931	TFs and others	GFP	Kidney	293	859	29/483	1/49	-0.293331	-0.0305956	2.94203
SRX1531781	TFs and others	MED1	Lung	A549	3966	29/483	1/49	-0.293331	-0.0305956	2.94203
SRX1668619	TFs and others	FOXM1	Pluripotent stem cell	hESC VAL-3	644	29/483	1/49	-0.293331	-0.0305956	2.94203
SRX176858	TFs and others	ESR1	Breast	MCF-7	16018	29/483	1/49	-0.293331	-0.0305956	2.94203
SRX186804	TFs and others	ESR1	Breast	Breast cancer	4065	29/483	1/49	-0.293331	-0.0305956	2.94203
SRX2537518	TFs and others	BRD4	Epidermis	SK-MEL-147	5801	29/483	1/49	-0.293331	-0.0305956	2.94203
SRX2731314	TFs and others	PAF1	Digestive tract	HCT 116	1207	29/483	1/49	-0.293331	-0.0305956	2.94203
SRX2881137	TFs and others	NANOG	Pluripotent stem cell	hESC H9	21132	29/483	1/49	-0.293331	-0.0305956	2.94203
SRX2900606	TFs and others	HIC1	Blood	iTreg	3776	29/483	1/49	-0.293331	-0.0305956	2.94203
SRX3080213	TFs and others	ESR1	Breast	MCF-7	11626	29/483	1/49	-0.293331	-0.0305956	2.94203
SRX3285584	TFs and others	KDM5B	Breast	MCF-7	974	29/483	1/49	-0.293331	-0.0305956	2.94203
SRX359406	TFs and others	EP300	Kidney	293	644	29/483	1/49	-0.293331	-0.0305956	2.94203
SRX3734321	TFs and others	TP53	Breast	Mammary glands	7471	29/483	1/49	-0.293331	-0.0305956	2.94203
SRX3824043	TFs and others	KMT2B	Blood	THP-1	4984	29/483	1/49	-0.293331	-0.0305956	2.94203
SRX4001760	TFs and others	CTCF	Blood	Macrophages	13880	29/483	1/49	-0.293331	-0.0305956	2.94203
SRX4001967	TFs and others	RELA	Blood	THP-1	1602	29/483	1/49	-0.293331	-0.0305956	2.94203
SRX4038241	TFs and others	PATZ1	Liver	Hep G2	2274	29/483	1/49	-0.293331	-0.0305956	2.94203
SRX4212587	TFs and others	EZH2	Blood	Peripheral blood mononuclear cells	936	29/483	1/49	-0.293331	-0.0305956	2.94203
SRX425264	TFs and others	RELA	Cardiovascular	HUVEC	5809	29/483	1/49	-0.293331	-0.0305956	2.94203
SRX4802345	TFs and others	ARNT	Kidney	HKC8	1104	29/483	1/49	-0.293331	-0.0305956	2.94203
SRX4911599	TFs and others	FOXA2	Uterus	Endometrium	1146	29/483	1/49	-0.293331	-0.0305956	2.94203
SRX4931244	TFs and others	KMT2A	Kidney	293	640	29/483	1/49	-0.293331	-0.0305956	2.94203
SRX5089558	TFs and others	BRD4	Breast	MCF-7	2199	29/483	1/49	-0.293331	-0.0305956	2.94203
SRX5169143	TFs and others	GATA1	Blood	Erythroid Precursor Cells	2629	29/483	1/49	-0.293331	-0.0305956	2.94203
SRX5574447	TFs and others	SPI1	Blood	CTV-1	21126	29/483	1/49	-0.293331	-0.0305956	2.94203
SRX5702619	TFs and others	AR	Breast	T-47D	17693	29/483	1/49	-0.293331	-0.0305956	2.94203
SRX5794310	TFs and others	TCF7	Breast	Breast organoids	663	29/483	1/49	-0.293331	-0.0305956	2.94203
SRX5974511	TFs and others	CTCF	Blood	K-562	13096	29/483	1/49	-0.293331	-0.0305956	2.94203
SRX6049855	TFs and others	Epitope tags	Unclassified	Unclassified	3506	29/483	1/49	-0.293331	-0.0305956	2.94203
SRX6098145	TFs and others	TRPS1	Breast	MCF-7	10798	29/483	1/49	-0.293331	-0.0305956	2.94203
SRX7054612	TFs and others	RELA	Cardiovascular	HAEC	2905	29/483	1/49	-0.293331	-0.0305956	2.94203
SRX7728612	TFs and others	RAD21	Pluripotent stem cell	hESC derived neural crests	9149	29/483	1/49	-0.293331	-0.0305956	2.94203
SRX7807100	TFs and others	CEBPB	Unclassified	Unclassified	13626	29/483	1/49	-0.293331	-0.0305956	2.94203
SRX8406525	TFs and others	FOXA1	Prostate	Prostatic Neoplasms, Castration-Resistant	20547	29/483	1/49	-0.293331	-0.0305956	2.94203
SRX8588598	TFs and others	PAX8	Gonad	KURAMOCHI	6169	29/483	1/49	-0.293331	-0.0305956	2.94203
SRX8831615	TFs and others	BRD4	Digestive tract	KYSE-180	1834	29/483	1/49	-0.293331	-0.0305956	2.94203
SRX9046309	TFs and others	ETS1	Blood	THP-1	1329	29/483	1/49	-0.293331	-0.0305956	2.94203
SRX9600623	TFs and others	G-quadruplex	Blood	K-562	436	29/483	1/49	-0.293331	-0.0305956	2.94203
SRX2007815	TFs and others	MEN1	Breast	MCF-7	2578	63/483	8/49	-0.292861	-0.0305956	0.798913
SRX702136	TFs and others	THAP11	Pluripotent stem cell	hESC derived mesendodermal cells	1831	63/483	8/49	-0.292861	-0.0305956	0.798913
SRX8406480	TFs and others	AR	Prostate	Prostatic Neoplasms, Castration-Resistant	23918	63/483	8/49	-0.292861	-0.0305956	0.798913
SRX1023791	TFs and others	SPI1	Blood	Macrophages	47290	144/483	12/49	-0.290904	-0.0305956	1.21739
SRX356747	TFs and others	STAG1	Blood	Lymphoblastoid cell line	32899	146/483	12/49	-0.290891	-0.0305956	1.2343
SRX7114561	TFs and others	Epitope tags	Breast	MCF-7	46682	137/483	16/49	-0.290662	-0.0305956	0.868659
SRX8850935	TFs and others	Epitope tags	Breast	MCF 10A	6987	137/483	16/49	-0.290662	-0.0305956	0.868659
SRX9975613	TFs and others	STAG2	Bone	A-673	64338	341/483	32/49	-0.290393	-0.0305956	1.08107
SRX1514973	TFs and others	GFP	Kidney	293	19348	419/483	41/49	-0.288648	-0.0305956	1.03676
SRX100586	TFs and others	ESR1	Uterus	ECC-1	9117	64/483	8/49	-0.288648	-0.0305956	0.811594
SRX1597599	TFs and others	STAT3	Others	FaDu	5221	64/483	8/49	-0.288648	-0.0305956	0.811594
SRX5172064	TFs and others	SMARCC1	Breast	MCF-7	3113	64/483	8/49	-0.288648	-0.0305956	0.811594
SRX8406546	TFs and others	HOXB13	Prostate	Prostate	16109	64/483	8/49	-0.288648	-0.0305956	0.811594
SRX190182	TFs and others	CREB1	Lung	A549	4144	144/483	17/49	-0.288439	-0.0305956	0.859335
SRX019786	TFs and others	TP63	Epidermis	Keratinocytes	23266	27/483	4/49	-0.287888	-0.0305956	0.684783
SRX1065300	TFs and others	Epitope tags	Breast	IMEC	1870	27/483	4/49	-0.287888	-0.0305956	0.684783
SRX212440	TFs and others	ETS1	Blood	CD4+ T cells	973	27/483	4/49	-0.287888	-0.0305956	0.684783
SRX7031582	TFs and others	EGR1	Blood	Monocytes	297	27/483	4/49	-0.287888	-0.0305956	0.684783
SRX378804	TFs and others	RELA	Uterus	KB	4956	145/483	17/49	-0.286995	-0.0305956	0.865303
SRX190341	TFs and others	TEAD4	Uterus	ECC-1	25759	155/483	13/49	-0.284457	-0.0305956	1.20959
SRX448939	TFs and others	BRD4	Blood	KOPT-K1	8725	155/483	13/49	-0.284457	-0.0305956	1.20959
SRX5604680	TFs and others	FOXA1	Prostate	LNCAP	29975	154/483	13/49	-0.284336	-0.0305956	1.20178
SRX6582163	TFs and others	JUN	Epidermis	BJ-5ta	24954	154/483	13/49	-0.284336	-0.0305956	1.20178
SRX190220	TFs and others	ELF1	Breast	MCF-7	14630	329/483	36/49	-0.284336	-0.0305956	0.927134
SRX9932043	TFs and others	STAT5A	Breast	MCF-7	8189	329/483	36/49	-0.284336	-0.0305956	0.927134
SRX6027693	TFs and others	ESR1	Uterus	Ishikawa	32832	418/483	41/49	-0.284001	-0.0305956	1.03429
SRX3401272	TFs and others	TEAD1	Breast	MCF-7	23673	65/483	8/49	-0.284001	-0.0305956	0.824275
SRX5702621	TFs and others	ESR1	Breast	T-47D	12434	65/483	8/49	-0.284001	-0.0305956	0.824275
SRX9628497	TFs and others	JUN	Gonad	SCCOHT-1	1162	65/483	8/49	-0.284001	-0.0305956	0.824275
SRX9975610	TFs and others	FLI1	Bone	A-673	6563	65/483	8/49	-0.284001	-0.0305956	0.824275
SRX150489	TFs and others	FOS	Blood	GM12878	1948	152/483	18/49	-0.283774	-0.0305956	0.856683
SRX326884	TFs and others	GABPA	Prostate	VCaP	4948	152/483	18/49	-0.283774	-0.0305956	0.856683
SRX190266	TFs and others	NR2F2	Liver	Hep G2	18274	152/483	13/49	-0.283165	-0.0305956	1.18618
SRX204410	TFs and others	BRD4	Blood	P493-6	10138	152/483	13/49	-0.283165	-0.0305956	1.18618
SRX080359	TFs and others	CTCF	Neural	HA-sp	32616	70/483	5/49	-0.283114	-0.0305956	1.42029
SRX080362	TFs and others	CTCF	Lung	HPF	33590	70/483	5/49	-0.283114	-0.0305956	1.42029
SRX080432	TFs and others	CTCF	Lung	AG04450	32489	70/483	5/49	-0.283114	-0.0305956	1.42029
SRX10333913	TFs and others	NELFA	Digestive tract	DLD-1	2816	70/483	5/49	-0.283114	-0.0305956	1.42029
SRX190204	TFs and others	FOSL2	Lung	A549	23331	70/483	5/49	-0.283114	-0.0305956	1.42029
SRX190334	TFs and others	CEBPB	Blood	K-562	16697	70/483	5/49	-0.283114	-0.0305956	1.42029
SRX5234509	TFs and others	SMARCC1	Kidney	TTC1240	18233	70/483	5/49	-0.283114	-0.0305956	1.42029
SRX8536106	TFs and others	GATA1	Blood	HUDEP-2	14513	70/483	5/49	-0.283114	-0.0305956	1.42029
SRX203388	TFs and others	BRD4	Blood	Plasma Cells	4499	71/483	5/49	-0.282978	-0.0305956	1.44058
SRX3285603	TFs and others	ESR1	Breast	FULR	10149	71/483	5/49	-0.282978	-0.0305956	1.44058
SRX5089462	TFs and others	ESR1	Breast	MCF-7	13687	71/483	5/49	-0.282978	-0.0305956	1.44058
SRX5887623	TFs and others	SNAI2	Lung	PC-9	3359	71/483	5/49	-0.282978	-0.0305956	1.44058
SRX9350646	TFs and others	JUN	Epidermis	Melanoma cell line	30529	71/483	5/49	-0.282978	-0.0305956	1.44058
SRX038623	TFs and others	CTCF	Blood	K-562	29311	69/483	5/49	-0.282699	-0.0305956	1.4
SRX080413	TFs and others	CTCF	Epidermis	AG09309	31584	69/483	5/49	-0.282699	-0.0305956	1.4
SRX096352	TFs and others	CEBPB	Digestive tract	LS-180	28552	69/483	5/49	-0.282699	-0.0305956	1.4
SRX1161187	TFs and others	FOXA1	Breast	ZR-75-1	44910	69/483	5/49	-0.282699	-0.0305956	1.4
SRX150725	TFs and others	USF2	Liver	Hep G2	4970	69/483	5/49	-0.282699	-0.0305956	1.4
SRX1873449	TFs and others	BRD4	Blood	SEM	4477	69/483	5/49	-0.282699	-0.0305956	1.4
SRX190257	TFs and others	RAD21	Uterus	ECC-1	37415	69/483	5/49	-0.282699	-0.0305956	1.4
SRX199863	TFs and others	CTCF	Lung	AG04450	29842	69/483	5/49	-0.282699	-0.0305956	1.4
SRX5577138	TFs and others	Epitope tags	Prostate	LNCAP	43388	69/483	5/49	-0.282699	-0.0305956	1.4
SRX080377	TFs and others	CTCF	Epidermis	AG10803	31985	72/483	5/49	-0.282304	-0.0305956	1.46087
SRX080414	TFs and others	CTCF	Cardiovascular	HPAF	39525	72/483	5/49	-0.282304	-0.0305956	1.46087
SRX3110723	TFs and others	ESR1	Breast	MCF-7	18663	72/483	5/49	-0.282304	-0.0305956	1.46087
SRX4708093	TFs and others	TARDBP	Blood	K-562	2791	72/483	5/49	-0.282304	-0.0305956	1.46087
SRX5307508	TFs and others	MAX	Blood	P493-6	4682	72/483	5/49	-0.282304	-0.0305956	1.46087
SRX6384758	TFs and others	RAD21	Digestive tract	HCT 116	30498	72/483	5/49	-0.282304	-0.0305956	1.46087
SRX7054663	TFs and others	RELA	Cardiovascular	HAEC	22212	72/483	5/49	-0.282304	-0.0305956	1.46087
SRX327751	TFs and others	BRD4	Neural	U-87 MG	46177	329/483	31/49	-0.281884	-0.0305956	1.07667
SRX4342283	TFs and others	AHR	Blood	GM17212	3177	154/483	18/49	-0.281884	-0.0305956	0.867955
SRX1156478	TFs and others	GATA3	Breast	MDA-MB-231	13972	28/483	4/49	-0.281545	-0.0305956	0.710145
SRX795223	TFs and others	BRD4	Breast	SUM 159PT	2547	28/483	4/49	-0.281545	-0.0305956	0.710145
SRX889798	TFs and others	Epitope tags	Unclassified	Unclassified	1869	28/483	4/49	-0.281545	-0.0305956	0.710145
SRX2642368	TFs and others	FOXA1	Prostate	VCaP	69892	73/483	5/49	-0.281109	-0.0305956	1.48116
SRX3056626	TFs and others	CTCF	Blood	Erythroblasts	38736	73/483	5/49	-0.281109	-0.0305956	1.48116
SRX4001959	TFs and others	SPI1	Blood	THP-1	45132	73/483	5/49	-0.281109	-0.0305956	1.48116
SRX8453140	TFs and others	AR	Blood	Lymph Nodes	34586	73/483	5/49	-0.281109	-0.0305956	1.48116
SRX095396	TFs and others	MYC	Blood	BL-41	4182	70/483	9/49	-0.279411	-0.0305956	0.78905
SRX2452429	TFs and others	ETS1	Cardiovascular	HUVEC	2989	70/483	9/49	-0.279411	-0.0305956	0.78905
SRX3110722	TFs and others	ESR1	Breast	MCF-7	8388	70/483	9/49	-0.279411	-0.0305956	0.78905
SRX3437461	TFs and others	NRF1	Uterus	HeLa	2189	70/483	9/49	-0.279411	-0.0305956	0.78905
SRX3599294	TFs and others	ETS1	Cardiovascular	HUVEC	2989	70/483	9/49	-0.279411	-0.0305956	0.78905
SRX5236332	TFs and others	ERG	Cardiovascular	HUVEC	4482	70/483	9/49	-0.279411	-0.0305956	0.78905
SRX849396	TFs and others	CDK8	Blood	SET-2	3418	70/483	9/49	-0.279411	-0.0305956	0.78905
SRX5416007	TFs and others	PTEN	Liver	SMMC-7721	22609	166/483	14/49	-0.27868	-0.0305956	1.2029
SRX5574361	TFs and others	SPI1	Blood	Dendritic Cells	72021	162/483	14/49	-0.277744	-0.0305956	1.17391
SRX8037073	TFs and others	KLF5	Others	BICR 31	8584	163/483	19/49	-0.277403	-0.0305956	0.870328
SRX1726518	TFs and others	E2F1	Blood	U-266	1534	71/483	9/49	-0.277233	-0.0305956	0.800322
SRX2267439	TFs and others	BRD4	Epidermis	A-375	9418	71/483	9/49	-0.277233	-0.0305956	0.800322
SRX2510826	TFs and others	NELFA	Uterus	HeLa	2764	71/483	9/49	-0.277233	-0.0305956	0.800322
SRX264458	TFs and others	MED1	Blood	MM.1S	6691	71/483	9/49	-0.277233	-0.0305956	0.800322
SRX2778384	TFs and others	YY1	Blood	Lymphoblastoid cell line	2737	71/483	9/49	-0.277233	-0.0305956	0.800322
SRX366170	TFs and others	NKX2-1	Lung	NCI-H441	24176	71/483	9/49	-0.277233	-0.0305956	0.800322
SRX1091550	TFs and others	TFAP2A	Pluripotent stem cell	hESC derived neural crests	43176	326/483	31/49	-0.27689	-0.0305956	1.06685
SRX190263	TFs and others	MAX	Uterus	ECC-1	30528	411/483	40/49	-0.2746	-0.0305956	1.04239
SRX186612	TFs and others	MYC	Lung	A549	3756	72/483	9/49	-0.2746	-0.0305956	0.811594
SRX4786548	TFs and others	ESR1	Breast	MCF-7	2100	72/483	9/49	-0.2746	-0.0305956	0.811594
SRX1787654	TFs and others	FOXA1	Breast	MCF-7	15313	29/483	4/49	-0.274442	-0.0305956	0.735507
SRX1787655	TFs and others	FOXA1	Breast	MCF-7	21442	29/483	4/49	-0.274442	-0.0305956	0.735507
SRX180379	TFs and others	NKX3-1	Prostate	LNCAP	17982	29/483	4/49	-0.274442	-0.0305956	0.735507
SRX3288567	TFs and others	NANOG	Pluripotent stem cell	hESC H9	18784	29/483	4/49	-0.274442	-0.0305956	0.735507
SRX5300515	TFs and others	PDX1	Pluripotent stem cell	iPS derived pancreatic cells	8077	29/483	4/49	-0.274442	-0.0305956	0.735507
SRX6913041	TFs and others	BRD2	Blood	THP-1	1315	29/483	4/49	-0.274442	-0.0305956	0.735507
SRX8850933	TFs and others	Epitope tags	Breast	MCF 10A	1125	29/483	4/49	-0.274442	-0.0305956	0.735507
SRX5391034	TFs and others	MLXIP	Muscle	Skeletal myotubes	26775	308/483	34/49	-0.27421	-0.0305956	0.919011
SRX7807105	TFs and others	CTCF	Unclassified	Unclassified	43877	174/483	15/49	-0.274154	-0.0305956	1.17681
SRX2194271	TFs and others	BRD4	Breast	SUM 159PT	37180	309/483	34/49	-0.274154	-0.0305956	0.921995
SRX8536120	TFs and others	NFYB	Blood	HUDEP-2	7952	309/483	34/49	-0.274154	-0.0305956	0.921995
SRX12129503	TFs and others	BRD4	Blood	T cells	7619	176/483	15/49	-0.273988	-0.0305956	1.19034
SRX4704621	TFs and others	ARID1A	Gonad	RMG-I	13563	176/483	15/49	-0.273988	-0.0305956	1.19034
SRX1165095	TFs and others	Epitope tags	Liver	Hep G2	16032	307/483	34/49	-0.273988	-0.0305956	0.916027
SRX1165098	TFs and others	CREB1	Liver	Hep G2	9768	310/483	34/49	-0.273818	-0.0305956	0.924979
SRX129066	TFs and others	MYC	Blood	P493-6	8719	172/483	20/49	-0.273489	-0.0305956	0.872464
SRX5391679	TFs and others	SMC3	Blood	Neutrophils	12602	173/483	20/49	-0.272716	-0.0305956	0.877536
SRX359947	TFs and others	NPAT	Digestive tract	LoVo	3227	171/483	15/49	-0.272308	-0.0305956	1.15652
SRX8588640	TFs and others	KLF4	Cardiovascular	Pulmonary artery endothelial cells	13139	171/483	15/49	-0.272308	-0.0305956	1.15652
SRX11399798	TFs and others	HDAC1	Lung	NCI-H1963	5769	174/483	20/49	-0.271675	-0.0305956	0.882609
SRX4493016	TFs and others	GFI1B	Blood	K-562	2983	73/483	9/49	-0.271539	-0.0305956	0.822866
SRX5346118	TFs and others	MYC	Blood	RAMOS	3741	73/483	9/49	-0.271539	-0.0305956	0.822866
SRX7141987	TFs and others	O-GlcNAc	Adipocyte	Adipocytes	2648	73/483	9/49	-0.271539	-0.0305956	0.822866
SRX4374902	TFs and others	RBPJ	Breast	MB 157	5576	175/483	20/49	-0.27037	-0.0305956	0.887681
SRX10338561	TFs and others	MYC	Blood	NALM-6	14304	185/483	16/49	-0.270327	-0.0305956	1.17301
SRX1023793	TFs and others	SPI1	Blood	Macrophages	58699	184/483	16/49	-0.270299	-0.0305956	1.16667
SRX8363485	TFs and others	ARID1A	Neural	NGP	8397	184/483	16/49	-0.270299	-0.0305956	1.16667
SRX6977280	TFs and others	Epitope tags	Neural	BE(2)-C	5870	299/483	33/49	-0.270299	-0.0305956	0.919192
SRX1514933	TFs and others	GFP	Kidney	293	6018	181/483	21/49	-0.270087	-0.0305956	0.874396
SRX825398	TFs and others	KLF5	Pancreas	CFPAC-1	8706	181/483	21/49	-0.270087	-0.0305956	0.874396
SRX2505194	TFs and others	MTOR	Prostate	LNCAP	68242	183/483	16/49	-0.270003	-0.0305956	1.16033
SRX9237234	TFs and others	SUPT5H	Blood	K-562	10795	301/483	28/49	-0.269582	-0.0305956	1.09058
SRX150605	TFs and others	RELA	Blood	GM12891	24800	182/483	21/49	-0.269582	-0.0305956	0.879227
SRX2897205	TFs and others	ESR1	Breast	Breast cancer cells	6298	182/483	21/49	-0.269582	-0.0305956	0.879227
SRX4393708	TFs and others	GATA2	Blood	ME-1	9130	182/483	16/49	-0.269437	-0.0305956	1.15399
SRX1287848	TFs and others	CDK8	Blood	MOLM-14	28670	301/483	33/49	-0.269437	-0.0305956	0.92534
SRX369126	TFs and others	RUNX1	Blood	CUTLL1	15601	176/483	20/49	-0.268807	-0.0305956	0.892754
SRX9932044	TFs and others	STAT5A	Breast	MCF-7	2447	176/483	20/49	-0.268807	-0.0305956	0.892754
SRX5574500	TFs and others	SPI1	Blood	CTV-1	31205	181/483	16/49	-0.268605	-0.0305956	1.14764
SRX190264	TFs and others	CREB1	Liver	Hep G2	26190	409/483	40/49	-0.268079	-0.0305956	1.03732
SRX2188690	TFs and others	BRCA1	Bone	U2OS	2307	74/483	9/49	-0.268079	-0.0305956	0.834138
SRX3800331	TFs and others	STAG1	Others	RT-112	29027	299/483	28/49	-0.267786	-0.0305956	1.08333
SRX2267460	TFs and others	BRD4	Others	RT-112	18223	184/483	21/49	-0.267786	-0.0305956	0.888889
SRX4213897	TFs and others	LIN9	Breast	MCF 10A	3540	184/483	21/49	-0.267786	-0.0305956	0.888889
SRX190261	TFs and others	TAF1	Pluripotent stem cell	hESC derived neural cells	6770	195/483	17/49	-0.267155	-0.0305956	1.16368
SRX4708039	TFs and others	AGO2	Liver	Hep G2	14857	195/483	17/49	-0.267155	-0.0305956	1.16368
SRX203391	TFs and others	CDK9	Blood	Plasma Cells	9979	194/483	17/49	-0.267153	-0.0305956	1.15772
SRX059711	TFs and others	HDAC2	Prostate	VCaP	502	7/483	1/49	-0.266912	-0.0305956	0.710145
SRX174813	TFs and others	NKX2-1	Lung	NCI-H3122	244	7/483	1/49	-0.266912	-0.0305956	0.710145
SRX2188684	TFs and others	BRCA1	Lung	IMR-90	314	7/483	1/49	-0.266912	-0.0305956	0.710145
SRX4115994	TFs and others	FOXA1	Breast	MCF-7	5520	7/483	1/49	-0.266912	-0.0305956	0.710145
SRX4116007	TFs and others	AR	Prostate	Prostate cancer cells	4551	7/483	1/49	-0.266912	-0.0305956	0.710145
SRX7054998	TFs and others	ERG	Cardiovascular	HAEC	714	7/483	1/49	-0.266912	-0.0305956	0.710145
SRX7213077	TFs and others	PAF1	Bone	U2OS	99	7/483	1/49	-0.266912	-0.0305956	0.710145
SRX9621853	TFs and others	GFP	Kidney	293	2864	7/483	1/49	-0.266912	-0.0305956	0.710145
SRX9823127	TFs and others	TRIM28	Blood	GM12878	246	7/483	1/49	-0.266912	-0.0305956	0.710145
SRX100543	TFs and others	YY1	Neural	SK-N-SH	19602	292/483	27/49	-0.266897	-0.0305956	1.09716
SRX3591432	TFs and others	BRD4	Blood	B-CLL cells	7794	191/483	22/49	-0.266897	-0.0305956	0.880764
SRX4680620	TFs and others	MYBL2	Bone	A-673	6646	191/483	22/49	-0.266897	-0.0305956	0.880764
SRX4116559	TFs and others	FOXP1	Blood	B cells	8899	193/483	17/49	-0.266892	-0.0305956	1.15175
SRX10760642	TFs and others	EP300	Blood	MM.1S	4882	30/483	4/49	-0.266713	-0.0305956	0.76087
SRX1469953	TFs and others	ESR1	Breast	T-47D	3290	30/483	4/49	-0.266713	-0.0305956	0.76087
SRX2368879	TFs and others	FOXA2	Epidermis	BJ	23747	30/483	4/49	-0.266713	-0.0305956	0.76087
SRX3110713	TFs and others	ESR1	Breast	MCF-7	1080	30/483	4/49	-0.266713	-0.0305956	0.76087
SRX4046309	TFs and others	SETD1A	Blood	Erythroblasts	543	30/483	4/49	-0.266713	-0.0305956	0.76087
SRX5705796	TFs and others	ETS1	Pluripotent stem cell	hESC derived cardiac cells	11129	298/483	28/49	-0.266504	-0.0305956	1.07971
SRX8673361	TFs and others	RUNX1T1	Blood	Kasumi-1	10726	192/483	17/49	-0.266371	-0.0305956	1.14578
SRX100454	TFs and others	FOXA1	Breast	T-47D	44490	193/483	22/49	-0.265612	-0.0305956	0.889987
SRX5075170	TFs and others	SMARCA4	Neural	Neural progenitor cells	39820	191/483	17/49	-0.265591	-0.0305956	1.13981
SRX4708038	TFs and others	AGO1	Liver	Hep G2	3726	80/483	6/49	-0.264766	-0.0305956	1.35266
SRX5574357	TFs and others	SPI1	Blood	Dendritic Cells	43953	80/483	6/49	-0.264766	-0.0305956	1.35266
SRX5577156	TFs and others	AR	Prostate	LNCAP	32225	80/483	6/49	-0.264766	-0.0305956	1.35266
SRX11668228	TFs and others	CUX1	Blood	K-562	14642	81/483	6/49	-0.264626	-0.0305956	1.36957
SRX9318379	TFs and others	TOP2B	Neural	Glioma	1804	81/483	6/49	-0.264626	-0.0305956	1.36957
SRX1967780	TFs and others	SMC1A	Epidermis	Keratinocytes	11797	79/483	6/49	-0.264451	-0.0305956	1.33575
SRX5504125	TFs and others	FOXA2	Pancreas	CFPAC-1	31910	79/483	6/49	-0.264451	-0.0305956	1.33575
SRX8406420	TFs and others	AR	Prostate	Prostate	6354	79/483	6/49	-0.264451	-0.0305956	1.33575
SRX10722430	TFs and others	BCL11B	Blood	T-ALL	6793	203/483	18/49	-0.264425	-0.0305956	1.14412
SRX395617	TFs and others	CTCF	Breast	T-47D	36038	83/483	6/49	-0.263017	-0.0305956	1.40338
SRX8406419	TFs and others	AR	Prostate	Prostate	3938	83/483	6/49	-0.263017	-0.0305956	1.40338
SRX100558	TFs and others	YY1	Pluripotent stem cell	hESC H1	28327	214/483	19/49	-0.262755	-0.0305956	1.14264
SRX3230386	TFs and others	HMGXB3	Liver	Hep G2	12286	270/483	30/49	-0.262555	-0.0305956	0.913043
SRX666559	TFs and others	NRF1	Breast	T-47D	7819	270/483	30/49	-0.262555	-0.0305956	0.913043
SRX8299785	TFs and others	MYC	Bone	U2OS	10874	200/483	18/49	-0.262226	-0.0305956	1.12721
SRX5504130	TFs and others	HNF1B	Pancreas	PANC-1	10616	283/483	31/49	-0.262226	-0.0305956	0.926134
SRX3511938	TFs and others	TFAP2A	Pluripotent stem cell	iPS cells	19626	212/483	19/49	-0.262108	-0.0305956	1.13196
SRX3591438	TFs and others	BRD4	Blood	B-CLL cells	11462	279/483	26/49	-0.262032	-0.0305956	1.08863
SRX7902939	TFs and others	BRD4	Breast	SUM 159PT	12817	279/483	26/49	-0.262032	-0.0305956	1.08863
SRX2267462	TFs and others	BRD4	Others	RT-112	17075	204/483	23/49	-0.262032	-0.0305956	0.899811
SRX100579	TFs and others	POU2F2	Blood	GM12878	23037	271/483	25/49	-0.26187	-0.0305956	1.09971
SRX4374935	TFs and others	NOTCH1	Breast	HCC1599	1098	80/483	10/49	-0.261575	-0.0305956	0.811594
SRX8171744	TFs and others	MYBBP1A	Epidermis	BJ	2291	80/483	10/49	-0.261575	-0.0305956	0.811594
SRX190304	TFs and others	RAD21	Digestive tract	HCT 116	52318	224/483	20/49	-0.261421	-0.0305956	1.13623
SRX150581	TFs and others	CHD2	Blood	K-562	6449	220/483	25/49	-0.261349	-0.0305956	0.892754
SRX702547	TFs and others	CHD8	Pluripotent stem cell	iPS derived neural cells	10564	213/483	24/49	-0.261085	-0.0305956	0.900362
SRX5501660	TFs and others	DDX21	Epidermis	A-375	6639	221/483	25/49	-0.261033	-0.0305956	0.896812
SRX1161172	TFs and others	FOXA1	Breast	MCF-7	22366	234/483	21/49	-0.26063	-0.0305956	1.13043
SRX335071	TFs and others	NFATC1	Cardiovascular	HUVEC	6248	253/483	23/49	-0.260534	-0.0305956	1.11594
SRX150639	TFs and others	RFX5	Uterus	HeLa	18692	230/483	26/49	-0.260534	-0.0305956	0.897436
SRX9419962	TFs and others	MED1	Breast	SK-BR-3	21885	250/483	28/49	-0.260485	-0.0305956	0.905797
SRX204900	TFs and others	BRD4	Lung	NCI-H2171	26908	244/483	22/49	-0.260368	-0.0305956	1.12516
SRX3230379	TFs and others	CBX5	Liver	Hep G2	13444	244/483	22/49	-0.260368	-0.0305956	1.12516
SRX359970	TFs and others	RAD21	Digestive tract	LoVo	26638	252/483	23/49	-0.260196	-0.0305956	1.11153
SRX190298	TFs and others	TCF12	Uterus	ECC-1	17016	232/483	21/49	-0.260097	-0.0305956	1.12077
SRX7054664	TFs and others	RELA	Cardiovascular	HAEC	24303	214/483	24/49	-0.26006	-0.0305956	0.904589
SRX1287850	TFs and others	CDK8	Blood	MOLM-14	18830	241/483	27/49	-0.259885	-0.0305956	0.905529
SRX5341942	TFs and others	CASZ1	Muscle	Rhabdomyosarcoma	7790	81/483	10/49	-0.259728	-0.0305956	0.821739
SRX3229149	TFs and others	ESR1	Breast	Breast cancer	5810	223/483	25/49	-0.259676	-0.0305956	0.904928
SRX190308	TFs and others	CEBPB	Digestive tract	HCT 116	22380	252/483	28/49	-0.259468	-0.0305956	0.913043
SRX5709754	TFs and others	CTCF	Breast	MCF-7	3225	242/483	27/49	-0.259284	-0.0305956	0.909286
SRX10338564	TFs and others	MYC	Blood	NALM-6	20926	250/483	23/49	-0.2588	-0.0305956	1.10271
SRX150360	TFs and others	TBP	Liver	Hep G2	10455	268/483	25/49	-0.258799	-0.0305956	1.08754
SRX7805365	TFs and others	ZFX	Prostate	22Rv1	8741	215/483	24/49	-0.258799	-0.0305956	0.908816
SRX7701212	TFs and others	BRD4	Lung	NCI-H1963	7185	259/483	24/49	-0.25864	-0.0305956	1.09481
SRX100399	TFs and others	YY1	Digestive tract	HCT 116	11384	224/483	25/49	-0.25864	-0.0305956	0.908986
SRX4415495	TFs and others	RBBP7	Kidney	hTERT-HME1	9395	224/483	25/49	-0.25864	-0.0305956	0.908986
SRX5391683	TFs and others	RAD21	Blood	Neutrophils	21264	224/483	25/49	-0.25864	-0.0305956	0.908986
SRX8037074	TFs and others	KLF5	Digestive tract	NCI-H508	8889	224/483	25/49	-0.25864	-0.0305956	0.908986
SRX6853585	TFs and others	ARNT	Epidermis	SK-MEL-28	12829	230/483	21/49	-0.258601	-0.0305956	1.11111
SRX028634	TFs and others	FOXA1	Breast	MCF-7	23740	31/483	4/49	-0.258486	-0.0305956	0.786232
SRX10045338	TFs and others	ASXL1	Breast	CAL-51	1021	31/483	4/49	-0.258486	-0.0305956	0.786232
SRX174817	TFs and others	NKX2-1	Lung	NCI-H2087	1906	31/483	4/49	-0.258486	-0.0305956	0.786232
SRX2023764	TFs and others	HDAC2	Pluripotent stem cell	iPS derived cardiac cells	1322	31/483	4/49	-0.258486	-0.0305956	0.786232
SRX2436041	TFs and others	OTX2	Neural	D341 Med	25195	31/483	4/49	-0.258486	-0.0305956	0.786232
SRX248766	TFs and others	ASF1A	Uterus	HeLa	936	31/483	4/49	-0.258486	-0.0305956	0.786232
SRX2741424	TFs and others	CHD4	Others	SCC-9	1459	31/483	4/49	-0.258486	-0.0305956	0.786232
SRX7668889	TFs and others	EBF1	Digestive tract	HGC-27	5065	31/483	4/49	-0.258486	-0.0305956	0.786232
SRX7972453	TFs and others	MKL2	Epidermis	MKL-2	5074	31/483	4/49	-0.258486	-0.0305956	0.786232
SRX8831616	TFs and others	TP63	Digestive tract	KYSE-180	21130	31/483	4/49	-0.258486	-0.0305956	0.786232
SRX9628509	TFs and others	JUN	Gonad	BIN-67	799	31/483	4/49	-0.258486	-0.0305956	0.786232
SRX2867628	TFs and others	BRD4	Blood	Lymphoblastoid cell line	11892	240/483	22/49	-0.258444	-0.0305956	1.10672
SRX8090645	TFs and others	BRD2	Others	Synoviocytes	9188	243/483	27/49	-0.258444	-0.0305956	0.913043
SRX186635	TFs and others	NRF1	Neural	SK-N-SH	7744	244/483	27/49	-0.25737	-0.0305956	0.916801
SRX185709	TFs and others	PGR	Breast	T-47D	19503	83/483	10/49	-0.254898	-0.0305956	0.842029
SRX7902023	TFs and others	POU5F1	Prostate	22Rv1	2518	83/483	10/49	-0.254898	-0.0305956	0.842029
SRX1721484	TFs and others	ETV1	Digestive tract	GIST-T1	11646	84/483	10/49	-0.251955	-0.0305956	0.852174
SRX2881000	TFs and others	ESR1	Breast	MCF-7	22237	84/483	10/49	-0.251955	-0.0305956	0.852174
SRX3372014	TFs and others	ETV1	Digestive tract	GIST-T1	11647	84/483	10/49	-0.251955	-0.0305956	0.852174
SRX1961158	TFs and others	FOXA1	Breast	T-47D	36383	90/483	7/49	-0.250236	-0.0305956	1.30435
SRX3800712	TFs and others	CTCF	Breast	T-47D	30720	90/483	7/49	-0.250236	-0.0305956	1.30435
SRX5574355	TFs and others	SPI1	Blood	Monocytes	43285	90/483	7/49	-0.250236	-0.0305956	1.30435
SRX6878603	TFs and others	FOXA1	Prostate	LNCAP	74872	90/483	7/49	-0.250236	-0.0305956	1.30435
SRX1052317	TFs and others	Epitope tags	Blood	K-562	4260	91/483	7/49	-0.250088	-0.0305956	1.31884
SRX7427510	TFs and others	ESR1	Breast	MCF-7	13067	91/483	7/49	-0.250088	-0.0305956	1.31884
SRX1161176	TFs and others	FOXA1	Breast	MCF-7	27653	89/483	7/49	-0.249997	-0.0305956	1.28986
DRX013191	TFs and others	RAD21	Kidney	293	21163	35/483	2/49	-0.249943	-0.0305956	1.77536
SRX027402	TFs and others	CEBPA	Adipocyte	Adipocytes	9722	35/483	2/49	-0.249943	-0.0305956	1.77536
SRX038524	TFs and others	CTCF	Pluripotent stem cell	hESC H1	26302	35/483	2/49	-0.249943	-0.0305956	1.77536
SRX1280792	TFs and others	FOXA1	Prostate	LNCAP	12618	35/483	2/49	-0.249943	-0.0305956	1.77536
SRX150421	TFs and others	JUN	Uterus	HeLa	13125	35/483	2/49	-0.249943	-0.0305956	1.77536
SRX1652870	TFs and others	POU2F2	Blood	HBL-1	1320	35/483	2/49	-0.249943	-0.0305956	1.77536
SRX3082734	TFs and others	ZIC2	Blood	BCBL1	932	35/483	2/49	-0.249943	-0.0305956	1.77536
SRX3589923	TFs and others	STAG2	Breast	MCF 10A	9786	35/483	2/49	-0.249943	-0.0305956	1.77536
SRX3962733	TFs and others	LMNA	Epidermis	BJ-5ta	1983	35/483	2/49	-0.249943	-0.0305956	1.77536
SRX4510768	TFs and others	CTCF	Epidermis	MDA-MB-435	6852	35/483	2/49	-0.249943	-0.0305956	1.77536
SRX4741791	TFs and others	HIF1A	Cardiovascular	EA.hy926	2338	35/483	2/49	-0.249943	-0.0305956	1.77536
SRX5089446	TFs and others	ESR1	Breast	MCF-7	9623	35/483	2/49	-0.249943	-0.0305956	1.77536
SRX5771670	TFs and others	SOX17	Gonad	Tcam-2	28371	35/483	2/49	-0.249943	-0.0305956	1.77536
SRX5883949	TFs and others	CTCF	Blood	Multiple Myeloma	24224	35/483	2/49	-0.249943	-0.0305956	1.77536
SRX6913102	TFs and others	BRD4	Blood	CD4+ T cells	1276	35/483	2/49	-0.249943	-0.0305956	1.77536
SRX7728611	TFs and others	RAD21	Pluripotent stem cell	hESC derived neural crests	11131	35/483	2/49	-0.249943	-0.0305956	1.77536
SRX8617017	TFs and others	ESR1	Breast	MCF-7	8640	35/483	2/49	-0.249943	-0.0305956	1.77536
SRX882965	TFs and others	5-mC	Prostate	LNCAP	67065	35/483	2/49	-0.249943	-0.0305956	1.77536
SRX8901414	TFs and others	RAD21	Neural	hTERT RPE-1	9309	35/483	2/49	-0.249943	-0.0305956	1.77536
SRX973429	TFs and others	EHMT2	Kidney	293	1776	35/483	2/49	-0.249943	-0.0305956	1.77536
SRX028646	TFs and others	ELK1	Uterus	HeLa	821	32/483	4/49	-0.249875	-0.0305956	0.811594
SRX065541	TFs and others	Epitope tags	Kidney	293	5215	32/483	4/49	-0.249875	-0.0305956	0.811594
SRX150356	TFs and others	STAT3	Uterus	HeLa	11084	32/483	4/49	-0.249875	-0.0305956	0.811594
SRX1690217	TFs and others	TWIST1	Neural	Neuroblastoma	8298	32/483	4/49	-0.249875	-0.0305956	0.811594
SRX2010837	TFs and others	EHF	Lung	NHBE	1812	32/483	4/49	-0.249875	-0.0305956	0.811594
SRX2020846	TFs and others	STAT3	Breast	MDA-MB-468	3228	32/483	4/49	-0.249875	-0.0305956	0.811594
SRX2020848	TFs and others	STAT3	Breast	HCC1143	5605	32/483	4/49	-0.249875	-0.0305956	0.811594
SRX2880134	TFs and others	KDM6A	Breast	CAL-51	1332	32/483	4/49	-0.249875	-0.0305956	0.811594
SRX8380459	TFs and others	BRD4	Uterus	HeLa	600	32/483	4/49	-0.249875	-0.0305956	0.811594
SRX026264	TFs and others	CDX2	Digestive tract	Caco-2	4392	36/483	2/49	-0.249718	-0.0305956	1.82609
SRX070879	TFs and others	FOS	Cardiovascular	HUVEC	28785	36/483	2/49	-0.249718	-0.0305956	1.82609
SRX1013332	TFs and others	MED1	Liver	HuCCT1	2983	36/483	2/49	-0.249718	-0.0305956	1.82609
SRX10365543	TFs and others	RAC1	Breast	MCF-7	18897	36/483	2/49	-0.249718	-0.0305956	1.82609
SRX10881851	TFs and others	ARID1A	Kidney	G-401	2203	36/483	2/49	-0.249718	-0.0305956	1.82609
SRX1161200	TFs and others	ESR1	Breast	T-47D	9817	36/483	2/49	-0.249718	-0.0305956	1.82609
SRX150358	TFs and others	JUN	Cardiovascular	HUVEC	19921	36/483	2/49	-0.249718	-0.0305956	1.82609
SRX186616	TFs and others	ZMIZ1	Blood	K-562	5162	36/483	2/49	-0.249718	-0.0305956	1.82609
SRX3229132	TFs and others	ESR1	Breast	Breast cancer	6678	36/483	2/49	-0.249718	-0.0305956	1.82609
SRX3229163	TFs and others	ESR1	Breast	Breast cancer	4232	36/483	2/49	-0.249718	-0.0305956	1.82609
SRX4525857	TFs and others	BRD9	Others	Aska	4973	36/483	2/49	-0.249718	-0.0305956	1.82609
SRX5342373	TFs and others	FOXL2	Gonad	SVOG-3e	11758	36/483	2/49	-0.249718	-0.0305956	1.82609
SRX543182	TFs and others	RCOR1	Epidermis	Keratinocytes	7224	36/483	2/49	-0.249718	-0.0305956	1.82609
SRX5577148	TFs and others	Epitope tags	Prostate	LNCAP	37903	36/483	2/49	-0.249718	-0.0305956	1.82609
SRX6175594	TFs and others	RAD21	Bone	A-673	20229	36/483	2/49	-0.249718	-0.0305956	1.82609
SRX6602366	TFs and others	ARNTL	Neural	Neural Stem Cells	1309	36/483	2/49	-0.249718	-0.0305956	1.82609
SRX667987	TFs and others	FOXA1	Prostate	VCaP	80739	36/483	2/49	-0.249718	-0.0305956	1.82609
SRX7807563	TFs and others	GATA3	Unclassified	Unclassified	11184	36/483	2/49	-0.249718	-0.0305956	1.82609
SRX8272752	TFs and others	ESR2	Breast	MCF-7	9791	36/483	2/49	-0.249718	-0.0305956	1.82609
SRX8536090	TFs and others	RUNX1T1	Blood	CD34+	2075	36/483	2/49	-0.249718	-0.0305956	1.82609
SRX9237236	TFs and others	PAF1	Blood	K-562	2744	36/483	2/49	-0.249718	-0.0305956	1.82609
SRX9350920	TFs and others	BRD4	Digestive tract	COLO 320DM	2441	36/483	2/49	-0.249718	-0.0305956	1.82609
SRX100477	TFs and others	FOXA1	Liver	Hep G2	40753	92/483	7/49	-0.249558	-0.0305956	1.33333
SRX1961163	TFs and others	FOXA1	Breast	T-47D	26852	92/483	7/49	-0.249558	-0.0305956	1.33333
SRX3584201	TFs and others	CEBPB	Gonad	Epididymis	33742	92/483	7/49	-0.249558	-0.0305956	1.33333
SRX667409	TFs and others	Epitope tags	Breast	MCF-7	6651	92/483	7/49	-0.249558	-0.0305956	1.33333
SRX735289	TFs and others	TBX21	Blood	Th1 Cells	9640	92/483	7/49	-0.249558	-0.0305956	1.33333
SRX9674623	TFs and others	FOXO1	Muscle	Myoblasts	17392	92/483	7/49	-0.249558	-0.0305956	1.33333
SRX100473	TFs and others	SIN3A	Pluripotent stem cell	hESC H1	5515	88/483	7/49	-0.249363	-0.0305956	1.27536
SRX150578	TFs and others	CEBPB	Blood	K-562	38525	88/483	7/49	-0.249363	-0.0305956	1.27536
SRX186641	TFs and others	SAP30	Blood	K-562	3255	88/483	7/49	-0.249363	-0.0305956	1.27536
SRX7061826	TFs and others	BRD4	Blood	SEM	5831	88/483	7/49	-0.249363	-0.0305956	1.27536
SRX9071237	TFs and others	BRD4	Blood	SEM	5831	88/483	7/49	-0.249363	-0.0305956	1.27536
SRX4385550	TFs and others	SUPT5H	Digestive tract	HCT 116	13715	394/483	38/49	-0.248655	-0.0305956	1.05187
SRX1021630	TFs and others	DAXX	Prostate	PC-3	25068	89/483	11/49	-0.248655	-0.0305956	0.820817
SRX204411	TFs and others	MYC	Blood	P493-6	4365	89/483	11/49	-0.248655	-0.0305956	0.820817
SRX5574470	TFs and others	SMARCA4	Blood	CTV-1	20689	89/483	11/49	-0.248655	-0.0305956	0.820817
SRX080156	TFs and others	MYC	Blood	K-562	2254	37/483	2/49	-0.248637	-0.0305956	1.87681
SRX1012649	TFs and others	EP300	Breast	MCF-7	10368	37/483	2/49	-0.248637	-0.0305956	1.87681
SRX10357211	TFs and others	ARNT	Uterus	HeLa	1575	37/483	2/49	-0.248637	-0.0305956	1.87681
SRX10365558	TFs and others	ESR1	Breast	MCF-7	26073	37/483	2/49	-0.248637	-0.0305956	1.87681
SRX1136649	TFs and others	GTF2B	Uterus	HeLa	1569	37/483	2/49	-0.248637	-0.0305956	1.87681
SRX1431740	TFs and others	SPI1	Blood	K-562	9599	37/483	2/49	-0.248637	-0.0305956	1.87681
SRX150380	TFs and others	RAD21	Lung	A549	17028	37/483	2/49	-0.248637	-0.0305956	1.87681
SRX150644	TFs and others	RFX5	Blood	K-562	1512	37/483	2/49	-0.248637	-0.0305956	1.87681
SRX2355057	TFs and others	CEBPD	Cardiovascular	HAEC	7663	37/483	2/49	-0.248637	-0.0305956	1.87681
SRX2671799	TFs and others	EP300	Cardiovascular	Endothelial Cells	7255	37/483	2/49	-0.248637	-0.0305956	1.87681
SRX268299	TFs and others	JUN	Breast	BT-549	10347	37/483	2/49	-0.248637	-0.0305956	1.87681
SRX3230408	TFs and others	ZC3H4	Liver	Hep G2	2841	37/483	2/49	-0.248637	-0.0305956	1.87681
SRX3288572	TFs and others	RNF2	Pluripotent stem cell	hESC H9	5969	37/483	2/49	-0.248637	-0.0305956	1.87681
SRX4001872	TFs and others	RAD21	Blood	THP-1	15915	37/483	2/49	-0.248637	-0.0305956	1.87681
SRX4192958	TFs and others	SMC1A	Breast	MCF-7	12991	37/483	2/49	-0.248637	-0.0305956	1.87681
SRX4677291	TFs and others	FOXA2	Pancreas	CFPAC-1	13020	37/483	2/49	-0.248637	-0.0305956	1.87681
SRX5089445	TFs and others	ESR1	Breast	MCF-7	11563	37/483	2/49	-0.248637	-0.0305956	1.87681
SRX5124822	TFs and others	FOXA1	Prostate	LAPC-4	24071	37/483	2/49	-0.248637	-0.0305956	1.87681
SRX5124858	TFs and others	FOXA1	Prostate	22Rv1	12634	37/483	2/49	-0.248637	-0.0305956	1.87681
SRX5342369	TFs and others	FOXL2	Gonad	SVOG-3e	11859	37/483	2/49	-0.248637	-0.0305956	1.87681
SRX5600890	TFs and others	OLIG2	Neural	Prefrontal Cortex	1361	37/483	2/49	-0.248637	-0.0305956	1.87681
SRX5883947	TFs and others	CTCF	Blood	KMS-11	23956	37/483	2/49	-0.248637	-0.0305956	1.87681
SRX667984	TFs and others	FOXA1	Prostate	VCaP	68933	37/483	2/49	-0.248637	-0.0305956	1.87681
SRX8089639	TFs and others	FOXA1	Prostate	VCaP	28921	37/483	2/49	-0.248637	-0.0305956	1.87681
SRX8520792	TFs and others	STAT3	Breast	BT-474	2634	37/483	2/49	-0.248637	-0.0305956	1.87681
SRX8582174	TFs and others	SMC3	Digestive tract	HCT 116	18349	37/483	2/49	-0.248637	-0.0305956	1.87681
SRX8616824	TFs and others	FOSL2	Lung	A549	7985	37/483	2/49	-0.248637	-0.0305956	1.87681
SRX8984315	TFs and others	RAD21	Bone	A-673	24143	37/483	2/49	-0.248637	-0.0305956	1.87681
SRX5624367	TFs and others	SREBF2	Blood	Macrophages	24738	393/483	38/49	-0.247391	-0.0305956	1.0492
SRX6066492	TFs and others	POLR2C	Digestive tract	HCT 116	18389	393/483	38/49	-0.247391	-0.0305956	1.0492
SRX150406	TFs and others	ELK1	Uterus	HeLa	3192	90/483	11/49	-0.247391	-0.0305956	0.83004
SRX2194234	TFs and others	BRD4	Breast	SUM 159PT	7476	90/483	11/49	-0.247391	-0.0305956	0.83004
SRX2242954	TFs and others	RBPJ	Neural	GSC8	6707	90/483	11/49	-0.247391	-0.0305956	0.83004
SRX2267440	TFs and others	BRD4	Epidermis	A-375	13448	90/483	11/49	-0.247391	-0.0305956	0.83004
SRX3110725	TFs and others	ESR1	Breast	MCF-7	27050	90/483	11/49	-0.247391	-0.0305956	0.83004
DRX227594	TFs and others	LDB2	Pluripotent stem cell	iPS derived neural cells	2553	38/483	2/49	-0.246751	-0.0305956	1.92754
SRX038664	TFs and others	CTCF	Lung	NHLF	9420	38/483	2/49	-0.246751	-0.0305956	1.92754
SRX1012648	TFs and others	EP300	Breast	MCF-7	15691	38/483	2/49	-0.246751	-0.0305956	1.92754
SRX10212062	TFs and others	CEBPB	Blood	THP-1	30314	38/483	2/49	-0.246751	-0.0305956	1.92754
SRX1177904	TFs and others	LARP7	Digestive tract	HCT 116	5397	38/483	2/49	-0.246751	-0.0305956	1.92754
SRX150465	TFs and others	RCOR1	Blood	K-562	3833	38/483	2/49	-0.246751	-0.0305956	1.92754
SRX150660	TFs and others	GTF2F1	Pluripotent stem cell	hESC H1	1494	38/483	2/49	-0.246751	-0.0305956	1.92754
SRX190256	TFs and others	EP300	Breast	MCF-7	7607	38/483	2/49	-0.246751	-0.0305956	1.92754
SRX2513521	TFs and others	ESR1	Breast	MCF-7	18050	38/483	2/49	-0.246751	-0.0305956	1.92754
SRX2578881	TFs and others	ESR1	Breast	MDA-MB-231	10281	38/483	2/49	-0.246751	-0.0305956	1.92754
SRX3110776	TFs and others	SMC3	Uterus	HeLa	14183	38/483	2/49	-0.246751	-0.0305956	1.92754
SRX330068	TFs and others	ESR1	Breast	MCF-7	17594	38/483	2/49	-0.246751	-0.0305956	1.92754
SRX5089499	TFs and others	HDAC1	Breast	MCF-7	1001	38/483	2/49	-0.246751	-0.0305956	1.92754
SRX5574469	TFs and others	SMARCA4	Blood	CTV-1	14697	38/483	2/49	-0.246751	-0.0305956	1.92754
SRX5957526	TFs and others	TBP	Pluripotent stem cell	hESC H1	2189	38/483	2/49	-0.246751	-0.0305956	1.92754
SRX6175622	TFs and others	SMC1A	Bone	A-673	17087	38/483	2/49	-0.246751	-0.0305956	1.92754
SRX667985	TFs and others	FOXA1	Prostate	VCaP	80379	38/483	2/49	-0.246751	-0.0305956	1.92754
SRX8089638	TFs and others	FOXA1	Prostate	VCaP	30582	38/483	2/49	-0.246751	-0.0305956	1.92754
SRX8570923	TFs and others	HAP1	Blood	KBM-7	26667	38/483	2/49	-0.246751	-0.0305956	1.92754
SRX8570925	TFs and others	HAP1	Blood	KBM-7	28920	38/483	2/49	-0.246751	-0.0305956	1.92754
SRX1799591	TFs and others	TBX21	Blood	Th1 Cells	36145	392/483	38/49	-0.245778	-0.0305956	1.04653
SRX4708116	TFs and others	YY1	Liver	Hep G2	13946	392/483	38/49	-0.245778	-0.0305956	1.04653
SRX6780894	TFs and others	CREB1	Pluripotent stem cell	iPS derived neural cells	16335	392/483	38/49	-0.245778	-0.0305956	1.04653
SRX475752	TFs and others	EP300	Blood	GM12878	30864	91/483	11/49	-0.245778	-0.0305956	0.839262
SRX150374	TFs and others	EP300	Blood	GM12878	11260	36/483	5/49	-0.244121	-0.0305956	0.730435
SRX2267441	TFs and others	BRD4	Epidermis	A-375	4629	36/483	5/49	-0.244121	-0.0305956	0.730435
SRX3345973	TFs and others	INTS13	Blood	Monocytes	2835	36/483	5/49	-0.244121	-0.0305956	0.730435
SRX8538462	TFs and others	HCFC1	Blood	RAMOS	1943	36/483	5/49	-0.244121	-0.0305956	0.730435
SRX9426421	TFs and others	HCFC1	Blood	RAMOS	1891	36/483	5/49	-0.244121	-0.0305956	0.730435
SRX4377544	TFs and others	BRD2	Breast	SUM 159PT	23777	390/483	38/49	-0.241562	-0.0305956	1.04119
SRX3091908	TFs and others	ZFX	Prostate	C4-2	5029	93/483	11/49	-0.241562	-0.0305956	0.857708
SRX9498686	TFs and others	TBP	Blood	K-562	2501	93/483	11/49	-0.241562	-0.0305956	0.857708
SRX016031	TFs and others	RBL2	Lung	IMR-90	2511	37/483	5/49	-0.24081	-0.0305956	0.750725
SRX10333910	TFs and others	SUPT5H	Digestive tract	DLD-1	4483	37/483	5/49	-0.24081	-0.0305956	0.750725
SRX371472	TFs and others	ESR1	Breast	T-47D	11692	37/483	5/49	-0.24081	-0.0305956	0.750725
SRX3841272	TFs and others	PYGO2	Uterus	HeLa	7124	37/483	5/49	-0.24081	-0.0305956	0.750725
SRX5300516	TFs and others	PDX1	Pluripotent stem cell	iPS derived pancreatic cells	9078	37/483	5/49	-0.24081	-0.0305956	0.750725
SRX7061820	TFs and others	MED12	Blood	SEM	29959	389/483	38/49	-0.238991	-0.0305956	1.03852
SRX8108988	TFs and others	G-quadruplex	Liver	Hep G2	1141	94/483	11/49	-0.238991	-0.0305956	0.86693
SRX100544	TFs and others	EP300	Liver	Hep G2	24398	100/483	8/49	-0.238471	-0.0305956	1.26812
SRX1961157	TFs and others	FOXA1	Breast	T-47D	39631	100/483	8/49	-0.238471	-0.0305956	1.26812
SRX3030206	TFs and others	RUNX1	Blood	ME-1	4934	100/483	8/49	-0.238471	-0.0305956	1.26812
SRX6596850	TFs and others	EGR1	Others	Fibroblasts	3853	100/483	8/49	-0.238471	-0.0305956	1.26812
SRX728779	TFs and others	CDK9	Blood	THP-1	5867	100/483	8/49	-0.238471	-0.0305956	1.26812
SRX4235879	TFs and others	TP53	Digestive tract	SW 480	40185	382/483	41/49	-0.238313	-0.0305956	0.94521
SRX1514280	TFs and others	TAL1	Blood	Kasumi-1	3234	99/483	8/49	-0.23829	-0.0305956	1.25543
SRX186660	TFs and others	CTCF	Blood	DND-41	42789	99/483	8/49	-0.23829	-0.0305956	1.25543
SRX190216	TFs and others	CREB1	Blood	GM12878	24922	381/483	41/49	-0.237821	-0.0305956	0.942736
SRX129084	TFs and others	MAX	Blood	P493-6	20600	385/483	41/49	-0.237767	-0.0305956	0.952633
SRX369132	TFs and others	RBPJ	Blood	CUTLL1	4339	99/483	12/49	-0.237004	-0.0305956	0.836957
SRX150689	TFs and others	MAFK	Liver	Hep G2	30098	38/483	5/49	-0.236885	-0.0305956	0.771014
SRX1674510	TFs and others	GATAD2B	Uterus	HeLa	2753	38/483	5/49	-0.236885	-0.0305956	0.771014
SRX3110712	TFs and others	ESR1	Breast	MCF-7	4898	38/483	5/49	-0.236885	-0.0305956	0.771014
SRX5514029	TFs and others	CDK8	Uterus	Myometrium	1561	38/483	5/49	-0.236885	-0.0305956	0.771014
SRX668217	TFs and others	E2F4	Neural	HRPEpiC	853	38/483	5/49	-0.236885	-0.0305956	0.771014
SRX8257422	TFs and others	MITF	Epidermis	A-375	3982	38/483	5/49	-0.236885	-0.0305956	0.771014
SRX4484982	TFs and others	RUNX2	Blood	SEM	73053	383/483	37/49	-0.235869	-0.0305956	1.05014
SRX9571475	TFs and others	Epitope tags	Blood	K-562	30470	383/483	37/49	-0.235869	-0.0305956	1.05014
SRX2442441	TFs and others	NOTCH1	Pluripotent stem cell	iPS derived neural cells	2360	100/483	12/49	-0.235869	-0.0305956	0.845411
SRX5931543	TFs and others	GATA1	Blood	HUDEP-2	22789	100/483	12/49	-0.235869	-0.0305956	0.845411
SRX4367192	TFs and others	ESR1	Breast	MCF-7	54219	101/483	12/49	-0.234426	-0.0305956	0.853865
SRX4815193	TFs and others	TLE3	Breast	SUM 149PT	27305	101/483	12/49	-0.234426	-0.0305956	0.853865
SRX038911	TFs and others	SPI1	Blood	Hematopoietic Stem Cells	1079	8/483	1/49	-0.233737	-0.0305956	0.811594
SRX11098769	TFs and others	KANSL1	Uterus	HeLa	965	8/483	1/49	-0.233737	-0.0305956	0.811594
SRX11098772	TFs and others	KANSL1	Uterus	HeLa	897	8/483	1/49	-0.233737	-0.0305956	0.811594
SRX1528430	TFs and others	HIF1A	Lung	NCI-H1299	54	8/483	1/49	-0.233737	-0.0305956	0.811594
SRX160733	TFs and others	SUZ12	Prostate	LNCAP	364	8/483	1/49	-0.233737	-0.0305956	0.811594
SRX2578890	TFs and others	NCOA1	Breast	MDA-MB-231	217	8/483	1/49	-0.233737	-0.0305956	0.811594
SRX2831680	TFs and others	BCL11A	Blood	Burkitt Lymphoma	233	8/483	1/49	-0.233737	-0.0305956	0.811594
SRX3001604	TFs and others	FOXA1	Unclassified	Unclassified	282	8/483	1/49	-0.233737	-0.0305956	0.811594
SRX3372016	TFs and others	FOXF1	Digestive tract	GIST-T1	5637	8/483	1/49	-0.233737	-0.0305956	0.811594
SRX4663590	TFs and others	NCOA3	Breast	MCF-7	1955	8/483	1/49	-0.233737	-0.0305956	0.811594
SRX6748242	TFs and others	AR	Prostate	Prostate cancer	453	8/483	1/49	-0.233737	-0.0305956	0.811594
SRX7054941	TFs and others	ERG	Cardiovascular	HAEC	1259	8/483	1/49	-0.233737	-0.0305956	0.811594
SRX347426	TFs and others	STAT3	Blood	SU-DHL-2	4070	102/483	12/49	-0.232686	-0.0305956	0.862319
SRX471879	TFs and others	ERG	Prostate	VCaP	4531	102/483	12/49	-0.232686	-0.0305956	0.862319
SRX150580	TFs and others	GTF2F1	Blood	K-562	1363	39/483	5/49	-0.232413	-0.0305956	0.791304
SRX1510444	TFs and others	SOX9	Prostate	VCaP	1163	39/483	5/49	-0.232413	-0.0305956	0.791304
SRX371476	TFs and others	ESR1	Breast	MCF-7	27214	39/483	5/49	-0.232413	-0.0305956	0.791304
SRX6961668	TFs and others	SUPT5H	Digestive tract	HCT 116	16208	380/483	37/49	-0.230663	-0.0305956	1.04191
SRX2897201	TFs and others	ESR1	Breast	Breast cancer cells	3754	103/483	12/49	-0.230663	-0.0305956	0.870773
SRX356710	TFs and others	STAG1	Blood	GM19240	29686	110/483	9/49	-0.228785	-0.0305956	1.23994
SRX5574462	TFs and others	SPI1	Blood	CTV-1	33498	110/483	9/49	-0.228785	-0.0305956	1.23994
SRX1079387	TFs and others	SUMO2	Prostate	VCaP	17570	111/483	9/49	-0.228618	-0.0305956	1.25121
SRX2207670	TFs and others	RBPJ	Cardiovascular	HUVEC	17462	111/483	9/49	-0.228618	-0.0305956	1.25121
SRX6935383	TFs and others	MYC	Neural	SK-N-SH	3288	111/483	9/49	-0.228618	-0.0305956	1.25121
SRX7055008	TFs and others	RELA	Cardiovascular	HAEC	17986	111/483	9/49	-0.228618	-0.0305956	1.25121
SRX8037083	TFs and others	KLF5	Digestive tract	TE-10	6042	111/483	9/49	-0.228618	-0.0305956	1.25121
SRX4096730	TFs and others	SMAD3	Prostate	PC-3	6800	104/483	12/49	-0.228369	-0.0305956	0.879227
SRX5877911	TFs and others	Epitope tags	Bone	U2OS	62329	443/483	44/49	-0.227461	-0.0305956	1.02141
SRX10119145	TFs and others	CREB1	Blood	MV-4-11	1268	40/483	5/49	-0.227461	-0.0305956	0.811594
SRX194572	TFs and others	ESR1	Breast	MCF-7	21642	40/483	5/49	-0.227461	-0.0305956	0.811594
SRX4377543	TFs and others	BRD2	Breast	SUM 159PT	19056	374/483	36/49	-0.227398	-0.0305956	1.05395
SRX4415494	TFs and others	RBBP7	Kidney	hTERT-HME1	24623	374/483	36/49	-0.227398	-0.0305956	1.05395
SRX11399799	TFs and others	HDAC1	Lung	NCI-H1963	3820	109/483	13/49	-0.227398	-0.0305956	0.850613
SRX2778394	TFs and others	YY1	Blood	Lymphoblastoid cell line	4278	109/483	13/49	-0.227398	-0.0305956	0.850613
SRX8406516	TFs and others	FOXA1	Prostate	Prostatic Neoplasms, Castration-Resistant	17190	109/483	13/49	-0.227398	-0.0305956	0.850613
SRX100522	TFs and others	SRF	Blood	GM12878	7072	110/483	13/49	-0.226359	-0.0305956	0.858417
SRX1538763	TFs and others	NR1H3	Digestive tract	HT-29	20831	110/483	13/49	-0.226359	-0.0305956	0.858417
SRX186631	TFs and others	EP300	Neural	SK-N-SH	31931	110/483	13/49	-0.226359	-0.0305956	0.858417
SRX644405	TFs and others	ETS1	Prostate	DU 145	3495	110/483	13/49	-0.226359	-0.0305956	0.858417
SRX10045345	TFs and others	BAP1	Blood	THP-1	3091	111/483	13/49	-0.225044	-0.0305956	0.866221
SRX833422	TFs and others	NIPBL	Pluripotent stem cell	hESC H1	4807	111/483	13/49	-0.225044	-0.0305956	0.866221
SRX3873726	TFs and others	MYC	Lung	SW 1271	19168	371/483	36/49	-0.223463	-0.0305956	1.04549
SRX10045343	TFs and others	ASXL1	Blood	THP-1	3423	112/483	13/49	-0.223463	-0.0305956	0.874025
SRX9004382	TFs and others	USF2	Blood	SEM	7143	112/483	13/49	-0.223463	-0.0305956	0.874025
SRX100382	TFs and others	PAX5	Blood	GM12891	3467	41/483	5/49	-0.222095	-0.0305956	0.831884
SRX359930	TFs and others	E2F8	Digestive tract	LoVo	922	41/483	5/49	-0.222095	-0.0305956	0.831884
SRX5289966	TFs and others	NR3C1	Lung	BEAS-2B	3491	41/483	5/49	-0.222095	-0.0305956	0.831884
SRX7054997	TFs and others	ERG	Cardiovascular	HAEC	3435	41/483	5/49	-0.222095	-0.0305956	0.831884
SRX7428079	TFs and others	IRF4	Blood	Memory B cells	2013	41/483	5/49	-0.222095	-0.0305956	0.831884
SRX7902984	TFs and others	EGR1	Blood	Monocytes	470	41/483	5/49	-0.222095	-0.0305956	0.831884
SRX9898534	TFs and others	SMARCA4	Blood	K-562	6357	41/483	5/49	-0.222095	-0.0305956	0.831884
SRX8037077	TFs and others	KLF5	Digestive tract	HT-29	20557	370/483	36/49	-0.221625	-0.0305956	1.04267
SRX679419	TFs and others	PROX1	Digestive tract	SW 480	9009	120/483	10/49	-0.220716	-0.0305956	1.21739
SRX190344	TFs and others	EGR1	Uterus	ECC-1	6440	119/483	10/49	-0.220622	-0.0305956	1.20725
SRX2268286	TFs and others	SPI1	Blood	THP-1	70468	119/483	10/49	-0.220622	-0.0305956	1.20725
SRX8337455	TFs and others	NFYA	Blood	HUDEP-2	7683	364/483	39/49	-0.220622	-0.0305956	0.94686
SRX093183	TFs and others	SPI1	Blood	Monocytes	23021	118/483	10/49	-0.220253	-0.0305956	1.1971
SRX194575	TFs and others	ESR1	Breast	MCF-7	18801	118/483	10/49	-0.220253	-0.0305956	1.1971
SRX5577152	TFs and others	AR	Prostate	LNCAP	46315	118/483	10/49	-0.220253	-0.0305956	1.1971
SRX1514285	TFs and others	HDAC1	Blood	Kasumi-1	9816	122/483	10/49	-0.220094	-0.0305956	1.23768
SRX2355079	TFs and others	RELA	Cardiovascular	HAEC	9096	122/483	10/49	-0.220094	-0.0305956	1.23768
SRX150544	TFs and others	GATA1	Blood	PBDE	14779	117/483	10/49	-0.219609	-0.0305956	1.18696
SRX5574505	TFs and others	SPI1	Blood	CTV-1	47603	117/483	10/49	-0.219609	-0.0305956	1.18696
SRX5577150	TFs and others	AR	Prostate	LNCAP	34812	117/483	10/49	-0.219609	-0.0305956	1.18696
SRX6853598	TFs and others	ARNT	Breast	MCF-7	4815	117/483	10/49	-0.219609	-0.0305956	1.18696
SRX7807113	TFs and others	RUNX2	Unclassified	Unclassified	15870	117/483	10/49	-0.219609	-0.0305956	1.18696
SRX3031982	TFs and others	BRD4	Blood	MV-4-11	47241	366/483	39/49	-0.219609	-0.0305956	0.952062
SRX100502	TFs and others	USF1	Lung	A549	8050	119/483	14/49	-0.219385	-0.0305956	0.862319
SRX150441	TFs and others	NRF1	Blood	K-562	3420	119/483	14/49	-0.219385	-0.0305956	0.862319
SRX038603	TFs and others	CTCF	Cardiovascular	HUVEC	24255	45/483	3/49	-0.218009	-0.0305956	1.52174
SRX055308	TFs and others	KDM5B	Breast	MCF-7	1905	45/483	3/49	-0.218009	-0.0305956	1.52174
SRX10119364	TFs and others	YAP1	Breast	MCF 10A	17615	45/483	3/49	-0.218009	-0.0305956	1.52174
SRX194567	TFs and others	E2F4	Breast	MCF-7	866	45/483	3/49	-0.218009	-0.0305956	1.52174
SRX3040156	TFs and others	STAG1	Cardiovascular	Coronary artery endothelial cells	28628	45/483	3/49	-0.218009	-0.0305956	1.52174
SRX3923532	TFs and others	FOXA1	Breast	ZR-75-1	28758	45/483	3/49	-0.218009	-0.0305956	1.52174
SRX3934091	TFs and others	INTS13	Blood	Macrophages	2272	45/483	3/49	-0.218009	-0.0305956	1.52174
SRX5054308	TFs and others	FOSL2	Neural	Neural progenitor cells	19651	45/483	3/49	-0.218009	-0.0305956	1.52174
SRX5124839	TFs and others	FOXA1	Prostate	22Rv1	18949	45/483	3/49	-0.218009	-0.0305956	1.52174
SRX5124845	TFs and others	FOXA1	Prostate	22Rv1	10459	45/483	3/49	-0.218009	-0.0305956	1.52174
SRX5195727	TFs and others	SMARCA4	Uterus	Endometrial epithelial cells	10487	45/483	3/49	-0.218009	-0.0305956	1.52174
SRX6027698	TFs and others	ESR1	Uterus	Ishikawa	15960	45/483	3/49	-0.218009	-0.0305956	1.52174
SRX6371943	TFs and others	BRCA2	Kidney	hTERT-HME1	2478	45/483	3/49	-0.218009	-0.0305956	1.52174
SRX6371944	TFs and others	BRCA2	Kidney	hTERT-HME1	2769	45/483	3/49	-0.218009	-0.0305956	1.52174
SRX7054665	TFs and others	RELA	Cardiovascular	HAEC	4760	45/483	3/49	-0.218009	-0.0305956	1.52174
SRX7570799	TFs and others	FOXO1	Blood	SU-DHL-4	4448	45/483	3/49	-0.218009	-0.0305956	1.52174
SRX7972449	TFs and others	MKL1	Epidermis	MKL-1	11935	45/483	3/49	-0.218009	-0.0305956	1.52174
SRX8570947	TFs and others	HAP1	Blood	KBM-7	29427	45/483	3/49	-0.218009	-0.0305956	1.52174
SRX8616841	TFs and others	JUNB	Lung	A549	10406	45/483	3/49	-0.218009	-0.0305956	1.52174
DRX044425	TFs and others	CTCF	Blood	T cells	27524	46/483	3/49	-0.217832	-0.0305956	1.55556
SRX038543	TFs and others	CTCF	Liver	Hep G2	32602	46/483	3/49	-0.217832	-0.0305956	1.55556
SRX100385	TFs and others	NR3C1	Uterus	ECC-1	8616	46/483	3/49	-0.217832	-0.0305956	1.55556
SRX10206214	TFs and others	CTCF	Blood	Monocytes	15650	46/483	3/49	-0.217832	-0.0305956	1.55556
SRX1477664	TFs and others	MED12	Blood	CD34 Hematopoietic stem cells	354	46/483	3/49	-0.217832	-0.0305956	1.55556
SRX199892	TFs and others	CTCF	Blood	GM12864	27696	46/483	3/49	-0.217832	-0.0305956	1.55556
SRX2140211	TFs and others	HDAC2	Blood	MM.1S	4677	46/483	3/49	-0.217832	-0.0305956	1.55556
SRX456683	TFs and others	GFP	Blood	K-562	1624	46/483	3/49	-0.217832	-0.0305956	1.55556
SRX4802359	TFs and others	ARNT	Liver	Hep G2	1457	46/483	3/49	-0.217832	-0.0305956	1.55556
SRX490262	TFs and others	KDM6B	Epidermis	BJ	5790	46/483	3/49	-0.217832	-0.0305956	1.55556
SRX5514041	TFs and others	MED12	Uterus	Uterin leiomyoma	2726	46/483	3/49	-0.217832	-0.0305956	1.55556
SRX6027740	TFs and others	ESR1	Breast	MCF-7	3018	46/483	3/49	-0.217832	-0.0305956	1.55556
SRX668234	TFs and others	MED1	Muscle	Myoblasts	10979	46/483	3/49	-0.217832	-0.0305956	1.55556
SRX8089631	TFs and others	FOXA1	Prostate	VCaP	25703	46/483	3/49	-0.217832	-0.0305956	1.55556
SRX9029194	TFs and others	CEBPB	Blood	Neutrophils	5348	46/483	3/49	-0.217832	-0.0305956	1.55556
SRX9426439	TFs and others	Epitope tags	Blood	RAMOS	3372	46/483	3/49	-0.217832	-0.0305956	1.55556
SRX038562	TFs and others	CTCF	Breast	HMEC	25527	44/483	3/49	-0.217579	-0.0305956	1.48792
SRX080350	TFs and others	CTCF	Kidney	293	23893	44/483	3/49	-0.217579	-0.0305956	1.48792
SRX100564	TFs and others	ESR1	Breast	T-47D	1639	44/483	3/49	-0.217579	-0.0305956	1.48792
SRX1012644	TFs and others	EP300	Breast	MCF-7	13662	44/483	3/49	-0.217579	-0.0305956	1.48792
SRX1514992	TFs and others	GFP	Kidney	293	9857	44/483	3/49	-0.217579	-0.0305956	1.48792
SRX1533883	TFs and others	CBFB	Bone	Saos-2	7395	44/483	3/49	-0.217579	-0.0305956	1.48792
SRX186668	TFs and others	HDAC2	Pluripotent stem cell	hESC H1	1610	44/483	3/49	-0.217579	-0.0305956	1.48792
SRX2837386	TFs and others	REL	Blood	GM12878	4304	44/483	3/49	-0.217579	-0.0305956	1.48792
SRX2881004	TFs and others	ESR1	Breast	MCF-7	10088	44/483	3/49	-0.217579	-0.0305956	1.48792
SRX330067	TFs and others	ESR1	Breast	MCF-7	28519	44/483	3/49	-0.217579	-0.0305956	1.48792
SRX378797	TFs and others	CDK6	Uterus	KB	1611	44/483	3/49	-0.217579	-0.0305956	1.48792
SRX3923516	TFs and others	FOXA1	Breast	MCF-7	24547	44/483	3/49	-0.217579	-0.0305956	1.48792
SRX3931072	TFs and others	FOXA1	Breast	MCF-7	16100	44/483	3/49	-0.217579	-0.0305956	1.48792
SRX4001943	TFs and others	RAD21	Blood	THP-1	22500	44/483	3/49	-0.217579	-0.0305956	1.48792
SRX4001946	TFs and others	CTCF	Blood	THP-1	20289	44/483	3/49	-0.217579	-0.0305956	1.48792
SRX5883951	TFs and others	CTCF	Blood	Multiple Myeloma	23810	44/483	3/49	-0.217579	-0.0305956	1.48792
SRX6175603	TFs and others	RAD21	Bone	A-673	28025	44/483	3/49	-0.217579	-0.0305956	1.48792
SRX687554	TFs and others	HDAC1	Blood	Erythroid progenitors	1422	44/483	3/49	-0.217579	-0.0305956	1.48792
SRX7262407	TFs and others	FOXA1	Others	Bladder cancer	9214	44/483	3/49	-0.217579	-0.0305956	1.48792
SRX8536115	TFs and others	GATA1	Blood	HUDEP-2	9480	44/483	3/49	-0.217579	-0.0305956	1.48792
SRX8841627	TFs and others	RAD21	Blood	Lymphoblasts	17999	44/483	3/49	-0.217579	-0.0305956	1.48792
SRX9004386	TFs and others	USF2	Blood	SEM	1430	44/483	3/49	-0.217579	-0.0305956	1.48792
SRX9600657	TFs and others	G-quadruplex	Blood	K-562	441	44/483	3/49	-0.217579	-0.0305956	1.48792
ERX200536	TFs and others	CTCF	Blood	B cells	28583	47/483	3/49	-0.217069	-0.0305956	1.58937
SRX026638	TFs and others	ERG	Blood	SKNO-1	13016	47/483	3/49	-0.217069	-0.0305956	1.58937
SRX080355	TFs and others	CTCF	Blood	GM12872	19919	47/483	3/49	-0.217069	-0.0305956	1.58937
SRX100437	TFs and others	ZBTB33	Blood	GM12878	1615	47/483	3/49	-0.217069	-0.0305956	1.58937
SRX100549	TFs and others	ZBTB33	Blood	K-562	1929	47/483	3/49	-0.217069	-0.0305956	1.58937
SRX10881855	TFs and others	ARID2	Others	BT-16	2165	47/483	3/49	-0.217069	-0.0305956	1.58937
SRX1425809	TFs and others	CTCF	Blood	T cells	16833	47/483	3/49	-0.217069	-0.0305956	1.58937
SRX154499	TFs and others	CTCF	Prostate	LNCAP	26333	47/483	3/49	-0.217069	-0.0305956	1.58937
SRX1878887	TFs and others	BRD4	Muscle	Rh-4	3423	47/483	3/49	-0.217069	-0.0305956	1.58937
SRX2404140	TFs and others	RELA	Others	Detroit 562	7207	47/483	3/49	-0.217069	-0.0305956	1.58937
SRX2900608	TFs and others	HIC1	Blood	iTreg	6957	47/483	3/49	-0.217069	-0.0305956	1.58937
SRX3722705	TFs and others	ESR1	Breast	Breast cancer cells	22697	47/483	3/49	-0.217069	-0.0305956	1.58937
SRX5574340	TFs and others	SPI1	Blood	B cells	9909	47/483	3/49	-0.217069	-0.0305956	1.58937
SRX5848167	TFs and others	CTCF	Blood	K-562	24935	47/483	3/49	-0.217069	-0.0305956	1.58937
SRX5848175	TFs and others	CTCF	Blood	K-562	24553	47/483	3/49	-0.217069	-0.0305956	1.58937
SRX667405	TFs and others	Epitope tags	Breast	MCF-7	789	47/483	3/49	-0.217069	-0.0305956	1.58937
SRX6957466	TFs and others	FOXL2	Kidney	HGrC1	9098	47/483	3/49	-0.217069	-0.0305956	1.58937
SRX8037081	TFs and others	KLF5	Lung	KNS-62	2797	47/483	3/49	-0.217069	-0.0305956	1.58937
SRX8406417	TFs and others	AR	Prostate	Prostate	4158	47/483	3/49	-0.217069	-0.0305956	1.58937
SRX8536116	TFs and others	GATA1	Blood	HUDEP-2	15150	47/483	3/49	-0.217069	-0.0305956	1.58937
SRX858324	TFs and others	RUNX1	Blood	Kasumi-1	7801	47/483	3/49	-0.217069	-0.0305956	1.58937
SRX8807165	TFs and others	MED1	Blood	MOLM-13	4025	47/483	3/49	-0.217069	-0.0305956	1.58937
SRX015827	TFs and others	CREBBP	Blood	Jurkat (Clone E6-1)	4382	48/483	3/49	-0.21575	-0.0305956	1.62319
SRX038582	TFs and others	CTCF	Muscle	HSMM	25217	48/483	3/49	-0.21575	-0.0305956	1.62319
SRX10382401	TFs and others	QSER1	Pluripotent stem cell	hESC H1	3909	48/483	3/49	-0.21575	-0.0305956	1.62319
SRX190206	TFs and others	FOXM1	Neural	SK-N-SH	4303	48/483	3/49	-0.21575	-0.0305956	1.62319
SRX1950176	TFs and others	CTCF	Prostate	VCaP	25442	48/483	3/49	-0.21575	-0.0305956	1.62319
SRX323399	TFs and others	ESR1	Breast	MCF-7	11662	48/483	3/49	-0.21575	-0.0305956	1.62319
SRX4001876	TFs and others	RAD21	Blood	THP-1	20047	48/483	3/49	-0.21575	-0.0305956	1.62319
SRX4409573	TFs and others	MYC	Neural	SH-EP	1525	48/483	3/49	-0.21575	-0.0305956	1.62319
SRX5417097	TFs and others	GFP	Uterus	HeLa	37439	48/483	3/49	-0.21575	-0.0305956	1.62319
SRX6441750	TFs and others	FOXA2	Pancreas	CFPAC-1	24533	48/483	3/49	-0.21575	-0.0305956	1.62319
SRX7030931	TFs and others	NELFA	Breast	MCF-7	1729	48/483	3/49	-0.21575	-0.0305956	1.62319
SRX8089681	TFs and others	MED1	Prostate	VCaP	2506	48/483	3/49	-0.21575	-0.0305956	1.62319
SRX2470089	TFs and others	PITX3	Neural	SH-SY5Y	10889	122/483	14/49	-0.215741	-0.0305956	0.884058
DRX021114	TFs and others	Epitope tags	Kidney	293	1834	10/483	0/49	-0.214628	-0.0305956	inf
DRX021116	TFs and others	Epitope tags	Kidney	293	285	10/483	0/49	-0.214628	-0.0305956	inf
DRX021119	TFs and others	MBD2	Digestive tract	HCT 116	8208	10/483	0/49	-0.214628	-0.0305956	inf
DRX021120	TFs and others	MBD4	Digestive tract	HCT 116	8014	10/483	0/49	-0.214628	-0.0305956	inf
DRX135461	TFs and others	TP53	Lung	NCI-H1299	999	10/483	0/49	-0.214628	-0.0305956	inf
DRX135462	TFs and others	TP53	Lung	NCI-H1299	1474	10/483	0/49	-0.214628	-0.0305956	inf
DRX231251	TFs and others	Epitope tags	Kidney	293	127	10/483	0/49	-0.214628	-0.0305956	inf
DRX231252	TFs and others	Epitope tags	Kidney	293	140	10/483	0/49	-0.214628	-0.0305956	inf
DRX231257	TFs and others	Epitope tags	Kidney	293	120	10/483	0/49	-0.214628	-0.0305956	inf
ERX1035594	TFs and others	FOXP1	Blood	RC-K8	568	10/483	0/49	-0.214628	-0.0305956	inf
ERX1149051	TFs and others	CTCF	Unclassified	Unclassified	152	10/483	0/49	-0.214628	-0.0305956	inf
ERX1149056	TFs and others	CTCF	Blood	KU812	195	10/483	0/49	-0.214628	-0.0305956	inf
ERX1149085	TFs and others	CTCF	Blood	KU812	234	10/483	0/49	-0.214628	-0.0305956	inf
ERX2242385	TFs and others	BCL11A	Breast	Mammary epithelial cells	136	10/483	0/49	-0.214628	-0.0305956	inf
ERX2242387	TFs and others	ARID1A	Breast	Mammary epithelial cells	117	10/483	0/49	-0.214628	-0.0305956	inf
ERX2242397	TFs and others	BCL11A	Breast	Mammary epithelial cells	145	10/483	0/49	-0.214628	-0.0305956	inf
ERX2242406	TFs and others	CHD8	Breast	Mammary epithelial cells	76	10/483	0/49	-0.214628	-0.0305956	inf
ERX371667	TFs and others	BCL11A	Breast	Mammary epithelial cells	96	10/483	0/49	-0.214628	-0.0305956	inf
ERX626796	TFs and others	CTCF	Blood	HL-60	298	10/483	0/49	-0.214628	-0.0305956	inf
ERX626799	TFs and others	SMC3	Blood	HL-60	324	10/483	0/49	-0.214628	-0.0305956	inf
ERX626812	TFs and others	SMC3	Blood	U-937	342	10/483	0/49	-0.214628	-0.0305956	inf
ERX626828	TFs and others	TAL1	Blood	CHRF-288-11	1400	10/483	0/49	-0.214628	-0.0305956	inf
ERX626840	TFs and others	TAL1	Blood	CHRF-288-11	1417	10/483	0/49	-0.214628	-0.0305956	inf
ERX626858	TFs and others	CEBPE	Blood	HL-60	238	10/483	0/49	-0.214628	-0.0305956	inf
ERX626859	TFs and others	RUNX1	Blood	HL-60	193	10/483	0/49	-0.214628	-0.0305956	inf
ERX626861	TFs and others	EP300	Blood	HL-60	164	10/483	0/49	-0.214628	-0.0305956	inf
ERX626875	TFs and others	GATA2	Blood	HL-60	255	10/483	0/49	-0.214628	-0.0305956	inf
ERX664191	TFs and others	CTCF	Blood	B cells	1506	10/483	0/49	-0.214628	-0.0305956	inf
SRX014754	TFs and others	RXRA	Blood	Leukemia, Myeloid	262	10/483	0/49	-0.214628	-0.0305956	inf
SRX014781	TFs and others	RARA	Blood	UPR9	132	10/483	0/49	-0.214628	-0.0305956	inf
SRX016326	TFs and others	ESR1	Breast	MCF-7	45	10/483	0/49	-0.214628	-0.0305956	inf
SRX017559	TFs and others	TP53	Epidermis	BJ	432	10/483	0/49	-0.214628	-0.0305956	inf
SRX017704	TFs and others	HDAC2	Blood	CD4+ T cells	59	10/483	0/49	-0.214628	-0.0305956	inf
SRX017705	TFs and others	HDAC3	Blood	CD4+ T cells	90	10/483	0/49	-0.214628	-0.0305956	inf
SRX017863	TFs and others	RELA	Blood	GM18526	245	10/483	0/49	-0.214628	-0.0305956	inf
SRX017864	TFs and others	RELA	Blood	GM18526	140	10/483	0/49	-0.214628	-0.0305956	inf
SRX017866	TFs and others	RELA	Blood	GM18526	137	10/483	0/49	-0.214628	-0.0305956	inf
SRX017902	TFs and others	RELA	Blood	GM18526	197	10/483	0/49	-0.214628	-0.0305956	inf
SRX017907	TFs and others	RELA	Blood	GM12878	1079	10/483	0/49	-0.214628	-0.0305956	inf
SRX017908	TFs and others	RELA	Blood	GM12878	1051	10/483	0/49	-0.214628	-0.0305956	inf
SRX020768	TFs and others	TP53	Bone	U2OS	85	10/483	0/49	-0.214628	-0.0305956	inf
SRX022394	TFs and others	VDR	Blood	Lymphoblastoid cell line	220	10/483	0/49	-0.214628	-0.0305956	inf
SRX023660	TFs and others	GLYR1	Uterus	HeLa	93	10/483	0/49	-0.214628	-0.0305956	inf
SRX026536	TFs and others	ESR1	Uterus	ECC-1	310	10/483	0/49	-0.214628	-0.0305956	inf
SRX026645	TFs and others	MethylCap	Blood	Acute myeloid leukemia	291	10/483	0/49	-0.214628	-0.0305956	inf
SRX026650	TFs and others	MethylCap	Blood	Acute myeloid leukemia	387	10/483	0/49	-0.214628	-0.0305956	inf
SRX026902	TFs and others	ESR1	Breast	MCF-7	661	10/483	0/49	-0.214628	-0.0305956	inf
SRX027908	TFs and others	RELA	Uterus	HeLa	254	10/483	0/49	-0.214628	-0.0305956	inf
SRX028587	TFs and others	ZNF274	Blood	GM12878	140	10/483	0/49	-0.214628	-0.0305956	inf
SRX032875	TFs and others	FOXA2	Liver	Liver	145	10/483	0/49	-0.214628	-0.0305956	inf
SRX032877	TFs and others	FOXA2	Liver	Liver	134	10/483	0/49	-0.214628	-0.0305956	inf
SRX036564	TFs and others	ESR1	Breast	MCF-7	218	10/483	0/49	-0.214628	-0.0305956	inf
SRX036636	TFs and others	ESR1	Bone	U2OS	179	10/483	0/49	-0.214628	-0.0305956	inf
SRX036638	TFs and others	NCOA1	Bone	U2OS	304	10/483	0/49	-0.214628	-0.0305956	inf
SRX038912	TFs and others	IKZF1	Blood	Hematopoietic Stem Cells	66	10/483	0/49	-0.214628	-0.0305956	inf
SRX038913	TFs and others	IKZF1	Blood	Hematopoietic Stem Cells	33	10/483	0/49	-0.214628	-0.0305956	inf
SRX038914	TFs and others	MEIS1	Blood	Hematopoietic Stem Cells	97	10/483	0/49	-0.214628	-0.0305956	inf
SRX038915	TFs and others	MEIS1	Blood	Hematopoietic Stem Cells	54	10/483	0/49	-0.214628	-0.0305956	inf
SRX038916	TFs and others	MEIS1	Blood	Hematopoietic Stem Cells	161	10/483	0/49	-0.214628	-0.0305956	inf
SRX039140	TFs and others	FOS	Breast	MCF-7	132	10/483	0/49	-0.214628	-0.0305956	inf
SRX041287	TFs and others	STAT1	Blood	T cells	33	10/483	0/49	-0.214628	-0.0305956	inf
SRX047081	TFs and others	EP300	Prostate	LNCAP	25	10/483	0/49	-0.214628	-0.0305956	inf
SRX054458	TFs and others	NR1H3	Blood	THP-1	286	10/483	0/49	-0.214628	-0.0305956	inf
SRX055312	TFs and others	KDM5B	Breast	MCF-7	152	10/483	0/49	-0.214628	-0.0305956	inf
SRX059705	TFs and others	AR	Prostate	VCaP	16206	10/483	0/49	-0.214628	-0.0305956	inf
SRX062359	TFs and others	NKX3-1	Prostate	LNCAP	715	10/483	0/49	-0.214628	-0.0305956	inf
SRX062362	TFs and others	FOXA1	Prostate	LNCAP	24530	10/483	0/49	-0.214628	-0.0305956	inf
SRX079858	TFs and others	NFKBIA	Epidermis	Keratinocytes	97	10/483	0/49	-0.214628	-0.0305956	inf
SRX084500	TFs and others	SMAD2	Pluripotent stem cell	hESC H9	91	10/483	0/49	-0.214628	-0.0305956	inf
SRX095394	TFs and others	MYC	Blood	CA46	244	10/483	0/49	-0.214628	-0.0305956	inf
SRX100266	TFs and others	ESR1	Breast	H3396	190	10/483	0/49	-0.214628	-0.0305956	inf
SRX10104971	TFs and others	PPARG	Others	5637	578	10/483	0/49	-0.214628	-0.0305956	inf
SRX10119133	TFs and others	SPI1	Blood	MV-4-11	338	10/483	0/49	-0.214628	-0.0305956	inf
SRX10119394	TFs and others	STAT3	Breast	MDA-MB-231	177	10/483	0/49	-0.214628	-0.0305956	inf
SRX1012652	TFs and others	PGR	Breast	MCF-7	183	10/483	0/49	-0.214628	-0.0305956	inf
SRX1012682	TFs and others	ESR1	Breast	MCF-7	682	10/483	0/49	-0.214628	-0.0305956	inf
SRX1012683	TFs and others	ESR1	Breast	MCF-7	2016	10/483	0/49	-0.214628	-0.0305956	inf
SRX1012689	TFs and others	ESR1	Breast	MCF-7	1826	10/483	0/49	-0.214628	-0.0305956	inf
SRX1012691	TFs and others	PGR	Breast	MCF-7	576	10/483	0/49	-0.214628	-0.0305956	inf
SRX1012698	TFs and others	PGR	Breast	MCF-7	283	10/483	0/49	-0.214628	-0.0305956	inf
SRX1012700	TFs and others	PGR	Breast	MCF-7	301	10/483	0/49	-0.214628	-0.0305956	inf
SRX1012701	TFs and others	PGR	Breast	MCF-7	283	10/483	0/49	-0.214628	-0.0305956	inf
SRX1012706	TFs and others	ESR1	Breast	T-47D	705	10/483	0/49	-0.214628	-0.0305956	inf
SRX1012709	TFs and others	ESR1	Breast	T-47D	692	10/483	0/49	-0.214628	-0.0305956	inf
SRX1012717	TFs and others	PGR	Breast	T-47D	3143	10/483	0/49	-0.214628	-0.0305956	inf
SRX1012722	TFs and others	PGR	Breast	T-47D	1006	10/483	0/49	-0.214628	-0.0305956	inf
SRX1013341	TFs and others	CDK9	Liver	HuCCT1	408	10/483	0/49	-0.214628	-0.0305956	inf
SRX10239456	TFs and others	YTHDC1	Breast	MCF-7	101	10/483	0/49	-0.214628	-0.0305956	inf
SRX10239461	TFs and others	YTHDC1	Breast	MCF-7	72	10/483	0/49	-0.214628	-0.0305956	inf
SRX10239462	TFs and others	YTHDC1	Breast	MCF-7	94	10/483	0/49	-0.214628	-0.0305956	inf
SRX10306507	TFs and others	AR	Prostate	LNCAP	552	10/483	0/49	-0.214628	-0.0305956	inf
SRX10306508	TFs and others	AR	Prostate	LNCAP	8482	10/483	0/49	-0.214628	-0.0305956	inf
SRX10306509	TFs and others	AR	Prostate	LNCAP	713	10/483	0/49	-0.214628	-0.0305956	inf
SRX10306511	TFs and others	AR	Prostate	LNCAP	891	10/483	0/49	-0.214628	-0.0305956	inf
SRX10306513	TFs and others	AR	Prostate	LNCAP	705	10/483	0/49	-0.214628	-0.0305956	inf
SRX10335185	TFs and others	Epitope tags	Breast	MDA-MB-231	624	10/483	0/49	-0.214628	-0.0305956	inf
SRX10365522	TFs and others	RAC1	Breast	MDA-MB-231	603	10/483	0/49	-0.214628	-0.0305956	inf
SRX10365545	TFs and others	NCOA3	Breast	MCF-7	374	10/483	0/49	-0.214628	-0.0305956	inf
SRX10382406	TFs and others	DNMT3A	Pluripotent stem cell	hESC H1	199	10/483	0/49	-0.214628	-0.0305956	inf
SRX10382424	TFs and others	DNMT3B	Pluripotent stem cell	hESC H1	256	10/483	0/49	-0.214628	-0.0305956	inf
SRX10382430	TFs and others	DNMT3B	Pluripotent stem cell	hESC H1	584	10/483	0/49	-0.214628	-0.0305956	inf
SRX10382442	TFs and others	DNMT3A	Pluripotent stem cell	hESC H1	243	10/483	0/49	-0.214628	-0.0305956	inf
SRX10406209	TFs and others	Epitope tags	Uterus	HeLa	421	10/483	0/49	-0.214628	-0.0305956	inf
SRX1053977	TFs and others	HDAC2	Pluripotent stem cell	ES cells	150	10/483	0/49	-0.214628	-0.0305956	inf
SRX107293	TFs and others	LMO2	Blood	CCRF-CEM	139	10/483	0/49	-0.214628	-0.0305956	inf
SRX107300	TFs and others	TAL1	Blood	T-ALL	25	10/483	0/49	-0.214628	-0.0305956	inf
SRX107302	TFs and others	TAL1	Blood	T-ALL	64	10/483	0/49	-0.214628	-0.0305956	inf
SRX10809336	TFs and others	PSIP1	Neural	DIPG7	388	10/483	0/49	-0.214628	-0.0305956	inf
SRX10809340	TFs and others	PSIP1	Neural	DIPG7	199	10/483	0/49	-0.214628	-0.0305956	inf
SRX1089824	TFs and others	GATA1	Blood	Hematopoietic Stem Cells	438	10/483	0/49	-0.214628	-0.0305956	inf
SRX11009534	TFs and others	YBX1	Blood	MOLM-13	344	10/483	0/49	-0.214628	-0.0305956	inf
SRX11014589	TFs and others	CTCF	Bone	U2OS	783	10/483	0/49	-0.214628	-0.0305956	inf
SRX11014593	TFs and others	NAT10	Bone	U2OS	608	10/483	0/49	-0.214628	-0.0305956	inf
SRX1116235	TFs and others	Epitope tags	Cardiovascular	HUVEC	338	10/483	0/49	-0.214628	-0.0305956	inf
SRX1123844	TFs and others	SMARCA4	Kidney	G-401	125	10/483	0/49	-0.214628	-0.0305956	inf
SRX1131804	TFs and others	Epitope tags	Uterus	HeLa	81	10/483	0/49	-0.214628	-0.0305956	inf
SRX11969038	TFs and others	FANCD2	Uterus	HeLa	286	10/483	0/49	-0.214628	-0.0305956	inf
SRX11969043	TFs and others	BRD4	Epidermis	Keratinocytes	816	10/483	0/49	-0.214628	-0.0305956	inf
SRX128192	TFs and others	TTF2	Uterus	HeLa	120	10/483	0/49	-0.214628	-0.0305956	inf
SRX128779	TFs and others	TCF12	Blood	Jurkat (Clone E6-1)	279	10/483	0/49	-0.214628	-0.0305956	inf
SRX128781	TFs and others	GATA3	Blood	Jurkat (Clone E6-1)	1232	10/483	0/49	-0.214628	-0.0305956	inf
SRX129088	TFs and others	MED1	Blood	P493-6	308	10/483	0/49	-0.214628	-0.0305956	inf
SRX1304574	TFs and others	LYL1	Blood	Kasumi-1	5235	10/483	0/49	-0.214628	-0.0305956	inf
SRX130495	TFs and others	CBX3	Digestive tract	HCT 116	196	10/483	0/49	-0.214628	-0.0305956	inf
SRX1445371	TFs and others	SMAD3	Pluripotent stem cell	hESC H1	704	10/483	0/49	-0.214628	-0.0305956	inf
SRX1460239	TFs and others	BRD4	Blood	LP-1	312	10/483	0/49	-0.214628	-0.0305956	inf
SRX148962	TFs and others	CDK9	Blood	P493-6	359	10/483	0/49	-0.214628	-0.0305956	inf
SRX148964	TFs and others	CDK9	Blood	P493-6	153	10/483	0/49	-0.214628	-0.0305956	inf
SRX149715	TFs and others	BMI1	Blood	K-562	116	10/483	0/49	-0.214628	-0.0305956	inf
SRX150394	TFs and others	SREBF2	Liver	Hep G2	144	10/483	0/49	-0.214628	-0.0305956	inf
SRX150514	TFs and others	BRF2	Uterus	HeLa	302	10/483	0/49	-0.214628	-0.0305956	inf
SRX1514926	TFs and others	GFP	Kidney	293	327	10/483	0/49	-0.214628	-0.0305956	inf
SRX1514929	TFs and others	GFP	Kidney	293	211	10/483	0/49	-0.214628	-0.0305956	inf
SRX1514940	TFs and others	GFP	Kidney	293	435	10/483	0/49	-0.214628	-0.0305956	inf
SRX1514946	TFs and others	GFP	Kidney	293	213	10/483	0/49	-0.214628	-0.0305956	inf
SRX1514964	TFs and others	GFP	Kidney	293	703	10/483	0/49	-0.214628	-0.0305956	inf
SRX1514966	TFs and others	GFP	Kidney	293	273	10/483	0/49	-0.214628	-0.0305956	inf
SRX1515004	TFs and others	GFP	Kidney	293	299	10/483	0/49	-0.214628	-0.0305956	inf
SRX1515022	TFs and others	GFP	Kidney	293	339	10/483	0/49	-0.214628	-0.0305956	inf
SRX1515025	TFs and others	GFP	Kidney	293	317	10/483	0/49	-0.214628	-0.0305956	inf
SRX1515029	TFs and others	GFP	Kidney	293	321	10/483	0/49	-0.214628	-0.0305956	inf
SRX1515033	TFs and others	GFP	Kidney	293	1720	10/483	0/49	-0.214628	-0.0305956	inf
SRX1515035	TFs and others	GFP	Kidney	293	2275	10/483	0/49	-0.214628	-0.0305956	inf
SRX1515042	TFs and others	GFP	Kidney	293	2227	10/483	0/49	-0.214628	-0.0305956	inf
SRX1515043	TFs and others	GFP	Kidney	293	418	10/483	0/49	-0.214628	-0.0305956	inf
SRX1515046	TFs and others	GFP	Kidney	293	303	10/483	0/49	-0.214628	-0.0305956	inf
SRX1515058	TFs and others	GFP	Kidney	293	1245	10/483	0/49	-0.214628	-0.0305956	inf
SRX1515059	TFs and others	GFP	Kidney	293	2920	10/483	0/49	-0.214628	-0.0305956	inf
SRX1515072	TFs and others	GFP	Kidney	293	353	10/483	0/49	-0.214628	-0.0305956	inf
SRX151943	TFs and others	IRF5	Blood	PBMC	106	10/483	0/49	-0.214628	-0.0305956	inf
SRX151953	TFs and others	STAT4	Blood	PBMC	72	10/483	0/49	-0.214628	-0.0305956	inf
SRX1519705	TFs and others	UBTF	Pluripotent stem cell	hESC H9	145	10/483	0/49	-0.214628	-0.0305956	inf
SRX1542105	TFs and others	SRPK1	Breast	MCF 10A	386	10/483	0/49	-0.214628	-0.0305956	inf
SRX1548204	TFs and others	E2F1	Cardiovascular	Wharton Jelly	287	10/483	0/49	-0.214628	-0.0305956	inf
SRX1560785	TFs and others	BRD4	Gonad	OVCAR-3	165	10/483	0/49	-0.214628	-0.0305956	inf
SRX158107	TFs and others	GATA3	Blood	RPMI 8402	483	10/483	0/49	-0.214628	-0.0305956	inf
SRX1585245	TFs and others	ESR1	Breast	LTED cells	713	10/483	0/49	-0.214628	-0.0305956	inf
SRX1603678	TFs and others	TP63	Epidermis	Differentiated keratinocytes	641	10/483	0/49	-0.214628	-0.0305956	inf
SRX160745	TFs and others	EZH2	Digestive tract	HCT 116	383	10/483	0/49	-0.214628	-0.0305956	inf
SRX1629242	TFs and others	AR	Prostate	VCaP	2078	10/483	0/49	-0.214628	-0.0305956	inf
SRX1650256	TFs and others	NR3C1	Lung	A549	923	10/483	0/49	-0.214628	-0.0305956	inf
SRX1690218	TFs and others	TWIST1	Neural	Neuroblastoma	810	10/483	0/49	-0.214628	-0.0305956	inf
SRX176054	TFs and others	AR	Prostate	LNCAP	188	10/483	0/49	-0.214628	-0.0305956	inf
SRX176872	TFs and others	GATA3	Breast	MCF-7	309	10/483	0/49	-0.214628	-0.0305956	inf
SRX176873	TFs and others	GATA3	Breast	MCF-7	433	10/483	0/49	-0.214628	-0.0305956	inf
SRX1823819	TFs and others	BRD4	Pancreas	L3.6	407	10/483	0/49	-0.214628	-0.0305956	inf
SRX1829881	TFs and others	MED1	Blood	SK-MEL-147	451	10/483	0/49	-0.214628	-0.0305956	inf
SRX1829883	TFs and others	INO80	Epidermis	Melanocytes	310	10/483	0/49	-0.214628	-0.0305956	inf
SRX1835126	TFs and others	EWSR1	Prostate	VCaP	673	10/483	0/49	-0.214628	-0.0305956	inf
SRX185916	TFs and others	FOXM1	Breast	MCF-7	99	10/483	0/49	-0.214628	-0.0305956	inf
SRX1920488	TFs and others	STAT5A	Blood	Memory T cells	326	10/483	0/49	-0.214628	-0.0305956	inf
SRX1961296	TFs and others	VRK1	Bone	HT-1080	139	10/483	0/49	-0.214628	-0.0305956	inf
SRX1993444	TFs and others	ZSCAN5A	Placenta	BeWo	118	10/483	0/49	-0.214628	-0.0305956	inf
SRX2000339	TFs and others	TET2	Breast	MCF-12A	448	10/483	0/49	-0.214628	-0.0305956	inf
SRX2009501	TFs and others	EZH2	Neural	SF8628	421	10/483	0/49	-0.214628	-0.0305956	inf
SRX2011490	TFs and others	EZH2	Neural	KELLY	365	10/483	0/49	-0.214628	-0.0305956	inf
SRX2012084	TFs and others	CTCF	Gonad	SK-OV-3	458	10/483	0/49	-0.214628	-0.0305956	inf
SRX2067988	TFs and others	ETS2	Prostate	DU 145	363	10/483	0/49	-0.214628	-0.0305956	inf
SRX208484	TFs and others	TP53	Lung	IMR-90	951	10/483	0/49	-0.214628	-0.0305956	inf
SRX2085892	TFs and others	Epitope tags	Kidney	293	264	10/483	0/49	-0.214628	-0.0305956	inf
SRX210702	TFs and others	Epitope tags	Uterus	HeLa	4878	10/483	0/49	-0.214628	-0.0305956	inf
SRX212437	TFs and others	ETS1	Blood	Treg	336	10/483	0/49	-0.214628	-0.0305956	inf
SRX222273	TFs and others	ESR1	Prostate	VCaP	9623	10/483	0/49	-0.214628	-0.0305956	inf
SRX2245092	TFs and others	Epitope tags	Blood	Lymphoblastoid cell line	721	10/483	0/49	-0.214628	-0.0305956	inf
SRX2251221	TFs and others	BRD4	Prostate	C4-2	127	10/483	0/49	-0.214628	-0.0305956	inf
SRX2255897	TFs and others	Epitope tags	Kidney	293	1959	10/483	0/49	-0.214628	-0.0305956	inf
SRX2319754	TFs and others	VDR	Blood	THP-1	271	10/483	0/49	-0.214628	-0.0305956	inf
SRX2319755	TFs and others	VDR	Blood	THP-1	241	10/483	0/49	-0.214628	-0.0305956	inf
SRX2319759	TFs and others	VDR	Blood	THP-1	543	10/483	0/49	-0.214628	-0.0305956	inf
SRX2323892	TFs and others	AFF4	Kidney	293	420	10/483	0/49	-0.214628	-0.0305956	inf
SRX2346891	TFs and others	HIF1A	Cardiovascular	HUVEC	83	10/483	0/49	-0.214628	-0.0305956	inf
SRX2346892	TFs and others	EPAS1	Cardiovascular	HUVEC	52	10/483	0/49	-0.214628	-0.0305956	inf
SRX2346893	TFs and others	ARNT	Cardiovascular	HUVEC	62	10/483	0/49	-0.214628	-0.0305956	inf
SRX243763	TFs and others	PAX5	Blood	NAMALWA	1017	10/483	0/49	-0.214628	-0.0305956	inf
SRX2514248	TFs and others	ESR1	Uterus	Carcinoma, Endometrioid	468	10/483	0/49	-0.214628	-0.0305956	inf
SRX2514369	TFs and others	GFP	Uterus	HeLa	892	10/483	0/49	-0.214628	-0.0305956	inf
SRX2514375	TFs and others	GFP	Uterus	HeLa	637	10/483	0/49	-0.214628	-0.0305956	inf
SRX2524364	TFs and others	MYB	Blood	MV-4-11	220	10/483	0/49	-0.214628	-0.0305956	inf
SRX2527755	TFs and others	Epitope tags	Bone	A-673	423	10/483	0/49	-0.214628	-0.0305956	inf
SRX2533038	TFs and others	MCM2	Digestive tract	HCT 116	10771	10/483	0/49	-0.214628	-0.0305956	inf
SRX2546000	TFs and others	METTL3	Blood	MOLM-13	172	10/483	0/49	-0.214628	-0.0305956	inf
SRX254623	TFs and others	SFMBT1	Uterus	HeLa	93	10/483	0/49	-0.214628	-0.0305956	inf
SRX254625	TFs and others	RCOR1	Uterus	HeLa	270	10/483	0/49	-0.214628	-0.0305956	inf
SRX2548294	TFs and others	BRD4	Blood	KK1	553	10/483	0/49	-0.214628	-0.0305956	inf
SRX2548296	TFs and others	BRD4	Blood	ST1	598	10/483	0/49	-0.214628	-0.0305956	inf
SRX2548298	TFs and others	BRD4	Blood	ST1	589	10/483	0/49	-0.214628	-0.0305956	inf
SRX256993	TFs and others	NR3C1	Blood	Lymphoblastoid cell line	95	10/483	0/49	-0.214628	-0.0305956	inf
SRX2578877	TFs and others	ESR1	Breast	MDA-MB-231	258	10/483	0/49	-0.214628	-0.0305956	inf
SRX2578886	TFs and others	MED1	Breast	MDA-MB-231	161	10/483	0/49	-0.214628	-0.0305956	inf
SRX2578916	TFs and others	EP300	Breast	MDA-MB-231	598	10/483	0/49	-0.214628	-0.0305956	inf
SRX2585783	TFs and others	EZH2	Breast	MDA-MB-231	429	10/483	0/49	-0.214628	-0.0305956	inf
SRX2589939	TFs and others	MPHOSPH8	Blood	K-562	202	10/483	0/49	-0.214628	-0.0305956	inf
SRX2598525	TFs and others	FAM208A	Uterus	HeLa	344	10/483	0/49	-0.214628	-0.0305956	inf
SRX2614802	TFs and others	DNMT3B	Blood	B Lymphoblastoid cell line	490	10/483	0/49	-0.214628	-0.0305956	inf
SRX2628189	TFs and others	HAND1	Digestive tract	GIST-T1	5743	10/483	0/49	-0.214628	-0.0305956	inf
SRX2642353	TFs and others	HOXB13	Prostate	22Rv1	560	10/483	0/49	-0.214628	-0.0305956	inf
SRX2652417	TFs and others	BRD4	Lung	24335	66	10/483	0/49	-0.214628	-0.0305956	inf
SRX2708819	TFs and others	MCRS1	Liver	Hep G2	158	10/483	0/49	-0.214628	-0.0305956	inf
SRX2731713	TFs and others	SOX2	Lung	Lung cancer cell line	1197	10/483	0/49	-0.214628	-0.0305956	inf
SRX2731783	TFs and others	MYCN	Neural	Neuroblastoma	313	10/483	0/49	-0.214628	-0.0305956	inf
SRX2734394	TFs and others	NFE2L2	Cardiovascular	HAEC	122	10/483	0/49	-0.214628	-0.0305956	inf
SRX2745728	TFs and others	ZNF516	Breast	MCF-7	451	10/483	0/49	-0.214628	-0.0305956	inf
SRX2748853	TFs and others	RARA	Others	Adenoid cystic carcinoma	520	10/483	0/49	-0.214628	-0.0305956	inf
SRX2770845	TFs and others	CEBPB	Blood	Macrophages	4984	10/483	0/49	-0.214628	-0.0305956	inf
SRX278416	TFs and others	TFAP4	Digestive tract	DLD-1	998	10/483	0/49	-0.214628	-0.0305956	inf
SRX2844314	TFs and others	YAP1	Pluripotent stem cell	hESC H1	99	10/483	0/49	-0.214628	-0.0305956	inf
SRX2880132	TFs and others	KMT2C	Breast	CAL-51	438	10/483	0/49	-0.214628	-0.0305956	inf
SRX2881008	TFs and others	ESR1	Breast	MCF-7	551	10/483	0/49	-0.214628	-0.0305956	inf
SRX2897204	TFs and others	ESR1	Breast	Breast cancer cells	397	10/483	0/49	-0.214628	-0.0305956	inf
SRX2897210	TFs and others	ESR1	Breast	Breast cancer cells	258	10/483	0/49	-0.214628	-0.0305956	inf
SRX2897211	TFs and others	ESR1	Breast	Breast cancer cells	993	10/483	0/49	-0.214628	-0.0305956	inf
SRX2897226	TFs and others	ESR1	Breast	Breast cancer cells	701	10/483	0/49	-0.214628	-0.0305956	inf
SRX2897227	TFs and others	ESR1	Breast	Breast cancer cells	502	10/483	0/49	-0.214628	-0.0305956	inf
SRX2897228	TFs and others	ESR1	Breast	Breast cancer cells	614	10/483	0/49	-0.214628	-0.0305956	inf
SRX2897231	TFs and others	ESR1	Breast	Breast cancer cells	973	10/483	0/49	-0.214628	-0.0305956	inf
SRX2897233	TFs and others	ESR1	Breast	Breast cancer cells	796	10/483	0/49	-0.214628	-0.0305956	inf
SRX2900587	TFs and others	NR3C1	Blood	THP-1	2794	10/483	0/49	-0.214628	-0.0305956	inf
SRX2900594	TFs and others	NCOA2	Blood	THP-1	871	10/483	0/49	-0.214628	-0.0305956	inf
SRX2901943	TFs and others	Epitope tags	Uterus	Ishikawa	200	10/483	0/49	-0.214628	-0.0305956	inf
SRX2912061	TFs and others	ESR1	Breast	MCF-7	95	10/483	0/49	-0.214628	-0.0305956	inf
SRX2940746	TFs and others	TP53	Breast	MCF-7	168	10/483	0/49	-0.214628	-0.0305956	inf
SRX3001595	TFs and others	FOXA1	Unclassified	Unclassified	843	10/483	0/49	-0.214628	-0.0305956	inf
SRX3011694	TFs and others	JMJD6	Breast	MCF-7	216	10/483	0/49	-0.214628	-0.0305956	inf
SRX3020566	TFs and others	PHIP	Digestive tract	HCT 116	316	10/483	0/49	-0.214628	-0.0305956	inf
SRX3055413	TFs and others	AR	Prostate	R1-D567	321	10/483	0/49	-0.214628	-0.0305956	inf
SRX306511	TFs and others	FOXA1	Prostate	DU 145	17388	10/483	0/49	-0.214628	-0.0305956	inf
SRX3070469	TFs and others	NR3C1	Breast	MCF 10A	1632	10/483	0/49	-0.214628	-0.0305956	inf
SRX3092071	TFs and others	MTA1	Digestive tract	HCT 116	155	10/483	0/49	-0.214628	-0.0305956	inf
SRX3098200	TFs and others	CEBPA	Blood	Kasumi-1	632	10/483	0/49	-0.214628	-0.0305956	inf
SRX3102708	TFs and others	ARID2	Kidney	786-O	603	10/483	0/49	-0.214628	-0.0305956	inf
SRX3102710	TFs and others	ARID2	Kidney	786-O	578	10/483	0/49	-0.214628	-0.0305956	inf
SRX3110715	TFs and others	ESR1	Breast	MCF-7	349	10/483	0/49	-0.214628	-0.0305956	inf
SRX3113420	TFs and others	MAF1	Blood	THP-1	114	10/483	0/49	-0.214628	-0.0305956	inf
SRX3113422	TFs and others	MAF1	Blood	THP-1	551	10/483	0/49	-0.214628	-0.0305956	inf
SRX3113423	TFs and others	MAF1	Blood	THP-1	355	10/483	0/49	-0.214628	-0.0305956	inf
SRX3127729	TFs and others	ZEB2	Liver	SNU-398	934	10/483	0/49	-0.214628	-0.0305956	inf
SRX3154232	TFs and others	BRD4	Blood	BCBL1	183	10/483	0/49	-0.214628	-0.0305956	inf
SRX3203624	TFs and others	MPHOSPH8	Pluripotent stem cell	ES cells	1022	10/483	0/49	-0.214628	-0.0305956	inf
SRX3216829	TFs and others	NOTCH3	Blood	T-ALL	174	10/483	0/49	-0.214628	-0.0305956	inf
SRX323401	TFs and others	SPDEF	Breast	MCF-7	96	10/483	0/49	-0.214628	-0.0305956	inf
SRX3287169	TFs and others	SMC3	Uterus	HeLa	1446	10/483	0/49	-0.214628	-0.0305956	inf
SRX328779	TFs and others	GATA6	Digestive tract	LS-174T	1465	10/483	0/49	-0.214628	-0.0305956	inf
SRX3292073	TFs and others	GATA2	Pluripotent stem cell	hESC derived trophoblast cells	2057	10/483	0/49	-0.214628	-0.0305956	inf
SRX3342253	TFs and others	ONECUT2	Prostate	LNCAP	9518	10/483	0/49	-0.214628	-0.0305956	inf
SRX334257	TFs and others	AR	Unclassified	Unclassified	731	10/483	0/49	-0.214628	-0.0305956	inf
SRX3366972	TFs and others	AR	Prostate	LNCAP	784	10/483	0/49	-0.214628	-0.0305956	inf
SRX3366989	TFs and others	AR	Prostate	LNCAP	942	10/483	0/49	-0.214628	-0.0305956	inf
SRX3392334	TFs and others	ZEB1	Lung	NCI-H1975	381	10/483	0/49	-0.214628	-0.0305956	inf
SRX3437428	TFs and others	CTCF	Uterus	HeLa	1012	10/483	0/49	-0.214628	-0.0305956	inf
SRX3437486	TFs and others	Epitope tags	Uterus	HeLa	264	10/483	0/49	-0.214628	-0.0305956	inf
SRX3541117	TFs and others	SUMO2	Breast	MCF-7	532	10/483	0/49	-0.214628	-0.0305956	inf
SRX3546802	TFs and others	Epitope tags	Breast	MDA-MB-231	816	10/483	0/49	-0.214628	-0.0305956	inf
SRX3587640	TFs and others	MYC	Kidney	G-401	1169	10/483	0/49	-0.214628	-0.0305956	inf
SRX3587642	TFs and others	MYC	Kidney	G-401	974	10/483	0/49	-0.214628	-0.0305956	inf
SRX3587644	TFs and others	MYC	Kidney	G-401	1013	10/483	0/49	-0.214628	-0.0305956	inf
SRX3589917	TFs and others	STAG1	Breast	MCF 10A	602	10/483	0/49	-0.214628	-0.0305956	inf
SRX359815	TFs and others	ARNTL	Digestive tract	LoVo	259	10/483	0/49	-0.214628	-0.0305956	inf
SRX359832	TFs and others	FOXQ1	Digestive tract	LoVo	200	10/483	0/49	-0.214628	-0.0305956	inf
SRX359834	TFs and others	HES7	Digestive tract	LoVo	32	10/483	0/49	-0.214628	-0.0305956	inf
SRX359835	TFs and others	HESX1	Digestive tract	LoVo	146	10/483	0/49	-0.214628	-0.0305956	inf
SRX359842	TFs and others	HOXB1	Digestive tract	LoVo	128	10/483	0/49	-0.214628	-0.0305956	inf
SRX359847	TFs and others	HOXD4	Digestive tract	LoVo	126	10/483	0/49	-0.214628	-0.0305956	inf
SRX359855	TFs and others	ISL2	Digestive tract	LoVo	318	10/483	0/49	-0.214628	-0.0305956	inf
SRX359856	TFs and others	KLF13	Digestive tract	LoVo	191	10/483	0/49	-0.214628	-0.0305956	inf
SRX359858	TFs and others	RAD21	Digestive tract	LoVo	66	10/483	0/49	-0.214628	-0.0305956	inf
SRX359903	TFs and others	MITF	Digestive tract	LoVo	285	10/483	0/49	-0.214628	-0.0305956	inf
SRX359906	TFs and others	MYOD1	Digestive tract	LoVo	180	10/483	0/49	-0.214628	-0.0305956	inf
SRX3599225	TFs and others	SUZ12	Blood	KG-1	891	10/483	0/49	-0.214628	-0.0305956	inf
SRX359954	TFs and others	SMAD5	Digestive tract	LoVo	145	10/483	0/49	-0.214628	-0.0305956	inf
SRX360000	TFs and others	FOXJ2	Digestive tract	LoVo	256	10/483	0/49	-0.214628	-0.0305956	inf
SRX360008	TFs and others	IRF9	Digestive tract	LoVo	273	10/483	0/49	-0.214628	-0.0305956	inf
SRX360009	TFs and others	KCMF1	Digestive tract	LoVo	190	10/483	0/49	-0.214628	-0.0305956	inf
SRX360035	TFs and others	RBPJ	Digestive tract	LoVo	210	10/483	0/49	-0.214628	-0.0305956	inf
SRX360049	TFs and others	ZBTB2	Digestive tract	LoVo	381	10/483	0/49	-0.214628	-0.0305956	inf
SRX360053	TFs and others	ZBTB44	Digestive tract	LoVo	255	10/483	0/49	-0.214628	-0.0305956	inf
SRX3629593	TFs and others	ESR1	Breast	MCF-7	5648	10/483	0/49	-0.214628	-0.0305956	inf
SRX3629600	TFs and others	ESR1	Breast	MCF-7	2513	10/483	0/49	-0.214628	-0.0305956	inf
SRX3630657	TFs and others	FOXO3	Pluripotent stem cell	iPS derived neural cells	34	10/483	0/49	-0.214628	-0.0305956	inf
SRX3630667	TFs and others	FOXO3	Pluripotent stem cell	iPS derived neural cells	251	10/483	0/49	-0.214628	-0.0305956	inf
SRX3630672	TFs and others	FOXO3	Pluripotent stem cell	iPS derived neural cells	307	10/483	0/49	-0.214628	-0.0305956	inf
SRX3630675	TFs and others	FOXO3	Pluripotent stem cell	iPS derived neural cells	24	10/483	0/49	-0.214628	-0.0305956	inf
SRX367014	TFs and others	RELA	Cardiovascular	AC16	572	10/483	0/49	-0.214628	-0.0305956	inf
SRX367452	TFs and others	Epitope tags	Neural	LN-229	230	10/483	0/49	-0.214628	-0.0305956	inf
SRX367646	TFs and others	GATA6	Digestive tract	KATO III	797	10/483	0/49	-0.214628	-0.0305956	inf
SRX3679644	TFs and others	Epitope tags	Gonad	TOV-21G	239	10/483	0/49	-0.214628	-0.0305956	inf
SRX371443	TFs and others	ESR1	Others	Tumour tissues	1348	10/483	0/49	-0.214628	-0.0305956	inf
SRX3734300	TFs and others	TP53	Epidermis	Foreskin	692	10/483	0/49	-0.214628	-0.0305956	inf
SRX3824039	TFs and others	RCOR1	Blood	THP-1	823	10/483	0/49	-0.214628	-0.0305956	inf
SRX3824040	TFs and others	RCOR1	Blood	THP-1	595	10/483	0/49	-0.214628	-0.0305956	inf
SRX3833324	TFs and others	KDM1A	Breast	MCF-7	237	10/483	0/49	-0.214628	-0.0305956	inf
SRX385396	TFs and others	Epitope tags	Blood	U-937	120	10/483	0/49	-0.214628	-0.0305956	inf
SRX392785	TFs and others	REST	Blood	GM12878	2639	10/483	0/49	-0.214628	-0.0305956	inf
SRX392813	TFs and others	EP300	Blood	GM12878	356	10/483	0/49	-0.214628	-0.0305956	inf
SRX3944344	TFs and others	BRD4	Digestive tract	Gastrointestinal Stromal Tumors	962	10/483	0/49	-0.214628	-0.0305956	inf
SRX3944786	TFs and others	Epitope tags	Lung	HS-SY-II	350	10/483	0/49	-0.214628	-0.0305956	inf
SRX3944787	TFs and others	Epitope tags	Lung	HS-SY-II	283	10/483	0/49	-0.214628	-0.0305956	inf
SRX3962721	TFs and others	TP53	Digestive tract	HCT 116	649	10/483	0/49	-0.214628	-0.0305956	inf
SRX4001478	TFs and others	BRD2	Lung	NCI-H23	482	10/483	0/49	-0.214628	-0.0305956	inf
SRX4001968	TFs and others	FOS	Blood	THP-1	386	10/483	0/49	-0.214628	-0.0305956	inf
SRX4001969	TFs and others	FOS	Blood	THP-1	398	10/483	0/49	-0.214628	-0.0305956	inf
SRX4009680	TFs and others	BACH1	Pluripotent stem cell	ES cells	160	10/483	0/49	-0.214628	-0.0305956	inf
SRX4015270	TFs and others	DNMT3B	Pluripotent stem cell	hESC H1	373	10/483	0/49	-0.214628	-0.0305956	inf
SRX4015273	TFs and others	DNMT3B	Pluripotent stem cell	hESC H1	391	10/483	0/49	-0.214628	-0.0305956	inf
SRX4017880	TFs and others	TP63	Breast	Breast organoids	528	10/483	0/49	-0.214628	-0.0305956	inf
SRX4017885	TFs and others	TP63	Breast	Breast organoids	949	10/483	0/49	-0.214628	-0.0305956	inf
SRX4065346	TFs and others	SOX9	Pluripotent stem cell	hESC derived retinal cells	234	10/483	0/49	-0.214628	-0.0305956	inf
SRX4096857	TFs and others	GATAD2A	Breast	HCC3153	568	10/483	0/49	-0.214628	-0.0305956	inf
SRX4096858	TFs and others	GATAD2A	Breast	HCC3153	301	10/483	0/49	-0.214628	-0.0305956	inf
SRX4108917	TFs and others	HIF1A	Prostate	LNCAP	312	10/483	0/49	-0.214628	-0.0305956	inf
SRX4108919	TFs and others	HIF1A	Prostate	LNCAP	538	10/483	0/49	-0.214628	-0.0305956	inf
SRX4155656	TFs and others	CTCFL	Neural	KELLY	927	10/483	0/49	-0.214628	-0.0305956	inf
SRX4155658	TFs and others	SMC1A	Neural	KELLY	569	10/483	0/49	-0.214628	-0.0305956	inf
SRX4155863	TFs and others	MYCN	Neural	KELLY	659	10/483	0/49	-0.214628	-0.0305956	inf
SRX4192133	TFs and others	TOP1	Breast	MCF 10A	55	10/483	0/49	-0.214628	-0.0305956	inf
SRX4218025	TFs and others	CTCF	Digestive tract	HCT 116	207	10/483	0/49	-0.214628	-0.0305956	inf
SRX4221466	TFs and others	Epitope tags	Kidney	293	734	10/483	0/49	-0.214628	-0.0305956	inf
SRX4221468	TFs and others	Epitope tags	Kidney	293	592	10/483	0/49	-0.214628	-0.0305956	inf
SRX423971	TFs and others	CTNNB1	Digestive tract	SW 480	261	10/483	0/49	-0.214628	-0.0305956	inf
SRX425995	TFs and others	HOXC11	Breast	LY2	96	10/483	0/49	-0.214628	-0.0305956	inf
SRX4301468	TFs and others	RELA	Uterus	HeLa	79	10/483	0/49	-0.214628	-0.0305956	inf
SRX4345365	TFs and others	NFKB1	Blood	CD4+ T cells	803	10/483	0/49	-0.214628	-0.0305956	inf
SRX4393713	TFs and others	CBFB	Blood	ME-1	861	10/483	0/49	-0.214628	-0.0305956	inf
SRX4394213	TFs and others	HDGF2	Muscle	Myoblasts	516	10/483	0/49	-0.214628	-0.0305956	inf
SRX4394221	TFs and others	PSIP1	Muscle	Myoblasts	388	10/483	0/49	-0.214628	-0.0305956	inf
SRX4394225	TFs and others	SUPT16H	Muscle	Myoblasts	672	10/483	0/49	-0.214628	-0.0305956	inf
SRX4394226	TFs and others	SUPT16H	Muscle	Myotube	342	10/483	0/49	-0.214628	-0.0305956	inf
SRX4397528	TFs and others	KMT2D	Pluripotent stem cell	NT2-D1	179	10/483	0/49	-0.214628	-0.0305956	inf
SRX4409572	TFs and others	MYC	Neural	SH-EP	418	10/483	0/49	-0.214628	-0.0305956	inf
SRX4451201	TFs and others	ESR1	Breast	MCF-7	3953	10/483	0/49	-0.214628	-0.0305956	inf
SRX447428	TFs and others	KMT2A	Blood	CD34+	204	10/483	0/49	-0.214628	-0.0305956	inf
SRX447429	TFs and others	MLLT3	Blood	CD34+	212	10/483	0/49	-0.214628	-0.0305956	inf
SRX4561216	TFs and others	ANAPC1	Breast	MCF-7	1160	10/483	0/49	-0.214628	-0.0305956	inf
SRX457214	TFs and others	ESR1	Breast	MCF-7	228	10/483	0/49	-0.214628	-0.0305956	inf
SRX4599908	TFs and others	EZH2	Kidney	293	360	10/483	0/49	-0.214628	-0.0305956	inf
SRX4599934	TFs and others	Epitope tags	Kidney	293	341	10/483	0/49	-0.214628	-0.0305956	inf
SRX4649679	TFs and others	TP53	Epidermis	Foreskin	911	10/483	0/49	-0.214628	-0.0305956	inf
SRX4650970	TFs and others	RNF2	Kidney	293	534	10/483	0/49	-0.214628	-0.0305956	inf
SRX4650986	TFs and others	RNF2	Kidney	293	59	10/483	0/49	-0.214628	-0.0305956	inf
SRX4663588	TFs and others	NCOA3	Breast	MCF-7	1510	10/483	0/49	-0.214628	-0.0305956	inf
SRX4708065	TFs and others	SRSF9	Blood	K-562	145	10/483	0/49	-0.214628	-0.0305956	inf
SRX4708078	TFs and others	TAF15	Blood	K-562	232	10/483	0/49	-0.214628	-0.0305956	inf
SRX4714459	TFs and others	GTF3C2	Breast	MCF 10A	189	10/483	0/49	-0.214628	-0.0305956	inf
SRX4714480	TFs and others	GTF3C2	Breast	T-47D	819	10/483	0/49	-0.214628	-0.0305956	inf
SRX4720613	TFs and others	Epitope tags	Kidney	G-401	152	10/483	0/49	-0.214628	-0.0305956	inf
SRX4734146	TFs and others	SMARCA4	Cardiovascular	Aneurysm smooth muscle cells	400	10/483	0/49	-0.214628	-0.0305956	inf
SRX4734150	TFs and others	SMARCA4	Cardiovascular	Smooth muscle cells	255	10/483	0/49	-0.214628	-0.0305956	inf
SRX4734152	TFs and others	SMARCA4	Cardiovascular	Aneurysm smooth muscle cells	228	10/483	0/49	-0.214628	-0.0305956	inf
SRX4743477	TFs and others	GFP	Liver	Hep G2	248	10/483	0/49	-0.214628	-0.0305956	inf
SRX4745242	TFs and others	Epitope tags	Kidney	293	563	10/483	0/49	-0.214628	-0.0305956	inf
SRX4745244	TFs and others	Epitope tags	Kidney	293	621	10/483	0/49	-0.214628	-0.0305956	inf
SRX4745245	TFs and others	Epitope tags	Kidney	293	599	10/483	0/49	-0.214628	-0.0305956	inf
SRX4745246	TFs and others	Epitope tags	Kidney	293	613	10/483	0/49	-0.214628	-0.0305956	inf
SRX4745250	TFs and others	Epitope tags	Kidney	293	641	10/483	0/49	-0.214628	-0.0305956	inf
SRX4745251	TFs and others	Epitope tags	Kidney	293	664	10/483	0/49	-0.214628	-0.0305956	inf
SRX475796	TFs and others	SPI1	Blood	GM12878	7401	10/483	0/49	-0.214628	-0.0305956	inf
SRX476916	TFs and others	SNAI2	Epidermis	Keratinocytes	258	10/483	0/49	-0.214628	-0.0305956	inf
SRX4786547	TFs and others	TET2	Breast	MCF-7	406	10/483	0/49	-0.214628	-0.0305956	inf
SRX4802316	TFs and others	EPAS1	Kidney	HKC8	103	10/483	0/49	-0.214628	-0.0305956	inf
SRX4802320	TFs and others	HIF1A	Kidney	HKC8	88	10/483	0/49	-0.214628	-0.0305956	inf
SRX4802321	TFs and others	HIF1A	Kidney	HKC8	229	10/483	0/49	-0.214628	-0.0305956	inf
SRX4815185	TFs and others	EN1	Breast	SUM 149PT	850	10/483	0/49	-0.214628	-0.0305956	inf
SRX4815186	TFs and others	EN1	Breast	SUM 159PT	615	10/483	0/49	-0.214628	-0.0305956	inf
SRX488714	TFs and others	Epitope tags	Kidney	293	294	10/483	0/49	-0.214628	-0.0305956	inf
SRX490429	TFs and others	BRD4	Breast	MCF-7	418	10/483	0/49	-0.214628	-0.0305956	inf
SRX490434	TFs and others	ESR1	Breast	MCF-7	1103	10/483	0/49	-0.214628	-0.0305956	inf
SRX4931247	TFs and others	KMT2A	Kidney	293	370	10/483	0/49	-0.214628	-0.0305956	inf
SRX4931253	TFs and others	KMT2A	Kidney	293	400	10/483	0/49	-0.214628	-0.0305956	inf
SRX4931254	TFs and others	KMT2A	Kidney	293	401	10/483	0/49	-0.214628	-0.0305956	inf
SRX4931256	TFs and others	KMT2A	Breast	MCF-7	283	10/483	0/49	-0.214628	-0.0305956	inf
SRX4931276	TFs and others	AFF4	Blood	SEM	493	10/483	0/49	-0.214628	-0.0305956	inf
SRX4937330	TFs and others	ATXN7L3	Digestive tract	HCT 116	266	10/483	0/49	-0.214628	-0.0305956	inf
SRX4937332	TFs and others	KAT2A	Digestive tract	HCT 116	269	10/483	0/49	-0.214628	-0.0305956	inf
SRX4937344	TFs and others	MED16	Digestive tract	HCT 116	253	10/483	0/49	-0.214628	-0.0305956	inf
SRX4937345	TFs and others	MED16	Digestive tract	HCT 116	252	10/483	0/49	-0.214628	-0.0305956	inf
SRX4937346	TFs and others	MED16	Digestive tract	HCT 116	267	10/483	0/49	-0.214628	-0.0305956	inf
SRX4937347	TFs and others	MED16	Digestive tract	HCT 116	366	10/483	0/49	-0.214628	-0.0305956	inf
SRX5025681	TFs and others	DCP1A	Neural	SH-EP	155	10/483	0/49	-0.214628	-0.0305956	inf
SRX5076292	TFs and others	ZBTB7A	Prostate	VCaP	133	10/483	0/49	-0.214628	-0.0305956	inf
SRX5089419	TFs and others	SMARCA4	Breast	MCF-7	1043	10/483	0/49	-0.214628	-0.0305956	inf
SRX5089514	TFs and others	SMARCA4	Breast	MCF-7	272	10/483	0/49	-0.214628	-0.0305956	inf
SRX5089545	TFs and others	ARID2	Breast	MCF-7	287	10/483	0/49	-0.214628	-0.0305956	inf
SRX5089786	TFs and others	SATB1	Breast	MCF 10A	946	10/483	0/49	-0.214628	-0.0305956	inf
SRX5124853	TFs and others	FOXA1	Kidney	293	9681	10/483	0/49	-0.214628	-0.0305956	inf
SRX5138659	TFs and others	ETV2	Epidermis	Dermal fibroblast	655	10/483	0/49	-0.214628	-0.0305956	inf
SRX5157155	TFs and others	CEBPA	Blood	THP-1	4297	10/483	0/49	-0.214628	-0.0305956	inf
SRX5157158	TFs and others	CEBPA	Blood	THP-1	3835	10/483	0/49	-0.214628	-0.0305956	inf
SRX5157163	TFs and others	CEBPA	Blood	THP-1	3163	10/483	0/49	-0.214628	-0.0305956	inf
SRX5162246	TFs and others	CREBBP	Placenta	Cytotrophoblast	221	10/483	0/49	-0.214628	-0.0305956	inf
SRX5162253	TFs and others	HDAC1	Placenta	Cytotrophoblast	170	10/483	0/49	-0.214628	-0.0305956	inf
SRX5162255	TFs and others	RELB	Placenta	Cytotrophoblast	155	10/483	0/49	-0.214628	-0.0305956	inf
SRX5162257	TFs and others	RELB	Placenta	Cytotrophoblast	160	10/483	0/49	-0.214628	-0.0305956	inf
SRX5163336	TFs and others	SOD1	Uterus	HeLa	212	10/483	0/49	-0.214628	-0.0305956	inf
SRX5163342	TFs and others	SOD1	Uterus	HeLa	87	10/483	0/49	-0.214628	-0.0305956	inf
SRX5165469	TFs and others	Cas9	Pluripotent stem cell	NCCIT	1170	10/483	0/49	-0.214628	-0.0305956	inf
SRX5172069	TFs and others	ESR1	Breast	MCF-7	334	10/483	0/49	-0.214628	-0.0305956	inf
SRX5172070	TFs and others	ESR1	Breast	MCF-7	353	10/483	0/49	-0.214628	-0.0305956	inf
SRX5182323	TFs and others	FMR1	Blood	GM03200	473	10/483	0/49	-0.214628	-0.0305956	inf
SRX5182324	TFs and others	FMR1	Blood	B Lymphoblastoid cell line	559	10/483	0/49	-0.214628	-0.0305956	inf
SRX518684	TFs and others	SPI1	Blood	OCI-LY-3	530	10/483	0/49	-0.214628	-0.0305956	inf
SRX518688	TFs and others	SPI1	Blood	OCI-LY-3	814	10/483	0/49	-0.214628	-0.0305956	inf
SRX5195714	TFs and others	ARID1A	Uterus	Endometrial epithelial cells	634	10/483	0/49	-0.214628	-0.0305956	inf
SRX5195718	TFs and others	ARID1A	Uterus	Endometrial epithelial cells	487	10/483	0/49	-0.214628	-0.0305956	inf
SRX5202455	TFs and others	UBE3A	Pluripotent stem cell	hESC derived neural cells	531	10/483	0/49	-0.214628	-0.0305956	inf
SRX5202456	TFs and others	UBE3A	Pluripotent stem cell	hESC derived neural cells	480	10/483	0/49	-0.214628	-0.0305956	inf
SRX5202457	TFs and others	UBE3A	Pluripotent stem cell	hESC derived neural cells	574	10/483	0/49	-0.214628	-0.0305956	inf
SRX5202458	TFs and others	UBE3A	Pluripotent stem cell	hESC derived neural cells	563	10/483	0/49	-0.214628	-0.0305956	inf
SRX5202461	TFs and others	UBE3A	Pluripotent stem cell	hESC derived neural cells	502	10/483	0/49	-0.214628	-0.0305956	inf
SRX5202462	TFs and others	UBE3A	Pluripotent stem cell	hESC derived neural cells	540	10/483	0/49	-0.214628	-0.0305956	inf
SRX5202463	TFs and others	UBE3A	Pluripotent stem cell	hESC derived neural cells	477	10/483	0/49	-0.214628	-0.0305956	inf
SRX5202464	TFs and others	UBE3A	Pluripotent stem cell	hESC derived neural cells	383	10/483	0/49	-0.214628	-0.0305956	inf
SRX5202467	TFs and others	UBE3A	Pluripotent stem cell	hESC H9	493	10/483	0/49	-0.214628	-0.0305956	inf
SRX5202470	TFs and others	UBE3A	Pluripotent stem cell	hESC H9	549	10/483	0/49	-0.214628	-0.0305956	inf
SRX523395	TFs and others	APOBEC3B	Breast	MCF-7	533	10/483	0/49	-0.214628	-0.0305956	inf
SRX5251414	TFs and others	ESR1	Breast	MCF-7	301	10/483	0/49	-0.214628	-0.0305956	inf
SRX5251418	TFs and others	ESR1	Breast	MCF-7	349	10/483	0/49	-0.214628	-0.0305956	inf
SRX5255099	TFs and others	CDK9	Kidney	293	909	10/483	0/49	-0.214628	-0.0305956	inf
SRX5257604	TFs and others	GATA2	Prostate	VCaP	1187	10/483	0/49	-0.214628	-0.0305956	inf
SRX5260950	TFs and others	CHD4	Blood	U-937	323	10/483	0/49	-0.214628	-0.0305956	inf
SRX5276081	TFs and others	GFP	Blood	Dendritic Cells	268	10/483	0/49	-0.214628	-0.0305956	inf
SRX527876	TFs and others	Epitope tags	Kidney	293	190	10/483	0/49	-0.214628	-0.0305956	inf
SRX527884	TFs and others	Epitope tags	Kidney	293	308	10/483	0/49	-0.214628	-0.0305956	inf
SRX5286335	TFs and others	POU5F1	Pluripotent stem cell	ES cells	653	10/483	0/49	-0.214628	-0.0305956	inf
SRX5286337	TFs and others	POU5F1	Pluripotent stem cell	hESC WIBR2	639	10/483	0/49	-0.214628	-0.0305956	inf
SRX5286338	TFs and others	SOX2	Pluripotent stem cell	ES cells	951	10/483	0/49	-0.214628	-0.0305956	inf
SRX5286339	TFs and others	SOX2	Pluripotent stem cell	ES cells	1164	10/483	0/49	-0.214628	-0.0305956	inf
SRX5286342	TFs and others	SOX2	Pluripotent stem cell	ES cells	1072	10/483	0/49	-0.214628	-0.0305956	inf
SRX5286343	TFs and others	SOX2	Pluripotent stem cell	ES cells	919	10/483	0/49	-0.214628	-0.0305956	inf
SRX5286348	TFs and others	TFAP2C	Pluripotent stem cell	hESC WIBR2	714	10/483	0/49	-0.214628	-0.0305956	inf
SRX5287709	TFs and others	Biotin	Breast	MCF-7	261	10/483	0/49	-0.214628	-0.0305956	inf
SRX5287712	TFs and others	Biotin	Breast	MCF-7	283	10/483	0/49	-0.214628	-0.0305956	inf
SRX5289982	TFs and others	NR3C1	Lung	BEAS-2B	1102	10/483	0/49	-0.214628	-0.0305956	inf
SRX5289984	TFs and others	NR3C1	Lung	BEAS-2B	384	10/483	0/49	-0.214628	-0.0305956	inf
SRX5289985	TFs and others	NR3C1	Lung	BEAS-2B	436	10/483	0/49	-0.214628	-0.0305956	inf
SRX5299878	TFs and others	NFE2	Blood	Erythroid Cells	1215	10/483	0/49	-0.214628	-0.0305956	inf
SRX5323815	TFs and others	STAT3	Breast	T-47D	410	10/483	0/49	-0.214628	-0.0305956	inf
SRX5323855	TFs and others	STAT3	Breast	MCF-7	173	10/483	0/49	-0.214628	-0.0305956	inf
SRX5323895	TFs and others	STAT3	Breast	T-47D	464	10/483	0/49	-0.214628	-0.0305956	inf
SRX5346113	TFs and others	Epitope tags	Blood	RAMOS	898	10/483	0/49	-0.214628	-0.0305956	inf
SRX5346122	TFs and others	MYC	Blood	RAMOS	901	10/483	0/49	-0.214628	-0.0305956	inf
SRX5426121	TFs and others	EPOP	Pluripotent stem cell	NT2-D1	94	10/483	0/49	-0.214628	-0.0305956	inf
SRX5426128	TFs and others	CBX7	Pluripotent stem cell	NT2-D1	627	10/483	0/49	-0.214628	-0.0305956	inf
SRX5431827	TFs and others	TSC1	Pluripotent stem cell	hESC H1	1046	10/483	0/49	-0.214628	-0.0305956	inf
SRX5444517	TFs and others	MEN1	Blood	MOLM-13	246	10/483	0/49	-0.214628	-0.0305956	inf
SRX5444526	TFs and others	DOT1L	Blood	RS 411	177	10/483	0/49	-0.214628	-0.0305956	inf
SRX5486425	TFs and others	ZIC5	Digestive tract	HCT 116	544	10/483	0/49	-0.214628	-0.0305956	inf
SRX5491531	TFs and others	XPO1	Blood	OCI-AML3	25	10/483	0/49	-0.214628	-0.0305956	inf
SRX5493746	TFs and others	AR	Breast	Breast cancer cells	378	10/483	0/49	-0.214628	-0.0305956	inf
SRX5493752	TFs and others	AR	Breast	Breast cancer cells	162	10/483	0/49	-0.214628	-0.0305956	inf
SRX5503026	TFs and others	Epitope tags	Kidney	293	69	10/483	0/49	-0.214628	-0.0305956	inf
SRX5511301	TFs and others	ESR1	Breast	MDA-MB-231	321	10/483	0/49	-0.214628	-0.0305956	inf
SRX5534844	TFs and others	ESR1	Breast	MCF-7	161	10/483	0/49	-0.214628	-0.0305956	inf
SRX5534848	TFs and others	ESR1	Breast	MCF-7	337	10/483	0/49	-0.214628	-0.0305956	inf
SRX5534859	TFs and others	ARID1B	Breast	MCF-7	267	10/483	0/49	-0.214628	-0.0305956	inf
SRX5567173	TFs and others	EZH2	Blood	ME-1	219	10/483	0/49	-0.214628	-0.0305956	inf
SRX5574472	TFs and others	SPI1	Blood	CTV-1	454	10/483	0/49	-0.214628	-0.0305956	inf
SRX5574473	TFs and others	SPI1	Blood	CTV-1	613	10/483	0/49	-0.214628	-0.0305956	inf
SRX5600883	TFs and others	ATF4	Neural	Prefrontal Cortex	340	10/483	0/49	-0.214628	-0.0305956	inf
SRX5600885	TFs and others	ATF4	Neural	Prefrontal Cortex	366	10/483	0/49	-0.214628	-0.0305956	inf
SRX5620951	TFs and others	FLI1	Bone	A-673	595	10/483	0/49	-0.214628	-0.0305956	inf
SRX5647963	TFs and others	BRD4	Kidney	293	389	10/483	0/49	-0.214628	-0.0305956	inf
SRX5662024	TFs and others	MYCN	Neural	CHP-134	273	10/483	0/49	-0.214628	-0.0305956	inf
SRX5683075	TFs and others	ESR1	Uterus	Ishikawa	327	10/483	0/49	-0.214628	-0.0305956	inf
SRX573054	TFs and others	CPSF3L	Uterus	HeLa	549	10/483	0/49	-0.214628	-0.0305956	inf
SRX5734997	TFs and others	GFP	Breast	MCF 10A	8709	10/483	0/49	-0.214628	-0.0305956	inf
SRX5734998	TFs and others	GFP	Breast	MCF 10A	12894	10/483	0/49	-0.214628	-0.0305956	inf
SRX5774920	TFs and others	POU5F1	Epidermis	Dermal fibroblast	443	10/483	0/49	-0.214628	-0.0305956	inf
SRX5803009	TFs and others	POLR2C	Kidney	293	902	10/483	0/49	-0.214628	-0.0305956	inf
SRX5803011	TFs and others	POLR2C	Kidney	293	697	10/483	0/49	-0.214628	-0.0305956	inf
SRX5817186	TFs and others	ALYREF	Kidney	293	561	10/483	0/49	-0.214628	-0.0305956	inf
SRX5817187	TFs and others	ALYREF	Kidney	293	581	10/483	0/49	-0.214628	-0.0305956	inf
SRX5865976	TFs and others	TP53	Blood	MOLM-13	253	10/483	0/49	-0.214628	-0.0305956	inf
SRX5865986	TFs and others	TP53	Blood	MOLM-13	119	10/483	0/49	-0.214628	-0.0305956	inf
SRX5865987	TFs and others	TP53	Blood	MOLM-13	98	10/483	0/49	-0.214628	-0.0305956	inf
SRX5865989	TFs and others	TP53	Blood	MOLM-13	131	10/483	0/49	-0.214628	-0.0305956	inf
SRX5865990	TFs and others	TP53	Blood	MOLM-13	331	10/483	0/49	-0.214628	-0.0305956	inf
SRX5930123	TFs and others	HDAC1	Blood	Acute myeloid leukemia	273	10/483	0/49	-0.214628	-0.0305956	inf
SRX595687	TFs and others	AR	Prostate	VCaP	512	10/483	0/49	-0.214628	-0.0305956	inf
SRX595693	TFs and others	AR	Prostate	LNCAP	375	10/483	0/49	-0.214628	-0.0305956	inf
SRX5974524	TFs and others	TAL1	Blood	K-562	4552	10/483	0/49	-0.214628	-0.0305956	inf
SRX5974530	TFs and others	GATA1	Blood	K-562	3288	10/483	0/49	-0.214628	-0.0305956	inf
SRX5974540	TFs and others	TAL1	Blood	K-562	4569	10/483	0/49	-0.214628	-0.0305956	inf
SRX5974572	TFs and others	TAL1	Blood	K-562	8881	10/483	0/49	-0.214628	-0.0305956	inf
SRX6027616	TFs and others	Epitope tags	Kidney	293	66	10/483	0/49	-0.214628	-0.0305956	inf
SRX6058756	TFs and others	PGR	Breast	T-47D	688	10/483	0/49	-0.214628	-0.0305956	inf
SRX6058763	TFs and others	RAD21	Breast	T-47D	1440	10/483	0/49	-0.214628	-0.0305956	inf
SRX6058769	TFs and others	TOP2A	Breast	T-47D	914	10/483	0/49	-0.214628	-0.0305956	inf
SRX608349	TFs and others	GFP	Uterus	HeLa	251	10/483	0/49	-0.214628	-0.0305956	inf
SRX608351	TFs and others	GFP	Uterus	HeLa	440	10/483	0/49	-0.214628	-0.0305956	inf
SRX6101051	TFs and others	NUTM1	Others	TC-797	435	10/483	0/49	-0.214628	-0.0305956	inf
SRX6101052	TFs and others	NUTM1	Others	TC-797	399	10/483	0/49	-0.214628	-0.0305956	inf
SRX6101054	TFs and others	NUTM1	Others	TC-797	379	10/483	0/49	-0.214628	-0.0305956	inf
SRX6366605	TFs and others	Epitope tags	Uterus	Ishikawa	102	10/483	0/49	-0.214628	-0.0305956	inf
SRX6368087	TFs and others	TWIST1	Liver	Hep G2	290	10/483	0/49	-0.214628	-0.0305956	inf
SRX6370208	TFs and others	JARID2	Pluripotent stem cell	NT2-D1	57	10/483	0/49	-0.214628	-0.0305956	inf
SRX6370209	TFs and others	AEBP2	Pluripotent stem cell	NT2-D1	48	10/483	0/49	-0.214628	-0.0305956	inf
SRX6371921	TFs and others	ETV4	Prostate	PC-3	554	10/483	0/49	-0.214628	-0.0305956	inf
SRX644717	TFs and others	BMI1	Kidney	293	192	10/483	0/49	-0.214628	-0.0305956	inf
SRX644720	TFs and others	SCML2	Kidney	293	108	10/483	0/49	-0.214628	-0.0305956	inf
SRX644724	TFs and others	SCML2	Kidney	293	101	10/483	0/49	-0.214628	-0.0305956	inf
SRX648246	TFs and others	MYC	Digestive tract	LS-174T	111	10/483	0/49	-0.214628	-0.0305956	inf
SRX6635807	TFs and others	TP63	Uterus	ME-180	176	10/483	0/49	-0.214628	-0.0305956	inf
SRX6639037	TFs and others	GTF3C2	Breast	T-47D	817	10/483	0/49	-0.214628	-0.0305956	inf
SRX6680395	TFs and others	CBX5	Bone	HT-1080	562	10/483	0/49	-0.214628	-0.0305956	inf
SRX6680405	TFs and others	CBX5	Digestive tract	HCT 116	634	10/483	0/49	-0.214628	-0.0305956	inf
SRX6680407	TFs and others	CBX1	Digestive tract	HCT 116	1176	10/483	0/49	-0.214628	-0.0305956	inf
SRX6680413	TFs and others	CBX1	Digestive tract	DKO	1006	10/483	0/49	-0.214628	-0.0305956	inf
SRX6686388	TFs and others	EZH2	Prostate	DU 145	627	10/483	0/49	-0.214628	-0.0305956	inf
SRX6686390	TFs and others	SUZ12	Prostate	DU 145	584	10/483	0/49	-0.214628	-0.0305956	inf
SRX670816	TFs and others	BRD2	Pluripotent stem cell	hESC H9	213	10/483	0/49	-0.214628	-0.0305956	inf
SRX672002	TFs and others	TRIM28	Pluripotent stem cell	ES cells	122	10/483	0/49	-0.214628	-0.0305956	inf
SRX673717	TFs and others	Biotin	Breast	MCF-7	425	10/483	0/49	-0.214628	-0.0305956	inf
SRX6742746	TFs and others	ZNF398	Pluripotent stem cell	hES BG01V	549	10/483	0/49	-0.214628	-0.0305956	inf
SRX6750796	TFs and others	EZH2	Breast	MDA-MB-231	1512	10/483	0/49	-0.214628	-0.0305956	inf
SRX6753958	TFs and others	LMNB1	Pluripotent stem cell	iPSC derived hepatocytes	334	10/483	0/49	-0.214628	-0.0305956	inf
SRX6763472	TFs and others	CHD4	Blood	Macrophages	372	10/483	0/49	-0.214628	-0.0305956	inf
SRX6763478	TFs and others	EGR1	Blood	Monocytes	182	10/483	0/49	-0.214628	-0.0305956	inf
SRX6764992	TFs and others	WDR5	Digestive tract	LoVo	915	10/483	0/49	-0.214628	-0.0305956	inf
SRX6777397	TFs and others	ESR1	Breast	MCF-7	1047	10/483	0/49	-0.214628	-0.0305956	inf
SRX6780871	TFs and others	CRTC1	Pluripotent stem cell	iPS derived neural cells	934	10/483	0/49	-0.214628	-0.0305956	inf
SRX679118	TFs and others	MLLT3	Uterus	HeLa	340	10/483	0/49	-0.214628	-0.0305956	inf
SRX682387	TFs and others	LYL1	Blood	TSU-1621MT	2983	10/483	0/49	-0.214628	-0.0305956	inf
SRX6852810	TFs and others	SOX2	Lung	HCC95	1415	10/483	0/49	-0.214628	-0.0305956	inf
SRX6860622	TFs and others	RNF2	Breast	T-47D	603	10/483	0/49	-0.214628	-0.0305956	inf
SRX6860624	TFs and others	ESR1	Breast	T-47D	771	10/483	0/49	-0.214628	-0.0305956	inf
SRX6860628	TFs and others	ESR1	Breast	T-47D	818	10/483	0/49	-0.214628	-0.0305956	inf
SRX6860641	TFs and others	ESR1	Breast	T-47D	1316	10/483	0/49	-0.214628	-0.0305956	inf
SRX6860645	TFs and others	RNF2	Breast	T-47D	850	10/483	0/49	-0.214628	-0.0305956	inf
SRX6860652	TFs and others	ESR1	Breast	T-47D	871	10/483	0/49	-0.214628	-0.0305956	inf
SRX6860689	TFs and others	RNF2	Breast	T-47D	570	10/483	0/49	-0.214628	-0.0305956	inf
SRX6860694	TFs and others	RNF2	Breast	T-47D	648	10/483	0/49	-0.214628	-0.0305956	inf
SRX6867660	TFs and others	RUNX1T1	Pluripotent stem cell	hESC H9	185	10/483	0/49	-0.214628	-0.0305956	inf
SRX6911608	TFs and others	ZMYND8	Neural	Glioblastoma	70	10/483	0/49	-0.214628	-0.0305956	inf
SRX6913093	TFs and others	BRD2	Blood	CD4+ T cells	384	10/483	0/49	-0.214628	-0.0305956	inf
SRX6913095	TFs and others	BRD2	Blood	CD4+ T cells	221	10/483	0/49	-0.214628	-0.0305956	inf
SRX6957435	TFs and others	FOXL2	Kidney	HGrC1	638	10/483	0/49	-0.214628	-0.0305956	inf
SRX7015649	TFs and others	Epitope tags	Others	Fibroblasts	609	10/483	0/49	-0.214628	-0.0305956	inf
SRX7015657	TFs and others	SMARCC1	Muscle	SYO-1	155	10/483	0/49	-0.214628	-0.0305956	inf
SRX7015663	TFs and others	SUZ12	Muscle	SYO-1	344	10/483	0/49	-0.214628	-0.0305956	inf
SRX7015667	TFs and others	Epitope tags	Others	Fibroblasts	307	10/483	0/49	-0.214628	-0.0305956	inf
SRX702049	TFs and others	OTX2	Pluripotent stem cell	hESC derived mesendodermal cells	628	10/483	0/49	-0.214628	-0.0305956	inf
SRX702084	TFs and others	SMAD1	Pluripotent stem cell	hESC derived mesendodermal cells	116	10/483	0/49	-0.214628	-0.0305956	inf
SRX702139	TFs and others	TRIM28	Pluripotent stem cell	hESC derived mesendodermal cells	128	10/483	0/49	-0.214628	-0.0305956	inf
SRX702153	TFs and others	HAND1	Pluripotent stem cell	hESC derived mesendodermal cells	100	10/483	0/49	-0.214628	-0.0305956	inf
SRX7100371	TFs and others	KDM1A	Digestive tract	SW 480	680	10/483	0/49	-0.214628	-0.0305956	inf
SRX7101366	TFs and others	TEAD1	Breast	Breast cancer cells	374	10/483	0/49	-0.214628	-0.0305956	inf
SRX7121993	TFs and others	SMARCC1	Breast	MCF-7	225	10/483	0/49	-0.214628	-0.0305956	inf
SRX7223927	TFs and others	CHD8	Pluripotent stem cell	hESC derived neural cells	497	10/483	0/49	-0.214628	-0.0305956	inf
SRX7277193	TFs and others	LMNA	Unclassified	Unclassified	443	10/483	0/49	-0.214628	-0.0305956	inf
SRX7283264	TFs and others	ZBED2	Pancreas	SUIT-2	376	10/483	0/49	-0.214628	-0.0305956	inf
SRX7299435	TFs and others	Epitope tags	Uterus	HeLa	488	10/483	0/49	-0.214628	-0.0305956	inf
SRX730453	TFs and others	ESR1	Breast	MCF-7	1531	10/483	0/49	-0.214628	-0.0305956	inf
SRX7341865	TFs and others	TOP2A	Others	hTERT RPE-1	531	10/483	0/49	-0.214628	-0.0305956	inf
SRX7359956	TFs and others	TWIST1	Liver	PLC/PRF/5	257	10/483	0/49	-0.214628	-0.0305956	inf
SRX7359959	TFs and others	YY1	Liver	PLC/PRF/5	131	10/483	0/49	-0.214628	-0.0305956	inf
SRX7366779	TFs and others	CDK9	Breast	MCF-7	376	10/483	0/49	-0.214628	-0.0305956	inf
SRX7366780	TFs and others	CDK9	Breast	MCF-7	327	10/483	0/49	-0.214628	-0.0305956	inf
SRX7397470	TFs and others	CEBPB	Blood	U-937	153	10/483	0/49	-0.214628	-0.0305956	inf
SRX7450583	TFs and others	ELANE	Blood	U-937	811	10/483	0/49	-0.214628	-0.0305956	inf
SRX749133	TFs and others	BRD4	Blood	GM12878	273	10/483	0/49	-0.214628	-0.0305956	inf
SRX7498497	TFs and others	CTCF	Others	SCC090	316	10/483	0/49	-0.214628	-0.0305956	inf
SRX7498500	TFs and others	CTCF	Others	93-VU147T	2864	10/483	0/49	-0.214628	-0.0305956	inf
SRX7512710	TFs and others	AR	Prostate	VCaP	1214	10/483	0/49	-0.214628	-0.0305956	inf
SRX7512715	TFs and others	AR	Prostate	VCaP	1159	10/483	0/49	-0.214628	-0.0305956	inf
SRX757047	TFs and others	SVIL	Neural	SH-SY5Y	374	10/483	0/49	-0.214628	-0.0305956	inf
SRX7659598	TFs and others	C17orf49	Breast	MCF-7	236	10/483	0/49	-0.214628	-0.0305956	inf
SRX7695557	TFs and others	TEAD4	Lung	NCI-H2171	1109	10/483	0/49	-0.214628	-0.0305956	inf
SRX7805371	TFs and others	ZFX	Kidney	293	383	10/483	0/49	-0.214628	-0.0305956	inf
SRX7805376	TFs and others	SALL2	Kidney	293	212	10/483	0/49	-0.214628	-0.0305956	inf
SRX7805377	TFs and others	SALL2	Kidney	293	183	10/483	0/49	-0.214628	-0.0305956	inf
SRX7971779	TFs and others	STAT3	Blood	Th2 Cells	348	10/483	0/49	-0.214628	-0.0305956	inf
SRX7972439	TFs and others	MKL1	Epidermis	MKL-1	925	10/483	0/49	-0.214628	-0.0305956	inf
SRX8083148	TFs and others	Epitope tags	Kidney	293	149	10/483	0/49	-0.214628	-0.0305956	inf
SRX8089626	TFs and others	BRD4	Prostate	VCaP	257	10/483	0/49	-0.214628	-0.0305956	inf
SRX8142110	TFs and others	TP63	Digestive tract	TE-5	2118	10/483	0/49	-0.214628	-0.0305956	inf
SRX8148234	TFs and others	Epitope tags	Pluripotent stem cell	iPS cells	551	10/483	0/49	-0.214628	-0.0305956	inf
SRX8155173	TFs and others	MED1	Digestive tract	HCT 116	280	10/483	0/49	-0.214628	-0.0305956	inf
SRX818643	TFs and others	PIAS1	Kidney	293	1144	10/483	0/49	-0.214628	-0.0305956	inf
SRX8272747	TFs and others	ESR2	Digestive tract	SW 480	819	10/483	0/49	-0.214628	-0.0305956	inf
SRX8272874	TFs and others	CEBPA	Blood	BLaER1	286	10/483	0/49	-0.214628	-0.0305956	inf
SRX8272877	TFs and others	CEBPA	Blood	BLaER1	1190	10/483	0/49	-0.214628	-0.0305956	inf
SRX8272878	TFs and others	CEBPA	Blood	BLaER1	752	10/483	0/49	-0.214628	-0.0305956	inf
SRX831880	TFs and others	STAT5B	Blood	CD8+ T cells	295	10/483	0/49	-0.214628	-0.0305956	inf
SRX8379087	TFs and others	SMARCA4	Gonad	BIN-67	450	10/483	0/49	-0.214628	-0.0305956	inf
SRX8406455	TFs and others	AR	Prostate	Prostatic Neoplasms, Castration-Resistant	7037	10/483	0/49	-0.214628	-0.0305956	inf
SRX8406456	TFs and others	AR	Prostate	Prostatic Neoplasms, Castration-Resistant	3027	10/483	0/49	-0.214628	-0.0305956	inf
SRX8406457	TFs and others	AR	Prostate	Prostatic Neoplasms, Castration-Resistant	5369	10/483	0/49	-0.214628	-0.0305956	inf
SRX8432561	TFs and others	EZH2	Pluripotent stem cell	iPS cells	462	10/483	0/49	-0.214628	-0.0305956	inf
SRX8432563	TFs and others	SUZ12	Pluripotent stem cell	iPS cells	351	10/483	0/49	-0.214628	-0.0305956	inf
SRX8432564	TFs and others	SUZ12	Pluripotent stem cell	iPS cells	219	10/483	0/49	-0.214628	-0.0305956	inf
SRX8432566	TFs and others	SUZ12	Pluripotent stem cell	iPS cells	317	10/483	0/49	-0.214628	-0.0305956	inf
SRX8432574	TFs and others	EZH2	Pluripotent stem cell	iPS cells	405	10/483	0/49	-0.214628	-0.0305956	inf
SRX8432575	TFs and others	EZH2	Pluripotent stem cell	iPS cells	374	10/483	0/49	-0.214628	-0.0305956	inf
SRX8432583	TFs and others	EZH2	Pluripotent stem cell	iPS cells	291	10/483	0/49	-0.214628	-0.0305956	inf
SRX8494531	TFs and others	WWTR1	Neural	GBM	502	10/483	0/49	-0.214628	-0.0305956	inf
SRX8512550	TFs and others	RELA	Kidney	293	287	10/483	0/49	-0.214628	-0.0305956	inf
SRX8512743	TFs and others	BRPF1	Digestive tract	HCT 116	139	10/483	0/49	-0.214628	-0.0305956	inf
SRX8512746	TFs and others	BRWD1	Digestive tract	HCT 116	329	10/483	0/49	-0.214628	-0.0305956	inf
SRX8512750	TFs and others	CBX5	Digestive tract	HCT 116	355	10/483	0/49	-0.214628	-0.0305956	inf
SRX8512755	TFs and others	CXXC1	Digestive tract	HCT 116	393	10/483	0/49	-0.214628	-0.0305956	inf
SRX8512756	TFs and others	CXXC1	Digestive tract	HCT 116	346	10/483	0/49	-0.214628	-0.0305956	inf
SRX8512757	TFs and others	CXXC1	Digestive tract	HCT 116	352	10/483	0/49	-0.214628	-0.0305956	inf
SRX8512763	TFs and others	DPF1	Digestive tract	HCT 116	531	10/483	0/49	-0.214628	-0.0305956	inf
SRX8512770	TFs and others	GTF2H2	Digestive tract	HCT 116	354	10/483	0/49	-0.214628	-0.0305956	inf
SRX8512781	TFs and others	HSF1	Digestive tract	HCT 116	331	10/483	0/49	-0.214628	-0.0305956	inf
SRX8512782	TFs and others	HSF1	Digestive tract	HCT 116	295	10/483	0/49	-0.214628	-0.0305956	inf
SRX8512791	TFs and others	KDM1A	Digestive tract	HCT 116	306	10/483	0/49	-0.214628	-0.0305956	inf
SRX8512797	TFs and others	MED21	Digestive tract	HCT 116	516	10/483	0/49	-0.214628	-0.0305956	inf
SRX8512800	TFs and others	MED22	Digestive tract	HCT 116	346	10/483	0/49	-0.214628	-0.0305956	inf
SRX8512817	TFs and others	NRF1	Digestive tract	HCT 116	252	10/483	0/49	-0.214628	-0.0305956	inf
SRX8512819	TFs and others	NRF1	Digestive tract	HCT 116	319	10/483	0/49	-0.214628	-0.0305956	inf
SRX8512834	TFs and others	PRDM4	Digestive tract	HCT 116	198	10/483	0/49	-0.214628	-0.0305956	inf
SRX8512858	TFs and others	SMARCAL1	Digestive tract	HCT 116	548	10/483	0/49	-0.214628	-0.0305956	inf
SRX8512859	TFs and others	SMARCB1	Digestive tract	HCT 116	420	10/483	0/49	-0.214628	-0.0305956	inf
SRX8512864	TFs and others	SMARCD1	Digestive tract	HCT 116	521	10/483	0/49	-0.214628	-0.0305956	inf
SRX8602208	TFs and others	IRF4	Blood	OCI-LY-10	160	10/483	0/49	-0.214628	-0.0305956	inf
SRX8616367	TFs and others	KSHV LANA	Blood	BJAB	286	10/483	0/49	-0.214628	-0.0305956	inf
SRX861678	TFs and others	AR	Prostate	Prostate cancer	301	10/483	0/49	-0.214628	-0.0305956	inf
SRX8616810	TFs and others	FOSL1	Lung	A549	437	10/483	0/49	-0.214628	-0.0305956	inf
SRX8616813	TFs and others	FOSL1	Lung	A549	448	10/483	0/49	-0.214628	-0.0305956	inf
SRX861685	TFs and others	AR	Prostate	Prostate cancer	324	10/483	0/49	-0.214628	-0.0305956	inf
SRX8616966	TFs and others	TET2	Breast	MCF-7	649	10/483	0/49	-0.214628	-0.0305956	inf
SRX8664956	TFs and others	ATF4	Blood	HUDEP-2	1176	10/483	0/49	-0.214628	-0.0305956	inf
SRX8707932	TFs and others	ERH	Epidermis	BJ	195	10/483	0/49	-0.214628	-0.0305956	inf
SRX8707933	TFs and others	ERH	Epidermis	BJ	208	10/483	0/49	-0.214628	-0.0305956	inf
SRX8714002	TFs and others	Epitope tags	Neural	Neural Stem Cells	208	10/483	0/49	-0.214628	-0.0305956	inf
SRX8726304	TFs and others	BMI1	Others	Tumor	423	10/483	0/49	-0.214628	-0.0305956	inf
SRX8726306	TFs and others	BMI1	Others	Tumor	311	10/483	0/49	-0.214628	-0.0305956	inf
SRX8772697	TFs and others	CTCF	Epidermis	OCM-1	406	10/483	0/49	-0.214628	-0.0305956	inf
SRX878830	TFs and others	Epitope tags	Kidney	293	348	10/483	0/49	-0.214628	-0.0305956	inf
SRX8814981	TFs and others	LMNB1	Pluripotent stem cell	iPS derived adipocytes	458	10/483	0/49	-0.214628	-0.0305956	inf
SRX8814990	TFs and others	LMNB1	Pluripotent stem cell	iPS derived adipocytes	498	10/483	0/49	-0.214628	-0.0305956	inf
SRX8814993	TFs and others	LMNB1	Pluripotent stem cell	iPS derived adipocytes	271	10/483	0/49	-0.214628	-0.0305956	inf
SRX882962	TFs and others	AR	Prostate	LNCAP	544	10/483	0/49	-0.214628	-0.0305956	inf
SRX9031541	TFs and others	KMT2D	Others	UM-UC-1	547	10/483	0/49	-0.214628	-0.0305956	inf
SRX9213134	TFs and others	KAT8	Blood	THP-1	521	10/483	0/49	-0.214628	-0.0305956	inf
SRX9281791	TFs and others	SUZ12	Kidney	293	1176	10/483	0/49	-0.214628	-0.0305956	inf
SRX9309766	TFs and others	BRD4	Blood	HL-60	815	10/483	0/49	-0.214628	-0.0305956	inf
SRX9309767	TFs and others	BRD4	Blood	HL-60	1033	10/483	0/49	-0.214628	-0.0305956	inf
SRX9434356	TFs and others	RELA	Digestive tract	SW 480	844	10/483	0/49	-0.214628	-0.0305956	inf
SRX9434359	TFs and others	RELA	Digestive tract	SW 480	573	10/483	0/49	-0.214628	-0.0305956	inf
SRX9434360	TFs and others	RELA	Digestive tract	SW 480	686	10/483	0/49	-0.214628	-0.0305956	inf
SRX9434364	TFs and others	RELA	Digestive tract	HT-29	925	10/483	0/49	-0.214628	-0.0305956	inf
SRX9434366	TFs and others	RELA	Digestive tract	HT-29	724	10/483	0/49	-0.214628	-0.0305956	inf
SRX9434368	TFs and others	RELA	Digestive tract	HT-29	612	10/483	0/49	-0.214628	-0.0305956	inf
SRX9450693	TFs and others	AHR	Pluripotent stem cell	hESC H9	130	10/483	0/49	-0.214628	-0.0305956	inf
SRX9450706	TFs and others	AHR	Pluripotent stem cell	hESC derived neural cells	417	10/483	0/49	-0.214628	-0.0305956	inf
SRX9450707	TFs and others	AHR	Pluripotent stem cell	hESC derived neural cells	438	10/483	0/49	-0.214628	-0.0305956	inf
SRX9522727	TFs and others	MPHOSPH8	Blood	MOLM-13	395	10/483	0/49	-0.214628	-0.0305956	inf
SRX9522729	TFs and others	MPHOSPH8	Blood	MOLM-13	369	10/483	0/49	-0.214628	-0.0305956	inf
SRX9522730	TFs and others	MPHOSPH8	Blood	MOLM-13	452	10/483	0/49	-0.214628	-0.0305956	inf
SRX9567089	TFs and others	EZH2	Neural	IMR-32	690	10/483	0/49	-0.214628	-0.0305956	inf
SRX959103	TFs and others	NR3C1	Blood	NALM-6	1832	10/483	0/49	-0.214628	-0.0305956	inf
SRX9600567	TFs and others	G-quadruplex	Blood	K-562	202	10/483	0/49	-0.214628	-0.0305956	inf
SRX9600571	TFs and others	G-quadruplex	Blood	K-562	176	10/483	0/49	-0.214628	-0.0305956	inf
SRX9600605	TFs and others	G-quadruplex	Blood	K-562	212	10/483	0/49	-0.214628	-0.0305956	inf
SRX9600606	TFs and others	G-quadruplex	Blood	K-562	176	10/483	0/49	-0.214628	-0.0305956	inf
SRX9600609	TFs and others	G-quadruplex	Blood	K-562	209	10/483	0/49	-0.214628	-0.0305956	inf
SRX9600611	TFs and others	G-quadruplex	Blood	K-562	228	10/483	0/49	-0.214628	-0.0305956	inf
SRX9600636	TFs and others	G-quadruplex	Blood	K-562	261	10/483	0/49	-0.214628	-0.0305956	inf
SRX9600638	TFs and others	G-quadruplex	Blood	K-562	326	10/483	0/49	-0.214628	-0.0305956	inf
SRX9600641	TFs and others	G-quadruplex	Blood	K-562	187	10/483	0/49	-0.214628	-0.0305956	inf
SRX9600645	TFs and others	G-quadruplex	Blood	K-562	245	10/483	0/49	-0.214628	-0.0305956	inf
SRX9600655	TFs and others	G-quadruplex	Blood	K-562	222	10/483	0/49	-0.214628	-0.0305956	inf
SRX9628168	TFs and others	NR3C1	Kidney	293	479	10/483	0/49	-0.214628	-0.0305956	inf
SRX9628175	TFs and others	NR3C1	Kidney	293	410	10/483	0/49	-0.214628	-0.0305956	inf
SRX9671286	TFs and others	CCNT1	Blood	K-562	265	10/483	0/49	-0.214628	-0.0305956	inf
SRX9688337	TFs and others	SP1	Breast	ZR-75-1	570	10/483	0/49	-0.214628	-0.0305956	inf
SRX9690615	TFs and others	SIRT1	Pancreas	PANC-1	442	10/483	0/49	-0.214628	-0.0305956	inf
SRX9719172	TFs and others	ESR1	Breast	MCF-7	1242	10/483	0/49	-0.214628	-0.0305956	inf
SRX9932064	TFs and others	HDAC6	Breast	MCF-7	917	10/483	0/49	-0.214628	-0.0305956	inf
SRX9932068	TFs and others	HDAC6	Breast	MCF-7	894	10/483	0/49	-0.214628	-0.0305956	inf
SRX9932079	TFs and others	HMGN2	Breast	MCF-7	1309	10/483	0/49	-0.214628	-0.0305956	inf
SRX9975600	TFs and others	PPP2R1A	Uterus	HeLa	942	10/483	0/49	-0.214628	-0.0305956	inf
DRX000550	TFs and others	PARK7	Neural	SH-SY5Y	53	11/483	0/49	-0.214309	-0.0305956	inf
DRX231254	TFs and others	Epitope tags	Kidney	293	172	11/483	0/49	-0.214309	-0.0305956	inf
DRX231255	TFs and others	Epitope tags	Kidney	293	156	11/483	0/49	-0.214309	-0.0305956	inf
DRX231258	TFs and others	Epitope tags	Kidney	293	146	11/483	0/49	-0.214309	-0.0305956	inf
ERX1149069	TFs and others	CTCF	Blood	KU812	171	11/483	0/49	-0.214309	-0.0305956	inf
ERX1149099	TFs and others	CTCF	Blood	KU812	167	11/483	0/49	-0.214309	-0.0305956	inf
ERX1149116	TFs and others	CTCF	Blood	KU812	199	11/483	0/49	-0.214309	-0.0305956	inf
ERX2242399	TFs and others	ARID1A	Breast	Mammary epithelial cells	129	11/483	0/49	-0.214309	-0.0305956	inf
ERX2242414	TFs and others	ARID1A	Breast	Mammary epithelial cells	232	11/483	0/49	-0.214309	-0.0305956	inf
ERX2869660	TFs and others	CTCF	Lung	A549	766	11/483	0/49	-0.214309	-0.0305956	inf
ERX371697	TFs and others	BCL11A	Breast	Mammary epithelial cells	125	11/483	0/49	-0.214309	-0.0305956	inf
ERX626785	TFs and others	MED1	Blood	K-562	73	11/483	0/49	-0.214309	-0.0305956	inf
ERX626816	TFs and others	RAD21	Blood	U-937	130	11/483	0/49	-0.214309	-0.0305956	inf
ERX626834	TFs and others	TAL1	Blood	CHRF-288-11	4815	11/483	0/49	-0.214309	-0.0305956	inf
ERX626852	TFs and others	CEBPA	Blood	U-937	2667	11/483	0/49	-0.214309	-0.0305956	inf
ERX626853	TFs and others	SP1	Blood	HL-60	243	11/483	0/49	-0.214309	-0.0305956	inf
ERX626854	TFs and others	SP1	Blood	HL-60	276	11/483	0/49	-0.214309	-0.0305956	inf
ERX626862	TFs and others	GATA2	Blood	HL-60	249	11/483	0/49	-0.214309	-0.0305956	inf
ERX626866	TFs and others	SP1	Blood	HL-60	236	11/483	0/49	-0.214309	-0.0305956	inf
ERX626867	TFs and others	SP1	Blood	HL-60	284	11/483	0/49	-0.214309	-0.0305956	inf
ERX626871	TFs and others	CEBPE	Blood	HL-60	232	11/483	0/49	-0.214309	-0.0305956	inf
ERX626876	TFs and others	SPI1	Blood	HL-60	1583	11/483	0/49	-0.214309	-0.0305956	inf
ERX704036	TFs and others	RAD21	Blood	HL-60	219	11/483	0/49	-0.214309	-0.0305956	inf
ERX704046	TFs and others	CTCF	Blood	HL-60	244	11/483	0/49	-0.214309	-0.0305956	inf
ERX704052	TFs and others	RAD21	Blood	HL-60	218	11/483	0/49	-0.214309	-0.0305956	inf
ERX704062	TFs and others	CTCF	Blood	HL-60	230	11/483	0/49	-0.214309	-0.0305956	inf
SRX014769	TFs and others	RXRA	Blood	NB-4	48	11/483	0/49	-0.214309	-0.0305956	inf
SRX014776	TFs and others	PML	Blood	MR4	1172	11/483	0/49	-0.214309	-0.0305956	inf
SRX016998	TFs and others	BRF1	Uterus	HeLa	343	11/483	0/49	-0.214309	-0.0305956	inf
SRX016999	TFs and others	BRF2	Uterus	HeLa	228	11/483	0/49	-0.214309	-0.0305956	inf
SRX017706	TFs and others	HDAC6	Blood	CD4+ T cells	56	11/483	0/49	-0.214309	-0.0305956	inf
SRX017877	TFs and others	RELA	Blood	GM15510	766	11/483	0/49	-0.214309	-0.0305956	inf
SRX017883	TFs and others	RELA	Blood	GM12892	505	11/483	0/49	-0.214309	-0.0305956	inf
SRX018651	TFs and others	pFM2	Muscle	RD	109	11/483	0/49	-0.214309	-0.0305956	inf
SRX020766	TFs and others	TP53	Bone	U2OS	658	11/483	0/49	-0.214309	-0.0305956	inf
SRX022566	TFs and others	AR	Prostate	22Rv1	25	11/483	0/49	-0.214309	-0.0305956	inf
SRX022567	TFs and others	AR	Prostate	LNCAP	47	11/483	0/49	-0.214309	-0.0305956	inf
SRX022569	TFs and others	AR	Prostate	LNCAP	441	11/483	0/49	-0.214309	-0.0305956	inf
SRX022571	TFs and others	AR	Prostate	VCaP	51	11/483	0/49	-0.214309	-0.0305956	inf
SRX023662	TFs and others	GFP	Uterus	HeLa	381	11/483	0/49	-0.214309	-0.0305956	inf
SRX026531	TFs and others	ESR1	Breast	T-47D	343	11/483	0/49	-0.214309	-0.0305956	inf
SRX026534	TFs and others	ESR1	Uterus	Ishikawa	453	11/483	0/49	-0.214309	-0.0305956	inf
SRX026535	TFs and others	ESR1	Uterus	ECC-1	213	11/483	0/49	-0.214309	-0.0305956	inf
SRX026637	TFs and others	RUNX1T1	Blood	Kasumi-1	277	11/483	0/49	-0.214309	-0.0305956	inf
SRX026652	TFs and others	MethylCap	Blood	Acute myeloid leukemia	455	11/483	0/49	-0.214309	-0.0305956	inf
SRX027271	TFs and others	SMARCA4	Uterus	HeLa	194	11/483	0/49	-0.214309	-0.0305956	inf
SRX027904	TFs and others	NR3C1	Uterus	HeLa	178	11/483	0/49	-0.214309	-0.0305956	inf
SRX047083	TFs and others	MED12	Prostate	LNCAP	30	11/483	0/49	-0.214309	-0.0305956	inf
SRX055353	TFs and others	CBX3	Digestive tract	HCT 116	195	11/483	0/49	-0.214309	-0.0305956	inf
SRX055354	TFs and others	CBX3	Digestive tract	HCT 116	317	11/483	0/49	-0.214309	-0.0305956	inf
SRX060812	TFs and others	EP300	Breast	MCF-7	287	11/483	0/49	-0.214309	-0.0305956	inf
SRX064491	TFs and others	SMAD3	Pluripotent stem cell	hESC derived mesendodermal cells	740	11/483	0/49	-0.214309	-0.0305956	inf
SRX064492	TFs and others	SMAD4	Pluripotent stem cell	hESC derived mesendodermal cells	1895	11/483	0/49	-0.214309	-0.0305956	inf
SRX084527	TFs and others	Epitope tags	Prostate	RWPE-1	64	11/483	0/49	-0.214309	-0.0305956	inf
SRX095386	TFs and others	Epitope tags	Uterus	HeLa	314	11/483	0/49	-0.214309	-0.0305956	inf
SRX097109	TFs and others	GATA2	Blood	K-562	68	11/483	0/49	-0.214309	-0.0305956	inf
SRX099628	TFs and others	EP300	Cardiovascular	Heart	92	11/483	0/49	-0.214309	-0.0305956	inf
SRX10119379	TFs and others	STAT3	Breast	MCF 10A	478	11/483	0/49	-0.214309	-0.0305956	inf
SRX10120399	TFs and others	ATF4	Liver	Hep G2	2284	11/483	0/49	-0.214309	-0.0305956	inf
SRX10120406	TFs and others	Epitope tags	Liver	Hep G2	294	11/483	0/49	-0.214309	-0.0305956	inf
SRX10120410	TFs and others	TRIB3	Liver	Hep G2	441	11/483	0/49	-0.214309	-0.0305956	inf
SRX1012651	TFs and others	PGR	Breast	MCF-7	138	11/483	0/49	-0.214309	-0.0305956	inf
SRX1012676	TFs and others	ESR1	Breast	T-47D	647	11/483	0/49	-0.214309	-0.0305956	inf
SRX1012686	TFs and others	ESR1	Breast	MCF-7	707	11/483	0/49	-0.214309	-0.0305956	inf
SRX1012714	TFs and others	PGR	Breast	T-47D	3076	11/483	0/49	-0.214309	-0.0305956	inf
SRX1012721	TFs and others	PGR	Breast	T-47D	2112	11/483	0/49	-0.214309	-0.0305956	inf
SRX10131678	TFs and others	MLLT3	Lung	Bronchial tracheal epithelial cells	645	11/483	0/49	-0.214309	-0.0305956	inf
SRX10131679	TFs and others	MLLT3	Lung	Bronchial tracheal epithelial cells	552	11/483	0/49	-0.214309	-0.0305956	inf
SRX10131680	TFs and others	MLLT1	Lung	Bronchial tracheal epithelial cells	466	11/483	0/49	-0.214309	-0.0305956	inf
SRX10365516	TFs and others	RAC1	Breast	MCF-7	1768	11/483	0/49	-0.214309	-0.0305956	inf
SRX10365524	TFs and others	ESR1	Breast	MDA-MB-231	2734	11/483	0/49	-0.214309	-0.0305956	inf
SRX10365538	TFs and others	RAC1	Breast	MCF-7	815	11/483	0/49	-0.214309	-0.0305956	inf
SRX10365546	TFs and others	NCOA3	Breast	MCF-7	2540	11/483	0/49	-0.214309	-0.0305956	inf
SRX10365549	TFs and others	NCOA3	Breast	MCF-7	1360	11/483	0/49	-0.214309	-0.0305956	inf
SRX10382407	TFs and others	DNMT3A	Pluripotent stem cell	hESC H1	325	11/483	0/49	-0.214309	-0.0305956	inf
SRX10382408	TFs and others	DNMT3B	Pluripotent stem cell	hESC H1	282	11/483	0/49	-0.214309	-0.0305956	inf
SRX10382409	TFs and others	DNMT3B	Pluripotent stem cell	hESC H1	387	11/483	0/49	-0.214309	-0.0305956	inf
SRX10382422	TFs and others	DNMT3A	Pluripotent stem cell	hESC H1	237	11/483	0/49	-0.214309	-0.0305956	inf
SRX10382423	TFs and others	DNMT3A	Pluripotent stem cell	hESC H1	357	11/483	0/49	-0.214309	-0.0305956	inf
SRX10382431	TFs and others	DNMT3B	Pluripotent stem cell	hESC H1	544	11/483	0/49	-0.214309	-0.0305956	inf
SRX1046555	TFs and others	RAG1	Blood	Thymus	139	11/483	0/49	-0.214309	-0.0305956	inf
SRX1053934	TFs and others	HDAC2	Pluripotent stem cell	iPS cells	53	11/483	0/49	-0.214309	-0.0305956	inf
SRX1053968	TFs and others	HDAC2	Pluripotent stem cell	iPS cells	48	11/483	0/49	-0.214309	-0.0305956	inf
SRX1053991	TFs and others	HDAC2	Pluripotent stem cell	iPS cells	83	11/483	0/49	-0.214309	-0.0305956	inf
SRX1056333	TFs and others	NR3C2	Unclassified	Unclassified	399	11/483	0/49	-0.214309	-0.0305956	inf
SRX1056334	TFs and others	NR3C2	Unclassified	Unclassified	380	11/483	0/49	-0.214309	-0.0305956	inf
SRX1070164	TFs and others	PIAS1	Breast	MDA-MB-453	350	11/483	0/49	-0.214309	-0.0305956	inf
SRX107285	TFs and others	DUX4	Muscle	Myoblasts	150	11/483	0/49	-0.214309	-0.0305956	inf
SRX10756459	TFs and others	TUBG1	Bone	U2OS	69	11/483	0/49	-0.214309	-0.0305956	inf
SRX10756460	TFs and others	TUBG1	Bone	U2OS	97	11/483	0/49	-0.214309	-0.0305956	inf
SRX10756462	TFs and others	PCNA	Bone	U2OS	83	11/483	0/49	-0.214309	-0.0305956	inf
SRX10756463	TFs and others	FOXM1	Bone	U2OS	100	11/483	0/49	-0.214309	-0.0305956	inf
SRX10756465	TFs and others	MCM5	Bone	U2OS	127	11/483	0/49	-0.214309	-0.0305956	inf
SRX10756469	TFs and others	TUBG1	Bone	U2OS	101	11/483	0/49	-0.214309	-0.0305956	inf
SRX10756470	TFs and others	TUBG1	Bone	U2OS	101	11/483	0/49	-0.214309	-0.0305956	inf
SRX10756472	TFs and others	PCNA	Bone	U2OS	164	11/483	0/49	-0.214309	-0.0305956	inf
SRX10756473	TFs and others	FOXM1	Bone	U2OS	132	11/483	0/49	-0.214309	-0.0305956	inf
SRX10756474	TFs and others	FOXM1	Bone	U2OS	140	11/483	0/49	-0.214309	-0.0305956	inf
SRX10756479	TFs and others	TUBG1	Bone	U2OS	88	11/483	0/49	-0.214309	-0.0305956	inf
SRX10756482	TFs and others	PCNA	Bone	U2OS	72	11/483	0/49	-0.214309	-0.0305956	inf
SRX10756483	TFs and others	FOXM1	Bone	U2OS	115	11/483	0/49	-0.214309	-0.0305956	inf
SRX10756484	TFs and others	FOXM1	Bone	U2OS	114	11/483	0/49	-0.214309	-0.0305956	inf
SRX10756485	TFs and others	MCM5	Bone	U2OS	111	11/483	0/49	-0.214309	-0.0305956	inf
SRX10756486	TFs and others	MCM5	Bone	U2OS	109	11/483	0/49	-0.214309	-0.0305956	inf
SRX10756490	TFs and others	TUBG1	Bone	U2OS	115	11/483	0/49	-0.214309	-0.0305956	inf
SRX10756491	TFs and others	PCNA	Bone	U2OS	97	11/483	0/49	-0.214309	-0.0305956	inf
SRX10756492	TFs and others	PCNA	Bone	U2OS	71	11/483	0/49	-0.214309	-0.0305956	inf
SRX10756496	TFs and others	MCM5	Bone	U2OS	121	11/483	0/49	-0.214309	-0.0305956	inf
SRX10756500	TFs and others	TUBG1	Bone	U2OS	156	11/483	0/49	-0.214309	-0.0305956	inf
SRX10756501	TFs and others	PCNA	Bone	U2OS	95	11/483	0/49	-0.214309	-0.0305956	inf
SRX10756505	TFs and others	TUBG1	Bone	U2OS	105	11/483	0/49	-0.214309	-0.0305956	inf
SRX10756506	TFs and others	TUBG1	Bone	U2OS	104	11/483	0/49	-0.214309	-0.0305956	inf
SRX10756507	TFs and others	PCNA	Bone	U2OS	79	11/483	0/49	-0.214309	-0.0305956	inf
SRX10756508	TFs and others	PCNA	Bone	U2OS	74	11/483	0/49	-0.214309	-0.0305956	inf
SRX10756512	TFs and others	TUBG1	Bone	U2OS	141	11/483	0/49	-0.214309	-0.0305956	inf
SRX10756513	TFs and others	PCNA	Bone	U2OS	81	11/483	0/49	-0.214309	-0.0305956	inf
SRX10756514	TFs and others	PCNA	Bone	U2OS	86	11/483	0/49	-0.214309	-0.0305956	inf
SRX10756517	TFs and others	TUBG1	Bone	U2OS	111	11/483	0/49	-0.214309	-0.0305956	inf
SRX10756518	TFs and others	TUBG1	Bone	U2OS	114	11/483	0/49	-0.214309	-0.0305956	inf
SRX10756520	TFs and others	PCNA	Bone	U2OS	94	11/483	0/49	-0.214309	-0.0305956	inf
SRX10913935	TFs and others	EN1	Epidermis	Dermal fibroblast	412	11/483	0/49	-0.214309	-0.0305956	inf
SRX10913941	TFs and others	EN1	Epidermis	Dermal fibroblast	357	11/483	0/49	-0.214309	-0.0305956	inf
SRX10913947	TFs and others	EN1	Epidermis	Dermal fibroblast	310	11/483	0/49	-0.214309	-0.0305956	inf
SRX1091816	TFs and others	CTCF	Blood	K-562	354	11/483	0/49	-0.214309	-0.0305956	inf
SRX1094498	TFs and others	BRD4	Unclassified	Unclassified	244	11/483	0/49	-0.214309	-0.0305956	inf
SRX1094506	TFs and others	BRD4	Others	TC-797	125	11/483	0/49	-0.214309	-0.0305956	inf
SRX11078135	TFs and others	RNF2	Kidney	293	484	11/483	0/49	-0.214309	-0.0305956	inf
SRX11110957	TFs and others	HDAC1	Breast	MCF-7	523	11/483	0/49	-0.214309	-0.0305956	inf
SRX1112995	TFs and others	MAP1LC3B	Lung	IMR-90	748	11/483	0/49	-0.214309	-0.0305956	inf
SRX1116230	TFs and others	PROX1	Cardiovascular	HUVEC	395	11/483	0/49	-0.214309	-0.0305956	inf
SRX11196941	TFs and others	TBP	Kidney	293	580	11/483	0/49	-0.214309	-0.0305956	inf
SRX11196942	TFs and others	TBP	Kidney	293	334	11/483	0/49	-0.214309	-0.0305956	inf
SRX1123848	TFs and others	SMARCC1	Kidney	G-401	382	11/483	0/49	-0.214309	-0.0305956	inf
SRX1123849	TFs and others	SMARCA4	Kidney	G-401	352	11/483	0/49	-0.214309	-0.0305956	inf
SRX1131601	TFs and others	SUZ12	Pluripotent stem cell	NCCIT	225	11/483	0/49	-0.214309	-0.0305956	inf
SRX114606	TFs and others	KSHV LANA	Blood	BCBL1	84	11/483	0/49	-0.214309	-0.0305956	inf
SRX115966	TFs and others	ESR1	Breast	MCF-7	602	11/483	0/49	-0.214309	-0.0305956	inf
SRX115969	TFs and others	ESR1	Breast	MCF-7	649	11/483	0/49	-0.214309	-0.0305956	inf
SRX1161194	TFs and others	NR3C1	Breast	T-47D	303	11/483	0/49	-0.214309	-0.0305956	inf
SRX116415	TFs and others	CBX8	Blood	K-562	311	11/483	0/49	-0.214309	-0.0305956	inf
SRX1167099	TFs and others	5-mC	Kidney	293	373	11/483	0/49	-0.214309	-0.0305956	inf
SRX1167101	TFs and others	5-hmC	Kidney	293	395	11/483	0/49	-0.214309	-0.0305956	inf
SRX1183809	TFs and others	AR	Prostate	C4-2	325	11/483	0/49	-0.214309	-0.0305956	inf
SRX11969041	TFs and others	BRD4	Epidermis	Keratinocytes	930	11/483	0/49	-0.214309	-0.0305956	inf
SRX11969042	TFs and others	BRD4	Epidermis	Keratinocytes	668	11/483	0/49	-0.214309	-0.0305956	inf
SRX1206075	TFs and others	XRN2	Kidney	293	382	11/483	0/49	-0.214309	-0.0305956	inf
SRX1213823	TFs and others	WDR5	Blood	RS4-11	86	11/483	0/49	-0.214309	-0.0305956	inf
SRX1213824	TFs and others	WDR5	Blood	THP-1	349	11/483	0/49	-0.214309	-0.0305956	inf
SRX1225022	TFs and others	LEF1	Uterus	RL95-2	270	11/483	0/49	-0.214309	-0.0305956	inf
SRX1261525	TFs and others	SMC3	Blood	TF-1	678	11/483	0/49	-0.214309	-0.0305956	inf
SRX1272802	TFs and others	BRD4	Adipocyte	COLO 320	558	11/483	0/49	-0.214309	-0.0305956	inf
SRX130092	TFs and others	SMC1A	Pluripotent stem cell	hESC BG03	2239	11/483	0/49	-0.214309	-0.0305956	inf
SRX1334492	TFs and others	AR	Prostate	LNCAP	24850	11/483	0/49	-0.214309	-0.0305956	inf
SRX1397396	TFs and others	GATA1	Blood	CD34+	3544	11/483	0/49	-0.214309	-0.0305956	inf
SRX1429050	TFs and others	PARP1	Kidney	293	52	11/483	0/49	-0.214309	-0.0305956	inf
SRX1445367	TFs and others	SMAD3	Pluripotent stem cell	hESC H1	474	11/483	0/49	-0.214309	-0.0305956	inf
SRX1445369	TFs and others	SMAD3	Pluripotent stem cell	hESC H1	594	11/483	0/49	-0.214309	-0.0305956	inf
SRX144722	TFs and others	BrdU	Uterus	HeLa	723	11/483	0/49	-0.214309	-0.0305956	inf
SRX1457741	TFs and others	Epitope tags	Kidney	293	801	11/483	0/49	-0.214309	-0.0305956	inf
SRX1491921	TFs and others	Epitope tags	Blood	Lymphoblastoid cell line	761	11/483	0/49	-0.214309	-0.0305956	inf
SRX149703	TFs and others	SCML2	Kidney	293	290	11/483	0/49	-0.214309	-0.0305956	inf
SRX149708	TFs and others	BMI1	Kidney	293	197	11/483	0/49	-0.214309	-0.0305956	inf
SRX150109	TFs and others	SNAPC5	Lung	IMR-90	716	11/483	0/49	-0.214309	-0.0305956	inf
SRX150111	TFs and others	POU2F1	Uterus	HeLa	386	11/483	0/49	-0.214309	-0.0305956	inf
SRX150494	TFs and others	KAT2A	Blood	GM12878	495	11/483	0/49	-0.214309	-0.0305956	inf
SRX150565	TFs and others	BDP1	Uterus	HeLa	768	11/483	0/49	-0.214309	-0.0305956	inf
SRX150590	TFs and others	SMARCA4	Uterus	HeLa	193	11/483	0/49	-0.214309	-0.0305956	inf
SRX1514945	TFs and others	GFP	Kidney	293	340	11/483	0/49	-0.214309	-0.0305956	inf
SRX1514947	TFs and others	GFP	Kidney	293	369	11/483	0/49	-0.214309	-0.0305956	inf
SRX1514968	TFs and others	GFP	Kidney	293	965	11/483	0/49	-0.214309	-0.0305956	inf
SRX1514978	TFs and others	GFP	Kidney	293	186	11/483	0/49	-0.214309	-0.0305956	inf
SRX1514995	TFs and others	GFP	Kidney	293	689	11/483	0/49	-0.214309	-0.0305956	inf
SRX1515012	TFs and others	GFP	Kidney	293	1965	11/483	0/49	-0.214309	-0.0305956	inf
SRX1515017	TFs and others	GFP	Kidney	293	322	11/483	0/49	-0.214309	-0.0305956	inf
SRX1515026	TFs and others	GFP	Kidney	293	336	11/483	0/49	-0.214309	-0.0305956	inf
SRX1515031	TFs and others	GFP	Kidney	293	3031	11/483	0/49	-0.214309	-0.0305956	inf
SRX1515039	TFs and others	GFP	Kidney	293	346	11/483	0/49	-0.214309	-0.0305956	inf
SRX1515049	TFs and others	GFP	Kidney	293	371	11/483	0/49	-0.214309	-0.0305956	inf
SRX1515074	TFs and others	GFP	Kidney	293	396	11/483	0/49	-0.214309	-0.0305956	inf
SRX151946	TFs and others	IRF5	Blood	PBMC	106	11/483	0/49	-0.214309	-0.0305956	inf
SRX151948	TFs and others	STAT4	Blood	PBMC	167	11/483	0/49	-0.214309	-0.0305956	inf
SRX151950	TFs and others	STAT4	Blood	PBMC	189	11/483	0/49	-0.214309	-0.0305956	inf
SRX1542106	TFs and others	SRPK2	Breast	MCF 10A	121	11/483	0/49	-0.214309	-0.0305956	inf
SRX155742	TFs and others	HSF1	Digestive tract	HCT-15	227	11/483	0/49	-0.214309	-0.0305956	inf
SRX155767	TFs and others	HSF1	Breast	Breast cancer cells	271	11/483	0/49	-0.214309	-0.0305956	inf
SRX155776	TFs and others	HSF1	Digestive tract	Colon cancer	93	11/483	0/49	-0.214309	-0.0305956	inf
SRX1560784	TFs and others	BRD4	Gonad	OVCAR-3	144	11/483	0/49	-0.214309	-0.0305956	inf
SRX156112	TFs and others	DNMT3B	Pluripotent stem cell	NCCIT	350	11/483	0/49	-0.214309	-0.0305956	inf
SRX156119	TFs and others	DNMT3A	Pluripotent stem cell	NCCIT	268	11/483	0/49	-0.214309	-0.0305956	inf
SRX156120	TFs and others	DNMT3B	Pluripotent stem cell	NCCIT	287	11/483	0/49	-0.214309	-0.0305956	inf
SRX1569778	TFs and others	POU2F1	Prostate	VCaP	886	11/483	0/49	-0.214309	-0.0305956	inf
SRX158109	TFs and others	TCF12	Blood	RPMI 8402	2693	11/483	0/49	-0.214309	-0.0305956	inf
SRX1585812	TFs and others	ISL1	Liver	HuH-7	754	11/483	0/49	-0.214309	-0.0305956	inf
SRX159094	TFs and others	FOXA1	Liver	HuH-7	211	11/483	0/49	-0.214309	-0.0305956	inf
SRX160739	TFs and others	EZH2	Prostate	LNCAP	167	11/483	0/49	-0.214309	-0.0305956	inf
SRX1629249	TFs and others	AR	Prostate	VCaP	1215	11/483	0/49	-0.214309	-0.0305956	inf
SRX1670479	TFs and others	RBPJ	Others	Tumor	385	11/483	0/49	-0.214309	-0.0305956	inf
SRX170377	TFs and others	CBX1	Kidney	293	166	11/483	0/49	-0.214309	-0.0305956	inf
SRX1707570	TFs and others	TCF7L1	Pluripotent stem cell	hESC H9	107	11/483	0/49	-0.214309	-0.0305956	inf
SRX1733714	TFs and others	ESR1	Breast	MCF-7	433	11/483	0/49	-0.214309	-0.0305956	inf
SRX1735803	TFs and others	Epitope tags	Blood	MOLM-13	457	11/483	0/49	-0.214309	-0.0305956	inf
SRX1745725	TFs and others	FOXA1	Uterus	Endometrial Stromal Tumors	391	11/483	0/49	-0.214309	-0.0305956	inf
SRX1758488	TFs and others	Epitope tags	Breast	MCF-7	520	11/483	0/49	-0.214309	-0.0305956	inf
SRX176865	TFs and others	GATA3	Breast	MCF-7	1939	11/483	0/49	-0.214309	-0.0305956	inf
SRX176886	TFs and others	ESR1	Breast	ZR-75-1	1083	11/483	0/49	-0.214309	-0.0305956	inf
SRX1813578	TFs and others	POU5F1	Pluripotent stem cell	iPS cells	24	11/483	0/49	-0.214309	-0.0305956	inf
SRX181452	TFs and others	EZH2	Blood	SU-DHL-6	165	11/483	0/49	-0.214309	-0.0305956	inf
SRX1823815	TFs and others	TEAD1	Bone	Osteoblasts	56	11/483	0/49	-0.214309	-0.0305956	inf
SRX1823816	TFs and others	TEAD1	Bone	Osteoblasts	73	11/483	0/49	-0.214309	-0.0305956	inf
SRX1829874	TFs and others	MED1	Epidermis	A-375	261	11/483	0/49	-0.214309	-0.0305956	inf
SRX1829877	TFs and others	MED1	Epidermis	A-375	275	11/483	0/49	-0.214309	-0.0305956	inf
SRX1835124	TFs and others	ERG	Prostate	RWPE-1	461	11/483	0/49	-0.214309	-0.0305956	inf
SRX186830	TFs and others	ESR1	Breast	Breast cancer	319	11/483	0/49	-0.214309	-0.0305956	inf
SRX1879750	TFs and others	Cyclobutane pyrimidine dimers	Epidermis	VH10	100	11/483	0/49	-0.214309	-0.0305956	inf
SRX1885190	TFs and others	PIAS1	Prostate	LNCAP	5035	11/483	0/49	-0.214309	-0.0305956	inf
SRX1885194	TFs and others	PIAS1	Prostate	LNCAP	5571	11/483	0/49	-0.214309	-0.0305956	inf
SRX188853	TFs and others	Epitope tags	Uterus	HeLa	1133	11/483	0/49	-0.214309	-0.0305956	inf
SRX189722	TFs and others	EP300	Cardiovascular	HUVEC	496	11/483	0/49	-0.214309	-0.0305956	inf
SRX1920486	TFs and others	STAT5A	Blood	Memory T cells	228	11/483	0/49	-0.214309	-0.0305956	inf
SRX1936520	TFs and others	SMARCA4	Breast	T-47D	737	11/483	0/49	-0.214309	-0.0305956	inf
SRX1936521	TFs and others	SMARCA4	Breast	T-47D	586	11/483	0/49	-0.214309	-0.0305956	inf
SRX194192	TFs and others	TET3	Kidney	293	120	11/483	0/49	-0.214309	-0.0305956	inf
SRX1967779	TFs and others	SMC1A	Epidermis	Keratinocytes	592	11/483	0/49	-0.214309	-0.0305956	inf
SRX1993434	TFs and others	ZSCAN5B	Kidney	293	251	11/483	0/49	-0.214309	-0.0305956	inf
SRX1995221	TFs and others	ESR1	Breast	MCF-7	72	11/483	0/49	-0.214309	-0.0305956	inf
SRX1995227	TFs and others	LMNB1	Breast	MCF-7	145	11/483	0/49	-0.214309	-0.0305956	inf
SRX1998400	TFs and others	MAPK1	Muscle	Rhabdomyosarcoma	558	11/483	0/49	-0.214309	-0.0305956	inf
SRX2009508	TFs and others	BRD2	Neural	SF8628	875	11/483	0/49	-0.214309	-0.0305956	inf
SRX2009526	TFs and others	EZH2	Neural	Diffuse intrinsic pontine glioma	696	11/483	0/49	-0.214309	-0.0305956	inf
SRX2010844	TFs and others	JUND	Lung	Calu-3	876	11/483	0/49	-0.214309	-0.0305956	inf
SRX204180	TFs and others	PIAS4	Lung	WI-38	1256	11/483	0/49	-0.214309	-0.0305956	inf
SRX204414	TFs and others	MED1	Blood	P493-6	480	11/483	0/49	-0.214309	-0.0305956	inf
SRX208485	TFs and others	TP53	Lung	IMR-90	2556	11/483	0/49	-0.214309	-0.0305956	inf
SRX208486	TFs and others	TP53	Lung	IMR-90	1712	11/483	0/49	-0.214309	-0.0305956	inf
SRX210703	TFs and others	Epitope tags	Uterus	HeLa	4900	11/483	0/49	-0.214309	-0.0305956	inf
SRX212359	TFs and others	HIF1A	Blood	Macrophages	369	11/483	0/49	-0.214309	-0.0305956	inf
SRX212360	TFs and others	HIF1A	Blood	Macrophages	492	11/483	0/49	-0.214309	-0.0305956	inf
SRX212446	TFs and others	FOXP3	Blood	Treg	246	11/483	0/49	-0.214309	-0.0305956	inf
SRX2140289	TFs and others	AR	Prostate	LNCAP	541	11/483	0/49	-0.214309	-0.0305956	inf
SRX2144104	TFs and others	MYC	Neural	U-87 MG	369	11/483	0/49	-0.214309	-0.0305956	inf
SRX2207917	TFs and others	ATF3	Epidermis	CS1AN	339	11/483	0/49	-0.214309	-0.0305956	inf
SRX2207923	TFs and others	MDM2	Epidermis	CS1AN	976	11/483	0/49	-0.214309	-0.0305956	inf
SRX2210487	TFs and others	ASCL1	Unclassified	Unclassified	541	11/483	0/49	-0.214309	-0.0305956	inf
SRX2210489	TFs and others	ASCL1	Unclassified	Unclassified	1396	11/483	0/49	-0.214309	-0.0305956	inf
SRX2210490	TFs and others	ASCL1	Unclassified	Unclassified	1253	11/483	0/49	-0.214309	-0.0305956	inf
SRX2253223	TFs and others	CD74	Blood	B cells	394	11/483	0/49	-0.214309	-0.0305956	inf
SRX2255896	TFs and others	Epitope tags	Kidney	293	1060	11/483	0/49	-0.214309	-0.0305956	inf
SRX2255899	TFs and others	RELA	Kidney	293	599	11/483	0/49	-0.214309	-0.0305956	inf
SRX2319758	TFs and others	VDR	Blood	THP-1	237	11/483	0/49	-0.214309	-0.0305956	inf
SRX2323866	TFs and others	KMT2A	Kidney	293	427	11/483	0/49	-0.214309	-0.0305956	inf
SRX2323894	TFs and others	KMT2A	Kidney	293	359	11/483	0/49	-0.214309	-0.0305956	inf
SRX2349631	TFs and others	LMNB1	Blood	BL-2	200	11/483	0/49	-0.214309	-0.0305956	inf
SRX2353649	TFs and others	AR	Prostate	LNCAP	1000	11/483	0/49	-0.214309	-0.0305956	inf
SRX2353653	TFs and others	AR	Prostate	LNCAP	1147	11/483	0/49	-0.214309	-0.0305956	inf
SRX2355075	TFs and others	NFE2L2	Cardiovascular	HAEC	260	11/483	0/49	-0.214309	-0.0305956	inf
SRX2368884	TFs and others	GATA4	Epidermis	BJ	1891	11/483	0/49	-0.214309	-0.0305956	inf
SRX2375365	TFs and others	AFF4	Blood	MV-4-11	559	11/483	0/49	-0.214309	-0.0305956	inf
SRX2378692	TFs and others	AHRR	Breast	MCF-7	515	11/483	0/49	-0.214309	-0.0305956	inf
SRX2442523	TFs and others	CUX1	Blood	K-562	332	11/483	0/49	-0.214309	-0.0305956	inf
SRX2464017	TFs and others	EP300	Blood	CD8+ T cells	336	11/483	0/49	-0.214309	-0.0305956	inf
SRX248894	TFs and others	SFPQ	Prostate	LNCAP	254	11/483	0/49	-0.214309	-0.0305956	inf
SRX248895	TFs and others	SFPQ	Prostate	LNCAP	258	11/483	0/49	-0.214309	-0.0305956	inf
SRX2511892	TFs and others	KAT2B	Digestive tract	HCT 116	556	11/483	0/49	-0.214309	-0.0305956	inf
SRX2513056	TFs and others	MEN1	Breast	T-47D	1396	11/483	0/49	-0.214309	-0.0305956	inf
SRX2513057	TFs and others	MEN1	Breast	MCF 10A	1164	11/483	0/49	-0.214309	-0.0305956	inf
SRX2514370	TFs and others	GFP	Uterus	HeLa	3790	11/483	0/49	-0.214309	-0.0305956	inf
SRX2529721	TFs and others	Epitope tags	Pluripotent stem cell	hESC H1	37955	11/483	0/49	-0.214309	-0.0305956	inf
SRX2529722	TFs and others	Epitope tags	Pluripotent stem cell	hESC H1	544	11/483	0/49	-0.214309	-0.0305956	inf
SRX2541229	TFs and others	AR	Prostate	Prostate cancer cells	449	11/483	0/49	-0.214309	-0.0305956	inf
SRX254620	TFs and others	RCOR1	Uterus	HeLa	319	11/483	0/49	-0.214309	-0.0305956	inf
SRX257000	TFs and others	RELA	Blood	Lymphoblastoid cell line	346	11/483	0/49	-0.214309	-0.0305956	inf
SRX2614803	TFs and others	DNMT3B	Blood	B Lymphoblastoid cell line	532	11/483	0/49	-0.214309	-0.0305956	inf
SRX2662146	TFs and others	SMARCE1	Breast	HMLE	98	11/483	0/49	-0.214309	-0.0305956	inf
SRX2708753	TFs and others	Biotin	Pluripotent stem cell	hES BG01V	142	11/483	0/49	-0.214309	-0.0305956	inf
SRX2749136	TFs and others	ARNT	Kidney	786-O	211	11/483	0/49	-0.214309	-0.0305956	inf
SRX275506	TFs and others	TP53	Bone	U2OS	226	11/483	0/49	-0.214309	-0.0305956	inf
SRX2770850	TFs and others	MAF	Blood	Macrophages	17267	11/483	0/49	-0.214309	-0.0305956	inf
SRX2793571	TFs and others	LMNA	Prostate	PrEC	448	11/483	0/49	-0.214309	-0.0305956	inf
SRX2841999	TFs and others	NUP153	Blood	K-562	619	11/483	0/49	-0.214309	-0.0305956	inf
SRX285744	TFs and others	HOXB7	Breast	BT-474	150	11/483	0/49	-0.214309	-0.0305956	inf
SRX2871371	TFs and others	Epitope tags	Breast	T-47D	715	11/483	0/49	-0.214309	-0.0305956	inf
SRX2881009	TFs and others	ESR1	Breast	MCF-7	1574	11/483	0/49	-0.214309	-0.0305956	inf
SRX2897207	TFs and others	ESR1	Breast	Breast cancer cells	896	11/483	0/49	-0.214309	-0.0305956	inf
SRX2897222	TFs and others	ESR1	Breast	Breast cancer cells	626	11/483	0/49	-0.214309	-0.0305956	inf
SRX2897223	TFs and others	ESR1	Breast	Breast cancer cells	703	11/483	0/49	-0.214309	-0.0305956	inf
SRX2897225	TFs and others	ESR1	Breast	Breast cancer cells	552	11/483	0/49	-0.214309	-0.0305956	inf
SRX2897230	TFs and others	ESR1	Breast	Breast cancer cells	876	11/483	0/49	-0.214309	-0.0305956	inf
SRX2900592	TFs and others	NCOA2	Blood	THP-1	820	11/483	0/49	-0.214309	-0.0305956	inf
SRX2924013	TFs and others	TP53	Breast	MCF-7	2193	11/483	0/49	-0.214309	-0.0305956	inf
SRX2924016	TFs and others	TP53	Breast	MCF-7	1201	11/483	0/49	-0.214309	-0.0305956	inf
SRX2940749	TFs and others	TP53	Kidney	A498	266	11/483	0/49	-0.214309	-0.0305956	inf
SRX2940760	TFs and others	TP53	Unclassified	Unclassified	381	11/483	0/49	-0.214309	-0.0305956	inf
SRX2982412	TFs and others	FOXA1	Uterus	Ishikawa	93	11/483	0/49	-0.214309	-0.0305956	inf
SRX2993674	TFs and others	NR5A1	Pluripotent stem cell	hESC H9	145	11/483	0/49	-0.214309	-0.0305956	inf
SRX3011700	TFs and others	MED12	Breast	MCF-7	109	11/483	0/49	-0.214309	-0.0305956	inf
SRX3080239	TFs and others	BRD4	Breast	MDA-MB-231	536	11/483	0/49	-0.214309	-0.0305956	inf
SRX3080240	TFs and others	BRD4	Breast	MDA-MB-231	527	11/483	0/49	-0.214309	-0.0305956	inf
SRX3080243	TFs and others	BRD4	Breast	MDA-MB-231	450	11/483	0/49	-0.214309	-0.0305956	inf
SRX3080247	TFs and others	BRD4	Breast	MDA-MB-231	493	11/483	0/49	-0.214309	-0.0305956	inf
SRX3080248	TFs and others	BRD4	Breast	MDA-MB-231	591	11/483	0/49	-0.214309	-0.0305956	inf
SRX3098199	TFs and others	CEBPA	Blood	Kasumi-1	714	11/483	0/49	-0.214309	-0.0305956	inf
SRX3103112	TFs and others	SIRT6	Epidermis	L-C-B	591	11/483	0/49	-0.214309	-0.0305956	inf
SRX3110727	TFs and others	ESR1	Breast	MCF-7	422	11/483	0/49	-0.214309	-0.0305956	inf
SRX3113421	TFs and others	MAF1	Blood	THP-1	122	11/483	0/49	-0.214309	-0.0305956	inf
SRX3124418	TFs and others	BRD4	Neural	KELLY	1343	11/483	0/49	-0.214309	-0.0305956	inf
SRX3148638	TFs and others	EZH2	Lung	HBEC3-KT	526	11/483	0/49	-0.214309	-0.0305956	inf
SRX3203623	TFs and others	MPHOSPH8	Pluripotent stem cell	ES cells	1109	11/483	0/49	-0.214309	-0.0305956	inf
SRX3229184	TFs and others	NR3C1	Breast	Breast cancer	293	11/483	0/49	-0.214309	-0.0305956	inf
SRX3229185	TFs and others	NR3C1	Breast	Breast cancer	443	11/483	0/49	-0.214309	-0.0305956	inf
SRX3244993	TFs and others	CEBPB	Blood	Macrophages	3705	11/483	0/49	-0.214309	-0.0305956	inf
SRX3263402	TFs and others	CEBPB	Blood	OCI-AML3	777	11/483	0/49	-0.214309	-0.0305956	inf
SRX3265286	TFs and others	KDM1A	Breast	MDA-MB-231	559	11/483	0/49	-0.214309	-0.0305956	inf
SRX326881	TFs and others	ERG	Prostate	VCaP	769	11/483	0/49	-0.214309	-0.0305956	inf
SRX326889	TFs and others	ERG	Blood	Jurkat	481	11/483	0/49	-0.214309	-0.0305956	inf
SRX3271009	TFs and others	KDM1A	Pluripotent stem cell	hESC derived pancreatic cells	2246	11/483	0/49	-0.214309	-0.0305956	inf
SRX3285553	TFs and others	ESR1	Breast	C49R	1917	11/483	0/49	-0.214309	-0.0305956	inf
SRX3287166	TFs and others	SMC3	Uterus	HeLa	1175	11/483	0/49	-0.214309	-0.0305956	inf
SRX3287173	TFs and others	SMC3	Uterus	HeLa	579	11/483	0/49	-0.214309	-0.0305956	inf
SRX3287175	TFs and others	SMC3	Uterus	HeLa	1182	11/483	0/49	-0.214309	-0.0305956	inf
SRX3288978	TFs and others	IRF3	Lung	Bronchial tracheal epithelial cells	55	11/483	0/49	-0.214309	-0.0305956	inf
SRX329083	TFs and others	BCL10	Lung	IMR-90	939	11/483	0/49	-0.214309	-0.0305956	inf
SRX3324957	TFs and others	CREBBP	Lung	IMR-90	798	11/483	0/49	-0.214309	-0.0305956	inf
SRX3324963	TFs and others	EP300	Lung	IMR-90	797	11/483	0/49	-0.214309	-0.0305956	inf
SRX334236	TFs and others	AR	Unclassified	Unclassified	5664	11/483	0/49	-0.214309	-0.0305956	inf
SRX3366987	TFs and others	AR	Prostate	LNCAP	1084	11/483	0/49	-0.214309	-0.0305956	inf
SRX338979	TFs and others	ERCC6	Others	Fibroblasts	718	11/483	0/49	-0.214309	-0.0305956	inf
SRX3413112	TFs and others	SIRT7	Blood	K-562	601	11/483	0/49	-0.214309	-0.0305956	inf
SRX342211	TFs and others	BRD4	Kidney	293	229	11/483	0/49	-0.214309	-0.0305956	inf
SRX3422677	TFs and others	MYC	Kidney	293	480	11/483	0/49	-0.214309	-0.0305956	inf
SRX3437424	TFs and others	CTCF	Uterus	HeLa	993	11/483	0/49	-0.214309	-0.0305956	inf
SRX3441735	TFs and others	GATA2	Pluripotent stem cell	iPS derived cells	244	11/483	0/49	-0.214309	-0.0305956	inf
SRX3445683	TFs and others	GATA1	Blood	K-562	1188	11/483	0/49	-0.214309	-0.0305956	inf
SRX3445805	TFs and others	RUVBL1	Liver	Hep G2	246	11/483	0/49	-0.214309	-0.0305956	inf
SRX3472385	TFs and others	KDM6A	Pluripotent stem cell	hESC H9	447	11/483	0/49	-0.214309	-0.0305956	inf
SRX3517811	TFs and others	KDM1A	Lung	A549	483	11/483	0/49	-0.214309	-0.0305956	inf
SRX3517822	TFs and others	NR3C1	Lung	A549	572	11/483	0/49	-0.214309	-0.0305956	inf
SRX3520285	TFs and others	ATR	Digestive tract	HCT 116	703	11/483	0/49	-0.214309	-0.0305956	inf
SRX3541096	TFs and others	ESR1	Breast	MCF-7	644	11/483	0/49	-0.214309	-0.0305956	inf
SRX3541104	TFs and others	ESR1	Breast	MCF-7	857	11/483	0/49	-0.214309	-0.0305956	inf
SRX3541112	TFs and others	SUMO2	Breast	MCF-7	853	11/483	0/49	-0.214309	-0.0305956	inf
SRX3541113	TFs and others	SUMO2	Breast	MCF-7	815	11/483	0/49	-0.214309	-0.0305956	inf
SRX3541115	TFs and others	SUMO2	Breast	MCF-7	789	11/483	0/49	-0.214309	-0.0305956	inf
SRX3545884	TFs and others	SMARCC1	Blood	Peripheral blood mononuclear cells	464	11/483	0/49	-0.214309	-0.0305956	inf
SRX3586325	TFs and others	NR3C1	Blood	Monocytes	717	11/483	0/49	-0.214309	-0.0305956	inf
SRX3586327	TFs and others	NR3C1	Blood	Monocytes	1044	11/483	0/49	-0.214309	-0.0305956	inf
SRX3587645	TFs and others	MYC	Kidney	G-401	1137	11/483	0/49	-0.214309	-0.0305956	inf
SRX3589918	TFs and others	STAG1	Breast	MCF 10A	866	11/483	0/49	-0.214309	-0.0305956	inf
SRX3589922	TFs and others	STAG1	Breast	MCF 10A	371	11/483	0/49	-0.214309	-0.0305956	inf
SRX359816	TFs and others	ATF7	Digestive tract	LoVo	265	11/483	0/49	-0.214309	-0.0305956	inf
SRX359828	TFs and others	FOXF1	Digestive tract	LoVo	49	11/483	0/49	-0.214309	-0.0305956	inf
SRX359844	TFs and others	HOXB5	Digestive tract	LoVo	227	11/483	0/49	-0.214309	-0.0305956	inf
SRX359846	TFs and others	HOXD13	Digestive tract	LoVo	224	11/483	0/49	-0.214309	-0.0305956	inf
SRX359848	TFs and others	HOXD9	Digestive tract	LoVo	222	11/483	0/49	-0.214309	-0.0305956	inf
SRX359849	TFs and others	ID4	Digestive tract	LoVo	142	11/483	0/49	-0.214309	-0.0305956	inf
SRX359890	TFs and others	HHEX	Digestive tract	LoVo	312	11/483	0/49	-0.214309	-0.0305956	inf
SRX359893	TFs and others	HOXA5	Digestive tract	LoVo	67	11/483	0/49	-0.214309	-0.0305956	inf
SRX359900	TFs and others	KLF11	Digestive tract	LoVo	207	11/483	0/49	-0.214309	-0.0305956	inf
SRX359912	TFs and others	NR2E3	Digestive tract	LoVo	74	11/483	0/49	-0.214309	-0.0305956	inf
SRX359915	TFs and others	PPARG	Digestive tract	LoVo	395	11/483	0/49	-0.214309	-0.0305956	inf
SRX3599296	TFs and others	ERG	Cardiovascular	HUVEC	324	11/483	0/49	-0.214309	-0.0305956	inf
SRX3599318	TFs and others	EP300	Cardiovascular	HUVEC	492	11/483	0/49	-0.214309	-0.0305956	inf
SRX3599321	TFs and others	EZH2	Cardiovascular	HUVEC	441	11/483	0/49	-0.214309	-0.0305956	inf
SRX3599323	TFs and others	EZH2	Cardiovascular	HUVEC	401	11/483	0/49	-0.214309	-0.0305956	inf
SRX359959	TFs and others	STAT5A	Digestive tract	LoVo	326	11/483	0/49	-0.214309	-0.0305956	inf
SRX359996	TFs and others	ELF4	Digestive tract	LoVo	441	11/483	0/49	-0.214309	-0.0305956	inf
SRX359997	TFs and others	FOSL1	Digestive tract	LoVo	319	11/483	0/49	-0.214309	-0.0305956	inf
SRX359998	TFs and others	FOXC1	Digestive tract	LoVo	199	11/483	0/49	-0.214309	-0.0305956	inf
SRX360032	TFs and others	PCF11	Digestive tract	LoVo	34	11/483	0/49	-0.214309	-0.0305956	inf
SRX360040	TFs and others	SNAPC4	Digestive tract	LoVo	307	11/483	0/49	-0.214309	-0.0305956	inf
SRX360594	TFs and others	RFX2	Digestive tract	GP5d	51	11/483	0/49	-0.214309	-0.0305956	inf
SRX361884	TFs and others	KLF5	Digestive tract	LoVo	211	11/483	0/49	-0.214309	-0.0305956	inf
SRX3629604	TFs and others	ESR1	Breast	MCF-7	4186	11/483	0/49	-0.214309	-0.0305956	inf
SRX3630660	TFs and others	FOXO3	Pluripotent stem cell	iPS derived neural cells	323	11/483	0/49	-0.214309	-0.0305956	inf
SRX3630663	TFs and others	FOXO3	Pluripotent stem cell	iPS derived neural cells	359	11/483	0/49	-0.214309	-0.0305956	inf
SRX3630665	TFs and others	FOXO3	Pluripotent stem cell	iPS derived neural cells	352	11/483	0/49	-0.214309	-0.0305956	inf
SRX3630670	TFs and others	FOXO3	Pluripotent stem cell	iPS derived neural cells	40	11/483	0/49	-0.214309	-0.0305956	inf
SRX3630673	TFs and others	FOXO3	Pluripotent stem cell	iPS derived neural cells	315	11/483	0/49	-0.214309	-0.0305956	inf
SRX3630677	TFs and others	FOXO3	Pluripotent stem cell	iPS derived neural cells	35	11/483	0/49	-0.214309	-0.0305956	inf
SRX3630679	TFs and others	FOXO3	Pluripotent stem cell	iPS derived neural cells	602	11/483	0/49	-0.214309	-0.0305956	inf
SRX3630815	TFs and others	NR3C1	Uterus	Ishikawa	1531	11/483	0/49	-0.214309	-0.0305956	inf
SRX367636	TFs and others	KLF5	Digestive tract	YCC-3	484	11/483	0/49	-0.214309	-0.0305956	inf
SRX3679645	TFs and others	Epitope tags	Gonad	TOV-21G	524	11/483	0/49	-0.214309	-0.0305956	inf
SRX3679900	TFs and others	KMT2D	Epidermis	Keratinocytes	898	11/483	0/49	-0.214309	-0.0305956	inf
SRX3679902	TFs and others	KMT2D	Epidermis	Keratinocytes	696	11/483	0/49	-0.214309	-0.0305956	inf
SRX3679904	TFs and others	KMT2D	Epidermis	Keratinocytes	694	11/483	0/49	-0.214309	-0.0305956	inf
SRX3679906	TFs and others	TP63	Epidermis	Keratinocytes	802	11/483	0/49	-0.214309	-0.0305956	inf
SRX3739733	TFs and others	Epitope tags	Others	B-CPAP	147	11/483	0/49	-0.214309	-0.0305956	inf
SRX3781814	TFs and others	Epitope tags	Digestive tract	HCT 116	922	11/483	0/49	-0.214309	-0.0305956	inf
SRX3862452	TFs and others	GATA3	Breast	T-47D	321	11/483	0/49	-0.214309	-0.0305956	inf
SRX3862458	TFs and others	GATA3	Breast	T-47D	301	11/483	0/49	-0.214309	-0.0305956	inf
SRX386757	TFs and others	SMARCC1	Breast	MCF-7	49	11/483	0/49	-0.214309	-0.0305956	inf
SRX3885581	TFs and others	SF3B1	Uterus	HeLa	560	11/483	0/49	-0.214309	-0.0305956	inf
SRX3944342	TFs and others	BRD4	Digestive tract	Gastrointestinal Stromal Tumors	810	11/483	0/49	-0.214309	-0.0305956	inf
SRX3944788	TFs and others	Epitope tags	Lung	HS-SY-II	1081	11/483	0/49	-0.214309	-0.0305956	inf
SRX3962719	TFs and others	TP53	Digestive tract	HCT 116	257	11/483	0/49	-0.214309	-0.0305956	inf
SRX396278	TFs and others	EZH2	Kidney	293	389	11/483	0/49	-0.214309	-0.0305956	inf
SRX396589	TFs and others	CBX7	Epidermis	Hs 68	306	11/483	0/49	-0.214309	-0.0305956	inf
SRX396590	TFs and others	CBX8	Epidermis	Hs 68	323	11/483	0/49	-0.214309	-0.0305956	inf
SRX396834	TFs and others	Epitope tags	Digestive tract	DLD-1	692	11/483	0/49	-0.214309	-0.0305956	inf
SRX4001966	TFs and others	RELA	Blood	THP-1	417	11/483	0/49	-0.214309	-0.0305956	inf
SRX4017879	TFs and others	TP63	Breast	Breast organoids	768	11/483	0/49	-0.214309	-0.0305956	inf
SRX4017881	TFs and others	TP63	Breast	Breast organoids	616	11/483	0/49	-0.214309	-0.0305956	inf
SRX4017883	TFs and others	TP63	Breast	Breast organoids	965	11/483	0/49	-0.214309	-0.0305956	inf
SRX4017884	TFs and others	TP63	Breast	Breast organoids	926	11/483	0/49	-0.214309	-0.0305956	inf
SRX4042145	TFs and others	TOP2B	Blood	KG-1	846	11/483	0/49	-0.214309	-0.0305956	inf
SRX4062879	TFs and others	AR	Prostate	LNCAP	885	11/483	0/49	-0.214309	-0.0305956	inf
SRX4062880	TFs and others	AR	Prostate	LNCAP	843	11/483	0/49	-0.214309	-0.0305956	inf
SRX4062881	TFs and others	AR	Prostate	LNCAP	786	11/483	0/49	-0.214309	-0.0305956	inf
SRX4062882	TFs and others	AR	Prostate	LNCAP	760	11/483	0/49	-0.214309	-0.0305956	inf
SRX4065343	TFs and others	SOX9	Pluripotent stem cell	hESC derived retinal cells	304	11/483	0/49	-0.214309	-0.0305956	inf
SRX4065345	TFs and others	SOX9	Pluripotent stem cell	hESC derived retinal cells	217	11/483	0/49	-0.214309	-0.0305956	inf
SRX4096862	TFs and others	GATAD2A	Breast	HCC3153	361	11/483	0/49	-0.214309	-0.0305956	inf
SRX4096863	TFs and others	GATAD2A	Breast	HCC3153	740	11/483	0/49	-0.214309	-0.0305956	inf
SRX4096864	TFs and others	GATAD2A	Breast	HCC3153	397	11/483	0/49	-0.214309	-0.0305956	inf
SRX4096870	TFs and others	GATAD2B	Breast	HCC3153	529	11/483	0/49	-0.214309	-0.0305956	inf
SRX4099651	TFs and others	Epitope tags	Blood	Kasumi-1	344	11/483	0/49	-0.214309	-0.0305956	inf
SRX4107930	TFs and others	SKP2	Digestive tract	HCT 116	23825	11/483	0/49	-0.214309	-0.0305956	inf
SRX4115984	TFs and others	AR	Prostate	LNCAP	25666	11/483	0/49	-0.214309	-0.0305956	inf
SRX4155648	TFs and others	CTCFL	Neural	KELLY	1076	11/483	0/49	-0.214309	-0.0305956	inf
SRX4155649	TFs and others	CTCFL	Neural	KELLY	1009	11/483	0/49	-0.214309	-0.0305956	inf
SRX4155657	TFs and others	CTCFL	Neural	KELLY	1072	11/483	0/49	-0.214309	-0.0305956	inf
SRX4171347	TFs and others	Epitope tags	Pluripotent stem cell	hESC H1	781	11/483	0/49	-0.214309	-0.0305956	inf
SRX4172738	TFs and others	GATA1	Digestive tract	HCT 116	785	11/483	0/49	-0.214309	-0.0305956	inf
SRX4172741	TFs and others	GATA1	Digestive tract	HCT 116	707	11/483	0/49	-0.214309	-0.0305956	inf
SRX4221467	TFs and others	Epitope tags	Kidney	293	556	11/483	0/49	-0.214309	-0.0305956	inf
SRX423004	TFs and others	PARP1	Breast	T-47D	700	11/483	0/49	-0.214309	-0.0305956	inf
SRX4288471	TFs and others	CTCF	Blood	Lymphoblastoid cell line	7566	11/483	0/49	-0.214309	-0.0305956	inf
SRX4301475	TFs and others	RELA	Uterus	HeLa	808	11/483	0/49	-0.214309	-0.0305956	inf
SRX4345366	TFs and others	NFKB1	Blood	CD4+ T cells	841	11/483	0/49	-0.214309	-0.0305956	inf
SRX4393714	TFs and others	CBFB	Blood	ME-1	207	11/483	0/49	-0.214309	-0.0305956	inf
SRX4394214	TFs and others	HDGF2	Muscle	Myotube	480	11/483	0/49	-0.214309	-0.0305956	inf
SRX4394222	TFs and others	PSIP1	Muscle	Myotube	417	11/483	0/49	-0.214309	-0.0305956	inf
SRX4397526	TFs and others	KMT2D	Pluripotent stem cell	NT2-D1	237	11/483	0/49	-0.214309	-0.0305956	inf
SRX4400345	TFs and others	ATF4	Digestive tract	DLD-1	970	11/483	0/49	-0.214309	-0.0305956	inf
SRX4400348	TFs and others	MYC	Digestive tract	DLD-1	642	11/483	0/49	-0.214309	-0.0305956	inf
SRX4415493	TFs and others	HAT1	Kidney	hTERT-HME1	520	11/483	0/49	-0.214309	-0.0305956	inf
SRX4417542	TFs and others	MECP2	Pluripotent stem cell	hESC derived neural cells	194	11/483	0/49	-0.214309	-0.0305956	inf
SRX4473681	TFs and others	SS18	Gonad	BIN-67	515	11/483	0/49	-0.214309	-0.0305956	inf
SRX4561220	TFs and others	ANAPC1	Breast	MCF-7	1138	11/483	0/49	-0.214309	-0.0305956	inf
SRX4599904	TFs and others	EZH2	Kidney	293	398	11/483	0/49	-0.214309	-0.0305956	inf
SRX4599907	TFs and others	EZH2	Kidney	293	390	11/483	0/49	-0.214309	-0.0305956	inf
SRX4599909	TFs and others	EZH2	Kidney	293	450	11/483	0/49	-0.214309	-0.0305956	inf
SRX4599930	TFs and others	Epitope tags	Kidney	293	295	11/483	0/49	-0.214309	-0.0305956	inf
SRX4599958	TFs and others	Epitope tags	Kidney	293	479	11/483	0/49	-0.214309	-0.0305956	inf
SRX4643714	TFs and others	MAPK14	Blood	K-562	231	11/483	0/49	-0.214309	-0.0305956	inf
SRX4650947	TFs and others	RNF2	Kidney	293	587	11/483	0/49	-0.214309	-0.0305956	inf
SRX4650952	TFs and others	RNF2	Kidney	293	306	11/483	0/49	-0.214309	-0.0305956	inf
SRX4663584	TFs and others	ESR1	Breast	MCF-7	3487	11/483	0/49	-0.214309	-0.0305956	inf
SRX4708064	TFs and others	SRSF7	Blood	K-562	192	11/483	0/49	-0.214309	-0.0305956	inf
SRX4711140	TFs and others	LMNB1	Adipocyte	Adipose stem cells	973	11/483	0/49	-0.214309	-0.0305956	inf
SRX4711141	TFs and others	LMNB1	Adipocyte	Adipose stem cells	1005	11/483	0/49	-0.214309	-0.0305956	inf
SRX471212	TFs and others	MBD2	Breast	MCF-7	294	11/483	0/49	-0.214309	-0.0305956	inf
SRX4714452	TFs and others	BDP1	Breast	T-47D	660	11/483	0/49	-0.214309	-0.0305956	inf
SRX4714455	TFs and others	GTF3C2	Breast	T-47D	2531	11/483	0/49	-0.214309	-0.0305956	inf
SRX4714460	TFs and others	BDP1	Breast	MCF 10A	579	11/483	0/49	-0.214309	-0.0305956	inf
SRX4739461	TFs and others	PTEN	Uterus	HeLa	1211	11/483	0/49	-0.214309	-0.0305956	inf
SRX475776	TFs and others	REST	Blood	GM12878	3411	11/483	0/49	-0.214309	-0.0305956	inf
SRX475778	TFs and others	REST	Blood	GM12878	3101	11/483	0/49	-0.214309	-0.0305956	inf
SRX475784	TFs and others	REST	Blood	GM12878	4230	11/483	0/49	-0.214309	-0.0305956	inf
SRX475788	TFs and others	REST	Blood	GM12878	2714	11/483	0/49	-0.214309	-0.0305956	inf
SRX4781482	TFs and others	BRD3	Blood	Chronic myeloid leukemia	268	11/483	0/49	-0.214309	-0.0305956	inf
SRX4781490	TFs and others	BRD3	Blood	Acute myeloid leukemia	166	11/483	0/49	-0.214309	-0.0305956	inf
SRX4781494	TFs and others	BRD3	Blood	Acute myeloid leukemia	192	11/483	0/49	-0.214309	-0.0305956	inf
SRX4783081	TFs and others	AR	Prostate	Prostate cancer cells	207	11/483	0/49	-0.214309	-0.0305956	inf
SRX4783082	TFs and others	AR	Prostate	Prostate cancer cells	338	11/483	0/49	-0.214309	-0.0305956	inf
SRX4783085	TFs and others	AR	Prostate	Prostate cancer cells	209	11/483	0/49	-0.214309	-0.0305956	inf
SRX4802314	TFs and others	HIF1A	Kidney	HKC8	127	11/483	0/49	-0.214309	-0.0305956	inf
SRX490430	TFs and others	BRD4	Breast	MCF-7	379	11/483	0/49	-0.214309	-0.0305956	inf
SRX4909433	TFs and others	MTA2	Breast	HCC3153	522	11/483	0/49	-0.214309	-0.0305956	inf
SRX4909434	TFs and others	MTA2	Breast	HCC3153	287	11/483	0/49	-0.214309	-0.0305956	inf
SRX4931274	TFs and others	ELL2	Blood	SEM	437	11/483	0/49	-0.214309	-0.0305956	inf
SRX4931277	TFs and others	ELL2	Blood	SEM	553	11/483	0/49	-0.214309	-0.0305956	inf
SRX4937348	TFs and others	MED16	Digestive tract	HCT 116	263	11/483	0/49	-0.214309	-0.0305956	inf
SRX4937349	TFs and others	MED16	Digestive tract	HCT 116	623	11/483	0/49	-0.214309	-0.0305956	inf
SRX4937362	TFs and others	USP22	Digestive tract	HCT 116	199	11/483	0/49	-0.214309	-0.0305956	inf
SRX4941329	TFs and others	XBP1	Prostate	LNCAP	371	11/483	0/49	-0.214309	-0.0305956	inf
SRX4957970	TFs and others	TERF1	Kidney	293	117	11/483	0/49	-0.214309	-0.0305956	inf
SRX4957972	TFs and others	TERF2	Kidney	293	149	11/483	0/49	-0.214309	-0.0305956	inf
SRX4964897	TFs and others	ISL1	Digestive tract	SGC-7901	452	11/483	0/49	-0.214309	-0.0305956	inf
SRX4988302	TFs and others	SVS-1	Lung	A549	2018	11/483	0/49	-0.214309	-0.0305956	inf
SRX5020208	TFs and others	SMARCA2	Neural	Neural progenitor cells	147	11/483	0/49	-0.214309	-0.0305956	inf
SRX503338	TFs and others	KSHV LANA	Blood	BJAB	502	11/483	0/49	-0.214309	-0.0305956	inf
SRX503341	TFs and others	KSHV LANA	Blood	BCBL1	445	11/483	0/49	-0.214309	-0.0305956	inf
SRX5057607	TFs and others	Epitope tags	Breast	T-47D	305	11/483	0/49	-0.214309	-0.0305956	inf
SRX5057609	TFs and others	GATA3	Breast	T-47D	295	11/483	0/49	-0.214309	-0.0305956	inf
SRX5060887	TFs and others	AR	Prostate	LNCAP	672	11/483	0/49	-0.214309	-0.0305956	inf
SRX5060889	TFs and others	AR	Prostate	LNCAP	443	11/483	0/49	-0.214309	-0.0305956	inf
SRX5077401	TFs and others	BRD4	Liver	Hep G2	521	11/483	0/49	-0.214309	-0.0305956	inf
SRX5089384	TFs and others	ARID1A	Breast	MCF-7	406	11/483	0/49	-0.214309	-0.0305956	inf
SRX5089501	TFs and others	HDAC1	Breast	MCF-7	362	11/483	0/49	-0.214309	-0.0305956	inf
SRX5089518	TFs and others	SMARCA4	Breast	MCF-7	416	11/483	0/49	-0.214309	-0.0305956	inf
SRX5089519	TFs and others	SMARCA4	Breast	MCF-7	332	11/483	0/49	-0.214309	-0.0305956	inf
SRX5089529	TFs and others	SMARCA4	Breast	MCF-7	654	11/483	0/49	-0.214309	-0.0305956	inf
SRX5089535	TFs and others	ARID2	Breast	MCF-7	1071	11/483	0/49	-0.214309	-0.0305956	inf
SRX5089539	TFs and others	ARID2	Breast	MCF-7	395	11/483	0/49	-0.214309	-0.0305956	inf
SRX5089541	TFs and others	ARID2	Breast	MCF-7	368	11/483	0/49	-0.214309	-0.0305956	inf
SRX5089542	TFs and others	ARID2	Breast	MCF-7	361	11/483	0/49	-0.214309	-0.0305956	inf
SRX5089544	TFs and others	ARID2	Breast	MCF-7	434	11/483	0/49	-0.214309	-0.0305956	inf
SRX5089547	TFs and others	ARID2	Breast	MCF-7	374	11/483	0/49	-0.214309	-0.0305956	inf
SRX5089784	TFs and others	SATB1	Breast	MCF 10A	15302	11/483	0/49	-0.214309	-0.0305956	inf
SRX5124832	TFs and others	FOXA1	Prostate	LNCAP	1035	11/483	0/49	-0.214309	-0.0305956	inf
SRX5157154	TFs and others	CEBPA	Blood	THP-1	6071	11/483	0/49	-0.214309	-0.0305956	inf
SRX5157160	TFs and others	CEBPA	Blood	THP-1	8404	11/483	0/49	-0.214309	-0.0305956	inf
SRX5162247	TFs and others	CREBBP	Placenta	Cytotrophoblast	193	11/483	0/49	-0.214309	-0.0305956	inf
SRX5162254	TFs and others	HDAC1	Placenta	Cytotrophoblast	234	11/483	0/49	-0.214309	-0.0305956	inf
SRX5163341	TFs and others	SOD1	Uterus	HeLa	125	11/483	0/49	-0.214309	-0.0305956	inf
SRX5163343	TFs and others	SOD1	Uterus	HeLa	127	11/483	0/49	-0.214309	-0.0305956	inf
SRX5167217	TFs and others	CHD4	Blood	Nuclear cells	570	11/483	0/49	-0.214309	-0.0305956	inf
SRX5172072	TFs and others	ESR1	Breast	MCF-7	334	11/483	0/49	-0.214309	-0.0305956	inf
SRX518668	TFs and others	BATF	Blood	OCI-LY-3	583	11/483	0/49	-0.214309	-0.0305956	inf
SRX518676	TFs and others	SPI1	Blood	OCI-LY-10	1803	11/483	0/49	-0.214309	-0.0305956	inf
SRX5195710	TFs and others	ARID1A	Uterus	Endometrial epithelial cells	773	11/483	0/49	-0.214309	-0.0305956	inf
SRX5202468	TFs and others	UBE3A	Pluripotent stem cell	hESC H9	550	11/483	0/49	-0.214309	-0.0305956	inf
SRX5204040	TFs and others	PRMT3	Others	Mesenchymal stem cells	199	11/483	0/49	-0.214309	-0.0305956	inf
SRX5250886	TFs and others	TP53	Digestive tract	HCT 116	318	11/483	0/49	-0.214309	-0.0305956	inf
SRX5251424	TFs and others	ESR1	Breast	T-47D	366	11/483	0/49	-0.214309	-0.0305956	inf
SRX5251427	TFs and others	ESR1	Breast	T-47D	475	11/483	0/49	-0.214309	-0.0305956	inf
SRX5255096	TFs and others	CDK9	Kidney	293	819	11/483	0/49	-0.214309	-0.0305956	inf
SRX5255097	TFs and others	CDK9	Kidney	293	713	11/483	0/49	-0.214309	-0.0305956	inf
SRX5255098	TFs and others	CDK9	Kidney	293	811	11/483	0/49	-0.214309	-0.0305956	inf
SRX5257602	TFs and others	GATA2	Prostate	VCaP	2143	11/483	0/49	-0.214309	-0.0305956	inf
SRX5257606	TFs and others	GATA2	Prostate	VCaP	16744	11/483	0/49	-0.214309	-0.0305956	inf
SRX527873	TFs and others	Epitope tags	Kidney	293	229	11/483	0/49	-0.214309	-0.0305956	inf
SRX527881	TFs and others	Epitope tags	Kidney	293	197	11/483	0/49	-0.214309	-0.0305956	inf
SRX527882	TFs and others	Epitope tags	Kidney	293	156	11/483	0/49	-0.214309	-0.0305956	inf
SRX5286320	TFs and others	KLF4	Pluripotent stem cell	ES cells	510	11/483	0/49	-0.214309	-0.0305956	inf
SRX5286332	TFs and others	POU5F1	Pluripotent stem cell	hESC WIBR2	1215	11/483	0/49	-0.214309	-0.0305956	inf
SRX5286336	TFs and others	POU5F1	Pluripotent stem cell	ES cells	700	11/483	0/49	-0.214309	-0.0305956	inf
SRX5286341	TFs and others	SOX2	Pluripotent stem cell	hESC WIBR2	4033	11/483	0/49	-0.214309	-0.0305956	inf
SRX5286344	TFs and others	SOX2	Pluripotent stem cell	hESC WIBR2	2756	11/483	0/49	-0.214309	-0.0305956	inf
SRX5289979	TFs and others	NR3C1	Lung	BEAS-2B	551	11/483	0/49	-0.214309	-0.0305956	inf
SRX5289986	TFs and others	NR3C1	Lung	BEAS-2B	467	11/483	0/49	-0.214309	-0.0305956	inf
SRX5307294	TFs and others	TFAP2C	Pluripotent stem cell	hESC derived epidermal cells	897	11/483	0/49	-0.214309	-0.0305956	inf
SRX530920	TFs and others	YAP1	Gonad	OVCAR-5	72	11/483	0/49	-0.214309	-0.0305956	inf
SRX5323887	TFs and others	STAT3	Breast	T-47D	368	11/483	0/49	-0.214309	-0.0305956	inf
SRX5333212	TFs and others	Epitope tags	Blood	697	662	11/483	0/49	-0.214309	-0.0305956	inf
SRX5346115	TFs and others	Epitope tags	Blood	RAMOS	800	11/483	0/49	-0.214309	-0.0305956	inf
SRX5346136	TFs and others	WDR5	Blood	RAMOS	1005	11/483	0/49	-0.214309	-0.0305956	inf
SRX5371742	TFs and others	RELA	Blood	CD4+ T cells	1001	11/483	0/49	-0.214309	-0.0305956	inf
SRX5391525	TFs and others	MYC	Blood	RAJI	621	11/483	0/49	-0.214309	-0.0305956	inf
SRX5431826	TFs and others	BRAF	Pluripotent stem cell	hESC H1	1446	11/483	0/49	-0.214309	-0.0305956	inf
SRX5444512	TFs and others	KMT2A	Blood	ML-2	219	11/483	0/49	-0.214309	-0.0305956	inf
SRX5444516	TFs and others	DOT1L	Blood	MOLM-13	239	11/483	0/49	-0.214309	-0.0305956	inf
SRX5444518	TFs and others	MEN1	Blood	MOLM-13	215	11/483	0/49	-0.214309	-0.0305956	inf
SRX5444525	TFs and others	DOT1L	Blood	RS 411	158	11/483	0/49	-0.214309	-0.0305956	inf
SRX5444527	TFs and others	MEN1	Blood	RS 411	180	11/483	0/49	-0.214309	-0.0305956	inf
SRX545943	TFs and others	MBD2	Breast	MCF-7	465	11/483	0/49	-0.214309	-0.0305956	inf
SRX5493747	TFs and others	AR	Breast	Breast cancer cells	411	11/483	0/49	-0.214309	-0.0305956	inf
SRX5493748	TFs and others	AR	Breast	Breast cancer cells	492	11/483	0/49	-0.214309	-0.0305956	inf
SRX5493751	TFs and others	AR	Breast	Breast cancer cells	213	11/483	0/49	-0.214309	-0.0305956	inf
SRX5493766	TFs and others	ESR1	Breast	Breast cancer cells	229	11/483	0/49	-0.214309	-0.0305956	inf
SRX5503140	TFs and others	STAT1	Blood	THP-1	404	11/483	0/49	-0.214309	-0.0305956	inf
SRX5503141	TFs and others	STAT1	Blood	THP-1	290	11/483	0/49	-0.214309	-0.0305956	inf
SRX5511302	TFs and others	ESR1	Breast	MDA-MB-231	325	11/483	0/49	-0.214309	-0.0305956	inf
SRX5556898	TFs and others	LEO1	Kidney	293	150	11/483	0/49	-0.214309	-0.0305956	inf
SRX5567168	TFs and others	RNF2	Blood	Acute myeloid leukemia	202	11/483	0/49	-0.214309	-0.0305956	inf
SRX5567174	TFs and others	EZH2	Blood	ME-1	265	11/483	0/49	-0.214309	-0.0305956	inf
SRX5574444	TFs and others	EN1	Breast	SUM 149PT	728	11/483	0/49	-0.214309	-0.0305956	inf
SRX5600878	TFs and others	ATF4	Neural	Prefrontal Cortex	542	11/483	0/49	-0.214309	-0.0305956	inf
SRX5600879	TFs and others	ATF4	Neural	Prefrontal Cortex	470	11/483	0/49	-0.214309	-0.0305956	inf
SRX5600881	TFs and others	ATF4	Neural	Prefrontal Cortex	325	11/483	0/49	-0.214309	-0.0305956	inf
SRX5600882	TFs and others	ATF4	Neural	Prefrontal Cortex	428	11/483	0/49	-0.214309	-0.0305956	inf
SRX5600884	TFs and others	ATF4	Neural	Prefrontal Cortex	390	11/483	0/49	-0.214309	-0.0305956	inf
SRX5647962	TFs and others	BRD4	Kidney	293	263	11/483	0/49	-0.214309	-0.0305956	inf
SRX5650760	TFs and others	BRD9	Uterus	HeLa	275	11/483	0/49	-0.214309	-0.0305956	inf
SRX5654405	TFs and others	GFP	Liver	Hep G2	609	11/483	0/49	-0.214309	-0.0305956	inf
SRX5662028	TFs and others	JMJD6	Neural	CHP-134	190	11/483	0/49	-0.214309	-0.0305956	inf
SRX5662029	TFs and others	JMJD6	Neural	CHP-134	232	11/483	0/49	-0.214309	-0.0305956	inf
SRX5668133	TFs and others	MEN1	Blood	IMS-M2	267	11/483	0/49	-0.214309	-0.0305956	inf
SRX5673029	TFs and others	TP53	Gonad	A2780	407	11/483	0/49	-0.214309	-0.0305956	inf
SRX5673030	TFs and others	TP53	Gonad	A2780	520	11/483	0/49	-0.214309	-0.0305956	inf
SRX5716459	TFs and others	Epitope tags	Neural	Neural progenitor cells	81	11/483	0/49	-0.214309	-0.0305956	inf
SRX5716460	TFs and others	Epitope tags	Neural	Neural progenitor cells	95	11/483	0/49	-0.214309	-0.0305956	inf
SRX573051	TFs and others	CPSF3L	Uterus	HeLa	376	11/483	0/49	-0.214309	-0.0305956	inf
SRX5803010	TFs and others	POLR2C	Kidney	293	843	11/483	0/49	-0.214309	-0.0305956	inf
SRX5822373	TFs and others	AML1-ETO	Blood	Kasumi-1	1711	11/483	0/49	-0.214309	-0.0305956	inf
SRX5849925	TFs and others	TP53	Lung	A549	217	11/483	0/49	-0.214309	-0.0305956	inf
SRX5849927	TFs and others	TP53	Lung	A549	606	11/483	0/49	-0.214309	-0.0305956	inf
SRX5865969	TFs and others	TP53	Blood	K-562	209	11/483	0/49	-0.214309	-0.0305956	inf
SRX5865971	TFs and others	TP53	Blood	K-562	202	11/483	0/49	-0.214309	-0.0305956	inf
SRX5865973	TFs and others	TP53	Blood	K-562	126	11/483	0/49	-0.214309	-0.0305956	inf
SRX5865982	TFs and others	TP53	Blood	MOLM-13	308	11/483	0/49	-0.214309	-0.0305956	inf
SRX5865985	TFs and others	TP53	Blood	MOLM-13	215	11/483	0/49	-0.214309	-0.0305956	inf
SRX5930120	TFs and others	HDAC3	Blood	Acute myeloid leukemia	183	11/483	0/49	-0.214309	-0.0305956	inf
SRX5930121	TFs and others	HDAC3	Blood	Acute myeloid leukemia	99	11/483	0/49	-0.214309	-0.0305956	inf
SRX5930122	TFs and others	HDAC1	Blood	Acute myeloid leukemia	365	11/483	0/49	-0.214309	-0.0305956	inf
SRX5957535	TFs and others	WDR5	Pluripotent stem cell	hESC H1	79	11/483	0/49	-0.214309	-0.0305956	inf
SRX5974539	TFs and others	TAL1	Blood	K-562	6838	11/483	0/49	-0.214309	-0.0305956	inf
SRX5974562	TFs and others	GATA1	Blood	K-562	4772	11/483	0/49	-0.214309	-0.0305956	inf
SRX5982359	TFs and others	SMARCA2	Lung	A549	570	11/483	0/49	-0.214309	-0.0305956	inf
SRX6058759	TFs and others	PGR	Breast	T-47D	1085	11/483	0/49	-0.214309	-0.0305956	inf
SRX6058764	TFs and others	RAD21	Breast	T-47D	1040	11/483	0/49	-0.214309	-0.0305956	inf
SRX6058766	TFs and others	RAD21	Breast	T-47D	1264	11/483	0/49	-0.214309	-0.0305956	inf
SRX6058768	TFs and others	TOP2A	Breast	T-47D	935	11/483	0/49	-0.214309	-0.0305956	inf
SRX6076675	TFs and others	GATA4	Digestive tract	ESO-26	203	11/483	0/49	-0.214309	-0.0305956	inf
SRX6077665	TFs and others	MEN1	Prostate	PNT1A	777	11/483	0/49	-0.214309	-0.0305956	inf
SRX6077666	TFs and others	MEN1	Prostate	LNCAP	805	11/483	0/49	-0.214309	-0.0305956	inf
SRX608346	TFs and others	GFP	Kidney	293	136	11/483	0/49	-0.214309	-0.0305956	inf
SRX608350	TFs and others	GFP	Uterus	HeLa	320	11/483	0/49	-0.214309	-0.0305956	inf
SRX6093194	TFs and others	Epitope tags	Pluripotent stem cell	hESC derived neural cells	424	11/483	0/49	-0.214309	-0.0305956	inf
SRX6101039	TFs and others	NUTM1	Kidney	293	278	11/483	0/49	-0.214309	-0.0305956	inf
SRX6101040	TFs and others	NUTM1	Kidney	293	349	11/483	0/49	-0.214309	-0.0305956	inf
SRX6367592	TFs and others	NCOR1	Kidney	293	238	11/483	0/49	-0.214309	-0.0305956	inf
SRX6370190	TFs and others	CBX7	Pluripotent stem cell	NT2-D1	1507	11/483	0/49	-0.214309	-0.0305956	inf
SRX6384906	TFs and others	KDM1A	Epidermis	Keratinocytes	793	11/483	0/49	-0.214309	-0.0305956	inf
SRX6433365	TFs and others	TOP2B	Neural	SNB-19	473	11/483	0/49	-0.214309	-0.0305956	inf
SRX6435383	TFs and others	SUPT5H	Kidney	293	130	11/483	0/49	-0.214309	-0.0305956	inf
SRX6435386	TFs and others	SUPT5H	Kidney	293	171	11/483	0/49	-0.214309	-0.0305956	inf
SRX6435387	TFs and others	SUPT5H	Kidney	293	140	11/483	0/49	-0.214309	-0.0305956	inf
SRX644716	TFs and others	SCML2	Kidney	293	274	11/483	0/49	-0.214309	-0.0305956	inf
SRX6473445	TFs and others	Epitope tags	Pluripotent stem cell	hESC derived neural crests	214	11/483	0/49	-0.214309	-0.0305956	inf
SRX647366	TFs and others	ESR1	Breast	MCF 10A	161	11/483	0/49	-0.214309	-0.0305956	inf
SRX647703	TFs and others	TP53	Breast	MCF-7	407	11/483	0/49	-0.214309	-0.0305956	inf
SRX647707	TFs and others	TP53	Breast	BT-549	675	11/483	0/49	-0.214309	-0.0305956	inf
SRX6487061	TFs and others	FOXA1	Breast	MCF-7	877	11/483	0/49	-0.214309	-0.0305956	inf
SRX6487063	TFs and others	FOXA1	Breast	MCF-7	1132	11/483	0/49	-0.214309	-0.0305956	inf
SRX6639038	TFs and others	GTF3C2	Breast	T-47D	753	11/483	0/49	-0.214309	-0.0305956	inf
SRX666592	TFs and others	RBPJ	Epidermis	Dermal fibroblast	854	11/483	0/49	-0.214309	-0.0305956	inf
SRX667403	TFs and others	Epitope tags	Breast	MCF-7	105	11/483	0/49	-0.214309	-0.0305956	inf
SRX6686389	TFs and others	SUZ12	Prostate	DU 145	621	11/483	0/49	-0.214309	-0.0305956	inf
SRX672732	TFs and others	TP53	Digestive tract	HCT 116	247	11/483	0/49	-0.214309	-0.0305956	inf
SRX673709	TFs and others	ESR1	Breast	MCF-7	1605	11/483	0/49	-0.214309	-0.0305956	inf
SRX673716	TFs and others	Biotin	Breast	MCF-7	507	11/483	0/49	-0.214309	-0.0305956	inf
SRX673719	TFs and others	Biotin	Breast	MCF-7	369	11/483	0/49	-0.214309	-0.0305956	inf
SRX6742745	TFs and others	ZNF398	Pluripotent stem cell	hESC H9	180	11/483	0/49	-0.214309	-0.0305956	inf
SRX6743046	TFs and others	AR	Prostate	VCaP	1398	11/483	0/49	-0.214309	-0.0305956	inf
SRX6753910	TFs and others	LMNB1	Pluripotent stem cell	iPS derived cardiac cells	460	11/483	0/49	-0.214309	-0.0305956	inf
SRX6753913	TFs and others	LMNB1	Pluripotent stem cell	iPS derived cardiac cells	497	11/483	0/49	-0.214309	-0.0305956	inf
SRX6753922	TFs and others	LMNB1	Pluripotent stem cell	iPS derived cardiac cells	536	11/483	0/49	-0.214309	-0.0305956	inf
SRX6753925	TFs and others	LMNB1	Pluripotent stem cell	iPS derived cardiac cells	467	11/483	0/49	-0.214309	-0.0305956	inf
SRX6753934	TFs and others	LMNB1	Pluripotent stem cell	iPS derived cardiac cells	468	11/483	0/49	-0.214309	-0.0305956	inf
SRX6753937	TFs and others	LMNB1	Pluripotent stem cell	iPS derived cardiac cells	484	11/483	0/49	-0.214309	-0.0305956	inf
SRX6753949	TFs and others	LMNB1	Pluripotent stem cell	iPS derived cardiac cells	270	11/483	0/49	-0.214309	-0.0305956	inf
SRX6753952	TFs and others	LMNB1	Pluripotent stem cell	iPSC derived hepatocytes	349	11/483	0/49	-0.214309	-0.0305956	inf
SRX6753955	TFs and others	LMNB1	Pluripotent stem cell	iPSC derived hepatocytes	353	11/483	0/49	-0.214309	-0.0305956	inf
SRX6753961	TFs and others	LMNB1	Pluripotent stem cell	iPSC derived hepatocytes	409	11/483	0/49	-0.214309	-0.0305956	inf
SRX6763471	TFs and others	CHD4	Blood	Macrophages	339	11/483	0/49	-0.214309	-0.0305956	inf
SRX6764997	TFs and others	WDR5	Neural	BE(2)-C	907	11/483	0/49	-0.214309	-0.0305956	inf
SRX6764998	TFs and others	WDR5	Neural	BE(2)-C	818	11/483	0/49	-0.214309	-0.0305956	inf
SRX6780856	TFs and others	CRTC1	Neural	Frontal cortex	770	11/483	0/49	-0.214309	-0.0305956	inf
SRX6780864	TFs and others	CREB1	Pluripotent stem cell	iPS derived neural cells	789	11/483	0/49	-0.214309	-0.0305956	inf
SRX6780873	TFs and others	CRTC1	Pluripotent stem cell	iPS derived neural cells	588	11/483	0/49	-0.214309	-0.0305956	inf
SRX680489	TFs and others	AUTS2	Kidney	293	125	11/483	0/49	-0.214309	-0.0305956	inf
SRX6824676	TFs and others	SNAI2	Unclassified	Unclassified	988	11/483	0/49	-0.214309	-0.0305956	inf
SRX6824677	TFs and others	SNAI2	Unclassified	Unclassified	706	11/483	0/49	-0.214309	-0.0305956	inf
SRX6853586	TFs and others	ARNT	Epidermis	SK-MEL-28	137	11/483	0/49	-0.214309	-0.0305956	inf
SRX6853602	TFs and others	ARNT	Kidney	RCC4	145	11/483	0/49	-0.214309	-0.0305956	inf
SRX6860639	TFs and others	RNF2	Breast	T-47D	813	11/483	0/49	-0.214309	-0.0305956	inf
SRX6866209	TFs and others	RXRA	Blood	MKPL-1	682	11/483	0/49	-0.214309	-0.0305956	inf
SRX6896411	TFs and others	RNF2	Breast	T-47D	764	11/483	0/49	-0.214309	-0.0305956	inf
SRX6909703	TFs and others	Epitope tags	Blood	697	464	11/483	0/49	-0.214309	-0.0305956	inf
SRX6911602	TFs and others	ZMYND8	Neural	Glioblastoma	293	11/483	0/49	-0.214309	-0.0305956	inf
SRX6911604	TFs and others	ZMYND8	Neural	Glioblastoma	272	11/483	0/49	-0.214309	-0.0305956	inf
SRX6911606	TFs and others	ZMYND8	Neural	Glioblastoma	166	11/483	0/49	-0.214309	-0.0305956	inf
SRX6911610	TFs and others	ZMYND8	Neural	Glioblastoma	509	11/483	0/49	-0.214309	-0.0305956	inf
SRX6913044	TFs and others	BRD3	Blood	THP-1	170	11/483	0/49	-0.214309	-0.0305956	inf
SRX691802	TFs and others	Epitope tags	Kidney	293	178	11/483	0/49	-0.214309	-0.0305956	inf
SRX6957395	TFs and others	FOXL2	Kidney	HGrC1	334	11/483	0/49	-0.214309	-0.0305956	inf
SRX6957398	TFs and others	SMAD4	Kidney	HGrC1	436	11/483	0/49	-0.214309	-0.0305956	inf
SRX6957409	TFs and others	SMAD4	Kidney	HGrC1	524	11/483	0/49	-0.214309	-0.0305956	inf
SRX6957410	TFs and others	SMAD4	Kidney	HGrC1	779	11/483	0/49	-0.214309	-0.0305956	inf
SRX6957412	TFs and others	SMAD2	Kidney	HGrC1	260	11/483	0/49	-0.214309	-0.0305956	inf
SRX6957490	TFs and others	SMAD4	Kidney	HGrC1	737	11/483	0/49	-0.214309	-0.0305956	inf
SRX6981283	TFs and others	TCF4	Liver	Hepatocellular carcinoma	822	11/483	0/49	-0.214309	-0.0305956	inf
SRX7015635	TFs and others	Epitope tags	Others	Fibroblasts	267	11/483	0/49	-0.214309	-0.0305956	inf
SRX7015645	TFs and others	Epitope tags	Others	Fibroblasts	693	11/483	0/49	-0.214309	-0.0305956	inf
SRX701969	TFs and others	EOMES	Pluripotent stem cell	hESC derived mesendodermal cells	63	11/483	0/49	-0.214309	-0.0305956	inf
SRX701994	TFs and others	GATA4	Pluripotent stem cell	hESC derived mesendodermal cells	660	11/483	0/49	-0.214309	-0.0305956	inf
SRX702154	TFs and others	HAND1	Pluripotent stem cell	hESC HUES64	154	11/483	0/49	-0.214309	-0.0305956	inf
SRX7100372	TFs and others	KDM1A	Digestive tract	SW 480	431	11/483	0/49	-0.214309	-0.0305956	inf
SRX7101365	TFs and others	TEAD1	Breast	Breast cancer cells	414	11/483	0/49	-0.214309	-0.0305956	inf
SRX7121996	TFs and others	SMARCC1	Breast	MCF-7	120	11/483	0/49	-0.214309	-0.0305956	inf
SRX7130718	TFs and others	TP53	Breast	MCF 10A	721	11/483	0/49	-0.214309	-0.0305956	inf
SRX7223845	TFs and others	CTCF	Bone	U2OS	917	11/483	0/49	-0.214309	-0.0305956	inf
SRX7223926	TFs and others	Epitope tags	Pluripotent stem cell	hESC derived neural cells	438	11/483	0/49	-0.214309	-0.0305956	inf
SRX7277181	TFs and others	LMNA	Unclassified	Unclassified	465	11/483	0/49	-0.214309	-0.0305956	inf
SRX7277182	TFs and others	LMNA	Unclassified	Unclassified	521	11/483	0/49	-0.214309	-0.0305956	inf
SRX7277183	TFs and others	LMNA	Unclassified	Unclassified	410	11/483	0/49	-0.214309	-0.0305956	inf
SRX7277185	TFs and others	LMNA	Unclassified	Unclassified	449	11/483	0/49	-0.214309	-0.0305956	inf
SRX7277187	TFs and others	LMNA	Unclassified	Unclassified	554	11/483	0/49	-0.214309	-0.0305956	inf
SRX7277188	TFs and others	LMNA	Unclassified	Unclassified	513	11/483	0/49	-0.214309	-0.0305956	inf
SRX7277189	TFs and others	LMNA	Unclassified	Unclassified	470	11/483	0/49	-0.214309	-0.0305956	inf
SRX7277197	TFs and others	LMNA	Unclassified	Unclassified	431	11/483	0/49	-0.214309	-0.0305956	inf
SRX7277198	TFs and others	LMNA	Unclassified	Unclassified	427	11/483	0/49	-0.214309	-0.0305956	inf
SRX7277199	TFs and others	LMNA	Unclassified	Unclassified	412	11/483	0/49	-0.214309	-0.0305956	inf
SRX728777	TFs and others	PAF1	Blood	THP-1	905	11/483	0/49	-0.214309	-0.0305956	inf
SRX730443	TFs and others	EP300	Breast	MCF-7	276	11/483	0/49	-0.214309	-0.0305956	inf
SRX730452	TFs and others	ESR1	Breast	MCF-7	1057	11/483	0/49	-0.214309	-0.0305956	inf
SRX734341	TFs and others	CHD8	Breast	T-47D	25557	11/483	0/49	-0.214309	-0.0305956	inf
SRX736067	TFs and others	FOXP1	Prostate	LNCAP	2583	11/483	0/49	-0.214309	-0.0305956	inf
SRX7371434	TFs and others	TP53	Pluripotent stem cell	hESC derived endodermal cells	3206	11/483	0/49	-0.214309	-0.0305956	inf
SRX7371435	TFs and others	TP53	Pluripotent stem cell	hESC derived endodermal cells	3490	11/483	0/49	-0.214309	-0.0305956	inf
SRX7371439	TFs and others	TP53	Pluripotent stem cell	hESC derived mesodermal cells	1064	11/483	0/49	-0.214309	-0.0305956	inf
SRX7397471	TFs and others	CEBPB	Blood	U-937	141	11/483	0/49	-0.214309	-0.0305956	inf
SRX7398045	TFs and others	STAT2	Prostate	LNCAP	196	11/483	0/49	-0.214309	-0.0305956	inf
SRX7512711	TFs and others	AR	Prostate	VCaP	1199	11/483	0/49	-0.214309	-0.0305956	inf
SRX7512714	TFs and others	AR	Prostate	VCaP	2119	11/483	0/49	-0.214309	-0.0305956	inf
SRX7522853	TFs and others	BCL9	Breast	MCF10DCIS.com	128	11/483	0/49	-0.214309	-0.0305956	inf
SRX758132	TFs and others	NR3C1	Blood	MM.1S	331	11/483	0/49	-0.214309	-0.0305956	inf
SRX758134	TFs and others	NR3C1	Blood	MM1.RL	351	11/483	0/49	-0.214309	-0.0305956	inf
SRX7587159	TFs and others	FOXO1	Bone	Chondrocytes	488	11/483	0/49	-0.214309	-0.0305956	inf
SRX7624160	TFs and others	NR2F2	Breast	T-47D	528	11/483	0/49	-0.214309	-0.0305956	inf
SRX7625880	TFs and others	HIF1A	Kidney	293	338	11/483	0/49	-0.214309	-0.0305956	inf
SRX7643943	TFs and others	HDAC2	Neural	U-87 MG	387	11/483	0/49	-0.214309	-0.0305956	inf
SRX7668890	TFs and others	EBF1	Digestive tract	AGS	132	11/483	0/49	-0.214309	-0.0305956	inf
SRX7677728	TFs and others	NELFE	Digestive tract	DLD-1	534	11/483	0/49	-0.214309	-0.0305956	inf
SRX7748785	TFs and others	AFF1	Digestive tract	DLD-1	374	11/483	0/49	-0.214309	-0.0305956	inf
SRX7748788	TFs and others	AFF1	Digestive tract	DLD-1	381	11/483	0/49	-0.214309	-0.0305956	inf
SRX7846777	TFs and others	ESR1	Breast	MCF-7	572	11/483	0/49	-0.214309	-0.0305956	inf
SRX7865930	TFs and others	BRD4	Breast	MDA-MB-231	806	11/483	0/49	-0.214309	-0.0305956	inf
SRX7865931	TFs and others	BRD4	Breast	MDA-MB-231	736	11/483	0/49	-0.214309	-0.0305956	inf
SRX7879086	TFs and others	Epitope tags	Breast	MDA-MB-231	815	11/483	0/49	-0.214309	-0.0305956	inf
SRX7884422	TFs and others	MED1	Kidney	WT 9-12	142	11/483	0/49	-0.214309	-0.0305956	inf
SRX7902044	TFs and others	POU5F1	Prostate	DU 145	54	11/483	0/49	-0.214309	-0.0305956	inf
SRX7902048	TFs and others	NFE2L2	Prostate	DU 145	112	11/483	0/49	-0.214309	-0.0305956	inf
SRX7951328	TFs and others	SMARCA4	Lung	NCI-H1944	2062	11/483	0/49	-0.214309	-0.0305956	inf
SRX8064817	TFs and others	E2F1	Blood	Lymphoblastoid cell line	4640	11/483	0/49	-0.214309	-0.0305956	inf
SRX8064824	TFs and others	HDAC2	Blood	Lymphoblastoid cell line	8021	11/483	0/49	-0.214309	-0.0305956	inf
SRX8068086	TFs and others	RUNX1	Blood	NALM-6	330	11/483	0/49	-0.214309	-0.0305956	inf
SRX8068152	TFs and others	RUNX1	Blood	RS4-11	631	11/483	0/49	-0.214309	-0.0305956	inf
SRX8080542	TFs and others	Epitope tags	Breast	Mammary gland ductal carcinoma	279	11/483	0/49	-0.214309	-0.0305956	inf
SRX8089627	TFs and others	BRD4	Prostate	VCaP	304	11/483	0/49	-0.214309	-0.0305956	inf
SRX8089628	TFs and others	BRD4	Prostate	VCaP	386	11/483	0/49	-0.214309	-0.0305956	inf
SRX8155175	TFs and others	MED1	Digestive tract	HCT 116	411	11/483	0/49	-0.214309	-0.0305956	inf
SRX8162317	TFs and others	MEN1	Blood	MOLM-13	179	11/483	0/49	-0.214309	-0.0305956	inf
SRX8162318	TFs and others	MEN1	Blood	MOLM-13	176	11/483	0/49	-0.214309	-0.0305956	inf
SRX8171698	TFs and others	JARID2	Pluripotent stem cell	ES cells	829	11/483	0/49	-0.214309	-0.0305956	inf
SRX8180623	TFs and others	HIF1A	Blood	BC-3	1047	11/483	0/49	-0.214309	-0.0305956	inf
SRX8272750	TFs and others	ESR2	Digestive tract	HT-29	3206	11/483	0/49	-0.214309	-0.0305956	inf
SRX8272751	TFs and others	ESR2	Digestive tract	HT-29	930	11/483	0/49	-0.214309	-0.0305956	inf
SRX8272754	TFs and others	ESR2	Breast	MCF-7	564	11/483	0/49	-0.214309	-0.0305956	inf
SRX8272873	TFs and others	CEBPA	Blood	BLaER1	312	11/483	0/49	-0.214309	-0.0305956	inf
SRX8272879	TFs and others	CEBPA	Blood	BLaER1	315	11/483	0/49	-0.214309	-0.0305956	inf
SRX8379085	TFs and others	SMARCA4	Gonad	BIN-67	157	11/483	0/49	-0.214309	-0.0305956	inf
SRX8379093	TFs and others	SMARCA4	Gonad	BIN-67	173	11/483	0/49	-0.214309	-0.0305956	inf
SRX8406452	TFs and others	AR	Prostate	Prostatic Neoplasms, Castration-Resistant	3265	11/483	0/49	-0.214309	-0.0305956	inf
SRX8418558	TFs and others	AFF1	Blood	Bone Marrow Cells	262	11/483	0/49	-0.214309	-0.0305956	inf
SRX8432558	TFs and others	EZH2	Pluripotent stem cell	iPS cells	258	11/483	0/49	-0.214309	-0.0305956	inf
SRX8432560	TFs and others	EZH2	Pluripotent stem cell	iPS cells	575	11/483	0/49	-0.214309	-0.0305956	inf
SRX8432562	TFs and others	SUZ12	Pluripotent stem cell	iPS cells	350	11/483	0/49	-0.214309	-0.0305956	inf
SRX8432565	TFs and others	SUZ12	Pluripotent stem cell	iPS cells	232	11/483	0/49	-0.214309	-0.0305956	inf
SRX8432567	TFs and others	SUZ12	Pluripotent stem cell	iPS cells	372	11/483	0/49	-0.214309	-0.0305956	inf
SRX8432569	TFs and others	SUZ12	Pluripotent stem cell	iPS cells	285	11/483	0/49	-0.214309	-0.0305956	inf
SRX8432582	TFs and others	EZH2	Pluripotent stem cell	iPS cells	357	11/483	0/49	-0.214309	-0.0305956	inf
SRX8494530	TFs and others	WWTR1	Neural	GBM	466	11/483	0/49	-0.214309	-0.0305956	inf
SRX8510436	TFs and others	ATF4	Pancreas	L3.6	1300	11/483	0/49	-0.214309	-0.0305956	inf
SRX8512551	TFs and others	RELA	Kidney	293	324	11/483	0/49	-0.214309	-0.0305956	inf
SRX8512723	TFs and others	BACH1	Digestive tract	HCT 116	718	11/483	0/49	-0.214309	-0.0305956	inf
SRX8512752	TFs and others	CXXC1	Digestive tract	HCT 116	407	11/483	0/49	-0.214309	-0.0305956	inf
SRX8512771	TFs and others	GTF2H2C	Digestive tract	HCT 116	398	11/483	0/49	-0.214309	-0.0305956	inf
SRX8512779	TFs and others	HSF1	Digestive tract	HCT 116	299	11/483	0/49	-0.214309	-0.0305956	inf
SRX8512821	TFs and others	NRF1	Digestive tract	HCT 116	271	11/483	0/49	-0.214309	-0.0305956	inf
SRX8512873	TFs and others	TEAD4	Digestive tract	HCT 116	147	11/483	0/49	-0.214309	-0.0305956	inf
SRX8512876	TFs and others	WHSC1	Digestive tract	HCT 116	293	11/483	0/49	-0.214309	-0.0305956	inf
SRX8536088	TFs and others	RUNX1	Blood	CD34+	1788	11/483	0/49	-0.214309	-0.0305956	inf
SRX8564264	TFs and others	SMARCA4	Others	12Z	665	11/483	0/49	-0.214309	-0.0305956	inf
SRX8616860	TFs and others	JUND	Lung	A549	202	11/483	0/49	-0.214309	-0.0305956	inf
SRX8664952	TFs and others	ATF4	Blood	HUDEP-2	831	11/483	0/49	-0.214309	-0.0305956	inf
SRX8664953	TFs and others	ATF4	Blood	HUDEP-2	1098	11/483	0/49	-0.214309	-0.0305956	inf
SRX8664954	TFs and others	ATF4	Blood	HUDEP-2	509	11/483	0/49	-0.214309	-0.0305956	inf
SRX8664961	TFs and others	ATF4	Blood	Erythroblasts	485	11/483	0/49	-0.214309	-0.0305956	inf
SRX8670135	TFs and others	ASCL1	Neural	SH-SY5Y	214	11/483	0/49	-0.214309	-0.0305956	inf
SRX8716242	TFs and others	AGO1	Breast	MCF-7	1070	11/483	0/49	-0.214309	-0.0305956	inf
SRX8716243	TFs and others	AGO1	Breast	MCF-7	800	11/483	0/49	-0.214309	-0.0305956	inf
SRX8716245	TFs and others	AGO1	Breast	MCF-7	1187	11/483	0/49	-0.214309	-0.0305956	inf
SRX8806011	TFs and others	ZNF410	Blood	CD34+	578	11/483	0/49	-0.214309	-0.0305956	inf
SRX8814999	TFs and others	LMNB1	Pluripotent stem cell	iPSC derived hepatocytes	433	11/483	0/49	-0.214309	-0.0305956	inf
SRX8831614	TFs and others	BRDT	Digestive tract	KYSE-180	165	11/483	0/49	-0.214309	-0.0305956	inf
SRX8949171	TFs and others	EWSR1	Bone	JN-DSRCT-1	646	11/483	0/49	-0.214309	-0.0305956	inf
SRX8949172	TFs and others	EWSR1	Bone	JN-DSRCT-1	944	11/483	0/49	-0.214309	-0.0305956	inf
SRX899076	TFs and others	TP53	Breast	Breast cancer cells	330	11/483	0/49	-0.214309	-0.0305956	inf
SRX9031537	TFs and others	KDM6A	Others	UM-UC-1	910	11/483	0/49	-0.214309	-0.0305956	inf
SRX9031538	TFs and others	KDM6A	Others	UM-UC-1	1004	11/483	0/49	-0.214309	-0.0305956	inf
SRX9031539	TFs and others	KDM6A	Others	UM-UC-1	963	11/483	0/49	-0.214309	-0.0305956	inf
SRX9135093	TFs and others	AR	Prostate	VCaP	10527	11/483	0/49	-0.214309	-0.0305956	inf
SRX9135095	TFs and others	AR	Prostate	VCaP	2010	11/483	0/49	-0.214309	-0.0305956	inf
SRX9178823	TFs and others	HAP1	Blood	HAP1	255	11/483	0/49	-0.214309	-0.0305956	inf
SRX9178846	TFs and others	HAP1	Blood	HAP1	227	11/483	0/49	-0.214309	-0.0305956	inf
SRX9178849	TFs and others	HAP1	Blood	HAP1	234	11/483	0/49	-0.214309	-0.0305956	inf
SRX9206197	TFs and others	GFP	Digestive tract	HCT 116	154	11/483	0/49	-0.214309	-0.0305956	inf
SRX9279232	TFs and others	EGR1	Blood	Macrophages	462	11/483	0/49	-0.214309	-0.0305956	inf
SRX9298943	TFs and others	NR3C1	Lung	Lung cancer cell line	2450	11/483	0/49	-0.214309	-0.0305956	inf
SRX9298954	TFs and others	NR3C1	Lung	Lung cancer cell line	295	11/483	0/49	-0.214309	-0.0305956	inf
SRX9309768	TFs and others	BRD4	Blood	HL-60	1106	11/483	0/49	-0.214309	-0.0305956	inf
SRX9318381	TFs and others	TOP2B	Neural	Glioma	81	11/483	0/49	-0.214309	-0.0305956	inf
SRX9350648	TFs and others	JUNB	Epidermis	Melanoma cell line	123	11/483	0/49	-0.214309	-0.0305956	inf
SRX9390936	TFs and others	STAT3	Digestive tract	Colorectal cancer	131	11/483	0/49	-0.214309	-0.0305956	inf
SRX9433119	TFs and others	CTR9	Bone	U2OS	351	11/483	0/49	-0.214309	-0.0305956	inf
SRX9434358	TFs and others	RELA	Digestive tract	SW 480	844	11/483	0/49	-0.214309	-0.0305956	inf
SRX9434362	TFs and others	RELA	Digestive tract	HT-29	558	11/483	0/49	-0.214309	-0.0305956	inf
SRX9434363	TFs and others	RELA	Digestive tract	HT-29	601	11/483	0/49	-0.214309	-0.0305956	inf
SRX9522728	TFs and others	MPHOSPH8	Blood	MOLM-13	462	11/483	0/49	-0.214309	-0.0305956	inf
SRX9522733	TFs and others	MPHOSPH8	Blood	MOLM-13	294	11/483	0/49	-0.214309	-0.0305956	inf
SRX959102	TFs and others	NR3C1	Blood	NALM-6	1403	11/483	0/49	-0.214309	-0.0305956	inf
SRX9600633	TFs and others	G-quadruplex	Blood	K-562	275	11/483	0/49	-0.214309	-0.0305956	inf
SRX9600634	TFs and others	G-quadruplex	Blood	K-562	277	11/483	0/49	-0.214309	-0.0305956	inf
SRX9600635	TFs and others	G-quadruplex	Blood	K-562	331	11/483	0/49	-0.214309	-0.0305956	inf
SRX9600637	TFs and others	G-quadruplex	Blood	K-562	353	11/483	0/49	-0.214309	-0.0305956	inf
SRX9607668	TFs and others	Biotin	Pluripotent stem cell	NTERA-2	261	11/483	0/49	-0.214309	-0.0305956	inf
SRX961219	TFs and others	VSV-G	Digestive tract	SW 480	330	11/483	0/49	-0.214309	-0.0305956	inf
SRX9628164	TFs and others	NR3C1	Kidney	293	422	11/483	0/49	-0.214309	-0.0305956	inf
SRX9628176	TFs and others	NR3C1	Kidney	293	460	11/483	0/49	-0.214309	-0.0305956	inf
SRX9628498	TFs and others	JUN	Gonad	SCCOHT-1	308	11/483	0/49	-0.214309	-0.0305956	inf
SRX9628499	TFs and others	SMARCA4	Gonad	SCCOHT-1	143	11/483	0/49	-0.214309	-0.0305956	inf
SRX9628501	TFs and others	SMARCA4	Gonad	SCCOHT-1	212	11/483	0/49	-0.214309	-0.0305956	inf
SRX9628511	TFs and others	SMARCA4	Gonad	BIN-67	217	11/483	0/49	-0.214309	-0.0305956	inf
SRX9674617	TFs and others	FOXO1	Unclassified	Unclassified	356	11/483	0/49	-0.214309	-0.0305956	inf
SRX9674619	TFs and others	FOXO1	Muscle	RMS	381	11/483	0/49	-0.214309	-0.0305956	inf
SRX968970	TFs and others	ESR1	Breast	MCF-7	205	11/483	0/49	-0.214309	-0.0305956	inf
SRX968972	TFs and others	RELA	Breast	MCF-7	75	11/483	0/49	-0.214309	-0.0305956	inf
SRX9711150	TFs and others	AR	Lung	NCI-H2126	482	11/483	0/49	-0.214309	-0.0305956	inf
SRX9730732	TFs and others	CDK9	Blood	THP-1	540	11/483	0/49	-0.214309	-0.0305956	inf
SRX9794646	TFs and others	EZH2	Others	Tumor	283	11/483	0/49	-0.214309	-0.0305956	inf
SRX9849092	TFs and others	PHF19	Blood	K-562	360	11/483	0/49	-0.214309	-0.0305956	inf
SRX9849093	TFs and others	PHF19	Blood	K-562	528	11/483	0/49	-0.214309	-0.0305956	inf
SRX9849094	TFs and others	PHF19	Blood	K-562	715	11/483	0/49	-0.214309	-0.0305956	inf
SRX9852029	TFs and others	MAPK1	Prostate	RWPE-1	284	11/483	0/49	-0.214309	-0.0305956	inf
SRX9852030	TFs and others	MAPK1	Prostate	RWPE-1	384	11/483	0/49	-0.214309	-0.0305956	inf
SRX9857618	TFs and others	MYC	Kidney	G-401	621	11/483	0/49	-0.214309	-0.0305956	inf
SRX9932075	TFs and others	HDAC6	Breast	MCF-7	1266	11/483	0/49	-0.214309	-0.0305956	inf
SRX734411	TFs and others	AR	Prostate	CWR22Pc	47825	360/483	35/49	-0.214047	-0.0305956	1.04348
SRX5877914	TFs and others	Epitope tags	Bone	U2OS	91697	437/483	43/49	-0.213907	-0.0305956	1.03101
SRX022432	TFs and others	E2F1	Uterus	HeLa	1512	46/483	6/49	-0.213907	-0.0305956	0.777778
SRX150391	TFs and others	MAFK	Blood	K-562	19048	46/483	6/49	-0.213907	-0.0305956	0.777778
SRX7141990	TFs and others	O-GlcNAc	Adipocyte	Adipocytes	991	46/483	6/49	-0.213907	-0.0305956	0.777778
SRX7214024	TFs and others	CREBBP	Epidermis	Keratinocytes	8268	46/483	6/49	-0.213907	-0.0305956	0.777778
SRX8171736	TFs and others	MYBBP1A	Pancreas	PDAC	1201	46/483	6/49	-0.213907	-0.0305956	0.777778
SRX5514042	TFs and others	MED12	Uterus	Uterin leiomyoma	4064	129/483	11/49	-0.213875	-0.0305956	1.18972
SRX725582	TFs and others	MYB	Blood	Jurkat	30015	354/483	38/49	-0.213875	-0.0305956	0.94508
SRX3372018	TFs and others	ETV1	Prostate	MDA PCa 2b	8029	128/483	11/49	-0.213563	-0.0305956	1.1805
SRX10045344	TFs and others	ASXL1	Blood	THP-1	12309	355/483	38/49	-0.213563	-0.0305956	0.94775
SRX2281258	TFs and others	KMT2A	Blood	Cord blood mononuclear	15407	355/483	34/49	-0.213318	-0.0305956	1.05925
SRX3433645	TFs and others	USP7	Blood	CUTLL1	18429	355/483	34/49	-0.213318	-0.0305956	1.05925
SRX471877	TFs and others	ERG	Prostate	VCaP	6616	128/483	15/49	-0.213318	-0.0305956	0.8657
SRX5124035	TFs and others	FOXA1	Prostate	22Rv1	63295	127/483	11/49	-0.212999	-0.0305956	1.17128
SRX6957404	TFs and others	FOXL2	Kidney	HGrC1	37175	127/483	11/49	-0.212999	-0.0305956	1.17128
SRX8616829	TFs and others	FOSL2	Lung	A549	21291	127/483	11/49	-0.212999	-0.0305956	1.17128
SRX7030927	TFs and others	KDM4C	Breast	MCF-7	1640	129/483	15/49	-0.212644	-0.0305956	0.872464
SRX4377533	TFs and others	BRD4	Breast	MDA-MB-231	35072	353/483	34/49	-0.211733	-0.0305956	1.05328
SRX5824579	TFs and others	BRD2	Breast	SUM 159PT	15456	353/483	34/49	-0.211733	-0.0305956	1.05328
SRX3460918	TFs and others	MTA2	Blood	Pre-B cells	9676	130/483	15/49	-0.211733	-0.0305956	0.879227
DRX059607	TFs and others	MLLT6	Blood	HB1119	545	12/483	0/49	-0.211658	-0.0305956	inf
DRX069273	TFs and others	RAD51	Digestive tract	HCT 116	328	12/483	0/49	-0.211658	-0.0305956	inf
DRX069274	TFs and others	POLQ	Digestive tract	HCT 116	368	12/483	0/49	-0.211658	-0.0305956	inf
DRX069275	TFs and others	POLH	Digestive tract	HCT 116	374	12/483	0/49	-0.211658	-0.0305956	inf
DRX234801	TFs and others	KAT7	Blood	HB1119	667	12/483	0/49	-0.211658	-0.0305956	inf
DRX234802	TFs and others	JADE3	Blood	HB1119	580	12/483	0/49	-0.211658	-0.0305956	inf
DRX234804	TFs and others	ING4	Blood	HB1119	619	12/483	0/49	-0.211658	-0.0305956	inf
ERX026987	TFs and others	T	No description	NA	1724	12/483	0/49	-0.211658	-0.0305956	inf
ERX1149054	TFs and others	CTCF	Blood	KU812	171	12/483	0/49	-0.211658	-0.0305956	inf
ERX1149057	TFs and others	CTCF	Blood	K-562	746	12/483	0/49	-0.211658	-0.0305956	inf
ERX1149071	TFs and others	CTCF	Blood	KU812	203	12/483	0/49	-0.211658	-0.0305956	inf
ERX1149084	TFs and others	CTCF	Blood	KU812	168	12/483	0/49	-0.211658	-0.0305956	inf
ERX1149086	TFs and others	CTCF	Blood	KU812	200	12/483	0/49	-0.211658	-0.0305956	inf
ERX1149101	TFs and others	CTCF	Blood	KU812	190	12/483	0/49	-0.211658	-0.0305956	inf
ERX1234994	TFs and others	TAF3	Liver	Hep G2	360	12/483	0/49	-0.211658	-0.0305956	inf
ERX1276027	TFs and others	CTCF	Blood	UT-7	2853	12/483	0/49	-0.211658	-0.0305956	inf
ERX200501	TFs and others	CTCF	Blood	B cells	267	12/483	0/49	-0.211658	-0.0305956	inf
ERX200505	TFs and others	CTCF	Blood	B cells	5218	12/483	0/49	-0.211658	-0.0305956	inf
ERX2242409	TFs and others	ARID1A	Breast	Mammary epithelial cells	240	12/483	0/49	-0.211658	-0.0305956	inf
ERX371712	TFs and others	BCL11A	Breast	Mammary epithelial cells	125	12/483	0/49	-0.211658	-0.0305956	inf
ERX626795	TFs and others	RAD21	Blood	HL-60	396	12/483	0/49	-0.211658	-0.0305956	inf
ERX626805	TFs and others	RAD21	Blood	HL-60	418	12/483	0/49	-0.211658	-0.0305956	inf
ERX626806	TFs and others	CTCF	Blood	HL-60	300	12/483	0/49	-0.211658	-0.0305956	inf
ERX626865	TFs and others	CEBPA	Blood	U-937	2737	12/483	0/49	-0.211658	-0.0305956	inf
ERX704042	TFs and others	CTCF	Blood	U-937	3067	12/483	0/49	-0.211658	-0.0305956	inf
ERX704043	TFs and others	RAD21	Blood	U-937	181	12/483	0/49	-0.211658	-0.0305956	inf
ERX704058	TFs and others	CTCF	Blood	U-937	2891	12/483	0/49	-0.211658	-0.0305956	inf
SRX016976	TFs and others	TP73	Bone	Saos-2	3394	12/483	0/49	-0.211658	-0.0305956	inf
SRX022562	TFs and others	AR	Prostate	VCaP	56	12/483	0/49	-0.211658	-0.0305956	inf
SRX026533	TFs and others	ESR1	Uterus	Ishikawa	731	12/483	0/49	-0.211658	-0.0305956	inf
SRX026651	TFs and others	MethylCap	Blood	Acute myeloid leukemia	930	12/483	0/49	-0.211658	-0.0305956	inf
SRX026721	TFs and others	GFP	Pancreas	Pancreatic islets	94	12/483	0/49	-0.211658	-0.0305956	inf
SRX027916	TFs and others	NR3C1	Uterus	HeLa	266	12/483	0/49	-0.211658	-0.0305956	inf
SRX029598	TFs and others	TAL1	Blood	CD34 Hematopoietic stem cells	2929	12/483	0/49	-0.211658	-0.0305956	inf
SRX036641	TFs and others	NCOA1	Bone	U2OS	139	12/483	0/49	-0.211658	-0.0305956	inf
SRX039141	TFs and others	JUN	Breast	MCF-7	140	12/483	0/49	-0.211658	-0.0305956	inf
SRX042342	TFs and others	ESR1	Breast	MCF-7-LTED	397	12/483	0/49	-0.211658	-0.0305956	inf
SRX059715	TFs and others	EZH2	Prostate	VCaP	528	12/483	0/49	-0.211658	-0.0305956	inf
SRX064490	TFs and others	SMAD2	Pluripotent stem cell	hESC derived mesendodermal cells	2698	12/483	0/49	-0.211658	-0.0305956	inf
SRX065543	TFs and others	Epitope tags	Kidney	293	174	12/483	0/49	-0.211658	-0.0305956	inf
SRX077859	TFs and others	CDX2	Digestive tract	COLO 320	541	12/483	0/49	-0.211658	-0.0305956	inf
SRX077860	TFs and others	CDX2	Digestive tract	COLO 320	223	12/483	0/49	-0.211658	-0.0305956	inf
SRX080131	TFs and others	MYC	Blood	GM12878	240	12/483	0/49	-0.211658	-0.0305956	inf
SRX084584	TFs and others	HIV Tat	Blood	Jurkat	209	12/483	0/49	-0.211658	-0.0305956	inf
SRX092574	TFs and others	THAP11	Uterus	HeLa	295	12/483	0/49	-0.211658	-0.0305956	inf
SRX095395	TFs and others	MYC	Blood	BLUE-1	388	12/483	0/49	-0.211658	-0.0305956	inf
SRX099873	TFs and others	MYC	Others	FB8470	100	12/483	0/49	-0.211658	-0.0305956	inf
SRX10009627	TFs and others	TAF3	Blood	MM.1S	835	12/483	0/49	-0.211658	-0.0305956	inf
SRX100263	TFs and others	CREBBP	Breast	H3396	1262	12/483	0/49	-0.211658	-0.0305956	inf
SRX10104974	TFs and others	RXRA	Others	5637	702	12/483	0/49	-0.211658	-0.0305956	inf
SRX1011294	TFs and others	YAP1	Liver	HuCCT1	286	12/483	0/49	-0.211658	-0.0305956	inf
SRX1011297	TFs and others	YAP1	Liver	HuCCT1	374	12/483	0/49	-0.211658	-0.0305956	inf
SRX101163	TFs and others	TCF7L2	Blood	K-562	1968	12/483	0/49	-0.211658	-0.0305956	inf
SRX10119119	TFs and others	JUN	Blood	MV-4-11	357	12/483	0/49	-0.211658	-0.0305956	inf
SRX10119132	TFs and others	SPI1	Blood	MV-4-11	343	12/483	0/49	-0.211658	-0.0305956	inf
SRX10120402	TFs and others	ATF4	Liver	Hep G2	2051	12/483	0/49	-0.211658	-0.0305956	inf
SRX10120412	TFs and others	TRIB3	Liver	Hep G2	467	12/483	0/49	-0.211658	-0.0305956	inf
SRX1012684	TFs and others	ESR1	Breast	MCF-7	527	12/483	0/49	-0.211658	-0.0305956	inf
SRX1012705	TFs and others	ESR1	Breast	T-47D	794	12/483	0/49	-0.211658	-0.0305956	inf
SRX1012713	TFs and others	PGR	Breast	T-47D	4054	12/483	0/49	-0.211658	-0.0305956	inf
SRX1012737	TFs and others	ESR1	Breast	MCF-7	258	12/483	0/49	-0.211658	-0.0305956	inf
SRX1012738	TFs and others	ESR1	Breast	MCF-7	288	12/483	0/49	-0.211658	-0.0305956	inf
SRX1012753	TFs and others	PGR	Breast	MCF-7	238	12/483	0/49	-0.211658	-0.0305956	inf
SRX1012755	TFs and others	PGR	Breast	MCF-7	297	12/483	0/49	-0.211658	-0.0305956	inf
SRX1012758	TFs and others	PGR	Breast	MCF-7	332	12/483	0/49	-0.211658	-0.0305956	inf
SRX1012759	TFs and others	PGR	Breast	MCF-7	299	12/483	0/49	-0.211658	-0.0305956	inf
SRX10131681	TFs and others	MLLT1	Lung	Bronchial tracheal epithelial cells	422	12/483	0/49	-0.211658	-0.0305956	inf
SRX10229519	TFs and others	Epitope tags	Epidermis	Foreskin	106	12/483	0/49	-0.211658	-0.0305956	inf
SRX102975	TFs and others	MYC	Pluripotent stem cell	hESC H1	418	12/483	0/49	-0.211658	-0.0305956	inf
SRX1033289	TFs and others	AR	Prostate	DU 145	86	12/483	0/49	-0.211658	-0.0305956	inf
SRX10382443	TFs and others	DNMT3A	Pluripotent stem cell	hESC H1	393	12/483	0/49	-0.211658	-0.0305956	inf
SRX10438175	TFs and others	Epitope tags	Unclassified	Unclassified	99	12/483	0/49	-0.211658	-0.0305956	inf
SRX1053951	TFs and others	HDAC2	Pluripotent stem cell	ES cells	80	12/483	0/49	-0.211658	-0.0305956	inf
SRX1054001	TFs and others	HDAC2	Pluripotent stem cell	iPS cells	66	12/483	0/49	-0.211658	-0.0305956	inf
SRX1054006	TFs and others	HDAC2	Pluripotent stem cell	iPS cells	90	12/483	0/49	-0.211658	-0.0305956	inf
SRX107286	TFs and others	TCF3	Blood	CCRF-CEM	53	12/483	0/49	-0.211658	-0.0305956	inf
SRX107287	TFs and others	GATA3	Blood	CCRF-CEM	93	12/483	0/49	-0.211658	-0.0305956	inf
SRX107288	TFs and others	TCF12	Blood	CCRF-CEM	44	12/483	0/49	-0.211658	-0.0305956	inf
SRX107298	TFs and others	TAL1	Blood	CCRF-CEM	639	12/483	0/49	-0.211658	-0.0305956	inf
SRX10756464	TFs and others	FOXM1	Bone	U2OS	127	12/483	0/49	-0.211658	-0.0305956	inf
SRX10756466	TFs and others	MCM5	Bone	U2OS	122	12/483	0/49	-0.211658	-0.0305956	inf
SRX10756475	TFs and others	MCM5	Bone	U2OS	160	12/483	0/49	-0.211658	-0.0305956	inf
SRX10756476	TFs and others	MCM5	Bone	U2OS	154	12/483	0/49	-0.211658	-0.0305956	inf
SRX10756480	TFs and others	TUBG1	Bone	U2OS	81	12/483	0/49	-0.211658	-0.0305956	inf
SRX10756481	TFs and others	PCNA	Bone	U2OS	74	12/483	0/49	-0.211658	-0.0305956	inf
SRX10756489	TFs and others	TUBG1	Bone	U2OS	145	12/483	0/49	-0.211658	-0.0305956	inf
SRX10756493	TFs and others	FOXM1	Bone	U2OS	209	12/483	0/49	-0.211658	-0.0305956	inf
SRX10756494	TFs and others	FOXM1	Bone	U2OS	176	12/483	0/49	-0.211658	-0.0305956	inf
SRX10756495	TFs and others	MCM5	Bone	U2OS	146	12/483	0/49	-0.211658	-0.0305956	inf
SRX10756499	TFs and others	TUBG1	Bone	U2OS	136	12/483	0/49	-0.211658	-0.0305956	inf
SRX10756502	TFs and others	PCNA	Bone	U2OS	91	12/483	0/49	-0.211658	-0.0305956	inf
SRX10756511	TFs and others	TUBG1	Bone	U2OS	152	12/483	0/49	-0.211658	-0.0305956	inf
SRX10756519	TFs and others	PCNA	Bone	U2OS	113	12/483	0/49	-0.211658	-0.0305956	inf
SRX10809334	TFs and others	PSIP1	Neural	DIPG7	357	12/483	0/49	-0.211658	-0.0305956	inf
SRX10809339	TFs and others	HDGF2	Neural	DIPG7	346	12/483	0/49	-0.211658	-0.0305956	inf
SRX10881811	TFs and others	BRD7	Others	BT-16	341	12/483	0/49	-0.211658	-0.0305956	inf
SRX10881857	TFs and others	SMARCC1	Others	BT-16	429	12/483	0/49	-0.211658	-0.0305956	inf
SRX1091029	TFs and others	ARNTL	Blood	NOMO-1	62	12/483	0/49	-0.211658	-0.0305956	inf
SRX10913934	TFs and others	EN1	Epidermis	Dermal fibroblast	428	12/483	0/49	-0.211658	-0.0305956	inf
SRX10913946	TFs and others	EN1	Epidermis	Dermal fibroblast	343	12/483	0/49	-0.211658	-0.0305956	inf
SRX1091830	TFs and others	CTCFL	Epidermis	NHDF	277	12/483	0/49	-0.211658	-0.0305956	inf
SRX1094475	TFs and others	BRD4	Others	TC-797	273	12/483	0/49	-0.211658	-0.0305956	inf
SRX1094476	TFs and others	BRD4	Others	TC-797	300	12/483	0/49	-0.211658	-0.0305956	inf
SRX1094497	TFs and others	BRD4	Unclassified	Unclassified	255	12/483	0/49	-0.211658	-0.0305956	inf
SRX1094500	TFs and others	BRD3	Unclassified	Unclassified	277	12/483	0/49	-0.211658	-0.0305956	inf
SRX1094504	TFs and others	BRD4	Others	TC-797	218	12/483	0/49	-0.211658	-0.0305956	inf
SRX1094520	TFs and others	BRD4	Kidney	HEK293-T-REx	276	12/483	0/49	-0.211658	-0.0305956	inf
SRX1094521	TFs and others	BRD4	Kidney	HEK293-T-REx	91	12/483	0/49	-0.211658	-0.0305956	inf
SRX10989726	TFs and others	Epitope tags	Neural	SH-SY5Y	193	12/483	0/49	-0.211658	-0.0305956	inf
SRX11005601	TFs and others	DNMT3B	Breast	MCF10CA1a	1114	12/483	0/49	-0.211658	-0.0305956	inf
SRX11094552	TFs and others	FLI1	Bone	POE	1140	12/483	0/49	-0.211658	-0.0305956	inf
SRX1116233	TFs and others	PROX1	Cardiovascular	HUVEC	291	12/483	0/49	-0.211658	-0.0305956	inf
SRX1117698	TFs and others	KDM5C	Breast	ZR-75-30	86	12/483	0/49	-0.211658	-0.0305956	inf
SRX1123843	TFs and others	SMARCC1	Kidney	G-401	260	12/483	0/49	-0.211658	-0.0305956	inf
SRX1127533	TFs and others	NR3C1	Blood	RS4-11	371	12/483	0/49	-0.211658	-0.0305956	inf
SRX1131568	TFs and others	BRD4	Others	SUM 185PE	1098	12/483	0/49	-0.211658	-0.0305956	inf
SRX113582	TFs and others	Epitope tags	Kidney	293	151	12/483	0/49	-0.211658	-0.0305956	inf
SRX11384921	TFs and others	TCF7L2	Pluripotent stem cell	iPS derived astrocytes	131	12/483	0/49	-0.211658	-0.0305956	inf
SRX115967	TFs and others	ESR1	Breast	MCF-7	570	12/483	0/49	-0.211658	-0.0305956	inf
SRX1161195	TFs and others	NR3C1	Breast	T-47D	369	12/483	0/49	-0.211658	-0.0305956	inf
SRX116414	TFs and others	CBX2	Blood	K-562	263	12/483	0/49	-0.211658	-0.0305956	inf
SRX1167102	TFs and others	5-mC	Kidney	293	625	12/483	0/49	-0.211658	-0.0305956	inf
SRX1167105	TFs and others	5-mC	Kidney	293	895	12/483	0/49	-0.211658	-0.0305956	inf
SRX11969036	TFs and others	FANCD2	Uterus	C-33 A	467	12/483	0/49	-0.211658	-0.0305956	inf
SRX1225018	TFs and others	EPCAM	Uterus	RL95-2	548	12/483	0/49	-0.211658	-0.0305956	inf
SRX1261520	TFs and others	RUNX1	Blood	TF-1	439	12/483	0/49	-0.211658	-0.0305956	inf
SRX1268849	TFs and others	KDM5C	Kidney	Caki-1	534	12/483	0/49	-0.211658	-0.0305956	inf
SRX1268852	TFs and others	KDM5C	Kidney	Caki-1	882	12/483	0/49	-0.211658	-0.0305956	inf
SRX1283466	TFs and others	SMN1	Kidney	293	468	12/483	0/49	-0.211658	-0.0305956	inf
SRX129087	TFs and others	MED1	Blood	P493-6	424	12/483	0/49	-0.211658	-0.0305956	inf
SRX1293072	TFs and others	TAF15	Kidney	293	48	12/483	0/49	-0.211658	-0.0305956	inf
SRX1299480	TFs and others	Epitope tags	Kidney	293	1685	12/483	0/49	-0.211658	-0.0305956	inf
SRX1304580	TFs and others	LYL1	Blood	NB-4	3008	12/483	0/49	-0.211658	-0.0305956	inf
SRX1304816	TFs and others	EP400	Bone	U2OS	240	12/483	0/49	-0.211658	-0.0305956	inf
SRX1334491	TFs and others	AR	Prostate	LNCAP	6954	12/483	0/49	-0.211658	-0.0305956	inf
SRX1334493	TFs and others	AR	Prostate	LNCAP	12873	12/483	0/49	-0.211658	-0.0305956	inf
SRX1397402	TFs and others	GATA1	Blood	CD34+	5512	12/483	0/49	-0.211658	-0.0305956	inf
SRX1424894	TFs and others	POU3F2	Neural	Neural progenitor cells	562	12/483	0/49	-0.211658	-0.0305956	inf
SRX1445365	TFs and others	SMAD3	Pluripotent stem cell	hESC H1	421	12/483	0/49	-0.211658	-0.0305956	inf
SRX144721	TFs and others	BrdU	Uterus	HeLa	467	12/483	0/49	-0.211658	-0.0305956	inf
SRX1456195	TFs and others	RBPJ	Blood	B cells	2472	12/483	0/49	-0.211658	-0.0305956	inf
SRX1457740	TFs and others	Epitope tags	Kidney	293	4857	12/483	0/49	-0.211658	-0.0305956	inf
SRX1457745	TFs and others	RELA	Kidney	293	716	12/483	0/49	-0.211658	-0.0305956	inf
SRX1460238	TFs and others	BRD4	Blood	LP-1	359	12/483	0/49	-0.211658	-0.0305956	inf
SRX1460241	TFs and others	BRD4	Blood	LP-1	337	12/483	0/49	-0.211658	-0.0305956	inf
SRX147681	TFs and others	ERCC6	Others	UVSS1	534	12/483	0/49	-0.211658	-0.0305956	inf
SRX148008	TFs and others	SETDB1	Epidermis	WM262	186	12/483	0/49	-0.211658	-0.0305956	inf
SRX1491254	TFs and others	BRD4	Blood	CAL-1	1030	12/483	0/49	-0.211658	-0.0305956	inf
SRX1491257	TFs and others	BRD4	Blood	CAL-1	690	12/483	0/49	-0.211658	-0.0305956	inf
SRX1491260	TFs and others	BRD4	Blood	GEN2.2	674	12/483	0/49	-0.211658	-0.0305956	inf
SRX1491263	TFs and others	BRD4	Blood	GEN2.2	700	12/483	0/49	-0.211658	-0.0305956	inf
SRX1497516	TFs and others	TRIM28	Breast	MCF-7	700	12/483	0/49	-0.211658	-0.0305956	inf
SRX150107	TFs and others	SNAPC2	Lung	IMR-90	394	12/483	0/49	-0.211658	-0.0305956	inf
SRX150108	TFs and others	SNAPC1	Lung	IMR-90	637	12/483	0/49	-0.211658	-0.0305956	inf
SRX150110	TFs and others	SNAPC4	Lung	IMR-90	483	12/483	0/49	-0.211658	-0.0305956	inf
SRX150413	TFs and others	GATA1	Blood	PBDEFetal	614	12/483	0/49	-0.211658	-0.0305956	inf
SRX150713	TFs and others	SMARCB1	Blood	K-562	477	12/483	0/49	-0.211658	-0.0305956	inf
SRX1514918	TFs and others	GFP	Kidney	293	1463	12/483	0/49	-0.211658	-0.0305956	inf
SRX1514923	TFs and others	GFP	Kidney	293	340	12/483	0/49	-0.211658	-0.0305956	inf
SRX1514935	TFs and others	GFP	Kidney	293	287	12/483	0/49	-0.211658	-0.0305956	inf
SRX1514939	TFs and others	GFP	Kidney	293	289	12/483	0/49	-0.211658	-0.0305956	inf
SRX1514986	TFs and others	GFP	Kidney	293	446	12/483	0/49	-0.211658	-0.0305956	inf
SRX1515015	TFs and others	GFP	Kidney	293	1228	12/483	0/49	-0.211658	-0.0305956	inf
SRX1515021	TFs and others	GFP	Kidney	293	386	12/483	0/49	-0.211658	-0.0305956	inf
SRX1515030	TFs and others	GFP	Kidney	293	4745	12/483	0/49	-0.211658	-0.0305956	inf
SRX1515045	TFs and others	GFP	Kidney	293	13516	12/483	0/49	-0.211658	-0.0305956	inf
SRX1515057	TFs and others	GFP	Kidney	293	1553	12/483	0/49	-0.211658	-0.0305956	inf
SRX151945	TFs and others	IRF5	Blood	PBMC	648	12/483	0/49	-0.211658	-0.0305956	inf
SRX151949	TFs and others	STAT4	Blood	PBMC	95	12/483	0/49	-0.211658	-0.0305956	inf
SRX151951	TFs and others	STAT4	Blood	PBMC	183	12/483	0/49	-0.211658	-0.0305956	inf
SRX1528505	TFs and others	SRPK1	Breast	MCF 10A	199	12/483	0/49	-0.211658	-0.0305956	inf
SRX1548206	TFs and others	E2F1	Cardiovascular	Wharton Jelly	405	12/483	0/49	-0.211658	-0.0305956	inf
SRX155721	TFs and others	HSF1	Breast	BPE	113	12/483	0/49	-0.211658	-0.0305956	inf
SRX156111	TFs and others	DNMT3A	Pluripotent stem cell	NCCIT	164	12/483	0/49	-0.211658	-0.0305956	inf
SRX158105	TFs and others	TCF3	Blood	RPMI 8402	577	12/483	0/49	-0.211658	-0.0305956	inf
SRX159092	TFs and others	FOXA1	Liver	HuH-7	350	12/483	0/49	-0.211658	-0.0305956	inf
SRX1629234	TFs and others	AR	Prostate	VCaP	3973	12/483	0/49	-0.211658	-0.0305956	inf
SRX1629235	TFs and others	AR	Prostate	VCaP	2938	12/483	0/49	-0.211658	-0.0305956	inf
SRX1629236	TFs and others	AR	Prostate	VCaP	1422	12/483	0/49	-0.211658	-0.0305956	inf
SRX1629240	TFs and others	AR	Prostate	VCaP	1969	12/483	0/49	-0.211658	-0.0305956	inf
SRX1629248	TFs and others	AR	Prostate	VCaP	6157	12/483	0/49	-0.211658	-0.0305956	inf
SRX1629250	TFs and others	AR	Prostate	VCaP	2957	12/483	0/49	-0.211658	-0.0305956	inf
SRX1629258	TFs and others	ERG	Prostate	VCaP	865	12/483	0/49	-0.211658	-0.0305956	inf
SRX1670478	TFs and others	RBPJ	Others	Tumor	433	12/483	0/49	-0.211658	-0.0305956	inf
SRX170349	TFs and others	EP300	Blood	CD36+	2689	12/483	0/49	-0.211658	-0.0305956	inf
SRX1709987	TFs and others	PGR	Breast	T-47D	757	12/483	0/49	-0.211658	-0.0305956	inf
SRX1728403	TFs and others	TP53	Breast	MCF 10A	458	12/483	0/49	-0.211658	-0.0305956	inf
SRX1733712	TFs and others	ESR1	Breast	MCF-7	510	12/483	0/49	-0.211658	-0.0305956	inf
SRX1735802	TFs and others	Epitope tags	Blood	MOLM-13	444	12/483	0/49	-0.211658	-0.0305956	inf
SRX176868	TFs and others	GATA3	Breast	MCF-7	578	12/483	0/49	-0.211658	-0.0305956	inf
SRX176869	TFs and others	GATA3	Breast	MCF-7	1222	12/483	0/49	-0.211658	-0.0305956	inf
SRX1813577	TFs and others	POU5F1	Lung	MRC-5	61	12/483	0/49	-0.211658	-0.0305956	inf
SRX1813595	TFs and others	KLF4	Pluripotent stem cell	iPS cells	56	12/483	0/49	-0.211658	-0.0305956	inf
SRX1813603	TFs and others	MYC	Pluripotent stem cell	iPS cells	61	12/483	0/49	-0.211658	-0.0305956	inf
SRX1818074	TFs and others	AR	Prostate	LNCAP	318	12/483	0/49	-0.211658	-0.0305956	inf
SRX182683	TFs and others	PALB2	Breast	MCF 10A	205	12/483	0/49	-0.211658	-0.0305956	inf
SRX1830458	TFs and others	Epitope tags	Blood	Jurkat	249	12/483	0/49	-0.211658	-0.0305956	inf
SRX1830461	TFs and others	Epitope tags	Blood	Jurkat	251	12/483	0/49	-0.211658	-0.0305956	inf
SRX1835122	TFs and others	ERG	Prostate	RWPE-1	641	12/483	0/49	-0.211658	-0.0305956	inf
SRX185910	TFs and others	FOXM1	Breast	MCF-7	258	12/483	0/49	-0.211658	-0.0305956	inf
SRX186763	TFs and others	CBX2	Blood	K-562	262	12/483	0/49	-0.211658	-0.0305956	inf
SRX186765	TFs and others	CBX8	Blood	K-562	314	12/483	0/49	-0.211658	-0.0305956	inf
SRX186818	TFs and others	ESR1	Breast	Breast cancer	547	12/483	0/49	-0.211658	-0.0305956	inf
SRX1878905	TFs and others	MYOG	Muscle	Rh-4	1249	12/483	0/49	-0.211658	-0.0305956	inf
SRX1885178	TFs and others	AR	Prostate	LNCAP	572	12/483	0/49	-0.211658	-0.0305956	inf
SRX1885180	TFs and others	AR	Prostate	LNCAP	526	12/483	0/49	-0.211658	-0.0305956	inf
SRX1885201	TFs and others	RELA	Prostate	LNCAP	479	12/483	0/49	-0.211658	-0.0305956	inf
SRX1885202	TFs and others	RELA	Prostate	LNCAP	537	12/483	0/49	-0.211658	-0.0305956	inf
SRX1885203	TFs and others	RELA	Prostate	LNCAP	565	12/483	0/49	-0.211658	-0.0305956	inf
SRX1885205	TFs and others	RELA	Prostate	LNCAP	578	12/483	0/49	-0.211658	-0.0305956	inf
SRX1885206	TFs and others	RELA	Prostate	LNCAP	628	12/483	0/49	-0.211658	-0.0305956	inf
SRX188790	TFs and others	SIRT3	Bone	U2OS	115	12/483	0/49	-0.211658	-0.0305956	inf
SRX189720	TFs and others	EP300	Cardiovascular	HUVEC	586	12/483	0/49	-0.211658	-0.0305956	inf
SRX1898038	TFs and others	RAG1	Blood	REH	712	12/483	0/49	-0.211658	-0.0305956	inf
SRX1920484	TFs and others	STAT5A	Blood	Memory T cells	360	12/483	0/49	-0.211658	-0.0305956	inf
SRX1950170	TFs and others	AR	Prostate	VCaP	24670	12/483	0/49	-0.211658	-0.0305956	inf
SRX1950171	TFs and others	AR	Prostate	VCaP	27142	12/483	0/49	-0.211658	-0.0305956	inf
SRX1950173	TFs and others	AR	Prostate	VCaP	26918	12/483	0/49	-0.211658	-0.0305956	inf
SRX1986460	TFs and others	Epitope tags	Blood	CD34 Hematopoietic stem cells	315	12/483	0/49	-0.211658	-0.0305956	inf
SRX1993435	TFs and others	ZSCAN5B	Kidney	293	348	12/483	0/49	-0.211658	-0.0305956	inf
SRX1993438	TFs and others	ZSCAN5B	Placenta	BeWo	369	12/483	0/49	-0.211658	-0.0305956	inf
SRX1993439	TFs and others	ZSCAN5B	Placenta	BeWo	349	12/483	0/49	-0.211658	-0.0305956	inf
SRX2009502	TFs and others	EZH2	Neural	SF8628	597	12/483	0/49	-0.211658	-0.0305956	inf
SRX2009504	TFs and others	EZH2	Neural	SF8628	535	12/483	0/49	-0.211658	-0.0305956	inf
SRX2009519	TFs and others	BRD2	Neural	Diffuse intrinsic pontine glioma	503	12/483	0/49	-0.211658	-0.0305956	inf
SRX2009523	TFs and others	SUZ12	Neural	Diffuse intrinsic pontine glioma	1073	12/483	0/49	-0.211658	-0.0305956	inf
SRX2017926	TFs and others	AR	Prostate	LNCAP	15963	12/483	0/49	-0.211658	-0.0305956	inf
SRX2017934	TFs and others	HNF4G	Prostate	LNCAP	804	12/483	0/49	-0.211658	-0.0305956	inf
SRX203390	TFs and others	CDK9	Blood	Plasma Cells	257	12/483	0/49	-0.211658	-0.0305956	inf
SRX2060921	TFs and others	TP53	Breast	MCF-7	708	12/483	0/49	-0.211658	-0.0305956	inf
SRX2067667	TFs and others	EZH2	Prostate	RWPE-1	122	12/483	0/49	-0.211658	-0.0305956	inf
SRX2067986	TFs and others	ZMYND11	Prostate	DU 145	600	12/483	0/49	-0.211658	-0.0305956	inf
SRX206838	TFs and others	EED	Prostate	DU 145	1415	12/483	0/49	-0.211658	-0.0305956	inf
SRX206839	TFs and others	EED	Prostate	DU 145	667	12/483	0/49	-0.211658	-0.0305956	inf
SRX212182	TFs and others	RELA	Lung	Lung fibroblasts	366	12/483	0/49	-0.211658	-0.0305956	inf
SRX2144095	TFs and others	Epitope tags	Neural	U-87 MG	474	12/483	0/49	-0.211658	-0.0305956	inf
SRX2144097	TFs and others	Epitope tags	Neural	U-87 MG	292	12/483	0/49	-0.211658	-0.0305956	inf
SRX2194240	TFs and others	EP300	Breast	SUM 159PT	723	12/483	0/49	-0.211658	-0.0305956	inf
SRX220062	TFs and others	PGR	Cardiovascular	HUVEC	1314	12/483	0/49	-0.211658	-0.0305956	inf
SRX2207924	TFs and others	MDM2	Epidermis	CS1AN	354	12/483	0/49	-0.211658	-0.0305956	inf
SRX2210485	TFs and others	ASCL1	Unclassified	Unclassified	598	12/483	0/49	-0.211658	-0.0305956	inf
SRX2210486	TFs and others	ASCL1	Unclassified	Unclassified	561	12/483	0/49	-0.211658	-0.0305956	inf
SRX2245441	TFs and others	ZEB1	Pancreas	MIA Paca-2	507	12/483	0/49	-0.211658	-0.0305956	inf
SRX2245491	TFs and others	BRD4	Blood	K-562	141	12/483	0/49	-0.211658	-0.0305956	inf
SRX2245587	TFs and others	SMAD2	Pancreas	PANC-1	452	12/483	0/49	-0.211658	-0.0305956	inf
SRX2254546	TFs and others	EP300	Others	BICR 31	63	12/483	0/49	-0.211658	-0.0305956	inf
SRX2323896	TFs and others	AFF1	Kidney	293	477	12/483	0/49	-0.211658	-0.0305956	inf
SRX2323909	TFs and others	AFF1	Blood	Pre-B cell leukemia	262	12/483	0/49	-0.211658	-0.0305956	inf
SRX2349630	TFs and others	LMNB1	Blood	BL-2	181	12/483	0/49	-0.211658	-0.0305956	inf
SRX2353645	TFs and others	AR	Prostate	LNCAP	1894	12/483	0/49	-0.211658	-0.0305956	inf
SRX2353657	TFs and others	AR	Prostate	LNCAP	1852	12/483	0/49	-0.211658	-0.0305956	inf
SRX236117	TFs and others	LMO2	Blood	Kasumi-1	995	12/483	0/49	-0.211658	-0.0305956	inf
SRX2368898	TFs and others	FOXA2	Epidermis	BJ	5002	12/483	0/49	-0.211658	-0.0305956	inf
SRX2378691	TFs and others	AHR	Breast	MCF-7	2202	12/483	0/49	-0.211658	-0.0305956	inf
SRX244128	TFs and others	TAL1	Cardiovascular	Primary endothelial cells	644	12/483	0/49	-0.211658	-0.0305956	inf
SRX2442518	TFs and others	CUX1	Blood	K-562	579	12/483	0/49	-0.211658	-0.0305956	inf
SRX2453452	TFs and others	RAD51	Breast	MCF 10A	520	12/483	0/49	-0.211658	-0.0305956	inf
SRX2464015	TFs and others	EP300	Blood	CD8+ T cells	110	12/483	0/49	-0.211658	-0.0305956	inf
SRX248936	TFs and others	LMO2	Blood	CD34+	280	12/483	0/49	-0.211658	-0.0305956	inf
SRX2512920	TFs and others	FOXA1	Breast	MCF-7	1289	12/483	0/49	-0.211658	-0.0305956	inf
SRX2514249	TFs and others	ESR1	Uterus	Carcinoma, Endometrioid	305	12/483	0/49	-0.211658	-0.0305956	inf
SRX2524359	TFs and others	MYB	Blood	MV-4-11	271	12/483	0/49	-0.211658	-0.0305956	inf
SRX2524365	TFs and others	MYB	Blood	MV-4-11	203	12/483	0/49	-0.211658	-0.0305956	inf
SRX2533037	TFs and others	SIRT1	Digestive tract	HCT 116	882	12/483	0/49	-0.211658	-0.0305956	inf
SRX2533319	TFs and others	BRF1	Pluripotent stem cell	hESC H9	507	12/483	0/49	-0.211658	-0.0305956	inf
SRX2541227	TFs and others	AR	Prostate	LNCAP	438	12/483	0/49	-0.211658	-0.0305956	inf
SRX2545998	TFs and others	METTL3	Blood	MOLM-13	350	12/483	0/49	-0.211658	-0.0305956	inf
SRX2546002	TFs and others	METTL14	Blood	MOLM-13	230	12/483	0/49	-0.211658	-0.0305956	inf
SRX2548280	TFs and others	IRF4	Blood	ST1	2410	12/483	0/49	-0.211658	-0.0305956	inf
SRX2555296	TFs and others	ISL1	Neural	KELLY	2153	12/483	0/49	-0.211658	-0.0305956	inf
SRX2578885	TFs and others	MED1	Breast	MDA-MB-231	832	12/483	0/49	-0.211658	-0.0305956	inf
SRX2589940	TFs and others	MPHOSPH8	Blood	K-562	236	12/483	0/49	-0.211658	-0.0305956	inf
SRX264463	TFs and others	CDK7	Blood	MM.1S	199	12/483	0/49	-0.211658	-0.0305956	inf
SRX2662143	TFs and others	SMARCE1	Breast	HMLE	355	12/483	0/49	-0.211658	-0.0305956	inf
SRX266861	TFs and others	SOX2	Pluripotent stem cell	hESC HUES64	476	12/483	0/49	-0.211658	-0.0305956	inf
SRX2708748	TFs and others	Biotin	Pluripotent stem cell	hES BG01V	81	12/483	0/49	-0.211658	-0.0305956	inf
SRX2708756	TFs and others	Biotin	Pluripotent stem cell	hES BG01V	179	12/483	0/49	-0.211658	-0.0305956	inf
SRX2708826	TFs and others	RUVBL2	Liver	HuH-7	84	12/483	0/49	-0.211658	-0.0305956	inf
SRX2731657	TFs and others	HOXC5	Prostate	PC-3	586	12/483	0/49	-0.211658	-0.0305956	inf
SRX2733342	TFs and others	MAML1	Blood	REC-1	586	12/483	0/49	-0.211658	-0.0305956	inf
SRX2733363	TFs and others	RBPJ	Blood	SP-49	262	12/483	0/49	-0.211658	-0.0305956	inf
SRX2737718	TFs and others	BMI1	Prostate	C4-2	361	12/483	0/49	-0.211658	-0.0305956	inf
SRX2749144	TFs and others	ARNT	Kidney	786-O	132	12/483	0/49	-0.211658	-0.0305956	inf
SRX276785	TFs and others	BMI1	Prostate	DU 145	1296	12/483	0/49	-0.211658	-0.0305956	inf
SRX277585	TFs and others	FANCD2	Kidney	293	205	12/483	0/49	-0.211658	-0.0305956	inf
SRX2778389	TFs and others	YY1	Blood	Lymphoblastoid cell line	769	12/483	0/49	-0.211658	-0.0305956	inf
SRX2858201	TFs and others	SUZ12	Lung	Lu-130	301	12/483	0/49	-0.211658	-0.0305956	inf
SRX2897234	TFs and others	ESR1	Breast	Breast cancer cells	763	12/483	0/49	-0.211658	-0.0305956	inf
SRX2897235	TFs and others	ESR1	Breast	Breast cancer cells	803	12/483	0/49	-0.211658	-0.0305956	inf
SRX2897236	TFs and others	ESR1	Breast	Breast cancer cells	1677	12/483	0/49	-0.211658	-0.0305956	inf
SRX2900096	TFs and others	BAP1	Breast	CAL-51	457	12/483	0/49	-0.211658	-0.0305956	inf
SRX290878	TFs and others	EBNA3	Blood	Mutu	1763	12/483	0/49	-0.211658	-0.0305956	inf
SRX2924015	TFs and others	TP53	Breast	MCF-7	1746	12/483	0/49	-0.211658	-0.0305956	inf
SRX2924018	TFs and others	TP53	Breast	MCF-7	6295	12/483	0/49	-0.211658	-0.0305956	inf
SRX2940757	TFs and others	TP53	Epidermis	UACC-257	400	12/483	0/49	-0.211658	-0.0305956	inf
SRX2982411	TFs and others	FOXA1	Uterus	Ishikawa	242	12/483	0/49	-0.211658	-0.0305956	inf
SRX3020565	TFs and others	PHIP	Digestive tract	HCT 116	226	12/483	0/49	-0.211658	-0.0305956	inf
SRX3025917	TFs and others	TP53	Breast	MCF-7	643	12/483	0/49	-0.211658	-0.0305956	inf
SRX3031996	TFs and others	BRD4	Lung	NCI-H2171	228	12/483	0/49	-0.211658	-0.0305956	inf
SRX3080244	TFs and others	BRD4	Breast	MDA-MB-231	625	12/483	0/49	-0.211658	-0.0305956	inf
SRX3089110	TFs and others	SMARCA4	Liver	Hep G2	199	12/483	0/49	-0.211658	-0.0305956	inf
SRX3089112	TFs and others	SMARCA2	Liver	Hep G2	96	12/483	0/49	-0.211658	-0.0305956	inf
SRX3098191	TFs and others	CEBPA	Blood	SKH1	627	12/483	0/49	-0.211658	-0.0305956	inf
SRX3100755	TFs and others	RBPJ	Epidermis	Keratinocytes	905	12/483	0/49	-0.211658	-0.0305956	inf
SRX3110726	TFs and others	ESR1	Breast	MCF-7	370	12/483	0/49	-0.211658	-0.0305956	inf
SRX3110736	TFs and others	ESR1	Breast	MCF-7	454	12/483	0/49	-0.211658	-0.0305956	inf
SRX312240	TFs and others	TFAM	Uterus	HeLa	480	12/483	0/49	-0.211658	-0.0305956	inf
SRX3148643	TFs and others	EZH2	Lung	HBEC3-KT	586	12/483	0/49	-0.211658	-0.0305956	inf
SRX3148647	TFs and others	DNMT1	Lung	HBEC3-KT	620	12/483	0/49	-0.211658	-0.0305956	inf
SRX3148648	TFs and others	EZH2	Lung	HBEC3-KT	587	12/483	0/49	-0.211658	-0.0305956	inf
SRX3148653	TFs and others	EZH2	Lung	HBEC3-KT	713	12/483	0/49	-0.211658	-0.0305956	inf
SRX315156	TFs and others	AR	Prostate	LNCAP	399	12/483	0/49	-0.211658	-0.0305956	inf
SRX317582	TFs and others	JARID2	Pluripotent stem cell	iPS cells	96	12/483	0/49	-0.211658	-0.0305956	inf
SRX3216828	TFs and others	NOTCH3	Blood	T-ALL	375	12/483	0/49	-0.211658	-0.0305956	inf
SRX3229125	TFs and others	FOXA1	Breast	Breast cancer	280	12/483	0/49	-0.211658	-0.0305956	inf
SRX3263400	TFs and others	BRD4	Blood	OCI-AML3	491	12/483	0/49	-0.211658	-0.0305956	inf
SRX3263401	TFs and others	CEBPB	Blood	OCI-AML3	1078	12/483	0/49	-0.211658	-0.0305956	inf
SRX326378	TFs and others	NUP98	Lung	IMR-90	486	12/483	0/49	-0.211658	-0.0305956	inf
SRX326379	TFs and others	NUP98	Lung	IMR-90	465	12/483	0/49	-0.211658	-0.0305956	inf
SRX3265284	TFs and others	KDM1A	Breast	MCF-7	446	12/483	0/49	-0.211658	-0.0305956	inf
SRX3271008	TFs and others	KDM1A	Pluripotent stem cell	hESC derived pancreatic cells	52	12/483	0/49	-0.211658	-0.0305956	inf
SRX3288575	TFs and others	FOS	Pluripotent stem cell	hESC H9	165	12/483	0/49	-0.211658	-0.0305956	inf
SRX3288578	TFs and others	HSF1	Pluripotent stem cell	hESC H9	157	12/483	0/49	-0.211658	-0.0305956	inf
SRX3288580	TFs and others	HSF1	Pluripotent stem cell	hESC H9	321	12/483	0/49	-0.211658	-0.0305956	inf
SRX3288980	TFs and others	IRF3	Lung	Bronchial tracheal epithelial cells	72	12/483	0/49	-0.211658	-0.0305956	inf
SRX329081	TFs and others	BCL10	Lung	IMR-90	878	12/483	0/49	-0.211658	-0.0305956	inf
SRX329082	TFs and others	BCL10	Lung	IMR-90	946	12/483	0/49	-0.211658	-0.0305956	inf
SRX329085	TFs and others	BCL10	Lung	IMR-90	1114	12/483	0/49	-0.211658	-0.0305956	inf
SRX3324961	TFs and others	EP300	Lung	IMR-90	805	12/483	0/49	-0.211658	-0.0305956	inf
SRX3330448	TFs and others	Epitope tags	Epidermis	Foreskin	89	12/483	0/49	-0.211658	-0.0305956	inf
SRX334260	TFs and others	AR	Unclassified	Unclassified	5958	12/483	0/49	-0.211658	-0.0305956	inf
SRX3346357	TFs and others	RELA	Kidney	786-O	262	12/483	0/49	-0.211658	-0.0305956	inf
SRX3366990	TFs and others	AR	Prostate	LNCAP	6631	12/483	0/49	-0.211658	-0.0305956	inf
SRX3367071	TFs and others	TP63	Digestive tract	TE-5	480	12/483	0/49	-0.211658	-0.0305956	inf
SRX3401279	TFs and others	CTBP2	Breast	MCF-7	599	12/483	0/49	-0.211658	-0.0305956	inf
SRX3422688	TFs and others	MYC	Kidney	293	540	12/483	0/49	-0.211658	-0.0305956	inf
SRX3434295	TFs and others	SKI	Blood	HL-60	606	12/483	0/49	-0.211658	-0.0305956	inf
SRX3445667	TFs and others	GATA1	Blood	K-562	4025	12/483	0/49	-0.211658	-0.0305956	inf
SRX3445669	TFs and others	TAL1	Blood	K-562	10510	12/483	0/49	-0.211658	-0.0305956	inf
SRX3445674	TFs and others	GATA1	Blood	K-562	2706	12/483	0/49	-0.211658	-0.0305956	inf
SRX3445675	TFs and others	GATA1	Blood	K-562	1926	12/483	0/49	-0.211658	-0.0305956	inf
SRX3445676	TFs and others	TAL1	Blood	K-562	11293	12/483	0/49	-0.211658	-0.0305956	inf
SRX3445684	TFs and others	TAL1	Blood	K-562	5519	12/483	0/49	-0.211658	-0.0305956	inf
SRX3445723	TFs and others	ZNF341	Blood	B cells	815	12/483	0/49	-0.211658	-0.0305956	inf
SRX3468007	TFs and others	SS18	Others	Aska	394	12/483	0/49	-0.211658	-0.0305956	inf
SRX3468035	TFs and others	SMARCA4	Muscle	SYO1	260	12/483	0/49	-0.211658	-0.0305956	inf
SRX3468042	TFs and others	SMARCA4	Others	HSSY2	283	12/483	0/49	-0.211658	-0.0305956	inf
SRX346931	TFs and others	PPARG	Cardiovascular	HUVEC	385	12/483	0/49	-0.211658	-0.0305956	inf
SRX3517802	TFs and others	NR3C1	Lung	A549	253	12/483	0/49	-0.211658	-0.0305956	inf
SRX3517821	TFs and others	KDM1A	Lung	A549	458	12/483	0/49	-0.211658	-0.0305956	inf
SRX352046	TFs and others	ERCC6	Others	Fibroblasts	623	12/483	0/49	-0.211658	-0.0305956	inf
SRX353807	TFs and others	MYC	Blood	P493-6	369	12/483	0/49	-0.211658	-0.0305956	inf
SRX353808	TFs and others	MYC	Blood	P493-6	819	12/483	0/49	-0.211658	-0.0305956	inf
SRX3540552	TFs and others	NRF1	Uterus	HeLa	321	12/483	0/49	-0.211658	-0.0305956	inf
SRX3541108	TFs and others	ESR1	Breast	MCF-7	953	12/483	0/49	-0.211658	-0.0305956	inf
SRX3541114	TFs and others	SUMO2	Breast	MCF-7	794	12/483	0/49	-0.211658	-0.0305956	inf
SRX3541116	TFs and others	SUMO2	Breast	MCF-7	688	12/483	0/49	-0.211658	-0.0305956	inf
SRX3554400	TFs and others	ESR1	Breast	MDA-MB-134-VI	497	12/483	0/49	-0.211658	-0.0305956	inf
SRX3554404	TFs and others	ESR1	Breast	MDA-MB-134-VI	833	12/483	0/49	-0.211658	-0.0305956	inf
SRX3584192	TFs and others	AR	Gonad	Epididymis	282	12/483	0/49	-0.211658	-0.0305956	inf
SRX3584194	TFs and others	AR	Gonad	Epididymis	45	12/483	0/49	-0.211658	-0.0305956	inf
SRX3589925	TFs and others	STAG1	Breast	MCF 10A	2069	12/483	0/49	-0.211658	-0.0305956	inf
SRX3595671	TFs and others	BRD3	Breast	MCF-7	336	12/483	0/49	-0.211658	-0.0305956	inf
SRX3595673	TFs and others	BRD3	Breast	MCF-7	233	12/483	0/49	-0.211658	-0.0305956	inf
SRX359817	TFs and others	BARX1	Digestive tract	LoVo	272	12/483	0/49	-0.211658	-0.0305956	inf
SRX359838	TFs and others	HIVEP3	Digestive tract	LoVo	235	12/483	0/49	-0.211658	-0.0305956	inf
SRX359840	TFs and others	HNF1B	Digestive tract	LoVo	217	12/483	0/49	-0.211658	-0.0305956	inf
SRX359843	TFs and others	HOXB2	Digestive tract	LoVo	226	12/483	0/49	-0.211658	-0.0305956	inf
SRX359845	TFs and others	HOXD11	Digestive tract	LoVo	180	12/483	0/49	-0.211658	-0.0305956	inf
SRX359852	TFs and others	IRF4	Digestive tract	LoVo	268	12/483	0/49	-0.211658	-0.0305956	inf
SRX359854	TFs and others	IRX5	Digestive tract	LoVo	46	12/483	0/49	-0.211658	-0.0305956	inf
SRX359865	TFs and others	MIXL1	Digestive tract	LoVo	306	12/483	0/49	-0.211658	-0.0305956	inf
SRX359867	TFs and others	MTF1	Digestive tract	LoVo	231	12/483	0/49	-0.211658	-0.0305956	inf
SRX359869	TFs and others	NEUROD2	Digestive tract	LoVo	256	12/483	0/49	-0.211658	-0.0305956	inf
SRX359873	TFs and others	NKX6-1	Digestive tract	LoVo	289	12/483	0/49	-0.211658	-0.0305956	inf
SRX359877	TFs and others	NR5A2	Digestive tract	LoVo	292	12/483	0/49	-0.211658	-0.0305956	inf
SRX359895	TFs and others	HOXB4	Digestive tract	LoVo	239	12/483	0/49	-0.211658	-0.0305956	inf
SRX359917	TFs and others	RELB	Digestive tract	LoVo	77	12/483	0/49	-0.211658	-0.0305956	inf
SRX3599223	TFs and others	ZBTB16	Blood	KG-1	1600	12/483	0/49	-0.211658	-0.0305956	inf
SRX3599297	TFs and others	ERG	Cardiovascular	HUVEC	434	12/483	0/49	-0.211658	-0.0305956	inf
SRX3599316	TFs and others	EP300	Cardiovascular	HUVEC	580	12/483	0/49	-0.211658	-0.0305956	inf
SRX3599320	TFs and others	EZH2	Cardiovascular	HUVEC	251	12/483	0/49	-0.211658	-0.0305956	inf
SRX359949	TFs and others	NR1H2	Digestive tract	LoVo	330	12/483	0/49	-0.211658	-0.0305956	inf
SRX359957	TFs and others	STAT1	Digestive tract	LoVo	191	12/483	0/49	-0.211658	-0.0305956	inf
SRX359963	TFs and others	TERF2	Digestive tract	LoVo	137	12/483	0/49	-0.211658	-0.0305956	inf
SRX359967	TFs and others	CAMTA1	Digestive tract	LoVo	98	12/483	0/49	-0.211658	-0.0305956	inf
SRX360001	TFs and others	GRHL2	Digestive tract	LoVo	302	12/483	0/49	-0.211658	-0.0305956	inf
SRX360013	TFs and others	MEOX2	Digestive tract	LoVo	72	12/483	0/49	-0.211658	-0.0305956	inf
SRX360014	TFs and others	MXI1	Digestive tract	LoVo	70	12/483	0/49	-0.211658	-0.0305956	inf
SRX360015	TFs and others	MYNN	Digestive tract	LoVo	82	12/483	0/49	-0.211658	-0.0305956	inf
SRX360019	TFs and others	STAG2	Digestive tract	LoVo	567	12/483	0/49	-0.211658	-0.0305956	inf
SRX360025	TFs and others	IRX2	Digestive tract	LoVo	145	12/483	0/49	-0.211658	-0.0305956	inf
SRX360034	TFs and others	PRDM4	Digestive tract	LoVo	213	12/483	0/49	-0.211658	-0.0305956	inf
SRX360037	TFs and others	RFX7	Digestive tract	LoVo	366	12/483	0/49	-0.211658	-0.0305956	inf
SRX360052	TFs and others	ZBTB4	Digestive tract	LoVo	299	12/483	0/49	-0.211658	-0.0305956	inf
SRX360402	TFs and others	VDR	Blood	THP-1	602	12/483	0/49	-0.211658	-0.0305956	inf
SRX360404	TFs and others	VDR	Blood	THP-1	567	12/483	0/49	-0.211658	-0.0305956	inf
SRX361888	TFs and others	HNF4A	Digestive tract	LoVo	345	12/483	0/49	-0.211658	-0.0305956	inf
SRX361891	TFs and others	MYC	Digestive tract	LoVo	370	12/483	0/49	-0.211658	-0.0305956	inf
SRX3629596	TFs and others	ESR1	Breast	MCF-7	5205	12/483	0/49	-0.211658	-0.0305956	inf
SRX3630661	TFs and others	FOXO3	Pluripotent stem cell	iPS derived neural cells	552	12/483	0/49	-0.211658	-0.0305956	inf
SRX3630662	TFs and others	FOXO3	Pluripotent stem cell	iPS derived neural cells	410	12/483	0/49	-0.211658	-0.0305956	inf
SRX3630666	TFs and others	FOXO3	Pluripotent stem cell	iPS derived neural cells	401	12/483	0/49	-0.211658	-0.0305956	inf
SRX3630671	TFs and others	FOXO3	Pluripotent stem cell	iPS derived neural cells	426	12/483	0/49	-0.211658	-0.0305956	inf
SRX3630678	TFs and others	FOXO3	Pluripotent stem cell	iPS derived neural cells	39	12/483	0/49	-0.211658	-0.0305956	inf
SRX3644354	TFs and others	FOXA2	Epidermis	BJ	4834	12/483	0/49	-0.211658	-0.0305956	inf
SRX3655131	TFs and others	PBX1	Blood	Natural Killer T-Cells	553	12/483	0/49	-0.211658	-0.0305956	inf
SRX367013	TFs and others	RELA	Cardiovascular	AC16	458	12/483	0/49	-0.211658	-0.0305956	inf
SRX367015	TFs and others	RELA	Cardiovascular	AC16	511	12/483	0/49	-0.211658	-0.0305956	inf
SRX367337	TFs and others	BRD4	Uterus	HeLa	239	12/483	0/49	-0.211658	-0.0305956	inf
SRX3679898	TFs and others	KMT2D	Epidermis	Keratinocytes	792	12/483	0/49	-0.211658	-0.0305956	inf
SRX3733797	TFs and others	EP300	Liver	Hep G2	397	12/483	0/49	-0.211658	-0.0305956	inf
SRX3734301	TFs and others	TP53	Epidermis	Foreskin	1114	12/483	0/49	-0.211658	-0.0305956	inf
SRX3737112	TFs and others	SLBP	Kidney	293	275	12/483	0/49	-0.211658	-0.0305956	inf
SRX373874	TFs and others	SOX11	Blood	GRANTA-519	276	12/483	0/49	-0.211658	-0.0305956	inf
SRX3800729	TFs and others	RAD21	Breast	T-47D	1805	12/483	0/49	-0.211658	-0.0305956	inf
SRX3815844	TFs and others	MCM2	Uterus	HeLa	768	12/483	0/49	-0.211658	-0.0305956	inf
SRX3847778	TFs and others	SMAD2	Cardiovascular	Aortic smooth muscle cells	248	12/483	0/49	-0.211658	-0.0305956	inf
SRX386755	TFs and others	SMARCC1	Breast	MCF-7	70	12/483	0/49	-0.211658	-0.0305956	inf
SRX392783	TFs and others	REST	Blood	GM12878	2372	12/483	0/49	-0.211658	-0.0305956	inf
SRX392784	TFs and others	REST	Blood	GM12878	2753	12/483	0/49	-0.211658	-0.0305956	inf
SRX392792	TFs and others	REST	Blood	Jurkat	2262	12/483	0/49	-0.211658	-0.0305956	inf
SRX392814	TFs and others	EP300	Blood	GM12878	300	12/483	0/49	-0.211658	-0.0305956	inf
SRX3944792	TFs and others	Epitope tags	Lung	HS-SY-II	1028	12/483	0/49	-0.211658	-0.0305956	inf
SRX396265	TFs and others	TP53	Others	Fibroblasts	405	12/483	0/49	-0.211658	-0.0305956	inf
SRX3962744	TFs and others	LMNA	Unclassified	Unclassified	89	12/483	0/49	-0.211658	-0.0305956	inf
SRX396836	TFs and others	Epitope tags	Digestive tract	DLD-1	522	12/483	0/49	-0.211658	-0.0305956	inf
SRX396838	TFs and others	Epitope tags	Digestive tract	DLD-1	363	12/483	0/49	-0.211658	-0.0305956	inf
SRX396839	TFs and others	Epitope tags	Digestive tract	DLD-1	619	12/483	0/49	-0.211658	-0.0305956	inf
SRX396840	TFs and others	Epitope tags	Digestive tract	DLD-1	417	12/483	0/49	-0.211658	-0.0305956	inf
SRX4001954	TFs and others	CEBPB	Blood	THP-1	3113	12/483	0/49	-0.211658	-0.0305956	inf
SRX4017882	TFs and others	TP63	Breast	Breast organoids	1161	12/483	0/49	-0.211658	-0.0305956	inf
SRX4017887	TFs and others	TP63	Breast	MCF 10A	1645	12/483	0/49	-0.211658	-0.0305956	inf
SRX4062886	TFs and others	FOXA1	Prostate	LNCAP	5671	12/483	0/49	-0.211658	-0.0305956	inf
SRX4065344	TFs and others	SOX9	Pluripotent stem cell	hESC derived retinal cells	302	12/483	0/49	-0.211658	-0.0305956	inf
SRX4065347	TFs and others	SOX9	Pluripotent stem cell	hESC derived retinal cells	316	12/483	0/49	-0.211658	-0.0305956	inf
SRX4065348	TFs and others	SOX9	Pluripotent stem cell	hESC derived retinal cells	311	12/483	0/49	-0.211658	-0.0305956	inf
SRX4096865	TFs and others	GATAD2B	Breast	HCC3153	549	12/483	0/49	-0.211658	-0.0305956	inf
SRX4107934	TFs and others	DTL	Bone	U2OS	21364	12/483	0/49	-0.211658	-0.0305956	inf
SRX4171355	TFs and others	Epitope tags	Pluripotent stem cell	hESC H1	10772	12/483	0/49	-0.211658	-0.0305956	inf
SRX4172739	TFs and others	GATA1	Digestive tract	HCT 116	529	12/483	0/49	-0.211658	-0.0305956	inf
SRX423002	TFs and others	CDK2	Breast	T-47D	181	12/483	0/49	-0.211658	-0.0305956	inf
SRX423003	TFs and others	CDK2	Breast	T-47D	477	12/483	0/49	-0.211658	-0.0305956	inf
SRX4240292	TFs and others	CTBP1	Gonad	SK-OV-3	2056	12/483	0/49	-0.211658	-0.0305956	inf
SRX4346765	TFs and others	SALL3	Pluripotent stem cell	iPS cells	347	12/483	0/49	-0.211658	-0.0305956	inf
SRX4390178	TFs and others	JUND	Blood	Kasumi-1	644	12/483	0/49	-0.211658	-0.0305956	inf
SRX4394539	TFs and others	STAT3	Blood	JB6	534	12/483	0/49	-0.211658	-0.0305956	inf
SRX4394544	TFs and others	STAT3	Bone	SU-DHL-1	717	12/483	0/49	-0.211658	-0.0305956	inf
SRX4400347	TFs and others	ATF4	Digestive tract	DLD-1	901	12/483	0/49	-0.211658	-0.0305956	inf
SRX4404398	TFs and others	MYCN	Prostate	LNCAP	307	12/483	0/49	-0.211658	-0.0305956	inf
SRX4411663	TFs and others	AR	Prostate	LNCAP	1153	12/483	0/49	-0.211658	-0.0305956	inf
SRX4473669	TFs and others	SMARCA4	Gonad	BIN-67	881	12/483	0/49	-0.211658	-0.0305956	inf
SRX4561217	TFs and others	CDC16	Breast	MCF-7	1124	12/483	0/49	-0.211658	-0.0305956	inf
SRX456686	TFs and others	GFP	Blood	K-562	264	12/483	0/49	-0.211658	-0.0305956	inf
SRX456687	TFs and others	GFP	Blood	K-562	116	12/483	0/49	-0.211658	-0.0305956	inf
SRX457213	TFs and others	ESR1	Breast	MCF-7	311	12/483	0/49	-0.211658	-0.0305956	inf
SRX4649667	TFs and others	TP53	Breast	MCF 10A	806	12/483	0/49	-0.211658	-0.0305956	inf
SRX4654319	TFs and others	LMNB1	Liver	Hep G2	710	12/483	0/49	-0.211658	-0.0305956	inf
SRX471215	TFs and others	MBD2	Breast	MCF-7	105	12/483	0/49	-0.211658	-0.0305956	inf
SRX4714451	TFs and others	GTF3C2	Breast	T-47D	889	12/483	0/49	-0.211658	-0.0305956	inf
SRX4734148	TFs and others	HDAC9	Cardiovascular	Aneurysm smooth muscle cells	198	12/483	0/49	-0.211658	-0.0305956	inf
SRX4739460	TFs and others	SUPT5H	Uterus	HeLa	563	12/483	0/49	-0.211658	-0.0305956	inf
SRX4739465	TFs and others	SUPT5H	Uterus	HeLa	603	12/483	0/49	-0.211658	-0.0305956	inf
SRX4743489	TFs and others	GFP	Liver	Hep G2	468	12/483	0/49	-0.211658	-0.0305956	inf
SRX4745226	TFs and others	Epitope tags	Kidney	293	277	12/483	0/49	-0.211658	-0.0305956	inf
SRX4745229	TFs and others	Epitope tags	Kidney	293	301	12/483	0/49	-0.211658	-0.0305956	inf
SRX4745239	TFs and others	Epitope tags	Kidney	293	336	12/483	0/49	-0.211658	-0.0305956	inf
SRX475780	TFs and others	REST	Blood	GM12878	3691	12/483	0/49	-0.211658	-0.0305956	inf
SRX475783	TFs and others	REST	Blood	GM12878	2172	12/483	0/49	-0.211658	-0.0305956	inf
SRX475789	TFs and others	EP300	Blood	GM12878	499	12/483	0/49	-0.211658	-0.0305956	inf
SRX475791	TFs and others	EP300	Blood	GM12878	539	12/483	0/49	-0.211658	-0.0305956	inf
SRX4781465	TFs and others	BRD2	Blood	Chronic myeloid leukemia	176	12/483	0/49	-0.211658	-0.0305956	inf
SRX4781468	TFs and others	BRD2	Blood	Chronic myeloid leukemia	352	12/483	0/49	-0.211658	-0.0305956	inf
SRX4781469	TFs and others	BRD2	Blood	Chronic myeloid leukemia	282	12/483	0/49	-0.211658	-0.0305956	inf
SRX4781470	TFs and others	BRD2	Blood	Chronic myeloid leukemia	411	12/483	0/49	-0.211658	-0.0305956	inf
SRX4781471	TFs and others	BRD2	Blood	Chronic myeloid leukemia	254	12/483	0/49	-0.211658	-0.0305956	inf
SRX4781473	TFs and others	BRD2	Blood	Acute myeloid leukemia	296	12/483	0/49	-0.211658	-0.0305956	inf
SRX4781474	TFs and others	BRD2	Blood	Acute myeloid leukemia	273	12/483	0/49	-0.211658	-0.0305956	inf
SRX4781476	TFs and others	BRD2	Blood	Acute myeloid leukemia	403	12/483	0/49	-0.211658	-0.0305956	inf
SRX4781479	TFs and others	BRD2	Blood	Acute myeloid leukemia	389	12/483	0/49	-0.211658	-0.0305956	inf
SRX4781485	TFs and others	BRD3	Blood	Chronic myeloid leukemia	215	12/483	0/49	-0.211658	-0.0305956	inf
SRX4781487	TFs and others	BRD3	Blood	Chronic myeloid leukemia	180	12/483	0/49	-0.211658	-0.0305956	inf
SRX4781488	TFs and others	BRD3	Blood	Chronic myeloid leukemia	289	12/483	0/49	-0.211658	-0.0305956	inf
SRX4781497	TFs and others	BRD4	Blood	Chronic myeloid leukemia	147	12/483	0/49	-0.211658	-0.0305956	inf
SRX4781499	TFs and others	BRD4	Blood	Chronic myeloid leukemia	170	12/483	0/49	-0.211658	-0.0305956	inf
SRX4783031	TFs and others	AR	Prostate	Prostate cancer cells	639	12/483	0/49	-0.211658	-0.0305956	inf
SRX4783060	TFs and others	AR	Prostate	Prostate cancer cells	135	12/483	0/49	-0.211658	-0.0305956	inf
SRX4783067	TFs and others	AR	Prostate	Prostate cancer cells	381	12/483	0/49	-0.211658	-0.0305956	inf
SRX4786541	TFs and others	ESR1	Breast	MCF-7	683	12/483	0/49	-0.211658	-0.0305956	inf
SRX4802307	TFs and others	HIF1A	Kidney	HKC8	153	12/483	0/49	-0.211658	-0.0305956	inf
SRX4802311	TFs and others	ARNT	Kidney	HKC8	188	12/483	0/49	-0.211658	-0.0305956	inf
SRX4802315	TFs and others	EPAS1	Kidney	HKC8	154	12/483	0/49	-0.211658	-0.0305956	inf
SRX4894935	TFs and others	RELA	Kidney	293	233	12/483	0/49	-0.211658	-0.0305956	inf
SRX4909431	TFs and others	HDAC2	Breast	HCC3153	290	12/483	0/49	-0.211658	-0.0305956	inf
SRX4928877	TFs and others	BRD9	Uterus	HeLa	356	12/483	0/49	-0.211658	-0.0305956	inf
SRX4931257	TFs and others	KMT2A	Breast	MCF-7	336	12/483	0/49	-0.211658	-0.0305956	inf
SRX4931265	TFs and others	ELL2	Kidney	293	547	12/483	0/49	-0.211658	-0.0305956	inf
SRX4937350	TFs and others	MED16	Digestive tract	HCT 116	270	12/483	0/49	-0.211658	-0.0305956	inf
SRX4957969	TFs and others	TERF1	Muscle	Muscle, Smooth	116	12/483	0/49	-0.211658	-0.0305956	inf
SRX4964896	TFs and others	ISL1	Digestive tract	SGC-7901	453	12/483	0/49	-0.211658	-0.0305956	inf
SRX497607	TFs and others	PIAS1	Prostate	VCaP	473	12/483	0/49	-0.211658	-0.0305956	inf
SRX4988303	TFs and others	SVS-1	Lung	A549	1909	12/483	0/49	-0.211658	-0.0305956	inf
SRX502065	TFs and others	AR	Prostate	Prostate cancer	4996	12/483	0/49	-0.211658	-0.0305956	inf
SRX502067	TFs and others	AR	Prostate	Prostate cancer	4481	12/483	0/49	-0.211658	-0.0305956	inf
SRX502814	TFs and others	HIRA	Lung	IMR-90	2153	12/483	0/49	-0.211658	-0.0305956	inf
SRX503340	TFs and others	KSHV LANA	Blood	BCBL1	453	12/483	0/49	-0.211658	-0.0305956	inf
SRX5057608	TFs and others	Epitope tags	Breast	T-47D	341	12/483	0/49	-0.211658	-0.0305956	inf
SRX5057613	TFs and others	GATA3	Breast	T-47D	287	12/483	0/49	-0.211658	-0.0305956	inf
SRX5057615	TFs and others	Epitope tags	Breast	T-47D	360	12/483	0/49	-0.211658	-0.0305956	inf
SRX5057618	TFs and others	Epitope tags	Breast	T-47D	269	12/483	0/49	-0.211658	-0.0305956	inf
SRX5057619	TFs and others	GATA3	Breast	T-47D	344	12/483	0/49	-0.211658	-0.0305956	inf
SRX5057629	TFs and others	GATA3	Breast	T-47D	458	12/483	0/49	-0.211658	-0.0305956	inf
SRX5060890	TFs and others	AR	Prostate	LNCAP	2917	12/483	0/49	-0.211658	-0.0305956	inf
SRX5062488	TFs and others	Epitope tags	Blood	Jurkat	1384	12/483	0/49	-0.211658	-0.0305956	inf
SRX5062489	TFs and others	Epitope tags	Blood	Jurkat	1417	12/483	0/49	-0.211658	-0.0305956	inf
SRX5075180	TFs and others	SMARCA2	Neural	Neural progenitor cells	168	12/483	0/49	-0.211658	-0.0305956	inf
SRX5089508	TFs and others	HDAC1	Breast	MCF-7	309	12/483	0/49	-0.211658	-0.0305956	inf
SRX5089523	TFs and others	SMARCA4	Breast	MCF-7	344	12/483	0/49	-0.211658	-0.0305956	inf
SRX5089526	TFs and others	SMARCA4	Breast	MCF-7	291	12/483	0/49	-0.211658	-0.0305956	inf
SRX5089783	TFs and others	SATB1	Breast	MCF 10A	14213	12/483	0/49	-0.211658	-0.0305956	inf
SRX5099499	TFs and others	STAT3	Blood	B cells	336	12/483	0/49	-0.211658	-0.0305956	inf
SRX5123055	TFs and others	POU2F1	Digestive tract	HCT 116	1334	12/483	0/49	-0.211658	-0.0305956	inf
SRX5124847	TFs and others	TLE3	Prostate	LNCAP	1232	12/483	0/49	-0.211658	-0.0305956	inf
SRX5124865	TFs and others	AR	Prostate	22Rv1	816	12/483	0/49	-0.211658	-0.0305956	inf
SRX5138661	TFs and others	ETV2	Epidermis	Dermal fibroblast	798	12/483	0/49	-0.211658	-0.0305956	inf
SRX5141103	TFs and others	IRF8	Blood	THP-1	1722	12/483	0/49	-0.211658	-0.0305956	inf
SRX514838	TFs and others	TP63	Epidermis	Keratinocytes	1080	12/483	0/49	-0.211658	-0.0305956	inf
SRX514846	TFs and others	TP53	Epidermis	Keratinocytes	1054	12/483	0/49	-0.211658	-0.0305956	inf
SRX5157152	TFs and others	CEBPA	Blood	THP-1	2700	12/483	0/49	-0.211658	-0.0305956	inf
SRX5157156	TFs and others	CEBPA	Blood	THP-1	6960	12/483	0/49	-0.211658	-0.0305956	inf
SRX5162248	TFs and others	CREBBP	Placenta	Cytotrophoblast	249	12/483	0/49	-0.211658	-0.0305956	inf
SRX5162252	TFs and others	HDAC1	Placenta	Cytotrophoblast	233	12/483	0/49	-0.211658	-0.0305956	inf
SRX5167215	TFs and others	CHD4	Blood	Acute myeloid leukemia	431	12/483	0/49	-0.211658	-0.0305956	inf
SRX5167218	TFs and others	KDM6A	Blood	Nuclear cells	370	12/483	0/49	-0.211658	-0.0305956	inf
SRX5188627	TFs and others	RUNX3	Digestive tract	SNU-484	244	12/483	0/49	-0.211658	-0.0305956	inf
SRX5195708	TFs and others	ARID1A	Uterus	Endometrial epithelial cells	772	12/483	0/49	-0.211658	-0.0305956	inf
SRX5199670	TFs and others	EP300	Prostate	LNCAP	538	12/483	0/49	-0.211658	-0.0305956	inf
SRX5199676	TFs and others	EP300	Prostate	LNCAP	584	12/483	0/49	-0.211658	-0.0305956	inf
SRX5202469	TFs and others	UBE3A	Pluripotent stem cell	hESC H9	507	12/483	0/49	-0.211658	-0.0305956	inf
SRX5203310	TFs and others	ESR1	Breast	MCF-7	389	12/483	0/49	-0.211658	-0.0305956	inf
SRX5203317	TFs and others	ESR1	Breast	MCF-7	439	12/483	0/49	-0.211658	-0.0305956	inf
SRX5213648	TFs and others	BRD4	Breast	HCC1806	464	12/483	0/49	-0.211658	-0.0305956	inf
SRX5231785	TFs and others	MYC	Breast	UACC-812	353	12/483	0/49	-0.211658	-0.0305956	inf
SRX5242459	TFs and others	MED1	Blood	MOLM-14	905	12/483	0/49	-0.211658	-0.0305956	inf
SRX5242460	TFs and others	MED1	Blood	MOLM-14	926	12/483	0/49	-0.211658	-0.0305956	inf
SRX5257608	TFs and others	GATA2	Prostate	VCaP	12539	12/483	0/49	-0.211658	-0.0305956	inf
SRX527871	TFs and others	Epitope tags	Kidney	293	520	12/483	0/49	-0.211658	-0.0305956	inf
SRX527885	TFs and others	Epitope tags	Kidney	293	561	12/483	0/49	-0.211658	-0.0305956	inf
SRX5286345	TFs and others	TFAP2C	Pluripotent stem cell	ES cells	310	12/483	0/49	-0.211658	-0.0305956	inf
SRX5287713	TFs and others	Biotin	Breast	MCF-7	205	12/483	0/49	-0.211658	-0.0305956	inf
SRX5287714	TFs and others	Biotin	Breast	MCF-7	212	12/483	0/49	-0.211658	-0.0305956	inf
SRX5289967	TFs and others	NR3C1	Lung	BEAS-2B	1021	12/483	0/49	-0.211658	-0.0305956	inf
SRX5289976	TFs and others	NR3C1	Lung	BEAS-2B	907	12/483	0/49	-0.211658	-0.0305956	inf
SRX5289988	TFs and others	NR3C1	Lung	BEAS-2B	1051	12/483	0/49	-0.211658	-0.0305956	inf
SRX5289990	TFs and others	NR3C1	Lung	BEAS-2B	1174	12/483	0/49	-0.211658	-0.0305956	inf
SRX5323821	TFs and others	STAT3	Breast	T-47D	333	12/483	0/49	-0.211658	-0.0305956	inf
SRX5341939	TFs and others	Epitope tags	Muscle	Rhabdomyosarcoma	669	12/483	0/49	-0.211658	-0.0305956	inf
SRX5342362	TFs and others	FOXL2	Gonad	SVOG-3e	481	12/483	0/49	-0.211658	-0.0305956	inf
SRX5342363	TFs and others	FOXL2	Gonad	SVOG-3e	923	12/483	0/49	-0.211658	-0.0305956	inf
SRX5342372	TFs and others	FOXL2	Gonad	SVOG-3e	637	12/483	0/49	-0.211658	-0.0305956	inf
SRX5346124	TFs and others	MYC	Blood	RAMOS	696	12/483	0/49	-0.211658	-0.0305956	inf
SRX535178	TFs and others	HSF1	Digestive tract	HCT 116	479	12/483	0/49	-0.211658	-0.0305956	inf
SRX5360641	TFs and others	KLF4	Epidermis	BJ	256	12/483	0/49	-0.211658	-0.0305956	inf
SRX5360662	TFs and others	KLF4	Epidermis	BJ	158	12/483	0/49	-0.211658	-0.0305956	inf
SRX5371743	TFs and others	RELA	Blood	CD4+ T cells	1435	12/483	0/49	-0.211658	-0.0305956	inf
SRX539686	TFs and others	SPIN1	Adipocyte	T778	528	12/483	0/49	-0.211658	-0.0305956	inf
SRX5444515	TFs and others	DOT1L	Blood	MOLM-13	372	12/483	0/49	-0.211658	-0.0305956	inf
SRX5491533	TFs and others	XPO1	Blood	Loucy	76	12/483	0/49	-0.211658	-0.0305956	inf
SRX5493750	TFs and others	AR	Breast	Breast cancer cells	326	12/483	0/49	-0.211658	-0.0305956	inf
SRX5493755	TFs and others	FOXA1	Breast	Breast cancer cells	825	12/483	0/49	-0.211658	-0.0305956	inf
SRX5493759	TFs and others	FOXA1	Breast	Breast cancer cells	667	12/483	0/49	-0.211658	-0.0305956	inf
SRX5493764	TFs and others	ESR1	Breast	Breast cancer cells	663	12/483	0/49	-0.211658	-0.0305956	inf
SRX5501659	TFs and others	CDK9	Epidermis	A-375	330	12/483	0/49	-0.211658	-0.0305956	inf
SRX5503025	TFs and others	Epitope tags	Kidney	293	272	12/483	0/49	-0.211658	-0.0305956	inf
SRX5504739	TFs and others	Epitope tags	Pluripotent stem cell	hESC derived neural cells	223	12/483	0/49	-0.211658	-0.0305956	inf
SRX5504741	TFs and others	Epitope tags	Pluripotent stem cell	hESC derived neural cells	362	12/483	0/49	-0.211658	-0.0305956	inf
SRX5504743	TFs and others	Epitope tags	Pluripotent stem cell	hESC derived neural cells	204	12/483	0/49	-0.211658	-0.0305956	inf
SRX5504745	TFs and others	Epitope tags	Pluripotent stem cell	hESC derived neural cells	114	12/483	0/49	-0.211658	-0.0305956	inf
SRX5511307	TFs and others	ESR1	Breast	MDA-MB-231	394	12/483	0/49	-0.211658	-0.0305956	inf
SRX5527648	TFs and others	NR2F2	Cardiovascular	HUVEC	56	12/483	0/49	-0.211658	-0.0305956	inf
SRX5527649	TFs and others	NR2F2	Cardiovascular	HUVEC	38	12/483	0/49	-0.211658	-0.0305956	inf
SRX553665	TFs and others	TRIM28	Pluripotent stem cell	hESC H1	8253	12/483	0/49	-0.211658	-0.0305956	inf
SRX5574366	TFs and others	Epitope tags	Blood	Dendritic Cells	416	12/483	0/49	-0.211658	-0.0305956	inf
SRX5574368	TFs and others	Epitope tags	Blood	Dendritic Cells	360	12/483	0/49	-0.211658	-0.0305956	inf
SRX5574477	TFs and others	SPI1	Blood	CTV-1	535	12/483	0/49	-0.211658	-0.0305956	inf
SRX5574516	TFs and others	SPI1	Liver	Hep G2	531	12/483	0/49	-0.211658	-0.0305956	inf
SRX5600886	TFs and others	ATF4	Neural	Prefrontal Cortex	545	12/483	0/49	-0.211658	-0.0305956	inf
SRX5600899	TFs and others	THRA	Neural	Prefrontal Cortex	450	12/483	0/49	-0.211658	-0.0305956	inf
SRX5600906	TFs and others	THRA	Neural	Prefrontal Cortex	307	12/483	0/49	-0.211658	-0.0305956	inf
SRX5604676	TFs and others	HOXB13	Prostate	LNCAP	2819	12/483	0/49	-0.211658	-0.0305956	inf
SRX5620950	TFs and others	FLI1	Bone	A-673	582	12/483	0/49	-0.211658	-0.0305956	inf
SRX5654406	TFs and others	GFP	Liver	Hep G2	603	12/483	0/49	-0.211658	-0.0305956	inf
SRX5654408	TFs and others	GFP	Liver	Hep G2	624	12/483	0/49	-0.211658	-0.0305956	inf
SRX5661462	TFs and others	XRCC5	Kidney	293	55	12/483	0/49	-0.211658	-0.0305956	inf
SRX5662027	TFs and others	JMJD6	Neural	CHP-134	168	12/483	0/49	-0.211658	-0.0305956	inf
SRX5683084	TFs and others	ESR1	Breast	T-47D	315	12/483	0/49	-0.211658	-0.0305956	inf
SRX5716452	TFs and others	SOX2	Neural	Neural progenitor cells	65	12/483	0/49	-0.211658	-0.0305956	inf
SRX5716455	TFs and others	SOX3	Neural	Neural progenitor cells	96	12/483	0/49	-0.211658	-0.0305956	inf
SRX5716456	TFs and others	SOX3	Neural	Neural progenitor cells	57	12/483	0/49	-0.211658	-0.0305956	inf
SRX5719616	TFs and others	CTCF	Blood	Jurkat	752	12/483	0/49	-0.211658	-0.0305956	inf
SRX573053	TFs and others	CPSF3L	Uterus	HeLa	567	12/483	0/49	-0.211658	-0.0305956	inf
SRX5759191	TFs and others	SUZ12	Neural	ipNF05.5	192	12/483	0/49	-0.211658	-0.0305956	inf
SRX5763013	TFs and others	KLF4	Pluripotent stem cell	hESC WIBR3	1618	12/483	0/49	-0.211658	-0.0305956	inf
SRX5817190	TFs and others	Epitope tags	Kidney	293	406	12/483	0/49	-0.211658	-0.0305956	inf
SRX5824555	TFs and others	BRD7	Breast	SUM 159PT	617	12/483	0/49	-0.211658	-0.0305956	inf
SRX5824590	TFs and others	BRD4	Breast	SUM 159PT	1044	12/483	0/49	-0.211658	-0.0305956	inf
SRX5849924	TFs and others	TP53	Lung	A549	296	12/483	0/49	-0.211658	-0.0305956	inf
SRX5849926	TFs and others	TP53	Lung	A549	898	12/483	0/49	-0.211658	-0.0305956	inf
SRX5865968	TFs and others	TP53	Blood	K-562	363	12/483	0/49	-0.211658	-0.0305956	inf
SRX5865972	TFs and others	TP53	Blood	K-562	1102	12/483	0/49	-0.211658	-0.0305956	inf
SRX5865979	TFs and others	TP53	Blood	MOLM-13	118	12/483	0/49	-0.211658	-0.0305956	inf
SRX5865980	TFs and others	TP53	Blood	MOLM-13	2765	12/483	0/49	-0.211658	-0.0305956	inf
SRX5865981	TFs and others	TP53	Blood	MOLM-13	118	12/483	0/49	-0.211658	-0.0305956	inf
SRX5865988	TFs and others	TP53	Blood	MOLM-13	2922	12/483	0/49	-0.211658	-0.0305956	inf
SRX5887616	TFs and others	SNAI2	Lung	PC-9	514	12/483	0/49	-0.211658	-0.0305956	inf
SRX5888987	TFs and others	RELA	Others	Head and neck squamous cell carcinoma 	72	12/483	0/49	-0.211658	-0.0305956	inf
SRX5974523	TFs and others	TAL1	Blood	K-562	6581	12/483	0/49	-0.211658	-0.0305956	inf
SRX5974587	TFs and others	TAL1	Blood	K-562	8639	12/483	0/49	-0.211658	-0.0305956	inf
SRX5974588	TFs and others	TAL1	Blood	K-562	6399	12/483	0/49	-0.211658	-0.0305956	inf
SRX6054278	TFs and others	HDAC9	Uterus	SK-UT-1	1037	12/483	0/49	-0.211658	-0.0305956	inf
SRX6058767	TFs and others	TOP2A	Breast	T-47D	1421	12/483	0/49	-0.211658	-0.0305956	inf
SRX6066502	TFs and others	CDK9	Digestive tract	HCT 116	634	12/483	0/49	-0.211658	-0.0305956	inf
SRX6073298	TFs and others	IRF4	Blood	BC-3	1813	12/483	0/49	-0.211658	-0.0305956	inf
SRX6077667	TFs and others	MEN1	Prostate	PC-3	796	12/483	0/49	-0.211658	-0.0305956	inf
SRX608344	TFs and others	GFP	Kidney	293	114	12/483	0/49	-0.211658	-0.0305956	inf
SRX6098151	TFs and others	TRPS1	Breast	MCF-7	315	12/483	0/49	-0.211658	-0.0305956	inf
SRX6101050	TFs and others	NUTM1	Others	TC-797	508	12/483	0/49	-0.211658	-0.0305956	inf
SRX6175615	TFs and others	STAG2	Bone	A-673	1657	12/483	0/49	-0.211658	-0.0305956	inf
SRX6175641	TFs and others	STAG2	Bone	TC-71	371	12/483	0/49	-0.211658	-0.0305956	inf
SRX6367590	TFs and others	NCOR1	Kidney	293	427	12/483	0/49	-0.211658	-0.0305956	inf
SRX6370183	TFs and others	EPOP	Pluripotent stem cell	NT2-D1	94	12/483	0/49	-0.211658	-0.0305956	inf
SRX6370189	TFs and others	CBX7	Pluripotent stem cell	NT2-D1	2754	12/483	0/49	-0.211658	-0.0305956	inf
SRX6384785	TFs and others	MED26	Digestive tract	HCT 116	449	12/483	0/49	-0.211658	-0.0305956	inf
SRX6384907	TFs and others	KDM1A	Epidermis	Keratinocytes	563	12/483	0/49	-0.211658	-0.0305956	inf
SRX6384908	TFs and others	KDM1A	Epidermis	Keratinocytes	819	12/483	0/49	-0.211658	-0.0305956	inf
SRX6430586	TFs and others	EZH2	Unclassified	Unclassified	387	12/483	0/49	-0.211658	-0.0305956	inf
SRX6430588	TFs and others	EZH2	Blood	RPMI 8226	664	12/483	0/49	-0.211658	-0.0305956	inf
SRX6430591	TFs and others	EZH2	Blood	RPMI 8226	721	12/483	0/49	-0.211658	-0.0305956	inf
SRX6435396	TFs and others	SUPT5H	Kidney	293	233	12/483	0/49	-0.211658	-0.0305956	inf
SRX6435397	TFs and others	SUPT5H	Kidney	293	172	12/483	0/49	-0.211658	-0.0305956	inf
SRX644709	TFs and others	BMI1	Kidney	293	220	12/483	0/49	-0.211658	-0.0305956	inf
SRX644713	TFs and others	BMI1	Kidney	293	255	12/483	0/49	-0.211658	-0.0305956	inf
SRX6476497	TFs and others	SMAD2	Cardiovascular	Aortic smooth muscle cells	248	12/483	0/49	-0.211658	-0.0305956	inf
SRX647704	TFs and others	TP53	Breast	MDA-MB-175-VII	950	12/483	0/49	-0.211658	-0.0305956	inf
SRX647705	TFs and others	TP53	Breast	MDA-MB-468	920	12/483	0/49	-0.211658	-0.0305956	inf
SRX6480757	TFs and others	Epitope tags	Kidney	293	463	12/483	0/49	-0.211658	-0.0305956	inf
SRX6483137	TFs and others	SS18	Neural	NGP	475	12/483	0/49	-0.211658	-0.0305956	inf
SRX6605192	TFs and others	BrdU	Uterus	HeLa	104	12/483	0/49	-0.211658	-0.0305956	inf
SRX6680401	TFs and others	CBX5	Bone	HT-1080	574	12/483	0/49	-0.211658	-0.0305956	inf
SRX673726	TFs and others	Biotin	Breast	MCF-7	891	12/483	0/49	-0.211658	-0.0305956	inf
SRX673736	TFs and others	PRKDC	Breast	MCF-7	60	12/483	0/49	-0.211658	-0.0305956	inf
SRX6743051	TFs and others	SMARCA4	Prostate	VCaP	5477	12/483	0/49	-0.211658	-0.0305956	inf
SRX6750795	TFs and others	EZH2	Breast	MDA-MB-231	1037	12/483	0/49	-0.211658	-0.0305956	inf
SRX6777400	TFs and others	ESR1	Breast	MCF-7	1308	12/483	0/49	-0.211658	-0.0305956	inf
SRX6800703	TFs and others	JUN	Blood	CAR-T cells	553	12/483	0/49	-0.211658	-0.0305956	inf
SRX6800709	TFs and others	JUN	Blood	CAR-T cells	567	12/483	0/49	-0.211658	-0.0305956	inf
SRX6824681	TFs and others	SNAI2	Muscle	Rhabdomyosarcoma	159	12/483	0/49	-0.211658	-0.0305956	inf
SRX6860634	TFs and others	RNF2	Breast	T-47D	1074	12/483	0/49	-0.211658	-0.0305956	inf
SRX6860650	TFs and others	RNF2	Breast	T-47D	759	12/483	0/49	-0.211658	-0.0305956	inf
SRX6860691	TFs and others	ESR1	Breast	T-47D	637	12/483	0/49	-0.211658	-0.0305956	inf
SRX6860696	TFs and others	ESR1	Breast	T-47D	635	12/483	0/49	-0.211658	-0.0305956	inf
SRX6878597	TFs and others	CREB5	Prostate	LNCAP	840	12/483	0/49	-0.211658	-0.0305956	inf
SRX6911612	TFs and others	ZMYND8	Neural	Glioblastoma	478	12/483	0/49	-0.211658	-0.0305956	inf
SRX6911627	TFs and others	WHSC1	Lung	IMR-90	1313	12/483	0/49	-0.211658	-0.0305956	inf
SRX6913094	TFs and others	BRD2	Blood	CD4+ T cells	277	12/483	0/49	-0.211658	-0.0305956	inf
SRX6944146	TFs and others	FOS	Blood	CD4+ T cells	53	12/483	0/49	-0.211658	-0.0305956	inf
SRX6944148	TFs and others	JUNB	Blood	CD4+ T cells	45	12/483	0/49	-0.211658	-0.0305956	inf
SRX6957436	TFs and others	SMAD2	Kidney	HGrC1	913	12/483	0/49	-0.211658	-0.0305956	inf
SRX695885	TFs and others	ASCL1	Others	Tumor	748	12/483	0/49	-0.211658	-0.0305956	inf
SRX695886	TFs and others	ASCL1	Others	Tumor	541	12/483	0/49	-0.211658	-0.0305956	inf
SRX695887	TFs and others	ASCL1	Others	Tumor	314	12/483	0/49	-0.211658	-0.0305956	inf
SRX695891	TFs and others	ASCL1	Others	Tumor	193	12/483	0/49	-0.211658	-0.0305956	inf
SRX7015647	TFs and others	Epitope tags	Others	Fibroblasts	947	12/483	0/49	-0.211658	-0.0305956	inf
SRX7015651	TFs and others	Epitope tags	Others	Fibroblasts	1073	12/483	0/49	-0.211658	-0.0305956	inf
SRX7015659	TFs and others	RING1	Muscle	SYO-1	202	12/483	0/49	-0.211658	-0.0305956	inf
SRX7015661	TFs and others	RNF2	Muscle	SYO-1	205	12/483	0/49	-0.211658	-0.0305956	inf
SRX7015669	TFs and others	Epitope tags	Others	Fibroblasts	435	12/483	0/49	-0.211658	-0.0305956	inf
SRX701993	TFs and others	GATA4	Pluripotent stem cell	hESC derived mesendodermal cells	528	12/483	0/49	-0.211658	-0.0305956	inf
SRX702001	TFs and others	GATA6	Pluripotent stem cell	hESC derived mesendodermal cells	1382	12/483	0/49	-0.211658	-0.0305956	inf
SRX702024	TFs and others	HNF1B	Pluripotent stem cell	hESC derived mesendodermal cells	236	12/483	0/49	-0.211658	-0.0305956	inf
SRX702028	TFs and others	HNF4A	Pluripotent stem cell	hESC HUES64	225	12/483	0/49	-0.211658	-0.0305956	inf
SRX702070	TFs and others	ZFP42	Pluripotent stem cell	hESC derived mesendodermal cells	148	12/483	0/49	-0.211658	-0.0305956	inf
SRX702073	TFs and others	SALL4	Pluripotent stem cell	hESC HUES64	57	12/483	0/49	-0.211658	-0.0305956	inf
SRX702082	TFs and others	SMAD1	Pluripotent stem cell	hESC derived mesendodermal cells	131	12/483	0/49	-0.211658	-0.0305956	inf
SRX702090	TFs and others	SMAD2	Pluripotent stem cell	hESC derived mesendodermal cells	245	12/483	0/49	-0.211658	-0.0305956	inf
SRX702152	TFs and others	HAND2	Pluripotent stem cell	hESC derived mesendodermal cells	229	12/483	0/49	-0.211658	-0.0305956	inf
SRX7036324	TFs and others	ARID1A	Pluripotent stem cell	hESC H9	2225	12/483	0/49	-0.211658	-0.0305956	inf
SRX7086151	TFs and others	HNF1A	Pluripotent stem cell	hESC derived pancreatic cells	651	12/483	0/49	-0.211658	-0.0305956	inf
SRX7086153	TFs and others	HNF1A	Epidermis	Skin fibroblasts	741	12/483	0/49	-0.211658	-0.0305956	inf
SRX7101363	TFs and others	TEAD1	Breast	Breast cancer cells	430	12/483	0/49	-0.211658	-0.0305956	inf
SRX7130720	TFs and others	TP53	Breast	MCF 10A	369	12/483	0/49	-0.211658	-0.0305956	inf
SRX7130727	TFs and others	CTCF	Breast	MCF 10A	868	12/483	0/49	-0.211658	-0.0305956	inf
SRX7130731	TFs and others	TP53	Breast	MCF 10A	1026	12/483	0/49	-0.211658	-0.0305956	inf
SRX713892	TFs and others	AR	Prostate	R1-AD1	526	12/483	0/49	-0.211658	-0.0305956	inf
SRX713893	TFs and others	AR	Prostate	R1-AD1	524	12/483	0/49	-0.211658	-0.0305956	inf
SRX713898	TFs and others	AR	Prostate	R1-AD567	528	12/483	0/49	-0.211658	-0.0305956	inf
SRX713899	TFs and others	AR	Prostate	R1-AD567	416	12/483	0/49	-0.211658	-0.0305956	inf
SRX7175123	TFs and others	FOXA1	Digestive tract	LS-180	632	12/483	0/49	-0.211658	-0.0305956	inf
SRX7223843	TFs and others	CTCF	Bone	U2OS	701	12/483	0/49	-0.211658	-0.0305956	inf
SRX7277184	TFs and others	LMNA	Unclassified	Unclassified	471	12/483	0/49	-0.211658	-0.0305956	inf
SRX7277190	TFs and others	LMNA	Unclassified	Unclassified	556	12/483	0/49	-0.211658	-0.0305956	inf
SRX7277191	TFs and others	LMNA	Unclassified	Unclassified	486	12/483	0/49	-0.211658	-0.0305956	inf
SRX7277200	TFs and others	LMNA	Unclassified	Unclassified	406	12/483	0/49	-0.211658	-0.0305956	inf
SRX728790	TFs and others	CDK12	Blood	THP-1	526	12/483	0/49	-0.211658	-0.0305956	inf
SRX729713	TFs and others	OTX2	Pluripotent stem cell	hESC derived neural cells	37	12/483	0/49	-0.211658	-0.0305956	inf
SRX7299247	TFs and others	NFE2L2	Kidney	WT 9-12	461	12/483	0/49	-0.211658	-0.0305956	inf
SRX7299248	TFs and others	EP300	Kidney	WT 9-12	224	12/483	0/49	-0.211658	-0.0305956	inf
SRX7299256	TFs and others	EP300	Kidney	WT 9-12	334	12/483	0/49	-0.211658	-0.0305956	inf
SRX730431	TFs and others	NCAPG	Breast	MCF-7	64	12/483	0/49	-0.211658	-0.0305956	inf
SRX730435	TFs and others	NCAPG2	Breast	MCF-7	355	12/483	0/49	-0.211658	-0.0305956	inf
SRX7359957	TFs and others	TWIST1	Liver	PLC/PRF/5	233	12/483	0/49	-0.211658	-0.0305956	inf
SRX736053	TFs and others	AR	Prostate	LNCAP	225	12/483	0/49	-0.211658	-0.0305956	inf
SRX736071	TFs and others	RUNX1	Prostate	LNCAP	477	12/483	0/49	-0.211658	-0.0305956	inf
SRX7366784	TFs and others	CDK9	Breast	MCF-7	352	12/483	0/49	-0.211658	-0.0305956	inf
SRX7415623	TFs and others	NEIL1	Digestive tract	HCT 116	422	12/483	0/49	-0.211658	-0.0305956	inf
SRX748422	TFs and others	TCF7L2	Digestive tract	HCT 116	321	12/483	0/49	-0.211658	-0.0305956	inf
SRX7498513	TFs and others	CTCF	Uterus	SiHa	10926	12/483	0/49	-0.211658	-0.0305956	inf
SRX753152	TFs and others	GTF2I	Pluripotent stem cell	iPS cells	525	12/483	0/49	-0.211658	-0.0305956	inf
SRX7540321	TFs and others	ESR1	Breast	MCF-7	322	12/483	0/49	-0.211658	-0.0305956	inf
SRX758133	TFs and others	NR3C1	Blood	MM.1S	2254	12/483	0/49	-0.211658	-0.0305956	inf
SRX7625879	TFs and others	HIF1A	Kidney	293	280	12/483	0/49	-0.211658	-0.0305956	inf
SRX7626339	TFs and others	CTCF	Others	Mesenchymal Stromal Cells	363	12/483	0/49	-0.211658	-0.0305956	inf
SRX7642860	TFs and others	RBM39	Breast	Mammary epithelial cells	68	12/483	0/49	-0.211658	-0.0305956	inf
SRX7642861	TFs and others	KMT2A	Breast	Mammary epithelial cells	62	12/483	0/49	-0.211658	-0.0305956	inf
SRX7642862	TFs and others	KMT2A	Breast	Mammary epithelial cells	60	12/483	0/49	-0.211658	-0.0305956	inf
SRX7654168	TFs and others	EZH2	Prostate	DU 145	589	12/483	0/49	-0.211658	-0.0305956	inf
SRX7654169	TFs and others	EZH2	Prostate	DU 145	586	12/483	0/49	-0.211658	-0.0305956	inf
SRX7654170	TFs and others	SUZ12	Prostate	DU 145	600	12/483	0/49	-0.211658	-0.0305956	inf
SRX7668891	TFs and others	EBF1	Digestive tract	AGS	135	12/483	0/49	-0.211658	-0.0305956	inf
SRX7677726	TFs and others	NELFCD	Digestive tract	DLD-1	537	12/483	0/49	-0.211658	-0.0305956	inf
SRX769727	TFs and others	SUMO2	Prostate	VCaP	1105	12/483	0/49	-0.211658	-0.0305956	inf
SRX7748791	TFs and others	AFF4	Digestive tract	DLD-1	410	12/483	0/49	-0.211658	-0.0305956	inf
SRX7785405	TFs and others	ATF4	Blood	Jurkat	1498	12/483	0/49	-0.211658	-0.0305956	inf
SRX7805375	TFs and others	SALL2	Kidney	293	498	12/483	0/49	-0.211658	-0.0305956	inf
SRX7875101	TFs and others	BRD9	Prostate	LNCAP	713	12/483	0/49	-0.211658	-0.0305956	inf
SRX7902049	TFs and others	NRF1	Prostate	DU 145	99	12/483	0/49	-0.211658	-0.0305956	inf
SRX7902983	TFs and others	EGR1	Blood	CD34+	128	12/483	0/49	-0.211658	-0.0305956	inf
SRX7951325	TFs and others	SMARCA4	Lung	NCI-H1944	521	12/483	0/49	-0.211658	-0.0305956	inf
SRX7951327	TFs and others	SMARCA4	Lung	NCI-H1944	939	12/483	0/49	-0.211658	-0.0305956	inf
SRX7972454	TFs and others	MKL2	Epidermis	MKL-2	442	12/483	0/49	-0.211658	-0.0305956	inf
SRX7981730	TFs and others	CREBBP	Prostate	Prostate cancer	202	12/483	0/49	-0.211658	-0.0305956	inf
SRX7981731	TFs and others	CREBBP	Prostate	Prostate cancer	263	12/483	0/49	-0.211658	-0.0305956	inf
SRX8023132	TFs and others	TP53	Breast	MCF 10A	153	12/483	0/49	-0.211658	-0.0305956	inf
SRX8023138	TFs and others	TP53	Breast	MCF 10A	370	12/483	0/49	-0.211658	-0.0305956	inf
SRX8026060	TFs and others	SMARCA4	Pluripotent stem cell	hESC WIBR3	1317	12/483	0/49	-0.211658	-0.0305956	inf
SRX8030715	TFs and others	SUZ12	Neural	G477	645	12/483	0/49	-0.211658	-0.0305956	inf
SRX8064815	TFs and others	E2F6	Blood	Lymphoblastoid cell line	3299	12/483	0/49	-0.211658	-0.0305956	inf
SRX8084743	TFs and others	Epitope tags	Breast	WHIM12	1077	12/483	0/49	-0.211658	-0.0305956	inf
SRX8089692	TFs and others	AR	Prostate	LAPC-4	303	12/483	0/49	-0.211658	-0.0305956	inf
SRX8089697	TFs and others	AR	Prostate	LAPC-4	303	12/483	0/49	-0.211658	-0.0305956	inf
SRX8155176	TFs and others	MED1	Digestive tract	HCT 116	528	12/483	0/49	-0.211658	-0.0305956	inf
SRX821821	TFs and others	PPARG	Adipocyte	Adipose Tissue, White	256	12/483	0/49	-0.211658	-0.0305956	inf
SRX8257414	TFs and others	DDX21	Epidermis	A-375	547	12/483	0/49	-0.211658	-0.0305956	inf
SRX825988	TFs and others	EZH2	Digestive tract	HCT 116	290	12/483	0/49	-0.211658	-0.0305956	inf
SRX831877	TFs and others	STAT5B	Blood	CD8+ T cells	217	12/483	0/49	-0.211658	-0.0305956	inf
SRX833400	TFs and others	LEF1	Pluripotent stem cell	hESC H1	91	12/483	0/49	-0.211658	-0.0305956	inf
SRX8379094	TFs and others	SMARCA4	Gonad	BIN-67	582	12/483	0/49	-0.211658	-0.0305956	inf
SRX8406500	TFs and others	FOXA1	Prostate	Prostate	444	12/483	0/49	-0.211658	-0.0305956	inf
SRX8406501	TFs and others	FOXA1	Prostate	Prostate	393	12/483	0/49	-0.211658	-0.0305956	inf
SRX8406502	TFs and others	FOXA1	Prostate	Prostate	1594	12/483	0/49	-0.211658	-0.0305956	inf
SRX8406530	TFs and others	FOXA1	Prostate	Prostatic Neoplasms, Castration-Resistant	6111	12/483	0/49	-0.211658	-0.0305956	inf
SRX8432581	TFs and others	EZH2	Pluripotent stem cell	iPS cells	370	12/483	0/49	-0.211658	-0.0305956	inf
SRX8512749	TFs and others	CBX5	Digestive tract	HCT 116	504	12/483	0/49	-0.211658	-0.0305956	inf
SRX8512818	TFs and others	NRF1	Digestive tract	HCT 116	311	12/483	0/49	-0.211658	-0.0305956	inf
SRX8512838	TFs and others	RCOR3	Digestive tract	HCT 116	219	12/483	0/49	-0.211658	-0.0305956	inf
SRX8512863	TFs and others	SMARCD1	Digestive tract	HCT 116	232	12/483	0/49	-0.211658	-0.0305956	inf
SRX8536095	TFs and others	RUNX1	Blood	CD34+	235	12/483	0/49	-0.211658	-0.0305956	inf
SRX8602206	TFs and others	IRF4	Blood	OCI-LY-10	3910	12/483	0/49	-0.211658	-0.0305956	inf
SRX8616371	TFs and others	KSHV LANA	Blood	BJAB	104	12/483	0/49	-0.211658	-0.0305956	inf
SRX8616376	TFs and others	BRD4	Blood	BCBL1	151	12/483	0/49	-0.211658	-0.0305956	inf
SRX8616379	TFs and others	BRD4	Blood	BCBL1	68	12/483	0/49	-0.211658	-0.0305956	inf
SRX8616805	TFs and others	JUN	Lung	A549	117	12/483	0/49	-0.211658	-0.0305956	inf
SRX8616806	TFs and others	JUN	Lung	A549	92	12/483	0/49	-0.211658	-0.0305956	inf
SRX8616817	TFs and others	FOSL1	Lung	A549	658	12/483	0/49	-0.211658	-0.0305956	inf
SRX861681	TFs and others	AR	Prostate	Prostate cancer	282	12/483	0/49	-0.211658	-0.0305956	inf
SRX8616821	TFs and others	FOSL1	Lung	A549	229	12/483	0/49	-0.211658	-0.0305956	inf
SRX8616865	TFs and others	JUND	Lung	A549	231	12/483	0/49	-0.211658	-0.0305956	inf
SRX8664957	TFs and others	ATF4	Blood	HUDEP-2	979	12/483	0/49	-0.211658	-0.0305956	inf
SRX8699673	TFs and others	PPP2CA	Digestive tract	DLD-1	253	12/483	0/49	-0.211658	-0.0305956	inf
SRX8713962	TFs and others	Epitope tags	Neural	Neural Stem Cells	512	12/483	0/49	-0.211658	-0.0305956	inf
SRX8713994	TFs and others	SUZ12	Neural	Neural Stem Cells	511	12/483	0/49	-0.211658	-0.0305956	inf
SRX8806004	TFs and others	Epitope tags	Blood	HUDEP-2	778	12/483	0/49	-0.211658	-0.0305956	inf
SRX8806010	TFs and others	ZNF410	Blood	CD34+	555	12/483	0/49	-0.211658	-0.0305956	inf
SRX8807161	TFs and others	MED1	Blood	AMU-AML1	402	12/483	0/49	-0.211658	-0.0305956	inf
SRX8815006	TFs and others	LMNB1	Pluripotent stem cell	iPSC derived hepatocytes	327	12/483	0/49	-0.211658	-0.0305956	inf
SRX882958	TFs and others	AR	Prostate	LNCAP	565	12/483	0/49	-0.211658	-0.0305956	inf
SRX8830086	TFs and others	TFAP2A	Digestive tract	Colorectal carcinoma	1033	12/483	0/49	-0.211658	-0.0305956	inf
SRX8850931	TFs and others	Epitope tags	Breast	MCF 10A	447	12/483	0/49	-0.211658	-0.0305956	inf
SRX8886222	TFs and others	NFKB1	Breast	MDA-MB-231	167	12/483	0/49	-0.211658	-0.0305956	inf
SRX9012290	TFs and others	GPS2	Adipocyte	Adipose-Derived Mesenchymal Stem Cells	696	12/483	0/49	-0.211658	-0.0305956	inf
SRX9045668	TFs and others	ESR1	Breast	MCF-7	439	12/483	0/49	-0.211658	-0.0305956	inf
SRX9071228	TFs and others	BRD4	Blood	SEM	489	12/483	0/49	-0.211658	-0.0305956	inf
SRX9075672	TFs and others	REST	Pluripotent stem cell	iPS derived neural cells	528	12/483	0/49	-0.211658	-0.0305956	inf
SRX9135090	TFs and others	AR	Prostate	VCaP	727	12/483	0/49	-0.211658	-0.0305956	inf
SRX9178815	TFs and others	HAP1	Blood	HAP1	286	12/483	0/49	-0.211658	-0.0305956	inf
SRX9178817	TFs and others	HAP1	Blood	HAP1	304	12/483	0/49	-0.211658	-0.0305956	inf
SRX9178820	TFs and others	HAP1	Blood	HAP1	309	12/483	0/49	-0.211658	-0.0305956	inf
SRX9178831	TFs and others	HAP1	Blood	HAP1	249	12/483	0/49	-0.211658	-0.0305956	inf
SRX9178835	TFs and others	HAP1	Blood	HAP1	262	12/483	0/49	-0.211658	-0.0305956	inf
SRX9178838	TFs and others	HAP1	Blood	HAP1	108	12/483	0/49	-0.211658	-0.0305956	inf
SRX9178847	TFs and others	HAP1	Blood	HAP1	181	12/483	0/49	-0.211658	-0.0305956	inf
SRX9178853	TFs and others	HAP1	Blood	HAP1	252	12/483	0/49	-0.211658	-0.0305956	inf
SRX9213133	TFs and others	KAT8	Blood	THP-1	725	12/483	0/49	-0.211658	-0.0305956	inf
SRX9298952	TFs and others	NR3C1	Lung	Lung cancer cell line	369	12/483	0/49	-0.211658	-0.0305956	inf
SRX9309769	TFs and others	BRD4	Blood	HL-60	907	12/483	0/49	-0.211658	-0.0305956	inf
SRX9350045	TFs and others	TP53	Lung	NCI-H1299	2141	12/483	0/49	-0.211658	-0.0305956	inf
SRX9390333	TFs and others	CREBBP	Blood	MM.1S	102	12/483	0/49	-0.211658	-0.0305956	inf
SRX9390935	TFs and others	BRD4	Digestive tract	Colorectal cancer	788	12/483	0/49	-0.211658	-0.0305956	inf
SRX9390939	TFs and others	BRD4	Digestive tract	Colorectal cancer	720	12/483	0/49	-0.211658	-0.0305956	inf
SRX9433120	TFs and others	CTR9	Bone	U2OS	305	12/483	0/49	-0.211658	-0.0305956	inf
SRX9434357	TFs and others	RELA	Digestive tract	SW 480	882	12/483	0/49	-0.211658	-0.0305956	inf
SRX9434367	TFs and others	RELA	Digestive tract	HT-29	858	12/483	0/49	-0.211658	-0.0305956	inf
SRX9450694	TFs and others	AHR	Pluripotent stem cell	hESC H9	162	12/483	0/49	-0.211658	-0.0305956	inf
SRX9522731	TFs and others	MPHOSPH8	Blood	MOLM-13	523	12/483	0/49	-0.211658	-0.0305956	inf
SRX9522732	TFs and others	MPHOSPH8	Blood	MOLM-13	534	12/483	0/49	-0.211658	-0.0305956	inf
SRX9600570	TFs and others	G-quadruplex	Blood	K-562	242	12/483	0/49	-0.211658	-0.0305956	inf
SRX9628163	TFs and others	NR3C1	Kidney	293	369	12/483	0/49	-0.211658	-0.0305956	inf
SRX9628165	TFs and others	NR3C1	Kidney	293	2955	12/483	0/49	-0.211658	-0.0305956	inf
SRX9628171	TFs and others	NR3C1	Kidney	293	546	12/483	0/49	-0.211658	-0.0305956	inf
SRX9628172	TFs and others	NR3C1	Kidney	293	602	12/483	0/49	-0.211658	-0.0305956	inf
SRX9628503	TFs and others	SMARCA4	Gonad	BIN-67	168	12/483	0/49	-0.211658	-0.0305956	inf
SRX9671329	TFs and others	ZC3H4	Digestive tract	HCT 116	494	12/483	0/49	-0.211658	-0.0305956	inf
SRX9683839	TFs and others	NR3C1	Adipocyte	Adipocytes	1348	12/483	0/49	-0.211658	-0.0305956	inf
SRX9688332	TFs and others	ESR1	Breast	ZR-75-1	559	12/483	0/49	-0.211658	-0.0305956	inf
SRX968974	TFs and others	RELA	Breast	MCF-7	111	12/483	0/49	-0.211658	-0.0305956	inf
SRX9725179	TFs and others	IRF8	Blood	MV-4-11	587	12/483	0/49	-0.211658	-0.0305956	inf
SRX9730734	TFs and others	CDK9	Blood	THP-1	634	12/483	0/49	-0.211658	-0.0305956	inf
SRX974293	TFs and others	MEF2B	Kidney	293	603	12/483	0/49	-0.211658	-0.0305956	inf
SRX9849967	TFs and others	BRD4	Prostate	LNCAP	605	12/483	0/49	-0.211658	-0.0305956	inf
SRX9849968	TFs and others	BRD9	Prostate	LNCAP	683	12/483	0/49	-0.211658	-0.0305956	inf
SRX9857616	TFs and others	MYC	Kidney	G-401	521	12/483	0/49	-0.211658	-0.0305956	inf
SRX9857617	TFs and others	MYC	Kidney	G-401	899	12/483	0/49	-0.211658	-0.0305956	inf
SRX9932072	TFs and others	HDAC6	Breast	MCF-7	831	12/483	0/49	-0.211658	-0.0305956	inf
SRX9975597	TFs and others	PPP2CA	Uterus	HeLa	391	12/483	0/49	-0.211658	-0.0305956	inf
SRX9975598	TFs and others	PPP2CA	Uterus	HeLa	373	12/483	0/49	-0.211658	-0.0305956	inf
SRX055304	TFs and others	KDM5B	Blood	U-937	1690	47/483	6/49	-0.211574	-0.0305956	0.794686
SRX100466	TFs and others	ESR1	Uterus	ECC-1	1592	47/483	6/49	-0.211574	-0.0305956	0.794686
SRX2900094	TFs and others	BAP1	Breast	CAL-51	1089	47/483	6/49	-0.211574	-0.0305956	0.794686
SRX150706	TFs and others	SREBF1	Liver	Hep G2	1957	131/483	15/49	-0.210592	-0.0305956	0.88599
SRX3852892	TFs and others	NELFE	Blood	K-562	11730	351/483	34/49	-0.209226	-0.0305956	1.04731
SRX4377556	TFs and others	BRD4	Breast	MDA-MB-231	35052	351/483	34/49	-0.209226	-0.0305956	1.04731
SRX1998421	TFs and others	MYOD1	Muscle	Rhabdomyosarcoma	22868	132/483	15/49	-0.209226	-0.0305956	0.892754
SRX5877912	TFs and others	Epitope tags	Bone	U2OS	84102	435/483	43/49	-0.208789	-0.0305956	1.02629
SRX148897	TFs and others	VDR	Liver	LX2	7966	48/483	6/49	-0.208789	-0.0305956	0.811594
SRX150698	TFs and others	HNF4A	Liver	Hep G2	10022	48/483	6/49	-0.208789	-0.0305956	0.811594
SRX7944503	TFs and others	ESR1	Uterus	Ishikawa	6308	48/483	6/49	-0.208789	-0.0305956	0.811594
SRX8894992	TFs and others	FOXC1	Others	Limbal stem cells	7575	48/483	6/49	-0.208789	-0.0305956	0.811594
SRX356522	TFs and others	STAG1	Blood	GM12891	34044	140/483	12/49	-0.20821	-0.0305956	1.18357
SRX6957431	TFs and others	FOXL2	Gonad	KGN	58957	140/483	12/49	-0.20821	-0.0305956	1.18357
SRX150485	TFs and others	MAX	Uterus	HeLa	23835	343/483	37/49	-0.20821	-0.0305956	0.940462
SRX1013967	TFs and others	NELFA	Uterus	HeLa	4461	139/483	12/49	-0.208176	-0.0305956	1.17512
SRX7944498	TFs and others	ESR1	Uterus	Ishikawa	10295	139/483	12/49	-0.208176	-0.0305956	1.17512
SRX190300	TFs and others	EGR1	Breast	MCF-7	6138	141/483	12/49	-0.208013	-0.0305956	1.19203
SRX3229161	TFs and others	ESR1	Breast	Breast cancer	28396	342/483	37/49	-0.208013	-0.0305956	0.93772
SRX100471	TFs and others	USF1	Pluripotent stem cell	hESC H1	22982	133/483	15/49	-0.207644	-0.0305956	0.899517
SRX1998423	TFs and others	MYOD1	Muscle	Rhabdomyosarcoma	17281	133/483	15/49	-0.207644	-0.0305956	0.899517
SRX366169	TFs and others	NKX2-1	Lung	NCI-H441	36653	138/483	16/49	-0.207589	-0.0305956	0.875
SRX369128	TFs and others	NOTCH1	Blood	CUTLL1	3299	138/483	16/49	-0.207589	-0.0305956	0.875
SRX475758	TFs and others	GABPA	Blood	GM12878	3967	138/483	16/49	-0.207589	-0.0305956	0.875
SRX7054617	TFs and others	RELA	Cardiovascular	HAEC	28033	138/483	16/49	-0.207589	-0.0305956	0.875
SRX2268287	TFs and others	SPI1	Blood	THP-1	79474	137/483	12/49	-0.207413	-0.0305956	1.15821
DRX059611	TFs and others	DOT1L	Blood	HB1119	637	13/483	0/49	-0.207136	-0.0305956	inf
DRX059613	TFs and others	TAF1C	Blood	HB1119	650	13/483	0/49	-0.207136	-0.0305956	inf
DRX059627	TFs and others	CBX8	Kidney	293	746	13/483	0/49	-0.207136	-0.0305956	inf
DRX300409	TFs and others	ING4	Blood	HB1119	411	13/483	0/49	-0.207136	-0.0305956	inf
DRX300418	TFs and others	MLLT1	Kidney	293	374	13/483	0/49	-0.207136	-0.0305956	inf
ERX1149072	TFs and others	CTCF	Blood	K-562	748	13/483	0/49	-0.207136	-0.0305956	inf
ERX1149073	TFs and others	CTCF	Blood	K-562	1471	13/483	0/49	-0.207136	-0.0305956	inf
ERX1149102	TFs and others	CTCF	Blood	K-562	741	13/483	0/49	-0.207136	-0.0305956	inf
ERX1149117	TFs and others	CTCF	Blood	K-562	731	13/483	0/49	-0.207136	-0.0305956	inf
ERX2242375	TFs and others	BCL11A	Breast	Breast cells	326	13/483	0/49	-0.207136	-0.0305956	inf
ERX2242404	TFs and others	CHD8	Breast	Mammary epithelial cells	364	13/483	0/49	-0.207136	-0.0305956	inf
ERX2260038	TFs and others	SOX2	Lung	Lung cancer	565	13/483	0/49	-0.207136	-0.0305956	inf
ERX2260040	TFs and others	SOX2	Lung	Lung cancer	674	13/483	0/49	-0.207136	-0.0305956	inf
ERX2260044	TFs and others	SOX2	Lung	Lung cancer	586	13/483	0/49	-0.207136	-0.0305956	inf
ERX2260046	TFs and others	SOX2	Lung	Lung cancer	655	13/483	0/49	-0.207136	-0.0305956	inf
ERX371713	TFs and others	BRD4	Breast	Mammary epithelial cells	1064	13/483	0/49	-0.207136	-0.0305956	inf
ERX626802	TFs and others	CTCF	Blood	U-937	385	13/483	0/49	-0.207136	-0.0305956	inf
ERX626807	TFs and others	SPI1	Blood	U-937	1720	13/483	0/49	-0.207136	-0.0305956	inf
ERX626809	TFs and others	CTCF	Blood	U-937	161	13/483	0/49	-0.207136	-0.0305956	inf
ERX626817	TFs and others	SPI1	Blood	U-937	1747	13/483	0/49	-0.207136	-0.0305956	inf
ERX626826	TFs and others	RAD21	Blood	U-937	141	13/483	0/49	-0.207136	-0.0305956	inf
ERX626855	TFs and others	SPI1	Blood	U-937	4081	13/483	0/49	-0.207136	-0.0305956	inf
ERX626863	TFs and others	SPI1	Blood	HL-60	1552	13/483	0/49	-0.207136	-0.0305956	inf
ERX704034	TFs and others	CEBPB	Blood	HL-60	8007	13/483	0/49	-0.207136	-0.0305956	inf
ERX704045	TFs and others	CTCF	Blood	HL-60	2506	13/483	0/49	-0.207136	-0.0305956	inf
ERX704047	TFs and others	RAD21	Blood	HL-60	154	13/483	0/49	-0.207136	-0.0305956	inf
ERX704059	TFs and others	RAD21	Blood	U-937	182	13/483	0/49	-0.207136	-0.0305956	inf
ERX704063	TFs and others	RAD21	Blood	HL-60	139	13/483	0/49	-0.207136	-0.0305956	inf
SRX014753	TFs and others	PML	Blood	Leukemia, Myeloid	217	13/483	0/49	-0.207136	-0.0305956	inf
SRX017700	TFs and others	KAT2B	Blood	CD4+ T cells	135	13/483	0/49	-0.207136	-0.0305956	inf
SRX018280	TFs and others	CREBBP	Neural	T98G	304	13/483	0/49	-0.207136	-0.0305956	inf
SRX018627	TFs and others	HNF4G	Liver	Hep G2	145	13/483	0/49	-0.207136	-0.0305956	inf
SRX020767	TFs and others	TP53	Bone	U2OS	702	13/483	0/49	-0.207136	-0.0305956	inf
SRX021070	TFs and others	POU5F1	Pluripotent stem cell	hESC H9	387	13/483	0/49	-0.207136	-0.0305956	inf
SRX021071	TFs and others	POU5F1	Pluripotent stem cell	hESC H9	512	13/483	0/49	-0.207136	-0.0305956	inf
SRX022565	TFs and others	ERG	Prostate	VCaP	49	13/483	0/49	-0.207136	-0.0305956	inf
SRX022574	TFs and others	ERG	Prostate	LNCAP	112	13/483	0/49	-0.207136	-0.0305956	inf
SRX026098	TFs and others	IGF1	Epidermis	DFB	51	13/483	0/49	-0.207136	-0.0305956	inf
SRX026646	TFs and others	MethylCap	Blood	Acute myeloid leukemia	7687	13/483	0/49	-0.207136	-0.0305956	inf
SRX027909	TFs and others	RELA	Uterus	HeLa	887	13/483	0/49	-0.207136	-0.0305956	inf
SRX029434	TFs and others	GATA2	Blood	CD34+	306	13/483	0/49	-0.207136	-0.0305956	inf
SRX032874	TFs and others	FOXA2	Liver	Liver	58	13/483	0/49	-0.207136	-0.0305956	inf
SRX032876	TFs and others	FOXA2	Liver	Liver	57	13/483	0/49	-0.207136	-0.0305956	inf
SRX032891	TFs and others	PPARG	Adipocyte	SGBS	521	13/483	0/49	-0.207136	-0.0305956	inf
SRX042343	TFs and others	ESR1	Breast	HCC1428-LTED	264	13/483	0/49	-0.207136	-0.0305956	inf
SRX047082	TFs and others	EP300	Prostate	LNCAP	42	13/483	0/49	-0.207136	-0.0305956	inf
SRX047084	TFs and others	MED12	Prostate	LNCAP	39	13/483	0/49	-0.207136	-0.0305956	inf
SRX055303	TFs and others	KDM5B	Blood	U-937	413	13/483	0/49	-0.207136	-0.0305956	inf
SRX055311	TFs and others	KDM5B	Breast	MCF-7	578	13/483	0/49	-0.207136	-0.0305956	inf
SRX059704	TFs and others	AR	Prostate	VCaP	35913	13/483	0/49	-0.207136	-0.0305956	inf
SRX059714	TFs and others	HDAC3	Prostate	VCaP	2213	13/483	0/49	-0.207136	-0.0305956	inf
SRX080135	TFs and others	MYC	Pluripotent stem cell	hESC H1	416	13/483	0/49	-0.207136	-0.0305956	inf
SRX083217	TFs and others	AR	Prostate	LNCAP	2182	13/483	0/49	-0.207136	-0.0305956	inf
SRX088972	TFs and others	Epitope tags	Digestive tract	DLD-1	241	13/483	0/49	-0.207136	-0.0305956	inf
SRX093319	TFs and others	TP53	Lung	IMR-90	156	13/483	0/49	-0.207136	-0.0305956	inf
SRX093540	TFs and others	SUPT20H	Uterus	HeLa	302	13/483	0/49	-0.207136	-0.0305956	inf
SRX093541	TFs and others	SUPT20H	Blood	GM12878	240	13/483	0/49	-0.207136	-0.0305956	inf
SRX094468	TFs and others	TCF7L2	Liver	Hep G2	1774	13/483	0/49	-0.207136	-0.0305956	inf
SRX10020171	TFs and others	USP7	Epidermis	A-375	427	13/483	0/49	-0.207136	-0.0305956	inf
SRX10020172	TFs and others	EZH2	Epidermis	A-375	766	13/483	0/49	-0.207136	-0.0305956	inf
SRX100257	TFs and others	MEF2C	Cardiovascular	HUVEC	104	13/483	0/49	-0.207136	-0.0305956	inf
SRX100258	TFs and others	CREBBP	Breast	H3396	190	13/483	0/49	-0.207136	-0.0305956	inf
SRX10030477	TFs and others	AR	Prostate	LNCAP	1138	13/483	0/49	-0.207136	-0.0305956	inf
SRX10030478	TFs and others	AR	Prostate	LNCAP	5184	13/483	0/49	-0.207136	-0.0305956	inf
SRX100440	TFs and others	NR3C1	Lung	A549	682	13/483	0/49	-0.207136	-0.0305956	inf
SRX10046975	TFs and others	HOXA13	Liver	Hep G2	595	13/483	0/49	-0.207136	-0.0305956	inf
SRX10119121	TFs and others	JUN	Blood	MV-4-11	392	13/483	0/49	-0.207136	-0.0305956	inf
SRX10119129	TFs and others	SPI1	Blood	MV-4-11	243	13/483	0/49	-0.207136	-0.0305956	inf
SRX10119163	TFs and others	CREB1	Blood	MV-4-11	403	13/483	0/49	-0.207136	-0.0305956	inf
SRX1012595	TFs and others	ESR1	Breast	T-47D	1443	13/483	0/49	-0.207136	-0.0305956	inf
SRX1012677	TFs and others	ESR1	Breast	T-47D	726	13/483	0/49	-0.207136	-0.0305956	inf
SRX1012687	TFs and others	ESR1	Breast	MCF-7	4344	13/483	0/49	-0.207136	-0.0305956	inf
SRX1012718	TFs and others	PGR	Breast	T-47D	4905	13/483	0/49	-0.207136	-0.0305956	inf
SRX1012742	TFs and others	ESR1	Breast	MCF-7	550	13/483	0/49	-0.207136	-0.0305956	inf
SRX1012754	TFs and others	PGR	Breast	MCF-7	287	13/483	0/49	-0.207136	-0.0305956	inf
SRX1012756	TFs and others	PGR	Breast	MCF-7	297	13/483	0/49	-0.207136	-0.0305956	inf
SRX1012760	TFs and others	PGR	Breast	MCF-7	104	13/483	0/49	-0.207136	-0.0305956	inf
SRX10229517	TFs and others	Epitope tags	Epidermis	Foreskin	153	13/483	0/49	-0.207136	-0.0305956	inf
SRX10239459	TFs and others	YTHDC1	Breast	MCF-7	188	13/483	0/49	-0.207136	-0.0305956	inf
SRX1024934	TFs and others	AGO2	Blood	K-562	1410	13/483	0/49	-0.207136	-0.0305956	inf
SRX1024936	TFs and others	AGO2	Blood	K-562	493	13/483	0/49	-0.207136	-0.0305956	inf
SRX10306510	TFs and others	AR	Prostate	LNCAP	7188	13/483	0/49	-0.207136	-0.0305956	inf
SRX10306512	TFs and others	AR	Prostate	LNCAP	11370	13/483	0/49	-0.207136	-0.0305956	inf
SRX1032965	TFs and others	FOS	Blood	Acute myeloid leukemia	386	13/483	0/49	-0.207136	-0.0305956	inf
SRX1033284	TFs and others	AR	Prostate	LNCAP	218	13/483	0/49	-0.207136	-0.0305956	inf
SRX10365539	TFs and others	RAC1	Breast	MCF-7	3717	13/483	0/49	-0.207136	-0.0305956	inf
SRX10365556	TFs and others	ESR1	Breast	MCF-7	2478	13/483	0/49	-0.207136	-0.0305956	inf
SRX10382429	TFs and others	DNMT3A	Pluripotent stem cell	hESC H1	547	13/483	0/49	-0.207136	-0.0305956	inf
SRX10382444	TFs and others	DNMT3B	Pluripotent stem cell	hESC H1	241	13/483	0/49	-0.207136	-0.0305956	inf
SRX10437637	TFs and others	CTNNB1	Liver	Hep G2	226	13/483	0/49	-0.207136	-0.0305956	inf
SRX1048531	TFs and others	ARID1A	Liver	Hep G2	140	13/483	0/49	-0.207136	-0.0305956	inf
SRX1048533	TFs and others	ARID1B	Liver	Hep G2	76	13/483	0/49	-0.207136	-0.0305956	inf
SRX1048535	TFs and others	ARID2	Liver	Hep G2	89	13/483	0/49	-0.207136	-0.0305956	inf
SRX1048537	TFs and others	SMARCB1	Liver	Hep G2	66	13/483	0/49	-0.207136	-0.0305956	inf
SRX10511727	TFs and others	Epitope tags	Digestive tract	HCT 116	1030	13/483	0/49	-0.207136	-0.0305956	inf
SRX10567333	TFs and others	HMGB1	Lung	IMR-90	542	13/483	0/49	-0.207136	-0.0305956	inf
SRX1067065	TFs and others	HOXB13	Prostate	LNCAP	5873	13/483	0/49	-0.207136	-0.0305956	inf
SRX1070165	TFs and others	PIAS1	Breast	MDA-MB-453	344	13/483	0/49	-0.207136	-0.0305956	inf
SRX1070428	TFs and others	ORC2	Blood	K-562	2027	13/483	0/49	-0.207136	-0.0305956	inf
SRX107289	TFs and others	TCF12	Blood	CCRF-CEM	155	13/483	0/49	-0.207136	-0.0305956	inf
SRX10756471	TFs and others	PCNA	Bone	U2OS	167	13/483	0/49	-0.207136	-0.0305956	inf
SRX1076936	TFs and others	LMTK3	Breast	MDA-MB-231	319	13/483	0/49	-0.207136	-0.0305956	inf
SRX1078844	TFs and others	CDK9	Digestive tract	HCT 116	330	13/483	0/49	-0.207136	-0.0305956	inf
SRX1078876	TFs and others	PAF1	Digestive tract	HCT 116	498	13/483	0/49	-0.207136	-0.0305956	inf
SRX1089823	TFs and others	GATA1	Blood	Hematopoietic Stem Cells	516	13/483	0/49	-0.207136	-0.0305956	inf
SRX1091022	TFs and others	CLOCK	Blood	NOMO-1	159	13/483	0/49	-0.207136	-0.0305956	inf
SRX1092376	TFs and others	Epitope tags	Blood	K-562	455	13/483	0/49	-0.207136	-0.0305956	inf
SRX1092385	TFs and others	Epitope tags	Blood	K-562	407	13/483	0/49	-0.207136	-0.0305956	inf
SRX1094473	TFs and others	BRD4	Others	TC-797	365	13/483	0/49	-0.207136	-0.0305956	inf
SRX1098750	TFs and others	CHD1	Prostate	LNCAP	650	13/483	0/49	-0.207136	-0.0305956	inf
SRX11005599	TFs and others	DNMT3B	Breast	MCF10CA1a	895	13/483	0/49	-0.207136	-0.0305956	inf
SRX11005602	TFs and others	DNMT3B	Breast	MCF10CA1a	1098	13/483	0/49	-0.207136	-0.0305956	inf
SRX11070613	TFs and others	GFP	Digestive tract	Colorectal adenocarcinoma	494	13/483	0/49	-0.207136	-0.0305956	inf
SRX11094542	TFs and others	FLI1	Bone	MHH-ES-1	3031	13/483	0/49	-0.207136	-0.0305956	inf
SRX1112993	TFs and others	LMNB1	Lung	IMR-90	1036	13/483	0/49	-0.207136	-0.0305956	inf
SRX1112994	TFs and others	LMNB1	Lung	IMR-90	928	13/483	0/49	-0.207136	-0.0305956	inf
SRX1112996	TFs and others	MAP1LC3B	Lung	IMR-90	1081	13/483	0/49	-0.207136	-0.0305956	inf
SRX11136856	TFs and others	KDM6A	Blood	THP-1	623	13/483	0/49	-0.207136	-0.0305956	inf
SRX11136857	TFs and others	KDM6A	Blood	THP-1	537	13/483	0/49	-0.207136	-0.0305956	inf
SRX1123854	TFs and others	SMARCA4	Neural	BT-16	294	13/483	0/49	-0.207136	-0.0305956	inf
SRX1131552	TFs and others	BRD4	Breast	MDA-MB-436	229	13/483	0/49	-0.207136	-0.0305956	inf
SRX1131556	TFs and others	BRD4	Breast	SUM 1315M02	903	13/483	0/49	-0.207136	-0.0305956	inf
SRX1131558	TFs and others	BRD4	Breast	SUM 149PT	1092	13/483	0/49	-0.207136	-0.0305956	inf
SRX1131564	TFs and others	BRD4	Breast	SUM 149PT	1329	13/483	0/49	-0.207136	-0.0305956	inf
SRX1131572	TFs and others	BRD4	Breast	T-47D	1299	13/483	0/49	-0.207136	-0.0305956	inf
SRX11320618	TFs and others	CUL3	Digestive tract	DLD-1	351	13/483	0/49	-0.207136	-0.0305956	inf
SRX1161196	TFs and others	NR3C1	Breast	T-47D	909	13/483	0/49	-0.207136	-0.0305956	inf
SRX1167098	TFs and others	5-hmC	Kidney	293	319	13/483	0/49	-0.207136	-0.0305956	inf
SRX1181990	TFs and others	SMARCA1	Prostate	LNCAP	804	13/483	0/49	-0.207136	-0.0305956	inf
SRX11969046	TFs and others	BRD4	Epidermis	Keratinocytes	761	13/483	0/49	-0.207136	-0.0305956	inf
SRX11969047	TFs and others	BRD4	Epidermis	Keratinocytes	616	13/483	0/49	-0.207136	-0.0305956	inf
SRX1225025	TFs and others	LEF1	Uterus	RL95-2	560	13/483	0/49	-0.207136	-0.0305956	inf
SRX1268850	TFs and others	KDM5C	Kidney	Caki-1	834	13/483	0/49	-0.207136	-0.0305956	inf
SRX1295733	TFs and others	CHAT	Neural	SH-SY5Y	2018	13/483	0/49	-0.207136	-0.0305956	inf
SRX1295734	TFs and others	CHAT	Neural	SH-SY5Y	2772	13/483	0/49	-0.207136	-0.0305956	inf
SRX1295736	TFs and others	SATB1	Neural	SH-SY5Y	1244	13/483	0/49	-0.207136	-0.0305956	inf
SRX1299483	TFs and others	Epitope tags	Kidney	293	1817	13/483	0/49	-0.207136	-0.0305956	inf
SRX130061	TFs and others	SOX2	Epidermis	BJ	1568	13/483	0/49	-0.207136	-0.0305956	inf
SRX1303985	TFs and others	NANOG	Pluripotent stem cell	hESC H9	2355	13/483	0/49	-0.207136	-0.0305956	inf
SRX1339016	TFs and others	AR	Breast	MDA-MB-453	156	13/483	0/49	-0.207136	-0.0305956	inf
SRX1339019	TFs and others	AR	Breast	MDA-MB-453	1349	13/483	0/49	-0.207136	-0.0305956	inf
SRX1384027	TFs and others	TP53	Digestive tract	HCT 116	3560	13/483	0/49	-0.207136	-0.0305956	inf
SRX1393087	TFs and others	CLOCK	Bone	U2OS	148	13/483	0/49	-0.207136	-0.0305956	inf
SRX1424892	TFs and others	POU3F2	Neural	Neural progenitor cells	598	13/483	0/49	-0.207136	-0.0305956	inf
SRX1424893	TFs and others	POU3F2	Neural	Neural progenitor cells	597	13/483	0/49	-0.207136	-0.0305956	inf
SRX1431733	TFs and others	SPI1	Blood	K-562	1003	13/483	0/49	-0.207136	-0.0305956	inf
SRX144720	TFs and others	BrdU	Uterus	HeLa	919	13/483	0/49	-0.207136	-0.0305956	inf
SRX144726	TFs and others	BrdU	Uterus	HeLa	331	13/483	0/49	-0.207136	-0.0305956	inf
SRX1457742	TFs and others	Epitope tags	Kidney	293	737	13/483	0/49	-0.207136	-0.0305956	inf
SRX1457743	TFs and others	Epitope tags	Kidney	293	1338	13/483	0/49	-0.207136	-0.0305956	inf
SRX1457747	TFs and others	RELA	Kidney	293	1199	13/483	0/49	-0.207136	-0.0305956	inf
SRX149704	TFs and others	BMI1	Kidney	293	388	13/483	0/49	-0.207136	-0.0305956	inf
SRX149706	TFs and others	Epitope tags	Kidney	293	333	13/483	0/49	-0.207136	-0.0305956	inf
SRX149710	TFs and others	Epitope tags	Kidney	293	306	13/483	0/49	-0.207136	-0.0305956	inf
SRX150502	TFs and others	SUZ12	Pluripotent stem cell	NT2-D1	272	13/483	0/49	-0.207136	-0.0305956	inf
SRX150562	TFs and others	ZZZ3	Blood	GM12878	663	13/483	0/49	-0.207136	-0.0305956	inf
SRX1514279	TFs and others	GATA2	Blood	Kasumi-1	614	13/483	0/49	-0.207136	-0.0305956	inf
SRX1514950	TFs and others	GFP	Kidney	293	335	13/483	0/49	-0.207136	-0.0305956	inf
SRX1514977	TFs and others	GFP	Kidney	293	607	13/483	0/49	-0.207136	-0.0305956	inf
SRX1515010	TFs and others	GFP	Kidney	293	264	13/483	0/49	-0.207136	-0.0305956	inf
SRX1515011	TFs and others	GFP	Kidney	293	2515	13/483	0/49	-0.207136	-0.0305956	inf
SRX1515014	TFs and others	GFP	Kidney	293	1106	13/483	0/49	-0.207136	-0.0305956	inf
SRX1515024	TFs and others	GFP	Kidney	293	356	13/483	0/49	-0.207136	-0.0305956	inf
SRX1515047	TFs and others	GFP	Kidney	293	401	13/483	0/49	-0.207136	-0.0305956	inf
SRX1515048	TFs and others	GFP	Kidney	293	385	13/483	0/49	-0.207136	-0.0305956	inf
SRX1515060	TFs and others	GFP	Kidney	293	499	13/483	0/49	-0.207136	-0.0305956	inf
SRX1515069	TFs and others	GFP	Kidney	293	430	13/483	0/49	-0.207136	-0.0305956	inf
SRX151941	TFs and others	IRF5	Blood	PBMC	362	13/483	0/49	-0.207136	-0.0305956	inf
SRX151942	TFs and others	IRF5	Blood	PBMC	258	13/483	0/49	-0.207136	-0.0305956	inf
SRX151952	TFs and others	STAT4	Blood	PBMC	794	13/483	0/49	-0.207136	-0.0305956	inf
SRX1522126	TFs and others	RPA2	Uterus	HeLa	101	13/483	0/49	-0.207136	-0.0305956	inf
SRX1522128	TFs and others	RPA1	Uterus	HeLa	156	13/483	0/49	-0.207136	-0.0305956	inf
SRX1528506	TFs and others	SRPK2	Breast	MCF 10A	98	13/483	0/49	-0.207136	-0.0305956	inf
SRX1531789	TFs and others	MED1	Breast	MCF-7	415	13/483	0/49	-0.207136	-0.0305956	inf
SRX1532011	TFs and others	SON	Blood	K-562	198	13/483	0/49	-0.207136	-0.0305956	inf
SRX155715	TFs and others	HSF1	Breast	HMEC	121	13/483	0/49	-0.207136	-0.0305956	inf
SRX155717	TFs and others	HSF1	Breast	BPE	103	13/483	0/49	-0.207136	-0.0305956	inf
SRX155723	TFs and others	HSF1	Breast	HMLE	170	13/483	0/49	-0.207136	-0.0305956	inf
SRX155737	TFs and others	HSF1	Breast	ZR-75-1	295	13/483	0/49	-0.207136	-0.0305956	inf
SRX155746	TFs and others	HSF1	Digestive tract	HT-29	427	13/483	0/49	-0.207136	-0.0305956	inf
SRX155748	TFs and others	HSF1	Breast	MCF-7	153	13/483	0/49	-0.207136	-0.0305956	inf
SRX155766	TFs and others	HSF1	Breast	Breast cancer cells	277	13/483	0/49	-0.207136	-0.0305956	inf
SRX1569785	TFs and others	POU2F1	Prostate	LNCAP	288	13/483	0/49	-0.207136	-0.0305956	inf
SRX157607	TFs and others	HIF1A	Cardiovascular	HUVEC	441	13/483	0/49	-0.207136	-0.0305956	inf
SRX1592802	TFs and others	ATRX	Neural	LAN-6	879	13/483	0/49	-0.207136	-0.0305956	inf
SRX1629238	TFs and others	AR	Prostate	VCaP	5525	13/483	0/49	-0.207136	-0.0305956	inf
SRX1629243	TFs and others	AR	Prostate	VCaP	5820	13/483	0/49	-0.207136	-0.0305956	inf
SRX1629244	TFs and others	AR	Prostate	VCaP	7707	13/483	0/49	-0.207136	-0.0305956	inf
SRX1629831	TFs and others	OVOL2	Others	Epithelium, Corneal	397	13/483	0/49	-0.207136	-0.0305956	inf
SRX1637466	TFs and others	BRD4	Blood	MOLT-4	1414	13/483	0/49	-0.207136	-0.0305956	inf
SRX1650255	TFs and others	NR3C1	Lung	A549	255	13/483	0/49	-0.207136	-0.0305956	inf
SRX1650399	TFs and others	NR3C1	Lung	A549	314	13/483	0/49	-0.207136	-0.0305956	inf
SRX1674502	TFs and others	ZMYND8	Uterus	HeLa	279	13/483	0/49	-0.207136	-0.0305956	inf
SRX1702480	TFs and others	AR	Prostate	LNCAP	404	13/483	0/49	-0.207136	-0.0305956	inf
SRX1707571	TFs and others	TCF7L1	Pluripotent stem cell	hESC H9	205	13/483	0/49	-0.207136	-0.0305956	inf
SRX1735800	TFs and others	CDK9	Blood	MOLM-13	369	13/483	0/49	-0.207136	-0.0305956	inf
SRX1758487	TFs and others	Epitope tags	Breast	MCF-7	267	13/483	0/49	-0.207136	-0.0305956	inf
SRX176057	TFs and others	AR	Prostate	22Rv1	314	13/483	0/49	-0.207136	-0.0305956	inf
SRX176871	TFs and others	GATA3	Breast	MCF-7	2601	13/483	0/49	-0.207136	-0.0305956	inf
SRX1772413	TFs and others	Epitope tags	Breast	MCF-7	468	13/483	0/49	-0.207136	-0.0305956	inf
SRX1781662	TFs and others	Epitope tags	Uterus	HeLa	675	13/483	0/49	-0.207136	-0.0305956	inf
SRX1813575	TFs and others	POU5F1	Lung	MRC-5	89	13/483	0/49	-0.207136	-0.0305956	inf
SRX1813579	TFs and others	POU5F1	Pluripotent stem cell	iPS cells	131	13/483	0/49	-0.207136	-0.0305956	inf
SRX1818072	TFs and others	AR	Prostate	LNCAP	271	13/483	0/49	-0.207136	-0.0305956	inf
SRX1818075	TFs and others	AR	Prostate	LNCAP	21760	13/483	0/49	-0.207136	-0.0305956	inf
SRX1818076	TFs and others	AR	Prostate	LNCAP	9375	13/483	0/49	-0.207136	-0.0305956	inf
SRX1823814	TFs and others	JUND	Bone	Osteoblasts	53	13/483	0/49	-0.207136	-0.0305956	inf
SRX1823818	TFs and others	STAT3	Bone	Osteoblasts	214	13/483	0/49	-0.207136	-0.0305956	inf
SRX1845643	TFs and others	SMAD1	Epidermis	A-375	333	13/483	0/49	-0.207136	-0.0305956	inf
SRX186697	TFs and others	EZH2	Breast	HMEC	2320	13/483	0/49	-0.207136	-0.0305956	inf
SRX1873463	TFs and others	KMT2A	Blood	ML-2	293	13/483	0/49	-0.207136	-0.0305956	inf
SRX1885177	TFs and others	AR	Prostate	LNCAP	580	13/483	0/49	-0.207136	-0.0305956	inf
SRX1885179	TFs and others	AR	Prostate	LNCAP	561	13/483	0/49	-0.207136	-0.0305956	inf
SRX1885204	TFs and others	RELA	Prostate	LNCAP	532	13/483	0/49	-0.207136	-0.0305956	inf
SRX188788	TFs and others	SIRT3	Bone	U2OS	142	13/483	0/49	-0.207136	-0.0305956	inf
SRX188792	TFs and others	SIRT3	Bone	U2OS	115	13/483	0/49	-0.207136	-0.0305956	inf
SRX188793	TFs and others	SIRT3	Bone	U2OS	116	13/483	0/49	-0.207136	-0.0305956	inf
SRX1923321	TFs and others	BRD4	Blood	Mutu	1257	13/483	0/49	-0.207136	-0.0305956	inf
SRX1942893	TFs and others	ASXL2	Blood	SKNO-1	562	13/483	0/49	-0.207136	-0.0305956	inf
SRX196107	TFs and others	PPARG	Adipocyte	SGBS	751	13/483	0/49	-0.207136	-0.0305956	inf
SRX1986459	TFs and others	Epitope tags	Blood	CD34 Hematopoietic stem cells	444	13/483	0/49	-0.207136	-0.0305956	inf
SRX1986463	TFs and others	Epitope tags	Blood	CD34 Hematopoietic stem cells	367	13/483	0/49	-0.207136	-0.0305956	inf
SRX1995222	TFs and others	ESR1	Breast	MCF-7	104	13/483	0/49	-0.207136	-0.0305956	inf
SRX2000342	TFs and others	TET3	Breast	MCF-12A	605	13/483	0/49	-0.207136	-0.0305956	inf
SRX200046	TFs and others	LMNA	Epidermis	Forearm skin	129	13/483	0/49	-0.207136	-0.0305956	inf
SRX2007817	TFs and others	KMT2A	Breast	MCF-7	790	13/483	0/49	-0.207136	-0.0305956	inf
SRX2009524	TFs and others	SUZ12	Neural	Diffuse intrinsic pontine glioma	708	13/483	0/49	-0.207136	-0.0305956	inf
SRX2011494	TFs and others	EZH2	Neural	LAN-1	458	13/483	0/49	-0.207136	-0.0305956	inf
SRX203394	TFs and others	MAX	Blood	Plasma Cells	287	13/483	0/49	-0.207136	-0.0305956	inf
SRX2085891	TFs and others	Epitope tags	Kidney	293	288	13/483	0/49	-0.207136	-0.0305956	inf
SRX2085893	TFs and others	Epitope tags	Kidney	293	326	13/483	0/49	-0.207136	-0.0305956	inf
SRX212351	TFs and others	HIF1A	Blood	Macrophages	399	13/483	0/49	-0.207136	-0.0305956	inf
SRX212352	TFs and others	HIF1A	Blood	Macrophages	441	13/483	0/49	-0.207136	-0.0305956	inf
SRX212355	TFs and others	EPAS1	Blood	Macrophages	395	13/483	0/49	-0.207136	-0.0305956	inf
SRX212361	TFs and others	HIF1A	Blood	Macrophages	376	13/483	0/49	-0.207136	-0.0305956	inf
SRX212375	TFs and others	TP63	Prostate	EP156T	3466	13/483	0/49	-0.207136	-0.0305956	inf
SRX212434	TFs and others	STAT5	Blood	CD4+ T cells	436	13/483	0/49	-0.207136	-0.0305956	inf
SRX2140214	TFs and others	CDKN1B	Blood	MM.1S	279	13/483	0/49	-0.207136	-0.0305956	inf
SRX2140215	TFs and others	CDKN1B	Blood	MM.1S	341	13/483	0/49	-0.207136	-0.0305956	inf
SRX2144099	TFs and others	Epitope tags	Neural	BT168	130	13/483	0/49	-0.207136	-0.0305956	inf
SRX2178947	TFs and others	ZMYND8	Kidney	293	345	13/483	0/49	-0.207136	-0.0305956	inf
SRX2178948	TFs and others	ZMYND8	Kidney	293	416	13/483	0/49	-0.207136	-0.0305956	inf
SRX218227	TFs and others	HSF1	Blood	K-562	91	13/483	0/49	-0.207136	-0.0305956	inf
SRX2194238	TFs and others	MED1	Breast	SUM 159PT	974	13/483	0/49	-0.207136	-0.0305956	inf
SRX2194241	TFs and others	EP300	Breast	SUM 159PT	1797	13/483	0/49	-0.207136	-0.0305956	inf
SRX2198832	TFs and others	LARP7	Uterus	HeLa	695	13/483	0/49	-0.207136	-0.0305956	inf
SRX219988	TFs and others	AR	Prostate	LNCAP	456	13/483	0/49	-0.207136	-0.0305956	inf
SRX220089	TFs and others	AR	Prostate	Prostate cancer	671	13/483	0/49	-0.207136	-0.0305956	inf
SRX220090	TFs and others	AR	Prostate	Prostate cancer	778	13/483	0/49	-0.207136	-0.0305956	inf
SRX2207928	TFs and others	PSMB5	Epidermis	CS1AN	314	13/483	0/49	-0.207136	-0.0305956	inf
SRX2210488	TFs and others	ASCL1	Unclassified	Unclassified	961	13/483	0/49	-0.207136	-0.0305956	inf
SRX222275	TFs and others	ESR1	Prostate	NCI-H660	7819	13/483	0/49	-0.207136	-0.0305956	inf
SRX2234299	TFs and others	Epitope tags	Kidney	293	385	13/483	0/49	-0.207136	-0.0305956	inf
SRX2245086	TFs and others	Epitope tags	Blood	Lymphoblastoid cell line	417	13/483	0/49	-0.207136	-0.0305956	inf
SRX2253219	TFs and others	CD74	Blood	B cells	404	13/483	0/49	-0.207136	-0.0305956	inf
SRX2253225	TFs and others	CD74	Blood	B cells	477	13/483	0/49	-0.207136	-0.0305956	inf
SRX2255898	TFs and others	RELA	Kidney	293	787	13/483	0/49	-0.207136	-0.0305956	inf
SRX2255901	TFs and others	RELA	Kidney	293	677	13/483	0/49	-0.207136	-0.0305956	inf
SRX2319757	TFs and others	VDR	Blood	THP-1	536	13/483	0/49	-0.207136	-0.0305956	inf
SRX2323893	TFs and others	AFF1	Kidney	293	490	13/483	0/49	-0.207136	-0.0305956	inf
SRX2323897	TFs and others	AFF1	Kidney	293	521	13/483	0/49	-0.207136	-0.0305956	inf
SRX2368885	TFs and others	GATA4	Epidermis	BJ	2347	13/483	0/49	-0.207136	-0.0305956	inf
SRX2368901	TFs and others	FOXA2	Epidermis	BJ	4682	13/483	0/49	-0.207136	-0.0305956	inf
SRX2375361	TFs and others	AFF4	Blood	MV-4-11	848	13/483	0/49	-0.207136	-0.0305956	inf
SRX2378690	TFs and others	AHR	Breast	MCF-7	1885	13/483	0/49	-0.207136	-0.0305956	inf
SRX2384347	TFs and others	MYC	Blood	CUTLL1	341	13/483	0/49	-0.207136	-0.0305956	inf
SRX2404128	TFs and others	RELA	Others	Detroit 562	447	13/483	0/49	-0.207136	-0.0305956	inf
SRX2404129	TFs and others	RELA	Others	Detroit 562	704	13/483	0/49	-0.207136	-0.0305956	inf
SRX2430641	TFs and others	TCF4	Neural	SW 1783	190	13/483	0/49	-0.207136	-0.0305956	inf
SRX243760	TFs and others	PAX5	Blood	RAJI	1334	13/483	0/49	-0.207136	-0.0305956	inf
SRX243761	TFs and others	PAX5	Blood	RAJI	3037	13/483	0/49	-0.207136	-0.0305956	inf
SRX243762	TFs and others	PAX5	Blood	NAMALWA	4306	13/483	0/49	-0.207136	-0.0305956	inf
SRX2460051	TFs and others	PGR	Breast	Breast cancer cells	126	13/483	0/49	-0.207136	-0.0305956	inf
SRX2460067	TFs and others	PGR	Breast	Breast cancer cells	216	13/483	0/49	-0.207136	-0.0305956	inf
SRX248930	TFs and others	ERG	Blood	CD34+	261	13/483	0/49	-0.207136	-0.0305956	inf
SRX2510821	TFs and others	SUPT5H	Uterus	HeLa	319	13/483	0/49	-0.207136	-0.0305956	inf
SRX2514246	TFs and others	ESR1	Uterus	Carcinoma, Endometrioid	342	13/483	0/49	-0.207136	-0.0305956	inf
SRX2514366	TFs and others	GFP	Uterus	HeLa	640	13/483	0/49	-0.207136	-0.0305956	inf
SRX2524358	TFs and others	MYB	Blood	MV-4-11	247	13/483	0/49	-0.207136	-0.0305956	inf
SRX2524361	TFs and others	MYB	Blood	MV-4-11	263	13/483	0/49	-0.207136	-0.0305956	inf
SRX2524362	TFs and others	MYB	Blood	MV-4-11	260	13/483	0/49	-0.207136	-0.0305956	inf
SRX2524363	TFs and others	MYB	Blood	MV-4-11	272	13/483	0/49	-0.207136	-0.0305956	inf
SRX2533318	TFs and others	BRF1	Pluripotent stem cell	hESC H9	722	13/483	0/49	-0.207136	-0.0305956	inf
SRX2541242	TFs and others	AR	Prostate	VCaP	3976	13/483	0/49	-0.207136	-0.0305956	inf
SRX2545046	TFs and others	SMARCA4	Prostate	LNCAP	541	13/483	0/49	-0.207136	-0.0305956	inf
SRX2545053	TFs and others	HOXB13	Prostate	LNCAP	8725	13/483	0/49	-0.207136	-0.0305956	inf
SRX2545068	TFs and others	WDHD1	Prostate	LNCAP	465	13/483	0/49	-0.207136	-0.0305956	inf
SRX2545997	TFs and others	METTL3	Blood	MOLM-13	89	13/483	0/49	-0.207136	-0.0305956	inf
SRX2546006	TFs and others	METTL14	Blood	MOLM-13	441	13/483	0/49	-0.207136	-0.0305956	inf
SRX2556709	TFs and others	EZH2	Unclassified	Unclassified	387	13/483	0/49	-0.207136	-0.0305956	inf
SRX2578866	TFs and others	ESR1	Breast	MDA-MB-231	188	13/483	0/49	-0.207136	-0.0305956	inf
SRX2614801	TFs and others	DNMT3B	Blood	B Lymphoblastoid cell line	538	13/483	0/49	-0.207136	-0.0305956	inf
SRX2633443	TFs and others	AR	Prostate	R1-AD1	828	13/483	0/49	-0.207136	-0.0305956	inf
SRX2652418	TFs and others	BRD4	Lung	24335	350	13/483	0/49	-0.207136	-0.0305956	inf
SRX2652425	TFs and others	NUTM1	Lung	24335	220	13/483	0/49	-0.207136	-0.0305956	inf
SRX2662145	TFs and others	SMARCC1	Breast	HMLE	317	13/483	0/49	-0.207136	-0.0305956	inf
SRX268885	TFs and others	TRF2	Uterus	HeLa	466	13/483	0/49	-0.207136	-0.0305956	inf
SRX2704965	TFs and others	GFP	Neural	Retina	333	13/483	0/49	-0.207136	-0.0305956	inf
SRX2704966	TFs and others	GFP	Neural	Retina	261	13/483	0/49	-0.207136	-0.0305956	inf
SRX2708746	TFs and others	Biotin	Pluripotent stem cell	hES BG01V	103	13/483	0/49	-0.207136	-0.0305956	inf
SRX2708749	TFs and others	Biotin	Pluripotent stem cell	hES BG01V	150	13/483	0/49	-0.207136	-0.0305956	inf
SRX2708751	TFs and others	Biotin	Pluripotent stem cell	hES BG01V	179	13/483	0/49	-0.207136	-0.0305956	inf
SRX2708752	TFs and others	Biotin	Pluripotent stem cell	hES BG01V	163	13/483	0/49	-0.207136	-0.0305956	inf
SRX2731656	TFs and others	HOXC5	Prostate	PC-3	546	13/483	0/49	-0.207136	-0.0305956	inf
SRX2732209	TFs and others	POU5F1	Lung	MRC-5	116	13/483	0/49	-0.207136	-0.0305956	inf
SRX2732210	TFs and others	SOX2	Lung	MRC-5	163	13/483	0/49	-0.207136	-0.0305956	inf
SRX2733362	TFs and others	MAML1	Blood	SP-49	290	13/483	0/49	-0.207136	-0.0305956	inf
SRX2770847	TFs and others	CEBPB	Blood	Macrophages	2601	13/483	0/49	-0.207136	-0.0305956	inf
SRX2796990	TFs and others	ERF	Prostate	VCaP	750	13/483	0/49	-0.207136	-0.0305956	inf
SRX2881007	TFs and others	ESR1	Breast	MCF-7	2950	13/483	0/49	-0.207136	-0.0305956	inf
SRX2897199	TFs and others	ESR1	Breast	Breast cancer cells	481	13/483	0/49	-0.207136	-0.0305956	inf
SRX2897202	TFs and others	ESR1	Breast	Breast cancer cells	526	13/483	0/49	-0.207136	-0.0305956	inf
SRX2897229	TFs and others	ESR1	Breast	Breast cancer cells	546	13/483	0/49	-0.207136	-0.0305956	inf
SRX2911578	TFs and others	HAND2	Neural	CLB-Ga	24594	13/483	0/49	-0.207136	-0.0305956	inf
SRX2924014	TFs and others	TP53	Breast	MCF-7	3257	13/483	0/49	-0.207136	-0.0305956	inf
SRX2937344	TFs and others	BRD4	Blood	J-Lat A72	460	13/483	0/49	-0.207136	-0.0305956	inf
SRX2937347	TFs and others	BRD4	Blood	J-Lat A72	759	13/483	0/49	-0.207136	-0.0305956	inf
SRX2966971	TFs and others	POU5F1	Pluripotent stem cell	hESC H1	181	13/483	0/49	-0.207136	-0.0305956	inf
SRX3009964	TFs and others	PCGF2	Pluripotent stem cell	NT2-D1	380	13/483	0/49	-0.207136	-0.0305956	inf
SRX3020591	TFs and others	Epitope tags	Kidney	293	2515	13/483	0/49	-0.207136	-0.0305956	inf
SRX3025913	TFs and others	TP53	Breast	MCF-7	1287	13/483	0/49	-0.207136	-0.0305956	inf
SRX3025914	TFs and others	TP53	Breast	MCF-7	624	13/483	0/49	-0.207136	-0.0305956	inf
SRX3025916	TFs and others	TP53	Breast	MCF-7	1463	13/483	0/49	-0.207136	-0.0305956	inf
SRX3068922	TFs and others	AR	Prostate	22Rv1	367	13/483	0/49	-0.207136	-0.0305956	inf
SRX3080212	TFs and others	ESR1	Breast	MCF-7	1772	13/483	0/49	-0.207136	-0.0305956	inf
SRX3089114	TFs and others	SMARCA2	Liver	Hep G2	211	13/483	0/49	-0.207136	-0.0305956	inf
SRX312242	TFs and others	TFAM	Uterus	HeLa	455	13/483	0/49	-0.207136	-0.0305956	inf
SRX3148637	TFs and others	DNMT1	Lung	HBEC3-KT	624	13/483	0/49	-0.207136	-0.0305956	inf
SRX3148642	TFs and others	DNMT1	Lung	HBEC3-KT	579	13/483	0/49	-0.207136	-0.0305956	inf
SRX3148652	TFs and others	DNMT1	Lung	HBEC3-KT	627	13/483	0/49	-0.207136	-0.0305956	inf
SRX317572	TFs and others	EZH2	Pluripotent stem cell	iPS cells	99	13/483	0/49	-0.207136	-0.0305956	inf
SRX317579	TFs and others	EZH2	Pluripotent stem cell	iPS cells	335	13/483	0/49	-0.207136	-0.0305956	inf
SRX317583	TFs and others	EZH2	Pluripotent stem cell	iPS cells	201	13/483	0/49	-0.207136	-0.0305956	inf
SRX317584	TFs and others	EZH2	Pluripotent stem cell	iPS cells	154	13/483	0/49	-0.207136	-0.0305956	inf
SRX317588	TFs and others	JARID2	Pluripotent stem cell	iPS cells	215	13/483	0/49	-0.207136	-0.0305956	inf
SRX317589	TFs and others	JARID2	Pluripotent stem cell	iPS cells	514	13/483	0/49	-0.207136	-0.0305956	inf
SRX317593	TFs and others	JARID2	Pluripotent stem cell	iPS cells	622	13/483	0/49	-0.207136	-0.0305956	inf
SRX317597	TFs and others	JARID2	Pluripotent stem cell	iPS cells	189	13/483	0/49	-0.207136	-0.0305956	inf
SRX3229122	TFs and others	ESR1	Breast	Breast cancer	385	13/483	0/49	-0.207136	-0.0305956	inf
SRX3229127	TFs and others	ESR1	Breast	Breast cancer	494	13/483	0/49	-0.207136	-0.0305956	inf
SRX3229130	TFs and others	FOXA1	Breast	Breast cancer	324	13/483	0/49	-0.207136	-0.0305956	inf
SRX3229131	TFs and others	FOXA1	Breast	Breast cancer	485	13/483	0/49	-0.207136	-0.0305956	inf
SRX3229135	TFs and others	NR3C1	Breast	MCF-7	3217	13/483	0/49	-0.207136	-0.0305956	inf
SRX3229191	TFs and others	PGR	Breast	Breast cancer	413	13/483	0/49	-0.207136	-0.0305956	inf
SRX3229193	TFs and others	GATA3	Breast	Breast cancer	506	13/483	0/49	-0.207136	-0.0305956	inf
SRX3229194	TFs and others	GATA3	Breast	Breast cancer	130	13/483	0/49	-0.207136	-0.0305956	inf
SRX3235584	TFs and others	FANCD2	Bone	U2OS	578	13/483	0/49	-0.207136	-0.0305956	inf
SRX323567	TFs and others	ASCL1	Epidermis	Keratinocytes	1150	13/483	0/49	-0.207136	-0.0305956	inf
SRX3236738	TFs and others	BRD2	Lung	NCI-H1299	1901	13/483	0/49	-0.207136	-0.0305956	inf
SRX3265285	TFs and others	KDM1A	Breast	MCF-7	396	13/483	0/49	-0.207136	-0.0305956	inf
SRX3288576	TFs and others	SMARCA4	Pluripotent stem cell	hESC H9	101	13/483	0/49	-0.207136	-0.0305956	inf
SRX3288577	TFs and others	SMARCA4	Pluripotent stem cell	hESC H9	272	13/483	0/49	-0.207136	-0.0305956	inf
SRX3324960	TFs and others	CREBBP	Lung	IMR-90	915	13/483	0/49	-0.207136	-0.0305956	inf
SRX3346356	TFs and others	RELA	Kidney	786-O	484	13/483	0/49	-0.207136	-0.0305956	inf
SRX3366956	TFs and others	HOXB13	Prostate	LNCAP	5285	13/483	0/49	-0.207136	-0.0305956	inf
SRX3366957	TFs and others	HOXB13	Prostate	LNCAP	2994	13/483	0/49	-0.207136	-0.0305956	inf
SRX3366974	TFs and others	AR	Prostate	LNCAP	1508	13/483	0/49	-0.207136	-0.0305956	inf
SRX3366988	TFs and others	AR	Prostate	LNCAP	6000	13/483	0/49	-0.207136	-0.0305956	inf
SRX3367138	TFs and others	BRD4	Epidermis	Foreskin	2700	13/483	0/49	-0.207136	-0.0305956	inf
SRX338783	TFs and others	PPARG	Cardiovascular	HUVEC	248	13/483	0/49	-0.207136	-0.0305956	inf
SRX3417632	TFs and others	VDR	Digestive tract	Colonic organoids	629	13/483	0/49	-0.207136	-0.0305956	inf
SRX3445685	TFs and others	TAL1	Blood	K-562	7513	13/483	0/49	-0.207136	-0.0305956	inf
SRX3452545	TFs and others	EZH2	Prostate	LNCAP	1264	13/483	0/49	-0.207136	-0.0305956	inf
SRX3468023	TFs and others	SUZ12	Others	Aska	1749	13/483	0/49	-0.207136	-0.0305956	inf
SRX3468034	TFs and others	SMARCC1	Muscle	SYO1	873	13/483	0/49	-0.207136	-0.0305956	inf
SRX346930	TFs and others	PPARG	Cardiovascular	HUVEC	464	13/483	0/49	-0.207136	-0.0305956	inf
SRX346932	TFs and others	PPARG	Cardiovascular	HUVEC	403	13/483	0/49	-0.207136	-0.0305956	inf
SRX3472386	TFs and others	KDM6A	Pluripotent stem cell	hESC derived neural cells	221	13/483	0/49	-0.207136	-0.0305956	inf
SRX3474302	TFs and others	AR	Prostate	LNCAP	286	13/483	0/49	-0.207136	-0.0305956	inf
SRX3474528	TFs and others	HNF1A	Pancreas	NY8	411	13/483	0/49	-0.207136	-0.0305956	inf
SRX3474530	TFs and others	HNF1A	Pancreas	NY8	625	13/483	0/49	-0.207136	-0.0305956	inf
SRX3474532	TFs and others	HNF1A	Pancreas	NY15	451	13/483	0/49	-0.207136	-0.0305956	inf
SRX3474534	TFs and others	HNF1A	Pancreas	NY15	460	13/483	0/49	-0.207136	-0.0305956	inf
SRX3506183	TFs and others	Pan-acetyllysine	Liver	Hep G2	218	13/483	0/49	-0.207136	-0.0305956	inf
SRX3509022	TFs and others	TFAP2C	Pluripotent stem cell	hESC UCLA1	367	13/483	0/49	-0.207136	-0.0305956	inf
SRX3541095	TFs and others	ESR1	Breast	MCF-7	974	13/483	0/49	-0.207136	-0.0305956	inf
SRX3541099	TFs and others	ESR1	Breast	MCF-7	1397	13/483	0/49	-0.207136	-0.0305956	inf
SRX3541105	TFs and others	ESR1	Breast	MCF-7	1691	13/483	0/49	-0.207136	-0.0305956	inf
SRX3541106	TFs and others	ESR1	Breast	MCF-7	811	13/483	0/49	-0.207136	-0.0305956	inf
SRX3541107	TFs and others	ESR1	Breast	MCF-7	1473	13/483	0/49	-0.207136	-0.0305956	inf
SRX3541111	TFs and others	ESR1	Breast	MCF-7	2527	13/483	0/49	-0.207136	-0.0305956	inf
SRX3545872	TFs and others	SMARCC1	Blood	Bone marrow nuclear cells	547	13/483	0/49	-0.207136	-0.0305956	inf
SRX3545880	TFs and others	SMARCC1	Blood	Bone marrow nuclear cells	282	13/483	0/49	-0.207136	-0.0305956	inf
SRX3566180	TFs and others	TEAD1	Digestive tract	HCT 116	249	13/483	0/49	-0.207136	-0.0305956	inf
SRX3566182	TFs and others	TEAD1	Digestive tract	HCT 116	310	13/483	0/49	-0.207136	-0.0305956	inf
SRX3566184	TFs and others	TEAD1	Digestive tract	HCT 116	259	13/483	0/49	-0.207136	-0.0305956	inf
SRX3581484	TFs and others	Epitope tags	Pluripotent stem cell	iPS derived neural cells	594	13/483	0/49	-0.207136	-0.0305956	inf
SRX3583257	TFs and others	ZMYND8	Breast	MDA-MB-231	2432	13/483	0/49	-0.207136	-0.0305956	inf
SRX3584195	TFs and others	AR	Gonad	Epididymis	1061	13/483	0/49	-0.207136	-0.0305956	inf
SRX3589921	TFs and others	STAG1	Breast	MCF 10A	400	13/483	0/49	-0.207136	-0.0305956	inf
SRX3595371	TFs and others	Epitope tags	Pluripotent stem cell	hESC H9	630	13/483	0/49	-0.207136	-0.0305956	inf
SRX3595672	TFs and others	BRD3	Breast	MCF-7	486	13/483	0/49	-0.207136	-0.0305956	inf
SRX359823	TFs and others	EVX1	Digestive tract	LoVo	64	13/483	0/49	-0.207136	-0.0305956	inf
SRX359824	TFs and others	FERD3L	Digestive tract	LoVo	273	13/483	0/49	-0.207136	-0.0305956	inf
SRX359839	TFs and others	HNF1A	Digestive tract	LoVo	360	13/483	0/49	-0.207136	-0.0305956	inf
SRX359851	TFs and others	IRF3	Digestive tract	LoVo	193	13/483	0/49	-0.207136	-0.0305956	inf
SRX359860	TFs and others	LHX4	Digestive tract	LoVo	316	13/483	0/49	-0.207136	-0.0305956	inf
SRX359864	TFs and others	MAFG	Digestive tract	LoVo	427	13/483	0/49	-0.207136	-0.0305956	inf
SRX359868	TFs and others	MYF6	Digestive tract	LoVo	314	13/483	0/49	-0.207136	-0.0305956	inf
SRX359870	TFs and others	NFKB1	Digestive tract	LoVo	228	13/483	0/49	-0.207136	-0.0305956	inf
SRX359871	TFs and others	NHLH1	Digestive tract	LoVo	416	13/483	0/49	-0.207136	-0.0305956	inf
SRX359885	TFs and others	EPAS1	Digestive tract	LoVo	265	13/483	0/49	-0.207136	-0.0305956	inf
SRX359888	TFs and others	HES4	Digestive tract	LoVo	245	13/483	0/49	-0.207136	-0.0305956	inf
SRX359901	TFs and others	KLF15	Digestive tract	LoVo	223	13/483	0/49	-0.207136	-0.0305956	inf
SRX3599299	TFs and others	ERG	Cardiovascular	HUVEC	358	13/483	0/49	-0.207136	-0.0305956	inf
SRX3599308	TFs and others	RBPJ	Cardiovascular	HUVEC	319	13/483	0/49	-0.207136	-0.0305956	inf
SRX359993	TFs and others	DMRT2	Digestive tract	LoVo	485	13/483	0/49	-0.207136	-0.0305956	inf
SRX360016	TFs and others	NFE2L1	Digestive tract	LoVo	361	13/483	0/49	-0.207136	-0.0305956	inf
SRX360021	TFs and others	FOXO4	Digestive tract	LoVo	291	13/483	0/49	-0.207136	-0.0305956	inf
SRX360038	TFs and others	RLF	Digestive tract	LoVo	333	13/483	0/49	-0.207136	-0.0305956	inf
SRX360039	TFs and others	SKI	Digestive tract	LoVo	373	13/483	0/49	-0.207136	-0.0305956	inf
SRX360048	TFs and others	YBX1	Digestive tract	LoVo	335	13/483	0/49	-0.207136	-0.0305956	inf
SRX360061	TFs and others	ZNF581	Digestive tract	LoVo	327	13/483	0/49	-0.207136	-0.0305956	inf
SRX360589	TFs and others	KLF5	Digestive tract	GP5d	94	13/483	0/49	-0.207136	-0.0305956	inf
SRX3629599	TFs and others	ESR1	Breast	MCF-7	5420	13/483	0/49	-0.207136	-0.0305956	inf
SRX3630664	TFs and others	FOXO3	Pluripotent stem cell	iPS derived neural cells	543	13/483	0/49	-0.207136	-0.0305956	inf
SRX3630680	TFs and others	FOXO3	Pluripotent stem cell	iPS derived neural cells	631	13/483	0/49	-0.207136	-0.0305956	inf
SRX3630682	TFs and others	FOXO3	Pluripotent stem cell	iPS derived neural cells	561	13/483	0/49	-0.207136	-0.0305956	inf
SRX3636818	TFs and others	NR3C1	Blood	ALL xenograft	488	13/483	0/49	-0.207136	-0.0305956	inf
SRX3637253	TFs and others	SMAD3	Digestive tract	SW 480	505	13/483	0/49	-0.207136	-0.0305956	inf
SRX3644355	TFs and others	FOXA2	Epidermis	BJ	68032	13/483	0/49	-0.207136	-0.0305956	inf
SRX3655130	TFs and others	PBX1	Blood	Natural Killer T-Cells	565	13/483	0/49	-0.207136	-0.0305956	inf
SRX367336	TFs and others	JMJD6	Uterus	HeLa	1082	13/483	0/49	-0.207136	-0.0305956	inf
SRX3686691	TFs and others	CTNNB1	Pluripotent stem cell	hESC derived neural cells	488	13/483	0/49	-0.207136	-0.0305956	inf
SRX3686693	TFs and others	CTNNB1	Pluripotent stem cell	hESC derived neural cells	402	13/483	0/49	-0.207136	-0.0305956	inf
SRX3739734	TFs and others	Epitope tags	Others	B-CPAP	177	13/483	0/49	-0.207136	-0.0305956	inf
SRX3745255	TFs and others	Epitope tags	Lung	NCI-H1299	592	13/483	0/49	-0.207136	-0.0305956	inf
SRX3758834	TFs and others	BrdU	Uterus	HeLa	1266	13/483	0/49	-0.207136	-0.0305956	inf
SRX3781811	TFs and others	Epitope tags	Digestive tract	HCT 116	510	13/483	0/49	-0.207136	-0.0305956	inf
SRX3862434	TFs and others	SMARCA4	Unclassified	Unclassified	361	13/483	0/49	-0.207136	-0.0305956	inf
SRX3862461	TFs and others	GATA3	Breast	T-47D	295	13/483	0/49	-0.207136	-0.0305956	inf
SRX386759	TFs and others	SMARCC1	Breast	MCF-7	96	13/483	0/49	-0.207136	-0.0305956	inf
SRX386761	TFs and others	SMARCC1	Breast	MCF-7	70	13/483	0/49	-0.207136	-0.0305956	inf
SRX3873710	TFs and others	AFF4	Lung	NCI-H2171	428	13/483	0/49	-0.207136	-0.0305956	inf
SRX3873712	TFs and others	AFF4	Lung	SW 1271	422	13/483	0/49	-0.207136	-0.0305956	inf
SRX387777	TFs and others	VDR	Blood	THP-1	301	13/483	0/49	-0.207136	-0.0305956	inf
SRX3893521	TFs and others	SIRT6	Unclassified	Unclassified	470	13/483	0/49	-0.207136	-0.0305956	inf
SRX392781	TFs and others	REST	Blood	GM12878	3515	13/483	0/49	-0.207136	-0.0305956	inf
SRX392805	TFs and others	REST	Blood	Jurkat	2164	13/483	0/49	-0.207136	-0.0305956	inf
SRX392808	TFs and others	EP300	Blood	GM12878	1848	13/483	0/49	-0.207136	-0.0305956	inf
SRX392815	TFs and others	EP300	Blood	GM12878	221	13/483	0/49	-0.207136	-0.0305956	inf
SRX3942989	TFs and others	ZNF341	Blood	PBMC	890	13/483	0/49	-0.207136	-0.0305956	inf
SRX3944782	TFs and others	Epitope tags	Lung	HS-SY-II	446	13/483	0/49	-0.207136	-0.0305956	inf
SRX3944783	TFs and others	Epitope tags	Lung	HS-SY-II	377	13/483	0/49	-0.207136	-0.0305956	inf
SRX3944785	TFs and others	Epitope tags	Lung	HS-SY-II	846	13/483	0/49	-0.207136	-0.0305956	inf
SRX3944793	TFs and others	Epitope tags	Lung	HS-SY-II	687	13/483	0/49	-0.207136	-0.0305956	inf
SRX396255	TFs and others	TP53	Others	Fibroblasts	453	13/483	0/49	-0.207136	-0.0305956	inf
SRX3962723	TFs and others	TP53	Digestive tract	HCT 116	451	13/483	0/49	-0.207136	-0.0305956	inf
SRX396289	TFs and others	CBX4	Kidney	293	182	13/483	0/49	-0.207136	-0.0305956	inf
SRX396835	TFs and others	Epitope tags	Digestive tract	DLD-1	601	13/483	0/49	-0.207136	-0.0305956	inf
SRX4001956	TFs and others	CEBPB	Blood	THP-1	4396	13/483	0/49	-0.207136	-0.0305956	inf
SRX4096861	TFs and others	GATAD2A	Breast	HCC3153	505	13/483	0/49	-0.207136	-0.0305956	inf
SRX4096891	TFs and others	TRPS1	Breast	SUM 159PT	3449	13/483	0/49	-0.207136	-0.0305956	inf
SRX4155865	TFs and others	CTCFL	Bone	TC-32	752	13/483	0/49	-0.207136	-0.0305956	inf
SRX4155866	TFs and others	CTCFL	Bone	TC-32	626	13/483	0/49	-0.207136	-0.0305956	inf
SRX4155880	TFs and others	SMC1A	Bone	TC-71	2636	13/483	0/49	-0.207136	-0.0305956	inf
SRX4221465	TFs and others	Epitope tags	Kidney	293	717	13/483	0/49	-0.207136	-0.0305956	inf
SRX423001	TFs and others	CDK2	Breast	T-47D	627	13/483	0/49	-0.207136	-0.0305956	inf
SRX4301469	TFs and others	RELA	Uterus	HeLa	214	13/483	0/49	-0.207136	-0.0305956	inf
SRX4338416	TFs and others	HOXA9	Unclassified	Unclassified	287	13/483	0/49	-0.207136	-0.0305956	inf
SRX4397519	TFs and others	KMT2D	Pluripotent stem cell	NT2-D1	261	13/483	0/49	-0.207136	-0.0305956	inf
SRX4404422	TFs and others	MYCN	Unclassified	Unclassified	455	13/483	0/49	-0.207136	-0.0305956	inf
SRX4405899	TFs and others	POU5F1	Pluripotent stem cell	hESC H9	355	13/483	0/49	-0.207136	-0.0305956	inf
SRX4417543	TFs and others	MECP2	Pluripotent stem cell	hESC derived neural cells	166	13/483	0/49	-0.207136	-0.0305956	inf
SRX4502345	TFs and others	CDK11A	Digestive tract	HCT 116	271	13/483	0/49	-0.207136	-0.0305956	inf
SRX4502347	TFs and others	CDK11A	Digestive tract	HCT 116	264	13/483	0/49	-0.207136	-0.0305956	inf
SRX4510770	TFs and others	CTCF	Epidermis	MDA-MB-435	313	13/483	0/49	-0.207136	-0.0305956	inf
SRX4634577	TFs and others	REST	Prostate	LNCAP	2181	13/483	0/49	-0.207136	-0.0305956	inf
SRX4636575	TFs and others	NCAPH2	Kidney	293	189	13/483	0/49	-0.207136	-0.0305956	inf
SRX4654321	TFs and others	LMNB1	Liver	Hep G2	1145	13/483	0/49	-0.207136	-0.0305956	inf
SRX4655783	TFs and others	CTCF	Liver	Hep G2	1385	13/483	0/49	-0.207136	-0.0305956	inf
SRX469394	TFs and others	ESR1	Breast	MCF-7	646	13/483	0/49	-0.207136	-0.0305956	inf
SRX469395	TFs and others	ESR1	Breast	MCF-7	1159	13/483	0/49	-0.207136	-0.0305956	inf
SRX469397	TFs and others	ESR1	Breast	MCF-7	2146	13/483	0/49	-0.207136	-0.0305956	inf
SRX4705126	TFs and others	LMO1	Neural	KELLY	464	13/483	0/49	-0.207136	-0.0305956	inf
SRX4705127	TFs and others	LMO1	Neural	KELLY	568	13/483	0/49	-0.207136	-0.0305956	inf
SRX4708017	TFs and others	SRSF9	Liver	Hep G2	302	13/483	0/49	-0.207136	-0.0305956	inf
SRX4708031	TFs and others	SNRNP70	Liver	Hep G2	214	13/483	0/49	-0.207136	-0.0305956	inf
SRX4708040	TFs and others	SAFB2	Liver	Hep G2	328	13/483	0/49	-0.207136	-0.0305956	inf
SRX4708079	TFs and others	SNRNP70	Blood	K-562	284	13/483	0/49	-0.207136	-0.0305956	inf
SRX4708088	TFs and others	SAFB2	Blood	K-562	127	13/483	0/49	-0.207136	-0.0305956	inf
SRX4711139	TFs and others	LMNB1	Adipocyte	Adipose stem cells	1044	13/483	0/49	-0.207136	-0.0305956	inf
SRX4711142	TFs and others	LMNB1	Adipocyte	Adipose stem cells	375	13/483	0/49	-0.207136	-0.0305956	inf
SRX4714456	TFs and others	BDP1	Breast	T-47D	984	13/483	0/49	-0.207136	-0.0305956	inf
SRX4739455	TFs and others	PTEN	Uterus	HeLa	752	13/483	0/49	-0.207136	-0.0305956	inf
SRX4739456	TFs and others	PTEN	Uterus	HeLa	750	13/483	0/49	-0.207136	-0.0305956	inf
SRX4745222	TFs and others	Epitope tags	Kidney	293	586	13/483	0/49	-0.207136	-0.0305956	inf
SRX4745232	TFs and others	Epitope tags	Kidney	293	372	13/483	0/49	-0.207136	-0.0305956	inf
SRX475378	TFs and others	WDR5	Prostate	LNCAP	310	13/483	0/49	-0.207136	-0.0305956	inf
SRX475779	TFs and others	REST	Blood	GM12878	4208	13/483	0/49	-0.207136	-0.0305956	inf
SRX4781467	TFs and others	BRD2	Blood	Chronic myeloid leukemia	183	13/483	0/49	-0.207136	-0.0305956	inf
SRX4781481	TFs and others	BRD3	Blood	Chronic myeloid leukemia	190	13/483	0/49	-0.207136	-0.0305956	inf
SRX4781483	TFs and others	BRD3	Blood	Chronic myeloid leukemia	240	13/483	0/49	-0.207136	-0.0305956	inf
SRX4781500	TFs and others	BRD4	Blood	Chronic myeloid leukemia	298	13/483	0/49	-0.207136	-0.0305956	inf
SRX4781501	TFs and others	BRD4	Blood	Chronic myeloid leukemia	165	13/483	0/49	-0.207136	-0.0305956	inf
SRX4781503	TFs and others	BRD4	Blood	Chronic myeloid leukemia	174	13/483	0/49	-0.207136	-0.0305956	inf
SRX4783040	TFs and others	AR	Prostate	Prostate cancer cells	546	13/483	0/49	-0.207136	-0.0305956	inf
SRX4783049	TFs and others	AR	Prostate	Prostate cancer cells	1190	13/483	0/49	-0.207136	-0.0305956	inf
SRX4783054	TFs and others	AR	Prostate	Prostate cancer cells	423	13/483	0/49	-0.207136	-0.0305956	inf
SRX4783055	TFs and others	AR	Prostate	Prostate cancer cells	463	13/483	0/49	-0.207136	-0.0305956	inf
SRX4783056	TFs and others	AR	Prostate	Prostate cancer cells	549	13/483	0/49	-0.207136	-0.0305956	inf
SRX4783062	TFs and others	AR	Prostate	Prostate cancer cells	484	13/483	0/49	-0.207136	-0.0305956	inf
SRX4783072	TFs and others	AR	Prostate	Prostate cancer cells	1558	13/483	0/49	-0.207136	-0.0305956	inf
SRX4783075	TFs and others	AR	Prostate	Prostate cancer cells	467	13/483	0/49	-0.207136	-0.0305956	inf
SRX4783077	TFs and others	AR	Prostate	Prostate cancer cells	949	13/483	0/49	-0.207136	-0.0305956	inf
SRX4783084	TFs and others	AR	Prostate	Prostate cancer cells	376	13/483	0/49	-0.207136	-0.0305956	inf
SRX4783086	TFs and others	AR	Prostate	Prostate cancer cells	564	13/483	0/49	-0.207136	-0.0305956	inf
SRX4783091	TFs and others	AR	Prostate	Prostate cancer cells	523	13/483	0/49	-0.207136	-0.0305956	inf
SRX4783095	TFs and others	AR	Prostate	Prostate cancer cells	461	13/483	0/49	-0.207136	-0.0305956	inf
SRX4783099	TFs and others	AR	Prostate	Prostate cancer cells	681	13/483	0/49	-0.207136	-0.0305956	inf
SRX4783101	TFs and others	AR	Prostate	Prostate cancer cells	376	13/483	0/49	-0.207136	-0.0305956	inf
SRX4802300	TFs and others	HIF1A	Kidney	HKC8	270	13/483	0/49	-0.207136	-0.0305956	inf
SRX481466	TFs and others	ARRB1	Prostate	Prostate	305	13/483	0/49	-0.207136	-0.0305956	inf
SRX4905629	TFs and others	EBF1	Digestive tract	YCC-11	930	13/483	0/49	-0.207136	-0.0305956	inf
SRX4931248	TFs and others	KMT2A	Kidney	293	361	13/483	0/49	-0.207136	-0.0305956	inf
SRX4937359	TFs and others	USP22	Digestive tract	HCT 116	518	13/483	0/49	-0.207136	-0.0305956	inf
SRX4952720	TFs and others	Epitope tags	Liver	Hep G2	268	13/483	0/49	-0.207136	-0.0305956	inf
SRX4957971	TFs and others	TERF2	Muscle	Muscle, Smooth	181	13/483	0/49	-0.207136	-0.0305956	inf
SRX5025678	TFs and others	DCP1A	Neural	SH-EP	318	13/483	0/49	-0.207136	-0.0305956	inf
SRX503337	TFs and others	KSHV LANA	Blood	BJAB	438	13/483	0/49	-0.207136	-0.0305956	inf
SRX5057614	TFs and others	GATA3	Breast	T-47D	353	13/483	0/49	-0.207136	-0.0305956	inf
SRX5057616	TFs and others	Epitope tags	Breast	T-47D	366	13/483	0/49	-0.207136	-0.0305956	inf
SRX5057625	TFs and others	GATA3	Breast	T-47D	411	13/483	0/49	-0.207136	-0.0305956	inf
SRX5057627	TFs and others	GATA3	Breast	T-47D	410	13/483	0/49	-0.207136	-0.0305956	inf
SRX5089378	TFs and others	ARID1A	Breast	MCF-7	517	13/483	0/49	-0.207136	-0.0305956	inf
SRX5089505	TFs and others	HDAC1	Breast	MCF-7	367	13/483	0/49	-0.207136	-0.0305956	inf
SRX5089537	TFs and others	ARID2	Breast	MCF-7	298	13/483	0/49	-0.207136	-0.0305956	inf
SRX5089538	TFs and others	ARID2	Breast	MCF-7	421	13/483	0/49	-0.207136	-0.0305956	inf
SRX5089549	TFs and others	ARID2	Breast	MCF-7	428	13/483	0/49	-0.207136	-0.0305956	inf
SRX5089785	TFs and others	SATB1	Breast	MCF 10A	18651	13/483	0/49	-0.207136	-0.0305956	inf
SRX5124848	TFs and others	TLE3	Prostate	C4-2	1622	13/483	0/49	-0.207136	-0.0305956	inf
SRX5124869	TFs and others	AR	Prostate	22Rv1	732	13/483	0/49	-0.207136	-0.0305956	inf
SRX5139492	TFs and others	SMC2	Digestive tract	HCT 116	619	13/483	0/49	-0.207136	-0.0305956	inf
SRX5139493	TFs and others	SMC2	Digestive tract	HCT 116	885	13/483	0/49	-0.207136	-0.0305956	inf
SRX5139494	TFs and others	SMC2	Digestive tract	HCT 116	327	13/483	0/49	-0.207136	-0.0305956	inf
SRX5157150	TFs and others	CEBPA	Blood	THP-1	8024	13/483	0/49	-0.207136	-0.0305956	inf
SRX5157159	TFs and others	CEBPA	Blood	THP-1	7388	13/483	0/49	-0.207136	-0.0305956	inf
SRX5157165	TFs and others	CEBPA	Blood	THP-1	8146	13/483	0/49	-0.207136	-0.0305956	inf
SRX5162256	TFs and others	RELB	Placenta	Cytotrophoblast	242	13/483	0/49	-0.207136	-0.0305956	inf
SRX5167213	TFs and others	CHD4	Blood	Acute myeloid leukemia	955	13/483	0/49	-0.207136	-0.0305956	inf
SRX5167214	TFs and others	KDM6A	Blood	Acute myeloid leukemia	623	13/483	0/49	-0.207136	-0.0305956	inf
SRX5167216	TFs and others	KDM6A	Blood	Acute myeloid leukemia	327	13/483	0/49	-0.207136	-0.0305956	inf
SRX5185604	TFs and others	MED12	Breast	MCF-7	342	13/483	0/49	-0.207136	-0.0305956	inf
SRX518673	TFs and others	BATF	Blood	OCI-LY-10	2490	13/483	0/49	-0.207136	-0.0305956	inf
SRX5188630	TFs and others	RUNX3	Digestive tract	SNU-484	257	13/483	0/49	-0.207136	-0.0305956	inf
SRX5195672	TFs and others	SMARCA4	Uterus	Endometrial epithelial cells	685	13/483	0/49	-0.207136	-0.0305956	inf
SRX5195674	TFs and others	SMARCA4	Uterus	Endometrial epithelial cells	845	13/483	0/49	-0.207136	-0.0305956	inf
SRX5202475	TFs and others	CUL4B	Breast	MDA-MB-231	235	13/483	0/49	-0.207136	-0.0305956	inf
SRX5203306	TFs and others	ESR1	Breast	MCF-7	461	13/483	0/49	-0.207136	-0.0305956	inf
SRX5234472	TFs and others	SMARCA4	Pluripotent stem cell	iPS cells	6577	13/483	0/49	-0.207136	-0.0305956	inf
SRX5234476	TFs and others	SUZ12	Pluripotent stem cell	iPS cells	1267	13/483	0/49	-0.207136	-0.0305956	inf
SRX5250887	TFs and others	TP53	Digestive tract	HCT 116	441	13/483	0/49	-0.207136	-0.0305956	inf
SRX5255101	TFs and others	Epitope tags	Kidney	293	735	13/483	0/49	-0.207136	-0.0305956	inf
SRX527883	TFs and others	Epitope tags	Kidney	293	441	13/483	0/49	-0.207136	-0.0305956	inf
SRX528835	TFs and others	LMNA	Uterus	HeLa	636	13/483	0/49	-0.207136	-0.0305956	inf
SRX5289987	TFs and others	NR3C1	Lung	BEAS-2B	647	13/483	0/49	-0.207136	-0.0305956	inf
SRX5289991	TFs and others	NR3C1	Lung	BEAS-2B	1057	13/483	0/49	-0.207136	-0.0305956	inf
SRX530186	TFs and others	NR1H4	Liver	Hepatocytes	923	13/483	0/49	-0.207136	-0.0305956	inf
SRX5341954	TFs and others	CASZ1	Muscle	Rhabdomyosarcoma	3029	13/483	0/49	-0.207136	-0.0305956	inf
SRX5342374	TFs and others	FOXL2	Gonad	SVOG-3e	761	13/483	0/49	-0.207136	-0.0305956	inf
SRX5346114	TFs and others	Epitope tags	Blood	RAMOS	785	13/483	0/49	-0.207136	-0.0305956	inf
SRX5346123	TFs and others	MYC	Blood	RAMOS	814	13/483	0/49	-0.207136	-0.0305956	inf
SRX5346130	TFs and others	WDR5	Blood	RAMOS	995	13/483	0/49	-0.207136	-0.0305956	inf
SRX535179	TFs and others	HSF1	Digestive tract	HCT 116	500	13/483	0/49	-0.207136	-0.0305956	inf
SRX5382892	TFs and others	Epitope tags	Kidney	iSLK	777	13/483	0/49	-0.207136	-0.0305956	inf
SRX5385027	TFs and others	BRD3	Pluripotent stem cell	hESC H1	287	13/483	0/49	-0.207136	-0.0305956	inf
SRX5389160	TFs and others	HDAC1	Blood	Acute promyelocytic leukemia	1130	13/483	0/49	-0.207136	-0.0305956	inf
SRX5401659	TFs and others	AR	Prostate	Prostate cancer-derived fibroblasts	380	13/483	0/49	-0.207136	-0.0305956	inf
SRX5409712	TFs and others	NETO2	Blood	Kasumi-1	336	13/483	0/49	-0.207136	-0.0305956	inf
SRX5444528	TFs and others	MEN1	Blood	RS 411	238	13/483	0/49	-0.207136	-0.0305956	inf
SRX5486445	TFs and others	ZIC2	Digestive tract	HCT 116	624	13/483	0/49	-0.207136	-0.0305956	inf
SRX5491532	TFs and others	XPO1	Blood	Loucy	61	13/483	0/49	-0.207136	-0.0305956	inf
SRX5511292	TFs and others	ESR1	Breast	MCF-7	2413	13/483	0/49	-0.207136	-0.0305956	inf
SRX5511306	TFs and others	ESR1	Breast	MDA-MB-231	343	13/483	0/49	-0.207136	-0.0305956	inf
SRX5511311	TFs and others	ESR1	Breast	MDA-MB-231	395	13/483	0/49	-0.207136	-0.0305956	inf
SRX5511312	TFs and others	ESR1	Breast	MDA-MB-231	375	13/483	0/49	-0.207136	-0.0305956	inf
SRX5514006	TFs and others	FOS	Uterus	Myometrium	411	13/483	0/49	-0.207136	-0.0305956	inf
SRX5514025	TFs and others	JUN	Uterus	Uterin leiomyoma	345	13/483	0/49	-0.207136	-0.0305956	inf
SRX5534852	TFs and others	EP300	Breast	MCF-7	807	13/483	0/49	-0.207136	-0.0305956	inf
SRX5534853	TFs and others	ESR1	Breast	MCF-7	3189	13/483	0/49	-0.207136	-0.0305956	inf
SRX5556901	TFs and others	LEO1	Kidney	293	390	13/483	0/49	-0.207136	-0.0305956	inf
SRX5567163	TFs and others	EZH2	Blood	Acute myeloid leukemia	179	13/483	0/49	-0.207136	-0.0305956	inf
SRX5567164	TFs and others	MYH11	Blood	Acute myeloid leukemia	161	13/483	0/49	-0.207136	-0.0305956	inf
SRX5567165	TFs and others	RNF2	Blood	Acute myeloid leukemia	137	13/483	0/49	-0.207136	-0.0305956	inf
SRX5574372	TFs and others	SPI1	Blood	Monocytes	1786	13/483	0/49	-0.207136	-0.0305956	inf
SRX5574445	TFs and others	EN1	Breast	SUM 159PT	621	13/483	0/49	-0.207136	-0.0305956	inf
SRX5574476	TFs and others	SPI1	Blood	CTV-1	777	13/483	0/49	-0.207136	-0.0305956	inf
SRX5600876	TFs and others	ATF4	Neural	Prefrontal Cortex	415	13/483	0/49	-0.207136	-0.0305956	inf
SRX5600889	TFs and others	OLIG2	Neural	Prefrontal Cortex	412	13/483	0/49	-0.207136	-0.0305956	inf
SRX5600896	TFs and others	OLIG2	Neural	Prefrontal Cortex	430	13/483	0/49	-0.207136	-0.0305956	inf
SRX5600897	TFs and others	OLIG2	Neural	Prefrontal Cortex	538	13/483	0/49	-0.207136	-0.0305956	inf
SRX5600900	TFs and others	THRA	Neural	Prefrontal Cortex	554	13/483	0/49	-0.207136	-0.0305956	inf
SRX5600903	TFs and others	THRA	Neural	Prefrontal Cortex	251	13/483	0/49	-0.207136	-0.0305956	inf
SRX5647964	TFs and others	BRD4	Kidney	293	286	13/483	0/49	-0.207136	-0.0305956	inf
SRX5650759	TFs and others	BRD9	Blood	U-937	189	13/483	0/49	-0.207136	-0.0305956	inf
SRX5654411	TFs and others	GFP	Liver	Hep G2	622	13/483	0/49	-0.207136	-0.0305956	inf
SRX5654412	TFs and others	GFP	Liver	Hep G2	585	13/483	0/49	-0.207136	-0.0305956	inf
SRX5661459	TFs and others	RBM14	Kidney	293	271	13/483	0/49	-0.207136	-0.0305956	inf
SRX5683077	TFs and others	ESR1	Uterus	Ishikawa	474	13/483	0/49	-0.207136	-0.0305956	inf
SRX5683080	TFs and others	ESR1	Uterus	Ishikawa	528	13/483	0/49	-0.207136	-0.0305956	inf
SRX573177	TFs and others	GFP	Epidermis	CS1AN	56	13/483	0/49	-0.207136	-0.0305956	inf
SRX573180	TFs and others	GFP	Epidermis	CS1AN	275	13/483	0/49	-0.207136	-0.0305956	inf
SRX573183	TFs and others	GFP	Epidermis	CS1AN	251	13/483	0/49	-0.207136	-0.0305956	inf
SRX574346	TFs and others	NR3C1	Unclassified	Unclassified	491	13/483	0/49	-0.207136	-0.0305956	inf
SRX5759192	TFs and others	SUZ12	Neural	ipNF05.5	295	13/483	0/49	-0.207136	-0.0305956	inf
SRX5794312	TFs and others	TCF7	Breast	Breast organoids	755	13/483	0/49	-0.207136	-0.0305956	inf
SRX5824567	TFs and others	BRD4	Breast	SUM 149PT	1335	13/483	0/49	-0.207136	-0.0305956	inf
SRX5824571	TFs and others	BRD4	Breast	SUM 149PT	1096	13/483	0/49	-0.207136	-0.0305956	inf
SRX5824586	TFs and others	BRD4	Breast	SUM 159PT	1222	13/483	0/49	-0.207136	-0.0305956	inf
SRX5824591	TFs and others	BRD4	Breast	SUM 159PT	379	13/483	0/49	-0.207136	-0.0305956	inf
SRX5824597	TFs and others	BRD4	Breast	SUM 159PT	1929	13/483	0/49	-0.207136	-0.0305956	inf
SRX5826162	TFs and others	HAT1	Liver	Hep G2	616	13/483	0/49	-0.207136	-0.0305956	inf
SRX5865961	TFs and others	TP53	Blood	K-562	144	13/483	0/49	-0.207136	-0.0305956	inf
SRX5930114	TFs and others	NCOR2	Blood	Acute myeloid leukemia	705	13/483	0/49	-0.207136	-0.0305956	inf
SRX5930146	TFs and others	SOX8	Muscle	RH-4	881	13/483	0/49	-0.207136	-0.0305956	inf
SRX595688	TFs and others	AR	Prostate	VCaP	592	13/483	0/49	-0.207136	-0.0305956	inf
SRX5957533	TFs and others	WDR5	Pluripotent stem cell	hESC H1	152	13/483	0/49	-0.207136	-0.0305956	inf
SRX5974529	TFs and others	GATA1	Blood	K-562	6301	13/483	0/49	-0.207136	-0.0305956	inf
SRX5974556	TFs and others	TAL1	Blood	K-562	8592	13/483	0/49	-0.207136	-0.0305956	inf
SRX6039032	TFs and others	CTNNB1	Pluripotent stem cell	iPS derived chondrocytes	520	13/483	0/49	-0.207136	-0.0305956	inf
SRX6039034	TFs and others	CTNNB1	Pluripotent stem cell	iPS derived chondrocytes	683	13/483	0/49	-0.207136	-0.0305956	inf
SRX6073303	TFs and others	BATF	Blood	BC-3	396	13/483	0/49	-0.207136	-0.0305956	inf
SRX6076676	TFs and others	HNF4A	Digestive tract	ESO-26	301	13/483	0/49	-0.207136	-0.0305956	inf
SRX608347	TFs and others	GFP	Kidney	293	464	13/483	0/49	-0.207136	-0.0305956	inf
SRX6093191	TFs and others	Epitope tags	Pluripotent stem cell	hESC derived neural cells	384	13/483	0/49	-0.207136	-0.0305956	inf
SRX6093192	TFs and others	Epitope tags	Pluripotent stem cell	hESC derived neural cells	447	13/483	0/49	-0.207136	-0.0305956	inf
SRX6098150	TFs and others	TRPS1	Breast	MCF-7	539	13/483	0/49	-0.207136	-0.0305956	inf
SRX610673	TFs and others	Epitope tags	Uterus	Ovarian granulosa cells	288	13/483	0/49	-0.207136	-0.0305956	inf
SRX612501	TFs and others	BRD2	Liver	LX2	155	13/483	0/49	-0.207136	-0.0305956	inf
SRX6367577	TFs and others	NCOR1	Kidney	293	169	13/483	0/49	-0.207136	-0.0305956	inf
SRX6370182	TFs and others	EPOP	Pluripotent stem cell	NT2-D1	136	13/483	0/49	-0.207136	-0.0305956	inf
SRX6371955	TFs and others	BRD4	Neural	CLB-Ga	451	13/483	0/49	-0.207136	-0.0305956	inf
SRX6435384	TFs and others	SUPT5H	Kidney	293	180	13/483	0/49	-0.207136	-0.0305956	inf
SRX644712	TFs and others	SCML2	Kidney	293	310	13/483	0/49	-0.207136	-0.0305956	inf
SRX644728	TFs and others	SCML2	Kidney	293	1916	13/483	0/49	-0.207136	-0.0305956	inf
SRX644729	TFs and others	BMI1	Kidney	293	516	13/483	0/49	-0.207136	-0.0305956	inf
SRX646133	TFs and others	EZH2	Blood	Erythroblasts	391	13/483	0/49	-0.207136	-0.0305956	inf
SRX6473453	TFs and others	Epitope tags	Pluripotent stem cell	hESC derived neural crests	524	13/483	0/49	-0.207136	-0.0305956	inf
SRX6483131	TFs and others	SS18	Neural	NGP	476	13/483	0/49	-0.207136	-0.0305956	inf
SRX6605189	TFs and others	BrdU	Uterus	HeLa	394	13/483	0/49	-0.207136	-0.0305956	inf
SRX6605190	TFs and others	BrdU	Uterus	HeLa	566	13/483	0/49	-0.207136	-0.0305956	inf
SRX6605195	TFs and others	BrdU	Uterus	HeLa	555	13/483	0/49	-0.207136	-0.0305956	inf
SRX6605228	TFs and others	ORC1	Uterus	HeLa	224	13/483	0/49	-0.207136	-0.0305956	inf
SRX6605238	TFs and others	BrdU	Uterus	HeLa	112	13/483	0/49	-0.207136	-0.0305956	inf
SRX6605239	TFs and others	BrdU	Uterus	HeLa	407	13/483	0/49	-0.207136	-0.0305956	inf
SRX666593	TFs and others	RBPJ	Epidermis	Dermal fibroblast	930	13/483	0/49	-0.207136	-0.0305956	inf
SRX6692569	TFs and others	Epitope tags	Epidermis	Keratinocytes	1512	13/483	0/49	-0.207136	-0.0305956	inf
SRX670817	TFs and others	BRD3	Pluripotent stem cell	hESC H9	225	13/483	0/49	-0.207136	-0.0305956	inf
SRX673724	TFs and others	Biotin	Breast	MCF-7	1552	13/483	0/49	-0.207136	-0.0305956	inf
SRX673725	TFs and others	Biotin	Breast	MCF-7	1305	13/483	0/49	-0.207136	-0.0305956	inf
SRX673729	TFs and others	MED1	Breast	MCF-7	478	13/483	0/49	-0.207136	-0.0305956	inf
SRX673733	TFs and others	PRKDC	Breast	MCF-7	393	13/483	0/49	-0.207136	-0.0305956	inf
SRX673751	TFs and others	ESR1	Breast	MCF-7	711	13/483	0/49	-0.207136	-0.0305956	inf
SRX6743814	TFs and others	CHD6	Pluripotent stem cell	iPS derived cardiac cells	510	13/483	0/49	-0.207136	-0.0305956	inf
SRX6777396	TFs and others	ESR1	Breast	MCF-7	2088	13/483	0/49	-0.207136	-0.0305956	inf
SRX6777399	TFs and others	ESR1	Breast	MCF-7	1627	13/483	0/49	-0.207136	-0.0305956	inf
SRX682385	TFs and others	LMO2	Blood	TSU-1621MT	11781	13/483	0/49	-0.207136	-0.0305956	inf
SRX682388	TFs and others	TAL1	Blood	TSU-1621MT	8453	13/483	0/49	-0.207136	-0.0305956	inf
SRX6824674	TFs and others	SNAI2	Unclassified	Unclassified	692	13/483	0/49	-0.207136	-0.0305956	inf
SRX684519	TFs and others	T	Pluripotent stem cell	hESC derived mesodermal cells	114	13/483	0/49	-0.207136	-0.0305956	inf
SRX685531	TFs and others	DEK	Blood	U-937	307	13/483	0/49	-0.207136	-0.0305956	inf
SRX6860636	TFs and others	ESR1	Breast	T-47D	1596	13/483	0/49	-0.207136	-0.0305956	inf
SRX6888833	TFs and others	BHLHE40	Uterus	HeLa	990	13/483	0/49	-0.207136	-0.0305956	inf
SRX6888834	TFs and others	BHLHE40	Uterus	HeLa	499	13/483	0/49	-0.207136	-0.0305956	inf
SRX6888837	TFs and others	Biotin	Uterus	HeLa	720	13/483	0/49	-0.207136	-0.0305956	inf
SRX6909705	TFs and others	Epitope tags	Blood	697	2045	13/483	0/49	-0.207136	-0.0305956	inf
SRX690997	TFs and others	PSIP1	Blood	CD4+ T cells	529	13/483	0/49	-0.207136	-0.0305956	inf
SRX6911598	TFs and others	ZMYND8	Neural	Glioblastoma	147	13/483	0/49	-0.207136	-0.0305956	inf
SRX6913059	TFs and others	BRD3	Blood	THP-1	447	13/483	0/49	-0.207136	-0.0305956	inf
SRX6913098	TFs and others	BRD3	Blood	CD4+ T cells	356	13/483	0/49	-0.207136	-0.0305956	inf
SRX6935379	TFs and others	MYCN	Neural	NB69	540	13/483	0/49	-0.207136	-0.0305956	inf
SRX6944145	TFs and others	FOS	Blood	CD4+ T cells	84	13/483	0/49	-0.207136	-0.0305956	inf
SRX6944147	TFs and others	JUNB	Blood	CD4+ T cells	91	13/483	0/49	-0.207136	-0.0305956	inf
SRX6944151	TFs and others	FOS	Blood	CD4+ T cells	56	13/483	0/49	-0.207136	-0.0305956	inf
SRX6957406	TFs and others	SMAD2	Kidney	HGrC1	1503	13/483	0/49	-0.207136	-0.0305956	inf
SRX695889	TFs and others	ASCL1	Others	Tumor	276	13/483	0/49	-0.207136	-0.0305956	inf
SRX695890	TFs and others	ASCL1	Others	Tumor	47	13/483	0/49	-0.207136	-0.0305956	inf
SRX701958	TFs and others	PRDM1	Pluripotent stem cell	hESC derived mesendodermal cells	342	13/483	0/49	-0.207136	-0.0305956	inf
SRX701968	TFs and others	EOMES	Pluripotent stem cell	hESC HUES64	210	13/483	0/49	-0.207136	-0.0305956	inf
SRX701988	TFs and others	GATA4	Pluripotent stem cell	hESC derived mesendodermal cells	1804	13/483	0/49	-0.207136	-0.0305956	inf
SRX701991	TFs and others	GATA4	Pluripotent stem cell	hESC derived endodermal cells	3616	13/483	0/49	-0.207136	-0.0305956	inf
SRX702022	TFs and others	HNF1B	Pluripotent stem cell	hESC HUES64	75	13/483	0/49	-0.207136	-0.0305956	inf
SRX702032	TFs and others	LEF1	Pluripotent stem cell	hESC derived mesendodermal cells	106	13/483	0/49	-0.207136	-0.0305956	inf
SRX702033	TFs and others	LEF1	Pluripotent stem cell	hESC derived mesendodermal cells	208	13/483	0/49	-0.207136	-0.0305956	inf
SRX702081	TFs and others	SMAD1	Pluripotent stem cell	hESC derived endodermal cells	111	13/483	0/49	-0.207136	-0.0305956	inf
SRX702085	TFs and others	SMAD1	Pluripotent stem cell	hESC derived mesendodermal cells	134	13/483	0/49	-0.207136	-0.0305956	inf
SRX702105	TFs and others	SOX2	Pluripotent stem cell	hESC derived mesendodermal cells	464	13/483	0/49	-0.207136	-0.0305956	inf
SRX702140	TFs and others	TRIM28	Pluripotent stem cell	hESC derived mesendodermal cells	245	13/483	0/49	-0.207136	-0.0305956	inf
SRX702147	TFs and others	MYC	Pluripotent stem cell	hESC derived mesendodermal cells	103	13/483	0/49	-0.207136	-0.0305956	inf
SRX702155	TFs and others	HAND1	Pluripotent stem cell	hESC derived mesendodermal cells	128	13/483	0/49	-0.207136	-0.0305956	inf
SRX7030918	TFs and others	TRIM28	Breast	MCF-7	172	13/483	0/49	-0.207136	-0.0305956	inf
SRX7030929	TFs and others	NELFA	Breast	MCF-7	396	13/483	0/49	-0.207136	-0.0305956	inf
SRX7033136	TFs and others	XRN2	Kidney	293	229	13/483	0/49	-0.207136	-0.0305956	inf
SRX7083403	TFs and others	MEF2B	Blood	RAMOS	149	13/483	0/49	-0.207136	-0.0305956	inf
SRX7106665	TFs and others	AR	Pluripotent stem cell	iPS derived neural cells	386	13/483	0/49	-0.207136	-0.0305956	inf
SRX7114562	TFs and others	Epitope tags	Breast	MCF-7	373	13/483	0/49	-0.207136	-0.0305956	inf
SRX716944	TFs and others	NR3C1	Blood	Macrophages	1949	13/483	0/49	-0.207136	-0.0305956	inf
SRX718117	TFs and others	FLI1	Bone	SKMNC	1344	13/483	0/49	-0.207136	-0.0305956	inf
SRX7196718	TFs and others	BMI1	Neural	SU-DIPG-IV	1135	13/483	0/49	-0.207136	-0.0305956	inf
SRX7202545	TFs and others	RAD21	Uterus	HEC-1-B	4554	13/483	0/49	-0.207136	-0.0305956	inf
SRX7213081	TFs and others	PAF1	Bone	U2OS	226	13/483	0/49	-0.207136	-0.0305956	inf
SRX7276893	TFs and others	TOP2B	Breast	MCF-7	426	13/483	0/49	-0.207136	-0.0305956	inf
SRX7277192	TFs and others	LMNA	Unclassified	Unclassified	441	13/483	0/49	-0.207136	-0.0305956	inf
SRX7283270	TFs and others	ZBED2	Pancreas	AsPC-1	546	13/483	0/49	-0.207136	-0.0305956	inf
SRX728776	TFs and others	LEO1	Blood	THP-1	442	13/483	0/49	-0.207136	-0.0305956	inf
SRX731134	TFs and others	YAP1	Liver	CC-LP-1	139	13/483	0/49	-0.207136	-0.0305956	inf
SRX731142	TFs and others	YAP1	Lung	NCI-H69	346	13/483	0/49	-0.207136	-0.0305956	inf
SRX7371437	TFs and others	TP53	Pluripotent stem cell	hESC derived endodermal cells	485	13/483	0/49	-0.207136	-0.0305956	inf
SRX7398280	TFs and others	LDB1	Blood	K-562	3020	13/483	0/49	-0.207136	-0.0305956	inf
SRX7415624	TFs and others	NEIL1	Digestive tract	HCT 116	408	13/483	0/49	-0.207136	-0.0305956	inf
SRX7415625	TFs and others	NEIL1	Digestive tract	HCT 116	435	13/483	0/49	-0.207136	-0.0305956	inf
SRX7435326	TFs and others	AR	Digestive tract	KYSE-410	487	13/483	0/49	-0.207136	-0.0305956	inf
SRX7435328	TFs and others	AR	Digestive tract	KYSE-410	481	13/483	0/49	-0.207136	-0.0305956	inf
SRX7435330	TFs and others	AR	Digestive tract	KYSE-410	476	13/483	0/49	-0.207136	-0.0305956	inf
SRX7435331	TFs and others	AR	Digestive tract	KYSE-410	506	13/483	0/49	-0.207136	-0.0305956	inf
SRX7435332	TFs and others	AR	Digestive tract	KYSE-410	458	13/483	0/49	-0.207136	-0.0305956	inf
SRX7435333	TFs and others	AR	Digestive tract	KYSE-410	520	13/483	0/49	-0.207136	-0.0305956	inf
SRX7451120	TFs and others	EZH2	Lung	A549	689	13/483	0/49	-0.207136	-0.0305956	inf
SRX7451121	TFs and others	EZH2	Lung	A549	837	13/483	0/49	-0.207136	-0.0305956	inf
SRX748428	TFs and others	TCF7L2	Digestive tract	HCT 116	349	13/483	0/49	-0.207136	-0.0305956	inf
SRX7494161	TFs and others	HIF1A	Blood	K-562	379	13/483	0/49	-0.207136	-0.0305956	inf
SRX7498495	TFs and others	CTCF	Uterus	Ca Ski	835	13/483	0/49	-0.207136	-0.0305956	inf
SRX7498504	TFs and others	CTCF	Others	HMS001	4906	13/483	0/49	-0.207136	-0.0305956	inf
SRX7512713	TFs and others	AR	Prostate	VCaP	33198	13/483	0/49	-0.207136	-0.0305956	inf
SRX7522851	TFs and others	STAT3	Breast	MCF10DCIS.com	344	13/483	0/49	-0.207136	-0.0305956	inf
SRX753138	TFs and others	GTF2I	Pluripotent stem cell	iPS cells	713	13/483	0/49	-0.207136	-0.0305956	inf
SRX7540328	TFs and others	BRD4	Breast	MCF-7	1163	13/483	0/49	-0.207136	-0.0305956	inf
SRX7572096	TFs and others	MYC	Pancreas	MIA Paca-2	508	13/483	0/49	-0.207136	-0.0305956	inf
SRX7572099	TFs and others	MYC	Pancreas	MIA Paca-2	538	13/483	0/49	-0.207136	-0.0305956	inf
SRX758613	TFs and others	FOXP1	Blood	OCI-LY8	990	13/483	0/49	-0.207136	-0.0305956	inf
SRX758615	TFs and others	FOXP1	Blood	OCI-LY-10	2114	13/483	0/49	-0.207136	-0.0305956	inf
SRX7625874	TFs and others	HIF1A	Kidney	293	264	13/483	0/49	-0.207136	-0.0305956	inf
SRX7625875	TFs and others	HIF1A	Kidney	293	423	13/483	0/49	-0.207136	-0.0305956	inf
SRX7625876	TFs and others	HIF1A	Kidney	293	278	13/483	0/49	-0.207136	-0.0305956	inf
SRX7642859	TFs and others	RBM39	Breast	Mammary epithelial cells	67	13/483	0/49	-0.207136	-0.0305956	inf
SRX7695544	TFs and others	TEAD4	Others	WERI-Rb-1	1499	13/483	0/49	-0.207136	-0.0305956	inf
SRX7712492	TFs and others	HIF1A	Lung	A549	310	13/483	0/49	-0.207136	-0.0305956	inf
SRX7712496	TFs and others	HIF1A	Lung	NCI-H460	323	13/483	0/49	-0.207136	-0.0305956	inf
SRX7712497	TFs and others	HIF1A	Lung	NCI-H460	319	13/483	0/49	-0.207136	-0.0305956	inf
SRX7760059	TFs and others	MYRF	Pancreas	CFPAC-1	988	13/483	0/49	-0.207136	-0.0305956	inf
SRX7805901	TFs and others	NIPBL	Epidermis	Dermal fibroblast	376	13/483	0/49	-0.207136	-0.0305956	inf
SRX7807109	TFs and others	TEAD4	Unclassified	Unclassified	1860	13/483	0/49	-0.207136	-0.0305956	inf
SRX7846779	TFs and others	ESR1	Breast	MCF-7	1166	13/483	0/49	-0.207136	-0.0305956	inf
SRX7875098	TFs and others	BRD4	Prostate	LNCAP	999	13/483	0/49	-0.207136	-0.0305956	inf
SRX7875099	TFs and others	BRD9	Prostate	LNCAP	715	13/483	0/49	-0.207136	-0.0305956	inf
SRX7902971	TFs and others	Epitope tags	Kidney	293	1736	13/483	0/49	-0.207136	-0.0305956	inf
SRX7902973	TFs and others	Epitope tags	Kidney	293	942	13/483	0/49	-0.207136	-0.0305956	inf
SRX790966	TFs and others	RELA	Blood	L-1236	263	13/483	0/49	-0.207136	-0.0305956	inf
SRX7972421	TFs and others	MKL2	Epidermis	MKL-2	532	13/483	0/49	-0.207136	-0.0305956	inf
SRX7972451	TFs and others	MKL1	Epidermis	MKL-1	638	13/483	0/49	-0.207136	-0.0305956	inf
SRX8013009	TFs and others	Epitope tags	Kidney	293	453	13/483	0/49	-0.207136	-0.0305956	inf
SRX8018229	TFs and others	CPSF3	Kidney	293	219	13/483	0/49	-0.207136	-0.0305956	inf
SRX8018231	TFs and others	CPSF3	Kidney	293	222	13/483	0/49	-0.207136	-0.0305956	inf
SRX8018254	TFs and others	SUPT6H	Kidney	293	319	13/483	0/49	-0.207136	-0.0305956	inf
SRX8018255	TFs and others	SUPT6H	Kidney	293	412	13/483	0/49	-0.207136	-0.0305956	inf
SRX8023120	TFs and others	TP53	Breast	MCF 10A	340	13/483	0/49	-0.207136	-0.0305956	inf
SRX8023121	TFs and others	TP53	Breast	MCF 10A	172	13/483	0/49	-0.207136	-0.0305956	inf
SRX8030662	TFs and others	SUZ12	Neural	BT 245	1219	13/483	0/49	-0.207136	-0.0305956	inf
SRX8044294	TFs and others	AR	Others	UM-UC-3	468	13/483	0/49	-0.207136	-0.0305956	inf
SRX807620	TFs and others	Epitope tags	Epidermis	501A	457	13/483	0/49	-0.207136	-0.0305956	inf
SRX8083149	TFs and others	Epitope tags	Kidney	293	167	13/483	0/49	-0.207136	-0.0305956	inf
SRX8089623	TFs and others	BRD4	Prostate	VCaP	450	13/483	0/49	-0.207136	-0.0305956	inf
SRX8089630	TFs and others	BRD4	Prostate	VCaP	367	13/483	0/49	-0.207136	-0.0305956	inf
SRX8089698	TFs and others	AR	Prostate	LAPC-4	334	13/483	0/49	-0.207136	-0.0305956	inf
SRX8148231	TFs and others	Epitope tags	Pluripotent stem cell	iPS cells	533	13/483	0/49	-0.207136	-0.0305956	inf
SRX8171699	TFs and others	JARID2	Pluripotent stem cell	ES cells	2477	13/483	0/49	-0.207136	-0.0305956	inf
SRX8173500	TFs and others	EED	Pluripotent stem cell	iPS cells	1510	13/483	0/49	-0.207136	-0.0305956	inf
SRX8180617	TFs and others	HIF1A	Blood	BC-3	1497	13/483	0/49	-0.207136	-0.0305956	inf
SRX8272756	TFs and others	ESR2	Digestive tract	SW 480	1520	13/483	0/49	-0.207136	-0.0305956	inf
SRX8272757	TFs and others	ESR2	Digestive tract	SW 480	1562	13/483	0/49	-0.207136	-0.0305956	inf
SRX8272875	TFs and others	CEBPA	Blood	BLaER1	1300	13/483	0/49	-0.207136	-0.0305956	inf
SRX8272898	TFs and others	CEBPA	Blood	BLaER1	363	13/483	0/49	-0.207136	-0.0305956	inf
SRX8342554	TFs and others	SUZ12	Pluripotent stem cell	iPS cells	553	13/483	0/49	-0.207136	-0.0305956	inf
SRX8406314	TFs and others	HOXB13	Prostate	Prostatic Neoplasms, Castration-Resistant	11354	13/483	0/49	-0.207136	-0.0305956	inf
SRX8406319	TFs and others	HOXB13	Prostate	Prostatic Neoplasms, Castration-Resistant	386	13/483	0/49	-0.207136	-0.0305956	inf
SRX8406479	TFs and others	AR	Prostate	Prostatic Neoplasms, Castration-Resistant	5344	13/483	0/49	-0.207136	-0.0305956	inf
SRX8406492	TFs and others	FOXA1	Prostate	Prostate	586	13/483	0/49	-0.207136	-0.0305956	inf
SRX8406503	TFs and others	FOXA1	Prostate	Prostate	3951	13/483	0/49	-0.207136	-0.0305956	inf
SRX8406536	TFs and others	HOXB13	Prostate	Prostate	1791	13/483	0/49	-0.207136	-0.0305956	inf
SRX8406537	TFs and others	HOXB13	Prostate	Prostate	738	13/483	0/49	-0.207136	-0.0305956	inf
SRX8406544	TFs and others	HOXB13	Prostate	Prostate	3951	13/483	0/49	-0.207136	-0.0305956	inf
SRX848603	TFs and others	MIF	Uterus	HeLa	331	13/483	0/49	-0.207136	-0.0305956	inf
SRX8564263	TFs and others	SMARCA4	Others	12Z	732	13/483	0/49	-0.207136	-0.0305956	inf
SRX8616808	TFs and others	JUN	Lung	A549	156	13/483	0/49	-0.207136	-0.0305956	inf
SRX861684	TFs and others	AR	Prostate	Prostate cancer	343	13/483	0/49	-0.207136	-0.0305956	inf
SRX8616964	TFs and others	TET2	Breast	MCF-7	1134	13/483	0/49	-0.207136	-0.0305956	inf
SRX8664964	TFs and others	ATF4	Blood	HUDEP-2	759	13/483	0/49	-0.207136	-0.0305956	inf
SRX8670134	TFs and others	ASCL1	Neural	SH-SY5Y	303	13/483	0/49	-0.207136	-0.0305956	inf
SRX8716244	TFs and others	AGO1	Breast	MCF-7	1889	13/483	0/49	-0.207136	-0.0305956	inf
SRX873813	TFs and others	DNMT3A	Epidermis	Keratinocytes	704	13/483	0/49	-0.207136	-0.0305956	inf
SRX8772693	TFs and others	CTCF	Epidermis	OCM-1	865	13/483	0/49	-0.207136	-0.0305956	inf
SRX8806002	TFs and others	ZNF410	Blood	HUDEP-2	806	13/483	0/49	-0.207136	-0.0305956	inf
SRX8806005	TFs and others	Epitope tags	Blood	HUDEP-2	816	13/483	0/49	-0.207136	-0.0305956	inf
SRX8806008	TFs and others	Epitope tags	Blood	HUDEP-2	680	13/483	0/49	-0.207136	-0.0305956	inf
SRX8806018	TFs and others	ZNF410	Blood	HUDEP-2	849	13/483	0/49	-0.207136	-0.0305956	inf
SRX8814975	TFs and others	LMNB1	Pluripotent stem cell	iPS derived cardiac cells	603	13/483	0/49	-0.207136	-0.0305956	inf
SRX8814984	TFs and others	LMNB1	Pluripotent stem cell	iPS derived adipocytes	446	13/483	0/49	-0.207136	-0.0305956	inf
SRX8830084	TFs and others	TFAP2A	Digestive tract	Colorectal carcinoma	1144	13/483	0/49	-0.207136	-0.0305956	inf
SRX8841623	TFs and others	CTCF	Blood	Lymphoblasts	2409	13/483	0/49	-0.207136	-0.0305956	inf
SRX8850930	TFs and others	Epitope tags	Breast	MCF 10A	387	13/483	0/49	-0.207136	-0.0305956	inf
SRX8886223	TFs and others	NFKB1	Breast	MDA-MB-231	204	13/483	0/49	-0.207136	-0.0305956	inf
SRX8886224	TFs and others	NFKB1	Breast	MDA-MB-231	231	13/483	0/49	-0.207136	-0.0305956	inf
SRX8886225	TFs and others	NFKB1	Breast	MDA-MB-231	242	13/483	0/49	-0.207136	-0.0305956	inf
SRX8886226	TFs and others	NFKB1	Breast	MDA-MB-231	260	13/483	0/49	-0.207136	-0.0305956	inf
SRX8886229	TFs and others	NFKB1	Breast	MDA-MB-231	265	13/483	0/49	-0.207136	-0.0305956	inf
SRX8886230	TFs and others	NFKB1	Breast	MDA-MB-231	213	13/483	0/49	-0.207136	-0.0305956	inf
SRX8907434	TFs and others	RBBP4	Muscle	Rh-5	296	13/483	0/49	-0.207136	-0.0305956	inf
SRX8957553	TFs and others	YTHDC1	Breast	MCF-7	194	13/483	0/49	-0.207136	-0.0305956	inf
SRX8984317	TFs and others	STAG1	Bone	A-673	836	13/483	0/49	-0.207136	-0.0305956	inf
SRX8984318	TFs and others	STAG2	Bone	A-673	604	13/483	0/49	-0.207136	-0.0305956	inf
SRX9045664	TFs and others	TP53	Blood	Erythroblasts	1235	13/483	0/49	-0.207136	-0.0305956	inf
SRX9124104	TFs and others	TP53	Digestive tract	HCT 116	298	13/483	0/49	-0.207136	-0.0305956	inf
SRX9135102	TFs and others	AR	Prostate	VCaP	33418	13/483	0/49	-0.207136	-0.0305956	inf
SRX9135103	TFs and others	AR	Prostate	VCaP	33726	13/483	0/49	-0.207136	-0.0305956	inf
SRX9178812	TFs and others	HAP1	Blood	HAP1	274	13/483	0/49	-0.207136	-0.0305956	inf
SRX9178829	TFs and others	HAP1	Blood	HAP1	298	13/483	0/49	-0.207136	-0.0305956	inf
SRX9178844	TFs and others	HAP1	Blood	HAP1	113	13/483	0/49	-0.207136	-0.0305956	inf
SRX9281784	TFs and others	RNF2	Kidney	293	84	13/483	0/49	-0.207136	-0.0305956	inf
SRX9350047	TFs and others	TP53	Lung	NCI-H1299	1183	13/483	0/49	-0.207136	-0.0305956	inf
SRX9426426	TFs and others	HCFC1	Blood	RAMOS	1214	13/483	0/49	-0.207136	-0.0305956	inf
SRX9450698	TFs and others	AHR	Pluripotent stem cell	hESC H9	395	13/483	0/49	-0.207136	-0.0305956	inf
SRX9528951	TFs and others	Epitope tags	Breast	MCF-7	507	13/483	0/49	-0.207136	-0.0305956	inf
SRX9528952	TFs and others	Epitope tags	Breast	MCF-7	368	13/483	0/49	-0.207136	-0.0305956	inf
SRX9600646	TFs and others	G-quadruplex	Blood	K-562	256	13/483	0/49	-0.207136	-0.0305956	inf
SRX9628170	TFs and others	NR3C1	Kidney	293	8093	13/483	0/49	-0.207136	-0.0305956	inf
SRX9628174	TFs and others	NR3C1	Kidney	293	6706	13/483	0/49	-0.207136	-0.0305956	inf
SRX9628177	TFs and others	NR3C1	Kidney	293	4259	13/483	0/49	-0.207136	-0.0305956	inf
SRX9640709	TFs and others	AR	Prostate	Prostate cancer	651	13/483	0/49	-0.207136	-0.0305956	inf
SRX9648515	TFs and others	BMI1	Neural	Neural Stem Cells	314	13/483	0/49	-0.207136	-0.0305956	inf
SRX9671285	TFs and others	CCNT1	Blood	K-562	234	13/483	0/49	-0.207136	-0.0305956	inf
SRX9671287	TFs and others	CCNT1	Blood	K-562	340	13/483	0/49	-0.207136	-0.0305956	inf
SRX9674320	TFs and others	NR3C1	Pluripotent stem cell	iPSC derived hepatocytes	268	13/483	0/49	-0.207136	-0.0305956	inf
SRX9683841	TFs and others	NR3C1	Adipocyte	Adipocytes	743	13/483	0/49	-0.207136	-0.0305956	inf
SRX9683844	TFs and others	NR3C1	Adipocyte	Adipocytes	1972	13/483	0/49	-0.207136	-0.0305956	inf
SRX9683845	TFs and others	NR3C1	Adipocyte	Adipocytes	1573	13/483	0/49	-0.207136	-0.0305956	inf
SRX9683847	TFs and others	NR3C1	Adipocyte	Adipocytes	1578	13/483	0/49	-0.207136	-0.0305956	inf
SRX968908	TFs and others	SOX2	Pluripotent stem cell	iPS derived neural cells	341	13/483	0/49	-0.207136	-0.0305956	inf
SRX9763742	TFs and others	AFF1	Lung	A549	1032	13/483	0/49	-0.207136	-0.0305956	inf
SRX9932071	TFs and others	HDAC6	Breast	MCF-7	1728	13/483	0/49	-0.207136	-0.0305956	inf
SRX9932077	TFs and others	HDAC6	Breast	MCF-7	2158	13/483	0/49	-0.207136	-0.0305956	inf
SRX9964512	TFs and others	CDX2	Digestive tract	Caco-2	2485	13/483	0/49	-0.207136	-0.0305956	inf
SRX100539	TFs and others	ELF1	Blood	K-562	23131	344/483	33/49	-0.206941	-0.0305956	1.05753
SRX356805	TFs and others	STAG1	Blood	MS1	35306	139/483	16/49	-0.206941	-0.0305956	0.881341
SRX5757566	TFs and others	SMAD3	Breast	SUM 159PT	11483	343/483	33/49	-0.206074	-0.0305956	1.05446
SRX100431	TFs and others	EBF1	Blood	GM12878	32271	140/483	16/49	-0.206074	-0.0305956	0.887681
SRX189237	TFs and others	MAX	Lung	NCI-H2171	53418	434/483	43/49	-0.20559	-0.0305956	1.02393
SRX099230	TFs and others	GATA1	Blood	PBMC	10143	49/483	6/49	-0.20559	-0.0305956	0.828502
SRX190203	TFs and others	ESR1	Uterus	ECC-1	4539	49/483	6/49	-0.20559	-0.0305956	0.828502
SRX2778390	TFs and others	YY1	Blood	Lymphoblastoid cell line	1724	49/483	6/49	-0.20559	-0.0305956	0.828502
SRX2961790	TFs and others	TRIM24	Blood	MOLM-13	6569	49/483	6/49	-0.20559	-0.0305956	0.828502
SRX204906	TFs and others	MED1	Blood	MM.1S	18533	342/483	33/49	-0.204991	-0.0305956	1.05138
SRX8841629	TFs and others	RAD21	Blood	Lymphoblasts	23170	141/483	16/49	-0.204991	-0.0305956	0.894022
SRX100414	TFs and others	REST	Neural	PFSK-1	10212	150/483	13/49	-0.20336	-0.0305956	1.17057
SRX1089833	TFs and others	SPI1	Blood	Hematopoietic Stem Cells	78791	151/483	13/49	-0.203154	-0.0305956	1.17837
SRX3345958	TFs and others	INTS13	Blood	HL-60	7165	151/483	13/49	-0.203154	-0.0305956	1.17837
SRX3990996	TFs and others	PGR	Breast	T-47D	20824	148/483	13/49	-0.203125	-0.0305956	1.15496
SRX129116	TFs and others	MYC	Blood	Multiple Myeloma	18964	335/483	36/49	-0.203125	-0.0305956	0.944042
SRX3189055	TFs and others	APC	Digestive tract	HCT 116	5059	143/483	16/49	-0.202207	-0.0305956	0.906703
SRX4342282	TFs and others	AHR	Blood	GM17212	2570	143/483	16/49	-0.202207	-0.0305956	0.906703
SRX9838424	TFs and others	YY1	Prostate	LNCAP	6274	143/483	16/49	-0.202207	-0.0305956	0.906703
SRX150384	TFs and others	RFX5	Liver	Hep G2	4237	149/483	17/49	-0.202106	-0.0305956	0.889173
SRX4023329	TFs and others	CDK9	Breast	T-47D	3211	149/483	17/49	-0.202106	-0.0305956	0.889173
SRX359924	TFs and others	BARX1	Digestive tract	LoVo	844	50/483	6/49	-0.202016	-0.0305956	0.845411
SRX4708018	TFs and others	U2AF1	Liver	Hep G2	1429	50/483	6/49	-0.202016	-0.0305956	0.845411
SRX5465792	TFs and others	ESR1	Breast	MCF-7	3241	50/483	6/49	-0.202016	-0.0305956	0.845411
DRX001460	TFs and others	MLL-AF6	Blood	ML-2	168	14/483	0/49	-0.201159	-0.0305956	inf
DRX051430	TFs and others	CTNNB1	Digestive tract	DLD-1	431	14/483	0/49	-0.201159	-0.0305956	inf
DRX059609	TFs and others	BMI1	Blood	HB1119	559	14/483	0/49	-0.201159	-0.0305956	inf
DRX059610	TFs and others	CBX8	Blood	HB1119	793	14/483	0/49	-0.201159	-0.0305956	inf
DRX059612	TFs and others	KMT2B	Blood	HB1119	811	14/483	0/49	-0.201159	-0.0305956	inf
DRX059628	TFs and others	BMI1	Kidney	293	704	14/483	0/49	-0.201159	-0.0305956	inf
DRX059630	TFs and others	MLLT1	Kidney	293	718	14/483	0/49	-0.201159	-0.0305956	inf
DRX059635	TFs and others	AFF1	Kidney	293	476	14/483	0/49	-0.201159	-0.0305956	inf
DRX234812	TFs and others	MLLT1	Kidney	293	494	14/483	0/49	-0.201159	-0.0305956	inf
DRX300407	TFs and others	JADE3	Blood	HB1119	424	14/483	0/49	-0.201159	-0.0305956	inf
ERX1149059	TFs and others	CTCF	Blood	HEL 92.1.7	2324	14/483	0/49	-0.201159	-0.0305956	inf
ERX1149087	TFs and others	CTCF	Blood	K-562	712	14/483	0/49	-0.201159	-0.0305956	inf
ERX1149118	TFs and others	CTCF	Blood	K-562	1474	14/483	0/49	-0.201159	-0.0305956	inf
ERX200502	TFs and others	CTCF	Blood	B cells	4343	14/483	0/49	-0.201159	-0.0305956	inf
ERX200507	TFs and others	CTCF	Blood	B cells	3357	14/483	0/49	-0.201159	-0.0305956	inf
ERX2242405	TFs and others	BCL11A	Breast	Mammary epithelial cells	456	14/483	0/49	-0.201159	-0.0305956	inf
ERX2869664	TFs and others	CTCF	Lung	BEAS-2B	801	14/483	0/49	-0.201159	-0.0305956	inf
ERX2869668	TFs and others	CTCF	Lung	BEAS-2B	753	14/483	0/49	-0.201159	-0.0305956	inf
ERX626819	TFs and others	CTCF	Blood	U-937	171	14/483	0/49	-0.201159	-0.0305956	inf
ERX626846	TFs and others	TAL1	Blood	CHRF-288-11	4865	14/483	0/49	-0.201159	-0.0305956	inf
ERX704050	TFs and others	CEBPB	Blood	HL-60	7741	14/483	0/49	-0.201159	-0.0305956	inf
SRX014750	TFs and others	PML	Blood	NB-4	265	14/483	0/49	-0.201159	-0.0305956	inf
SRX015826	TFs and others	RUNX1	Blood	Jurkat (Clone E6-1)	274	14/483	0/49	-0.201159	-0.0305956	inf
SRX016978	TFs and others	TP73	Bone	Saos-2	11878	14/483	0/49	-0.201159	-0.0305956	inf
SRX017699	TFs and others	EP300	Blood	CD4+ T cells	171	14/483	0/49	-0.201159	-0.0305956	inf
SRX017900	TFs and others	RELA	Blood	GM18526	453	14/483	0/49	-0.201159	-0.0305956	inf
SRX022570	TFs and others	AR	Prostate	LNCAP	13685	14/483	0/49	-0.201159	-0.0305956	inf
SRX022575	TFs and others	ERG	Prostate	RWPE-1	260	14/483	0/49	-0.201159	-0.0305956	inf
SRX022577	TFs and others	AR	Prostate	Prostate cancer cells	523	14/483	0/49	-0.201159	-0.0305956	inf
SRX022578	TFs and others	ERG	Prostate	Prostate cancer cells	315	14/483	0/49	-0.201159	-0.0305956	inf
SRX026263	TFs and others	CDX2	Digestive tract	Caco-2	797	14/483	0/49	-0.201159	-0.0305956	inf
SRX026702	TFs and others	GFP	Pancreas	Pancreatic islets	542	14/483	0/49	-0.201159	-0.0305956	inf
SRX027905	TFs and others	NR3C1	Uterus	HeLa	1522	14/483	0/49	-0.201159	-0.0305956	inf
SRX027906	TFs and others	NR3C1	Uterus	HeLa	255	14/483	0/49	-0.201159	-0.0305956	inf
SRX027914	TFs and others	RELA	Uterus	HeLa	203	14/483	0/49	-0.201159	-0.0305956	inf
SRX028591	TFs and others	TRIM28	Blood	K-562	781	14/483	0/49	-0.201159	-0.0305956	inf
SRX032890	TFs and others	PPARG	Adipocyte	SGBS	334	14/483	0/49	-0.201159	-0.0305956	inf
SRX040562	TFs and others	MYBL2	Uterus	HeLa	320	14/483	0/49	-0.201159	-0.0305956	inf
SRX041292	TFs and others	STAT5B	Blood	T cells	58	14/483	0/49	-0.201159	-0.0305956	inf
SRX059716	TFs and others	EZH2	Prostate	VCaP	1458	14/483	0/49	-0.201159	-0.0305956	inf
SRX060813	TFs and others	EP300	Breast	MCF-7	214	14/483	0/49	-0.201159	-0.0305956	inf
SRX084528	TFs and others	Epitope tags	Prostate	RWPE-1	103	14/483	0/49	-0.201159	-0.0305956	inf
SRX093192	TFs and others	EGR2	Blood	Macrophages	490	14/483	0/49	-0.201159	-0.0305956	inf
SRX095385	TFs and others	Epitope tags	Uterus	HeLa	479	14/483	0/49	-0.201159	-0.0305956	inf
SRX096343	TFs and others	VDR	Digestive tract	LS-180	151	14/483	0/49	-0.201159	-0.0305956	inf
SRX099878	TFs and others	MYC	Others	FB0167P	272	14/483	0/49	-0.201159	-0.0305956	inf
SRX10020169	TFs and others	EZH2	Epidermis	A-375	519	14/483	0/49	-0.201159	-0.0305956	inf
SRX100256	TFs and others	MEF2C	Cardiovascular	HUVEC	119	14/483	0/49	-0.201159	-0.0305956	inf
SRX100264	TFs and others	CREBBP	Breast	H3396	548	14/483	0/49	-0.201159	-0.0305956	inf
SRX1004562	TFs and others	YAP1	Lung	MSTO-211H	272	14/483	0/49	-0.201159	-0.0305956	inf
SRX10101684	TFs and others	SOX2	Pluripotent stem cell	hESC WIBR3	507	14/483	0/49	-0.201159	-0.0305956	inf
SRX10101685	TFs and others	SOX2	Pluripotent stem cell	hESC WIBR3	1145	14/483	0/49	-0.201159	-0.0305956	inf
SRX10119120	TFs and others	JUN	Blood	MV-4-11	394	14/483	0/49	-0.201159	-0.0305956	inf
SRX10119128	TFs and others	SPI1	Blood	MV-4-11	270	14/483	0/49	-0.201159	-0.0305956	inf
SRX10119130	TFs and others	SPI1	Blood	MV-4-11	266	14/483	0/49	-0.201159	-0.0305956	inf
SRX10119131	TFs and others	SPI1	Blood	MV-4-11	465	14/483	0/49	-0.201159	-0.0305956	inf
SRX10119157	TFs and others	MYB	Blood	MV-4-11	643	14/483	0/49	-0.201159	-0.0305956	inf
SRX10119164	TFs and others	CREB1	Blood	MV-4-11	391	14/483	0/49	-0.201159	-0.0305956	inf
SRX10119167	TFs and others	MYB	Blood	MV-4-11	296	14/483	0/49	-0.201159	-0.0305956	inf
SRX10120401	TFs and others	TRIB3	Liver	Hep G2	1819	14/483	0/49	-0.201159	-0.0305956	inf
SRX1012222	TFs and others	TET2	Pluripotent stem cell	hESC derived neural cells	324	14/483	0/49	-0.201159	-0.0305956	inf
SRX1012751	TFs and others	PGR	Breast	MCF-7	319	14/483	0/49	-0.201159	-0.0305956	inf
SRX1012761	TFs and others	PGR	Breast	MCF-7	448	14/483	0/49	-0.201159	-0.0305956	inf
SRX1022747	TFs and others	WRN	Kidney	293	510	14/483	0/49	-0.201159	-0.0305956	inf
SRX1023794	TFs and others	SPI1	Blood	Macrophages	561	14/483	0/49	-0.201159	-0.0305956	inf
SRX1023795	TFs and others	SPI1	Blood	Macrophages	514	14/483	0/49	-0.201159	-0.0305956	inf
SRX1023796	TFs and others	SPI1	Blood	Macrophages	719	14/483	0/49	-0.201159	-0.0305956	inf
SRX1027443	TFs and others	CEBPB	Others	Mesenchymal stem cells	15869	14/483	0/49	-0.201159	-0.0305956	inf
SRX1027444	TFs and others	CEBPB	Others	Mesenchymal stem cells	57600	14/483	0/49	-0.201159	-0.0305956	inf
SRX1027448	TFs and others	CEBPB	Others	Mesenchymal stem cells	20625	14/483	0/49	-0.201159	-0.0305956	inf
SRX1027449	TFs and others	CEBPB	Others	Mesenchymal stem cells	12269	14/483	0/49	-0.201159	-0.0305956	inf
SRX1027451	TFs and others	ATF4	Others	Mesenchymal stem cells	788	14/483	0/49	-0.201159	-0.0305956	inf
SRX1027452	TFs and others	ATF4	Others	Mesenchymal stem cells	2537	14/483	0/49	-0.201159	-0.0305956	inf
SRX10306514	TFs and others	AR	Prostate	LNCAP	14929	14/483	0/49	-0.201159	-0.0305956	inf
SRX1033266	TFs and others	AR	Prostate	LNCAP	1374	14/483	0/49	-0.201159	-0.0305956	inf
SRX1035582	TFs and others	MAML3	Neural	SK-N-SH	444	14/483	0/49	-0.201159	-0.0305956	inf
SRX1035583	TFs and others	MAML3	Neural	SK-N-SH	1910	14/483	0/49	-0.201159	-0.0305956	inf
SRX1035584	TFs and others	MAML3	Neural	SK-N-SH	1747	14/483	0/49	-0.201159	-0.0305956	inf
SRX1035585	TFs and others	MAML3	Neural	SK-N-SH	1464	14/483	0/49	-0.201159	-0.0305956	inf
SRX1035587	TFs and others	RARA	Neural	SK-N-SH	78	14/483	0/49	-0.201159	-0.0305956	inf
SRX10365514	TFs and others	AR	Breast	MCF-7	14901	14/483	0/49	-0.201159	-0.0305956	inf
SRX10365515	TFs and others	AR	Breast	MCF-7	2853	14/483	0/49	-0.201159	-0.0305956	inf
SRX10365557	TFs and others	ESR1	Breast	MCF-7	3748	14/483	0/49	-0.201159	-0.0305956	inf
SRX10382398	TFs and others	EZH2	Pluripotent stem cell	hESC H1	2387	14/483	0/49	-0.201159	-0.0305956	inf
SRX10382445	TFs and others	DNMT3B	Pluripotent stem cell	hESC H1	422	14/483	0/49	-0.201159	-0.0305956	inf
SRX10399320	TFs and others	KMT2A	Breast	Breast epithelium	390	14/483	0/49	-0.201159	-0.0305956	inf
SRX10399321	TFs and others	KMT2A	Breast	Breast epithelium	378	14/483	0/49	-0.201159	-0.0305956	inf
SRX10407083	TFs and others	SOX2	Digestive tract	Esophageal squamous carcinoma cell line	1830	14/483	0/49	-0.201159	-0.0305956	inf
SRX1044414	TFs and others	RELA	Breast	MDA-MB-231	508	14/483	0/49	-0.201159	-0.0305956	inf
SRX1044416	TFs and others	RELA	Breast	MDA-MB-231	576	14/483	0/49	-0.201159	-0.0305956	inf
SRX1048452	TFs and others	MEF2B	Unclassified	Unclassified	475	14/483	0/49	-0.201159	-0.0305956	inf
SRX1048453	TFs and others	MEF2B	Unclassified	Unclassified	672	14/483	0/49	-0.201159	-0.0305956	inf
SRX1048467	TFs and others	Epitope tags	Blood	JEKO-1	263	14/483	0/49	-0.201159	-0.0305956	inf
SRX1048490	TFs and others	MEF2B	Blood	SU-DHL-4	457	14/483	0/49	-0.201159	-0.0305956	inf
SRX10499680	TFs and others	G-quadruplex	Bone	U2OS	195	14/483	0/49	-0.201159	-0.0305956	inf
SRX1053948	TFs and others	HDAC2	Pluripotent stem cell	ES cells	143	14/483	0/49	-0.201159	-0.0305956	inf
SRX1053963	TFs and others	HDAC2	Pluripotent stem cell	iPS cells	104	14/483	0/49	-0.201159	-0.0305956	inf
SRX1053986	TFs and others	HDAC2	Pluripotent stem cell	iPS cells	308	14/483	0/49	-0.201159	-0.0305956	inf
SRX1053996	TFs and others	HDAC2	Pluripotent stem cell	iPS cells	316	14/483	0/49	-0.201159	-0.0305956	inf
SRX10567329	TFs and others	HMGB1	Lung	IMR-90	254	14/483	0/49	-0.201159	-0.0305956	inf
SRX107296	TFs and others	RUNX1	Blood	CCRF-CEM	149	14/483	0/49	-0.201159	-0.0305956	inf
SRX1078860	TFs and others	LEO1	Digestive tract	HCT 116	277	14/483	0/49	-0.201159	-0.0305956	inf
SRX10809335	TFs and others	HDGF2	Neural	DIPG7	609	14/483	0/49	-0.201159	-0.0305956	inf
SRX10809341	TFs and others	HDGF2	Neural	SU-pcGBM-2	107	14/483	0/49	-0.201159	-0.0305956	inf
SRX1089836	TFs and others	GATA2	Blood	Erythroblasts	616	14/483	0/49	-0.201159	-0.0305956	inf
SRX1091035	TFs and others	ARNTL	Blood	THP-1	130	14/483	0/49	-0.201159	-0.0305956	inf
SRX1091036	TFs and others	CLOCK	Blood	THP-1	176	14/483	0/49	-0.201159	-0.0305956	inf
SRX1091039	TFs and others	CLOCK	Blood	THP-1	297	14/483	0/49	-0.201159	-0.0305956	inf
SRX10913940	TFs and others	EN1	Epidermis	Dermal fibroblast	412	14/483	0/49	-0.201159	-0.0305956	inf
SRX1092378	TFs and others	Epitope tags	Blood	K-562	424	14/483	0/49	-0.201159	-0.0305956	inf
SRX1092379	TFs and others	Epitope tags	Blood	K-562	440	14/483	0/49	-0.201159	-0.0305956	inf
SRX1092380	TFs and others	Epitope tags	Blood	K-562	167	14/483	0/49	-0.201159	-0.0305956	inf
SRX1092388	TFs and others	Epitope tags	Blood	K-562	482	14/483	0/49	-0.201159	-0.0305956	inf
SRX1092389	TFs and others	Epitope tags	Blood	K-562	376	14/483	0/49	-0.201159	-0.0305956	inf
SRX1094477	TFs and others	BRD4	Others	TC-797	404	14/483	0/49	-0.201159	-0.0305956	inf
SRX1098754	TFs and others	KDM1A	Prostate	LNCAP	502	14/483	0/49	-0.201159	-0.0305956	inf
SRX1100310	TFs and others	RELA	Breast	HMEC	540	14/483	0/49	-0.201159	-0.0305956	inf
SRX1100312	TFs and others	RELA	Breast	HMEC	582	14/483	0/49	-0.201159	-0.0305956	inf
SRX1100314	TFs and others	RELA	Breast	HMEC	451	14/483	0/49	-0.201159	-0.0305956	inf
SRX11005600	TFs and others	DNMT3B	Breast	MCF10CA1a	1179	14/483	0/49	-0.201159	-0.0305956	inf
SRX11005603	TFs and others	DNMT3B	Breast	MCF10CA1a	879	14/483	0/49	-0.201159	-0.0305956	inf
SRX11005604	TFs and others	DNMT3B	Breast	MCF10CA1a	966	14/483	0/49	-0.201159	-0.0305956	inf
SRX11005607	TFs and others	POU2F1	Breast	MCF10CA1a	531	14/483	0/49	-0.201159	-0.0305956	inf
SRX11005610	TFs and others	POU2F1	Breast	MCF10CA1a	451	14/483	0/49	-0.201159	-0.0305956	inf
SRX11005611	TFs and others	POU2F1	Breast	MCF10CA1a	494	14/483	0/49	-0.201159	-0.0305956	inf
SRX11005612	TFs and others	POU2F1	Breast	MCF10CA1a	530	14/483	0/49	-0.201159	-0.0305956	inf
SRX11007095	TFs and others	HIF1A	Kidney	HK-2	3276	14/483	0/49	-0.201159	-0.0305956	inf
SRX11094532	TFs and others	ERG	Bone	EW-3	4919	14/483	0/49	-0.201159	-0.0305956	inf
SRX11136855	TFs and others	KDM6A	Blood	THP-1	966	14/483	0/49	-0.201159	-0.0305956	inf
SRX1116234	TFs and others	Epitope tags	Cardiovascular	HUVEC	271	14/483	0/49	-0.201159	-0.0305956	inf
SRX1123967	TFs and others	SMARCC1	Digestive tract	HCT 116	251	14/483	0/49	-0.201159	-0.0305956	inf
SRX1131563	TFs and others	BRD4	Breast	SUM 149PT	726	14/483	0/49	-0.201159	-0.0305956	inf
SRX11320616	TFs and others	CUL3	Digestive tract	DLD-1	361	14/483	0/49	-0.201159	-0.0305956	inf
SRX11320617	TFs and others	CUL3	Digestive tract	DLD-1	373	14/483	0/49	-0.201159	-0.0305956	inf
SRX11320619	TFs and others	CUL3	Digestive tract	DLD-1	359	14/483	0/49	-0.201159	-0.0305956	inf
SRX1132445	TFs and others	AR	Prostate	C4-2	1293	14/483	0/49	-0.201159	-0.0305956	inf
SRX1136631	TFs and others	GTF2B	Uterus	HeLa	432	14/483	0/49	-0.201159	-0.0305956	inf
SRX1142761	TFs and others	JUN	Breast	BT-549	726	14/483	0/49	-0.201159	-0.0305956	inf
SRX1143685	TFs and others	TP63	Breast	MDA-MB-231	364	14/483	0/49	-0.201159	-0.0305956	inf
SRX115968	TFs and others	ESR1	Breast	MCF-7	484	14/483	0/49	-0.201159	-0.0305956	inf
SRX1161164	TFs and others	NR3C1	Breast	MCF-7	209	14/483	0/49	-0.201159	-0.0305956	inf
SRX1161178	TFs and others	FOXA1	Breast	MCF-7	229	14/483	0/49	-0.201159	-0.0305956	inf
SRX1161193	TFs and others	FOXA1	Breast	ZR-75-1	382	14/483	0/49	-0.201159	-0.0305956	inf
SRX116420	TFs and others	EZH2	Blood	K-562	93	14/483	0/49	-0.201159	-0.0305956	inf
SRX116428	TFs and others	KDM5B	Blood	K-562	223	14/483	0/49	-0.201159	-0.0305956	inf
SRX1167104	TFs and others	5-hmC	Kidney	293	780	14/483	0/49	-0.201159	-0.0305956	inf
SRX1181987	TFs and others	SMARCA5	Prostate	LNCAP	779	14/483	0/49	-0.201159	-0.0305956	inf
SRX1183808	TFs and others	AR	Prostate	C4-2	2662	14/483	0/49	-0.201159	-0.0305956	inf
SRX1268851	TFs and others	KDM5C	Kidney	Caki-1	572	14/483	0/49	-0.201159	-0.0305956	inf
SRX128191	TFs and others	TTF2	Uterus	HeLa	597	14/483	0/49	-0.201159	-0.0305956	inf
SRX1295735	TFs and others	SATB1	Neural	SH-SY5Y	1496	14/483	0/49	-0.201159	-0.0305956	inf
SRX1299481	TFs and others	Epitope tags	Kidney	293	1932	14/483	0/49	-0.201159	-0.0305956	inf
SRX130088	TFs and others	SMAD3	Pluripotent stem cell	hESC derived mesendodermal cells	930	14/483	0/49	-0.201159	-0.0305956	inf
SRX130090	TFs and others	SMAD3	Pluripotent stem cell	hESC derived mesendodermal cells	557	14/483	0/49	-0.201159	-0.0305956	inf
SRX1304817	TFs and others	EP400	Bone	U2OS	247	14/483	0/49	-0.201159	-0.0305956	inf
SRX1318619	TFs and others	SIX1	Kidney	Kidney Cortex	408	14/483	0/49	-0.201159	-0.0305956	inf
SRX1331406	TFs and others	Epitope tags	Kidney	293	61	14/483	0/49	-0.201159	-0.0305956	inf
SRX1334494	TFs and others	AR	Prostate	LNCAP	28082	14/483	0/49	-0.201159	-0.0305956	inf
SRX1339020	TFs and others	AR	Breast	MDA-MB-453	3149	14/483	0/49	-0.201159	-0.0305956	inf
SRX1384026	TFs and others	ATF3	Digestive tract	HCT 116	258	14/483	0/49	-0.201159	-0.0305956	inf
SRX1424694	TFs and others	NANOG	Prostate	LNCAP	654	14/483	0/49	-0.201159	-0.0305956	inf
SRX1424696	TFs and others	NANOG	Prostate	LNCAP	697	14/483	0/49	-0.201159	-0.0305956	inf
SRX143300	TFs and others	SNAPC4	Breast	MCF 10A	463	14/483	0/49	-0.201159	-0.0305956	inf
SRX144723	TFs and others	BrdU	Uterus	HeLa	271	14/483	0/49	-0.201159	-0.0305956	inf
SRX1457748	TFs and others	RELA	Kidney	293	1213	14/483	0/49	-0.201159	-0.0305956	inf
SRX1470544	TFs and others	Epitope tags	Muscle	Myoblasts	576	14/483	0/49	-0.201159	-0.0305956	inf
SRX1477647	TFs and others	Epitope tags	Lung	MRC-5	911	14/483	0/49	-0.201159	-0.0305956	inf
SRX1477648	TFs and others	Epitope tags	Lung	MRC-5	944	14/483	0/49	-0.201159	-0.0305956	inf
SRX1478538	TFs and others	SIX1	Kidney	Kidney Cortex	402	14/483	0/49	-0.201159	-0.0305956	inf
SRX1478539	TFs and others	SIX1	Kidney	Kidney Cortex	378	14/483	0/49	-0.201159	-0.0305956	inf
SRX1478542	TFs and others	SIX2	Kidney	Kidney Cortex	395	14/483	0/49	-0.201159	-0.0305956	inf
SRX1491464	TFs and others	ASH1L	Blood	K-562	1003	14/483	0/49	-0.201159	-0.0305956	inf
SRX149707	TFs and others	SCML2	Kidney	293	246	14/483	0/49	-0.201159	-0.0305956	inf
SRX149712	TFs and others	BMI1	Kidney	293	344	14/483	0/49	-0.201159	-0.0305956	inf
SRX150106	TFs and others	SNAPC2	Lung	IMR-90	380	14/483	0/49	-0.201159	-0.0305956	inf
SRX150395	TFs and others	SREBF1	Liver	Hep G2	164	14/483	0/49	-0.201159	-0.0305956	inf
SRX150432	TFs and others	SUZ12	Pluripotent stem cell	hESC H1	380	14/483	0/49	-0.201159	-0.0305956	inf
SRX150538	TFs and others	ZNF274	Uterus	HeLa	434	14/483	0/49	-0.201159	-0.0305956	inf
SRX150663	TFs and others	ZNF274	Pluripotent stem cell	NT2-D1	862	14/483	0/49	-0.201159	-0.0305956	inf
SRX150674	TFs and others	BRF1	Blood	K-562	327	14/483	0/49	-0.201159	-0.0305956	inf
SRX150700	TFs and others	ESRRA	Liver	Hep G2	666	14/483	0/49	-0.201159	-0.0305956	inf
SRX150712	TFs and others	SMARCA4	Blood	K-562	964	14/483	0/49	-0.201159	-0.0305956	inf
SRX1514948	TFs and others	GFP	Kidney	293	393	14/483	0/49	-0.201159	-0.0305956	inf
SRX1514949	TFs and others	GFP	Kidney	293	382	14/483	0/49	-0.201159	-0.0305956	inf
SRX1514951	TFs and others	GFP	Kidney	293	1000	14/483	0/49	-0.201159	-0.0305956	inf
SRX1514952	TFs and others	GFP	Kidney	293	446	14/483	0/49	-0.201159	-0.0305956	inf
SRX1514957	TFs and others	GFP	Kidney	293	355	14/483	0/49	-0.201159	-0.0305956	inf
SRX1514980	TFs and others	GFP	Kidney	293	835	14/483	0/49	-0.201159	-0.0305956	inf
SRX1514989	TFs and others	GFP	Kidney	293	833	14/483	0/49	-0.201159	-0.0305956	inf
SRX1515013	TFs and others	GFP	Kidney	293	951	14/483	0/49	-0.201159	-0.0305956	inf
SRX1515018	TFs and others	GFP	Kidney	293	334	14/483	0/49	-0.201159	-0.0305956	inf
SRX1515055	TFs and others	GFP	Kidney	293	787	14/483	0/49	-0.201159	-0.0305956	inf
SRX1515068	TFs and others	GFP	Kidney	293	375	14/483	0/49	-0.201159	-0.0305956	inf
SRX151947	TFs and others	STAT4	Blood	PBMC	344	14/483	0/49	-0.201159	-0.0305956	inf
SRX1522127	TFs and others	RPA2	Uterus	HeLa	194	14/483	0/49	-0.201159	-0.0305956	inf
SRX1531794	TFs and others	MED1	Breast	MCF-7	1009	14/483	0/49	-0.201159	-0.0305956	inf
SRX1547996	TFs and others	TP53	Epidermis	Dermal fibroblast	1849	14/483	0/49	-0.201159	-0.0305956	inf
SRX1547998	TFs and others	TP53	Epidermis	Dermal fibroblast	2504	14/483	0/49	-0.201159	-0.0305956	inf
SRX155719	TFs and others	HSF1	Breast	HMEC	122	14/483	0/49	-0.201159	-0.0305956	inf
SRX155764	TFs and others	HSF1	Breast	HMEC	297	14/483	0/49	-0.201159	-0.0305956	inf
SRX1569770	TFs and others	POU2F1	Prostate	LNCAP	1086	14/483	0/49	-0.201159	-0.0305956	inf
SRX1569784	TFs and others	POU2F1	Prostate	LNCAP	289	14/483	0/49	-0.201159	-0.0305956	inf
SRX158113	TFs and others	TAL1	Blood	RPMI 8402	5415	14/483	0/49	-0.201159	-0.0305956	inf
SRX1629245	TFs and others	AR	Prostate	VCaP	8613	14/483	0/49	-0.201159	-0.0305956	inf
SRX1650398	TFs and others	NR3C1	Lung	A549	375	14/483	0/49	-0.201159	-0.0305956	inf
SRX1690255	TFs and others	MYCN	Neural	Neuroblastoma	914	14/483	0/49	-0.201159	-0.0305956	inf
SRX1703573	TFs and others	AR	Prostate	LNCAP	1780	14/483	0/49	-0.201159	-0.0305956	inf
SRX1703574	TFs and others	AR	Prostate	LNCAP	1916	14/483	0/49	-0.201159	-0.0305956	inf
SRX1707572	TFs and others	TCF7L1	Pluripotent stem cell	hESC H9	183	14/483	0/49	-0.201159	-0.0305956	inf
SRX1709974	TFs and others	ESR1	Breast	T-47D	217	14/483	0/49	-0.201159	-0.0305956	inf
SRX1709983	TFs and others	PGR	Breast	T-47D	439	14/483	0/49	-0.201159	-0.0305956	inf
SRX173192	TFs and others	AR	Prostate	LNCAP	480	14/483	0/49	-0.201159	-0.0305956	inf
SRX1735801	TFs and others	Epitope tags	Blood	MOLM-13	423	14/483	0/49	-0.201159	-0.0305956	inf
SRX1745733	TFs and others	FOXA1	Uterus	Endometrial Stromal Tumors	491	14/483	0/49	-0.201159	-0.0305956	inf
SRX1745742	TFs and others	ESR1	Uterus	Endometrial Stromal Tumors	484	14/483	0/49	-0.201159	-0.0305956	inf
SRX1757999	TFs and others	MYC	Breast	MDA-MB-468	206	14/483	0/49	-0.201159	-0.0305956	inf
SRX1758521	TFs and others	Epitope tags	Breast	MCF-7	435	14/483	0/49	-0.201159	-0.0305956	inf
SRX1758522	TFs and others	Epitope tags	Breast	MCF-7	369	14/483	0/49	-0.201159	-0.0305956	inf
SRX176867	TFs and others	GATA3	Breast	MCF-7	7801	14/483	0/49	-0.201159	-0.0305956	inf
SRX176870	TFs and others	GATA3	Breast	MCF-7	1310	14/483	0/49	-0.201159	-0.0305956	inf
SRX1772411	TFs and others	Epitope tags	Breast	MCF-7	382	14/483	0/49	-0.201159	-0.0305956	inf
SRX1772412	TFs and others	Epitope tags	Breast	MCF-7	451	14/483	0/49	-0.201159	-0.0305956	inf
SRX1772414	TFs and others	Epitope tags	Breast	MCF-7	414	14/483	0/49	-0.201159	-0.0305956	inf
SRX1772415	TFs and others	NEDD4	Breast	MCF-7	480	14/483	0/49	-0.201159	-0.0305956	inf
SRX1772416	TFs and others	NEDD4	Breast	MCF-7	356	14/483	0/49	-0.201159	-0.0305956	inf
SRX1781647	TFs and others	LMNA	Epidermis	Dermal fibroblast	744	14/483	0/49	-0.201159	-0.0305956	inf
SRX1781659	TFs and others	LMNA	Epidermis	Dermal fibroblast	620	14/483	0/49	-0.201159	-0.0305956	inf
SRX1799015	TFs and others	STAT1	Breast	MCF-7	95	14/483	0/49	-0.201159	-0.0305956	inf
SRX181771	TFs and others	AGO2	Prostate	PC-3	826	14/483	0/49	-0.201159	-0.0305956	inf
SRX1830459	TFs and others	Epitope tags	Blood	Jurkat	202	14/483	0/49	-0.201159	-0.0305956	inf
SRX1835125	TFs and others	EWSR1	Prostate	RWPE-1	618	14/483	0/49	-0.201159	-0.0305956	inf
SRX1845644	TFs and others	SMAD1	Epidermis	A-375	336	14/483	0/49	-0.201159	-0.0305956	inf
SRX186718	TFs and others	EZH2	Blood	DND-41	514	14/483	0/49	-0.201159	-0.0305956	inf
SRX186821	TFs and others	ESR1	Breast	Breast cancer	1117	14/483	0/49	-0.201159	-0.0305956	inf
SRX1873453	TFs and others	MEN1	Blood	SEM	458	14/483	0/49	-0.201159	-0.0305956	inf
SRX188855	TFs and others	Epitope tags	Uterus	HeLa	824	14/483	0/49	-0.201159	-0.0305956	inf
SRX189723	TFs and others	EP300	Cardiovascular	HUVEC	659	14/483	0/49	-0.201159	-0.0305956	inf
SRX1945293	TFs and others	TRIM28	Pluripotent stem cell	hESC WIBR3	2670	14/483	0/49	-0.201159	-0.0305956	inf
SRX194573	TFs and others	GREB1	Breast	MCF-7	1545	14/483	0/49	-0.201159	-0.0305956	inf
SRX194580	TFs and others	RXRA	Breast	MCF-7	610	14/483	0/49	-0.201159	-0.0305956	inf
SRX1950172	TFs and others	AR	Prostate	VCaP	31950	14/483	0/49	-0.201159	-0.0305956	inf
SRX1986461	TFs and others	Epitope tags	Blood	CD34 Hematopoietic stem cells	311	14/483	0/49	-0.201159	-0.0305956	inf
SRX1986462	TFs and others	Epitope tags	Blood	CD34 Hematopoietic stem cells	502	14/483	0/49	-0.201159	-0.0305956	inf
SRX1986464	TFs and others	Epitope tags	Blood	CD34 Hematopoietic stem cells	454	14/483	0/49	-0.201159	-0.0305956	inf
SRX200048	TFs and others	LMNA	Epidermis	Forearm skin	531	14/483	0/49	-0.201159	-0.0305956	inf
SRX200052	TFs and others	LMNA	Epidermis	Forearm skin	484	14/483	0/49	-0.201159	-0.0305956	inf
SRX2010843	TFs and others	JUN	Lung	Calu-3	1123	14/483	0/49	-0.201159	-0.0305956	inf
SRX204165	TFs and others	UBE2I	Lung	WI-38	560	14/483	0/49	-0.201159	-0.0305956	inf
SRX2067669	TFs and others	EZH2	Prostate	RWPE-1	416	14/483	0/49	-0.201159	-0.0305956	inf
SRX212318	TFs and others	CTCF	Blood	Monocytes	335	14/483	0/49	-0.201159	-0.0305956	inf
SRX212356	TFs and others	EPAS1	Blood	Macrophages	430	14/483	0/49	-0.201159	-0.0305956	inf
SRX212363	TFs and others	EPAS1	Blood	Macrophages	377	14/483	0/49	-0.201159	-0.0305956	inf
SRX212364	TFs and others	EPAS1	Blood	Macrophages	373	14/483	0/49	-0.201159	-0.0305956	inf
SRX212365	TFs and others	EPAS1	Blood	Macrophages	365	14/483	0/49	-0.201159	-0.0305956	inf
SRX2140286	TFs and others	AR	Prostate	LNCAP	508	14/483	0/49	-0.201159	-0.0305956	inf
SRX2140287	TFs and others	AR	Prostate	LNCAP	559	14/483	0/49	-0.201159	-0.0305956	inf
SRX2143793	TFs and others	MEN1	Bone	HT-1080	366	14/483	0/49	-0.201159	-0.0305956	inf
SRX2144101	TFs and others	Epitope tags	Neural	BT168	150	14/483	0/49	-0.201159	-0.0305956	inf
SRX2144103	TFs and others	MYC	Neural	U-87 MG	343	14/483	0/49	-0.201159	-0.0305956	inf
SRX2144111	TFs and others	MYC	Neural	BT168	570	14/483	0/49	-0.201159	-0.0305956	inf
SRX2144112	TFs and others	MYC	Neural	BT168	619	14/483	0/49	-0.201159	-0.0305956	inf
SRX218217	TFs and others	HSF1	Blood	K-562	243	14/483	0/49	-0.201159	-0.0305956	inf
SRX2194242	TFs and others	EP300	Breast	SUM 159PT	1802	14/483	0/49	-0.201159	-0.0305956	inf
SRX219989	TFs and others	AR	Prostate	LNCAP	489	14/483	0/49	-0.201159	-0.0305956	inf
SRX220083	TFs and others	AR	Prostate	Prostate cancer	816	14/483	0/49	-0.201159	-0.0305956	inf
SRX220086	TFs and others	AR	Prostate	Prostate cancer	637	14/483	0/49	-0.201159	-0.0305956	inf
SRX220093	TFs and others	AR	Prostate	Prostate cancer	584	14/483	0/49	-0.201159	-0.0305956	inf
SRX220094	TFs and others	AR	Prostate	Prostate cancer	622	14/483	0/49	-0.201159	-0.0305956	inf
SRX220959	TFs and others	CBFA2T3	Blood	CAL-1	428	14/483	0/49	-0.201159	-0.0305956	inf
SRX2210492	TFs and others	ASCL1	Unclassified	Unclassified	697	14/483	0/49	-0.201159	-0.0305956	inf
SRX2245090	TFs and others	Epitope tags	Blood	Lymphoblastoid cell line	329	14/483	0/49	-0.201159	-0.0305956	inf
SRX2245492	TFs and others	BRD4	Blood	K-562	236	14/483	0/49	-0.201159	-0.0305956	inf
SRX2251219	TFs and others	BRD4	Prostate	C4-2	253	14/483	0/49	-0.201159	-0.0305956	inf
SRX2251222	TFs and others	BRD4	Prostate	C4-2	502	14/483	0/49	-0.201159	-0.0305956	inf
SRX2253226	TFs and others	CD74	Blood	B cells	367	14/483	0/49	-0.201159	-0.0305956	inf
SRX2253228	TFs and others	CD74	Blood	B cells	196	14/483	0/49	-0.201159	-0.0305956	inf
SRX2255900	TFs and others	RELA	Kidney	293	1762	14/483	0/49	-0.201159	-0.0305956	inf
SRX2267443	TFs and others	BRD4	Lung	A549	249	14/483	0/49	-0.201159	-0.0305956	inf
SRX2319762	TFs and others	VDR	Blood	THP-1	353	14/483	0/49	-0.201159	-0.0305956	inf
SRX2319765	TFs and others	VDR	Blood	THP-1	1532	14/483	0/49	-0.201159	-0.0305956	inf
SRX233545	TFs and others	NR5A1	Others	NCI-H295R	1065	14/483	0/49	-0.201159	-0.0305956	inf
SRX233546	TFs and others	NR5A1	Others	NCI-H295R	1111	14/483	0/49	-0.201159	-0.0305956	inf
SRX235054	TFs and others	CLOCK	Bone	U2OS	1344	14/483	0/49	-0.201159	-0.0305956	inf
SRX2353659	TFs and others	AR	Prostate	LNCAP	13555	14/483	0/49	-0.201159	-0.0305956	inf
SRX2368900	TFs and others	FOXA2	Epidermis	BJ	3887	14/483	0/49	-0.201159	-0.0305956	inf
SRX2378773	TFs and others	NELFE	Bone	U2OS	601	14/483	0/49	-0.201159	-0.0305956	inf
SRX2382331	TFs and others	EBF3	Neural	SK-N-SH	1375	14/483	0/49	-0.201159	-0.0305956	inf
SRX2384348	TFs and others	MYC	Blood	CUTLL1	337	14/483	0/49	-0.201159	-0.0305956	inf
SRX2404131	TFs and others	RELA	Others	Detroit 562	1327	14/483	0/49	-0.201159	-0.0305956	inf
SRX2431536	TFs and others	FOXA2	Epidermis	BJ	2212	14/483	0/49	-0.201159	-0.0305956	inf
SRX2442524	TFs and others	CUX1	Blood	K-562	590	14/483	0/49	-0.201159	-0.0305956	inf
SRX2452425	TFs and others	BRD4	Cardiovascular	HUVEC	77	14/483	0/49	-0.201159	-0.0305956	inf
SRX2452447	TFs and others	MYC	Cardiovascular	HUVEC	333	14/483	0/49	-0.201159	-0.0305956	inf
SRX2453443	TFs and others	RAD51	Breast	MCF 10A	550	14/483	0/49	-0.201159	-0.0305956	inf
SRX2460059	TFs and others	PGR	Breast	Breast cancer cells	167	14/483	0/49	-0.201159	-0.0305956	inf
SRX2460063	TFs and others	PGR	Breast	Breast cancer cells	131	14/483	0/49	-0.201159	-0.0305956	inf
SRX2514244	TFs and others	ESR1	Uterus	Carcinoma, Endometrioid	2611	14/483	0/49	-0.201159	-0.0305956	inf
SRX2514245	TFs and others	ESR1	Uterus	Carcinoma, Endometrioid	366	14/483	0/49	-0.201159	-0.0305956	inf
SRX2514247	TFs and others	ESR1	Uterus	Carcinoma, Endometrioid	447	14/483	0/49	-0.201159	-0.0305956	inf
SRX2514250	TFs and others	ESR1	Uterus	Carcinoma, Endometrioid	397	14/483	0/49	-0.201159	-0.0305956	inf
SRX2527756	TFs and others	Epitope tags	Bone	A-673	1540	14/483	0/49	-0.201159	-0.0305956	inf
SRX2527758	TFs and others	SMARCA2	Neural	SK-N-MC	436	14/483	0/49	-0.201159	-0.0305956	inf
SRX2527760	TFs and others	SMARCC1	Neural	SK-N-MC	507	14/483	0/49	-0.201159	-0.0305956	inf
SRX2541234	TFs and others	COBLL1	Prostate	Prostate cancer cells	1155	14/483	0/49	-0.201159	-0.0305956	inf
SRX2541237	TFs and others	COBLL1	Prostate	Prostate cancer cells	1120	14/483	0/49	-0.201159	-0.0305956	inf
SRX2545037	TFs and others	AR	Prostate	LNCAP	599	14/483	0/49	-0.201159	-0.0305956	inf
SRX2545045	TFs and others	SMARCA4	Prostate	LNCAP	496	14/483	0/49	-0.201159	-0.0305956	inf
SRX2545047	TFs and others	SMARCA4	Prostate	LNCAP	475	14/483	0/49	-0.201159	-0.0305956	inf
SRX2545056	TFs and others	HOXB13	Prostate	LNCAP	2654	14/483	0/49	-0.201159	-0.0305956	inf
SRX2545064	TFs and others	TRIM28	Prostate	LNCAP	562	14/483	0/49	-0.201159	-0.0305956	inf
SRX2545065	TFs and others	TRIM28	Prostate	LNCAP	592	14/483	0/49	-0.201159	-0.0305956	inf
SRX2546001	TFs and others	METTL3	Blood	MOLM-13	664	14/483	0/49	-0.201159	-0.0305956	inf
SRX2546004	TFs and others	METTL14	Blood	MOLM-13	496	14/483	0/49	-0.201159	-0.0305956	inf
SRX254614	TFs and others	RCOR1	Uterus	HeLa	182	14/483	0/49	-0.201159	-0.0305956	inf
SRX2550935	TFs and others	MYCN	Neural	NB-1643	3147	14/483	0/49	-0.201159	-0.0305956	inf
SRX2555291	TFs and others	GATA3	Neural	KELLY	4826	14/483	0/49	-0.201159	-0.0305956	inf
SRX256996	TFs and others	NR3C1	Blood	Lymphoblastoid cell line	442	14/483	0/49	-0.201159	-0.0305956	inf
SRX2578869	TFs and others	ESR1	Breast	MDA-MB-231	229	14/483	0/49	-0.201159	-0.0305956	inf
SRX2578873	TFs and others	ESR1	Breast	MDA-MB-231	4266	14/483	0/49	-0.201159	-0.0305956	inf
SRX2578887	TFs and others	MED1	Breast	MDA-MB-231	795	14/483	0/49	-0.201159	-0.0305956	inf
SRX2614800	TFs and others	DNMT3B	Blood	B Lymphoblastoid cell line	483	14/483	0/49	-0.201159	-0.0305956	inf
SRX262139	TFs and others	HSF1	Breast	MCF-7	188	14/483	0/49	-0.201159	-0.0305956	inf
SRX2633444	TFs and others	AR	Prostate	R1-AD1	822	14/483	0/49	-0.201159	-0.0305956	inf
SRX2633446	TFs and others	AR	Prostate	R1-D567	822	14/483	0/49	-0.201159	-0.0305956	inf
SRX2633447	TFs and others	AR	Prostate	R1-D567	850	14/483	0/49	-0.201159	-0.0305956	inf
SRX2642351	TFs and others	AR	Prostate	22Rv1	3900	14/483	0/49	-0.201159	-0.0305956	inf
SRX2652429	TFs and others	ZNF532	Lung	24335	326	14/483	0/49	-0.201159	-0.0305956	inf
SRX2652430	TFs and others	ZNF532	Lung	24335	292	14/483	0/49	-0.201159	-0.0305956	inf
SRX2661479	TFs and others	STAT3	Blood	Th17 Cells	561	14/483	0/49	-0.201159	-0.0305956	inf
SRX2661484	TFs and others	TCF4	Neural	SH-SY5Y	960	14/483	0/49	-0.201159	-0.0305956	inf
SRX2661486	TFs and others	TCF4	Neural	SH-SY5Y	837	14/483	0/49	-0.201159	-0.0305956	inf
SRX2671843	TFs and others	EP300	Pluripotent stem cell	iPS cells	409	14/483	0/49	-0.201159	-0.0305956	inf
SRX268888	TFs and others	HMBOX1	Uterus	HeLa	514	14/483	0/49	-0.201159	-0.0305956	inf
SRX2708747	TFs and others	Biotin	Pluripotent stem cell	hES BG01V	177	14/483	0/49	-0.201159	-0.0305956	inf
SRX2708750	TFs and others	Biotin	Pluripotent stem cell	hES BG01V	341	14/483	0/49	-0.201159	-0.0305956	inf
SRX2708755	TFs and others	Biotin	Pluripotent stem cell	hES BG01V	213	14/483	0/49	-0.201159	-0.0305956	inf
SRX2708757	TFs and others	Biotin	Pluripotent stem cell	hES BG01V	270	14/483	0/49	-0.201159	-0.0305956	inf
SRX2708825	TFs and others	RUVBL2	Liver	Hep G2	229	14/483	0/49	-0.201159	-0.0305956	inf
SRX2732211	TFs and others	SOX2	Lung	MRC-5	118	14/483	0/49	-0.201159	-0.0305956	inf
SRX2732212	TFs and others	KLF4	Lung	MRC-5	149	14/483	0/49	-0.201159	-0.0305956	inf
SRX2747227	TFs and others	KAT2A	Neural	U-251 MG	1062	14/483	0/49	-0.201159	-0.0305956	inf
SRX2754626	TFs and others	GABPA	Blood	THP-1	509	14/483	0/49	-0.201159	-0.0305956	inf
SRX2754627	TFs and others	GABPA	Blood	THP-1	509	14/483	0/49	-0.201159	-0.0305956	inf
SRX277135	TFs and others	TP63	Digestive tract	T.T	1786	14/483	0/49	-0.201159	-0.0305956	inf
SRX2791700	TFs and others	LMNB1	Epidermis	Dermal fibroblast	261	14/483	0/49	-0.201159	-0.0305956	inf
SRX2793572	TFs and others	LMNB1	Prostate	PrEC	548	14/483	0/49	-0.201159	-0.0305956	inf
SRX2841996	TFs and others	BRD4	Blood	K-562	374	14/483	0/49	-0.201159	-0.0305956	inf
SRX2841998	TFs and others	NUP98	Blood	K-562	729	14/483	0/49	-0.201159	-0.0305956	inf
SRX2842446	TFs and others	FOSL1	Bone	MG-63	348	14/483	0/49	-0.201159	-0.0305956	inf
SRX285808	TFs and others	TP53	Breast	MCF-7	306	14/483	0/49	-0.201159	-0.0305956	inf
SRX2871352	TFs and others	GATA3	Breast	T-47D	1756	14/483	0/49	-0.201159	-0.0305956	inf
SRX2880133	TFs and others	KDM6A	Breast	CAL-51	488	14/483	0/49	-0.201159	-0.0305956	inf
SRX2897198	TFs and others	ESR1	Breast	Breast cancer cells	444	14/483	0/49	-0.201159	-0.0305956	inf
SRX2900097	TFs and others	BAP1	Breast	CAL-51	394	14/483	0/49	-0.201159	-0.0305956	inf
SRX2901940	TFs and others	ESR1	Uterus	Ishikawa	449	14/483	0/49	-0.201159	-0.0305956	inf
SRX2912085	TFs and others	Epitope tags	Blood	BCBL1	393	14/483	0/49	-0.201159	-0.0305956	inf
SRX2944447	TFs and others	MYC	Breast	MCF 10A	374	14/483	0/49	-0.201159	-0.0305956	inf
SRX306518	TFs and others	AR	Prostate	DU 145	270	14/483	0/49	-0.201159	-0.0305956	inf
SRX3080209	TFs and others	JUN	Breast	MCF-7	986	14/483	0/49	-0.201159	-0.0305956	inf
SRX3089113	TFs and others	SMARCA2	Liver	Hep G2	83	14/483	0/49	-0.201159	-0.0305956	inf
SRX3089967	TFs and others	NCOA4	Blood	Erythroblasts	115	14/483	0/49	-0.201159	-0.0305956	inf
SRX3091698	TFs and others	Epitope tags	Lung	A549	963	14/483	0/49	-0.201159	-0.0305956	inf
SRX3098187	TFs and others	MECOM	Blood	SKH1	1096	14/483	0/49	-0.201159	-0.0305956	inf
SRX3102570	TFs and others	RELA	Digestive tract	SW 480	165	14/483	0/49	-0.201159	-0.0305956	inf
SRX312101	TFs and others	Epitope tags	Breast	MCF-7	119	14/483	0/49	-0.201159	-0.0305956	inf
SRX312239	TFs and others	TFAM	Uterus	HeLa	446	14/483	0/49	-0.201159	-0.0305956	inf
SRX3124417	TFs and others	BRD4	Neural	KELLY	1539	14/483	0/49	-0.201159	-0.0305956	inf
SRX316958	TFs and others	ZMYND11	Bone	U2OS	628	14/483	0/49	-0.201159	-0.0305956	inf
SRX316960	TFs and others	Epitope tags	Bone	U2OS	155	14/483	0/49	-0.201159	-0.0305956	inf
SRX317594	TFs and others	EZH2	Pluripotent stem cell	iPS cells	387	14/483	0/49	-0.201159	-0.0305956	inf
SRX3186361	TFs and others	Epitope tags	Lung	HCC95	396	14/483	0/49	-0.201159	-0.0305956	inf
SRX3195440	TFs and others	MLLT3	Blood	CD34+ cells	1566	14/483	0/49	-0.201159	-0.0305956	inf
SRX3229178	TFs and others	FOXA1	Breast	Breast cancer	581	14/483	0/49	-0.201159	-0.0305956	inf
SRX3229186	TFs and others	NR3C1	Breast	Breast cancer	381	14/483	0/49	-0.201159	-0.0305956	inf
SRX3229188	TFs and others	NR3C1	Breast	Breast cancer	372	14/483	0/49	-0.201159	-0.0305956	inf
SRX3230270	TFs and others	RNF2	Pluripotent stem cell	hESC HUES64	342	14/483	0/49	-0.201159	-0.0305956	inf
SRX323403	TFs and others	SPDEF	Breast	MCF-7	207	14/483	0/49	-0.201159	-0.0305956	inf
SRX3244992	TFs and others	CEBPB	Blood	Macrophages	11613	14/483	0/49	-0.201159	-0.0305956	inf
SRX326377	TFs and others	NUP98	Pluripotent stem cell	hESC derived neural cells	547	14/483	0/49	-0.201159	-0.0305956	inf
SRX326882	TFs and others	ERG	Prostate	VCaP	1332	14/483	0/49	-0.201159	-0.0305956	inf
SRX3288560	TFs and others	CTCF	Pluripotent stem cell	hESC H9	788	14/483	0/49	-0.201159	-0.0305956	inf
SRX3288574	TFs and others	FOS	Pluripotent stem cell	hESC H9	218	14/483	0/49	-0.201159	-0.0305956	inf
SRX3288979	TFs and others	IRF3	Lung	Bronchial tracheal epithelial cells	133	14/483	0/49	-0.201159	-0.0305956	inf
SRX329084	TFs and others	BCL10	Lung	IMR-90	1064	14/483	0/49	-0.201159	-0.0305956	inf
SRX329086	TFs and others	BCL10	Lung	IMR-90	1145	14/483	0/49	-0.201159	-0.0305956	inf
SRX3292068	TFs and others	GATA3	Pluripotent stem cell	hESC derived trophoblast cells	19784	14/483	0/49	-0.201159	-0.0305956	inf
SRX334244	TFs and others	AR	Unclassified	Unclassified	9678	14/483	0/49	-0.201159	-0.0305956	inf
SRX3346353	TFs and others	RELA	Kidney	786-O	211	14/483	0/49	-0.201159	-0.0305956	inf
SRX3366958	TFs and others	HOXB13	Prostate	LNCAP	15466	14/483	0/49	-0.201159	-0.0305956	inf
SRX3401278	TFs and others	HDAC3	Breast	MCF-7	316	14/483	0/49	-0.201159	-0.0305956	inf
SRX3401281	TFs and others	HDAC3	Breast	MCF-7	280	14/483	0/49	-0.201159	-0.0305956	inf
SRX3417634	TFs and others	VDR	Digestive tract	Colonic organoids	735	14/483	0/49	-0.201159	-0.0305956	inf
SRX3428653	TFs and others	ESR1	Breast	MCF-7	752	14/483	0/49	-0.201159	-0.0305956	inf
SRX3428655	TFs and others	ESR1	Breast	MCF-7	440	14/483	0/49	-0.201159	-0.0305956	inf
SRX3445668	TFs and others	TAL1	Blood	K-562	12049	14/483	0/49	-0.201159	-0.0305956	inf
SRX3445677	TFs and others	TAL1	Blood	K-562	9187	14/483	0/49	-0.201159	-0.0305956	inf
SRX3445798	TFs and others	INO80	Liver	Hep G2	162	14/483	0/49	-0.201159	-0.0305956	inf
SRX3445807	TFs and others	RUVBL2	Liver	Hep G2	243	14/483	0/49	-0.201159	-0.0305956	inf
SRX346922	TFs and others	MITF	Epidermis	Melanocytes	166	14/483	0/49	-0.201159	-0.0305956	inf
SRX346929	TFs and others	PPARG	Cardiovascular	HUVEC	478	14/483	0/49	-0.201159	-0.0305956	inf
SRX3509026	TFs and others	TFAP2C	Pluripotent stem cell	hESC UCLA1	275	14/483	0/49	-0.201159	-0.0305956	inf
SRX3520282	TFs and others	ATR	Digestive tract	HCT 116	575	14/483	0/49	-0.201159	-0.0305956	inf
SRX3541094	TFs and others	ESR1	Breast	MCF-7	1115	14/483	0/49	-0.201159	-0.0305956	inf
SRX3545876	TFs and others	SMARCC1	Blood	Bone marrow nuclear cells	954	14/483	0/49	-0.201159	-0.0305956	inf
SRX3554401	TFs and others	ESR1	Breast	MDA-MB-134-VI	423	14/483	0/49	-0.201159	-0.0305956	inf
SRX3554529	TFs and others	Epitope tags	Pluripotent stem cell	iPS derived hematopoietic cells	1001	14/483	0/49	-0.201159	-0.0305956	inf
SRX3554532	TFs and others	Epitope tags	Blood	Hematopoietic Stem Cells	559	14/483	0/49	-0.201159	-0.0305956	inf
SRX3554535	TFs and others	Epitope tags	Pluripotent stem cell	iPS derived hematopoietic cells	578	14/483	0/49	-0.201159	-0.0305956	inf
SRX3566186	TFs and others	TEAD1	Digestive tract	HCT 116	314	14/483	0/49	-0.201159	-0.0305956	inf
SRX3566188	TFs and others	TEAD1	Digestive tract	HCT 116	251	14/483	0/49	-0.201159	-0.0305956	inf
SRX3566190	TFs and others	TEAD1	Digestive tract	HCT 116	282	14/483	0/49	-0.201159	-0.0305956	inf
SRX3581483	TFs and others	Epitope tags	Pluripotent stem cell	iPS derived neural cells	558	14/483	0/49	-0.201159	-0.0305956	inf
SRX3581513	TFs and others	CHD7	Pluripotent stem cell	iPS derived neural crestss	1162	14/483	0/49	-0.201159	-0.0305956	inf
SRX3583224	TFs and others	ESR1	Breast	MCF-7	1679	14/483	0/49	-0.201159	-0.0305956	inf
SRX359827	TFs and others	FOXA2	Digestive tract	LoVo	911	14/483	0/49	-0.201159	-0.0305956	inf
SRX359841	TFs and others	HOXA11	Digestive tract	LoVo	325	14/483	0/49	-0.201159	-0.0305956	inf
SRX359861	TFs and others	LHX5	Digestive tract	LoVo	523	14/483	0/49	-0.201159	-0.0305956	inf
SRX359862	TFs and others	LHX6	Digestive tract	LoVo	444	14/483	0/49	-0.201159	-0.0305956	inf
SRX359863	TFs and others	MAFB	Digestive tract	LoVo	446	14/483	0/49	-0.201159	-0.0305956	inf
SRX359866	TFs and others	MSC	Digestive tract	LoVo	241	14/483	0/49	-0.201159	-0.0305956	inf
SRX359872	TFs and others	NKX2-8	Digestive tract	LoVo	435	14/483	0/49	-0.201159	-0.0305956	inf
SRX359874	TFs and others	NR2F6	Digestive tract	LoVo	501	14/483	0/49	-0.201159	-0.0305956	inf
SRX359875	TFs and others	NR3C2	Digestive tract	LoVo	426	14/483	0/49	-0.201159	-0.0305956	inf
SRX359881	TFs and others	ATF6	Digestive tract	LoVo	82	14/483	0/49	-0.201159	-0.0305956	inf
SRX359896	TFs and others	HOXD11	Digestive tract	LoVo	244	14/483	0/49	-0.201159	-0.0305956	inf
SRX359898	TFs and others	IRF2	Digestive tract	LoVo	272	14/483	0/49	-0.201159	-0.0305956	inf
SRX359913	TFs and others	NR4A1	Digestive tract	LoVo	124	14/483	0/49	-0.201159	-0.0305956	inf
SRX3599304	TFs and others	JUN	Cardiovascular	HUVEC	370	14/483	0/49	-0.201159	-0.0305956	inf
SRX3599309	TFs and others	RBPJ	Cardiovascular	HUVEC	431	14/483	0/49	-0.201159	-0.0305956	inf
SRX3599310	TFs and others	RBPJ	Cardiovascular	HUVEC	316	14/483	0/49	-0.201159	-0.0305956	inf
SRX3599311	TFs and others	RBPJ	Cardiovascular	HUVEC	369	14/483	0/49	-0.201159	-0.0305956	inf
SRX3599315	TFs and others	GATA2	Cardiovascular	HUVEC	763	14/483	0/49	-0.201159	-0.0305956	inf
SRX3599319	TFs and others	EP300	Cardiovascular	HUVEC	654	14/483	0/49	-0.201159	-0.0305956	inf
SRX359938	TFs and others	ID1	Digestive tract	LoVo	104	14/483	0/49	-0.201159	-0.0305956	inf
SRX359939	TFs and others	ID2	Digestive tract	LoVo	363	14/483	0/49	-0.201159	-0.0305956	inf
SRX359941	TFs and others	JAZF1	Digestive tract	LoVo	111	14/483	0/49	-0.201159	-0.0305956	inf
SRX359975	TFs and others	UBP1	Digestive tract	LoVo	118	14/483	0/49	-0.201159	-0.0305956	inf
SRX359979	TFs and others	ZNF639	Digestive tract	LoVo	266	14/483	0/49	-0.201159	-0.0305956	inf
SRX359995	TFs and others	EGR2	Digestive tract	LoVo	634	14/483	0/49	-0.201159	-0.0305956	inf
SRX360003	TFs and others	HAND1	Digestive tract	LoVo	390	14/483	0/49	-0.201159	-0.0305956	inf
SRX360018	TFs and others	STAG1	Digestive tract	LoVo	897	14/483	0/49	-0.201159	-0.0305956	inf
SRX360024	TFs and others	HOXC13	Digestive tract	LoVo	344	14/483	0/49	-0.201159	-0.0305956	inf
SRX360027	TFs and others	MYBL1	Digestive tract	LoVo	117	14/483	0/49	-0.201159	-0.0305956	inf
SRX360030	TFs and others	NKX2-3	Digestive tract	LoVo	80	14/483	0/49	-0.201159	-0.0305956	inf
SRX360046	TFs and others	TSHZ1	Digestive tract	LoVo	78	14/483	0/49	-0.201159	-0.0305956	inf
SRX3601930	TFs and others	GLYR1	Uterus	HeLa	217	14/483	0/49	-0.201159	-0.0305956	inf
SRX3601932	TFs and others	GLYR1	Uterus	HeLa	200	14/483	0/49	-0.201159	-0.0305956	inf
SRX3601936	TFs and others	GLYR1	Uterus	HeLa	506	14/483	0/49	-0.201159	-0.0305956	inf
SRX3601938	TFs and others	GLYR1	Uterus	HeLa	536	14/483	0/49	-0.201159	-0.0305956	inf
SRX3601939	TFs and others	GLYR1	Uterus	HeLa	569	14/483	0/49	-0.201159	-0.0305956	inf
SRX360403	TFs and others	VDR	Blood	THP-1	595	14/483	0/49	-0.201159	-0.0305956	inf
SRX3629602	TFs and others	ESR1	Breast	MCF-7	5748	14/483	0/49	-0.201159	-0.0305956	inf
SRX3630684	TFs and others	FOXO3	Pluripotent stem cell	iPS derived neural cells	467	14/483	0/49	-0.201159	-0.0305956	inf
SRX3630686	TFs and others	FOXO3	Pluripotent stem cell	iPS derived neural cells	466	14/483	0/49	-0.201159	-0.0305956	inf
SRX3630687	TFs and others	FOXO3	Pluripotent stem cell	iPS derived neural cells	180	14/483	0/49	-0.201159	-0.0305956	inf
SRX366789	TFs and others	BRD2	Blood	MM.1S	264	14/483	0/49	-0.201159	-0.0305956	inf
SRX367310	TFs and others	JMJD6	Kidney	293	318	14/483	0/49	-0.201159	-0.0305956	inf
SRX367645	TFs and others	GATA4	Digestive tract	KATO III	743	14/483	0/49	-0.201159	-0.0305956	inf
SRX3686695	TFs and others	SOX21	Pluripotent stem cell	hESC derived neural cells	672	14/483	0/49	-0.201159	-0.0305956	inf
SRX371983	TFs and others	GATA6	Digestive tract	HuG1-N	891	14/483	0/49	-0.201159	-0.0305956	inf
SRX3737116	TFs and others	CSTF3	Kidney	293	103	14/483	0/49	-0.201159	-0.0305956	inf
SRX3737117	TFs and others	CSTF3	Kidney	293	217	14/483	0/49	-0.201159	-0.0305956	inf
SRX3781812	TFs and others	Epitope tags	Digestive tract	HCT 116	370	14/483	0/49	-0.201159	-0.0305956	inf
SRX3797281	TFs and others	ZNF768	Bone	U2OS	1448	14/483	0/49	-0.201159	-0.0305956	inf
SRX3815843	TFs and others	NIPBL	Uterus	HeLa	964	14/483	0/49	-0.201159	-0.0305956	inf
SRX3847781	TFs and others	SMAD2	Cardiovascular	Aortic smooth muscle cells	309	14/483	0/49	-0.201159	-0.0305956	inf
SRX385394	TFs and others	Epitope tags	Blood	U-937	137	14/483	0/49	-0.201159	-0.0305956	inf
SRX386239	TFs and others	SETX	Lung	A549	1193	14/483	0/49	-0.201159	-0.0305956	inf
SRX386240	TFs and others	SETX	Lung	A549	1113	14/483	0/49	-0.201159	-0.0305956	inf
SRX3862444	TFs and others	GATA3	Unclassified	Unclassified	462	14/483	0/49	-0.201159	-0.0305956	inf
SRX3862446	TFs and others	FOXA1	Unclassified	Unclassified	670	14/483	0/49	-0.201159	-0.0305956	inf
SRX3862447	TFs and others	GATA3	Unclassified	Unclassified	395	14/483	0/49	-0.201159	-0.0305956	inf
SRX3868798	TFs and others	REST	Digestive tract	Colorectal cancer organoid	1042	14/483	0/49	-0.201159	-0.0305956	inf
SRX392692	TFs and others	Epitope tags	Others	T3M-1 Cl-10	334	14/483	0/49	-0.201159	-0.0305956	inf
SRX392782	TFs and others	REST	Blood	GM12878	3275	14/483	0/49	-0.201159	-0.0305956	inf
SRX392793	TFs and others	REST	Blood	Jurkat	2829	14/483	0/49	-0.201159	-0.0305956	inf
SRX392794	TFs and others	REST	Blood	Jurkat	2434	14/483	0/49	-0.201159	-0.0305956	inf
SRX392798	TFs and others	REST	Blood	Jurkat	952	14/483	0/49	-0.201159	-0.0305956	inf
SRX392807	TFs and others	EP300	Blood	GM12878	317	14/483	0/49	-0.201159	-0.0305956	inf
SRX392810	TFs and others	EP300	Blood	GM12878	294	14/483	0/49	-0.201159	-0.0305956	inf
SRX396257	TFs and others	TP53	Others	Fibroblasts	644	14/483	0/49	-0.201159	-0.0305956	inf
SRX396268	TFs and others	TP53	Others	Fibroblasts	591	14/483	0/49	-0.201159	-0.0305956	inf
SRX396819	TFs and others	ESR1	Breast	MCF-7	800	14/483	0/49	-0.201159	-0.0305956	inf
SRX3993991	TFs and others	TRIM24	Breast	MCF-7	232	14/483	0/49	-0.201159	-0.0305956	inf
SRX4060992	TFs and others	TRPS1	Breast	T-47D	536	14/483	0/49	-0.201159	-0.0305956	inf
SRX4096887	TFs and others	TRPS1	Breast	HCC3153	895	14/483	0/49	-0.201159	-0.0305956	inf
SRX4096888	TFs and others	TRPS1	Breast	HCC3153	1650	14/483	0/49	-0.201159	-0.0305956	inf
SRX4099655	TFs and others	Epitope tags	Blood	Kasumi-1	2776	14/483	0/49	-0.201159	-0.0305956	inf
SRX4107932	TFs and others	SKP2	Digestive tract	HCT 116	24515	14/483	0/49	-0.201159	-0.0305956	inf
SRX4108914	TFs and others	AR	Prostate	LNCAP	26856	14/483	0/49	-0.201159	-0.0305956	inf
SRX423005	TFs and others	PARP1	Breast	T-47D	774	14/483	0/49	-0.201159	-0.0305956	inf
SRX4301473	TFs and others	RELA	Uterus	HeLa	288	14/483	0/49	-0.201159	-0.0305956	inf
SRX4326273	TFs and others	BRD4	Neural	SK-N-BE(2)	1040	14/483	0/49	-0.201159	-0.0305956	inf
SRX433189	TFs and others	AR	Kidney	293	302	14/483	0/49	-0.201159	-0.0305956	inf
SRX4370388	TFs and others	Epitope tags	Digestive tract	HCT 116	1042	14/483	0/49	-0.201159	-0.0305956	inf
SRX4370389	TFs and others	Epitope tags	Digestive tract	HCT 116	2056	14/483	0/49	-0.201159	-0.0305956	inf
SRX4401065	TFs and others	RELA	Blood	BJAB	1241	14/483	0/49	-0.201159	-0.0305956	inf
SRX4411664	TFs and others	CHD1	Prostate	LNCAP	2488	14/483	0/49	-0.201159	-0.0305956	inf
SRX4411665	TFs and others	CHD1	Prostate	LNCAP	1500	14/483	0/49	-0.201159	-0.0305956	inf
SRX4417534	TFs and others	BRD4	Pluripotent stem cell	hESC derived neural cells	396	14/483	0/49	-0.201159	-0.0305956	inf
SRX447387	TFs and others	LMNA	Epidermis	Dermal fibroblast	729	14/483	0/49	-0.201159	-0.0305956	inf
SRX447388	TFs and others	LMNA	Epidermis	Dermal fibroblast	699	14/483	0/49	-0.201159	-0.0305956	inf
SRX447601	TFs and others	CDK7	Blood	MM.1S	389	14/483	0/49	-0.201159	-0.0305956	inf
SRX4502346	TFs and others	CDK11A	Digestive tract	HCT 116	257	14/483	0/49	-0.201159	-0.0305956	inf
SRX4561215	TFs and others	TRPS1	Breast	MCF-7	2941	14/483	0/49	-0.201159	-0.0305956	inf
SRX4590710	TFs and others	LMNA	Pluripotent stem cell	iPS derived cardiac cells	2778	14/483	0/49	-0.201159	-0.0305956	inf
SRX4590711	TFs and others	LMNA	Pluripotent stem cell	iPS derived cardiac cells	2645	14/483	0/49	-0.201159	-0.0305956	inf
SRX4590712	TFs and others	LMNA	Pluripotent stem cell	iPS derived cardiac cells	3248	14/483	0/49	-0.201159	-0.0305956	inf
SRX4590713	TFs and others	LMNA	Pluripotent stem cell	iPS derived cardiac cells	3218	14/483	0/49	-0.201159	-0.0305956	inf
SRX4599931	TFs and others	Epitope tags	Kidney	293	159	14/483	0/49	-0.201159	-0.0305956	inf
SRX4599959	TFs and others	Epitope tags	Kidney	293	493	14/483	0/49	-0.201159	-0.0305956	inf
SRX467200	TFs and others	NR2C2	Blood	Erythroblasts	661	14/483	0/49	-0.201159	-0.0305956	inf
SRX4672372	TFs and others	ARNT	Breast	MCF-7	107	14/483	0/49	-0.201159	-0.0305956	inf
SRX469393	TFs and others	ESR1	Breast	MCF-7	204	14/483	0/49	-0.201159	-0.0305956	inf
SRX4708016	TFs and others	SRSF7	Liver	Hep G2	242	14/483	0/49	-0.201159	-0.0305956	inf
SRX4711138	TFs and others	LMNB1	Adipocyte	Adipose stem cells	1339	14/483	0/49	-0.201159	-0.0305956	inf
SRX471204	TFs and others	AR	Prostate	C4-2	3110	14/483	0/49	-0.201159	-0.0305956	inf
SRX471207	TFs and others	AR	Prostate	LNCAP	3985	14/483	0/49	-0.201159	-0.0305956	inf
SRX471210	TFs and others	MBD2	Breast	MCF-7	1034	14/483	0/49	-0.201159	-0.0305956	inf
SRX4714471	TFs and others	GTF3C2	Lung	IMR-90	329	14/483	0/49	-0.201159	-0.0305956	inf
SRX4743488	TFs and others	GFP	Liver	Hep G2	552	14/483	0/49	-0.201159	-0.0305956	inf
SRX4745225	TFs and others	Epitope tags	Kidney	293	2671	14/483	0/49	-0.201159	-0.0305956	inf
SRX4745227	TFs and others	Epitope tags	Kidney	293	414	14/483	0/49	-0.201159	-0.0305956	inf
SRX4745230	TFs and others	Epitope tags	Kidney	293	448	14/483	0/49	-0.201159	-0.0305956	inf
SRX4745233	TFs and others	Epitope tags	Kidney	293	476	14/483	0/49	-0.201159	-0.0305956	inf
SRX4745237	TFs and others	Epitope tags	Kidney	293	500	14/483	0/49	-0.201159	-0.0305956	inf
SRX4745240	TFs and others	Epitope tags	Kidney	293	379	14/483	0/49	-0.201159	-0.0305956	inf
SRX4745241	TFs and others	Epitope tags	Kidney	293	540	14/483	0/49	-0.201159	-0.0305956	inf
SRX475748	TFs and others	EP300	Blood	GM12878	4866	14/483	0/49	-0.201159	-0.0305956	inf
SRX475785	TFs and others	REST	Blood	GM12878	4242	14/483	0/49	-0.201159	-0.0305956	inf
SRX475787	TFs and others	REST	Blood	GM12878	2001	14/483	0/49	-0.201159	-0.0305956	inf
SRX4779735	TFs and others	AR	Prostate	LNCAP	392	14/483	0/49	-0.201159	-0.0305956	inf
SRX4781466	TFs and others	BRD2	Blood	Chronic myeloid leukemia	344	14/483	0/49	-0.201159	-0.0305956	inf
SRX4781472	TFs and others	BRD2	Blood	Chronic myeloid leukemia	342	14/483	0/49	-0.201159	-0.0305956	inf
SRX4781484	TFs and others	BRD3	Blood	Chronic myeloid leukemia	334	14/483	0/49	-0.201159	-0.0305956	inf
SRX4781492	TFs and others	BRD3	Blood	Acute myeloid leukemia	164	14/483	0/49	-0.201159	-0.0305956	inf
SRX4781493	TFs and others	BRD3	Blood	Acute myeloid leukemia	336	14/483	0/49	-0.201159	-0.0305956	inf
SRX4781495	TFs and others	BRD3	Blood	Acute myeloid leukemia	201	14/483	0/49	-0.201159	-0.0305956	inf
SRX4781496	TFs and others	BRD3	Blood	Acute myeloid leukemia	323	14/483	0/49	-0.201159	-0.0305956	inf
SRX4781498	TFs and others	BRD4	Blood	Chronic myeloid leukemia	237	14/483	0/49	-0.201159	-0.0305956	inf
SRX4781502	TFs and others	BRD4	Blood	Chronic myeloid leukemia	361	14/483	0/49	-0.201159	-0.0305956	inf
SRX4781504	TFs and others	BRD4	Blood	Chronic myeloid leukemia	321	14/483	0/49	-0.201159	-0.0305956	inf
SRX4783021	TFs and others	AR	Prostate	Prostate cancer cells	524	14/483	0/49	-0.201159	-0.0305956	inf
SRX4783022	TFs and others	AR	Prostate	Prostate cancer cells	1304	14/483	0/49	-0.201159	-0.0305956	inf
SRX4783027	TFs and others	AR	Prostate	Prostate cancer cells	1343	14/483	0/49	-0.201159	-0.0305956	inf
SRX4783028	TFs and others	AR	Prostate	Prostate cancer cells	596	14/483	0/49	-0.201159	-0.0305956	inf
SRX4783033	TFs and others	AR	Prostate	Prostate cancer cells	805	14/483	0/49	-0.201159	-0.0305956	inf
SRX4783034	TFs and others	AR	Prostate	Prostate cancer cells	443	14/483	0/49	-0.201159	-0.0305956	inf
SRX4783039	TFs and others	AR	Prostate	Prostate cancer cells	1299	14/483	0/49	-0.201159	-0.0305956	inf
SRX4783041	TFs and others	AR	Prostate	Prostate cancer cells	742	14/483	0/49	-0.201159	-0.0305956	inf
SRX4783042	TFs and others	AR	Prostate	Prostate cancer cells	509	14/483	0/49	-0.201159	-0.0305956	inf
SRX4783047	TFs and others	AR	Prostate	Prostate cancer cells	869	14/483	0/49	-0.201159	-0.0305956	inf
SRX4783050	TFs and others	AR	Prostate	Prostate cancer cells	326	14/483	0/49	-0.201159	-0.0305956	inf
SRX4783052	TFs and others	AR	Prostate	Prostate cancer cells	2613	14/483	0/49	-0.201159	-0.0305956	inf
SRX4783057	TFs and others	AR	Prostate	Prostate cancer cells	458	14/483	0/49	-0.201159	-0.0305956	inf
SRX4783059	TFs and others	AR	Prostate	Prostate cancer cells	497	14/483	0/49	-0.201159	-0.0305956	inf
SRX4783066	TFs and others	AR	Prostate	Prostate cancer cells	504	14/483	0/49	-0.201159	-0.0305956	inf
SRX4783068	TFs and others	AR	Prostate	Prostate cancer cells	536	14/483	0/49	-0.201159	-0.0305956	inf
SRX4783070	TFs and others	AR	Prostate	Prostate cancer cells	417	14/483	0/49	-0.201159	-0.0305956	inf
SRX4783071	TFs and others	AR	Prostate	Prostate cancer cells	412	14/483	0/49	-0.201159	-0.0305956	inf
SRX4783076	TFs and others	AR	Prostate	Prostate cancer cells	364	14/483	0/49	-0.201159	-0.0305956	inf
SRX4783078	TFs and others	AR	Prostate	Prostate cancer cells	435	14/483	0/49	-0.201159	-0.0305956	inf
SRX4783083	TFs and others	AR	Prostate	Prostate cancer cells	1738	14/483	0/49	-0.201159	-0.0305956	inf
SRX4783092	TFs and others	AR	Prostate	Prostate cancer cells	355	14/483	0/49	-0.201159	-0.0305956	inf
SRX4783094	TFs and others	AR	Prostate	Prostate cancer cells	462	14/483	0/49	-0.201159	-0.0305956	inf
SRX4783103	TFs and others	AR	Prostate	Prostate cancer cells	534	14/483	0/49	-0.201159	-0.0305956	inf
SRX4783106	TFs and others	AR	Prostate	Prostate cancer cells	399	14/483	0/49	-0.201159	-0.0305956	inf
SRX4786537	TFs and others	ESR1	Breast	MCF-7	573	14/483	0/49	-0.201159	-0.0305956	inf
SRX4892337	TFs and others	Epitope tags	Kidney	293	424	14/483	0/49	-0.201159	-0.0305956	inf
SRX4894934	TFs and others	RELA	Kidney	293	435	14/483	0/49	-0.201159	-0.0305956	inf
SRX4901028	TFs and others	GFI1B	Blood	SET-2	247	14/483	0/49	-0.201159	-0.0305956	inf
SRX4901032	TFs and others	KDM1A	Blood	SET-2	224	14/483	0/49	-0.201159	-0.0305956	inf
SRX4901033	TFs and others	GFI1B	Blood	SET-2	280	14/483	0/49	-0.201159	-0.0305956	inf
SRX4905627	TFs and others	EBF1	Digestive tract	Hs 746.T	885	14/483	0/49	-0.201159	-0.0305956	inf
SRX4928878	TFs and others	BRD9	Uterus	HeLa	245	14/483	0/49	-0.201159	-0.0305956	inf
SRX4937333	TFs and others	KAT2A	Digestive tract	HCT 116	298	14/483	0/49	-0.201159	-0.0305956	inf
SRX4937361	TFs and others	USP22	Digestive tract	HCT 116	470	14/483	0/49	-0.201159	-0.0305956	inf
SRX4952718	TFs and others	Epitope tags	Liver	Hep G2	389	14/483	0/49	-0.201159	-0.0305956	inf
SRX4994042	TFs and others	Epitope tags	Kidney	293	417	14/483	0/49	-0.201159	-0.0305956	inf
SRX502068	TFs and others	AR	Prostate	Prostate	317	14/483	0/49	-0.201159	-0.0305956	inf
SRX502069	TFs and others	AR	Prostate	Prostate cancer	3081	14/483	0/49	-0.201159	-0.0305956	inf
SRX5025691	TFs and others	MYCN	Neural	SH-EP	534	14/483	0/49	-0.201159	-0.0305956	inf
SRX503327	TFs and others	KSHV LANA	Kidney	iSLK	575	14/483	0/49	-0.201159	-0.0305956	inf
SRX503328	TFs and others	KSHV LANA	Kidney	iSLK	546	14/483	0/49	-0.201159	-0.0305956	inf
SRX503331	TFs and others	KSHV LANA	Others	LEC	435	14/483	0/49	-0.201159	-0.0305956	inf
SRX503333	TFs and others	KSHV LANA	Others	LEC	493	14/483	0/49	-0.201159	-0.0305956	inf
SRX5057617	TFs and others	Epitope tags	Breast	T-47D	391	14/483	0/49	-0.201159	-0.0305956	inf
SRX5057621	TFs and others	GATA3	Breast	T-47D	363	14/483	0/49	-0.201159	-0.0305956	inf
SRX5057626	TFs and others	GATA3	Breast	T-47D	529	14/483	0/49	-0.201159	-0.0305956	inf
SRX5057630	TFs and others	GATA3	Breast	T-47D	394	14/483	0/49	-0.201159	-0.0305956	inf
SRX5060888	TFs and others	AR	Prostate	LNCAP	12787	14/483	0/49	-0.201159	-0.0305956	inf
SRX5075181	TFs and others	SMARCA2	Neural	Neural progenitor cells	732	14/483	0/49	-0.201159	-0.0305956	inf
SRX5089412	TFs and others	SMARCA4	Breast	MCF-7	1479	14/483	0/49	-0.201159	-0.0305956	inf
SRX5089502	TFs and others	HDAC1	Breast	MCF-7	386	14/483	0/49	-0.201159	-0.0305956	inf
SRX5089524	TFs and others	SMARCA4	Breast	MCF-7	627	14/483	0/49	-0.201159	-0.0305956	inf
SRX5089540	TFs and others	ARID2	Breast	MCF-7	451	14/483	0/49	-0.201159	-0.0305956	inf
SRX5089553	TFs and others	BRD4	Breast	MCF-7	684	14/483	0/49	-0.201159	-0.0305956	inf
SRX5124857	TFs and others	AR	Prostate	22Rv1	1031	14/483	0/49	-0.201159	-0.0305956	inf
SRX5124862	TFs and others	TLE3	Prostate	22Rv1	485	14/483	0/49	-0.201159	-0.0305956	inf
SRX5124863	TFs and others	TLE3	Prostate	22Rv1	613	14/483	0/49	-0.201159	-0.0305956	inf
SRX5124867	TFs and others	AR	Prostate	22Rv1	768	14/483	0/49	-0.201159	-0.0305956	inf
SRX5139484	TFs and others	SMC2	Digestive tract	HCT 116	659	14/483	0/49	-0.201159	-0.0305956	inf
SRX5139488	TFs and others	SMC2	Digestive tract	HCT 116	730	14/483	0/49	-0.201159	-0.0305956	inf
SRX5139490	TFs and others	SMC2	Digestive tract	HCT 116	637	14/483	0/49	-0.201159	-0.0305956	inf
SRX5157157	TFs and others	CEBPA	Blood	THP-1	11210	14/483	0/49	-0.201159	-0.0305956	inf
SRX5157161	TFs and others	CEBPA	Blood	THP-1	11842	14/483	0/49	-0.201159	-0.0305956	inf
SRX5157164	TFs and others	CEBPA	Blood	THP-1	9858	14/483	0/49	-0.201159	-0.0305956	inf
SRX5167211	TFs and others	CHD4	Blood	Bone marrow nuclear cells	636	14/483	0/49	-0.201159	-0.0305956	inf
SRX5167212	TFs and others	KDM6A	Blood	Bone marrow nuclear cells	576	14/483	0/49	-0.201159	-0.0305956	inf
SRX5169142	TFs and others	GATA2	Blood	Erythroid Precursor Cells	353	14/483	0/49	-0.201159	-0.0305956	inf
SRX5185603	TFs and others	MED12	Breast	MCF-7	673	14/483	0/49	-0.201159	-0.0305956	inf
SRX5188631	TFs and others	RUNX3	Digestive tract	SNU-484	212	14/483	0/49	-0.201159	-0.0305956	inf
SRX5203293	TFs and others	ESR1	Breast	MCF-7	936	14/483	0/49	-0.201159	-0.0305956	inf
SRX5203297	TFs and others	ESR1	Breast	MCF-7	476	14/483	0/49	-0.201159	-0.0305956	inf
SRX5203302	TFs and others	ESR1	Breast	MCF-7	716	14/483	0/49	-0.201159	-0.0305956	inf
SRX5203313	TFs and others	ESR1	Breast	MCF-7	388	14/483	0/49	-0.201159	-0.0305956	inf
SRX5234468	TFs and others	SUZ12	Pluripotent stem cell	iPS cells	1833	14/483	0/49	-0.201159	-0.0305956	inf
SRX5234497	TFs and others	SMARCB1	Kidney	TTC1240	669	14/483	0/49	-0.201159	-0.0305956	inf
SRX5242454	TFs and others	MED1	Blood	MOLM-14	1151	14/483	0/49	-0.201159	-0.0305956	inf
SRX5251419	TFs and others	ESR1	Breast	MCF-7	723	14/483	0/49	-0.201159	-0.0305956	inf
SRX5254847	TFs and others	ZBTB16	Others	Mesenchymal stem cells	509	14/483	0/49	-0.201159	-0.0305956	inf
SRX5254851	TFs and others	RNF2	Others	Mesenchymal stem cells	364	14/483	0/49	-0.201159	-0.0305956	inf
SRX5255105	TFs and others	Epitope tags	Kidney	293	729	14/483	0/49	-0.201159	-0.0305956	inf
SRX5255107	TFs and others	Epitope tags	Kidney	293	749	14/483	0/49	-0.201159	-0.0305956	inf
SRX5255108	TFs and others	Epitope tags	Kidney	293	678	14/483	0/49	-0.201159	-0.0305956	inf
SRX5276086	TFs and others	GFP	Blood	Dendritic Cells	828	14/483	0/49	-0.201159	-0.0305956	inf
SRX527879	TFs and others	Epitope tags	Kidney	293	322	14/483	0/49	-0.201159	-0.0305956	inf
SRX5286347	TFs and others	TFAP2C	Pluripotent stem cell	ES cells	1236	14/483	0/49	-0.201159	-0.0305956	inf
SRX5291877	TFs and others	MECP2	Neural	LUHMES	1199	14/483	0/49	-0.201159	-0.0305956	inf
SRX5291878	TFs and others	MECP2	Neural	LUHMES	1312	14/483	0/49	-0.201159	-0.0305956	inf
SRX5291879	TFs and others	MECP2	Neural	LUHMES	640	14/483	0/49	-0.201159	-0.0305956	inf
SRX5291880	TFs and others	MECP2	Neural	LUHMES	1150	14/483	0/49	-0.201159	-0.0305956	inf
SRX5291885	TFs and others	MECP2	Neural	LUHMES	1136	14/483	0/49	-0.201159	-0.0305956	inf
SRX5291886	TFs and others	MECP2	Neural	LUHMES	1017	14/483	0/49	-0.201159	-0.0305956	inf
SRX5291887	TFs and others	MECP2	Neural	LUHMES	811	14/483	0/49	-0.201159	-0.0305956	inf
SRX5291888	TFs and others	MECP2	Neural	LUHMES	924	14/483	0/49	-0.201159	-0.0305956	inf
SRX5299877	TFs and others	NFE2	Blood	Erythroid Cells	1570	14/483	0/49	-0.201159	-0.0305956	inf
SRX530184	TFs and others	NR1H4	Liver	Hepatocytes	577	14/483	0/49	-0.201159	-0.0305956	inf
SRX5323897	TFs and others	STAT3	Breast	T-47D	420	14/483	0/49	-0.201159	-0.0305956	inf
SRX5346129	TFs and others	WDR5	Blood	RAMOS	1088	14/483	0/49	-0.201159	-0.0305956	inf
SRX5346135	TFs and others	WDR5	Blood	RAMOS	1078	14/483	0/49	-0.201159	-0.0305956	inf
SRX535181	TFs and others	HSF1	Digestive tract	HCT 116	523	14/483	0/49	-0.201159	-0.0305956	inf
SRX5360089	TFs and others	EZH2	Epidermis	Dermal fibroblast	509	14/483	0/49	-0.201159	-0.0305956	inf
SRX5382888	TFs and others	Epitope tags	Kidney	iSLK	842	14/483	0/49	-0.201159	-0.0305956	inf
SRX5401652	TFs and others	AR	Prostate	Prostate cancer-derived fibroblasts	546	14/483	0/49	-0.201159	-0.0305956	inf
SRX5401658	TFs and others	AR	Prostate	Prostate cancer-derived fibroblasts	388	14/483	0/49	-0.201159	-0.0305956	inf
SRX5401662	TFs and others	AR	Prostate	Prostate cancer-derived fibroblasts	394	14/483	0/49	-0.201159	-0.0305956	inf
SRX5401863	TFs and others	PGR	Breast	T-47D	890	14/483	0/49	-0.201159	-0.0305956	inf
SRX5444558	TFs and others	KDM6A	Pluripotent stem cell	hESC derived neural cells	221	14/483	0/49	-0.201159	-0.0305956	inf
SRX5486444	TFs and others	ZIC2	Digestive tract	HCT 116	646	14/483	0/49	-0.201159	-0.0305956	inf
SRX5493757	TFs and others	FOXA1	Breast	Breast cancer cells	2279	14/483	0/49	-0.201159	-0.0305956	inf
SRX5493765	TFs and others	ESR1	Breast	Breast cancer cells	441	14/483	0/49	-0.201159	-0.0305956	inf
SRX5514008	TFs and others	FOS	Uterus	Myometrium	613	14/483	0/49	-0.201159	-0.0305956	inf
SRX5514018	TFs and others	JUN	Uterus	Myometrium	785	14/483	0/49	-0.201159	-0.0305956	inf
SRX5514026	TFs and others	CDK8	Uterus	Myometrium	449	14/483	0/49	-0.201159	-0.0305956	inf
SRX5514043	TFs and others	MED12	Uterus	Uterin leiomyoma	247	14/483	0/49	-0.201159	-0.0305956	inf
SRX5525791	TFs and others	MYCN	Neural	SH-EP	381	14/483	0/49	-0.201159	-0.0305956	inf
SRX5556899	TFs and others	LEO1	Kidney	293	438	14/483	0/49	-0.201159	-0.0305956	inf
SRX5574341	TFs and others	SPI1	Blood	B cells	1276	14/483	0/49	-0.201159	-0.0305956	inf
SRX5574443	TFs and others	EN1	Breast	MCF-7	1145	14/483	0/49	-0.201159	-0.0305956	inf
SRX5574475	TFs and others	SPI1	Blood	CTV-1	904	14/483	0/49	-0.201159	-0.0305956	inf
SRX5577141	TFs and others	Epitope tags	Prostate	LNCAP	94	14/483	0/49	-0.201159	-0.0305956	inf
SRX5600880	TFs and others	ATF4	Neural	Prefrontal Cortex	424	14/483	0/49	-0.201159	-0.0305956	inf
SRX5600891	TFs and others	OLIG2	Neural	Prefrontal Cortex	424	14/483	0/49	-0.201159	-0.0305956	inf
SRX5600904	TFs and others	THRA	Neural	Prefrontal Cortex	392	14/483	0/49	-0.201159	-0.0305956	inf
SRX5604678	TFs and others	HOXB13	Prostate	LNCAP	4817	14/483	0/49	-0.201159	-0.0305956	inf
SRX5654407	TFs and others	GFP	Liver	Hep G2	665	14/483	0/49	-0.201159	-0.0305956	inf
SRX5668132	TFs and others	MEN1	Blood	IMS-M2	257	14/483	0/49	-0.201159	-0.0305956	inf
SRX5719612	TFs and others	CTCF	Blood	Jurkat	955	14/483	0/49	-0.201159	-0.0305956	inf
SRX573068	TFs and others	CPSF3L	Uterus	HeLa	609	14/483	0/49	-0.201159	-0.0305956	inf
SRX5759190	TFs and others	SUZ12	Neural	ipNF05.5	225	14/483	0/49	-0.201159	-0.0305956	inf
SRX5759193	TFs and others	SUZ12	Neural	ipNF05.5	290	14/483	0/49	-0.201159	-0.0305956	inf
SRX5771380	TFs and others	SUPT6H	Digestive tract	HCT 116	226	14/483	0/49	-0.201159	-0.0305956	inf
SRX5771936	TFs and others	FOXO1	Blood	OCI-LY1	642	14/483	0/49	-0.201159	-0.0305956	inf
SRX5817193	TFs and others	NXF1	Kidney	293	448	14/483	0/49	-0.201159	-0.0305956	inf
SRX5822371	TFs and others	AML1-ETO	Blood	Kasumi-1	2410	14/483	0/49	-0.201159	-0.0305956	inf
SRX5824549	TFs and others	BRD7	Breast	SUM 159PT	1062	14/483	0/49	-0.201159	-0.0305956	inf
SRX5824556	TFs and others	BRD7	Breast	SUM 159PT	732	14/483	0/49	-0.201159	-0.0305956	inf
SRX5824562	TFs and others	BRD4	Breast	SUM 149PT	695	14/483	0/49	-0.201159	-0.0305956	inf
SRX5824581	TFs and others	BRD4	Breast	SUM 159PT	4161	14/483	0/49	-0.201159	-0.0305956	inf
SRX5852998	TFs and others	AR	Blood	THP-1	440	14/483	0/49	-0.201159	-0.0305956	inf
SRX5974555	TFs and others	TAL1	Blood	K-562	11635	14/483	0/49	-0.201159	-0.0305956	inf
SRX5974571	TFs and others	TAL1	Blood	K-562	11558	14/483	0/49	-0.201159	-0.0305956	inf
SRX5974575	TFs and others	CTCF	Blood	K-562	2077	14/483	0/49	-0.201159	-0.0305956	inf
SRX5982363	TFs and others	SMARCA2	Lung	A549	3789	14/483	0/49	-0.201159	-0.0305956	inf
SRX6027683	TFs and others	ESR1	Uterus	Ishikawa	543	14/483	0/49	-0.201159	-0.0305956	inf
SRX6027687	TFs and others	ESR1	Uterus	Ishikawa	346	14/483	0/49	-0.201159	-0.0305956	inf
SRX6027701	TFs and others	ESR1	Uterus	Ishikawa	912	14/483	0/49	-0.201159	-0.0305956	inf
SRX6058770	TFs and others	TOP2A	Breast	T-47D	1546	14/483	0/49	-0.201159	-0.0305956	inf
SRX6101049	TFs and others	NUTM1	Others	TC-797	1107	14/483	0/49	-0.201159	-0.0305956	inf
SRX610672	TFs and others	Epitope tags	Uterus	Ovarian granulosa cells	145	14/483	0/49	-0.201159	-0.0305956	inf
SRX6175649	TFs and others	STAG1	Bone	TC-71	1548	14/483	0/49	-0.201159	-0.0305956	inf
SRX6366604	TFs and others	Epitope tags	Uterus	Ishikawa	217	14/483	0/49	-0.201159	-0.0305956	inf
SRX6367578	TFs and others	NCOR1	Kidney	293	764	14/483	0/49	-0.201159	-0.0305956	inf
SRX6367595	TFs and others	NCOA1	Kidney	293	4627	14/483	0/49	-0.201159	-0.0305956	inf
SRX6371954	TFs and others	BRD4	Neural	CLB-Ga	543	14/483	0/49	-0.201159	-0.0305956	inf
SRX6384757	TFs and others	RAD21	Digestive tract	HCT 116	454	14/483	0/49	-0.201159	-0.0305956	inf
SRX6384791	TFs and others	RAD21	Digestive tract	HCT 116	315	14/483	0/49	-0.201159	-0.0305956	inf
SRX6435428	TFs and others	PPP1R10	Kidney	293	388	14/483	0/49	-0.201159	-0.0305956	inf
SRX644409	TFs and others	JUND	Prostate	DU 145	264	14/483	0/49	-0.201159	-0.0305956	inf
SRX6476500	TFs and others	SMAD2	Cardiovascular	Aortic smooth muscle cells	309	14/483	0/49	-0.201159	-0.0305956	inf
SRX648243	TFs and others	MYC	Digestive tract	LS-174T	259	14/483	0/49	-0.201159	-0.0305956	inf
SRX6605191	TFs and others	BrdU	Uterus	HeLa	164	14/483	0/49	-0.201159	-0.0305956	inf
SRX6605193	TFs and others	BrdU	Uterus	HeLa	415	14/483	0/49	-0.201159	-0.0305956	inf
SRX6605194	TFs and others	BrdU	Uterus	HeLa	410	14/483	0/49	-0.201159	-0.0305956	inf
SRX6686386	TFs and others	PHF19	Prostate	DU 145	163	14/483	0/49	-0.201159	-0.0305956	inf
SRX670815	TFs and others	BRD2	Pluripotent stem cell	hESC H9	168	14/483	0/49	-0.201159	-0.0305956	inf
SRX670818	TFs and others	BRD3	Pluripotent stem cell	hESC H9	372	14/483	0/49	-0.201159	-0.0305956	inf
SRX673737	TFs and others	ESR1	Breast	MCF-7	194	14/483	0/49	-0.201159	-0.0305956	inf
SRX6743049	TFs and others	AR	Prostate	VCaP	27927	14/483	0/49	-0.201159	-0.0305956	inf
SRX6743815	TFs and others	CHD6	Pluripotent stem cell	iPS derived cardiac cells	535	14/483	0/49	-0.201159	-0.0305956	inf
SRX6748230	TFs and others	CXXC5	Prostate	Prostate cancer	219	14/483	0/49	-0.201159	-0.0305956	inf
SRX6748231	TFs and others	CXXC5	Prostate	Prostate cancer	227	14/483	0/49	-0.201159	-0.0305956	inf
SRX6748244	TFs and others	AR	Prostate	Prostate cancer	1575	14/483	0/49	-0.201159	-0.0305956	inf
SRX6793427	TFs and others	Cas9	Blood	K-562	2007	14/483	0/49	-0.201159	-0.0305956	inf
SRX6800711	TFs and others	JUN	Blood	CAR-T cells	1212	14/483	0/49	-0.201159	-0.0305956	inf
SRX684518	TFs and others	T	Pluripotent stem cell	hESC derived endodermal cells	114	14/483	0/49	-0.201159	-0.0305956	inf
SRX687837	TFs and others	TP63	Epidermis	HaCaT	1650	14/483	0/49	-0.201159	-0.0305956	inf
SRX6910070	TFs and others	PGR	Uterus	Uterin leiomyoma	1036	14/483	0/49	-0.201159	-0.0305956	inf
SRX6913047	TFs and others	BRD4	Blood	THP-1	286	14/483	0/49	-0.201159	-0.0305956	inf
SRX6913060	TFs and others	BRD3	Blood	THP-1	420	14/483	0/49	-0.201159	-0.0305956	inf
SRX6913063	TFs and others	BRD4	Blood	THP-1	243	14/483	0/49	-0.201159	-0.0305956	inf
SRX6927344	TFs and others	SOX1	Pluripotent stem cell	hESC derived neural cells	443	14/483	0/49	-0.201159	-0.0305956	inf
SRX6944150	TFs and others	FOS	Blood	CD4+ T cells	88	14/483	0/49	-0.201159	-0.0305956	inf
SRX6944154	TFs and others	JUNB	Blood	CD4+ T cells	68	14/483	0/49	-0.201159	-0.0305956	inf
SRX6944155	TFs and others	NFATC2	Blood	CD4+ T cells	149	14/483	0/49	-0.201159	-0.0305956	inf
SRX6957411	TFs and others	SMAD4	Kidney	HGrC1	4319	14/483	0/49	-0.201159	-0.0305956	inf
SRX6957485	TFs and others	SMAD4	Kidney	HGrC1	1360	14/483	0/49	-0.201159	-0.0305956	inf
SRX6957491	TFs and others	SMAD2	Kidney	HGrC1	1791	14/483	0/49	-0.201159	-0.0305956	inf
SRX6961667	TFs and others	SUPT5H	Digestive tract	HCT 116	376	14/483	0/49	-0.201159	-0.0305956	inf
SRX6961674	TFs and others	SUPT5H	Digestive tract	HCT 116	1411	14/483	0/49	-0.201159	-0.0305956	inf
SRX697737	TFs and others	PRKCQ	Blood	CD4+ T cells	3048	14/483	0/49	-0.201159	-0.0305956	inf
SRX700519	TFs and others	BRD4	Epidermis	Dermal fibroblast	497	14/483	0/49	-0.201159	-0.0305956	inf
SRX701960	TFs and others	PRDM1	Pluripotent stem cell	hESC derived mesendodermal cells	323	14/483	0/49	-0.201159	-0.0305956	inf
SRX701992	TFs and others	GATA4	Pluripotent stem cell	hESC derived mesendodermal cells	2168	14/483	0/49	-0.201159	-0.0305956	inf
SRX701995	TFs and others	GATA4	Pluripotent stem cell	hESC derived mesendodermal cells	2722	14/483	0/49	-0.201159	-0.0305956	inf
SRX702002	TFs and others	GATA6	Pluripotent stem cell	hESC derived mesendodermal cells	386	14/483	0/49	-0.201159	-0.0305956	inf
SRX702054	TFs and others	OTX2	Pluripotent stem cell	hESC derived mesendodermal cells	135	14/483	0/49	-0.201159	-0.0305956	inf
SRX702067	TFs and others	POU5F1	Pluripotent stem cell	hESC derived mesendodermal cells	314	14/483	0/49	-0.201159	-0.0305956	inf
SRX702077	TFs and others	SMAD1	Pluripotent stem cell	hESC derived ectodermal cells	222	14/483	0/49	-0.201159	-0.0305956	inf
SRX702078	TFs and others	SMAD1	Pluripotent stem cell	hESC derived mesendodermal cells	131	14/483	0/49	-0.201159	-0.0305956	inf
SRX702104	TFs and others	SOX17	Pluripotent stem cell	hESC derived mesendodermal cells	761	14/483	0/49	-0.201159	-0.0305956	inf
SRX702138	TFs and others	TRIM28	Pluripotent stem cell	hESC derived ectodermal cells	184	14/483	0/49	-0.201159	-0.0305956	inf
SRX702141	TFs and others	TRIM28	Pluripotent stem cell	hESC derived mesendodermal cells	180	14/483	0/49	-0.201159	-0.0305956	inf
SRX7030883	TFs and others	EHMT2	Breast	MCF-7	1395	14/483	0/49	-0.201159	-0.0305956	inf
SRX7030945	TFs and others	SUV39H1	Breast	MCF-7	438	14/483	0/49	-0.201159	-0.0305956	inf
SRX7083389	TFs and others	IKZF3	Blood	RAMOS	133	14/483	0/49	-0.201159	-0.0305956	inf
SRX7083390	TFs and others	BCL6	Blood	RAMOS	150	14/483	0/49	-0.201159	-0.0305956	inf
SRX7083391	TFs and others	REL	Blood	RAMOS	152	14/483	0/49	-0.201159	-0.0305956	inf
SRX7083393	TFs and others	ELF1	Blood	RAMOS	150	14/483	0/49	-0.201159	-0.0305956	inf
SRX7083394	TFs and others	ELF2	Blood	RAMOS	158	14/483	0/49	-0.201159	-0.0305956	inf
SRX7083401	TFs and others	IRF4	Blood	RAMOS	143	14/483	0/49	-0.201159	-0.0305956	inf
SRX7083402	TFs and others	IRF8	Blood	RAMOS	138	14/483	0/49	-0.201159	-0.0305956	inf
SRX7083404	TFs and others	NFKB1	Blood	RAMOS	144	14/483	0/49	-0.201159	-0.0305956	inf
SRX7083406	TFs and others	RELA	Blood	RAMOS	131	14/483	0/49	-0.201159	-0.0305956	inf
SRX7083407	TFs and others	PAX5	Blood	RAMOS	155	14/483	0/49	-0.201159	-0.0305956	inf
SRX7083409	TFs and others	SPI1	Blood	RAMOS	150	14/483	0/49	-0.201159	-0.0305956	inf
SRX7083410	TFs and others	RAD21	Blood	RAMOS	150	14/483	0/49	-0.201159	-0.0305956	inf
SRX7083413	TFs and others	YY1	Blood	RAMOS	142	14/483	0/49	-0.201159	-0.0305956	inf
SRX7083414	TFs and others	YY2	Blood	RAMOS	162	14/483	0/49	-0.201159	-0.0305956	inf
SRX7083415	TFs and others	ZEB1	Blood	RAMOS	155	14/483	0/49	-0.201159	-0.0305956	inf
SRX7106660	TFs and others	AR	Pluripotent stem cell	iPS derived neural cells	833	14/483	0/49	-0.201159	-0.0305956	inf
SRX7106661	TFs and others	AR	Pluripotent stem cell	iPS derived neural cells	553	14/483	0/49	-0.201159	-0.0305956	inf
SRX7106663	TFs and others	AR	Pluripotent stem cell	iPS derived neural cells	753	14/483	0/49	-0.201159	-0.0305956	inf
SRX7106664	TFs and others	AR	Pluripotent stem cell	iPS derived neural cells	798	14/483	0/49	-0.201159	-0.0305956	inf
SRX713896	TFs and others	AR	Prostate	R1-AD1	2252	14/483	0/49	-0.201159	-0.0305956	inf
SRX7282936	TFs and others	ESR1	Breast	ZR-75-1	3035	14/483	0/49	-0.201159	-0.0305956	inf
SRX728771	TFs and others	CTR9	Blood	THP-1	392	14/483	0/49	-0.201159	-0.0305956	inf
SRX728785	TFs and others	PAF1	Blood	CCRF-CEM	449	14/483	0/49	-0.201159	-0.0305956	inf
SRX728786	TFs and others	PAF1	Blood	CCRF-CEM	213	14/483	0/49	-0.201159	-0.0305956	inf
SRX730432	TFs and others	NCAPG	Breast	MCF-7	254	14/483	0/49	-0.201159	-0.0305956	inf
SRX730440	TFs and others	HECTD1	Breast	MCF-7	488	14/483	0/49	-0.201159	-0.0305956	inf
SRX730454	TFs and others	NCAPG	Breast	MCF-7	261	14/483	0/49	-0.201159	-0.0305956	inf
SRX731138	TFs and others	Biotin	Liver	CC-LP-1	889	14/483	0/49	-0.201159	-0.0305956	inf
SRX731139	TFs and others	YAP1	Liver	CC-LP-1	815	14/483	0/49	-0.201159	-0.0305956	inf
SRX7341866	TFs and others	TOP2A	Others	hTERT RPE-1	463	14/483	0/49	-0.201159	-0.0305956	inf
SRX736072	TFs and others	EZH2	Prostate	LNCAP	503	14/483	0/49	-0.201159	-0.0305956	inf
SRX7371438	TFs and others	TP53	Pluripotent stem cell	hESC derived mesodermal cells	3875	14/483	0/49	-0.201159	-0.0305956	inf
SRX7398053	TFs and others	STAT2	Prostate	LNCAP	232	14/483	0/49	-0.201159	-0.0305956	inf
SRX7405963	TFs and others	ESR1	Breast	ZR-75-1	1087	14/483	0/49	-0.201159	-0.0305956	inf
SRX7435327	TFs and others	AR	Digestive tract	KYSE-410	511	14/483	0/49	-0.201159	-0.0305956	inf
SRX748423	TFs and others	TCF7L2	Digestive tract	HCT 116	584	14/483	0/49	-0.201159	-0.0305956	inf
SRX748430	TFs and others	TCF7L2	Digestive tract	HCT 116	475	14/483	0/49	-0.201159	-0.0305956	inf
SRX7498496	TFs and others	CTCF	Others	HMS001	7218	14/483	0/49	-0.201159	-0.0305956	inf
SRX753136	TFs and others	GTF2I	Pluripotent stem cell	iPS cells	962	14/483	0/49	-0.201159	-0.0305956	inf
SRX753146	TFs and others	KDM1A	Pluripotent stem cell	iPS cells	203	14/483	0/49	-0.201159	-0.0305956	inf
SRX753151	TFs and others	GTF2I	Pluripotent stem cell	iPS cells	1678	14/483	0/49	-0.201159	-0.0305956	inf
SRX753153	TFs and others	GTF2I	Pluripotent stem cell	iPS cells	809	14/483	0/49	-0.201159	-0.0305956	inf
SRX753154	TFs and others	GTF2I	Pluripotent stem cell	iPS cells	427	14/483	0/49	-0.201159	-0.0305956	inf
SRX7540327	TFs and others	BRD4	Breast	MCF-7	1368	14/483	0/49	-0.201159	-0.0305956	inf
SRX7551115	TFs and others	SETD1A	Uterus	HeLa	657	14/483	0/49	-0.201159	-0.0305956	inf
SRX7584817	TFs and others	ATF4	Blood	Erythroblasts	1461	14/483	0/49	-0.201159	-0.0305956	inf
SRX758607	TFs and others	FOXP1	Blood	BJAB	1908	14/483	0/49	-0.201159	-0.0305956	inf
SRX760970	TFs and others	LMNA	Adipocyte	Pre-adipocytes	381	14/483	0/49	-0.201159	-0.0305956	inf
SRX7627560	TFs and others	REST	Neural	Hippocampus	1155	14/483	0/49	-0.201159	-0.0305956	inf
SRX7654167	TFs and others	PHF19	Prostate	DU 145	721	14/483	0/49	-0.201159	-0.0305956	inf
SRX7654171	TFs and others	SUZ12	Prostate	DU 145	561	14/483	0/49	-0.201159	-0.0305956	inf
SRX7680922	TFs and others	TEAD4	Unclassified	Unclassified	315	14/483	0/49	-0.201159	-0.0305956	inf
SRX7680923	TFs and others	TEAD4	Unclassified	Unclassified	553	14/483	0/49	-0.201159	-0.0305956	inf
SRX7680924	TFs and others	TEAD4	Unclassified	Unclassified	380	14/483	0/49	-0.201159	-0.0305956	inf
SRX7695540	TFs and others	TEAD4	Others	WERI-Rb-1	2485	14/483	0/49	-0.201159	-0.0305956	inf
SRX7695541	TFs and others	TEAD4	Others	WERI-Rb-1	1795	14/483	0/49	-0.201159	-0.0305956	inf
SRX7695545	TFs and others	TEAD4	Others	WERI-Rb-1	2975	14/483	0/49	-0.201159	-0.0305956	inf
SRX7695548	TFs and others	TEAD4	Lung	NCI-H209	1602	14/483	0/49	-0.201159	-0.0305956	inf
SRX7695549	TFs and others	TEAD4	Lung	NCI-H209	948	14/483	0/49	-0.201159	-0.0305956	inf
SRX7695552	TFs and others	TEAD4	Lung	NCI-H209	6501	14/483	0/49	-0.201159	-0.0305956	inf
SRX7695560	TFs and others	TEAD4	Lung	NCI-H2171	6511	14/483	0/49	-0.201159	-0.0305956	inf
SRX7712485	TFs and others	HIF1A	Digestive tract	HCT 116	353	14/483	0/49	-0.201159	-0.0305956	inf
SRX7712488	TFs and others	HIF1A	Digestive tract	RKO	347	14/483	0/49	-0.201159	-0.0305956	inf
SRX7712489	TFs and others	HIF1A	Digestive tract	RKO	323	14/483	0/49	-0.201159	-0.0305956	inf
SRX7732851	TFs and others	TCEB3	Digestive tract	DLD-1	367	14/483	0/49	-0.201159	-0.0305956	inf
SRX7748790	TFs and others	AFF4	Digestive tract	DLD-1	443	14/483	0/49	-0.201159	-0.0305956	inf
SRX7749560	TFs and others	Cas9	Lung	NCI-H441	448	14/483	0/49	-0.201159	-0.0305956	inf
SRX7749566	TFs and others	Cas9	Lung	NCI-H441	390	14/483	0/49	-0.201159	-0.0305956	inf
SRX7749567	TFs and others	Cas9	Lung	NCI-H441	319	14/483	0/49	-0.201159	-0.0305956	inf
SRX7807560	TFs and others	GATA3	Blood	GM12878	877	14/483	0/49	-0.201159	-0.0305956	inf
SRX7902030	TFs and others	FOXM1	Prostate	22Rv1	184	14/483	0/49	-0.201159	-0.0305956	inf
SRX7902031	TFs and others	POU5F1	Prostate	22Rv1	317	14/483	0/49	-0.201159	-0.0305956	inf
SRX7902042	TFs and others	POU5F1	Prostate	DU 145	288	14/483	0/49	-0.201159	-0.0305956	inf
SRX7981733	TFs and others	EP300	Prostate	Prostate cancer	241	14/483	0/49	-0.201159	-0.0305956	inf
SRX8018256	TFs and others	SUPT6H	Kidney	293	699	14/483	0/49	-0.201159	-0.0305956	inf
SRX8018257	TFs and others	SUPT6H	Kidney	293	407	14/483	0/49	-0.201159	-0.0305956	inf
SRX8026053	TFs and others	SOX2	Pluripotent stem cell	hESC WIBR3	636	14/483	0/49	-0.201159	-0.0305956	inf
SRX8030678	TFs and others	SUZ12	Neural	BT 245	589	14/483	0/49	-0.201159	-0.0305956	inf
SRX8044291	TFs and others	AR	Others	UM-UC-3	1209	14/483	0/49	-0.201159	-0.0305956	inf
SRX8064814	TFs and others	E2F6	Blood	Lymphoblastoid cell line	421	14/483	0/49	-0.201159	-0.0305956	inf
SRX8064821	TFs and others	HDAC1	Blood	Lymphoblastoid cell line	3483	14/483	0/49	-0.201159	-0.0305956	inf
SRX8068151	TFs and others	RUNX1	Blood	RS4-11	2017	14/483	0/49	-0.201159	-0.0305956	inf
SRX807621	TFs and others	Epitope tags	Epidermis	501A	309	14/483	0/49	-0.201159	-0.0305956	inf
SRX8080555	TFs and others	Epitope tags	Breast	Mammary gland adenocarcinoma	2717	14/483	0/49	-0.201159	-0.0305956	inf
SRX8083043	TFs and others	DMC1	Gonad	Testis	2503	14/483	0/49	-0.201159	-0.0305956	inf
SRX8083047	TFs and others	DMC1	Gonad	Testis	738	14/483	0/49	-0.201159	-0.0305956	inf
SRX8083105	TFs and others	FGFR1	Breast	CAMA-1	667	14/483	0/49	-0.201159	-0.0305956	inf
SRX8084741	TFs and others	Epitope tags	Breast	SUM 159PT	510	14/483	0/49	-0.201159	-0.0305956	inf
SRX8089616	TFs and others	AR	Prostate	VCaP	2210	14/483	0/49	-0.201159	-0.0305956	inf
SRX8089617	TFs and others	AR	Prostate	VCaP	2422	14/483	0/49	-0.201159	-0.0305956	inf
SRX8089618	TFs and others	AR	Prostate	VCaP	3419	14/483	0/49	-0.201159	-0.0305956	inf
SRX8089629	TFs and others	BRD4	Prostate	VCaP	443	14/483	0/49	-0.201159	-0.0305956	inf
SRX8089699	TFs and others	AR	Prostate	LAPC-4	353	14/483	0/49	-0.201159	-0.0305956	inf
SRX8147143	TFs and others	HOXB13	Prostate	LNCAP	1310	14/483	0/49	-0.201159	-0.0305956	inf
SRX8148235	TFs and others	Epitope tags	Pluripotent stem cell	iPS cells	600	14/483	0/49	-0.201159	-0.0305956	inf
SRX8148343	TFs and others	Epitope tags	Pluripotent stem cell	iPS cells	711	14/483	0/49	-0.201159	-0.0305956	inf
SRX8149390	TFs and others	BRD4	Blood	KMS-27	303	14/483	0/49	-0.201159	-0.0305956	inf
SRX8155174	TFs and others	MED1	Digestive tract	HCT 116	428	14/483	0/49	-0.201159	-0.0305956	inf
SRX8162311	TFs and others	DOT1L	Blood	MOLM-13	282	14/483	0/49	-0.201159	-0.0305956	inf
SRX8272880	TFs and others	CEBPA	Blood	BLaER1	357	14/483	0/49	-0.201159	-0.0305956	inf
SRX8272897	TFs and others	CEBPA	Blood	BLaER1	379	14/483	0/49	-0.201159	-0.0305956	inf
SRX8299781	TFs and others	CDC73	Blood	K-562	537	14/483	0/49	-0.201159	-0.0305956	inf
SRX8299860	TFs and others	CTR9	Bone	U2OS	330	14/483	0/49	-0.201159	-0.0305956	inf
SRX8342552	TFs and others	SUZ12	Pluripotent stem cell	iPS cells	784	14/483	0/49	-0.201159	-0.0305956	inf
SRX8342553	TFs and others	SUZ12	Pluripotent stem cell	iPS cells	588	14/483	0/49	-0.201159	-0.0305956	inf
SRX8342555	TFs and others	SUZ12	Pluripotent stem cell	iPS cells	673	14/483	0/49	-0.201159	-0.0305956	inf
SRX8406315	TFs and others	AR	Prostate	Prostate	836	14/483	0/49	-0.201159	-0.0305956	inf
SRX8406413	TFs and others	AR	Prostate	Prostate	510	14/483	0/49	-0.201159	-0.0305956	inf
SRX8406428	TFs and others	AR	Prostate	Prostate	1396	14/483	0/49	-0.201159	-0.0305956	inf
SRX8406447	TFs and others	AR	Prostate	Prostate	459	14/483	0/49	-0.201159	-0.0305956	inf
SRX8406450	TFs and others	AR	Prostate	Prostate	871	14/483	0/49	-0.201159	-0.0305956	inf
SRX8406507	TFs and others	FOXA1	Prostate	Prostate	3194	14/483	0/49	-0.201159	-0.0305956	inf
SRX8406509	TFs and others	FOXA1	Prostate	Prostate	8080	14/483	0/49	-0.201159	-0.0305956	inf
SRX8406538	TFs and others	HOXB13	Prostate	Prostate	2178	14/483	0/49	-0.201159	-0.0305956	inf
SRX847032	TFs and others	AR	Prostate	LNCAP	145	14/483	0/49	-0.201159	-0.0305956	inf
SRX8494532	TFs and others	WWTR1	Neural	GBM	351	14/483	0/49	-0.201159	-0.0305956	inf
SRX8494533	TFs and others	WWTR1	Neural	GBM	374	14/483	0/49	-0.201159	-0.0305956	inf
SRX8512811	TFs and others	MEN1	Digestive tract	HCT 116	324	14/483	0/49	-0.201159	-0.0305956	inf
SRX8550417	TFs and others	BMI1	Bone	A-673	609	14/483	0/49	-0.201159	-0.0305956	inf
SRX8582630	TFs and others	CBFA2T3	Blood	NALM-6	855	14/483	0/49	-0.201159	-0.0305956	inf
SRX8616353	TFs and others	KSHV LANA	Blood	BCBL1	174	14/483	0/49	-0.201159	-0.0305956	inf
SRX861683	TFs and others	AR	Prostate	Prostate cancer	400	14/483	0/49	-0.201159	-0.0305956	inf
SRX8616844	TFs and others	JUNB	Lung	A549	313	14/483	0/49	-0.201159	-0.0305956	inf
SRX8616862	TFs and others	JUND	Lung	A549	437	14/483	0/49	-0.201159	-0.0305956	inf
SRX8673495	TFs and others	DDIT3	Bone	HT-1080	238	14/483	0/49	-0.201159	-0.0305956	inf
SRX8699661	TFs and others	PPP2R1A	Digestive tract	DLD-1	255	14/483	0/49	-0.201159	-0.0305956	inf
SRX8699665	TFs and others	PPP2R1A	Digestive tract	DLD-1	328	14/483	0/49	-0.201159	-0.0305956	inf
SRX8699675	TFs and others	PPP2CA	Digestive tract	DLD-1	289	14/483	0/49	-0.201159	-0.0305956	inf
SRX873814	TFs and others	DNMT3B	Epidermis	Keratinocytes	688	14/483	0/49	-0.201159	-0.0305956	inf
SRX8772695	TFs and others	CTCF	Epidermis	OCM-1	889	14/483	0/49	-0.201159	-0.0305956	inf
SRX8806003	TFs and others	ZNF410	Blood	HUDEP-2	882	14/483	0/49	-0.201159	-0.0305956	inf
SRX8806016	TFs and others	ZNF410	Blood	HUDEP-2	743	14/483	0/49	-0.201159	-0.0305956	inf
SRX8806019	TFs and others	Epitope tags	Blood	HUDEP-2	758	14/483	0/49	-0.201159	-0.0305956	inf
SRX882964	TFs and others	TET2	Prostate	LNCAP	307	14/483	0/49	-0.201159	-0.0305956	inf
SRX8850932	TFs and others	Epitope tags	Breast	MCF 10A	386	14/483	0/49	-0.201159	-0.0305956	inf
SRX8850949	TFs and others	Epitope tags	Breast	MCF 10A	411	14/483	0/49	-0.201159	-0.0305956	inf
SRX8886227	TFs and others	NFKB1	Breast	MDA-MB-231	288	14/483	0/49	-0.201159	-0.0305956	inf
SRX8886228	TFs and others	NFKB1	Breast	MDA-MB-231	287	14/483	0/49	-0.201159	-0.0305956	inf
SRX8945049	TFs and others	CPSF1	Bone	U2OS	1253	14/483	0/49	-0.201159	-0.0305956	inf
SRX8945051	TFs and others	CPSF3	Bone	U2OS	1268	14/483	0/49	-0.201159	-0.0305956	inf
SRX8984319	TFs and others	SMC1A	Bone	A-673	2911	14/483	0/49	-0.201159	-0.0305956	inf
SRX8984321	TFs and others	STAG2	Bone	A-673	345	14/483	0/49	-0.201159	-0.0305956	inf
SRX8984327	TFs and others	STAG1	Bone	A-673	1991	14/483	0/49	-0.201159	-0.0305956	inf
SRX8984328	TFs and others	STAG2	Bone	A-673	788	14/483	0/49	-0.201159	-0.0305956	inf
SRX9124105	TFs and others	TP53	Digestive tract	HCT 116	967	14/483	0/49	-0.201159	-0.0305956	inf
SRX9135092	TFs and others	AR	Prostate	VCaP	16938	14/483	0/49	-0.201159	-0.0305956	inf
SRX9135097	TFs and others	AR	Prostate	VCaP	26375	14/483	0/49	-0.201159	-0.0305956	inf
SRX9178810	TFs and others	HAP1	Blood	HAP1	304	14/483	0/49	-0.201159	-0.0305956	inf
SRX9178828	TFs and others	HAP1	Blood	HAP1	337	14/483	0/49	-0.201159	-0.0305956	inf
SRX9178842	TFs and others	HAP1	Blood	HAP1	152	14/483	0/49	-0.201159	-0.0305956	inf
SRX9187410	TFs and others	HDAC1	Pancreas	MIA Paca-2	513	14/483	0/49	-0.201159	-0.0305956	inf
SRX9281781	TFs and others	RNF2	Kidney	293	741	14/483	0/49	-0.201159	-0.0305956	inf
SRX9298953	TFs and others	NR3C1	Lung	Lung cancer cell line	492	14/483	0/49	-0.201159	-0.0305956	inf
SRX9298956	TFs and others	NR3C1	Lung	Lung cancer cell line	458	14/483	0/49	-0.201159	-0.0305956	inf
SRX9318377	TFs and others	TOP2B	Neural	Glioma	97	14/483	0/49	-0.201159	-0.0305956	inf
SRX9318378	TFs and others	TOP2B	Neural	Glioma	407	14/483	0/49	-0.201159	-0.0305956	inf
SRX9350935	TFs and others	BRD4	Digestive tract	SNU-16	1037	14/483	0/49	-0.201159	-0.0305956	inf
SRX9415789	TFs and others	ERF	Blood	HUDEP-2	355	14/483	0/49	-0.201159	-0.0305956	inf
SRX9433117	TFs and others	CTR9	Bone	U2OS	378	14/483	0/49	-0.201159	-0.0305956	inf
SRX9433118	TFs and others	CTR9	Bone	U2OS	363	14/483	0/49	-0.201159	-0.0305956	inf
SRX9468666	TFs and others	Epitope tags	Prostate	LNCAP	465	14/483	0/49	-0.201159	-0.0305956	inf
SRX9468668	TFs and others	Epitope tags	Prostate	LNCAP	403	14/483	0/49	-0.201159	-0.0305956	inf
SRX9468670	TFs and others	Epitope tags	Prostate	LNCAP	295	14/483	0/49	-0.201159	-0.0305956	inf
SRX9498743	TFs and others	KAT2A	Blood	K-562	601	14/483	0/49	-0.201159	-0.0305956	inf
SRX9562912	TFs and others	MYCN	Muscle	RH-4	546	14/483	0/49	-0.201159	-0.0305956	inf
SRX9600566	TFs and others	G-quadruplex	Blood	K-562	249	14/483	0/49	-0.201159	-0.0305956	inf
SRX9624511	TFs and others	MLLT1	Blood	MV-4-11	462	14/483	0/49	-0.201159	-0.0305956	inf
SRX9624512	TFs and others	MLLT1	Blood	MV-4-11	794	14/483	0/49	-0.201159	-0.0305956	inf
SRX9628166	TFs and others	NR3C1	Kidney	293	6205	14/483	0/49	-0.201159	-0.0305956	inf
SRX9628494	TFs and others	SMARCA4	Gonad	SCCOHT-1	159	14/483	0/49	-0.201159	-0.0305956	inf
SRX9628495	TFs and others	JUN	Gonad	SCCOHT-1	317	14/483	0/49	-0.201159	-0.0305956	inf
SRX9628505	TFs and others	JUN	Gonad	BIN-67	237	14/483	0/49	-0.201159	-0.0305956	inf
SRX9628507	TFs and others	SMARCA4	Gonad	BIN-67	269	14/483	0/49	-0.201159	-0.0305956	inf
SRX9648512	TFs and others	BMI1	Neural	Neural Stem Cells	233	14/483	0/49	-0.201159	-0.0305956	inf
SRX9648513	TFs and others	BMI1	Neural	Neural Stem Cells	332	14/483	0/49	-0.201159	-0.0305956	inf
SRX9648514	TFs and others	BMI1	Neural	Neural Stem Cells	249	14/483	0/49	-0.201159	-0.0305956	inf
SRX9671288	TFs and others	CCNT1	Blood	K-562	314	14/483	0/49	-0.201159	-0.0305956	inf
SRX9674302	TFs and others	NR3C1	Pluripotent stem cell	iPSC derived hepatocytes	1714	14/483	0/49	-0.201159	-0.0305956	inf
SRX9674321	TFs and others	NR3C1	Pluripotent stem cell	iPSC derived hepatocytes	475	14/483	0/49	-0.201159	-0.0305956	inf
SRX9684229	TFs and others	Epitope tags	Muscle	Gastrocnemius muscle	444	14/483	0/49	-0.201159	-0.0305956	inf
SRX9684230	TFs and others	Epitope tags	Muscle	Gastrocnemius muscle	436	14/483	0/49	-0.201159	-0.0305956	inf
SRX9684240	TFs and others	Epitope tags	Muscle	Gastrocnemius muscle	564	14/483	0/49	-0.201159	-0.0305956	inf
SRX968961	TFs and others	ESR1	Breast	MCF-7	145	14/483	0/49	-0.201159	-0.0305956	inf
SRX968968	TFs and others	ESR1	Breast	MCF-7	643	14/483	0/49	-0.201159	-0.0305956	inf
SRX9690616	TFs and others	CUL4B	Pancreas	PANC-1	1023	14/483	0/49	-0.201159	-0.0305956	inf
SRX9711149	TFs and others	AR	Lung	A549	494	14/483	0/49	-0.201159	-0.0305956	inf
SRX9711151	TFs and others	AR	Lung	NCI-H1437	682	14/483	0/49	-0.201159	-0.0305956	inf
SRX971584	TFs and others	SMARCA4	Epidermis	Keratinocytes	233	14/483	0/49	-0.201159	-0.0305956	inf
SRX974292	TFs and others	MEF2B	Kidney	293	664	14/483	0/49	-0.201159	-0.0305956	inf
SRX9799513	TFs and others	NR3C1	Kidney	Podocytes	485	14/483	0/49	-0.201159	-0.0305956	inf
SRX9849095	TFs and others	MTF2	Blood	K-562	591	14/483	0/49	-0.201159	-0.0305956	inf
SRX9932062	TFs and others	HDAC6	Breast	MCF-7	1542	14/483	0/49	-0.201159	-0.0305956	inf
SRX9932067	TFs and others	HDAC6	Breast	MCF-7	1868	14/483	0/49	-0.201159	-0.0305956	inf
SRX9964513	TFs and others	CDX2	Digestive tract	Caco-2	2491	14/483	0/49	-0.201159	-0.0305956	inf
SRX9973288	TFs and others	QKI	Others	B-3	338	14/483	0/49	-0.201159	-0.0305956	inf
SRX9975599	TFs and others	PPP2R1A	Uterus	HeLa	1650	14/483	0/49	-0.201159	-0.0305956	inf
SRX8472389	TFs and others	RUNX2	Blood	KARPAS-45	13535	151/483	17/49	-0.200234	-0.0297055	0.901108
SRX2251218	TFs and others	BRD4	Prostate	C4-2	3151	159/483	14/49	-0.199268	-0.0288282	1.15217
SRX5574450	TFs and others	SPI1	Blood	CTV-1	87238	159/483	14/49	-0.199268	-0.0288282	1.15217
SRX150651	TFs and others	MAX	Cardiovascular	HUVEC	7811	160/483	14/49	-0.199254	-0.0288282	1.15942
SRX265224	TFs and others	TBP	Blood	ME-1	5262	158/483	14/49	-0.199076	-0.0287126	1.14493
SRX10881808	TFs and others	PBRM1	Kidney	G-401	12666	331/483	32/49	-0.199001	-0.0287126	1.04937
SRX190211	TFs and others	PBX3	Lung	A549	4547	152/483	17/49	-0.199001	-0.0287126	0.907076
SRX8673364	TFs and others	SP1	Blood	Kasumi-1	2091	152/483	17/49	-0.199001	-0.0287126	0.907076
SRX1726514	TFs and others	TFDP1	Blood	MM.1S	7635	326/483	35/49	-0.19868	-0.0284257	0.944928
SRX2281252	TFs and others	KMT2A	Blood	SEM	7460	325/483	31/49	-0.198621	-0.028401	1.06358
SRX4931232	TFs and others	KMT2A	Kidney	293	1241	51/483	6/49	-0.198107	-0.0279629	0.862319
SRX9221932	TFs and others	ESR1	Liver	Hepatocytes	1250	51/483	6/49	-0.198107	-0.0279629	0.862319
SRX2355085	TFs and others	RELA	Cardiovascular	HAEC	26127	327/483	35/49	-0.19808	-0.0279629	0.947826
ERX1149068	TFs and others	CTCF	Unclassified	Unclassified	24564	55/483	4/49	-0.196399	-0.0275022	1.39493
SRX100449	TFs and others	HNF4G	Liver	Hep G2	15992	55/483	4/49	-0.196399	-0.0275022	1.39493
SRX1099627	TFs and others	GRHL2	Gonad	OvCA 429	12165	55/483	4/49	-0.196399	-0.0275022	1.39493
SRX150519	TFs and others	BHLHE40	Lung	A549	1824	55/483	4/49	-0.196399	-0.0275022	1.39493
SRX1538759	TFs and others	NR1H2	Digestive tract	HT-29	7691	55/483	4/49	-0.196399	-0.0275022	1.39493
SRX356613	TFs and others	CTCF	Blood	GM19099	32164	55/483	4/49	-0.196399	-0.0275022	1.39493
SRX5719601	TFs and others	CTCF	Blood	T-ALL	28582	55/483	4/49	-0.196399	-0.0275022	1.39493
SRX5719602	TFs and others	CTCF	Blood	T-ALL	28585	55/483	4/49	-0.196399	-0.0275022	1.39493
SRX5848177	TFs and others	CTCF	Blood	K-562	31682	55/483	4/49	-0.196399	-0.0275022	1.39493
SRX6828389	TFs and others	CTCF	Blood	K-562	26987	55/483	4/49	-0.196399	-0.0275022	1.39493
SRX7135371	TFs and others	BRD2	Blood	K-562	848	55/483	4/49	-0.196399	-0.0275022	1.39493
SRX7396397	TFs and others	CTCF	Blood	Leukemia cell line	12684	55/483	4/49	-0.196399	-0.0275022	1.39493
SRX9599293	TFs and others	REST	Kidney	293	2945	55/483	4/49	-0.196399	-0.0275022	1.39493
SRX080402	TFs and others	CTCF	Uterus	HeLa	32579	56/483	4/49	-0.196235	-0.0275022	1.42029
SRX1161206	TFs and others	FOXA1	Breast	T-47D	15327	56/483	4/49	-0.196235	-0.0275022	1.42029
SRX1460847	TFs and others	RELA	Blood	Th1 Cells	3744	56/483	4/49	-0.196235	-0.0275022	1.42029
SRX150408	TFs and others	JUND	Uterus	HeLa	24811	56/483	4/49	-0.196235	-0.0275022	1.42029
SRX190282	TFs and others	FOXA1	Lung	A549	24558	56/483	4/49	-0.196235	-0.0275022	1.42029
SRX2871348	TFs and others	FOXA1	Breast	T-47D	16021	56/483	4/49	-0.196235	-0.0275022	1.42029
SRX356546	TFs and others	CTCF	Blood	Lymphoblastoid cell line	17361	56/483	4/49	-0.196235	-0.0275022	1.42029
SRX4001834	TFs and others	CTCF	Blood	THP-1	23551	56/483	4/49	-0.196235	-0.0275022	1.42029
SRX5089376	TFs and others	ARID1A	Breast	MCF-7	20148	56/483	4/49	-0.196235	-0.0275022	1.42029
SRX5725260	TFs and others	MGA	Lung	A549	1559	56/483	4/49	-0.196235	-0.0275022	1.42029
SRX6066510	TFs and others	NELFE	Digestive tract	HCT 116	2321	56/483	4/49	-0.196235	-0.0275022	1.42029
SRX644408	TFs and others	GABPA	Prostate	DU 145	1971	56/483	4/49	-0.196235	-0.0275022	1.42029
SRX673756	TFs and others	FOXA1	Breast	MCF-7	18652	56/483	4/49	-0.196235	-0.0275022	1.42029
SRX8570924	TFs and others	HAP1	Blood	KBM-7	34901	56/483	4/49	-0.196235	-0.0275022	1.42029
SRX9562889	TFs and others	PBRM1	Muscle	RH-4	2650	56/483	4/49	-0.196235	-0.0275022	1.42029
SRX212649	TFs and others	STAT1	Blood	Monocytes-CD14+	25267	322/483	31/49	-0.196194	-0.0275022	1.05376
SRX100401	TFs and others	GABPA	Blood	GM12878	4967	161/483	18/49	-0.196194	-0.0275022	0.907407
SRX4213896	TFs and others	LIN9	Breast	MCF 10A	3491	161/483	18/49	-0.196194	-0.0275022	0.907407
SRX5725262	TFs and others	MGA	Lung	A549	3979	161/483	18/49	-0.196194	-0.0275022	0.907407
SRX100390	TFs and others	HDAC2	Pluripotent stem cell	hESC H1	3803	54/483	4/49	-0.196113	-0.0275022	1.36957
SRX1389381	TFs and others	FOXA1	Pancreas	CFPAC-1	22458	54/483	4/49	-0.196113	-0.0275022	1.36957
SRX1478543	TFs and others	SIX2	Kidney	Kidney Cortex	24386	54/483	4/49	-0.196113	-0.0275022	1.36957
SRX2194249	TFs and others	CEBPB	Breast	SUM 159PT	38434	54/483	4/49	-0.196113	-0.0275022	1.36957
SRX259618	TFs and others	TFAP4	Blood	Kasumi-1	8050	54/483	4/49	-0.196113	-0.0275022	1.36957
SRX3160998	TFs and others	BCL11A	Blood	HUDEP-2	4008	54/483	4/49	-0.196113	-0.0275022	1.36957
SRX3931082	TFs and others	FOXA1	Breast	MCF-7	18981	54/483	4/49	-0.196113	-0.0275022	1.36957
SRX4001877	TFs and others	RAD21	Blood	THP-1	24704	54/483	4/49	-0.196113	-0.0275022	1.36957
SRX4221464	TFs and others	CTCF	Kidney	293	24791	54/483	4/49	-0.196113	-0.0275022	1.36957
SRX4313224	TFs and others	RAD21	Muscle	RH-4	30392	54/483	4/49	-0.196113	-0.0275022	1.36957
SRX5574352	TFs and others	SPI1	Blood	Mast Cells	6279	54/483	4/49	-0.196113	-0.0275022	1.36957
SRX7865936	TFs and others	BRD4	Breast	MDA-MB-231	10200	54/483	4/49	-0.196113	-0.0275022	1.36957
SRX593748	TFs and others	SFPQ	Breast	MCF-7	92503	169/483	15/49	-0.195825	-0.0274697	1.143
SRX149661	TFs and others	CDK8	Digestive tract	HCT 116	6363	170/483	15/49	-0.195792	-0.0274697	1.14976
SRX6853584	TFs and others	ARNT	Epidermis	SK-MEL-28	6830	170/483	15/49	-0.195792	-0.0274697	1.14976
SRX5323900	TFs and others	STAT3	Breast	T-47D	34482	313/483	34/49	-0.195792	-0.0274697	0.93393
SRX067396	TFs and others	CTCF	Liver	Hep G2	37029	57/483	4/49	-0.195636	-0.0274697	1.44565
SRX150428	TFs and others	MAX	Pluripotent stem cell	hESC H1	3711	57/483	4/49	-0.195636	-0.0274697	1.44565
SRX150664	TFs and others	FOS	Cardiovascular	HUVEC	33440	57/483	4/49	-0.195636	-0.0274697	1.44565
SRX190247	TFs and others	RAD21	Breast	MCF-7	42973	57/483	4/49	-0.195636	-0.0274697	1.44565
SRX3923529	TFs and others	FOXA1	Breast	ZR-75-1	36913	57/483	4/49	-0.195636	-0.0274697	1.44565
SRX5323829	TFs and others	FOXA1	Breast	T-47D	21438	57/483	4/49	-0.195636	-0.0274697	1.44565
SRX6435393	TFs and others	SUPT5H	Kidney	293	2140	57/483	4/49	-0.195636	-0.0274697	1.44565
SRX7785413	TFs and others	Epitope tags	Blood	Jurkat	13826	57/483	4/49	-0.195636	-0.0274697	1.44565
SRX8570920	TFs and others	HAP1	Blood	KBM-7	36907	57/483	4/49	-0.195636	-0.0274697	1.44565
SRX4708110	TFs and others	RBM25	Liver	Hep G2	36164	316/483	34/49	-0.195309	-0.0271762	0.942882
SRX3852900	TFs and others	NELFE	Blood	K-562	9444	315/483	30/49	-0.195148	-0.0271004	1.06522
SRX100476	TFs and others	TAF1	Blood	K-562	12659	321/483	31/49	-0.195007	-0.0271004	1.05049
SRX2166886	TFs and others	BRD4	Neural	Retina	13455	321/483	31/49	-0.195007	-0.0271004	1.05049
SRX5391685	TFs and others	RAD21	Blood	Neutrophils	37342	317/483	34/49	-0.194759	-0.0271004	0.945865
ERX1149113	TFs and others	CTCF	Unclassified	Unclassified	24560	58/483	4/49	-0.194619	-0.0271004	1.47101
SRX019498	TFs and others	CTCF	Adipocyte	Adipose stromal cell	31271	58/483	4/49	-0.194619	-0.0271004	1.47101
SRX1027437	TFs and others	CEBPB	Others	Mesenchymal stem cells	24793	58/483	4/49	-0.194619	-0.0271004	1.47101
SRX199858	TFs and others	CTCF	Placenta	HVMF	29950	58/483	4/49	-0.194619	-0.0271004	1.47101
SRX2194257	TFs and others	BRD4	Breast	HCC1806	6822	58/483	4/49	-0.194619	-0.0271004	1.47101
SRX2267451	TFs and others	BRD4	Digestive tract	NCI-N87	5189	58/483	4/49	-0.194619	-0.0271004	1.47101
SRX2355072	TFs and others	JUN	Cardiovascular	HAEC	32574	58/483	4/49	-0.194619	-0.0271004	1.47101
SRX2436060	TFs and others	OTX2	Neural	D283 Med	48150	58/483	4/49	-0.194619	-0.0271004	1.47101
SRX3881553	TFs and others	MYC	Prostate	LNCAP	2341	58/483	4/49	-0.194619	-0.0271004	1.47101
SRX3931083	TFs and others	FOXA1	Breast	MCF-7	21896	58/483	4/49	-0.194619	-0.0271004	1.47101
SRX497612	TFs and others	FOXA1	Prostate	VCaP	71521	58/483	4/49	-0.194619	-0.0271004	1.47101
SRX6175630	TFs and others	RAD21	Bone	TC-71	38343	58/483	4/49	-0.194619	-0.0271004	1.47101
SRX6441749	TFs and others	FOXA1	Pancreas	CFPAC-1	24917	58/483	4/49	-0.194619	-0.0271004	1.47101
SRX9350919	TFs and others	BRD4	Digestive tract	COLO 320DM	3496	58/483	4/49	-0.194619	-0.0271004	1.47101
SRX185912	TFs and others	FOXM1	Breast	MDA-MB-231	9088	169/483	19/49	-0.194541	-0.027057	0.902365
SRX2250317	TFs and others	TP63	Others	JHU-029	6094	13/483	2/49	-0.19409	-0.0268104	0.65942
SRX3001607	TFs and others	FOXA1	Unclassified	Unclassified	1840	13/483	2/49	-0.19409	-0.0268104	0.65942
SRX6367586	TFs and others	SUMO2	Kidney	293	962	13/483	2/49	-0.19409	-0.0268104	0.65942
SRX6487059	TFs and others	FOXA1	Breast	MCF-7	2088	13/483	2/49	-0.19409	-0.0268104	0.65942
SRX6853580	TFs and others	ARNT	Breast	MCF-7	454	13/483	2/49	-0.19409	-0.0268104	0.65942
SRX7050992	TFs and others	PPP1R10	Bone	U2OS	877	13/483	2/49	-0.19409	-0.0268104	0.65942
SRX3591434	TFs and others	BRD4	Blood	B-CLL cells	12363	313/483	30/49	-0.193749	-0.0265031	1.05845
SRX3124566	TFs and others	STAT3	Prostate	NCI-H358	8159	56/483	7/49	-0.193204	-0.0260608	0.811594
SRX4394545	TFs and others	CEBPB	Bone	SU-DHL-1	50375	56/483	7/49	-0.193204	-0.0260608	0.811594
SRX475795	TFs and others	SPI1	Blood	GM12878	22039	56/483	7/49	-0.193204	-0.0260608	0.811594
SRX2194263	TFs and others	BRD4	Breast	SUM 159PT	31057	304/483	33/49	-0.192946	-0.0258368	0.934563
SRX4911601	TFs and others	FOXA2	Uterus	Endometrium	3896	180/483	16/49	-0.192894	-0.0258187	1.1413
SRX5246885	TFs and others	SMARCA4	Pluripotent stem cell	iPS derived neural cells	30056	178/483	16/49	-0.192812	-0.0257708	1.12862
SRX100447	TFs and others	SP2	Blood	K-562	2607	171/483	19/49	-0.192774	-0.0257669	0.913043
SRX099865	TFs and others	MYC	Breast	MCF-7	17155	306/483	29/49	-0.192657	-0.025752	1.07046
SRX4342286	TFs and others	AHR	Blood	GM17212	3379	177/483	20/49	-0.192657	-0.025752	0.897826
SRX9029208	TFs and others	SPI1	Blood	Neutrophils	36069	177/483	20/49	-0.192657	-0.025752	0.897826
SRX5514032	TFs and others	CDK8	Uterus	Uterin leiomyoma	4769	178/483	20/49	-0.192236	-0.0253646	0.902899
SRX2711485	TFs and others	USP7	Blood	Jurkat	16463	304/483	29/49	-0.191634	-0.0248987	1.06347
SRX695951	TFs and others	MAZ	Adipocyte	T778	12964	304/483	29/49	-0.191634	-0.0248987	1.06347
SRX1131549	TFs and others	BRD4	Breast	HCC1395	26595	179/483	20/49	-0.191634	-0.0248987	0.907971
SRX9867032	TFs and others	CTCF	Unclassified	Unclassified	19971	179/483	20/49	-0.191634	-0.0248987	0.907971
SRX3857002	TFs and others	CDKN1B	Breast	MDA-MB-231	35051	426/483	42/49	-0.191412	-0.0247454	1.02899
SRX7213065	TFs and others	PAF1	Bone	U2OS	3211	57/483	7/49	-0.191412	-0.0247454	0.826087
SRX1892835	TFs and others	TFAP4	Digestive tract	COLO 320	36160	303/483	29/49	-0.190854	-0.024221	1.05997
SRX100451	TFs and others	YY1	Blood	GM12878	27898	294/483	32/49	-0.190571	-0.0239721	0.932065
SRX3031986	TFs and others	BRD4	Blood	MV-4-11	14661	188/483	17/49	-0.190461	-0.0238963	1.12191
SRX059373	TFs and others	E2F6	Blood	K-562	7807	187/483	17/49	-0.190171	-0.0236742	1.11594
SRX2505193	TFs and others	MTOR	Prostate	LNCAP	41112	187/483	17/49	-0.190171	-0.0236742	1.11594
SRX2436062	TFs and others	NEUROD1	Neural	D283 Med	26997	302/483	29/49	-0.189898	-0.0234691	1.05647
SRX3927288	TFs and others	SMARCC1	Blood	EOL-1	60643	302/483	29/49	-0.189898	-0.0234691	1.05647
SRX7692447	TFs and others	POLR2C	Breast	MCF-7	9372	295/483	28/49	-0.189826	-0.0234312	1.06884
SRX190205	TFs and others	REST	Lung	A549	11946	186/483	17/49	-0.189702	-0.0233755	1.10997
SRX198034	TFs and others	BRD4	Blood	CD4+ T cells	6950	186/483	17/49	-0.189702	-0.0233755	1.10997
SRX2871338	TFs and others	ESR1	Breast	T-47D	7033	58/483	7/49	-0.189267	-0.0230684	0.84058
SRX9426423	TFs and others	HCFC1	Blood	RAMOS	2538	58/483	7/49	-0.189267	-0.0230684	0.84058
SRX9621854	TFs and others	GFP	Kidney	293	7188	58/483	7/49	-0.189267	-0.0230684	0.84058
SRX3345954	TFs and others	INTS13	Blood	HL-60	12535	294/483	28/49	-0.189225	-0.0230684	1.06522
SRX7030926	TFs and others	KDM4C	Breast	MCF-7	2905	189/483	21/49	-0.189225	-0.0230684	0.913043
SRX265233	TFs and others	EP300	Blood	ME-1	33830	298/483	32/49	-0.189055	-0.0229319	0.944746
SRX334250	TFs and others	E2F1	Unclassified	Unclassified	7456	284/483	31/49	-0.188651	-0.0227466	0.929406
SRX1758481	TFs and others	NELFE	Breast	MCF-7	4117	198/483	18/49	-0.188564	-0.0227466	1.11594
SRX8082233	TFs and others	BRD4	Epidermis	Keratinocytes	11652	198/483	18/49	-0.188564	-0.0227466	1.11594
SRX1136632	TFs and others	GTF2B	Uterus	HeLa	7797	287/483	27/49	-0.188564	-0.0227466	1.07837
SRX2375362	TFs and others	CDK9	Blood	MV-4-11	19266	287/483	27/49	-0.188564	-0.0227466	1.07837
SRX3591435	TFs and others	BRD4	Blood	B-CLL cells	11735	287/483	27/49	-0.188564	-0.0227466	1.07837
SRX4377537	TFs and others	BRD2	Breast	MDA-MB-231	16171	287/483	27/49	-0.188564	-0.0227466	1.07837
SRX5824595	TFs and others	BRD2	Breast	SUM 159PT	8516	287/483	27/49	-0.188564	-0.0227466	1.07837
SRX2267454	TFs and others	BRD4	Lung	PC-9	26846	285/483	31/49	-0.188564	-0.0227466	0.932679
SRX100575	TFs and others	SIN3A	Liver	Hep G2	12970	293/483	28/49	-0.188452	-0.0227026	1.06159
SRX190246	TFs and others	ELF1	Lung	A549	6935	190/483	21/49	-0.188452	-0.0227026	0.917874
SRX4377529	TFs and others	BRD2	Breast	MDA-MB-231	14102	286/483	27/49	-0.188303	-0.0226543	1.07461
SRX10913936	TFs and others	SP1	Epidermis	Dermal fibroblast	3777	197/483	22/49	-0.188303	-0.0226543	0.908432
SRX527430	TFs and others	KDM1A	Prostate	PC-3	7080	197/483	18/49	-0.188302	-0.0226543	1.11031
SRX5323860	TFs and others	STAT3	Breast	MCF-7	23738	198/483	22/49	-0.18787	-0.0222563	0.913043
SRX5323890	TFs and others	STAT3	Breast	T-47D	26345	292/483	28/49	-0.187509	-0.0219296	1.05797
SRX4377552	TFs and others	BRD2	Breast	MDA-MB-231	14067	284/483	27/49	-0.187267	-0.0217781	1.0671
SRX100442	TFs and others	POU2F2	Blood	GM12891	13378	199/483	22/49	-0.187267	-0.0217781	0.917655
SRX4708094	TFs and others	XRCC5	Blood	K-562	9436	195/483	18/49	-0.187256	-0.0217781	1.09903
SRX150450	TFs and others	TFAP2C	Uterus	HeLa	16478	206/483	23/49	-0.187049	-0.0216734	0.908633
SRX2281255	TFs and others	KMT2A	Unclassified	Unclassified	17961	206/483	23/49	-0.187049	-0.0216734	0.908633
SRX4708084	TFs and others	RBM25	Blood	K-562	38027	206/483	23/49	-0.187049	-0.0216734	0.908633
SRX6935378	TFs and others	MYC	Neural	NB69	8797	207/483	19/49	-0.186849	-0.0216446	1.10526
SRX190231	TFs and others	BCL3	Lung	A549	5909	59/483	7/49	-0.186794	-0.0216446	0.855072
SRX2609659	TFs and others	NR3C1	Lung	HASM2	26975	59/483	7/49	-0.186794	-0.0216446	0.855072
SRX2778391	TFs and others	YY1	Blood	Lymphoblastoid cell line	2095	59/483	7/49	-0.186794	-0.0216446	0.855072
SRX3110718	TFs and others	ESR1	Breast	MCF-7	4562	59/483	7/49	-0.186794	-0.0216446	0.855072
SRX6099461	TFs and others	EP300	Blood	DLBCL	13756	59/483	7/49	-0.186794	-0.0216446	0.855072
SRX2194269	TFs and others	BRD4	Breast	SUM 159PT	25582	277/483	30/49	-0.186442	-0.0216446	0.936715
SRX037419	TFs and others	NFYB	Blood	K-562	10238	275/483	26/49	-0.186333	-0.0216446	1.07302
SRX9237232	TFs and others	SUPT5H	Blood	K-562	10020	275/483	26/49	-0.186333	-0.0216446	1.07302
ERX664201	TFs and others	CTCF	Blood	B cells	10137	14/483	2/49	-0.186241	-0.0216446	0.710145
SRX018991	TFs and others	TP63	Epidermis	Keratinocytes	8867	14/483	2/49	-0.186241	-0.0216446	0.710145
SRX019512	TFs and others	CTCF	Adipocyte	Adipose stromal cell	18976	14/483	2/49	-0.186241	-0.0216446	0.710145
SRX1027445	TFs and others	CEBPB	Others	Mesenchymal stem cells	150770	14/483	2/49	-0.186241	-0.0216446	0.710145
SRX2194258	TFs and others	BRD4	Breast	HCC1806	1449	14/483	2/49	-0.186241	-0.0216446	0.710145
SRX2555287	TFs and others	PHOX2B	Neural	BE(2)-C	10410	14/483	2/49	-0.186241	-0.0216446	0.710145
SRX2578893	TFs and others	NCOA1	Breast	MDA-MB-231	3358	14/483	2/49	-0.186241	-0.0216446	0.710145
SRX2578896	TFs and others	NCOA1	Breast	MDA-MB-231	485	14/483	2/49	-0.186241	-0.0216446	0.710145
SRX3001594	TFs and others	FOXA1	Unclassified	Unclassified	5124	14/483	2/49	-0.186241	-0.0216446	0.710145
SRX3001600	TFs and others	FOXA1	Unclassified	Unclassified	984	14/483	2/49	-0.186241	-0.0216446	0.710145
SRX5982361	TFs and others	SMARCA2	Lung	A549	6280	14/483	2/49	-0.186241	-0.0216446	0.710145
SRX6487047	TFs and others	FOXA1	Breast	MCF-7	3293	14/483	2/49	-0.186241	-0.0216446	0.710145
SRX8406301	TFs and others	HOXB13	Prostate	Prostate	16048	14/483	2/49	-0.186241	-0.0216446	0.710145
SRX8406320	TFs and others	HOXB13	Prostate	Prostatic Neoplasms, Castration-Resistant	7049	14/483	2/49	-0.186241	-0.0216446	0.710145
SRX130608	TFs and others	BCL6	Blood	B cells	16009	219/483	20/49	-0.186049	-0.0214865	1.11087
SRX1497394	TFs and others	MYC	Blood	RAJI	13084	265/483	29/49	-0.186002	-0.0214736	0.927036
SRX3852895	TFs and others	NELFA	Blood	K-562	7839	282/483	27/49	-0.18556	-0.0210652	1.05958
SRX1514975	TFs and others	GFP	Kidney	293	9616	267/483	29/49	-0.185406	-0.0209453	0.934033
SRX2513052	TFs and others	TET2	Blood	Jurkat	12358	258/483	24/49	-0.185319	-0.0208985	1.09058
SRX1722156	TFs and others	MYC	Bone	U2OS	13061	228/483	21/49	-0.185292	-0.0208985	1.10145
SRX9534427	TFs and others	POU2AF1	Blood	Tonsil germinal center cells	15303	218/483	24/49	-0.185186	-0.0208266	0.921498
SRX335070	TFs and others	NFATC1	Cardiovascular	HUVEC	5233	227/483	21/49	-0.185098	-0.0208213	1.09662
SRX1515062	TFs and others	GFP	Kidney	293	9351	248/483	23/49	-0.184953	-0.0208213	1.09389
SRX1690226	TFs and others	MYCN	Neural	Neuroblastoma	11830	248/483	23/49	-0.184953	-0.0208213	1.09389
SRX1758494	TFs and others	NELFE	Breast	MCF-7	5493	210/483	23/49	-0.184951	-0.0208213	0.926276
SRX3460917	TFs and others	IKZF1	Blood	Pre-B cells	31964	210/483	23/49	-0.184951	-0.0208213	0.926276
SRX265229	TFs and others	ELF1	Blood	ME-1	9790	238/483	22/49	-0.184944	-0.0208213	1.0975
SRX10881850	TFs and others	SS18	Kidney	G-401	14299	245/483	27/49	-0.184944	-0.0208213	0.920558
SRX7549662	TFs and others	TFAP2C	Pluripotent stem cell	hESC UCLA1	29676	256/483	24/49	-0.184878	-0.0207894	1.08213
SRX190207	TFs and others	ELF1	Neural	SK-N-SH	9463	264/483	25/49	-0.184569	-0.0205142	1.0713
SRX3229139	TFs and others	ESR1	Breast	Breast cancer	5607	237/483	26/49	-0.184478	-0.0204575	0.924749
SRX3031983	TFs and others	BRD4	Blood	MV-4-11	31561	236/483	22/49	-0.184432	-0.0204575	1.08827
SRX092301	TFs and others	JUND	Blood	K-562	35347	228/483	25/49	-0.184411	-0.0204575	0.925217
SRX186622	TFs and others	SREBF1	Blood	GM12878	1914	60/483	7/49	-0.184017	-0.020278	0.869565
SRX475750	TFs and others	EP300	Blood	GM12878	10600	60/483	7/49	-0.184017	-0.020278	0.869565
SRX5574491	TFs and others	SPI1	Blood	CTV-1	32366	60/483	7/49	-0.184017	-0.020278	0.869565
SRX6867663	TFs and others	RUNX1	Pluripotent stem cell	hESC H9	2361	60/483	7/49	-0.184017	-0.020278	0.869565
SRX8083098	TFs and others	FOXA1	Breast	CAMA-1	40049	60/483	7/49	-0.184017	-0.020278	0.869565
SRX186634	TFs and others	RFX5	Neural	SK-N-SH	6877	245/483	23/49	-0.183995	-0.020278	1.08066
SRX7624157	TFs and others	ESR1	Breast	MCF-7	72498	238/483	26/49	-0.183995	-0.020278	0.928651
SRX190212	TFs and others	FOSL1	Digestive tract	HCT 116	28296	248/483	27/49	-0.18393	-0.0202468	0.93183
SRX2166887	TFs and others	BRD4	Neural	Retina	10070	254/483	24/49	-0.183782	-0.0201327	1.07367
SRX9419932	TFs and others	MED1	Breast	SK-BR-3	19647	253/483	24/49	-0.182992	-0.0193768	1.06944
SRX3857005	TFs and others	CDKN1B	Breast	MDA-MB-231	35232	422/483	42/49	-0.180964	-0.017652	1.01932
SRX327761	TFs and others	BRD4	Blood	Multiple Myeloma	5494	61/483	7/49	-0.180964	-0.017652	0.884058
SRX5405697	TFs and others	TFAP2C	Breast	HCC1954	10192	61/483	7/49	-0.180964	-0.017652	0.884058
SRX9221933	TFs and others	ESR1	Liver	Hepatocytes	1414	61/483	7/49	-0.180964	-0.017652	0.884058
ERX989280	TFs and others	CTCF	Blood	K-562	27095	65/483	5/49	-0.180684	-0.017652	1.31884
SRX1026679	TFs and others	CTCF	Pancreas	PANC-1	34593	65/483	5/49	-0.180684	-0.017652	1.31884
SRX2146136	TFs and others	EZH2	Prostate	LNCAP	28508	65/483	5/49	-0.180684	-0.017652	1.31884
SRX4493021	TFs and others	KDM1A	Blood	K-562	6440	65/483	5/49	-0.180684	-0.017652	1.31884
SRX5360651	TFs and others	Epitope tags	Epidermis	BJ	12819	65/483	5/49	-0.180684	-0.017652	1.31884
SRX5880864	TFs and others	SMC1A	Digestive tract	HCT 116	14597	65/483	5/49	-0.180684	-0.017652	1.31884
SRX7283265	TFs and others	ZBED2	Pancreas	SUIT-2	2109	65/483	5/49	-0.180684	-0.017652	1.31884
SRX8453142	TFs and others	AR	Blood	Lymph Nodes	23863	65/483	5/49	-0.180684	-0.017652	1.31884
SRX10158162	TFs and others	BRD4	Blood	KBM-7	5363	66/483	5/49	-0.180525	-0.017652	1.33913
SRX1539276	TFs and others	MYC	Blood	P493-6	3574	66/483	5/49	-0.180525	-0.017652	1.33913
SRX356500	TFs and others	STAG1	Blood	Lymphoblastoid cell line	22165	66/483	5/49	-0.180525	-0.017652	1.33913
SRX359932	TFs and others	FOXP1	Digestive tract	LoVo	2334	66/483	5/49	-0.180525	-0.017652	1.33913
SRX4473688	TFs and others	SS18	Gonad	BIN-67	6613	66/483	5/49	-0.180525	-0.017652	1.33913
SRX6441752	TFs and others	FOXA2	Pancreas	CFPAC-1	27376	66/483	5/49	-0.180525	-0.017652	1.33913
SRX8617001	TFs and others	TET2	Breast	MCF-7	17046	66/483	5/49	-0.180525	-0.017652	1.33913
SRX6860695	TFs and others	FOXA1	Breast	T-47D	22841	64/483	5/49	-0.180491	-0.017652	1.29855
SRX752908	TFs and others	FOXA1	Prostate	LNCAP	53177	64/483	5/49	-0.180491	-0.017652	1.29855
SRX825395	TFs and others	FOXA1	Pancreas	CFPAC-1	25013	64/483	5/49	-0.180491	-0.017652	1.29855
SRX8850934	TFs and others	Epitope tags	Breast	MCF 10A	2621	64/483	5/49	-0.180491	-0.017652	1.29855
SRX190312	TFs and others	FOXM1	Uterus	ECC-1	5682	67/483	5/49	-0.180022	-0.017419	1.35942
SRX199859	TFs and others	CTCF	Breast	HMEC	34347	67/483	5/49	-0.180022	-0.017419	1.35942
SRX2514252	TFs and others	ESR1	Uterus	Carcinoma, Endometrioid	1676	67/483	5/49	-0.180022	-0.017419	1.35942
SRX3584196	TFs and others	RUNX1	Gonad	Epididymis	5934	67/483	5/49	-0.180022	-0.017419	1.35942
SRX4611712	TFs and others	ESR1	Breast	MCF-7	48653	67/483	5/49	-0.180022	-0.017419	1.35942
SRX4941326	TFs and others	XBP1	Prostate	LNCAP	1979	67/483	5/49	-0.180022	-0.017419	1.35942
SRX6578934	TFs and others	CTCF	Blood	T-ALL	25218	67/483	5/49	-0.180022	-0.017419	1.35942
ERX470436	TFs and others	NRIP1	Breast	MCF-7	17515	68/483	5/49	-0.179187	-0.0168875	1.37971
SRX080408	TFs and others	CTCF	Neural	HCPEpiC	41167	68/483	5/49	-0.179187	-0.0168875	1.37971
SRX1091547	TFs and others	NR2F1	Pluripotent stem cell	hESC derived neural crests	13289	68/483	5/49	-0.179187	-0.0168875	1.37971
SRX1161177	TFs and others	FOXA1	Breast	MCF-7	31556	68/483	5/49	-0.179187	-0.0168875	1.37971
SRX3931097	TFs and others	GRHL2	Breast	MCF-7	15107	68/483	5/49	-0.179187	-0.0168875	1.37971
SRX4377563	TFs and others	BRD9	Breast	MDA-MB-231	7893	68/483	5/49	-0.179187	-0.0168875	1.37971
SRX4708087	TFs and others	SAFB	Blood	K-562	3245	68/483	5/49	-0.179187	-0.0168875	1.37971
SRX5323877	TFs and others	ESR1	Breast	MCF-7	19680	68/483	5/49	-0.179187	-0.0168875	1.37971
SRX5574375	TFs and others	SPI1	Blood	Macrophages	36388	68/483	5/49	-0.179187	-0.0168875	1.37971
SRX2671520	TFs and others	Epitope tags	Kidney	293	1065	15/483	2/49	-0.177872	-0.0159761	0.76087
SRX3001596	TFs and others	FOXA1	Unclassified	Unclassified	2663	15/483	2/49	-0.177872	-0.0159761	0.76087
SRX3020561	TFs and others	PHIP	Digestive tract	HCT 116	571	15/483	2/49	-0.177872	-0.0159761	0.76087
SRX4170732	TFs and others	WDR5	Blood	MV-4-11	921	15/483	2/49	-0.177872	-0.0159761	0.76087
SRX5254850	TFs and others	SUZ12	Others	Mesenchymal stem cells	413	15/483	2/49	-0.177872	-0.0159761	0.76087
SRX5534841	TFs and others	FOXA1	Breast	MCF-7	5568	15/483	2/49	-0.177872	-0.0159761	0.76087
SRX5534873	TFs and others	JUN	Breast	MCF-7	403	15/483	2/49	-0.177872	-0.0159761	0.76087
SRX7262876	TFs and others	EP300	Breast	ZR-75-1	10125	15/483	2/49	-0.177872	-0.0159761	0.76087
SRX7971776	TFs and others	STAT3	Blood	Th2 Cells	1359	15/483	2/49	-0.177872	-0.0159761	0.76087
SRX8171739	TFs and others	MYBBP1A	Pancreas	BxPC-3	218	15/483	2/49	-0.177872	-0.0159761	0.76087
SRX8406451	TFs and others	AR	Prostate	Prostatic Neoplasms, Castration-Resistant	8273	15/483	2/49	-0.177872	-0.0159761	0.76087
SRX9598416	TFs and others	SUPT6H	Bone	U2OS	815	15/483	2/49	-0.177872	-0.0159761	0.76087
SRX8706938	TFs and others	E2F1	Prostate	LNCAP	12750	415/483	41/49	-0.174833	-0.0131055	1.02686
SRX1079382	TFs and others	SUMO2	Prostate	VCaP	12221	68/483	8/49	-0.174833	-0.0131055	0.862319
SRX3931058	TFs and others	GRHL2	Breast	MCF-7	22680	68/483	8/49	-0.174833	-0.0131055	0.862319
SRX668342	TFs and others	GFP	Kidney	293	1926	68/483	8/49	-0.174833	-0.0131055	0.862319
SRX7944502	TFs and others	ESR1	Uterus	Ishikawa	7822	68/483	8/49	-0.174833	-0.0131055	0.862319
SRX102990	TFs and others	MYC	Liver	Hep G2	4760	69/483	8/49	-0.172818	-0.0112589	0.875
SRX1079393	TFs and others	SUMO2	Prostate	VCaP	22216	69/483	8/49	-0.172818	-0.0112589	0.875
SRX150449	TFs and others	NR2C2	Uterus	HeLa	1978	69/483	8/49	-0.172818	-0.0112589	0.875
SRX5574373	TFs and others	SPI1	Blood	Monocytes	15801	69/483	8/49	-0.172818	-0.0112589	0.875
SRX8083099	TFs and others	FOXA1	Breast	CAMA-1	44044	69/483	8/49	-0.172818	-0.0112589	0.875
SRX4708082	TFs and others	RBFOX2	Blood	K-562	23841	413/483	41/49	-0.170551	-0.00909241	1.02192
SRX3503584	TFs and others	GATA2	Uterus	Endometrial stromal cells	35622	70/483	8/49	-0.170551	-0.00909241	0.887681
SRX360577	TFs and others	NIPBL	Digestive tract	GP5d	2644	70/483	8/49	-0.170551	-0.00909241	0.887681
SRX017906	TFs and others	RELA	Blood	GM12878	4892	16/483	2/49	-0.169196	-0.00827499	0.811594
SRX029083	TFs and others	RUNX1	Blood	K-562	1058	16/483	2/49	-0.169196	-0.00827499	0.811594
SRX10119385	TFs and others	JUNB	Breast	MCF 10A	11544	16/483	2/49	-0.169196	-0.00827499	0.811594
SRX1116394	TFs and others	PBX3	Liver	SMMC-7721	7054	16/483	2/49	-0.169196	-0.00827499	0.811594
SRX150571	TFs and others	WRNIP1	Blood	GM12878	749	16/483	2/49	-0.169196	-0.00827499	0.811594
SRX1514941	TFs and others	GFP	Kidney	293	1487	16/483	2/49	-0.169196	-0.00827499	0.811594
SRX1709977	TFs and others	PGR	Breast	T-47D	3155	16/483	2/49	-0.169196	-0.00827499	0.811594
SRX2578897	TFs and others	NCOA1	Breast	MDA-MB-231	1216	16/483	2/49	-0.169196	-0.00827499	0.811594
SRX2795362	TFs and others	BRD4	Blood	Mutu	1372	16/483	2/49	-0.169196	-0.00827499	0.811594
SRX3583255	TFs and others	HIF1A	Breast	MDA-MB-231	755	16/483	2/49	-0.169196	-0.00827499	0.811594
SRX5025675	TFs and others	BRCA1	Neural	SH-EP	1411	16/483	2/49	-0.169196	-0.00827499	0.811594
SRX7054940	TFs and others	ERG	Cardiovascular	HAEC	2537	16/483	2/49	-0.169196	-0.00827499	0.811594
SRX8520807	TFs and others	NR3C1	Breast	MDA-MB-361	1773	16/483	2/49	-0.169196	-0.00827499	0.811594
SRX8726281	TFs and others	BMI1	Others	Tumor	719	16/483	2/49	-0.169196	-0.00827499	0.811594
SRX9823128	TFs and others	TRIM28	Blood	GM12878	351	16/483	2/49	-0.169196	-0.00827499	0.811594
SRX9898532	TFs and others	SMARCA4	Blood	K-562	3071	16/483	2/49	-0.169196	-0.00827499	0.811594
SRX150373	TFs and others	MXI1	Pluripotent stem cell	hESC H1	3353	75/483	6/49	-0.168704	-0.00788356	1.26812
SRX176861	TFs and others	ESR1	Breast	MCF-7	48967	75/483	6/49	-0.168704	-0.00788356	1.26812
SRX190185	TFs and others	MTA3	Blood	GM12878	13093	75/483	6/49	-0.168704	-0.00788356	1.26812
SRX356728	TFs and others	STAG1	Blood	Lymphoblastoid cell line	25941	74/483	6/49	-0.168574	-0.0078603	1.25121
SRX9599273	TFs and others	REST	Uterus	HEC-1-B	2454	74/483	6/49	-0.168574	-0.0078603	1.25121
SRX10119160	TFs and others	CREBBP	Blood	MV-4-11	4085	76/483	6/49	-0.168546	-0.0078603	1.28502
SRX5442198	TFs and others	FOXP1	Blood	OCI-LY1	83564	407/483	43/49	-0.168546	-0.0078603	0.960229
SRX497610	TFs and others	FOXA1	Prostate	VCaP	58293	73/483	6/49	-0.16815	-0.00762072	1.2343
SRX5732680	TFs and others	KMT2A	Blood	MOLM-13	7670	73/483	6/49	-0.16815	-0.00762072	1.2343
SRX1212231	TFs and others	FOXA1	Prostate	LNCAP	46369	77/483	6/49	-0.168105	-0.00762072	1.30193
SRX395616	TFs and others	CTCF	Breast	T-47D	36670	77/483	6/49	-0.168105	-0.00762072	1.30193
SRX5534831	TFs and others	ESR1	Breast	MCF-7	25373	77/483	6/49	-0.168105	-0.00762072	1.30193
SRX825397	TFs and others	IRF1	Pancreas	CFPAC-1	8329	77/483	6/49	-0.168105	-0.00762072	1.30193
SRX3824044	TFs and others	KMT2B	Blood	THP-1	12009	78/483	6/49	-0.16739	-0.00707332	1.31884
SRX3990986	TFs and others	PGR	Breast	T-47D	28657	78/483	6/49	-0.16739	-0.00707332	1.31884
SRX4484990	TFs and others	MYB	Blood	SEM	6646	78/483	6/49	-0.16739	-0.00707332	1.31884
SRX4714479	TFs and others	CTCF	Breast	T-47D	36658	78/483	6/49	-0.16739	-0.00707332	1.31884
SRX4931236	TFs and others	KMT2A	Kidney	293	2250	78/483	6/49	-0.16739	-0.00707332	1.31884
SRX190175	TFs and others	CREB1	Lung	A549	14652	407/483	40/49	-0.16641	-0.00629415	1.03225
SRX9206199	TFs and others	GFP	Digestive tract	HCT 116	13651	407/483	40/49	-0.16641	-0.00629415	1.03225
SRX100450	TFs and others	SIX5	Pluripotent stem cell	hESC H1	2769	76/483	9/49	-0.16641	-0.00629415	0.856683
SRX5525782	TFs and others	MYCN	Neural	SH-EP	1617	76/483	9/49	-0.16641	-0.00629415	0.856683
SRX7030913	TFs and others	HEXIM1	Breast	MCF-7	4217	76/483	9/49	-0.16641	-0.00629415	0.856683
SRX7214025	TFs and others	CREBBP	Epidermis	Keratinocytes	14607	76/483	9/49	-0.16641	-0.00629415	0.856683
SRX3990988	TFs and others	PGR	Breast	T-47D	10092	77/483	9/49	-0.165177	-0.0051283	0.867955
SRX4786555	TFs and others	KMT2C	Breast	MCF-7	8295	77/483	9/49	-0.165177	-0.0051283	0.867955
SRX8706937	TFs and others	E2F1	Prostate	LNCAP	13977	405/483	40/49	-0.163702	-0.00375367	1.02717
SRX194569	TFs and others	ESR1	Breast	MCF-7	32341	78/483	9/49	-0.163702	-0.00375367	0.879227
SRX3931059	TFs and others	GRHL2	Breast	MCF-7	25483	78/483	9/49	-0.163702	-0.00375367	0.879227
SRX1165097	TFs and others	CREB1	Liver	Hep G2	21871	404/483	40/49	-0.161998	-0.00218412	1.02464
SRX8673358	TFs and others	EGR1	Blood	Kasumi-1	22939	404/483	40/49	-0.161998	-0.00218412	1.02464
SRX2267459	TFs and others	BRD4	Lung	PC-9	7377	79/483	9/49	-0.161998	-0.00218412	0.890499
SRX4374897	TFs and others	NOTCH1	Breast	MB 157	1465	79/483	9/49	-0.161998	-0.00218412	0.890499
SRX017701	TFs and others	KAT8	Blood	CD4+ T cells	386	17/483	2/49	-0.160386	-0.00130824	0.862319
SRX017872	TFs and others	RELA	Blood	GM19099	1616	17/483	2/49	-0.160386	-0.00130824	0.862319
SRX023658	TFs and others	TRRAP	Uterus	HeLa	553	17/483	2/49	-0.160386	-0.00130824	0.862319
SRX055310	TFs and others	KDM5B	Breast	MCF-7	942	17/483	2/49	-0.160386	-0.00130824	0.862319
SRX10357206	TFs and others	HIF1A	Uterus	HeLa	619	17/483	2/49	-0.160386	-0.00130824	0.862319
SRX10809802	TFs and others	EP300	Muscle	RH-4	1236	17/483	2/49	-0.160386	-0.00130824	0.862319
SRX1531773	TFs and others	MED1	Liver	Hep G2	4017	17/483	2/49	-0.160386	-0.00130824	0.862319
SRX201314	TFs and others	AHR	Breast	MCF-7	5944	17/483	2/49	-0.160386	-0.00130824	0.862319
SRX2188679	TFs and others	BRCA1	Bone	EWS502	531	17/483	2/49	-0.160386	-0.00130824	0.862319
SRX2510825	TFs and others	NELFA	Uterus	HeLa	662	17/483	2/49	-0.160386	-0.00130824	0.862319
SRX259611	TFs and others	RUNX1	Blood	Kasumi-1	2995	17/483	2/49	-0.160386	-0.00130824	0.862319
SRX3001597	TFs and others	FOXA1	Unclassified	Unclassified	3266	17/483	2/49	-0.160386	-0.00130824	0.862319
SRX3923526	TFs and others	FOXA1	Breast	ZR-75-1	5206	17/483	2/49	-0.160386	-0.00130824	0.862319
SRX4174970	TFs and others	PPARG	Adipocyte	Adipocytes	3458	17/483	2/49	-0.160386	-0.00130824	0.862319
SRX5172065	TFs and others	SMARCA4	Breast	MCF-7	2923	17/483	2/49	-0.160386	-0.00130824	0.862319
SRX5683085	TFs and others	ETV4	Breast	T-47D	432	17/483	2/49	-0.160386	-0.00130824	0.862319
SRX6487045	TFs and others	FOXA1	Breast	MCF-7	5241	17/483	2/49	-0.160386	-0.00130824	0.862319
SRX702050	TFs and others	OTX2	Pluripotent stem cell	hESC HUES64	884	17/483	2/49	-0.160386	-0.00130824	0.862319
SRX7522850	TFs and others	STAT3	Breast	MCF10DCIS.com	1084	17/483	2/49	-0.160386	-0.00130824	0.862319
SRX8171740	TFs and others	MYBBP1A	Pancreas	BxPC-3	389	17/483	2/49	-0.160386	-0.00130824	0.862319
SRX8512774	TFs and others	HSF1	Digestive tract	HCT 116	2234	17/483	2/49	-0.160386	-0.00130824	0.862319
SRX9433101	TFs and others	CTR9	Bone	U2OS	423	17/483	2/49	-0.160386	-0.00130824	0.862319
SRX3230405	TFs and others	UBP1	Liver	Hep G2	3126	80/483	9/49	-0.160077	-0.00113294	0.901771
SRX3703140	TFs and others	MEF2B	Blood	B cells	16590	80/483	9/49	-0.160077	-0.00113294	0.901771
SRX5289964	TFs and others	NR3C1	Lung	BEAS-2B	3800	80/483	9/49	-0.160077	-0.00113294	0.901771
SRX5574451	TFs and others	SPI1	Blood	CTV-1	44477	80/483	9/49	-0.160077	-0.00113294	0.901771
SRX673749	TFs and others	MED1	Breast	MCF-7	2426	85/483	7/49	-0.159265	-0.000420905	1.23188
SRX9317668	TFs and others	FOXC1	Blood	Acute myeloid leukemia	26321	85/483	7/49	-0.159265	-0.000420905	1.23188
SRX9604645	TFs and others	FOXA1	Prostate	LNCAP	77814	85/483	7/49	-0.159265	-0.000420905	1.23188
SRX1212235	TFs and others	FOXA1	Prostate	LNCAP	55981	84/483	7/49	-0.15918	-0.000403125	1.21739
SRX054575	TFs and others	Epitope tags	Breast	MCF-7	22042	399/483	42/49	-0.15918	-0.000403125	0.963768
SRX9071234	TFs and others	BRD4	Blood	SEM	5434	86/483	7/49	-0.159105	-0.000361353	1.24638
SRX4705120	TFs and others	GATA3	Blood	Jurkat	8999	83/483	7/49	-0.158846	-0.000168887	1.2029
SRX7805369	TFs and others	ZNF711	Prostate	22Rv1	3620	83/483	7/49	-0.158846	-0.000168887	1.2029
SRX082164	TFs and others	MAX	Blood	GM12878	4282	87/483	7/49	-0.158706	-0.000129526	1.26087
SRX3142682	TFs and others	ILF3	Blood	K-562	4658	87/483	7/49	-0.158706	-0.000129526	1.26087
SRX356711	TFs and others	STAG1	Blood	GM19240	25881	87/483	7/49	-0.158706	-0.000129526	1.26087
SRX070884	TFs and others	RBPJ	Blood	CUTLL1	3185	85/483	10/49	-0.158074	-3.90014e-05	0.862319
SRX10212070	TFs and others	CEBPB	Blood	CD4+ T cells	12022	85/483	10/49	-0.158074	-3.90014e-05	0.862319
SRX1998403	TFs and others	EZH2	Muscle	Rhabdomyosarcoma	2401	85/483	10/49	-0.158074	-3.90014e-05	0.862319
SRX2194231	TFs and others	BRD4	Breast	SUM 159PT	8726	85/483	10/49	-0.158074	-3.90014e-05	0.862319
SRX2881002	TFs and others	ESR1	Breast	MCF-7	24608	85/483	10/49	-0.158074	-3.90014e-05	0.862319
SRX189238	TFs and others	MAX	Lung	NCI-H128	24130	397/483	39/49	-0.157216	-3.90014e-05	1.0327
SRX5514031	TFs and others	CDK8	Uterus	Uterin leiomyoma	2482	86/483	10/49	-0.157216	-3.90014e-05	0.872464
SRX150431	TFs and others	ELK4	Uterus	HeLa	2495	87/483	10/49	-0.156141	-3.90014e-05	0.882609
SRX1880280	TFs and others	CDK7	Blood	Jurkat	3769	88/483	10/49	-0.154856	-3.90014e-05	0.892754
SRX100495	TFs and others	TAF1	Pluripotent stem cell	hESC H1	19565	394/483	39/49	-0.153372	-3.90014e-05	1.0249
SRX1058479	TFs and others	MAX	Epidermis	MKL-1	26543	394/483	39/49	-0.153372	-3.90014e-05	1.0249
SRX1555434	TFs and others	MITF	Epidermis	501A	33589	89/483	10/49	-0.153372	-3.90014e-05	0.902899
SRX4374903	TFs and others	RBPJ	Breast	MB 157	2146	89/483	10/49	-0.153372	-3.90014e-05	0.902899
SRX718420	TFs and others	Epitope tags	Epidermis	501A	33615	89/483	10/49	-0.153372	-3.90014e-05	0.902899
SRX2140216	TFs and others	CCND2	Blood	MM.1S	2919	90/483	10/49	-0.1517	-3.90014e-05	0.913043
SRX219284	TFs and others	FOXA1	Prostate	LNCAP	99233	90/483	10/49	-0.1517	-3.90014e-05	0.913043
SRX3110721	TFs and others	ESR1	Breast	MCF-7	7179	90/483	10/49	-0.1517	-3.90014e-05	0.913043
SRX2017938	TFs and others	FOXA1	Prostate	22Rv1	40769	95/483	8/49	-0.151646	-3.90014e-05	1.20471
SRX2267450	TFs and others	BRD4	Digestive tract	NCI-N87	9643	95/483	8/49	-0.151646	-3.90014e-05	1.20471
SRX2268284	TFs and others	SPI1	Blood	THP-1	65678	94/483	8/49	-0.151595	-3.90014e-05	1.19203
SRX3345957	TFs and others	INTS13	Blood	HL-60	3785	94/483	8/49	-0.151595	-3.90014e-05	1.19203
SRX668343	TFs and others	GFP	Kidney	293	2514	94/483	8/49	-0.151595	-3.90014e-05	1.19203
SRX359897	TFs and others	IRF1	Digestive tract	LoVo	13592	389/483	41/49	-0.151595	-3.90014e-05	0.962531
SRX055309	TFs and others	KDM5B	Breast	MCF-7	935	18/483	2/49	-0.151579	-3.90014e-05	0.913043
SRX102985	TFs and others	MYC	Uterus	HeLa	1023	18/483	2/49	-0.151579	-3.90014e-05	0.913043
SRX1048459	TFs and others	MEF2B	Blood	DOHH-2	2033	18/483	2/49	-0.151579	-3.90014e-05	0.913043
SRX1261523	TFs and others	SMC3	Blood	TF-1	2055	18/483	2/49	-0.151579	-3.90014e-05	0.913043
SRX1885193	TFs and others	PIAS1	Prostate	LNCAP	14903	18/483	2/49	-0.151579	-3.90014e-05	0.913043
SRX212183	TFs and others	RELA	Lung	Lung fibroblasts	10998	18/483	2/49	-0.151579	-3.90014e-05	0.913043
SRX2578891	TFs and others	NCOA1	Breast	MDA-MB-231	723	18/483	2/49	-0.151579	-3.90014e-05	0.913043
SRX2871359	TFs and others	PGR	Breast	T-47D	781	18/483	2/49	-0.151579	-3.90014e-05	0.913043
SRX3288579	TFs and others	HSF1	Pluripotent stem cell	hESC H9	1553	18/483	2/49	-0.151579	-3.90014e-05	0.913043
SRX3923527	TFs and others	FOXA1	Breast	ZR-75-1	14096	18/483	2/49	-0.151579	-3.90014e-05	0.913043
SRX3934093	TFs and others	NAB2	Blood	Macrophages	1525	18/483	2/49	-0.151579	-3.90014e-05	0.913043
SRX4192881	TFs and others	JUNB	Breast	MCF 10A	11570	18/483	2/49	-0.151579	-3.90014e-05	0.913043
SRX5124864	TFs and others	FOXA1	Prostate	22Rv1	15002	18/483	2/49	-0.151579	-3.90014e-05	0.913043
SRX5251428	TFs and others	ESR1	Breast	T-47D	1206	18/483	2/49	-0.151579	-3.90014e-05	0.913043
SRX5323827	TFs and others	FOXA1	Breast	T-47D	2357	18/483	2/49	-0.151579	-3.90014e-05	0.913043
SRX5323867	TFs and others	STAT3	Breast	MCF-7	301	18/483	2/49	-0.151579	-3.90014e-05	0.913043
SRX5635067	TFs and others	RUNX1	Breast	MCF 10A	2915	18/483	2/49	-0.151579	-3.90014e-05	0.913043
SRX5801454	TFs and others	STAT3	Blood	Th2 Cells	892	18/483	2/49	-0.151579	-3.90014e-05	0.913043
SRX6101129	TFs and others	SOX2	Pluripotent stem cell	hESC H9	16438	18/483	2/49	-0.151579	-3.90014e-05	0.913043
SRX648245	TFs and others	ZBTB17	Digestive tract	LS-174T	766	18/483	2/49	-0.151579	-3.90014e-05	0.913043
SRX6487064	TFs and others	FOXA1	Breast	MCF-7	3649	18/483	2/49	-0.151579	-3.90014e-05	0.913043
SRX6853578	TFs and others	ARNT	Breast	MCF-7	332	18/483	2/49	-0.151579	-3.90014e-05	0.913043
SRX7122000	TFs and others	FOXA1	Breast	MCF-7	5773	18/483	2/49	-0.151579	-3.90014e-05	0.913043
SRX764808	TFs and others	FOXA1	Pluripotent stem cell	hESC derived mesendodermal cells	5101	18/483	2/49	-0.151579	-3.90014e-05	0.913043
SRX8406302	TFs and others	HOXB13	Prostate	Prostate	16087	18/483	2/49	-0.151579	-3.90014e-05	0.913043
SRX8538460	TFs and others	HCFC1	Blood	RAMOS	1362	18/483	2/49	-0.151579	-3.90014e-05	0.913043
SRX969014	TFs and others	ESR1	Breast	MCF-7	2016	18/483	2/49	-0.151579	-3.90014e-05	0.913043
SRX150448	TFs and others	YY1	Blood	K-562	3632	96/483	8/49	-0.151485	-3.90014e-05	1.21739
SRX356560	TFs and others	STAG1	Blood	Lymphoblastoid cell line	26830	96/483	8/49	-0.151485	-3.90014e-05	1.21739
SRX4815197	TFs and others	FOXA1	Breast	MCF-7	76529	96/483	8/49	-0.151485	-3.90014e-05	1.21739
SRX129090	TFs and others	MED1	Neural	U-87 MG	18843	93/483	8/49	-0.151329	-3.90014e-05	1.17935
SRX1962094	TFs and others	MYF5	Muscle	RH-18	7796	97/483	8/49	-0.151116	-3.90014e-05	1.23007
SRX3990994	TFs and others	PGR	Breast	T-47D	8314	97/483	8/49	-0.151116	-3.90014e-05	1.23007
SRX2778392	TFs and others	YY1	Blood	Lymphoblastoid cell line	3325	95/483	11/49	-0.150544	-3.90014e-05	0.876153
SRX347429	TFs and others	STAT3	Blood	U-2932	7306	95/483	11/49	-0.150544	-3.90014e-05	0.876153
SRX5574509	TFs and others	SPI1	Blood	TALL-1	58010	96/483	11/49	-0.149774	-3.90014e-05	0.885375
SRX5289960	TFs and others	NR3C1	Lung	BEAS-2B	25106	386/483	38/49	-0.148814	-3.90014e-05	1.03051
SRX186614	TFs and others	JUN	Blood	K-562	11059	97/483	11/49	-0.148814	-3.90014e-05	0.894598
SRX8616831	TFs and others	FOSL2	Lung	A549	12763	97/483	11/49	-0.148814	-3.90014e-05	0.894598
SRX023650	TFs and others	CCDC101	Uterus	HeLa	471	20/483	1/49	-0.148754	-3.90014e-05	2.02899
SRX039145	TFs and others	FOXA1	Breast	T-47D	2024	20/483	1/49	-0.148754	-3.90014e-05	2.02899
SRX1012598	TFs and others	ESR1	Breast	T-47D	7444	20/483	1/49	-0.148754	-3.90014e-05	2.02899
SRX1012599	TFs and others	ESR1	Breast	T-47D	5087	20/483	1/49	-0.148754	-3.90014e-05	2.02899
SRX1053370	TFs and others	POU5F1	Pluripotent stem cell	ES cells	7184	20/483	1/49	-0.148754	-3.90014e-05	2.02899
SRX11094557	TFs and others	FLI1	Bone	RD-ES	11430	20/483	1/49	-0.148754	-3.90014e-05	2.02899
SRX11399801	TFs and others	HDAC2	Lung	NCI-H1963	1352	20/483	1/49	-0.148754	-3.90014e-05	2.02899
SRX1161180	TFs and others	NR3C1	Breast	ZR-75-1	2037	20/483	1/49	-0.148754	-3.90014e-05	2.02899
SRX1424695	TFs and others	NANOG	Prostate	LNCAP	2817	20/483	1/49	-0.148754	-3.90014e-05	2.02899
SRX1515027	TFs and others	GFP	Kidney	293	1074	20/483	1/49	-0.148754	-3.90014e-05	2.02899
SRX1787682	TFs and others	KMT2C	Breast	MCF-7	4199	20/483	1/49	-0.148754	-3.90014e-05	2.02899
SRX1823809	TFs and others	CEBPB	Bone	Osteoblasts	8462	20/483	1/49	-0.148754	-3.90014e-05	2.02899
SRX1885199	TFs and others	RELA	Prostate	LNCAP	2486	20/483	1/49	-0.148754	-3.90014e-05	2.02899
SRX1995013	TFs and others	HIF1A	Bone	U2OS	337	20/483	1/49	-0.148754	-3.90014e-05	2.02899
SRX201315	TFs and others	ARNT	Breast	MCF-7	3784	20/483	1/49	-0.148754	-3.90014e-05	2.02899
SRX2343936	TFs and others	EP300	Cardiovascular	Large pulmonary artery endothelial cells	1176	20/483	1/49	-0.148754	-3.90014e-05	2.02899
SRX2529783	TFs and others	Epitope tags	Blood	RAJI	984	20/483	1/49	-0.148754	-3.90014e-05	2.02899
SRX253229	TFs and others	SSRP1	Others	Fibrosarcoma	1524	20/483	1/49	-0.148754	-3.90014e-05	2.02899
SRX259614	TFs and others	AML1-ETO	Blood	Kasumi-1	3843	20/483	1/49	-0.148754	-3.90014e-05	2.02899
SRX259622	TFs and others	RUNX1	Blood	Kasumi-1	6046	20/483	1/49	-0.148754	-3.90014e-05	2.02899
SRX262133	TFs and others	HSF1	Breast	MCF-7	207	20/483	1/49	-0.148754	-3.90014e-05	2.02899
SRX2683574	TFs and others	Epitope tags	Kidney	293	372	20/483	1/49	-0.148754	-3.90014e-05	2.02899
SRX2683578	TFs and others	Epitope tags	Kidney	293	407	20/483	1/49	-0.148754	-3.90014e-05	2.02899
SRX271859	TFs and others	EZH2	Blood	WSU-DLCL2	1277	20/483	1/49	-0.148754	-3.90014e-05	2.02899
SRX2770859	TFs and others	SMC1A	Blood	Macrophages	29541	20/483	1/49	-0.148754	-3.90014e-05	2.02899
SRX2837385	TFs and others	REL	Blood	GM12878	1177	20/483	1/49	-0.148754	-3.90014e-05	2.02899
SRX2837387	TFs and others	NFKB1	Blood	GM12878	2970	20/483	1/49	-0.148754	-3.90014e-05	2.02899
SRX2837388	TFs and others	NFKB1	Blood	GM12878	2525	20/483	1/49	-0.148754	-3.90014e-05	2.02899
SRX2837390	TFs and others	NFKB2	Blood	GM12878	5065	20/483	1/49	-0.148754	-3.90014e-05	2.02899
SRX2842448	TFs and others	FOSL1	Bone	MG-63	5220	20/483	1/49	-0.148754	-3.90014e-05	2.02899
SRX3031987	TFs and others	BRD4	Blood	MV-4-11	1995	20/483	1/49	-0.148754	-3.90014e-05	2.02899
SRX3102571	TFs and others	RELA	Digestive tract	SW 480	3952	20/483	1/49	-0.148754	-3.90014e-05	2.02899
SRX3450326	TFs and others	RXRA	Others	JMSU1	1803	20/483	1/49	-0.148754	-3.90014e-05	2.02899
SRX3468009	TFs and others	SMARCC1	Others	Aska	1015	20/483	1/49	-0.148754	-3.90014e-05	2.02899
SRX3584309	TFs and others	RARA	Pluripotent stem cell	iPS derived chondrocytes	3630	20/483	1/49	-0.148754	-3.90014e-05	2.02899
SRX3584310	TFs and others	RARA	Pluripotent stem cell	iPS derived chondrocytes	3317	20/483	1/49	-0.148754	-3.90014e-05	2.02899
SRX359925	TFs and others	BCL6	Digestive tract	LoVo	211	20/483	1/49	-0.148754	-3.90014e-05	2.02899
SRX366788	TFs and others	BRD2	Blood	MM.1S	1112	20/483	1/49	-0.148754	-3.90014e-05	2.02899
SRX3927314	TFs and others	BRD9	Kidney	TTC-1240	1023	20/483	1/49	-0.148754	-3.90014e-05	2.02899
SRX3927330	TFs and others	ONECUT2	Digestive tract	AGS	5958	20/483	1/49	-0.148754	-3.90014e-05	2.02899
SRX4212580	TFs and others	EZH2	Blood	Peripheral blood mononuclear cells	513	20/483	1/49	-0.148754	-3.90014e-05	2.02899
SRX433193	TFs and others	AR	Kidney	293	25713	20/483	1/49	-0.148754	-3.90014e-05	2.02899
SRX4417541	TFs and others	BRD4	Pluripotent stem cell	hESC derived neural cells	525	20/483	1/49	-0.148754	-3.90014e-05	2.02899
SRX4451209	TFs and others	ESR1	Breast	MCF-7	1760	20/483	1/49	-0.148754	-3.90014e-05	2.02899
SRX4643713	TFs and others	MAPK14	Blood	K-562	593	20/483	1/49	-0.148754	-3.90014e-05	2.02899
SRX4677292	TFs and others	FOXA2	Pancreas	CFPAC-1	13261	20/483	1/49	-0.148754	-3.90014e-05	2.02899
SRX4708047	TFs and others	CCAR2	Liver	Hep G2	740	20/483	1/49	-0.148754	-3.90014e-05	2.02899
SRX4797397	TFs and others	LMNA	Cardiovascular	Myocytes, Cardiac	9297	20/483	1/49	-0.148754	-3.90014e-05	2.02899
SRX4802350	TFs and others	EPAS1	Kidney	RCC4	954	20/483	1/49	-0.148754	-3.90014e-05	2.02899
SRX4959105	TFs and others	AHR	Pluripotent stem cell	ES cells	2403	20/483	1/49	-0.148754	-3.90014e-05	2.02899
SRX5057631	TFs and others	GATA3	Breast	T-47D	4180	20/483	1/49	-0.148754	-3.90014e-05	2.02899
SRX5089393	TFs and others	ARID1A	Breast	MCF-7	2796	20/483	1/49	-0.148754	-3.90014e-05	2.02899
SRX5089408	TFs and others	SMARCA4	Breast	MCF-7	2633	20/483	1/49	-0.148754	-3.90014e-05	2.02899
SRX5089441	TFs and others	SMARCB1	Breast	MCF-7	4183	20/483	1/49	-0.148754	-3.90014e-05	2.02899
SRX5124823	TFs and others	FOXA1	Prostate	LNCAP	15776	20/483	1/49	-0.148754	-3.90014e-05	2.02899
SRX5128105	TFs and others	ESR1	Breast	ZR-75-1	1453	20/483	1/49	-0.148754	-3.90014e-05	2.02899
SRX518687	TFs and others	IRF4	Blood	OCI-LY-3	896	20/483	1/49	-0.148754	-3.90014e-05	2.02899
SRX5203314	TFs and others	FOXA1	Breast	MCF-7	10237	20/483	1/49	-0.148754	-3.90014e-05	2.02899
SRX5212367	TFs and others	GLTSCR1	Others	Mel270	997	20/483	1/49	-0.148754	-3.90014e-05	2.02899
SRX5250530	TFs and others	MLXIP	Uterus	HeLa	511	20/483	1/49	-0.148754	-3.90014e-05	2.02899
SRX5289974	TFs and others	NR3C1	Lung	BEAS-2B	1408	20/483	1/49	-0.148754	-3.90014e-05	2.02899
SRX5346128	TFs and others	WDR5	Blood	RAMOS	1205	20/483	1/49	-0.148754	-3.90014e-05	2.02899
SRX5360664	TFs and others	Epitope tags	Epidermis	BJ	5771	20/483	1/49	-0.148754	-3.90014e-05	2.02899
SRX5432861	TFs and others	MAX	Breast	MDA-MB-231	622	20/483	1/49	-0.148754	-3.90014e-05	2.02899
SRX5493760	TFs and others	FOXA1	Breast	Breast cancer cells	6170	20/483	1/49	-0.148754	-3.90014e-05	2.02899
SRX573042	TFs and others	ELL2	Uterus	HeLa	1028	20/483	1/49	-0.148754	-3.90014e-05	2.02899
SRX5771378	TFs and others	SUPT6H	Digestive tract	HCT 116	937	20/483	1/49	-0.148754	-3.90014e-05	2.02899
SRX5771666	TFs and others	SOX2	Gonad	N2102Ep	18011	20/483	1/49	-0.148754	-3.90014e-05	2.02899
SRX5888974	TFs and others	SMARCB1	Epidermis	BJ	932	20/483	1/49	-0.148754	-3.90014e-05	2.02899
SRX5974577	TFs and others	GATA1	Blood	K-562	13107	20/483	1/49	-0.148754	-3.90014e-05	2.02899
SRX6060975	TFs and others	ELF3	Digestive tract	ESO-26	393	20/483	1/49	-0.148754	-3.90014e-05	2.02899
SRX6433362	TFs and others	TOP2B	Neural	Glioma	330	20/483	1/49	-0.148754	-3.90014e-05	2.02899
SRX6614742	TFs and others	RAD21	Lung	IMR-90	8213	20/483	1/49	-0.148754	-3.90014e-05	2.02899
SRX6614746	TFs and others	RAD21	Lung	IMR-90	6132	20/483	1/49	-0.148754	-3.90014e-05	2.02899
SRX668351	TFs and others	GFP	Kidney	293	355	20/483	1/49	-0.148754	-3.90014e-05	2.02899
SRX6824672	TFs and others	SNAI2	Unclassified	Unclassified	1955	20/483	1/49	-0.148754	-3.90014e-05	2.02899
SRX6857973	TFs and others	PGR	Uterus	Myometrium	1370	20/483	1/49	-0.148754	-3.90014e-05	2.02899
SRX6957396	TFs and others	FOXL2	Kidney	HGrC1	3674	20/483	1/49	-0.148754	-3.90014e-05	2.02899
SRX702039	TFs and others	NANOG	Pluripotent stem cell	hESC HUES64	9477	20/483	1/49	-0.148754	-3.90014e-05	2.02899
SRX702041	TFs and others	NANOG	Pluripotent stem cell	hESC HUES64	9335	20/483	1/49	-0.148754	-3.90014e-05	2.02899
SRX702053	TFs and others	OTX2	Pluripotent stem cell	hESC HUES64	2104	20/483	1/49	-0.148754	-3.90014e-05	2.02899
SRX7054620	TFs and others	RELA	Cardiovascular	HAEC	1896	20/483	1/49	-0.148754	-3.90014e-05	2.02899
SRX731135	TFs and others	TEAD1	Liver	CC-LP-1	1014	20/483	1/49	-0.148754	-3.90014e-05	2.02899
SRX7794486	TFs and others	NFE2L2	Lung	BEAS-2B	2771	20/483	1/49	-0.148754	-3.90014e-05	2.02899
SRX7972458	TFs and others	MKL2	Epidermis	MKL-2	1825	20/483	1/49	-0.148754	-3.90014e-05	2.02899
SRX8068087	TFs and others	RUNX1	Blood	NALM-6	964	20/483	1/49	-0.148754	-3.90014e-05	2.02899
SRX8089624	TFs and others	BRD4	Prostate	VCaP	632	20/483	1/49	-0.148754	-3.90014e-05	2.02899
SRX8089636	TFs and others	FOXA1	Prostate	VCaP	7732	20/483	1/49	-0.148754	-3.90014e-05	2.02899
SRX8122236	TFs and others	LDB1	Pluripotent stem cell	hESC H9	525	20/483	1/49	-0.148754	-3.90014e-05	2.02899
SRX825396	TFs and others	HNF1B	Pancreas	CFPAC-1	8240	20/483	1/49	-0.148754	-3.90014e-05	2.02899
SRX8376360	TFs and others	FOXA1	Pluripotent stem cell	hESC derived pancreatic cells	6880	20/483	1/49	-0.148754	-3.90014e-05	2.02899
SRX8406312	TFs and others	HOXB13	Prostate	Prostatic Neoplasms, Castration-Resistant	15650	20/483	1/49	-0.148754	-3.90014e-05	2.02899
SRX8406517	TFs and others	FOXA1	Prostate	Prostatic Neoplasms, Castration-Resistant	21683	20/483	1/49	-0.148754	-3.90014e-05	2.02899
SRX8520808	TFs and others	NR3C1	Breast	MDA-MB-453	5432	20/483	1/49	-0.148754	-3.90014e-05	2.02899
SRX8616850	TFs and others	JUNB	Lung	A549	1656	20/483	1/49	-0.148754	-3.90014e-05	2.02899
SRX8616988	TFs and others	TET2	Breast	AB555	1947	20/483	1/49	-0.148754	-3.90014e-05	2.02899
SRX9426433	TFs and others	Epitope tags	Blood	RAMOS	1903	20/483	1/49	-0.148754	-3.90014e-05	2.02899
SRX9683970	TFs and others	ESRRA	Breast	MDA-MB-231	3385	20/483	1/49	-0.148754	-3.90014e-05	2.02899
SRX968978	TFs and others	RELA	Breast	MCF-7	1237	20/483	1/49	-0.148754	-3.90014e-05	2.02899
SRX974295	TFs and others	MEF2B	Kidney	293	2288	20/483	1/49	-0.148754	-3.90014e-05	2.02899
DRX156350	TFs and others	MGMT	Neural	U-87 MG	1689	21/483	1/49	-0.148545	-3.90014e-05	2.13043
SRX018278	TFs and others	EP300	Neural	T98G	1138	21/483	1/49	-0.148545	-3.90014e-05	2.13043
SRX027913	TFs and others	RELA	Uterus	HeLa	3413	21/483	1/49	-0.148545	-3.90014e-05	2.13043
SRX062336	TFs and others	RUNX1	Blood	Kasumi-1	1948	21/483	1/49	-0.148545	-3.90014e-05	2.13043
SRX095407	TFs and others	NCOA1	Breast	LY2	818	21/483	1/49	-0.148545	-3.90014e-05	2.13043
SRX1012660	TFs and others	PGR	Breast	MCF-7	6559	21/483	1/49	-0.148545	-3.90014e-05	2.13043
SRX1012680	TFs and others	ESR1	Breast	MCF-7	969	21/483	1/49	-0.148545	-3.90014e-05	2.13043
SRX10881852	TFs and others	ARID1A	Kidney	G-401	941	21/483	1/49	-0.148545	-3.90014e-05	2.13043
SRX1089835	TFs and others	RUNX1	Blood	Hematopoietic Stem Cells	686	21/483	1/49	-0.148545	-3.90014e-05	2.13043
SRX11094517	TFs and others	FLI1	Bone	EW-1	4339	21/483	1/49	-0.148545	-3.90014e-05	2.13043
SRX130266	TFs and others	TET2	Kidney	293	845	21/483	1/49	-0.148545	-3.90014e-05	2.13043
SRX150399	TFs and others	RAD21	Blood	K-562	14118	21/483	1/49	-0.148545	-3.90014e-05	2.13043
SRX150625	TFs and others	IRF1	Blood	K-562	887	21/483	1/49	-0.148545	-3.90014e-05	2.13043
SRX151222	TFs and others	KMT2A	Blood	RS4-11	652	21/483	1/49	-0.148545	-3.90014e-05	2.13043
SRX1515051	TFs and others	GFP	Kidney	293	539	21/483	1/49	-0.148545	-3.90014e-05	2.13043
SRX1616410	TFs and others	MYCN	Neural	IMR-5	1276	21/483	1/49	-0.148545	-3.90014e-05	2.13043
SRX1823810	TFs and others	CEBPB	Bone	Osteoblasts	10128	21/483	1/49	-0.148545	-3.90014e-05	2.13043
SRX186609	TFs and others	CUX1	Blood	GM12878	2639	21/483	1/49	-0.148545	-3.90014e-05	2.13043
SRX186810	TFs and others	ESR1	Breast	Breast cancer	2272	21/483	1/49	-0.148545	-3.90014e-05	2.13043
SRX2194256	TFs and others	BRD4	Breast	HCC1806	3154	21/483	1/49	-0.148545	-3.90014e-05	2.13043
SRX2343937	TFs and others	EP300	Cardiovascular	Large pulmonary artery endothelial cells	1996	21/483	1/49	-0.148545	-3.90014e-05	2.13043
SRX2578878	TFs and others	ESR1	Breast	MDA-MB-231	11266	21/483	1/49	-0.148545	-3.90014e-05	2.13043
SRX2578889	TFs and others	MED1	Breast	MDA-MB-231	1374	21/483	1/49	-0.148545	-3.90014e-05	2.13043
SRX265221	TFs and others	MYH11	Blood	ME-1	1802	21/483	1/49	-0.148545	-3.90014e-05	2.13043
SRX266862	TFs and others	NANOG	Pluripotent stem cell	hESC HUES64	7095	21/483	1/49	-0.148545	-3.90014e-05	2.13043
SRX266863	TFs and others	NANOG	Pluripotent stem cell	hESC HUES64	9252	21/483	1/49	-0.148545	-3.90014e-05	2.13043
SRX316360	TFs and others	NR3C1	Kidney	293	14161	21/483	1/49	-0.148545	-3.90014e-05	2.13043
SRX351403	TFs and others	ZBTB17	Bone	U2OS	3730	21/483	1/49	-0.148545	-3.90014e-05	2.13043
SRX360592	TFs and others	RAD21	Digestive tract	GP5d	3959	21/483	1/49	-0.148545	-3.90014e-05	2.13043
SRX373256	TFs and others	FOXM1	Uterus	HeLa	572	21/483	1/49	-0.148545	-3.90014e-05	2.13043
SRX387509	TFs and others	NELFA	Uterus	HeLa	665	21/483	1/49	-0.148545	-3.90014e-05	2.13043
SRX4001957	TFs and others	CEBPB	Blood	THP-1	9386	21/483	1/49	-0.148545	-3.90014e-05	2.13043
SRX4679522	TFs and others	ATRX	Neural	SK-N-FI	4370	21/483	1/49	-0.148545	-3.90014e-05	2.13043
SRX4705112	TFs and others	CHAF1A	Blood	MOLM-13	600	21/483	1/49	-0.148545	-3.90014e-05	2.13043
SRX4941318	TFs and others	XBP1	Prostate	LNCAP	617	21/483	1/49	-0.148545	-3.90014e-05	2.13043
SRX5068572	TFs and others	DPF2	Gonad	BIN-67	3868	21/483	1/49	-0.148545	-3.90014e-05	2.13043
SRX5089386	TFs and others	ARID1A	Breast	MCF-7	4586	21/483	1/49	-0.148545	-3.90014e-05	2.13043
SRX5089414	TFs and others	SMARCA4	Breast	MCF-7	3609	21/483	1/49	-0.148545	-3.90014e-05	2.13043
SRX5287695	TFs and others	YAP1	Breast	T-47D	5455	21/483	1/49	-0.148545	-3.90014e-05	2.13043
SRX5323807	TFs and others	ESR1	Breast	T-47D	2639	21/483	1/49	-0.148545	-3.90014e-05	2.13043
SRX5342365	TFs and others	FOXL2	Gonad	SVOG-3e	5269	21/483	1/49	-0.148545	-3.90014e-05	2.13043
SRX5371740	TFs and others	NFKB1	Blood	CD4+ T cells	2696	21/483	1/49	-0.148545	-3.90014e-05	2.13043
SRX5514040	TFs and others	MED12	Uterus	Myometrium	442	21/483	1/49	-0.148545	-3.90014e-05	2.13043
SRX5679787	TFs and others	ARID1A	Others	12Z	10006	21/483	1/49	-0.148545	-3.90014e-05	2.13043
SRX5679788	TFs and others	ARID1A	Others	12Z	10262	21/483	1/49	-0.148545	-3.90014e-05	2.13043
SRX5824596	TFs and others	BRD4	Breast	SUM 159PT	1836	21/483	1/49	-0.148545	-3.90014e-05	2.13043
SRX595692	TFs and others	FOXA1	Prostate	LNCAP	21167	21/483	1/49	-0.148545	-3.90014e-05	2.13043
SRX5974576	TFs and others	CTCF	Blood	K-562	7234	21/483	1/49	-0.148545	-3.90014e-05	2.13043
SRX6487043	TFs and others	FOXA1	Breast	MCF-7	6746	21/483	1/49	-0.148545	-3.90014e-05	2.13043
SRX6596843	TFs and others	EGR1	Others	Fibroblasts	518	21/483	1/49	-0.148545	-3.90014e-05	2.13043
SRX6614740	TFs and others	RAD21	Lung	IMR-90	10869	21/483	1/49	-0.148545	-3.90014e-05	2.13043
SRX6614745	TFs and others	RAD21	Lung	IMR-90	6113	21/483	1/49	-0.148545	-3.90014e-05	2.13043
SRX6614771	TFs and others	SMC3	Lung	IMR-90	8180	21/483	1/49	-0.148545	-3.90014e-05	2.13043
SRX6780875	TFs and others	CRTC1	Pluripotent stem cell	iPS derived neural cells	1022	21/483	1/49	-0.148545	-3.90014e-05	2.13043
SRX684516	TFs and others	T	Pluripotent stem cell	hESC derived endodermal cells	3080	21/483	1/49	-0.148545	-3.90014e-05	2.13043
SRX6853587	TFs and others	ARNT	Epidermis	SK-MEL-28	471	21/483	1/49	-0.148545	-3.90014e-05	2.13043
SRX6858249	TFs and others	HSF1	Breast	MCF-7	739	21/483	1/49	-0.148545	-3.90014e-05	2.13043
SRX6867664	TFs and others	RUNX1	Pluripotent stem cell	hESC H9	956	21/483	1/49	-0.148545	-3.90014e-05	2.13043
SRX6909699	TFs and others	EP300	Blood	697	9972	21/483	1/49	-0.148545	-3.90014e-05	2.13043
SRX702036	TFs and others	NANOG	Pluripotent stem cell	hESC HUES64	7228	21/483	1/49	-0.148545	-3.90014e-05	2.13043
SRX7122002	TFs and others	GRHL1	Breast	MCF-7	4875	21/483	1/49	-0.148545	-3.90014e-05	2.13043
SRX7262857	TFs and others	AR	Breast	Breast cancer cells	11534	21/483	1/49	-0.148545	-3.90014e-05	2.13043
SRX747797	TFs and others	FOXA1	Breast	MCF-7	3820	21/483	1/49	-0.148545	-3.90014e-05	2.13043
SRX7494163	TFs and others	HIF1A	Blood	K-562	1161	21/483	1/49	-0.148545	-3.90014e-05	2.13043
SRX7582520	TFs and others	BRD4	Muscle	RH-4	1864	21/483	1/49	-0.148545	-3.90014e-05	2.13043
SRX7712499	TFs and others	HIF1A	Lung	NCI-H460	419	21/483	1/49	-0.148545	-3.90014e-05	2.13043
SRX8090650	TFs and others	BRD4	Others	Synoviocytes	1061	21/483	1/49	-0.148545	-3.90014e-05	2.13043
SRX825399	TFs and others	ZEB1	Pancreas	PANC-1	619	21/483	1/49	-0.148545	-3.90014e-05	2.13043
SRX8406318	TFs and others	HOXB13	Prostate	Prostatic Neoplasms, Castration-Resistant	10764	21/483	1/49	-0.148545	-3.90014e-05	2.13043
SRX8406528	TFs and others	FOXA1	Prostate	Prostatic Neoplasms, Castration-Resistant	14641	21/483	1/49	-0.148545	-3.90014e-05	2.13043
SRX848605	TFs and others	MIF	Uterus	HeLa	224	21/483	1/49	-0.148545	-3.90014e-05	2.13043
SRX8616848	TFs and others	JUNB	Lung	A549	2931	21/483	1/49	-0.148545	-3.90014e-05	2.13043
SRX8699668	TFs and others	PPP2CA	Digestive tract	DLD-1	591	21/483	1/49	-0.148545	-3.90014e-05	2.13043
SRX8850951	TFs and others	Epitope tags	Breast	MCF 10A	537	21/483	1/49	-0.148545	-3.90014e-05	2.13043
SRX8984329	TFs and others	RAD21	Bone	A-673	16344	21/483	1/49	-0.148545	-3.90014e-05	2.13043
SRX9006852	TFs and others	FOXA1	Prostate	22Rv1	8735	21/483	1/49	-0.148545	-3.90014e-05	2.13043
SRX9178816	TFs and others	HAP1	Blood	HAP1	1273	21/483	1/49	-0.148545	-3.90014e-05	2.13043
SRX9234590	TFs and others	BATF3	Blood	Mac-1	10450	21/483	1/49	-0.148545	-3.90014e-05	2.13043
SRX9318375	TFs and others	TOP2B	Neural	Glioma	646	21/483	1/49	-0.148545	-3.90014e-05	2.13043
SRX9565529	TFs and others	Epitope tags	Kidney	293	186	21/483	1/49	-0.148545	-3.90014e-05	2.13043
SRX10881849	TFs and others	SS18	Others	BT-16	26048	385/483	38/49	-0.147669	-3.90014e-05	1.02784
SRX5757568	TFs and others	SMAD3	Breast	WHIM12	13355	385/483	38/49	-0.147669	-3.90014e-05	1.02784
SRX4374898	TFs and others	NOTCH1	Breast	MB 157	1552	98/483	11/49	-0.147669	-3.90014e-05	0.903821
SRX5391686	TFs and others	CTCF	Blood	Neutrophils	17957	98/483	11/49	-0.147669	-3.90014e-05	0.903821
ERX200515	TFs and others	CTCF	Blood	B cells	10717	22/483	1/49	-0.147538	-3.90014e-05	2.23188
SRX014767	TFs and others	MethylCap	Blood	NB-4	21618	22/483	1/49	-0.147538	-3.90014e-05	2.23188
SRX020939	TFs and others	FOXA1	Prostate	LNCAP	7226	22/483	1/49	-0.147538	-3.90014e-05	2.23188
SRX065554	TFs and others	TRIM28	Bone	U2OS	2742	22/483	1/49	-0.147538	-3.90014e-05	2.23188
SRX10484571	TFs and others	RUNX1	Others	Acute lymphoid leukemia	1804	22/483	1/49	-0.147538	-3.90014e-05	2.23188
SRX10721430	TFs and others	Epitope tags	Breast	MCF-7	6167	22/483	1/49	-0.147538	-3.90014e-05	2.23188
SRX10721431	TFs and others	Epitope tags	Breast	MCF-7	6080	22/483	1/49	-0.147538	-3.90014e-05	2.23188
SRX112545	TFs and others	RUNX1	Blood	Kasumi-1	4951	22/483	1/49	-0.147538	-3.90014e-05	2.23188
SRX1131555	TFs and others	BRD4	Breast	SUM 1315M02	2057	22/483	1/49	-0.147538	-3.90014e-05	2.23188
SRX1597602	TFs and others	STAT1	Others	FaDu	4020	22/483	1/49	-0.147538	-3.90014e-05	2.23188
SRX1616409	TFs and others	MYCN	Neural	IMR-5	1310	22/483	1/49	-0.147538	-3.90014e-05	2.23188
SRX1787677	TFs and others	KMT2C	Breast	MCF-7	5943	22/483	1/49	-0.147538	-3.90014e-05	2.23188
SRX1787683	TFs and others	KMT2C	Breast	MCF-7	5727	22/483	1/49	-0.147538	-3.90014e-05	2.23188
SRX186643	TFs and others	HDAC2	Blood	K-562	804	22/483	1/49	-0.147538	-3.90014e-05	2.23188
SRX1885200	TFs and others	RELA	Prostate	LNCAP	3166	22/483	1/49	-0.147538	-3.90014e-05	2.23188
SRX2198833	TFs and others	LARP7	Uterus	HeLa	1033	22/483	1/49	-0.147538	-3.90014e-05	2.23188
SRX2382330	TFs and others	EBF3	Neural	SK-N-SH	6679	22/483	1/49	-0.147538	-3.90014e-05	2.23188
SRX2779402	TFs and others	RUNX1	Epidermis	Dombi23	619	22/483	1/49	-0.147538	-3.90014e-05	2.23188
SRX3229165	TFs and others	ESR1	Breast	Breast cancer	2037	22/483	1/49	-0.147538	-3.90014e-05	2.23188
SRX3229181	TFs and others	FOXA1	Breast	Breast cancer	2936	22/483	1/49	-0.147538	-3.90014e-05	2.23188
SRX3229187	TFs and others	NR3C1	Breast	Breast cancer	1905	22/483	1/49	-0.147538	-3.90014e-05	2.23188
SRX3346354	TFs and others	EPAS1	Kidney	786-O	544	22/483	1/49	-0.147538	-3.90014e-05	2.23188
SRX3366954	TFs and others	FOXA1	Prostate	LNCAP	13889	22/483	1/49	-0.147538	-3.90014e-05	2.23188
SRX3450327	TFs and others	RXRA	Others	JMSU1	2568	22/483	1/49	-0.147538	-3.90014e-05	2.23188
SRX3450328	TFs and others	RXRA	Others	JMSU1	2210	22/483	1/49	-0.147538	-3.90014e-05	2.23188
SRX3554409	TFs and others	CREB1	Breast	MDA-MB-134-VI	825	22/483	1/49	-0.147538	-3.90014e-05	2.23188
SRX3584305	TFs and others	RARA	Pluripotent stem cell	iPS derived chondrocytes	2900	22/483	1/49	-0.147538	-3.90014e-05	2.23188
SRX360022	TFs and others	GRHL1	Digestive tract	LoVo	562	22/483	1/49	-0.147538	-3.90014e-05	2.23188
SRX4174617	TFs and others	CTCF	Pluripotent stem cell	iPS cells	3051	22/483	1/49	-0.147538	-3.90014e-05	2.23188
SRX4192883	TFs and others	JUN	Breast	MCF 10A	5438	22/483	1/49	-0.147538	-3.90014e-05	2.23188
SRX4313218	TFs and others	RAD21	Muscle	RH-4	11057	22/483	1/49	-0.147538	-3.90014e-05	2.23188
SRX4313219	TFs and others	HDAC2	Muscle	RH-4	2164	22/483	1/49	-0.147538	-3.90014e-05	2.23188
SRX4345357	TFs and others	NFATC2	Blood	CD4+ T cells	1361	22/483	1/49	-0.147538	-3.90014e-05	2.23188
SRX4473694	TFs and others	DPF2	Gonad	BIN-67	2875	22/483	1/49	-0.147538	-3.90014e-05	2.23188
SRX4802335	TFs and others	EPAS1	Kidney	HKC8	2040	22/483	1/49	-0.147538	-3.90014e-05	2.23188
SRX4802336	TFs and others	ARNT	Kidney	HKC8	2053	22/483	1/49	-0.147538	-3.90014e-05	2.23188
SRX488716	TFs and others	Epitope tags	Kidney	293	739	22/483	1/49	-0.147538	-3.90014e-05	2.23188
SRX502061	TFs and others	AR	Prostate	Prostate	433	22/483	1/49	-0.147538	-3.90014e-05	2.23188
SRX5089383	TFs and others	ARID1A	Breast	MCF-7	7209	22/483	1/49	-0.147538	-3.90014e-05	2.23188
SRX5089418	TFs and others	SMARCA4	Breast	MCF-7	3423	22/483	1/49	-0.147538	-3.90014e-05	2.23188
SRX5089429	TFs and others	SMARCB1	Breast	MCF-7	4880	22/483	1/49	-0.147538	-3.90014e-05	2.23188
SRX5089433	TFs and others	SMARCB1	Breast	MCF-7	4215	22/483	1/49	-0.147538	-3.90014e-05	2.23188
SRX5089510	TFs and others	HDAC1	Breast	MCF-7	663	22/483	1/49	-0.147538	-3.90014e-05	2.23188
SRX512369	TFs and others	POU5F1	Pluripotent stem cell	iPS cells	3097	22/483	1/49	-0.147538	-3.90014e-05	2.23188
SRX5323810	TFs and others	ESR1	Breast	T-47D	2164	22/483	1/49	-0.147538	-3.90014e-05	2.23188
SRX5493769	TFs and others	ESR1	Breast	Breast cancer cells	3665	22/483	1/49	-0.147538	-3.90014e-05	2.23188
SRX5514014	TFs and others	FOS	Uterus	Uterin leiomyoma	1188	22/483	1/49	-0.147538	-3.90014e-05	2.23188
SRX573186	TFs and others	GFP	Epidermis	CS1AN	346	22/483	1/49	-0.147538	-3.90014e-05	2.23188
SRX5771672	TFs and others	SOX17	Gonad	Tcam-2	16367	22/483	1/49	-0.147538	-3.90014e-05	2.23188
SRX6175597	TFs and others	STAG2	Bone	A-673	10932	22/483	1/49	-0.147538	-3.90014e-05	2.23188
SRX6175624	TFs and others	STAG2	Bone	A-673	8196	22/483	1/49	-0.147538	-3.90014e-05	2.23188
SRX6430562	TFs and others	EZH2	Blood	KARPAS-422	1642	22/483	1/49	-0.147538	-3.90014e-05	2.23188
SRX6614748	TFs and others	SMC3	Lung	IMR-90	7837	22/483	1/49	-0.147538	-3.90014e-05	2.23188
SRX6748245	TFs and others	FOXA1	Prostate	Prostate cancer	8461	22/483	1/49	-0.147538	-3.90014e-05	2.23188
SRX6763476	TFs and others	EGR1	Blood	Macrophages	673	22/483	1/49	-0.147538	-3.90014e-05	2.23188
SRX6957461	TFs and others	FOXL2	Kidney	HGrC1	5625	22/483	1/49	-0.147538	-3.90014e-05	2.23188
SRX6973252	TFs and others	GFP	Pluripotent stem cell	ES cells	365	22/483	1/49	-0.147538	-3.90014e-05	2.23188
SRX7088114	TFs and others	TP53	Cardiovascular	HPAEC	2731	22/483	1/49	-0.147538	-3.90014e-05	2.23188
SRX7121994	TFs and others	SMARCA4	Breast	MCF-7	5825	22/483	1/49	-0.147538	-3.90014e-05	2.23188
SRX7228374	TFs and others	FANCD2	Digestive tract	HCT 116	851	22/483	1/49	-0.147538	-3.90014e-05	2.23188
SRX747793	TFs and others	FOXA1	Breast	MCF-7	5693	22/483	1/49	-0.147538	-3.90014e-05	2.23188
SRX7494164	TFs and others	HIF1A	Blood	K-562	950	22/483	1/49	-0.147538	-3.90014e-05	2.23188
SRX8080546	TFs and others	Epitope tags	Breast	Mammary gland ductal carcinoma	6615	22/483	1/49	-0.147538	-3.90014e-05	2.23188
SRX821814	TFs and others	PPARG	Adipocyte	Adipose Tissue, White	702	22/483	1/49	-0.147538	-3.90014e-05	2.23188
SRX8406304	TFs and others	HOXB13	Prostate	Prostate	17320	22/483	1/49	-0.147538	-3.90014e-05	2.23188
SRX8406511	TFs and others	FOXA1	Prostate	Prostate	7829	22/483	1/49	-0.147538	-3.90014e-05	2.23188
SRX8841619	TFs and others	CTCF	Blood	Lymphoblasts	6221	22/483	1/49	-0.147538	-3.90014e-05	2.23188
SRX8961858	TFs and others	TBP	Others	Mesenchymal stem cells	985	22/483	1/49	-0.147538	-3.90014e-05	2.23188
SRX9237242	TFs and others	FIP1L1	Blood	K-562	2598	22/483	1/49	-0.147538	-3.90014e-05	2.23188
SRX9698443	TFs and others	BRF1	Blood	THP-1	2767	22/483	1/49	-0.147538	-3.90014e-05	2.23188
SRX9719179	TFs and others	GATA3	Breast	MCF-7	9711	22/483	1/49	-0.147538	-3.90014e-05	2.23188
SRX9719182	TFs and others	GATA3	Breast	MCF-7	7665	22/483	1/49	-0.147538	-3.90014e-05	2.23188
SRX4212591	TFs and others	EZH2	Blood	Peripheral blood mononuclear cells	3828	99/483	11/49	-0.146348	-3.90014e-05	0.913043
ERX200494	TFs and others	CTCF	Blood	B cells	4898	23/483	1/49	-0.145815	-3.90014e-05	2.33333
SRX027912	TFs and others	RELA	Uterus	HeLa	4275	23/483	1/49	-0.145815	-3.90014e-05	2.33333
SRX100404	TFs and others	NR3C1	Lung	A549	7997	23/483	1/49	-0.145815	-3.90014e-05	2.33333
SRX1012597	TFs and others	ESR1	Breast	T-47D	7227	23/483	1/49	-0.145815	-3.90014e-05	2.33333
SRX10151298	TFs and others	XRCC1	Pluripotent stem cell	iPS derived neural cells	978	23/483	1/49	-0.145815	-3.90014e-05	2.33333
SRX10158154	TFs and others	BRD4	Blood	KBM-7	2035	23/483	1/49	-0.145815	-3.90014e-05	2.33333
SRX10212058	TFs and others	ATF4	Blood	THP-1	12154	23/483	1/49	-0.145815	-3.90014e-05	2.33333
SRX10484569	TFs and others	KMT2A	Others	Acute lymphoid leukemia	686	23/483	1/49	-0.145815	-3.90014e-05	2.33333
SRX1067063	TFs and others	FOXA1	Prostate	Prostate cancer cells	3602	23/483	1/49	-0.145815	-3.90014e-05	2.33333
SRX1078847	TFs and others	ELL2	Digestive tract	HCT 116	1083	23/483	1/49	-0.145815	-3.90014e-05	2.33333
SRX10881846	TFs and others	SMARCB1	Kidney	G-401	1569	23/483	1/49	-0.145815	-3.90014e-05	2.33333
SRX1099626	TFs and others	GRHL2	Gonad	OVCAR-3	2084	23/483	1/49	-0.145815	-3.90014e-05	2.33333
SRX1177906	TFs and others	CDK9	Digestive tract	HCT 116	956	23/483	1/49	-0.145815	-3.90014e-05	2.33333
SRX1424883	TFs and others	AFF1	Blood	SEM	950	23/483	1/49	-0.145815	-3.90014e-05	2.33333
SRX150669	TFs and others	ELK4	Kidney	293	549	23/483	1/49	-0.145815	-3.90014e-05	2.33333
SRX1531780	TFs and others	NIPBL	Lung	A549	1404	23/483	1/49	-0.145815	-3.90014e-05	2.33333
SRX155757	TFs and others	HSF1	Lung	NCI-H838	659	23/483	1/49	-0.145815	-3.90014e-05	2.33333
SRX1652872	TFs and others	POU2AF1	Blood	HBL-1	520	23/483	1/49	-0.145815	-3.90014e-05	2.33333
SRX176048	TFs and others	AR	Prostate	C4-2	643	23/483	1/49	-0.145815	-3.90014e-05	2.33333
SRX186627	TFs and others	CUX1	Blood	K-562	2841	23/483	1/49	-0.145815	-3.90014e-05	2.33333
SRX2020849	TFs and others	STAT3	Breast	HCC1143	2066	23/483	1/49	-0.145815	-3.90014e-05	2.33333
SRX2255894	TFs and others	Epitope tags	Kidney	293	11566	23/483	1/49	-0.145815	-3.90014e-05	2.33333
SRX2343934	TFs and others	EP300	Cardiovascular	Large pulmonary artery endothelial cells	1891	23/483	1/49	-0.145815	-3.90014e-05	2.33333
SRX2343935	TFs and others	EP300	Cardiovascular	Large pulmonary artery endothelial cells	2268	23/483	1/49	-0.145815	-3.90014e-05	2.33333
SRX2460066	TFs and others	ESR1	Breast	Breast cancer cells	1798	23/483	1/49	-0.145815	-3.90014e-05	2.33333
SRX2652439	TFs and others	ZBTB48	Uterus	HeLa	3463	23/483	1/49	-0.145815	-3.90014e-05	2.33333
SRX3230393	TFs and others	NPAS2	Liver	Hep G2	1580	23/483	1/49	-0.145815	-3.90014e-05	2.33333
SRX3345960	TFs and others	NAB2	Blood	HL-60	1151	23/483	1/49	-0.145815	-3.90014e-05	2.33333
SRX3395153	TFs and others	PDX1	Pluripotent stem cell	iPS derived pancreatic cells	4144	23/483	1/49	-0.145815	-3.90014e-05	2.33333
SRX3592679	TFs and others	GATA6	Pluripotent stem cell	hESC HUES8	12655	23/483	1/49	-0.145815	-3.90014e-05	2.33333
SRX3599301	TFs and others	FLI1	Cardiovascular	HUVEC	1004	23/483	1/49	-0.145815	-3.90014e-05	2.33333
SRX3800730	TFs and others	RAD21	Breast	T-47D	1689	23/483	1/49	-0.145815	-3.90014e-05	2.33333
SRX4451206	TFs and others	ESR1	Breast	MCF-7	6935	23/483	1/49	-0.145815	-3.90014e-05	2.33333
SRX4786543	TFs and others	ESR1	Breast	MCF-7	4326	23/483	1/49	-0.145815	-3.90014e-05	2.33333
SRX4802349	TFs and others	EPAS1	Kidney	RCC4	1004	23/483	1/49	-0.145815	-3.90014e-05	2.33333
SRX4941322	TFs and others	XBP1	Prostate	LNCAP	680	23/483	1/49	-0.145815	-3.90014e-05	2.33333
SRX5089443	TFs and others	SMARCB1	Breast	MCF-7	3874	23/483	1/49	-0.145815	-3.90014e-05	2.33333
SRX5124837	TFs and others	FOXA1	Prostate	22Rv1	5100	23/483	1/49	-0.145815	-3.90014e-05	2.33333
SRX518683	TFs and others	IRF4	Blood	OCI-LY-3	2218	23/483	1/49	-0.145815	-3.90014e-05	2.33333
SRX5203292	TFs and others	CTCF	Breast	MCF-7	8199	23/483	1/49	-0.145815	-3.90014e-05	2.33333
SRX5250531	TFs and others	MLXIP	Uterus	HeLa	499	23/483	1/49	-0.145815	-3.90014e-05	2.33333
SRX5391691	TFs and others	CTCF	Blood	Neutrophils	3292	23/483	1/49	-0.145815	-3.90014e-05	2.33333
SRX5394928	TFs and others	ATOH1	Epidermis	MKL-1	10197	23/483	1/49	-0.145815	-3.90014e-05	2.33333
SRX5574495	TFs and others	SPI1	Blood	CTV-1	4024	23/483	1/49	-0.145815	-3.90014e-05	2.33333
SRX5930116	TFs and others	EP300	Blood	Acute myeloid leukemia	6176	23/483	1/49	-0.145815	-3.90014e-05	2.33333
SRX5974545	TFs and others	GATA1	Blood	K-562	12182	23/483	1/49	-0.145815	-3.90014e-05	2.33333
SRX612503	TFs and others	BRD3	Liver	LX2	319	23/483	1/49	-0.145815	-3.90014e-05	2.33333
SRX668219	TFs and others	ZNF92	Neural	HRPEpiC	11932	23/483	1/49	-0.145815	-3.90014e-05	2.33333
SRX6858247	TFs and others	HSF1	Breast	MCF-7	759	23/483	1/49	-0.145815	-3.90014e-05	2.33333
SRX6858248	TFs and others	HSF1	Breast	MCF-7	954	23/483	1/49	-0.145815	-3.90014e-05	2.33333
SRX7054624	TFs and others	RELA	Cardiovascular	HAEC	4147	23/483	1/49	-0.145815	-3.90014e-05	2.33333
SRX7054658	TFs and others	RELA	Cardiovascular	HAEC	4282	23/483	1/49	-0.145815	-3.90014e-05	2.33333
SRX7427136	TFs and others	SMC3	Blood	CUTLL1	13296	23/483	1/49	-0.145815	-3.90014e-05	2.33333
SRX7498502	TFs and others	CTCF	Uterus	Ca Ski	17898	23/483	1/49	-0.145815	-3.90014e-05	2.33333
SRX753139	TFs and others	GTF2I	Pluripotent stem cell	iPS cells	1652	23/483	1/49	-0.145815	-3.90014e-05	2.33333
SRX7677739	TFs and others	NCBP1	Digestive tract	DLD-1	895	23/483	1/49	-0.145815	-3.90014e-05	2.33333
SRX790968	TFs and others	RELB	Blood	L-1236	2087	23/483	1/49	-0.145815	-3.90014e-05	2.33333
SRX7972455	TFs and others	MKL2	Epidermis	MKL-2	9484	23/483	1/49	-0.145815	-3.90014e-05	2.33333
SRX821808	TFs and others	PPARG	Adipocyte	Adipose Tissue, White	638	23/483	1/49	-0.145815	-3.90014e-05	2.33333
SRX8336463	TFs and others	GATA4	Pluripotent stem cell	hESC derived pancreatic cells	4276	23/483	1/49	-0.145815	-3.90014e-05	2.33333
SRX8406506	TFs and others	FOXA1	Prostate	Prostate	5083	23/483	1/49	-0.145815	-3.90014e-05	2.33333
SRX8406508	TFs and others	FOXA1	Prostate	Prostate	13196	23/483	1/49	-0.145815	-3.90014e-05	2.33333
SRX8432586	TFs and others	TBP	Pluripotent stem cell	iPS cells	1142	23/483	1/49	-0.145815	-3.90014e-05	2.33333
SRX8602207	TFs and others	IRF4	Blood	OCI-LY-10	7733	23/483	1/49	-0.145815	-3.90014e-05	2.33333
SRX895432	TFs and others	SUMO2	Blood	K-562	3107	23/483	1/49	-0.145815	-3.90014e-05	2.33333
SRX9071225	TFs and others	BRD4	Blood	SEM	1453	23/483	1/49	-0.145815	-3.90014e-05	2.33333
SRX9187413	TFs and others	HDAC1	Pancreas	MIA Paca-2	1208	23/483	1/49	-0.145815	-3.90014e-05	2.33333
SRX9600619	TFs and others	G-quadruplex	Blood	K-562	320	23/483	1/49	-0.145815	-3.90014e-05	2.33333
SRX9600653	TFs and others	G-quadruplex	Blood	K-562	331	23/483	1/49	-0.145815	-3.90014e-05	2.33333
SRX968418	TFs and others	ARNT	Kidney	786-O	411	23/483	1/49	-0.145815	-3.90014e-05	2.33333
SRX1334498	TFs and others	MYC	Prostate	LNCAP	5410	105/483	9/49	-0.145387	0	1.18357
SRX150640	TFs and others	USF2	Uterus	HeLa	9231	105/483	9/49	-0.145387	0	1.18357
SRX3229156	TFs and others	ESR1	Breast	Breast cancer	7156	105/483	9/49	-0.145387	0	1.18357
SRX5574498	TFs and others	SPI1	Blood	CTV-1	13604	105/483	9/49	-0.145387	0	1.18357
SRX190219	TFs and others	EP300	Neural	SK-N-SH	23781	104/483	9/49	-0.145362	0	1.1723
SRX2268285	TFs and others	SPI1	Blood	THP-1	65632	106/483	9/49	-0.145224	0	1.19485
SRX3509030	TFs and others	TFAP2C	Pluripotent stem cell	hESC UCLA1	4137	106/483	9/49	-0.145224	0	1.19485
SRX6813404	TFs and others	ATF4	Uterus	HeLa	11485	103/483	9/49	-0.145148	0	1.16103
SRX7944500	TFs and others	ESR1	Uterus	Ishikawa	12272	103/483	9/49	-0.145148	0	1.16103
SRX2059875	TFs and others	SUPT5H	Blood	BJAB	16599	380/483	40/49	-0.145148	0	0.963768
SRX10131663	TFs and others	CDK9	Lung	Bronchial tracheal epithelial cells	5456	107/483	9/49	-0.144876	0	1.20612
SRX100475	TFs and others	EGR1	Pluripotent stem cell	hESC H1	5548	100/483	11/49	-0.144859	0	0.922266
SRX6813402	TFs and others	CEBPB	Blood	THP-1	39339	100/483	11/49	-0.144859	0	0.922266
SRX7114559	TFs and others	Epitope tags	Breast	MCF-7	48503	105/483	12/49	-0.144349	0	0.887681
SRX092303	TFs and others	GATA2	Blood	K-562	8843	24/483	1/49	-0.143464	0	2.43478
SRX1012612	TFs and others	EP300	Breast	T-47D	8140	24/483	1/49	-0.143464	0	2.43478
SRX1012741	TFs and others	ESR1	Breast	MCF-7	1135	24/483	1/49	-0.143464	0	2.43478
SRX1012746	TFs and others	ESR1	Breast	MCF-7	1785	24/483	1/49	-0.143464	0	2.43478
SRX11094547	TFs and others	FLI1	Bone	MIC	12335	24/483	1/49	-0.143464	0	2.43478
SRX111321	TFs and others	HOXC9	Neural	BE(2)-C	8975	24/483	1/49	-0.143464	0	2.43478
SRX11555334	TFs and others	CTCF	Lung	A549	11787	24/483	1/49	-0.143464	0	2.43478
SRX1161166	TFs and others	NR3C1	Breast	MCF-7	7380	24/483	1/49	-0.143464	0	2.43478
SRX1477650	TFs and others	Epitope tags	Lung	MRC-5	7545	24/483	1/49	-0.143464	0	2.43478
SRX150655	TFs and others	BACH1	Blood	K-562	2528	24/483	1/49	-0.143464	0	2.43478
SRX176864	TFs and others	GATA3	Breast	MCF-7	35095	24/483	1/49	-0.143464	0	2.43478
SRX1787684	TFs and others	KMT2C	Breast	MCF-7	5813	24/483	1/49	-0.143464	0	2.43478
SRX2236973	TFs and others	CTCF	Bone	U2OS	12110	24/483	1/49	-0.143464	0	2.43478
SRX2404136	TFs and others	RELA	Others	Detroit 562	3810	24/483	1/49	-0.143464	0	2.43478
SRX265237	TFs and others	CBFB	Blood	U-937	1545	24/483	1/49	-0.143464	0	2.43478
SRX2652437	TFs and others	ZBTB48	Uterus	HeLa	744	24/483	1/49	-0.143464	0	2.43478
SRX266859	TFs and others	POU5F1	Pluripotent stem cell	hESC HUES64	4606	24/483	1/49	-0.143464	0	2.43478
SRX2671806	TFs and others	EP300	Pluripotent stem cell	iPS cells	10602	24/483	1/49	-0.143464	0	2.43478
SRX2683579	TFs and others	Epitope tags	Kidney	293	511	24/483	1/49	-0.143464	0	2.43478
SRX2683586	TFs and others	Epitope tags	Kidney	293	473	24/483	1/49	-0.143464	0	2.43478
SRX2683610	TFs and others	Epitope tags	Kidney	293	491	24/483	1/49	-0.143464	0	2.43478
SRX2683611	TFs and others	Epitope tags	Kidney	293	498	24/483	1/49	-0.143464	0	2.43478
SRX2793578	TFs and others	RB1	Breast	MCF-7	1296	24/483	1/49	-0.143464	0	2.43478
SRX2944448	TFs and others	MYC	Breast	MCF 10A	703	24/483	1/49	-0.143464	0	2.43478
SRX298273	TFs and others	MAFK	Blood	OCI-LY-7	3114	24/483	1/49	-0.143464	0	2.43478
SRX2993407	TFs and others	HIF1A	Kidney	Renal tubular cells	1990	24/483	1/49	-0.143464	0	2.43478
SRX3080210	TFs and others	JUN	Breast	MCF-7	5745	24/483	1/49	-0.143464	0	2.43478
SRX3292075	TFs and others	TFAP2A	Pluripotent stem cell	hESC derived trophoblast cells	3109	24/483	1/49	-0.143464	0	2.43478
SRX3392333	TFs and others	ZEB1	Lung	NCI-H1975	1369	24/483	1/49	-0.143464	0	2.43478
SRX367642	TFs and others	GATA6	Digestive tract	AGS	10831	24/483	1/49	-0.143464	0	2.43478
SRX4170708	TFs and others	WDR5	Blood	K-562	1254	24/483	1/49	-0.143464	0	2.43478
SRX433190	TFs and others	AR	Kidney	293	41112	24/483	1/49	-0.143464	0	2.43478
SRX4708074	TFs and others	PTBP1	Blood	K-562	1011	24/483	1/49	-0.143464	0	2.43478
SRX4802339	TFs and others	HIF1A	Kidney	HKC8	1046	24/483	1/49	-0.143464	0	2.43478
SRX5089427	TFs and others	SMARCB1	Breast	MCF-7	4038	24/483	1/49	-0.143464	0	2.43478
SRX5195717	TFs and others	ARID1A	Uterus	Endometrial epithelial cells	8404	24/483	1/49	-0.143464	0	2.43478
SRX5203308	TFs and others	CTCF	Breast	MCF-7	11142	24/483	1/49	-0.143464	0	2.43478
SRX5323808	TFs and others	ESR1	Breast	T-47D	3314	24/483	1/49	-0.143464	0	2.43478
SRX5401860	TFs and others	NR3C1	Breast	T-47D	8572	24/483	1/49	-0.143464	0	2.43478
SRX5716454	TFs and others	SOX3	Neural	Neural progenitor cells	431	24/483	1/49	-0.143464	0	2.43478
SRX5930140	TFs and others	HDAC3	Muscle	RH-4	3188	24/483	1/49	-0.143464	0	2.43478
SRX5974512	TFs and others	CTCF	Blood	K-562	10007	24/483	1/49	-0.143464	0	2.43478
SRX6748256	TFs and others	FOXA1	Prostate	Prostate cancer	18185	24/483	1/49	-0.143464	0	2.43478
SRX6764991	TFs and others	WDR5	Digestive tract	LoVo	1765	24/483	1/49	-0.143464	0	2.43478
SRX6857972	TFs and others	PGR	Uterus	Myometrium	1450	24/483	1/49	-0.143464	0	2.43478
SRX6957434	TFs and others	FOXL2	Kidney	HGrC1	3254	24/483	1/49	-0.143464	0	2.43478
SRX7427135	TFs and others	SMC3	Blood	CUTLL1	14389	24/483	1/49	-0.143464	0	2.43478
SRX747789	TFs and others	RELA	Breast	MCF-7	414	24/483	1/49	-0.143464	0	2.43478
SRX8089634	TFs and others	FOXA1	Prostate	VCaP	8301	24/483	1/49	-0.143464	0	2.43478
SRX8090643	TFs and others	BRD4	Others	Synoviocytes	1186	24/483	1/49	-0.143464	0	2.43478
SRX8406308	TFs and others	HOXB13	Prostate	Prostate	17943	24/483	1/49	-0.143464	0	2.43478
SRX8406518	TFs and others	FOXA1	Prostate	Prostatic Neoplasms, Castration-Resistant	16396	24/483	1/49	-0.143464	0	2.43478
SRX8406527	TFs and others	FOXA1	Prostate	Prostatic Neoplasms, Castration-Resistant	18361	24/483	1/49	-0.143464	0	2.43478
SRX9434361	TFs and others	RELA	Digestive tract	HT-29	1811	24/483	1/49	-0.143464	0	2.43478
SRX150388	TFs and others	NRF1	Pluripotent stem cell	hESC H1	3992	107/483	12/49	-0.142771	0	0.904589
SRX2020847	TFs and others	STAT3	Breast	MDA-MB-468	16904	107/483	12/49	-0.142771	0	0.904589
SRX150490	TFs and others	MYC	Blood	K-562	5967	108/483	12/49	-0.141732	0	0.913043
SRX150545	TFs and others	MYC	Blood	K-562	5759	108/483	12/49	-0.141732	0	0.913043
SRX022396	TFs and others	VDR	Blood	Lymphoblastoid cell line	3101	23/483	3/49	-0.140567	0	0.777778
SRX084525	TFs and others	ETS1	Prostate	RWPE-1	234	23/483	3/49	-0.140567	0	0.777778
SRX100583	TFs and others	BATF	Blood	GM12878	28200	23/483	3/49	-0.140567	0	0.777778
SRX10119381	TFs and others	STAT3	Breast	MCF 10A	1243	23/483	3/49	-0.140567	0	0.777778
SRX10760641	TFs and others	EP300	Blood	MM.1S	4159	23/483	3/49	-0.140567	0	0.777778
SRX1116522	TFs and others	ESR1	Breast	MCF-7	326	23/483	3/49	-0.140567	0	0.777778
SRX129086	TFs and others	MED1	Blood	P493-6	1817	23/483	3/49	-0.140567	0	0.777778
SRX1885196	TFs and others	PIAS1	Prostate	LNCAP	16652	23/483	3/49	-0.140567	0	0.777778
SRX204164	TFs and others	SUMO2	Lung	WI-38	1833	23/483	3/49	-0.140567	0	0.777778
SRX3285601	TFs and others	ESR1	Breast	FULR	3169	23/483	3/49	-0.140567	0	0.777778
SRX356610	TFs and others	STAG1	Blood	GM18951	20460	23/483	3/49	-0.140567	0	0.777778
SRX4115993	TFs and others	ESR1	Breast	MCF-7	4626	23/483	3/49	-0.140567	0	0.777778
SRX4451215	TFs and others	ESR1	Breast	MCF-7	8992	23/483	3/49	-0.140567	0	0.777778
SRX4796928	TFs and others	PPARG	Adipocyte	Adipose Tissue	6718	23/483	3/49	-0.140567	0	0.777778
SRX5514022	TFs and others	JUN	Uterus	Uterin leiomyoma	543	23/483	3/49	-0.140567	0	0.777778
SRX6596844	TFs and others	EGR1	Others	Fibroblasts	703	23/483	3/49	-0.140567	0	0.777778
SRX7055000	TFs and others	ERG	Cardiovascular	HAEC	3475	23/483	3/49	-0.140567	0	0.777778
SRX747790	TFs and others	RELA	Breast	MCF-7	567	23/483	3/49	-0.140567	0	0.777778
SRX818637	TFs and others	PIAS1	Kidney	293	8211	23/483	3/49	-0.140567	0	0.777778
SRX8406311	TFs and others	HOXB13	Prostate	Prostatic Neoplasms, Castration-Resistant	20606	23/483	3/49	-0.140567	0	0.777778
SRX9350928	TFs and others	BRD4	Digestive tract	COLO 320HSR	1456	23/483	3/49	-0.140567	0	0.777778
SRX150556	TFs and others	E2F1	Breast	MCF-7	17635	374/483	37/49	-0.140535	0	1.02546
SRX4708034	TFs and others	RBFOX2	Liver	Hep G2	18845	374/483	37/49	-0.140535	0	1.02546
SRX015142	TFs and others	MYC	Blood	K-562	5982	109/483	12/49	-0.140535	0	0.921498
SRX2770854	TFs and others	SPI1	Blood	Macrophages	47143	109/483	12/49	-0.140535	0	0.921498
SRX7366778	TFs and others	ZMYND8	Breast	MCF-7	5309	109/483	12/49	-0.140535	0	0.921498
SRX10218286	TFs and others	GATA1	Blood	HUDEP-2	26586	115/483	10/49	-0.140177	0	1.16667
SRX2436057	TFs and others	NEUROD1	Neural	D341 Med	5020	115/483	10/49	-0.140177	0	1.16667
SRX1048461	TFs and others	SPI1	Blood	DOHH-2	43434	114/483	10/49	-0.140174	0	1.15652
SRX4931242	TFs and others	KMT2D	Kidney	293	3488	114/483	10/49	-0.140174	0	1.15652
SRX9433102	TFs and others	MYC	Bone	U2OS	5488	114/483	10/49	-0.140174	0	1.15652
SRX5574461	TFs and others	SPI1	Blood	CTV-1	40626	116/483	10/49	-0.140012	0	1.17681
SRX190352	TFs and others	CREB1	Pluripotent stem cell	hESC H1	17758	367/483	39/49	-0.140012	0	0.954664
SRX1538760	TFs and others	NR1H3	Digestive tract	HT-29	22846	113/483	10/49	-0.140001	0	1.14638
SRX4367431	TFs and others	TBP	Lung	Bronchial tracheal epithelial cells	11034	369/483	36/49	-0.13968	0	1.03986
SRX2436058	TFs and others	NEUROD1	Neural	D341 Med	8126	112/483	10/49	-0.139655	0	1.13623
SRX347424	TFs and others	STAT3	Blood	OCI-LY-7	6590	112/483	10/49	-0.139655	0	1.13623
SRX4931234	TFs and others	KMT2D	Kidney	293	3264	112/483	10/49	-0.139655	0	1.13623
SRX3852890	TFs and others	NELFA	Blood	K-562	13716	368/483	36/49	-0.139186	0	1.03704
SRX150657	TFs and others	RCOR1	Uterus	HeLa	11556	115/483	13/49	-0.139186	0	0.897436
SRX8299864	TFs and others	MYC	Bone	U2OS	6703	115/483	13/49	-0.139186	0	0.897436
SRX2314262	TFs and others	SUPT5H	Blood	MOLT-4	13732	367/483	36/49	-0.138533	0	1.03422
SRX054571	TFs and others	Epitope tags	Breast	MCF-7	15107	366/483	36/49	-0.137725	0	1.0314
SRX5824578	TFs and others	BRD2	Breast	SUM 159PT	14897	366/483	36/49	-0.137725	0	1.0314
SRX194566	TFs and others	E2F4	Breast	MCF-7	2371	117/483	13/49	-0.137725	0	0.913043
SRX2436052	TFs and others	OTX2	Neural	D341 Med	18502	117/483	13/49	-0.137725	0	0.913043
SRX5574345	TFs and others	SPI1	Blood	Monocytes	32163	117/483	13/49	-0.137725	0	0.913043
SRX666439	TFs and others	BCL6	Blood	CD4+ T cells	5173	117/483	13/49	-0.137725	0	0.913043
SRX022392	TFs and others	VDR	Blood	Lymphoblastoid cell line	2702	24/483	3/49	-0.137208	0	0.811594
SRX1156473	TFs and others	GATA3	Breast	MDA-MB-231	11019	24/483	3/49	-0.137208	0	0.811594
SRX186610	TFs and others	ESRRA	Blood	GM12878	1320	24/483	3/49	-0.137208	0	0.811594
SRX2642375	TFs and others	HOXB13	Prostate	VCaP	9521	24/483	3/49	-0.137208	0	0.811594
SRX2741418	TFs and others	CHD4	Others	SCC-9	1902	24/483	3/49	-0.137208	0	0.811594
SRX2796992	TFs and others	ERF	Prostate	VCaP	5886	24/483	3/49	-0.137208	0	0.811594
SRX3229120	TFs and others	ESR1	Breast	Breast cancer	896	24/483	3/49	-0.137208	0	0.811594
SRX433197	TFs and others	AR	Prostate	PC-3	26433	24/483	3/49	-0.137208	0	0.811594
SRX4404415	TFs and others	MYCN	Prostate	22Rv1	811	24/483	3/49	-0.137208	0	0.811594
SRX5232045	TFs and others	INSR	Liver	Hep G2	1126	24/483	3/49	-0.137208	0	0.811594
SRX5323814	TFs and others	ESR1	Breast	T-47D	3516	24/483	3/49	-0.137208	0	0.811594
SRX6780877	TFs and others	CRTC1	Pluripotent stem cell	iPS derived neural cells	1055	24/483	3/49	-0.137208	0	0.811594
SRX6878593	TFs and others	AR	Prostate	LNCAP	4702	24/483	3/49	-0.137208	0	0.811594
SRX6949258	TFs and others	GFP	Uterus	HeLa	8920	24/483	3/49	-0.137208	0	0.811594
SRX751299	TFs and others	MED1	Adipocyte	Adipose-Derived Mesenchymal Stem Cells	7341	24/483	3/49	-0.137208	0	0.811594
SRX8080558	TFs and others	Epitope tags	Breast	Mammary gland adenocarcinoma	13314	24/483	3/49	-0.137208	0	0.811594
SRX2436048	TFs and others	OTX2	Neural	D341 Med	34917	118/483	13/49	-0.136768	0	0.920847
SRX7805367	TFs and others	ZFY	Prostate	22Rv1	4941	118/483	13/49	-0.136768	0	0.920847
SRX100415	TFs and others	REST	Pancreas	PANC-1	6671	124/483	11/49	-0.135815	0	1.14361
SRX10218289	TFs and others	GATA1	Blood	HUDEP-2	26635	124/483	11/49	-0.135815	0	1.14361
SRX3601960	TFs and others	FLI1	Cardiovascular	HUVEC	19658	123/483	11/49	-0.135675	0	1.13439
SRX366793	TFs and others	BRD3	Blood	MM.1S	3321	123/483	11/49	-0.135675	0	1.13439
SRX7054662	TFs and others	RELA	Cardiovascular	HAEC	16040	119/483	13/49	-0.135666	0	0.928651
SRX818642	TFs and others	SUMO2	Kidney	293	60250	119/483	13/49	-0.135666	0	0.928651
SRX150480	TFs and others	E2F4	Breast	MCF 10A	11524	357/483	38/49	-0.135632	0	0.953089
SRX8406515	TFs and others	FOXA1	Prostate	Prostate	26434	122/483	11/49	-0.135378	0	1.12516
SRX2194279	TFs and others	BRD4	Breast	SUM 159PT	34603	361/483	38/49	-0.135378	0	0.963768
SRX062339	TFs and others	RUNX1	Blood	CD34+	24340	124/483	14/49	-0.135312	0	0.898551
SRX9702210	TFs and others	IRF3	Blood	MM.1S	28869	357/483	35/49	-0.134229	0	1.03478
SRX334259	TFs and others	E2F1	Unclassified	Unclassified	2426	126/483	14/49	-0.134229	0	0.913043
SRX4313223	TFs and others	HDAC1	Muscle	RH-4	28727	356/483	35/49	-0.133473	0	1.03188
SRX4712348	TFs and others	LDB1	Blood	Macrophages	3456	127/483	14/49	-0.133473	0	0.92029
SRX065548	TFs and others	ELK4	Kidney	293	434	25/483	3/49	-0.133464	0	0.845411
SRX11220466	TFs and others	TRIM28	Digestive tract	HT-29	2395	25/483	3/49	-0.133464	0	0.845411
SRX233463	TFs and others	TFAP2A	Breast	MCF-7	6352	25/483	3/49	-0.133464	0	0.845411
SRX2404137	TFs and others	RELA	Others	Detroit 562	2959	25/483	3/49	-0.133464	0	0.845411
SRX2404142	TFs and others	RELA	Others	Detroit 562	2270	25/483	3/49	-0.133464	0	0.845411
SRX3020564	TFs and others	PHIP	Digestive tract	HCT 116	2661	25/483	3/49	-0.133464	0	0.845411
SRX3110716	TFs and others	ESR1	Breast	MCF-7	3869	25/483	3/49	-0.133464	0	0.845411
SRX3422333	TFs and others	INSR	Liver	Hep G2	926	25/483	3/49	-0.133464	0	0.845411
SRX433202	TFs and others	AR	Prostate	PC-3	24176	25/483	3/49	-0.133464	0	0.845411
SRX5124833	TFs and others	FOXA1	Prostate	22Rv1	10531	25/483	3/49	-0.133464	0	0.845411
SRX5441328	TFs and others	PCF11	Uterus	HeLa	1487	25/483	3/49	-0.133464	0	0.845411
SRX5975300	TFs and others	CDK12	Bone	143B	848	25/483	3/49	-0.133464	0	0.845411
SRX8406299	TFs and others	HOXB13	Prostate	Prostate	15140	25/483	3/49	-0.133464	0	0.845411
SRX6068073	TFs and others	PGR	Uterus	Endometrium	16371	355/483	35/49	-0.132579	0	1.02899
SRX2339193	TFs and others	CREBBP	Blood	B cells	11914	128/483	14/49	-0.132579	0	0.927536
SRX5574492	TFs and others	SPI1	Blood	CTV-1	51007	128/483	14/49	-0.132579	0	0.927536
SRX5821034	TFs and others	GATA1	Blood	HUDEP-2	15479	128/483	14/49	-0.132579	0	0.927536
SRX5124036	TFs and others	FOXA1	Prostate	22Rv1	58308	133/483	12/49	-0.132016	0	1.1244
SRX7549664	TFs and others	TFAP2C	Pluripotent stem cell	hESC UCLA2	7741	136/483	12/49	-0.131928	0	1.14976
SRX2458138	TFs and others	MED1	Blood	GM12878	13023	132/483	12/49	-0.131759	0	1.11594
SRX4417539	TFs and others	BRD4	Pluripotent stem cell	hESC derived neural cells	5872	132/483	12/49	-0.131759	0	1.11594
SRX190349	TFs and others	RUNX3	Blood	GM12878	69155	351/483	37/49	-0.131759	0	0.962397
SRX190335	TFs and others	SIX5	Lung	A549	4434	134/483	15/49	-0.131617	0	0.90628
SRX2867629	TFs and others	BRD4	Blood	Lymphoblastoid cell line	13512	129/483	14/49	-0.131552	0	0.934783
SRX3675841	TFs and others	RAD21	Uterus	HeLa	37029	129/483	14/49	-0.131552	0	0.934783
SRX702045	TFs and others	OTX2	Pluripotent stem cell	hESC HUES64	22621	129/483	14/49	-0.131552	0	0.934783
SRX356543	TFs and others	STAG1	Blood	GM12892	34201	135/483	15/49	-0.131167	0	0.913043
SRX4046310	TFs and others	KDM6A	Blood	Erythroblasts	15219	135/483	15/49	-0.131167	0	0.913043
SRX2164786	TFs and others	NKX2-1	Lung	A549	53092	137/483	15/49	-0.129867	0	0.92657
SRX5930144	TFs and others	MYOD1	Muscle	RH-4	28965	137/483	15/49	-0.129867	0	0.92657
SRX9029198	TFs and others	POU2F2	Blood	Neutrophils	3977	137/483	15/49	-0.129867	0	0.92657
SRX100424	TFs and others	MEF2A	Blood	K-562	3121	26/483	3/49	-0.129407	0	0.879227
SRX11399802	TFs and others	HDAC2	Lung	NCI-H1963	1768	26/483	3/49	-0.129407	0	0.879227
SRX1709990	TFs and others	ESR1	Breast	T-47D	1433	26/483	3/49	-0.129407	0	0.879227
SRX1787651	TFs and others	FOXA1	Breast	MCF-7	20426	26/483	3/49	-0.129407	0	0.879227
SRX186807	TFs and others	ESR1	Breast	Breast cancer	1517	26/483	3/49	-0.129407	0	0.879227
SRX1995011	TFs and others	HIF1A	Bone	U2OS	429	26/483	3/49	-0.129407	0	0.879227
SRX3144857	TFs and others	SIN3A	Cardiovascular	HUVEC	1907	26/483	3/49	-0.129407	0	0.879227
SRX4404419	TFs and others	MYCN	Prostate	22Rv1	566	26/483	3/49	-0.129407	0	0.879227
SRX5089778	TFs and others	EGR1	Blood	TMD8	1008	26/483	3/49	-0.129407	0	0.879227
SRX5294341	TFs and others	DPF2	Kidney	TTC1240	10880	26/483	3/49	-0.129407	0	0.879227
SRX5323843	TFs and others	FOXA1	Breast	MCF-7	20551	26/483	3/49	-0.129407	0	0.879227
SRX702047	TFs and others	OTX2	Pluripotent stem cell	hESC derived mesendodermal cells	2177	26/483	3/49	-0.129407	0	0.879227
SRX747783	TFs and others	RELA	Breast	MCF-7	436	26/483	3/49	-0.129407	0	0.879227
SRX8406305	TFs and others	HOXB13	Prostate	Prostate	8773	26/483	3/49	-0.129407	0	0.879227
SRX150574	TFs and others	TBP	Blood	K-562	15813	345/483	34/49	-0.129023	0	1.02941
SRX10722979	TFs and others	CSTF2	Bone	U2OS	6802	144/483	13/49	-0.129003	0	1.12375
SRX3798674	TFs and others	BRCA1	Neural	SH-EP	7678	144/483	13/49	-0.129003	0	1.12375
SRX8536118	TFs and others	NFYB	Blood	HUDEP-2	11191	339/483	36/49	-0.129003	0	0.955314
SRX9550929	TFs and others	FOXA1	Prostate	Prostate cancer	40462	143/483	13/49	-0.128913	0	1.11594
SRX150723	TFs and others	MAX	Blood	NB-4	39360	340/483	36/49	-0.128913	0	0.958132
SRX8376361	TFs and others	FOXA1	Pluripotent stem cell	hESC derived pancreatic cells	22286	146/483	13/49	-0.128785	0	1.13935
SRX100425	TFs and others	ATF3	Blood	K-562	12575	142/483	13/49	-0.128689	0	1.10814
SRX2897197	TFs and others	ESR1	Breast	Breast cancer cells	19527	341/483	36/49	-0.128689	0	0.96095
SRX100570	TFs and others	SIN3A	Blood	K-562	7407	144/483	16/49	-0.128479	0	0.913043
SRX129069	TFs and others	MYC	Neural	U-87 MG	6224	144/483	16/49	-0.128479	0	0.913043
SRX150464	TFs and others	SMC3	Uterus	HeLa	40668	144/483	16/49	-0.128479	0	0.913043
SRX2555292	TFs and others	MYC	Neural	BE(2)-C	8682	141/483	13/49	-0.12833	0	1.10033
SRX4096728	TFs and others	HIF1A	Prostate	PC-3	11079	146/483	16/49	-0.127483	0	0.925725
SRX471876	TFs and others	ERG	Prostate	VCaP	6897	147/483	16/49	-0.126799	0	0.932065
SRX9550863	TFs and others	FOXA1	Prostate	Prostate cancer	61591	154/483	14/49	-0.126349	0	1.11594
SRX356544	TFs and others	STAG1	Blood	GM12892	35015	153/483	14/49	-0.126279	0	1.1087
SRX1514979	TFs and others	GFP	Kidney	293	51888	330/483	32/49	-0.126115	0	1.0462
SRX190241	TFs and others	SIN3A	Pancreas	PANC-1	4275	153/483	17/49	-0.126115	0	0.913043
SRX4941325	TFs and others	XBP1	Prostate	LNCAP	5191	148/483	16/49	-0.125994	0	0.938406
SRX356481	TFs and others	STAG1	Blood	GM12878	34444	154/483	17/49	-0.125812	0	0.919011
SRX092453	TFs and others	RBPJ	Blood	IB4	7642	27/483	3/49	-0.125104	0	0.913043
SRX150642	TFs and others	ZNF217	Breast	MCF-7	5163	27/483	3/49	-0.125104	0	0.913043
SRX150717	TFs and others	SMARCC2	Uterus	HeLa	428	27/483	3/49	-0.125104	0	0.913043
SRX1709986	TFs and others	ESR1	Breast	T-47D	1174	27/483	3/49	-0.125104	0	0.913043
SRX3124571	TFs and others	STAT1	Digestive tract	AGS	945	27/483	3/49	-0.125104	0	0.913043
SRX360570	TFs and others	HNF4A	Digestive tract	GP5d	2414	27/483	3/49	-0.125104	0	0.913043
SRX3923510	TFs and others	FOXA1	Breast	MCF-7	16320	27/483	3/49	-0.125104	0	0.913043
SRX3923522	TFs and others	FOXA1	Breast	ZR-75-1	16509	27/483	3/49	-0.125104	0	0.913043
SRX4001873	TFs and others	RAD21	Blood	THP-1	11853	27/483	3/49	-0.125104	0	0.913043
SRX4192884	TFs and others	JUN	Breast	MCF 10A	22528	27/483	3/49	-0.125104	0	0.913043
SRX5577139	TFs and others	Epitope tags	Prostate	LNCAP	13315	27/483	3/49	-0.125104	0	0.913043
SRX6596848	TFs and others	EGR1	Others	Fibroblasts	702	27/483	3/49	-0.125104	0	0.913043
SRX7262410	TFs and others	FOXA1	Others	Bladder cancer	5048	27/483	3/49	-0.125104	0	0.913043
SRX9426435	TFs and others	Epitope tags	Blood	RAMOS	2394	27/483	3/49	-0.125104	0	0.913043
SRX10045346	TFs and others	BAP1	Blood	THP-1	4688	157/483	17/49	-0.124185	0	0.936914
SRX5323862	TFs and others	STAT3	Breast	MCF-7	17368	164/483	15/49	-0.124102	0	1.10918
SRX100379	TFs and others	PAX5	Blood	GM12892	8525	163/483	15/49	-0.124049	0	1.10242
SRX7701213	TFs and others	BRD4	Lung	NCI-H1963	4282	163/483	15/49	-0.124049	0	1.10242
SRX9498730	TFs and others	TBP	Blood	K-562	8715	320/483	34/49	-0.124049	0	0.954817
SRX5323832	TFs and others	STAT3	Breast	T-47D	11620	165/483	15/49	-0.124036	0	1.11594
SRX9419923	TFs and others	BRD4	Breast	SK-BR-3	25843	318/483	34/49	-0.124036	0	0.948849
SRX190213	TFs and others	ATF3	Digestive tract	HCT 116	12718	162/483	15/49	-0.123877	0	1.09565
SRX1165093	TFs and others	GABPA	Liver	Hep G2	4342	163/483	18/49	-0.123852	0	0.91868
SRX10333909	TFs and others	SUPT5H	Digestive tract	DLD-1	13854	319/483	31/49	-0.12355	0	1.04395
SRX7692443	TFs and others	POLR2C	Breast	MCF-7	11108	319/483	31/49	-0.12355	0	1.04395
SRX2267461	TFs and others	BRD4	Others	RT-112	13362	164/483	18/49	-0.12355	0	0.924316
SRX1490931	TFs and others	RB1	Prostate	LNCAP	2821	173/483	16/49	-0.122173	0	1.09692
SRX356688	TFs and others	STAG1	Blood	GM19239	35719	173/483	16/49	-0.122173	0	1.09692
SRX2529781	TFs and others	Epitope tags	Blood	RAJI	13697	310/483	33/49	-0.122173	0	0.953008
SRX1478537	TFs and others	EP300	Kidney	Kidney Cortex	15725	309/483	30/49	-0.121643	0	1.04493
SRX9550926	TFs and others	FOXA1	Prostate	Prostate cancer	41521	309/483	30/49	-0.121643	0	1.04493
SRX1514969	TFs and others	GFP	Kidney	293	8359	170/483	16/49	-0.121377	0	1.0779
SRX5503031	TFs and others	Epitope tags	Kidney	293	13616	307/483	30/49	-0.12071	0	1.03816
ERX1149106	TFs and others	CTCF	Unclassified	Unclassified	8803	30/483	2/49	-0.120708	0	1.52174
ERX200508	TFs and others	CTCF	Blood	B cells	18302	30/483	2/49	-0.120708	0	1.52174
SRX026648	TFs and others	ERG	Blood	Acute myeloid leukemia	909	30/483	2/49	-0.120708	0	1.52174
SRX096360	TFs and others	Epitope tags	Cardiovascular	HUVEC	13396	30/483	2/49	-0.120708	0	1.52174
SRX10030481	TFs and others	AR	Prostate	LNCAP	663	30/483	2/49	-0.120708	0	1.52174
SRX1012654	TFs and others	PGR	Breast	MCF-7	13035	30/483	2/49	-0.120708	0	1.52174
SRX10365536	TFs and others	ESR1	Breast	MCF-7	18431	30/483	2/49	-0.120708	0	1.52174
SRX11023673	TFs and others	CEBPB	Lung	NCI-H441	2694	30/483	2/49	-0.120708	0	1.52174
SRX11094587	TFs and others	ERG	Bone	TC-106	12928	30/483	2/49	-0.120708	0	1.52174
SRX116430	TFs and others	KDM1A	Blood	K-562	4007	30/483	2/49	-0.120708	0	1.52174
SRX150611	TFs and others	ZNF263	Blood	K-562	1594	30/483	2/49	-0.120708	0	1.52174
SRX186608	TFs and others	SREBF2	Blood	GM12878	1072	30/483	2/49	-0.120708	0	1.52174
SRX186766	TFs and others	KDM1A	Blood	K-562	4036	30/483	2/49	-0.120708	0	1.52174
SRX2404132	TFs and others	RELA	Others	Detroit 562	5980	30/483	2/49	-0.120708	0	1.52174
SRX3110770	TFs and others	SMC3	Uterus	HeLa	21915	30/483	2/49	-0.120708	0	1.52174
SRX3346352	TFs and others	RELA	Kidney	786-O	2362	30/483	2/49	-0.120708	0	1.52174
SRX3436561	TFs and others	SSRP1	Bone	HT-1080	1571	30/483	2/49	-0.120708	0	1.52174
SRX356593	TFs and others	STAG1	Blood	GM18526	22021	30/483	2/49	-0.120708	0	1.52174
SRX4001908	TFs and others	RAD21	Blood	THP-1	21284	30/483	2/49	-0.120708	0	1.52174
SRX5124826	TFs and others	FOXA1	Prostate	C4-2	22662	30/483	2/49	-0.120708	0	1.52174
SRX5124842	TFs and others	FOXA1	Prostate	22Rv1	8470	30/483	2/49	-0.120708	0	1.52174
SRX5444519	TFs and others	KMT2A	Blood	MOLM-13	601	30/483	2/49	-0.120708	0	1.52174
SRX5514035	TFs and others	CDK8	Uterus	Uterin leiomyoma	816	30/483	2/49	-0.120708	0	1.52174
SRX6949263	TFs and others	SMC3	Uterus	HeLa	21887	30/483	2/49	-0.120708	0	1.52174
SRX7268458	TFs and others	KLF15	Bone	A-673	589	30/483	2/49	-0.120708	0	1.52174
SRX8299819	TFs and others	CTR9	Bone	U2OS	628	30/483	2/49	-0.120708	0	1.52174
SRX8453147	TFs and others	FOXA1	Blood	Lymph Nodes	11741	30/483	2/49	-0.120708	0	1.52174
SRX8861815	TFs and others	ESR1	Breast	T-47D	5318	30/483	2/49	-0.120708	0	1.52174
SRX8984311	TFs and others	FLI1	Bone	A-673	12529	30/483	2/49	-0.120708	0	1.52174
SRX9004387	TFs and others	USF2	Blood	SEM	1101	30/483	2/49	-0.120708	0	1.52174
SRX9006853	TFs and others	FOXA1	Prostate	22Rv1	13898	30/483	2/49	-0.120708	0	1.52174
SRX9434355	TFs and others	RELA	Digestive tract	SW 480	2343	30/483	2/49	-0.120708	0	1.52174
SRX968963	TFs and others	ESR1	Breast	MCF-7	16188	30/483	2/49	-0.120708	0	1.52174
SRX9550865	TFs and others	FOXA1	Prostate	Prostate cancer	61321	184/483	17/49	-0.120635	0	1.09804
SRX027273	TFs and others	SMARCC2	Uterus	HeLa	439	28/483	3/49	-0.120616	0	0.94686
SRX1038945	TFs and others	YAP1	Lung	IMR-90	18267	28/483	3/49	-0.120616	0	0.94686
SRX118013	TFs and others	NCOR1	Kidney	293	581	28/483	3/49	-0.120616	0	0.94686
SRX2188678	TFs and others	BRCA1	Bone	EWS502	942	28/483	3/49	-0.120616	0	0.94686
SRX2188691	TFs and others	BRCA1	Bone	U2OS	875	28/483	3/49	-0.120616	0	0.94686
SRX306506	TFs and others	AR	Prostate	DU 145	8564	28/483	3/49	-0.120616	0	0.94686
SRX4001762	TFs and others	RAD21	Blood	Macrophages	22781	28/483	3/49	-0.120616	0	0.94686
SRX4001909	TFs and others	RAD21	Blood	THP-1	18881	28/483	3/49	-0.120616	0	0.94686
SRX4096729	TFs and others	HIF1A	Prostate	PC-3	1500	28/483	3/49	-0.120616	0	0.94686
SRX4116009	TFs and others	FOXA1	Prostate	Prostate cancer cells	15582	28/483	3/49	-0.120616	0	0.94686
SRX5212371	TFs and others	SMARCA4	Others	Mel270	25835	28/483	3/49	-0.120616	0	0.94686
SRX5527655	TFs and others	ERG	Cardiovascular	HAEC	4115	28/483	3/49	-0.120616	0	0.94686
SRX5391690	TFs and others	CTCF	Blood	Neutrophils	26459	183/483	17/49	-0.120612	0	1.09207
SRX7807112	TFs and others	RUNX2	Unclassified	Unclassified	15418	183/483	17/49	-0.120612	0	1.09207
SRX8536109	TFs and others	GATA1	Blood	HUDEP-2	28891	183/483	17/49	-0.120612	0	1.09207
SRX150486	TFs and others	MAX	Liver	Hep G2	7082	182/483	20/49	-0.120548	0	0.923188
ERX1149061	TFs and others	CTCF	Unclassified	Unclassified	8842	31/483	2/49	-0.120541	0	1.57246
ERX1149091	TFs and others	CTCF	Unclassified	Unclassified	8757	31/483	2/49	-0.120541	0	1.57246
SRX1012538	TFs and others	BCL6	Blood	B cells	7052	31/483	2/49	-0.120541	0	1.57246
SRX10357208	TFs and others	ARNT	Uterus	HeLa	1239	31/483	2/49	-0.120541	0	1.57246
SRX10365534	TFs and others	ESR1	Breast	MCF-7	12462	31/483	2/49	-0.120541	0	1.57246
SRX1079390	TFs and others	SUMO2	Prostate	VCaP	9589	31/483	2/49	-0.120541	0	1.57246
SRX1161183	TFs and others	ESR1	Breast	ZR-75-1	8487	31/483	2/49	-0.120541	0	1.57246
SRX1261516	TFs and others	GATA2	Blood	TF-1	18984	31/483	2/49	-0.120541	0	1.57246
SRX1473609	TFs and others	ESRRA	Breast	BT-474	5050	31/483	2/49	-0.120541	0	1.57246
SRX150621	TFs and others	SMC3	Liver	Hep G2	24013	31/483	2/49	-0.120541	0	1.57246
SRX1734382	TFs and others	FOXA1	Prostate	22Rv1	11136	31/483	2/49	-0.120541	0	1.57246
SRX186639	TFs and others	JUND	Blood	GM12878	3284	31/483	2/49	-0.120541	0	1.57246
SRX2368878	TFs and others	FOXA2	Epidermis	BJ	31442	31/483	2/49	-0.120541	0	1.57246
SRX2548292	TFs and others	BRD4	Blood	KK1	2262	31/483	2/49	-0.120541	0	1.57246
SRX2862486	TFs and others	TET1	Pluripotent stem cell	hESC HUES8	637	31/483	2/49	-0.120541	0	1.57246
SRX3080214	TFs and others	ESR1	Breast	MCF-7	12011	31/483	2/49	-0.120541	0	1.57246
SRX3110775	TFs and others	SMC3	Uterus	HeLa	11106	31/483	2/49	-0.120541	0	1.57246
SRX3229190	TFs and others	PGR	Breast	Breast cancer	4583	31/483	2/49	-0.120541	0	1.57246
SRX3437460	TFs and others	NRF1	Uterus	HeLa	888	31/483	2/49	-0.120541	0	1.57246
SRX3644342	TFs and others	FOXA2	Epidermis	BJ	36491	31/483	2/49	-0.120541	0	1.57246
SRX3946904	TFs and others	MED1	Others	Mesenchymal stem cells	10814	31/483	2/49	-0.120541	0	1.57246
SRX4192137	TFs and others	XRCC4	Breast	MCF 10A	912	31/483	2/49	-0.120541	0	1.57246
SRX4212574	TFs and others	EZH2	Blood	Peripheral blood mononuclear cells	985	31/483	2/49	-0.120541	0	1.57246
SRX4802338	TFs and others	ARNT	Kidney	HKC8	1452	31/483	2/49	-0.120541	0	1.57246
SRX5195673	TFs and others	SMARCA4	Uterus	Endometrial epithelial cells	8511	31/483	2/49	-0.120541	0	1.57246
SRX5287692	TFs and others	TEAD4	Breast	T-47D	5357	31/483	2/49	-0.120541	0	1.57246
SRX5514009	TFs and others	FOS	Uterus	Myometrium	4066	31/483	2/49	-0.120541	0	1.57246
SRX5975315	TFs and others	CDK12	Bone	MG-63	1005	31/483	2/49	-0.120541	0	1.57246
SRX6748246	TFs and others	FOXA1	Prostate	Prostate cancer	18772	31/483	2/49	-0.120541	0	1.57246
SRX6913049	TFs and others	BRD4	Blood	THP-1	1892	31/483	2/49	-0.120541	0	1.57246
SRX8520809	TFs and others	NR3C1	Breast	SUM 159PT	25456	31/483	2/49	-0.120541	0	1.57246
SRX8984322	TFs and others	RAD21	Bone	A-673	24598	31/483	2/49	-0.120541	0	1.57246
SRX327758	TFs and others	CDK9	Blood	MM.1S	8696	301/483	32/49	-0.120479	0	0.954257
SRX150563	TFs and others	E2F1	Uterus	HeLa	6539	183/483	20/49	-0.120353	0	0.928261
SRX1998402	TFs and others	EZH2	Muscle	Rhabdomyosarcoma	9119	302/483	32/49	-0.120236	0	0.957428
SRX1880278	TFs and others	BRD4	Blood	Jurkat	18551	306/483	30/49	-0.120083	0	1.03478
SRX327755	TFs and others	MED1	Blood	MM.1S	17194	306/483	30/49	-0.120083	0	1.03478
SRX4484986	TFs and others	ELF1	Blood	SEM	24299	299/483	29/49	-0.12005	0	1.04598
SRX018281	TFs and others	CREBBP	Neural	T98G	4686	32/483	2/49	-0.11994	0	1.62319
SRX10119372	TFs and others	TEAD1	Breast	MCF 10A	7577	32/483	2/49	-0.11994	0	1.62319
SRX1012625	TFs and others	ESR1	Breast	MCF-7	16947	32/483	2/49	-0.11994	0	1.62319
SRX1042048	TFs and others	SETD1A	Blood	Erythroid Cells	1525	32/483	2/49	-0.11994	0	1.62319
SRX1261517	TFs and others	GATA2	Blood	TF-1	20020	32/483	2/49	-0.11994	0	1.62319
SRX186617	TFs and others	RCOR1	Lung	IMR-90	4183	32/483	2/49	-0.11994	0	1.62319
SRX190290	TFs and others	MEF2A	Neural	SK-N-SH	5906	32/483	2/49	-0.11994	0	1.62319
SRX2559014	TFs and others	RAD21	Cardiovascular	HUVEC	18105	32/483	2/49	-0.11994	0	1.62319
SRX265235	TFs and others	MYH11	Blood	Acute myeloid leukemia	972	32/483	2/49	-0.11994	0	1.62319
SRX268298	TFs and others	FOSL1	Breast	BT-549	12618	32/483	2/49	-0.11994	0	1.62319
SRX3110772	TFs and others	SMC3	Uterus	HeLa	16460	32/483	2/49	-0.11994	0	1.62319
SRX3285556	TFs and others	ESR1	Breast	C70R	7265	32/483	2/49	-0.11994	0	1.62319
SRX3589924	TFs and others	STAG2	Breast	MCF 10A	7890	32/483	2/49	-0.11994	0	1.62319
SRX425254	TFs and others	BRD4	Cardiovascular	HUVEC	3588	32/483	2/49	-0.11994	0	1.62319
SRX5441335	TFs and others	CPSF3	Uterus	HeLa	1403	32/483	2/49	-0.11994	0	1.62319
SRX5574376	TFs and others	SPI1	Blood	Macrophages	20688	32/483	2/49	-0.11994	0	1.62319
SRX6058754	TFs and others	CEBPA	Breast	T-47D	4486	32/483	2/49	-0.11994	0	1.62319
SRX6957393	TFs and others	FOXL2	Kidney	HGrC1	7212	32/483	2/49	-0.11994	0	1.62319
SRX7262415	TFs and others	FOXA1	Others	Bladder cancer	7449	32/483	2/49	-0.11994	0	1.62319
SRX8616857	TFs and others	JUND	Lung	A549	3242	32/483	2/49	-0.11994	0	1.62319
SRX8616977	TFs and others	ESR1	Breast	ZR-75-1	5410	32/483	2/49	-0.11994	0	1.62319
SRX8616985	TFs and others	ESR1	Breast	STG195	5234	32/483	2/49	-0.11994	0	1.62319
SRX9550866	TFs and others	FOXA1	Prostate	Prostate cancer	22500	32/483	2/49	-0.11994	0	1.62319
SRX2375366	TFs and others	CDK9	Blood	MV-4-11	27767	298/483	29/49	-0.11964	0	1.04248
SRX5323870	TFs and others	STAT3	Breast	MCF-7	11272	185/483	20/49	-0.11964	0	0.938406
SRX4377561	TFs and others	BRD9	Breast	MDA-MB-231	25454	194/483	18/49	-0.119345	0	1.0934
SRX3230383	TFs and others	FOXK1	Liver	Hep G2	18211	290/483	31/49	-0.119335	0	0.949042
SRX100460	TFs and others	ELF1	Liver	Hep G2	15541	291/483	31/49	-0.119219	0	0.952314
SRX9419933	TFs and others	MED1	Breast	SK-BR-3	23347	292/483	31/49	-0.118996	0	0.955587
DRX234809	TFs and others	JADE3	Kidney	293	3749	33/483	2/49	-0.118936	0	1.67391
SRX092300	TFs and others	JUNB	Blood	K-562	7894	33/483	2/49	-0.118936	0	1.67391
SRX1012643	TFs and others	EP300	Breast	MCF-7	12350	33/483	2/49	-0.118936	0	1.67391
SRX1012747	TFs and others	ESR1	Breast	MCF-7	5157	33/483	2/49	-0.118936	0	1.67391
SRX10365541	TFs and others	RAC1	Breast	MCF-7	20412	33/483	2/49	-0.118936	0	1.67391
SRX107284	TFs and others	DUX4	Muscle	Myoblasts	65686	33/483	2/49	-0.118936	0	1.67391
SRX150105	TFs and others	GTF2B	Lung	IMR-90	1610	33/483	2/49	-0.118936	0	1.67391
SRX150412	TFs and others	RAD21	Blood	GM12878	24871	33/483	2/49	-0.118936	0	1.67391
SRX2778397	TFs and others	YY1	Blood	Lymphoblastoid cell line	1190	33/483	2/49	-0.118936	0	1.67391
SRX2871344	TFs and others	GATA3	Breast	T-47D	7931	33/483	2/49	-0.118936	0	1.67391
SRX3230394	TFs and others	NR1H2	Liver	Hep G2	1603	33/483	2/49	-0.118936	0	1.67391
SRX3230402	TFs and others	TCF12	Liver	Hep G2	2837	33/483	2/49	-0.118936	0	1.67391
SRX356454	TFs and others	STAG1	Blood	GM10847	17123	33/483	2/49	-0.118936	0	1.67391
SRX356577	TFs and others	STAG1	Blood	GM18505	19211	33/483	2/49	-0.118936	0	1.67391
SRX356594	TFs and others	STAG1	Blood	GM18526	21316	33/483	2/49	-0.118936	0	1.67391
SRX3581507	TFs and others	CHD7	Pluripotent stem cell	iPS cells	26015	33/483	2/49	-0.118936	0	1.67391
SRX4155871	TFs and others	SMC1A	Bone	TC-32	12843	33/483	2/49	-0.118936	0	1.67391
SRX471861	TFs and others	BRD4	Prostate	VCaP	1730	33/483	2/49	-0.118936	0	1.67391
SRX5124856	TFs and others	FOXA1	Prostate	22Rv1	10978	33/483	2/49	-0.118936	0	1.67391
SRX6828391	TFs and others	CTCF	Blood	K-562	22059	33/483	2/49	-0.118936	0	1.67391
SRX7262875	TFs and others	EP300	Breast	ZR-75-1	11606	33/483	2/49	-0.118936	0	1.67391
SRX747795	TFs and others	FOXA1	Breast	MCF-7	7697	33/483	2/49	-0.118936	0	1.67391
SRX4046307	TFs and others	MEN1	Blood	Erythroblasts	6594	289/483	28/49	-0.11874	0	1.0471
SRX150678	TFs and others	MYC	Blood	K-562	12840	194/483	21/49	-0.11874	0	0.937198
SRX8090652	TFs and others	BRD2	Others	Synoviocytes	8156	194/483	21/49	-0.11874	0	0.937198
SRX7540325	TFs and others	BRD4	Breast	MCF-7	13302	201/483	19/49	-0.118013	0	1.07323
SRX8536128	TFs and others	NFYB	Blood	HUDEP-2	4143	201/483	19/49	-0.118013	0	1.07323
SRX10881804	TFs and others	SMARCC2	Kidney	G-401	14089	280/483	27/49	-0.118	0	1.05207
SRX3511102	TFs and others	SMARCC1	Liver	Hep G2	17786	280/483	27/49	-0.118	0	1.05207
SRX7054615	TFs and others	RELA	Cardiovascular	HAEC	26815	203/483	22/49	-0.118	0	0.9361
SRX2207673	TFs and others	RELA	Cardiovascular	HUVEC	83556	287/483	28/49	-0.117818	0	1.03986
SRX334242	TFs and others	E2F1	Unclassified	Unclassified	7143	283/483	30/49	-0.117705	0	0.957005
SRX2194270	TFs and others	BRD4	Breast	SUM 159PT	24620	279/483	27/49	-0.117689	0	1.04831
SRX5323902	TFs and others	STAT3	Breast	T-47D	29955	279/483	27/49	-0.117689	0	1.04831
SRX100381	TFs and others	TCF12	Liver	Hep G2	2828	34/483	2/49	-0.117561	0	1.72464
SRX10059515	TFs and others	CEBPD	Others	Fibroblasts	11907	34/483	2/49	-0.117561	0	1.72464
SRX1012633	TFs and others	ESR1	Breast	MCF-7	16453	34/483	2/49	-0.117561	0	1.72464
SRX11312424	TFs and others	RAD21	Lung	A549	23844	34/483	2/49	-0.117561	0	1.72464
SRX1161185	TFs and others	ESR1	Breast	ZR-75-1	19561	34/483	2/49	-0.117561	0	1.72464
SRX1165106	TFs and others	RAD21	Breast	MCF-7	32211	34/483	2/49	-0.117561	0	1.72464
SRX1738254	TFs and others	GFP	Unclassified	Unclassified	6073	34/483	2/49	-0.117561	0	1.72464
SRX1756593	TFs and others	AML1-ETO	Blood	Kasumi-1	3157	34/483	2/49	-0.117561	0	1.72464
SRX235030	TFs and others	IKZF1	Blood	NALM-6	3721	34/483	2/49	-0.117561	0	1.72464
SRX268887	TFs and others	NR2C2	Uterus	HeLa	962	34/483	2/49	-0.117561	0	1.72464
SRX3511103	TFs and others	SATB1	Liver	Hep G2	989	34/483	2/49	-0.117561	0	1.72464
SRX4212576	TFs and others	EZH2	Blood	Peripheral blood mononuclear cells	1270	34/483	2/49	-0.117561	0	1.72464
SRX4400349	TFs and others	MYC	Digestive tract	DLD-1	4778	34/483	2/49	-0.117561	0	1.72464
SRX4677298	TFs and others	FOXA2	Pancreas	CFPAC-1	7938	34/483	2/49	-0.117561	0	1.72464
SRX4708025	TFs and others	HNRNPUL1	Liver	Hep G2	1722	34/483	2/49	-0.117561	0	1.72464
SRX4792910	TFs and others	RAD21	Breast	T-47D	3120	34/483	2/49	-0.117561	0	1.72464
SRX4802348	TFs and others	HIF1A	Kidney	RCC4	1105	34/483	2/49	-0.117561	0	1.72464
SRX4911598	TFs and others	FOXA2	Uterus	Endometrium	1627	34/483	2/49	-0.117561	0	1.72464
SRX5342377	TFs and others	FOXL2	Gonad	SVOG-3e	14694	34/483	2/49	-0.117561	0	1.72464
SRX5493761	TFs and others	FOXA1	Breast	Breast cancer cells	8650	34/483	2/49	-0.117561	0	1.72464
SRX5577143	TFs and others	Epitope tags	Prostate	LNCAP	24579	34/483	2/49	-0.117561	0	1.72464
SRX5794309	TFs and others	TCF7	Breast	Breast organoids	1247	34/483	2/49	-0.117561	0	1.72464
SRX6828392	TFs and others	CTCF	Blood	K-562	22136	34/483	2/49	-0.117561	0	1.72464
SRX701973	TFs and others	FOXA1	Pluripotent stem cell	hESC derived mesendodermal cells	29452	34/483	2/49	-0.117561	0	1.72464
SRX7130729	TFs and others	CTCF	Breast	MCF 10A	15396	34/483	2/49	-0.117561	0	1.72464
SRX7262417	TFs and others	FOXA1	Others	Bladder cancer	7581	34/483	2/49	-0.117561	0	1.72464
SRX7277180	TFs and others	JUN	Others	GM07492	17042	34/483	2/49	-0.117561	0	1.72464
SRX7428070	TFs and others	XBP1	Blood	Plasmablasts	662	34/483	2/49	-0.117561	0	1.72464
SRX7498509	TFs and others	CTCF	Others	93-VU147T	27581	34/483	2/49	-0.117561	0	1.72464
SRX8536111	TFs and others	GATA1	Blood	HUDEP-2	7431	34/483	2/49	-0.117561	0	1.72464
SRX8616833	TFs and others	FOSL2	Lung	A549	4529	34/483	2/49	-0.117561	0	1.72464
SRX9550899	TFs and others	FOXA1	Prostate	Prostate cancer	16606	34/483	2/49	-0.117561	0	1.72464
SRX9628492	TFs and others	JUN	Gonad	SCCOHT-1	509	34/483	2/49	-0.117561	0	1.72464
SRX203396	TFs and others	MED1	Blood	MM.1S	16168	199/483	19/49	-0.117294	0	1.06255
SRX10881817	TFs and others	SMARCA4	Kidney	G-401	22137	205/483	22/49	-0.117277	0	0.945323
SRX5289963	TFs and others	NR3C1	Lung	BEAS-2B	18674	272/483	29/49	-0.117269	0	0.951524
SRX1758496	TFs and others	NELFE	Breast	MCF-7	5559	213/483	23/49	-0.117197	0	0.939509
SRX8536131	TFs and others	NFYB	Blood	HUDEP-2	6411	223/483	21/49	-0.117002	0	1.07729
SRX9101664	TFs and others	SREBF2	Epidermis	Melanoma cell line	11822	260/483	28/49	-0.117002	0	0.942029
SRX1515009	TFs and others	GFP	Kidney	293	36328	210/483	20/49	-0.116979	0	1.06522
SRX9187408	TFs and others	HDAC1	Pancreas	MIA Paca-2	9334	210/483	20/49	-0.116979	0	1.06522
SRX8299810	TFs and others	MYC	Bone	U2OS	14949	273/483	29/49	-0.116979	0	0.955022
SRX150488	TFs and others	NFYB	Uterus	HeLa	5752	222/483	24/49	-0.116849	0	0.938406
SRX1758493	TFs and others	NELFE	Breast	MCF-7	6276	222/483	24/49	-0.116849	0	0.938406
SRX150679	TFs and others	E2F4	Blood	K-562	5137	206/483	22/49	-0.116765	0	0.949934
SRX190250	TFs and others	YY1	Lung	A549	9752	206/483	22/49	-0.116765	0	0.949934
SRX3091903	TFs and others	ZFX	Breast	MCF-7	11414	206/483	22/49	-0.116765	0	0.949934
SRX2731518	TFs and others	NCAPH2	Kidney	293	9884	252/483	24/49	-0.116641	0	1.06522
SRX5574468	TFs and others	FLI1	Blood	CTV-1	33397	232/483	22/49	-0.116617	0	1.06983
SRX359899	TFs and others	JUN	Digestive tract	LoVo	9276	251/483	27/49	-0.116617	0	0.943103
SRX100561	TFs and others	YY1	Blood	GM12892	14528	209/483	20/49	-0.116588	0	1.06014
SRX6867661	TFs and others	RUNX1T1	Pluripotent stem cell	hESC H9	6676	209/483	20/49	-0.116588	0	1.06014
SRX813770	TFs and others	MED1	Adipocyte	SGBS	9920	243/483	23/49	-0.116572	0	1.07183
SRX3091916	TFs and others	ZFX	Kidney	293	12425	242/483	23/49	-0.116522	0	1.06742
SRX7805360	TFs and others	ZFX	Kidney	293	12425	242/483	23/49	-0.116522	0	1.06742
SRX9101665	TFs and others	SREBF2	Epidermis	Melanoma cell line	9610	232/483	25/49	-0.116504	0	0.941449
SRX6913099	TFs and others	BRD4	Blood	CD4+ T cells	11082	220/483	21/49	-0.116479	0	1.0628
SRX9317685	TFs and others	EP300	Blood	Fujioka	12598	220/483	21/49	-0.116479	0	1.0628
SRX5316603	TFs and others	EHMT2	Muscle	RD/18	7212	263/483	28/49	-0.116479	0	0.952899
SRX2867630	TFs and others	BRD4	Blood	Lymphoblastoid cell line	17707	252/483	27/49	-0.116456	0	0.94686
SRX4708117	TFs and others	YY1	Liver	Hep G2	6838	224/483	24/49	-0.116297	0	0.94686
SRX9029197	TFs and others	SPI1	Blood	Neutrophils	20003	224/483	24/49	-0.116297	0	0.94686
SRX4473673	TFs and others	ARID2	Gonad	BIN-67	8180	240/483	23/49	-0.116126	0	1.0586
SRX190292	TFs and others	USF1	Digestive tract	HCT 116	16932	264/483	28/49	-0.116106	0	0.956522
SRX6857971	TFs and others	PGR	Uterus	Myometrium	7240	249/483	24/49	-0.115933	0	1.05254
SRX2020842	TFs and others	STAT3	Breast	HCC70	43422	234/483	25/49	-0.115933	0	0.949565
SRX2355073	TFs and others	JUN	Cardiovascular	HAEC	35523	258/483	25/49	-0.115874	0	1.04696
SRX018282	TFs and others	EP300	Neural	T98G	2724	33/483	4/49	-0.115851	0	0.836957
SRX2555304	TFs and others	GATA3	Neural	BE(2)-C	8065	33/483	4/49	-0.115851	0	0.836957
SRX5212357	TFs and others	SMARCA4	Others	Mel270	26998	33/483	4/49	-0.115851	0	0.836957
SRX5212362	TFs and others	SMARCA4	Others	Mel270	30427	33/483	4/49	-0.115851	0	0.836957
SRX573036	TFs and others	ELL2	Uterus	HeLa	1154	33/483	4/49	-0.115851	0	0.836957
SRX7262408	TFs and others	FOXA1	Others	Bladder cancer	7178	33/483	4/49	-0.115851	0	0.836957
SRX8073483	TFs and others	TBL1Y	Blood	DLBCL	778	33/483	4/49	-0.115851	0	0.836957
SRX8299865	TFs and others	MYC	Bone	U2OS	2066	33/483	4/49	-0.115851	0	0.836957
SRX895440	TFs and others	PIAS1	Prostate	VCaP	5899	33/483	4/49	-0.115851	0	0.836957
SRX4792908	TFs and others	RAD21	Breast	T-47D	25585	244/483	26/49	-0.11578	0	0.952062
SRX371446	TFs and others	ESR1	Others	Tumour tissues	39413	228/483	22/49	-0.115382	0	1.05138
SRX9419931	TFs and others	MED1	Breast	SK-BR-3	18552	238/483	23/49	-0.115338	0	1.04978
SRX1787652	TFs and others	FOXA1	Breast	MCF-7	20614	34/483	4/49	-0.113841	0	0.862319
SRX2436021	TFs and others	OTX2	Neural	D283 Med	43611	34/483	4/49	-0.113841	0	0.862319
SRX3186359	TFs and others	Epitope tags	Lung	HCC95	2289	34/483	4/49	-0.113841	0	0.862319
SRX4451196	TFs and others	ESR1	Breast	MCF-7	2778	34/483	4/49	-0.113841	0	0.862319
SRX4451216	TFs and others	ESR1	Breast	MCF-7	9685	34/483	4/49	-0.113841	0	0.862319
SRX5294339	TFs and others	DPF2	Kidney	TTC1240	11394	34/483	4/49	-0.113841	0	0.862319
SRX6483125	TFs and others	SS18	Neural	NGP	1198	34/483	4/49	-0.113841	0	0.862319
SRX6853576	TFs and others	ARNT	Breast	MCF-7	776	34/483	4/49	-0.113841	0	0.862319
SRX10119377	TFs and others	WWTR1	Breast	MCF 10A	12788	35/483	4/49	-0.111563	0	0.887681
SRX150354	TFs and others	CEBPZ	Liver	Hep G2	740	35/483	4/49	-0.111563	0	0.887681
SRX150416	TFs and others	ARID3A	Blood	K-562	4640	35/483	4/49	-0.111563	0	0.887681
SRX2020844	TFs and others	STAT3	Breast	Breast cancer cells	2539	35/483	4/49	-0.111563	0	0.887681
SRX512370	TFs and others	SOX2	Pluripotent stem cell	iPS cells	10580	35/483	4/49	-0.111563	0	0.887681
SRX5525781	TFs and others	MYCN	Neural	SH-EP	1070	35/483	4/49	-0.111563	0	0.887681
SRX6957433	TFs and others	FOXL2	Kidney	HGrC1	8151	35/483	4/49	-0.111563	0	0.887681
SRX8391106	TFs and others	FOSL1	Others	Head and neck squamous cell carcinoma 	1809	35/483	4/49	-0.111563	0	0.887681
SRX9600664	TFs and others	G-quadruplex	Blood	K-562	417	35/483	4/49	-0.111563	0	0.887681
SRX037941	TFs and others	GATA1	Blood	CD36+	11470	36/483	4/49	-0.109053	0	0.913043
SRX100560	TFs and others	BCLAF1	Blood	K-562	1785	36/483	4/49	-0.109053	0	0.913043
SRX1469952	TFs and others	ESR1	Breast	T-47D	3931	36/483	4/49	-0.109053	0	0.913043
SRX150362	TFs and others	RELA	Blood	GM18526	6795	36/483	4/49	-0.109053	0	0.913043
SRX185914	TFs and others	FOXM1	Breast	MDA-MB-231	1314	36/483	4/49	-0.109053	0	0.913043
SRX1961162	TFs and others	ESR1	Breast	T-47D	3897	36/483	4/49	-0.109053	0	0.913043
SRX3033231	TFs and others	ETS1	Gonad	HEYA8	1235	36/483	4/49	-0.109053	0	0.913043
SRX731025	TFs and others	TLX1	Blood	ALL-SIL	6525	36/483	4/49	-0.109053	0	0.913043
SRX9600661	TFs and others	G-quadruplex	Blood	K-562	434	36/483	4/49	-0.109053	0	0.913043
SRX265420	TFs and others	KDM5B	Breast	T-47D	55824	446/483	45/49	-0.106343	0	1.00548
SRX1538766	TFs and others	PPARG	Digestive tract	HT-29	10039	37/483	4/49	-0.106343	0	0.938406
SRX1538804	TFs and others	JUND	Digestive tract	HT-29	9794	37/483	4/49	-0.106343	0	0.938406
SRX3124570	TFs and others	FXR2	Digestive tract	AGS	4435	37/483	4/49	-0.106343	0	0.938406
SRX371477	TFs and others	ESR1	Breast	MCF-7	21076	37/483	4/49	-0.106343	0	0.938406
SRX748433	TFs and others	HNF4A	Digestive tract	HCT 116	6924	37/483	4/49	-0.106343	0	0.938406
SRX7572083	TFs and others	SREBF1	Digestive tract	KYSE-150	1160	37/483	4/49	-0.106343	0	0.938406
SRX9237238	TFs and others	PAF1	Blood	K-562	2657	37/483	4/49	-0.106343	0	0.938406
SRX100516	TFs and others	HDAC2	Blood	K-562	3421	40/483	3/49	-0.104538	0	1.35266
SRX1012629	TFs and others	ESR1	Breast	MCF-7	19751	40/483	3/49	-0.104538	0	1.35266
SRX150662	TFs and others	RCOR1	Blood	GM12878	2193	40/483	3/49	-0.104538	0	1.35266
SRX1885187	TFs and others	FOXA1	Prostate	LNCAP	63985	40/483	3/49	-0.104538	0	1.35266
SRX2267446	TFs and others	BRD4	Lung	NCI-H3122	2643	40/483	3/49	-0.104538	0	1.35266
SRX2609666	TFs and others	NR3C1	Lung	HASM2	24838	40/483	3/49	-0.104538	0	1.35266
SRX268452	TFs and others	GRHL2	Lung	Tracheal epithelial cells	14853	40/483	3/49	-0.104538	0	1.35266
SRX268883	TFs and others	NR2C2	Lung	WI-38	1271	40/483	3/49	-0.104538	0	1.35266
SRX2842447	TFs and others	FOS	Bone	MG-63	2164	40/483	3/49	-0.104538	0	1.35266
SRX356453	TFs and others	STAG1	Blood	GM10847	23378	40/483	3/49	-0.104538	0	1.35266
SRX3923184	TFs and others	FOSL1	Breast	BT-549	10001	40/483	3/49	-0.104538	0	1.35266
SRX3923517	TFs and others	FOXA1	Breast	MCF-7	23326	40/483	3/49	-0.104538	0	1.35266
SRX4802363	TFs and others	EPAS1	Liver	Hep G2	1285	40/483	3/49	-0.104538	0	1.35266
SRX5199669	TFs and others	EP300	Prostate	LNCAP	1653	40/483	3/49	-0.104538	0	1.35266
SRX5323824	TFs and others	FOXA1	Breast	T-47D	13050	40/483	3/49	-0.104538	0	1.35266
SRX5673034	TFs and others	EGR1	Gonad	A2780	1056	40/483	3/49	-0.104538	0	1.35266
SRX5683083	TFs and others	ESR1	Uterus	Ishikawa	2095	40/483	3/49	-0.104538	0	1.35266
SRX6435392	TFs and others	SUPT5H	Kidney	293	1575	40/483	3/49	-0.104538	0	1.35266
SRX6916366	TFs and others	RAD21	Kidney	iSLK	23265	40/483	3/49	-0.104538	0	1.35266
SRX7262411	TFs and others	FOXA1	Others	Bladder cancer	6941	40/483	3/49	-0.104538	0	1.35266
SRX7570801	TFs and others	FOXO1	Blood	SU-DHL-4	3456	40/483	3/49	-0.104538	0	1.35266
SRX818635	TFs and others	PIAS1	Kidney	293	4270	40/483	3/49	-0.104538	0	1.35266
SRX9317687	TFs and others	SMARCC2	Blood	Fujioka	5997	40/483	3/49	-0.104538	0	1.35266
SRX9469981	TFs and others	KLF4	Prostate	LAPC-4	8956	40/483	3/49	-0.104538	0	1.35266
SRX968976	TFs and others	RELA	Breast	MCF-7	3317	40/483	3/49	-0.104538	0	1.35266
SRX9975609	TFs and others	FLI1	Bone	A-673	4572	40/483	3/49	-0.104538	0	1.35266
ERX1149092	TFs and others	CTCF	Blood	KU812	17386	41/483	3/49	-0.104393	0	1.38647
SRX097072	TFs and others	SMAD1	Blood	CD34 Hematopoietic stem cells	21722	41/483	3/49	-0.104393	0	1.38647
SRX100472	TFs and others	TCF12	Pluripotent stem cell	hESC H1	7180	41/483	3/49	-0.104393	0	1.38647
SRX10119150	TFs and others	CREBBP	Blood	MV-4-11	1130	41/483	3/49	-0.104393	0	1.38647
SRX1012618	TFs and others	PGR	Breast	T-47D	18933	41/483	3/49	-0.104393	0	1.38647
SRX1012622	TFs and others	PGR	Breast	T-47D	22573	41/483	3/49	-0.104393	0	1.38647
SRX1161188	TFs and others	FOXA1	Breast	ZR-75-1	35059	41/483	3/49	-0.104393	0	1.38647
SRX1538758	TFs and others	NR1H2	Digestive tract	HT-29	6034	41/483	3/49	-0.104393	0	1.38647
SRX186824	TFs and others	ESR1	Breast	Breast cancer	3648	41/483	3/49	-0.104393	0	1.38647
SRX190316	TFs and others	TEAD4	Breast	MCF-7	5002	41/483	3/49	-0.104393	0	1.38647
SRX3931031	TFs and others	FOXA1	Breast	MCF-7	19061	41/483	3/49	-0.104393	0	1.38647
SRX4001869	TFs and others	RAD21	Blood	THP-1	17161	41/483	3/49	-0.104393	0	1.38647
SRX4001913	TFs and others	RAD21	Blood	THP-1	23591	41/483	3/49	-0.104393	0	1.38647
SRX4473674	TFs and others	SS18	Gonad	BIN-67	9888	41/483	3/49	-0.104393	0	1.38647
SRX4572978	TFs and others	HOXA13	Liver	Hep G2	840	41/483	3/49	-0.104393	0	1.38647
SRX4741788	TFs and others	HIF1A	Cardiovascular	EA.hy926	2702	41/483	3/49	-0.104393	0	1.38647
SRX5574350	TFs and others	SPI1	Blood	Mast Cells	7569	41/483	3/49	-0.104393	0	1.38647
SRX6367571	TFs and others	SUMO2	Kidney	293	5843	41/483	3/49	-0.104393	0	1.38647
SRX8616843	TFs and others	JUNB	Lung	A549	9403	41/483	3/49	-0.104393	0	1.38647
SRX9674625	TFs and others	FOXO1	Muscle	Myoblasts	8697	41/483	3/49	-0.104393	0	1.38647
ERX664189	TFs and others	CTCF	Blood	B cells	18442	39/483	3/49	-0.104384	0	1.31884
ERX664197	TFs and others	CTCF	Blood	B cells	22084	39/483	3/49	-0.104384	0	1.31884
SRX080157	TFs and others	MYC	Blood	K-562	1870	39/483	3/49	-0.104384	0	1.31884
SRX1457802	TFs and others	GFP	Uterus	HeLa	944	39/483	3/49	-0.104384	0	1.31884
SRX2163140	TFs and others	FOXA1	Others	RT4	12619	39/483	3/49	-0.104384	0	1.31884
SRX2404134	TFs and others	RELA	Others	Detroit 562	6966	39/483	3/49	-0.104384	0	1.31884
SRX2513518	TFs and others	ESR1	Breast	MCF-7	19452	39/483	3/49	-0.104384	0	1.31884
SRX2513520	TFs and others	ESR1	Breast	MCF-7	23683	39/483	3/49	-0.104384	0	1.31884
SRX3110779	TFs and others	Epitope tags	Uterus	HeLa	38256	39/483	3/49	-0.104384	0	1.31884
SRX3229195	TFs and others	GATA3	Breast	Breast cancer	8316	39/483	3/49	-0.104384	0	1.31884
SRX3288556	TFs and others	RAD21	Pluripotent stem cell	hESC H9	30165	39/483	3/49	-0.104384	0	1.31884
SRX4001905	TFs and others	RAD21	Blood	THP-1	27573	39/483	3/49	-0.104384	0	1.31884
SRX4003760	TFs and others	ESRRG	Pluripotent stem cell	iPS derived cardiac cells	7447	39/483	3/49	-0.104384	0	1.31884
SRX4572980	TFs and others	TGIF2LX	Liver	Hep G2	1190	39/483	3/49	-0.104384	0	1.31884
SRX5124836	TFs and others	FOXA1	Prostate	22Rv1	14146	39/483	3/49	-0.104384	0	1.31884
SRX5287703	TFs and others	ESR1	Breast	MCF-7	22832	39/483	3/49	-0.104384	0	1.31884
SRX5504128	TFs and others	FOXA2	Pancreas	PANC-1	13282	39/483	3/49	-0.104384	0	1.31884
SRX668243	TFs and others	CDK7	Blood	Jurkat	1166	39/483	3/49	-0.104384	0	1.31884
SRX751541	TFs and others	NOTCH1	Blood	CD34 Hematopoietic stem cells	540	39/483	3/49	-0.104384	0	1.31884
SRX7898176	TFs and others	QRICH1	Digestive tract	HT-29	2045	39/483	3/49	-0.104384	0	1.31884
SRX8080565	TFs and others	Epitope tags	Breast	Mammary gland adenocarcinoma	14496	39/483	3/49	-0.104384	0	1.31884
SRX8406542	TFs and others	HOXB13	Prostate	Prostate	14322	39/483	3/49	-0.104384	0	1.31884
SRX8453141	TFs and others	AR	Lung	Lung	29964	39/483	3/49	-0.104384	0	1.31884
SRX8536114	TFs and others	GATA1	Blood	HUDEP-2	12519	39/483	3/49	-0.104384	0	1.31884
SRX8582170	TFs and others	SMC3	Digestive tract	HCT 116	18764	39/483	3/49	-0.104384	0	1.31884
SRX9410586	TFs and others	RAD21	Digestive tract	HCT 116	15788	39/483	3/49	-0.104384	0	1.31884
SRX974291	TFs and others	MEF2B	Kidney	293	15043	39/483	3/49	-0.104384	0	1.31884
SRX103448	TFs and others	BRD4	Pluripotent stem cell	ES cells	3807	42/483	3/49	-0.103963	0	1.42029
SRX2458135	TFs and others	SMC1A	Blood	GM12878	30224	42/483	3/49	-0.103963	0	1.42029
SRX3110774	TFs and others	SMC3	Uterus	HeLa	16909	42/483	3/49	-0.103963	0	1.42029
SRX356628	TFs and others	STAG1	Blood	GM19099	24072	42/483	3/49	-0.103963	0	1.42029
SRX360568	TFs and others	CTCF	Digestive tract	GP5d	28443	42/483	3/49	-0.103963	0	1.42029
SRX4313225	TFs and others	RAD21	Muscle	RH-4	25767	42/483	3/49	-0.103963	0	1.42029
SRX5323826	TFs and others	FOXA1	Breast	T-47D	13333	42/483	3/49	-0.103963	0	1.42029
SRX673718	TFs and others	Biotin	Breast	MCF-7	3454	42/483	3/49	-0.103963	0	1.42029
SRX6860651	TFs and others	FOXA1	Breast	T-47D	17054	42/483	3/49	-0.103963	0	1.42029
SRX690823	TFs and others	HSF1	Bone	U2OS	5788	42/483	3/49	-0.103963	0	1.42029
SRX7712498	TFs and others	HIF1A	Lung	NCI-H460	1565	42/483	3/49	-0.103963	0	1.42029
SRX864826	TFs and others	GATA2	Prostate	LNCAP	23267	42/483	3/49	-0.103963	0	1.42029
SRX9298951	TFs and others	NR3C1	Lung	Lung cancer cell line	18478	42/483	3/49	-0.103963	0	1.42029
SRX9550856	TFs and others	FOXA1	Prostate	Prostate cancer	28991	42/483	3/49	-0.103963	0	1.42029
SRX968964	TFs and others	ESR1	Breast	MCF-7	7990	42/483	3/49	-0.103963	0	1.42029
SRX1067064	TFs and others	HOXB13	Prostate	Prostate cancer cells	30719	43/483	3/49	-0.103263	0	1.45411
SRX116457	TFs and others	HDAC2	Pluripotent stem cell	hESC H1	1629	43/483	3/49	-0.103263	0	1.45411
SRX180825	TFs and others	E2F7	Lung	IMR-90	2788	43/483	3/49	-0.103263	0	1.45411
SRX2020841	TFs and others	STAT3	Breast	MDA-MB-231	5622	43/483	3/49	-0.103263	0	1.45411
SRX2943580	TFs and others	ESR1	Breast	MCF-7	4555	43/483	3/49	-0.103263	0	1.45411
SRX3040152	TFs and others	STAG2	Breast	HMEC	14400	43/483	3/49	-0.103263	0	1.45411
SRX3815842	TFs and others	RAD21	Uterus	HeLa	26417	43/483	3/49	-0.103263	0	1.45411
SRX4001868	TFs and others	RAD21	Blood	THP-1	19061	43/483	3/49	-0.103263	0	1.45411
SRX4001871	TFs and others	RAD21	Blood	THP-1	19918	43/483	3/49	-0.103263	0	1.45411
SRX4001910	TFs and others	RAD21	Blood	THP-1	24732	43/483	3/49	-0.103263	0	1.45411
SRX4235880	TFs and others	TP53	Digestive tract	SW 480	4819	43/483	3/49	-0.103263	0	1.45411
SRX5054309	TFs and others	FOSL2	Neural	Neural progenitor cells	25677	43/483	3/49	-0.103263	0	1.45411
SRX5089422	TFs and others	SMARCA4	Breast	MCF-7	11116	43/483	3/49	-0.103263	0	1.45411
SRX5287697	TFs and others	ESR1	Breast	MCF-7	17677	43/483	3/49	-0.103263	0	1.45411
SRX5534872	TFs and others	JUN	Breast	MCF-7	4509	43/483	3/49	-0.103263	0	1.45411
SRX5848171	TFs and others	CTCF	Blood	K-562	26245	43/483	3/49	-0.103263	0	1.45411
SRX6957460	TFs and others	FOXL2	Kidney	HGrC1	10493	43/483	3/49	-0.103263	0	1.45411
SRX7202562	TFs and others	CTCF	Blood	K-562	21977	43/483	3/49	-0.103263	0	1.45411
SRX7794487	TFs and others	HIF1A	Lung	BEAS-2B	1526	43/483	3/49	-0.103263	0	1.45411
SRX8528443	TFs and others	RAD21	Uterus	HeLa	15067	43/483	3/49	-0.103263	0	1.45411
SRX9599294	TFs and others	REST	Kidney	293	2765	43/483	3/49	-0.103263	0	1.45411
SRX4192888	TFs and others	STAT3	Breast	MCF 10A	17924	42/483	5/49	-0.10231	0	0.852174
SRX5877913	TFs and others	Epitope tags	Bone	U2OS	76907	440/483	44/49	-0.101123	0	1.01449
SRX129106	TFs and others	MYC	Lung	NCI-H128	940	43/483	5/49	-0.101123	0	0.872464
SRX150385	TFs and others	MAFK	Liver	Hep G2	61987	43/483	5/49	-0.101123	0	0.872464
SRX1521303	TFs and others	EP300	Breast	ZR-75-30	15510	43/483	5/49	-0.101123	0	0.872464
SRX2510822	TFs and others	SUPT5H	Uterus	HeLa	1746	43/483	5/49	-0.101123	0	0.872464
SRX8803194	TFs and others	MYC	Gonad	OVCAR-3	1212	43/483	5/49	-0.101123	0	0.872464
SRX017277	TFs and others	NANOG	Pluripotent stem cell	hESC H1	14150	44/483	5/49	-0.0997185	0	0.892754
SRX10119382	TFs and others	STAT3	Breast	MCF 10A	5073	44/483	5/49	-0.0997185	0	0.892754
SRX1041800	TFs and others	RUNX1	Blood	Jurkat	7021	44/483	5/49	-0.0997185	0	0.892754
SRX1116525	TFs and others	ESR1	Breast	MCF-7	8268	44/483	5/49	-0.0997185	0	0.892754
SRX1492212	TFs and others	RUNX1	Blood	Jurkat	7020	44/483	5/49	-0.0997185	0	0.892754
SRX185907	TFs and others	FOXM1	Breast	MCF-7	9573	44/483	5/49	-0.0997185	0	0.892754
SRX2671521	TFs and others	Epitope tags	Kidney	293	2356	44/483	5/49	-0.0997185	0	0.892754
SRX2795364	TFs and others	BRD4	Blood	Mutu	4177	44/483	5/49	-0.0997185	0	0.892754
SRX2871340	TFs and others	ESR1	Breast	T-47D	5387	44/483	5/49	-0.0997185	0	0.892754
SRX3394534	TFs and others	FLI1	Bone	A-673	12648	44/483	5/49	-0.0997185	0	0.892754
SRX356480	TFs and others	STAG1	Blood	GM12878	27017	44/483	5/49	-0.0997185	0	0.892754
SRX5514030	TFs and others	CDK8	Uterus	Myometrium	1335	44/483	5/49	-0.0997185	0	0.892754
SRX7055001	TFs and others	ERG	Cardiovascular	HAEC	6123	44/483	5/49	-0.0997185	0	0.892754
SRX150677	TFs and others	SETDB1	Blood	K-562	2259	45/483	5/49	-0.098117	0	0.913043
SRX185908	TFs and others	FOXM1	Breast	MCF-7	6661	45/483	5/49	-0.098117	0	0.913043
SRX2242953	TFs and others	RBPJ	Neural	GSC8	3507	45/483	5/49	-0.098117	0	0.913043
SRX3630816	TFs and others	ESR1	Uterus	Ishikawa	8058	45/483	5/49	-0.098117	0	0.913043
SRX451077	TFs and others	PDX1	Pluripotent stem cell	hESC derived mesendodermal cells	9850	45/483	5/49	-0.098117	0	0.913043
SRX5391681	TFs and others	SMC3	Blood	Neutrophils	5218	45/483	5/49	-0.098117	0	0.913043
SRX5574458	TFs and others	SPI1	Blood	CTV-1	16519	45/483	5/49	-0.098117	0	0.913043
SRX6927198	TFs and others	THAP11	Kidney	293	1681	45/483	5/49	-0.098117	0	0.913043
SRX7054994	TFs and others	ERG	Cardiovascular	HAEC	4141	45/483	5/49	-0.098117	0	0.913043
SRX7262416	TFs and others	FOXA1	Others	Bladder cancer	10367	45/483	5/49	-0.098117	0	0.913043
SRX1961155	TFs and others	ESR1	Breast	T-47D	5596	46/483	5/49	-0.0963373	0	0.933333
SRX2267457	TFs and others	BRD4	Lung	PC-9	4887	46/483	5/49	-0.0963373	0	0.933333
SRX361198	TFs and others	TP53	Bone	Saos-2	647	46/483	5/49	-0.0963373	0	0.933333
SRX3931032	TFs and others	FOXA1	Breast	MCF-7	21846	46/483	5/49	-0.0963373	0	0.933333
SRX5128132	TFs and others	ESR1	Breast	ZR-75-1	7096	46/483	5/49	-0.0963373	0	0.933333
SRX8406303	TFs and others	HOXB13	Prostate	Prostate	25880	46/483	5/49	-0.0963373	0	0.933333
SRX1161207	TFs and others	FOXA1	Breast	T-47D	19267	47/483	5/49	-0.0943982	0	0.953623
SRX1885185	TFs and others	FOXA1	Prostate	LNCAP	73656	47/483	5/49	-0.0943982	0	0.953623
SRX1961156	TFs and others	ESR1	Breast	T-47D	5671	47/483	5/49	-0.0943982	0	0.953623
SRX330070	TFs and others	ESR1	Breast	MCF-7	19588	47/483	5/49	-0.0943982	0	0.953623
SRX3680730	TFs and others	BRD4	Digestive tract	SW 480	5841	47/483	5/49	-0.0943982	0	0.953623
SRX8171743	TFs and others	MYBBP1A	Epidermis	BJ	1105	47/483	5/49	-0.0943982	0	0.953623
SRX8894991	TFs and others	FOXC1	Others	Limbal stem cells	7376	47/483	5/49	-0.0943982	0	0.953623
SRX9187411	TFs and others	HDAC1	Pancreas	MIA Paca-2	2028	47/483	5/49	-0.0943982	0	0.953623
SRX1067071	TFs and others	AR	Prostate	LHSAR	59859	50/483	4/49	-0.0938244	0	1.26812
SRX130063	TFs and others	MYC	Epidermis	BJ	5373	50/483	4/49	-0.0938244	0	1.26812
SRX1880279	TFs and others	MYC	Blood	Jurkat	2143	50/483	4/49	-0.0938244	0	1.26812
SRX190234	TFs and others	CEBPB	Liver	Hep G2	12477	50/483	4/49	-0.0938244	0	1.26812
SRX204662	TFs and others	RBBP5	Kidney	293	958	50/483	4/49	-0.0938244	0	1.26812
SRX2609662	TFs and others	NR3C1	Lung	HASM2	26877	50/483	4/49	-0.0938244	0	1.26812
SRX3931056	TFs and others	FOXA1	Breast	MCF-7	22408	50/483	4/49	-0.0938244	0	1.26812
SRX5848176	TFs and others	CTCF	Blood	K-562	29719	50/483	4/49	-0.0938244	0	1.26812
SRX6896407	TFs and others	FOXA1	Breast	T-47D	13426	50/483	4/49	-0.0938244	0	1.26812
SRX9550894	TFs and others	FOXA1	Prostate	Prostate cancer	32421	50/483	4/49	-0.0938244	0	1.26812
SRX019505	TFs and others	CTCF	Adipocyte	Adipose stromal cell	31231	49/483	4/49	-0.0937397	0	1.24275
SRX1447316	TFs and others	FOXA1	Breast	MCF-7	20463	49/483	4/49	-0.0937397	0	1.24275
SRX1469951	TFs and others	ESR1	Breast	MCF-7	17923	49/483	4/49	-0.0937397	0	1.24275
SRX174820	TFs and others	FOXA1	Lung	NCI-H3122	18499	49/483	4/49	-0.0937397	0	1.24275
SRX5172061	TFs and others	SMARCC1	Breast	MCF-7	4036	49/483	4/49	-0.0937397	0	1.24275
SRX5534863	TFs and others	EP300	Breast	MCF-7	5568	49/483	4/49	-0.0937397	0	1.24275
SRX6435404	TFs and others	SUPT5H	Kidney	293	1627	49/483	4/49	-0.0937397	0	1.24275
SRX7398059	TFs and others	FOXA1	Prostate	LNCAP	36904	49/483	4/49	-0.0937397	0	1.24275
SRX8617000	TFs and others	TET2	Breast	MCF-7	9090	49/483	4/49	-0.0937397	0	1.24275
SRX9317678	TFs and others	SPI1	Blood	Fujioka	29332	49/483	4/49	-0.0937397	0	1.24275
SRX9779521	TFs and others	MTA2	Lung	NCI-H1963	2123	49/483	4/49	-0.0937397	0	1.24275
SRX080349	TFs and others	CTCF	Blood	GM12873	23435	51/483	4/49	-0.093693	0	1.29348
SRX1033285	TFs and others	FOXA1	Prostate	LNCAP	29893	51/483	4/49	-0.093693	0	1.29348
SRX1384029	TFs and others	ATF3	Digestive tract	HCT 116	5226	51/483	4/49	-0.093693	0	1.29348
SRX1447317	TFs and others	FOXA1	Breast	MCF-7	28487	51/483	4/49	-0.093693	0	1.29348
SRX1758525	TFs and others	Epitope tags	Breast	MCF-7	1549	51/483	4/49	-0.093693	0	1.29348
SRX186620	TFs and others	RFX5	Lung	IMR-90	1861	51/483	4/49	-0.093693	0	1.29348
SRX3367137	TFs and others	BRD2	Epidermis	Foreskin	3697	51/483	4/49	-0.093693	0	1.29348
SRX625679	TFs and others	IKZF1	Blood	Pre-B ALL 	6493	51/483	4/49	-0.093693	0	1.29348
SRX6441747	TFs and others	FOXA1	Pancreas	CFPAC-1	25541	51/483	4/49	-0.093693	0	1.29348
SRX6896406	TFs and others	FOXA1	Breast	T-47D	12235	51/483	4/49	-0.093693	0	1.29348
SRX717859	TFs and others	EP300	Uterus	HeLa	14403	51/483	4/49	-0.093693	0	1.29348
SRX100463	TFs and others	ZBTB33	Liver	Hep G2	1575	52/483	4/49	-0.0933535	0	1.31884
SRX10119369	TFs and others	WWTR1	Breast	MCF 10A	10656	52/483	4/49	-0.0933535	0	1.31884
SRX10212064	TFs and others	CEBPB	Blood	THP-1	35823	52/483	4/49	-0.0933535	0	1.31884
SRX10365535	TFs and others	ESR1	Breast	MCF-7	27870	52/483	4/49	-0.0933535	0	1.31884
SRX199861	TFs and others	CTCF	Blood	GM12872	31496	52/483	4/49	-0.0933535	0	1.31884
SRX4815188	TFs and others	CTNNB1	Breast	MCF-7	2018	52/483	4/49	-0.0933535	0	1.31884
SRX8616830	TFs and others	FOSL2	Lung	A549	8580	52/483	4/49	-0.0933535	0	1.31884
SRX9317680	TFs and others	HDAC1	Blood	Fujioka	3380	52/483	4/49	-0.0933535	0	1.31884
SRX9556504	TFs and others	GATA3	Breast	MDA-MB-231	18467	52/483	4/49	-0.0933535	0	1.31884
SRX190360	TFs and others	MAX	Digestive tract	HCT 116	38769	431/483	45/49	-0.0933535	0	0.971659
SRX100494	TFs and others	ZBTB33	Liver	Hep G2	1808	53/483	4/49	-0.0928153	0	1.3442
SRX5493758	TFs and others	FOXA1	Breast	Breast cancer cells	23582	53/483	4/49	-0.0928153	0	1.3442
SRX6878604	TFs and others	FOXA1	Prostate	LNCAP	67570	53/483	4/49	-0.0928153	0	1.3442
SRX8080563	TFs and others	Epitope tags	Breast	Mammary gland adenocarcinoma	12001	53/483	4/49	-0.0928153	0	1.3442
SRX813768	TFs and others	MED1	Adipocyte	SGBS	15973	53/483	4/49	-0.0928153	0	1.3442
SRX9006850	TFs and others	FOXA1	Prostate	22Rv1	21987	53/483	4/49	-0.0928153	0	1.3442
SRX150732	TFs and others	TBL1XR1	Blood	GM12878	6745	52/483	6/49	-0.0920884	0	0.879227
SRX186626	TFs and others	ZNF384	Blood	K-562	14002	52/483	6/49	-0.0920884	0	0.879227
SRX2319761	TFs and others	VDR	Blood	THP-1	13027	52/483	6/49	-0.0920884	0	0.879227
SRX2871341	TFs and others	ESR1	Breast	T-47D	6031	52/483	6/49	-0.0920884	0	0.879227
SRX2943585	TFs and others	ESR1	Breast	MCF-7	6072	52/483	6/49	-0.0920884	0	0.879227
SRX3372020	TFs and others	ETV1	Digestive tract	GIST48	4963	52/483	6/49	-0.0920884	0	0.879227
SRX6099460	TFs and others	MED1	Blood	DLBCL	10449	52/483	6/49	-0.0920884	0	0.879227
SRX716555	TFs and others	YAP1	Neural	SF268	16370	52/483	6/49	-0.0920884	0	0.879227
SRX1165109	TFs and others	Epitope tags	Breast	MCF-7	36996	53/483	6/49	-0.0911836	0	0.896135
SRX2796998	TFs and others	ERG	Prostate	VCaP	2880	53/483	6/49	-0.0911836	0	0.896135
SRX359942	TFs and others	JUNB	Digestive tract	LoVo	630	53/483	6/49	-0.0911836	0	0.896135
SRX5574496	TFs and others	SPI1	Blood	CTV-1	8851	53/483	6/49	-0.0911836	0	0.896135
SRX9600663	TFs and others	G-quadruplex	Blood	K-562	603	53/483	6/49	-0.0911836	0	0.896135
SRX1079392	TFs and others	SUMO2	Prostate	VCaP	15850	54/483	6/49	-0.0901124	0	0.913043
SRX1787653	TFs and others	FOXA1	Breast	MCF-7	24655	54/483	6/49	-0.0901124	0	0.913043
SRX190305	TFs and others	TRIM28	Blood	K-562	8609	54/483	6/49	-0.0901124	0	0.913043
SRX1995230	TFs and others	ESR1	Breast	MCF-7	34993	54/483	6/49	-0.0901124	0	0.913043
SRX275403	TFs and others	BRD4	Blood	OCI-LY1	4855	54/483	6/49	-0.0901124	0	0.913043
SRX2871339	TFs and others	ESR1	Breast	T-47D	6963	54/483	6/49	-0.0901124	0	0.913043
SRX1469949	TFs and others	ESR1	Breast	MCF-7	19233	55/483	6/49	-0.0888866	0	0.929952
SRX471858	TFs and others	BRD4	Prostate	VCaP	2548	55/483	6/49	-0.0888866	0	0.929952
SRX717857	TFs and others	EP300	Uterus	HeLa	13009	55/483	6/49	-0.0888866	0	0.929952
SRX722349	TFs and others	NIPBL	Blood	RAMOS	3773	55/483	6/49	-0.0888866	0	0.929952
SRX3857003	TFs and others	CDKN1B	Breast	MDA-MB-231	34166	427/483	43/49	-0.0875183	0	1.00741
SRX1538765	TFs and others	PPARG	Digestive tract	HT-29	14888	56/483	6/49	-0.0875183	0	0.94686
SRX2378695	TFs and others	AHR	Breast	MCF-7	14245	56/483	6/49	-0.0875183	0	0.94686
SRX542554	TFs and others	MYC	Blood	P493-6	3240	56/483	6/49	-0.0875183	0	0.94686
SRX6441754	TFs and others	FOXA2	Pancreas	CFPAC-1	20266	56/483	6/49	-0.0875183	0	0.94686
SRX6957464	TFs and others	FOXL2	Kidney	HGrC1	14541	56/483	6/49	-0.0875183	0	0.94686
ERX200503	TFs and others	CTCF	Blood	B cells	29739	60/483	5/49	-0.0861324	0	1.21739
SRX100403	TFs and others	NR3C1	Lung	A549	18421	60/483	5/49	-0.0861324	0	1.21739
SRX10119370	TFs and others	WWTR1	Breast	MCF 10A	17473	60/483	5/49	-0.0861324	0	1.21739
SRX1161205	TFs and others	FOXA1	Breast	T-47D	23052	60/483	5/49	-0.0861324	0	1.21739
SRX5360649	TFs and others	KLF4	Epidermis	BJ	2973	60/483	5/49	-0.0861324	0	1.21739
SRX625674	TFs and others	IKZF1	Blood	Pre-B ALL 	10492	60/483	5/49	-0.0861324	0	1.21739
SRX6853600	TFs and others	ARNT	Breast	MCF-7	1922	60/483	5/49	-0.0861324	0	1.21739
SRX9317690	TFs and others	TLE3	Blood	Fujioka	7070	60/483	5/49	-0.0861324	0	1.21739
SRX080380	TFs and others	CTCF	Lung	HPF	30669	59/483	5/49	-0.0860875	0	1.1971
SRX1012619	TFs and others	PGR	Breast	T-47D	24944	59/483	5/49	-0.0860875	0	1.1971
SRX10989715	TFs and others	GATA1	Blood	HUDEP-1	12556	59/483	5/49	-0.0860875	0	1.1971
SRX1161191	TFs and others	FOXA1	Breast	ZR-75-1	31417	59/483	5/49	-0.0860875	0	1.1971
SRX1161199	TFs and others	ESR1	Breast	T-47D	4948	59/483	5/49	-0.0860875	0	1.1971
SRX1460854	TFs and others	MED1	Blood	Th1 Cells	875	59/483	5/49	-0.0860875	0	1.1971
SRX1514981	TFs and others	GFP	Kidney	293	4194	59/483	5/49	-0.0860875	0	1.1971
SRX176862	TFs and others	FOXA1	Breast	MCF-7	47791	59/483	5/49	-0.0860875	0	1.1971
SRX190217	TFs and others	RAD21	Lung	A549	36915	59/483	5/49	-0.0860875	0	1.1971
SRX190296	TFs and others	FOSL2	Neural	SK-N-SH	33847	59/483	5/49	-0.0860875	0	1.1971
SRX3230409	TFs and others	ZCCHC11	Liver	Hep G2	3758	59/483	5/49	-0.0860875	0	1.1971
SRX5323818	TFs and others	STAT3	Breast	T-47D	3406	59/483	5/49	-0.0860875	0	1.1971
SRX2778386	TFs and others	YY1	Blood	Lymphoblastoid cell line	2079	57/483	6/49	-0.0860199	0	0.963768
SRX2778396	TFs and others	YY1	Blood	Lymphoblastoid cell line	1965	57/483	6/49	-0.0860199	0	0.963768
SRX2871361	TFs and others	PGR	Breast	T-47D	35355	57/483	6/49	-0.0860199	0	0.963768
SRX4393711	TFs and others	RUNX1	Blood	ME-1	9235	57/483	6/49	-0.0860199	0	0.963768
SRX4394546	TFs and others	CEBPB	Bone	SU-DHL-1	48890	57/483	6/49	-0.0860199	0	0.963768
SRX4824375	TFs and others	ZFX	Prostate	22Rv1	2066	57/483	6/49	-0.0860199	0	0.963768
SRX5567179	TFs and others	RUNX1	Blood	ME-1	9235	57/483	6/49	-0.0860199	0	0.963768
SRX7054996	TFs and others	ERG	Cardiovascular	HAEC	7258	57/483	6/49	-0.0860199	0	0.963768
SRX9498740	TFs and others	GTF2B	Blood	K-562	1967	57/483	6/49	-0.0860199	0	0.963768
SRX9600624	TFs and others	G-quadruplex	Blood	K-562	618	57/483	6/49	-0.0860199	0	0.963768
SRX1161204	TFs and others	FOXA1	Breast	T-47D	15673	61/483	5/49	-0.08601	0	1.23768
SRX2194247	TFs and others	CEBPB	Breast	SUM 159PT	30651	61/483	5/49	-0.08601	0	1.23768
SRX2194250	TFs and others	CEBPB	Breast	SUM 159PT	45705	61/483	5/49	-0.08601	0	1.23768
SRX356499	TFs and others	STAG1	Blood	Lymphoblastoid cell line	24849	61/483	5/49	-0.08601	0	1.23768
SRX3931098	TFs and others	GRHL2	Breast	MCF-7	13972	61/483	5/49	-0.08601	0	1.23768
SRX4394540	TFs and others	CEBPB	Blood	JB6	48360	61/483	5/49	-0.08601	0	1.23768
SRX5887611	TFs and others	YAP1	Lung	PC-9	11607	61/483	5/49	-0.08601	0	1.23768
SRX8616846	TFs and others	JUNB	Lung	A549	13670	62/483	5/49	-0.0857256	0	1.25797
SRX10119387	TFs and others	YAP1	Breast	MDA-MB-231	16483	63/483	5/49	-0.0852854	0	1.27826
SRX190181	TFs and others	FOXA1	Lung	A549	23598	63/483	5/49	-0.0852854	0	1.27826
SRX356630	TFs and others	CTCF	Blood	GM19193	34129	63/483	5/49	-0.0852854	0	1.27826
SRX4394541	TFs and others	CEBPB	Blood	JB6	41327	63/483	5/49	-0.0852854	0	1.27826
SRX4417022	TFs and others	ESR1	Breast	MCF-7	9799	63/483	5/49	-0.0852854	0	1.27826
SRX518679	TFs and others	IRF4	Blood	NCI-H929	5348	63/483	5/49	-0.0852854	0	1.27826
SRX8520800	TFs and others	STAT3	Breast	SUM 159PT	12908	63/483	5/49	-0.0852854	0	1.27826
SRX3856994	TFs and others	JUN	Breast	MDA-MB-231	48375	420/483	44/49	-0.0852854	0	0.968379
SRX1538762	TFs and others	NR1H3	Digestive tract	HT-29	13145	62/483	7/49	-0.0846958	0	0.898551
SRX3472377	TFs and others	TP53BP1	Pluripotent stem cell	hESC H9	1762	62/483	7/49	-0.0846958	0	0.898551
SRX5525775	TFs and others	MYCN	Neural	SH-EP	1866	62/483	7/49	-0.0846958	0	0.898551
SRX6888836	TFs and others	Biotin	Uterus	HeLa	2218	62/483	7/49	-0.0846958	0	0.898551
SRX9562892	TFs and others	HDAC2	Muscle	RH-4	11536	62/483	7/49	-0.0846958	0	0.898551
SRX189240	TFs and others	MYC	Lung	NCI-H2171	4225	63/483	7/49	-0.0839643	0	0.913043
SRX2778395	TFs and others	YY1	Blood	Lymphoblastoid cell line	2228	63/483	7/49	-0.0839643	0	0.913043
SRX5514017	TFs and others	JUN	Uterus	Myometrium	2944	63/483	7/49	-0.0839643	0	0.913043
SRX3857004	TFs and others	CDKN1B	Breast	MDA-MB-231	36038	419/483	42/49	-0.0830983	0	1.01208
SRX150638	TFs and others	EP300	Blood	GM12878	5671	64/483	7/49	-0.0830983	0	0.927536
SRX2254535	TFs and others	KLF5	Others	BICR 31	4181	64/483	7/49	-0.0830983	0	0.927536
SRX668349	TFs and others	GFP	Kidney	293	1474	64/483	7/49	-0.0830983	0	0.927536
SRX3856996	TFs and others	JUN	Breast	MDA-MB-231	36710	418/483	42/49	-0.0821062	0	1.00966
SRX10657964	TFs and others	Epitope tags	Blood	NALM-6	3653	65/483	7/49	-0.0821062	0	0.942029
SRX11196943	TFs and others	GTF2B	Kidney	293	1713	65/483	7/49	-0.0821062	0	0.942029
SRX3931055	TFs and others	FOXA1	Breast	MCF-7	29937	65/483	7/49	-0.0821062	0	0.942029
SRX6748228	TFs and others	TET2	Prostate	Prostate cancer	1839	65/483	7/49	-0.0821062	0	0.942029
SRX1989717	TFs and others	GATA4	Lung	A549	6143	66/483	7/49	-0.0809962	0	0.956522
SRX2961794	TFs and others	TRIM24	Blood	MOLM-13	7108	66/483	7/49	-0.0809962	0	0.956522
SRX10119378	TFs and others	WWTR1	Breast	MCF 10A	31435	70/483	6/49	-0.0803158	0	1.18357
SRX1473610	TFs and others	ESRRA	Breast	BT-474	19608	70/483	6/49	-0.0803158	0	1.18357
SRX2778382	TFs and others	YY1	Blood	Lymphoblastoid cell line	2420	70/483	6/49	-0.0803158	0	1.18357
SRX4802340	TFs and others	ARNT	Kidney	HKC8	5475	70/483	6/49	-0.0803158	0	1.18357
SRX9469984	TFs and others	KLF4	Prostate	LAPC-4	16867	70/483	6/49	-0.0803158	0	1.18357
SRX1067070	TFs and others	AR	Prostate	LHSAR	64537	69/483	6/49	-0.0802962	0	1.16667
SRX1552472	TFs and others	MYC	Bone	U2OS	4396	69/483	6/49	-0.0802962	0	1.16667
SRX5574463	TFs and others	SPI1	Blood	CTV-1	19543	69/483	6/49	-0.0802962	0	1.16667
SRX6860640	TFs and others	FOXA1	Breast	T-47D	20584	69/483	6/49	-0.0802962	0	1.16667
SRX9004385	TFs and others	USF2	Blood	SEM	3121	69/483	6/49	-0.0802962	0	1.16667
SRX1212238	TFs and others	CREB1	Prostate	LNCAP	12839	414/483	43/49	-0.0802962	0	0.976744
SRX10059517	TFs and others	CEBPD	Others	Fibroblasts	25668	71/483	6/49	-0.0801997	0	1.20048
SRX4792911	TFs and others	RAD21	Breast	T-47D	4086	71/483	6/49	-0.0801997	0	1.20048
SRX1961164	TFs and others	FOXA1	Breast	T-47D	19983	68/483	6/49	-0.0801379	0	1.14976
SRX1995229	TFs and others	ESR1	Breast	MCF-7	36033	68/483	6/49	-0.0801379	0	1.14976
SRX3461644	TFs and others	BCL6	Blood	OCI-LY1	14476	68/483	6/49	-0.0801379	0	1.14976
SRX5007091	TFs and others	BCL11B	Blood	PBMC	2916	68/483	6/49	-0.0801379	0	1.14976
SRX11196921	TFs and others	NELFB	Kidney	293	1737	72/483	6/49	-0.0799517	0	1.21739
SRX190327	TFs and others	CEBPB	Lung	A549	20391	72/483	6/49	-0.0799517	0	1.21739
SRX5577145	TFs and others	Epitope tags	Prostate	LNCAP	54295	72/483	6/49	-0.0799517	0	1.21739
SRX6800707	TFs and others	IRF4	Blood	CAR-T cells	7502	72/483	6/49	-0.0799517	0	1.21739
SRX7054938	TFs and others	ERG	Cardiovascular	HAEC	7312	72/483	6/49	-0.0799517	0	1.21739
SRX10104975	TFs and others	RXRA	Others	5637	10173	71/483	8/49	-0.0795759	0	0.900362
SRX2245499	TFs and others	CEBPA	Blood	MV-4-11	21045	71/483	8/49	-0.0795759	0	0.900362
SRX360062	TFs and others	ZNF83	Digestive tract	LoVo	2346	71/483	8/49	-0.0795759	0	0.900362
SRX5574448	TFs and others	SPI1	Blood	CTV-1	34260	71/483	8/49	-0.0795759	0	0.900362
SRX129110	TFs and others	MYC	Lung	NCI-H2171	44190	411/483	41/49	-0.079077	0	1.01697
SRX3881554	TFs and others	O-GlcNAc	Prostate	LNCAP	10561	411/483	41/49	-0.079077	0	1.01697
SRX017698	TFs and others	CREBBP	Blood	CD4+ T cells	1948	73/483	8/49	-0.0784603	0	0.925725
SRX2267449	TFs and others	BRD4	Lung	NCI-H3122	7197	73/483	8/49	-0.0784603	0	0.925725
SRX212441	TFs and others	ETS1	Blood	CD4+ T cells	2841	74/483	8/49	-0.0777313	0	0.938406
SRX3931054	TFs and others	FOXA1	Breast	MCF-7	32397	74/483	8/49	-0.0777313	0	0.938406
SRX6596845	TFs and others	EGR1	Others	Fibroblasts	2566	74/483	8/49	-0.0777313	0	0.938406
SRX8080547	TFs and others	Epitope tags	Breast	Mammary gland ductal carcinoma	4602	74/483	8/49	-0.0777313	0	0.938406
SRX8406533	TFs and others	HOXB13	Prostate	Prostate	12559	74/483	8/49	-0.0777313	0	0.938406
SRX3856998	TFs and others	JUN	Breast	MDA-MB-231	27108	408/483	41/49	-0.0768958	0	1.00954
SRX150479	TFs and others	STAT3	Breast	MCF 10A	28660	75/483	8/49	-0.0768958	0	0.951087
SRX3230400	TFs and others	SIX4	Liver	Hep G2	8105	75/483	8/49	-0.0768958	0	0.951087
SRX4212578	TFs and others	EZH2	Blood	Peripheral blood mononuclear cells	2495	75/483	8/49	-0.0768958	0	0.951087
SRX6913079	TFs and others	BRD3	Blood	K-562	3134	75/483	8/49	-0.0768958	0	0.951087
SRX8949279	TFs and others	NCOA3	Breast	ZR-75-1	47409	75/483	8/49	-0.0768958	0	0.951087
SRX190361	TFs and others	SIN3A	Digestive tract	HCT 116	24165	407/483	41/49	-0.07596	0	1.00707
SRX9206198	TFs and others	GFP	Digestive tract	HCT 116	13858	407/483	41/49	-0.07596	0	1.00707
SRX150507	TFs and others	MYC	Blood	K-562	4153	76/483	8/49	-0.07596	0	0.963768
SRX1514954	TFs and others	GFP	Kidney	293	3323	76/483	8/49	-0.07596	0	0.963768
SRX150709	TFs and others	CEBPB	Lung	A549	32586	80/483	7/49	-0.0757567	0	1.15942
SRX4890469	TFs and others	LDB1	Blood	Kasumi-1	11896	80/483	7/49	-0.0757567	0	1.15942
SRX5360663	TFs and others	Epitope tags	Epidermis	BJ	41303	80/483	7/49	-0.0757567	0	1.15942
SRX5646089	TFs and others	IRF1	Blood	K-562	6910	80/483	7/49	-0.0757567	0	1.15942
SRX6596846	TFs and others	EGR1	Others	Fibroblasts	2683	80/483	7/49	-0.0757567	0	1.15942
SRX1136745	TFs and others	JUND	Epidermis	Melanoma	2839	79/483	7/49	-0.0757544	0	1.14493
SRX150650	TFs and others	RAD21	Uterus	HeLa	47691	79/483	7/49	-0.0757544	0	1.14493
SRX3990990	TFs and others	PGR	Breast	T-47D	6618	79/483	7/49	-0.0757544	0	1.14493
SRX5234501	TFs and others	SMARCC1	Kidney	TTC1240	12981	79/483	7/49	-0.0757544	0	1.14493
SRX5525780	TFs and others	MYCN	Neural	SH-EP	2023	79/483	7/49	-0.0757544	0	1.14493
SRX5574359	TFs and others	SPI1	Blood	Dendritic Cells	67162	79/483	7/49	-0.0757544	0	1.14493
SRX702113	TFs and others	SRF	Pluripotent stem cell	hESC HUES64	32165	79/483	7/49	-0.0757544	0	1.14493
SRX1521297	TFs and others	ZMYND8	Breast	ZR-75-30	6408	81/483	7/49	-0.0756451	0	1.17391
SRX4708081	TFs and others	FIP1L1	Blood	K-562	3337	81/483	7/49	-0.0756451	0	1.17391
SRX5534832	TFs and others	ESR1	Breast	MCF-7	28419	81/483	7/49	-0.0756451	0	1.17391
SRX995500	TFs and others	CTCF	Blood	Erythroid Cells	10820	81/483	7/49	-0.0756451	0	1.17391
SRX150576	TFs and others	MXI1	Blood	K-562	3587	78/483	7/49	-0.0756359	0	1.13043
SRX3990984	TFs and others	PGR	Breast	T-47D	28571	78/483	7/49	-0.0756359	0	1.13043
SRX9469988	TFs and others	AR	Prostate	LAPC-4	90683	78/483	7/49	-0.0756359	0	1.13043
SRX190214	TFs and others	CBX3	Digestive tract	HCT 116	43092	405/483	42/49	-0.0756359	0	0.978261
SRX1514962	TFs and others	GFP	Kidney	293	13534	82/483	7/49	-0.0754223	0	1.18841
SRX1758506	TFs and others	NELFE	Breast	MCF-7	1813	82/483	7/49	-0.0754223	0	1.18841
SRX212439	TFs and others	ETS1	Blood	Treg	3295	82/483	7/49	-0.0754223	0	1.18841
SRX3394525	TFs and others	FLI1	Bone	A-673	28937	82/483	7/49	-0.0754223	0	1.18841
SRX7054667	TFs and others	RELA	Cardiovascular	HAEC	12331	82/483	7/49	-0.0754223	0	1.18841
SRX356782	TFs and others	STAG1	Blood	Lymphoblastoid cell line	31610	81/483	9/49	-0.0750914	0	0.913043
SRX5123054	TFs and others	POU2F1	Digestive tract	HCT 116	2949	81/483	9/49	-0.0750914	0	0.913043
SRX8073481	TFs and others	TBL1Y	Blood	DLBCL	1790	81/483	9/49	-0.0750914	0	0.913043
SRX218419	TFs and others	KLF1	Blood	Erythroid Cells	54700	401/483	40/49	-0.0746559	0	1.01703
SRX7141988	TFs and others	O-GlcNAc	Adipocyte	Adipocytes	3202	82/483	9/49	-0.0746559	0	0.924316
SRX9419952	TFs and others	FOXA1	Breast	SK-BR-3	29297	83/483	9/49	-0.0741197	0	0.935588
SRX082165	TFs and others	MYC	Blood	GM12878	4223	84/483	9/49	-0.073487	0	0.94686
SRX8406512	TFs and others	FOXA1	Prostate	Prostate	19737	84/483	9/49	-0.073487	0	0.94686
SRX186636	TFs and others	MXI1	Neural	SK-N-SH	29389	398/483	40/49	-0.0727623	0	1.00942
SRX10059518	TFs and others	CEBPD	Others	Fibroblasts	32232	89/483	8/49	-0.0720998	0	1.12862
SRX543180	TFs and others	ZNF750	Epidermis	Keratinocytes	12796	90/483	8/49	-0.0720896	0	1.1413
SRX7785401	TFs and others	Epitope tags	Blood	Jurkat	14221	90/483	8/49	-0.0720896	0	1.1413
SRX8873457	TFs and others	BANP	Breast	HCC1954	5335	90/483	8/49	-0.0720896	0	1.1413
SRX9317689	TFs and others	TLE3	Blood	Fujioka	21204	90/483	8/49	-0.0720896	0	1.1413
SRX5757564	TFs and others	SMAD3	Breast	SUM 159PT	15952	393/483	41/49	-0.0720896	0	0.972428
SRX9556506	TFs and others	GATA3	Breast	MDA-MB-231	19539	88/483	8/49	-0.0720099	0	1.11594
SRX212184	TFs and others	EP300	Lung	Lung fibroblasts	19413	91/483	8/49	-0.0719812	0	1.15399
SRX3591433	TFs and others	BRD4	Blood	B-CLL cells	2684	91/483	8/49	-0.0719812	0	1.15399
SRX4417538	TFs and others	BRD4	Pluripotent stem cell	hESC derived neural cells	4266	91/483	8/49	-0.0719812	0	1.15399
SRX9599278	TFs and others	REST	Uterus	HEC-1-B	4890	91/483	8/49	-0.0719812	0	1.15399
SRX150476	TFs and others	FOS	Breast	MCF 10A	59497	86/483	9/49	-0.0719502	0	0.969404
SRX360576	TFs and others	MYC	Digestive tract	GP5d	3071	86/483	9/49	-0.0719502	0	0.969404
SRX6935372	TFs and others	MYC	Neural	KELLY	2723	86/483	9/49	-0.0719502	0	0.969404
SRX100506	TFs and others	FOXA1	Liver	Hep G2	50229	92/483	8/49	-0.0717766	0	1.16667
SRX190345	TFs and others	CEBPB	Breast	MCF-7	28067	92/483	8/49	-0.0717766	0	1.16667
SRX11705917	TFs and others	MYCN	Neural	SK-N-BE(2)	2697	91/483	10/49	-0.0714782	0	0.923188
SRX3789540	TFs and others	RUNX1	Blood	Acute myeloid leukemia	966	91/483	10/49	-0.0714782	0	0.923188
SRX9004383	TFs and others	USF2	Blood	SEM	8585	91/483	10/49	-0.0714782	0	0.923188
SRX190284	TFs and others	USF1	Lung	A549	6137	92/483	10/49	-0.0710888	0	0.933333
SRX4374937	TFs and others	NOTCH1	Breast	HCC1599	1098	92/483	10/49	-0.0710888	0	0.933333
SRX9029207	TFs and others	CEBPB	Blood	Neutrophils	23390	92/483	10/49	-0.0710888	0	0.933333
SRX100453	TFs and others	THAP1	Blood	K-562	2660	93/483	10/49	-0.0706113	0	0.943478
SRX150659	TFs and others	BACH1	Pluripotent stem cell	hESC H1	7465	93/483	10/49	-0.0706113	0	0.943478
SRX5574493	TFs and others	SPI1	Blood	CTV-1	19639	93/483	10/49	-0.0706113	0	0.943478
SRX9029206	TFs and others	CEBPB	Blood	Neutrophils	18500	93/483	10/49	-0.0706113	0	0.943478
SRX027401	TFs and others	E2F4	Adipocyte	Adipocytes	1534	94/483	10/49	-0.0700492	0	0.953623
SRX1079386	TFs and others	SUMO2	Prostate	VCaP	16711	95/483	10/49	-0.0694058	0	0.963768
SRX5577136	TFs and others	Epitope tags	Prostate	LNCAP	44422	95/483	10/49	-0.0694058	0	0.963768
SRX198033	TFs and others	BRD4	Blood	CD4+ T cells	5708	99/483	9/49	-0.0691028	0	1.11594
SRX6596849	TFs and others	EGR1	Others	Fibroblasts	3935	99/483	9/49	-0.0691028	0	1.11594
SRX265428	TFs and others	CTCF	Breast	SUM 159PT	45776	384/483	40/49	-0.0691028	0	0.973913
SRX3586365	TFs and others	RUNX1	Blood	Pre-B lymphoblast cells	10019	100/483	9/49	-0.0690832	0	1.12721
SRX10119367	TFs and others	WWTR1	Breast	MCF 10A	32483	101/483	9/49	-0.068977	0	1.13849
SRX4143065	TFs and others	AML1-ETO	Blood	Kasumi-1	15673	101/483	9/49	-0.068977	0	1.13849
SRX10119161	TFs and others	CREBBP	Blood	MV-4-11	5195	97/483	9/49	-0.0688774	0	1.0934
SRX2841992	TFs and others	BRD4	Blood	K-562	4054	97/483	9/49	-0.0688774	0	1.0934
SRX9556499	TFs and others	GATA3	Breast	MDA-MB-231	16277	97/483	9/49	-0.0688774	0	1.0934
SRX5346120	TFs and others	MYC	Blood	RAMOS	5882	102/483	9/49	-0.0687859	0	1.14976
SRX9055420	TFs and others	KLF1	Blood	HUDEP-2	13166	381/483	40/49	-0.0687859	0	0.966304
SRX334238	TFs and others	E2F1	Unclassified	Unclassified	12609	382/483	38/49	-0.0685117	0	1.01983
SRX6102130	TFs and others	SUPT5H	Uterus	HeLa	21479	382/483	38/49	-0.0685117	0	1.01983
SRX5574502	TFs and others	SMARCA4	Blood	CTV-1	11834	101/483	11/49	-0.0685117	0	0.931489
SRX643471	TFs and others	ERG	Prostate	VCaP	5323	101/483	11/49	-0.0685117	0	0.931489
SRX3230401	TFs and others	SP1	Liver	Hep G2	12274	381/483	38/49	-0.0681568	0	1.01716
SRX3342251	TFs and others	HIF1A	Prostate	PC-3	29162	381/483	38/49	-0.0681568	0	1.01716
SRX1389378	TFs and others	ELF3	Pancreas	CFPAC-1	15006	102/483	11/49	-0.0681568	0	0.940711
SRX103000	TFs and others	MYC	Breast	MCF-7	27749	380/483	38/49	-0.0677235	0	1.01449
SRX4708115	TFs and others	YY1	Liver	Hep G2	12034	380/483	38/49	-0.0677235	0	1.01449
SRX2020843	TFs and others	STAT3	Breast	HCC70	21054	103/483	11/49	-0.0677235	0	0.949934
SRX346924	TFs and others	MITF	Digestive tract	COLO 829	8666	103/483	11/49	-0.0677235	0	0.949934
SRX2251220	TFs and others	BRD4	Prostate	C4-2	3256	109/483	10/49	-0.0666105	0	1.1058
SRX12129506	TFs and others	BRD4	Blood	T cells	3915	110/483	10/49	-0.0665834	0	1.11594
SRX4001818	TFs and others	SPI1	Blood	Macrophages	63875	110/483	10/49	-0.0665834	0	1.11594
SRX5574460	TFs and others	SPI1	Blood	CTV-1	42039	110/483	10/49	-0.0665834	0	1.11594
SRX5574494	TFs and others	SPI1	Blood	CTV-1	23810	110/483	10/49	-0.0665834	0	1.11594
SRX7551119	TFs and others	SETD1A	Uterus	HeLa	14212	373/483	39/49	-0.0665834	0	0.970271
SRX100576	TFs and others	SPI1	Blood	GM12878	36094	108/483	10/49	-0.0665591	0	1.09565
SRX7054609	TFs and others	RELA	Cardiovascular	HAEC	20915	108/483	10/49	-0.0665591	0	1.09565
SRX2314264	TFs and others	SUPT5H	Blood	MOLT-4	15448	375/483	39/49	-0.0665591	0	0.975474
SRX356666	TFs and others	STAG1	Blood	GM19238	30463	111/483	10/49	-0.0664786	0	1.12609
SRX3601957	TFs and others	ERG	Cardiovascular	HUVEC	15127	111/483	10/49	-0.0664786	0	1.12609
SRX4931240	TFs and others	KMT2A	Kidney	293	3085	111/483	10/49	-0.0664786	0	1.12609
SRX2314263	TFs and others	SUPT5H	Blood	MOLT-4	13839	372/483	39/49	-0.0664786	0	0.96767
SRX667410	TFs and others	Epitope tags	Breast	MCF-7	6458	112/483	12/49	-0.0657132	0	0.94686
SRX7044869	TFs and others	MAZ	Blood	Erythroid Cells	1769	112/483	12/49	-0.0657132	0	0.94686
SRX1460850	TFs and others	AFF4	Blood	Th1 Cells	2153	113/483	12/49	-0.0653137	0	0.955314
SRX7627562	TFs and others	REST	Neural	Hippocampus	3162	113/483	12/49	-0.0653137	0	0.955314
SRX5323836	TFs and others	STAT3	Breast	T-47D	6716	114/483	12/49	-0.0648457	0	0.963768
SRX5391684	TFs and others	RAD21	Blood	Neutrophils	12197	114/483	12/49	-0.0648457	0	0.963768
SRX190311	TFs and others	NFIC	Uterus	ECC-1	27610	119/483	11/49	-0.0645166	0	1.0975
SRX5957524	TFs and others	TBP	Pluripotent stem cell	hESC H1	3693	119/483	11/49	-0.0645166	0	1.0975
SRX9867030	TFs and others	CTCF	Blood	CD8+ T cells	14879	120/483	11/49	-0.0644831	0	1.10672
SRX100538	TFs and others	HDAC2	Liver	Hep G2	16221	118/483	11/49	-0.0644786	0	1.08827
SRX190302	TFs and others	EGR1	Digestive tract	HCT 116	17592	365/483	38/49	-0.0644786	0	0.974447
SRX10828251	TFs and others	AR	Digestive tract	HGC-27	3206	117/483	11/49	-0.0643685	0	1.07905
SRX366795	TFs and others	BRD3	Blood	MM.1S	3206	117/483	11/49	-0.0643685	0	1.07905
SRX5574514	TFs and others	SPI1	Liver	Hep G2	34933	117/483	11/49	-0.0643685	0	1.07905
SRX6748227	TFs and others	CXXC5	Prostate	Prostate cancer	2899	117/483	11/49	-0.0643685	0	1.07905
SRX150516	TFs and others	MXI1	Liver	Hep G2	18240	366/483	38/49	-0.0643685	0	0.977117
SRX7551117	TFs and others	SETD1A	Uterus	HeLa	14498	368/483	37/49	-0.0643114	0	1.00901
SRX1042049	TFs and others	USF1	Blood	Erythroid Cells	5638	115/483	12/49	-0.0643114	0	0.972222
SRX150583	TFs and others	IRF1	Blood	K-562	9137	115/483	12/49	-0.0643114	0	0.972222
SRX3468047	TFs and others	SS18	Others	Fibroblasts	47348	115/483	12/49	-0.0643114	0	0.972222
SRX3990992	TFs and others	PGR	Breast	T-47D	12203	120/483	13/49	-0.0642057	0	0.936455
SRX100443	TFs and others	SPI1	Blood	GM12891	42742	121/483	13/49	-0.0639641	0	0.944259
SRX103009	TFs and others	MYC	Blood	K-562	8472	121/483	13/49	-0.0639641	0	0.944259
SRX150633	TFs and others	GTF2F1	Uterus	HeLa	6973	121/483	13/49	-0.0639641	0	0.944259
SRX029315	TFs and others	GABPA	Blood	CD34 Hematopoietic stem cells	2984	122/483	13/49	-0.0636559	0	0.952062
SRX1212236	TFs and others	FOXA1	Prostate	LNCAP	63527	122/483	13/49	-0.0636559	0	0.952062
SRX3990998	TFs and others	PGR	Breast	T-47D	16376	122/483	13/49	-0.0636559	0	0.952062
SRX190318	TFs and others	SIN3A	Breast	MCF-7	25999	360/483	36/49	-0.0632828	0	1.01449
SRX190239	TFs and others	GATA3	Breast	MCF-7	39727	123/483	13/49	-0.0632828	0	0.959866
SRX2982414	TFs and others	FOXA1	Uterus	Ishikawa	25173	123/483	13/49	-0.0632828	0	0.959866
SRX10657965	TFs and others	Epitope tags	Blood	NALM-6	9143	124/483	13/49	-0.0628468	0	0.96767
SRX3931044	TFs and others	FOXA1	Breast	MCF-7	66966	124/483	13/49	-0.0628468	0	0.96767
SRX9029200	TFs and others	POU2F2	Blood	Monocytes-CD14+	2981	124/483	13/49	-0.0628468	0	0.96767
SRX9469983	TFs and others	KLF4	Prostate	LAPC-4	18906	124/483	13/49	-0.0628468	0	0.96767
SRX6748226	TFs and others	CXXC5	Prostate	Prostate cancer	3450	129/483	12/49	-0.0627448	0	1.09058
SRX9550928	TFs and others	FOXA1	Prostate	Prostate cancer	52172	129/483	12/49	-0.0627448	0	1.09058
SRX3509028	TFs and others	TFAP2C	Pluripotent stem cell	hESC UCLA1	5224	128/483	12/49	-0.0627179	0	1.08213
SRX4677296	TFs and others	FOXA2	Pancreas	CFPAC-1	49686	128/483	12/49	-0.0627179	0	1.08213
SRX2867672	TFs and others	GFP	Kidney	293	36156	355/483	37/49	-0.0627179	0	0.973365
SRX2009509	TFs and others	BRD4	Neural	SF8628	4170	130/483	12/49	-0.062706	0	1.09903
SRX5323856	TFs and others	STAT3	Breast	MCF-7	13882	130/483	12/49	-0.062706	0	1.09903
SRX1389380	TFs and others	ELF3	Pancreas	CFPAC-1	20695	127/483	12/49	-0.0626248	0	1.07367
SRX4377560	TFs and others	BRD9	Breast	MDA-MB-231	18475	131/483	12/49	-0.0626022	0	1.10749
SRX4708108	TFs and others	RBM25	Liver	Hep G2	35968	352/483	37/49	-0.0626022	0	0.965139
SRX11196888	TFs and others	G-quadruplex	Kidney	293	1389	126/483	12/49	-0.0624651	0	1.06522
SRX054576	TFs and others	Epitope tags	Breast	MCF-7	15068	352/483	35/49	-0.0622038	0	1.02029
SRX3345955	TFs and others	INTS13	Blood	HL-60	18756	352/483	35/49	-0.0622038	0	1.02029
SRX092575	TFs and others	GABPA	Uterus	HeLa	3614	139/483	13/49	-0.0612392	0	1.08473
SRX2207672	TFs and others	RELA	Cardiovascular	HUVEC	87679	344/483	36/49	-0.0612392	0	0.969404
SRX6780866	TFs and others	CREB1	Pluripotent stem cell	iPS derived neural cells	10421	344/483	36/49	-0.0612392	0	0.969404
SRX5346117	TFs and others	MYC	Blood	RAMOS	6874	138/483	13/49	-0.0612217	0	1.07692
SRX5574343	TFs and others	SPI1	Blood	Monocytes	37489	138/483	13/49	-0.0612217	0	1.07692
SRX244180	TFs and others	CDK9	Blood	MM.1S	14372	345/483	36/49	-0.0612217	0	0.972222
SRX150378	TFs and others	MAX	Lung	A549	6190	140/483	13/49	-0.0611956	0	1.09253
SRX150447	TFs and others	TFAP2A	Uterus	HeLa	10885	140/483	13/49	-0.0611956	0	1.09253
SRX5574467	TFs and others	FLI1	Blood	CTV-1	17132	134/483	14/49	-0.0611483	0	0.971014
SRX7055004	TFs and others	RELA	Cardiovascular	HAEC	19981	137/483	13/49	-0.0611426	0	1.06912
SRX250095	TFs and others	TCF7L2	Breast	MDA-MB-453	17071	344/483	34/49	-0.0610916	0	1.02643
SRX5574513	TFs and others	SPI1	Liver	Hep G2	44024	139/483	15/49	-0.0610916	0	0.940097
SRX9055419	TFs and others	KLF1	Blood	HUDEP-2	11015	343/483	34/49	-0.0609279	0	1.02344
SRX373733	TFs and others	ETS1	Blood	CUTLL1	28895	342/483	34/49	-0.0607056	0	1.02046
SRX1079384	TFs and others	SUMO2	Prostate	VCaP	20720	142/483	15/49	-0.0604258	0	0.960386
SRX356729	TFs and others	STAG1	Blood	Lymphoblastoid cell line	29191	143/483	15/49	-0.0600898	0	0.96715
SRX4001820	TFs and others	SPI1	Blood	Macrophages	85670	149/483	14/49	-0.0599577	0	1.07971
SRX3230398	TFs and others	RREB1	Liver	Hep G2	17190	150/483	14/49	-0.0599098	0	1.08696
SRX818632	TFs and others	SUMO2	Kidney	293	25904	150/483	14/49	-0.0599098	0	1.08696
SRX9419956	TFs and others	BRD4	Breast	SK-BR-3	26316	333/483	35/49	-0.0599098	0	0.965217
SRX5725261	TFs and others	MGA	Lung	A549	3513	144/483	15/49	-0.059699	0	0.973913
SRX128100	TFs and others	TFAP2C	Breast	BT-474	41857	333/483	33/49	-0.0596443	0	1.02372
SRX10060725	TFs and others	EBF1	Blood	697	53918	150/483	16/49	-0.0596443	0	0.951087
SRX5323866	TFs and others	STAT3	Breast	MCF-7	8649	150/483	16/49	-0.0596443	0	0.951087
SRX9975607	TFs and others	FLI1	Bone	A-673	22367	150/483	16/49	-0.0596443	0	0.951087
SRX3636887	TFs and others	ZHX2	Kidney	Renal cell carcinoma	26916	332/483	33/49	-0.0594282	0	1.02064
SRX1515053	TFs and others	GFP	Kidney	293	14152	159/483	15/49	-0.0588683	0	1.07536
SRX190281	TFs and others	HDAC2	Breast	MCF-7	16111	159/483	15/49	-0.0588683	0	1.07536
SRX3511932	TFs and others	TFAP2A	Pluripotent stem cell	iPS cells	12446	159/483	15/49	-0.0588683	0	1.07536
SRX8299828	TFs and others	MYC	Bone	U2OS	20153	324/483	34/49	-0.0588683	0	0.966752
SRX3934085	TFs and others	INTS13	Blood	HL-60	15372	330/483	33/49	-0.0588348	0	1.01449
SRX7894794	TFs and others	ETS1	Blood	CD4+ T cells	4261	153/483	16/49	-0.0588348	0	0.970109
SRX5574449	TFs and others	SPI1	Blood	CTV-1	94595	157/483	15/49	-0.0588092	0	1.06184
SRX5323858	TFs and others	STAT3	Breast	MCF-7	17306	159/483	17/49	-0.0587104	0	0.948849
SRX9867021	TFs and others	BCL11B	Blood	DND-41	9534	159/483	17/49	-0.0587104	0	0.948849
SRX027482	TFs and others	EP300	Pluripotent stem cell	hESC H9	16993	155/483	15/49	-0.0585312	0	1.04831
SRX5574486	TFs and others	FLI1	Blood	CTV-1	17259	162/483	17/49	-0.0580771	0	0.966752
SRX359405	TFs and others	EP300	Kidney	293	4682	168/483	16/49	-0.0579504	0	1.06522
SRX8873455	TFs and others	BANP	Digestive tract	HCT 116	6453	168/483	16/49	-0.0579504	0	1.06522
SRX150595	TFs and others	MYC	Blood	K-562	21977	315/483	33/49	-0.0579504	0	0.968379
SRX3031984	TFs and others	BRD4	Blood	MV-4-11	26382	315/483	33/49	-0.0579504	0	0.968379
SRX6068072	TFs and others	PGR	Uterus	Endometrium	4414	169/483	16/49	-0.0579461	0	1.07156
SRX5186323	TFs and others	SMAD2	Blood	Hematopoietic Stem Cells	36814	316/483	33/49	-0.0579025	0	0.971454
SRX103003	TFs and others	MYC	Breast	MCF-7	12791	169/483	18/49	-0.0577827	0	0.952496
SRX1091546	TFs and others	NR2F1	Pluripotent stem cell	hESC derived neural crests	47222	165/483	16/49	-0.0576502	0	1.0462
SRX768290	TFs and others	SOX9	Digestive tract	HT-29	4638	178/483	17/49	-0.0571822	0	1.06223
SRX11196939	TFs and others	TAF1	Kidney	293	9368	311/483	31/49	-0.0571588	0	1.01777
SRX7054621	TFs and others	RELA	Cardiovascular	HAEC	21605	177/483	17/49	-0.0571423	0	1.05627
SRX190346	TFs and others	CREB1	Blood	K-562	11807	306/483	32/49	-0.0571423	0	0.970109
SRX9029196	TFs and others	SPI1	Blood	Neutrophils	13309	178/483	19/49	-0.057112	0	0.95042
SRX3542258	TFs and others	MYCN	Neural	KELLY	16923	304/483	30/49	-0.0570027	0	1.02802
SRX1280451	TFs and others	NRF1	Breast	HCC1954	12889	308/483	32/49	-0.0569124	0	0.976449
SRX2194273	TFs and others	BRD4	Breast	SUM 159PT	24980	310/483	31/49	-0.056853	0	1.01449
SRX100534	TFs and others	TAF1	Blood	GM12892	6089	173/483	18/49	-0.056853	0	0.97504
SRX9867033	TFs and others	CTCF	Unclassified	Unclassified	20634	180/483	19/49	-0.0568446	0	0.961098
SRX9550859	TFs and others	FOXA1	Prostate	Prostate cancer	34888	302/483	30/49	-0.0566382	0	1.02126
SRX100554	TFs and others	BCLAF1	Blood	GM12878	16961	181/483	19/49	-0.0566382	0	0.966438
SRX1497384	TFs and others	MYC	Blood	RAJI	7634	181/483	19/49	-0.0566382	0	0.966438
SRX100550	TFs and others	SP1	Blood	K-562	3954	189/483	18/49	-0.0565308	0	1.06522
SRX150415	TFs and others	MAZ	Liver	Hep G2	6772	189/483	18/49	-0.0565308	0	1.06522
SRX150722	TFs and others	MYC	Blood	NB-4	27668	301/483	30/49	-0.0563843	0	1.01787
SRX150512	TFs and others	NFYA	Blood	K-562	4095	189/483	20/49	-0.0563553	0	0.958696
SRX5323894	TFs and others	STAT3	Breast	T-47D	33219	298/483	31/49	-0.0563036	0	0.975222
SRX10045363	TFs and others	ASXL1	Blood	THP-1	6630	190/483	20/49	-0.0561963	0	0.963768
SRX7368252	TFs and others	MITF	Epidermis	Hermes 3C	27536	190/483	20/49	-0.0561963	0	0.963768
SRX190188	TFs and others	CBX3	Blood	K-562	23765	198/483	19/49	-0.056032	0	1.05721
SRX100388	TFs and others	GABPA	Liver	Hep G2	11161	286/483	30/49	-0.0560061	0	0.96715
SRX6665794	TFs and others	Epitope tags	Kidney	HK-2	7391	292/483	29/49	-0.0559906	0	1.02149
SRX2982416	TFs and others	FOXA1	Uterus	Ishikawa	32008	198/483	21/49	-0.055943	0	0.956522
SRX9607924	TFs and others	TFAP2A	Epidermis	M21	17555	198/483	21/49	-0.055943	0	0.956522
SRX1280449	TFs and others	NRF1	Breast	HMEC	12241	287/483	30/49	-0.055933	0	0.970531
SRX128101	TFs and others	TFAP2C	Breast	MDA-MB-453	18593	199/483	21/49	-0.0558285	0	0.961353
SRX5075168	TFs and others	SMARCA4	Neural	Neural progenitor cells	28648	291/483	29/49	-0.0557389	0	1.01799
SRX702546	TFs and others	CHD8	Pluripotent stem cell	iPS derived neural cells	12295	291/483	29/49	-0.0557389	0	1.01799
SRX194577	TFs and others	NR2F2	Breast	MCF-7	16455	192/483	20/49	-0.0557389	0	0.973913
SRX190227	TFs and others	PML	Blood	GM12878	14508	283/483	28/49	-0.055668	0	1.02536
SRX689470	TFs and others	BCL6	Blood	OCI-LY1	22733	283/483	28/49	-0.055668	0	1.02536
SRX5286317	TFs and others	KLF17	Pluripotent stem cell	ES cells	2970	194/483	19/49	-0.055646	0	1.03585
SRX4824370	TFs and others	BRD4	Prostate	22Rv1	15773	289/483	30/49	-0.055646	0	0.977295
SRX10881856	TFs and others	ARID2	Kidney	G-401	5922	208/483	20/49	-0.0556295	0	1.05507
SRX100552	TFs and others	SP1	Liver	Hep G2	19133	275/483	29/49	-0.0556295	0	0.962019
SRX1803059	TFs and others	RUNX1	Blood	NB-4	21446	207/483	20/49	-0.0556098	0	1.05
SRX5391680	TFs and others	SMC3	Blood	Neutrophils	19658	276/483	29/49	-0.0556098	0	0.965517
SRX1758520	TFs and others	NELFE	Breast	MCF-7	4612	206/483	20/49	-0.055544	0	1.04493
SRX8536129	TFs and others	NFYB	Blood	HUDEP-2	3404	206/483	20/49	-0.055544	0	1.04493
SRX265432	TFs and others	KDM5B	Breast	HCC2157	31381	277/483	29/49	-0.055544	0	0.969015
SRX2961562	TFs and others	STAT1	Blood	SET-2	23419	282/483	28/49	-0.055462	0	1.02174
SRX2355081	TFs and others	RELA	Cardiovascular	HAEC	11407	205/483	20/49	-0.0554322	0	1.03986
SRX128102	TFs and others	TFAP2C	Breast	SK-BR-3	40527	278/483	29/49	-0.0554322	0	0.972514
SRX100438	TFs and others	TAF1	Blood	GM12891	8000	209/483	22/49	-0.0554135	0	0.963768
SRX4708109	TFs and others	RBM25	Liver	Hep G2	24545	265/483	28/49	-0.0553325	0	0.960145
SRX8536130	TFs and others	NFYB	Blood	HUDEP-2	8287	267/483	28/49	-0.0552595	0	0.967391
SRX4609168	TFs and others	BCL6	Blood	SU-DHL-4	22311	210/483	22/49	-0.0552506	0	0.968379
SRX7972428	TFs and others	MKL2	Epidermis	MKL-2	31883	265/483	26/49	-0.0552246	0	1.034
SRX327757	TFs and others	MED1	Blood	MM.1S	7085	202/483	21/49	-0.055211	0	0.975845
SRX9317681	TFs and others	RUNX1	Blood	Fujioka	29984	268/483	28/49	-0.055155	0	0.971014
SRX4708090	TFs and others	GTF2F1	Blood	K-562	7441	227/483	22/49	-0.0551279	0	1.04677
SRX5289972	TFs and others	NR3C1	Lung	BEAS-2B	11672	256/483	27/49	-0.0551279	0	0.961889
SRX150352	TFs and others	MAZ	Uterus	HeLa	10531	264/483	26/49	-0.0551032	0	1.0301
SRX2585782	TFs and others	TP53	Breast	MDA-MB-231	31353	256/483	25/49	-0.0550996	0	1.03884
SRX9498732	TFs and others	TBP	Blood	K-562	6943	256/483	25/49	-0.0550996	0	1.03884
SRX3091917	TFs and others	ZFX	Kidney	293	8024	227/483	24/49	-0.0550996	0	0.959541
SRX7805361	TFs and others	ZFX	Kidney	293	8024	227/483	24/49	-0.0550996	0	0.959541
SRX150446	TFs and others	E2F1	Uterus	HeLa	9552	211/483	22/49	-0.0550432	0	0.972991
SRX5391526	TFs and others	MYC	Blood	RAJI	7080	247/483	24/49	-0.0550374	0	1.04408
SRX186619	TFs and others	MXI1	Lung	IMR-90	11576	236/483	25/49	-0.0550374	0	0.957681
SRX099866	TFs and others	MYC	Breast	MCF-7	12544	246/483	26/49	-0.0550347	0	0.959866
SRX8616834	TFs and others	FOSL2	Lung	A549	29257	246/483	26/49	-0.0550347	0	0.959866
SRX015141	TFs and others	FOS	Blood	K-562	8231	214/483	21/49	-0.0550055	0	1.03382
SRX10881848	TFs and others	SS18	Kidney	G-401	29848	214/483	21/49	-0.0550055	0	1.03382
SRX150435	TFs and others	FOS	Blood	K-562	8213	214/483	21/49	-0.0550055	0	1.03382
SRX833420	TFs and others	NIPBL	Pluripotent stem cell	hESC H1	11150	263/483	26/49	-0.0549373	0	1.0262
SRX1514291	TFs and others	RUNX1	Blood	Kasumi-1	12498	220/483	23/49	-0.0549373	0	0.970384
SRX1892836	TFs and others	ELF1	Digestive tract	SNU-1750	10095	238/483	25/49	-0.0549092	0	0.965797
SRX150587	TFs and others	NFYA	Uterus	HeLa	4119	229/483	24/49	-0.0548927	0	0.967995
SRX1079388	TFs and others	SUMO2	Prostate	VCaP	26648	259/483	27/49	-0.0548347	0	0.973162
SRX6935381	TFs and others	MYC	Neural	SK-N-AS	8746	259/483	27/49	-0.0548347	0	0.973162
SRX150586	TFs and others	NFYB	Blood	GM12878	11115	262/483	26/49	-0.0547274	0	1.0223
SRX3102569	TFs and others	TP53	Digestive tract	SW 480	24841	223/483	22/49	-0.0546481	0	1.02833
SRX6582165	TFs and others	JUN	Epidermis	BJ-5ta	36138	240/483	25/49	-0.0546043	0	0.973913
SRX6778344	TFs and others	ELF1	Lung	A549	10191	233/483	23/49	-0.0545795	0	1.02773
SRX6366601	TFs and others	Epitope tags	Uterus	Ishikawa	4192	250/483	26/49	-0.0545795	0	0.975474
SRX5346116	TFs and others	MYC	Blood	RAMOS	10104	252/483	25/49	-0.0545096	0	1.02261
ERX1035598	TFs and others	FOXP1	Blood	SU-DHL-6	2693	19/483	1/49	0	0	1.92754
SRX022393	TFs and others	VDR	Blood	Lymphoblastoid cell line	2353	19/483	1/49	0	0	1.92754
SRX023651	TFs and others	C17orf49	Uterus	HeLa	775	19/483	1/49	0	0	1.92754
SRX062335	TFs and others	RUNX1	Blood	Kasumi-1	1280	19/483	1/49	0	0	1.92754
SRX1012536	TFs and others	FOXO1	Blood	B cells	2671	19/483	1/49	0	0	1.92754
SRX1012609	TFs and others	EP300	Breast	T-47D	7236	19/483	1/49	0	0	1.92754
SRX1012611	TFs and others	EP300	Breast	T-47D	4792	19/483	1/49	0	0	1.92754
SRX1012642	TFs and others	EP300	Breast	MCF-7	6251	19/483	1/49	0	0	1.92754
SRX10484568	TFs and others	RUNX1	Others	Acute lymphoid leukemia	1844	19/483	1/49	0	0	1.92754
SRX1053369	TFs and others	POU5F1	Pluripotent stem cell	ES cells	5741	19/483	1/49	0	0	1.92754
SRX1089834	TFs and others	RUNX1	Blood	Hematopoietic Stem Cells	525	19/483	1/49	0	0	1.92754
SRX1131550	TFs and others	BRD4	Breast	HCC1395	2733	19/483	1/49	0	0	1.92754
SRX1156521	TFs and others	Epitope tags	Breast	MDA-MB-231	5786	19/483	1/49	0	0	1.92754
SRX1156522	TFs and others	Epitope tags	Breast	MDA-MB-231	3868	19/483	1/49	0	0	1.92754
SRX123444	TFs and others	SMARCB1	Pluripotent stem cell	NCCIT	599	19/483	1/49	0	0	1.92754
SRX1318620	TFs and others	SIX1	Kidney	Kidney Cortex	553	19/483	1/49	0	0	1.92754
SRX1514974	TFs and others	GFP	Kidney	293	1140	19/483	1/49	0	0	1.92754
SRX155758	TFs and others	HSF1	Lung	NCI-H838	527	19/483	1/49	0	0	1.92754
SRX159089	TFs and others	FOXA1	Liver	HuH-7	3315	19/483	1/49	0	0	1.92754
SRX1652876	TFs and others	POU2F2	Blood	BJAB	1176	19/483	1/49	0	0	1.92754
SRX1787678	TFs and others	KMT2C	Breast	MCF-7	2309	19/483	1/49	0	0	1.92754
SRX1885183	TFs and others	FOXA1	Prostate	LNCAP	28682	19/483	1/49	0	0	1.92754
SRX190279	TFs and others	ESR1	Breast	T-47D	4162	19/483	1/49	0	0	1.92754
SRX2010845	TFs and others	JUND	Lung	Calu-3	5059	19/483	1/49	0	0	1.92754
SRX2140208	TFs and others	HDAC4	Blood	MM.1S	700	19/483	1/49	0	0	1.92754
SRX2431540	TFs and others	FOXA2	Epidermis	BJ	16254	19/483	1/49	0	0	1.92754
SRX245741	TFs and others	ZBTB17	Uterus	HeLa	681	19/483	1/49	0	0	1.92754
SRX268882	TFs and others	NR2F2	Lung	WI-38	1602	19/483	1/49	0	0	1.92754
SRX271858	TFs and others	EZH2	Blood	SU-DHL-6	926	19/483	1/49	0	0	1.92754
SRX306508	TFs and others	AR	Prostate	DU 145	437	19/483	1/49	0	0	1.92754
SRX3124406	TFs and others	BRD4	Neural	KELLY	2426	19/483	1/49	0	0	1.92754
SRX3229176	TFs and others	FOXA1	Breast	Breast cancer	1174	19/483	1/49	0	0	1.92754
SRX3288569	TFs and others	KLF4	Pluripotent stem cell	hESC H9	1607	19/483	1/49	0	0	1.92754
SRX3445666	TFs and others	GATA1	Blood	K-562	10225	19/483	1/49	0	0	1.92754
SRX3460921	TFs and others	POU2F2	Blood	Pre-B cells	1752	19/483	1/49	0	0	1.92754
SRX3474297	TFs and others	Epitope tags	Prostate	LNCAP	542	19/483	1/49	0	0	1.92754
SRX351402	TFs and others	ZBTB17	Bone	U2OS	3859	19/483	1/49	0	0	1.92754
SRX3546797	TFs and others	Epitope tags	Breast	MDA-MB-231	6997	19/483	1/49	0	0	1.92754
SRX356627	TFs and others	STAG1	Blood	GM19099	12270	19/483	1/49	0	0	1.92754
SRX3584302	TFs and others	RARA	Pluripotent stem cell	iPS derived chondrocytes	2037	19/483	1/49	0	0	1.92754
SRX3584307	TFs and others	RARA	Pluripotent stem cell	iPS derived chondrocytes	1733	19/483	1/49	0	0	1.92754
SRX3721452	TFs and others	TP53	Bone	U2OS	1303	19/483	1/49	0	0	1.92754
SRX3873708	TFs and others	AFF1	Lung	SW 1271	501	19/483	1/49	0	0	1.92754
SRX3981980	TFs and others	ELF1	Prostate	RWPE-1	758	19/483	1/49	0	0	1.92754
SRX4096885	TFs and others	TRPS1	Breast	HCC3153	2860	19/483	1/49	0	0	1.92754
SRX4170731	TFs and others	WDR5	Blood	MV-4-11	942	19/483	1/49	0	0	1.92754
SRX4192886	TFs and others	NFKB1	Breast	MCF 10A	6923	19/483	1/49	0	0	1.92754
SRX4212589	TFs and others	EZH2	Blood	Peripheral blood mononuclear cells	493	19/483	1/49	0	0	1.92754
SRX4326274	TFs and others	BRD4	Neural	SK-N-BE(2)	946	19/483	1/49	0	0	1.92754
SRX4525858	TFs and others	BRD9	Others	Aska	1985	19/483	1/49	0	0	1.92754
SRX4931267	TFs and others	KMT2A	Kidney	293	302	19/483	1/49	0	0	1.92754
SRX5089420	TFs and others	SMARCA4	Breast	MCF-7	5069	19/483	1/49	0	0	1.92754
SRX512371	TFs and others	KLF4	Pluripotent stem cell	iPS cells	993	19/483	1/49	0	0	1.92754
SRX5124860	TFs and others	TLE3	Prostate	22Rv1	3149	19/483	1/49	0	0	1.92754
SRX5128131	TFs and others	AR	Breast	ZR-75-1	13270	19/483	1/49	0	0	1.92754
SRX5165474	TFs and others	Cas9	Pluripotent stem cell	NCCIT	2380	19/483	1/49	0	0	1.92754
SRX5183151	TFs and others	BACH1	Pancreas	AsPC-1	4100	19/483	1/49	0	0	1.92754
SRX5183152	TFs and others	BACH1	Pancreas	SW 1990	3738	19/483	1/49	0	0	1.92754
SRX5195732	TFs and others	SMARCA4	Uterus	Endometrial epithelial cells	1941	19/483	1/49	0	0	1.92754
SRX5203318	TFs and others	FOXA1	Breast	MCF-7	9754	19/483	1/49	0	0	1.92754
SRX5234506	TFs and others	SMARCB1	Kidney	TTC1240	2905	19/483	1/49	0	0	1.92754
SRX5234514	TFs and others	SMARCB1	Kidney	TTC1240	3755	19/483	1/49	0	0	1.92754
SRX5401861	TFs and others	NR3C1	Breast	T-47D	1351	19/483	1/49	0	0	1.92754
SRX5514033	TFs and others	CDK8	Uterus	Uterin leiomyoma	314	19/483	1/49	0	0	1.92754
SRX5534842	TFs and others	FOXA1	Breast	MCF-7	8327	19/483	1/49	0	0	1.92754
SRX5673033	TFs and others	EGR1	Gonad	A2780	427	19/483	1/49	0	0	1.92754
SRX5803016	TFs and others	POLR3C	Kidney	293	1770	19/483	1/49	0	0	1.92754
SRX5803017	TFs and others	POLR3C	Kidney	293	1876	19/483	1/49	0	0	1.92754
SRX5974546	TFs and others	GATA1	Blood	K-562	11612	19/483	1/49	0	0	1.92754
SRX6367582	TFs and others	NCOA1	Kidney	293	17928	19/483	1/49	0	0	1.92754
SRX6384789	TFs and others	RAD21	Digestive tract	HCT 116	5929	19/483	1/49	0	0	1.92754
SRX6487050	TFs and others	FOXA1	Breast	MCF-7	5431	19/483	1/49	0	0	1.92754
SRX6614770	TFs and others	SMC3	Lung	IMR-90	7588	19/483	1/49	0	0	1.92754
SRX668341	TFs and others	FOXM1	Kidney	293	375	19/483	1/49	0	0	1.92754
SRX6748251	TFs and others	AR	Prostate	Prostate cancer	11358	19/483	1/49	0	0	1.92754
SRX6780862	TFs and others	CREB1	Neural	Frontal cortex	1071	19/483	1/49	0	0	1.92754
SRX695881	TFs and others	ASCL1	Others	Tumor	2046	19/483	1/49	0	0	1.92754
SRX702046	TFs and others	OTX2	Pluripotent stem cell	hESC derived mesendodermal cells	226	19/483	1/49	0	0	1.92754
SRX7522852	TFs and others	STAT3	Breast	MCF10DCIS.com	1558	19/483	1/49	0	0	1.92754
SRX758012	TFs and others	MRE11A	Prostate	LNCAP	487	19/483	1/49	0	0	1.92754
SRX7807607	TFs and others	GATA3	Unclassified	Unclassified	475	19/483	1/49	0	0	1.92754
SRX821818	TFs and others	PPARG	Adipocyte	Adipose Tissue	1001	19/483	1/49	0	0	1.92754
SRX8406415	TFs and others	AR	Prostate	Prostate	5355	19/483	1/49	0	0	1.92754
SRX8406482	TFs and others	FOXA1	Prostate	Prostate	1878	19/483	1/49	0	0	1.92754
SRX8468848	TFs and others	IRF4	Blood	B cells	3468	19/483	1/49	0	0	1.92754
SRX8602205	TFs and others	IRF4	Blood	OCI-LY-10	2369	19/483	1/49	0	0	1.92754
SRX8699672	TFs and others	PPP2CA	Digestive tract	DLD-1	689	19/483	1/49	0	0	1.92754
SRX8984324	TFs and others	FLI1	Bone	A-673	6894	19/483	1/49	0	0	1.92754
SRX9565528	TFs and others	Epitope tags	Kidney	293	166	19/483	1/49	0	0	1.92754
SRX9674317	TFs and others	NR3C1	Pluripotent stem cell	iPSC derived hepatocytes	5884	19/483	1/49	0	0	1.92754
SRX9755057	TFs and others	BRD4	Blood	REH	708	19/483	1/49	0	0	1.92754
SRX013323	TFs and others	ZNF263	Blood	K-562	823	18/483	1/49	0	0	1.82609
SRX014780	TFs and others	PML	Blood	UPR9	2725	18/483	1/49	0	0	1.82609
SRX028636	TFs and others	NR2C2	Blood	K-562	199	18/483	1/49	0	0	1.82609
SRX039139	TFs and others	FOS	Breast	MCF-7	1492	18/483	1/49	0	0	1.82609
SRX1035586	TFs and others	RARA	Neural	SK-N-SH	317	18/483	1/49	0	0	1.82609
SRX1094489	TFs and others	EP300	Others	TC-797	819	18/483	1/49	0	0	1.82609
SRX1100313	TFs and others	RELA	Breast	HMEC	1654	18/483	1/49	0	0	1.82609
SRX11098775	TFs and others	KANSL1	Uterus	HeLa	990	18/483	1/49	0	0	1.82609
SRX1127535	TFs and others	SPI1	Blood	RS4-11	9930	18/483	1/49	0	0	1.82609
SRX1261522	TFs and others	RUNX1	Blood	TF-1	2285	18/483	1/49	0	0	1.82609
SRX130604	TFs and others	NCOR1	Blood	OCI-LY1	2466	18/483	1/49	0	0	1.82609
SRX1397391	TFs and others	GATA2	Blood	CD34+	7340	18/483	1/49	0	0	1.82609
SRX1497383	TFs and others	BRD4	Blood	RAJI	1626	18/483	1/49	0	0	1.82609
SRX150454	TFs and others	NR2C2	Blood	K-562	305	18/483	1/49	0	0	1.82609
SRX150561	TFs and others	YY1	Blood	GM12878	926	18/483	1/49	0	0	1.82609
SRX1569775	TFs and others	FOXA1	Prostate	VCaP	5755	18/483	1/49	0	0	1.82609
SRX1629253	TFs and others	ERG	Prostate	VCaP	828	18/483	1/49	0	0	1.82609
SRX1787681	TFs and others	KMT2C	Breast	MCF-7	3474	18/483	1/49	0	0	1.82609
SRX180826	TFs and others	E2F7	Lung	IMR-90	638	18/483	1/49	0	0	1.82609
SRX186813	TFs and others	ESR1	Breast	Breast cancer	1332	18/483	1/49	0	0	1.82609
SRX2023734	TFs and others	GATA4	Pluripotent stem cell	iPS derived cardiac cells	3087	18/483	1/49	0	0	1.82609
SRX212442	TFs and others	RUNX1	Blood	Treg	511	18/483	1/49	0	0	1.82609
SRX2425862	TFs and others	SMAD3	Breast	MDA-MB-231	2730	18/483	1/49	0	0	1.82609
SRX2458137	TFs and others	MED1	Blood	GM12878	2831	18/483	1/49	0	0	1.82609
SRX2510820	TFs and others	SUPT5H	Uterus	HeLa	596	18/483	1/49	0	0	1.82609
SRX2514368	TFs and others	GFP	Uterus	HeLa	4763	18/483	1/49	0	0	1.82609
SRX2545051	TFs and others	FOXA1	Prostate	LNCAP	33841	18/483	1/49	0	0	1.82609
SRX2912067	TFs and others	ESR1	Breast	MCF-7	918	18/483	1/49	0	0	1.82609
SRX3229133	TFs and others	AR	Breast	Breast cancer	642	18/483	1/49	0	0	1.82609
SRX3240989	TFs and others	MED1	Others	Mesenchymal stem cells	6546	18/483	1/49	0	0	1.82609
SRX3288568	TFs and others	KLF4	Pluripotent stem cell	hESC H9	976	18/483	1/49	0	0	1.82609
SRX3366955	TFs and others	FOXA1	Prostate	LNCAP	8054	18/483	1/49	0	0	1.82609
SRX3506182	TFs and others	Pan-acetyllysine	Liver	Hep G2	2150	18/483	1/49	0	0	1.82609
SRX3584308	TFs and others	RARA	Pluripotent stem cell	iPS derived chondrocytes	3252	18/483	1/49	0	0	1.82609
SRX359955	TFs and others	SOX2	Digestive tract	LoVo	196	18/483	1/49	0	0	1.82609
SRX3640577	TFs and others	INTS3	Uterus	HeLa	973	18/483	1/49	0	0	1.82609
SRX3644356	TFs and others	FOXA2	Epidermis	BJ	54610	18/483	1/49	0	0	1.82609
SRX3644358	TFs and others	FOXA2	Epidermis	BJ	4645	18/483	1/49	0	0	1.82609
SRX3703145	TFs and others	MEF2B	Blood	DLBCL	3024	18/483	1/49	0	0	1.82609
SRX3721451	TFs and others	TP53	Bone	U2OS	1394	18/483	1/49	0	0	1.82609
SRX3873706	TFs and others	AFF1	Lung	NCI-H2171	770	18/483	1/49	0	0	1.82609
SRX3923502	TFs and others	DPF2	Blood	K-562	297	18/483	1/49	0	0	1.82609
SRX3946914	TFs and others	MED1	Others	Mesenchymal stem cells	6551	18/483	1/49	0	0	1.82609
SRX4001755	TFs and others	CTCF	Blood	Macrophages	4535	18/483	1/49	0	0	1.82609
SRX4096881	TFs and others	TRPS1	Breast	HCC3153	2441	18/483	1/49	0	0	1.82609
SRX4326271	TFs and others	BRD4	Neural	SK-N-BE(2)	2093	18/483	1/49	0	0	1.82609
SRX433191	TFs and others	AR	Kidney	293	34767	18/483	1/49	0	0	1.82609
SRX4385554	TFs and others	SUPT5H	Digestive tract	HCT 116	144	18/483	1/49	0	0	1.82609
SRX4417026	TFs and others	TFAP2C	Breast	MCF-7	789	18/483	1/49	0	0	1.82609
SRX4417540	TFs and others	BRD4	Pluripotent stem cell	hESC derived neural cells	627	18/483	1/49	0	0	1.82609
SRX4599937	TFs and others	Epitope tags	Kidney	293	533	18/483	1/49	0	0	1.82609
SRX4643715	TFs and others	MAPK14	Blood	K-562	396	18/483	1/49	0	0	1.82609
SRX481485	TFs and others	PCGF2	Others	Fibroblasts	1207	18/483	1/49	0	0	1.82609
SRX4896695	TFs and others	RUNX1	Breast	MCF 10A	741	18/483	1/49	0	0	1.82609
SRX5062486	TFs and others	Epitope tags	Blood	Jurkat	1819	18/483	1/49	0	0	1.82609
SRX5089440	TFs and others	SMARCB1	Breast	MCF-7	3676	18/483	1/49	0	0	1.82609
SRX5124825	TFs and others	FOXA1	Prostate	C4-2	10991	18/483	1/49	0	0	1.82609
SRX5203296	TFs and others	CTCF	Breast	MCF-7	3501	18/483	1/49	0	0	1.82609
SRX5289969	TFs and others	NR3C1	Lung	BEAS-2B	730	18/483	1/49	0	0	1.82609
SRX5323927	TFs and others	STAT3	Breast	Breast cancer cells	446	18/483	1/49	0	0	1.82609
SRX5371741	TFs and others	NFKB1	Blood	CD4+ T cells	1876	18/483	1/49	0	0	1.82609
SRX5441325	TFs and others	PCF11	Uterus	HeLa	852	18/483	1/49	0	0	1.82609
SRX5441327	TFs and others	PCF11	Uterus	HeLa	1004	18/483	1/49	0	0	1.82609
SRX5501657	TFs and others	CDK9	Epidermis	A-375	537	18/483	1/49	0	0	1.82609
SRX5771376	TFs and others	SUPT6H	Digestive tract	HCT 116	935	18/483	1/49	0	0	1.82609
SRX5803018	TFs and others	POLR3C	Kidney	293	1862	18/483	1/49	0	0	1.82609
SRX595678	TFs and others	FOXA1	Prostate	VCaP	5773	18/483	1/49	0	0	1.82609
SRX5974513	TFs and others	GATA1	Blood	K-562	11703	18/483	1/49	0	0	1.82609
SRX5982360	TFs and others	SMARCA2	Lung	A549	4959	18/483	1/49	0	0	1.82609
SRX6101041	TFs and others	NUTM1	Kidney	293	994	18/483	1/49	0	0	1.82609
SRX6175614	TFs and others	STAG1	Bone	A-673	6704	18/483	1/49	0	0	1.82609
SRX6367597	TFs and others	NCOA1	Kidney	293	21567	18/483	1/49	0	0	1.82609
SRX6384790	TFs and others	RAD21	Digestive tract	HCT 116	5246	18/483	1/49	0	0	1.82609
SRX644407	TFs and others	ELK4	Prostate	DU 145	615	18/483	1/49	0	0	1.82609
SRX6473443	TFs and others	Epitope tags	Pluripotent stem cell	hESC derived neural crests	880	18/483	1/49	0	0	1.82609
SRX647370	TFs and others	ZBTB17	Breast	MCF 10A	319	18/483	1/49	0	0	1.82609
SRX6487042	TFs and others	FOXA1	Breast	MCF-7	3653	18/483	1/49	0	0	1.82609
SRX6487044	TFs and others	FOXA1	Breast	MCF-7	3603	18/483	1/49	0	0	1.82609
SRX6487052	TFs and others	FOXA1	Breast	MCF-7	3969	18/483	1/49	0	0	1.82609
SRX6487054	TFs and others	FOXA1	Breast	MCF-7	4702	18/483	1/49	0	0	1.82609
SRX6614747	TFs and others	SMC3	Lung	IMR-90	8281	18/483	1/49	0	0	1.82609
SRX6614762	TFs and others	RAD21	Lung	IMR-90	9543	18/483	1/49	0	0	1.82609
SRX6614764	TFs and others	RAD21	Lung	IMR-90	12907	18/483	1/49	0	0	1.82609
SRX6614767	TFs and others	RAD21	Lung	IMR-90	7023	18/483	1/49	0	0	1.82609
SRX687834	TFs and others	TP63	Epidermis	HaCaT	4479	18/483	1/49	0	0	1.82609
SRX701990	TFs and others	GATA4	Pluripotent stem cell	hESC derived endodermal cells	3407	18/483	1/49	0	0	1.82609
SRX701996	TFs and others	GATA4	Pluripotent stem cell	hESC derived mesendodermal cells	763	18/483	1/49	0	0	1.82609
SRX7054936	TFs and others	ERG	Cardiovascular	HAEC	1456	18/483	1/49	0	0	1.82609
SRX753148	TFs and others	GTF2I	Pluripotent stem cell	iPS cells	2025	18/483	1/49	0	0	1.82609
SRX7735437	TFs and others	KDM1A	Blood	HEL	3030	18/483	1/49	0	0	1.82609
SRX7749593	TFs and others	G-quadruplex	Adipocyte	93T449	406	18/483	1/49	0	0	1.82609
SRX7972452	TFs and others	MKL1	Epidermis	MKL-1	773	18/483	1/49	0	0	1.82609
SRX8089677	TFs and others	MED1	Prostate	VCaP	771	18/483	1/49	0	0	1.82609
SRX8299859	TFs and others	CTR9	Bone	U2OS	526	18/483	1/49	0	0	1.82609
SRX8406523	TFs and others	FOXA1	Prostate	Prostatic Neoplasms, Castration-Resistant	5215	18/483	1/49	0	0	1.82609
SRX8468846	TFs and others	IRF4	Blood	B cells	2455	18/483	1/49	0	0	1.82609
SRX8616864	TFs and others	JUND	Lung	A549	713	18/483	1/49	0	0	1.82609
SRX9410502	TFs and others	RAD21	Pluripotent stem cell	hESC H9	2524	18/483	1/49	0	0	1.82609
SRX9434353	TFs and others	RELA	Digestive tract	SW 480	1163	18/483	1/49	0	0	1.82609
SRX952434	TFs and others	RUNX1	Blood	U-937	3818	18/483	1/49	0	0	1.82609
SRX9600652	TFs and others	G-quadruplex	Blood	K-562	265	18/483	1/49	0	0	1.82609
SRX9674318	TFs and others	NR3C1	Pluripotent stem cell	iPSC derived hepatocytes	5978	18/483	1/49	0	0	1.82609
SRX971585	TFs and others	TP63	Epidermis	Keratinocytes	8349	18/483	1/49	0	0	1.82609
SRX971586	TFs and others	TP63	Epidermis	Keratinocytes	12496	18/483	1/49	0	0	1.82609
SRX9755058	TFs and others	BRD4	Blood	REH	638	18/483	1/49	0	0	1.82609
SRX9779494	TFs and others	PAX9	Lung	NCI-H1963	2419	18/483	1/49	0	0	1.82609
SRX018625	TFs and others	HNF4A	Liver	Hep G2	2642	17/483	1/49	0	0	1.72464
SRX027910	TFs and others	RELA	Uterus	HeLa	336	17/483	1/49	0	0	1.72464
SRX080146	TFs and others	MYC	Liver	Hep G2	889	17/483	1/49	0	0	1.72464
SRX10119110	TFs and others	CEBPA	Blood	MV-4-11	386	17/483	1/49	0	0	1.72464
SRX10119111	TFs and others	CEBPA	Blood	MV-4-11	381	17/483	1/49	0	0	1.72464
SRX10119112	TFs and others	CEBPA	Blood	MV-4-11	362	17/483	1/49	0	0	1.72464
SRX1012537	TFs and others	FOXO1	Blood	B cells	841	17/483	1/49	0	0	1.72464
SRX1035589	TFs and others	RARA	Neural	SK-N-SH	274	17/483	1/49	0	0	1.72464
SRX10365537	TFs and others	RAC1	Breast	MCF-7	5787	17/483	1/49	0	0	1.72464
SRX10809803	TFs and others	EP300	Muscle	RH-4	1207	17/483	1/49	0	0	1.72464
SRX1161179	TFs and others	NR3C1	Breast	ZR-75-1	1185	17/483	1/49	0	0	1.72464
SRX1161197	TFs and others	NR3C1	Breast	T-47D	868	17/483	1/49	0	0	1.72464
SRX1272798	TFs and others	BRD4	Digestive tract	SW 480	839	17/483	1/49	0	0	1.72464
SRX1393086	TFs and others	ARNTL	Bone	U2OS	385	17/483	1/49	0	0	1.72464
SRX1478540	TFs and others	SIX1	Kidney	Kidney Cortex	562	17/483	1/49	0	0	1.72464
SRX149220	TFs and others	FOXM1	Bone	U2OS	125	17/483	1/49	0	0	1.72464
SRX150702	TFs and others	PPARGC1A	Liver	Hep G2	207	17/483	1/49	0	0	1.72464
SRX1515056	TFs and others	GFP	Kidney	293	7732	17/483	1/49	0	0	1.72464
SRX155761	TFs and others	HSF1	Breast	BT-20	348	17/483	1/49	0	0	1.72464
SRX159090	TFs and others	FOXA1	Liver	HuH-7	3176	17/483	1/49	0	0	1.72464
SRX159091	TFs and others	FOXA1	Liver	HuH-7	1832	17/483	1/49	0	0	1.72464
SRX1745739	TFs and others	FOXA1	Uterus	Endometrial Stromal Tumors	812	17/483	1/49	0	0	1.72464
SRX176060	TFs and others	FOXA1	Prostate	C4-2	7373	17/483	1/49	0	0	1.72464
SRX1823812	TFs and others	FOSL2	Bone	Osteoblasts	200	17/483	1/49	0	0	1.72464
SRX2013090	TFs and others	MYCN	Blood	CD34 Hematopoietic stem cells	484	17/483	1/49	0	0	1.72464
SRX206835	TFs and others	RUNX1	Blood	Jurkat	1352	17/483	1/49	0	0	1.72464
SRX2164792	TFs and others	SPDEF	Lung	A549	158	17/483	1/49	0	0	1.72464
SRX2431537	TFs and others	FOXA2	Epidermis	BJ	16336	17/483	1/49	0	0	1.72464
SRX2533317	TFs and others	BRF1	Pluripotent stem cell	hESC H9	661	17/483	1/49	0	0	1.72464
SRX262146	TFs and others	HSF1	Blood	M0-91	165	17/483	1/49	0	0	1.72464
SRX2652428	TFs and others	EP300	Lung	24335	336	17/483	1/49	0	0	1.72464
SRX2671516	TFs and others	Epitope tags	Kidney	293	1196	17/483	1/49	0	0	1.72464
SRX2841994	TFs and others	BRD4	Blood	K-562	490	17/483	1/49	0	0	1.72464
SRX3030205	TFs and others	RUNX1	Blood	ME-1	701	17/483	1/49	0	0	1.72464
SRX3229175	TFs and others	FOXA1	Breast	Breast cancer	2763	17/483	1/49	0	0	1.72464
SRX3394277	TFs and others	FOXA2	Digestive tract	SW 620	3259	17/483	1/49	0	0	1.72464
SRX3434294	TFs and others	RUNX1	Blood	HL-60	3774	17/483	1/49	0	0	1.72464
SRX3450329	TFs and others	RXRA	Others	JMSU1	1498	17/483	1/49	0	0	1.72464
SRX3584304	TFs and others	RARA	Pluripotent stem cell	iPS derived chondrocytes	1999	17/483	1/49	0	0	1.72464
SRX3599303	TFs and others	FLI1	Cardiovascular	HUVEC	974	17/483	1/49	0	0	1.72464
SRX361886	TFs and others	RAD21	Digestive tract	LoVo	3285	17/483	1/49	0	0	1.72464
SRX361892	TFs and others	RAD21	Digestive tract	LoVo	6318	17/483	1/49	0	0	1.72464
SRX3703148	TFs and others	MEF2B	Blood	DLBCL	1269	17/483	1/49	0	0	1.72464
SRX373257	TFs and others	FOXM1	Uterus	HeLa	363	17/483	1/49	0	0	1.72464
SRX4096883	TFs and others	TRPS1	Breast	HCC3153	3111	17/483	1/49	0	0	1.72464
SRX425253	TFs and others	BRD4	Cardiovascular	HUVEC	1693	17/483	1/49	0	0	1.72464
SRX4451211	TFs and others	ESR1	Breast	MCF-7	1496	17/483	1/49	0	0	1.72464
SRX4597624	TFs and others	Epitope tags	Pluripotent stem cell	hESC H9	1457	17/483	1/49	0	0	1.72464
SRX4599933	TFs and others	Epitope tags	Kidney	293	612	17/483	1/49	0	0	1.72464
SRX4708015	TFs and others	SRSF4	Liver	Hep G2	447	17/483	1/49	0	0	1.72464
SRX475754	TFs and others	EP300	Blood	GM12878	11634	17/483	1/49	0	0	1.72464
SRX4937337	TFs and others	MED1	Digestive tract	HCT 116	640	17/483	1/49	0	0	1.72464
SRX4996448	TFs and others	HNRNPK	Epidermis	Keratinocytes	774	17/483	1/49	0	0	1.72464
SRX5062487	TFs and others	Epitope tags	Blood	Jurkat	1739	17/483	1/49	0	0	1.72464
SRX5089431	TFs and others	SMARCB1	Breast	MCF-7	2620	17/483	1/49	0	0	1.72464
SRX5102886	TFs and others	GFP	Blood	K-562	389	17/483	1/49	0	0	1.72464
SRX5172062	TFs and others	SMARCA4	Breast	MCF-7	6356	17/483	1/49	0	0	1.72464
SRX518675	TFs and others	IRF4	Blood	OCI-LY-10	2371	17/483	1/49	0	0	1.72464
SRX5203298	TFs and others	FOXA1	Breast	MCF-7	6119	17/483	1/49	0	0	1.72464
SRX5287690	TFs and others	ESR1	Breast	T-47D	1908	17/483	1/49	0	0	1.72464
SRX5514013	TFs and others	FOS	Uterus	Uterin leiomyoma	573	17/483	1/49	0	0	1.72464
SRX5662025	TFs and others	MYCN	Neural	CHP-134	696	17/483	1/49	0	0	1.72464
SRX5729953	TFs and others	BRD4	Prostate	22Rv1	1114	17/483	1/49	0	0	1.72464
SRX5771668	TFs and others	SOX2	Gonad	N2102Ep	19712	17/483	1/49	0	0	1.72464
SRX595674	TFs and others	RUNX1	Prostate	VCaP	955	17/483	1/49	0	0	1.72464
SRX6039039	TFs and others	RARA	Pluripotent stem cell	iPS derived chondrocytes	1820	17/483	1/49	0	0	1.72464
SRX6175595	TFs and others	SMC1A	Bone	A-673	2675	17/483	1/49	0	0	1.72464
SRX647371	TFs and others	ZBTB17	Breast	MCF 10A	521	17/483	1/49	0	0	1.72464
SRX647372	TFs and others	ZBTB17	Breast	MCF 10A	365	17/483	1/49	0	0	1.72464
SRX6487038	TFs and others	FOXA1	Breast	MCF-7	2165	17/483	1/49	0	0	1.72464
SRX6614763	TFs and others	RAD21	Lung	IMR-90	7999	17/483	1/49	0	0	1.72464
SRX687836	TFs and others	TP63	Epidermis	HaCaT	3906	17/483	1/49	0	0	1.72464
SRX6888832	TFs and others	BHLHE40	Uterus	HeLa	663	17/483	1/49	0	0	1.72464
SRX697736	TFs and others	PRKCQ	Blood	CD4+ T cells	3020	17/483	1/49	0	0	1.72464
SRX702027	TFs and others	HNF4A	Pluripotent stem cell	hESC derived mesendodermal cells	1543	17/483	1/49	0	0	1.72464
SRX702035	TFs and others	NR5A2	Pluripotent stem cell	hESC derived mesendodermal cells	294	17/483	1/49	0	0	1.72464
SRX748425	TFs and others	HNF4A	Digestive tract	HCT 116	515	17/483	1/49	0	0	1.72464
SRX7512717	TFs and others	AR	Prostate	VCaP	59756	17/483	1/49	0	0	1.72464
SRX7580946	TFs and others	AR	Prostate	LNCAP	33981	17/483	1/49	0	0	1.72464
SRX7627556	TFs and others	ESRRG	Breast	BT-474	2579	17/483	1/49	0	0	1.72464
SRX8376362	TFs and others	FOXA2	Pluripotent stem cell	hESC derived pancreatic cells	3712	17/483	1/49	0	0	1.72464
SRX8406307	TFs and others	HOXB13	Prostate	Prostate	15747	17/483	1/49	0	0	1.72464
SRX8406513	TFs and others	FOXA1	Prostate	Prostate	7375	17/483	1/49	0	0	1.72464
SRX8520798	TFs and others	STAT3	Breast	MDA-MB-361	429	17/483	1/49	0	0	1.72464
SRX8616845	TFs and others	JUNB	Lung	A549	535	17/483	1/49	0	0	1.72464
SRX8616852	TFs and others	JUNB	Lung	A549	2350	17/483	1/49	0	0	1.72464
SRX8616853	TFs and others	JUNB	Lung	A549	1474	17/483	1/49	0	0	1.72464
SRX8673476	TFs and others	DDIT3	Bone	HT-1080	519	17/483	1/49	0	0	1.72464
SRX8939702	TFs and others	ELF3	Digestive tract	HBDEC2	718	17/483	1/49	0	0	1.72464
SRX8984316	TFs and others	SMC1A	Bone	A-673	6121	17/483	1/49	0	0	1.72464
SRX9046307	TFs and others	JUNB	Breast	MCF-7	1157	17/483	1/49	0	0	1.72464
SRX9279198	TFs and others	KANSL1	Uterus	HeLa	667	17/483	1/49	0	0	1.72464
SRX9433100	TFs and others	CTR9	Bone	U2OS	439	17/483	1/49	0	0	1.72464
SRX9433107	TFs and others	CTR9	Bone	U2OS	379	17/483	1/49	0	0	1.72464
SRX9600654	TFs and others	G-quadruplex	Blood	K-562	268	17/483	1/49	0	0	1.72464
SRX9600658	TFs and others	G-quadruplex	Blood	K-562	315	17/483	1/49	0	0	1.72464
SRX9755056	TFs and others	BRD4	Blood	REH	552	17/483	1/49	0	0	1.72464
SRX017878	TFs and others	RELA	Blood	GM15510	1130	16/483	1/49	0	0	1.62319
SRX018626	TFs and others	HNF4A	Liver	Hep G2	1618	16/483	1/49	0	0	1.62319
SRX039138	TFs and others	FOXA1	Breast	MCF-7	1192	16/483	1/49	0	0	1.62319
SRX062337	TFs and others	RUNX1	Blood	Kasumi-1	1840	16/483	1/49	0	0	1.62319
SRX083221	TFs and others	FOXA1	Prostate	LNCAP	6705	16/483	1/49	0	0	1.62319
SRX083222	TFs and others	FOXA1	Prostate	LNCAP	659	16/483	1/49	0	0	1.62319
SRX10120404	TFs and others	TRIB3	Liver	Hep G2	5936	16/483	1/49	0	0	1.62319
SRX1012594	TFs and others	ESR1	Breast	T-47D	2999	16/483	1/49	0	0	1.62319
SRX1012607	TFs and others	EP300	Breast	T-47D	1016	16/483	1/49	0	0	1.62319
SRX1035588	TFs and others	RARA	Neural	SK-N-SH	239	16/483	1/49	0	0	1.62319
SRX10365525	TFs and others	ESR1	Breast	MDA-MB-231	1675	16/483	1/49	0	0	1.62319
SRX11094537	TFs and others	FLI1	Bone	EW-7	3486	16/483	1/49	0	0	1.62319
SRX114494	TFs and others	ARNTL	Kidney	786-O	857	16/483	1/49	0	0	1.62319
SRX1397389	TFs and others	SMAD1	Blood	CD34+	5472	16/483	1/49	0	0	1.62319
SRX150699	TFs and others	NR3C1	Liver	Hep G2	392	16/483	1/49	0	0	1.62319
SRX1533882	TFs and others	RUNX2	Bone	Saos-2	894	16/483	1/49	0	0	1.62319
SRX155755	TFs and others	HSF1	Breast	SK-BR-3	449	16/483	1/49	0	0	1.62319
SRX1569780	TFs and others	FOXA1	Prostate	LNCAP	12741	16/483	1/49	0	0	1.62319
SRX185909	TFs and others	FOXM1	Breast	MCF-7	479	16/483	1/49	0	0	1.62319
SRX1878888	TFs and others	BRD4	Muscle	Rh-4	1133	16/483	1/49	0	0	1.62319
SRX212431	TFs and others	STAT5	Blood	Treg	559	16/483	1/49	0	0	1.62319
SRX2355074	TFs and others	JUNB	Cardiovascular	HAEC	9630	16/483	1/49	0	0	1.62319
SRX2512919	TFs and others	FOXA1	Breast	MCF-7	4072	16/483	1/49	0	0	1.62319
SRX2545052	TFs and others	FOXA1	Prostate	LNCAP	38932	16/483	1/49	0	0	1.62319
SRX2559011	TFs and others	RAD21	Cardiovascular	HUVEC	14884	16/483	1/49	0	0	1.62319
SRX2642356	TFs and others	FOXA1	Prostate	22Rv1	7582	16/483	1/49	0	0	1.62319
SRX2661481	TFs and others	STAT3	Blood	Th17 Cells	452	16/483	1/49	0	0	1.62319
SRX2732460	TFs and others	KLF4	Neural	Glioblastoma	1168	16/483	1/49	0	0	1.62319
SRX277134	TFs and others	SOX2	Digestive tract	T.T	1024	16/483	1/49	0	0	1.62319
SRX2871363	TFs and others	PGR	Breast	T-47D	715	16/483	1/49	0	0	1.62319
SRX3144856	TFs and others	SIN3A	Cardiovascular	HUVEC	1167	16/483	1/49	0	0	1.62319
SRX3229166	TFs and others	AR	Breast	Breast cancer	392	16/483	1/49	0	0	1.62319
SRX3401284	TFs and others	TRPS1	Breast	T-47D	3099	16/483	1/49	0	0	1.62319
SRX3468050	TFs and others	Epitope tags	Others	Fibroblasts	6082	16/483	1/49	0	0	1.62319
SRX359931	TFs and others	ELF2	Digestive tract	LoVo	150	16/483	1/49	0	0	1.62319
SRX360017	TFs and others	RAD21	Digestive tract	LoVo	4533	16/483	1/49	0	0	1.62319
SRX3873707	TFs and others	AFF1	Lung	NCI-H2171	473	16/483	1/49	0	0	1.62319
SRX3873715	TFs and others	ELL2	Lung	NCI-H2171	832	16/483	1/49	0	0	1.62319
SRX4003762	TFs and others	ESRRG	Pluripotent stem cell	hESC derived cardiac cells	368	16/483	1/49	0	0	1.62319
SRX4170709	TFs and others	WDR5	Blood	K-562	1302	16/483	1/49	0	0	1.62319
SRX4649668	TFs and others	TP63	Breast	MCF 10A	7646	16/483	1/49	0	0	1.62319
SRX469460	TFs and others	EBF1	Adipocyte	Adipose stromal cell	1186	16/483	1/49	0	0	1.62319
SRX4796929	TFs and others	PPARG	Adipocyte	Adipose Tissue	2317	16/483	1/49	0	0	1.62319
SRX4896696	TFs and others	RUNX1	Breast	MCF 10A	1123	16/483	1/49	0	0	1.62319
SRX4896697	TFs and others	RUNX1	Breast	MCF 10A	518	16/483	1/49	0	0	1.62319
SRX5089435	TFs and others	SMARCB1	Breast	MCF-7	2202	16/483	1/49	0	0	1.62319
SRX5089436	TFs and others	SMARCB1	Breast	MCF-7	2321	16/483	1/49	0	0	1.62319
SRX5124843	TFs and others	FOXA1	Prostate	22Rv1	2105	16/483	1/49	0	0	1.62319
SRX518670	TFs and others	IRF4	Blood	OCI-LY-3	537	16/483	1/49	0	0	1.62319
SRX5203301	TFs and others	CTCF	Breast	MCF-7	2534	16/483	1/49	0	0	1.62319
SRX5203305	TFs and others	CTCF	Breast	MCF-7	6508	16/483	1/49	0	0	1.62319
SRX5307506	TFs and others	MAX	Blood	P493-6	1099	16/483	1/49	0	0	1.62319
SRX5323811	TFs and others	ESR1	Breast	T-47D	2400	16/483	1/49	0	0	1.62319
SRX5501661	TFs and others	CDK9	Epidermis	A-375	591	16/483	1/49	0	0	1.62319
SRX5514019	TFs and others	JUN	Uterus	Myometrium	767	16/483	1/49	0	0	1.62319
SRX5534871	TFs and others	JUN	Breast	MCF-7	400	16/483	1/49	0	0	1.62319
SRX5702618	TFs and others	AR	Breast	T-47D	2538	16/483	1/49	0	0	1.62319
SRX5763015	TFs and others	KLF4	Blood	HAP1	759	16/483	1/49	0	0	1.62319
SRX5771674	TFs and others	SOX17	Gonad	Tcam-2	11459	16/483	1/49	0	0	1.62319
SRX5803019	TFs and others	POLR3C	Kidney	293	1992	16/483	1/49	0	0	1.62319
SRX5853000	TFs and others	AR	Blood	THP-1	4810	16/483	1/49	0	0	1.62319
SRX5853001	TFs and others	AR	Blood	THP-1	2916	16/483	1/49	0	0	1.62319
SRX5954737	TFs and others	FOSL2	Breast	MDA-MB-231	4368	16/483	1/49	0	0	1.62319
SRX5974578	TFs and others	GATA1	Blood	K-562	8372	16/483	1/49	0	0	1.62319
SRX6039040	TFs and others	RARA	Pluripotent stem cell	iPS derived chondrocytes	1940	16/483	1/49	0	0	1.62319
SRX6101042	TFs and others	NUTM1	Kidney	293	1149	16/483	1/49	0	0	1.62319
SRX647369	TFs and others	ZBTB17	Breast	MCF 10A	351	16/483	1/49	0	0	1.62319
SRX6487056	TFs and others	FOXA1	Breast	MCF-7	3150	16/483	1/49	0	0	1.62319
SRX6596842	TFs and others	EGR1	Others	Fibroblasts	423	16/483	1/49	0	0	1.62319
SRX6639326	TFs and others	SMAD1	Pluripotent stem cell	hESC H1	1356	16/483	1/49	0	0	1.62319
SRX667983	TFs and others	AR	Prostate	VCaP	39357	16/483	1/49	0	0	1.62319
SRX673715	TFs and others	Biotin	Breast	MCF-7	942	16/483	1/49	0	0	1.62319
SRX6748252	TFs and others	AR	Prostate	Prostate cancer	12173	16/483	1/49	0	0	1.62319
SRX6748253	TFs and others	AR	Prostate	Prostate cancer	7708	16/483	1/49	0	0	1.62319
SRX6763475	TFs and others	EGR1	Blood	Macrophages	545	16/483	1/49	0	0	1.62319
SRX6824682	TFs and others	SNAI2	Muscle	Rhabdomyosarcoma	172	16/483	1/49	0	0	1.62319
SRX701983	TFs and others	GATA4	Pluripotent stem cell	hESC HUES64	152	16/483	1/49	0	0	1.62319
SRX702034	TFs and others	NR5A2	Pluripotent stem cell	hESC HUES64	227	16/483	1/49	0	0	1.62319
SRX7122005	TFs and others	FOXA1	Breast	MCF-7	2531	16/483	1/49	0	0	1.62319
SRX7122007	TFs and others	GRHL1	Breast	MCF-7	2060	16/483	1/49	0	0	1.62319
SRX716559	TFs and others	TEAD1	Neural	SF268	15126	16/483	1/49	0	0	1.62319
SRX7202556	TFs and others	CTCF	Uterus	HEC-1-B	10146	16/483	1/49	0	0	1.62319
SRX7262405	TFs and others	FOXA1	Others	Bladder cancer	1510	16/483	1/49	0	0	1.62319
SRX7283267	TFs and others	IRF1	Pancreas	AsPC-1	2516	16/483	1/49	0	0	1.62319
SRX7512716	TFs and others	AR	Prostate	VCaP	56565	16/483	1/49	0	0	1.62319
SRX7677722	TFs and others	NELFE	Digestive tract	DLD-1	660	16/483	1/49	0	0	1.62319
SRX7794485	TFs and others	NFE2L2	Lung	BEAS-2B	1404	16/483	1/49	0	0	1.62319
SRX7807609	TFs and others	GATA3	Unclassified	Unclassified	866	16/483	1/49	0	0	1.62319
SRX7897894	TFs and others	EP300	Breast	MDA-MB-231	3179	16/483	1/49	0	0	1.62319
SRX8080574	TFs and others	CTCF	Breast	Mammary gland ductal carcinoma	4180	16/483	1/49	0	0	1.62319
SRX8083045	TFs and others	DMC1	Gonad	Testis	6458	16/483	1/49	0	0	1.62319
SRX8406323	TFs and others	HOXB13	Prostate	Prostatic Neoplasms, Castration-Resistant	10024	16/483	1/49	0	0	1.62319
SRX8406453	TFs and others	AR	Prostate	Prostatic Neoplasms, Castration-Resistant	20073	16/483	1/49	0	0	1.62319
SRX8616978	TFs and others	TET2	Breast	ZR-75-1	1466	16/483	1/49	0	0	1.62319
SRX8806009	TFs and others	Epitope tags	Blood	HUDEP-2	586	16/483	1/49	0	0	1.62319
SRX8984320	TFs and others	STAG1	Bone	A-673	6366	16/483	1/49	0	0	1.62319
SRX9350922	TFs and others	BRD4	Digestive tract	COLO 320DM	1043	16/483	1/49	0	0	1.62319
SRX9350927	TFs and others	BRD4	Digestive tract	COLO 320HSR	1297	16/483	1/49	0	0	1.62319
SRX959099	TFs and others	NR3C1	Blood	NALM-6	8091	16/483	1/49	0	0	1.62319
SRX9600615	TFs and others	G-quadruplex	Blood	K-562	293	16/483	1/49	0	0	1.62319
SRX9674615	TFs and others	FOXO1	Muscle	RH-30	1905	16/483	1/49	0	0	1.62319
SRX9683971	TFs and others	ESRRA	Breast	MDA-MB-231	3014	16/483	1/49	0	0	1.62319
SRX9975595	TFs and others	PPP2R1A	Uterus	HeLa	429	16/483	1/49	0	0	1.62319
SRX013324	TFs and others	ZNF263	Blood	K-562	815	15/483	1/49	0	0	1.52174
SRX018654	TFs and others	pFM2	Muscle	Rh-4	1632	15/483	1/49	0	0	1.52174
SRX026636	TFs and others	RUNX1T1	Blood	Kasumi-1	912	15/483	1/49	0	0	1.52174
SRX029081	TFs and others	RUNX1	Blood	CMK	1208	15/483	1/49	0	0	1.52174
SRX038563	TFs and others	CTCF	Breast	HMEC	12226	15/483	1/49	0	0	1.52174
SRX10119392	TFs and others	TEAD1	Breast	MDA-MB-231	1414	15/483	1/49	0	0	1.52174
SRX1012608	TFs and others	EP300	Breast	T-47D	1042	15/483	1/49	0	0	1.52174
SRX10175282	TFs and others	SOX9	Pancreas	PANC-1	1375	15/483	1/49	0	0	1.52174
SRX10365540	TFs and others	RAC1	Breast	MCF-7	3735	15/483	1/49	0	0	1.52174
SRX10365544	TFs and others	RAC1	Breast	MCF-7	2790	15/483	1/49	0	0	1.52174
SRX1066865	TFs and others	BANP	Digestive tract	HCT 116	4803	15/483	1/49	0	0	1.52174
SRX1091034	TFs and others	Biotin	Blood	NOMO-1	2956	15/483	1/49	0	0	1.52174
SRX113590	TFs and others	RYBP	Kidney	293	610	15/483	1/49	0	0	1.52174
SRX1142763	TFs and others	JUN	Breast	BT-549	884	15/483	1/49	0	0	1.52174
SRX116440	TFs and others	RBBP5	Blood	K-562	197	15/483	1/49	0	0	1.52174
SRX1514972	TFs and others	GFP	Kidney	293	1941	15/483	1/49	0	0	1.52174
SRX155725	TFs and others	HSF1	Breast	BPLER	187	15/483	1/49	0	0	1.52174
SRX1709975	TFs and others	PGR	Breast	T-47D	552	15/483	1/49	0	0	1.52174
SRX194571	TFs and others	GREB1	Breast	MCF-7	818	15/483	1/49	0	0	1.52174
SRX2013093	TFs and others	MYCN	Blood	CD34 Hematopoietic stem cells	510	15/483	1/49	0	0	1.52174
SRX2267445	TFs and others	BRD4	Lung	A549	292	15/483	1/49	0	0	1.52174
SRX2431542	TFs and others	FOXA2	Epidermis	BJ	658	15/483	1/49	0	0	1.52174
SRX2460047	TFs and others	PGR	Breast	Breast cancer cells	192	15/483	1/49	0	0	1.52174
SRX2871358	TFs and others	PGR	Breast	T-47D	572	15/483	1/49	0	0	1.52174
SRX2941476	TFs and others	PBXIP1	Bone	Chondrocytes	3027	15/483	1/49	0	0	1.52174
SRX3001606	TFs and others	FOXA1	Unclassified	Unclassified	3873	15/483	1/49	0	0	1.52174
SRX3285600	TFs and others	ESR1	Breast	FULR	2060	15/483	1/49	0	0	1.52174
SRX3372026	TFs and others	FOXF1	Digestive tract	GIST48	7749	15/483	1/49	0	0	1.52174
SRX3401276	TFs and others	CTBP2	Breast	MCF-7	3208	15/483	1/49	0	0	1.52174
SRX3445682	TFs and others	GATA1	Blood	K-562	4575	15/483	1/49	0	0	1.52174
SRX3542259	TFs and others	PHOX2B	Neural	KELLY	27164	15/483	1/49	0	0	1.52174
SRX3583256	TFs and others	HIF1A	Breast	MDA-MB-231	673	15/483	1/49	0	0	1.52174
SRX3927328	TFs and others	ONECUT2	Digestive tract	AGS	1052	15/483	1/49	0	0	1.52174
SRX4045119	TFs and others	BRD4	Others	TT	924	15/483	1/49	0	0	1.52174
SRX4062883	TFs and others	FOXA1	Prostate	LNCAP	7252	15/483	1/49	0	0	1.52174
SRX4115986	TFs and others	FOXA1	Prostate	LNCAP	27937	15/483	1/49	0	0	1.52174
SRX4313217	TFs and others	RAD21	Muscle	RH-4	4412	15/483	1/49	0	0	1.52174
SRX4671059	TFs and others	BMI1	Blood	Lymphoblastoid cell line	2980	15/483	1/49	0	0	1.52174
SRX4708063	TFs and others	SRSF4	Blood	K-562	565	15/483	1/49	0	0	1.52174
SRX471860	TFs and others	BRD4	Prostate	VCaP	982	15/483	1/49	0	0	1.52174
SRX475753	TFs and others	EP300	Blood	GM12878	13797	15/483	1/49	0	0	1.52174
SRX4796925	TFs and others	PPARG	Adipocyte	Adipose Tissue	752	15/483	1/49	0	0	1.52174
SRX4901021	TFs and others	KDM1A	Blood	SET-2	677	15/483	1/49	0	0	1.52174
SRX5203299	TFs and others	CTCF	Breast	MCF-7	3069	15/483	1/49	0	0	1.52174
SRX5286328	TFs and others	NANOG	Pluripotent stem cell	ES cells	7017	15/483	1/49	0	0	1.52174
SRX5342364	TFs and others	FOXL2	Gonad	SVOG-3e	1613	15/483	1/49	0	0	1.52174
SRX5514016	TFs and others	JUN	Uterus	Myometrium	799	15/483	1/49	0	0	1.52174
SRX5567175	TFs and others	MYH11	Blood	ME-1	1580	15/483	1/49	0	0	1.52174
SRX5801452	TFs and others	STAT3	Blood	Th2 Cells	538	15/483	1/49	0	0	1.52174
SRX6435402	TFs and others	SUPT5H	Kidney	293	435	15/483	1/49	0	0	1.52174
SRX6487036	TFs and others	FOXA1	Breast	MCF-7	1644	15/483	1/49	0	0	1.52174
SRX6487058	TFs and others	FOXA1	Breast	MCF-7	3555	15/483	1/49	0	0	1.52174
SRX6692568	TFs and others	Epitope tags	Epidermis	Keratinocytes	1247	15/483	1/49	0	0	1.52174
SRX6748241	TFs and others	AR	Prostate	Prostate cancer	1149	15/483	1/49	0	0	1.52174
SRX6780854	TFs and others	CREB1	Neural	Frontal cortex	976	15/483	1/49	0	0	1.52174
SRX701989	TFs and others	GATA4	Pluripotent stem cell	hESC derived endodermal cells	4445	15/483	1/49	0	0	1.52174
SRX7213080	TFs and others	PAF1	Bone	U2OS	277	15/483	1/49	0	0	1.52174
SRX7749561	TFs and others	Cas9	Lung	NCI-H441	456	15/483	1/49	0	0	1.52174
SRX7760058	TFs and others	MYRF	Pancreas	CFPAC-1	1336	15/483	1/49	0	0	1.52174
SRX7760061	TFs and others	MYRF	Pancreas	HPAF-II	1352	15/483	1/49	0	0	1.52174
SRX8089678	TFs and others	MED1	Prostate	VCaP	613	15/483	1/49	0	0	1.52174
SRX8406484	TFs and others	FOXA1	Prostate	Prostate	3643	15/483	1/49	0	0	1.52174
SRX8406487	TFs and others	FOXA1	Prostate	Prostate	1217	15/483	1/49	0	0	1.52174
SRX8453150	TFs and others	FOXA1	Liver	Liver	4018	15/483	1/49	0	0	1.52174
SRX8602201	TFs and others	IRF4	Blood	OCI-LY-3	537	15/483	1/49	0	0	1.52174
SRX8807170	TFs and others	MED1	Blood	Mono-Mac-6	1472	15/483	1/49	0	0	1.52174
SRX9135100	TFs and others	AR	Prostate	VCaP	37586	15/483	1/49	0	0	1.52174
SRX9350923	TFs and others	BRD4	Digestive tract	COLO 320DM	1230	15/483	1/49	0	0	1.52174
SRX9426422	TFs and others	HCFC1	Blood	RAMOS	1256	15/483	1/49	0	0	1.52174
SRX9550862	TFs and others	FOXA1	Prostate	Prostate cancer	2959	15/483	1/49	0	0	1.52174
SRX027272	TFs and others	SMARCC1	Uterus	HeLa	1965	29/483	2/49	0	0	1.47101
SRX1012539	TFs and others	BCL6	Blood	B cells	4719	29/483	2/49	0	0	1.47101
SRX1067068	TFs and others	AR	Prostate	LHSAR	97690	29/483	2/49	0	0	1.47101
SRX1161186	TFs and others	ESR1	Breast	ZR-75-1	14212	29/483	2/49	0	0	1.47101
SRX1456193	TFs and others	EBF1	Blood	B cells	6081	29/483	2/49	0	0	1.47101
SRX150716	TFs and others	SMARCC1	Uterus	HeLa	1990	29/483	2/49	0	0	1.47101
SRX1550251	TFs and others	MYC	Bone	U2OS	1451	29/483	2/49	0	0	1.47101
SRX1878906	TFs and others	EP300	Muscle	Rh-4	9565	29/483	2/49	0	0	1.47101
SRX2368894	TFs and others	FOXA2	Pluripotent stem cell	hESC derived endodermal cells	16876	29/483	2/49	0	0	1.47101
SRX2912063	TFs and others	ESR1	Breast	MCF-7	2055	29/483	2/49	0	0	1.47101
SRX323400	TFs and others	ESR1	Breast	MCF-7	9907	29/483	2/49	0	0	1.47101
SRX3292076	TFs and others	TFAP2A	Pluripotent stem cell	hESC derived trophoblast cells	8057	29/483	2/49	0	0	1.47101
SRX3589919	TFs and others	STAG2	Breast	MCF 10A	4964	29/483	2/49	0	0	1.47101
SRX3589920	TFs and others	STAG2	Breast	MCF 10A	4166	29/483	2/49	0	0	1.47101
SRX4001875	TFs and others	RAD21	Blood	THP-1	13575	29/483	2/49	0	0	1.47101
SRX448953	TFs and others	BRD4	Blood	DND-41	1588	29/483	2/49	0	0	1.47101
SRX5124840	TFs and others	FOXA1	Prostate	22Rv1	8340	29/483	2/49	0	0	1.47101
SRX5287694	TFs and others	YAP1	Breast	T-47D	6611	29/483	2/49	0	0	1.47101
SRX5527654	TFs and others	ERG	Cardiovascular	HAEC	3545	29/483	2/49	0	0	1.47101
SRX5716464	TFs and others	SMARCA4	Neural	Neural progenitor cells	2232	29/483	2/49	0	0	1.47101
SRX5725258	TFs and others	MYC	Lung	A549	875	29/483	2/49	0	0	1.47101
SRX612504	TFs and others	BRD4	Liver	LX2	7165	29/483	2/49	0	0	1.47101
SRX6175621	TFs and others	RAD21	Bone	A-673	19375	29/483	2/49	0	0	1.47101
SRX6614744	TFs and others	RAD21	Lung	IMR-90	17189	29/483	2/49	0	0	1.47101
SRX6800705	TFs and others	IRF4	Blood	CAR-T cells	9152	29/483	2/49	0	0	1.47101
SRX6853596	TFs and others	ARNT	Breast	MCF-7	875	29/483	2/49	0	0	1.47101
SRX685530	TFs and others	DEK	Blood	U-937	1793	29/483	2/49	0	0	1.47101
SRX6896408	TFs and others	GRHL2	Breast	T-47D	7873	29/483	2/49	0	0	1.47101
SRX7498510	TFs and others	CTCF	Uterus	Ca Ski	19928	29/483	2/49	0	0	1.47101
SRX7498512	TFs and others	CTCF	Others	SCC090	26321	29/483	2/49	0	0	1.47101
SRX7972450	TFs and others	MKL1	Epidermis	MKL-1	12318	29/483	2/49	0	0	1.47101
SRX8406521	TFs and others	FOXA1	Prostate	Prostatic Neoplasms, Castration-Resistant	24806	29/483	2/49	0	0	1.47101
SRX8984310	TFs and others	FLI1	Bone	A-673	8342	29/483	2/49	0	0	1.47101
SRX974294	TFs and others	MEF2B	Kidney	293	6504	29/483	2/49	0	0	1.47101
ERX1149121	TFs and others	CTCF	Unclassified	Unclassified	8834	28/483	2/49	0	0	1.42029
ERX704044	TFs and others	RAD21	Blood	HL-60	3340	14/483	1/49	0	0	1.42029
ERX704048	TFs and others	CTCF	Blood	HL-60	3448	14/483	1/49	0	0	1.42029
SRX017879	TFs and others	RELA	Blood	GM15510	735	14/483	1/49	0	0	1.42029
SRX017911	TFs and others	RELA	Blood	GM12891	1870	28/483	2/49	0	0	1.42029
SRX020506	TFs and others	ESR2	Bone	U2OS	1841	14/483	1/49	0	0	1.42029
SRX070883	TFs and others	RBPJ	Blood	CUTLL1	1374	28/483	2/49	0	0	1.42029
SRX10119371	TFs and others	TEAD1	Breast	MCF 10A	4102	28/483	2/49	0	0	1.42029
SRX1012606	TFs and others	EP300	Breast	T-47D	1291	14/483	1/49	0	0	1.42029
SRX10407084	TFs and others	SOX2	Digestive tract	Esophageal squamous carcinoma cell line	2901	14/483	1/49	0	0	1.42029
SRX1079391	TFs and others	SUMO2	Prostate	VCaP	12424	28/483	2/49	0	0	1.42029
SRX11094567	TFs and others	FLI1	Bone	SK-ES-1	15388	28/483	2/49	0	0	1.42029
SRX116459	TFs and others	KDM5A	Pluripotent stem cell	hESC H1	1161	28/483	2/49	0	0	1.42029
SRX150567	TFs and others	STAT1	Blood	K-562	1523	28/483	2/49	0	0	1.42029
SRX150691	TFs and others	STAT1	Blood	GM12878	447	14/483	1/49	0	0	1.42029
SRX1514924	TFs and others	GFP	Kidney	293	1267	14/483	1/49	0	0	1.42029
SRX155769	TFs and others	HSF1	Breast	Breast cancer cells	221	14/483	1/49	0	0	1.42029
SRX155770	TFs and others	HSF1	Breast	Breast cancer cells	462	14/483	1/49	0	0	1.42029
SRX1569777	TFs and others	POU2F1	Prostate	VCaP	1183	14/483	1/49	0	0	1.42029
SRX1642495	TFs and others	BRD9	Blood	NOMO-1	1663	14/483	1/49	0	0	1.42029
SRX185917	TFs and others	FOXM1	Breast	MCF-7	1117	28/483	2/49	0	0	1.42029
SRX1878944	TFs and others	BRD4	Others	Fibroblasts	1837	14/483	1/49	0	0	1.42029
SRX194581	TFs and others	TLE3	Breast	MCF-7	2211	14/483	1/49	0	0	1.42029
SRX2013091	TFs and others	MYCN	Blood	CD34 Hematopoietic stem cells	493	14/483	1/49	0	0	1.42029
SRX2023712	TFs and others	MED1	Pluripotent stem cell	iPS derived cardiac cells	1125	14/483	1/49	0	0	1.42029
SRX212444	TFs and others	RUNX1	Blood	CD4+ T cells	1165	28/483	2/49	0	0	1.42029
SRX2368899	TFs and others	FOXA2	Epidermis	BJ	5857	14/483	1/49	0	0	1.42029
SRX2545049	TFs and others	FOXA1	Prostate	LNCAP	24519	14/483	1/49	0	0	1.42029
SRX2545050	TFs and others	FOXA1	Prostate	LNCAP	27786	14/483	1/49	0	0	1.42029
SRX266855	TFs and others	FOXA2	Pluripotent stem cell	hESC derived mesendodermal cells	16387	28/483	2/49	0	0	1.42029
SRX2749150	TFs and others	ARNT	Kidney	OS-RC-2	312	14/483	1/49	0	0	1.42029
SRX294971	TFs and others	RELA	Cardiovascular	HUVEC	2776	28/483	2/49	0	0	1.42029
SRX3159238	TFs and others	BRD4	Prostate	LNCAP	405	14/483	1/49	0	0	1.42029
SRX3159239	TFs and others	BRD4	Prostate	LREX	499	14/483	1/49	0	0	1.42029
SRX3159240	TFs and others	BRD4	Prostate	LREX	450	14/483	1/49	0	0	1.42029
SRX3229179	TFs and others	FOXA1	Breast	Breast cancer	3069	28/483	2/49	0	0	1.42029
SRX3263399	TFs and others	BRD4	Blood	OCI-AML3	650	14/483	1/49	0	0	1.42029
SRX3292079	TFs and others	TFAP2C	Pluripotent stem cell	hESC derived trophoblast cells	1752	14/483	1/49	0	0	1.42029
SRX3324959	TFs and others	CREBBP	Lung	IMR-90	1397	14/483	1/49	0	0	1.42029
SRX3372012	TFs and others	FOXF1	Digestive tract	GIST48	5052	14/483	1/49	0	0	1.42029
SRX3468041	TFs and others	SMARCC1	Others	HSSY2	819	14/483	1/49	0	0	1.42029
SRX3584197	TFs and others	RUNX1	Gonad	Epididymis	1733	28/483	2/49	0	0	1.42029
SRX3586355	TFs and others	RUNX1	Blood	NALM-6	558	14/483	1/49	0	0	1.42029
SRX360376	TFs and others	KMT2D	Digestive tract	HCT 116	4374	28/483	2/49	0	0	1.42029
SRX3797277	TFs and others	ZNF768	Blood	RAJI	9146	14/483	1/49	0	0	1.42029
SRX3798680	TFs and others	BRCA1	Neural	SH-EP	674	14/483	1/49	0	0	1.42029
SRX3923508	TFs and others	FOXA1	Breast	MCF-7	14225	28/483	2/49	0	0	1.42029
SRX4062884	TFs and others	FOXA1	Prostate	LNCAP	9419	14/483	1/49	0	0	1.42029
SRX4170707	TFs and others	WDR5	Blood	K-562	1303	14/483	1/49	0	0	1.42029
SRX4170711	TFs and others	WDR5	Blood	K-562	1093	14/483	1/49	0	0	1.42029
SRX433198	TFs and others	AR	Prostate	PC-3	40833	28/483	2/49	0	0	1.42029
SRX4518424	TFs and others	BRD4	Prostate	LNCAP	938	14/483	1/49	0	0	1.42029
SRX4518425	TFs and others	BRD4	Prostate	LNCAP	883	14/483	1/49	0	0	1.42029
SRX4649671	TFs and others	TP63	Breast	MCF 10A	6405	14/483	1/49	0	0	1.42029
SRX4663585	TFs and others	ESR1	Breast	MCF-7	5642	14/483	1/49	0	0	1.42029
SRX4677289	TFs and others	FOXA2	Pancreas	PANC-1	4841	14/483	1/49	0	0	1.42029
SRX476481	TFs and others	RAD21	Blood	THP-1	16109	28/483	2/49	0	0	1.42029
SRX4937341	TFs and others	MED1	Digestive tract	HCT 116	518	14/483	1/49	0	0	1.42029
SRX5089377	TFs and others	ARID1A	Breast	MCF-7	9207	28/483	2/49	0	0	1.42029
SRX5089434	TFs and others	SMARCB1	Breast	MCF-7	1146	14/483	1/49	0	0	1.42029
SRX5089437	TFs and others	SMARCB1	Breast	MCF-7	1184	14/483	1/49	0	0	1.42029
SRX5089438	TFs and others	SMARCB1	Breast	MCF-7	1859	14/483	1/49	0	0	1.42029
SRX5124834	TFs and others	FOXA1	Prostate	22Rv1	1520	14/483	1/49	0	0	1.42029
SRX514839	TFs and others	TP63	Epidermis	Keratinocytes	9257	14/483	1/49	0	0	1.42029
SRX5360652	TFs and others	Epitope tags	Epidermis	BJ	5524	28/483	2/49	0	0	1.42029
SRX5493749	TFs and others	AR	Breast	Breast cancer cells	4148	14/483	1/49	0	0	1.42029
SRX5514011	TFs and others	FOS	Uterus	Uterin leiomyoma	647	14/483	1/49	0	0	1.42029
SRX5771664	TFs and others	SOX2	Gonad	N2102Ep	7783	14/483	1/49	0	0	1.42029
SRX5974514	TFs and others	GATA1	Blood	K-562	7465	14/483	1/49	0	0	1.42029
SRX612502	TFs and others	BRD3	Liver	LX2	618	28/483	2/49	0	0	1.42029
SRX6175650	TFs and others	STAG2	Bone	TC-71	3305	14/483	1/49	0	0	1.42029
SRX6367581	TFs and others	NCOA1	Kidney	293	14175	14/483	1/49	0	0	1.42029
SRX6370188	TFs and others	CBX7	Pluripotent stem cell	NT2-D1	5201	14/483	1/49	0	0	1.42029
SRX6487037	TFs and others	FOXA1	Breast	MCF-7	1463	14/483	1/49	0	0	1.42029
SRX6487049	TFs and others	FOXA1	Breast	MCF-7	2459	14/483	1/49	0	0	1.42029
SRX6614765	TFs and others	RAD21	Lung	IMR-90	2064	14/483	1/49	0	0	1.42029
SRX668346	TFs and others	GFP	Kidney	293	278	14/483	1/49	0	0	1.42029
SRX6902862	TFs and others	GATA1	Blood	CD34+	2993	14/483	1/49	0	0	1.42029
SRX6957394	TFs and others	FOXL2	Kidney	HGrC1	6929	28/483	2/49	0	0	1.42029
SRX701974	TFs and others	FOXA1	Pluripotent stem cell	hESC HUES64	634	14/483	1/49	0	0	1.42029
SRX7054934	TFs and others	ERG	Cardiovascular	HAEC	1059	14/483	1/49	0	0	1.42029
SRX7054937	TFs and others	ERG	Cardiovascular	HAEC	2067	28/483	2/49	0	0	1.42029
SRX7055005	TFs and others	RELA	Cardiovascular	HAEC	7502	28/483	2/49	0	0	1.42029
SRX7122001	TFs and others	FOXA1	Breast	MCF-7	2895	14/483	1/49	0	0	1.42029
SRX7262419	TFs and others	FOXA1	Others	Bladder cancer	3996	28/483	2/49	0	0	1.42029
SRX747794	TFs and others	FOXA1	Breast	MCF-7	8537	28/483	2/49	0	0	1.42029
SRX7712493	TFs and others	HIF1A	Lung	A549	333	14/483	1/49	0	0	1.42029
SRX7971773	TFs and others	STAT3	Blood	Th2 Cells	832	14/483	1/49	0	0	1.42029
SRX8089635	TFs and others	FOXA1	Prostate	VCaP	15767	28/483	2/49	0	0	1.42029
SRX821811	TFs and others	PPARG	Adipocyte	Adipose Tissue, White	363	14/483	1/49	0	0	1.42029
SRX8336466	TFs and others	GATA6	Pluripotent stem cell	hESC derived pancreatic cells	1264	14/483	1/49	0	0	1.42029
SRX8391107	TFs and others	FOSL1	Others	Head and neck squamous cell carcinoma 	316	14/483	1/49	0	0	1.42029
SRX8406306	TFs and others	HOXB13	Prostate	Prostate	10781	14/483	1/49	0	0	1.42029
SRX8406485	TFs and others	FOXA1	Prostate	Prostate	2149	14/483	1/49	0	0	1.42029
SRX8453148	TFs and others	FOXA1	Lung	Lung	13977	28/483	2/49	0	0	1.42029
SRX8453149	TFs and others	FOXA1	Blood	Lymph Nodes	2472	14/483	1/49	0	0	1.42029
SRX852985	TFs and others	RUNX1	Breast	MCF-7	261	14/483	1/49	0	0	1.42029
SRX8602203	TFs and others	IRF4	Blood	OCI-LY-3	1575	14/483	1/49	0	0	1.42029
SRX8616982	TFs and others	TET2	Breast	ZR-75-1	1639	14/483	1/49	0	0	1.42029
SRX9350930	TFs and others	BRD4	Digestive tract	COLO 320HSR	1128	14/483	1/49	0	0	1.42029
SRX9350931	TFs and others	BRD4	Digestive tract	COLO 320HSR	1174	14/483	1/49	0	0	1.42029
SRX9433108	TFs and others	CTR9	Bone	U2OS	316	14/483	1/49	0	0	1.42029
SRX9434354	TFs and others	RELA	Digestive tract	SW 480	2364	28/483	2/49	0	0	1.42029
SRX9498739	TFs and others	GTF2B	Blood	K-562	1013	28/483	2/49	0	0	1.42029
SRX9628504	TFs and others	JUN	Gonad	BIN-67	239	14/483	1/49	0	0	1.42029
SRX9674621	TFs and others	FOXO1	Muscle	Myoblasts	519	14/483	1/49	0	0	1.42029
SRX968966	TFs and others	ESR1	Breast	MCF-7	1786	28/483	2/49	0	0	1.42029
SRX968969	TFs and others	ESR1	Breast	MCF-7	686	14/483	1/49	0	0	1.42029
SRX9857615	TFs and others	MYC	Kidney	G-401	1093	14/483	1/49	0	0	1.42029
ERX1149076	TFs and others	CTCF	Unclassified	Unclassified	8788	27/483	2/49	0	0	1.36957
SRX099183	TFs and others	AR	Prostate	VCS2	14812	27/483	2/49	0	0	1.36957
SRX099231	TFs and others	GATA1	Blood	PBMC	5696	27/483	2/49	0	0	1.36957
SRX1012678	TFs and others	ESR1	Breast	MCF-7	957	27/483	2/49	0	0	1.36957
SRX11220465	TFs and others	TRIM28	Digestive tract	HT-29	2850	27/483	2/49	0	0	1.36957
SRX1531790	TFs and others	SMC1A	Breast	MCF-7	19495	27/483	2/49	0	0	1.36957
SRX2582161	TFs and others	GRHL3	Epidermis	NHEK	4049	27/483	2/49	0	0	1.36957
SRX3110771	TFs and others	SMC3	Uterus	HeLa	15132	27/483	2/49	0	0	1.36957
SRX3395151	TFs and others	PDX1	Pluripotent stem cell	iPS derived pancreatic cells	4636	27/483	2/49	0	0	1.36957
SRX3923511	TFs and others	FOXA1	Breast	MCF-7	15371	27/483	2/49	0	0	1.36957
SRX4001765	TFs and others	RAD21	Blood	Macrophages	20946	27/483	2/49	0	0	1.36957
SRX4001825	TFs and others	RAD21	Blood	THP-1	17140	27/483	2/49	0	0	1.36957
SRX4001874	TFs and others	RAD21	Blood	THP-1	11561	27/483	2/49	0	0	1.36957
SRX4473684	TFs and others	DPF2	Gonad	BIN-67	3125	27/483	2/49	0	0	1.36957
SRX475756	TFs and others	ZBTB33	Blood	GM12878	601	27/483	2/49	0	0	1.36957
SRX4931261	TFs and others	KMT2A	Breast	MCF-7	1147	27/483	2/49	0	0	1.36957
SRX5089417	TFs and others	SMARCA4	Breast	MCF-7	5394	27/483	2/49	0	0	1.36957
SRX5124828	TFs and others	FOXA1	Prostate	LAPC-4	11675	27/483	2/49	0	0	1.36957
SRX5234502	TFs and others	SMARCB1	Kidney	TTC1240	6695	27/483	2/49	0	0	1.36957
SRX5342367	TFs and others	FOXL2	Gonad	SVOG-3e	10810	27/483	2/49	0	0	1.36957
SRX5342376	TFs and others	FOXL2	Gonad	SVOG-3e	9324	27/483	2/49	0	0	1.36957
SRX535453	TFs and others	CDK9	Epidermis	A-375	1249	27/483	2/49	0	0	1.36957
SRX6441748	TFs and others	FOXA1	Pancreas	CFPAC-1	13023	27/483	2/49	0	0	1.36957
SRX6949264	TFs and others	SMC3	Uterus	HeLa	15151	27/483	2/49	0	0	1.36957
SRX702150	TFs and others	MYC	Pluripotent stem cell	hESC HUES64	637	27/483	2/49	0	0	1.36957
SRX716558	TFs and others	TEAD1	Neural	SF268	20157	27/483	2/49	0	0	1.36957
SRX7972442	TFs and others	MKL2	Epidermis	MKL-2	487	27/483	2/49	0	0	1.36957
SRX813774	TFs and others	RELA	Adipocyte	SGBS	21910	27/483	2/49	0	0	1.36957
SRX8538461	TFs and others	HCFC1	Blood	RAMOS	1506	27/483	2/49	0	0	1.36957
SRX8961847	TFs and others	TBP	Others	Mesenchymal stem cells	1145	27/483	2/49	0	0	1.36957
SRX9390334	TFs and others	EP300	Blood	MM.1S	286	27/483	2/49	0	0	1.36957
DRX156349	TFs and others	MGMT	Neural	U-87 MG	812	13/483	1/49	0	0	1.31884
ERX626782	TFs and others	SPI1	Blood	HL-60	10423	13/483	1/49	0	0	1.31884
ERX704061	TFs and others	CTCF	Blood	HL-60	2247	13/483	1/49	0	0	1.31884
SRX014766	TFs and others	MethylCap	Blood	NB-4	11074	13/483	1/49	0	0	1.31884
SRX017884	TFs and others	RELA	Blood	GM12892	1615	13/483	1/49	0	0	1.31884
SRX017897	TFs and others	RELA	Blood	GM18951	1682	13/483	1/49	0	0	1.31884
SRX020507	TFs and others	ESR2	Bone	U2OS	5043	13/483	1/49	0	0	1.31884
SRX083223	TFs and others	FOXA1	Prostate	LNCAP	554	13/483	1/49	0	0	1.31884
SRX10119396	TFs and others	JUNB	Breast	MDA-MB-231	24949	26/483	2/49	0	0	1.31884
SRX1012703	TFs and others	ESR1	Breast	T-47D	900	13/483	1/49	0	0	1.31884
SRX10365520	TFs and others	ESR1	Breast	MDA-MB-231	435	13/483	1/49	0	0	1.31884
SRX10365521	TFs and others	ESR1	Breast	MDA-MB-231	418	13/483	1/49	0	0	1.31884
SRX10365550	TFs and others	NCOA3	Breast	MCF-7	6804	13/483	1/49	0	0	1.31884
SRX1041841	TFs and others	TRIM24	Prostate	LNCAP	615	26/483	2/49	0	0	1.31884
SRX1094490	TFs and others	EP300	Others	TC-797	267	13/483	1/49	0	0	1.31884
SRX1131559	TFs and others	BRD4	Breast	SUM 149PT	1478	13/483	1/49	0	0	1.31884
SRX113579	TFs and others	RNF2	Kidney	293	647	26/483	2/49	0	0	1.31884
SRX1161181	TFs and others	NR3C1	Breast	ZR-75-1	14518	26/483	2/49	0	0	1.31884
SRX1161182	TFs and others	NR3C1	Breast	ZR-75-1	13047	26/483	2/49	0	0	1.31884
SRX128783	TFs and others	RUNX1	Blood	Jurkat (Clone E6-1)	1078	13/483	1/49	0	0	1.31884
SRX1538767	TFs and others	PPARG	Digestive tract	HT-29	5850	26/483	2/49	0	0	1.31884
SRX1550250	TFs and others	MYC	Bone	U2OS	2280	26/483	2/49	0	0	1.31884
SRX155749	TFs and others	HSF1	Breast	MCF-7	238	13/483	1/49	0	0	1.31884
SRX155752	TFs and others	HSF1	Lung	NCI-H441	181	13/483	1/49	0	0	1.31884
SRX1569776	TFs and others	POU2F1	Prostate	VCaP	954	13/483	1/49	0	0	1.31884
SRX1823811	TFs and others	FOSL2	Bone	Osteoblasts	105	13/483	1/49	0	0	1.31884
SRX1885191	TFs and others	PIAS1	Prostate	LNCAP	9765	13/483	1/49	0	0	1.31884
SRX1885192	TFs and others	PIAS1	Prostate	LNCAP	10346	13/483	1/49	0	0	1.31884
SRX2436043	TFs and others	OTX2	Neural	D341 Med	15209	26/483	2/49	0	0	1.31884
SRX2460058	TFs and others	ESR1	Breast	Breast cancer cells	1658	26/483	2/49	0	0	1.31884
SRX248769	TFs and others	RB1	Uterus	HeLa	1175	26/483	2/49	0	0	1.31884
SRX2897206	TFs and others	ESR1	Breast	Breast cancer cells	242	13/483	1/49	0	0	1.31884
SRX3123830	TFs and others	ESR1	Breast	MCF-7	12600	26/483	2/49	0	0	1.31884
SRX3159237	TFs and others	BRD4	Prostate	LNCAP	353	13/483	1/49	0	0	1.31884
SRX3229126	TFs and others	FOXA1	Breast	Breast cancer	3012	13/483	1/49	0	0	1.31884
SRX3229137	TFs and others	ESR1	Breast	Breast cancer	646	13/483	1/49	0	0	1.31884
SRX3229147	TFs and others	ESR1	Breast	Breast cancer	2127	26/483	2/49	0	0	1.31884
SRX3436562	TFs and others	SSRP1	Bone	HT-1080	891	13/483	1/49	0	0	1.31884
SRX3445797	TFs and others	INO80	Liver	Hep G2	154	13/483	1/49	0	0	1.31884
SRX3468051	TFs and others	Epitope tags	Others	Fibroblasts	1970	13/483	1/49	0	0	1.31884
SRX356576	TFs and others	STAG1	Blood	GM18505	20257	26/483	2/49	0	0	1.31884
SRX3586353	TFs and others	RUNX1	Blood	NALM-6	433	13/483	1/49	0	0	1.31884
SRX3703142	TFs and others	MEF2B	Blood	B cells	7157	26/483	2/49	0	0	1.31884
SRX3751772	TFs and others	RUNX1	Adipocyte	LPS141	679	13/483	1/49	0	0	1.31884
SRX3862443	TFs and others	FOXA1	Unclassified	Unclassified	596	13/483	1/49	0	0	1.31884
SRX3873717	TFs and others	ELL2	Lung	SW 1271	844	13/483	1/49	0	0	1.31884
SRX3985128	TFs and others	NFE2L2	Lung	A549	2216	26/483	2/49	0	0	1.31884
SRX4060991	TFs and others	TRPS1	Breast	T-47D	434	13/483	1/49	0	0	1.31884
SRX4096886	TFs and others	TRPS1	Breast	HCC3153	5155	26/483	2/49	0	0	1.31884
SRX4115995	TFs and others	FOXA1	Breast	MCF-7	8797	13/483	1/49	0	0	1.31884
SRX4179992	TFs and others	JDP2	Blood	Loucy	663	26/483	2/49	0	0	1.31884
SRX4212595	TFs and others	EZH2	Blood	Peripheral blood mononuclear cells	451	26/483	2/49	0	0	1.31884
SRX4401063	TFs and others	RELA	Blood	BJAB	1852	26/483	2/49	0	0	1.31884
SRX4663586	TFs and others	ESR1	Breast	MCF-7	6184	13/483	1/49	0	0	1.31884
SRX4663587	TFs and others	ESR1	Breast	MCF-7	5090	13/483	1/49	0	0	1.31884
SRX4708033	TFs and others	FIP1L1	Liver	Hep G2	404	26/483	2/49	0	0	1.31884
SRX5057612	TFs and others	GATA3	Breast	T-47D	440	13/483	1/49	0	0	1.31884
SRX5057624	TFs and others	GATA3	Breast	T-47D	767	13/483	1/49	0	0	1.31884
SRX5089415	TFs and others	SMARCA4	Breast	MCF-7	2066	26/483	2/49	0	0	1.31884
SRX5089504	TFs and others	HDAC1	Breast	MCF-7	755	26/483	2/49	0	0	1.31884
SRX5203303	TFs and others	FOXA1	Breast	MCF-7	17625	26/483	2/49	0	0	1.31884
SRX5287688	TFs and others	YAP1	Breast	MCF-7	4657	26/483	2/49	0	0	1.31884
SRX535174	TFs and others	HSF1	Digestive tract	HCT 116	583	13/483	1/49	0	0	1.31884
SRX535176	TFs and others	HSF1	Digestive tract	HCT 116	509	13/483	1/49	0	0	1.31884
SRX540850	TFs and others	ALKBH3	Prostate	PC-3	413	13/483	1/49	0	0	1.31884
SRX5514036	TFs and others	MED12	Uterus	Myometrium	503	26/483	2/49	0	0	1.31884
SRX5577135	TFs and others	Epitope tags	Prostate	LNCAP	6081	13/483	1/49	0	0	1.31884
SRX5824576	TFs and others	BRD4	Breast	SUM 149PT	1464	13/483	1/49	0	0	1.31884
SRX595691	TFs and others	FOXA1	Prostate	LNCAP	634	13/483	1/49	0	0	1.31884
SRX6413749	TFs and others	ESR1	Breast	MCF-7	8653	26/483	2/49	0	0	1.31884
SRX6487046	TFs and others	FOXA1	Breast	MCF-7	2206	13/483	1/49	0	0	1.31884
SRX6680391	TFs and others	CTCF	Bone	HT-1080	13007	26/483	2/49	0	0	1.31884
SRX673720	TFs and others	Biotin	Breast	MCF-7	512	13/483	1/49	0	0	1.31884
SRX6748254	TFs and others	FOXA1	Prostate	Prostate cancer	20063	26/483	2/49	0	0	1.31884
SRX6913090	TFs and others	BRD4	Blood	K-562	1018	26/483	2/49	0	0	1.31884
SRX701981	TFs and others	FOXA2	Pluripotent stem cell	hESC HUES64	540	13/483	1/49	0	0	1.31884
SRX7054931	TFs and others	ERG	Cardiovascular	HAEC	694	13/483	1/49	0	0	1.31884
SRX7213066	TFs and others	PAF1	Bone	U2OS	286	13/483	1/49	0	0	1.31884
SRX7213076	TFs and others	PAF1	Bone	U2OS	260	13/483	1/49	0	0	1.31884
SRX7213079	TFs and others	PAF1	Bone	U2OS	281	13/483	1/49	0	0	1.31884
SRX7299255	TFs and others	NFE2L2	Kidney	WT 9-12	850	13/483	1/49	0	0	1.31884
SRX7493847	TFs and others	DLX5	Digestive tract	KYSE-140	506	13/483	1/49	0	0	1.31884
SRX764806	TFs and others	FOXA1	Pluripotent stem cell	hESC derived mesendodermal cells	8102	13/483	1/49	0	0	1.31884
SRX764807	TFs and others	FOXA1	Pluripotent stem cell	hESC derived mesendodermal cells	4685	13/483	1/49	0	0	1.31884
SRX7760060	TFs and others	MYRF	Pancreas	HPAF-II	1275	13/483	1/49	0	0	1.31884
SRX8084739	TFs and others	Epitope tags	Breast	SUM 159PT	977	26/483	2/49	0	0	1.31884
SRX813772	TFs and others	RELA	Adipocyte	SGBS	3900	26/483	2/49	0	0	1.31884
SRX821810	TFs and others	PPARG	Adipocyte	Adipose Tissue, White	231	13/483	1/49	0	0	1.31884
SRX8406504	TFs and others	FOXA1	Prostate	Prostate	20421	26/483	2/49	0	0	1.31884
SRX8406510	TFs and others	FOXA1	Prostate	Prostate	1936	13/483	1/49	0	0	1.31884
SRX8406541	TFs and others	HOXB13	Prostate	Prostate	3757	13/483	1/49	0	0	1.31884
SRX8616849	TFs and others	JUNB	Lung	A549	5420	26/483	2/49	0	0	1.31884
SRX9562913	TFs and others	MYCN	Muscle	RH-4	685	26/483	2/49	0	0	1.31884
ERX200506	TFs and others	CTCF	Blood	B cells	18906	38/483	3/49	0	0	1.28502
SRX10119389	TFs and others	WWTR1	Breast	MDA-MB-231	9788	38/483	3/49	0	0	1.28502
SRX1012621	TFs and others	PGR	Breast	T-47D	21940	38/483	3/49	0	0	1.28502
SRX150456	TFs and others	SMC3	Blood	GM12878	25485	38/483	3/49	0	0	1.28502
SRX2436063	TFs and others	NEUROD1	Neural	D283 Med	14550	38/483	3/49	0	0	1.28502
SRX2513519	TFs and others	ESR1	Breast	MCF-7	21201	38/483	3/49	0	0	1.28502
SRX2871347	TFs and others	FOXA1	Breast	T-47D	9176	38/483	3/49	0	0	1.28502
SRX3630814	TFs and others	ESR1	Uterus	Ishikawa	5201	38/483	3/49	0	0	1.28502
SRX3923518	TFs and others	FOXA1	Breast	MCF-7	21671	38/483	3/49	0	0	1.28502
SRX3923519	TFs and others	FOXA1	Breast	MCF-7	20336	38/483	3/49	0	0	1.28502
SRX4154203	TFs and others	ZFP64	Blood	MOLM-13	8211	38/483	3/49	0	0	1.28502
SRX5089495	TFs and others	HDAC1	Breast	MCF-7	974	38/483	3/49	0	0	1.28502
SRX5803008	TFs and others	POLR2C	Kidney	293	1637	38/483	3/49	0	0	1.28502
SRX5887614	TFs and others	YAP1	Lung	PC-9	6613	38/483	3/49	0	0	1.28502
SRX6957467	TFs and others	FOXL2	Kidney	HGrC1	15833	38/483	3/49	0	0	1.28502
SRX7054613	TFs and others	RELA	Cardiovascular	HAEC	5165	38/483	3/49	0	0	1.28502
SRX7902979	TFs and others	EGR1	Blood	Macrophages	458	38/483	3/49	0	0	1.28502
ERX200512	TFs and others	CTCF	Blood	B cells	20301	25/483	2/49	0	0	1.26812
SRX038544	TFs and others	CTCF	Liver	Hep G2	12259	25/483	2/49	0	0	1.26812
SRX10119383	TFs and others	JUNB	Breast	MCF 10A	17129	25/483	2/49	0	0	1.26812
SRX1012610	TFs and others	EP300	Breast	T-47D	8311	25/483	2/49	0	0	1.26812
SRX1012658	TFs and others	PGR	Breast	MCF-7	6884	25/483	2/49	0	0	1.26812
SRX1012659	TFs and others	PGR	Breast	MCF-7	10735	25/483	2/49	0	0	1.26812
SRX1070161	TFs and others	AR	Breast	MDA-MB-453	18935	25/483	2/49	0	0	1.26812
SRX11014591	TFs and others	CTCF	Bone	U2OS	6488	25/483	2/49	0	0	1.26812
SRX1161184	TFs and others	ESR1	Breast	ZR-75-1	8959	25/483	2/49	0	0	1.26812
SRX150453	TFs and others	GATA2	Blood	K-562	6034	25/483	2/49	0	0	1.26812
SRX1734381	TFs and others	FOXA1	Prostate	22Rv1	5918	25/483	2/49	0	0	1.26812
SRX2671792	TFs and others	EP300	Cardiovascular	Cardiac progenitor cells	17545	25/483	2/49	0	0	1.26812
SRX3482873	TFs and others	CTCF	Pluripotent stem cell	hESC HUES64	12612	25/483	2/49	0	0	1.26812
SRX3923513	TFs and others	FOXA1	Breast	MCF-7	13578	25/483	2/49	0	0	1.26812
SRX4170710	TFs and others	WDR5	Blood	K-562	1320	25/483	2/49	0	0	1.26812
SRX4212593	TFs and others	EZH2	Blood	Peripheral blood mononuclear cells	558	25/483	2/49	0	0	1.26812
SRX5057632	TFs and others	GATA3	Breast	MCF-7	28970	25/483	2/49	0	0	1.26812
SRX5089506	TFs and others	HDAC1	Breast	MCF-7	575	25/483	2/49	0	0	1.26812
SRX5124824	TFs and others	FOXA1	Prostate	LNCAP	22639	25/483	2/49	0	0	1.26812
SRX5124868	TFs and others	FOXA1	Prostate	22Rv1	13816	25/483	2/49	0	0	1.26812
SRX5128106	TFs and others	ESR1	Breast	ZR-75-1	2199	25/483	2/49	0	0	1.26812
SRX5287706	TFs and others	ESR1	Breast	MCF-7	6999	25/483	2/49	0	0	1.26812
SRX673755	TFs and others	FOXA1	Breast	MCF-7	4525	25/483	2/49	0	0	1.26812
SRX6748255	TFs and others	FOXA1	Prostate	Prostate cancer	20041	25/483	2/49	0	0	1.26812
SRX701978	TFs and others	FOXA2	Pluripotent stem cell	hESC derived mesendodermal cells	10238	25/483	2/49	0	0	1.26812
SRX7627555	TFs and others	ESRRG	Breast	BT-474	4233	25/483	2/49	0	0	1.26812
SRX8406522	TFs and others	FOXA1	Prostate	Prostatic Neoplasms, Castration-Resistant	19137	25/483	2/49	0	0	1.26812
SRX8520803	TFs and others	NR3C1	Breast	HCC1937	7305	25/483	2/49	0	0	1.26812
SRX8550422	TFs and others	FLI1	Bone	A-673	9016	25/483	2/49	0	0	1.26812
SRX8616979	TFs and others	ESR1	Breast	ZR-75-1	4880	25/483	2/49	0	0	1.26812
SRX8929136	TFs and others	CTNNB1	Digestive tract	DLD-1	7230	25/483	2/49	0	0	1.26812
SRX9046310	TFs and others	ETS1	Blood	THP-1	656	25/483	2/49	0	0	1.26812
SRX9562911	TFs and others	MYCN	Muscle	RH-4	696	25/483	2/49	0	0	1.26812
SRX1531795	TFs and others	SMC1A	Breast	MCF-7	25360	37/483	3/49	0	0	1.25121
SRX2007818	TFs and others	KMT2B	Breast	MCF-7	1235	37/483	3/49	0	0	1.25121
SRX2748845	TFs and others	MYB	Others	Adenoid cystic carcinoma	1090	37/483	3/49	0	0	1.25121
SRX2944451	TFs and others	MYC	Breast	MCF 10A	1827	37/483	3/49	0	0	1.25121
SRX3923515	TFs and others	FOXA1	Breast	MCF-7	19796	37/483	3/49	0	0	1.25121
SRX4001823	TFs and others	RAD21	Blood	THP-1	19862	37/483	3/49	0	0	1.25121
SRX4451199	TFs and others	ESR1	Breast	MCF-7	1624	37/483	3/49	0	0	1.25121
SRX4518423	TFs and others	BRD4	Prostate	LNCAP	1982	37/483	3/49	0	0	1.25121
SRX4941319	TFs and others	XBP1	Prostate	LNCAP	975	37/483	3/49	0	0	1.25121
SRX6949255	TFs and others	GFP	Uterus	HeLa	36469	37/483	3/49	0	0	1.25121
SRX9318376	TFs and others	TOP2B	Neural	Glioma	959	37/483	3/49	0	0	1.25121
SRX9426438	TFs and others	Epitope tags	Blood	RAMOS	3846	37/483	3/49	0	0	1.25121
SRX9468662	TFs and others	AR	Prostate	LNCAP	89863	37/483	3/49	0	0	1.25121
ERX1035600	TFs and others	FOXP1	Blood	U-2932	3914	24/483	2/49	0	0	1.21739
ERX704060	TFs and others	RAD21	Blood	HL-60	3111	12/483	1/49	0	0	1.21739
SRX014775	TFs and others	PML	Blood	MR4	1734	12/483	1/49	0	0	1.21739
SRX014811	TFs and others	GATA2	Blood	K-562	6038	24/483	2/49	0	0	1.21739
SRX022390	TFs and others	VDR	Blood	Lymphoblastoid cell line	345	12/483	1/49	0	0	1.21739
SRX022563	TFs and others	ERG	Prostate	VCaP	174	12/483	1/49	0	0	1.21739
SRX092313	TFs and others	TBX21	Blood	Th1 Cells	2232	24/483	2/49	0	0	1.21739
SRX10003071	TFs and others	MSX2	Placenta	Trophoblast stem cells	10516	24/483	2/49	0	0	1.21739
SRX10045339	TFs and others	BAP1	Breast	CAL-51	508	24/483	2/49	0	0	1.21739
SRX10119174	TFs and others	CREB1	Blood	MV-4-11	758	24/483	2/49	0	0	1.21739
SRX10119386	TFs and others	JUNB	Breast	MCF 10A	22168	24/483	2/49	0	0	1.21739
SRX10119393	TFs and others	STAT3	Breast	MDA-MB-231	290	12/483	1/49	0	0	1.21739
SRX1012596	TFs and others	ESR1	Breast	T-47D	1839	12/483	1/49	0	0	1.21739
SRX1012620	TFs and others	PGR	Breast	T-47D	20770	36/483	3/49	0	0	1.21739
SRX1012693	TFs and others	PGR	Breast	MCF-7	869	12/483	1/49	0	0	1.21739
SRX1012696	TFs and others	PGR	Breast	MCF-7	474	12/483	1/49	0	0	1.21739
SRX1021632	TFs and others	DNMT1	Prostate	PC-3	416	12/483	1/49	0	0	1.21739
SRX10357209	TFs and others	HIF1A	Uterus	HeLa	879	24/483	2/49	0	0	1.21739
SRX1099628	TFs and others	GRHL2	Gonad	PEO1	8375	48/483	4/49	0	0	1.21739
SRX11094502	TFs and others	FLI1	Bone	A-673	10264	24/483	2/49	0	0	1.21739
SRX11196912	TFs and others	NELFB	Kidney	293	998	36/483	3/49	0	0	1.21739
SRX1161198	TFs and others	ESR1	Breast	T-47D	5044	24/483	2/49	0	0	1.21739
SRX1165110	TFs and others	Epitope tags	Breast	MCF-7	35753	48/483	4/49	0	0	1.21739
SRX150705	TFs and others	HSF1	Liver	Hep G2	1112	24/483	2/49	0	0	1.21739
SRX1514996	TFs and others	GFP	Kidney	293	492	12/483	1/49	0	0	1.21739
SRX1515038	TFs and others	GFP	Kidney	293	479	12/483	1/49	0	0	1.21739
SRX155754	TFs and others	HSF1	Breast	SK-BR-3	324	12/483	1/49	0	0	1.21739
SRX155760	TFs and others	HSF1	Breast	BT-20	234	12/483	1/49	0	0	1.21739
SRX1614811	TFs and others	ZNF366	Blood	Dendritic Cells	3214	36/483	3/49	0	0	1.21739
SRX176059	TFs and others	FOXA1	Prostate	C4-2	2700	12/483	1/49	0	0	1.21739
SRX1849499	TFs and others	GUCY1B3	Neural	U-87 MG	1009	12/483	1/49	0	0	1.21739
SRX2188673	TFs and others	BRCA1	Bone	TC-32	762	24/483	2/49	0	0	1.21739
SRX2194268	TFs and others	EP300	Breast	SUM 159PT	14470	24/483	2/49	0	0	1.21739
SRX2559013	TFs and others	RAD21	Cardiovascular	HUVEC	21921	24/483	2/49	0	0	1.21739
SRX2778398	TFs and others	YY1	Blood	Lymphoblastoid cell line	927	12/483	1/49	0	0	1.21739
SRX2871362	TFs and others	PGR	Breast	T-47D	597	12/483	1/49	0	0	1.21739
SRX2871372	TFs and others	Epitope tags	Breast	T-47D	745	12/483	1/49	0	0	1.21739
SRX2961559	TFs and others	STAT1	Blood	SET-2	904	24/483	2/49	0	0	1.21739
SRX3098186	TFs and others	MECOM	Blood	SKH1	1015	12/483	1/49	0	0	1.21739
SRX3110710	TFs and others	ESR1	Breast	MCF-7	2805	24/483	2/49	0	0	1.21739
SRX3110780	TFs and others	Epitope tags	Uterus	HeLa	36200	36/483	3/49	0	0	1.21739
SRX3124569	TFs and others	FXR1	Digestive tract	AGS	493	12/483	1/49	0	0	1.21739
SRX3230411	TFs and others	ZMYM3	Liver	Hep G2	10412	36/483	3/49	0	0	1.21739
SRX3279750	TFs and others	IRF4	Blood	CD4+ T cells	1649	48/483	4/49	0	0	1.21739
SRX328778	TFs and others	GATA6	Digestive tract	LS-174T	1610	12/483	1/49	0	0	1.21739
SRX3394532	TFs and others	FLI1	Bone	A-673	11049	36/483	3/49	0	0	1.21739
SRX3589926	TFs and others	STAG1	Breast	MCF 10A	2725	12/483	1/49	0	0	1.21739
SRX3703147	TFs and others	MEF2B	Blood	DLBCL	6683	24/483	2/49	0	0	1.21739
SRX371480	TFs and others	FOXA1	Breast	MCF-7	23140	24/483	2/49	0	0	1.21739
SRX3923509	TFs and others	FOXA1	Breast	MCF-7	13426	24/483	2/49	0	0	1.21739
SRX3923524	TFs and others	FOXA1	Breast	ZR-75-1	15240	24/483	2/49	0	0	1.21739
SRX392691	TFs and others	Epitope tags	Others	T3M-1 Cl-10	287	12/483	1/49	0	0	1.21739
SRX4001904	TFs and others	RAD21	Blood	THP-1	24703	36/483	3/49	0	0	1.21739
SRX4001944	TFs and others	RAD21	Blood	THP-1	27173	48/483	4/49	0	0	1.21739
SRX4062885	TFs and others	FOXA1	Prostate	LNCAP	5993	12/483	1/49	0	0	1.21739
SRX4192885	TFs and others	NFKB1	Breast	MCF 10A	1336	12/483	1/49	0	0	1.21739
SRX4345356	TFs and others	NFATC2	Blood	CD4+ T cells	2460	24/483	2/49	0	0	1.21739
SRX4393712	TFs and others	RUNX1	Blood	ME-1	6326	48/483	4/49	0	0	1.21739
SRX4572975	TFs and others	MAFF	Liver	Hep G2	532	12/483	1/49	0	0	1.21739
SRX4655784	TFs and others	CTCF	Liver	Hep G2	1588	12/483	1/49	0	0	1.21739
SRX4677294	TFs and others	JUNB	Pancreas	CFPAC-1	13123	24/483	2/49	0	0	1.21739
SRX4745228	TFs and others	Epitope tags	Kidney	293	7184	36/483	3/49	0	0	1.21739
SRX475749	TFs and others	EP300	Blood	GM12878	4617	12/483	1/49	0	0	1.21739
SRX4937339	TFs and others	MED1	Digestive tract	HCT 116	430	12/483	1/49	0	0	1.21739
SRX5057623	TFs and others	GATA3	Breast	T-47D	370	12/483	1/49	0	0	1.21739
SRX5057628	TFs and others	GATA3	Breast	T-47D	418	12/483	1/49	0	0	1.21739
SRX5089381	TFs and others	ARID1A	Breast	MCF-7	8907	36/483	3/49	0	0	1.21739
SRX5323823	TFs and others	FOXA1	Breast	T-47D	9425	36/483	3/49	0	0	1.21739
SRX5323863	TFs and others	STAT3	Breast	MCF-7	248	12/483	1/49	0	0	1.21739
SRX5342368	TFs and others	FOXL2	Gonad	SVOG-3e	5839	24/483	2/49	0	0	1.21739
SRX5401864	TFs and others	PGR	Breast	T-47D	16851	48/483	4/49	0	0	1.21739
SRX5441326	TFs and others	PCF11	Uterus	HeLa	2652	24/483	2/49	0	0	1.21739
SRX5567180	TFs and others	RUNX1	Blood	ME-1	6326	48/483	4/49	0	0	1.21739
SRX573027	TFs and others	AFF4	Uterus	HeLa	984	24/483	2/49	0	0	1.21739
SRX5801455	TFs and others	STAT3	Blood	Th2 Cells	3517	48/483	4/49	0	0	1.21739
SRX6175626	TFs and others	FLI1	Bone	TC-71	17237	36/483	3/49	0	0	1.21739
SRX6367596	TFs and others	NCOA1	Kidney	293	21227	12/483	1/49	0	0	1.21739
SRX6413750	TFs and others	ESR1	Breast	MCF-7	6480	24/483	2/49	0	0	1.21739
SRX6487060	TFs and others	FOXA1	Breast	MCF-7	1383	12/483	1/49	0	0	1.21739
SRX6487069	TFs and others	FOXA1	Breast	MCF-7	1848	12/483	1/49	0	0	1.21739
SRX6614741	TFs and others	RAD21	Lung	IMR-90	9679	12/483	1/49	0	0	1.21739
SRX6748234	TFs and others	AR	Prostate	Prostate cancer	615	12/483	1/49	0	0	1.21739
SRX6748243	TFs and others	AR	Prostate	Prostate cancer	3037	12/483	1/49	0	0	1.21739
SRX6824678	TFs and others	MYOD1	Unclassified	Unclassified	11806	48/483	4/49	0	0	1.21739
SRX6828396	TFs and others	RAD21	Breast	MCF-7	33190	36/483	3/49	0	0	1.21739
SRX6828397	TFs and others	RAD21	Breast	MCF-7	30473	36/483	3/49	0	0	1.21739
SRX6852820	TFs and others	POU3F2	Lung	LK-2	360	24/483	2/49	0	0	1.21739
SRX6957432	TFs and others	FOXL2	Kidney	HGrC1	855	12/483	1/49	0	0	1.21739
SRX702037	TFs and others	NANOG	Pluripotent stem cell	hESC derived mesendodermal cells	13025	24/483	2/49	0	0	1.21739
SRX702069	TFs and others	POU5F1	Pluripotent stem cell	hESC HUES64	4794	24/483	2/49	0	0	1.21739
SRX7054610	TFs and others	RELA	Cardiovascular	HAEC	5375	36/483	3/49	0	0	1.21739
SRX7122006	TFs and others	FOXA1	Breast	MCF-7	1009	12/483	1/49	0	0	1.21739
SRX7213083	TFs and others	PAF1	Bone	U2OS	615	12/483	1/49	0	0	1.21739
SRX730441	TFs and others	EP300	Breast	MCF-7	412	12/483	1/49	0	0	1.21739
SRX751300	TFs and others	MED1	Adipocyte	Adipose-Derived Mesenchymal Stem Cells	8536	24/483	2/49	0	0	1.21739
SRX7572085	TFs and others	SREBF1	Digestive tract	TE-5	944	24/483	2/49	0	0	1.21739
SRX7712494	TFs and others	HIF1A	Lung	A549	579	24/483	2/49	0	0	1.21739
SRX7749595	TFs and others	G-quadruplex	Adipocyte	93T449	284	12/483	1/49	0	0	1.21739
SRX8080548	TFs and others	Epitope tags	Breast	Mammary gland ductal carcinoma	3184	24/483	2/49	0	0	1.21739
SRX8299826	TFs and others	CTR9	Bone	U2OS	626	24/483	2/49	0	0	1.21739
SRX8336465	TFs and others	GATA6	Pluripotent stem cell	hESC derived pancreatic cells	5165	24/483	2/49	0	0	1.21739
SRX8406322	TFs and others	HOXB13	Prostate	Prostatic Neoplasms, Castration-Resistant	4278	12/483	1/49	0	0	1.21739
SRX8520801	TFs and others	NR3C1	Breast	BT-474	213	12/483	1/49	0	0	1.21739
SRX8726280	TFs and others	BMI1	Others	Tumor	1190	24/483	2/49	0	0	1.21739
SRX8861822	TFs and others	ESR1	Breast	T-47D	2574	24/483	2/49	0	0	1.21739
SRX9390940	TFs and others	STAT3	Digestive tract	Colorectal cancer	337	12/483	1/49	0	0	1.21739
SRX9469982	TFs and others	KLF4	Prostate	LAPC-4	7261	36/483	3/49	0	0	1.21739
SRX9498737	TFs and others	GTF2A2	Blood	K-562	1214	36/483	3/49	0	0	1.21739
SRX9600620	TFs and others	G-quadruplex	Blood	K-562	322	24/483	2/49	0	0	1.21739
SRX976244	TFs and others	KMT2D	Blood	B cells	1431	36/483	3/49	0	0	1.21739
SRX9898536	TFs and others	SMARCA4	Blood	K-562	5717	36/483	3/49	0	0	1.21739
SRX190223	TFs and others	RXRA	Neural	SK-N-SH	10620	47/483	4/49	0	0	1.19203
SRX2642365	TFs and others	FOXA1	Prostate	VCaP	52101	47/483	4/49	0	0	1.19203
SRX3931081	TFs and others	FOXA1	Breast	MCF-7	17186	47/483	4/49	0	0	1.19203
SRX3931095	TFs and others	FOXA1	Breast	MCF-7	15799	47/483	4/49	0	0	1.19203
SRX4001958	TFs and others	SPI1	Blood	THP-1	34643	47/483	4/49	0	0	1.19203
SRX5931544	TFs and others	GATA1	Blood	HUDEP-2	16441	47/483	4/49	0	0	1.19203
SRX8080552	TFs and others	Epitope tags	Breast	Mammary gland ductal carcinoma	17435	47/483	4/49	0	0	1.19203
DRX013181	TFs and others	RAD21	Digestive tract	DLD-1	24238	35/483	3/49	0	0	1.18357
ERX1276045	TFs and others	CTCF	Blood	UT-7	9009	35/483	3/49	0	0	1.18357
SRX2355058	TFs and others	ERG	Cardiovascular	HAEC	6895	35/483	3/49	0	0	1.18357
SRX2778388	TFs and others	YY1	Blood	Lymphoblastoid cell line	1329	35/483	3/49	0	0	1.18357
SRX2943597	TFs and others	ESR1	Breast	MCF-7	3008	35/483	3/49	0	0	1.18357
SRX3123829	TFs and others	ESR1	Breast	MCF-7	18660	35/483	3/49	0	0	1.18357
SRX3229180	TFs and others	FOXA1	Breast	Breast cancer	6007	35/483	3/49	0	0	1.18357
SRX356645	TFs and others	STAG1	Blood	GM19193	21037	35/483	3/49	0	0	1.18357
SRX4001914	TFs and others	RAD21	Blood	THP-1	25769	35/483	3/49	0	0	1.18357
SRX4708019	TFs and others	U2AF2	Liver	Hep G2	714	35/483	3/49	0	0	1.18357
SRX5089512	TFs and others	HDAC1	Breast	MCF-7	1123	35/483	3/49	0	0	1.18357
SRX5732677	TFs and others	KMT2A	Blood	MOLM-13	2546	35/483	3/49	0	0	1.18357
SRX7498498	TFs and others	CTCF	Uterus	SiHa	28499	35/483	3/49	0	0	1.18357
SRX2368888	TFs and others	FOXA2	Epidermis	Ker-CT	43515	58/483	5/49	0	0	1.17681
SRX5600895	TFs and others	OLIG2	Neural	Prefrontal Cortex	1441	58/483	5/49	0	0	1.17681
SRX022395	TFs and others	VDR	Blood	Lymphoblastoid cell line	713	23/483	2/49	0	0	1.16667
SRX023655	TFs and others	GATAD1	Uterus	HeLa	819	23/483	2/49	0	0	1.16667
SRX026660	TFs and others	ERG	Blood	Hematopoietic cells	4570	23/483	2/49	0	0	1.16667
SRX029088	TFs and others	FOS	Blood	K-562	24762	46/483	4/49	0	0	1.16667
SRX095397	TFs and others	MYC	Blood	RAMOS	986	23/483	2/49	0	0	1.16667
SRX1353403	TFs and others	CTCF	Kidney	293	17610	23/483	2/49	0	0	1.16667
SRX1477666	TFs and others	MED12	Blood	CD34 Hematopoietic stem cells	3367	23/483	2/49	0	0	1.16667
SRX150654	TFs and others	TBL1XR1	Blood	K-562	1968	23/483	2/49	0	0	1.16667
SRX1690222	TFs and others	MYCN	Neural	Neuroblastoma	1769	23/483	2/49	0	0	1.16667
SRX190245	TFs and others	ATF3	Lung	A549	4509	46/483	4/49	0	0	1.16667
SRX204409	TFs and others	BRD4	Blood	P493-6	1893	23/483	2/49	0	0	1.16667
SRX2880999	TFs and others	ESR1	Breast	MCF-7	6938	46/483	4/49	0	0	1.16667
SRX3468022	TFs and others	SUZ12	Others	Aska	882	23/483	2/49	0	0	1.16667
SRX3923531	TFs and others	FOXA1	Breast	ZR-75-1	25095	46/483	4/49	0	0	1.16667
SRX3931074	TFs and others	FOXA1	Breast	MCF-7	15356	46/483	4/49	0	0	1.16667
SRX3931093	TFs and others	FOXA1	Breast	MCF-7	17009	46/483	4/49	0	0	1.16667
SRX398302	TFs and others	CDK8	Digestive tract	SW 480	1743	23/483	2/49	0	0	1.16667
SRX4119723	TFs and others	Epitope tags	Kidney	293	252	23/483	2/49	0	0	1.16667
SRX4377534	TFs and others	BRD4	Breast	MDA-MB-231	4848	46/483	4/49	0	0	1.16667
SRX4377557	TFs and others	BRD4	Breast	MDA-MB-231	4848	46/483	4/49	0	0	1.16667
SRX4677295	TFs and others	FOS	Pancreas	CFPAC-1	10861	23/483	2/49	0	0	1.16667
SRX4708042	TFs and others	GTF2F1	Liver	Hep G2	1644	46/483	4/49	0	0	1.16667
SRX5089507	TFs and others	HDAC1	Breast	MCF-7	1786	46/483	4/49	0	0	1.16667
SRX5124866	TFs and others	FOXA1	Prostate	22Rv1	11778	23/483	2/49	0	0	1.16667
SRX5323845	TFs and others	FOXA1	Breast	MCF-7	16305	23/483	2/49	0	0	1.16667
SRX5323849	TFs and others	FOXA1	Breast	MCF-7	9761	23/483	2/49	0	0	1.16667
SRX5346121	TFs and others	MYC	Blood	RAMOS	2577	46/483	4/49	0	0	1.16667
SRX6175617	TFs and others	FLI1	Bone	A-673	10264	23/483	2/49	0	0	1.16667
SRX6813410	TFs and others	CEBPB	Blood	CD4+ T cells	5353	46/483	4/49	0	0	1.16667
SRX6910062	TFs and others	PGR	Uterus	Uterin leiomyoma	5982	46/483	4/49	0	0	1.16667
SRX8617023	TFs and others	ESR1	Breast	ZR-75-1	10399	46/483	4/49	0	0	1.16667
SRX8984309	TFs and others	FLI1	Bone	A-673	8470	23/483	2/49	0	0	1.16667
SRX9426436	TFs and others	Epitope tags	Blood	RAMOS	3367	46/483	4/49	0	0	1.16667
SRX100419	TFs and others	ESR1	Breast	T-47D	9756	57/483	5/49	0	0	1.15652
SRX4345363	TFs and others	JUNB	Blood	CD4+ T cells	4992	57/483	5/49	0	0	1.15652
SRX6957463	TFs and others	FOXL2	Kidney	HGrC1	13965	57/483	5/49	0	0	1.15652
SRX9426437	TFs and others	Epitope tags	Blood	RAMOS	4473	57/483	5/49	0	0	1.15652
SRX1012653	TFs and others	PGR	Breast	MCF-7	10860	34/483	3/49	0	0	1.14976
SRX347423	TFs and others	STAT3	Blood	OCI-LY-3	2114	34/483	3/49	0	0	1.14976
SRX4192880	TFs and others	FOS	Breast	MCF 10A	51054	34/483	3/49	0	0	1.14976
SRX6949257	TFs and others	GFP	Uterus	HeLa	19110	34/483	3/49	0	0	1.14976
SRX7202561	TFs and others	RAD21	Blood	K-562	20225	34/483	3/49	0	0	1.14976
SRX7760063	TFs and others	FOS	Pancreas	CFPAC-1	13879	34/483	3/49	0	0	1.14976
SRX8617002	TFs and others	TET2	Breast	MCF-7	5591	34/483	3/49	0	0	1.14976
SRX8841617	TFs and others	CTCF	Blood	Lymphoblasts	16395	34/483	3/49	0	0	1.14976
SRX9600622	TFs and others	G-quadruplex	Blood	K-562	412	34/483	3/49	0	0	1.14976
SRX028639	TFs and others	NR2C2	Liver	Hep G2	974	45/483	4/49	0	0	1.1413
SRX1067067	TFs and others	AR	Prostate	LHSAR	94683	45/483	4/49	0	0	1.1413
SRX2609665	TFs and others	NR3C1	Lung	HASM2	28052	45/483	4/49	0	0	1.1413
SRX3931033	TFs and others	FOXA1	Breast	MCF-7	23888	45/483	4/49	0	0	1.1413
SRX4046303	TFs and others	CXXC1	Blood	Erythroblasts	2051	45/483	4/49	0	0	1.1413
SRX5574365	TFs and others	SPI1	Blood	Dendritic Cells	39562	45/483	4/49	0	0	1.1413
SRX6824684	TFs and others	MYOD1	Muscle	Rhabdomyosarcoma	5130	45/483	4/49	0	0	1.1413
SRX7262422	TFs and others	FOXA1	Others	Bladder cancer	10756	45/483	4/49	0	0	1.1413
SRX9055417	TFs and others	TAL1	Blood	HUDEP-2	10614	45/483	4/49	0	0	1.1413
SRX10218292	TFs and others	GATA1	Blood	HUDEP-2	11601	56/483	5/49	0	0	1.13623
SRX150670	TFs and others	STAT3	Breast	MCF 10A	6450	56/483	5/49	0	0	1.13623
SRX673728	TFs and others	TFAP2C	Breast	MCF-7	6728	56/483	5/49	0	0	1.13623
SRX6860627	TFs and others	FOXA1	Breast	T-47D	22293	56/483	5/49	0	0	1.13623
SRX716556	TFs and others	YAP1	Neural	SF268	9209	56/483	5/49	0	0	1.13623
SRX190357	TFs and others	JUND	Neural	SK-N-SH	32289	67/483	6/49	0	0	1.13285
SRX318858	TFs and others	ZBTB17	Breast	MDA-MB-231	2651	67/483	6/49	0	0	1.13285
SRX3345943	TFs and others	EGR1	Blood	HL-60	4803	67/483	6/49	0	0	1.13285
SRX643281	TFs and others	ESR1	Breast	MCF 10A	6464	67/483	6/49	0	0	1.13285
SRX8570941	TFs and others	HAP1	Blood	KBM-7	33928	67/483	6/49	0	0	1.13285
SRX003319	TFs and others	STAT1	Uterus	HeLa	1779	11/483	1/49	0	0	1.11594
SRX017865	TFs and others	RELA	Blood	GM18526	2405	11/483	1/49	0	0	1.11594
SRX028635	TFs and others	FOXA1	Breast	MCF-7	20830	33/483	3/49	0	0	1.11594
SRX062360	TFs and others	FOXA1	Prostate	LNCAP	32765	22/483	2/49	0	0	1.11594
SRX084601	TFs and others	NCOR2	Blood	OCI-LY1	2760	22/483	2/49	0	0	1.11594
SRX1012690	TFs and others	PGR	Breast	MCF-7	538	11/483	1/49	0	0	1.11594
SRX10365533	TFs and others	ESR1	Breast	MCF-7	18651	44/483	4/49	0	0	1.11594
SRX1070427	TFs and others	ORC2	Blood	K-562	3225	33/483	3/49	0	0	1.11594
SRX107411	TFs and others	RUNX2	Prostate	C4-2	17895	33/483	3/49	0	0	1.11594
SRX10881802	TFs and others	SMARCC2	Kidney	G-401	2279	33/483	3/49	0	0	1.11594
SRX112547	TFs and others	RUNX1T1	Blood	Acute myeloid leukemia	188	11/483	1/49	0	0	1.11594
SRX1144285	TFs and others	CDK12	Blood	Jurkat	747	22/483	2/49	0	0	1.11594
SRX1165105	TFs and others	RAD21	Breast	MCF-7	31055	33/483	3/49	0	0	1.11594
SRX129089	TFs and others	MED1	Lung	NCI-H2171	8296	77/483	7/49	0	0	1.11594
SRX149221	TFs and others	FOXM1	Bone	U2OS	227	11/483	1/49	0	0	1.11594
SRX150355	TFs and others	ARID3A	Liver	Hep G2	13639	55/483	5/49	0	0	1.11594
SRX150386	TFs and others	MAFF	Liver	Hep G2	36864	44/483	4/49	0	0	1.11594
SRX150462	TFs and others	RFX5	Pluripotent stem cell	hESC H1	1625	33/483	3/49	0	0	1.11594
SRX150559	TFs and others	NR2C2	Blood	GM12878	1066	33/483	3/49	0	0	1.11594
SRX1514938	TFs and others	GFP	Kidney	293	5619	33/483	3/49	0	0	1.11594
SRX155773	TFs and others	HSF1	Digestive tract	Colon cancer	285	11/483	1/49	0	0	1.11594
SRX1629254	TFs and others	ERG	Prostate	VCaP	1589	44/483	4/49	0	0	1.11594
SRX1629256	TFs and others	ERG	Prostate	VCaP	2818	55/483	5/49	0	0	1.11594
SRX1653203	TFs and others	NR4A1	Blood	Kasumi-1	10301	33/483	3/49	0	0	1.11594
SRX176860	TFs and others	ESR1	Breast	MCF-7	51784	66/483	6/49	0	0	1.11594
SRX176885	TFs and others	EP300	Breast	MCF-7	17325	44/483	4/49	0	0	1.11594
SRX1829870	TFs and others	MED1	Epidermis	A-375	358	11/483	1/49	0	0	1.11594
SRX185918	TFs and others	FOXM1	Breast	MCF-7	896	33/483	3/49	0	0	1.11594
SRX190258	TFs and others	CEBPB	Uterus	ECC-1	12162	55/483	5/49	0	0	1.11594
SRX194574	TFs and others	GREB1	Breast	MCF-7	466	11/483	1/49	0	0	1.11594
SRX1993437	TFs and others	ZSCAN5A	Placenta	BeWo	211	11/483	1/49	0	0	1.11594
SRX2194259	TFs and others	BRD4	Breast	HCC1806	3166	33/483	3/49	0	0	1.11594
SRX2837383	TFs and others	RELB	Blood	GM12878	10687	33/483	3/49	0	0	1.11594
SRX3040153	TFs and others	SMC1A	Breast	HMEC	19243	55/483	5/49	0	0	1.11594
SRX306512	TFs and others	FOXA1	Prostate	DU 145	25766	11/483	1/49	0	0	1.11594
SRX3070473	TFs and others	NR3C1	Breast	MCF 10A	7180	22/483	2/49	0	0	1.11594
SRX3110719	TFs and others	ESR1	Breast	MCF-7	2235	44/483	4/49	0	0	1.11594
SRX3229168	TFs and others	AR	Breast	Breast cancer	3423	44/483	4/49	0	0	1.11594
SRX3230380	TFs and others	E2F7	Liver	Hep G2	2313	33/483	3/49	0	0	1.11594
SRX3230387	TFs and others	JARID2	Liver	Hep G2	1340	22/483	2/49	0	0	1.11594
SRX330072	TFs and others	Epitope tags	Breast	MCF-7	735	11/483	1/49	0	0	1.11594
SRX3366953	TFs and others	FOXA1	Prostate	LNCAP	3299	11/483	1/49	0	0	1.11594
SRX3395152	TFs and others	PDX1	Pluripotent stem cell	iPS derived pancreatic cells	3699	22/483	2/49	0	0	1.11594
SRX3437459	TFs and others	NRF1	Uterus	HeLa	574	22/483	2/49	0	0	1.11594
SRX3482872	TFs and others	CTCF	Pluripotent stem cell	hESC HUES64	7780	22/483	2/49	0	0	1.11594
SRX368849	TFs and others	CDK8	Blood	MM.1S	2411	22/483	2/49	0	0	1.11594
SRX3703144	TFs and others	MEF2B	Blood	DLBCL	5480	22/483	2/49	0	0	1.11594
SRX371430	TFs and others	ESR1	Others	Tumour tissues	9273	33/483	3/49	0	0	1.11594
SRX3923501	TFs and others	DPF2	Blood	K-562	149	11/483	1/49	0	0	1.11594
SRX3923512	TFs and others	FOXA1	Breast	MCF-7	12424	22/483	2/49	0	0	1.11594
SRX3927290	TFs and others	DPF2	Blood	EOL-1	27704	55/483	5/49	0	0	1.11594
SRX3931094	TFs and others	FOXA1	Breast	MCF-7	17307	44/483	4/49	0	0	1.11594
SRX3990976	TFs and others	PGR	Breast	T-47D	323	11/483	1/49	0	0	1.11594
SRX4001764	TFs and others	RAD21	Blood	Macrophages	23276	33/483	3/49	0	0	1.11594
SRX4001911	TFs and others	RAD21	Blood	THP-1	20346	33/483	3/49	0	0	1.11594
SRX4096869	TFs and others	GATAD2B	Breast	HCC3153	444	11/483	1/49	0	0	1.11594
SRX4115985	TFs and others	FOXA1	Prostate	LNCAP	9575	11/483	1/49	0	0	1.11594
SRX4192132	TFs and others	XRCC4	Breast	MCF 10A	988	33/483	3/49	0	0	1.11594
SRX4212572	TFs and others	EZH2	Blood	Peripheral blood mononuclear cells	1867	66/483	6/49	0	0	1.11594
SRX4313220	TFs and others	HDAC2	Muscle	RH-4	5049	33/483	3/49	0	0	1.11594
SRX4417023	TFs and others	ESR1	Breast	MCF-7	3112	33/483	3/49	0	0	1.11594
SRX4451207	TFs and others	ESR1	Breast	MCF-7	12128	33/483	3/49	0	0	1.11594
SRX4572977	TFs and others	HNF1B	Liver	Hep G2	183	11/483	1/49	0	0	1.11594
SRX4708068	TFs and others	HNRNPC	Blood	K-562	236	11/483	1/49	0	0	1.11594
SRX4815191	TFs and others	TLE3	Breast	MCF-7	34551	66/483	6/49	0	0	1.11594
SRX4937331	TFs and others	KAT2A	Digestive tract	HCT 116	531	22/483	2/49	0	0	1.11594
SRX502063	TFs and others	AR	Prostate	Prostate cancer	13407	44/483	4/49	0	0	1.11594
SRX5057611	TFs and others	GATA3	Breast	T-47D	268	11/483	1/49	0	0	1.11594
SRX5089515	TFs and others	SMARCA4	Breast	MCF-7	4558	22/483	2/49	0	0	1.11594
SRX5124850	TFs and others	FOXA1	Kidney	293	1306	11/483	1/49	0	0	1.11594
SRX5124851	TFs and others	FOXA1	Kidney	293	954	11/483	1/49	0	0	1.11594
SRX514837	TFs and others	TP63	Epidermis	Keratinocytes	17868	22/483	2/49	0	0	1.11594
SRX5323864	TFs and others	STAT3	Breast	MCF-7	3382	55/483	5/49	0	0	1.11594
SRX5409711	TFs and others	NETO2	Blood	U-937	1142	22/483	2/49	0	0	1.11594
SRX5417098	TFs and others	GFP	Uterus	HeLa	39863	66/483	6/49	0	0	1.11594
SRX5441331	TFs and others	CPSF3	Uterus	HeLa	876	22/483	2/49	0	0	1.11594
SRX5447476	TFs and others	Epitope tags	Pluripotent stem cell	iPS cells	1058	33/483	3/49	0	0	1.11594
SRX5493753	TFs and others	AR	Breast	Breast cancer cells	387	11/483	1/49	0	0	1.11594
SRX6175605	TFs and others	STAG1	Bone	A-673	15171	22/483	2/49	0	0	1.11594
SRX6441755	TFs and others	FOXA2	Pancreas	CFPAC-1	20683	55/483	5/49	0	0	1.11594
SRX6487055	TFs and others	FOXA1	Breast	MCF-7	7769	22/483	2/49	0	0	1.11594
SRX6487067	TFs and others	FOXA1	Breast	MCF-7	811	11/483	1/49	0	0	1.11594
SRX673721	TFs and others	Biotin	Breast	MCF-7	1278	33/483	3/49	0	0	1.11594
SRX684297	TFs and others	CPSF3L	Uterus	HeLa	2864	44/483	4/49	0	0	1.11594
SRX6896409	TFs and others	GRHL2	Breast	T-47D	13105	44/483	4/49	0	0	1.11594
SRX6902860	TFs and others	GATA1	Blood	CD34+	3785	11/483	1/49	0	0	1.11594
SRX690824	TFs and others	HSF1	Bone	U2OS	6073	33/483	3/49	0	0	1.11594
SRX6957430	TFs and others	FOXL2	Gonad	KGN	12337	33/483	3/49	0	0	1.11594
SRX701977	TFs and others	FOXA1	Pluripotent stem cell	hESC derived mesendodermal cells	1325	11/483	1/49	0	0	1.11594
SRX702051	TFs and others	OTX2	Pluripotent stem cell	hESC derived ectodermal cells	134	11/483	1/49	0	0	1.11594
SRX702097	TFs and others	SMAD4	Pluripotent stem cell	hESC derived mesendodermal cells	229	11/483	1/49	0	0	1.11594
SRX7135407	TFs and others	TP63	Blood	K-562	4427	11/483	1/49	0	0	1.11594
SRX7213064	TFs and others	PAF1	Bone	U2OS	378	11/483	1/49	0	0	1.11594
SRX753137	TFs and others	GTF2I	Pluripotent stem cell	iPS cells	4124	33/483	3/49	0	0	1.11594
SRX7580947	TFs and others	AR	Prostate	LNCAP	13122	33/483	3/49	0	0	1.11594
SRX769728	TFs and others	SUMO2	Prostate	VCaP	13380	33/483	3/49	0	0	1.11594
SRX7972440	TFs and others	MKL1	Epidermis	MKL-1	460	11/483	1/49	0	0	1.11594
SRX818641	TFs and others	SUMO2	Kidney	293	12389	33/483	3/49	0	0	1.11594
SRX8406325	TFs and others	HOXB13	Prostate	Prostatic Neoplasms, Castration-Resistant	6346	11/483	1/49	0	0	1.11594
SRX8406526	TFs and others	FOXA1	Prostate	Prostatic Neoplasms, Castration-Resistant	13989	22/483	2/49	0	0	1.11594
SRX8520802	TFs and others	NR3C1	Breast	HCC1187	27749	33/483	3/49	0	0	1.11594
SRX8726294	TFs and others	BMI1	Others	Tumor	542	11/483	1/49	0	0	1.11594
SRX9498733	TFs and others	TBP	Blood	K-562	2413	66/483	6/49	0	0	1.11594
SRX959100	TFs and others	NR3C1	Blood	NALM-6	11570	11/483	1/49	0	0	1.11594
SRX9600614	TFs and others	G-quadruplex	Blood	K-562	270	11/483	1/49	0	0	1.11594
SRX10059520	TFs and others	CEBPD	Others	Fibroblasts	32476	87/483	8/49	0	0	1.10326
SRX10119154	TFs and others	CREB1	Blood	MV-4-11	2036	87/483	8/49	0	0	1.10326
SRX6860635	TFs and others	FOXA1	Breast	T-47D	33050	76/483	7/49	0	0	1.10145
SRX11196940	TFs and others	TAF1	Kidney	293	1724	65/483	6/49	0	0	1.09903
SRX204901	TFs and others	BRD4	Blood	MM.1S	4470	65/483	6/49	0	0	1.09903
SRX2770858	TFs and others	SMC1A	Blood	Macrophages	34530	65/483	6/49	0	0	1.09903
SRX316366	TFs and others	SUMO2	Kidney	293	13037	65/483	6/49	0	0	1.09903
SRX5401866	TFs and others	PGR	Breast	T-47D	33551	65/483	6/49	0	0	1.09903
SRX1161175	TFs and others	FOXA1	Breast	MCF-7	26083	54/483	5/49	0	0	1.09565
SRX1531782	TFs and others	SMC1A	Lung	A549	28811	54/483	5/49	0	0	1.09565
SRX1787656	TFs and others	GRHL2	Breast	MCF-7	22840	54/483	5/49	0	0	1.09565
SRX3931073	TFs and others	FOXA1	Breast	MCF-7	21968	54/483	5/49	0	0	1.09565
SRX396584	TFs and others	RNF2	Epidermis	Hs 68	2305	54/483	5/49	0	0	1.09565
SRX4451213	TFs and others	ESR1	Breast	MCF-7	35890	54/483	5/49	0	0	1.09565
SRX4815194	TFs and others	TLE3	Breast	SUM 149PT	22317	54/483	5/49	0	0	1.09565
SRX5391688	TFs and others	CTCF	Blood	Neutrophils	10163	54/483	5/49	0	0	1.09565
SRX643472	TFs and others	ERG	Prostate	VCaP	2978	54/483	5/49	0	0	1.09565
SRX7544088	TFs and others	ESR1	Uterus	Ishikawa	10977	54/483	5/49	0	0	1.09565
SRX037940	TFs and others	GATA1	Blood	CD36+	10263	86/483	8/49	0	0	1.09058
SRX039146	TFs and others	FOXA1	Breast	T-47D	11810	43/483	4/49	0	0	1.09058
SRX10484572	TFs and others	KMT2A	Others	Acute lymphoid leukemia	1939	43/483	4/49	0	0	1.09058
SRX1048948	TFs and others	FOXO1	Uterus	Endometrial stromal cells	17251	43/483	4/49	0	0	1.09058
SRX150503	TFs and others	YY1	Pluripotent stem cell	NT2-D1	3839	86/483	8/49	0	0	1.09058
SRX1538803	TFs and others	JUND	Digestive tract	HT-29	7257	43/483	4/49	0	0	1.09058
SRX190224	TFs and others	FOSL2	Breast	MCF-7	13579	43/483	4/49	0	0	1.09058
SRX3437463	TFs and others	NRF1	Uterus	HeLa	1058	43/483	4/49	0	0	1.09058
SRX481457	TFs and others	EP300	Prostate	C4-2	6329	43/483	4/49	0	0	1.09058
SRX4931251	TFs and others	KMT2A	Kidney	293	4034	86/483	8/49	0	0	1.09058
SRX8617003	TFs and others	TET2	Breast	MCF-7	11316	43/483	4/49	0	0	1.09058
SRX8617004	TFs and others	TET2	Breast	MCF-7	8229	43/483	4/49	0	0	1.09058
SRX8873458	TFs and others	BANP	Breast	HCC1954	5178	86/483	8/49	0	0	1.09058
SRX9600660	TFs and others	G-quadruplex	Blood	K-562	424	43/483	4/49	0	0	1.09058
SRX9730735	TFs and others	CDK9	Blood	THP-1	5251	86/483	8/49	0	0	1.09058
SRX3230392	TFs and others	MTA1	Liver	Hep G2	9780	75/483	7/49	0	0	1.08696
SRX356746	TFs and others	STAG1	Blood	Lymphoblastoid cell line	30790	75/483	7/49	0	0	1.08696
SRX5574497	TFs and others	SPI1	Blood	CTV-1	7049	75/483	7/49	0	0	1.08696
SRX028641	TFs and others	NR2C2	Blood	GM12878	872	32/483	3/49	0	0	1.08213
SRX10045331	TFs and others	ASXL1	Breast	CAL-51	1053	32/483	3/49	0	0	1.08213
SRX10119390	TFs and others	WWTR1	Breast	MDA-MB-231	10992	32/483	3/49	0	0	1.08213
SRX1021631	TFs and others	DAXX	Prostate	PC-3	11873	64/483	6/49	0	0	1.08213
SRX1073586	TFs and others	MYC	Blood	GEN2.2	1485	32/483	3/49	0	0	1.08213
SRX150579	TFs and others	EP300	Uterus	HeLa	20277	32/483	3/49	0	0	1.08213
SRX150675	TFs and others	NR2C2	Liver	Hep G2	1701	64/483	6/49	0	0	1.08213
SRX2043226	TFs and others	TCF3	Blood	SEM	7021	64/483	6/49	0	0	1.08213
SRX2404135	TFs and others	RELA	Others	Detroit 562	9091	32/483	3/49	0	0	1.08213
SRX2871360	TFs and others	PGR	Breast	T-47D	33706	64/483	6/49	0	0	1.08213
SRX351400	TFs and others	MYC	Bone	U2OS	1642	32/483	3/49	0	0	1.08213
SRX356644	TFs and others	STAG1	Blood	GM19193	22874	32/483	3/49	0	0	1.08213
SRX3923523	TFs and others	FOXA1	Breast	ZR-75-1	20288	32/483	3/49	0	0	1.08213
SRX4001912	TFs and others	RAD21	Blood	THP-1	20042	32/483	3/49	0	0	1.08213
SRX4108918	TFs and others	HIF1A	Prostate	LNCAP	2600	64/483	6/49	0	0	1.08213
SRX5574459	TFs and others	SPI1	Blood	CTV-1	12597	32/483	3/49	0	0	1.08213
SRX6977276	TFs and others	LIN28B	Neural	KELLY	1072	32/483	3/49	0	0	1.08213
SRX717858	TFs and others	EP300	Uterus	HeLa	7080	32/483	3/49	0	0	1.08213
SRX7760064	TFs and others	FOS	Pancreas	CFPAC-1	16204	32/483	3/49	0	0	1.08213
SRX9600659	TFs and others	G-quadruplex	Blood	K-562	394	32/483	3/49	0	0	1.08213
SRX9604650	TFs and others	FOXA1	Prostate	LNCAP	80325	96/483	9/49	0	0	1.08213
SRX9674611	TFs and others	FOXO1	Muscle	Rh-4	5529	32/483	3/49	0	0	1.08213
SRX2163142	TFs and others	FOXA1	Others	RT4	26670	85/483	8/49	0	0	1.0779
SRX150537	TFs and others	SETDB1	Bone	U2OS	18475	53/483	5/49	0	0	1.07536
SRX176863	TFs and others	FOXA1	Breast	MCF-7	52592	53/483	5/49	0	0	1.07536
SRX1787657	TFs and others	GRHL2	Breast	MCF-7	22540	53/483	5/49	0	0	1.07536
SRX2609661	TFs and others	NR3C1	Lung	HASM2	25190	53/483	5/49	0	0	1.07536
SRX265234	TFs and others	HDAC1	Blood	ME-1	7388	106/483	10/49	0	0	1.07536
SRX3040158	TFs and others	SMC1A	Cardiovascular	Coronary artery endothelial cells	30472	106/483	10/49	0	0	1.07536
SRX5716463	TFs and others	SMARCA4	Neural	Neural progenitor cells	4478	53/483	5/49	0	0	1.07536
SRX6854829	TFs and others	Epitope tags	Epidermis	501A	79264	53/483	5/49	0	0	1.07536
SRX895433	TFs and others	SUMO2	Blood	K-562	1586	53/483	5/49	0	0	1.07536
SRX1902741	TFs and others	EP300	Blood	THP-1	20519	74/483	7/49	0	0	1.07246
SRX3768261	TFs and others	PLAG1	Blood	K-562	6947	95/483	9/49	0	0	1.07085
SRX5574348	TFs and others	SPI1	Blood	Neutrophils	25605	95/483	9/49	0	0	1.07085
SRX2194266	TFs and others	EP300	Breast	SUM 159PT	40733	116/483	11/49	0	0	1.06983
ERX200537	TFs and others	CTCF	Blood	B cells	21330	21/483	2/49	0	0	1.06522
SRX017870	TFs and others	RELA	Blood	GM19099	2082	21/483	2/49	0	0	1.06522
SRX022391	TFs and others	VDR	Blood	Lymphoblastoid cell line	581	21/483	2/49	0	0	1.06522
SRX023657	TFs and others	C17orf49	Uterus	HeLa	927	21/483	2/49	0	0	1.06522
SRX10119144	TFs and others	CREB1	Blood	MV-4-11	1224	42/483	4/49	0	0	1.06522
SRX10119175	TFs and others	CREB1	Blood	MV-4-11	690	21/483	2/49	0	0	1.06522
SRX10119395	TFs and others	JUNB	Breast	MDA-MB-231	21847	21/483	2/49	0	0	1.06522
SRX1012655	TFs and others	PGR	Breast	MCF-7	19301	42/483	4/49	0	0	1.06522
SRX1034772	TFs and others	HIF1A	Bone	U2OS	1108	21/483	2/49	0	0	1.06522
SRX1053367	TFs and others	MED1	Pluripotent stem cell	ES cells	1046	21/483	2/49	0	0	1.06522
SRX112544	TFs and others	RUNX1	Blood	Kasumi-1	3038	21/483	2/49	0	0	1.06522
SRX1140481	TFs and others	KDM3B	Digestive tract	HCT 116	1245	21/483	2/49	0	0	1.06522
SRX1161173	TFs and others	FOXA1	Breast	MCF-7	28252	63/483	6/49	0	0	1.06522
SRX1261526	TFs and others	SMC3	Blood	TF-1	9141	21/483	2/49	0	0	1.06522
SRX1353402	TFs and others	CTCF	Kidney	293	22098	21/483	2/49	0	0	1.06522
SRX151229	TFs and others	SMC1A	Blood	Lymphoblastoid cells	7704	42/483	4/49	0	0	1.06522
SRX1514970	TFs and others	GFP	Kidney	293	3126	21/483	2/49	0	0	1.06522
SRX1652877	TFs and others	POU2F2	Blood	BJAB	1667	21/483	2/49	0	0	1.06522
SRX1885195	TFs and others	PIAS1	Prostate	LNCAP	13937	21/483	2/49	0	0	1.06522
SRX212443	TFs and others	RUNX1	Blood	CD4+ T cells	455	21/483	2/49	0	0	1.06522
SRX2140209	TFs and others	HDAC3	Blood	MM.1S	1572	42/483	4/49	0	0	1.06522
SRX2245500	TFs and others	CEBPB	Blood	MV-4-11	18874	63/483	6/49	0	0	1.06522
SRX2642355	TFs and others	FOXA1	Prostate	22Rv1	10144	21/483	2/49	0	0	1.06522
SRX3394524	TFs and others	FLI1	Bone	A-673	27129	84/483	8/49	0	0	1.06522
SRX3422334	TFs and others	INSR	Liver	Hep G2	1394	21/483	2/49	0	0	1.06522
SRX3422339	TFs and others	INSR	Neural	SH-SY5Y	1099	21/483	2/49	0	0	1.06522
SRX3584303	TFs and others	RARA	Pluripotent stem cell	iPS derived chondrocytes	3235	21/483	2/49	0	0	1.06522
SRX3751769	TFs and others	BRD3	Adipocyte	LPS141	3205	84/483	8/49	0	0	1.06522
SRX3824041	TFs and others	SPI1	Blood	THP-1	56505	84/483	8/49	0	0	1.06522
SRX3837513	TFs and others	SRF	Blood	HEL	1925	21/483	2/49	0	0	1.06522
SRX3868796	TFs and others	REST	Digestive tract	Colorectal cancer organoid	7068	84/483	8/49	0	0	1.06522
SRX4096882	TFs and others	TRPS1	Breast	HCC3153	3686	21/483	2/49	0	0	1.06522
SRX4192882	TFs and others	JUNB	Breast	MCF 10A	26251	21/483	2/49	0	0	1.06522
SRX4786563	TFs and others	KMT2C	Breast	MCF-7	1812	42/483	4/49	0	0	1.06522
SRX5202983	TFs and others	FOXA1	Breast	MCF-7	45941	42/483	4/49	0	0	1.06522
SRX5203311	TFs and others	FOXA1	Breast	MCF-7	11363	21/483	2/49	0	0	1.06522
SRX5286324	TFs and others	NANOG	Pluripotent stem cell	ES cells	18930	21/483	2/49	0	0	1.06522
SRX5527659	TFs and others	ERG	Cardiovascular	HUVEC	6226	42/483	4/49	0	0	1.06522
SRX5577146	TFs and others	Epitope tags	Prostate	LNCAP	29945	84/483	8/49	0	0	1.06522
SRX5975310	TFs and others	CDK12	Bone	MG-63	772	21/483	2/49	0	0	1.06522
SRX6487051	TFs and others	FOXA1	Breast	MCF-7	5992	21/483	2/49	0	0	1.06522
SRX6957429	TFs and others	FOXL2	Gonad	KGN	5821	21/483	2/49	0	0	1.06522
SRX7262874	TFs and others	EP300	Breast	ZR-75-1	8783	21/483	2/49	0	0	1.06522
SRX8406486	TFs and others	FOXA1	Prostate	Prostate	4260	21/483	2/49	0	0	1.06522
SRX8512778	TFs and others	HSF1	Digestive tract	HCT 116	2677	21/483	2/49	0	0	1.06522
SRX8536093	TFs and others	GATA2	Blood	CD34+	4451	21/483	2/49	0	0	1.06522
SRX8536094	TFs and others	GATA2	Blood	CD34+	3471	21/483	2/49	0	0	1.06522
SRX8602209	TFs and others	IRF4	Blood	U-266	3597	84/483	8/49	0	0	1.06522
SRX8616832	TFs and others	FOSL2	Lung	A549	15092	84/483	8/49	0	0	1.06522
SRX9604649	TFs and others	FOXA1	Prostate	LNCAP	79369	105/483	10/49	0	0	1.06522
SRX150598	TFs and others	CEBPB	Lung	IMR-90	72022	115/483	11/49	0	0	1.06061
SRX356665	TFs and others	STAG1	Blood	GM19238	33323	115/483	11/49	0	0	1.06061
SRX8119677	TFs and others	SMARCA2	Others	MeT-5A	40107	115/483	11/49	0	0	1.06061
SRX1136730	TFs and others	JUND	Epidermis	Melanoma	3185	73/483	7/49	0	0	1.05797
SRX150653	TFs and others	TBL1XR1	Blood	K-562	8709	73/483	7/49	0	0	1.05797
SRX8616837	TFs and others	FOSL2	Lung	A549	13286	73/483	7/49	0	0	1.05797
SRX028642	TFs and others	NR2C2	Uterus	HeLa	1178	52/483	5/49	0	0	1.05507
SRX100497	TFs and others	RXRA	Liver	Hep G2	13101	52/483	5/49	0	0	1.05507
SRX100553	TFs and others	ATF3	Blood	GM12878	2338	52/483	5/49	0	0	1.05507
SRX2900150	TFs and others	KMT2C	Breast	CAL-51	2059	52/483	5/49	0	0	1.05507
SRX4179961	TFs and others	Epitope tags	Pancreas	SUIT-2	33313	104/483	10/49	0	0	1.05507
SRX4815192	TFs and others	TLE3	Breast	MCF-7	35126	52/483	5/49	0	0	1.05507
SRX673747	TFs and others	MED1	Breast	MCF-7	1581	52/483	5/49	0	0	1.05507
SRX8970969	TFs and others	MAML1	Others	Squamous cell carcinoma 	26604	104/483	10/49	0	0	1.05507
SRX4824367	TFs and others	BRD4	Prostate	22Rv1	7376	135/483	13/49	0	0	1.05351
SRX5089498	TFs and others	HDAC1	Breast	MCF-7	5499	135/483	13/49	0	0	1.05351
SRX356806	TFs and others	STAG1	Blood	MS1	23506	83/483	8/49	0	0	1.05254
SRX3931057	TFs and others	GRHL2	Breast	MCF-7	24802	83/483	8/49	0	0	1.05254
SRX448946	TFs and others	BRD4	Blood	KOPT-K1	5381	83/483	8/49	0	0	1.05254
SRX019520	TFs and others	PPARG	Adipocyte	Adipose stromal cell	7633	31/483	3/49	0	0	1.04831
SRX10045340	TFs and others	BAP1	Breast	CAL-51	810	31/483	3/49	0	0	1.04831
SRX11220464	TFs and others	TRIM28	Digestive tract	HT-29	4320	31/483	3/49	0	0	1.04831
SRX1143681	TFs and others	TP63	Breast	MCF10DCIS.com	13703	31/483	3/49	0	0	1.04831
SRX1156476	TFs and others	GATA3	Breast	MDA-MB-231	18230	31/483	3/49	0	0	1.04831
SRX1161189	TFs and others	FOXA1	Breast	ZR-75-1	40148	62/483	6/49	0	0	1.04831
SRX1334496	TFs and others	MYC	Prostate	LNCAP	2998	62/483	6/49	0	0	1.04831
SRX190174	TFs and others	JUND	Breast	T-47D	5212	31/483	3/49	0	0	1.04831
SRX190299	TFs and others	SPI1	Blood	HL-60	56026	124/483	12/49	0	0	1.04831
SRX2020838	TFs and others	STAT3	Breast	MDA-MB-157	5250	31/483	3/49	0	0	1.04831
SRX2194235	TFs and others	MED1	Breast	SUM 159PT	2768	31/483	3/49	0	0	1.04831
SRX2881001	TFs and others	ESR1	Breast	MCF-7	16798	62/483	6/49	0	0	1.04831
SRX2944445	TFs and others	MYC	Breast	MCF 10A	4847	93/483	9/49	0	0	1.04831
SRX3110778	TFs and others	Epitope tags	Uterus	HeLa	30566	31/483	3/49	0	0	1.04831
SRX3124392	TFs and others	BRD4	Neural	KELLY	9378	93/483	9/49	0	0	1.04831
SRX4001763	TFs and others	RAD21	Blood	Macrophages	23813	31/483	3/49	0	0	1.04831
SRX5202981	TFs and others	FOXA1	Breast	MCF-7	10528	31/483	3/49	0	0	1.04831
SRX5251431	TFs and others	ESR1	Breast	T-47D	3385	31/483	3/49	0	0	1.04831
SRX5514039	TFs and others	MED12	Uterus	Myometrium	1147	31/483	3/49	0	0	1.04831
SRX5574342	TFs and others	SPI1	Blood	Monocytes	31990	93/483	9/49	0	0	1.04831
SRX5574446	TFs and others	SPI1	Blood	CTV-1	36010	62/483	6/49	0	0	1.04831
SRX6027699	TFs and others	ESR1	Uterus	Ishikawa	3619	31/483	3/49	0	0	1.04831
SRX6101127	TFs and others	NANOG	Pluripotent stem cell	hESC H9	22852	31/483	3/49	0	0	1.04831
SRX6175632	TFs and others	STAG1	Bone	TC-71	28535	31/483	3/49	0	0	1.04831
SRX6748229	TFs and others	TET2	Prostate	Prostate cancer	1942	62/483	6/49	0	0	1.04831
SRX6949259	TFs and others	Epitope tags	Uterus	HeLa	30578	31/483	3/49	0	0	1.04831
SRX7712495	TFs and others	HIF1A	Lung	A549	918	31/483	3/49	0	0	1.04831
SRX9419949	TFs and others	FOXA1	Breast	SK-BR-3	42297	93/483	9/49	0	0	1.04831
SRX9867031	TFs and others	CTCF	Blood	CD8+ T cells	13630	93/483	9/49	0	0	1.04831
SRX3230381	TFs and others	ERF	Liver	Hep G2	6395	134/483	13/49	0	0	1.04571
SRX5574499	TFs and others	SPI1	Blood	CTV-1	14011	103/483	10/49	0	0	1.04493
SRX7141989	TFs and others	O-GlcNAc	Adipocyte	Adipocytes	4052	103/483	10/49	0	0	1.04493
SRX1457801	TFs and others	GFP	Uterus	HeLa	2281	72/483	7/49	0	0	1.04348
SRX475797	TFs and others	ZBTB33	Blood	GM12878	2462	72/483	7/49	0	0	1.04348
SRX8418557	TFs and others	AFF1	Blood	Bone Marrow Cells	6243	72/483	7/49	0	0	1.04348
SRX9556503	TFs and others	GATA3	Breast	MDA-MB-231	17166	72/483	7/49	0	0	1.04348
SRX4001821	TFs and others	SPI1	Blood	Macrophages	66619	113/483	11/49	0	0	1.04216
SRX769726	TFs and others	SUMO2	Prostate	VCaP	13339	113/483	11/49	0	0	1.04216
SRX10382400	TFs and others	QSER1	Pluripotent stem cell	hESC H1	12384	82/483	8/49	0	0	1.03986
SRX11705916	TFs and others	MYCN	Neural	SK-N-BE(2)	3974	123/483	12/49	0	0	1.03986
SRX1469954	TFs and others	ESR1	Breast	T-47D	3929	41/483	4/49	0	0	1.03986
SRX1961161	TFs and others	ESR1	Breast	T-47D	4445	41/483	4/49	0	0	1.03986
SRX2017929	TFs and others	FOXA1	Prostate	LNCAP	97177	82/483	8/49	0	0	1.03986
SRX2382329	TFs and others	EBF3	Neural	SK-N-SH	25303	82/483	8/49	0	0	1.03986
SRX3927334	TFs and others	ONECUT2	Digestive tract	MKN-74	67686	82/483	8/49	0	0	1.03986
SRX4572976	TFs and others	HLF	Liver	Hep G2	32251	82/483	8/49	0	0	1.03986
SRX5323820	TFs and others	STAT3	Breast	T-47D	4190	82/483	8/49	0	0	1.03986
SRX5577159	TFs and others	AR	Prostate	LNCAP	1287	41/483	4/49	0	0	1.03986
SRX6957484	TFs and others	FOXL2	Kidney	HGrC1	12935	41/483	4/49	0	0	1.03986
SRX7214027	TFs and others	CREBBP	Epidermis	Keratinocytes	6617	41/483	4/49	0	0	1.03986
SRX8406324	TFs and others	HOXB13	Prostate	Prostatic Neoplasms, Castration-Resistant	23427	82/483	8/49	0	0	1.03986
SRX850667	TFs and others	BCL6	Blood	CD4+ T cells	3934	82/483	8/49	0	0	1.03986
SRX1690216	TFs and others	MYCN	Neural	Neuroblastoma	10672	174/483	17/49	0	0	1.03836
SRX2145569	TFs and others	RUNX2	Breast	MCF-7	16678	174/483	17/49	0	0	1.03836
SRX5360661	TFs and others	KLF4	Epidermis	BJ	16236	174/483	17/49	0	0	1.03836
SRX9912225	TFs and others	SREBF2	Digestive tract	HCT 116	2056	92/483	9/49	0	0	1.03704
SRX1136738	TFs and others	JUND	Epidermis	Melanoma	4122	143/483	14/49	0	0	1.03623
SRX1116524	TFs and others	ESR1	Breast	MCF-7	6560	51/483	5/49	0	0	1.03478
SRX1653204	TFs and others	NR4A1	Blood	Kasumi-1	12460	51/483	5/49	0	0	1.03478
SRX204408	TFs and others	BRD4	Blood	P493-6	4382	51/483	5/49	0	0	1.03478
SRX5007090	TFs and others	BCL11B	Blood	PBMC	2221	51/483	5/49	0	0	1.03478
SRX5341940	TFs and others	Epitope tags	Muscle	Rhabdomyosarcoma	3533	51/483	5/49	0	0	1.03478
SRX5346119	TFs and others	MYC	Blood	RAMOS	4707	102/483	10/49	0	0	1.03478
SRX5447475	TFs and others	Epitope tags	Pluripotent stem cell	iPS cells	1517	51/483	5/49	0	0	1.03478
SRX5574392	TFs and others	SPI1	Blood	THP-1	76189	102/483	10/49	0	0	1.03478
SRX5574452	TFs and others	SPI1	Blood	CTV-1	23749	51/483	5/49	0	0	1.03478
SRX5574506	TFs and others	SPI1	Blood	CTV-1	23802	102/483	10/49	0	0	1.03478
SRX5821023	TFs and others	CTCF	Blood	CD34 Hematopoietic stem cells	29158	153/483	15/49	0	0	1.03478
SRX6858250	TFs and others	HSF1	Breast	MCF-7	15886	51/483	5/49	0	0	1.03478
SRX8520795	TFs and others	STAT3	Breast	HCC70	6644	51/483	5/49	0	0	1.03478
SRX4017892	TFs and others	TCF7	Breast	MCF 10A	15558	163/483	16/49	0	0	1.03351
SRX190293	TFs and others	NR2F2	Breast	MCF-7	26508	112/483	11/49	0	0	1.03294
SRX2339191	TFs and others	CREBBP	Blood	B cells	10736	112/483	11/49	0	0	1.03294
SRX4708023	TFs and others	HNRNPL	Liver	Hep G2	9140	112/483	11/49	0	0	1.03294
SRX5323822	TFs and others	STAT3	Breast	T-47D	6841	112/483	11/49	0	0	1.03294
SRX747572	TFs and others	RUNX1T1	Blood	Kasumi-1	15203	112/483	11/49	0	0	1.03294
SRX11094527	TFs and others	FLI1	Bone	EW-24	41143	61/483	6/49	0	0	1.0314
SRX190255	TFs and others	ZBTB33	Neural	SK-N-SH	5904	122/483	12/49	0	0	1.0314
SRX259612	TFs and others	RUNX1	Blood	Kasumi-1	6822	61/483	6/49	0	0	1.0314
SRX316367	TFs and others	SUMO2	Kidney	293	22196	122/483	12/49	0	0	1.0314
SRX5574370	TFs and others	SPI1	Blood	Dendritic Cells	64341	122/483	12/49	0	0	1.0314
SRX682384	TFs and others	RUNX1	Blood	TSU-1621MT	34054	183/483	18/49	0	0	1.0314
SRX9419950	TFs and others	FOXA1	Breast	SK-BR-3	44087	122/483	12/49	0	0	1.0314
SRX11399797	TFs and others	HDAC1	Lung	NCI-H1963	6864	193/483	19/49	0	0	1.03051
SRX9779519	TFs and others	HDAC1	Lung	NCI-H1963	6872	193/483	19/49	0	0	1.03051
SRX316369	TFs and others	SUMO2	Kidney	293	18470	132/483	13/49	0	0	1.0301
SRX8037079	TFs and others	KLF5	Digestive tract	HT-55	13759	203/483	20/49	0	0	1.02971
DRX300417	TFs and others	MEAF6	Kidney	293	11185	71/483	7/49	0	0	1.02899
SRX2778387	TFs and others	YY1	Blood	Lymphoblastoid cell line	2389	71/483	7/49	0	0	1.02899
SRX4484984	TFs and others	SPI1	Blood	SEM	37198	71/483	7/49	0	0	1.02899
SRX9556500	TFs and others	GATA3	Breast	MDA-MB-231	15385	71/483	7/49	0	0	1.02899
SRX9604646	TFs and others	FOXA1	Prostate	LNCAP	79653	71/483	7/49	0	0	1.02899
SRX356559	TFs and others	STAG1	Blood	Lymphoblastoid cell line	33391	162/483	16/49	0	0	1.02717
SRX6441753	TFs and others	FOXA2	Pancreas	CFPAC-1	31629	81/483	8/49	0	0	1.02717
SRX7944505	TFs and others	ESR1	Uterus	Ishikawa	7806	81/483	8/49	0	0	1.02717
SRX8082232	TFs and others	BRD4	Epidermis	Keratinocytes	5590	81/483	8/49	0	0	1.02717
SRX968962	TFs and others	ESR1	Breast	MCF-7	3464	81/483	8/49	0	0	1.02717
SRX2009507	TFs and others	BRD2	Neural	SF8628	8466	172/483	17/49	0	0	1.02643
SRX356687	TFs and others	STAG1	Blood	GM19239	29621	91/483	9/49	0	0	1.02576
SRX1539275	TFs and others	MYC	Blood	P493-6	10570	192/483	19/49	0	0	1.02517
SRX190338	TFs and others	SIN3A	Lung	A549	4499	101/483	10/49	0	0	1.02464
SRX054572	TFs and others	Epitope tags	Breast	MCF-7	6574	212/483	21/49	0	0	1.02415
SRX150518	TFs and others	RCOR1	Blood	K-562	34820	212/483	21/49	0	0	1.02415
SRX327756	TFs and others	MED1	Blood	MM.1S	14887	222/483	22/49	0	0	1.02372
SRX7114558	TFs and others	Epitope tags	Breast	MCF-7	35142	111/483	11/49	0	0	1.02372
SRX3472378	TFs and others	TP53BP1	Pluripotent stem cell	hESC H9	3170	121/483	12/49	0	0	1.02295
SRX1287854	TFs and others	BRD4	Blood	MOLM-14	10216	131/483	13/49	0	0	1.0223
SRX150584	TFs and others	IRF1	Blood	K-562	8398	141/483	14/49	0	0	1.02174
SRX5089500	TFs and others	HDAC1	Breast	MCF-7	6133	141/483	14/49	0	0	1.02174
SRX1998422	TFs and others	MYOD1	Muscle	Rhabdomyosarcoma	23066	151/483	15/49	0	0	1.02126
SRX2055844	TFs and others	EP300	Kidney	Renal cell carcinoma	17509	161/483	16/49	0	0	1.02083
SRX4001819	TFs and others	SPI1	Blood	Macrophages	95501	161/483	16/49	0	0	1.02083
SRX4374904	TFs and others	RBPJ	Breast	MB 157	3916	161/483	16/49	0	0	1.02083
SRX9029209	TFs and others	SPI1	Blood	Neutrophils	33200	171/483	17/49	0	0	1.02046
SRX7054619	TFs and others	RELA	Cardiovascular	HAEC	24325	181/483	18/49	0	0	1.02013
SRX9498734	TFs and others	GTF2A2	Blood	K-562	3567	181/483	18/49	0	0	1.02013
SRX100540	TFs and others	EP300	Neural	SK-N-SH	49529	191/483	19/49	0	0	1.01983
SRX019521	TFs and others	PPARG	Adipocyte	Adipose stromal cell	4071	20/483	2/49	0	0	1.01449
SRX023656	TFs and others	CCDC101	Uterus	HeLa	748	20/483	2/49	0	0	1.01449
SRX029085	TFs and others	RUNX1	Blood	K-562	4117	30/483	3/49	0	0	1.01449
SRX040560	TFs and others	LIN9	Uterus	HeLa	387	10/483	1/49	0	0	1.01449
SRX055346	TFs and others	CBX3	Digestive tract	HCT 116	534	10/483	1/49	0	0	1.01449
SRX083220	TFs and others	FOXA1	Prostate	LNCAP	4447	10/483	1/49	0	0	1.01449
SRX10045337	TFs and others	ASXL1	Breast	CAL-51	1371	40/483	4/49	0	0	1.01449
SRX100467	TFs and others	ESR1	Uterus	ECC-1	12640	70/483	7/49	0	0	1.01449
SRX10119143	TFs and others	CREB1	Blood	MV-4-11	963	30/483	3/49	0	0	1.01449
SRX10119153	TFs and others	CREB1	Blood	MV-4-11	1990	80/483	8/49	0	0	1.01449
SRX10119380	TFs and others	STAT3	Breast	MCF 10A	5508	50/483	5/49	0	0	1.01449
SRX10119388	TFs and others	YAP1	Breast	MDA-MB-231	16604	40/483	4/49	0	0	1.01449
SRX1012623	TFs and others	PGR	Breast	T-47D	19389	30/483	3/49	0	0	1.01449
SRX1012695	TFs and others	PGR	Breast	MCF-7	618	10/483	1/49	0	0	1.01449
SRX102997	TFs and others	MYC	Cardiovascular	HUVEC	4366	70/483	7/49	0	0	1.01449
SRX10913942	TFs and others	SP1	Epidermis	Dermal fibroblast	4234	230/483	23/49	0	0	1.01449
SRX111320	TFs and others	HOXC9	Neural	BE(2)-C	7613	20/483	2/49	0	0	1.01449
SRX1156479	TFs and others	GATA3	Breast	MDA-MB-231	14794	30/483	3/49	0	0	1.01449
SRX12118507	TFs and others	POU2F2	Blood	B cells	3178	30/483	3/49	0	0	1.01449
SRX1261519	TFs and others	GATA2	Blood	TF-1	15828	30/483	3/49	0	0	1.01449
SRX1261521	TFs and others	RUNX1	Blood	TF-1	230	10/483	1/49	0	0	1.01449
SRX1514916	TFs and others	GFP	Kidney	293	7514	50/483	5/49	0	0	1.01449
SRX1569774	TFs and others	FOXA1	Prostate	VCaP	5224	20/483	2/49	0	0	1.01449
SRX1597600	TFs and others	STAT3	Others	FaDu	958	50/483	5/49	0	0	1.01449
SRX160843	TFs and others	GATA1	Blood	CD34+	7379	70/483	7/49	0	0	1.01449
SRX1709984	TFs and others	ESR1	Breast	T-47D	528	20/483	2/49	0	0	1.01449
SRX1733713	TFs and others	ESR1	Breast	MCF-7	2567	30/483	3/49	0	0	1.01449
SRX1733715	TFs and others	ESR1	Breast	MCF-7	1556	30/483	3/49	0	0	1.01449
SRX1745738	TFs and others	ESR1	Uterus	Endometrial Stromal Tumors	5213	50/483	5/49	0	0	1.01449
SRX1758524	TFs and others	Epitope tags	Breast	MCF-7	1587	90/483	9/49	0	0	1.01449
SRX1842781	TFs and others	MYCN	Neural	Neuroblastoma	338	10/483	1/49	0	0	1.01449
SRX185915	TFs and others	FOXM1	Breast	MCF-7	184	10/483	1/49	0	0	1.01449
SRX186607	TFs and others	ZNF384	Blood	GM12878	9160	30/483	3/49	0	0	1.01449
SRX1878943	TFs and others	BRD4	Others	Fibroblasts	1438	10/483	1/49	0	0	1.01449
SRX190265	TFs and others	ZEB1	Liver	Hep G2	11232	160/483	16/49	0	0	1.01449
SRX190268	TFs and others	TAF1	Lung	A549	7674	280/483	28/49	0	0	1.01449
SRX190351	TFs and others	TEAD4	Blood	K-562	34673	170/483	17/49	0	0	1.01449
SRX2164790	TFs and others	SPDEF	Lung	A549	296	20/483	2/49	0	0	1.01449
SRX2194283	TFs and others	BRD4	Breast	SUM 159PT	19859	200/483	20/49	0	0	1.01449
SRX2436022	TFs and others	OTX2	Neural	D283 Med	51380	20/483	2/49	0	0	1.01449
SRX2481499	TFs and others	GATA1	Blood	Erythroid Precursor Cells	37002	140/483	14/49	0	0	1.01449
SRX2585780	TFs and others	MYC	Breast	MDA-MB-231	2328	50/483	5/49	0	0	1.01449
SRX265239	TFs and others	MYH11	Blood	U-937	8318	200/483	20/49	0	0	1.01449
SRX2671522	TFs and others	Epitope tags	Kidney	293	792	20/483	2/49	0	0	1.01449
SRX2778383	TFs and others	YY1	Blood	Lymphoblastoid cell line	1598	50/483	5/49	0	0	1.01449
SRX2900586	TFs and others	NR3C1	Blood	THP-1	5631	10/483	1/49	0	0	1.01449
SRX3110709	TFs and others	ESR1	Breast	MCF-7	498	20/483	2/49	0	0	1.01449
SRX3110714	TFs and others	ESR1	Breast	MCF-7	2929	30/483	3/49	0	0	1.01449
SRX3110773	TFs and others	SMC3	Uterus	HeLa	25107	50/483	5/49	0	0	1.01449
SRX3229124	TFs and others	FOXA1	Breast	Breast cancer	9597	20/483	2/49	0	0	1.01449
SRX3230399	TFs and others	RUVBL1	Liver	Hep G2	2110	60/483	6/49	0	0	1.01449
SRX327767	TFs and others	BRD4	Lung	NCI-H2171	6296	40/483	4/49	0	0	1.01449
SRX3324958	TFs and others	CREBBP	Lung	IMR-90	4933	20/483	2/49	0	0	1.01449
SRX3554410	TFs and others	CREB1	Breast	MDA-MB-134-VI	2418	40/483	4/49	0	0	1.01449
SRX356764	TFs and others	STAG1	Blood	Lymphoblastoid cell line	32465	90/483	9/49	0	0	1.01449
SRX3584306	TFs and others	RARA	Pluripotent stem cell	iPS derived chondrocytes	6197	20/483	2/49	0	0	1.01449
SRX359910	TFs and others	NFYA	Digestive tract	LoVo	2930	230/483	23/49	0	0	1.01449
SRX3789538	TFs and others	RUNX1	Blood	Acute myeloid leukemia	1261	110/483	11/49	0	0	1.01449
SRX3927303	TFs and others	SS18	Muscle	SYO-1	8837	120/483	12/49	0	0	1.01449
SRX3958389	TFs and others	WDR5	Breast	Breast cancer cells	992	20/483	2/49	0	0	1.01449
SRX4001906	TFs and others	RAD21	Blood	THP-1	21945	30/483	3/49	0	0	1.01449
SRX4001907	TFs and others	RAD21	Blood	THP-1	22044	30/483	3/49	0	0	1.01449
SRX4143074	TFs and others	TAF1	Blood	Kasumi-1	278	20/483	2/49	0	0	1.01449
SRX4313202	TFs and others	HDAC2	Muscle	RH-4	6626	60/483	6/49	0	0	1.01449
SRX433201	TFs and others	AR	Prostate	PC-3	39378	40/483	4/49	0	0	1.01449
SRX4343449	TFs and others	ARID4B	Prostate	PC-3	2059	60/483	6/49	0	0	1.01449
SRX4345359	TFs and others	NFATC2	Blood	CD4+ T cells	2128	30/483	3/49	0	0	1.01449
SRX4451217	TFs and others	ESR1	Breast	MCF-7	11273	30/483	3/49	0	0	1.01449
SRX475793	TFs and others	SPI1	Blood	GM12878	23557	70/483	7/49	0	0	1.01449
SRX475794	TFs and others	SPI1	Blood	GM12878	23939	40/483	4/49	0	0	1.01449
SRX488713	TFs and others	Epitope tags	Kidney	293	288	10/483	1/49	0	0	1.01449
SRX5089511	TFs and others	HDAC1	Breast	MCF-7	1053	30/483	3/49	0	0	1.01449
SRX5099496	TFs and others	STAT3	Blood	TMD8	1832	20/483	2/49	0	0	1.01449
SRX5124831	TFs and others	FOXA1	Prostate	LNCAP	9066	10/483	1/49	0	0	1.01449
SRX5232046	TFs and others	INSR	Liver	Hep G2	1786	30/483	3/49	0	0	1.01449
SRX5286326	TFs and others	NANOG	Pluripotent stem cell	hESC WIBR2	42120	50/483	5/49	0	0	1.01449
SRX5323813	TFs and others	ESR1	Breast	T-47D	4927	30/483	3/49	0	0	1.01449
SRX5323825	TFs and others	FOXA1	Breast	T-47D	8319	30/483	3/49	0	0	1.01449
SRX5493754	TFs and others	AR	Breast	Breast cancer cells	252	10/483	1/49	0	0	1.01449
SRX5574501	TFs and others	SMARCA4	Blood	CTV-1	15599	80/483	8/49	0	0	1.01449
SRX5716451	TFs and others	SOX2	Neural	Neural progenitor cells	1144	40/483	4/49	0	0	1.01449
SRX573038	TFs and others	ELL2	Uterus	HeLa	1256	30/483	3/49	0	0	1.01449
SRX595679	TFs and others	FOXA1	Prostate	VCaP	5189	20/483	2/49	0	0	1.01449
SRX6101128	TFs and others	SOX2	Pluripotent stem cell	hESC H9	5204	10/483	1/49	0	0	1.01449
SRX6175634	TFs and others	FLI1	Bone	TC-71	4712	20/483	2/49	0	0	1.01449
SRX6487035	TFs and others	FOXA1	Breast	MCF-7	3508	20/483	2/49	0	0	1.01449
SRX6487040	TFs and others	FOXA1	Breast	MCF-7	663	10/483	1/49	0	0	1.01449
SRX6487041	TFs and others	FOXA1	Breast	MCF-7	5592	20/483	2/49	0	0	1.01449
SRX6487048	TFs and others	FOXA1	Breast	MCF-7	4570	20/483	2/49	0	0	1.01449
SRX6487053	TFs and others	FOXA1	Breast	MCF-7	1126	10/483	1/49	0	0	1.01449
SRX6487065	TFs and others	FOXA1	Breast	MCF-7	1732	10/483	1/49	0	0	1.01449
SRX6780853	TFs and others	CREB1	Neural	Frontal cortex	1819	40/483	4/49	0	0	1.01449
SRX702071	TFs and others	ZFP42	Pluripotent stem cell	hESC derived mesendodermal cells	605	20/483	2/49	0	0	1.01449
SRX7054660	TFs and others	RELA	Cardiovascular	HAEC	3774	20/483	2/49	0	0	1.01449
SRX7054993	TFs and others	ERG	Cardiovascular	HAEC	1074	10/483	1/49	0	0	1.01449
SRX7223095	TFs and others	EGR1	Uterus	Endometrial stromal cells	2440	80/483	8/49	0	0	1.01449
SRX7262421	TFs and others	FOXA1	Others	Bladder cancer	4186	20/483	2/49	0	0	1.01449
SRX747792	TFs and others	FOXA1	Breast	MCF-7	7010	30/483	3/49	0	0	1.01449
SRX7522856	TFs and others	STAT3	Breast	MCF10DCIS.com	2671	20/483	2/49	0	0	1.01449
SRX7575886	TFs and others	MYC	Blood	RAJI	760	10/483	1/49	0	0	1.01449
SRX769725	TFs and others	SUMO2	Prostate	VCaP	2226	20/483	2/49	0	0	1.01449
SRX7865933	TFs and others	BRD4	Breast	MDA-MB-231	2079	30/483	3/49	0	0	1.01449
SRX7902022	TFs and others	POU5F1	Prostate	22Rv1	1834	70/483	7/49	0	0	1.01449
SRX7944499	TFs and others	ESR1	Uterus	Ishikawa	8520	70/483	7/49	0	0	1.01449
SRX8080543	TFs and others	Epitope tags	Breast	Mammary gland ductal carcinoma	2893	90/483	9/49	0	0	1.01449
SRX813773	TFs and others	RELA	Adipocyte	SGBS	5572	40/483	4/49	0	0	1.01449
SRX8299825	TFs and others	CTR9	Bone	U2OS	612	20/483	2/49	0	0	1.01449
SRX8406424	TFs and others	AR	Prostate	Prostate	11126	20/483	2/49	0	0	1.01449
SRX8512767	TFs and others	FOS	Digestive tract	HCT 116	4012	90/483	9/49	0	0	1.01449
SRX8512845	TFs and others	SMAD2	Digestive tract	HCT 116	4289	120/483	12/49	0	0	1.01449
SRX8520799	TFs and others	STAT3	Breast	MDA-MB-453	2783	30/483	3/49	0	0	1.01449
SRX858325	TFs and others	RUNX1T1	Blood	Kasumi-1	4713	30/483	3/49	0	0	1.01449
SRX8713992	TFs and others	SUZ12	Neural	Neural Stem Cells	648	20/483	2/49	0	0	1.01449
SRX8803196	TFs and others	MYC	Breast	MCF-7	1238	30/483	3/49	0	0	1.01449
SRX8861817	TFs and others	ESR1	Breast	T-47D	10454	70/483	7/49	0	0	1.01449
SRX9498731	TFs and others	TBP	Blood	K-562	5074	190/483	19/49	0	0	1.01449
SRX9599280	TFs and others	REST	Uterus	HEC-1-B	5433	100/483	10/49	0	0	1.01449
SRX9674613	TFs and others	FOXO1	Muscle	Rh-4	3259	20/483	2/49	0	0	1.01449
SRX968417	TFs and others	HIF1A	Kidney	786-O	346	20/483	2/49	0	0	1.01449
SRX190343	TFs and others	PBX3	Neural	SK-N-SH	52071	329/483	33/49	0	0	1.01142
SRX10881806	TFs and others	PBRM1	Kidney	G-401	10235	289/483	29/49	0	0	1.01099
SRX8949796	TFs and others	ASCL1	Prostate	NCI-H660	31713	289/483	29/49	0	0	1.01099
SRX4377532	TFs and others	BRD4	Breast	MDA-MB-231	26528	269/483	27/49	0	0	1.01074
SRX4377555	TFs and others	BRD4	Breast	MDA-MB-231	26548	269/483	27/49	0	0	1.01074
SRX5705802	TFs and others	ETS1	Pluripotent stem cell	hESC derived cardiac cells	6388	269/483	27/49	0	0	1.01074
SRX4824369	TFs and others	BRD4	Prostate	22Rv1	11093	259/483	26/49	0	0	1.01059
SRX6665793	TFs and others	Epitope tags	Kidney	HK-2	5470	259/483	26/49	0	0	1.01059
SRX8616826	TFs and others	FOSL2	Lung	A549	22407	249/483	25/49	0	0	1.01043
SRX190202	TFs and others	TCF12	Lung	A549	19573	219/483	22/49	0	0	1.00988
SRX5821025	TFs and others	CTCF	Blood	CD34+	26706	219/483	22/49	0	0	1.00988
SRX10637290	TFs and others	KDM1A	Breast	MDA-MB-231	18552	189/483	19/49	0	0	1.00915
SRX1892837	TFs and others	ELF1	Digestive tract	COLO 320	6787	189/483	19/49	0	0	1.00915
SRX5668135	TFs and others	KMT2A	Blood	IMS-M2	2753	189/483	19/49	0	0	1.00915
SRX8299812	TFs and others	MYC	Bone	U2OS	11010	189/483	19/49	0	0	1.00915
SRX150627	TFs and others	MYC	Blood	K-562	30183	348/483	35/49	0	0	1.0087
SRX2043232	TFs and others	PBX1	Blood	RCH-ACV	23760	338/483	34/49	0	0	1.00853
SRX359894	TFs and others	HOXA6	Digestive tract	LoVo	6611	318/483	32/49	0	0	1.00815
SRX3285594	TFs and others	KDM5B	Breast	MCF-7	9112	149/483	15/49	0	0	1.00773
SRX8536119	TFs and others	NFYB	Blood	HUDEP-2	8252	298/483	30/49	0	0	1.00773
SRX2059876	TFs and others	TRIM28	Blood	BJAB	21875	288/483	29/49	0	0	1.0075
SRX2355078	TFs and others	RELA	Cardiovascular	HAEC	9316	258/483	26/49	0	0	1.00669
SRX5289962	TFs and others	NR3C1	Lung	BEAS-2B	33671	387/483	39/49	0	0	1.00669
SRX8037089	TFs and others	BRD4	Lung	HARA	22780	387/483	39/49	0	0	1.00669
SRX190209	TFs and others	YY1	Uterus	ECC-1	14453	248/483	25/49	0	0	1.00638
SRX10881854	TFs and others	ARID2	Kidney	G-401	3859	119/483	12/49	0	0	1.00604
SRX150383	TFs and others	TBP	Pluripotent stem cell	hESC H1	14211	357/483	36/49	0	0	1.00604
SRX1637463	TFs and others	BRD4	Blood	MOLT-4	23029	357/483	36/49	0	0	1.00604
SRX190189	TFs and others	TAF1	Uterus	ECC-1	11555	357/483	36/49	0	0	1.00604
SRX5323838	TFs and others	STAT3	Breast	T-47D	18790	238/483	24/49	0	0	1.00604
SRX5824594	TFs and others	BRD2	Breast	SUM 159PT	12347	347/483	35/49	0	0	1.0058
SRX3091912	TFs and others	ZFX	Digestive tract	HCT 116	9176	228/483	23/49	0	0	1.00567
SRX054574	TFs and others	Epitope tags	Breast	MCF-7	11571	327/483	33/49	0	0	1.00527
SRX059706	TFs and others	ERG	Prostate	VCaP	7178	109/483	11/49	0	0	1.00527
SRX4484980	TFs and others	FLI1	Blood	SEM	13411	109/483	11/49	0	0	1.00527
SRX5824566	TFs and others	BRD2	Breast	SUM 149PT	14559	317/483	32/49	0	0	1.00498
SRX3856992	TFs and others	JUN	Breast	MDA-MB-231	36561	416/483	42/49	0	0	1.00483
SRX1629255	TFs and others	ERG	Prostate	VCaP	3039	99/483	10/49	0	0	1.00435
SRX5289961	TFs and others	NR3C1	Lung	BEAS-2B	28926	396/483	40/49	0	0	1.00435
SRX3873725	TFs and others	MYC	Lung	SW 1271	38123	386/483	39/49	0	0	1.00409
SRX334246	TFs and others	E2F1	Unclassified	Unclassified	10415	356/483	36/49	0	0	1.00322
SRX3852897	TFs and others	NELFA	Blood	K-562	2088	89/483	9/49	0	0	1.00322
SRX5574457	TFs and others	SPI1	Blood	CTV-1	37594	89/483	9/49	0	0	1.00322
SRX6913100	TFs and others	BRD4	Blood	CD4+ T cells	7558	178/483	18/49	0	0	1.00322
SRX747574	TFs and others	EP300	Blood	Kasumi-1	8096	178/483	18/49	0	0	1.00322
SRX4708118	TFs and others	YY1	Liver	Hep G2	12461	346/483	35/49	0	0	1.0029
SRX3857000	TFs and others	CDKN1B	Breast	MDA-MB-231	29267	405/483	41/49	0	0	1.00212
SRX10059519	TFs and others	CEBPD	Others	Fibroblasts	29181	79/483	8/49	0	0	1.00181
SRX1212232	TFs and others	FOXA1	Prostate	LNCAP	53917	79/483	8/49	0	0	1.00181
SRX1514976	TFs and others	GFP	Kidney	293	8220	237/483	24/49	0	0	1.00181
SRX4374942	TFs and others	RBPJ	Breast	HCC1599	13661	395/483	40/49	0	0	1.00181
SRX8037085	TFs and others	BRD4	Lung	HARA	22477	385/483	39/49	0	0	1.00149
SRX6483138	TFs and others	SMARCA4	Neural	NGP	12235	306/483	31/49	0	0	1.0014
SRX1280452	TFs and others	NRF1	Breast	HCC1955	11004	296/483	30/49	0	0	1.00097
SRX356521	TFs and others	STAG1	Blood	GM12891	37439	148/483	15/49	0	0	1.00097
SRX9550932	TFs and others	FOXA1	Prostate	Prostate cancer	52017	148/483	15/49	0	0	1.00097
SRX150628	TFs and others	IRF1	Blood	K-562	9693	365/483	37/49	0	0	1.00078
SRX3472379	TFs and others	TP53BP1	Pluripotent stem cell	hESC H9	5979	217/483	22/49	0	0	1.00066
SRX7054670	TFs and others	RELA	Cardiovascular	HAEC	26005	217/483	22/49	0	0	1.00066
SRX150648	TFs and others	JUND	Blood	K-562	37934	286/483	29/49	0	0	1.0005
SRX3586367	TFs and others	RUNX1	Blood	Pre-B lymphoblast cells	19829	355/483	36/49	0	0	1.0004
SRX4065876	TFs and others	CTCF	Breast	MCF-7	35881	424/483	43/49	0	0	1.00034
SRX752907	TFs and others	CREB1	Prostate	LNCAP	16061	424/483	43/49	0	0	1.00034
SRX032596	TFs and others	YY1	Blood	CD4+ T cells	2450	69/483	7/49	0	0	1
SRX080151	TFs and others	MYC	Cardiovascular	HUVEC	4373	69/483	7/49	0	0	1
SRX103224	TFs and others	SPI1	Blood	THP-1	13687	69/483	7/49	0	0	1
SRX1280448	TFs and others	NRF1	Breast	HMEC	10790	276/483	28/49	0	0	1
SRX2055842	TFs and others	ETS1	Kidney	Renal cell carcinoma	9819	207/483	21/49	0	0	1
SRX367328	TFs and others	CDK9	Kidney	293	2376	69/483	7/49	0	0	1
SRX668348	TFs and others	GFP	Kidney	293	1610	69/483	7/49	0	0	1
SRX6910063	TFs and others	PGR	Uterus	Uterin leiomyoma	10813	69/483	7/49	0	0	1
SRX8080559	TFs and others	Epitope tags	Breast	Mammary gland adenocarcinoma	11761	69/483	7/49	0	0	1
SRX4374939	TFs and others	RBPJ	Breast	HCC1599	16857	404/483	41/49	0	0	0.999647
SRX8037076	TFs and others	KLF5	Lung	HARA	10215	197/483	20/49	0	0	0.999275
SRX236115	TFs and others	TCF3	Blood	Kasumi-1	35196	128/483	13/49	0	0	0.998885
SRX4046306	TFs and others	HCFC1	Blood	Erythroblasts	10450	384/483	39/49	0	0	0.998885
SRX656349	TFs and others	PBX1	Blood	ICN12	31875	187/483	19/49	0	0	0.998474
SRX2140207	TFs and others	HDAC1	Blood	MM.1S	17278	246/483	25/49	0	0	0.998261
SRX5821030	TFs and others	GATA1	Blood	CD34+	20184	305/483	31/49	0	0	0.99813
SRX095408	TFs and others	NCOA1	Breast	LY2	3188	59/483	6/49	0	0	0.997585
SRX1055107	TFs and others	Epitope tags	Kidney	293	4592	59/483	6/49	0	0	0.997585
SRX1161192	TFs and others	FOXA1	Breast	ZR-75-1	38978	59/483	6/49	0	0	0.997585
SRX204904	TFs and others	BRD4	Blood	MM.1S	3019	59/483	6/49	0	0	0.997585
SRX2585781	TFs and others	E2F1	Breast	MDA-MB-231	29852	413/483	42/49	0	0	0.997585
SRX327752	TFs and others	BRD4	Neural	U-87 MG	33845	236/483	24/49	0	0	0.997585
SRX4705115	TFs and others	CEBPA	Blood	U-937	87324	177/483	18/49	0	0	0.997585
SRX475751	TFs and others	EP300	Blood	GM12878	9404	59/483	6/49	0	0	0.997585
SRX5821024	TFs and others	CTCF	Blood	CD34+	27803	236/483	24/49	0	0	0.997585
SRX3857001	TFs and others	CDKN1B	Breast	MDA-MB-231	25604	403/483	41/49	0	0	0.997172
SRX4374940	TFs and others	RBPJ	Breast	HCC1599	16119	403/483	41/49	0	0	0.997172
SRX7115500	TFs and others	RBBP4	Muscle	RH-4	19056	285/483	29/49	0	0	0.997001
SRX2194261	TFs and others	BRD4	Breast	SUM 159PT	32249	324/483	33/49	0	0	0.996047
SRX2731653	TFs and others	HOXC5	Prostate	PC-3	16367	108/483	11/49	0	0	0.996047
SRX5574489	TFs and others	SMARCA4	Blood	CTV-1	12252	108/483	11/49	0	0	0.996047
SRX7055007	TFs and others	RELA	Cardiovascular	HAEC	43374	216/483	22/49	0	0	0.996047
SRX9419951	TFs and others	FOXA1	Breast	SK-BR-3	38999	108/483	11/49	0	0	0.996047
SRX4824368	TFs and others	BRD4	Prostate	22Rv1	20220	314/483	32/49	0	0	0.995471
SRX3856993	TFs and others	JUN	Breast	MDA-MB-231	33713	412/483	42/49	0	0	0.995169
SRX2194264	TFs and others	BRD4	Breast	SUM 159PT	35226	304/483	31/49	0	0	0.994857
SRX6910069	TFs and others	PGR	Uterus	Uterin leiomyoma	14368	304/483	31/49	0	0	0.994857
SRX5316104	TFs and others	O-GlcNAc	Prostate	LNCAP	9397	402/483	41/49	0	0	0.994698
SRX028638	TFs and others	NR2C2	Liver	Hep G2	1221	49/483	5/49	0	0	0.994203
SRX080392	TFs and others	CTCF	Uterus	HeLa	19744	49/483	5/49	0	0	0.994203
SRX100584	TFs and others	ESR1	Breast	T-47D	11319	49/483	5/49	0	0	0.994203
SRX1469950	TFs and others	ESR1	Breast	MCF-7	14282	49/483	5/49	0	0	0.994203
SRX204902	TFs and others	BRD4	Blood	MM.1S	12189	147/483	15/49	0	0	0.994203
SRX2194232	TFs and others	BRD4	Breast	SUM 159PT	12633	98/483	10/49	0	0	0.994203
SRX316368	TFs and others	SUMO2	Kidney	293	7209	49/483	5/49	0	0	0.994203
SRX330069	TFs and others	ESR1	Breast	MCF-7	22070	49/483	5/49	0	0	0.994203
SRX366167	TFs and others	SMAD3	Lung	NCI-H441	9860	49/483	5/49	0	0	0.994203
SRX5574453	TFs and others	SPI1	Blood	CTV-1	40532	98/483	10/49	0	0	0.994203
SRX6927199	TFs and others	THAP11	Kidney	293	2070	49/483	5/49	0	0	0.994203
SRX757326	TFs and others	YAP1	Lung	H2052	49213	49/483	5/49	0	0	0.994203
SRX7805362	TFs and others	ZNF711	Kidney	293	9566	245/483	25/49	0	0	0.994203
SRX895437	TFs and others	SUMO2	Prostate	VCaP	11098	147/483	15/49	0	0	0.994203
SRX895439	TFs and others	PIAS1	Prostate	VCaP	7050	49/483	5/49	0	0	0.994203
SRX1134743	TFs and others	BRD4	Blood	MV-4-11	13031	333/483	34/49	0	0	0.993606
SRX190226	TFs and others	TAF1	Neural	PFSK-1	9862	284/483	29/49	0	0	0.993503
SRX5574487	TFs and others	FLI1	Blood	CTV-1	24156	235/483	24/49	0	0	0.993357
SRX3856995	TFs and others	JUN	Breast	MDA-MB-231	47991	421/483	43/49	0	0	0.993259
SRX103444	TFs and others	BRD4	Blood	CD4+ T cells	5780	186/483	19/49	0	0	0.993135
SRX204903	TFs and others	BRD4	Blood	MM.1S	17953	186/483	19/49	0	0	0.993135
SRX219372	TFs and others	BRD4	Blood	MM.1S	16934	186/483	19/49	0	0	0.993135
SRX1787675	TFs and others	KMT2C	Breast	MCF-7	16443	137/483	14/49	0	0	0.992754
SRX334243	TFs and others	E2F1	Unclassified	Unclassified	6687	274/483	28/49	0	0	0.992754
SRX4815198	TFs and others	FOXA1	Breast	MCF-7	103211	137/483	14/49	0	0	0.992754
SRX100525	TFs and others	FOXP2	Neural	PFSK-1	3107	88/483	9/49	0	0	0.991948
SRX150597	TFs and others	MAX	Blood	GM12878	7543	176/483	18/49	0	0	0.991948
SRX190183	TFs and others	GATA3	Lung	A549	14128	88/483	9/49	0	0	0.991948
SRX4342285	TFs and others	AHR	Blood	GM17212	3566	176/483	18/49	0	0	0.991948
SRX5323816	TFs and others	STAT3	Breast	T-47D	4728	88/483	9/49	0	0	0.991948
SRX5360665	TFs and others	Epitope tags	Epidermis	BJ	83886	88/483	9/49	0	0	0.991948
SRX9867029	TFs and others	CTCF	Blood	CD4+ T cells	20189	176/483	18/49	0	0	0.991948
SRX1036365	TFs and others	RUNX1	Blood	Peripheral blood stem cells	17551	391/483	40/49	0	0	0.991667
SRX2555289	TFs and others	HAND2	Neural	BE(2)-C	38928	215/483	22/49	0	0	0.991436
SRX8380464	TFs and others	BRD4	Uterus	HeLa	35757	430/483	44/49	0	0	0.991436
SRX100559	TFs and others	GATA3	Breast	T-47D	37640	127/483	13/49	0	0	0.991081
SRX366794	TFs and others	BRD3	Blood	MM.1S	3376	127/483	13/49	0	0	0.991081
SRX5931551	TFs and others	GATA1	Blood	HUDEP-2	23723	127/483	13/49	0	0	0.991081
SRX6384755	TFs and others	MED26	Digestive tract	HCT 116	19104	410/483	42/49	0	0	0.990338
SRX8090642	TFs and others	BRD2	Others	Synoviocytes	8311	244/483	25/49	0	0	0.990145
SRX7030928	TFs and others	NELFA	Breast	MCF-7	13756	400/483	41/49	0	0	0.989749
SRX014782	TFs and others	RARA	Blood	UPR9	5773	39/483	4/49	0	0	0.98913
SRX028632	TFs and others	TFAP2C	Breast	MCF-7	13033	117/483	12/49	0	0	0.98913
SRX080328	TFs and others	CTCF	Breast	HMF	31711	39/483	4/49	0	0	0.98913
SRX150630	TFs and others	STAT3	Breast	MCF 10A	29238	78/483	8/49	0	0	0.98913
SRX190317	TFs and others	TCF12	Breast	MCF-7	5143	39/483	4/49	0	0	0.98913
SRX3031988	TFs and others	BRD4	Blood	MV-4-11	18714	234/483	24/49	0	0	0.98913
SRX3394523	TFs and others	FLI1	Bone	A-673	28773	78/483	8/49	0	0	0.98913
SRX3824042	TFs and others	SPI1	Blood	THP-1	46324	117/483	12/49	0	0	0.98913
SRX3934088	TFs and others	INTS13	Blood	Jurkat	9035	234/483	24/49	0	0	0.98913
SRX4411667	TFs and others	MYC	Prostate	LNCAP	7536	39/483	4/49	0	0	0.98913
SRX7135366	TFs and others	BRD3	Blood	K-562	612	39/483	4/49	0	0	0.98913
SRX8037080	TFs and others	KLF5	Digestive tract	KATO III	1863	39/483	4/49	0	0	0.98913
SRX9317688	TFs and others	SMARCC2	Blood	Fujioka	4328	39/483	4/49	0	0	0.98913
SRX1637465	TFs and others	BRD4	Blood	MOLT-4	14897	224/483	23/49	0	0	0.988028
SRX9932059	TFs and others	STAT5A	Breast	MCF-7	3585	224/483	23/49	0	0	0.988028
SRX2922227	TFs and others	ESR1	Breast	MCF-7	4974	146/483	15/49	0	0	0.98744
SRX9419959	TFs and others	MED1	Breast	SK-BR-3	10187	146/483	15/49	0	0	0.98744
SRX5757570	TFs and others	SMAD3	Breast	WHIM12	15711	399/483	41/49	0	0	0.987275
SRX4404396	TFs and others	MYCN	Prostate	LNCAP	4830	107/483	11/49	0	0	0.986825
SRX5405696	TFs and others	TFAP2C	Breast	SK-BR-3	40533	282/483	29/49	0	0	0.986507
SRX3856997	TFs and others	JUN	Breast	MDA-MB-231	34692	418/483	43/49	0	0	0.986181
SRX150508	TFs and others	NFYB	Blood	K-562	12529	243/483	25/49	0	0	0.986087
SRX725586	TFs and others	MYB	Blood	T-ALL	20943	243/483	25/49	0	0	0.986087
ERX470433	TFs and others	NRIP1	Breast	MCF-7	10224	68/483	7/49	0	0	0.985507
SRX097580	TFs and others	FOXP1	Pluripotent stem cell	hESC H9	3529	68/483	7/49	0	0	0.985507
SRX1058475	TFs and others	MAX	Epidermis	MKL-1	43170	408/483	42/49	0	0	0.985507
SRX2194278	TFs and others	BRD4	Breast	SUM 159PT	39294	301/483	31/49	0	0	0.98504
SRX7054671	TFs and others	RELA	Cardiovascular	HAEC	33700	301/483	31/49	0	0	0.98504
SRX190319	TFs and others	MAX	Breast	MCF-7	32768	398/483	41/49	0	0	0.9848
SRX475760	TFs and others	GABPA	Blood	GM12878	5032	165/483	17/49	0	0	0.984655
SRX100429	TFs and others	SPI1	Blood	K-562	24448	97/483	10/49	0	0	0.984058
SRX1799593	TFs and others	TBX21	Blood	Th1 Cells	36124	388/483	40/49	0	0	0.984058
SRX3230407	TFs and others	ZBTB21	Liver	Hep G2	6163	97/483	10/49	0	0	0.984058
SRX8037088	TFs and others	BRD4	Lung	HARA	24967	388/483	40/49	0	0	0.984058
SRX8536121	TFs and others	NFYB	Blood	HUDEP-2	6206	291/483	30/49	0	0	0.984058
SRX8706940	TFs and others	E2F1	Prostate	C4-2	12720	388/483	40/49	0	0	0.984058
SRX9419961	TFs and others	MED1	Breast	SK-BR-3	15490	194/483	20/49	0	0	0.984058
SRX306181	TFs and others	ICE1	Digestive tract	HCT 116	6629	126/483	13/49	0	0	0.983278
SRX4193149	TFs and others	ESR1	Breast	MCF-7	5834	126/483	13/49	0	0	0.983278
SRX7054668	TFs and others	RELA	Cardiovascular	HAEC	11424	126/483	13/49	0	0	0.983278
SRX3433644	TFs and others	USP7	Blood	CUTLL1	22404	407/483	42/49	0	0	0.983092
SRX6384756	TFs and others	MED26	Digestive tract	HCT 116	17745	407/483	42/49	0	0	0.983092
SRX10881807	TFs and others	PBRM1	Others	BT-16	7701	281/483	29/49	0	0	0.983008
SRX7054614	TFs and others	RELA	Cardiovascular	HAEC	32810	281/483	29/49	0	0	0.983008
SRX2194277	TFs and others	BRD4	Breast	SUM 159PT	26419	310/483	32/49	0	0	0.98279
SRX971780	TFs and others	KMT2D	Blood	OCI-LY-7	20210	397/483	41/49	0	0	0.982326
SRX3345956	TFs and others	INTS13	Blood	HL-60	11770	300/483	31/49	0	0	0.981767
SRX2194275	TFs and others	BRD4	Breast	SUM 159PT	27747	329/483	34/49	0	0	0.981671
SRX752909	TFs and others	CREB1	Prostate	LNCAP	12469	387/483	40/49	0	0	0.981522
SRX028589	TFs and others	SETDB1	Blood	K-562	1092	29/483	3/49	0	0	0.980676
SRX100474	TFs and others	USF1	Lung	A549	7793	116/483	12/49	0	0	0.980676
SRX10365542	TFs and others	RAC1	Breast	MCF-7	7411	29/483	3/49	0	0	0.980676
SRX1156477	TFs and others	GATA3	Breast	MDA-MB-231	17056	29/483	3/49	0	0	0.980676
SRX1165108	TFs and others	Epitope tags	Breast	MCF-7	38500	58/483	6/49	0	0	0.980676
SRX150549	TFs and others	STAT2	Blood	K-562	1700	29/483	3/49	0	0	0.980676
SRX1721490	TFs and others	ETV1	Epidermis	COLO 800	11880	58/483	6/49	0	0	0.980676
SRX2770860	TFs and others	SMC1A	Blood	Macrophages	20664	29/483	3/49	0	0	0.980676
SRX3342252	TFs and others	HIF1A	Prostate	PC-3	935	29/483	3/49	0	0	0.980676
SRX3410396	TFs and others	RNF2	Breast	T-47D	2287	29/483	3/49	0	0	0.980676
SRX369138	TFs and others	EP300	Blood	CUTLL1	7940	58/483	6/49	0	0	0.980676
SRX3923525	TFs and others	FOXA1	Breast	ZR-75-1	19010	29/483	3/49	0	0	0.980676
SRX3927304	TFs and others	BRD9	Muscle	SYO-1	2962	29/483	3/49	0	0	0.980676
SRX398291	TFs and others	BRD4	Blood	OCI-LY1	9757	145/483	15/49	0	0	0.980676
SRX4174974	TFs and others	PPARG	Adipocyte	Adipocytes	8006	29/483	3/49	0	0	0.980676
SRX4374941	TFs and others	RBPJ	Breast	HCC1599	15498	406/483	42/49	0	0	0.980676
SRX4417525	TFs and others	BRD4	Pluripotent stem cell	hESC derived neural cells	3950	232/483	24/49	0	0	0.980676
SRX5203307	TFs and others	FOXA1	Breast	MCF-7	15436	29/483	3/49	0	0	0.980676
SRX5323898	TFs and others	STAT3	Breast	T-47D	32556	290/483	30/49	0	0	0.980676
SRX5444520	TFs and others	KMT2A	Blood	MOLM-13	1023	58/483	6/49	0	0	0.980676
SRX5574344	TFs and others	SPI1	Blood	Monocytes	13648	58/483	6/49	0	0	0.980676
SRX5661979	TFs and others	VDR	Kidney	Kidney Cortex	1918	87/483	9/49	0	0	0.980676
SRX6054277	TFs and others	HDAC4	Uterus	SK-UT-1	1981	29/483	3/49	0	0	0.980676
SRX6101126	TFs and others	NANOG	Pluripotent stem cell	hESC H9	21432	29/483	3/49	0	0	0.980676
SRX6909701	TFs and others	RUNX1	Blood	697	43140	290/483	30/49	0	0	0.980676
SRX734338	TFs and others	CHD8	Breast	T-47D	704	29/483	3/49	0	0	0.980676
SRX7700193	TFs and others	TP63	Breast	MCF10DCIS.com	13810	58/483	6/49	0	0	0.980676
SRX8037078	TFs and others	KLF5	Digestive tract	HT-55	4408	87/483	9/49	0	0	0.980676
SRX8528440	TFs and others	RAD21	Uterus	HeLa	10901	29/483	3/49	0	0	0.980676
SRX8528442	TFs and others	RAD21	Uterus	HeLa	12384	29/483	3/49	0	0	0.980676
SRX9178854	TFs and others	HAP1	Blood	HAP1	2625	29/483	3/49	0	0	0.980676
SRX9600649	TFs and others	G-quadruplex	Blood	K-562	389	29/483	3/49	0	0	0.980676
SRX1079385	TFs and others	SUMO2	Prostate	VCaP	41905	251/483	26/49	0	0	0.979376
SRX3586366	TFs and others	RUNX1	Blood	Pre-B lymphoblast cells	13958	193/483	20/49	0	0	0.978986
SRX059708	TFs and others	ERG	Prostate	VCaP	15043	164/483	17/49	0	0	0.978687
SRX1136734	TFs and others	JUND	Epidermis	Melanoma	4003	164/483	17/49	0	0	0.978687
SRX8406483	TFs and others	FOXA1	Prostate	Prostate	15423	135/483	14/49	0	0	0.978261
SRX9419960	TFs and others	MED1	Breast	SK-BR-3	10466	135/483	14/49	0	0	0.978261
SRX3091909	TFs and others	ZFX	Prostate	C4-2	7860	183/483	19/49	0	0	0.977117
SRX100395	TFs and others	SRF	Blood	GM12878	3053	77/483	8/49	0	0	0.976449
SRX5514007	TFs and others	FOS	Uterus	Myometrium	3954	77/483	8/49	0	0	0.976449
SRX129068	TFs and others	MYC	Blood	P493-6	5463	125/483	13/49	0	0	0.975474
SRX2609664	TFs and others	NR3C1	Lung	HASM2	32089	48/483	5/49	0	0	0.973913
SRX2642367	TFs and others	FOXA1	Prostate	VCaP	55574	48/483	5/49	0	0	0.973913
SRX3642947	TFs and others	PRMT1	Epidermis	Keratinocytes	13863	96/483	10/49	0	0	0.973913
SRX3923514	TFs and others	FOXA1	Breast	MCF-7	33250	48/483	5/49	0	0	0.973913
SRX5128133	TFs and others	ESR1	Breast	ZR-75-1	7117	48/483	5/49	0	0	0.973913
SRX5577137	TFs and others	Epitope tags	Prostate	LNCAP	29872	48/483	5/49	0	0	0.973913
SRX6824679	TFs and others	MYOD1	Unclassified	Unclassified	12966	48/483	5/49	0	0	0.973913
SRX757046	TFs and others	KDM1A	Neural	SH-SY5Y	4810	48/483	5/49	0	0	0.973913
SRX763970	TFs and others	JMJD1C	Blood	Kasumi-1	7965	48/483	5/49	0	0	0.973913
SRX100398	TFs and others	FOXP2	Neural	SK-N-MC	3362	67/483	7/49	0	0	0.971014
SRX118012	TFs and others	NCOR1	Kidney	293	1706	67/483	7/49	0	0	0.971014
SRX190283	TFs and others	EP300	Lung	A549	13777	67/483	7/49	0	0	0.971014
SRX2555295	TFs and others	TBX2	Neural	BE(2)-C	7763	67/483	7/49	0	0	0.971014
SRX3931043	TFs and others	FOXA1	Breast	MCF-7	33666	67/483	7/49	0	0	0.971014
SRX5574356	TFs and others	SPI1	Blood	Monocytes	28613	67/483	7/49	0	0	0.971014
SRX7114560	TFs and others	Epitope tags	Breast	MCF-7	26757	67/483	7/49	0	0	0.971014
SRX027488	TFs and others	SMARCA4	Pluripotent stem cell	hESC H9	6408	19/483	2/49	0	0	0.963768
SRX028640	TFs and others	NR2C2	Blood	GM12878	397	19/483	2/49	0	0	0.963768
SRX1048491	TFs and others	MEF2B	Blood	SU-DHL-4	3242	19/483	2/49	0	0	0.963768
SRX109484	TFs and others	ATF3	Neural	GBM1-HAM	5425	19/483	2/49	0	0	0.963768
SRX1156523	TFs and others	Epitope tags	Breast	MDA-MB-231	3940	19/483	2/49	0	0	0.963768
SRX150361	TFs and others	RELA	Blood	GM18526	1675	19/483	2/49	0	0	0.963768
SRX150729	TFs and others	IRF3	Liver	Hep G2	397	19/483	2/49	0	0	0.963768
SRX1885189	TFs and others	PIAS1	Prostate	LNCAP	14421	19/483	2/49	0	0	0.963768
SRX190331	TFs and others	TEAD4	Liver	Hep G2	10981	38/483	4/49	0	0	0.963768
SRX1968074	TFs and others	BCL11B	Blood	Thymus	1143	38/483	4/49	0	0	0.963768
SRX2020839	TFs and others	STAT3	Breast	MDA-MB-157	7202	38/483	4/49	0	0	0.963768
SRX2404139	TFs and others	RELA	Others	Detroit 562	2338	19/483	2/49	0	0	0.963768
SRX245740	TFs and others	MYC	Uterus	HeLa	1984	38/483	4/49	0	0	0.963768
SRX3020568	TFs and others	PHIP	Digestive tract	HCT 116	1861	19/483	2/49	0	0	0.963768
SRX3229177	TFs and others	FOXA1	Breast	Breast cancer	4780	19/483	2/49	0	0	0.963768
SRX3837519	TFs and others	SRF	Blood	HEL	1765	19/483	2/49	0	0	0.963768
SRX386479	TFs and others	MAFB	Epidermis	Keratinocytes	1072	38/483	4/49	0	0	0.963768
SRX3958390	TFs and others	WDR5	Breast	Breast cancer cells	1091	19/483	2/49	0	0	0.963768
SRX4174972	TFs and others	PPARG	Adipocyte	Adipocytes	3625	19/483	2/49	0	0	0.963768
SRX4192887	TFs and others	STAT3	Breast	MCF 10A	4155	38/483	4/49	0	0	0.963768
SRX4377562	TFs and others	BRD9	Breast	MDA-MB-231	2130	19/483	2/49	0	0	0.963768
SRX4473677	TFs and others	DPF2	Gonad	BIN-67	2075	19/483	2/49	0	0	0.963768
SRX5089776	TFs and others	EGR1	Blood	OCI-LY-10	634	19/483	2/49	0	0	0.963768
SRX514845	TFs and others	TP63	Epidermis	Keratinocytes	11992	19/483	2/49	0	0	0.963768
SRX5323844	TFs and others	FOXA1	Breast	MCF-7	12995	19/483	2/49	0	0	0.963768
SRX5323846	TFs and others	FOXA1	Breast	MCF-7	15521	19/483	2/49	0	0	0.963768
SRX5323847	TFs and others	FOXA1	Breast	MCF-7	8258	19/483	2/49	0	0	0.963768
SRX5323850	TFs and others	FOXA1	Breast	MCF-7	11883	19/483	2/49	0	0	0.963768
SRX5342366	TFs and others	FOXL2	Gonad	SVOG-3e	4025	19/483	2/49	0	0	0.963768
SRX5525776	TFs and others	MYCN	Neural	SH-EP	582	19/483	2/49	0	0	0.963768
SRX6027691	TFs and others	ESR1	Uterus	Ishikawa	3397	38/483	4/49	0	0	0.963768
SRX6027747	TFs and others	FOXA1	Breast	MCF-7	4238	19/483	2/49	0	0	0.963768
SRX6175612	TFs and others	RAD21	Bone	A-673	25378	38/483	4/49	0	0	0.963768
SRX6487039	TFs and others	FOXA1	Breast	MCF-7	3853	19/483	2/49	0	0	0.963768
SRX6973254	TFs and others	GFP	Gonad	Primordial germ cells	1241	38/483	4/49	0	0	0.963768
SRX8299817	TFs and others	CTR9	Bone	U2OS	1115	38/483	4/49	0	0	0.963768
SRX895430	TFs and others	SUMO2	Blood	K-562	718	19/483	2/49	0	0	0.963768
SRX968977	TFs and others	RELA	Breast	MCF-7	1493	19/483	2/49	0	0	0.963768
SRX026634	TFs and others	ERG	Blood	Kasumi-1	425	9/483	1/49	0	0	0.913043
SRX038910	TFs and others	SPI1	Blood	Hematopoietic Stem Cells	1311	9/483	1/49	0	0	0.913043
SRX1012650	TFs and others	PGR	Breast	MCF-7	232	9/483	1/49	0	0	0.913043
SRX1012697	TFs and others	PGR	Breast	MCF-7	476	9/483	1/49	0	0	0.913043
SRX128782	TFs and others	RUNX1	Blood	Jurkat (Clone E6-1)	134	9/483	1/49	0	0	0.913043
SRX155772	TFs and others	HSF1	Digestive tract	Colon cancer	283	9/483	1/49	0	0	0.913043
SRX3372021	TFs and others	FOXF1	Digestive tract	GIST48	2810	9/483	1/49	0	0	0.913043
SRX3862451	TFs and others	FOXA1	Breast	T-47D	279	9/483	1/49	0	0	0.913043
SRX3862457	TFs and others	FOXA1	Breast	T-47D	430	9/483	1/49	0	0	0.913043
SRX4116028	TFs and others	FOXA1	Breast	Breast cancer cells	3378	9/483	1/49	0	0	0.913043
SRX497419	TFs and others	PRDM11	Blood	U-2932	135	9/483	1/49	0	0	0.913043
SRX5729922	TFs and others	RUNX1	Blood	Acute myeloid leukemia	370	9/483	1/49	0	0	0.913043
SRX5729923	TFs and others	RUNX1	Blood	Acute myeloid leukemia	552	9/483	1/49	0	0	0.913043
SRX6487066	TFs and others	FOXA1	Breast	MCF-7	754	9/483	1/49	0	0	0.913043
SRX6487070	TFs and others	FOXA1	Breast	MCF-7	750	9/483	1/49	0	0	0.913043
SRX7054932	TFs and others	ERG	Cardiovascular	HAEC	677	9/483	1/49	0	0	0.913043
SRX7054935	TFs and others	ERG	Cardiovascular	HAEC	704	9/483	1/49	0	0	0.913043
SRX7054943	TFs and others	ERG	Cardiovascular	HAEC	597	9/483	1/49	0	0	0.913043
SRX7054995	TFs and others	ERG	Cardiovascular	HAEC	937	9/483	1/49	0	0	0.913043
SRX9029213	TFs and others	POU2F2	Blood	Monocytes-CD14+	2190	9/483	1/49	0	0	0.913043
DRX013211	TFs and others	RAD21	Breast	MCF-7	66	8/483	0/49	0	0	inf
DRX021118	TFs and others	MBD1	Digestive tract	HCT 116	11430	9/483	0/49	0	0	inf
DRX021253	TFs and others	GRWD1	Uterus	HeLa	100	5/483	0/49	0	0	inf
DRX021254	TFs and others	GRWD1	Uterus	HeLa	65	6/483	0/49	0	0	inf
DRX090760	TFs and others	RAD51	Digestive tract	HCT 116	131	8/483	0/49	0	0	inf
DRX090761	TFs and others	POLQ	Digestive tract	HCT 116	143	7/483	0/49	0	0	inf
DRX090762	TFs and others	POLH	Digestive tract	HCT 116	122	7/483	0/49	0	0	inf
DRX156329	TFs and others	MGMT	Neural	U-87 MG	113	7/483	0/49	0	0	inf
DRX156330	TFs and others	MGMT	Neural	U-87 MG	210	8/483	0/49	0	0	inf
DRX156331	TFs and others	MGMT	Neural	U-87 MG	195	8/483	0/49	0	0	inf
DRX156332	TFs and others	MGMT	Neural	U-87 MG	234	8/483	0/49	0	0	inf
DRX156347	TFs and others	MGMT	Neural	U-87 MG	602	9/483	0/49	0	0	inf
DRX169023	TFs and others	ZNF217	Unclassified	Unclassified	4	2/483	0/49	0	0	inf
ERX026986	TFs and others	T	No description	NA	573	5/483	0/49	0	0	inf
ERX1087819	TFs and others	SMC3	Blood	U-937	19	5/483	0/49	0	0	inf
ERX1087820	TFs and others	SMC3	Blood	U-937	20	5/483	0/49	0	0	inf
ERX1149048	TFs and others	CTCF	Blood	HEL 92.1.7	162	8/483	0/49	0	0	inf
ERX1149055	TFs and others	CTCF	Blood	KU812	216	9/483	0/49	0	0	inf
ERX1149060	TFs and others	CTCF	Blood	MEG-01	335	7/483	0/49	0	0	inf
ERX1149063	TFs and others	CTCF	Blood	HEL 92.1.7	164	8/483	0/49	0	0	inf
ERX1149066	TFs and others	CTCF	Unclassified	Unclassified	152	9/483	0/49	0	0	inf
ERX1149070	TFs and others	CTCF	Blood	KU812	218	9/483	0/49	0	0	inf
ERX1149075	TFs and others	CTCF	Blood	MEG-01	332	8/483	0/49	0	0	inf
ERX1149078	TFs and others	CTCF	Blood	HEL 92.1.7	155	9/483	0/49	0	0	inf
ERX1149081	TFs and others	CTCF	Unclassified	Unclassified	153	8/483	0/49	0	0	inf
ERX1149090	TFs and others	CTCF	Blood	MEG-01	328	8/483	0/49	0	0	inf
ERX1149093	TFs and others	CTCF	Blood	HEL 92.1.7	156	8/483	0/49	0	0	inf
ERX1149096	TFs and others	CTCF	Unclassified	Unclassified	145	8/483	0/49	0	0	inf
ERX1149100	TFs and others	CTCF	Blood	KU812	224	9/483	0/49	0	0	inf
ERX1149105	TFs and others	CTCF	Blood	MEG-01	309	8/483	0/49	0	0	inf
ERX1149108	TFs and others	CTCF	Blood	HEL 92.1.7	163	7/483	0/49	0	0	inf
ERX1149111	TFs and others	CTCF	Unclassified	Unclassified	151	8/483	0/49	0	0	inf
ERX1149114	TFs and others	CTCF	Blood	KU812	6	2/483	0/49	0	0	inf
ERX1149115	TFs and others	CTCF	Blood	KU812	211	9/483	0/49	0	0	inf
ERX1149120	TFs and others	CTCF	Blood	MEG-01	338	7/483	0/49	0	0	inf
ERX200497	TFs and others	CTCF	Blood	B cells	349	7/483	0/49	0	0	inf
ERX200498	TFs and others	CTCF	Blood	B cells	338	5/483	0/49	0	0	inf
ERX200509	TFs and others	CTCF	Blood	B cells	253	7/483	0/49	0	0	inf
ERX200532	TFs and others	CTCF	Blood	B cells	2111	1/483	0/49	0	0	inf
ERX200540	TFs and others	CTCF	Blood	B cells	376	5/483	0/49	0	0	inf
ERX2242379	TFs and others	BCL11A	Breast	Mammary epithelial cells	54	8/483	0/49	0	0	inf
ERX2242380	TFs and others	CHD8	Breast	Mammary epithelial cells	38	3/483	0/49	0	0	inf
ERX2242381	TFs and others	ARID1A	Breast	Mammary epithelial cells	57	7/483	0/49	0	0	inf
ERX2242386	TFs and others	CHD8	Breast	Mammary epithelial cells	38	6/483	0/49	0	0	inf
ERX2242391	TFs and others	BCL11A	Breast	Mammary epithelial cells	55	8/483	0/49	0	0	inf
ERX2242392	TFs and others	CHD8	Breast	Mammary epithelial cells	44	3/483	0/49	0	0	inf
ERX2242393	TFs and others	ARID1A	Breast	Mammary epithelial cells	67	8/483	0/49	0	0	inf
ERX2242398	TFs and others	CHD8	Breast	Mammary epithelial cells	43	7/483	0/49	0	0	inf
ERX2242403	TFs and others	BCL11A	Breast	Mammary epithelial cells	53	8/483	0/49	0	0	inf
ERX2242411	TFs and others	ARID1A	Breast	Mammary epithelial cells	30	4/483	0/49	0	0	inf
ERX2260037	TFs and others	BCL11A	Lung	Lung cancer	569	7/483	0/49	0	0	inf
ERX2260039	TFs and others	BCL11A	Lung	Lung cancer	566	7/483	0/49	0	0	inf
ERX2260043	TFs and others	BCL11A	Lung	Lung cancer	571	7/483	0/49	0	0	inf
ERX2260045	TFs and others	BCL11A	Lung	Lung cancer	579	7/483	0/49	0	0	inf
ERX371660	TFs and others	BRD4	Breast	Mammary epithelial cells	164	8/483	0/49	0	0	inf
ERX371663	TFs and others	BCL11A	Breast	Mammary epithelial cells	99	8/483	0/49	0	0	inf
ERX371664	TFs and others	BRD4	Breast	Mammary epithelial cells	90	6/483	0/49	0	0	inf
ERX371668	TFs and others	BRD4	Breast	Mammary epithelial cells	27	5/483	0/49	0	0	inf
ERX371671	TFs and others	BRD4	Breast	Mammary epithelial cells	160	9/483	0/49	0	0	inf
ERX371675	TFs and others	BRD4	Breast	Mammary epithelial cells	96	4/483	0/49	0	0	inf
ERX371678	TFs and others	BCL11A	Breast	Mammary epithelial cells	94	8/483	0/49	0	0	inf
ERX371679	TFs and others	BRD4	Breast	Mammary epithelial cells	83	6/483	0/49	0	0	inf
ERX371683	TFs and others	BRD4	Breast	Mammary epithelial cells	63	2/483	0/49	0	0	inf
ERX371686	TFs and others	BRD4	Breast	Mammary epithelial cells	23	1/483	0/49	0	0	inf
ERX371690	TFs and others	BRD4	Breast	Mammary epithelial cells	90	4/483	0/49	0	0	inf
ERX371693	TFs and others	BCL11A	Breast	Mammary epithelial cells	114	9/483	0/49	0	0	inf
ERX371694	TFs and others	BRD4	Breast	Mammary epithelial cells	76	1/483	0/49	0	0	inf
ERX371698	TFs and others	BRD4	Breast	Mammary epithelial cells	33	2/483	0/49	0	0	inf
ERX371701	TFs and others	BRD4	Breast	Mammary epithelial cells	219	9/483	0/49	0	0	inf
ERX371705	TFs and others	BRD4	Breast	Mammary epithelial cells	206	8/483	0/49	0	0	inf
ERX371708	TFs and others	BCL11A	Breast	Mammary epithelial cells	116	8/483	0/49	0	0	inf
ERX371709	TFs and others	BRD4	Breast	Mammary epithelial cells	108	6/483	0/49	0	0	inf
ERX371716	TFs and others	BRD4	Breast	Mammary epithelial cells	212	9/483	0/49	0	0	inf
ERX626786	TFs and others	SPI1	Blood	HL-60	1332	9/483	0/49	0	0	inf
ERX626789	TFs and others	SMC3	Blood	HL-60	314	9/483	0/49	0	0	inf
ERX626790	TFs and others	EP300	Blood	HL-60	253	8/483	0/49	0	0	inf
ERX626792	TFs and others	CTCF	Blood	U-937	51	8/483	0/49	0	0	inf
ERX626793	TFs and others	SMC3	Blood	U-937	12	5/483	0/49	0	0	inf
ERX626794	TFs and others	EP300	Blood	U-937	42	8/483	0/49	0	0	inf
ERX626800	TFs and others	EP300	Blood	HL-60	254	8/483	0/49	0	0	inf
ERX626803	TFs and others	SMC3	Blood	U-937	12	6/483	0/49	0	0	inf
ERX626804	TFs and others	EP300	Blood	U-937	44	8/483	0/49	0	0	inf
ERX626815	TFs and others	SPI1	Blood	U-937	67	9/483	0/49	0	0	inf
ERX626820	TFs and others	RAD21	Blood	U-937	279	8/483	0/49	0	0	inf
ERX626822	TFs and others	SMC3	Blood	U-937	337	9/483	0/49	0	0	inf
ERX626825	TFs and others	SPI1	Blood	U-937	63	8/483	0/49	0	0	inf
ERX626829	TFs and others	GATA1	Blood	CHRF-288-11	170	9/483	0/49	0	0	inf
ERX626831	TFs and others	TAL1	Blood	CHRF-288-11	702	9/483	0/49	0	0	inf
ERX626832	TFs and others	GATA1	Blood	CHRF-288-11	169	9/483	0/49	0	0	inf
ERX626835	TFs and others	GATA1	Blood	CHRF-288-11	128	8/483	0/49	0	0	inf
ERX626836	TFs and others	RAD21	Blood	CHRF-288-11	148	8/483	0/49	0	0	inf
ERX626838	TFs and others	CTCF	Blood	CHRF-288-11	1337	8/483	0/49	0	0	inf
ERX626841	TFs and others	GATA1	Blood	CHRF-288-11	168	9/483	0/49	0	0	inf
ERX626843	TFs and others	TAL1	Blood	CHRF-288-11	717	8/483	0/49	0	0	inf
ERX626844	TFs and others	GATA1	Blood	CHRF-288-11	166	9/483	0/49	0	0	inf
ERX626847	TFs and others	GATA1	Blood	CHRF-288-11	125	8/483	0/49	0	0	inf
ERX626848	TFs and others	RAD21	Blood	CHRF-288-11	173	8/483	0/49	0	0	inf
ERX626850	TFs and others	CTCF	Blood	CHRF-288-11	1372	8/483	0/49	0	0	inf
ERX626857	TFs and others	SP1	Blood	HL-60	186	8/483	0/49	0	0	inf
ERX626870	TFs and others	SP1	Blood	HL-60	187	9/483	0/49	0	0	inf
ERX626872	TFs and others	RUNX1	Blood	HL-60	196	8/483	0/49	0	0	inf
ERX626874	TFs and others	EP300	Blood	HL-60	170	9/483	0/49	0	0	inf
ERX664188	TFs and others	CTCF	Blood	B cells	398	6/483	0/49	0	0	inf
ERX664192	TFs and others	CTCF	Blood	B cells	65	5/483	0/49	0	0	inf
ERX664193	TFs and others	CTCF	Blood	B cells	1155	8/483	0/49	0	0	inf
ERX664196	TFs and others	CTCF	Blood	B cells	649	6/483	0/49	0	0	inf
ERX664199	TFs and others	CTCF	Blood	B cells	2064	6/483	0/49	0	0	inf
ERX664200	TFs and others	CTCF	Blood	B cells	3900	8/483	0/49	0	0	inf
ERX664210	TFs and others	CTCF	Blood	B cells	224	5/483	0/49	0	0	inf
SRX003313	TFs and others	STAT1	Uterus	HeLa	130	2/483	0/49	0	0	inf
SRX003314	TFs and others	STAT1	Uterus	HeLa	15	3/483	0/49	0	0	inf
SRX003315	TFs and others	STAT1	Uterus	HeLa	4	1/483	0/49	0	0	inf
SRX003316	TFs and others	STAT1	Uterus	HeLa	7	2/483	0/49	0	0	inf
SRX003318	TFs and others	STAT1	Uterus	HeLa	116	2/483	0/49	0	0	inf
SRX003320	TFs and others	STAT1	Uterus	HeLa	640	3/483	0/49	0	0	inf
SRX003796	TFs and others	CTCF	Uterus	HeLa	634	2/483	0/49	0	0	inf
SRX003798	TFs and others	CTCF	Blood	Jurkat	898	8/483	0/49	0	0	inf
SRX003842	TFs and others	EZH2	Pluripotent stem cell	ES cells	78	9/483	0/49	0	0	inf
SRX003846	TFs and others	RNF2	Pluripotent stem cell	ES cells	45	8/483	0/49	0	0	inf
SRX003937	TFs and others	ESR1	Breast	MCF-7	106	2/483	0/49	0	0	inf
SRX003940	TFs and others	ESR1	Breast	MCF-7	2087	7/483	0/49	0	0	inf
SRX011574	TFs and others	MYC	Pluripotent stem cell	hESC H1	55	1/483	0/49	0	0	inf
SRX011575	TFs and others	TAF2	Pluripotent stem cell	hESC H1	237	6/483	0/49	0	0	inf
SRX011576	TFs and others	EP300	Pluripotent stem cell	hESC H1	161	5/483	0/49	0	0	inf
SRX011616	TFs and others	SOX2	Pluripotent stem cell	hESC H1	773	2/483	0/49	0	0	inf
SRX011617	TFs and others	NANOG	Pluripotent stem cell	hESC H1	2958	2/483	0/49	0	0	inf
SRX011618	TFs and others	NANOG	Pluripotent stem cell	hESC H1	3471	7/483	0/49	0	0	inf
SRX014768	TFs and others	PML	Blood	NB-4	69	9/483	0/49	0	0	inf
SRX014770	TFs and others	RARA	Blood	NB-4	74	7/483	0/49	0	0	inf
SRX014773	TFs and others	PML	Blood	Leukemia, Myeloid	544	6/483	0/49	0	0	inf
SRX014774	TFs and others	RXRA	Blood	Leukemia, Myeloid	287	6/483	0/49	0	0	inf
SRX014779	TFs and others	PML	Blood	UPR9	142	7/483	0/49	0	0	inf
SRX014783	TFs and others	RXRA	Blood	UPR9	141	8/483	0/49	0	0	inf
SRX016030	TFs and others	RB1	Lung	IMR-90	4351	5/483	0/49	0	0	inf
SRX016033	TFs and others	RB1	Lung	IMR-90	2770	6/483	0/49	0	0	inf
SRX016035	TFs and others	RB1	Lung	IMR-90	917	9/483	0/49	0	0	inf
SRX016037	TFs and others	RB1	Lung	IMR-90	1420	9/483	0/49	0	0	inf
SRX016327	TFs and others	ESR1	Breast	MCF-7	1738	7/483	0/49	0	0	inf
SRX016556	TFs and others	BDP1	Lung	IMR-90	483	9/483	0/49	0	0	inf
SRX016979	TFs and others	TP53	Bone	Saos-2	914	9/483	0/49	0	0	inf
SRX017557	TFs and others	BRD7	Epidermis	BJ	578	9/483	0/49	0	0	inf
SRX017558	TFs and others	BRD7	Epidermis	BJ	403	9/483	0/49	0	0	inf
SRX017560	TFs and others	TP53	Epidermis	BJ	517	9/483	0/49	0	0	inf
SRX017858	TFs and others	RELA	Blood	GM19193	641	9/483	0/49	0	0	inf
SRX017867	TFs and others	RELA	Blood	GM18526	866	9/483	0/49	0	0	inf
SRX017875	TFs and others	RELA	Blood	GM15510	182	7/483	0/49	0	0	inf
SRX017876	TFs and others	RELA	Blood	GM15510	45	4/483	0/49	0	0	inf
SRX017882	TFs and others	RELA	Blood	GM12892	198	9/483	0/49	0	0	inf
SRX017887	TFs and others	RELA	Blood	GM10847	207	6/483	0/49	0	0	inf
SRX017888	TFs and others	RELA	Blood	GM10847	84	4/483	0/49	0	0	inf
SRX017889	TFs and others	RELA	Blood	GM10847	159	9/483	0/49	0	0	inf
SRX017890	TFs and others	RELA	Blood	GM10847	467	7/483	0/49	0	0	inf
SRX017894	TFs and others	RELA	Blood	GM18951	304	4/483	0/49	0	0	inf
SRX017896	TFs and others	RELA	Blood	GM18951	138	1/483	0/49	0	0	inf
SRX017901	TFs and others	RELA	Blood	GM18526	137	7/483	0/49	0	0	inf
SRX017905	TFs and others	RELA	Blood	GM12878	768	2/483	0/49	0	0	inf
SRX018277	TFs and others	CREBBP	Neural	T98G	44	9/483	0/49	0	0	inf
SRX018607	TFs and others	BRF1	Uterus	HeLa	96	2/483	0/49	0	0	inf
SRX018655	TFs and others	pFM2	Muscle	RD	50	3/483	0/49	0	0	inf
SRX020764	TFs and others	TP53	Bone	U2OS	908	9/483	0/49	0	0	inf
SRX020765	TFs and others	TP53	Bone	U2OS	1318	9/483	0/49	0	0	inf
SRX020769	TFs and others	TP53	Bone	U2OS	249	8/483	0/49	0	0	inf
SRX020936	TFs and others	FOXA1	Prostate	VCaP	448	9/483	0/49	0	0	inf
SRX021069	TFs and others	POU5F1	Pluripotent stem cell	hESC H9	302	9/483	0/49	0	0	inf
SRX022434	TFs and others	SMC4	Uterus	HeLa	87	9/483	0/49	0	0	inf
SRX022564	TFs and others	AR	Prostate	VCaP	131	9/483	0/49	0	0	inf
SRX022568	TFs and others	AR	Prostate	LNCAP	34	9/483	0/49	0	0	inf
SRX022576	TFs and others	ERG	Prostate	RWPE-1	31	9/483	0/49	0	0	inf
SRX023654	TFs and others	GLYR1	Uterus	HeLa	73	5/483	0/49	0	0	inf
SRX023661	TFs and others	LRWD1	Uterus	HeLa	206	5/483	0/49	0	0	inf
SRX026265	TFs and others	GATA6	Digestive tract	Caco-2	4888	9/483	0/49	0	0	inf
SRX026266	TFs and others	GATA6	Digestive tract	Caco-2	90	7/483	0/49	0	0	inf
SRX026647	TFs and others	MethylCap	Blood	Acute myeloid leukemia	2813	8/483	0/49	0	0	inf
SRX026706	TFs and others	GFP	Pancreas	Pancreatic islets	14	4/483	0/49	0	0	inf
SRX026714	TFs and others	GFP	Pancreas	Pancreatic islets	42	9/483	0/49	0	0	inf
SRX026903	TFs and others	ESR1	Breast	MCF-7	42	9/483	0/49	0	0	inf
SRX026904	TFs and others	TRIM24	Breast	MCF-7	14	4/483	0/49	0	0	inf
SRX026905	TFs and others	TRIM24	Breast	MCF-7	4	2/483	0/49	0	0	inf
SRX027403	TFs and others	HSF1	Adipocyte	Adipocytes	47	7/483	0/49	0	0	inf
SRX027458	TFs and others	SUZ12	Pluripotent stem cell	hESC BG03	109	6/483	0/49	0	0	inf
SRX027902	TFs and others	NR3C1	Uterus	HeLa	184	6/483	0/49	0	0	inf
SRX027911	TFs and others	RELA	Uterus	HeLa	246	7/483	0/49	0	0	inf
SRX028581	TFs and others	ZNF274	Blood	K-562	79	3/483	0/49	0	0	inf
SRX028582	TFs and others	ZNF274	Blood	K-562	135	5/483	0/49	0	0	inf
SRX028583	TFs and others	ZNF274	Liver	Hep G2	264	9/483	0/49	0	0	inf
SRX028584	TFs and others	ZNF274	Liver	Hep G2	205	7/483	0/49	0	0	inf
SRX028585	TFs and others	ZNF274	Uterus	HeLa	138	9/483	0/49	0	0	inf
SRX028586	TFs and others	ZNF274	Uterus	HeLa	301	9/483	0/49	0	0	inf
SRX028588	TFs and others	ZNF274	Blood	GM12878	90	7/483	0/49	0	0	inf
SRX028637	TFs and others	NR2C2	Blood	K-562	158	7/483	0/49	0	0	inf
SRX029597	TFs and others	TAL1	Blood	T-ALL	801	4/483	0/49	0	0	inf
SRX036563	TFs and others	ESR1	Breast	MCF-7	62	9/483	0/49	0	0	inf
SRX036640	TFs and others	NCOA1	Bone	U2OS	111	9/483	0/49	0	0	inf
SRX038908	TFs and others	TAL1	Blood	Hematopoietic Stem Cells	42	8/483	0/49	0	0	inf
SRX038909	TFs and others	TAL1	Blood	Hematopoietic Stem Cells	50	8/483	0/49	0	0	inf
SRX039142	TFs and others	JUN	Breast	MCF-7	144	9/483	0/49	0	0	inf
SRX040561	TFs and others	LIN9	Uterus	HeLa	59	6/483	0/49	0	0	inf
SRX040563	TFs and others	MYBL2	Uterus	HeLa	47	7/483	0/49	0	0	inf
SRX041286	TFs and others	STAT1	Blood	T cells	9	4/483	0/49	0	0	inf
SRX041288	TFs and others	STAT4	Blood	T cells	5	2/483	0/49	0	0	inf
SRX041290	TFs and others	STAT5A	Blood	T cells	8	5/483	0/49	0	0	inf
SRX041291	TFs and others	STAT5A	Blood	T cells	444	8/483	0/49	0	0	inf
SRX054457	TFs and others	NR1H3	Blood	THP-1	292	8/483	0/49	0	0	inf
SRX054573	TFs and others	Epitope tags	Breast	MCF-7	1625	1/483	0/49	0	0	inf
SRX055305	TFs and others	KDM5B	Blood	U-937	227	7/483	0/49	0	0	inf
SRX055306	TFs and others	KDM5B	Blood	U-937	211	6/483	0/49	0	0	inf
SRX058249	TFs and others	TAL1	Blood	CD34+	54	9/483	0/49	0	0	inf
SRX059703	TFs and others	AR	Prostate	VCaP	1566	9/483	0/49	0	0	inf
SRX059713	TFs and others	HDAC3	Prostate	VCaP	1592	9/483	0/49	0	0	inf
SRX062338	TFs and others	RUNX1	Blood	Kasumi-1	175	9/483	0/49	0	0	inf
SRX062357	TFs and others	NKX3-1	Prostate	LNCAP	183	9/483	0/49	0	0	inf
SRX080137	TFs and others	MYC	Uterus	HeLa	167	8/483	0/49	0	0	inf
SRX080138	TFs and others	MYC	Uterus	HeLa	286	6/483	0/49	0	0	inf
SRX080145	TFs and others	MYC	Liver	Hep G2	282	9/483	0/49	0	0	inf
SRX080374	TFs and others	CTCF	Blood	GM12801	2912	6/483	0/49	0	0	inf
SRX082162	TFs and others	JUND	Blood	GM12878	1524	8/483	0/49	0	0	inf
SRX084521	TFs and others	ETV4	Prostate	PC-3	438	3/483	0/49	0	0	inf
SRX084522	TFs and others	JUND	Prostate	PC-3	520	9/483	0/49	0	0	inf
SRX084524	TFs and others	Epitope tags	Prostate	RWPE-1	41	9/483	0/49	0	0	inf
SRX084526	TFs and others	GABPA	Prostate	RWPE-1	7	2/483	0/49	0	0	inf
SRX092447	TFs and others	AR	Prostate	LNCAP	249	8/483	0/49	0	0	inf
SRX092448	TFs and others	AR	Prostate	LNCAP	180	9/483	0/49	0	0	inf
SRX092450	TFs and others	EBNA2	Blood	IB4	3367	5/483	0/49	0	0	inf
SRX092452	TFs and others	RBPJ	Blood	IB4	1833	7/483	0/49	0	0	inf
SRX095393	TFs and others	MYC	Blood	RAJI	159	1/483	0/49	0	0	inf
SRX097067	TFs and others	GATA1	Blood	CD34+	633	8/483	0/49	0	0	inf
SRX099053	TFs and others	TP63	Epidermis	Keratinocytes	940	7/483	0/49	0	0	inf
SRX099055	TFs and others	TP63	Epidermis	Keratinocytes	195	8/483	0/49	0	0	inf
SRX099629	TFs and others	EP300	Cardiovascular	Heart	164	7/483	0/49	0	0	inf
SRX099872	TFs and others	MYC	Others	FB8470	100	8/483	0/49	0	0	inf
SRX099877	TFs and others	MYC	Others	FB0167P	170	7/483	0/49	0	0	inf
SRX099884	TFs and others	MYC	Neural	D54	473	8/483	0/49	0	0	inf
SRX099885	TFs and others	MYC	Neural	D54	479	7/483	0/49	0	0	inf
SRX100261	TFs and others	CREBBP	Breast	H3396	3896	7/483	0/49	0	0	inf
SRX100262	TFs and others	CREBBP	Breast	H3396	4370	6/483	0/49	0	0	inf
SRX100273	TFs and others	CARM1	Breast	H3396	227	8/483	0/49	0	0	inf
SRX100274	TFs and others	CARM1	Breast	H3396	132	8/483	0/49	0	0	inf
SRX10049886	TFs and others	CTCF	Uterus	HeLa	379	2/483	0/49	0	0	inf
SRX10049887	TFs and others	CTCF	Uterus	HeLa	615	1/483	0/49	0	0	inf
SRX10049890	TFs and others	SMC3	Uterus	HeLa	417	2/483	0/49	0	0	inf
SRX10049891	TFs and others	SMC3	Uterus	HeLa	609	3/483	0/49	0	0	inf
SRX10049894	TFs and others	CTCF	Uterus	HeLa	570	2/483	0/49	0	0	inf
SRX10049895	TFs and others	CTCF	Uterus	HeLa	698	3/483	0/49	0	0	inf
SRX10049898	TFs and others	SMC3	Uterus	HeLa	865	3/483	0/49	0	0	inf
SRX10049899	TFs and others	SMC3	Uterus	HeLa	1088	4/483	0/49	0	0	inf
SRX10049902	TFs and others	RAD21	Uterus	HeLa	593	2/483	0/49	0	0	inf
SRX10049903	TFs and others	RAD21	Uterus	HeLa	903	2/483	0/49	0	0	inf
SRX10056747	TFs and others	MBD2	Liver	Hep G2	199	4/483	0/49	0	0	inf
SRX10056748	TFs and others	MBD2	Liver	Hep G2	73	3/483	0/49	0	0	inf
SRX10056749	TFs and others	MBD2	Liver	SK-HEP-1	65	7/483	0/49	0	0	inf
SRX10056751	TFs and others	MBD2	Liver	Liver	77	7/483	0/49	0	0	inf
SRX10056752	TFs and others	MBD2	Liver	Liver	251	6/483	0/49	0	0	inf
SRX10065003	TFs and others	HDGF2	Blood	LP-1	188	4/483	0/49	0	0	inf
SRX1011293	TFs and others	GFP	Liver	HuCCT1	200	9/483	0/49	0	0	inf
SRX10120196	TFs and others	Epitope tags	Lung	NCI-H1522	29	6/483	0/49	0	0	inf
SRX10120197	TFs and others	Epitope tags	Lung	NCI-H1522	37	8/483	0/49	0	0	inf
SRX10120198	TFs and others	Epitope tags	Lung	NCI-H1522	28	4/483	0/49	0	0	inf
SRX10120199	TFs and others	Epitope tags	Lung	NCI-H1522	23	3/483	0/49	0	0	inf
SRX10120200	TFs and others	Epitope tags	Lung	NCI-H1522	19	5/483	0/49	0	0	inf
SRX10120201	TFs and others	Epitope tags	Lung	NCI-H1522	14	4/483	0/49	0	0	inf
SRX10120202	TFs and others	Epitope tags	Lung	NCI-H1522	17	4/483	0/49	0	0	inf
SRX1012146	TFs and others	SMAD3	Epidermis	BJ	68	7/483	0/49	0	0	inf
SRX1012615	TFs and others	PGR	Breast	T-47D	302	9/483	0/49	0	0	inf
SRX1012616	TFs and others	PGR	Breast	T-47D	331	9/483	0/49	0	0	inf
SRX1012617	TFs and others	PGR	Breast	T-47D	362	8/483	0/49	0	0	inf
SRX1012624	TFs and others	EP300	Breast	MCF-7	251	2/483	0/49	0	0	inf
SRX1012637	TFs and others	EP300	Breast	MCF-7	132	4/483	0/49	0	0	inf
SRX1012639	TFs and others	EP300	Breast	MCF-7	395	9/483	0/49	0	0	inf
SRX1012641	TFs and others	EP300	Breast	MCF-7	82	5/483	0/49	0	0	inf
SRX1012645	TFs and others	EP300	Breast	MCF-7	131	7/483	0/49	0	0	inf
SRX1012646	TFs and others	EP300	Breast	MCF-7	285	7/483	0/49	0	0	inf
SRX1012656	TFs and others	PGR	Breast	MCF-7	167	8/483	0/49	0	0	inf
SRX1012657	TFs and others	PGR	Breast	MCF-7	93	5/483	0/49	0	0	inf
SRX1012675	TFs and others	ESR1	Breast	T-47D	655	9/483	0/49	0	0	inf
SRX1012688	TFs and others	ESR1	Breast	MCF-7	269	8/483	0/49	0	0	inf
SRX1012692	TFs and others	PGR	Breast	MCF-7	350	8/483	0/49	0	0	inf
SRX1012694	TFs and others	PGR	Breast	MCF-7	632	9/483	0/49	0	0	inf
SRX1012699	TFs and others	PGR	Breast	MCF-7	273	8/483	0/49	0	0	inf
SRX1012702	TFs and others	ESR1	Breast	T-47D	496	9/483	0/49	0	0	inf
SRX1012704	TFs and others	ESR1	Breast	T-47D	540	9/483	0/49	0	0	inf
SRX1012707	TFs and others	ESR1	Breast	T-47D	422	8/483	0/49	0	0	inf
SRX1012708	TFs and others	ESR1	Breast	T-47D	560	9/483	0/49	0	0	inf
SRX1012710	TFs and others	ESR1	Breast	T-47D	489	9/483	0/49	0	0	inf
SRX1012711	TFs and others	PGR	Breast	T-47D	452	9/483	0/49	0	0	inf
SRX1012712	TFs and others	PGR	Breast	T-47D	465	9/483	0/49	0	0	inf
SRX1012715	TFs and others	PGR	Breast	T-47D	750	8/483	0/49	0	0	inf
SRX1012716	TFs and others	PGR	Breast	T-47D	710	8/483	0/49	0	0	inf
SRX1012719	TFs and others	PGR	Breast	T-47D	513	9/483	0/49	0	0	inf
SRX1012720	TFs and others	PGR	Breast	T-47D	582	7/483	0/49	0	0	inf
SRX1013342	TFs and others	CDK9	Liver	HuCCT1	434	9/483	0/49	0	0	inf
SRX10158151	TFs and others	BRD4	Blood	KBM-7	14	3/483	0/49	0	0	inf
SRX10158152	TFs and others	BRD4	Blood	KBM-7	31	3/483	0/49	0	0	inf
SRX10158153	TFs and others	BRD4	Blood	KBM-7	36	3/483	0/49	0	0	inf
SRX10158155	TFs and others	BRD4	Blood	KBM-7	11	3/483	0/49	0	0	inf
SRX10158156	TFs and others	BRD4	Blood	KBM-7	18	3/483	0/49	0	0	inf
SRX10158157	TFs and others	BRD4	Blood	KBM-7	23	3/483	0/49	0	0	inf
SRX10158158	TFs and others	BRD4	Blood	KBM-7	26	3/483	0/49	0	0	inf
SRX10158159	TFs and others	BRD4	Blood	KBM-7	62	2/483	0/49	0	0	inf
SRX10158163	TFs and others	BRD4	Blood	KBM-7	14	3/483	0/49	0	0	inf
SRX10158164	TFs and others	BRD4	Blood	KBM-7	38	3/483	0/49	0	0	inf
SRX10158165	TFs and others	BRD4	Blood	KBM-7	54	2/483	0/49	0	0	inf
SRX10158166	TFs and others	BRD4	Blood	KBM-7	19	3/483	0/49	0	0	inf
SRX10206211	TFs and others	RAD21	Blood	Monocytes	130	7/483	0/49	0	0	inf
SRX10206213	TFs and others	ZBTB3	Blood	Monocytes	430	9/483	0/49	0	0	inf
SRX1021633	TFs and others	DNMT1	Prostate	PC-3	169	6/483	0/49	0	0	inf
SRX10239006	TFs and others	ZNF589	Blood	HH514-16	72	4/483	0/49	0	0	inf
SRX10239007	TFs and others	ZNF589	Blood	HH514-16	64	3/483	0/49	0	0	inf
SRX10239457	TFs and others	GFP	Breast	MCF-7	75	8/483	0/49	0	0	inf
SRX10239458	TFs and others	GFP	Breast	MCF-7	87	8/483	0/49	0	0	inf
SRX10239460	TFs and others	YTHDC1	Breast	MCF-7	71	7/483	0/49	0	0	inf
SRX1024932	TFs and others	AGO2	Blood	K-562	16	5/483	0/49	0	0	inf
SRX1024933	TFs and others	AGO2	Blood	K-562	394	6/483	0/49	0	0	inf
SRX103223	TFs and others	RXRA	Blood	THP-1	144	9/483	0/49	0	0	inf
SRX1033268	TFs and others	AR	Prostate	LNCAP	21	7/483	0/49	0	0	inf
SRX10335184	TFs and others	Epitope tags	Breast	MDA-MB-231	496	8/483	0/49	0	0	inf
SRX10365518	TFs and others	RAC1	Breast	MCF-7	370	8/483	0/49	0	0	inf
SRX10365519	TFs and others	RAC1	Breast	MCF-7	308	8/483	0/49	0	0	inf
SRX10365523	TFs and others	RAC1	Breast	MDA-MB-231	461	9/483	0/49	0	0	inf
SRX10365526	TFs and others	RAC1	Breast	MDA-MB-231	317	9/483	0/49	0	0	inf
SRX10365527	TFs and others	RAC1	Breast	MDA-MB-231	244	4/483	0/49	0	0	inf
SRX10382427	TFs and others	TET1	Pluripotent stem cell	hESC H1	24	4/483	0/49	0	0	inf
SRX10406210	TFs and others	Epitope tags	Uterus	HeLa	441	9/483	0/49	0	0	inf
SRX10424887	TFs and others	CTCF	Blood	THP-1	236	5/483	0/49	0	0	inf
SRX1046556	TFs and others	RAG1	Blood	Thymus	127	9/483	0/49	0	0	inf
SRX1046557	TFs and others	RAG1	Blood	Thymus	99	8/483	0/49	0	0	inf
SRX10499678	TFs and others	G-quadruplex	Bone	U2OS	116	5/483	0/49	0	0	inf
SRX10499679	TFs and others	G-quadruplex	Bone	U2OS	156	5/483	0/49	0	0	inf
SRX10499682	TFs and others	G-quadruplex	Bone	U2OS	157	7/483	0/49	0	0	inf
SRX10499683	TFs and others	G-quadruplex	Bone	U2OS	142	4/483	0/49	0	0	inf
SRX10499684	TFs and others	G-quadruplex	Bone	U2OS	143	8/483	0/49	0	0	inf
SRX10499686	TFs and others	G-quadruplex	Bone	U2OS	105	3/483	0/49	0	0	inf
SRX10499687	TFs and others	G-quadruplex	Bone	U2OS	90	3/483	0/49	0	0	inf
SRX10499688	TFs and others	G-quadruplex	Bone	U2OS	142	6/483	0/49	0	0	inf
SRX10499690	TFs and others	G-quadruplex	Bone	U2OS	90	7/483	0/49	0	0	inf
SRX10499691	TFs and others	G-quadruplex	Bone	U2OS	70	5/483	0/49	0	0	inf
SRX10499692	TFs and others	G-quadruplex	Bone	U2OS	91	6/483	0/49	0	0	inf
SRX10499694	TFs and others	G-quadruplex	Bone	U2OS	111	3/483	0/49	0	0	inf
SRX10499695	TFs and others	G-quadruplex	Bone	U2OS	114	3/483	0/49	0	0	inf
SRX10499696	TFs and others	G-quadruplex	Bone	U2OS	153	9/483	0/49	0	0	inf
SRX10499698	TFs and others	G-quadruplex	Bone	U2OS	65	5/483	0/49	0	0	inf
SRX10499699	TFs and others	G-quadruplex	Bone	U2OS	88	3/483	0/49	0	0	inf
SRX10499700	TFs and others	G-quadruplex	Bone	U2OS	116	3/483	0/49	0	0	inf
SRX1053919	TFs and others	HDAC2	Pluripotent stem cell	iPS cells	10	6/483	0/49	0	0	inf
SRX1053924	TFs and others	HDAC2	Pluripotent stem cell	iPS cells	112	9/483	0/49	0	0	inf
SRX1053929	TFs and others	HDAC2	Pluripotent stem cell	iPS cells	93	9/483	0/49	0	0	inf
SRX1053939	TFs and others	HDAC2	Pluripotent stem cell	ES cells	84	8/483	0/49	0	0	inf
SRX1053958	TFs and others	HDAC2	Pluripotent stem cell	ES cells	53	7/483	0/49	0	0	inf
SRX1053973	TFs and others	HDAC2	Pluripotent stem cell	ES cells	98	6/483	0/49	0	0	inf
SRX1053981	TFs and others	HDAC2	Pluripotent stem cell	iPS cells	60	8/483	0/49	0	0	inf
SRX10644245	TFs and others	CDT1	Digestive tract	HCT 116	1110	7/483	0/49	0	0	inf
SRX10644246	TFs and others	CDT1	Digestive tract	HCT 116	1898	7/483	0/49	0	0	inf
SRX10644250	TFs and others	CDT1	Digestive tract	HCT 116	638	5/483	0/49	0	0	inf
SRX10644251	TFs and others	CDT1	Digestive tract	HCT 116	1273	3/483	0/49	0	0	inf
SRX10644252	TFs and others	CDT1	Digestive tract	HCT 116	641	3/483	0/49	0	0	inf
SRX10644253	TFs and others	MCM2	Digestive tract	HCT 116	1748	7/483	0/49	0	0	inf
SRX10644256	TFs and others	MCM2	Digestive tract	HCT 116	2405	4/483	0/49	0	0	inf
SRX1066863	TFs and others	BANP	Digestive tract	HCT 116	2906	6/483	0/49	0	0	inf
SRX107294	TFs and others	LMO2	Blood	CCRF-CEM	61	7/483	0/49	0	0	inf
SRX107295	TFs and others	RUNX1	Blood	CCRF-CEM	5	1/483	0/49	0	0	inf
SRX107297	TFs and others	TAL1	Blood	CCRF-CEM	180	7/483	0/49	0	0	inf
SRX107299	TFs and others	TAL1	Blood	T-ALL	14	7/483	0/49	0	0	inf
SRX107301	TFs and others	TAL1	Blood	T-ALL	48	9/483	0/49	0	0	inf
SRX107307	TFs and others	LMO1	Blood	Jurkat (Clone E6-1)	39	8/483	0/49	0	0	inf
SRX107363	TFs and others	ESR1	Breast	H3396	2996	9/483	0/49	0	0	inf
SRX107364	TFs and others	ESR1	Breast	H3396	1672	4/483	0/49	0	0	inf
SRX107365	TFs and others	ESR1	Breast	H3396	976	6/483	0/49	0	0	inf
SRX107366	TFs and others	ESR1	Breast	H3396	1532	5/483	0/49	0	0	inf
SRX107367	TFs and others	ESR1	Breast	H3396	663	6/483	0/49	0	0	inf
SRX107368	TFs and others	ESR1	Breast	H3396	3433	7/483	0/49	0	0	inf
SRX10756461	TFs and others	PCNA	Bone	U2OS	58	9/483	0/49	0	0	inf
SRX10760647	TFs and others	KDM6A	Blood	MM.1S	394	6/483	0/49	0	0	inf
SRX10809338	TFs and others	PSIP1	Neural	DIPG7	100	5/483	0/49	0	0	inf
SRX10809342	TFs and others	PSIP1	Neural	SU-pcGBM-2	53	8/483	0/49	0	0	inf
SRX10820556	TFs and others	BRD4	Blood	REH	257	4/483	0/49	0	0	inf
SRX1085063	TFs and others	KDM2B	Blood	K-562	306	7/483	0/49	0	0	inf
SRX1085067	TFs and others	KDM2B	Blood	SUP-B15	294	8/483	0/49	0	0	inf
SRX10867752	TFs and others	LMNA	Blood	GM12878	916	8/483	0/49	0	0	inf
SRX10867753	TFs and others	LMNA	Blood	GM12878	916	8/483	0/49	0	0	inf
SRX10880532	TFs and others	HMGA2	Digestive tract	MKN-45	214	8/483	0/49	0	0	inf
SRX10880533	TFs and others	HMGA2	Digestive tract	MKN-45	440	5/483	0/49	0	0	inf
SRX10881799	TFs and others	SMARCC1	Others	BT-16	286	9/483	0/49	0	0	inf
SRX1089827	TFs and others	TAL1	Blood	Hematopoietic Stem Cells	437	9/483	0/49	0	0	inf
SRX1091020	TFs and others	ARNTL	Blood	NOMO-1	46	9/483	0/49	0	0	inf
SRX1091024	TFs and others	ARNTL	Blood	NOMO-1	18	8/483	0/49	0	0	inf
SRX1091025	TFs and others	CLOCK	Blood	NOMO-1	53	8/483	0/49	0	0	inf
SRX1091028	TFs and others	ARNTL	Blood	NOMO-1	21	7/483	0/49	0	0	inf
SRX1091030	TFs and others	CLOCK	Blood	NOMO-1	48	8/483	0/49	0	0	inf
SRX1091033	TFs and others	Biotin	Blood	NOMO-1	12	6/483	0/49	0	0	inf
SRX1094499	TFs and others	BRD4	Unclassified	Unclassified	46	6/483	0/49	0	0	inf
SRX1094508	TFs and others	BRD4	Kidney	HEK293-T-REx	35	5/483	0/49	0	0	inf
SRX1094510	TFs and others	BRD4	Kidney	HEK293-T-REx	61	8/483	0/49	0	0	inf
SRX1094512	TFs and others	BRD4	Kidney	HEK293-T-REx	47	7/483	0/49	0	0	inf
SRX1094514	TFs and others	BRD4	Kidney	HEK293-T-REx	50	7/483	0/49	0	0	inf
SRX1094516	TFs and others	BRD4	Kidney	HEK293-T-REx	44	7/483	0/49	0	0	inf
SRX1094518	TFs and others	BRD4	Kidney	HEK293-T-REx	56	5/483	0/49	0	0	inf
SRX109479	TFs and others	BMI1	Neural	GBM1-HAM	119	6/483	0/49	0	0	inf
SRX11014594	TFs and others	NAT10	Bone	U2OS	547	9/483	0/49	0	0	inf
SRX11078134	TFs and others	RNF2	Kidney	293	440	7/483	0/49	0	0	inf
SRX11078136	TFs and others	RNF2	Kidney	293	555	8/483	0/49	0	0	inf
SRX11078228	TFs and others	S100A10	Digestive tract	HCT 116	378	9/483	0/49	0	0	inf
SRX11078230	TFs and others	S100A10	Digestive tract	LoVo	555	6/483	0/49	0	0	inf
SRX11084471	TFs and others	STAT3	Pancreas	MIA Paca-2	28	7/483	0/49	0	0	inf
SRX11084473	TFs and others	STAT3	Pancreas	MIA Paca-2	32	7/483	0/49	0	0	inf
SRX11084475	TFs and others	STAT3	Pancreas	MIA Paca-2	32	7/483	0/49	0	0	inf
SRX11084477	TFs and others	STAT3	Pancreas	MIA Paca-2	23	5/483	0/49	0	0	inf
SRX11084478	TFs and others	STAT3	Pancreas	MIA Paca-2	28	5/483	0/49	0	0	inf
SRX11084479	TFs and others	STAT3	Pancreas	MIA Paca-2	28	5/483	0/49	0	0	inf
SRX11094512	TFs and others	ERG	Neural	CHLA-25	2745	8/483	0/49	0	0	inf
SRX11094577	TFs and others	FLI1	Bone	TC-32	1095	8/483	0/49	0	0	inf
SRX11110959	TFs and others	HDAC1	Breast	MCF-7	427	9/483	0/49	0	0	inf
SRX11136876	TFs and others	KMT2D	Blood	THP-1	825	8/483	0/49	0	0	inf
SRX11136877	TFs and others	KMT2D	Blood	THP-1	757	9/483	0/49	0	0	inf
SRX11136878	TFs and others	KMT2D	Blood	THP-1	509	9/483	0/49	0	0	inf
SRX1116229	TFs and others	Epitope tags	Cardiovascular	HUVEC	304	7/483	0/49	0	0	inf
SRX1116231	TFs and others	EP300	Cardiovascular	HUVEC	1947	3/483	0/49	0	0	inf
SRX1117696	TFs and others	ZMYND8	Breast	ZR-75-30	47	2/483	0/49	0	0	inf
SRX11196922	TFs and others	NELFB	Kidney	293	382	9/483	0/49	0	0	inf
SRX11196944	TFs and others	GTF2B	Kidney	293	169	9/483	0/49	0	0	inf
SRX11220462	TFs and others	RELA	Digestive tract	HT-29	41	5/483	0/49	0	0	inf
SRX11220463	TFs and others	RELA	Digestive tract	HT-29	42	4/483	0/49	0	0	inf
SRX11220469	TFs and others	RELA	Digestive tract	HT-29	50	6/483	0/49	0	0	inf
SRX11220470	TFs and others	RELA	Digestive tract	HT-29	52	4/483	0/49	0	0	inf
SRX11220471	TFs and others	RELA	Digestive tract	HT-29	38	4/483	0/49	0	0	inf
SRX1123864	TFs and others	SMARCA4	Liver	MRT TTC549	261	7/483	0/49	0	0	inf
SRX1131597	TFs and others	CBFA2T2	Pluripotent stem cell	NCCIT	464	9/483	0/49	0	0	inf
SRX1131599	TFs and others	PRDM14	Pluripotent stem cell	NCCIT	699	7/483	0/49	0	0	inf
SRX1131600	TFs and others	RNF2	Pluripotent stem cell	NCCIT	252	9/483	0/49	0	0	inf
SRX1132446	TFs and others	AR	Prostate	C4-2	93	7/483	0/49	0	0	inf
SRX1132447	TFs and others	AR	Prostate	C4-2	232	9/483	0/49	0	0	inf
SRX113581	TFs and others	PCGF1	Kidney	293	172	9/483	0/49	0	0	inf
SRX113584	TFs and others	PCGF5	Kidney	293	165	8/483	0/49	0	0	inf
SRX113585	TFs and others	PCGF6	Kidney	293	194	8/483	0/49	0	0	inf
SRX113586	TFs and others	CBX2	Kidney	293	124	6/483	0/49	0	0	inf
SRX113589	TFs and others	RNF2	Kidney	293	279	9/483	0/49	0	0	inf
SRX113591	TFs and others	BMI1	Kidney	293	205	4/483	0/49	0	0	inf
SRX113592	TFs and others	CBX2	Kidney	293	71	6/483	0/49	0	0	inf
SRX1140810	TFs and others	EP300	Blood	LP-1	151	9/483	0/49	0	0	inf
SRX1140811	TFs and others	EP300	Blood	LP-1	157	9/483	0/49	0	0	inf
SRX114493	TFs and others	EPAS1	Kidney	786-O	411	8/483	0/49	0	0	inf
SRX114608	TFs and others	KSHV LANA	Blood	BCBL1	149	7/483	0/49	0	0	inf
SRX11758354	TFs and others	TP53	Gonad	A2780	191	8/483	0/49	0	0	inf
SRX11758355	TFs and others	TP53	Gonad	A2780	186	9/483	0/49	0	0	inf
SRX11758356	TFs and others	TP53	Gonad	A2780	193	8/483	0/49	0	0	inf
SRX11758357	TFs and others	TP53	Gonad	A2780	38	2/483	0/49	0	0	inf
SRX11758358	TFs and others	TP53	Gonad	A2780	1241	5/483	0/49	0	0	inf
SRX11758359	TFs and others	TP53	Gonad	A2780	221	5/483	0/49	0	0	inf
SRX11758360	TFs and others	TP53	Gonad	A2780	108	5/483	0/49	0	0	inf
SRX11758361	TFs and others	TP53	Gonad	A2780	1087	4/483	0/49	0	0	inf
SRX11758362	TFs and others	TP53	Gonad	A2780	67	3/483	0/49	0	0	inf
SRX1178181	TFs and others	MYCN	Neural	SK-N-BE(2)	105	9/483	0/49	0	0	inf
SRX118010	TFs and others	GPS2	Kidney	293	130	6/483	0/49	0	0	inf
SRX119637	TFs and others	Epitope tags	Lung	A549	205	7/483	0/49	0	0	inf
SRX11969040	TFs and others	BRD4	Epidermis	Keratinocytes	483	9/483	0/49	0	0	inf
SRX11969044	TFs and others	BRD4	Epidermis	Keratinocytes	778	9/483	0/49	0	0	inf
SRX11969045	TFs and others	BRD4	Epidermis	Keratinocytes	588	9/483	0/49	0	0	inf
SRX123442	TFs and others	SMARCB1	Pluripotent stem cell	NCCIT	47	8/483	0/49	0	0	inf
SRX128193	TFs and others	XRN2	Uterus	HeLa	222	9/483	0/49	0	0	inf
SRX1283467	TFs and others	GFP	Kidney	293	271	8/483	0/49	0	0	inf
SRX128777	TFs and others	TAL1	Blood	Jurkat (Clone E6-1)	139	8/483	0/49	0	0	inf
SRX128778	TFs and others	TAL1	Blood	Jurkat (Clone E6-1)	1109	9/483	0/49	0	0	inf
SRX128780	TFs and others	TCF3	Blood	Jurkat (Clone E6-1)	38	8/483	0/49	0	0	inf
SRX128784	TFs and others	RUNX1	Blood	Jurkat (Clone E6-1)	17	6/483	0/49	0	0	inf
SRX1293070	TFs and others	FUS	Kidney	293	31	7/483	0/49	0	0	inf
SRX1293071	TFs and others	EWSR1	Kidney	293	37	7/483	0/49	0	0	inf
SRX1299482	TFs and others	Epitope tags	Kidney	293	1318	9/483	0/49	0	0	inf
SRX130095	TFs and others	SETDB1	Epidermis	WM853	161	8/483	0/49	0	0	inf
SRX1304582	TFs and others	LYL1	Blood	THP-1	1140	8/483	0/49	0	0	inf
SRX130496	TFs and others	CBX3	Digestive tract	HCT 116	243	9/483	0/49	0	0	inf
SRX1322297	TFs and others	EBNA1	Blood	RAJI	206	6/483	0/49	0	0	inf
SRX1322298	TFs and others	EBNA1	Blood	Mutu	730	8/483	0/49	0	0	inf
SRX1322299	TFs and others	EBNA1	Blood	B cells	265	9/483	0/49	0	0	inf
SRX1322300	TFs and others	EBNA1	Others	C666-1	281	1/483	0/49	0	0	inf
SRX1339015	TFs and others	AR	Breast	MDA-MB-453	191	8/483	0/49	0	0	inf
SRX1384028	TFs and others	TP53	Digestive tract	HCT 116	3207	8/483	0/49	0	0	inf
SRX1397385	TFs and others	GATA1	Blood	CD34+	120	8/483	0/49	0	0	inf
SRX144520	TFs and others	NFE2L2	Blood	Lymphoblastoid cell line	10	4/483	0/49	0	0	inf
SRX144521	TFs and others	NFE2L2	Blood	Lymphoblastoid cell line	39	7/483	0/49	0	0	inf
SRX144522	TFs and others	NFE2L2	Blood	GM12872	20	5/483	0/49	0	0	inf
SRX144523	TFs and others	NFE2L2	Blood	Lymphoblastoid cell line	19	4/483	0/49	0	0	inf
SRX144525	TFs and others	NFE2L2	Blood	Lymphoblastoid cell line	48	8/483	0/49	0	0	inf
SRX144526	TFs and others	NFE2L2	Blood	GM12872	26	6/483	0/49	0	0	inf
SRX144527	TFs and others	NFE2L2	Blood	Lymphoblastoid cell line	5	2/483	0/49	0	0	inf
SRX1460240	TFs and others	EP300	Blood	LP-1	68	8/483	0/49	0	0	inf
SRX1471688	TFs and others	NFE2L2	Lung	BEAS-2B	101	8/483	0/49	0	0	inf
SRX1471689	TFs and others	NFE2L2	Lung	BEAS-2B	71	8/483	0/49	0	0	inf
SRX1471690	TFs and others	NFE2L2	Lung	BEAS-2B	12	5/483	0/49	0	0	inf
SRX1471691	TFs and others	NFE2L2	Lung	BEAS-2B	5	2/483	0/49	0	0	inf
SRX147604	TFs and others	AR	Prostate	LNCAP	20	5/483	0/49	0	0	inf
SRX148009	TFs and others	SETDB1	Epidermis	WM451	204	9/483	0/49	0	0	inf
SRX1491920	TFs and others	Epitope tags	Blood	Lymphoblastoid cell line	309	8/483	0/49	0	0	inf
SRX149702	TFs and others	Epitope tags	Kidney	293	179	8/483	0/49	0	0	inf
SRX1497393	TFs and others	BRD4	Blood	RAJI	117	6/483	0/49	0	0	inf
SRX150429	TFs and others	ZNF274	Blood	GM12878	129	8/483	0/49	0	0	inf
SRX150430	TFs and others	ZNF274	Liver	Hep G2	403	9/483	0/49	0	0	inf
SRX150495	TFs and others	ZZZ3	Uterus	HeLa	532	8/483	0/49	0	0	inf
SRX150504	TFs and others	XRCC4	Blood	K-562	166	7/483	0/49	0	0	inf
SRX150558	TFs and others	ZNF274	Blood	K-562	269	7/483	0/49	0	0	inf
SRX150620	TFs and others	JUND	Blood	GM12878	1530	7/483	0/49	0	0	inf
SRX150652	TFs and others	SETDB1	Blood	K-562	147	7/483	0/49	0	0	inf
SRX150661	TFs and others	BRF1	Uterus	HeLa	379	5/483	0/49	0	0	inf
SRX150750	TFs and others	HOXA9	Blood	SEM	804	9/483	0/49	0	0	inf
SRX150751	TFs and others	MEIS1	Blood	SEM	2367	9/483	0/49	0	0	inf
SRX150752	TFs and others	HOXA9	Blood	SEM	107	9/483	0/49	0	0	inf
SRX150753	TFs and others	MEIS1	Blood	SEM	555	8/483	0/49	0	0	inf
SRX1514920	TFs and others	GFP	Kidney	293	277	9/483	0/49	0	0	inf
SRX1514927	TFs and others	GFP	Kidney	293	266	7/483	0/49	0	0	inf
SRX1514928	TFs and others	GFP	Kidney	293	201	6/483	0/49	0	0	inf
SRX1514942	TFs and others	GFP	Kidney	293	99	8/483	0/49	0	0	inf
SRX1514943	TFs and others	GFP	Kidney	293	189	7/483	0/49	0	0	inf
SRX1514944	TFs and others	GFP	Kidney	293	2512	8/483	0/49	0	0	inf
SRX1514955	TFs and others	GFP	Kidney	293	263	9/483	0/49	0	0	inf
SRX1514960	TFs and others	GFP	Kidney	293	884	9/483	0/49	0	0	inf
SRX1514961	TFs and others	GFP	Kidney	293	155	7/483	0/49	0	0	inf
SRX1514965	TFs and others	GFP	Kidney	293	371	9/483	0/49	0	0	inf
SRX1514987	TFs and others	GFP	Kidney	293	343	9/483	0/49	0	0	inf
SRX1514990	TFs and others	GFP	Kidney	293	270	9/483	0/49	0	0	inf
SRX1514991	TFs and others	GFP	Kidney	293	106	5/483	0/49	0	0	inf
SRX1514993	TFs and others	GFP	Kidney	293	273	7/483	0/49	0	0	inf
SRX1515002	TFs and others	GFP	Kidney	293	323	9/483	0/49	0	0	inf
SRX1515003	TFs and others	GFP	Kidney	293	306	8/483	0/49	0	0	inf
SRX1515005	TFs and others	GFP	Kidney	293	359	9/483	0/49	0	0	inf
SRX1515007	TFs and others	GFP	Kidney	293	355	9/483	0/49	0	0	inf
SRX1515008	TFs and others	GFP	Kidney	293	299	9/483	0/49	0	0	inf
SRX1515016	TFs and others	GFP	Kidney	293	307	9/483	0/49	0	0	inf
SRX1515019	TFs and others	GFP	Kidney	293	450	8/483	0/49	0	0	inf
SRX1515020	TFs and others	GFP	Kidney	293	16594	8/483	0/49	0	0	inf
SRX1515023	TFs and others	GFP	Kidney	293	320	9/483	0/49	0	0	inf
SRX1515028	TFs and others	GFP	Kidney	293	322	9/483	0/49	0	0	inf
SRX1515054	TFs and others	GFP	Kidney	293	295	9/483	0/49	0	0	inf
SRX1515064	TFs and others	GFP	Kidney	293	165	7/483	0/49	0	0	inf
SRX1515066	TFs and others	GFP	Kidney	293	163	7/483	0/49	0	0	inf
SRX1515067	TFs and others	GFP	Kidney	293	292	9/483	0/49	0	0	inf
SRX1515070	TFs and others	GFP	Kidney	293	298	5/483	0/49	0	0	inf
SRX1515071	TFs and others	GFP	Kidney	293	274	7/483	0/49	0	0	inf
SRX1515073	TFs and others	GFP	Kidney	293	344	9/483	0/49	0	0	inf
SRX151939	TFs and others	IRF5	Blood	PBMC	137	8/483	0/49	0	0	inf
SRX151940	TFs and others	IRF5	Blood	PBMC	252	9/483	0/49	0	0	inf
SRX151944	TFs and others	IRF5	Blood	PBMC	113	9/483	0/49	0	0	inf
SRX1519704	TFs and others	UBTF	Pluripotent stem cell	hESC H9	121	7/483	0/49	0	0	inf
SRX1521304	TFs and others	EP300	Breast	ZR-75-30	232	2/483	0/49	0	0	inf
SRX1521315	TFs and others	KDM5C	Breast	ZR-75-30	28	4/483	0/49	0	0	inf
SRX1530787	TFs and others	EBNA2	Blood	GM12878	651	6/483	0/49	0	0	inf
SRX1550246	TFs and others	Epitope tags	Bone	U2OS	816	8/483	0/49	0	0	inf
SRX1550249	TFs and others	MYC	Bone	U2OS	246	4/483	0/49	0	0	inf
SRX155728	TFs and others	HSF1	Breast	MCF 10A	115	2/483	0/49	0	0	inf
SRX155730	TFs and others	HSF1	Breast	MCF 10A	172	2/483	0/49	0	0	inf
SRX155736	TFs and others	HSF1	Breast	ZR-75-1	207	9/483	0/49	0	0	inf
SRX155739	TFs and others	HSF1	Digestive tract	SW 620	182	7/483	0/49	0	0	inf
SRX155740	TFs and others	HSF1	Digestive tract	SW 620	204	7/483	0/49	0	0	inf
SRX155743	TFs and others	HSF1	Digestive tract	HCT-15	177	8/483	0/49	0	0	inf
SRX155745	TFs and others	HSF1	Digestive tract	HT-29	250	8/483	0/49	0	0	inf
SRX155775	TFs and others	HSF1	Digestive tract	Colon cancer	167	6/483	0/49	0	0	inf
SRX156110	TFs and others	DNMT1	Pluripotent stem cell	NCCIT	124	6/483	0/49	0	0	inf
SRX156118	TFs and others	DNMT1	Pluripotent stem cell	NCCIT	112	7/483	0/49	0	0	inf
SRX1569431	TFs and others	TOP1	Digestive tract	HCT 116	148	9/483	0/49	0	0	inf
SRX1569432	TFs and others	TOP1	Digestive tract	HCT 116	115	8/483	0/49	0	0	inf
SRX1569440	TFs and others	TOP1	Digestive tract	HCT 116	127	6/483	0/49	0	0	inf
SRX1569441	TFs and others	TOP1	Digestive tract	HCT 116	186	8/483	0/49	0	0	inf
SRX160731	TFs and others	EZH2	Prostate	LNCAP	1106	8/483	0/49	0	0	inf
SRX160734	TFs and others	AR	Prostate	LNCAP	1277	4/483	0/49	0	0	inf
SRX160744	TFs and others	MTA2	Digestive tract	HCT 116	384	9/483	0/49	0	0	inf
SRX1614802	TFs and others	ZNF366	Blood	Dendritic Cells	100	5/483	0/49	0	0	inf
SRX1616411	TFs and others	GTF3C5	Neural	IMR-5	1017	8/483	0/49	0	0	inf
SRX1629233	TFs and others	AR	Prostate	VCaP	348	5/483	0/49	0	0	inf
SRX1629237	TFs and others	AR	Prostate	VCaP	492	8/483	0/49	0	0	inf
SRX1629246	TFs and others	AR	Prostate	VCaP	2952	8/483	0/49	0	0	inf
SRX1629247	TFs and others	AR	Prostate	VCaP	1533	9/483	0/49	0	0	inf
SRX1669918	TFs and others	FXR1	Prostate	NCI-H358	223	9/483	0/49	0	0	inf
SRX1672138	TFs and others	RELA	Lung	BEAS-2B	204	7/483	0/49	0	0	inf
SRX1674508	TFs and others	GFP	Uterus	HeLa	109	6/483	0/49	0	0	inf
SRX1674509	TFs and others	GATAD2A	Uterus	HeLa	2335	7/483	0/49	0	0	inf
SRX1678204	TFs and others	PAX8	Uterus	FT33	178	9/483	0/49	0	0	inf
SRX1678206	TFs and others	PAX8	Uterus	FT194	236	7/483	0/49	0	0	inf
SRX1678208	TFs and others	PAX8	Uterus	FT194	170	8/483	0/49	0	0	inf
SRX1678210	TFs and others	PAX8	Gonad	KURAMOCHI	192	8/483	0/49	0	0	inf
SRX1678212	TFs and others	PAX8	Gonad	OVSAHO	177	7/483	0/49	0	0	inf
SRX1678214	TFs and others	PAX8	Gonad	JHOS-4	188	8/483	0/49	0	0	inf
SRX1690259	TFs and others	MYCN	Neural	Neuroblastoma	112	8/483	0/49	0	0	inf
SRX170347	TFs and others	EP300	Blood	Hematopoietic Stem Cells	90	8/483	0/49	0	0	inf
SRX170374	TFs and others	BRD3	Kidney	293	76	2/483	0/49	0	0	inf
SRX170375	TFs and others	BRD4	Kidney	293	65	1/483	0/49	0	0	inf
SRX170376	TFs and others	CBX5	Kidney	293	100	2/483	0/49	0	0	inf
SRX1709953	TFs and others	ESR1	Breast	T-47D	10	2/483	0/49	0	0	inf
SRX1709955	TFs and others	ESR1	Breast	T-47D	11	3/483	0/49	0	0	inf
SRX1709958	TFs and others	ESR1	Breast	T-47D	10	4/483	0/49	0	0	inf
SRX1709959	TFs and others	ESR1	Breast	T-47D	13	5/483	0/49	0	0	inf
SRX1709961	TFs and others	ESR1	Breast	T-47D	36	6/483	0/49	0	0	inf
SRX1709963	TFs and others	ESR1	Breast	T-47D	19	7/483	0/49	0	0	inf
SRX1709964	TFs and others	ESR1	Breast	T-47D	21	4/483	0/49	0	0	inf
SRX1709971	TFs and others	PGR	Breast	T-47D	338	8/483	0/49	0	0	inf
SRX1709972	TFs and others	ESR1	Breast	T-47D	360	8/483	0/49	0	0	inf
SRX1709973	TFs and others	PGR	Breast	T-47D	279	5/483	0/49	0	0	inf
SRX1709976	TFs and others	ESR1	Breast	T-47D	205	5/483	0/49	0	0	inf
SRX1709978	TFs and others	ESR1	Breast	T-47D	355	6/483	0/49	0	0	inf
SRX1709985	TFs and others	PGR	Breast	T-47D	383	9/483	0/49	0	0	inf
SRX1709988	TFs and others	ESR1	Breast	T-47D	383	9/483	0/49	0	0	inf
SRX173193	TFs and others	AR	Prostate	LNCAP	160	8/483	0/49	0	0	inf
SRX173194	TFs and others	AR	Prostate	LNCAP	144	7/483	0/49	0	0	inf
SRX173195	TFs and others	AR	Prostate	LNCAP	129	7/483	0/49	0	0	inf
SRX173196	TFs and others	AR	Prostate	LNCAP	110	6/483	0/49	0	0	inf
SRX1745724	TFs and others	ESR1	Uterus	Endometrial Stromal Tumors	404	9/483	0/49	0	0	inf
SRX176887	TFs and others	ESR1	Breast	ZR-75-1	611	9/483	0/49	0	0	inf
SRX1772378	TFs and others	DDX11	Lung	A549	717	8/483	0/49	0	0	inf
SRX1772379	TFs and others	DDX11	Lung	A549	718	8/483	0/49	0	0	inf
SRX1772381	TFs and others	DDX11	Lung	A549	804	6/483	0/49	0	0	inf
SRX1772382	TFs and others	DDX11	Lung	A549	650	6/483	0/49	0	0	inf
SRX1781657	TFs and others	LMNA	Epidermis	Dermal fibroblast	177	8/483	0/49	0	0	inf
SRX1781661	TFs and others	Epitope tags	Uterus	HeLa	668	9/483	0/49	0	0	inf
SRX180887	TFs and others	EBNA1	Blood	RAJI	203	6/483	0/49	0	0	inf
SRX181189	TFs and others	MYC	Lung	A549	33947	5/483	0/49	0	0	inf
SRX181190	TFs and others	MYC	Lung	A549	30983	5/483	0/49	0	0	inf
SRX181191	TFs and others	NME2	Lung	A549	20639	5/483	0/49	0	0	inf
SRX181192	TFs and others	NME2	Lung	A549	17485	5/483	0/49	0	0	inf
SRX1813572	TFs and others	POU5F1	Lung	MRC-5	26	8/483	0/49	0	0	inf
SRX1813573	TFs and others	POU5F1	Lung	MRC-5	25	8/483	0/49	0	0	inf
SRX1813574	TFs and others	POU5F1	Lung	MRC-5	45	8/483	0/49	0	0	inf
SRX1813576	TFs and others	POU5F1	Lung	MRC-5	50	8/483	0/49	0	0	inf
SRX1813580	TFs and others	SOX2	Lung	MRC-5	13	5/483	0/49	0	0	inf
SRX1813581	TFs and others	SOX2	Lung	MRC-5	6	3/483	0/49	0	0	inf
SRX1813582	TFs and others	SOX2	Lung	MRC-5	42	8/483	0/49	0	0	inf
SRX1813583	TFs and others	SOX2	Lung	MRC-5	84	8/483	0/49	0	0	inf
SRX1813584	TFs and others	SOX2	Lung	MRC-5	31	7/483	0/49	0	0	inf
SRX1813585	TFs and others	SOX2	Lung	MRC-5	39	8/483	0/49	0	0	inf
SRX1813586	TFs and others	SOX2	Pluripotent stem cell	iPS cells	22	7/483	0/49	0	0	inf
SRX1813587	TFs and others	SOX2	Pluripotent stem cell	iPS cells	11	3/483	0/49	0	0	inf
SRX1813589	TFs and others	KLF4	Lung	MRC-5	5	3/483	0/49	0	0	inf
SRX1813590	TFs and others	KLF4	Lung	MRC-5	18	6/483	0/49	0	0	inf
SRX1813591	TFs and others	KLF4	Lung	MRC-5	20	7/483	0/49	0	0	inf
SRX1813592	TFs and others	KLF4	Lung	MRC-5	30	7/483	0/49	0	0	inf
SRX1813593	TFs and others	KLF4	Lung	MRC-5	15	6/483	0/49	0	0	inf
SRX1813594	TFs and others	KLF4	Pluripotent stem cell	iPS cells	10	4/483	0/49	0	0	inf
SRX1813596	TFs and others	MYC	Lung	MRC-5	17	7/483	0/49	0	0	inf
SRX1813597	TFs and others	MYC	Lung	MRC-5	7	4/483	0/49	0	0	inf
SRX1813598	TFs and others	MYC	Lung	MRC-5	28	7/483	0/49	0	0	inf
SRX1813599	TFs and others	MYC	Lung	MRC-5	17	7/483	0/49	0	0	inf
SRX1813600	TFs and others	MYC	Lung	MRC-5	32	8/483	0/49	0	0	inf
SRX1813601	TFs and others	MYC	Lung	MRC-5	14	7/483	0/49	0	0	inf
SRX1813602	TFs and others	MYC	Pluripotent stem cell	iPS cells	18	8/483	0/49	0	0	inf
SRX1814806	TFs and others	MYC	Uterus	HeLa	168	5/483	0/49	0	0	inf
SRX1814807	TFs and others	MYC	Uterus	HeLa	189	9/483	0/49	0	0	inf
SRX1819614	TFs and others	ZMYND8	Prostate	DU 145	122	5/483	0/49	0	0	inf
SRX1823813	TFs and others	JUND	Bone	Osteoblasts	15	4/483	0/49	0	0	inf
SRX1823817	TFs and others	STAT3	Bone	Osteoblasts	33	8/483	0/49	0	0	inf
SRX1823820	TFs and others	BRD4	Pancreas	L3.6	1363	7/483	0/49	0	0	inf
SRX1829864	TFs and others	INO80	Epidermis	A-375	202	7/483	0/49	0	0	inf
SRX1829880	TFs and others	INO80	Blood	SK-MEL-147	418	9/483	0/49	0	0	inf
SRX1842780	TFs and others	MYCN	Neural	Neuroblastoma	215	6/483	0/49	0	0	inf
SRX1845233	TFs and others	EBV-ZEBRA	Others	HONE-1	8907	9/483	0/49	0	0	inf
SRX1845234	TFs and others	EBV-ZEBRA	Others	HONE-1	5820	7/483	0/49	0	0	inf
SRX184873	TFs and others	SAG	Lung	A549	169	8/483	0/49	0	0	inf
SRX184874	TFs and others	SAG	Lung	A549	175	7/483	0/49	0	0	inf
SRX1872772	TFs and others	ERF	Prostate	VCaP	72	6/483	0/49	0	0	inf
SRX189249	TFs and others	TP53	Pluripotent stem cell	hESC H9	103	3/483	0/49	0	0	inf
SRX189251	TFs and others	TP53	Pluripotent stem cell	hESC H9	648	6/483	0/49	0	0	inf
SRX1923320	TFs and others	BRD4	Blood	Mutu	531	2/483	0/49	0	0	inf
SRX1923322	TFs and others	BRD2	Blood	Mutu	811	6/483	0/49	0	0	inf
SRX1923323	TFs and others	BRD2	Blood	Mutu	678	7/483	0/49	0	0	inf
SRX1923324	TFs and others	BRD3	Blood	Mutu	477	3/483	0/49	0	0	inf
SRX1923325	TFs and others	BRD3	Blood	Mutu	611	5/483	0/49	0	0	inf
SRX1993515	TFs and others	HMGB2	Lung	IMR-90	963	8/483	0/49	0	0	inf
SRX1993516	TFs and others	HMGB2	Lung	IMR-90	965	9/483	0/49	0	0	inf
SRX1995217	TFs and others	CTCF	Breast	MCF-7	165	4/483	0/49	0	0	inf
SRX1995218	TFs and others	CTCF	Breast	MCF-7	239	6/483	0/49	0	0	inf
SRX1995219	TFs and others	CTCF	Breast	MCF-7	118	9/483	0/49	0	0	inf
SRX1995220	TFs and others	ESR1	Breast	MCF-7	127	9/483	0/49	0	0	inf
SRX1995223	TFs and others	FOXA1	Breast	MCF-7	276	9/483	0/49	0	0	inf
SRX1995224	TFs and others	FOXA1	Breast	MCF-7	96	9/483	0/49	0	0	inf
SRX1995225	TFs and others	FOXA1	Breast	MCF-7	174	7/483	0/49	0	0	inf
SRX1995226	TFs and others	LMNB1	Breast	MCF-7	80	8/483	0/49	0	0	inf
SRX1998401	TFs and others	MAPK1	Muscle	Rhabdomyosarcoma	385	8/483	0/49	0	0	inf
SRX1998424	TFs and others	MYOG	Muscle	Rhabdomyosarcoma	343	9/483	0/49	0	0	inf
SRX2000340	TFs and others	RARB	Breast	MCF-12A	345	6/483	0/49	0	0	inf
SRX2000341	TFs and others	5-hmC	Breast	MCF-12A	398	9/483	0/49	0	0	inf
SRX2000343	TFs and others	RARB	Breast	MCF-12A	413	9/483	0/49	0	0	inf
SRX2000344	TFs and others	5-hmC	Breast	MCF-12A	287	5/483	0/49	0	0	inf
SRX200050	TFs and others	LMNA	Epidermis	Forearm skin	206	5/483	0/49	0	0	inf
SRX2009503	TFs and others	EZH2	Neural	SF8628	264	9/483	0/49	0	0	inf
SRX2009525	TFs and others	EZH2	Neural	Diffuse intrinsic pontine glioma	901	9/483	0/49	0	0	inf
SRX2010836	TFs and others	EHF	Lung	NHBE	108	8/483	0/49	0	0	inf
SRX2017927	TFs and others	AR	Prostate	LNCAP	6427	9/483	0/49	0	0	inf
SRX2023705	TFs and others	TBX5	Pluripotent stem cell	iPS derived cardiac cells	113	1/483	0/49	0	0	inf
SRX2023732	TFs and others	HDAC2	Pluripotent stem cell	iPS derived cardiac cells	17	1/483	0/49	0	0	inf
SRX2023742	TFs and others	TBX5	Pluripotent stem cell	iPS derived cardiac cells	25	1/483	0/49	0	0	inf
SRX2023749	TFs and others	MED1	Pluripotent stem cell	iPS derived cardiac cells	413	3/483	0/49	0	0	inf
SRX2023766	TFs and others	GATA4	Pluripotent stem cell	iPS derived cardiac cells	404	1/483	0/49	0	0	inf
SRX2023772	TFs and others	MED1	Pluripotent stem cell	iPS derived cardiac cells	414	3/483	0/49	0	0	inf
SRX204898	TFs and others	Epitope tags	Gonad	SK-OV-3	197	9/483	0/49	0	0	inf
SRX204899	TFs and others	Epitope tags	Gonad	SK-OV-3	177	8/483	0/49	0	0	inf
SRX2067666	TFs and others	ERG	Prostate	RWPE-1	342	9/483	0/49	0	0	inf
SRX212319	TFs and others	CTCF	Blood	Macrophages	783	8/483	0/49	0	0	inf
SRX212362	TFs and others	HIF1A	Blood	Macrophages	369	8/483	0/49	0	0	inf
SRX212366	TFs and others	EPAS1	Blood	Macrophages	347	9/483	0/49	0	0	inf
SRX212432	TFs and others	STAT5	Blood	Treg	400	9/483	0/49	0	0	inf
SRX218224	TFs and others	HSF1	Blood	K-562	113	7/483	0/49	0	0	inf
SRX2185383	TFs and others	CASP3	Breast	MCF-7	15	1/483	0/49	0	0	inf
SRX2198834	TFs and others	LARP7	Uterus	HeLa	442	8/483	0/49	0	0	inf
SRX220061	TFs and others	PGR	Cardiovascular	HUVEC	421	9/483	0/49	0	0	inf
SRX220063	TFs and others	PGR	Cardiovascular	HUVEC	320	6/483	0/49	0	0	inf
SRX2207929	TFs and others	ERCC8	Epidermis	CS1AN	655	8/483	0/49	0	0	inf
SRX2242955	TFs and others	RBPJ	Neural	GSC8	531	5/483	0/49	0	0	inf
SRX2242956	TFs and others	NOTCH1	Neural	GSC8	522	3/483	0/49	0	0	inf
SRX2242957	TFs and others	NOTCH1	Neural	GSC8	167	2/483	0/49	0	0	inf
SRX2242958	TFs and others	NOTCH1	Neural	GSC8	39	2/483	0/49	0	0	inf
SRX2245088	TFs and others	Epitope tags	Blood	Lymphoblastoid cell line	502	9/483	0/49	0	0	inf
SRX2245089	TFs and others	Epitope tags	Blood	Lymphoblastoid cell line	1352	9/483	0/49	0	0	inf
SRX2245091	TFs and others	Epitope tags	Blood	Lymphoblastoid cell line	644	7/483	0/49	0	0	inf
SRX2253222	TFs and others	CD74	Blood	B cells	270	8/483	0/49	0	0	inf
SRX2254544	TFs and others	Epitope tags	Kidney	293	53	6/483	0/49	0	0	inf
SRX2254718	TFs and others	TRF2	Muscle	Myotube	540	7/483	0/49	0	0	inf
SRX2254719	TFs and others	TRF2	Muscle	Myotube	589	7/483	0/49	0	0	inf
SRX2267948	TFs and others	STAT3	Liver	HepaRG	18	2/483	0/49	0	0	inf
SRX2267950	TFs and others	STAT3	Liver	HepaRG	100	6/483	0/49	0	0	inf
SRX2319756	TFs and others	VDR	Blood	THP-1	271	9/483	0/49	0	0	inf
SRX2319764	TFs and others	VDR	Blood	THP-1	256	8/483	0/49	0	0	inf
SRX2323910	TFs and others	AFF1	Blood	Pre-B cell leukemia	323	9/483	0/49	0	0	inf
SRX2323911	TFs and others	AFF1	Blood	Pre-B cell leukemia	342	8/483	0/49	0	0	inf
SRX2349632	TFs and others	LMNB1	Blood	BL-2	214	5/483	0/49	0	0	inf
SRX2349633	TFs and others	LMNB1	Blood	BL-2	286	7/483	0/49	0	0	inf
SRX235055	TFs and others	CRY1	Bone	U2OS	1404	9/483	0/49	0	0	inf
SRX2353655	TFs and others	AR	Prostate	LNCAP	3023	2/483	0/49	0	0	inf
SRX2367967	TFs and others	SP140	Blood	Macrophages	200	8/483	0/49	0	0	inf
SRX2367969	TFs and others	SP140	Blood	Macrophages	243	9/483	0/49	0	0	inf
SRX2373978	TFs and others	TAZ	Digestive tract	SW 480	326	8/483	0/49	0	0	inf
SRX2373980	TFs and others	TAZ	Digestive tract	SW 480	257	8/483	0/49	0	0	inf
SRX2382333	TFs and others	EBF3	Neural	SK-N-SH	429	9/483	0/49	0	0	inf
SRX2382334	TFs and others	EBF3	Neural	SK-N-SH	360	9/483	0/49	0	0	inf
SRX2400573	TFs and others	RAD51	Bone	U2OS	8	1/483	0/49	0	0	inf
SRX2400574	TFs and others	RAD51	Bone	U2OS	53	2/483	0/49	0	0	inf
SRX2400575	TFs and others	RAD51	Bone	U2OS	29	1/483	0/49	0	0	inf
SRX2400576	TFs and others	RAD51	Bone	U2OS	26	2/483	0/49	0	0	inf
SRX2404125	TFs and others	RELA	Others	Detroit 562	336	9/483	0/49	0	0	inf
SRX2404126	TFs and others	RELA	Others	Detroit 562	231	9/483	0/49	0	0	inf
SRX2404141	TFs and others	RELA	Others	Detroit 562	1090	8/483	0/49	0	0	inf
SRX2417121	TFs and others	Epitope tags	Kidney	293	189	9/483	0/49	0	0	inf
SRX2442519	TFs and others	CUX1	Blood	K-562	328	9/483	0/49	0	0	inf
SRX2442520	TFs and others	CUX1	Blood	K-562	527	9/483	0/49	0	0	inf
SRX2442522	TFs and others	CUX1	Blood	K-562	295	8/483	0/49	0	0	inf
SRX2464016	TFs and others	EP300	Blood	CD8+ T cells	281	9/483	0/49	0	0	inf
SRX2464018	TFs and others	EP300	Blood	CD8+ T cells	311	9/483	0/49	0	0	inf
SRX2480568	TFs and others	FOXD3	Lung	A549	83	1/483	0/49	0	0	inf
SRX248932	TFs and others	TAL1	Blood	CD34+	276	9/483	0/49	0	0	inf
SRX248933	TFs and others	LYL1	Blood	CD34+	529	8/483	0/49	0	0	inf
SRX2493169	TFs and others	AATF	Blood	NALM-6	198	9/483	0/49	0	0	inf
SRX2514254	TFs and others	ESR1	Uterus	Carcinoma, Endometrioid	267	9/483	0/49	0	0	inf
SRX2514371	TFs and others	GFP	Uterus	HeLa	813	8/483	0/49	0	0	inf
SRX2524360	TFs and others	MYB	Blood	MV-4-11	239	9/483	0/49	0	0	inf
SRX2524366	TFs and others	MYB	Blood	MV-4-11	231	9/483	0/49	0	0	inf
SRX2529784	TFs and others	Epitope tags	Blood	RAJI	294	7/483	0/49	0	0	inf
SRX2533040	TFs and others	SIRT1	Blood	K-562	984	9/483	0/49	0	0	inf
SRX2533041	TFs and others	SIRT1	Blood	K-562	4216	5/483	0/49	0	0	inf
SRX2533042	TFs and others	SIRT1	Blood	K-562	265	3/483	0/49	0	0	inf
SRX2533043	TFs and others	SIRT1	Blood	K-562	4100	9/483	0/49	0	0	inf
SRX2533044	TFs and others	SIRT1	Blood	K-562	3533	8/483	0/49	0	0	inf
SRX2541222	TFs and others	AR	Prostate	Prostate cancer cells	247	9/483	0/49	0	0	inf
SRX2545999	TFs and others	METTL3	Blood	MOLM-13	104	7/483	0/49	0	0	inf
SRX254618	TFs and others	SFMBT1	Uterus	HeLa	302	6/483	0/49	0	0	inf
SRX254619	TFs and others	KDM1A	Uterus	HeLa	266	8/483	0/49	0	0	inf
SRX254624	TFs and others	KDM1A	Uterus	HeLa	153	8/483	0/49	0	0	inf
SRX2548288	TFs and others	HBZ	Blood	KK1	598	3/483	0/49	0	0	inf
SRX2548290	TFs and others	HBZ	Blood	ST1	60	1/483	0/49	0	0	inf
SRX2556710	TFs and others	EZH2	Unclassified	Unclassified	181	7/483	0/49	0	0	inf
SRX2558410	TFs and others	YAP1	Cardiovascular	HBMEC	247	4/483	0/49	0	0	inf
SRX2558412	TFs and others	YAP1	Cardiovascular	HBMEC	259	4/483	0/49	0	0	inf
SRX256995	TFs and others	NR3C1	Blood	Lymphoblastoid cell line	1166	8/483	0/49	0	0	inf
SRX2578867	TFs and others	ESR1	Breast	MDA-MB-231	16	3/483	0/49	0	0	inf
SRX2578871	TFs and others	ESR1	Breast	MDA-MB-231	1703	5/483	0/49	0	0	inf
SRX2578875	TFs and others	ESR1	Breast	MDA-MB-231	50	4/483	0/49	0	0	inf
SRX2578879	TFs and others	ESR1	Breast	MDA-MB-231	929	8/483	0/49	0	0	inf
SRX2578882	TFs and others	MED1	Breast	MDA-MB-231	196	4/483	0/49	0	0	inf
SRX2578884	TFs and others	MED1	Breast	MDA-MB-231	199	4/483	0/49	0	0	inf
SRX2578888	TFs and others	MED1	Breast	MDA-MB-231	416	9/483	0/49	0	0	inf
SRX2578894	TFs and others	NCOA1	Breast	MDA-MB-231	177	5/483	0/49	0	0	inf
SRX2578914	TFs and others	EP300	Breast	MDA-MB-231	597	9/483	0/49	0	0	inf
SRX2578915	TFs and others	EP300	Breast	MDA-MB-231	341	7/483	0/49	0	0	inf
SRX2578917	TFs and others	EP300	Breast	MDA-MB-231	414	7/483	0/49	0	0	inf
SRX2578918	TFs and others	EP300	Breast	MDA-MB-231	588	9/483	0/49	0	0	inf
SRX2578919	TFs and others	EP300	Breast	MDA-MB-231	444	7/483	0/49	0	0	inf
SRX2578920	TFs and others	EP300	Breast	MDA-MB-231	533	8/483	0/49	0	0	inf
SRX2578921	TFs and others	EP300	Breast	MDA-MB-231	452	8/483	0/49	0	0	inf
SRX2582041	TFs and others	KDM4A	Breast	BCSC1	390	8/483	0/49	0	0	inf
SRX2589927	TFs and others	MORC2	Blood	K-562	366	9/483	0/49	0	0	inf
SRX2589928	TFs and others	MORC2	Blood	K-562	324	8/483	0/49	0	0	inf
SRX2589929	TFs and others	MORC2	Blood	K-562	144	7/483	0/49	0	0	inf
SRX2589930	TFs and others	MORC2	Blood	K-562	146	7/483	0/49	0	0	inf
SRX2589931	TFs and others	MORC2	Blood	K-562	197	8/483	0/49	0	0	inf
SRX2589932	TFs and others	MORC2	Blood	K-562	169	9/483	0/49	0	0	inf
SRX2589933	TFs and others	MORC2	Blood	K-562	154	8/483	0/49	0	0	inf
SRX2589934	TFs and others	MORC2	Blood	K-562	242	9/483	0/49	0	0	inf
SRX2589935	TFs and others	MPHOSPH8	Blood	K-562	256	8/483	0/49	0	0	inf
SRX2589936	TFs and others	MPHOSPH8	Blood	K-562	210	8/483	0/49	0	0	inf
SRX2589937	TFs and others	MPHOSPH8	Blood	K-562	193	8/483	0/49	0	0	inf
SRX2589938	TFs and others	MPHOSPH8	Blood	K-562	180	8/483	0/49	0	0	inf
SRX2589941	TFs and others	MPHOSPH8	Blood	K-562	398	9/483	0/49	0	0	inf
SRX2589942	TFs and others	MPHOSPH8	Blood	K-562	231	8/483	0/49	0	0	inf
SRX2589947	TFs and others	FAM208A	Blood	K-562	250	9/483	0/49	0	0	inf
SRX2589948	TFs and others	FAM208A	Blood	K-562	274	8/483	0/49	0	0	inf
SRX2594215	TFs and others	ERG	Prostate	RWPE-1	285	9/483	0/49	0	0	inf
SRX2594216	TFs and others	EZH2	Prostate	RWPE-1	282	8/483	0/49	0	0	inf
SRX2607383	TFs and others	JUN	Lung	HCC827	76	8/483	0/49	0	0	inf
SRX2607385	TFs and others	JUN	Lung	HCC827	627	9/483	0/49	0	0	inf
SRX2610695	TFs and others	EZH2	Gonad	A-1847	144	8/483	0/49	0	0	inf
SRX2610698	TFs and others	EZH2	Gonad	A-1847	244	9/483	0/49	0	0	inf
SRX2642354	TFs and others	HOXB13	Prostate	22Rv1	868	7/483	0/49	0	0	inf
SRX2642968	TFs and others	NELFA	Breast	Breast cells	64	2/483	0/49	0	0	inf
SRX2662142	TFs and others	SMARCC1	Breast	HMLE	200	9/483	0/49	0	0	inf
SRX2708809	TFs and others	INO80	Liver	Hep G2	41	2/483	0/49	0	0	inf
SRX2708810	TFs and others	INO80	Liver	Hep G2	44	1/483	0/49	0	0	inf
SRX2708818	TFs and others	MCRS1	Liver	Hep G2	270	9/483	0/49	0	0	inf
SRX2708820	TFs and others	MCRS1	Liver	HuH-7	7	1/483	0/49	0	0	inf
SRX2708821	TFs and others	MCRS1	Liver	HuH-7	71	9/483	0/49	0	0	inf
SRX2708822	TFs and others	RUVBL1	Liver	Hep G2	59	7/483	0/49	0	0	inf
SRX2708823	TFs and others	RUVBL1	Liver	Hep G2	17	2/483	0/49	0	0	inf
SRX2708824	TFs and others	RUVBL2	Liver	Hep G2	237	8/483	0/49	0	0	inf
SRX2708828	TFs and others	YY1	Liver	HuH-7	231	8/483	0/49	0	0	inf
SRX2731519	TFs and others	NCAPH2	Kidney	293	132	6/483	0/49	0	0	inf
SRX2731520	TFs and others	NCAPH2	Kidney	293	141	8/483	0/49	0	0	inf
SRX2731930	TFs and others	Epitope tags	Breast	MDA-MB-231	26	3/483	0/49	0	0	inf
SRX2731931	TFs and others	Epitope tags	Breast	MDA-MB-231	32	2/483	0/49	0	0	inf
SRX2731932	TFs and others	Epitope tags	Breast	MDA-MB-231	33	2/483	0/49	0	0	inf
SRX2731933	TFs and others	Epitope tags	Breast	MDA-MB-231	25	2/483	0/49	0	0	inf
SRX2731934	TFs and others	Epitope tags	Breast	MDA-MB-231	28	2/483	0/49	0	0	inf
SRX2731935	TFs and others	Epitope tags	Breast	MDA-MB-231	33	2/483	0/49	0	0	inf
SRX2732458	TFs and others	KLF4	Neural	Glioblastoma	414	8/483	0/49	0	0	inf
SRX2733343	TFs and others	NOTCH1	Blood	REC-1	141	9/483	0/49	0	0	inf
SRX2733344	TFs and others	NOTCH1	Blood	REC-1	133	9/483	0/49	0	0	inf
SRX2733345	TFs and others	NOTCH1	Blood	REC-1	357	9/483	0/49	0	0	inf
SRX2733346	TFs and others	NOTCH1	Blood	REC-1	323	9/483	0/49	0	0	inf
SRX2733347	TFs and others	RBPJ	Blood	REC-1	434	9/483	0/49	0	0	inf
SRX2744644	TFs and others	STAT5A	Digestive tract	DLD-1	116	7/483	0/49	0	0	inf
SRX2744645	TFs and others	BCL6	Digestive tract	DLD-1	125	8/483	0/49	0	0	inf
SRX2744646	TFs and others	STAT5A	Digestive tract	DLD-1	175	9/483	0/49	0	0	inf
SRX2744647	TFs and others	BCL6	Digestive tract	DLD-1	123	9/483	0/49	0	0	inf
SRX2744648	TFs and others	STAT5A	Digestive tract	DLD-1	159	9/483	0/49	0	0	inf
SRX2744649	TFs and others	BCL6	Digestive tract	DLD-1	142	9/483	0/49	0	0	inf
SRX2744650	TFs and others	STAT5A	Digestive tract	DLD-1	136	8/483	0/49	0	0	inf
SRX2744651	TFs and others	BCL6	Digestive tract	DLD-1	139	9/483	0/49	0	0	inf
SRX2744652	TFs and others	STAT5A	Digestive tract	DLD-1	189	9/483	0/49	0	0	inf
SRX2744653	TFs and others	BCL6	Digestive tract	DLD-1	136	9/483	0/49	0	0	inf
SRX2744654	TFs and others	STAT5A	Digestive tract	DLD-1	192	9/483	0/49	0	0	inf
SRX2744655	TFs and others	BCL6	Digestive tract	DLD-1	166	9/483	0/49	0	0	inf
SRX2744656	TFs and others	BCL6	Digestive tract	DLD-1	113	8/483	0/49	0	0	inf
SRX2744657	TFs and others	BCL6	Digestive tract	DLD-1	195	9/483	0/49	0	0	inf
SRX2749155	TFs and others	ARNT	Kidney	OS-RC-2	196	9/483	0/49	0	0	inf
SRX2755182	TFs and others	EBV-ZEBRA	Blood	GM12878	517	7/483	0/49	0	0	inf
SRX2755183	TFs and others	EBNA1	Blood	GM12878	666	6/483	0/49	0	0	inf
SRX276781	TFs and others	RING1	Prostate	DU 145	561	8/483	0/49	0	0	inf
SRX277132	TFs and others	TP63	Digestive tract	KYSE-70	847	9/483	0/49	0	0	inf
SRX277137	TFs and others	SOX2	Lung	HCC95	455	9/483	0/49	0	0	inf
SRX277138	TFs and others	TP63	Lung	HCC95	1542	9/483	0/49	0	0	inf
SRX277140	TFs and others	SOX2	Pluripotent stem cell	hESC H9	277	8/483	0/49	0	0	inf
SRX2778399	TFs and others	YY1	Blood	Lymphoblastoid cell line	788	9/483	0/49	0	0	inf
SRX278504	TFs and others	TP53	Blood	Lymphoblastoid cells	335	6/483	0/49	0	0	inf
SRX278507	TFs and others	TP53	Blood	Lymphoblastoid cells	15	4/483	0/49	0	0	inf
SRX278510	TFs and others	TP53	Blood	Lymphoblastoid cells	198	8/483	0/49	0	0	inf
SRX2793576	TFs and others	LMNA	Prostate	LNCAP	491	9/483	0/49	0	0	inf
SRX2793577	TFs and others	LMNB1	Prostate	LNCAP	518	9/483	0/49	0	0	inf
SRX2795363	TFs and others	BRD4	Blood	Mutu	415	3/483	0/49	0	0	inf
SRX2795365	TFs and others	BRD4	Blood	Mutu	629	6/483	0/49	0	0	inf
SRX2795366	TFs and others	BRD4	Blood	Akata	592	5/483	0/49	0	0	inf
SRX2795367	TFs and others	BRD4	Blood	Akata	482	3/483	0/49	0	0	inf
SRX2795368	TFs and others	BRD4	Blood	Akata	590	6/483	0/49	0	0	inf
SRX2795369	TFs and others	BRD4	Blood	Akata	439	4/483	0/49	0	0	inf
SRX2795370	TFs and others	BRD4	Blood	Akata	287	3/483	0/49	0	0	inf
SRX2795372	TFs and others	BRD4	Blood	Akata	260	3/483	0/49	0	0	inf
SRX2795373	TFs and others	BRD4	Blood	Akata	341	7/483	0/49	0	0	inf
SRX2831679	TFs and others	BCL11A	Blood	Pre-B cell leukemia	10	1/483	0/49	0	0	inf
SRX2837389	TFs and others	NFKB2	Blood	GM12878	850	8/483	0/49	0	0	inf
SRX283756	TFs and others	AR	Prostate	LNCAP	282	1/483	0/49	0	0	inf
SRX283757	TFs and others	AR	Prostate	LNCAP	55	1/483	0/49	0	0	inf
SRX2844315	TFs and others	YAP1	Pluripotent stem cell	hESC H1	308	9/483	0/49	0	0	inf
SRX285742	TFs and others	HOXB7	Breast	BT-474	76	9/483	0/49	0	0	inf
SRX285743	TFs and others	HOXB7	Breast	BT-474	261	7/483	0/49	0	0	inf
SRX285745	TFs and others	HOXB7	Breast	BT-474	138	9/483	0/49	0	0	inf
SRX2858136	TFs and others	TFCP2	Liver	BEL-7402	419	7/483	0/49	0	0	inf
SRX2858137	TFs and others	TFCP2	Liver	BEL-7402	388	9/483	0/49	0	0	inf
SRX2858138	TFs and others	TFCP2	Liver	BEL-7402	266	7/483	0/49	0	0	inf
SRX2858139	TFs and others	YAP1	Liver	BEL-7402	519	9/483	0/49	0	0	inf
SRX2858140	TFs and others	YAP1	Liver	BEL-7402	513	7/483	0/49	0	0	inf
SRX2858141	TFs and others	YAP1	Liver	BEL-7402	555	9/483	0/49	0	0	inf
SRX2862487	TFs and others	DNMT3B	Pluripotent stem cell	hESC HUES8	537	6/483	0/49	0	0	inf
SRX2862488	TFs and others	DNMT3B	Pluripotent stem cell	hESC HUES8	1148	4/483	0/49	0	0	inf
SRX2881006	TFs and others	ESR1	Breast	MCF-7	479	9/483	0/49	0	0	inf
SRX288275	TFs and others	GATA6	Pancreas	PA-TU-8988S	117	9/483	0/49	0	0	inf
SRX2897212	TFs and others	ESR1	Breast	Breast cancer cells	543	9/483	0/49	0	0	inf
SRX2897213	TFs and others	ESR1	Breast	Breast cancer cells	116	6/483	0/49	0	0	inf
SRX2897215	TFs and others	ESR1	Breast	Breast cancer cells	243	6/483	0/49	0	0	inf
SRX2897219	TFs and others	ESR1	Breast	Breast cancer cells	428	7/483	0/49	0	0	inf
SRX2897221	TFs and others	ESR1	Breast	Breast cancer cells	317	9/483	0/49	0	0	inf
SRX2897224	TFs and others	ESR1	Breast	Breast cancer cells	158	7/483	0/49	0	0	inf
SRX2900584	TFs and others	NR3C1	Blood	THP-1	498	7/483	0/49	0	0	inf
SRX2900585	TFs and others	NR3C1	Blood	THP-1	439	8/483	0/49	0	0	inf
SRX2900588	TFs and others	NCOA2	Blood	THP-1	786	7/483	0/49	0	0	inf
SRX2900589	TFs and others	NCOA2	Blood	THP-1	511	8/483	0/49	0	0	inf
SRX2900590	TFs and others	NCOA2	Blood	THP-1	1351	7/483	0/49	0	0	inf
SRX2900591	TFs and others	NCOA2	Blood	THP-1	727	8/483	0/49	0	0	inf
SRX2900593	TFs and others	NCOA2	Blood	THP-1	657	9/483	0/49	0	0	inf
SRX2900595	TFs and others	NCOA2	Blood	THP-1	742	8/483	0/49	0	0	inf
SRX2911577	TFs and others	GATA3	Neural	CLB-Ga	3345	2/483	0/49	0	0	inf
SRX2915389	TFs and others	PGR	Breast	T-47D	3235	5/483	0/49	0	0	inf
SRX2915392	TFs and others	PGR	Breast	T-47D	251	3/483	0/49	0	0	inf
SRX2924012	TFs and others	TP53	Breast	MCF-7	396	8/483	0/49	0	0	inf
SRX2940751	TFs and others	TP53	Blood	SK-MEL-5	81	9/483	0/49	0	0	inf
SRX2940752	TFs and others	TP53	Epidermis	Malme-3	16	4/483	0/49	0	0	inf
SRX2940756	TFs and others	TP53	Epidermis	UACC-62	70	8/483	0/49	0	0	inf
SRX2940758	TFs and others	TP53	Breast	MCF-7	167	5/483	0/49	0	0	inf
SRX2940759	TFs and others	TP53	Epidermis	UACC-257	255	8/483	0/49	0	0	inf
SRX2941475	TFs and others	PBXIP1	Bone	Chondrocytes	721	6/483	0/49	0	0	inf
SRX2949681	TFs and others	Hepatitis B Virus X antigen	Liver	Hep G2	122	3/483	0/49	0	0	inf
SRX2949682	TFs and others	Hepatitis B Virus X antigen	Liver	Hep G2	115	3/483	0/49	0	0	inf
SRX2949683	TFs and others	Hepatitis B Virus X antigen	Liver	HepaRG	16	3/483	0/49	0	0	inf
SRX2966968	TFs and others	POU5F1	Gonad	Testis	470	9/483	0/49	0	0	inf
SRX2966969	TFs and others	POU5F1	Gonad	Testis	119	6/483	0/49	0	0	inf
SRX2966970	TFs and others	POU5F1	Pluripotent stem cell	hESC H1	474	9/483	0/49	0	0	inf
SRX2966972	TFs and others	PAX5	Gonad	Testis	681	8/483	0/49	0	0	inf
SRX2966973	TFs and others	PRDM1	Gonad	Testis	216	8/483	0/49	0	0	inf
SRX2969529	TFs and others	AATF	Blood	KMS-27	38	7/483	0/49	0	0	inf
SRX2982419	TFs and others	FOXA1	Uterus	HEC-1-A	93	8/483	0/49	0	0	inf
SRX2990553	TFs and others	GLI1	Bone	Chondrosarcoma	101	8/483	0/49	0	0	inf
SRX2990554	TFs and others	GLI2	Bone	Chondrosarcoma	121	8/483	0/49	0	0	inf
SRX2993671	TFs and others	NR5A1	Pluripotent stem cell	hESC H9	328	9/483	0/49	0	0	inf
SRX2993673	TFs and others	NR5A1	Pluripotent stem cell	hESC H9	246	9/483	0/49	0	0	inf
SRX2993675	TFs and others	NR5A1	Pluripotent stem cell	hESC H9	104	8/483	0/49	0	0	inf
SRX3001603	TFs and others	FOXA1	Unclassified	Unclassified	1532	9/483	0/49	0	0	inf
SRX3001609	TFs and others	FOXA1	Unclassified	Unclassified	386	9/483	0/49	0	0	inf
SRX3009965	TFs and others	SUZ12	Pluripotent stem cell	NT2-D1	522	7/483	0/49	0	0	inf
SRX3011695	TFs and others	JMJD6	Breast	MCF-7	239	9/483	0/49	0	0	inf
SRX3020592	TFs and others	Epitope tags	Kidney	293	259	9/483	0/49	0	0	inf
SRX3032991	TFs and others	AR	Prostate	LNCAP	1557	3/483	0/49	0	0	inf
SRX3032993	TFs and others	AR	Prostate	LNCAP	12841	4/483	0/49	0	0	inf
SRX3032995	TFs and others	AR	Prostate	LNCAP	357	3/483	0/49	0	0	inf
SRX3032997	TFs and others	AR	Prostate	LNCAP	14351	5/483	0/49	0	0	inf
SRX3055410	TFs and others	AR	Prostate	R1-D567	370	9/483	0/49	0	0	inf
SRX306513	TFs and others	FOXA1	Prostate	DU 145	11123	9/483	0/49	0	0	inf
SRX3070467	TFs and others	NR3C1	Breast	MCF 10A	831	8/483	0/49	0	0	inf
SRX3070468	TFs and others	NR3C1	Breast	MCF 10A	106	9/483	0/49	0	0	inf
SRX3070470	TFs and others	NR3C1	Breast	MCF 10A	225	8/483	0/49	0	0	inf
SRX3070472	TFs and others	NR3C1	Breast	MCF 10A	477	8/483	0/49	0	0	inf
SRX3070474	TFs and others	NR3C1	Breast	MCF 10A	561	7/483	0/49	0	0	inf
SRX3070476	TFs and others	NR3C1	Breast	MCF 10A	579	7/483	0/49	0	0	inf
SRX3070540	TFs and others	PRDM1	Blood	U-266	329	8/483	0/49	0	0	inf
SRX3087158	TFs and others	TP53	Breast	MCF-7	311	8/483	0/49	0	0	inf
SRX3087159	TFs and others	TP53	Breast	MCF-7	453	8/483	0/49	0	0	inf
SRX3089108	TFs and others	SMARCA4	Liver	Hep G2	64	9/483	0/49	0	0	inf
SRX3089109	TFs and others	SMARCA4	Liver	Hep G2	91	9/483	0/49	0	0	inf
SRX3092072	TFs and others	MTA1	Digestive tract	HCT 116	309	7/483	0/49	0	0	inf
SRX3092922	TFs and others	EP300	Breast	MDA-MB-231	496	8/483	0/49	0	0	inf
SRX3092923	TFs and others	EP300	Breast	MDA-MB-231	425	8/483	0/49	0	0	inf
SRX3092925	TFs and others	EP300	Breast	MDA-MB-231	412	8/483	0/49	0	0	inf
SRX3092926	TFs and others	EP300	Breast	MDA-MB-231	334	9/483	0/49	0	0	inf
SRX3101873	TFs and others	ETV6	Blood	REH	317	2/483	0/49	0	0	inf
SRX3102709	TFs and others	ARID2	Kidney	786-O	654	9/483	0/49	0	0	inf
SRX3103118	TFs and others	SIRT6	Epidermis	SK-MEL-239	624	9/483	0/49	0	0	inf
SRX3110717	TFs and others	ESR1	Breast	MCF-7	539	9/483	0/49	0	0	inf
SRX3110737	TFs and others	ESR1	Breast	MCF-7	37	3/483	0/49	0	0	inf
SRX3110746	TFs and others	ESR1	Breast	MCF-7	265	9/483	0/49	0	0	inf
SRX3110747	TFs and others	ESR1	Breast	MCF-7	119	6/483	0/49	0	0	inf
SRX315145	TFs and others	AR	Prostate	LNCAP	70	4/483	0/49	0	0	inf
SRX315146	TFs and others	AR	Prostate	LNCAP	66	3/483	0/49	0	0	inf
SRX315147	TFs and others	AR	Prostate	LNCAP	63	2/483	0/49	0	0	inf
SRX315148	TFs and others	AR	Prostate	LNCAP	57	4/483	0/49	0	0	inf
SRX315149	TFs and others	AR	Prostate	LNCAP	58	2/483	0/49	0	0	inf
SRX315150	TFs and others	AR	Prostate	LNCAP	42	1/483	0/49	0	0	inf
SRX315151	TFs and others	AR	Prostate	LNCAP	90	7/483	0/49	0	0	inf
SRX315152	TFs and others	AR	Prostate	LNCAP	86	5/483	0/49	0	0	inf
SRX315153	TFs and others	AR	Prostate	LNCAP	97	6/483	0/49	0	0	inf
SRX315155	TFs and others	AR	Prostate	LNCAP	273	9/483	0/49	0	0	inf
SRX3186363	TFs and others	Epitope tags	Lung	HCC95	25	5/483	0/49	0	0	inf
SRX322539	TFs and others	Epitope tags	Blood	K-562	8	3/483	0/49	0	0	inf
SRX322540	TFs and others	Epitope tags	Blood	K-562	17	5/483	0/49	0	0	inf
SRX3236727	TFs and others	BRD2	Lung	NCI-H1299	485	5/483	0/49	0	0	inf
SRX3241380	TFs and others	ARID1A	Gonad	RMG-I	548	9/483	0/49	0	0	inf
SRX3275107	TFs and others	DNMT3B	Pluripotent stem cell	iPS cells	1590	6/483	0/49	0	0	inf
SRX3275108	TFs and others	DNMT3B	Pluripotent stem cell	iPS cells	1038	7/483	0/49	0	0	inf
SRX3285557	TFs and others	ESR1	Breast	MCF-7	1244	9/483	0/49	0	0	inf
SRX3285558	TFs and others	ESR1	Breast	MCF-7	1163	9/483	0/49	0	0	inf
SRX3285588	TFs and others	KDM5B	Breast	C70R	229	9/483	0/49	0	0	inf
SRX3287167	TFs and others	SMC3	Uterus	HeLa	1397	8/483	0/49	0	0	inf
SRX3287170	TFs and others	SMC3	Uterus	HeLa	321	9/483	0/49	0	0	inf
SRX3287172	TFs and others	SMC3	Uterus	HeLa	1249	9/483	0/49	0	0	inf
SRX3287176	TFs and others	SMC3	Uterus	HeLa	331	8/483	0/49	0	0	inf
SRX3288977	TFs and others	IRF3	Lung	Bronchial tracheal epithelial cells	36	6/483	0/49	0	0	inf
SRX329001	TFs and others	Epitope tags	Breast	T-47D	364	9/483	0/49	0	0	inf
SRX3292069	TFs and others	GATA3	Pluripotent stem cell	hESC derived trophoblast cells	5821	8/483	0/49	0	0	inf
SRX3292070	TFs and others	GATA3	Pluripotent stem cell	hESC derived trophoblast cells	2963	9/483	0/49	0	0	inf
SRX3292071	TFs and others	GATA2	Pluripotent stem cell	hESC derived trophoblast cells	393	8/483	0/49	0	0	inf
SRX3292072	TFs and others	GATA2	Pluripotent stem cell	hESC derived trophoblast cells	1105	8/483	0/49	0	0	inf
SRX3292074	TFs and others	TFAP2A	Pluripotent stem cell	hESC derived trophoblast cells	272	8/483	0/49	0	0	inf
SRX3292077	TFs and others	TFAP2C	Pluripotent stem cell	hESC derived trophoblast cells	241	7/483	0/49	0	0	inf
SRX3292078	TFs and others	TFAP2C	Pluripotent stem cell	hESC derived trophoblast cells	15	3/483	0/49	0	0	inf
SRX330071	TFs and others	Epitope tags	Breast	MCF-7	134	9/483	0/49	0	0	inf
SRX3312985	TFs and others	PADI2	Breast	T-47D	346	5/483	0/49	0	0	inf
SRX3312986	TFs and others	PADI2	Breast	T-47D	677	7/483	0/49	0	0	inf
SRX3330449	TFs and others	Epitope tags	Epidermis	Foreskin	60	7/483	0/49	0	0	inf
SRX334237	TFs and others	AR	Unclassified	Unclassified	2988	8/483	0/49	0	0	inf
SRX334240	TFs and others	AR	Unclassified	Unclassified	622	6/483	0/49	0	0	inf
SRX334241	TFs and others	AR	Unclassified	Unclassified	603	5/483	0/49	0	0	inf
SRX334245	TFs and others	AR	Unclassified	Unclassified	1629	5/483	0/49	0	0	inf
SRX334248	TFs and others	AR	Unclassified	Unclassified	248	9/483	0/49	0	0	inf
SRX334249	TFs and others	AR	Unclassified	Unclassified	226	8/483	0/49	0	0	inf
SRX334252	TFs and others	AR	Unclassified	Unclassified	7586	9/483	0/49	0	0	inf
SRX334253	TFs and others	AR	Unclassified	Unclassified	3049	5/483	0/49	0	0	inf
SRX3345959	TFs and others	NAB2	Blood	HL-60	601	8/483	0/49	0	0	inf
SRX3366971	TFs and others	AR	Prostate	LNCAP	965	9/483	0/49	0	0	inf
SRX3366973	TFs and others	AR	Prostate	LNCAP	782	9/483	0/49	0	0	inf
SRX3366975	TFs and others	AR	Prostate	LNCAP	796	9/483	0/49	0	0	inf
SRX3366976	TFs and others	AR	Prostate	LNCAP	716	9/483	0/49	0	0	inf
SRX3366983	TFs and others	AR	Prostate	LNCAP	521	1/483	0/49	0	0	inf
SRX3366984	TFs and others	AR	Prostate	LNCAP	3757	2/483	0/49	0	0	inf
SRX3366995	TFs and others	AR	Prostate	LNCAP	2740	4/483	0/49	0	0	inf
SRX3366996	TFs and others	AR	Prostate	LNCAP	28947	9/483	0/49	0	0	inf
SRX3367070	TFs and others	SOX2	Digestive tract	TE-5	308	9/483	0/49	0	0	inf
SRX3372031	TFs and others	FOXF1	Digestive tract	GIST48	636	9/483	0/49	0	0	inf
SRX3394271	TFs and others	FOXA2	Digestive tract	SW 480	2983	9/483	0/49	0	0	inf
SRX3395878	TFs and others	SIRT7	Blood	K-562	398	8/483	0/49	0	0	inf
SRX339949	TFs and others	EZH2	Kidney	293	125	7/483	0/49	0	0	inf
SRX3410378	TFs and others	RNF2	Breast	MDA-MB-231	875	8/483	0/49	0	0	inf
SRX3410404	TFs and others	ESR1	Breast	T-47D	1202	9/483	0/49	0	0	inf
SRX3422340	TFs and others	INSR	Neural	SH-SY5Y	512	9/483	0/49	0	0	inf
SRX3426554	TFs and others	SMARCA4	Liver	Hep G2	215	9/483	0/49	0	0	inf
SRX3426555	TFs and others	SMARCA4	Liver	Hep G2	156	8/483	0/49	0	0	inf
SRX3426556	TFs and others	SMARCA4	Liver	Hep G2	90	3/483	0/49	0	0	inf
SRX3426557	TFs and others	SMARCA4	Liver	Hep G2	183	8/483	0/49	0	0	inf
SRX3426558	TFs and others	SMARCA4	Liver	Hep G2	167	8/483	0/49	0	0	inf
SRX3426559	TFs and others	SMARCA4	Liver	Hep G2	176	9/483	0/49	0	0	inf
SRX3426560	TFs and others	SMARCA4	Liver	Hep G2	201	9/483	0/49	0	0	inf
SRX3426561	TFs and others	SMARCA4	Liver	Hep G2	155	8/483	0/49	0	0	inf
SRX3426562	TFs and others	SMARCA4	Liver	Hep G2	86	8/483	0/49	0	0	inf
SRX3434298	TFs and others	SKI	Blood	HL-60	318	8/483	0/49	0	0	inf
SRX3437423	TFs and others	CTCF	Uterus	HeLa	358	9/483	0/49	0	0	inf
SRX3437425	TFs and others	CTCF	Uterus	HeLa	316	7/483	0/49	0	0	inf
SRX3437427	TFs and others	CTCF	Uterus	HeLa	565	5/483	0/49	0	0	inf
SRX3437429	TFs and others	CTCF	Uterus	HeLa	353	9/483	0/49	0	0	inf
SRX3437430	TFs and others	CTCF	Uterus	HeLa	234	6/483	0/49	0	0	inf
SRX3437465	TFs and others	NRF1	Uterus	HeLa	13	3/483	0/49	0	0	inf
SRX3437466	TFs and others	NRF1	Uterus	HeLa	52	6/483	0/49	0	0	inf
SRX3437467	TFs and others	NRF1	Uterus	HeLa	42	5/483	0/49	0	0	inf
SRX3437468	TFs and others	NRF1	Uterus	HeLa	32	4/483	0/49	0	0	inf
SRX3437485	TFs and others	Epitope tags	Uterus	HeLa	113	9/483	0/49	0	0	inf
SRX3445804	TFs and others	RUVBL1	Liver	Hep G2	215	8/483	0/49	0	0	inf
SRX3445806	TFs and others	RUVBL2	Liver	Hep G2	238	8/483	0/49	0	0	inf
SRX3447353	TFs and others	ESR1	Breast	MCF-7	358	9/483	0/49	0	0	inf
SRX3447358	TFs and others	ESR1	Breast	MCF-7	329	9/483	0/49	0	0	inf
SRX3452542	TFs and others	EZH2	Prostate	LNCAP	46	6/483	0/49	0	0	inf
SRX3472383	TFs and others	KDM6A	Pluripotent stem cell	hESC H9	395	9/483	0/49	0	0	inf
SRX3472384	TFs and others	KDM6A	Pluripotent stem cell	hESC H9	385	8/483	0/49	0	0	inf
SRX3472387	TFs and others	KDM6A	Pluripotent stem cell	hESC H9	340	9/483	0/49	0	0	inf
SRX3536216	TFs and others	GFP	Breast	MDA-MB-231	50	2/483	0/49	0	0	inf
SRX3536222	TFs and others	GFP	Breast	MDA-MB-231	55	3/483	0/49	0	0	inf
SRX3540864	TFs and others	Epitope tags	Uterus	HeLa	58	1/483	0/49	0	0	inf
SRX3540866	TFs and others	Epitope tags	Uterus	HeLa	147	1/483	0/49	0	0	inf
SRX3541103	TFs and others	ESR1	Breast	MCF-7	283	7/483	0/49	0	0	inf
SRX3541109	TFs and others	ESR1	Breast	MCF-7	329	9/483	0/49	0	0	inf
SRX3542504	TFs and others	SMARCA4	Lung	HS-SY-II	188	7/483	0/49	0	0	inf
SRX3546793	TFs and others	Epitope tags	Breast	MDA-MB-231	65	8/483	0/49	0	0	inf
SRX3546794	TFs and others	Epitope tags	Breast	MDA-MB-231	272	5/483	0/49	0	0	inf
SRX3546795	TFs and others	Epitope tags	Breast	MDA-MB-231	160	9/483	0/49	0	0	inf
SRX3546796	TFs and others	Epitope tags	Breast	MDA-MB-231	81	7/483	0/49	0	0	inf
SRX3546799	TFs and others	Epitope tags	Breast	MDA-MB-231	302	8/483	0/49	0	0	inf
SRX3546800	TFs and others	Epitope tags	Breast	MDA-MB-231	39	6/483	0/49	0	0	inf
SRX3546803	TFs and others	Epitope tags	Breast	MDA-MB-231	1022	9/483	0/49	0	0	inf
SRX3546804	TFs and others	Epitope tags	Breast	MDA-MB-231	54	8/483	0/49	0	0	inf
SRX3548667	TFs and others	SMARCA4	Lung	NCI-H1299	81	7/483	0/49	0	0	inf
SRX3554407	TFs and others	CREB1	Breast	MDA-MB-134-VI	17	4/483	0/49	0	0	inf
SRX356439	TFs and others	CTCF	Blood	GM10847	711	8/483	0/49	0	0	inf
SRX3566181	TFs and others	TEAD1	Digestive tract	HCT 116	58	4/483	0/49	0	0	inf
SRX3566183	TFs and others	TEAD1	Digestive tract	HCT 116	90	7/483	0/49	0	0	inf
SRX3566185	TFs and others	TEAD1	Digestive tract	HCT 116	138	8/483	0/49	0	0	inf
SRX3566187	TFs and others	TEAD1	Digestive tract	HCT 116	100	7/483	0/49	0	0	inf
SRX3566189	TFs and others	TEAD1	Digestive tract	HCT 116	78	6/483	0/49	0	0	inf
SRX3566191	TFs and others	TEAD1	Digestive tract	HCT 116	71	6/483	0/49	0	0	inf
SRX3583258	TFs and others	ZMYND8	Breast	MDA-MB-231	735	8/483	0/49	0	0	inf
SRX3586326	TFs and others	NR3C1	Blood	Monocytes	303	7/483	0/49	0	0	inf
SRX3586328	TFs and others	NR3C1	Blood	Monocytes	294	9/483	0/49	0	0	inf
SRX3586331	TFs and others	NR3C1	Blood	Macrophages	64	5/483	0/49	0	0	inf
SRX3586332	TFs and others	NR3C1	Blood	Macrophages	60	3/483	0/49	0	0	inf
SRX3587643	TFs and others	MYC	Kidney	G-401	1003	8/483	0/49	0	0	inf
SRX359411	TFs and others	CREBBP	Kidney	293	18	4/483	0/49	0	0	inf
SRX359818	TFs and others	BATF3	Digestive tract	LoVo	301	9/483	0/49	0	0	inf
SRX359819	TFs and others	BHLHE41	Digestive tract	LoVo	43	8/483	0/49	0	0	inf
SRX359820	TFs and others	CAMTA1	Digestive tract	LoVo	87	5/483	0/49	0	0	inf
SRX359821	TFs and others	CREB3L1	Digestive tract	LoVo	33	8/483	0/49	0	0	inf
SRX359825	TFs and others	FOS	Digestive tract	LoVo	204	9/483	0/49	0	0	inf
SRX359826	TFs and others	FOSB	Digestive tract	LoVo	143	7/483	0/49	0	0	inf
SRX359829	TFs and others	FOXK1	Digestive tract	LoVo	234	8/483	0/49	0	0	inf
SRX359830	TFs and others	FOXO1	Digestive tract	LoVo	101	6/483	0/49	0	0	inf
SRX359831	TFs and others	FOXP2	Digestive tract	LoVo	124	7/483	0/49	0	0	inf
SRX359833	TFs and others	HES5	Digestive tract	LoVo	39	8/483	0/49	0	0	inf
SRX359836	TFs and others	HEY1	Digestive tract	LoVo	29	9/483	0/49	0	0	inf
SRX359837	TFs and others	HIC2	Digestive tract	LoVo	88	7/483	0/49	0	0	inf
SRX359850	TFs and others	IKZF5	Digestive tract	LoVo	122	7/483	0/49	0	0	inf
SRX359853	TFs and others	IRF8	Digestive tract	LoVo	90	6/483	0/49	0	0	inf
SRX359857	TFs and others	FOXO4	Digestive tract	LoVo	83	6/483	0/49	0	0	inf
SRX359904	TFs and others	KMT2D	Digestive tract	LoVo	203	6/483	0/49	0	0	inf
SRX359905	TFs and others	MYC	Digestive tract	LoVo	99	5/483	0/49	0	0	inf
SRX359907	TFs and others	NCOA1	Digestive tract	LoVo	190	8/483	0/49	0	0	inf
SRX359908	TFs and others	NCOA3	Digestive tract	LoVo	167	9/483	0/49	0	0	inf
SRX359911	TFs and others	NR1I2	Digestive tract	LoVo	128	3/483	0/49	0	0	inf
SRX359914	TFs and others	PPARA	Digestive tract	LoVo	195	7/483	0/49	0	0	inf
SRX359920	TFs and others	AHCTF1	Digestive tract	LoVo	217	5/483	0/49	0	0	inf
SRX359926	TFs and others	CASP8AP2	Digestive tract	LoVo	96	7/483	0/49	0	0	inf
SRX359927	TFs and others	CDX2	Digestive tract	LoVo	166	4/483	0/49	0	0	inf
SRX359928	TFs and others	CLOCK	Digestive tract	LoVo	117	1/483	0/49	0	0	inf
SRX359929	TFs and others	E2F2	Digestive tract	LoVo	86	7/483	0/49	0	0	inf
SRX3599300	TFs and others	FLI1	Cardiovascular	HUVEC	114	8/483	0/49	0	0	inf
SRX3599322	TFs and others	EZH2	Cardiovascular	HUVEC	281	9/483	0/49	0	0	inf
SRX359933	TFs and others	GATAD1	Digestive tract	LoVo	31	4/483	0/49	0	0	inf
SRX359935	TFs and others	HOXB6	Digestive tract	LoVo	381	8/483	0/49	0	0	inf
SRX359936	TFs and others	HOXB8	Digestive tract	LoVo	291	8/483	0/49	0	0	inf
SRX359944	TFs and others	MXD3	Digestive tract	LoVo	311	7/483	0/49	0	0	inf
SRX359951	TFs and others	RUNX1	Digestive tract	LoVo	140	9/483	0/49	0	0	inf
SRX359953	TFs and others	SALL4	Digestive tract	LoVo	181	4/483	0/49	0	0	inf
SRX359956	TFs and others	SP1	Digestive tract	LoVo	252	6/483	0/49	0	0	inf
SRX359958	TFs and others	STAT4	Digestive tract	LoVo	63	6/483	0/49	0	0	inf
SRX359961	TFs and others	TCF7L1	Digestive tract	LoVo	244	8/483	0/49	0	0	inf
SRX359965	TFs and others	TLX1	Digestive tract	LoVo	24	2/483	0/49	0	0	inf
SRX359966	TFs and others	ZBTB33	Digestive tract	LoVo	148	3/483	0/49	0	0	inf
SRX359973	TFs and others	STAT6	Digestive tract	LoVo	36	9/483	0/49	0	0	inf
SRX359974	TFs and others	TFAM	Digestive tract	LoVo	52	6/483	0/49	0	0	inf
SRX359977	TFs and others	ZNF281	Digestive tract	LoVo	29	9/483	0/49	0	0	inf
SRX359978	TFs and others	ZNF3	Digestive tract	LoVo	7	5/483	0/49	0	0	inf
SRX359980	TFs and others	ADNP2	Digestive tract	LoVo	251	8/483	0/49	0	0	inf
SRX359981	TFs and others	ARNTL2	Digestive tract	LoVo	475	9/483	0/49	0	0	inf
SRX359982	TFs and others	ASH1L	Digestive tract	LoVo	303	7/483	0/49	0	0	inf
SRX359983	TFs and others	BBX	Digestive tract	LoVo	435	8/483	0/49	0	0	inf
SRX359984	TFs and others	BCL11A	Digestive tract	LoVo	411	8/483	0/49	0	0	inf
SRX359985	TFs and others	BHLHE40	Digestive tract	LoVo	173	6/483	0/49	0	0	inf
SRX359986	TFs and others	BMI1	Digestive tract	LoVo	110	6/483	0/49	0	0	inf
SRX359987	TFs and others	BRCA1	Digestive tract	LoVo	206	7/483	0/49	0	0	inf
SRX359988	TFs and others	CDC5L	Digestive tract	LoVo	178	9/483	0/49	0	0	inf
SRX359989	TFs and others	CDX1	Digestive tract	LoVo	97	1/483	0/49	0	0	inf
SRX359990	TFs and others	CREBL2	Digestive tract	LoVo	62	9/483	0/49	0	0	inf
SRX359992	TFs and others	DDIT3	Digestive tract	LoVo	356	9/483	0/49	0	0	inf
SRX359994	TFs and others	DRAP1	Digestive tract	LoVo	434	8/483	0/49	0	0	inf
SRX359999	TFs and others	FOXF2	Digestive tract	LoVo	257	9/483	0/49	0	0	inf
SRX360002	TFs and others	GZF1	Digestive tract	LoVo	53	9/483	0/49	0	0	inf
SRX360004	TFs and others	HNF4G	Digestive tract	LoVo	159	6/483	0/49	0	0	inf
SRX360005	TFs and others	HOXA9	Digestive tract	LoVo	184	7/483	0/49	0	0	inf
SRX360006	TFs and others	HOXB7	Digestive tract	LoVo	350	7/483	0/49	0	0	inf
SRX360007	TFs and others	HOXD1	Digestive tract	LoVo	238	7/483	0/49	0	0	inf
SRX360010	TFs and others	LCOR	Digestive tract	LoVo	60	8/483	0/49	0	0	inf
SRX360011	TFs and others	LCORL	Digestive tract	LoVo	197	8/483	0/49	0	0	inf
SRX360012	TFs and others	MAFF	Digestive tract	LoVo	117	6/483	0/49	0	0	inf
SRX360028	TFs and others	NFE2L3	Digestive tract	LoVo	143	8/483	0/49	0	0	inf
SRX360029	TFs and others	NFIB	Digestive tract	LoVo	111	7/483	0/49	0	0	inf
SRX360031	TFs and others	PBX3	Digestive tract	LoVo	53	8/483	0/49	0	0	inf
SRX360033	TFs and others	PLAG1	Digestive tract	LoVo	104	5/483	0/49	0	0	inf
SRX360036	TFs and others	RCOR1	Digestive tract	LoVo	172	8/483	0/49	0	0	inf
SRX360041	TFs and others	TCFL5	Digestive tract	LoVo	364	9/483	0/49	0	0	inf
SRX360042	TFs and others	TEAD4	Digestive tract	LoVo	20	6/483	0/49	0	0	inf
SRX360043	TFs and others	TFCP2	Digestive tract	LoVo	121	7/483	0/49	0	0	inf
SRX360044	TFs and others	THAP4	Digestive tract	LoVo	249	8/483	0/49	0	0	inf
SRX360045	TFs and others	TOE1	Digestive tract	LoVo	122	9/483	0/49	0	0	inf
SRX360047	TFs and others	WHSC1	Digestive tract	LoVo	85	6/483	0/49	0	0	inf
SRX360051	TFs and others	ZBTB39	Digestive tract	LoVo	308	8/483	0/49	0	0	inf
SRX361890	TFs and others	KLF5	Digestive tract	LoVo	192	8/483	0/49	0	0	inf
SRX3629592	TFs and others	ESR1	Breast	MCF-7	39	7/483	0/49	0	0	inf
SRX3629595	TFs and others	ESR1	Breast	MCF-7	43	7/483	0/49	0	0	inf
SRX3629597	TFs and others	ESR1	Breast	MCF-7	3268	8/483	0/49	0	0	inf
SRX3629598	TFs and others	ESR1	Breast	MCF-7	40	7/483	0/49	0	0	inf
SRX3629601	TFs and others	ESR1	Breast	MCF-7	63	5/483	0/49	0	0	inf
SRX3630656	TFs and others	FOXO3	Pluripotent stem cell	iPS derived neural cells	13	6/483	0/49	0	0	inf
SRX3630658	TFs and others	FOXO3	Pluripotent stem cell	iPS derived neural cells	20	9/483	0/49	0	0	inf
SRX3630659	TFs and others	FOXO3	Pluripotent stem cell	iPS derived neural cells	21	9/483	0/49	0	0	inf
SRX3630668	TFs and others	FOXO3	Pluripotent stem cell	iPS derived neural cells	126	8/483	0/49	0	0	inf
SRX3630669	TFs and others	FOXO3	Pluripotent stem cell	iPS derived neural cells	24	6/483	0/49	0	0	inf
SRX3630674	TFs and others	FOXO3	Pluripotent stem cell	iPS derived neural cells	82	8/483	0/49	0	0	inf
SRX3630676	TFs and others	FOXO3	Pluripotent stem cell	iPS derived neural cells	27	9/483	0/49	0	0	inf
SRX3637252	TFs and others	SMAD3	Digestive tract	SW 480	462	8/483	0/49	0	0	inf
SRX3637254	TFs and others	SMAD3	Digestive tract	SW 480	533	8/483	0/49	0	0	inf
SRX3644349	TFs and others	FOXA2	Epidermis	BJ	2	2/483	0/49	0	0	inf
SRX3644351	TFs and others	FOXA2	Epidermis	BJ	11	3/483	0/49	0	0	inf
SRX365497	TFs and others	PGR	Breast	T-47D	43	4/483	0/49	0	0	inf
SRX365799	TFs and others	AR	Prostate	LREX	212	8/483	0/49	0	0	inf
SRX367012	TFs and others	RELA	Cardiovascular	AC16	185	9/483	0/49	0	0	inf
SRX367330	TFs and others	CDK9	Kidney	293	111	8/483	0/49	0	0	inf
SRX367451	TFs and others	Epitope tags	Neural	LN-229	314	8/483	0/49	0	0	inf
SRX367637	TFs and others	GATA4	Digestive tract	YCC-3	1844	8/483	0/49	0	0	inf
SRX367640	TFs and others	KLF5	Digestive tract	AGS	256	4/483	0/49	0	0	inf
SRX3694983	TFs and others	HDAC2	Blood	HL-60	216	8/483	0/49	0	0	inf
SRX3694988	TFs and others	HDAC2	Blood	HL-60	175	8/483	0/49	0	0	inf
SRX371427	TFs and others	ESR1	Others	Tumour tissues	2076	9/483	0/49	0	0	inf
SRX371428	TFs and others	ESR1	Others	Tumour tissues	659	2/483	0/49	0	0	inf
SRX371429	TFs and others	ESR1	Others	Tumour tissues	286	4/483	0/49	0	0	inf
SRX371431	TFs and others	ESR1	Others	Tumour tissues	344	3/483	0/49	0	0	inf
SRX371432	TFs and others	ESR1	Others	Tumour tissues	347	4/483	0/49	0	0	inf
SRX371433	TFs and others	ESR1	Others	Tumour tissues	1365	7/483	0/49	0	0	inf
SRX371434	TFs and others	ESR1	Others	Tumour tissues	99	5/483	0/49	0	0	inf
SRX371435	TFs and others	ESR1	Others	Tumour tissues	532	6/483	0/49	0	0	inf
SRX371436	TFs and others	ESR1	Others	Tumour tissues	215	3/483	0/49	0	0	inf
SRX371438	TFs and others	ESR1	Others	Tumour tissues	806	8/483	0/49	0	0	inf
SRX371440	TFs and others	ESR1	Others	Tumour tissues	73	3/483	0/49	0	0	inf
SRX371441	TFs and others	ESR1	Others	Tumour tissues	678	7/483	0/49	0	0	inf
SRX371442	TFs and others	ESR1	Others	Tumour tissues	351	4/483	0/49	0	0	inf
SRX371444	TFs and others	ESR1	Others	Tumour tissues	800	4/483	0/49	0	0	inf
SRX371445	TFs and others	ESR1	Others	Tumour tissues	4148	7/483	0/49	0	0	inf
SRX371449	TFs and others	ESR1	Others	Tumour tissues	91	3/483	0/49	0	0	inf
SRX3733788	TFs and others	EP300	Liver	Hep G2	16	2/483	0/49	0	0	inf
SRX3737113	TFs and others	SLBP	Kidney	293	39	6/483	0/49	0	0	inf
SRX3737115	TFs and others	SLBP	Kidney	293	46	9/483	0/49	0	0	inf
SRX373873	TFs and others	SOX11	Blood	GRANTA-519	93	9/483	0/49	0	0	inf
SRX3757016	TFs and others	Cas9	Pluripotent stem cell	NCCIT	414	9/483	0/49	0	0	inf
SRX3757017	TFs and others	Cas9	Pluripotent stem cell	NCCIT	105	6/483	0/49	0	0	inf
SRX3757018	TFs and others	Cas9	Pluripotent stem cell	NCCIT	617	9/483	0/49	0	0	inf
SRX3757019	TFs and others	GFP	Pluripotent stem cell	NCCIT	350	7/483	0/49	0	0	inf
SRX3757020	TFs and others	GFP	Pluripotent stem cell	NCCIT	127	9/483	0/49	0	0	inf
SRX3757021	TFs and others	GFP	Pluripotent stem cell	NCCIT	105	7/483	0/49	0	0	inf
SRX3757022	TFs and others	GFP	Pluripotent stem cell	NCCIT	328	9/483	0/49	0	0	inf
SRX3757023	TFs and others	GFP	Pluripotent stem cell	NCCIT	119	9/483	0/49	0	0	inf
SRX3757024	TFs and others	GFP	Pluripotent stem cell	NCCIT	95	8/483	0/49	0	0	inf
SRX378018	TFs and others	KSHV LANA	Blood	BCBL1	65	6/483	0/49	0	0	inf
SRX378022	TFs and others	KSHV LANA	Uterus	TIVE-LTC	398	8/483	0/49	0	0	inf
SRX3781816	TFs and others	Epitope tags	Digestive tract	HCT 116	47	8/483	0/49	0	0	inf
SRX3781817	TFs and others	Epitope tags	Digestive tract	HCT 116	25	5/483	0/49	0	0	inf
SRX3789541	TFs and others	RUNX1	Blood	Acute myeloid leukemia	64	6/483	0/49	0	0	inf
SRX3791761	TFs and others	HMGA1	Lung	IMR-90	494	8/483	0/49	0	0	inf
SRX3791762	TFs and others	HMGA1	Lung	IMR-90	613	8/483	0/49	0	0	inf
SRX3797278	TFs and others	ZNF768	Blood	RAJI	2806	8/483	0/49	0	0	inf
SRX3798679	TFs and others	BRCA1	Neural	SH-EP	60	3/483	0/49	0	0	inf
SRX3823832	TFs and others	CSE1L	Kidney	293	69	8/483	0/49	0	0	inf
SRX3823833	TFs and others	CSE1L	Kidney	293	44	5/483	0/49	0	0	inf
SRX3833328	TFs and others	KDM1A	Breast	MCF-7	131	9/483	0/49	0	0	inf
SRX3834113	TFs and others	EZH2	Neural	T98G	304	7/483	0/49	0	0	inf
SRX385395	TFs and others	Epitope tags	Blood	U-937	144	9/483	0/49	0	0	inf
SRX3862454	TFs and others	FOXA1	Breast	T-47D	424	9/483	0/49	0	0	inf
SRX3862455	TFs and others	GATA3	Breast	T-47D	229	8/483	0/49	0	0	inf
SRX3862460	TFs and others	FOXA1	Breast	T-47D	293	9/483	0/49	0	0	inf
SRX3873709	TFs and others	AFF1	Lung	SW 1271	430	9/483	0/49	0	0	inf
SRX3873713	TFs and others	AFF4	Lung	SW 1271	428	9/483	0/49	0	0	inf
SRX3881550	TFs and others	AR	Prostate	LNCAP	53	7/483	0/49	0	0	inf
SRX3885579	TFs and others	SF3B1	Uterus	HeLa	523	9/483	0/49	0	0	inf
SRX3885580	TFs and others	SF3B1	Uterus	HeLa	507	8/483	0/49	0	0	inf
SRX3885582	TFs and others	SF3B1	Uterus	HeLa	588	9/483	0/49	0	0	inf
SRX3885584	TFs and others	SF3B1	Uterus	HeLa	438	5/483	0/49	0	0	inf
SRX392786	TFs and others	REST	Blood	GM12878	1293	3/483	0/49	0	0	inf
SRX392787	TFs and others	REST	Blood	GM12878	1431	5/483	0/49	0	0	inf
SRX392788	TFs and others	REST	Blood	GM12878	1242	3/483	0/49	0	0	inf
SRX392789	TFs and others	REST	Blood	GM12878	2480	7/483	0/49	0	0	inf
SRX392790	TFs and others	REST	Blood	GM12878	2546	9/483	0/49	0	0	inf
SRX392791	TFs and others	REST	Blood	GM12878	1281	4/483	0/49	0	0	inf
SRX392809	TFs and others	EP300	Blood	GM12878	796	5/483	0/49	0	0	inf
SRX392812	TFs and others	EP300	Blood	GM12878	218	9/483	0/49	0	0	inf
SRX392817	TFs and others	EP300	Blood	GM12878	831	9/483	0/49	0	0	inf
SRX3934086	TFs and others	INTS13	Blood	HL-60	1026	9/483	0/49	0	0	inf
SRX3934090	TFs and others	INTS13	Blood	Monocytes	842	8/483	0/49	0	0	inf
SRX3934092	TFs and others	NAB2	Blood	Monocytes	995	8/483	0/49	0	0	inf
SRX3944340	TFs and others	BRD4	Digestive tract	Gastrointestinal Stromal Tumors	643	9/483	0/49	0	0	inf
SRX3944784	TFs and others	Epitope tags	Lung	HS-SY-II	309	9/483	0/49	0	0	inf
SRX3960592	TFs and others	MYC	Muscle	Rhabdomyosarcoma	279	9/483	0/49	0	0	inf
SRX3962722	TFs and others	TP53	Digestive tract	HCT 116	465	9/483	0/49	0	0	inf
SRX396276	TFs and others	EZH2	Kidney	293	85	6/483	0/49	0	0	inf
SRX396280	TFs and others	C10orf12	Kidney	293	42	6/483	0/49	0	0	inf
SRX396282	TFs and others	C10orf12	Kidney	293	39	7/483	0/49	0	0	inf
SRX396284	TFs and others	C17orf96	Kidney	293	72	7/483	0/49	0	0	inf
SRX396286	TFs and others	C17orf96	Kidney	293	40	5/483	0/49	0	0	inf
SRX3981981	TFs and others	ELF1	Prostate	RWPE-1	259	8/483	0/49	0	0	inf
SRX3990978	TFs and others	PGR	Breast	T-47D	361	9/483	0/49	0	0	inf
SRX3990980	TFs and others	PGR	Breast	T-47D	291	9/483	0/49	0	0	inf
SRX4001479	TFs and others	BRD2	Lung	NCI-H23	610	8/483	0/49	0	0	inf
SRX4009679	TFs and others	BACH1	Pluripotent stem cell	ES cells	178	5/483	0/49	0	0	inf
SRX4015271	TFs and others	DNMT3B	Pluripotent stem cell	hESC H1	413	9/483	0/49	0	0	inf
SRX4015272	TFs and others	DNMT3B	Pluripotent stem cell	hESC H1	361	8/483	0/49	0	0	inf
SRX4017886	TFs and others	TP63	Breast	Breast organoids	353	6/483	0/49	0	0	inf
SRX4042129	TFs and others	TOP2A	Blood	KG-1	24	1/483	0/49	0	0	inf
SRX4042135	TFs and others	TOP2A	Blood	KG-1	17	3/483	0/49	0	0	inf
SRX4042136	TFs and others	TOP2B	Blood	KG-1	20	2/483	0/49	0	0	inf
SRX4042138	TFs and others	TOP2A	Blood	KG-1	18	2/483	0/49	0	0	inf
SRX4042141	TFs and others	TOP2A	Blood	KG-1	263	8/483	0/49	0	0	inf
SRX4042142	TFs and others	TOP2B	Blood	KG-1	329	8/483	0/49	0	0	inf
SRX4042144	TFs and others	TOP2A	Blood	KG-1	397	9/483	0/49	0	0	inf
SRX404500	TFs and others	DPPA3	Kidney	293	91	8/483	0/49	0	0	inf
SRX404501	TFs and others	TET3	Kidney	293	65	6/483	0/49	0	0	inf
SRX4046315	TFs and others	CXXC1	Blood	Lymphoblastoid cell line	910	9/483	0/49	0	0	inf
SRX4080213	TFs and others	FOXA1	Prostate	Prostate cancer cells	460	1/483	0/49	0	0	inf
SRX4080273	TFs and others	SMARCA4	Prostate	RWPE-1	27	3/483	0/49	0	0	inf
SRX4080275	TFs and others	SMARCA2	Prostate	RWPE-1	30	3/483	0/49	0	0	inf
SRX4080276	TFs and others	SMARCA2	Prostate	RWPE-1	25	1/483	0/49	0	0	inf
SRX4080293	TFs and others	SMARCB1	Prostate	RWPE-1	32	1/483	0/49	0	0	inf
SRX4096731	TFs and others	Epitope tags	Prostate	PC-3	263	6/483	0/49	0	0	inf
SRX4096732	TFs and others	Epitope tags	Prostate	PC-3	4594	7/483	0/49	0	0	inf
SRX4096734	TFs and others	SMAD3	Prostate	PC-3	62	5/483	0/49	0	0	inf
SRX4096859	TFs and others	GATAD2A	Breast	HCC3153	307	8/483	0/49	0	0	inf
SRX4096860	TFs and others	GATAD2A	Breast	HCC3153	242	7/483	0/49	0	0	inf
SRX4096866	TFs and others	GATAD2B	Breast	HCC3153	157	7/483	0/49	0	0	inf
SRX4096867	TFs and others	GATAD2B	Breast	HCC3153	548	9/483	0/49	0	0	inf
SRX4096868	TFs and others	GATAD2B	Breast	HCC3153	613	8/483	0/49	0	0	inf
SRX4096871	TFs and others	GATAD2B	Breast	HCC3153	636	8/483	0/49	0	0	inf
SRX4096872	TFs and others	GATAD2B	Breast	HCC3153	553	9/483	0/49	0	0	inf
SRX4096890	TFs and others	TRPS1	Breast	SUM 159PT	3256	4/483	0/49	0	0	inf
SRX4099653	TFs and others	Epitope tags	Blood	Kasumi-1	400	8/483	0/49	0	0	inf
SRX4115983	TFs and others	AR	Prostate	LNCAP	7402	7/483	0/49	0	0	inf
SRX4115992	TFs and others	ESR1	Breast	MCF-7	1300	9/483	0/49	0	0	inf
SRX4116000	TFs and others	AR	Prostate	Prostate cancer cells	105	4/483	0/49	0	0	inf
SRX4116001	TFs and others	AR	Prostate	Prostate cancer cells	283	5/483	0/49	0	0	inf
SRX4116002	TFs and others	FOXA1	Prostate	Prostate cancer cells	111	5/483	0/49	0	0	inf
SRX4116003	TFs and others	FOXA1	Prostate	Prostate cancer cells	1145	4/483	0/49	0	0	inf
SRX4116006	TFs and others	AR	Prostate	Prostate cancer cells	109	3/483	0/49	0	0	inf
SRX4116008	TFs and others	FOXA1	Prostate	Prostate cancer cells	116	4/483	0/49	0	0	inf
SRX4116012	TFs and others	AR	Prostate	Prostate cancer cells	89	2/483	0/49	0	0	inf
SRX4116013	TFs and others	AR	Prostate	Prostate cancer cells	72	2/483	0/49	0	0	inf
SRX4116014	TFs and others	FOXA1	Prostate	Prostate cancer cells	84	2/483	0/49	0	0	inf
SRX4116015	TFs and others	FOXA1	Prostate	Prostate cancer cells	650	2/483	0/49	0	0	inf
SRX4116019	TFs and others	AR	Prostate	Prostate cancer cells	127	5/483	0/49	0	0	inf
SRX4116020	TFs and others	AR	Prostate	Prostate cancer cells	89	3/483	0/49	0	0	inf
SRX4116021	TFs and others	FOXA1	Prostate	Prostate cancer cells	117	4/483	0/49	0	0	inf
SRX4116022	TFs and others	FOXA1	Prostate	Prostate cancer cells	873	3/483	0/49	0	0	inf
SRX4116025	TFs and others	ESR1	Breast	Breast cancer cells	161	6/483	0/49	0	0	inf
SRX4116027	TFs and others	FOXA1	Breast	Breast cancer cells	169	4/483	0/49	0	0	inf
SRX4116033	TFs and others	ESR1	Breast	Breast cancer cells	83	3/483	0/49	0	0	inf
SRX4116035	TFs and others	FOXA1	Breast	Breast cancer cells	99	3/483	0/49	0	0	inf
SRX4116041	TFs and others	ESR1	Breast	Breast cancer cells	121	3/483	0/49	0	0	inf
SRX4116042	TFs and others	ESR1	Breast	Breast cancer cells	103	3/483	0/49	0	0	inf
SRX4116043	TFs and others	FOXA1	Breast	Breast cancer cells	117	3/483	0/49	0	0	inf
SRX4116044	TFs and others	FOXA1	Breast	Breast cancer cells	91	3/483	0/49	0	0	inf
SRX4116050	TFs and others	ESR1	Breast	Breast cancer cells	145	3/483	0/49	0	0	inf
SRX4116051	TFs and others	ESR1	Breast	Breast cancer cells	172	2/483	0/49	0	0	inf
SRX4116052	TFs and others	FOXA1	Breast	Breast cancer cells	127	3/483	0/49	0	0	inf
SRX4116053	TFs and others	FOXA1	Breast	Breast cancer cells	2859	3/483	0/49	0	0	inf
SRX4116058	TFs and others	ESR1	Uterus	Endometrium cancer	269	3/483	0/49	0	0	inf
SRX4116062	TFs and others	ESR1	Uterus	Endometrium cancer	115	3/483	0/49	0	0	inf
SRX4116066	TFs and others	ESR1	Uterus	Endometrium cancer	143	5/483	0/49	0	0	inf
SRX4116067	TFs and others	ESR1	Uterus	Endometrium cancer	231	5/483	0/49	0	0	inf
SRX4116070	TFs and others	AR	Prostate	Prostate cancer cells	141	5/483	0/49	0	0	inf
SRX4116071	TFs and others	FOXA1	Prostate	Prostate cancer cells	724	5/483	0/49	0	0	inf
SRX4116073	TFs and others	AR	Prostate	Prostate cancer cells	115	4/483	0/49	0	0	inf
SRX4155659	TFs and others	SMC1A	Neural	KELLY	401	9/483	0/49	0	0	inf
SRX4155862	TFs and others	MYCN	Neural	KELLY	506	9/483	0/49	0	0	inf
SRX4161716	TFs and others	SMAD3	Cardiovascular	HCASMC	147	9/483	0/49	0	0	inf
SRX4169274	TFs and others	SUPT5H	Bone	U2OS	285	9/483	0/49	0	0	inf
SRX4213898	TFs and others	YAP1	Breast	MCF 10A	304	4/483	0/49	0	0	inf
SRX425996	TFs and others	HOXC11	Breast	LY2	81	9/483	0/49	0	0	inf
SRX4284791	TFs and others	Epitope tags	Breast	T-47D	428	9/483	0/49	0	0	inf
SRX4284792	TFs and others	Epitope tags	Breast	T-47D	438	9/483	0/49	0	0	inf
SRX4284793	TFs and others	Epitope tags	Breast	T-47D	1353	9/483	0/49	0	0	inf
SRX4284794	TFs and others	Epitope tags	Breast	T-47D	381	9/483	0/49	0	0	inf
SRX4284795	TFs and others	Epitope tags	Breast	T-47D	354	8/483	0/49	0	0	inf
SRX4288472	TFs and others	CTCF	Blood	Lymphoblastoid cell line	2661	4/483	0/49	0	0	inf
SRX4288473	TFs and others	CTCF	Blood	Lymphoblastoid cell line	3404	3/483	0/49	0	0	inf
SRX4288474	TFs and others	CTCF	Blood	Lymphoblastoid cell line	1499	4/483	0/49	0	0	inf
SRX4288475	TFs and others	CTCF	Blood	Lymphoblastoid cell line	2047	6/483	0/49	0	0	inf
SRX4288476	TFs and others	CTCF	Blood	Lymphoblastoid cell line	1210	1/483	0/49	0	0	inf
SRX4301470	TFs and others	RELA	Uterus	HeLa	41	4/483	0/49	0	0	inf
SRX4301471	TFs and others	RELA	Uterus	HeLa	24	1/483	0/49	0	0	inf
SRX4301472	TFs and others	RELA	Uterus	HeLa	223	8/483	0/49	0	0	inf
SRX4301474	TFs and others	RELA	Uterus	HeLa	479	6/483	0/49	0	0	inf
SRX4301476	TFs and others	RELA	Uterus	HeLa	236	7/483	0/49	0	0	inf
SRX4343450	TFs and others	ARID4B	Prostate	PC-3	592	7/483	0/49	0	0	inf
SRX4372648	TFs and others	VDR	Prostate	RWPE-1	49	9/483	0/49	0	0	inf
SRX4372649	TFs and others	VDR	Prostate	RWPE-1	79	7/483	0/49	0	0	inf
SRX4372650	TFs and others	VDR	Prostate	RWPE-1	48	8/483	0/49	0	0	inf
SRX4372651	TFs and others	VDR	Prostate	RWPE-1	85	6/483	0/49	0	0	inf
SRX4389612	TFs and others	CBX4	Others	Mesenchymal stem cells	374	7/483	0/49	0	0	inf
SRX4393715	TFs and others	MYH11	Blood	ME-1	125	9/483	0/49	0	0	inf
SRX4393797	TFs and others	SIX2	Breast	MCF-7	139	4/483	0/49	0	0	inf
SRX4393798	TFs and others	SIX2	Breast	MCF-7	172	5/483	0/49	0	0	inf
SRX4394190	TFs and others	Epitope tags	Kidney	293	64	2/483	0/49	0	0	inf
SRX4394191	TFs and others	Epitope tags	Kidney	293	143	8/483	0/49	0	0	inf
SRX4394193	TFs and others	SUPT16H	Kidney	293	459	9/483	0/49	0	0	inf
SRX4397512	TFs and others	KMT2D	Pluripotent stem cell	NT2-D1	202	9/483	0/49	0	0	inf
SRX4400344	TFs and others	ATF4	Digestive tract	DLD-1	548	9/483	0/49	0	0	inf
SRX4400346	TFs and others	ATF4	Digestive tract	DLD-1	608	9/483	0/49	0	0	inf
SRX4420233	TFs and others	N6AMT1	Prostate	PC-3M	310	7/483	0/49	0	0	inf
SRX4420234	TFs and others	N6AMT1	Prostate	PC-3M	102	5/483	0/49	0	0	inf
SRX4451200	TFs and others	ESR1	Breast	MCF-7	1444	9/483	0/49	0	0	inf
SRX4451202	TFs and others	ESR1	Breast	MCF-7	2198	9/483	0/49	0	0	inf
SRX4451204	TFs and others	ESR1	Breast	MCF-7	288	6/483	0/49	0	0	inf
SRX4451205	TFs and others	ESR1	Breast	MCF-7	304	6/483	0/49	0	0	inf
SRX4472653	TFs and others	EP300	Blood	Kasumi-1	874	9/483	0/49	0	0	inf
SRX4473680	TFs and others	SMARCA4	Gonad	BIN-67	411	4/483	0/49	0	0	inf
SRX447385	TFs and others	LMNA	Epidermis	Dermal fibroblast	163	8/483	0/49	0	0	inf
SRX4561218	TFs and others	ANAPC1	Breast	MCF-7	1179	9/483	0/49	0	0	inf
SRX4561219	TFs and others	CDC16	Breast	MCF-7	1068	2/483	0/49	0	0	inf
SRX4561221	TFs and others	CDC16	Breast	MCF-7	1082	8/483	0/49	0	0	inf
SRX4561224	TFs and others	Biotin	Breast	MCF-7	346	8/483	0/49	0	0	inf
SRX4561225	TFs and others	Biotin	Breast	MCF-7	319	8/483	0/49	0	0	inf
SRX4561226	TFs and others	Biotin	Breast	MCF-7	384	8/483	0/49	0	0	inf
SRX4561227	TFs and others	Biotin	Breast	MCF-7	215	8/483	0/49	0	0	inf
SRX4561228	TFs and others	Biotin	Breast	MCF-7	314	8/483	0/49	0	0	inf
SRX4561229	TFs and others	Biotin	Breast	MCF-7	314	8/483	0/49	0	0	inf
SRX4561230	TFs and others	Biotin	Breast	MCF-7	214	8/483	0/49	0	0	inf
SRX4561231	TFs and others	Biotin	Breast	MCF-7	221	8/483	0/49	0	0	inf
SRX4561232	TFs and others	Biotin	Breast	MCF-7	275	8/483	0/49	0	0	inf
SRX457212	TFs and others	ESR1	Breast	MCF-7	191	9/483	0/49	0	0	inf
SRX457215	TFs and others	ESR1	Breast	MCF-7	382	9/483	0/49	0	0	inf
SRX4572973	TFs and others	HOXB4	Liver	Hep G2	93	8/483	0/49	0	0	inf
SRX4572979	TFs and others	IRF3	Liver	Hep G2	35	6/483	0/49	0	0	inf
SRX4582746	TFs and others	AR	Prostate	Localized prostate	67	1/483	0/49	0	0	inf
SRX4582747	TFs and others	AR	Prostate	Localized prostate	575	1/483	0/49	0	0	inf
SRX4582748	TFs and others	AR	Prostate	Localized prostate	107	1/483	0/49	0	0	inf
SRX4582749	TFs and others	AR	Prostate	Localized prostate	517	1/483	0/49	0	0	inf
SRX4599905	TFs and others	EZH2	Kidney	293	262	7/483	0/49	0	0	inf
SRX4599906	TFs and others	EZH2	Kidney	293	316	8/483	0/49	0	0	inf
SRX4599910	TFs and others	EZH2	Kidney	293	345	9/483	0/49	0	0	inf
SRX4599911	TFs and others	EZH2	Kidney	293	291	7/483	0/49	0	0	inf
SRX4599912	TFs and others	EZH2	Kidney	293	278	9/483	0/49	0	0	inf
SRX4599913	TFs and others	EZH2	Kidney	293	292	8/483	0/49	0	0	inf
SRX4636576	TFs and others	NCAPH2	Kidney	293	129	7/483	0/49	0	0	inf
SRX4637892	TFs and others	ELK1	Epidermis	Dermal fibroblast	457	6/483	0/49	0	0	inf
SRX4637894	TFs and others	ELK1	Epidermis	Dermal fibroblast	498	7/483	0/49	0	0	inf
SRX4643712	TFs and others	MAPK14	Blood	K-562	172	7/483	0/49	0	0	inf
SRX4650905	TFs and others	RNF2	Kidney	293	819	6/483	0/49	0	0	inf
SRX4650906	TFs and others	RNF2	Kidney	293	782	6/483	0/49	0	0	inf
SRX4650907	TFs and others	RNF2	Kidney	293	952	7/483	0/49	0	0	inf
SRX4650908	TFs and others	RNF2	Kidney	293	813	7/483	0/49	0	0	inf
SRX4650909	TFs and others	RNF2	Kidney	293	417	6/483	0/49	0	0	inf
SRX4650910	TFs and others	RNF2	Kidney	293	471	6/483	0/49	0	0	inf
SRX4650911	TFs and others	RNF2	Kidney	293	419	6/483	0/49	0	0	inf
SRX4650912	TFs and others	RNF2	Kidney	293	385	6/483	0/49	0	0	inf
SRX4650913	TFs and others	SUZ12	Kidney	293	1159	7/483	0/49	0	0	inf
SRX4650914	TFs and others	SUZ12	Kidney	293	1137	7/483	0/49	0	0	inf
SRX4650915	TFs and others	SUZ12	Kidney	293	1071	7/483	0/49	0	0	inf
SRX4650916	TFs and others	SUZ12	Kidney	293	1057	7/483	0/49	0	0	inf
SRX4650917	TFs and others	SUZ12	Kidney	293	984	7/483	0/49	0	0	inf
SRX4650918	TFs and others	SUZ12	Kidney	293	1147	7/483	0/49	0	0	inf
SRX4650927	TFs and others	RNF2	Kidney	293	795	9/483	0/49	0	0	inf
SRX4650928	TFs and others	RNF2	Kidney	293	766	7/483	0/49	0	0	inf
SRX4650929	TFs and others	RNF2	Kidney	293	695	7/483	0/49	0	0	inf
SRX4650930	TFs and others	RNF2	Kidney	293	584	8/483	0/49	0	0	inf
SRX4650931	TFs and others	RNF2	Kidney	293	625	6/483	0/49	0	0	inf
SRX4650932	TFs and others	RNF2	Kidney	293	626	7/483	0/49	0	0	inf
SRX4650933	TFs and others	SUZ12	Kidney	293	939	7/483	0/49	0	0	inf
SRX4650934	TFs and others	SUZ12	Kidney	293	899	7/483	0/49	0	0	inf
SRX4650935	TFs and others	SUZ12	Kidney	293	910	7/483	0/49	0	0	inf
SRX4650936	TFs and others	SUZ12	Kidney	293	655	6/483	0/49	0	0	inf
SRX4650937	TFs and others	SUZ12	Kidney	293	675	7/483	0/49	0	0	inf
SRX4650938	TFs and others	SUZ12	Kidney	293	717	7/483	0/49	0	0	inf
SRX4650948	TFs and others	RNF2	Kidney	293	633	8/483	0/49	0	0	inf
SRX4650949	TFs and others	RNF2	Kidney	293	408	8/483	0/49	0	0	inf
SRX4650950	TFs and others	RNF2	Kidney	293	256	9/483	0/49	0	0	inf
SRX4650951	TFs and others	RNF2	Kidney	293	227	8/483	0/49	0	0	inf
SRX4650953	TFs and others	SUZ12	Kidney	293	960	6/483	0/49	0	0	inf
SRX4650954	TFs and others	SUZ12	Kidney	293	784	6/483	0/49	0	0	inf
SRX4650955	TFs and others	SUZ12	Kidney	293	601	6/483	0/49	0	0	inf
SRX4650956	TFs and others	SUZ12	Kidney	293	723	8/483	0/49	0	0	inf
SRX4650957	TFs and others	SUZ12	Kidney	293	414	6/483	0/49	0	0	inf
SRX4650958	TFs and others	SUZ12	Kidney	293	444	6/483	0/49	0	0	inf
SRX4650965	TFs and others	RNF2	Kidney	293	532	8/483	0/49	0	0	inf
SRX4650966	TFs and others	RNF2	Kidney	293	684	8/483	0/49	0	0	inf
SRX4650967	TFs and others	RNF2	Kidney	293	645	9/483	0/49	0	0	inf
SRX4650968	TFs and others	RNF2	Kidney	293	500	6/483	0/49	0	0	inf
SRX4650969	TFs and others	RNF2	Kidney	293	460	8/483	0/49	0	0	inf
SRX4650971	TFs and others	SUZ12	Kidney	293	747	6/483	0/49	0	0	inf
SRX4650972	TFs and others	SUZ12	Kidney	293	770	7/483	0/49	0	0	inf
SRX4650973	TFs and others	SUZ12	Kidney	293	564	6/483	0/49	0	0	inf
SRX4650974	TFs and others	SUZ12	Kidney	293	541	6/483	0/49	0	0	inf
SRX4650975	TFs and others	SUZ12	Kidney	293	543	6/483	0/49	0	0	inf
SRX4650976	TFs and others	SUZ12	Kidney	293	558	6/483	0/49	0	0	inf
SRX4650983	TFs and others	RNF2	Kidney	293	718	5/483	0/49	0	0	inf
SRX4650984	TFs and others	RNF2	Kidney	293	890	6/483	0/49	0	0	inf
SRX4650985	TFs and others	RNF2	Kidney	293	510	5/483	0/49	0	0	inf
SRX4650987	TFs and others	RNF2	Kidney	293	42	5/483	0/49	0	0	inf
SRX4650988	TFs and others	RNF2	Kidney	293	40	5/483	0/49	0	0	inf
SRX4654318	TFs and others	LMNA	Liver	Hep G2	607	9/483	0/49	0	0	inf
SRX4654320	TFs and others	LMNA	Liver	Hep G2	517	8/483	0/49	0	0	inf
SRX4655781	TFs and others	CTCF	Liver	Hep G2	261	4/483	0/49	0	0	inf
SRX4655786	TFs and others	CTCF	Liver	Hep G2	11	1/483	0/49	0	0	inf
SRX4655787	TFs and others	CTCF	Liver	Hep G2	8	1/483	0/49	0	0	inf
SRX4655788	TFs and others	CTCF	Liver	Hep G2	39	1/483	0/49	0	0	inf
SRX4663591	TFs and others	NCOA3	Breast	MCF-7	1609	9/483	0/49	0	0	inf
SRX4673793	TFs and others	BCL6	Lung	A549	132	5/483	0/49	0	0	inf
SRX4673794	TFs and others	BCL6	Lung	A549	194	8/483	0/49	0	0	inf
SRX4673795	TFs and others	BRD3	Lung	A549	47	8/483	0/49	0	0	inf
SRX469398	TFs and others	ESR1	Breast	MCF-7	117	3/483	0/49	0	0	inf
SRX4704622	TFs and others	NCAPH2	Gonad	RMG-I	630	5/483	0/49	0	0	inf
SRX4704623	TFs and others	NCAPH2	Gonad	RMG-I	473	8/483	0/49	0	0	inf
SRX4704628	TFs and others	SMARCB1	Gonad	RMG-I	324	8/483	0/49	0	0	inf
SRX4704629	TFs and others	SMARCB1	Gonad	RMG-I	437	8/483	0/49	0	0	inf
SRX4708067	TFs and others	U2AF2	Blood	K-562	134	9/483	0/49	0	0	inf
SRX471323	TFs and others	BCL11A	Blood	CAL-1	277	9/483	0/49	0	0	inf
SRX4734154	TFs and others	HDAC9	Cardiovascular	Aneurysm smooth muscle cells	230	9/483	0/49	0	0	inf
SRX4743476	TFs and others	GFP	Liver	Hep G2	987	9/483	0/49	0	0	inf
SRX4743480	TFs and others	GFP	Liver	Hep G2	554	9/483	0/49	0	0	inf
SRX4743481	TFs and others	GFP	Liver	Hep G2	346	6/483	0/49	0	0	inf
SRX4743484	TFs and others	GFP	Liver	Hep G2	207	8/483	0/49	0	0	inf
SRX4743485	TFs and others	GFP	Liver	Hep G2	303	4/483	0/49	0	0	inf
SRX4745243	TFs and others	Epitope tags	Kidney	293	657	9/483	0/49	0	0	inf
SRX4745247	TFs and others	Epitope tags	Kidney	293	564	9/483	0/49	0	0	inf
SRX4745248	TFs and others	Epitope tags	Kidney	293	657	9/483	0/49	0	0	inf
SRX4745249	TFs and others	Epitope tags	Kidney	293	597	9/483	0/49	0	0	inf
SRX475747	TFs and others	REST	Blood	GM12878	3028	9/483	0/49	0	0	inf
SRX475755	TFs and others	SPI1	Blood	GM12878	2863	7/483	0/49	0	0	inf
SRX475774	TFs and others	REST	Blood	GM12878	2514	7/483	0/49	0	0	inf
SRX475781	TFs and others	REST	Blood	GM12878	2762	9/483	0/49	0	0	inf
SRX475786	TFs and others	REST	Blood	GM12878	2654	9/483	0/49	0	0	inf
SRX475790	TFs and others	EP300	Blood	GM12878	261	7/483	0/49	0	0	inf
SRX475792	TFs and others	EP300	Blood	GM12878	279	8/483	0/49	0	0	inf
SRX476915	TFs and others	SNAI2	Epidermis	Keratinocytes	188	9/483	0/49	0	0	inf
SRX4781480	TFs and others	BRD2	Blood	Acute myeloid leukemia	282	8/483	0/49	0	0	inf
SRX4786571	TFs and others	TET2	Breast	MCF-7	325	8/483	0/49	0	0	inf
SRX4786572	TFs and others	TET2	Breast	MCF-7	345	8/483	0/49	0	0	inf
SRX4802299	TFs and others	HIF1A	Kidney	HKC8	130	9/483	0/49	0	0	inf
SRX4802301	TFs and others	EPAS1	Kidney	HKC8	109	9/483	0/49	0	0	inf
SRX4802302	TFs and others	EPAS1	Kidney	HKC8	221	6/483	0/49	0	0	inf
SRX4802303	TFs and others	ARNT	Kidney	HKC8	102	9/483	0/49	0	0	inf
SRX4802304	TFs and others	ARNT	Kidney	HKC8	207	8/483	0/49	0	0	inf
SRX4802306	TFs and others	HIF1A	Kidney	HKC8	70	9/483	0/49	0	0	inf
SRX4802308	TFs and others	EPAS1	Kidney	HKC8	78	7/483	0/49	0	0	inf
SRX4802309	TFs and others	EPAS1	Kidney	HKC8	91	8/483	0/49	0	0	inf
SRX4802310	TFs and others	ARNT	Kidney	HKC8	204	8/483	0/49	0	0	inf
SRX4802313	TFs and others	HIF1A	Kidney	HKC8	153	8/483	0/49	0	0	inf
SRX4802317	TFs and others	ARNT	Kidney	HKC8	79	6/483	0/49	0	0	inf
SRX4802318	TFs and others	ARNT	Kidney	HKC8	115	9/483	0/49	0	0	inf
SRX4802322	TFs and others	EPAS1	Kidney	HKC8	79	7/483	0/49	0	0	inf
SRX4802323	TFs and others	EPAS1	Kidney	HKC8	214	8/483	0/49	0	0	inf
SRX4802324	TFs and others	ARNT	Kidney	HKC8	92	8/483	0/49	0	0	inf
SRX4802325	TFs and others	ARNT	Kidney	HKC8	225	9/483	0/49	0	0	inf
SRX4872742	TFs and others	CBX8	Blood	K-562	91	3/483	0/49	0	0	inf
SRX4872743	TFs and others	CBX8	Blood	K-562	102	3/483	0/49	0	0	inf
SRX4872744	TFs and others	GFP	Blood	K-562	103	3/483	0/49	0	0	inf
SRX4872745	TFs and others	GFP	Blood	K-562	318	7/483	0/49	0	0	inf
SRX488710	TFs and others	Epitope tags	Kidney	293	274	4/483	0/49	0	0	inf
SRX488711	TFs and others	Epitope tags	Kidney	293	285	7/483	0/49	0	0	inf
SRX488712	TFs and others	Epitope tags	Kidney	293	329	7/483	0/49	0	0	inf
SRX488715	TFs and others	Epitope tags	Kidney	293	254	9/483	0/49	0	0	inf
SRX488717	TFs and others	Epitope tags	Kidney	293	136	5/483	0/49	0	0	inf
SRX488719	TFs and others	Epitope tags	Kidney	293	218	6/483	0/49	0	0	inf
SRX490426	TFs and others	BRD4	Breast	MCF-7	238	9/483	0/49	0	0	inf
SRX490428	TFs and others	BRD4	Breast	MCF-7	103	6/483	0/49	0	0	inf
SRX490431	TFs and others	BRD4	Breast	MCF-7	205	9/483	0/49	0	0	inf
SRX490432	TFs and others	ESR1	Breast	MCF-7	334	4/483	0/49	0	0	inf
SRX490433	TFs and others	ESR1	Breast	MCF-7	369	7/483	0/49	0	0	inf
SRX490435	TFs and others	ESR1	Breast	MCF-7	157	6/483	0/49	0	0	inf
SRX490436	TFs and others	ESR1	Breast	MCF-7	448	7/483	0/49	0	0	inf
SRX490437	TFs and others	ESR1	Breast	MCF-7	312	8/483	0/49	0	0	inf
SRX4909432	TFs and others	HDAC2	Breast	HCC3153	156	7/483	0/49	0	0	inf
SRX4928875	TFs and others	GFP	Uterus	HeLa	222	8/483	0/49	0	0	inf
SRX4928876	TFs and others	GFP	Uterus	HeLa	109	7/483	0/49	0	0	inf
SRX4931273	TFs and others	AFF4	Blood	SEM	346	9/483	0/49	0	0	inf
SRX4937329	TFs and others	ATXN7L3	Digestive tract	HCT 116	240	9/483	0/49	0	0	inf
SRX4937343	TFs and others	MED16	Digestive tract	HCT 116	235	9/483	0/49	0	0	inf
SRX4937360	TFs and others	USP22	Digestive tract	HCT 116	194	8/483	0/49	0	0	inf
SRX4966072	TFs and others	Epitope tags	Kidney	786-O	426	9/483	0/49	0	0	inf
SRX497608	TFs and others	PIAS1	Prostate	VCaP	3428	7/483	0/49	0	0	inf
SRX497609	TFs and others	PIAS1	Prostate	VCaP	3591	9/483	0/49	0	0	inf
SRX4976904	TFs and others	TP63	Pluripotent stem cell	hESC H9	1113	6/483	0/49	0	0	inf
SRX4976905	TFs and others	TP63	Pluripotent stem cell	hESC H9	1902	7/483	0/49	0	0	inf
SRX5025671	TFs and others	BRCA1	Neural	SH-EP	261	9/483	0/49	0	0	inf
SRX5025672	TFs and others	BRCA1	Neural	SH-EP	224	4/483	0/49	0	0	inf
SRX5025674	TFs and others	BRCA1	Neural	SH-EP	393	8/483	0/49	0	0	inf
SRX5025676	TFs and others	BRCA1	Neural	SH-EP	205	6/483	0/49	0	0	inf
SRX5025679	TFs and others	DCP1A	Neural	SH-EP	133	9/483	0/49	0	0	inf
SRX5025680	TFs and others	DCP1A	Neural	SH-EP	205	7/483	0/49	0	0	inf
SRX503339	TFs and others	KSHV LANA	Blood	BCBL1	336	8/483	0/49	0	0	inf
SRX5064668	TFs and others	MECP2	Neural	SH-SY5Y	1041	7/483	0/49	0	0	inf
SRX5064669	TFs and others	MECP2	Neural	SH-SY5Y	953	7/483	0/49	0	0	inf
SRX5064670	TFs and others	MECP2	Neural	SH-SY5Y	592	9/483	0/49	0	0	inf
SRX5064671	TFs and others	MECP2	Neural	SH-SY5Y	620	9/483	0/49	0	0	inf
SRX5076293	TFs and others	ZBTB7A	Prostate	VCaP	137	8/483	0/49	0	0	inf
SRX5077402	TFs and others	CEBPB	Liver	Hep G2	778	8/483	0/49	0	0	inf
SRX5089409	TFs and others	SMARCA4	Breast	MCF-7	224	9/483	0/49	0	0	inf
SRX5089432	TFs and others	SMARCB1	Breast	MCF-7	820	8/483	0/49	0	0	inf
SRX5095870	TFs and others	SPI1	Blood	Dendritic Cells	210	8/483	0/49	0	0	inf
SRX5095871	TFs and others	SPI1	Blood	Dendritic Cells	3068	9/483	0/49	0	0	inf
SRX5102887	TFs and others	GFP	Blood	K-562	49	4/483	0/49	0	0	inf
SRX5123056	TFs and others	POU2F1	Digestive tract	HCT 116	1277	6/483	0/49	0	0	inf
SRX5124852	TFs and others	FOXA1	Kidney	293	13427	9/483	0/49	0	0	inf
SRX514564	TFs and others	DICER1	Kidney	293	23	2/483	0/49	0	0	inf
SRX5146786	TFs and others	SRF	Cardiovascular	HCASMC	215	9/483	0/49	0	0	inf
SRX5157151	TFs and others	CEBPA	Blood	THP-1	4005	9/483	0/49	0	0	inf
SRX5157153	TFs and others	CEBPA	Blood	THP-1	3999	9/483	0/49	0	0	inf
SRX5157162	TFs and others	CEBPA	Blood	THP-1	3615	9/483	0/49	0	0	inf
SRX5163335	TFs and others	SOD1	Uterus	HeLa	180	9/483	0/49	0	0	inf
SRX5163337	TFs and others	SOD1	Uterus	HeLa	243	8/483	0/49	0	0	inf
SRX5163338	TFs and others	SOD1	Uterus	HeLa	82	7/483	0/49	0	0	inf
SRX5163339	TFs and others	SOD1	Uterus	HeLa	92	6/483	0/49	0	0	inf
SRX5163340	TFs and others	SOD1	Uterus	HeLa	98	7/483	0/49	0	0	inf
SRX5165464	TFs and others	Cas9	Pluripotent stem cell	NCCIT	146	8/483	0/49	0	0	inf
SRX5172067	TFs and others	ESR1	Breast	MCF-7	310	9/483	0/49	0	0	inf
SRX5172068	TFs and others	ESR1	Breast	MCF-7	363	9/483	0/49	0	0	inf
SRX5172071	TFs and others	ESR1	Breast	MCF-7	542	9/483	0/49	0	0	inf
SRX5179249	TFs and others	SIPA1	Breast	MDA-MB-231	336	6/483	0/49	0	0	inf
SRX5188626	TFs and others	RUNX3	Digestive tract	SNU-484	194	9/483	0/49	0	0	inf
SRX5188634	TFs and others	RUNX3	Digestive tract	SNU-484	12756	5/483	0/49	0	0	inf
SRX5188635	TFs and others	RUNX3	Digestive tract	SNU-484	1780	9/483	0/49	0	0	inf
SRX5195712	TFs and others	ARID1A	Uterus	Endometrial epithelial cells	556	8/483	0/49	0	0	inf
SRX5195716	TFs and others	ARID1A	Uterus	Endometrial epithelial cells	519	8/483	0/49	0	0	inf
SRX5199671	TFs and others	EP300	Prostate	LNCAP	397	8/483	0/49	0	0	inf
SRX5199672	TFs and others	EP300	Prostate	LNCAP	420	8/483	0/49	0	0	inf
SRX5199674	TFs and others	EP300	Prostate	LNCAP	621	9/483	0/49	0	0	inf
SRX5199677	TFs and others	EP300	Prostate	LNCAP	503	9/483	0/49	0	0	inf
SRX5204039	TFs and others	PRMT3	Others	Mesenchymal stem cells	129	6/483	0/49	0	0	inf
SRX5231783	TFs and others	MYC	Breast	UACC-812	42	6/483	0/49	0	0	inf
SRX5233154	TFs and others	KDM1A	Epidermis	MKL-1	373	8/483	0/49	0	0	inf
SRX5233155	TFs and others	KDM1A	Epidermis	MKL-1	289	8/483	0/49	0	0	inf
SRX5233156	TFs and others	RCOR2	Epidermis	MKL-1	340	8/483	0/49	0	0	inf
SRX5233157	TFs and others	RCOR2	Epidermis	MKL-1	277	8/483	0/49	0	0	inf
SRX5242427	TFs and others	MYBL2	Prostate	LNCAP	346	4/483	0/49	0	0	inf
SRX5242428	TFs and others	MYBL2	Prostate	LNCAP	333	6/483	0/49	0	0	inf
SRX5242429	TFs and others	MYBL2	Prostate	LNCAP	372	4/483	0/49	0	0	inf
SRX5242430	TFs and others	MYBL2	Prostate	LNCAP	334	4/483	0/49	0	0	inf
SRX5251421	TFs and others	ESR1	Breast	MCF-7	326	9/483	0/49	0	0	inf
SRX5251425	TFs and others	ESR1	Breast	T-47D	712	9/483	0/49	0	0	inf
SRX5251430	TFs and others	ESR1	Breast	T-47D	421	8/483	0/49	0	0	inf
SRX527872	TFs and others	Epitope tags	Kidney	293	127	9/483	0/49	0	0	inf
SRX527874	TFs and others	Epitope tags	Kidney	293	30	3/483	0/49	0	0	inf
SRX527875	TFs and others	Epitope tags	Kidney	293	187	8/483	0/49	0	0	inf
SRX527877	TFs and others	Epitope tags	Kidney	293	182	8/483	0/49	0	0	inf
SRX527878	TFs and others	Epitope tags	Kidney	293	107	7/483	0/49	0	0	inf
SRX527880	TFs and others	Epitope tags	Kidney	293	97	4/483	0/49	0	0	inf
SRX5286319	TFs and others	KLF4	Pluripotent stem cell	ES cells	107	7/483	0/49	0	0	inf
SRX5286321	TFs and others	KLF4	Pluripotent stem cell	ES cells	265	9/483	0/49	0	0	inf
SRX5286322	TFs and others	KLF4	Pluripotent stem cell	hESC WIBR2	203	9/483	0/49	0	0	inf
SRX5286323	TFs and others	KLF4	Pluripotent stem cell	hESC WIBR2	220	9/483	0/49	0	0	inf
SRX5286325	TFs and others	NANOG	Pluripotent stem cell	ES cells	2608	9/483	0/49	0	0	inf
SRX5286330	TFs and others	POU5F1	Pluripotent stem cell	ES cells	393	9/483	0/49	0	0	inf
SRX5286331	TFs and others	POU5F1	Pluripotent stem cell	ES cells	639	9/483	0/49	0	0	inf
SRX5286334	TFs and others	POU5F1	Pluripotent stem cell	ES cells	505	9/483	0/49	0	0	inf
SRX5286340	TFs and others	SOX2	Pluripotent stem cell	hESC WIBR2	754	9/483	0/49	0	0	inf
SRX5286346	TFs and others	TFAP2C	Pluripotent stem cell	ES cells	271	8/483	0/49	0	0	inf
SRX528837	TFs and others	LMNA	Uterus	HeLa	279	6/483	0/49	0	0	inf
SRX5289977	TFs and others	NR3C1	Lung	BEAS-2B	253	8/483	0/49	0	0	inf
SRX5289978	TFs and others	NR3C1	Lung	BEAS-2B	644	9/483	0/49	0	0	inf
SRX5289983	TFs and others	NR3C1	Lung	BEAS-2B	790	9/483	0/49	0	0	inf
SRX5289989	TFs and others	NR3C1	Lung	BEAS-2B	414	9/483	0/49	0	0	inf
SRX5299347	TFs and others	PCGF2	Kidney	293	897	6/483	0/49	0	0	inf
SRX5299348	TFs and others	PCGF2	Kidney	293	780	7/483	0/49	0	0	inf
SRX5299349	TFs and others	PCGF2	Kidney	293	44	5/483	0/49	0	0	inf
SRX5299350	TFs and others	PCGF2	Kidney	293	44	5/483	0/49	0	0	inf
SRX5299351	TFs and others	CBX7	Kidney	293	970	7/483	0/49	0	0	inf
SRX5299352	TFs and others	CBX7	Kidney	293	981	9/483	0/49	0	0	inf
SRX5299353	TFs and others	CBX7	Kidney	293	1159	8/483	0/49	0	0	inf
SRX5299354	TFs and others	CBX7	Kidney	293	534	7/483	0/49	0	0	inf
SRX5299355	TFs and others	CBX7	Kidney	293	524	8/483	0/49	0	0	inf
SRX5299356	TFs and others	CBX7	Kidney	293	588	9/483	0/49	0	0	inf
SRX5299357	TFs and others	PHC1	Kidney	293	222	7/483	0/49	0	0	inf
SRX5299358	TFs and others	PHC1	Kidney	293	258	7/483	0/49	0	0	inf
SRX5299359	TFs and others	PHC1	Kidney	293	277	8/483	0/49	0	0	inf
SRX5299360	TFs and others	PHC1	Kidney	293	54	7/483	0/49	0	0	inf
SRX5299361	TFs and others	PHC1	Kidney	293	60	5/483	0/49	0	0	inf
SRX5299362	TFs and others	PHC1	Kidney	293	59	7/483	0/49	0	0	inf
SRX5299369	TFs and others	PCGF1	Kidney	293	143	7/483	0/49	0	0	inf
SRX5299370	TFs and others	PCGF1	Kidney	293	271	8/483	0/49	0	0	inf
SRX5299371	TFs and others	PCGF1	Kidney	293	94	8/483	0/49	0	0	inf
SRX5299372	TFs and others	PCGF1	Kidney	293	63	8/483	0/49	0	0	inf
SRX5307509	TFs and others	MYC	Blood	P493-6	40	2/483	0/49	0	0	inf
SRX5307510	TFs and others	MYC	Blood	P493-6	56	2/483	0/49	0	0	inf
SRX5313212	TFs and others	TP53	Digestive tract	HCT 116	119	5/483	0/49	0	0	inf
SRX5313213	TFs and others	TP53	Digestive tract	HCT 116	302	5/483	0/49	0	0	inf
SRX5313215	TFs and others	TP53	Digestive tract	HCT 116	215	5/483	0/49	0	0	inf
SRX5313216	TFs and others	TP53	Digestive tract	HCT 116	378	6/483	0/49	0	0	inf
SRX5313217	TFs and others	TP53	Digestive tract	HCT 116	589	7/483	0/49	0	0	inf
SRX5313228	TFs and others	TP53	Digestive tract	HCT 116	195	8/483	0/49	0	0	inf
SRX5313229	TFs and others	TP53	Digestive tract	HCT 116	70	6/483	0/49	0	0	inf
SRX5313230	TFs and others	TP53	Digestive tract	HCT 116	150	8/483	0/49	0	0	inf
SRX5313231	TFs and others	TP53	Digestive tract	HCT 116	123	6/483	0/49	0	0	inf
SRX5313232	TFs and others	TP53	Digestive tract	HCT 116	253	8/483	0/49	0	0	inf
SRX5313233	TFs and others	TP53	Digestive tract	HCT 116	439	8/483	0/49	0	0	inf
SRX5316103	TFs and others	AR	Prostate	LNCAP	61	7/483	0/49	0	0	inf
SRX5316110	TFs and others	AR	Prostate	PC-3	251	4/483	0/49	0	0	inf
SRX5316112	TFs and others	O-GlcNAc	Prostate	PC-3	290	1/483	0/49	0	0	inf
SRX5323817	TFs and others	STAT3	Breast	T-47D	294	9/483	0/49	0	0	inf
SRX5323819	TFs and others	STAT3	Breast	T-47D	313	9/483	0/49	0	0	inf
SRX5323831	TFs and others	STAT3	Breast	T-47D	314	9/483	0/49	0	0	inf
SRX5323833	TFs and others	STAT3	Breast	T-47D	308	9/483	0/49	0	0	inf
SRX5323835	TFs and others	STAT3	Breast	T-47D	291	9/483	0/49	0	0	inf
SRX5323837	TFs and others	STAT3	Breast	T-47D	251	9/483	0/49	0	0	inf
SRX5323857	TFs and others	STAT3	Breast	MCF-7	151	9/483	0/49	0	0	inf
SRX5323861	TFs and others	STAT3	Breast	MCF-7	180	9/483	0/49	0	0	inf
SRX5323889	TFs and others	STAT3	Breast	T-47D	361	9/483	0/49	0	0	inf
SRX5323891	TFs and others	STAT3	Breast	T-47D	445	9/483	0/49	0	0	inf
SRX5323893	TFs and others	STAT3	Breast	T-47D	316	9/483	0/49	0	0	inf
SRX5323899	TFs and others	STAT3	Breast	T-47D	379	9/483	0/49	0	0	inf
SRX5323901	TFs and others	STAT3	Breast	T-47D	470	9/483	0/49	0	0	inf
SRX5333213	TFs and others	Epitope tags	Blood	697	510	8/483	0/49	0	0	inf
SRX5341941	TFs and others	CASZ1	Muscle	Rhabdomyosarcoma	310	8/483	0/49	0	0	inf
SRX5341953	TFs and others	CASZ1	Muscle	Rhabdomyosarcoma	639	9/483	0/49	0	0	inf
SRX5342001	TFs and others	HSP90B1	Blood	K-562	99	8/483	0/49	0	0	inf
SRX535173	TFs and others	HSF1	Digestive tract	HCT 116	466	9/483	0/49	0	0	inf
SRX5360642	TFs and others	KLF4	Epidermis	BJ	61	8/483	0/49	0	0	inf
SRX5360644	TFs and others	Epitope tags	Epidermis	BJ	76	9/483	0/49	0	0	inf
SRX5394929	TFs and others	ATOH1	Epidermis	MKL-1	555	7/483	0/49	0	0	inf
SRX5394956	TFs and others	TP53	Digestive tract	HCT 116	308	4/483	0/49	0	0	inf
SRX5409709	TFs and others	NETO2	Blood	CD34 Hematopoietic stem cells	12459	4/483	0/49	0	0	inf
SRX5426118	TFs and others	MTF2	Pluripotent stem cell	NT2-D1	1029	4/483	0/49	0	0	inf
SRX5426119	TFs and others	MTF2	Pluripotent stem cell	NT2-D1	94	8/483	0/49	0	0	inf
SRX5426120	TFs and others	EPOP	Pluripotent stem cell	NT2-D1	605	8/483	0/49	0	0	inf
SRX5426122	TFs and others	JARID2	Pluripotent stem cell	NT2-D1	2114	4/483	0/49	0	0	inf
SRX5426123	TFs and others	JARID2	Pluripotent stem cell	NT2-D1	478	6/483	0/49	0	0	inf
SRX5426124	TFs and others	AEBP2	Pluripotent stem cell	NT2-D1	193	8/483	0/49	0	0	inf
SRX5426125	TFs and others	AEBP2	Pluripotent stem cell	NT2-D1	161	8/483	0/49	0	0	inf
SRX5426126	TFs and others	SUZ12	Pluripotent stem cell	NT2-D1	811	6/483	0/49	0	0	inf
SRX5426127	TFs and others	SUZ12	Pluripotent stem cell	NT2-D1	163	7/483	0/49	0	0	inf
SRX5426129	TFs and others	CBX7	Pluripotent stem cell	NT2-D1	181	8/483	0/49	0	0	inf
SRX5432860	TFs and others	ARNTL	Breast	MDA-MB-231	341	8/483	0/49	0	0	inf
SRX5444508	TFs and others	DOT1L	Blood	ML-2	98	8/483	0/49	0	0	inf
SRX5444509	TFs and others	DOT1L	Blood	ML-2	172	9/483	0/49	0	0	inf
SRX5491534	TFs and others	XPO1	Blood	HL-60	21	9/483	0/49	0	0	inf
SRX5491536	TFs and others	XPO1	Blood	Loucy	68	6/483	0/49	0	0	inf
SRX5491539	TFs and others	NUP214	Blood	Loucy	52	6/483	0/49	0	0	inf
SRX5491540	TFs and others	NUP214	Blood	Loucy	80	8/483	0/49	0	0	inf
SRX5491542	TFs and others	NPM1	Blood	OCI-AML3	34	7/483	0/49	0	0	inf
SRX5503138	TFs and others	IRF9	Blood	THP-1	129	8/483	0/49	0	0	inf
SRX5513513	TFs and others	PHF20L1	Breast	MDA-MB-231	99	6/483	0/49	0	0	inf
SRX5513514	TFs and others	EZH2	Breast	MDA-MB-231	18	1/483	0/49	0	0	inf
SRX5513515	TFs and others	MTA1	Breast	MDA-MB-231	46	4/483	0/49	0	0	inf
SRX5513519	TFs and others	EZH2	Breast	MDA-MB-231	30	3/483	0/49	0	0	inf
SRX5513520	TFs and others	MTA1	Breast	MDA-MB-231	36	4/483	0/49	0	0	inf
SRX5527890	TFs and others	UPF1	Breast	Breast cancer cells	454	8/483	0/49	0	0	inf
SRX5552344	TFs and others	TP53	Lung	Calu-1	76	3/483	0/49	0	0	inf
SRX5552345	TFs and others	TP53	Lung	Calu-1	72	3/483	0/49	0	0	inf
SRX5552346	TFs and others	TP53	Lung	Calu-1	198	4/483	0/49	0	0	inf
SRX5552347	TFs and others	TP53	Lung	Calu-1	142	4/483	0/49	0	0	inf
SRX555489	TFs and others	Epitope tags	Pluripotent stem cell	KhES-3	48	4/483	0/49	0	0	inf
SRX5556900	TFs and others	LEO1	Kidney	293	67	9/483	0/49	0	0	inf
SRX5567166	TFs and others	EZH2	Blood	Acute myeloid leukemia	51	6/483	0/49	0	0	inf
SRX5567167	TFs and others	MYH11	Blood	Acute myeloid leukemia	59	7/483	0/49	0	0	inf
SRX5567176	TFs and others	MYH11	Blood	ME-1	125	9/483	0/49	0	0	inf
SRX5574383	TFs and others	SPI1	Blood	KG-1	7102	9/483	0/49	0	0	inf
SRX5574474	TFs and others	SPI1	Blood	CTV-1	494	9/483	0/49	0	0	inf
SRX5574478	TFs and others	SPI1	Blood	CTV-1	453	8/483	0/49	0	0	inf
SRX5574479	TFs and others	SPI1	Blood	CTV-1	471	8/483	0/49	0	0	inf
SRX5574515	TFs and others	SPI1	Liver	Hep G2	501	9/483	0/49	0	0	inf
SRX5600877	TFs and others	ATF4	Neural	Prefrontal Cortex	432	8/483	0/49	0	0	inf
SRX5600887	TFs and others	ATF4	Neural	Prefrontal Cortex	473	9/483	0/49	0	0	inf
SRX5600901	TFs and others	THRA	Neural	Prefrontal Cortex	448	9/483	0/49	0	0	inf
SRX5600902	TFs and others	THRA	Neural	Prefrontal Cortex	383	9/483	0/49	0	0	inf
SRX5600905	TFs and others	THRA	Neural	Prefrontal Cortex	211	9/483	0/49	0	0	inf
SRX5654409	TFs and others	GFP	Liver	Hep G2	800	8/483	0/49	0	0	inf
SRX5654410	TFs and others	GFP	Liver	Hep G2	702	7/483	0/49	0	0	inf
SRX5661458	TFs and others	RBM14	Kidney	293	21	1/483	0/49	0	0	inf
SRX5661461	TFs and others	XRCC5	Kidney	293	47	7/483	0/49	0	0	inf
SRX5673031	TFs and others	ISL1	Gonad	A2780	31	6/483	0/49	0	0	inf
SRX5673032	TFs and others	ISL1	Gonad	A2780	28	5/483	0/49	0	0	inf
SRX5683076	TFs and others	ESR1	Uterus	Ishikawa	295	8/483	0/49	0	0	inf
SRX5702147	TFs and others	PPP1R10	Bone	U2OS	186	5/483	0/49	0	0	inf
SRX5704559	TFs and others	DEAF1	Epidermis	GMA24A1F	6	1/483	0/49	0	0	inf
SRX5716453	TFs and others	SOX2	Neural	Neural progenitor cells	39	9/483	0/49	0	0	inf
SRX5725634	TFs and others	SNAI1	Uterus	HeLa	245	7/483	0/49	0	0	inf
SRX5725636	TFs and others	PRMT5	Uterus	HeLa	436	7/483	0/49	0	0	inf
SRX573001	TFs and others	EBV-ZEBRA	Blood	Akata	265	6/483	0/49	0	0	inf
SRX5732678	TFs and others	KMT2A	Blood	MOLM-13	65	6/483	0/49	0	0	inf
SRX5732679	TFs and others	KMT2A	Blood	MOLM-13	53	2/483	0/49	0	0	inf
SRX5774914	TFs and others	POU5F1	Epidermis	Dermal fibroblast	51	4/483	0/49	0	0	inf
SRX5774915	TFs and others	POU5F1	Epidermis	Dermal fibroblast	157	8/483	0/49	0	0	inf
SRX5774916	TFs and others	POU5F1	Epidermis	Dermal fibroblast	196	9/483	0/49	0	0	inf
SRX5774919	TFs and others	POU5F1	Epidermis	Dermal fibroblast	478	9/483	0/49	0	0	inf
SRX5774922	TFs and others	POU5F1	Pluripotent stem cell	hESC H9	55	9/483	0/49	0	0	inf
SRX5811047	TFs and others	Epitope tags	Uterus	HeLa	148	8/483	0/49	0	0	inf
SRX5811048	TFs and others	Epitope tags	Uterus	HeLa	176	8/483	0/49	0	0	inf
SRX5811051	TFs and others	Epitope tags	Uterus	HeLa	3073	9/483	0/49	0	0	inf
SRX5811052	TFs and others	Epitope tags	Uterus	HeLa	2098	8/483	0/49	0	0	inf
SRX5811055	TFs and others	Epitope tags	Uterus	HeLa	127	6/483	0/49	0	0	inf
SRX5811056	TFs and others	Epitope tags	Uterus	HeLa	82	5/483	0/49	0	0	inf
SRX5811059	TFs and others	Epitope tags	Uterus	HeLa	82	4/483	0/49	0	0	inf
SRX5811060	TFs and others	Epitope tags	Uterus	HeLa	68	3/483	0/49	0	0	inf
SRX5811063	TFs and others	Epitope tags	Uterus	HeLa	175	6/483	0/49	0	0	inf
SRX5811064	TFs and others	Epitope tags	Uterus	HeLa	204	7/483	0/49	0	0	inf
SRX5811067	TFs and others	Epitope tags	Uterus	HeLa	125	6/483	0/49	0	0	inf
SRX5811068	TFs and others	Epitope tags	Uterus	HeLa	110	5/483	0/49	0	0	inf
SRX5817191	TFs and others	Epitope tags	Kidney	293	401	9/483	0/49	0	0	inf
SRX5817194	TFs and others	NXF1	Kidney	293	351	9/483	0/49	0	0	inf
SRX5836725	TFs and others	Epitope tags	Prostate	PC-3	1126	3/483	0/49	0	0	inf
SRX5836729	TFs and others	Epitope tags	Prostate	PC-3	127	4/483	0/49	0	0	inf
SRX5865965	TFs and others	TP53	Blood	K-562	45	6/483	0/49	0	0	inf
SRX5865975	TFs and others	TP53	Blood	MOLM-13	108	9/483	0/49	0	0	inf
SRX5865977	TFs and others	TP53	Blood	MOLM-13	181	9/483	0/49	0	0	inf
SRX5865978	TFs and others	TP53	Blood	MOLM-13	87	9/483	0/49	0	0	inf
SRX5865983	TFs and others	TP53	Blood	MOLM-13	105	8/483	0/49	0	0	inf
SRX5865984	TFs and others	TP53	Blood	MOLM-13	160	5/483	0/49	0	0	inf
SRX5887619	TFs and others	SNAI2	Lung	PC-9	416	9/483	0/49	0	0	inf
SRX5938176	TFs and others	RELA	Others	FaDu	342	8/483	0/49	0	0	inf
SRX594728	TFs and others	PGR	Breast	ZR-75-1	974	8/483	0/49	0	0	inf
SRX5974501	TFs and others	Epitope tags	Kidney	293	82	8/483	0/49	0	0	inf
SRX5974503	TFs and others	Epitope tags	Kidney	293	88	8/483	0/49	0	0	inf
SRX5974505	TFs and others	Epitope tags	Blood	K-562	74	7/483	0/49	0	0	inf
SRX5974507	TFs and others	Epitope tags	Blood	K-562	85	8/483	0/49	0	0	inf
SRX5974509	TFs and others	Cas9	Blood	K-562	36	7/483	0/49	0	0	inf
SRX5974510	TFs and others	Cas9	Blood	K-562	57	7/483	0/49	0	0	inf
SRX5974525	TFs and others	Cas9	Blood	K-562	295	8/483	0/49	0	0	inf
SRX5974526	TFs and others	Cas9	Blood	K-562	97	7/483	0/49	0	0	inf
SRX5974541	TFs and others	Cas9	Blood	K-562	48	7/483	0/49	0	0	inf
SRX5974542	TFs and others	Cas9	Blood	K-562	41	7/483	0/49	0	0	inf
SRX5974557	TFs and others	Cas9	Blood	K-562	65	7/483	0/49	0	0	inf
SRX5974558	TFs and others	Cas9	Blood	K-562	40	6/483	0/49	0	0	inf
SRX5974573	TFs and others	Cas9	Blood	K-562	289	8/483	0/49	0	0	inf
SRX5974574	TFs and others	Cas9	Blood	K-562	349	9/483	0/49	0	0	inf
SRX6027610	TFs and others	Epitope tags	Kidney	293	53	5/483	0/49	0	0	inf
SRX6027611	TFs and others	Epitope tags	Kidney	293	52	7/483	0/49	0	0	inf
SRX6027612	TFs and others	Epitope tags	Kidney	293	74	8/483	0/49	0	0	inf
SRX6027613	TFs and others	Epitope tags	Kidney	293	65	7/483	0/49	0	0	inf
SRX6027614	TFs and others	Epitope tags	Kidney	293	100	8/483	0/49	0	0	inf
SRX6027615	TFs and others	Epitope tags	Kidney	293	58	5/483	0/49	0	0	inf
SRX6027617	TFs and others	Epitope tags	Kidney	293	72	4/483	0/49	0	0	inf
SRX6058761	TFs and others	PGR	Breast	T-47D	836	9/483	0/49	0	0	inf
SRX6058765	TFs and others	RAD21	Breast	T-47D	1145	9/483	0/49	0	0	inf
SRX6068070	TFs and others	PGR	Uterus	Endometrium	849	8/483	0/49	0	0	inf
SRX6073297	TFs and others	IRF4	Blood	BC-3	213	9/483	0/49	0	0	inf
SRX6073300	TFs and others	IRF3	Blood	BC-3	231	8/483	0/49	0	0	inf
SRX6073301	TFs and others	IRF3	Blood	BC-3	324	9/483	0/49	0	0	inf
SRX6073302	TFs and others	IRF3	Blood	BC-3	295	8/483	0/49	0	0	inf
SRX6101053	TFs and others	NUTM1	Others	TC-797	423	8/483	0/49	0	0	inf
SRX612780	TFs and others	TP53	Digestive tract	HCT 116	89	8/483	0/49	0	0	inf
SRX6365880	TFs and others	TOP2B	Neural	Glioma	235	2/483	0/49	0	0	inf
SRX6365881	TFs and others	TOP2B	Neural	Glioma	1794	5/483	0/49	0	0	inf
SRX6367575	TFs and others	NCOR1	Kidney	293	165	9/483	0/49	0	0	inf
SRX6367576	TFs and others	NCOR1	Kidney	293	146	5/483	0/49	0	0	inf
SRX6367591	TFs and others	NCOR1	Kidney	293	176	9/483	0/49	0	0	inf
SRX6370176	TFs and others	JARID2	Pluripotent stem cell	NT2-D1	964	9/483	0/49	0	0	inf
SRX6370177	TFs and others	JARID2	Pluripotent stem cell	NT2-D1	249	8/483	0/49	0	0	inf
SRX6370178	TFs and others	JARID2	Pluripotent stem cell	NT2-D1	96	9/483	0/49	0	0	inf
SRX6370179	TFs and others	SUZ12	Pluripotent stem cell	NT2-D1	373	7/483	0/49	0	0	inf
SRX6370180	TFs and others	SUZ12	Pluripotent stem cell	NT2-D1	74	5/483	0/49	0	0	inf
SRX6370181	TFs and others	SUZ12	Pluripotent stem cell	NT2-D1	39	5/483	0/49	0	0	inf
SRX6370184	TFs and others	EPOP	Pluripotent stem cell	NT2-D1	77	9/483	0/49	0	0	inf
SRX6370185	TFs and others	RYBP	Pluripotent stem cell	NT2-D1	69	6/483	0/49	0	0	inf
SRX6370186	TFs and others	RYBP	Pluripotent stem cell	NT2-D1	81	8/483	0/49	0	0	inf
SRX6370187	TFs and others	RYBP	Pluripotent stem cell	NT2-D1	152	9/483	0/49	0	0	inf
SRX6370191	TFs and others	AEBP2	Pluripotent stem cell	NT2-D1	97	5/483	0/49	0	0	inf
SRX6370192	TFs and others	AEBP2	Pluripotent stem cell	NT2-D1	58	7/483	0/49	0	0	inf
SRX6370205	TFs and others	MTF2	Pluripotent stem cell	NT2-D1	22	4/483	0/49	0	0	inf
SRX6370206	TFs and others	MTF2	Pluripotent stem cell	NT2-D1	31	5/483	0/49	0	0	inf
SRX6370207	TFs and others	JARID2	Pluripotent stem cell	NT2-D1	99	9/483	0/49	0	0	inf
SRX6370210	TFs and others	AEBP2	Pluripotent stem cell	NT2-D1	21	5/483	0/49	0	0	inf
SRX6370211	TFs and others	SUZ12	Pluripotent stem cell	NT2-D1	296	8/483	0/49	0	0	inf
SRX6370212	TFs and others	SUZ12	Pluripotent stem cell	NT2-D1	29	5/483	0/49	0	0	inf
SRX6371919	TFs and others	MED25	Prostate	PC-3	825	9/483	0/49	0	0	inf
SRX6371920	TFs and others	MED25	Prostate	PC-3	427	8/483	0/49	0	0	inf
SRX6371922	TFs and others	ETV4	Prostate	PC-3	424	8/483	0/49	0	0	inf
SRX6384076	TFs and others	KAT7	Blood	MOLM-13	149	9/483	0/49	0	0	inf
SRX6384078	TFs and others	KAT7	Blood	OCI-AML3	290	9/483	0/49	0	0	inf
SRX6430582	TFs and others	EZH2	Unclassified	Unclassified	183	9/483	0/49	0	0	inf
SRX6433358	TFs and others	TOP2B	Neural	Glioma	18	2/483	0/49	0	0	inf
SRX6433359	TFs and others	TOP2B	Neural	Glioma	6	1/483	0/49	0	0	inf
SRX6433361	TFs and others	TOP2B	Neural	Glioma	45	3/483	0/49	0	0	inf
SRX6433364	TFs and others	TOP2B	Neural	SNB-19	29	2/483	0/49	0	0	inf
SRX6433369	TFs and others	TOP2B	Neural	0777A	14	1/483	0/49	0	0	inf
SRX6433370	TFs and others	TOP2A	Neural	Glioma	85	2/483	0/49	0	0	inf
SRX6433371	TFs and others	TOP2A	Neural	Glioma	606	9/483	0/49	0	0	inf
SRX6435398	TFs and others	SUPT5H	Kidney	293	222	9/483	0/49	0	0	inf
SRX6435399	TFs and others	SUPT5H	Kidney	293	189	8/483	0/49	0	0	inf
SRX6435408	TFs and others	SUPT5H	Kidney	293	84	6/483	0/49	0	0	inf
SRX6435411	TFs and others	SUPT5H	Kidney	293	57	5/483	0/49	0	0	inf
SRX644707	TFs and others	Epitope tags	Kidney	293	153	7/483	0/49	0	0	inf
SRX644708	TFs and others	SCML2	Kidney	293	178	9/483	0/49	0	0	inf
SRX644711	TFs and others	Epitope tags	Kidney	293	131	7/483	0/49	0	0	inf
SRX644715	TFs and others	Epitope tags	Kidney	293	108	6/483	0/49	0	0	inf
SRX644719	TFs and others	Epitope tags	Kidney	293	31	3/483	0/49	0	0	inf
SRX644721	TFs and others	BMI1	Kidney	293	63	5/483	0/49	0	0	inf
SRX644723	TFs and others	Epitope tags	Kidney	293	13	1/483	0/49	0	0	inf
SRX644727	TFs and others	Epitope tags	Kidney	293	58	7/483	0/49	0	0	inf
SRX6473435	TFs and others	Epitope tags	Pluripotent stem cell	hESC derived neural crests	264	8/483	0/49	0	0	inf
SRX647706	TFs and others	TP53	Breast	HCC70	734	9/483	0/49	0	0	inf
SRX6487057	TFs and others	FOXA1	Breast	MCF-7	488	9/483	0/49	0	0	inf
SRX6487062	TFs and others	FOXA1	Breast	MCF-7	389	8/483	0/49	0	0	inf
SRX6487068	TFs and others	FOXA1	Breast	MCF-7	639	9/483	0/49	0	0	inf
SRX658606	TFs and others	TAL1	Blood	Hematopoietic Stem Cells	14	6/483	0/49	0	0	inf
SRX658607	TFs and others	TAL1	Blood	Hematopoietic Stem Cells	13	5/483	0/49	0	0	inf
SRX6605225	TFs and others	ORC1	Uterus	HeLa	86	8/483	0/49	0	0	inf
SRX6605226	TFs and others	ORC1	Uterus	HeLa	91	8/483	0/49	0	0	inf
SRX6616799	TFs and others	NR3C1	Lung	BEAS-2B	67	7/483	0/49	0	0	inf
SRX6616800	TFs and others	NR3C1	Lung	BEAS-2B	56	7/483	0/49	0	0	inf
SRX6616801	TFs and others	NR3C1	Lung	BEAS-2B	402	8/483	0/49	0	0	inf
SRX6616802	TFs and others	NR3C1	Lung	BEAS-2B	342	8/483	0/49	0	0	inf
SRX6665795	TFs and others	Epitope tags	Kidney	HK-2	267	9/483	0/49	0	0	inf
SRX667406	TFs and others	Epitope tags	Breast	MCF-7	87	8/483	0/49	0	0	inf
SRX6680411	TFs and others	CBX5	Digestive tract	DKO	542	9/483	0/49	0	0	inf
SRX6686241	TFs and others	DDX39B	Blood	K-562	628	5/483	0/49	0	0	inf
SRX6686243	TFs and others	DDX39B	Blood	K-562	317	9/483	0/49	0	0	inf
SRX6686387	TFs and others	EZH2	Prostate	DU 145	672	9/483	0/49	0	0	inf
SRX6692564	TFs and others	Epitope tags	Epidermis	Keratinocytes	154	7/483	0/49	0	0	inf
SRX6692565	TFs and others	Epitope tags	Epidermis	Keratinocytes	66	5/483	0/49	0	0	inf
SRX6699759	TFs and others	CTNNB1	Liver	Hep G2	376	9/483	0/49	0	0	inf
SRX6699760	TFs and others	CTNNB1	Liver	Hep G2	377	8/483	0/49	0	0	inf
SRX672731	TFs and others	TP53	Digestive tract	HCT 116	378	9/483	0/49	0	0	inf
SRX673711	TFs and others	Biotin	Breast	MCF-7	257	9/483	0/49	0	0	inf
SRX673713	TFs and others	Biotin	Breast	MCF-7	194	9/483	0/49	0	0	inf
SRX673714	TFs and others	Biotin	Breast	MCF-7	156	9/483	0/49	0	0	inf
SRX6743047	TFs and others	AR	Prostate	VCaP	595	9/483	0/49	0	0	inf
SRX6747999	TFs and others	MECP2	Digestive tract	HCT 116	2602	6/483	0/49	0	0	inf
SRX6748000	TFs and others	MECP2	Digestive tract	HCT 116	2624	8/483	0/49	0	0	inf
SRX6748001	TFs and others	MECP2	Digestive tract	DKO-1	3298	9/483	0/49	0	0	inf
SRX6748002	TFs and others	MECP2	Digestive tract	DKO-1	1869	9/483	0/49	0	0	inf
SRX6753906	TFs and others	LMNB1	Pluripotent stem cell	iPS derived cardiac cells	347	8/483	0/49	0	0	inf
SRX6753917	TFs and others	LMNB1	Pluripotent stem cell	iPS derived cardiac cells	358	8/483	0/49	0	0	inf
SRX6753920	TFs and others	LMNB1	Pluripotent stem cell	iPS derived cardiac cells	360	8/483	0/49	0	0	inf
SRX6753929	TFs and others	LMNB1	Pluripotent stem cell	iPS derived cardiac cells	506	9/483	0/49	0	0	inf
SRX6753932	TFs and others	LMNB1	Pluripotent stem cell	iPS derived cardiac cells	427	8/483	0/49	0	0	inf
SRX6753941	TFs and others	LMNB1	Pluripotent stem cell	iPS derived cardiac cells	506	9/483	0/49	0	0	inf
SRX6753944	TFs and others	LMNB1	Pluripotent stem cell	iPS derived cardiac cells	545	9/483	0/49	0	0	inf
SRX6753946	TFs and others	LMNB1	Pluripotent stem cell	iPS derived cardiac cells	169	9/483	0/49	0	0	inf
SRX6763473	TFs and others	EGR1	Blood	Macrophages	192	9/483	0/49	0	0	inf
SRX6763474	TFs and others	EGR1	Blood	Macrophages	236	4/483	0/49	0	0	inf
SRX6764996	TFs and others	WDR5	Neural	BE(2)-C	793	8/483	0/49	0	0	inf
SRX6780872	TFs and others	CRTC1	Pluripotent stem cell	iPS derived neural cells	710	8/483	0/49	0	0	inf
SRX6780874	TFs and others	CRTC1	Pluripotent stem cell	iPS derived neural cells	690	9/483	0/49	0	0	inf
SRX6793426	TFs and others	Cas9	Blood	K-562	627	8/483	0/49	0	0	inf
SRX6813406	TFs and others	ATF4	Blood	CD4+ T cells	365	9/483	0/49	0	0	inf
SRX6829505	TFs and others	SMARCA4	Uterus	HeLa	98	6/483	0/49	0	0	inf
SRX6829506	TFs and others	SMARCA4	Uterus	HeLa	91	6/483	0/49	0	0	inf
SRX6831820	TFs and others	NCOA3	Breast	MCF 10A	940	7/483	0/49	0	0	inf
SRX6831821	TFs and others	NCOA3	Breast	MCF 10A	1028	6/483	0/49	0	0	inf
SRX6831822	TFs and others	NCOA3	Breast	MCF 10A	976	7/483	0/49	0	0	inf
SRX6852808	TFs and others	SOX2	Lung	LK-2	333	3/483	0/49	0	0	inf
SRX6852809	TFs and others	SOX2	Lung	NCI-H520	206	4/483	0/49	0	0	inf
SRX6852811	TFs and others	SOX2	Lung	KNS-62	162	7/483	0/49	0	0	inf
SRX6852812	TFs and others	SOX2	Lung	HCC2814	137	8/483	0/49	0	0	inf
SRX6852814	TFs and others	SOX2	Lung	LK-2	3343	9/483	0/49	0	0	inf
SRX6852815	TFs and others	TP63	Lung	LK-2	227	8/483	0/49	0	0	inf
SRX6852821	TFs and others	POU3F2	Lung	NCI-H520	64	7/483	0/49	0	0	inf
SRX685340	TFs and others	MITF	Epidermis	Melanoma	46	6/483	0/49	0	0	inf
SRX6853577	TFs and others	ARNT	Breast	MCF-7	244	6/483	0/49	0	0	inf
SRX6853601	TFs and others	ARNT	Kidney	RCC4	129	8/483	0/49	0	0	inf
SRX6860647	TFs and others	ESR1	Breast	T-47D	950	9/483	0/49	0	0	inf
SRX6866208	TFs and others	PPARG	Blood	MKPL-1	518	9/483	0/49	0	0	inf
SRX6878423	TFs and others	CTCF	Lung	IMR-90	19	4/483	0/49	0	0	inf
SRX6878424	TFs and others	CTCF	Lung	IMR-90	21	4/483	0/49	0	0	inf
SRX6878425	TFs and others	CTCF	Lung	IMR-90	32	6/483	0/49	0	0	inf
SRX6878426	TFs and others	CTCF	Lung	IMR-90	25	6/483	0/49	0	0	inf
SRX6878595	TFs and others	CREB5	Prostate	LNCAP	1111	3/483	0/49	0	0	inf
SRX6896410	TFs and others	RNF2	Breast	T-47D	228	9/483	0/49	0	0	inf
SRX6902861	TFs and others	GATA1	Blood	CD34+	819	9/483	0/49	0	0	inf
SRX6913040	TFs and others	BRD2	Blood	THP-1	14	6/483	0/49	0	0	inf
SRX691803	TFs and others	Epitope tags	Kidney	293	47	9/483	0/49	0	0	inf
SRX691804	TFs and others	Epitope tags	Kidney	293	206	9/483	0/49	0	0	inf
SRX6944149	TFs and others	FOS	Blood	CD4+ T cells	26	5/483	0/49	0	0	inf
SRX6944152	TFs and others	JUNB	Blood	CD4+ T cells	23	4/483	0/49	0	0	inf
SRX6957392	TFs and others	FOXL2	Kidney	HGrC1	311	8/483	0/49	0	0	inf
SRX6957399	TFs and others	SMAD4	Kidney	HGrC1	336	9/483	0/49	0	0	inf
SRX6957408	TFs and others	SMAD4	Kidney	HGrC1	341	8/483	0/49	0	0	inf
SRX6957413	TFs and others	SMAD2	Kidney	HGrC1	192	8/483	0/49	0	0	inf
SRX6957414	TFs and others	SMAD2	Kidney	HGrC1	344	7/483	0/49	0	0	inf
SRX6957415	TFs and others	SMAD2	Kidney	HGrC1	580	9/483	0/49	0	0	inf
SRX6957462	TFs and others	FOXL2	Kidney	HGrC1	335	7/483	0/49	0	0	inf
SRX6957465	TFs and others	FOXL2	Kidney	HGrC1	331	7/483	0/49	0	0	inf
SRX6957478	TFs and others	SMAD4	Gonad	KGN	657	8/483	0/49	0	0	inf
SRX6957479	TFs and others	SMAD2	Gonad	KGN	557	9/483	0/49	0	0	inf
SRX6957482	TFs and others	SMAD4	Gonad	KGN	727	8/483	0/49	0	0	inf
SRX6957483	TFs and others	SMAD2	Gonad	KGN	1010	8/483	0/49	0	0	inf
SRX6957486	TFs and others	SMAD2	Kidney	HGrC1	318	8/483	0/49	0	0	inf
SRX6957489	TFs and others	FOXL2	Kidney	HGrC1	517	8/483	0/49	0	0	inf
SRX6981282	TFs and others	TCF4	Liver	Hepatocellular carcinoma	457	8/483	0/49	0	0	inf
SRX698184	TFs and others	CEBPA	Blood	Kasumi-1	250	8/483	0/49	0	0	inf
SRX7015632	TFs and others	Epitope tags	Others	Fibroblasts	212	4/483	0/49	0	0	inf
SRX7015633	TFs and others	Epitope tags	Others	Fibroblasts	430	4/483	0/49	0	0	inf
SRX7015634	TFs and others	Epitope tags	Others	Fibroblasts	710	7/483	0/49	0	0	inf
SRX7015655	TFs and others	SS18	Muscle	SYO-1	35	7/483	0/49	0	0	inf
SRX7015656	TFs and others	SMARCC1	Muscle	SYO-1	192	8/483	0/49	0	0	inf
SRX7015658	TFs and others	RING1	Muscle	SYO-1	15	1/483	0/49	0	0	inf
SRX7015662	TFs and others	SUZ12	Muscle	SYO-1	159	9/483	0/49	0	0	inf
SRX701957	TFs and others	PRDM1	Pluripotent stem cell	hESC derived mesendodermal cells	41	1/483	0/49	0	0	inf
SRX701959	TFs and others	PRDM1	Pluripotent stem cell	hESC HUES64	176	9/483	0/49	0	0	inf
SRX701970	TFs and others	EOMES	Pluripotent stem cell	hESC derived mesendodermal cells	626	7/483	0/49	0	0	inf
SRX701976	TFs and others	FOXA1	Pluripotent stem cell	hESC derived mesendodermal cells	287	4/483	0/49	0	0	inf
SRX701979	TFs and others	FOXA2	Pluripotent stem cell	hESC derived mesendodermal cells	5	1/483	0/49	0	0	inf
SRX701980	TFs and others	FOXA2	Pluripotent stem cell	hESC derived mesendodermal cells	340	6/483	0/49	0	0	inf
SRX701986	TFs and others	GATA4	Pluripotent stem cell	hESC derived mesendodermal cells	686	7/483	0/49	0	0	inf
SRX701987	TFs and others	GATA4	Pluripotent stem cell	hESC derived mesendodermal cells	354	7/483	0/49	0	0	inf
SRX702000	TFs and others	GATA6	Pluripotent stem cell	hESC HUES64	48	8/483	0/49	0	0	inf
SRX702004	TFs and others	GATA6	Pluripotent stem cell	hESC derived mesendodermal cells	582	8/483	0/49	0	0	inf
SRX702005	TFs and others	GATA6	Pluripotent stem cell	hESC derived mesendodermal cells	983	9/483	0/49	0	0	inf
SRX702088	TFs and others	SMAD2	Pluripotent stem cell	hESC HUES64	21	9/483	0/49	0	0	inf
SRX702089	TFs and others	SMAD2	Pluripotent stem cell	hESC derived ectodermal cells	80	5/483	0/49	0	0	inf
SRX702096	TFs and others	SMAD4	Pluripotent stem cell	hESC derived ectodermal cells	38	3/483	0/49	0	0	inf
SRX702131	TFs and others	TCF4	Pluripotent stem cell	hESC derived ectodermal cells	62	1/483	0/49	0	0	inf
SRX702149	TFs and others	MYC	Pluripotent stem cell	hESC derived ectodermal cells	2	1/483	0/49	0	0	inf
SRX7050993	TFs and others	PPP1R10	Bone	U2OS	266	9/483	0/49	0	0	inf
SRX7054939	TFs and others	ERG	Cardiovascular	HAEC	213	6/483	0/49	0	0	inf
SRX7054999	TFs and others	ERG	Cardiovascular	HAEC	1322	9/483	0/49	0	0	inf
SRX7055003	TFs and others	ERG	Cardiovascular	HAEC	797	7/483	0/49	0	0	inf
SRX707368	TFs and others	EZH2	Neural	Neural Stem Cells	180	4/483	0/49	0	0	inf
SRX707371	TFs and others	EZH2	Neural	SF7761	165	5/483	0/49	0	0	inf
SRX7083392	TFs and others	TCF3	Blood	RAMOS	575	6/483	0/49	0	0	inf
SRX7083398	TFs and others	IKZF1	Blood	RAMOS	497	5/483	0/49	0	0	inf
SRX7083412	TFs and others	SUPT5H	Blood	RAMOS	455	9/483	0/49	0	0	inf
SRX7086149	TFs and others	HNF1A	Epidermis	Skin fibroblasts	69	6/483	0/49	0	0	inf
SRX7097954	TFs and others	FBXO44	Breast	MDA-MB-231	302	6/483	0/49	0	0	inf
SRX7100373	TFs and others	KDM1A	Digestive tract	SW 480	251	9/483	0/49	0	0	inf
SRX7101364	TFs and others	TEAD1	Breast	Breast cancer cells	330	9/483	0/49	0	0	inf
SRX7101368	TFs and others	TEAD1	Digestive tract	Pharynx cancer cells	362	9/483	0/49	0	0	inf
SRX7101369	TFs and others	TEAD1	Digestive tract	Pharynx cancer cells	385	9/483	0/49	0	0	inf
SRX7101370	TFs and others	TEAD1	Digestive tract	Pharynx cancer cells	327	9/483	0/49	0	0	inf
SRX7101371	TFs and others	TEAD1	Digestive tract	Pharynx cancer cells	376	9/483	0/49	0	0	inf
SRX7115506	TFs and others	Epitope tags	Muscle	RH-4	172	6/483	0/49	0	0	inf
SRX7135409	TFs and others	TP63	Blood	K-562	317	8/483	0/49	0	0	inf
SRX7135410	TFs and others	TP63	Liver	Hep G2	299	9/483	0/49	0	0	inf
SRX7135411	TFs and others	TP63	Liver	Hep G2	365	9/483	0/49	0	0	inf
SRX7175126	TFs and others	FOXA1	Digestive tract	LS-180	2132	8/483	0/49	0	0	inf
SRX718421	TFs and others	SOX10	Epidermis	501A	1262	9/483	0/49	0	0	inf
SRX718424	TFs and others	GFP	Epidermis	501A	251	8/483	0/49	0	0	inf
SRX7202536	TFs and others	CTCF	Uterus	HEC-1-B	156	6/483	0/49	0	0	inf
SRX7202537	TFs and others	RAD21	Uterus	HEC-1-B	451	3/483	0/49	0	0	inf
SRX7202538	TFs and others	CTCF	Uterus	HEC-1-B	356	4/483	0/49	0	0	inf
SRX7202539	TFs and others	CTCF	Uterus	HEC-1-B	45	4/483	0/49	0	0	inf
SRX7202540	TFs and others	RAD21	Uterus	HEC-1-B	451	3/483	0/49	0	0	inf
SRX7202552	TFs and others	CTCF	Uterus	HEC-1-B	606	3/483	0/49	0	0	inf
SRX7202553	TFs and others	RAD21	Uterus	HEC-1-B	1935	4/483	0/49	0	0	inf
SRX7213078	TFs and others	PAF1	Bone	U2OS	132	9/483	0/49	0	0	inf
SRX7223841	TFs and others	CTCF	Bone	U2OS	183	9/483	0/49	0	0	inf
SRX7223842	TFs and others	CTCF	Bone	U2OS	565	9/483	0/49	0	0	inf
SRX7268483	TFs and others	NFE2L2	Lung	A549	290	9/483	0/49	0	0	inf
SRX7277194	TFs and others	LMNA	Unclassified	Unclassified	469	9/483	0/49	0	0	inf
SRX7299250	TFs and others	EP300	Kidney	WT 9-12	173	8/483	0/49	0	0	inf
SRX7299258	TFs and others	EP300	Kidney	WT 9-12	174	8/483	0/49	0	0	inf
SRX7299431	TFs and others	Epitope tags	Uterus	HeLa	434	9/483	0/49	0	0	inf
SRX731141	TFs and others	YAP1	Lung	NCI-H69	394	9/483	0/49	0	0	inf
SRX734308	TFs and others	MYBL2	Breast	HMEC	172	7/483	0/49	0	0	inf
SRX734339	TFs and others	CHD8	Breast	T-47D	19427	9/483	0/49	0	0	inf
SRX734340	TFs and others	CHD8	Breast	T-47D	59566	8/483	0/49	0	0	inf
SRX734342	TFs and others	CHD8	Breast	T-47D	47130	8/483	0/49	0	0	inf
SRX7359958	TFs and others	TWIST1	Liver	PLC/PRF/5	147	9/483	0/49	0	0	inf
SRX736054	TFs and others	AR	Prostate	LNCAP	6890	8/483	0/49	0	0	inf
SRX7366781	TFs and others	CDK9	Breast	MCF-7	437	7/483	0/49	0	0	inf
SRX7366782	TFs and others	CDK9	Breast	MCF-7	305	9/483	0/49	0	0	inf
SRX7366783	TFs and others	CDK9	Breast	MCF-7	436	7/483	0/49	0	0	inf
SRX738218	TFs and others	HOXA9	Kidney	293	81	8/483	0/49	0	0	inf
SRX7498508	TFs and others	CTCF	Uterus	SiHa	678	8/483	0/49	0	0	inf
SRX753143	TFs and others	GTF2I	Pluripotent stem cell	iPS cells	7116	9/483	0/49	0	0	inf
SRX753312	TFs and others	JUNB	Epidermis	Keratinocytes	86	7/483	0/49	0	0	inf
SRX754605	TFs and others	LMNB1	Uterus	HeLa	324	9/483	0/49	0	0	inf
SRX7551100	TFs and others	MRE11A	Uterus	HeLa	110	8/483	0/49	0	0	inf
SRX758609	TFs and others	FOXP1	Blood	HBL-1	37	4/483	0/49	0	0	inf
SRX758619	TFs and others	FOXP1	Blood	TMD8	66	2/483	0/49	0	0	inf
SRX7586660	TFs and others	SOX4	Breast	BT-549	88	7/483	0/49	0	0	inf
SRX7586661	TFs and others	SOX4	Breast	BT-549	100	5/483	0/49	0	0	inf
SRX7586662	TFs and others	SOX4	Breast	BT-549	75	8/483	0/49	0	0	inf
SRX7587157	TFs and others	FOXO1	Bone	Chondrocytes	249	8/483	0/49	0	0	inf
SRX7587158	TFs and others	FOXO1	Bone	Chondrocytes	450	9/483	0/49	0	0	inf
SRX761562	TFs and others	EHF	Lung	Calu-3	189	5/483	0/49	0	0	inf
SRX761563	TFs and others	EHF	Lung	Calu-3	178	5/483	0/49	0	0	inf
SRX7624159	TFs and others	NR2F2	Breast	T-47D	314	9/483	0/49	0	0	inf
SRX7625881	TFs and others	HIF1A	Kidney	293	173	9/483	0/49	0	0	inf
SRX764805	TFs and others	FOXA1	Pluripotent stem cell	hESC derived mesendodermal cells	2291	8/483	0/49	0	0	inf
SRX7657039	TFs and others	NCOA3	Breast	MCF10DCIS.com	347	6/483	0/49	0	0	inf
SRX7657040	TFs and others	NCOA3	Breast	MCF10DCIS.com	338	6/483	0/49	0	0	inf
SRX7657041	TFs and others	NCOA3	Breast	MCF10DCIS.com	317	6/483	0/49	0	0	inf
SRX7657042	TFs and others	NCOA3	Breast	MCF10DCIS.com	312	5/483	0/49	0	0	inf
SRX7657043	TFs and others	NCOA3	Breast	MCF10DCIS.com	251	5/483	0/49	0	0	inf
SRX7657044	TFs and others	NCOA3	Breast	MCF10DCIS.com	255	5/483	0/49	0	0	inf
SRX7657045	TFs and others	NCOA3	Breast	MCF 10A	414	6/483	0/49	0	0	inf
SRX7657046	TFs and others	NCOA3	Breast	MCF 10A	535	6/483	0/49	0	0	inf
SRX7657047	TFs and others	NCOA3	Breast	MCF 10A	445	6/483	0/49	0	0	inf
SRX7657048	TFs and others	NCOA3	Breast	MCF 10A	532	6/483	0/49	0	0	inf
SRX7657049	TFs and others	NCOA3	Breast	MCF 10A	592	6/483	0/49	0	0	inf
SRX7657050	TFs and others	NCOA3	Breast	MCF 10A	480	5/483	0/49	0	0	inf
SRX7659599	TFs and others	C17orf49	Breast	MCF-7	245	4/483	0/49	0	0	inf
SRX7692442	TFs and others	POLR2C	Breast	MCF-7	623	9/483	0/49	0	0	inf
SRX7692445	TFs and others	POLR2C	Breast	MCF-7	668	9/483	0/49	0	0	inf
SRX7695532	TFs and others	TEAD4	Neural	Y79	582	3/483	0/49	0	0	inf
SRX7695533	TFs and others	TEAD4	Neural	Y79	766	5/483	0/49	0	0	inf
SRX7695536	TFs and others	TEAD4	Neural	Y79	687	3/483	0/49	0	0	inf
SRX7695556	TFs and others	TEAD4	Lung	NCI-H2171	936	4/483	0/49	0	0	inf
SRX7695561	TFs and others	TEAD4	Lung	NCI-H2171	1277	9/483	0/49	0	0	inf
SRX7748786	TFs and others	AFF1	Digestive tract	DLD-1	314	9/483	0/49	0	0	inf
SRX7748787	TFs and others	AFF1	Digestive tract	DLD-1	265	9/483	0/49	0	0	inf
SRX7785395	TFs and others	ATF4	Blood	Jurkat	936	8/483	0/49	0	0	inf
SRX7805366	TFs and others	ZFY	Prostate	22Rv1	411	9/483	0/49	0	0	inf
SRX7805368	TFs and others	ZNF711	Prostate	22Rv1	391	8/483	0/49	0	0	inf
SRX7807561	TFs and others	GATA3	Blood	GM12878	88	3/483	0/49	0	0	inf
SRX7826472	TFs and others	YAP1	Cardiovascular	Coronary artery endothelial cells	317	8/483	0/49	0	0	inf
SRX7826475	TFs and others	YAP1	Cardiovascular	Coronary artery endothelial cells	293	8/483	0/49	0	0	inf
SRX7865938	TFs and others	EN1	Breast	MDA-MB-231	647	4/483	0/49	0	0	inf
SRX7865941	TFs and others	EN1	Breast	MDA-MB-231	722	4/483	0/49	0	0	inf
SRX7884419	TFs and others	MED1	Kidney	WT 9-12	119	7/483	0/49	0	0	inf
SRX7884420	TFs and others	MED1	Kidney	WT 9-12	147	9/483	0/49	0	0	inf
SRX7887593	TFs and others	YBX1	Blood	HEL	3628	3/483	0/49	0	0	inf
SRX7887594	TFs and others	YBX1	Blood	HEL	2169	4/483	0/49	0	0	inf
SRX7898178	TFs and others	ATF4	Digestive tract	HT-29	753	9/483	0/49	0	0	inf
SRX7902977	TFs and others	EGR1	Blood	Monocytes	38	6/483	0/49	0	0	inf
SRX7902982	TFs and others	EGR1	Blood	Macrophages	58	8/483	0/49	0	0	inf
SRX7902985	TFs and others	EGR1	Blood	Monocytes	167	9/483	0/49	0	0	inf
SRX7951324	TFs and others	SMARCA4	Lung	NCI-H1944	529	5/483	0/49	0	0	inf
SRX7971771	TFs and others	STAT3	Blood	Th2 Cells	509	9/483	0/49	0	0	inf
SRX7971772	TFs and others	STAT3	Blood	Th2 Cells	89	7/483	0/49	0	0	inf
SRX7971775	TFs and others	STAT3	Blood	Th2 Cells	196	9/483	0/49	0	0	inf
SRX7971780	TFs and others	STAT3	Blood	Th2 Cells	219	9/483	0/49	0	0	inf
SRX7972420	TFs and others	MKL1	Epidermis	MKL-1	591	9/483	0/49	0	0	inf
SRX7972441	TFs and others	MKL2	Epidermis	MKL-2	372	9/483	0/49	0	0	inf
SRX7981729	TFs and others	CREBBP	Prostate	Prostate cancer	101	6/483	0/49	0	0	inf
SRX7981734	TFs and others	EP300	Prostate	Prostate cancer	142	9/483	0/49	0	0	inf
SRX7981737	TFs and others	HDAC1	Prostate	Prostate cancer	122	6/483	0/49	0	0	inf
SRX7981738	TFs and others	HDAC1	Prostate	Prostate cancer	103	5/483	0/49	0	0	inf
SRX7981739	TFs and others	HDAC1	Prostate	Prostate cancer	100	5/483	0/49	0	0	inf
SRX7981740	TFs and others	HDAC1	Prostate	Prostate cancer	98	6/483	0/49	0	0	inf
SRX7981743	TFs and others	HDAC2	Prostate	Prostate cancer	111	5/483	0/49	0	0	inf
SRX7981744	TFs and others	HDAC2	Prostate	Prostate cancer	126	5/483	0/49	0	0	inf
SRX8013010	TFs and others	Epitope tags	Kidney	293	51071	8/483	0/49	0	0	inf
SRX8023127	TFs and others	TP53	Breast	MCF 10A	2229	1/483	0/49	0	0	inf
SRX8066535	TFs and others	CTCF	Blood	GM04604	585	9/483	0/49	0	0	inf
SRX8083101	TFs and others	FGFR1	Breast	CAMA-1	670	6/483	0/49	0	0	inf
SRX8083102	TFs and others	FGFR1	Breast	CAMA-1	702	6/483	0/49	0	0	inf
SRX8083104	TFs and others	FGFR1	Breast	CAMA-1	555	4/483	0/49	0	0	inf
SRX8147138	TFs and others	FOXA2	Prostate	LNCAP	1149	8/483	0/49	0	0	inf
SRX8147139	TFs and others	FOXA2	Prostate	LNCAP	1186	8/483	0/49	0	0	inf
SRX8147144	TFs and others	HOXB13	Prostate	LNCAP	55	8/483	0/49	0	0	inf
SRX8147145	TFs and others	HOXB13	Prostate	LNCAP	59	8/483	0/49	0	0	inf
SRX8162316	TFs and others	MEN1	Blood	MOLM-13	154	9/483	0/49	0	0	inf
SRX8162319	TFs and others	MEN1	Blood	MOLM-13	152	9/483	0/49	0	0	inf
SRX8162320	TFs and others	MEN1	Blood	MOLM-13	148	9/483	0/49	0	0	inf
SRX8171720	TFs and others	MYBBP1A	Pancreas	Hs 766T	92	8/483	0/49	0	0	inf
SRX8171721	TFs and others	MYBBP1A	Pancreas	Hs 766T	93	8/483	0/49	0	0	inf
SRX8171722	TFs and others	MYBBP1A	Pancreas	Hs 766T	129	8/483	0/49	0	0	inf
SRX8171726	TFs and others	MYBBP1A	Pancreas	Hs 766T	139	8/483	0/49	0	0	inf
SRX8171727	TFs and others	MYBBP1A	Pancreas	Hs 766T	68	8/483	0/49	0	0	inf
SRX8171728	TFs and others	MYBBP1A	Pancreas	Hs 766T	84	8/483	0/49	0	0	inf
SRX8272749	TFs and others	ESR2	Digestive tract	HT-29	549	7/483	0/49	0	0	inf
SRX8272934	TFs and others	BRD4	Blood	BLaER1	474	6/483	0/49	0	0	inf
SRX8272935	TFs and others	BRD4	Blood	BLaER1	541	7/483	0/49	0	0	inf
SRX8272936	TFs and others	BRD4	Blood	BLaER1	498	9/483	0/49	0	0	inf
SRX8272939	TFs and others	BRD4	Blood	BLaER1	398	6/483	0/49	0	0	inf
SRX831881	TFs and others	STAT5B	Blood	CD8+ T cells	702	9/483	0/49	0	0	inf
SRX8321476	TFs and others	Biotin	Neural	SK-N-SH	36	4/483	0/49	0	0	inf
SRX8341012	TFs and others	FANCM	Uterus	HeLa	1518	1/483	0/49	0	0	inf
SRX8353664	TFs and others	LMNA	Breast	MDA-MB-231	218	5/483	0/49	0	0	inf
SRX8353665	TFs and others	LMNA	Breast	MDA-MB-231	195	5/483	0/49	0	0	inf
SRX8353666	TFs and others	LMNA	Breast	MDA-MB-231	272	5/483	0/49	0	0	inf
SRX8353667	TFs and others	LMNA	Breast	MDA-MB-231	283	8/483	0/49	0	0	inf
SRX8353668	TFs and others	LMNA	Breast	MDA-MB-231	274	4/483	0/49	0	0	inf
SRX8353669	TFs and others	LMNA	Breast	MDA-MB-231	222	4/483	0/49	0	0	inf
SRX8353670	TFs and others	LMNA	Breast	MDA-MB-231	297	4/483	0/49	0	0	inf
SRX8353671	TFs and others	LMNA	Breast	MDA-MB-231	268	7/483	0/49	0	0	inf
SRX8357709	TFs and others	MECP2	Kidney	293	547	6/483	0/49	0	0	inf
SRX8357710	TFs and others	MECP2	Kidney	293	498	6/483	0/49	0	0	inf
SRX8379086	TFs and others	SMARCA4	Gonad	BIN-67	114	9/483	0/49	0	0	inf
SRX8379091	TFs and others	SMARCA4	Gonad	BIN-67	142	6/483	0/49	0	0	inf
SRX8379092	TFs and others	SMARCA4	Gonad	BIN-67	70	8/483	0/49	0	0	inf
SRX8391104	TFs and others	MED1	Others	Head and neck squamous cell carcinoma 	633	6/483	0/49	0	0	inf
SRX8391105	TFs and others	MED1	Others	Head and neck squamous cell carcinoma 	97	8/483	0/49	0	0	inf
SRX8400466	TFs and others	TP63	Others	CAL 27	805	9/483	0/49	0	0	inf
SRX8401245	TFs and others	TCF7L2	Pluripotent stem cell	hESC derived cardiac cells	41	4/483	0/49	0	0	inf
SRX8401246	TFs and others	TCF7L2	Pluripotent stem cell	hESC derived cardiac cells	114	9/483	0/49	0	0	inf
SRX8406317	TFs and others	HOXB13	Prostate	Prostatic Neoplasms, Castration-Resistant	456	9/483	0/49	0	0	inf
SRX8406514	TFs and others	FOXA1	Prostate	Prostate	945	9/483	0/49	0	0	inf
SRX8418755	TFs and others	ESR1	Uterus	Endometrial stromal cells	119	2/483	0/49	0	0	inf
SRX8419454	TFs and others	GLIS3	Pancreas	Pancreatic islets	47	9/483	0/49	0	0	inf
SRX8432557	TFs and others	EZH2	Pluripotent stem cell	iPS cells	244	9/483	0/49	0	0	inf
SRX8432559	TFs and others	EZH2	Pluripotent stem cell	iPS cells	271	9/483	0/49	0	0	inf
SRX8432568	TFs and others	SUZ12	Pluripotent stem cell	iPS cells	222	9/483	0/49	0	0	inf
SRX8432572	TFs and others	EZH2	Pluripotent stem cell	iPS cells	397	9/483	0/49	0	0	inf
SRX8432573	TFs and others	EZH2	Pluripotent stem cell	iPS cells	338	8/483	0/49	0	0	inf
SRX8468926	TFs and others	FANCM	Uterus	HeLa	1392	1/483	0/49	0	0	inf
SRX8473458	TFs and others	EZH2	Digestive tract	Het-1A	132	5/483	0/49	0	0	inf
SRX8473459	TFs and others	EZH2	Digestive tract	EC109	102	6/483	0/49	0	0	inf
SRX8488022	TFs and others	Epitope tags	Breast	MDA-MB-231	163	4/483	0/49	0	0	inf
SRX8488023	TFs and others	Epitope tags	Breast	MDA-MB-231	639	7/483	0/49	0	0	inf
SRX8488024	TFs and others	Epitope tags	Breast	MDA-MB-231	462	6/483	0/49	0	0	inf
SRX8488025	TFs and others	Epitope tags	Breast	MDA-MB-231	379	8/483	0/49	0	0	inf
SRX8488026	TFs and others	Epitope tags	Breast	MDA-MB-231	416	7/483	0/49	0	0	inf
SRX8512733	TFs and others	BACH1	Digestive tract	HCT 116	254	9/483	0/49	0	0	inf
SRX8512734	TFs and others	BMI1	Digestive tract	HCT 116	221	9/483	0/49	0	0	inf
SRX8512735	TFs and others	BMI1	Digestive tract	HCT 116	256	9/483	0/49	0	0	inf
SRX8512737	TFs and others	BRD1	Digestive tract	HCT 116	322	9/483	0/49	0	0	inf
SRX8512738	TFs and others	BRD1	Digestive tract	HCT 116	86	8/483	0/49	0	0	inf
SRX8512739	TFs and others	BRD3	Digestive tract	HCT 116	349	9/483	0/49	0	0	inf
SRX8512740	TFs and others	BRD3	Digestive tract	HCT 116	240	9/483	0/49	0	0	inf
SRX8512741	TFs and others	BRD9	Digestive tract	HCT 116	317	9/483	0/49	0	0	inf
SRX8512742	TFs and others	BRPF1	Digestive tract	HCT 116	13	4/483	0/49	0	0	inf
SRX8512744	TFs and others	BRPF1	Digestive tract	HCT 116	39	9/483	0/49	0	0	inf
SRX8512745	TFs and others	BRWD1	Digestive tract	HCT 116	342	9/483	0/49	0	0	inf
SRX8512747	TFs and others	CBX1	Digestive tract	HCT 116	372	9/483	0/49	0	0	inf
SRX8512748	TFs and others	CBX3	Digestive tract	HCT 116	353	9/483	0/49	0	0	inf
SRX8512751	TFs and others	CIZ1	Digestive tract	HCT 116	161	8/483	0/49	0	0	inf
SRX8512753	TFs and others	CXXC1	Digestive tract	HCT 116	314	9/483	0/49	0	0	inf
SRX8512754	TFs and others	CXXC1	Digestive tract	HCT 116	351	9/483	0/49	0	0	inf
SRX8512758	TFs and others	CXXC1	Digestive tract	HCT 116	306	9/483	0/49	0	0	inf
SRX8512760	TFs and others	DNMT3A	Digestive tract	HCT 116	225	9/483	0/49	0	0	inf
SRX8512761	TFs and others	DNMT3L	Digestive tract	HCT 116	241	9/483	0/49	0	0	inf
SRX8512762	TFs and others	DPF1	Digestive tract	HCT 116	453	9/483	0/49	0	0	inf
SRX8512764	TFs and others	DPF1	Digestive tract	HCT 116	443	9/483	0/49	0	0	inf
SRX8512765	TFs and others	DPF1	Digestive tract	HCT 116	367	8/483	0/49	0	0	inf
SRX8512766	TFs and others	EZH2	Digestive tract	HCT 116	331	8/483	0/49	0	0	inf
SRX8512768	TFs and others	GTF2F2	Digestive tract	HCT 116	367	9/483	0/49	0	0	inf
SRX8512769	TFs and others	GTF2F2	Digestive tract	HCT 116	273	9/483	0/49	0	0	inf
SRX8512772	TFs and others	HMG20B	Digestive tract	HCT 116	311	8/483	0/49	0	0	inf
SRX8512773	TFs and others	HSF1	Digestive tract	HCT 116	336	9/483	0/49	0	0	inf
SRX8512775	TFs and others	HSF1	Digestive tract	HCT 116	314	9/483	0/49	0	0	inf
SRX8512776	TFs and others	HSF1	Digestive tract	HCT 116	332	8/483	0/49	0	0	inf
SRX8512777	TFs and others	HSF1	Digestive tract	HCT 116	232	9/483	0/49	0	0	inf
SRX8512780	TFs and others	HSF1	Digestive tract	HCT 116	343	8/483	0/49	0	0	inf
SRX8512783	TFs and others	HSF1	Digestive tract	HCT 116	227	9/483	0/49	0	0	inf
SRX8512784	TFs and others	HSF1	Digestive tract	HCT 116	217	9/483	0/49	0	0	inf
SRX8512785	TFs and others	HSF2	Digestive tract	HCT 116	300	9/483	0/49	0	0	inf
SRX8512786	TFs and others	HSF2	Digestive tract	HCT 116	192	8/483	0/49	0	0	inf
SRX8512787	TFs and others	JAZF1	Digestive tract	HCT 116	110	6/483	0/49	0	0	inf
SRX8512788	TFs and others	JAZF1	Digestive tract	HCT 116	130	6/483	0/49	0	0	inf
SRX8512789	TFs and others	JAZF1	Digestive tract	HCT 116	152	6/483	0/49	0	0	inf
SRX8512792	TFs and others	KDM1A	Digestive tract	HCT 116	356	9/483	0/49	0	0	inf
SRX8512793	TFs and others	KDM1A	Digestive tract	HCT 116	309	9/483	0/49	0	0	inf
SRX8512794	TFs and others	LDB1	Digestive tract	HCT 116	419	9/483	0/49	0	0	inf
SRX8512795	TFs and others	MED1	Digestive tract	HCT 116	400	8/483	0/49	0	0	inf
SRX8512796	TFs and others	MED1	Digestive tract	HCT 116	372	9/483	0/49	0	0	inf
SRX8512798	TFs and others	MED21	Digestive tract	HCT 116	412	9/483	0/49	0	0	inf
SRX8512799	TFs and others	MED22	Digestive tract	HCT 116	398	9/483	0/49	0	0	inf
SRX8512801	TFs and others	MED30	Digestive tract	HCT 116	267	9/483	0/49	0	0	inf
SRX8512802	TFs and others	MED30	Digestive tract	HCT 116	292	9/483	0/49	0	0	inf
SRX8512803	TFs and others	MED4	Digestive tract	HCT 116	360	9/483	0/49	0	0	inf
SRX8512804	TFs and others	MED6	Digestive tract	HCT 116	411	9/483	0/49	0	0	inf
SRX8512805	TFs and others	MED7	Digestive tract	HCT 116	490	9/483	0/49	0	0	inf
SRX8512806	TFs and others	MED7	Digestive tract	HCT 116	262	9/483	0/49	0	0	inf
SRX8512807	TFs and others	MED8	Digestive tract	HCT 116	508	9/483	0/49	0	0	inf
SRX8512808	TFs and others	MED8	Digestive tract	HCT 116	607	9/483	0/49	0	0	inf
SRX8512809	TFs and others	MED9	Digestive tract	HCT 116	435	9/483	0/49	0	0	inf
SRX8512810	TFs and others	MEN1	Digestive tract	HCT 116	334	9/483	0/49	0	0	inf
SRX8512815	TFs and others	NFE2L2	Digestive tract	HCT 116	352	9/483	0/49	0	0	inf
SRX8512816	TFs and others	NFE2L2	Digestive tract	HCT 116	339	9/483	0/49	0	0	inf
SRX8512822	TFs and others	NRF1	Digestive tract	HCT 116	342	9/483	0/49	0	0	inf
SRX8512823	TFs and others	NRF1	Digestive tract	HCT 116	383	8/483	0/49	0	0	inf
SRX8512824	TFs and others	PCGF3	Digestive tract	HCT 116	294	9/483	0/49	0	0	inf
SRX8512825	TFs and others	PCGF3	Digestive tract	HCT 116	194	9/483	0/49	0	0	inf
SRX8512826	TFs and others	PCGF6	Digestive tract	HCT 116	197	9/483	0/49	0	0	inf
SRX8512827	TFs and others	PCGF6	Digestive tract	HCT 116	255	9/483	0/49	0	0	inf
SRX8512828	TFs and others	PRDM1	Digestive tract	HCT 116	196	9/483	0/49	0	0	inf
SRX8512829	TFs and others	PRDM1	Digestive tract	HCT 116	193	9/483	0/49	0	0	inf
SRX8512830	TFs and others	PRDM2	Digestive tract	HCT 116	104	7/483	0/49	0	0	inf
SRX8512831	TFs and others	PRDM2	Digestive tract	HCT 116	137	8/483	0/49	0	0	inf
SRX8512835	TFs and others	RCOR2	Digestive tract	HCT 116	166	7/483	0/49	0	0	inf
SRX8512836	TFs and others	RCOR2	Digestive tract	HCT 116	156	8/483	0/49	0	0	inf
SRX8512837	TFs and others	RCOR3	Digestive tract	HCT 116	166	9/483	0/49	0	0	inf
SRX8512839	TFs and others	RNF20	Digestive tract	HCT 116	100	7/483	0/49	0	0	inf
SRX8512840	TFs and others	SCML4	Digestive tract	HCT 116	301	9/483	0/49	0	0	inf
SRX8512841	TFs and others	SCML4	Digestive tract	HCT 116	333	9/483	0/49	0	0	inf
SRX8512842	TFs and others	SIRT1	Digestive tract	HCT 116	170	8/483	0/49	0	0	inf
SRX8512843	TFs and others	SIRT1	Digestive tract	HCT 116	231	9/483	0/49	0	0	inf
SRX8512844	TFs and others	SKIL	Digestive tract	HCT 116	174	6/483	0/49	0	0	inf
SRX8512846	TFs and others	SMAD2	Digestive tract	HCT 116	143	7/483	0/49	0	0	inf
SRX8512847	TFs and others	SMAD4	Digestive tract	HCT 116	141	7/483	0/49	0	0	inf
SRX8512848	TFs and others	SMAD4	Digestive tract	HCT 116	171	9/483	0/49	0	0	inf
SRX8512849	TFs and others	SMAD4	Digestive tract	HCT 116	151	8/483	0/49	0	0	inf
SRX8512850	TFs and others	SMAD4	Digestive tract	HCT 116	97	7/483	0/49	0	0	inf
SRX8512851	TFs and others	SMAD4	Digestive tract	HCT 116	139	8/483	0/49	0	0	inf
SRX8512852	TFs and others	SMAD4	Digestive tract	HCT 116	141	8/483	0/49	0	0	inf
SRX8512853	TFs and others	SMAD4	Digestive tract	HCT 116	144	8/483	0/49	0	0	inf
SRX8512854	TFs and others	SMAD4	Digestive tract	HCT 116	211	9/483	0/49	0	0	inf
SRX8512855	TFs and others	SMAD4	Digestive tract	HCT 116	144	8/483	0/49	0	0	inf
SRX8512856	TFs and others	SMARCAL1	Digestive tract	HCT 116	468	9/483	0/49	0	0	inf
SRX8512857	TFs and others	SMARCAL1	Digestive tract	HCT 116	465	9/483	0/49	0	0	inf
SRX8512861	TFs and others	SMARCC2	Digestive tract	HCT 116	169	7/483	0/49	0	0	inf
SRX8512862	TFs and others	SMARCC2	Digestive tract	HCT 116	346	9/483	0/49	0	0	inf
SRX8512865	TFs and others	SMARCE1	Digestive tract	HCT 116	232	8/483	0/49	0	0	inf
SRX8512866	TFs and others	SMARCE1	Digestive tract	HCT 116	384	8/483	0/49	0	0	inf
SRX8512867	TFs and others	SMARCE1	Digestive tract	HCT 116	284	9/483	0/49	0	0	inf
SRX8512868	TFs and others	SNAPC4	Digestive tract	HCT 116	303	9/483	0/49	0	0	inf
SRX8512869	TFs and others	SNAPC4	Digestive tract	HCT 116	265	9/483	0/49	0	0	inf
SRX8512870	TFs and others	TCEAL8	Digestive tract	HCT 116	268	9/483	0/49	0	0	inf
SRX8512871	TFs and others	TEAD3	Digestive tract	HCT 116	115	9/483	0/49	0	0	inf
SRX8512872	TFs and others	TEAD4	Digestive tract	HCT 116	37	3/483	0/49	0	0	inf
SRX8512874	TFs and others	TRIM24	Digestive tract	HCT 116	55	6/483	0/49	0	0	inf
SRX8512875	TFs and others	USP7	Digestive tract	HCT 116	77	6/483	0/49	0	0	inf
SRX8512877	TFs and others	WHSC1	Digestive tract	HCT 116	125	7/483	0/49	0	0	inf
SRX8512878	TFs and others	YEATS2	Digestive tract	HCT 116	180	8/483	0/49	0	0	inf
SRX8512879	TFs and others	YEATS4	Digestive tract	HCT 116	194	9/483	0/49	0	0	inf
SRX8537471	TFs and others	SNAI1	Muscle	RH-30	239	7/483	0/49	0	0	inf
SRX8602202	TFs and others	IRF4	Blood	OCI-LY-3	831	8/483	0/49	0	0	inf
SRX8602210	TFs and others	IRF4	Blood	U-266	122	8/483	0/49	0	0	inf
SRX8616355	TFs and others	KSHV LANA	Blood	BCBL1	51	9/483	0/49	0	0	inf
SRX8616357	TFs and others	KSHV LANA	Blood	BCBL1	66	8/483	0/49	0	0	inf
SRX8616369	TFs and others	KSHV LANA	Blood	BJAB	278	9/483	0/49	0	0	inf
SRX8616373	TFs and others	KSHV LANA	Blood	BJAB	144	8/483	0/49	0	0	inf
SRX8616816	TFs and others	FOSL1	Lung	A549	238	8/483	0/49	0	0	inf
SRX8616819	TFs and others	FOSL1	Lung	A549	350	5/483	0/49	0	0	inf
SRX861682	TFs and others	AR	Prostate	Prostate cancer	1024	9/483	0/49	0	0	inf
SRX8631024	TFs and others	SMARCA4	Cardiovascular	Aortic smooth muscle cells	270	5/483	0/49	0	0	inf
SRX8631029	TFs and others	SMARCA4	Cardiovascular	Aortic smooth muscle cells	263	9/483	0/49	0	0	inf
SRX8664962	TFs and others	ATF4	Blood	Erythroblasts	464	8/483	0/49	0	0	inf
SRX866614	TFs and others	GATA3	Neural	BE(2)-C	176	8/483	0/49	0	0	inf
SRX8670136	TFs and others	ASCL1	Neural	SH-SY5Y	162	9/483	0/49	0	0	inf
SRX8714000	TFs and others	Epitope tags	Neural	Neural Stem Cells	156	9/483	0/49	0	0	inf
SRX8714001	TFs and others	Epitope tags	Neural	Neural Stem Cells	346	9/483	0/49	0	0	inf
SRX8726286	TFs and others	BMI1	Others	Tumor	45	5/483	0/49	0	0	inf
SRX8726289	TFs and others	BMI1	Others	Tumor	101	9/483	0/49	0	0	inf
SRX877859	TFs and others	ZNF165	Breast	WHIM12	486	8/483	0/49	0	0	inf
SRX878831	TFs and others	Epitope tags	Kidney	293	311	8/483	0/49	0	0	inf
SRX8807158	TFs and others	MED1	Blood	UCSD-AML1	488	9/483	0/49	0	0	inf
SRX8814972	TFs and others	LMNB1	Pluripotent stem cell	iPS derived cardiac cells	367	9/483	0/49	0	0	inf
SRX8814978	TFs and others	LMNB1	Pluripotent stem cell	iPS derived adipocytes	474	9/483	0/49	0	0	inf
SRX8814996	TFs and others	LMNB1	Pluripotent stem cell	iPSC derived hepatocytes	108	9/483	0/49	0	0	inf
SRX8815002	TFs and others	LMNB1	Pluripotent stem cell	iPS derived cardiac cells	260	8/483	0/49	0	0	inf
SRX8827510	TFs and others	SMARCA4	Lung	NCI-H1299	46	3/483	0/49	0	0	inf
SRX8827511	TFs and others	SMARCA4	Lung	NCI-H1299	859	5/483	0/49	0	0	inf
SRX8827512	TFs and others	SMARCA4	Lung	NCI-H1299	616	4/483	0/49	0	0	inf
SRX8827513	TFs and others	SMARCA4	Lung	NCI-H1299	76	2/483	0/49	0	0	inf
SRX8827519	TFs and others	EZH2	Lung	NCI-H1299	132	3/483	0/49	0	0	inf
SRX8827521	TFs and others	EZH2	Lung	NCI-H1299	34	1/483	0/49	0	0	inf
SRX8827539	TFs and others	SMARCA4	Lung	NCI-H1299	684	6/483	0/49	0	0	inf
SRX8827540	TFs and others	SMARCA4	Lung	NCI-H1299	85	1/483	0/49	0	0	inf
SRX8827541	TFs and others	SMARCA4	Lung	NCI-H1299	10	2/483	0/49	0	0	inf
SRX8827546	TFs and others	EZH2	Lung	NCI-H1299	186	3/483	0/49	0	0	inf
SRX882952	TFs and others	AR	Prostate	LNCAP	42	5/483	0/49	0	0	inf
SRX8886349	TFs and others	FAM208A	Uterus	HeLa	54	7/483	0/49	0	0	inf
SRX8886350	TFs and others	FAM208A	Uterus	HeLa	73	7/483	0/49	0	0	inf
SRX8886351	TFs and others	FAM208A	Uterus	HeLa	25	5/483	0/49	0	0	inf
SRX8886352	TFs and others	FAM208A	Uterus	HeLa	32	5/483	0/49	0	0	inf
SRX8898037	TFs and others	SUZ12	Others	Tumor-derived cell line	54	3/483	0/49	0	0	inf
SRX8898038	TFs and others	SUZ12	Others	Tumor-derived cell line	142	6/483	0/49	0	0	inf
SRX8898039	TFs and others	SUZ12	Others	Tumor-derived cell line	40	3/483	0/49	0	0	inf
SRX8898041	TFs and others	SUZ12	Others	Tumor-derived cell line	292	6/483	0/49	0	0	inf
SRX8898042	TFs and others	SUZ12	Others	Tumor-derived cell line	119	6/483	0/49	0	0	inf
SRX8907433	TFs and others	CHD4	Muscle	Rh-5	58	9/483	0/49	0	0	inf
SRX8945050	TFs and others	CPSF6	Bone	U2OS	1046	6/483	0/49	0	0	inf
SRX8945056	TFs and others	CPSF6	Bone	U2OS	875	7/483	0/49	0	0	inf
SRX895441	TFs and others	PIAS1	Prostate	VCaP	250	2/483	0/49	0	0	inf
SRX895442	TFs and others	PIAS1	Prostate	VCaP	950	5/483	0/49	0	0	inf
SRX9012291	TFs and others	GPS2	Adipocyte	Adipose-Derived Mesenchymal Stem Cells	381	7/483	0/49	0	0	inf
SRX9012292	TFs and others	GPS2	Adipocyte	Adipose-Derived Mesenchymal Stem Cells	395	6/483	0/49	0	0	inf
SRX9029210	TFs and others	POU2F2	Blood	Neutrophils	523	4/483	0/49	0	0	inf
SRX9029212	TFs and others	POU2F2	Blood	Monocytes-CD14+	551	4/483	0/49	0	0	inf
SRX9031540	TFs and others	KMT2D	Others	UM-UC-1	438	9/483	0/49	0	0	inf
SRX9031542	TFs and others	KMT2D	Others	UM-UC-1	420	9/483	0/49	0	0	inf
SRX9045665	TFs and others	TP53	Blood	Erythroblasts	1022	9/483	0/49	0	0	inf
SRX905366	TFs and others	ARID3B	Others	OECM-1	363	5/483	0/49	0	0	inf
SRX905367	TFs and others	ARID3B	Others	OECM-1	428	4/483	0/49	0	0	inf
SRX905368	TFs and others	KDM4C	Others	OECM-1	332	6/483	0/49	0	0	inf
SRX905369	TFs and others	KDM4C	Others	OECM-1	351	7/483	0/49	0	0	inf
SRX9081916	TFs and others	Epitope tags	Gonad	A2780	63	8/483	0/49	0	0	inf
SRX9101666	TFs and others	SREBF2	Epidermis	Melanoma cell line	102	7/483	0/49	0	0	inf
SRX9135091	TFs and others	AR	Prostate	VCaP	1030	9/483	0/49	0	0	inf
SRX9135094	TFs and others	AR	Prostate	VCaP	539	7/483	0/49	0	0	inf
SRX9135096	TFs and others	AR	Prostate	VCaP	1468	6/483	0/49	0	0	inf
SRX9178808	TFs and others	HAP1	Blood	HAP1	243	9/483	0/49	0	0	inf
SRX9178851	TFs and others	HAP1	Blood	HAP1	173	8/483	0/49	0	0	inf
SRX9206314	TFs and others	BRD8	Lung	Calu-3	491	8/483	0/49	0	0	inf
SRX9213096	TFs and others	KANSL3	Blood	THP-1	578	9/483	0/49	0	0	inf
SRX9213097	TFs and others	KANSL3	Blood	THP-1	692	9/483	0/49	0	0	inf
SRX9281780	TFs and others	RNF2	Kidney	293	655	8/483	0/49	0	0	inf
SRX9281782	TFs and others	RNF2	Kidney	293	621	9/483	0/49	0	0	inf
SRX9281783	TFs and others	RNF2	Kidney	293	44	7/483	0/49	0	0	inf
SRX9281785	TFs and others	RNF2	Kidney	293	43	8/483	0/49	0	0	inf
SRX9281786	TFs and others	RNF2	Kidney	293	47	8/483	0/49	0	0	inf
SRX9281787	TFs and others	RNF2	Kidney	293	45	7/483	0/49	0	0	inf
SRX9281788	TFs and others	RNF2	Kidney	293	45	8/483	0/49	0	0	inf
SRX9281789	TFs and others	SUZ12	Kidney	293	609	6/483	0/49	0	0	inf
SRX9281790	TFs and others	SUZ12	Kidney	293	727	6/483	0/49	0	0	inf
SRX9281792	TFs and others	SUZ12	Kidney	293	193	5/483	0/49	0	0	inf
SRX9281793	TFs and others	SUZ12	Kidney	293	466	7/483	0/49	0	0	inf
SRX9281794	TFs and others	SUZ12	Kidney	293	254	5/483	0/49	0	0	inf
SRX9281795	TFs and others	SUZ12	Kidney	293	74	5/483	0/49	0	0	inf
SRX9281796	TFs and others	SUZ12	Kidney	293	317	8/483	0/49	0	0	inf
SRX9281797	TFs and others	SUZ12	Kidney	293	203	5/483	0/49	0	0	inf
SRX9281798	TFs and others	SUZ12	Kidney	293	54	5/483	0/49	0	0	inf
SRX9281799	TFs and others	SUZ12	Kidney	293	257	8/483	0/49	0	0	inf
SRX9281800	TFs and others	SUZ12	Kidney	293	387	8/483	0/49	0	0	inf
SRX9281801	TFs and others	SUZ12	Kidney	293	119	5/483	0/49	0	0	inf
SRX9281802	TFs and others	SUZ12	Kidney	293	419	9/483	0/49	0	0	inf
SRX9281803	TFs and others	SUZ12	Kidney	293	104	5/483	0/49	0	0	inf
SRX9286283	TFs and others	ERG	Prostate	VCaP	406	9/483	0/49	0	0	inf
SRX9298942	TFs and others	NR3C1	Lung	Lung cancer cell line	23	4/483	0/49	0	0	inf
SRX9298946	TFs and others	NR3C1	Lung	Lung cancer cell line	86	7/483	0/49	0	0	inf
SRX9318382	TFs and others	TOP2B	Neural	Glioma	9	4/483	0/49	0	0	inf
SRX9318386	TFs and others	TOP2B	Neural	Glioma	18	7/483	0/49	0	0	inf
SRX9318388	TFs and others	TOP2B	Neural	Glioma	6	5/483	0/49	0	0	inf
SRX9318390	TFs and others	TOP2B	Neural	Glioma	16	4/483	0/49	0	0	inf
SRX9318392	TFs and others	TOP2B	Neural	Glioma	41	8/483	0/49	0	0	inf
SRX9318394	TFs and others	TOP2B	Neural	Glioma	33	7/483	0/49	0	0	inf
SRX9350044	TFs and others	TP53	Lung	NCI-H1299	357	9/483	0/49	0	0	inf
SRX9350046	TFs and others	TP53	Lung	NCI-H1299	223	9/483	0/49	0	0	inf
SRX9370421	TFs and others	ING5	Liver	Hep G2	413	6/483	0/49	0	0	inf
SRX9415791	TFs and others	ERF	Blood	HUDEP-2	326	8/483	0/49	0	0	inf
SRX9419935	TFs and others	BRD4	Breast	BT-474	8979	5/483	0/49	0	0	inf
SRX9419936	TFs and others	BRD4	Breast	BT-474	10187	4/483	0/49	0	0	inf
SRX9419937	TFs and others	BRD4	Breast	BT-474	9482	5/483	0/49	0	0	inf
SRX9419938	TFs and others	BRD4	Breast	BT-474	10130	4/483	0/49	0	0	inf
SRX9419944	TFs and others	MED1	Breast	BT-474	9378	4/483	0/49	0	0	inf
SRX9419945	TFs and others	MED1	Breast	BT-474	9488	4/483	0/49	0	0	inf
SRX9419946	TFs and others	MED1	Breast	BT-474	10367	5/483	0/49	0	0	inf
SRX9419947	TFs and others	MED1	Breast	BT-474	9891	5/483	0/49	0	0	inf
SRX9433121	TFs and others	MYC	Bone	U2OS	103	5/483	0/49	0	0	inf
SRX9433122	TFs and others	MYC	Bone	U2OS	89	2/483	0/49	0	0	inf
SRX9433123	TFs and others	MYC	Bone	U2OS	121	6/483	0/49	0	0	inf
SRX9433124	TFs and others	MYC	Bone	U2OS	33	2/483	0/49	0	0	inf
SRX9450685	TFs and others	AHR	Pluripotent stem cell	hESC derived endodermal cells	404	9/483	0/49	0	0	inf
SRX9450686	TFs and others	AHR	Pluripotent stem cell	hESC derived endodermal cells	329	8/483	0/49	0	0	inf
SRX9450689	TFs and others	AHR	Pluripotent stem cell	hESC derived endodermal cells	402	9/483	0/49	0	0	inf
SRX9450690	TFs and others	AHR	Pluripotent stem cell	hESC derived endodermal cells	374	8/483	0/49	0	0	inf
SRX9450697	TFs and others	AHR	Pluripotent stem cell	hESC H9	264	9/483	0/49	0	0	inf
SRX9450702	TFs and others	AHR	Pluripotent stem cell	hESC derived neural cells	380	8/483	0/49	0	0	inf
SRX9450703	TFs and others	AHR	Pluripotent stem cell	hESC derived neural cells	394	8/483	0/49	0	0	inf
SRX9522734	TFs and others	MPHOSPH8	Blood	MOLM-13	304	9/483	0/49	0	0	inf
SRX9522735	TFs and others	MPHOSPH8	Blood	MOLM-13	222	9/483	0/49	0	0	inf
SRX9548598	TFs and others	ADAR	Blood	THP-1	320	8/483	0/49	0	0	inf
SRX9548599	TFs and others	ADAR	Blood	THP-1	317	7/483	0/49	0	0	inf
SRX9548639	TFs and others	ELAVL1	Blood	THP-1	288	8/483	0/49	0	0	inf
SRX9548640	TFs and others	ELAVL1	Blood	THP-1	246	8/483	0/49	0	0	inf
SRX9548641	TFs and others	KHSRP	Blood	THP-1	282	9/483	0/49	0	0	inf
SRX9548642	TFs and others	KHSRP	Blood	THP-1	267	8/483	0/49	0	0	inf
SRX9548643	TFs and others	NUDT21	Blood	THP-1	334	7/483	0/49	0	0	inf
SRX9548644	TFs and others	NUDT21	Blood	THP-1	345	7/483	0/49	0	0	inf
SRX9548653	TFs and others	PTBP3	Blood	THP-1	477	8/483	0/49	0	0	inf
SRX9548654	TFs and others	PTBP3	Blood	THP-1	599	8/483	0/49	0	0	inf
SRX9548656	TFs and others	QKI	Blood	THP-1	321	8/483	0/49	0	0	inf
SRX9555210	TFs and others	RNF2	Kidney	293	1101	8/483	0/49	0	0	inf
SRX9555211	TFs and others	RNF2	Kidney	293	1050	6/483	0/49	0	0	inf
SRX9555212	TFs and others	RNF2	Kidney	293	1184	8/483	0/49	0	0	inf
SRX9555213	TFs and others	RNF2	Kidney	293	1032	8/483	0/49	0	0	inf
SRX9555214	TFs and others	RNF2	Kidney	293	1162	6/483	0/49	0	0	inf
SRX9555215	TFs and others	RNF2	Kidney	293	1055	6/483	0/49	0	0	inf
SRX9555216	TFs and others	SUZ12	Kidney	293	796	5/483	0/49	0	0	inf
SRX9555217	TFs and others	SUZ12	Kidney	293	827	6/483	0/49	0	0	inf
SRX9555218	TFs and others	SUZ12	Kidney	293	762	6/483	0/49	0	0	inf
SRX9555219	TFs and others	SUZ12	Kidney	293	738	5/483	0/49	0	0	inf
SRX9555220	TFs and others	SUZ12	Kidney	293	781	6/483	0/49	0	0	inf
SRX9555221	TFs and others	SUZ12	Kidney	293	727	5/483	0/49	0	0	inf
SRX9562896	TFs and others	SMARCA4	Muscle	RH-4	921	5/483	0/49	0	0	inf
SRX9562902	TFs and others	SMARCA4	Muscle	RH-4	1259	8/483	0/49	0	0	inf
SRX9562905	TFs and others	SMARCA4	Muscle	RH-4	124	6/483	0/49	0	0	inf
SRX9600568	TFs and others	G-quadruplex	Blood	K-562	129	7/483	0/49	0	0	inf
SRX9600569	TFs and others	G-quadruplex	Blood	K-562	188	8/483	0/49	0	0	inf
SRX9600604	TFs and others	G-quadruplex	Blood	K-562	134	7/483	0/49	0	0	inf
SRX9600607	TFs and others	G-quadruplex	Blood	K-562	207	9/483	0/49	0	0	inf
SRX9600608	TFs and others	G-quadruplex	Blood	K-562	157	9/483	0/49	0	0	inf
SRX9600610	TFs and others	G-quadruplex	Blood	K-562	156	7/483	0/49	0	0	inf
SRX9600612	TFs and others	G-quadruplex	Blood	K-562	205	9/483	0/49	0	0	inf
SRX9600639	TFs and others	G-quadruplex	Blood	K-562	64	4/483	0/49	0	0	inf
SRX9600640	TFs and others	G-quadruplex	Blood	K-562	146	7/483	0/49	0	0	inf
SRX9600642	TFs and others	G-quadruplex	Blood	K-562	137	7/483	0/49	0	0	inf
SRX9600644	TFs and others	G-quadruplex	Blood	K-562	133	8/483	0/49	0	0	inf
SRX9600647	TFs and others	G-quadruplex	Blood	K-562	181	8/483	0/49	0	0	inf
SRX9600648	TFs and others	G-quadruplex	Blood	K-562	97	5/483	0/49	0	0	inf
SRX9600650	TFs and others	G-quadruplex	Blood	K-562	123	7/483	0/49	0	0	inf
SRX9600656	TFs and others	G-quadruplex	Blood	K-562	169	8/483	0/49	0	0	inf
SRX961218	TFs and others	VSV-G	Digestive tract	SW 480	1288	9/483	0/49	0	0	inf
SRX9628167	TFs and others	NR3C1	Kidney	293	490	9/483	0/49	0	0	inf
SRX9628513	TFs and others	SMARCA4	Gonad	BIN-67	87	5/483	0/49	0	0	inf
SRX9640708	TFs and others	AR	Prostate	Prostate cancer	566	9/483	0/49	0	0	inf
SRX9654433	TFs and others	JUND	Lung	BEAS-2B	141	3/483	0/49	0	0	inf
SRX968127	TFs and others	Epitope tags	Uterus	HeLa	527	8/483	0/49	0	0	inf
SRX968419	TFs and others	EPAS1	Kidney	786-O	99	9/483	0/49	0	0	inf
SRX9688333	TFs and others	ESR1	Breast	ZR-75-1	285	8/483	0/49	0	0	inf
SRX9688334	TFs and others	ESR1	Breast	ZR-75-1	115	8/483	0/49	0	0	inf
SRX9688335	TFs and others	ESR1	Breast	ZR-75-1	563	8/483	0/49	0	0	inf
SRX9688336	TFs and others	SP1	Breast	ZR-75-1	410	8/483	0/49	0	0	inf
SRX9688338	TFs and others	SP1	Breast	ZR-75-1	683	9/483	0/49	0	0	inf
SRX9688339	TFs and others	SP1	Breast	ZR-75-1	586	9/483	0/49	0	0	inf
SRX968973	TFs and others	RELA	Breast	MCF-7	31	3/483	0/49	0	0	inf
SRX968975	TFs and others	RELA	Breast	MCF-7	155	7/483	0/49	0	0	inf
SRX969015	TFs and others	ESR1	Breast	MCF-7	343	6/483	0/49	0	0	inf
SRX9719170	TFs and others	ESR1	Breast	MCF-7	1201	7/483	0/49	0	0	inf
SRX9741171	TFs and others	ATF4	Blood	MV-4-11	527	7/483	0/49	0	0	inf
SRX9794645	TFs and others	EZH2	Others	Tumor	88	8/483	0/49	0	0	inf
SRX9852031	TFs and others	ERG	Prostate	RWPE-1	335	9/483	0/49	0	0	inf
SRX9857619	TFs and others	MYC	Kidney	G-401	666	8/483	0/49	0	0	inf
SRX9932066	TFs and others	HDAC6	Breast	MCF-7	549	6/483	0/49	0	0	inf
SRX9932070	TFs and others	HDAC6	Breast	MCF-7	489	7/483	0/49	0	0	inf
SRX9932074	TFs and others	HDAC6	Breast	MCF-7	371	7/483	0/49	0	0	inf
SRX9932076	TFs and others	HDAC6	Breast	MCF-7	736	9/483	0/49	0	0	inf
SRX9932078	TFs and others	HMGN2	Breast	MCF-7	367	8/483	0/49	0	0	inf
SRX9932080	TFs and others	HMGN2	Breast	MCF-7	298	8/483	0/49	0	0	inf
SRX9932081	TFs and others	HMGN2	Breast	MCF-7	1029	9/483	0/49	0	0	inf
