SRX2937351	TFs and others	BRD4	Blood	J-Lat A72	1001	9/2624	1/1	-2.41913	0	0.00342988
SRX9975596	TFs and others	PPP2R1A	Uterus	HeLa	634	13/2624	1/1	-2.273	0	0.00495427
SRX317578	TFs and others	JARID2	Pluripotent stem cell	iPS cells	4265	23/2624	1/1	-2.03892	0	0.00876524
SRX317571	TFs and others	JARID2	Pluripotent stem cell	iPS cells	4546	24/2624	1/1	-2.02119	0	0.00914634
SRX317575	TFs and others	EZH2	Pluripotent stem cell	iPS cells	5045	24/2624	1/1	-2.02119	0	0.00914634
SRX116454	TFs and others	CHD1	Pluripotent stem cell	hESC H1	2981	32/2624	1/1	-1.90062	0	0.0121951
SRX2281253	TFs and others	AFF1	Blood	SEM	903	32/2624	1/1	-1.90062	0	0.0121951
SRX10382440	TFs and others	EZH2	Pluripotent stem cell	hESC H1	4588	42/2624	1/1	-1.78566	0	0.0160061
SRX3445799	TFs and others	INO80	Liver	Hep G2	1264	43/2624	1/1	-1.77568	0	0.0163872
SRX1293532	TFs and others	KMT2A	Blood	MV-4-11	1085	47/2624	1/1	-1.73789	0	0.0179116
SRX5195732	TFs and others	SMARCA4	Uterus	Endometrial epithelial cells	1941	52/2624	1/1	-1.69485	0	0.0198171
SRX1177904	TFs and others	LARP7	Digestive tract	HCT 116	5397	54/2624	1/1	-1.67877	0	0.0205793
SRX2708811	TFs and others	INO80	Liver	Hep G2	1428	69/2624	1/1	-1.57403	0	0.0262957
SRX8321655	TFs and others	CDYL2	Breast	MCF-7	6444	83/2624	1/1	-1.49485	0	0.0316311
SRX3542480	TFs and others	KDM2B	Lung	HS-SY-II	3089	85/2624	1/1	-1.48463	0	0.0323933
SRX3256861	TFs and others	BCOR	Pluripotent stem cell	hESC H1	4345	102/2624	1/1	-1.40629	0	0.038872
SRX4931279	TFs and others	AFF1	Blood	SEM	1923	105/2624	1/1	-1.39382	0	0.0400152
SRX5888975	TFs and others	SMARCB1	Epidermis	BJ	2278	105/2624	1/1	-1.39382	0	0.0400152
SRX2963103	TFs and others	TET2	Blood	PBMC	11599	108/2624	1/1	-1.3817	0	0.0411585
SRX4119718	TFs and others	Epitope tags	Kidney	293	752	109/2624	1/1	-1.37774	0	0.0415396
SRX4937327	TFs and others	ATXN7L3	Digestive tract	HCT 116	1327	114/2624	1/1	-1.35843	0	0.0434451
SRX4931245	TFs and others	KMT2A	Kidney	293	2128	135/2624	1/1	-1.28559	0	0.0514482
SRX8358262	TFs and others	AHR	Cardiovascular	HCASMC	2420	142/2624	1/1	-1.26379	0	0.0541159
SRX6473449	TFs and others	Epitope tags	Pluripotent stem cell	hESC derived neural crests	3217	144/2624	1/1	-1.25776	0	0.054878
SRX6473452	TFs and others	Epitope tags	Pluripotent stem cell	hESC derived neural crests	3423	145/2624	1/1	-1.25478	0	0.0552591
SRX317574	TFs and others	JARID2	Pluripotent stem cell	iPS cells	8392	146/2624	1/1	-1.25181	0	0.0556402
SRX2268291	TFs and others	CHD1	Others	Mesenchymal stem cells	6455	152/2624	1/1	-1.23444	0	0.0579268
SRX6473451	TFs and others	Epitope tags	Pluripotent stem cell	hESC derived neural crests	3637	152/2624	1/1	-1.23444	0	0.0579268
SRX8175102	TFs and others	EED	Pluripotent stem cell	ES cells	18127	162/2624	1/1	-1.20694	0	0.0617378
SRX6750797	TFs and others	SOX2	Breast	MDA-MB-231	1279	163/2624	1/1	-1.20429	0	0.0621189
SRX1293534	TFs and others	PSIP1	Blood	MV-4-11	3885	164/2624	1/1	-1.20165	0	0.0625
SRX317569	TFs and others	EZH2	Pluripotent stem cell	iPS cells	7951	171/2624	1/1	-1.1836	0	0.0651677
SRX5195727	TFs and others	SMARCA4	Uterus	Endometrial epithelial cells	10487	171/2624	1/1	-1.1836	0	0.0651677
SRX5574352	TFs and others	SPI1	Blood	Mast Cells	6279	177/2624	1/1	-1.16871	0	0.0674543
SRX4493021	TFs and others	KDM1A	Blood	K-562	6440	188/2624	1/1	-1.14267	0	0.0716463
SRX5195730	TFs and others	SMARCA4	Uterus	Endometrial epithelial cells	6168	198/2624	1/1	-1.12028	0	0.0754573
SRX150418	TFs and others	UBTF	Blood	K-562	3016	201/2624	1/1	-1.11378	0	0.0766006
SRX4931250	TFs and others	KMT2A	Kidney	293	1837	202/2624	1/1	-1.11163	0	0.0769817
SRX4931237	TFs and others	KMT2A	Kidney	293	3242	204/2624	1/1	-1.10738	0	0.0777439
SRX1967782	TFs and others	SMC1A	Epidermis	Keratinocytes	7331	205/2624	1/1	-1.10526	0	0.078125
SRX10119127	TFs and others	LYL1	Blood	MV-4-11	18387	214/2624	1/1	-1.08669	0	0.0815549
SRX2281250	TFs and others	AFF1	Blood	SEM	4700	217/2624	1/1	-1.08067	0	0.0826982
SRX10119126	TFs and others	LYL1	Blood	MV-4-11	19425	225/2624	1/1	-1.06502	0	0.085747
SRX6473450	TFs and others	Epitope tags	Pluripotent stem cell	hESC derived neural crests	5039	226/2624	1/1	-1.0631	0	0.086128
SRX1967784	TFs and others	SMC1A	Epidermis	Keratinocytes	10885	238/2624	1/1	-1.04073	0	0.0907012
SRX4714469	TFs and others	GTF3C2	Neural	T98G	6940	239/2624	1/1	-1.03892	0	0.0910823
SRX10119125	TFs and others	LYL1	Blood	MV-4-11	20274	246/2624	1/1	-1.02643	0	0.09375
SRX5195728	TFs and others	SMARCA4	Uterus	Endometrial epithelial cells	7323	248/2624	1/1	-1.02293	0	0.0945122
SRX063919	TFs and others	ERG	Blood	K-562	6497	252/2624	1/1	-1.01601	0	0.0960366
SRX5574344	TFs and others	SPI1	Blood	Monocytes	13648	259/2624	1/1	-1.00416	0	0.0987043
SRX6473448	TFs and others	Epitope tags	Pluripotent stem cell	hESC derived neural crests	5029	261/2624	1/1	-1.00083	0	0.0994665
SRX4708089	TFs and others	NONO	Blood	K-562	3658	263/2624	1/1	-0.997525	0	0.100229
SRX5794314	TFs and others	TCF7	Breast	Breast organoids	1233	276/2624	1/1	-0.97665	0	0.105183
SRX158110	TFs and others	TCF12	Blood	RPMI 8402	16651	283/2624	1/1	-0.965811	0	0.107851
SRX2323891	TFs and others	KMT2A	Kidney	293	5478	286/2624	1/1	-0.961247	0	0.108994
SRX190358	TFs and others	SP1	Digestive tract	HCT 116	35477	2332/2624	0/1	-0.952262	0	inf
SRX265231	TFs and others	SPI1	Blood	ME-1	2778	299/2624	1/1	-0.942008	0	0.113948
SRX4931251	TFs and others	KMT2A	Kidney	293	4034	305/2624	1/1	-0.933408	0	0.116235
SRX4484984	TFs and others	SPI1	Blood	SEM	37198	311/2624	1/1	-0.924975	0	0.118521
SRX9571481	TFs and others	Epitope tags	Blood	K-562	5218	313/2624	1/1	-0.9222	0	0.119284
SRX6777952	TFs and others	RAD21	Blood	HAP1	8521	334/2624	1/1	-0.894085	0	0.127287
SRX3271015	TFs and others	KDM1A	Pluripotent stem cell	hESC derived pancreatic cells	27558	338/2624	1/1	-0.88893	0	0.128811
SRX1460851	TFs and others	BRD4	Blood	Th1 Cells	2911	341/2624	1/1	-0.885103	0	0.129954
SRX9550930	TFs and others	FOXA1	Prostate	Prostate cancer	31840	341/2624	1/1	-0.885103	0	0.129954
SRX4931236	TFs and others	KMT2A	Kidney	293	2250	342/2624	1/1	-0.883835	0	0.130335
SRX3927289	TFs and others	BRD7	Blood	EOL-1	12297	349/2624	1/1	-0.875061	0	0.133003
SRX1477662	TFs and others	Epitope tags	Lung	MRC-5	3106	359/2624	1/1	-0.862827	0	0.136814
SRX6961675	TFs and others	SUPT5H	Digestive tract	HCT 116	4063	360/2624	1/1	-0.861622	0	0.137195
SRX1813533	TFs and others	Epitope tags	Blood	MV-4-11	9572	365/2624	1/1	-0.855648	0	0.139101
SRX5661982	TFs and others	CREB1	Kidney	Kidney Cortex	32278	2258/2624	0/1	-0.854463	0	inf
SRX7141988	TFs and others	O-GlcNAc	Adipocyte	Adipocytes	3202	373/2624	1/1	-0.846258	0	0.142149
SRX4792903	TFs and others	CTCF	Breast	T-47D	10594	376/2624	1/1	-0.842788	0	0.143293
SRX3640569	TFs and others	INTS3	Uterus	HeLa	8505	383/2624	1/1	-0.834798	0	0.14596
SRX7805370	TFs and others	ZFX	Kidney	293	7180	383/2624	1/1	-0.834798	0	0.14596
SRX518680	TFs and others	SPI1	Blood	NCI-H929	10313	384/2624	1/1	-0.833669	0	0.146341
SRX250093	TFs and others	FOXA1	Breast	MDA-MB-453	62978	2239/2624	0/1	-0.832542	0	inf
SRX032596	TFs and others	YY1	Blood	CD4+ T cells	2450	387/2624	1/1	-0.830298	0	0.147485
SRX190214	TFs and others	CBX3	Digestive tract	HCT 116	43092	2234/2624	0/1	-0.826953	0	inf
SRX3856992	TFs and others	JUN	Breast	MDA-MB-231	36561	2234/2624	0/1	-0.826953	0	inf
SRX5574342	TFs and others	SPI1	Blood	Monocytes	31990	393/2624	1/1	-0.823633	0	0.149771
SRX5824550	TFs and others	BRD7	Breast	SUM 159PT	12139	397/2624	1/1	-0.819246	0	0.151296
SRX9317679	TFs and others	HDAC1	Blood	Fujioka	5990	401/2624	1/1	-0.814903	0	0.15282
SRX1334498	TFs and others	MYC	Prostate	LNCAP	5410	415/2624	1/1	-0.800036	0	0.158155
SRX2765964	TFs and others	HMGB1	Cardiovascular	HUVEC	8564	416/2624	1/1	-0.798993	0	0.158537
SRX4212591	TFs and others	EZH2	Blood	Peripheral blood mononuclear cells	3828	418/2624	1/1	-0.796915	0	0.159299
SRX2778392	TFs and others	YY1	Blood	Lymphoblastoid cell line	3325	420/2624	1/1	-0.794847	0	0.160061
SRX4404396	TFs and others	MYCN	Prostate	LNCAP	4830	422/2624	1/1	-0.792789	0	0.160823
SRX4065875	TFs and others	CTCF	Breast	MCF-7	32925	2202/2624	0/1	-0.792789	0	inf
SRX4473671	TFs and others	SMARCA4	Gonad	BIN-67	13968	424/2624	1/1	-0.79074	0	0.161585
SRX265220	TFs and others	MYH11	Blood	ME-1	6124	426/2624	1/1	-0.788701	0	0.162348
SRX1967780	TFs and others	SMC1A	Epidermis	Keratinocytes	11797	433/2624	1/1	-0.78164	0	0.165015
SRX8602200	TFs and others	IRF4	Blood	NCI-H929	7169	433/2624	1/1	-0.78164	0	0.165015
SRX2268284	TFs and others	SPI1	Blood	THP-1	65678	437/2624	1/1	-0.777655	0	0.16654
SRX4473693	TFs and others	ARID2	Gonad	BIN-67	7514	441/2624	1/1	-0.773707	0	0.168064
SRX4931241	TFs and others	KMT2A	Kidney	293	5468	442/2624	1/1	-0.772726	0	0.168445
SRX5661983	TFs and others	CREB1	Kidney	Kidney Cortex	29137	2182/2624	0/1	-0.772726	0	inf
SRX3927296	TFs and others	BRD7	Blood	MOLM-13	18235	447/2624	1/1	-0.767851	0	0.170351
SRX5661984	TFs and others	CREB1	Kidney	Kidney Cortex	31397	2176/2624	0/1	-0.766883	0	inf
SRX3856993	TFs and others	JUN	Breast	MDA-MB-231	33713	2175/2624	0/1	-0.765917	0	inf
SRX100475	TFs and others	EGR1	Pluripotent stem cell	hESC H1	5548	453/2624	1/1	-0.762073	0	0.172637
SRX6027700	TFs and others	ESR1	Uterus	Ishikawa	9814	461/2624	1/1	-0.754487	0	0.175686
SRX3800335	TFs and others	SMC1A	Others	RT-112	12175	462/2624	1/1	-0.753548	0	0.176067
SRX8949798	TFs and others	NEUROD1	Unclassified	Unclassified	34927	2160/2624	0/1	-0.751676	0	inf
SRX264462	TFs and others	CDK7	Blood	MM.1S	4605	465/2624	1/1	-0.750743	0	0.17721
SRX4473691	TFs and others	SMARCA4	Gonad	BIN-67	9058	469/2624	1/1	-0.747031	0	0.178735
SRX100429	TFs and others	SPI1	Blood	K-562	24448	473/2624	1/1	-0.743351	0	0.180259
SRX2778394	TFs and others	YY1	Blood	Lymphoblastoid cell line	4278	475/2624	1/1	-0.741522	0	0.181021
SRX5574345	TFs and others	SPI1	Blood	Monocytes	32163	478/2624	1/1	-0.738794	0	0.182165
SRX4931240	TFs and others	KMT2A	Kidney	293	3085	484/2624	1/1	-0.733388	0	0.184451
SRX4065876	TFs and others	CTCF	Breast	MCF-7	35881	2140/2624	0/1	-0.733388	0	inf
SRX9556502	TFs and others	GATA3	Breast	MDA-MB-231	19878	485/2624	1/1	-0.732493	0	0.184832
SRX2268285	TFs and others	SPI1	Blood	THP-1	65632	489/2624	1/1	-0.728933	0	0.186357
SRX5010965	TFs and others	BCOR	Prostate	VCaP	25317	493/2624	1/1	-0.725402	0	0.187881
SRX8037088	TFs and others	BRD4	Lung	HARA	24967	2114/2624	0/1	-0.710708	0	inf
SRX4931234	TFs and others	KMT2D	Kidney	293	3264	511/2624	1/1	-0.709859	0	0.194741
SRX5668134	TFs and others	KMT2A	Blood	IMS-M2	3907	513/2624	1/1	-0.708166	0	0.195503
SRX100576	TFs and others	SPI1	Blood	GM12878	36094	518/2624	1/1	-0.703962	0	0.197409
SRX093183	TFs and others	SPI1	Blood	Monocytes	23021	519/2624	1/1	-0.703126	0	0.19779
SRX190269	TFs and others	SP1	Lung	A549	29606	2104/2624	0/1	-0.702292	0	inf
SRX2585781	TFs and others	E2F1	Breast	MDA-MB-231	29852	2101/2624	0/1	-0.699798	0	inf
SRX6961673	TFs and others	SUPT5H	Digestive tract	HCT 116	4951	530/2624	1/1	-0.694035	0	0.201982
SRX3285604	TFs and others	KDM5B	Breast	FULR	9688	531/2624	1/1	-0.693218	0	0.202363
SRX4931242	TFs and others	KMT2D	Kidney	293	3488	531/2624	1/1	-0.693218	0	0.202363
SRX10567335	TFs and others	HMGB1	Cardiovascular	HUVEC	8991	533/2624	1/1	-0.691588	0	0.203125
SRX1161208	TFs and others	FOXA1	Breast	T-47D	3195	534/2624	1/1	-0.690776	0	0.203506
SRX4001818	TFs and others	SPI1	Blood	Macrophages	63875	535/2624	1/1	-0.689965	0	0.203887
SRX2268286	TFs and others	SPI1	Blood	THP-1	70468	542/2624	1/1	-0.684329	0	0.206555
SRX7805899	TFs and others	NIPBL	Epidermis	Dermal fibroblast	4032	542/2624	1/1	-0.684329	0	0.206555
SRX1042046	TFs and others	BPTF	Blood	Erythroid Cells	4101	543/2624	1/1	-0.68353	0	0.206936
SRX7805372	TFs and others	ZFX	Kidney	293	12819	543/2624	1/1	-0.68353	0	0.206936
SRX2867680	TFs and others	Epitope tags	Kidney	293	23228	544/2624	1/1	-0.682733	0	0.207317
SRX1055109	TFs and others	Epitope tags	Kidney	293	53968	2073/2624	0/1	-0.67719	0	inf
SRX5313204	TFs and others	TP53	Digestive tract	HCT 116	4732	552/2624	1/1	-0.676404	0	0.210366
SRX6578940	TFs and others	CTCF	Blood	CUTLL1	27305	558/2624	1/1	-0.671717	0	0.212652
SRX3824042	TFs and others	SPI1	Blood	THP-1	46324	559/2624	1/1	-0.670941	0	0.213034
SRX1514285	TFs and others	HDAC1	Blood	Kasumi-1	9816	563/2624	1/1	-0.66785	0	0.214558
SRX190264	TFs and others	CREB1	Liver	Hep G2	26190	2060/2624	0/1	-0.667081	0	inf
SRX3285610	TFs and others	KDM5B	Breast	MCF-7	7683	565/2624	1/1	-0.666313	0	0.21532
SRX6366607	TFs and others	Epitope tags	Uterus	Ishikawa	16620	2057/2624	0/1	-0.664781	0	inf
SRX265218	TFs and others	CBFB	Blood	ME-1	11555	569/2624	1/1	-0.663254	0	0.216845
SRX3230389	TFs and others	KDM2A	Liver	Hep G2	29110	2051/2624	0/1	-0.660217	0	inf
SRX1091818	TFs and others	CTCFL	Blood	delta-47	14149	574/2624	1/1	-0.659461	0	0.21875
SRX2897220	TFs and others	ESR1	Breast	Breast cancer cells	14930	575/2624	1/1	-0.658707	0	0.219131
SRX11705916	TFs and others	MYCN	Neural	SK-N-BE(2)	3974	576/2624	1/1	-0.657953	0	0.219512
SRX3285614	TFs and others	KDM5B	Breast	C70R	8944	577/2624	1/1	-0.657201	0	0.219893
SRX3285594	TFs and others	KDM5B	Breast	MCF-7	9112	578/2624	1/1	-0.656451	0	0.220274
SRX5574370	TFs and others	SPI1	Blood	Dendritic Cells	64341	583/2624	1/1	-0.652716	0	0.22218
SRX265227	TFs and others	TAL1	Blood	ME-1	7018	586/2624	1/1	-0.650491	0	0.223323
SRX9838424	TFs and others	YY1	Prostate	LNCAP	6274	592/2624	1/1	-0.646075	0	0.22561
SRX4377542	TFs and others	BRD2	Breast	MDA-MB-231	6583	593/2624	1/1	-0.645343	0	0.225991
SRX100443	TFs and others	SPI1	Blood	GM12891	42742	596/2624	1/1	-0.643155	0	0.227134
SRX6483127	TFs and others	ARID2	Neural	NGP	3201	598/2624	1/1	-0.641702	0	0.227896
SRX5574343	TFs and others	SPI1	Blood	Monocytes	37489	604/2624	1/1	-0.637374	0	0.230183
SRX1515053	TFs and others	GFP	Kidney	293	14152	605/2624	1/1	-0.636657	0	0.230564
SRX129068	TFs and others	MYC	Blood	P493-6	5463	608/2624	1/1	-0.634512	0	0.231707
SRX1165097	TFs and others	CREB1	Liver	Hep G2	21871	2008/2624	0/1	-0.628844	0	inf
SRX190319	TFs and others	MAX	Breast	MCF-7	32768	2005/2624	0/1	-0.626738	0	inf
SRX7750230	TFs and others	YY1	Blood	T-ALL	9061	620/2624	1/1	-0.626038	0	0.23628
SRX3040158	TFs and others	SMC1A	Cardiovascular	Coronary artery endothelial cells	30472	622/2624	1/1	-0.624641	0	0.237043
SRX995501	TFs and others	STAG1	Blood	Erythroid Cells	23652	623/2624	1/1	-0.623945	0	0.237424
SRX8037089	TFs and others	BRD4	Lung	HARA	22780	2001/2624	0/1	-0.623945	0	inf
SRX250092	TFs and others	AR	Breast	MDA-MB-453	37368	1992/2624	0/1	-0.617726	0	inf
SRX4792906	TFs and others	CTCF	Breast	T-47D	18776	633/2624	1/1	-0.61704	0	0.241235
SRX2268287	TFs and others	SPI1	Blood	THP-1	79474	636/2624	1/1	-0.61499	0	0.242378
SRX5757564	TFs and others	SMAD3	Breast	SUM 159PT	15952	1979/2624	0/1	-0.608897	0	inf
SRX424010	TFs and others	KDM4C	Digestive tract	KYSE-150	10469	647/2624	1/1	-0.607554	0	0.24657
SRX3657349	TFs and others	Epitope tags	Kidney	293	78227	1976/2624	0/1	-0.606885	0	inf
SRX4892338	TFs and others	Epitope tags	Kidney	293	78191	1975/2624	0/1	-0.606216	0	inf
SRX2578880	TFs and others	ESR1	Breast	MDA-MB-231	11938	653/2624	1/1	-0.603552	0	0.248857
SRX8037085	TFs and others	BRD4	Lung	HARA	22477	1971/2624	0/1	-0.603552	0	inf
SRX334262	TFs and others	E2F1	Unclassified	Unclassified	3368	654/2624	1/1	-0.602888	0	0.249238
SRX3342251	TFs and others	HIF1A	Prostate	PC-3	29162	1967/2624	0/1	-0.600903	0	inf
SRX102978	TFs and others	CTCF	Blood	GM19239	33962	660/2624	1/1	-0.598928	0	0.251524
SRX8080568	TFs and others	POU2F1	Breast	Mammary gland ductal carcinoma	18399	1960/2624	0/1	-0.596308	0	inf
SRX1023791	TFs and others	SPI1	Blood	Macrophages	47290	666/2624	1/1	-0.595003	0	0.253811
SRX116463	TFs and others	KDM4A	Pluripotent stem cell	hESC H1	14674	666/2624	1/1	-0.595003	0	0.253811
SRX5654425	TFs and others	Epitope tags	Liver	Hep 3B	15202	668/2624	1/1	-0.593703	0	0.254573
SRX186675	TFs and others	KDM4A	Pluripotent stem cell	hESC H1	14730	671/2624	1/1	-0.59176	0	0.255716
SRX6473436	TFs and others	Epitope tags	Pluripotent stem cell	hESC derived neural crests	14564	681/2624	1/1	-0.585345	0	0.259527
SRX4792901	TFs and others	CTCF	Breast	T-47D	19785	683/2624	1/1	-0.584073	0	0.26029
SRX4235879	TFs and others	TP53	Digestive tract	SW 480	40185	1941/2624	0/1	-0.584073	0	inf
SRX8588639	TFs and others	KLF4	Cardiovascular	Pulmonary artery endothelial cells	12344	685/2624	1/1	-0.582805	0	0.261052
SRX150721	TFs and others	UBTF	Blood	K-562	9889	687/2624	1/1	-0.581541	0	0.261814
SRX9419960	TFs and others	MED1	Breast	SK-BR-3	10466	693/2624	1/1	-0.57777	0	0.264101
SRX8080570	TFs and others	POU2F1	Breast	Mammary gland ductal carcinoma	19246	1931/2624	0/1	-0.57777	0	inf
SRX4792902	TFs and others	CTCF	Breast	T-47D	23935	694/2624	1/1	-0.577145	0	0.264482
SRX5514037	TFs and others	MED12	Uterus	Myometrium	4503	696/2624	1/1	-0.575897	0	0.265244
SRX6066511	TFs and others	NELFE	Digestive tract	HCT 116	5467	696/2624	1/1	-0.575897	0	0.265244
SRX2194279	TFs and others	BRD4	Breast	SUM 159PT	34603	1926/2624	0/1	-0.574652	0	inf
SRX4374941	TFs and others	RBPJ	Breast	HCC1599	15498	1922/2624	0/1	-0.572174	0	inf
SRX190307	TFs and others	SRF	Digestive tract	HCT 116	19688	1917/2624	0/1	-0.569096	0	inf
SRX4525850	TFs and others	CTCF	Kidney	TTC-1240	51624	708/2624	1/1	-0.568483	0	0.269817
SRX1555436	TFs and others	MITF	Epidermis	501A	23242	711/2624	1/1	-0.566649	0	0.27096
SRX5289960	TFs and others	NR3C1	Lung	BEAS-2B	25106	1913/2624	0/1	-0.566649	0	inf
SRX4001820	TFs and others	SPI1	Blood	Macrophages	85670	719/2624	1/1	-0.561797	0	0.274009
SRX9419959	TFs and others	MED1	Breast	SK-BR-3	10187	720/2624	1/1	-0.561194	0	0.27439
SRX102993	TFs and others	CTCF	Blood	GM12891	35143	721/2624	1/1	-0.560592	0	0.274771
SRX5416008	TFs and others	WDR5	Liver	SMMC-7721	22521	721/2624	1/1	-0.560592	0	0.274771
SRX5600898	TFs and others	OLIG2	Neural	Prefrontal Cortex	3765	722/2624	1/1	-0.559991	0	0.275152
SRX190221	TFs and others	ELF1	Digestive tract	HCT 116	16544	1902/2624	0/1	-0.559991	0	inf
SRX265224	TFs and others	TBP	Blood	ME-1	5262	723/2624	1/1	-0.559391	0	0.275534
SRX5416007	TFs and others	PTEN	Liver	SMMC-7721	22609	729/2624	1/1	-0.555806	0	0.27782
SRX4017892	TFs and others	TCF7	Breast	MCF 10A	15558	732/2624	1/1	-0.554025	0	0.278963
SRX2059875	TFs and others	SUPT5H	Blood	BJAB	16599	1892/2624	0/1	-0.554025	0	inf
SRX9838422	TFs and others	YY1	Prostate	LNCAP	8299	735/2624	1/1	-0.552251	0	0.280107
SRX204410	TFs and others	BRD4	Blood	P493-6	10138	738/2624	1/1	-0.550485	0	0.28125
SRX1058475	TFs and others	MAX	Epidermis	MKL-1	43170	1883/2624	0/1	-0.548725	0	inf
SRX359897	TFs and others	IRF1	Digestive tract	LoVo	13592	1877/2624	0/1	-0.545228	0	inf
SRX5299873	TFs and others	CTCF	Blood	Erythroid Cells	44157	750/2624	1/1	-0.543489	0	0.285823
SRX6743819	TFs and others	TFEB	Pluripotent stem cell	iPS cells	13773	754/2624	1/1	-0.541182	0	0.287348
SRX3230377	TFs and others	ARID5B	Liver	Hep G2	54036	1865/2624	0/1	-0.538316	0	inf
SRX1013968	TFs and others	NELFA	Uterus	HeLa	5456	762/2624	1/1	-0.536605	0	0.290396
SRX102973	TFs and others	CTCF	Epidermis	NHEK	50329	765/2624	1/1	-0.534901	0	0.29154
SRX031248	TFs and others	CTCF	Epidermis	NHEK	50325	767/2624	1/1	-0.533768	0	0.292302
SRX4374940	TFs and others	RBPJ	Breast	HCC1599	16119	1857/2624	0/1	-0.533768	0	inf
SRX8588640	TFs and others	KLF4	Cardiovascular	Pulmonary artery endothelial cells	13139	768/2624	1/1	-0.533203	0	0.292683
SRX4096894	TFs and others	TRPS1	Unclassified	Unclassified	8104	769/2624	1/1	-0.532639	0	0.293064
SRX190175	TFs and others	CREB1	Lung	A549	14652	1855/2624	0/1	-0.532639	0	inf
SRX102979	TFs and others	CTCF	Blood	GM19238	40977	772/2624	1/1	-0.53095	0	0.294207
SRX3934089	TFs and others	INTS13	Blood	Jurkat	5897	772/2624	1/1	-0.53095	0	0.294207
SRX9975612	TFs and others	STAG1	Bone	A-673	44346	773/2624	1/1	-0.530388	0	0.294588
SRX6913086	TFs and others	BRD3	Blood	K-562	7724	774/2624	1/1	-0.529828	0	0.29497
SRX190216	TFs and others	CREB1	Blood	GM12878	24922	1848/2624	0/1	-0.528708	0	inf
SRX1514969	TFs and others	GFP	Kidney	293	8359	777/2624	1/1	-0.52815	0	0.296113
SRX6068069	TFs and others	PGR	Uterus	Endometrium	14677	1847/2624	0/1	-0.52815	0	inf
SRX103004	TFs and others	CTCF	Breast	MCF-7	53918	780/2624	1/1	-0.526478	0	0.297256
SRX4792905	TFs and others	CTCF	Breast	T-47D	26134	780/2624	1/1	-0.526478	0	0.297256
SRX3230396	TFs and others	PRDM10	Liver	Hep G2	30749	1842/2624	0/1	-0.525368	0	inf
SRX150511	TFs and others	CHD2	Uterus	HeLa	16185	1841/2624	0/1	-0.524813	0	inf
SRX1660872	TFs and others	TRIM25	Breast	Breast cancer cells	16755	787/2624	1/1	-0.522603	0	0.299924
SRX1036365	TFs and others	RUNX1	Blood	Peripheral blood stem cells	17551	1837/2624	0/1	-0.522603	0	inf
SRX3636816	TFs and others	CTCF	Blood	ALL xenograft	41368	788/2624	1/1	-0.522052	0	0.300305
SRX1287844	TFs and others	CDK8	Blood	MOLM-14	50871	1836/2624	0/1	-0.522052	0	inf
SRX5141099	TFs and others	SPI1	Blood	THP-1	50523	789/2624	1/1	-0.521502	0	0.300686
SRX4892334	TFs and others	Epitope tags	Kidney	293	27849	1834/2624	0/1	-0.520953	0	inf
SRX3091909	TFs and others	ZFX	Prostate	C4-2	7860	791/2624	1/1	-0.520404	0	0.301448
SRX3657345	TFs and others	Epitope tags	Kidney	293	27855	1833/2624	0/1	-0.520404	0	inf
SRX10484575	TFs and others	AFF1	Blood	RS4-11	10250	792/2624	1/1	-0.519856	0	0.301829
SRX6935374	TFs and others	MYCN	Neural	LA-N-5	21918	1832/2624	0/1	-0.519856	0	inf
SRX186780	TFs and others	RBBP5	Pluripotent stem cell	hESC H1	11092	793/2624	1/1	-0.519309	0	0.30221
SRX4377560	TFs and others	BRD9	Breast	MDA-MB-231	18475	796/2624	1/1	-0.517671	0	0.303354
SRX4374942	TFs and others	RBPJ	Breast	HCC1599	13661	1827/2624	0/1	-0.517126	0	inf
SRX476926	TFs and others	SNAI2	Epidermis	Keratinocytes	21062	799/2624	1/1	-0.516039	0	0.304497
SRX100379	TFs and others	PAX5	Blood	GM12892	8525	801/2624	1/1	-0.514955	0	0.305259
SRX4001819	TFs and others	SPI1	Blood	Macrophages	95501	801/2624	1/1	-0.514955	0	0.305259
SRX8841629	TFs and others	RAD21	Blood	Lymphoblasts	23170	804/2624	1/1	-0.513333	0	0.306402
SRX10760631	TFs and others	BRD4	Blood	MM.1S	9937	813/2624	1/1	-0.508505	0	0.309832
SRX3271016	TFs and others	KDM1A	Pluripotent stem cell	hESC derived pancreatic cells	30890	813/2624	1/1	-0.508505	0	0.309832
SRX150516	TFs and others	MXI1	Liver	Hep G2	18240	1811/2624	0/1	-0.508505	0	inf
SRX190354	TFs and others	MAX	Pluripotent stem cell	hESC H1	41716	1810/2624	0/1	-0.507972	0	inf
SRX2458138	TFs and others	MED1	Blood	GM12878	13023	817/2624	1/1	-0.506376	0	0.311357
SRX3927292	TFs and others	CTCF	Blood	EOL-1	62730	817/2624	1/1	-0.506376	0	0.311357
SRX100546	TFs and others	TAF7	Pluripotent stem cell	hESC H1	8342	822/2624	1/1	-0.503729	0	0.313262
SRX3256864	TFs and others	PCGF1	Pluripotent stem cell	hESC H1	17539	823/2624	1/1	-0.503202	0	0.313643
SRX026653	TFs and others	ERG	Blood	CD34 Hematopoietic stem cells	22246	830/2624	1/1	-0.499528	0	0.316311
SRX2194261	TFs and others	BRD4	Breast	SUM 159PT	32249	1789/2624	0/1	-0.496923	0	inf
SRX204902	TFs and others	BRD4	Blood	MM.1S	12189	836/2624	1/1	-0.496404	0	0.318598
SRX1272808	TFs and others	BRD4	Digestive tract	COLO 741	8894	837/2624	1/1	-0.495885	0	0.318979
SRX9101665	TFs and others	SREBF2	Epidermis	Melanoma cell line	9610	838/2624	1/1	-0.495367	0	0.31936
SRX3636817	TFs and others	CTCF	Blood	ALL xenograft	42103	839/2624	1/1	-0.49485	0	0.319741
SRX10131664	TFs and others	NELFCD	Lung	Bronchial tracheal epithelial cells	6427	840/2624	1/1	-0.494333	0	0.320122
SRX190349	TFs and others	RUNX3	Blood	GM12878	69155	1780/2624	0/1	-0.492273	0	inf
SRX063920	TFs and others	ERG	Blood	K-562	10128	847/2624	1/1	-0.490733	0	0.32279
SRX3927294	TFs and others	SMARCA4	Blood	MOLM-13	44645	850/2624	1/1	-0.4892	0	0.323933
SRX7677736	TFs and others	NCBP1	Digestive tract	DLD-1	7164	851/2624	1/1	-0.48869	0	0.324314
SRX1787312	TFs and others	KDM2B	Blood	OCI-LY1	14641	853/2624	1/1	-0.487671	0	0.325076
SRX4143076	TFs and others	AML1-ETO	Blood	Kasumi-1	37530	1771/2624	0/1	-0.487671	0	inf
SRX327751	TFs and others	BRD4	Neural	U-87 MG	46177	1769/2624	0/1	-0.486656	0	inf
SRX4046306	TFs and others	HCFC1	Blood	Erythroblasts	10450	1768/2624	0/1	-0.486148	0	inf
SRX6027684	TFs and others	ESR1	Uterus	Ishikawa	25029	1768/2624	0/1	-0.486148	0	inf
SRX5307507	TFs and others	MAX	Blood	P493-6	8622	857/2624	1/1	-0.485642	0	0.326601
SRX2194262	TFs and others	BRD4	Breast	SUM 159PT	39654	1764/2624	0/1	-0.484126	0	inf
SRX3636814	TFs and others	CTCF	Blood	ALL xenograft	45324	862/2624	1/1	-0.483119	0	0.328506
SRX2207672	TFs and others	RELA	Cardiovascular	HUVEC	87679	1761/2624	0/1	-0.482616	0	inf
SRX102998	TFs and others	CTCF	Blood	GM12892	41237	868/2624	1/1	-0.48011	0	0.330793
SRX2267461	TFs and others	BRD4	Others	RT-112	13362	869/2624	1/1	-0.47961	0	0.331174
SRX8037082	TFs and others	KLF5	Digestive tract	KYSE-70	10350	870/2624	1/1	-0.479111	0	0.331555
SRX512368	TFs and others	Epitope tags	Epidermis	Dermal fibroblast	44563	1754/2624	0/1	-0.479111	0	inf
SRX6027685	TFs and others	ESR1	Uterus	Ishikawa	13760	1752/2624	0/1	-0.478115	0	inf
SRX10338561	TFs and others	MYC	Blood	NALM-6	14304	873/2624	1/1	-0.477618	0	0.332698
SRX129066	TFs and others	MYC	Blood	P493-6	8719	875/2624	1/1	-0.476625	0	0.33346
SRX3927299	TFs and others	CTCF	Blood	MOLM-13	68030	875/2624	1/1	-0.476625	0	0.33346
SRX1023793	TFs and others	SPI1	Blood	Macrophages	58699	880/2624	1/1	-0.474153	0	0.335366
SRX1510969	TFs and others	ZNF143	Breast	MCF-7	21913	1744/2624	0/1	-0.474153	0	inf
SRX2194275	TFs and others	BRD4	Breast	SUM 159PT	27747	1742/2624	0/1	-0.473169	0	inf
SRX2867672	TFs and others	GFP	Kidney	293	36156	1741/2624	0/1	-0.472677	0	inf
SRX3583212	TFs and others	CTCF	Breast	MCF-7	62503	884/2624	1/1	-0.472186	0	0.33689
SRX5486428	TFs and others	GFP	Digestive tract	HCT 116	12539	887/2624	1/1	-0.470716	0	0.338034
SRX150485	TFs and others	MAX	Uterus	HeLa	23835	1735/2624	0/1	-0.469739	0	inf
SRX2505193	TFs and others	MTOR	Prostate	LNCAP	41112	892/2624	1/1	-0.468278	0	0.339939
SRX8321653	TFs and others	CDYL2	Breast	MCF-7	23615	895/2624	1/1	-0.466821	0	0.341082
SRX4393708	TFs and others	GATA2	Blood	ME-1	9130	896/2624	1/1	-0.466337	0	0.341463
SRX7677738	TFs and others	NCBP1	Digestive tract	DLD-1	7621	898/2624	1/1	-0.46537	0	0.342226
SRX190318	TFs and others	SIN3A	Breast	MCF-7	25999	1725/2624	0/1	-0.464887	0	inf
SRX150627	TFs and others	MYC	Blood	K-562	30183	1724/2624	0/1	-0.464405	0	inf
SRX3230401	TFs and others	SP1	Liver	Hep G2	12274	1723/2624	0/1	-0.463923	0	inf
SRX658611	TFs and others	MYB	Blood	Jurkat	37544	1723/2624	0/1	-0.463923	0	inf
SRX6913100	TFs and others	BRD4	Blood	CD4+ T cells	7558	903/2624	1/1	-0.462961	0	0.344131
SRX190352	TFs and others	CREB1	Pluripotent stem cell	hESC H1	17758	1720/2624	0/1	-0.462481	0	inf
SRX7196721	TFs and others	BMI1	Neural	SF8628	19935	909/2624	1/1	-0.460088	0	0.346418
SRX265225	TFs and others	TCF12	Blood	ME-1	11836	915/2624	1/1	-0.457234	0	0.348704
SRX373733	TFs and others	ETS1	Blood	CUTLL1	28895	1709/2624	0/1	-0.457234	0	inf
SRX381545	TFs and others	CTCF	Blood	Erythroblasts	62514	916/2624	1/1	-0.45676	0	0.349085
SRX6913088	TFs and others	BRD4	Blood	K-562	12194	916/2624	1/1	-0.45676	0	0.349085
SRX3636815	TFs and others	CTCF	Blood	ALL xenograft	44731	922/2624	1/1	-0.453928	0	0.351372
SRX6476489	TFs and others	SMAD2	Cardiovascular	HUVEC	5495	923/2624	1/1	-0.453457	0	0.351753
SRX2194273	TFs and others	BRD4	Breast	SUM 159PT	24980	1699/2624	0/1	-0.452518	0	inf
SRX4046308	TFs and others	RBBP5	Blood	Erythroblasts	14348	1699/2624	0/1	-0.452518	0	inf
SRX190303	TFs and others	JUND	Digestive tract	HCT 116	29667	1693/2624	0/1	-0.449713	0	inf
SRX8272937	TFs and others	BRD4	Blood	BLaER1	8693	932/2624	1/1	-0.449248	0	0.355183
SRX6066512	TFs and others	NELFE	Digestive tract	HCT 116	6969	934/2624	1/1	-0.448318	0	0.355945
SRX3345951	TFs and others	CPSF3L	Blood	HL-60	6245	937/2624	1/1	-0.446926	0	0.357088
SRX188955	TFs and others	CTCF	Breast	MCF-7	55134	939/2624	1/1	-0.446001	0	0.357851
SRX1660871	TFs and others	TRIM25	Breast	Breast cancer cells	8898	940/2624	1/1	-0.44554	0	0.358232
SRX4377554	TFs and others	BRD2	Breast	MDA-MB-231	9424	941/2624	1/1	-0.445078	0	0.358613
SRX2194272	TFs and others	BRD4	Breast	SUM 159PT	35946	1680/2624	0/1	-0.443697	0	inf
SRX10881816	TFs and others	BRD9	Kidney	G-401	17965	1679/2624	0/1	-0.443238	0	inf
SRX7540325	TFs and others	BRD4	Breast	MCF-7	13302	946/2624	1/1	-0.442779	0	0.360518
SRX2194271	TFs and others	BRD4	Breast	SUM 159PT	37180	1674/2624	0/1	-0.440949	0	inf
SRX9187409	TFs and others	HDAC1	Pancreas	MIA Paca-2	8355	951/2624	1/1	-0.440492	0	0.362424
SRX190220	TFs and others	ELF1	Breast	MCF-7	14630	1671/2624	0/1	-0.439581	0	inf
SRX022573	TFs and others	ERG	Prostate	VCaP	10788	954/2624	1/1	-0.439126	0	0.363567
SRX2194263	TFs and others	BRD4	Breast	SUM 159PT	31057	1669/2624	0/1	-0.438671	0	inf
SRX2194277	TFs and others	BRD4	Breast	SUM 159PT	26419	1668/2624	0/1	-0.438217	0	inf
SRX4377531	TFs and others	BRD2	Breast	MDA-MB-231	9503	958/2624	1/1	-0.437311	0	0.365091
SRX8707937	TFs and others	CTCF	Epidermis	Keratinocytes	53056	958/2624	1/1	-0.437311	0	0.365091
SRX8699645	TFs and others	INTS3	Digestive tract	DLD-1	8751	960/2624	1/1	-0.436406	0	0.365854
SRX3031986	TFs and others	BRD4	Blood	MV-4-11	14661	961/2624	1/1	-0.435954	0	0.366235
SRX3256873	TFs and others	BCOR	Pluripotent stem cell	hESC H1	20179	962/2624	1/1	-0.435503	0	0.366616
SRX130609	TFs and others	BCOR	Blood	B cells	23940	1661/2624	0/1	-0.435052	0	inf
SRX150723	TFs and others	MAX	Blood	NB-4	39360	1661/2624	0/1	-0.435052	0	inf
SRX5718164	TFs and others	RAD21	Kidney	293	25762	964/2624	1/1	-0.434602	0	0.367378
SRX5709754	TFs and others	CTCF	Breast	MCF-7	3225	965/2624	1/1	-0.434152	0	0.367759
SRX1539275	TFs and others	MYC	Blood	P493-6	10570	967/2624	1/1	-0.433254	0	0.368521
SRX9317685	TFs and others	EP300	Blood	Fujioka	12598	967/2624	1/1	-0.433254	0	0.368521
SRX4313223	TFs and others	HDAC1	Muscle	RH-4	28727	1654/2624	0/1	-0.43191	0	inf
SRX5757566	TFs and others	SMAD3	Breast	SUM 159PT	11483	1652/2624	0/1	-0.431016	0	inf
SRX100479	TFs and others	EGR1	Blood	GM12878	12730	979/2624	1/1	-0.427903	0	0.373095
SRX8670128	TFs and others	ASCL1	Neural	SH-SY5Y	76812	980/2624	1/1	-0.42746	0	0.373476
SRX2897197	TFs and others	ESR1	Breast	Breast cancer cells	19527	1642/2624	0/1	-0.426576	0	inf
SRX100438	TFs and others	TAF1	Blood	GM12891	8000	984/2624	1/1	-0.425693	0	0.375
SRX334247	TFs and others	E2F1	Unclassified	Unclassified	4919	984/2624	1/1	-0.425693	0	0.375
SRX7805365	TFs and others	ZFX	Prostate	22Rv1	8741	986/2624	1/1	-0.424812	0	0.375762
SRX1594218	TFs and others	CTCF	Kidney	786-O	41787	987/2624	1/1	-0.424372	0	0.376143
SRX4792912	TFs and others	RAD21	Breast	T-47D	16942	988/2624	1/1	-0.423933	0	0.376524
SRX5624368	TFs and others	SREBF2	Blood	Macrophages	9792	989/2624	1/1	-0.423494	0	0.376905
SRX2194264	TFs and others	BRD4	Breast	SUM 159PT	35226	1634/2624	0/1	-0.423056	0	inf
SRX7807107	TFs and others	CTCF	Adipocyte	Adipocytes	44020	993/2624	1/1	-0.421743	0	0.37843
SRX9419961	TFs and others	MED1	Breast	SK-BR-3	15490	994/2624	1/1	-0.421306	0	0.378811
SRX190353	TFs and others	YY1	Neural	SK-N-SH	10818	998/2624	1/1	-0.419564	0	0.380335
SRX684292	TFs and others	SUPT5H	Uterus	HeLa	20213	1625/2624	0/1	-0.419129	0	inf
SRX10881808	TFs and others	PBRM1	Kidney	G-401	12666	1623/2624	0/1	-0.418262	0	inf
SRX3586367	TFs and others	RUNX1	Blood	Pre-B lymphoblast cells	19829	1621/2624	0/1	-0.417396	0	inf
SRX6935370	TFs and others	MYCN	Neural	COG-N-415	14600	1620/2624	0/1	-0.416963	0	inf
SRX250095	TFs and others	TCF7L2	Breast	MDA-MB-453	17071	1619/2624	0/1	-0.416531	0	inf
SRX190250	TFs and others	YY1	Lung	A549	9752	1007/2624	1/1	-0.415669	0	0.383765
SRX2281255	TFs and others	KMT2A	Unclassified	Unclassified	17961	1008/2624	1/1	-0.415238	0	0.384146
SRX5075176	TFs and others	SMARCA4	Neural	Neural progenitor cells	38444	1008/2624	1/1	-0.415238	0	0.384146
SRX2513054	TFs and others	RUNX1	Kidney	293	51344	1013/2624	1/1	-0.413091	0	0.386052
SRX128100	TFs and others	TFAP2C	Breast	BT-474	41857	1611/2624	0/1	-0.413091	0	inf
SRX1424886	TFs and others	CXXC1	Blood	SEM	13146	1014/2624	1/1	-0.412663	0	0.386433
SRX334263	TFs and others	E2F1	Unclassified	Unclassified	5884	1014/2624	1/1	-0.412663	0	0.386433
SRX3962742	TFs and others	LMNA	Epidermis	BJ-5ta	23230	1014/2624	1/1	-0.412663	0	0.386433
SRX7196715	TFs and others	BMI1	Neural	SU-DIPG-IV	22502	1015/2624	1/1	-0.412236	0	0.386814
SRX210718	TFs and others	MYC	Kidney	293	10626	1609/2624	0/1	-0.412236	0	inf
SRX3230413	TFs and others	ZNF219	Liver	Hep G2	36560	1608/2624	0/1	-0.411808	0	inf
SRX6935376	TFs and others	MYCN	Neural	NB-1643	14816	1608/2624	0/1	-0.411808	0	inf
SRX1660875	TFs and others	TRIM25	Breast	Breast cancer cells	14495	1017/2624	1/1	-0.411382	0	0.387576
SRX3091912	TFs and others	ZFX	Digestive tract	HCT 116	9176	1019/2624	1/1	-0.410529	0	0.388338
SRX6066513	TFs and others	NELFE	Digestive tract	HCT 116	7594	1019/2624	1/1	-0.410529	0	0.388338
SRX9932053	TFs and others	STAT5A	Breast	MCF-7	12796	1605/2624	0/1	-0.410529	0	inf
SRX1165103	TFs and others	Epitope tags	Liver	Hep G2	14965	1602/2624	0/1	-0.409254	0	inf
SRX7748766	TFs and others	BRD2	Digestive tract	DLD-1	25358	1601/2624	0/1	-0.408829	0	inf
SRX359408	TFs and others	CREBBP	Kidney	293	7325	1024/2624	1/1	-0.408405	0	0.390244
SRX4609168	TFs and others	BCL6	Blood	SU-DHL-4	22311	1024/2624	1/1	-0.408405	0	0.390244
SRX2529782	TFs and others	Epitope tags	Blood	RAJI	17249	1600/2624	0/1	-0.408405	0	inf
SRX3345953	TFs and others	INTS13	Blood	HL-60	8299	1025/2624	1/1	-0.407982	0	0.390625
SRX10881847	TFs and others	SS18	Others	BT-16	24864	1599/2624	0/1	-0.407982	0	inf
SRX1091822	TFs and others	CTCFL	Gonad	OVCAR-8	24943	1026/2624	1/1	-0.407559	0	0.391006
SRX9350347	TFs and others	CTCF	Liver	Hep G2	46367	1026/2624	1/1	-0.407559	0	0.391006
SRX3230415	TFs and others	ZNF331	Liver	Hep G2	28464	1597/2624	0/1	-0.407136	0	inf
SRX334251	TFs and others	E2F1	Unclassified	Unclassified	5860	1031/2624	1/1	-0.40545	0	0.392912
SRX212651	TFs and others	STAT1	Blood	Monocytes-CD14+	21806	1593/2624	0/1	-0.40545	0	inf
SRX5186323	TFs and others	SMAD2	Blood	Hematopoietic Stem Cells	36814	1593/2624	0/1	-0.40545	0	inf
SRX150446	TFs and others	E2F1	Uterus	HeLa	9552	1033/2624	1/1	-0.404609	0	0.393674
SRX2166889	TFs and others	BRD4	Neural	Retina	11208	1033/2624	1/1	-0.404609	0	0.393674
SRX9187408	TFs and others	HDAC1	Pancreas	MIA Paca-2	9334	1033/2624	1/1	-0.404609	0	0.393674
SRX100518	TFs and others	ZBTB7A	Blood	K-562	21192	1035/2624	1/1	-0.40377	0	0.394436
SRX1212234	TFs and others	CREB1	Prostate	LNCAP	8435	1588/2624	0/1	-0.403351	0	inf
SRX3990567	TFs and others	ASUN	Blood	Monocytes	7496	1037/2624	1/1	-0.402932	0	0.395198
SRX2281247	TFs and others	KMT2A	Blood	SEM	12471	1038/2624	1/1	-0.402514	0	0.395579
SRX5821025	TFs and others	CTCF	Blood	CD34+	26706	1040/2624	1/1	-0.401679	0	0.396341
SRX1177905	TFs and others	HEXIM1	Digestive tract	HCT 116	17690	1043/2624	1/1	-0.400429	0	0.397485
SRX5503028	TFs and others	Epitope tags	Kidney	293	8539	1044/2624	1/1	-0.400013	0	0.397866
SRX9055419	TFs and others	KLF1	Blood	HUDEP-2	11015	1580/2624	0/1	-0.400013	0	inf
SRX5709753	TFs and others	CTCF	Breast	MCF-7	3685	1046/2624	1/1	-0.399183	0	0.398628
SRX2194278	TFs and others	BRD4	Breast	SUM 159PT	39294	1575/2624	0/1	-0.39794	0	inf
SRX219372	TFs and others	BRD4	Blood	MM.1S	16934	1050/2624	1/1	-0.397527	0	0.400152
SRX150480	TFs and others	E2F4	Breast	MCF 10A	11524	1574/2624	0/1	-0.397527	0	inf
SRX4404395	TFs and others	MYCN	Prostate	LNCAP	12003	1053/2624	1/1	-0.396289	0	0.401296
SRX1287848	TFs and others	CDK8	Blood	MOLM-14	28670	1569/2624	0/1	-0.395465	0	inf
SRX188952	TFs and others	CTCF	Breast	MCF-7	58937	1056/2624	1/1	-0.395054	0	0.402439
SRX203396	TFs and others	MED1	Blood	MM.1S	16168	1056/2624	1/1	-0.395054	0	0.402439
SRX100561	TFs and others	YY1	Blood	GM12892	14528	1058/2624	1/1	-0.394233	0	0.403201
SRX8337455	TFs and others	NFYA	Blood	HUDEP-2	7683	1565/2624	0/1	-0.393823	0	inf
SRX4561210	TFs and others	EHMT2	Muscle	RH-41	11819	1564/2624	0/1	-0.393414	0	inf
SRX9730741	TFs and others	BRD4	Blood	THP-1	22108	1564/2624	0/1	-0.393414	0	inf
SRX1023790	TFs and others	SPI1	Blood	Macrophages	64368	1062/2624	1/1	-0.392596	0	0.404726
SRX1514276	TFs and others	FLI1	Blood	Kasumi-1	14182	1062/2624	1/1	-0.392596	0	0.404726
SRX4415495	TFs and others	RBBP7	Kidney	hTERT-HME1	9395	1063/2624	1/1	-0.392188	0	0.405107
SRX326887	TFs and others	GABPA	Blood	Jurkat	23665	1561/2624	0/1	-0.392188	0	inf
SRX265233	TFs and others	EP300	Blood	ME-1	33830	1558/2624	0/1	-0.390965	0	inf
SRX3091916	TFs and others	ZFX	Kidney	293	12425	1067/2624	1/1	-0.390558	0	0.406631
SRX7805360	TFs and others	ZFX	Kidney	293	12425	1067/2624	1/1	-0.390558	0	0.406631
SRX4611696	TFs and others	ESR1	Breast	MCF-7	42265	1068/2624	1/1	-0.390152	0	0.407012
SRX6780866	TFs and others	CREB1	Pluripotent stem cell	iPS derived neural cells	10421	1556/2624	0/1	-0.390152	0	inf
SRX5718165	TFs and others	RAD21	Kidney	293	19812	1069/2624	1/1	-0.389746	0	0.407393
SRX8090642	TFs and others	BRD2	Others	Synoviocytes	8311	1069/2624	1/1	-0.389746	0	0.407393
SRX2355085	TFs and others	RELA	Cardiovascular	HAEC	26127	1555/2624	0/1	-0.389746	0	inf
SRX204903	TFs and others	BRD4	Blood	MM.1S	17953	1070/2624	1/1	-0.38934	0	0.407774
SRX6780870	TFs and others	CREB1	Pluripotent stem cell	iPS derived neural cells	9555	1551/2624	0/1	-0.388125	0	inf
SRX327757	TFs and others	MED1	Blood	MM.1S	7085	1074/2624	1/1	-0.387721	0	0.409299
SRX1711343	TFs and others	INTS12	Lung	Bronchial epithelial cells	10927	1549/2624	0/1	-0.387317	0	inf
SRX1091550	TFs and others	TFAP2A	Pluripotent stem cell	hESC derived neural crests	43176	1548/2624	0/1	-0.386914	0	inf
SRX359884	TFs and others	E2F3	Digestive tract	LoVo	8440	1547/2624	0/1	-0.386511	0	inf
SRX689472	TFs and others	BCOR	Blood	OCI-LY1	16155	1078/2624	1/1	-0.386108	0	0.410823
SRX4708117	TFs and others	YY1	Liver	Hep G2	6838	1079/2624	1/1	-0.385706	0	0.411204
SRX8970972	TFs and others	MCM7	Others	Squamous cell carcinoma 	28105	1079/2624	1/1	-0.385706	0	0.411204
SRX150628	TFs and others	IRF1	Blood	K-562	9693	1545/2624	0/1	-0.385706	0	inf
SRX1594217	TFs and others	CTCF	Kidney	786-O	32940	1081/2624	1/1	-0.384902	0	0.411966
SRX5391685	TFs and others	RAD21	Blood	Neutrophils	37342	1542/2624	0/1	-0.384501	0	inf
SRX6365882	TFs and others	TOP2B	Neural	BT142	14105	1084/2624	1/1	-0.3837	0	0.41311
SRX1165095	TFs and others	Epitope tags	Liver	Hep G2	16032	1540/2624	0/1	-0.3837	0	inf
SRX3927305	TFs and others	CTCF	Muscle	SYO-1	60011	1085/2624	1/1	-0.383299	0	0.413491
SRX4377545	TFs and others	BRD2	Breast	SUM 159PT	12755	1539/2624	0/1	-0.383299	0	inf
SRX9419953	TFs and others	BRD4	Breast	SK-BR-3	13268	1086/2624	1/1	-0.3829	0	0.413872
SRX9550926	TFs and others	FOXA1	Prostate	Prostate cancer	41521	1536/2624	0/1	-0.382101	0	inf
SRX1637465	TFs and others	BRD4	Blood	MOLT-4	14897	1089/2624	1/1	-0.381703	0	0.415015
SRX1660873	TFs and others	TRIM25	Breast	Breast cancer cells	25717	1089/2624	1/1	-0.381703	0	0.415015
SRX4708090	TFs and others	GTF2F1	Blood	K-562	7441	1089/2624	1/1	-0.381703	0	0.415015
SRX4708020	TFs and others	HNRNPC	Liver	Hep G2	10020	1090/2624	1/1	-0.381305	0	0.415396
SRX4708046	TFs and others	XRCC5	Liver	Hep G2	20017	1534/2624	0/1	-0.381305	0	inf
SRX734309	TFs and others	E2F1	Breast	HMEC	5785	1091/2624	1/1	-0.380907	0	0.415777
SRX100408	TFs and others	SP1	Blood	GM12878	24873	1532/2624	0/1	-0.380509	0	inf
SRX150623	TFs and others	HMGN3	Blood	K-562	8353	1093/2624	1/1	-0.380112	0	0.41654
SRX4377550	TFs and others	BRD2	Breast	HCC1806	11279	1095/2624	1/1	-0.379319	0	0.417302
SRX100558	TFs and others	YY1	Pluripotent stem cell	hESC H1	28327	1097/2624	1/1	-0.378527	0	0.418064
SRX1134739	TFs and others	BRD4	Blood	MV-4-11	16538	1524/2624	0/1	-0.377342	0	inf
SRX100580	TFs and others	YY1	Blood	GM12891	10944	1101/2624	1/1	-0.376948	0	0.419588
SRX150518	TFs and others	RCOR1	Blood	K-562	34820	1102/2624	1/1	-0.376554	0	0.41997
SRX265219	TFs and others	CBFB	Blood	ME-1	9808	1103/2624	1/1	-0.37616	0	0.420351
SRX6913099	TFs and others	BRD4	Blood	CD4+ T cells	11082	1104/2624	1/1	-0.375767	0	0.420732
SRX7805362	TFs and others	ZNF711	Kidney	293	9566	1108/2624	1/1	-0.374198	0	0.422256
SRX1892835	TFs and others	TFAP4	Digestive tract	COLO 320	36160	1515/2624	0/1	-0.373806	0	inf
SRX9498730	TFs and others	TBP	Blood	K-562	8715	1515/2624	0/1	-0.373806	0	inf
SRX5346116	TFs and others	MYC	Blood	RAMOS	10104	1110/2624	1/1	-0.373415	0	0.423018
SRX6780865	TFs and others	CREB1	Pluripotent stem cell	iPS derived neural cells	9637	1511/2624	0/1	-0.372244	0	inf
SRX8080573	TFs and others	CTCF	Breast	Mammary gland ductal carcinoma	23303	1114/2624	1/1	-0.371854	0	0.424543
SRX7692446	TFs and others	POLR2C	Breast	MCF-7	10835	1508/2624	0/1	-0.371076	0	inf
SRX4377549	TFs and others	BRD2	Breast	HCC1806	10868	1119/2624	1/1	-0.369911	0	0.426448
SRX5323888	TFs and others	STAT3	Breast	T-47D	29284	1505/2624	0/1	-0.369911	0	inf
SRX150626	TFs and others	CCNT2	Blood	K-562	11614	1121/2624	1/1	-0.369136	0	0.42721
SRX265229	TFs and others	ELF1	Blood	ME-1	9790	1121/2624	1/1	-0.369136	0	0.42721
SRX3256874	TFs and others	BCOR	Pluripotent stem cell	hESC H1	18331	1121/2624	1/1	-0.369136	0	0.42721
SRX265222	TFs and others	RUNX1	Blood	ME-1	14180	1122/2624	1/1	-0.36875	0	0.427591
SRX10145216	TFs and others	REL	Unclassified	Unclassified	7457	1127/2624	1/1	-0.36682	0	0.429497
SRX9975615	TFs and others	SMC1A	Bone	A-673	39758	1127/2624	1/1	-0.36682	0	0.429497
SRX100460	TFs and others	ELF1	Liver	Hep G2	15541	1497/2624	0/1	-0.36682	0	inf
SRX5574484	TFs and others	ETS1	Blood	CTV-1	31400	1497/2624	0/1	-0.36682	0	inf
SRX2194269	TFs and others	BRD4	Breast	SUM 159PT	25582	1494/2624	0/1	-0.365667	0	inf
SRX5286305	TFs and others	AR	Prostate	LNCAP	51453	1494/2624	0/1	-0.365667	0	inf
SRX2436062	TFs and others	NEUROD1	Neural	D283 Med	26997	1493/2624	0/1	-0.365283	0	inf
SRX190343	TFs and others	PBX3	Neural	SK-N-SH	52071	1491/2624	0/1	-0.364516	0	inf
SRX212649	TFs and others	STAT1	Blood	Monocytes-CD14+	25267	1491/2624	0/1	-0.364516	0	inf
SRX2207673	TFs and others	RELA	Cardiovascular	HUVEC	83556	1491/2624	0/1	-0.364516	0	inf
SRX5075168	TFs and others	SMARCA4	Neural	Neural progenitor cells	28648	1490/2624	0/1	-0.364133	0	inf
SRX063921	TFs and others	ERG	Blood	K-562	19370	1136/2624	1/1	-0.363369	0	0.432927
SRX3145149	TFs and others	RAD21	Neural	IMR-5	68050	1137/2624	1/1	-0.362987	0	0.433308
SRX4708108	TFs and others	RBM25	Liver	Hep G2	35968	1487/2624	0/1	-0.362987	0	inf
SRX117011	TFs and others	FLI1	Blood	U-937	13833	1485/2624	0/1	-0.362224	0	inf
SRX190229	TFs and others	TAF1	Neural	SK-N-SH	11522	1485/2624	0/1	-0.362224	0	inf
SRX8823216	TFs and others	BRD2	Lung	A549	12529	1140/2624	1/1	-0.361844	0	0.434451
SRX10881820	TFs and others	SMARCA4	Others	BT-16	24801	1484/2624	0/1	-0.361844	0	inf
SRX666559	TFs and others	NRF1	Breast	T-47D	7819	1142/2624	1/1	-0.361083	0	0.435213
SRX026639	TFs and others	ERG	Blood	SKNO-1	26783	1482/2624	0/1	-0.361083	0	inf
SRX367641	TFs and others	GATA4	Digestive tract	AGS	43398	1482/2624	0/1	-0.361083	0	inf
SRX695951	TFs and others	MAZ	Adipocyte	T778	12964	1482/2624	0/1	-0.361083	0	inf
SRX186645	TFs and others	RBBP5	Blood	K-562	12117	1143/2624	1/1	-0.360703	0	0.435595
SRX275409	TFs and others	E2F1	Blood	OCI-LY1	6237	1143/2624	1/1	-0.360703	0	0.435595
SRX3798683	TFs and others	MYCN	Neural	SH-EP	14258	1143/2624	1/1	-0.360703	0	0.435595
SRX7054671	TFs and others	RELA	Cardiovascular	HAEC	33700	1481/2624	0/1	-0.360703	0	inf
SRX334239	TFs and others	E2F1	Unclassified	Unclassified	6229	1144/2624	1/1	-0.360324	0	0.435976
SRX1510971	TFs and others	ZNF143	Breast	MCF-7	17376	1480/2624	0/1	-0.360324	0	inf
SRX1460848	TFs and others	RELA	Blood	Th1 Cells	5864	1145/2624	1/1	-0.359945	0	0.436357
SRX026640	TFs and others	FLI1	Blood	SKNO-1	25084	1479/2624	0/1	-0.359945	0	inf
SRX1212237	TFs and others	CREB1	Prostate	LNCAP	7583	1478/2624	0/1	-0.359566	0	inf
SRX8299808	TFs and others	MYC	Bone	U2OS	17063	1477/2624	0/1	-0.359187	0	inf
SRX2550933	TFs and others	MYCN	Neural	NGP	17518	1148/2624	1/1	-0.358809	0	0.4375
SRX8299830	TFs and others	NELFCD	Bone	U2OS	14909	1476/2624	0/1	-0.358809	0	inf
SRX10657968	TFs and others	Epitope tags	Blood	NALM-6	20915	1475/2624	0/1	-0.358431	0	inf
SRX334243	TFs and others	E2F1	Unclassified	Unclassified	6687	1150/2624	1/1	-0.358054	0	0.438262
SRX265413	TFs and others	KDM5B	Breast	MCF-7	25024	1474/2624	0/1	-0.358054	0	inf
SRX116442	TFs and others	RBBP5	Blood	K-562	12326	1151/2624	1/1	-0.357677	0	0.438643
SRX8673359	TFs and others	EGR1	Blood	Kasumi-1	13168	1473/2624	0/1	-0.357677	0	inf
SRX6102129	TFs and others	SUPT5H	Uterus	HeLa	12023	1152/2624	1/1	-0.3573	0	0.439024
SRX367644	TFs and others	KLF5	Digestive tract	KATO III	10358	1153/2624	1/1	-0.356923	0	0.439405
SRX3601958	TFs and others	ERG	Cardiovascular	HUVEC	42203	1155/2624	1/1	-0.356171	0	0.440168
SRX150692	TFs and others	ZNF143	Blood	GM12878	33496	1469/2624	0/1	-0.356171	0	inf
SRX7549661	TFs and others	TFAP2C	Pluripotent stem cell	hESC UCLA1	29366	1156/2624	1/1	-0.355796	0	0.440549
SRX2059876	TFs and others	TRIM28	Blood	BJAB	21875	1468/2624	0/1	-0.355796	0	inf
SRX369136	TFs and others	BRD4	Blood	CUTLL1	15580	1157/2624	1/1	-0.355421	0	0.44093
SRX2529781	TFs and others	Epitope tags	Blood	RAJI	13697	1467/2624	0/1	-0.355421	0	inf
SRX5316106	TFs and others	O-GlcNAc	Prostate	LNCAP	7836	1467/2624	0/1	-0.355421	0	inf
SRX359892	TFs and others	HOXA4	Digestive tract	LoVo	8802	1466/2624	0/1	-0.355046	0	inf
SRX682379	TFs and others	RARA	Blood	TSU-1621MT	11605	1466/2624	0/1	-0.355046	0	inf
SRX2731518	TFs and others	NCAPH2	Kidney	293	9884	1159/2624	1/1	-0.354671	0	0.441692
SRX1134746	TFs and others	BRD4	Blood	MV-4-11	24365	1465/2624	0/1	-0.354671	0	inf
SRX6068073	TFs and others	PGR	Uterus	Endometrium	16371	1465/2624	0/1	-0.354671	0	inf
SRX5824574	TFs and others	BRD2	Breast	SUM 149PT	9435	1160/2624	1/1	-0.354297	0	0.442073
SRX4377561	TFs and others	BRD9	Breast	MDA-MB-231	25454	1165/2624	1/1	-0.352431	0	0.443979
SRX3230383	TFs and others	FOXK1	Liver	Hep G2	18211	1459/2624	0/1	-0.352431	0	inf
SRX150722	TFs and others	MYC	Blood	NB-4	27668	1457/2624	0/1	-0.351686	0	inf
SRX2059878	TFs and others	O-GlcNAc	Blood	BJAB	8170	1453/2624	0/1	-0.350202	0	inf
SRX367491	TFs and others	ASXL1	Kidney	293	13822	1453/2624	0/1	-0.350202	0	inf
SRX359960	TFs and others	TAL1	Digestive tract	LoVo	8703	1452/2624	0/1	-0.349831	0	inf
SRX8726297	TFs and others	BMI1	Others	Tumor	14115	1173/2624	1/1	-0.349461	0	0.447027
SRX2194270	TFs and others	BRD4	Breast	SUM 159PT	24620	1451/2624	0/1	-0.349461	0	inf
SRX3636888	TFs and others	ZHX2	Kidney	Renal cell carcinoma	10838	1177/2624	1/1	-0.347984	0	0.448552
SRX9419931	TFs and others	MED1	Breast	SK-BR-3	18552	1177/2624	1/1	-0.347984	0	0.448552
SRX7054614	TFs and others	RELA	Cardiovascular	HAEC	32810	1447/2624	0/1	-0.347984	0	inf
SRX7054661	TFs and others	RELA	Cardiovascular	HAEC	36814	1447/2624	0/1	-0.347984	0	inf
SRX8673354	TFs and others	EGR1	Blood	Kasumi-1	16179	1447/2624	0/1	-0.347984	0	inf
SRX100582	TFs and others	TAF1	Blood	GM12878	9396	1178/2624	1/1	-0.347616	0	0.448933
SRX10484574	TFs and others	KMT2A	Blood	RS4-11	21023	1179/2624	1/1	-0.347247	0	0.449314
SRX5391034	TFs and others	MLXIP	Muscle	Skeletal myotubes	26775	1443/2624	0/1	-0.346512	0	inf
SRX149659	TFs and others	CDK8	Digestive tract	HCT 116	11224	1183/2624	1/1	-0.345778	0	0.450838
SRX8299831	TFs and others	NELFCD	Bone	U2OS	14618	1441/2624	0/1	-0.345778	0	inf
SRX5323900	TFs and others	STAT3	Breast	T-47D	34482	1439/2624	0/1	-0.345045	0	inf
SRX100399	TFs and others	YY1	Digestive tract	HCT 116	11384	1186/2624	1/1	-0.344679	0	0.451982
SRX2267454	TFs and others	BRD4	Lung	PC-9	26846	1438/2624	0/1	-0.344679	0	inf
SRX398293	TFs and others	BRD4	Blood	OCI-LY1	13466	1438/2624	0/1	-0.344679	0	inf
SRX3927284	TFs and others	SMARCA4	Blood	EOL-1	58374	1188/2624	1/1	-0.343947	0	0.452744
SRX4404392	TFs and others	MYCN	Prostate	LNCAP	11634	1189/2624	1/1	-0.343582	0	0.453125
SRX150363	TFs and others	MAZ	Blood	GM12878	13206	1435/2624	0/1	-0.343582	0	inf
SRX8337454	TFs and others	NFYA	Blood	HUDEP-1	7206	1435/2624	0/1	-0.343582	0	inf
SRX8670130	TFs and others	ASCL1	Neural	SH-SY5Y	88209	1194/2624	1/1	-0.341761	0	0.45503
SRX5718163	TFs and others	RAD21	Kidney	293	30932	1195/2624	1/1	-0.341398	0	0.455412
SRX1091542	TFs and others	EP300	Pluripotent stem cell	hESC derived neural crests	14614	1197/2624	1/1	-0.340672	0	0.456174
SRX4404391	TFs and others	MYCN	Prostate	LNCAP	13410	1197/2624	1/1	-0.340672	0	0.456174
SRX10333909	TFs and others	SUPT5H	Digestive tract	DLD-1	13854	1427/2624	0/1	-0.340672	0	inf
SRX3542258	TFs and others	MYCN	Neural	KELLY	16923	1425/2624	0/1	-0.339948	0	inf
SRX3934088	TFs and others	INTS13	Blood	Jurkat	9035	1200/2624	1/1	-0.339586	0	0.457317
SRX7677729	TFs and others	SUPT5H	Digestive tract	DLD-1	9732	1201/2624	1/1	-0.339225	0	0.457698
SRX1165102	TFs and others	Epitope tags	Liver	Hep G2	9663	1423/2624	0/1	-0.339225	0	inf
SRX327756	TFs and others	MED1	Blood	MM.1S	14887	1202/2624	1/1	-0.338864	0	0.458079
SRX150648	TFs and others	JUND	Blood	K-562	37934	1422/2624	0/1	-0.338864	0	inf
SRX8053100	TFs and others	KDM5A	Blood	MM.1S	9929	1203/2624	1/1	-0.338503	0	0.45846
SRX3229145	TFs and others	ESR1	Breast	Breast cancer	21764	1419/2624	0/1	-0.337782	0	inf
SRX334250	TFs and others	E2F1	Unclassified	Unclassified	7456	1206/2624	1/1	-0.337422	0	0.459604
SRX117010	TFs and others	FLI1	Blood	U-937	12322	1418/2624	0/1	-0.337422	0	inf
SRX10881818	TFs and others	SMARCA4	Others	BT-16	25284	1207/2624	1/1	-0.337062	0	0.459985
SRX10338564	TFs and others	MYC	Blood	NALM-6	20926	1210/2624	1/1	-0.335985	0	0.461128
SRX334242	TFs and others	E2F1	Unclassified	Unclassified	7143	1210/2624	1/1	-0.335985	0	0.461128
SRX190292	TFs and others	USF1	Digestive tract	HCT 116	16932	1414/2624	0/1	-0.335985	0	inf
SRX3927307	TFs and others	SS18	Muscle	SYO-1	35274	1414/2624	0/1	-0.335985	0	inf
SRX8949803	TFs and others	ASCL1	Unclassified	Unclassified	20255	1414/2624	0/1	-0.335985	0	inf
SRX4792908	TFs and others	RAD21	Breast	T-47D	25585	1213/2624	1/1	-0.334911	0	0.462271
SRX8337453	TFs and others	NFYA	Blood	HUDEP-2	6569	1411/2624	0/1	-0.334911	0	inf
SRX7805363	TFs and others	ZNF711	Kidney	293	10054	1216/2624	1/1	-0.333839	0	0.463415
SRX037418	TFs and others	NFYA	Blood	K-562	8885	1407/2624	0/1	-0.333482	0	inf
SRX1165104	TFs and others	Epitope tags	Liver	Hep G2	10162	1406/2624	0/1	-0.333126	0	inf
SRX9237234	TFs and others	SUPT5H	Blood	K-562	10795	1404/2624	0/1	-0.332414	0	inf
SRX100388	TFs and others	GABPA	Liver	Hep G2	11161	1402/2624	0/1	-0.331703	0	inf
SRX3591434	TFs and others	BRD4	Blood	B-CLL cells	12363	1402/2624	0/1	-0.331703	0	inf
SRX3934087	TFs and others	INTS13	Blood	HL-60	8810	1223/2624	1/1	-0.331348	0	0.466082
SRX150510	TFs and others	MXI1	Blood	GM12878	11444	1224/2624	1/1	-0.330993	0	0.466463
SRX5323894	TFs and others	STAT3	Breast	T-47D	33219	1399/2624	0/1	-0.330639	0	inf
SRX2140207	TFs and others	HDAC1	Blood	MM.1S	17278	1227/2624	1/1	-0.329931	0	0.467607
SRX8970971	TFs and others	MCM7	Others	Squamous cell carcinoma 	16449	1227/2624	1/1	-0.329931	0	0.467607
SRX2043232	TFs and others	PBX1	Blood	RCH-ACV	23760	1395/2624	0/1	-0.329224	0	inf
SRX7544091	TFs and others	ESR1	Uterus	Ishikawa	19411	1394/2624	0/1	-0.328871	0	inf
SRX10760646	TFs and others	BRD2	Blood	MM.1S	16161	1231/2624	1/1	-0.328519	0	0.469131
SRX6909701	TFs and others	RUNX1	Blood	697	43140	1393/2624	0/1	-0.328519	0	inf
SRX725578	TFs and others	MYB	Blood	Jurkat	24839	1392/2624	0/1	-0.328166	0	inf
SRX186623	TFs and others	HCFC1	Uterus	HeLa	8084	1391/2624	0/1	-0.327814	0	inf
SRX190227	TFs and others	PML	Blood	GM12878	14508	1391/2624	0/1	-0.327814	0	inf
SRX3031983	TFs and others	BRD4	Blood	MV-4-11	31561	1234/2624	1/1	-0.327462	0	0.470274
SRX5286307	TFs and others	AR	Prostate	LNCAP	43005	1390/2624	0/1	-0.327462	0	inf
SRX2867628	TFs and others	BRD4	Blood	Lymphoblastoid cell line	11892	1236/2624	1/1	-0.32676	0	0.471037
SRX3852899	TFs and others	NELFE	Blood	K-562	9007	1236/2624	1/1	-0.32676	0	0.471037
SRX4377541	TFs and others	BRD2	Breast	MDA-MB-231	11960	1236/2624	1/1	-0.32676	0	0.471037
SRX190209	TFs and others	YY1	Uterus	ECC-1	14453	1238/2624	1/1	-0.326058	0	0.471799
SRX6913083	TFs and others	BRD4	Blood	K-562	16748	1238/2624	1/1	-0.326058	0	0.471799
SRX8080544	TFs and others	Epitope tags	Breast	Mammary gland ductal carcinoma	18774	1238/2624	1/1	-0.326058	0	0.471799
SRX2731517	TFs and others	NCAPH2	Kidney	293	10745	1239/2624	1/1	-0.325708	0	0.47218
SRX2585782	TFs and others	TP53	Breast	MDA-MB-231	31353	1384/2624	0/1	-0.325358	0	inf
SRX5824561	TFs and others	BRD2	Breast	SUM 149PT	11873	1241/2624	1/1	-0.325008	0	0.472942
SRX359409	TFs and others	CREBBP	Kidney	293	10317	1242/2624	1/1	-0.324658	0	0.473323
SRX1280448	TFs and others	NRF1	Breast	HMEC	10790	1244/2624	1/1	-0.32396	0	0.474085
SRX8030771	TFs and others	Epitope tags	Kidney	293	11590	1246/2624	1/1	-0.323263	0	0.474848
SRX4708072	TFs and others	HNRNPLL	Blood	K-562	8618	1247/2624	1/1	-0.322915	0	0.475229
SRX1091549	TFs and others	TFAP2A	Pluripotent stem cell	hESC derived neural crests	33580	1376/2624	0/1	-0.322567	0	inf
SRX1165101	TFs and others	Epitope tags	Liver	Hep G2	9774	1376/2624	0/1	-0.322567	0	inf
SRX150676	TFs and others	E2F6	Blood	K-562	13602	1250/2624	1/1	-0.321872	0	0.476372
SRX3800334	TFs and others	SMC1A	Others	RT-112	22023	1251/2624	1/1	-0.321525	0	0.476753
SRX1041842	TFs and others	TRIM24	Prostate	LNCAP	13175	1252/2624	1/1	-0.321178	0	0.477134
SRX1726515	TFs and others	E2F1	Blood	MM.1S	5900	1255/2624	1/1	-0.32014	0	0.478277
SRX9419932	TFs and others	MED1	Breast	SK-BR-3	19647	1256/2624	1/1	-0.319794	0	0.478659
SRX190320	TFs and others	GABPA	Breast	MCF-7	9934	1367/2624	0/1	-0.319449	0	inf
SRX4824369	TFs and others	BRD4	Prostate	22Rv1	11093	1258/2624	1/1	-0.319104	0	0.479421
SRX7902939	TFs and others	BRD4	Breast	SUM 159PT	12817	1366/2624	0/1	-0.319104	0	inf
SRX6913087	TFs and others	BRD4	Blood	K-562	19223	1259/2624	1/1	-0.318759	0	0.479802
SRX689368	TFs and others	WDR5	Kidney	293	10759	1365/2624	0/1	-0.318759	0	inf
SRX7692447	TFs and others	POLR2C	Breast	MCF-7	9372	1365/2624	0/1	-0.318759	0	inf
SRX8949796	TFs and others	ASCL1	Prostate	NCI-H660	31713	1365/2624	0/1	-0.318759	0	inf
SRX326885	TFs and others	GABPA	Prostate	VCaP	12665	1364/2624	0/1	-0.318414	0	inf
SRX1998402	TFs and others	EZH2	Muscle	Rhabdomyosarcoma	9119	1363/2624	0/1	-0.31807	0	inf
SRX190268	TFs and others	TAF1	Lung	A549	7674	1264/2624	1/1	-0.317039	0	0.481707
SRX190308	TFs and others	CEBPB	Digestive tract	HCT 116	22380	1360/2624	0/1	-0.317039	0	inf
SRX9932051	TFs and others	STAT5A	Breast	MCF-7	8740	1360/2624	0/1	-0.317039	0	inf
SRX100491	TFs and others	YY1	Blood	K-562	13762	1265/2624	1/1	-0.316696	0	0.482088
SRX327752	TFs and others	BRD4	Neural	U-87 MG	33845	1357/2624	0/1	-0.31601	0	inf
SRX7054666	TFs and others	RELA	Cardiovascular	HAEC	34264	1357/2624	0/1	-0.31601	0	inf
SRX244177	TFs and others	CDK9	Blood	MM.1S	8652	1356/2624	0/1	-0.315668	0	inf
SRX3857007	TFs and others	CDKN1B	Breast	MDA-MB-231	10256	1356/2624	0/1	-0.315668	0	inf
SRX100380	TFs and others	REST	Neural	SK-N-SH	18553	1355/2624	0/1	-0.315326	0	inf
SRX5323898	TFs and others	STAT3	Breast	T-47D	32556	1355/2624	0/1	-0.315326	0	inf
SRX7115500	TFs and others	RBBP4	Muscle	RH-4	19056	1355/2624	0/1	-0.315326	0	inf
SRX1091814	TFs and others	CTCFL	Blood	K-562	19775	1271/2624	1/1	-0.314642	0	0.484375
SRX10881806	TFs and others	PBRM1	Kidney	G-401	10235	1353/2624	0/1	-0.314642	0	inf
SRX2194274	TFs and others	BRD4	Breast	SUM 159PT	25559	1353/2624	0/1	-0.314642	0	inf
SRX1165098	TFs and others	CREB1	Liver	Hep G2	9768	1352/2624	0/1	-0.314301	0	inf
SRX326886	TFs and others	GABPA	Prostate	VCaP	12505	1352/2624	0/1	-0.314301	0	inf
SRX4727911	TFs and others	TP53BP1	Pluripotent stem cell	hESC H9	7548	1273/2624	1/1	-0.31396	0	0.485137
SRX8616826	TFs and others	FOSL2	Lung	A549	22407	1347/2624	0/1	-0.312598	0	inf
SRX6483138	TFs and others	SMARCA4	Neural	NGP	12235	1346/2624	0/1	-0.312259	0	inf
SRX2922233	TFs and others	ESR1	Breast	SUM 44PE	29276	1345/2624	0/1	-0.311919	0	inf
SRX1497394	TFs and others	MYC	Blood	RAJI	13084	1344/2624	0/1	-0.31158	0	inf
SRX5821030	TFs and others	GATA1	Blood	CD34+	20184	1341/2624	0/1	-0.310564	0	inf
SRX100575	TFs and others	SIN3A	Liver	Hep G2	12970	1340/2624	0/1	-0.310226	0	inf
SRX5574466	TFs and others	ETS1	Blood	CTV-1	34189	1340/2624	0/1	-0.310226	0	inf
SRX4046307	TFs and others	MEN1	Blood	Erythroblasts	6594	1285/2624	1/1	-0.309888	0	0.48971
SRX1136632	TFs and others	GTF2B	Uterus	HeLa	7797	1339/2624	0/1	-0.309888	0	inf
SRX1165096	TFs and others	Epitope tags	Liver	Hep G2	11626	1336/2624	0/1	-0.308876	0	inf
SRX190226	TFs and others	TAF1	Neural	PFSK-1	9862	1289/2624	1/1	-0.30854	0	0.491235
SRX7701204	TFs and others	BRD4	Lung	NCI-H1963	9116	1335/2624	0/1	-0.30854	0	inf
SRX7902933	TFs and others	BRD4	Breast	SUM 159PT	13076	1335/2624	0/1	-0.30854	0	inf
SRX734409	TFs and others	AR	Prostate	CWR22Pc	30897	1290/2624	1/1	-0.308203	0	0.491616
SRX702546	TFs and others	CHD8	Pluripotent stem cell	iPS derived neural cells	12295	1334/2624	0/1	-0.308203	0	inf
SRX4473685	TFs and others	SMARCA4	Gonad	BIN-67	19420	1291/2624	1/1	-0.307867	0	0.491997
SRX190406	TFs and others	TFAP2C	Epidermis	A-375	32591	1332/2624	0/1	-0.307531	0	inf
SRX10881804	TFs and others	SMARCC2	Kidney	G-401	14089	1331/2624	0/1	-0.307195	0	inf
SRX2194282	TFs and others	BRD4	Breast	SUM 159PT	23176	1331/2624	0/1	-0.307195	0	inf
SRX1280449	TFs and others	NRF1	Breast	HMEC	12241	1299/2624	1/1	-0.305186	0	0.495046
SRX734412	TFs and others	AR	Prostate	CWR22Pc	28613	1299/2624	1/1	-0.305186	0	0.495046
SRX190212	TFs and others	FOSL1	Digestive tract	HCT 116	28296	1325/2624	0/1	-0.305186	0	inf
SRX2867630	TFs and others	BRD4	Blood	Lymphoblastoid cell line	17707	1301/2624	1/1	-0.304518	0	0.495808
SRX4377540	TFs and others	BRD2	Breast	MDA-MB-231	12282	1304/2624	1/1	-0.303519	0	0.496951
SRX6977280	TFs and others	Epitope tags	Neural	BE(2)-C	5870	1320/2624	0/1	-0.303519	0	inf
SRX6102132	TFs and others	NELFE	Uterus	HeLa	13531	1305/2624	1/1	-0.303186	0	0.497332
SRX4708110	TFs and others	RBM25	Liver	Hep G2	36164	1319/2624	0/1	-0.303186	0	inf
SRX6665794	TFs and others	Epitope tags	Kidney	HK-2	7391	1319/2624	0/1	-0.303186	0	inf
SRX150458	TFs and others	CHD2	Blood	GM12878	10759	1318/2624	0/1	-0.302854	0	inf
SRX359880	TFs and others	ATF2	Digestive tract	LoVo	7481	1317/2624	0/1	-0.302522	0	inf
SRX8536118	TFs and others	NFYB	Blood	HUDEP-2	11191	1317/2624	0/1	-0.302522	0	inf
SRX149660	TFs and others	CDK8	Digestive tract	HCT 116	14410	1316/2624	0/1	-0.30219	0	inf
SRX186782	TFs and others	KDM5B	Blood	K-562	14561	1309/2624	1/1	-0.301858	0	0.498857
SRX2194285	TFs and others	BRD4	Breast	SUM 159PT	27126	1315/2624	0/1	-0.301858	0	inf
SRX2436031	TFs and others	NEUROD1	Neural	D341 Med	26466	1315/2624	0/1	-0.301858	0	inf
SRX1212233	TFs and others	CREB1	Prostate	LNCAP	6425	1313/2624	0/1	-0.301195	0	inf
SRX359894	TFs and others	HOXA6	Digestive tract	LoVo	6611	1313/2624	0/1	-0.301195	0	inf
SRX666556	TFs and others	HIF1A	Breast	T-47D	75130	2428/2624	1/1	0	0	0.925305
SRX190360	TFs and others	MAX	Digestive tract	HCT 116	38769	2331/2624	1/1	0	0	0.888338
SRX5877913	TFs and others	Epitope tags	Bone	U2OS	76907	2330/2624	1/1	0	0	0.887957
SRX5877911	TFs and others	Epitope tags	Bone	U2OS	62329	2318/2624	1/1	0	0	0.883384
SRX3856994	TFs and others	JUN	Breast	MDA-MB-231	48375	2305/2624	1/1	0	0	0.87843
SRX5877914	TFs and others	Epitope tags	Bone	U2OS	91697	2295/2624	1/1	0	0	0.874619
SRX265420	TFs and others	KDM5B	Breast	T-47D	55824	2283/2624	1/1	0	0	0.870046
SRX3856995	TFs and others	JUN	Breast	MDA-MB-231	47991	2280/2624	1/1	0	0	0.868902
SRX8380464	TFs and others	BRD4	Uterus	HeLa	35757	2278/2624	1/1	0	0	0.86814
SRX3857002	TFs and others	CDKN1B	Breast	MDA-MB-231	35051	2277/2624	1/1	0	0	0.867759
SRX5877912	TFs and others	Epitope tags	Bone	U2OS	84102	2271/2624	1/1	0	0	0.865473
SRX3856996	TFs and others	JUN	Breast	MDA-MB-231	36710	2261/2624	1/1	0	0	0.861662
SRX3857003	TFs and others	CDKN1B	Breast	MDA-MB-231	34166	2256/2624	1/1	0	0	0.859756
SRX3857004	TFs and others	CDKN1B	Breast	MDA-MB-231	36038	2248/2624	1/1	0	0	0.856707
SRX3857005	TFs and others	CDKN1B	Breast	MDA-MB-231	35232	2226/2624	1/1	0	0	0.848323
SRX3856997	TFs and others	JUN	Breast	MDA-MB-231	34692	2216/2624	1/1	0	0	0.844512
SRX5576989	TFs and others	CREB1	Lung	A549	19952	2205/2624	1/1	0	0	0.84032
SRX10382441	TFs and others	BCOR	Pluripotent stem cell	hESC H1	37724	2198/2624	1/1	0	0	0.837652
SRX5576992	TFs and others	CREB1	Lung	A549	18211	2195/2624	1/1	0	0	0.836509
SRX10382399	TFs and others	BCOR	Pluripotent stem cell	hESC H1	35625	2178/2624	1/1	0	0	0.83003
SRX129085	TFs and others	MAX	Neural	U-87 MG	47421	2173/2624	1/1	0	0	0.828125
SRX3857000	TFs and others	CDKN1B	Breast	MDA-MB-231	29267	2169/2624	1/1	0	0	0.826601
SRX666557	TFs and others	ARNT	Breast	T-47D	40225	2166/2624	1/1	0	0	0.825457
SRX3856998	TFs and others	JUN	Breast	MDA-MB-231	27108	2162/2624	1/1	0	0	0.823933
SRX3472375	TFs and others	TP53BP1	Pluripotent stem cell	hESC H9	29510	2160/2624	1/1	0	0	0.823171
SRX190361	TFs and others	SIN3A	Digestive tract	HCT 116	24165	2156/2624	1/1	0	0	0.821646
SRX129107	TFs and others	MAX	Lung	NCI-H128	32315	2143/2624	1/1	0	0	0.816692
SRX189237	TFs and others	MAX	Lung	NCI-H2171	53418	2139/2624	1/1	0	0	0.815168
SRX129111	TFs and others	MAX	Lung	NCI-H2171	48835	2135/2624	1/1	0	0	0.813643
SRX4484988	TFs and others	ERG	Blood	SEM	50919	2132/2624	1/1	0	0	0.8125
SRX6027693	TFs and others	ESR1	Uterus	Ishikawa	32832	2129/2624	1/1	0	0	0.811357
SRX4155859	TFs and others	MYCN	Neural	KELLY	33256	2116/2624	1/1	0	0	0.806402
SRX4708036	TFs and others	RBM25	Liver	Hep G2	34959	2106/2624	1/1	0	0	0.802591
SRX212650	TFs and others	STAT1	Blood	Monocytes-CD14+	59790	2099/2624	1/1	0	0	0.799924
SRX2565135	TFs and others	E2F1	Prostate	LNCAP	17511	2097/2624	1/1	0	0	0.799162
SRX1055111	TFs and others	Epitope tags	Kidney	293	51526	2091/2624	1/1	0	0	0.796875
SRX992662	TFs and others	E2F1	Prostate	LNCAP	17851	2090/2624	1/1	0	0	0.796494
SRX6366606	TFs and others	Epitope tags	Uterus	Ishikawa	18247	2089/2624	1/1	0	0	0.796113
SRX5576993	TFs and others	CRTC2	Lung	A549	17175	2087/2624	1/1	0	0	0.795351
SRX5442198	TFs and others	FOXP1	Blood	OCI-LY1	83564	2084/2624	1/1	0	0	0.794207
SRX5576990	TFs and others	CRTC2	Lung	A549	19080	2082/2624	1/1	0	0	0.793445
SRX100568	TFs and others	MAX	Blood	K-562	53757	2080/2624	1/1	0	0	0.792683
SRX250091	TFs and others	MYC	Breast	MDA-MB-453	26756	2079/2624	1/1	0	0	0.792302
SRX190321	TFs and others	MAX	Liver	Hep G2	39412	2077/2624	1/1	0	0	0.79154
SRX6384755	TFs and others	MED26	Digestive tract	HCT 116	19104	2077/2624	1/1	0	0	0.79154
SRX3857001	TFs and others	CDKN1B	Breast	MDA-MB-231	25604	2073/2624	1/1	0	0	0.790015
SRX391683	TFs and others	TRIM28	Blood	CD34 Hematopoietic stem cells	101941	2064/2624	1/1	0	0	0.786585
SRX6066491	TFs and others	POLR2C	Digestive tract	HCT 116	17991	2064/2624	1/1	0	0	0.786585
SRX3856999	TFs and others	JUN	Breast	MDA-MB-231	24152	2061/2624	1/1	0	0	0.785442
SRX3433644	TFs and others	USP7	Blood	CUTLL1	22404	2060/2624	1/1	0	0	0.785061
SRX6384756	TFs and others	MED26	Digestive tract	HCT 116	17745	2056/2624	1/1	0	0	0.783537
SRX8299829	TFs and others	MYC	Bone	U2OS	37170	2055/2624	1/1	0	0	0.783155
SRX10313958	TFs and others	ZBTB7A	Blood	HUDEP-2	25125	2051/2624	1/1	0	0	0.781631
SRX7692437	TFs and others	POLR2C	Digestive tract	HCT 116	18669	2050/2624	1/1	0	0	0.78125
SRX6066493	TFs and others	POLR2C	Digestive tract	HCT 116	18544	2045/2624	1/1	0	0	0.779345
SRX129110	TFs and others	MYC	Lung	NCI-H2171	44190	2038/2624	1/1	0	0	0.776677
SRX10881824	TFs and others	SS18L1	Kidney	G-401	23219	2036/2624	1/1	0	0	0.775915
SRX2043230	TFs and others	TCF3	Blood	RCH-ACV	41561	2035/2624	1/1	0	0	0.775534
SRX159138	TFs and others	NOTCH1	Blood	HPB-ALL	38405	2033/2624	1/1	0	0	0.774771
SRX2281260	TFs and others	KMT2A	Blood	Bone marrow mononuclear cells	31999	2031/2624	1/1	0	0	0.774009
SRX190184	TFs and others	MAX	Lung	A549	29303	2029/2624	1/1	0	0	0.773247
SRX7692436	TFs and others	POLR2C	Digestive tract	HCT 116	17944	2029/2624	1/1	0	0	0.773247
SRX2198835	TFs and others	LARP7	Uterus	HeLa	31176	2025/2624	1/1	0	0	0.771723
SRX1046558	TFs and others	RAG2	Blood	Thymus	21556	2024/2624	1/1	0	0	0.771341
SRX204905	TFs and others	BRD4	Blood	MM.1S	21154	2021/2624	1/1	0	0	0.770198
SRX9206198	TFs and others	GFP	Digestive tract	HCT 116	13858	2018/2624	1/1	0	0	0.769055
SRX8673358	TFs and others	EGR1	Blood	Kasumi-1	22939	2017/2624	1/1	0	0	0.768674
SRX9206199	TFs and others	GFP	Digestive tract	HCT 116	13651	2013/2624	1/1	0	0	0.767149
SRX4377544	TFs and others	BRD2	Breast	SUM 159PT	23777	2012/2624	1/1	0	0	0.766768
SRX212648	TFs and others	STAT1	Blood	Monocytes-CD14+	45249	2011/2624	1/1	0	0	0.766387
SRX7677723	TFs and others	SUPT5H	Digestive tract	DLD-1	17114	2008/2624	1/1	0	0	0.765244
SRX265423	TFs and others	KDM5B	Breast	SUM 185PE	31331	2003/2624	1/1	0	0	0.763338
SRX1514973	TFs and others	GFP	Kidney	293	19348	2001/2624	1/1	0	0	0.762576
SRX218419	TFs and others	KLF1	Blood	Erythroid Cells	54700	1999/2624	1/1	0	0	0.761814
SRX4708082	TFs and others	RBFOX2	Blood	K-562	23841	1994/2624	1/1	0	0	0.759909
SRX5757570	TFs and others	SMAD3	Breast	WHIM12	15711	1988/2624	1/1	0	0	0.757622
SRX265428	TFs and others	CTCF	Breast	SUM 159PT	45776	1985/2624	1/1	0	0	0.756479
SRX752907	TFs and others	CREB1	Prostate	LNCAP	16061	1983/2624	1/1	0	0	0.755716
SRX8449942	TFs and others	BAHCC1	Blood	Jurkat	25122	1982/2624	1/1	0	0	0.755335
SRX6066492	TFs and others	POLR2C	Digestive tract	HCT 116	18389	1978/2624	1/1	0	0	0.753811
SRX190263	TFs and others	MAX	Uterus	ECC-1	30528	1977/2624	1/1	0	0	0.75343
SRX8706937	TFs and others	E2F1	Prostate	LNCAP	13977	1975/2624	1/1	0	0	0.752668
SRX1514953	TFs and others	GFP	Kidney	293	32991	1973/2624	1/1	0	0	0.751905
SRX5289961	TFs and others	NR3C1	Lung	BEAS-2B	28926	1971/2624	1/1	0	0	0.751143
SRX5624369	TFs and others	SREBF2	Blood	Macrophages	31892	1971/2624	1/1	0	0	0.751143
SRX1212238	TFs and others	CREB1	Prostate	LNCAP	12839	1969/2624	1/1	0	0	0.750381
SRX5289962	TFs and others	NR3C1	Lung	BEAS-2B	33671	1969/2624	1/1	0	0	0.750381
SRX1293531	TFs and others	KMT2A	Blood	MV-4-11	26361	1965/2624	1/1	0	0	0.748857
SRX189238	TFs and others	MAX	Lung	NCI-H128	24130	1962/2624	1/1	0	0	0.747713
SRX4708116	TFs and others	YY1	Liver	Hep G2	13946	1959/2624	1/1	0	0	0.74657
SRX8706938	TFs and others	E2F1	Prostate	LNCAP	12750	1959/2624	1/1	0	0	0.74657
SRX6102130	TFs and others	SUPT5H	Uterus	HeLa	21479	1957/2624	1/1	0	0	0.745808
SRX6857970	TFs and others	PGR	Uterus	Myometrium	14608	1953/2624	1/1	0	0	0.744284
SRX971780	TFs and others	KMT2D	Blood	OCI-LY-7	20210	1952/2624	1/1	0	0	0.743902
SRX9867024	TFs and others	BCL11B	Blood	TALL-1	29842	1950/2624	1/1	0	0	0.74314
SRX7692441	TFs and others	POLR2C	Digestive tract	HCT 116	15724	1946/2624	1/1	0	0	0.741616
SRX9867025	TFs and others	BCL11B	Blood	TALL-1	31691	1944/2624	1/1	0	0	0.740854
SRX054575	TFs and others	Epitope tags	Breast	MCF-7	22042	1942/2624	1/1	0	0	0.740091
SRX8449940	TFs and others	BAHCC1	Blood	Jurkat	22309	1939/2624	1/1	0	0	0.738948
SRX1873447	TFs and others	KDM2B	Blood	SEM	23294	1934/2624	1/1	0	0	0.737043
SRX4385550	TFs and others	SUPT5H	Digestive tract	HCT 116	13715	1928/2624	1/1	0	0	0.734756
SRX7061820	TFs and others	MED12	Blood	SEM	29959	1927/2624	1/1	0	0	0.734375
SRX6066490	TFs and others	POLR2C	Digestive tract	HCT 116	18388	1922/2624	1/1	0	0	0.73247
SRX4374939	TFs and others	RBPJ	Breast	HCC1599	16857	1920/2624	1/1	0	0	0.731707
SRX150417	TFs and others	MAZ	Blood	K-562	29714	1916/2624	1/1	0	0	0.730183
SRX3881554	TFs and others	O-GlcNAc	Prostate	LNCAP	10561	1916/2624	1/1	0	0	0.730183
SRX190291	TFs and others	MAX	Neural	SK-N-SH	33086	1913/2624	1/1	0	0	0.72904
SRX6961668	TFs and others	SUPT5H	Digestive tract	HCT 116	16208	1912/2624	1/1	0	0	0.728659
SRX100495	TFs and others	TAF1	Pluripotent stem cell	hESC H1	19565	1909/2624	1/1	0	0	0.727515
SRX2537515	TFs and others	BRD2	Epidermis	SK-MEL-147	31443	1905/2624	1/1	0	0	0.725991
SRX9571475	TFs and others	Epitope tags	Blood	K-562	30470	1905/2624	1/1	0	0	0.725991
SRX10881821	TFs and others	SS18L1	Kidney	G-401	20099	1903/2624	1/1	0	0	0.725229
SRX10881849	TFs and others	SS18	Others	BT-16	26048	1897/2624	1/1	0	0	0.722942
SRX4155858	TFs and others	MYCN	Neural	KELLY	23632	1897/2624	1/1	0	0	0.722942
SRX7677719	TFs and others	NELFCD	Digestive tract	DLD-1	14904	1896/2624	1/1	0	0	0.722561
SRX5316104	TFs and others	O-GlcNAc	Prostate	LNCAP	9397	1886/2624	1/1	0	0	0.71875
SRX103000	TFs and others	MYC	Breast	MCF-7	27749	1885/2624	1/1	0	0	0.718369
SRX7692440	TFs and others	POLR2C	Digestive tract	HCT 116	15049	1885/2624	1/1	0	0	0.718369
SRX4377533	TFs and others	BRD4	Breast	MDA-MB-231	35072	1884/2624	1/1	0	0	0.717988
SRX4377556	TFs and others	BRD4	Breast	MDA-MB-231	35052	1884/2624	1/1	0	0	0.717988
SRX4484982	TFs and others	RUNX2	Blood	SEM	73053	1883/2624	1/1	0	0	0.717607
SRX7030928	TFs and others	NELFA	Breast	MCF-7	13756	1881/2624	1/1	0	0	0.716845
SRX1058479	TFs and others	MAX	Epidermis	MKL-1	26543	1874/2624	1/1	0	0	0.714177
SRX5757568	TFs and others	SMAD3	Breast	WHIM12	13355	1874/2624	1/1	0	0	0.714177
SRX100541	TFs and others	ELF1	Blood	GM12878	18360	1871/2624	1/1	0	0	0.713034
SRX1799591	TFs and others	TBX21	Blood	Th1 Cells	36145	1862/2624	1/1	0	0	0.709604
SRX5824578	TFs and others	BRD2	Breast	SUM 159PT	14897	1859/2624	1/1	0	0	0.70846
SRX4377543	TFs and others	BRD2	Breast	SUM 159PT	19056	1857/2624	1/1	0	0	0.707698
SRX1799593	TFs and others	TBX21	Blood	Th1 Cells	36124	1855/2624	1/1	0	0	0.706936
SRX4708115	TFs and others	YY1	Liver	Hep G2	12034	1855/2624	1/1	0	0	0.706936
SRX8706940	TFs and others	E2F1	Prostate	C4-2	12720	1855/2624	1/1	0	0	0.706936
SRX9419922	TFs and others	BRD4	Breast	SK-BR-3	30601	1854/2624	1/1	0	0	0.706555
SRX100493	TFs and others	HEY1	Liver	Hep G2	26419	1853/2624	1/1	0	0	0.706174
SRX6780894	TFs and others	CREB1	Pluripotent stem cell	iPS derived neural cells	16335	1851/2624	1/1	0	0	0.705412
SRX129084	TFs and others	MAX	Blood	P493-6	20600	1850/2624	1/1	0	0	0.70503
SRX3873725	TFs and others	MYC	Lung	SW 1271	38123	1850/2624	1/1	0	0	0.70503
SRX734411	TFs and others	AR	Prostate	CWR22Pc	47825	1848/2624	1/1	0	0	0.704268
SRX9702210	TFs and others	IRF3	Blood	MM.1S	28869	1847/2624	1/1	0	0	0.703887
SRX188954	TFs and others	MYC	Breast	MCF-7	36545	1843/2624	1/1	0	0	0.702363
SRX3873726	TFs and others	MYC	Lung	SW 1271	19168	1830/2624	1/1	0	0	0.697409
SRX2314264	TFs and others	SUPT5H	Blood	MOLT-4	15448	1828/2624	1/1	0	0	0.696646
SRX265230	TFs and others	ERG	Blood	ME-1	26409	1826/2624	1/1	0	0	0.695884
SRX4415494	TFs and others	RBBP7	Kidney	hTERT-HME1	24623	1826/2624	1/1	0	0	0.695884
SRX3031982	TFs and others	BRD4	Blood	MV-4-11	47241	1825/2624	1/1	0	0	0.695503
SRX1287846	TFs and others	CDK8	Blood	MOLM-14	50649	1822/2624	1/1	0	0	0.69436
SRX7551117	TFs and others	SETD1A	Uterus	HeLa	14498	1821/2624	1/1	0	0	0.693979
SRX2314263	TFs and others	SUPT5H	Blood	MOLT-4	13839	1816/2624	1/1	0	0	0.692073
SRX186636	TFs and others	MXI1	Neural	SK-N-SH	29389	1814/2624	1/1	0	0	0.691311
SRX190302	TFs and others	EGR1	Digestive tract	HCT 116	17592	1812/2624	1/1	0	0	0.690549
SRX4708034	TFs and others	RBFOX2	Liver	Hep G2	18845	1811/2624	1/1	0	0	0.690168
SRX9975613	TFs and others	STAG2	Bone	A-673	64338	1811/2624	1/1	0	0	0.690168
SRX8037077	TFs and others	KLF5	Digestive tract	HT-29	20557	1809/2624	1/1	0	0	0.689405
SRX5624367	TFs and others	SREBF2	Blood	Macrophages	24738	1807/2624	1/1	0	0	0.688643
SRX2442440	TFs and others	FGFR1	Pluripotent stem cell	iPS derived neural cells	13470	1806/2624	1/1	0	0	0.688262
SRX2314265	TFs and others	SUPT5H	Blood	MOLT-4	13761	1800/2624	1/1	0	0	0.685976
SRX5824570	TFs and others	BRD2	Breast	SUM 149PT	17177	1797/2624	1/1	0	0	0.684832
SRX5824579	TFs and others	BRD2	Breast	SUM 159PT	15456	1796/2624	1/1	0	0	0.684451
SRX8949797	TFs and others	ASCL1	Unclassified	Unclassified	22112	1793/2624	1/1	0	0	0.683308
SRX150556	TFs and others	E2F1	Breast	MCF-7	17635	1792/2624	1/1	0	0	0.682927
SRX7551119	TFs and others	SETD1A	Uterus	HeLa	14212	1789/2624	1/1	0	0	0.681784
SRX100412	TFs and others	TAF1	Liver	Hep G2	17790	1787/2624	1/1	0	0	0.681021
SRX265414	TFs and others	KDM5B	Breast	MCF-7	27782	1786/2624	1/1	0	0	0.68064
SRX4377547	TFs and others	BRD2	Breast	HCC1806	20636	1785/2624	1/1	0	0	0.680259
SRX3433645	TFs and others	USP7	Blood	CUTLL1	18429	1781/2624	1/1	0	0	0.678735
SRX3852890	TFs and others	NELFA	Blood	K-562	13716	1781/2624	1/1	0	0	0.678735
SRX5824569	TFs and others	BRD2	Breast	SUM 149PT	16930	1779/2624	1/1	0	0	0.677973
SRX9055420	TFs and others	KLF1	Blood	HUDEP-2	13166	1779/2624	1/1	0	0	0.677973
SRX4708024	TFs and others	HNRNPLL	Liver	Hep G2	14085	1775/2624	1/1	0	0	0.676448
SRX4377548	TFs and others	BRD2	Breast	HCC1806	19981	1766/2624	1/1	0	0	0.673018
SRX10382426	TFs and others	TET1	Pluripotent stem cell	hESC H1	20673	1764/2624	1/1	0	0	0.672256
SRX1873451	TFs and others	MED1	Blood	SEM	19169	1760/2624	1/1	0	0	0.670732
SRX3256875	TFs and others	KDM2B	Pluripotent stem cell	hESC H1	30407	1758/2624	1/1	0	0	0.66997
SRX063913	TFs and others	RUNX1	Blood	SKNO-1	21649	1756/2624	1/1	0	0	0.669207
SRX2314262	TFs and others	SUPT5H	Blood	MOLT-4	13732	1754/2624	1/1	0	0	0.668445
SRX5286309	TFs and others	AR	Prostate	LNCAP	28220	1754/2624	1/1	0	0	0.668445
SRX3345955	TFs and others	INTS13	Blood	HL-60	18756	1747/2624	1/1	0	0	0.665777
SRX9795022	TFs and others	CHD7	Neural	Cerebellum	14171	1747/2624	1/1	0	0	0.665777
SRX10045344	TFs and others	ASXL1	Blood	THP-1	12309	1745/2624	1/1	0	0	0.665015
SRX6102128	TFs and others	SUPT5H	Uterus	HeLa	17900	1745/2624	1/1	0	0	0.665015
SRX100539	TFs and others	ELF1	Blood	K-562	23131	1744/2624	1/1	0	0	0.664634
SRX204906	TFs and others	MED1	Blood	MM.1S	18533	1743/2624	1/1	0	0	0.664253
SRX2550934	TFs and others	MYCN	Neural	KELLY	22030	1743/2624	1/1	0	0	0.664253
SRX6961666	TFs and others	SUPT5H	Digestive tract	HCT 116	18211	1742/2624	1/1	0	0	0.663872
SRX1637463	TFs and others	BRD4	Blood	MOLT-4	23029	1740/2624	1/1	0	0	0.66311
SRX334238	TFs and others	E2F1	Unclassified	Unclassified	12609	1739/2624	1/1	0	0	0.662729
SRX5824594	TFs and others	BRD2	Breast	SUM 159PT	12347	1736/2624	1/1	0	0	0.661585
SRX129083	TFs and others	MAX	Blood	P493-6	16089	1733/2624	1/1	0	0	0.660442
SRX054571	TFs and others	Epitope tags	Breast	MCF-7	15107	1732/2624	1/1	0	0	0.660061
SRX150424	TFs and others	MAX	Blood	K-562	26694	1732/2624	1/1	0	0	0.660061
SRX4708118	TFs and others	YY1	Liver	Hep G2	12461	1732/2624	1/1	0	0	0.660061
SRX218420	TFs and others	NFE2	Blood	Erythroid Cells	42190	1731/2624	1/1	0	0	0.65968
SRX752909	TFs and others	CREB1	Prostate	LNCAP	12469	1729/2624	1/1	0	0	0.658918
SRX2207918	TFs and others	ATF3	Epidermis	CS1AN	30101	1726/2624	1/1	0	0	0.657774
SRX219373	TFs and others	CTCF	Blood	MM.1S	39746	1725/2624	1/1	0	0	0.657393
SRX4367431	TFs and others	TBP	Lung	Bronchial tracheal epithelial cells	11034	1725/2624	1/1	0	0	0.657393
SRX682375	TFs and others	ERG	Blood	TSU-1621MT	20208	1724/2624	1/1	0	0	0.657012
SRX129116	TFs and others	MYC	Blood	Multiple Myeloma	18964	1722/2624	1/1	0	0	0.65625
SRX725582	TFs and others	MYB	Blood	Jurkat	30015	1721/2624	1/1	0	0	0.655869
SRX2537516	TFs and others	BRD2	Epidermis	SK-MEL-147	18741	1717/2624	1/1	0	0	0.654345
SRX129082	TFs and others	MAX	Blood	P493-6	15482	1710/2624	1/1	0	0	0.651677
SRX5824565	TFs and others	BRD2	Breast	SUM 149PT	18272	1709/2624	1/1	0	0	0.651296
SRX244180	TFs and others	CDK9	Blood	MM.1S	14372	1708/2624	1/1	0	0	0.650915
SRX3852892	TFs and others	NELFE	Blood	K-562	11730	1708/2624	1/1	0	0	0.650915
SRX265430	TFs and others	KDM5B	Breast	MDA-MB-231	32638	1706/2624	1/1	0	0	0.650152
SRX4046302	TFs and others	CXXC1	Blood	Erythroblasts	9882	1705/2624	1/1	0	0	0.649771
SRX8299828	TFs and others	MYC	Bone	U2OS	20153	1705/2624	1/1	0	0	0.649771
SRX9419956	TFs and others	BRD4	Breast	SK-BR-3	26316	1703/2624	1/1	0	0	0.649009
SRX689370	TFs and others	WDR5	Kidney	293	16083	1697/2624	1/1	0	0	0.646723
SRX10382402	TFs and others	QSER1	Pluripotent stem cell	hESC H1	34365	1696/2624	1/1	0	0	0.646341
SRX9419923	TFs and others	BRD4	Breast	SK-BR-3	25843	1694/2624	1/1	0	0	0.645579
SRX1091551	TFs and others	TFAP2A	Pluripotent stem cell	hESC derived neural crests	46427	1691/2624	1/1	0	0	0.644436
SRX3934085	TFs and others	INTS13	Blood	HL-60	15372	1691/2624	1/1	0	0	0.644436
SRX186618	TFs and others	MAZ	Lung	IMR-90	18778	1690/2624	1/1	0	0	0.644055
SRX054576	TFs and others	Epitope tags	Breast	MCF-7	15068	1688/2624	1/1	0	0	0.643293
SRX3256876	TFs and others	KDM2B	Pluripotent stem cell	hESC H1	29582	1683/2624	1/1	0	0	0.641387
SRX2961561	TFs and others	STAT1	Blood	SET-2	30505	1678/2624	1/1	0	0	0.639482
SRX2281258	TFs and others	KMT2A	Blood	Cord blood mononuclear	15407	1676/2624	1/1	0	0	0.63872
SRX3636887	TFs and others	ZHX2	Kidney	Renal cell carcinoma	26916	1672/2624	1/1	0	0	0.637195
SRX100430	TFs and others	HEY1	Blood	K-562	19071	1669/2624	1/1	0	0	0.636052
SRX3852898	TFs and others	NELFA	Blood	K-562	12018	1660/2624	1/1	0	0	0.632622
SRX5075174	TFs and others	SMARCA4	Neural	Neural progenitor cells	34486	1655/2624	1/1	0	0	0.630716
SRX10045364	TFs and others	ASXL1	Blood	THP-1	11513	1648/2624	1/1	0	0	0.628049
SRX8299783	TFs and others	MYC	Bone	U2OS	20211	1646/2624	1/1	0	0	0.627287
SRX150383	TFs and others	TBP	Pluripotent stem cell	hESC H1	14211	1645/2624	1/1	0	0	0.626905
SRX3256862	TFs and others	KDM2B	Pluripotent stem cell	hESC H1	25577	1642/2624	1/1	0	0	0.625762
SRX9419954	TFs and others	BRD4	Breast	SK-BR-3	22982	1641/2624	1/1	0	0	0.625381
SRX5600893	TFs and others	OLIG2	Neural	Prefrontal Cortex	9713	1640/2624	1/1	0	0	0.625
SRX190189	TFs and others	TAF1	Uterus	ECC-1	11555	1638/2624	1/1	0	0	0.624238
SRX150574	TFs and others	TBP	Blood	K-562	15813	1637/2624	1/1	0	0	0.623857
SRX3229161	TFs and others	ESR1	Breast	Breast cancer	28396	1637/2624	1/1	0	0	0.623857
SRX1690205	TFs and others	MYCN	Neural	BE(2)-C	20362	1635/2624	1/1	0	0	0.623095
SRX3927288	TFs and others	SMARCC1	Blood	EOL-1	60643	1632/2624	1/1	0	0	0.621951
SRX3857006	TFs and others	CDKN1B	Breast	MDA-MB-231	12902	1630/2624	1/1	0	0	0.621189
SRX734410	TFs and others	AR	Prostate	CWR22Pc	62142	1628/2624	1/1	0	0	0.620427
SRX2513053	TFs and others	TET2	Blood	Jurkat	25447	1626/2624	1/1	0	0	0.619665
SRX4708041	TFs and others	NONO	Liver	Hep G2	13398	1625/2624	1/1	0	0	0.619284
SRX026657	TFs and others	ERG	Blood	Acute promyelocytic leukemia	16464	1621/2624	1/1	0	0	0.617759
SRX5503029	TFs and others	Epitope tags	Kidney	293	14661	1619/2624	1/1	0	0	0.616997
SRX6961665	TFs and others	SUPT5H	Digestive tract	HCT 116	13616	1615/2624	1/1	0	0	0.615473
SRX186646	TFs and others	PHF8	Blood	K-562	24555	1614/2624	1/1	0	0	0.615091
SRX204413	TFs and others	MAX	Blood	P493-6	14582	1614/2624	1/1	0	0	0.615091
SRX1892834	TFs and others	TFAP4	Digestive tract	SNU-1750	27215	1604/2624	1/1	0	0	0.61128
SRX244178	TFs and others	MED1	Blood	MM.1S	13892	1603/2624	1/1	0	0	0.610899
SRX2770855	TFs and others	SPI1	Blood	Macrophages	88807	1599/2624	1/1	0	0	0.609375
SRX5503032	TFs and others	Epitope tags	Kidney	293	15237	1597/2624	1/1	0	0	0.608613
SRX10045366	TFs and others	BAP1	Blood	THP-1	11115	1592/2624	1/1	0	0	0.606707
SRX054574	TFs and others	Epitope tags	Breast	MCF-7	11571	1590/2624	1/1	0	0	0.605945
SRX1134743	TFs and others	BRD4	Blood	MV-4-11	13031	1590/2624	1/1	0	0	0.605945
SRX2711484	TFs and others	USP7	Blood	Jurkat	13969	1589/2624	1/1	0	0	0.605564
SRX8080569	TFs and others	POU2F1	Breast	Mammary gland ductal carcinoma	11925	1587/2624	1/1	0	0	0.604802
SRX7677721	TFs and others	NELFE	Digestive tract	DLD-1	11272	1585/2624	1/1	0	0	0.60404
SRX334246	TFs and others	E2F1	Unclassified	Unclassified	10415	1578/2624	1/1	0	0	0.601372
SRX10338559	TFs and others	MYC	Blood	NALM-6	29369	1577/2624	1/1	0	0	0.600991
SRX6027688	TFs and others	ESR1	Uterus	Ishikawa	21394	1577/2624	1/1	0	0	0.600991
SRX100451	TFs and others	YY1	Blood	GM12878	27898	1561/2624	1/1	0	0	0.594893
SRX327755	TFs and others	MED1	Blood	MM.1S	17194	1561/2624	1/1	0	0	0.594893
SRX4377546	TFs and others	BRD2	Breast	SUM 159PT	13233	1560/2624	1/1	0	0	0.594512
SRX9702212	TFs and others	IRF3	Blood	MM.1S	20658	1560/2624	1/1	0	0	0.594512
SRX3800330	TFs and others	STAG1	Others	RT-112	32743	1558/2624	1/1	0	0	0.59375
SRX100514	TFs and others	E2F6	Blood	K-562	23995	1553/2624	1/1	0	0	0.591845
SRX10657969	TFs and others	Epitope tags	Blood	NALM-6	21537	1551/2624	1/1	0	0	0.591082
SRX10760645	TFs and others	BRD2	Blood	MM.1S	16817	1549/2624	1/1	0	0	0.59032
SRX7692443	TFs and others	POLR2C	Breast	MCF-7	11108	1548/2624	1/1	0	0	0.589939
SRX150595	TFs and others	MYC	Blood	K-562	21977	1547/2624	1/1	0	0	0.589558
SRX10131665	TFs and others	NELFCD	Lung	Bronchial tracheal epithelial cells	10829	1546/2624	1/1	0	0	0.589177
SRX1880278	TFs and others	BRD4	Blood	Jurkat	18551	1546/2624	1/1	0	0	0.589177
SRX100476	TFs and others	TAF1	Blood	K-562	12659	1544/2624	1/1	0	0	0.588415
SRX10313956	TFs and others	ZBTB7A	Blood	HUDEP-2	14385	1544/2624	1/1	0	0	0.588415
SRX9550860	TFs and others	FOXA1	Prostate	Prostate cancer	54609	1543/2624	1/1	0	0	0.588034
SRX7692444	TFs and others	POLR2C	Breast	MCF-7	11032	1541/2624	1/1	0	0	0.587271
SRX3031984	TFs and others	BRD4	Blood	MV-4-11	26382	1537/2624	1/1	0	0	0.585747
SRX3800331	TFs and others	STAG1	Others	RT-112	29027	1537/2624	1/1	0	0	0.585747
SRX4824368	TFs and others	BRD4	Prostate	22Rv1	20220	1534/2624	1/1	0	0	0.584604
SRX9419924	TFs and others	BRD4	Breast	SK-BR-3	23621	1533/2624	1/1	0	0	0.584223
SRX4377539	TFs and others	BRD2	Breast	MDA-MB-231	18933	1531/2624	1/1	0	0	0.58346
SRX5503030	TFs and others	Epitope tags	Kidney	293	13109	1527/2624	1/1	0	0	0.581936
SRX8299813	TFs and others	MYC	Bone	U2OS	17511	1525/2624	1/1	0	0	0.581174
SRX100426	TFs and others	YY1	Liver	Hep G2	15650	1523/2624	1/1	0	0	0.580412
SRX5266973	TFs and others	KDM4A	Blood	THP-1	15430	1522/2624	1/1	0	0	0.58003
SRX2281249	TFs and others	KMT2A	Blood	SEM	17528	1519/2624	1/1	0	0	0.578887
SRX5824560	TFs and others	BRD2	Breast	SUM 149PT	14859	1515/2624	1/1	0	0	0.577363
SRX5323892	TFs and others	STAT3	Breast	T-47D	31528	1514/2624	1/1	0	0	0.576982
SRX265432	TFs and others	KDM5B	Breast	HCC2157	31381	1513/2624	1/1	0	0	0.576601
SRX4377555	TFs and others	BRD4	Breast	MDA-MB-231	26548	1513/2624	1/1	0	0	0.576601
SRX5824566	TFs and others	BRD2	Breast	SUM 149PT	14559	1509/2624	1/1	0	0	0.575076
SRX2375366	TFs and others	CDK9	Blood	MV-4-11	27767	1508/2624	1/1	0	0	0.574695
SRX4377532	TFs and others	BRD4	Breast	MDA-MB-231	26528	1508/2624	1/1	0	0	0.574695
SRX1799531	TFs and others	TRIM28	Blood	CD4+ T cells	19462	1505/2624	1/1	0	0	0.573552
SRX6473439	TFs and others	Epitope tags	Pluripotent stem cell	hESC derived neural crests	36458	1504/2624	1/1	0	0	0.573171
SRX3852891	TFs and others	NELFE	Blood	K-562	10548	1500/2624	1/1	0	0	0.571646
SRX7677724	TFs and others	SUPT5H	Digestive tract	DLD-1	15043	1496/2624	1/1	0	0	0.570122
SRX2963102	TFs and others	RUNX1	Blood	PBMC	20938	1495/2624	1/1	0	0	0.569741
SRX4484986	TFs and others	ELF1	Blood	SEM	24299	1494/2624	1/1	0	0	0.56936
SRX2711485	TFs and others	USP7	Blood	Jurkat	16463	1493/2624	1/1	0	0	0.568979
SRX3345956	TFs and others	INTS13	Blood	HL-60	11770	1490/2624	1/1	0	0	0.567835
SRX099865	TFs and others	MYC	Breast	MCF-7	17155	1489/2624	1/1	0	0	0.567454
SRX3852900	TFs and others	NELFE	Blood	K-562	9444	1487/2624	1/1	0	0	0.566692
SRX9975616	TFs and others	SMC1A	Bone	A-673	50079	1485/2624	1/1	0	0	0.56593
SRX9005596	TFs and others	Epitope tags	Others	TM5	104760	1483/2624	1/1	0	0	0.565168
SRX1023792	TFs and others	SPI1	Blood	Macrophages	112968	1479/2624	1/1	0	0	0.563643
SRX6913056	TFs and others	BRD2	Blood	THP-1	11784	1479/2624	1/1	0	0	0.563643
SRX100459	TFs and others	EGR1	Blood	K-562	32501	1478/2624	1/1	0	0	0.563262
SRX11196939	TFs and others	TAF1	Kidney	293	9368	1475/2624	1/1	0	0	0.562119
SRX3345954	TFs and others	INTS13	Blood	HL-60	12535	1475/2624	1/1	0	0	0.562119
SRX327758	TFs and others	CDK9	Blood	MM.1S	8696	1472/2624	1/1	0	0	0.560976
SRX9419933	TFs and others	MED1	Breast	SK-BR-3	23347	1472/2624	1/1	0	0	0.560976
SRX5503031	TFs and others	Epitope tags	Kidney	293	13616	1470/2624	1/1	0	0	0.560213
SRX10657967	TFs and others	Epitope tags	Blood	NALM-6	19994	1469/2624	1/1	0	0	0.559832
SRX6913054	TFs and others	BRD2	Blood	THP-1	14238	1468/2624	1/1	0	0	0.559451
SRX063917	TFs and others	ERG	Breast	MCF-7	14218	1467/2624	1/1	0	0	0.55907
SRX1514979	TFs and others	GFP	Kidney	293	51888	1462/2624	1/1	0	0	0.557165
SRX10657966	TFs and others	Epitope tags	Blood	NALM-6	20345	1461/2624	1/1	0	0	0.556784
SRX2281252	TFs and others	KMT2A	Blood	SEM	7460	1461/2624	1/1	0	0	0.556784
SRX4374905	TFs and others	SMC1A	Breast	MB 157	28883	1460/2624	1/1	0	0	0.556402
SRX100515	TFs and others	YY1	Blood	K-562	26527	1459/2624	1/1	0	0	0.556021
SRX063918	TFs and others	ERG	Breast	MCF-7	15396	1454/2624	1/1	0	0	0.554116
SRX100543	TFs and others	YY1	Neural	SK-N-SH	19602	1452/2624	1/1	0	0	0.553354
SRX5770333	TFs and others	Epitope tags	Digestive tract	HCT 116	10537	1452/2624	1/1	0	0	0.553354
SRX1726514	TFs and others	TFDP1	Blood	MM.1S	7635	1447/2624	1/1	0	0	0.551448
SRX6060974	TFs and others	KLF5	Digestive tract	ESO-26	12778	1444/2624	1/1	0	0	0.550305
SRX5577161	TFs and others	AR	Prostate	LNCAP	16081	1443/2624	1/1	0	0	0.549924
SRX9523535	TFs and others	NABP2	Bone	HT-1080	12504	1443/2624	1/1	0	0	0.549924
SRX8299810	TFs and others	MYC	Bone	U2OS	14949	1440/2624	1/1	0	0	0.54878
SRX2375362	TFs and others	CDK9	Blood	MV-4-11	19266	1439/2624	1/1	0	0	0.548399
SRX6913057	TFs and others	BRD2	Blood	THP-1	12236	1437/2624	1/1	0	0	0.547637
SRX1514277	TFs and others	ERG	Blood	Kasumi-1	24468	1435/2624	1/1	0	0	0.546875
SRX4377538	TFs and others	BRD2	Breast	MDA-MB-231	16922	1431/2624	1/1	0	0	0.545351
SRX6913055	TFs and others	BRD2	Blood	THP-1	10062	1427/2624	1/1	0	0	0.543826
SRX6961669	TFs and others	SUPT5H	Digestive tract	HCT 116	13124	1419/2624	1/1	0	0	0.540777
SRX9730737	TFs and others	CPSF3L	Blood	THP-1	16114	1419/2624	1/1	0	0	0.540777
SRX4377529	TFs and others	BRD2	Breast	MDA-MB-231	14102	1418/2624	1/1	0	0	0.540396
SRX7214022	TFs and others	KLF3	Epidermis	Keratinocytes	15744	1417/2624	1/1	0	0	0.540015
SRX116438	TFs and others	KDM5B	Blood	K-562	15818	1416/2624	1/1	0	0	0.539634
SRX4377552	TFs and others	BRD2	Breast	MDA-MB-231	14067	1415/2624	1/1	0	0	0.539253
SRX7030930	TFs and others	NELFA	Breast	MCF-7	14210	1413/2624	1/1	0	0	0.538491
SRX116437	TFs and others	PHF8	Blood	K-562	21221	1411/2624	1/1	0	0	0.537729
SRX4377537	TFs and others	BRD2	Breast	MDA-MB-231	16171	1411/2624	1/1	0	0	0.537729
SRX1280451	TFs and others	NRF1	Breast	HCC1954	12889	1410/2624	1/1	0	0	0.537348
SRX3345950	TFs and others	CPSF3L	Blood	HL-60	12166	1407/2624	1/1	0	0	0.536204
SRX10333912	TFs and others	NELFA	Digestive tract	DLD-1	10941	1406/2624	1/1	0	0	0.535823
SRX190346	TFs and others	CREB1	Blood	K-562	11807	1405/2624	1/1	0	0	0.535442
SRX1013334	TFs and others	SMC1A	Liver	HuCCT1	62148	1404/2624	1/1	0	0	0.535061
SRX10333914	TFs and others	NELFA	Digestive tract	DLD-1	12641	1404/2624	1/1	0	0	0.535061
SRX3800332	TFs and others	STAG2	Others	RT-112	26517	1403/2624	1/1	0	0	0.53468
SRX4393709	TFs and others	GATA2	Blood	ME-1	16062	1400/2624	1/1	0	0	0.533537
SRX7549659	TFs and others	TFAP2C	Pluripotent stem cell	hESC UCLA1	27736	1397/2624	1/1	0	0	0.532393
SRX6102133	TFs and others	NELFE	Uterus	HeLa	14465	1395/2624	1/1	0	0	0.531631
SRX5503027	TFs and others	Epitope tags	Kidney	293	12908	1394/2624	1/1	0	0	0.53125
SRX116436	TFs and others	PHF8	Blood	K-562	20135	1393/2624	1/1	0	0	0.530869
SRX217738	TFs and others	TAF3	Digestive tract	HCT 116	12045	1393/2624	1/1	0	0	0.530869
SRX10382404	TFs and others	TET1	Pluripotent stem cell	hESC H1	20239	1391/2624	1/1	0	0	0.530107
SRX4824370	TFs and others	BRD4	Prostate	22Rv1	15773	1391/2624	1/1	0	0	0.530107
SRX8299811	TFs and others	MYC	Bone	U2OS	15496	1385/2624	1/1	0	0	0.52782
SRX8080571	TFs and others	POU2F1	Breast	Mammary gland ductal carcinoma	10476	1383/2624	1/1	0	0	0.527058
SRX6473438	TFs and others	Epitope tags	Pluripotent stem cell	hESC derived neural crests	23131	1382/2624	1/1	0	0	0.526677
SRX10338563	TFs and others	MYC	Blood	NALM-6	20908	1380/2624	1/1	0	0	0.525915
SRX3852895	TFs and others	NELFA	Blood	K-562	7839	1373/2624	1/1	0	0	0.523247
SRX6910069	TFs and others	PGR	Uterus	Uterin leiomyoma	14368	1372/2624	1/1	0	0	0.522866
SRX7214021	TFs and others	KLF3	Epidermis	Keratinocytes	15248	1371/2624	1/1	0	0	0.522485
SRX10045365	TFs and others	BAP1	Blood	THP-1	9177	1370/2624	1/1	0	0	0.522104
SRX2961562	TFs and others	STAT1	Blood	SET-2	23419	1369/2624	1/1	0	0	0.521723
SRX063922	TFs and others	ERG	Blood	K-562	20765	1367/2624	1/1	0	0	0.52096
SRX3800333	TFs and others	STAG2	Others	RT-112	27354	1367/2624	1/1	0	0	0.52096
SRX6102134	TFs and others	NELFE	Uterus	HeLa	14590	1367/2624	1/1	0	0	0.52096
SRX5824595	TFs and others	BRD2	Breast	SUM 159PT	8516	1362/2624	1/1	0	0	0.519055
SRX689470	TFs and others	BCL6	Blood	OCI-LY1	22733	1360/2624	1/1	0	0	0.518293
SRX2014504	TFs and others	RUNX1	Blood	Jurkat	33270	1357/2624	1/1	0	0	0.517149
SRX9730736	TFs and others	CPSF3L	Blood	THP-1	14757	1356/2624	1/1	0	0	0.516768
SRX2897208	TFs and others	ESR1	Breast	Breast cancer cells	26916	1353/2624	1/1	0	0	0.515625
SRX371437	TFs and others	ESR1	Others	Tumour tissues	23509	1351/2624	1/1	0	0	0.514863
SRX218418	TFs and others	GATA1	Blood	Erythroid Cells	25823	1348/2624	1/1	0	0	0.51372
SRX1280452	TFs and others	NRF1	Breast	HCC1955	11004	1347/2624	1/1	0	0	0.513338
SRX9867040	TFs and others	CTCF	Blood	CD4+ T cells	22754	1347/2624	1/1	0	0	0.513338
SRX9730740	TFs and others	BRD4	Blood	THP-1	23322	1340/2624	1/1	0	0	0.510671
SRX8299809	TFs and others	MYC	Bone	U2OS	13516	1339/2624	1/1	0	0	0.51029
SRX1079388	TFs and others	SUMO2	Prostate	VCaP	26648	1333/2624	1/1	0	0	0.508003
SRX6473437	TFs and others	Epitope tags	Pluripotent stem cell	hESC derived neural crests	25439	1325/2624	1/1	0	0	0.504954
SRX5624370	TFs and others	SREBF2	Blood	Macrophages	15569	1324/2624	1/1	0	0	0.504573
SRX9419925	TFs and others	BRD4	Breast	SK-BR-3	17676	1324/2624	1/1	0	0	0.504573
SRX9419955	TFs and others	BRD4	Breast	SK-BR-3	19008	1324/2624	1/1	0	0	0.504573
SRX9419962	TFs and others	MED1	Breast	SK-BR-3	21885	1324/2624	1/1	0	0	0.504573
SRX4377528	TFs and others	BRD2	Breast	MDA-MB-231	14167	1320/2624	1/1	0	0	0.503049
SRX7728608	TFs and others	EP300	Pluripotent stem cell	hESC H9	23691	1320/2624	1/1	0	0	0.503049
SRX4377551	TFs and others	BRD2	Breast	MDA-MB-231	14157	1319/2624	1/1	0	0	0.502668
SRX6102135	TFs and others	NELFE	Uterus	HeLa	13632	1319/2624	1/1	0	0	0.502668
SRX8949802	TFs and others	ASCL1	Unclassified	Unclassified	20597	1319/2624	1/1	0	0	0.502668
SRX4377530	TFs and others	BRD2	Breast	MDA-MB-231	12720	1318/2624	1/1	0	0	0.502287
SRX4377553	TFs and others	BRD2	Breast	MDA-MB-231	12730	1318/2624	1/1	0	0	0.502287
SRX1079385	TFs and others	SUMO2	Prostate	VCaP	41905	1316/2624	1/1	0	0	0.501524
SRX3434293	TFs and others	SKI	Blood	HL-60	38480	1314/2624	1/1	0	0	0.500762
SRX5234504	TFs and others	SMARCA4	Kidney	TTC1240	51118	1313/2624	1/1	0	0	0.500381
DRX000550	TFs and others	PARK7	Neural	SH-SY5Y	53	1/2624	0/1	0	0	inf
DRX001460	TFs and others	MLL-AF6	Blood	ML-2	168	1/2624	0/1	0	0	inf
DRX002911	TFs and others	LRIF1	Neural	hTERT RPE-1	651	3/2624	0/1	0	0	inf
DRX002912	TFs and others	SMCHD1	Neural	hTERT RPE-1	814	1/2624	0/1	0	0	inf
DRX002915	TFs and others	SMCHD1	Neural	hTERT RPE-1	412	1/2624	0/1	0	0	inf
DRX002918	TFs and others	LRIF1	Neural	hTERT RPE-1	683	2/2624	0/1	0	0	inf
DRX013180	TFs and others	CTCF	Digestive tract	DLD-1	28057	423/2624	0/1	0	0	inf
DRX013181	TFs and others	RAD21	Digestive tract	DLD-1	24238	199/2624	0/1	0	0	inf
DRX013190	TFs and others	CTCF	Kidney	293	34395	295/2624	0/1	0	0	inf
DRX013191	TFs and others	RAD21	Kidney	293	21163	207/2624	0/1	0	0	inf
DRX013200	TFs and others	CTCF	Uterus	HeLa	16841	235/2624	0/1	0	0	inf
DRX013201	TFs and others	RAD21	Uterus	HeLa	45919	453/2624	0/1	0	0	inf
DRX013210	TFs and others	CTCF	Breast	MCF-7	8198	74/2624	0/1	0	0	inf
DRX013211	TFs and others	RAD21	Breast	MCF-7	66	1/2624	0/1	0	0	inf
DRX021120	TFs and others	MBD4	Digestive tract	HCT 116	8014	1/2624	0/1	0	0	inf
DRX021253	TFs and others	GRWD1	Uterus	HeLa	100	1/2624	0/1	0	0	inf
DRX021254	TFs and others	GRWD1	Uterus	HeLa	65	1/2624	0/1	0	0	inf
DRX022350	TFs and others	TAF7	Kidney	293	305	8/2624	0/1	0	0	inf
DRX022353	TFs and others	ICE1	Kidney	293	720	1/2624	0/1	0	0	inf
DRX022354	TFs and others	ICE1	Kidney	293	731	1/2624	0/1	0	0	inf
DRX022355	TFs and others	ICE1	Kidney	293	552	1/2624	0/1	0	0	inf
DRX022357	TFs and others	MED26	Kidney	293	636	1/2624	0/1	0	0	inf
DRX022358	TFs and others	MED26	Kidney	293	660	1/2624	0/1	0	0	inf
DRX022359	TFs and others	MED26	Kidney	293	664	1/2624	0/1	0	0	inf
DRX044425	TFs and others	CTCF	Blood	T cells	27524	337/2624	0/1	0	0	inf
DRX044426	TFs and others	CTCF	Blood	T cells	27950	344/2624	0/1	0	0	inf
DRX051430	TFs and others	CTNNB1	Digestive tract	DLD-1	431	1/2624	0/1	0	0	inf
DRX059607	TFs and others	MLLT6	Blood	HB1119	545	1/2624	0/1	0	0	inf
DRX059608	TFs and others	AFF1	Blood	HB1119	858	3/2624	0/1	0	0	inf
DRX059609	TFs and others	BMI1	Blood	HB1119	559	10/2624	0/1	0	0	inf
DRX059610	TFs and others	CBX8	Blood	HB1119	793	3/2624	0/1	0	0	inf
DRX059611	TFs and others	DOT1L	Blood	HB1119	637	1/2624	0/1	0	0	inf
DRX059612	TFs and others	KMT2B	Blood	HB1119	811	2/2624	0/1	0	0	inf
DRX059613	TFs and others	TAF1C	Blood	HB1119	650	1/2624	0/1	0	0	inf
DRX059614	TFs and others	KMT2B	Blood	HB1119	3873	198/2624	0/1	0	0	inf
DRX059615	TFs and others	KMT2B	Blood	HB1119	3762	148/2624	0/1	0	0	inf
DRX059624	TFs and others	DOT1L	Kidney	293	1045	2/2624	0/1	0	0	inf
DRX059627	TFs and others	CBX8	Kidney	293	746	1/2624	0/1	0	0	inf
DRX059628	TFs and others	BMI1	Kidney	293	704	1/2624	0/1	0	0	inf
DRX059630	TFs and others	MLLT1	Kidney	293	718	1/2624	0/1	0	0	inf
DRX059632	TFs and others	TAF1C	Kidney	293	563	1/2624	0/1	0	0	inf
DRX059635	TFs and others	AFF1	Kidney	293	476	1/2624	0/1	0	0	inf
DRX059637	TFs and others	MLLT6	Kidney	293	1436	1/2624	0/1	0	0	inf
DRX069273	TFs and others	RAD51	Digestive tract	HCT 116	328	2/2624	0/1	0	0	inf
DRX069274	TFs and others	POLQ	Digestive tract	HCT 116	368	2/2624	0/1	0	0	inf
DRX069275	TFs and others	POLH	Digestive tract	HCT 116	374	2/2624	0/1	0	0	inf
DRX090760	TFs and others	RAD51	Digestive tract	HCT 116	131	1/2624	0/1	0	0	inf
DRX090761	TFs and others	POLQ	Digestive tract	HCT 116	143	1/2624	0/1	0	0	inf
DRX090762	TFs and others	POLH	Digestive tract	HCT 116	122	1/2624	0/1	0	0	inf
DRX135461	TFs and others	TP53	Lung	NCI-H1299	999	1/2624	0/1	0	0	inf
DRX135462	TFs and others	TP53	Lung	NCI-H1299	1474	4/2624	0/1	0	0	inf
DRX144853	TFs and others	RUNX2	Blood	CAL-1	920	40/2624	0/1	0	0	inf
DRX156329	TFs and others	MGMT	Neural	U-87 MG	113	1/2624	0/1	0	0	inf
DRX156330	TFs and others	MGMT	Neural	U-87 MG	210	1/2624	0/1	0	0	inf
DRX156331	TFs and others	MGMT	Neural	U-87 MG	195	1/2624	0/1	0	0	inf
DRX156332	TFs and others	MGMT	Neural	U-87 MG	234	1/2624	0/1	0	0	inf
DRX156347	TFs and others	MGMT	Neural	U-87 MG	602	6/2624	0/1	0	0	inf
DRX156348	TFs and others	MGMT	Neural	U-87 MG	2754	49/2624	0/1	0	0	inf
DRX156349	TFs and others	MGMT	Neural	U-87 MG	812	16/2624	0/1	0	0	inf
DRX156350	TFs and others	MGMT	Neural	U-87 MG	1689	42/2624	0/1	0	0	inf
DRX227594	TFs and others	LDB2	Pluripotent stem cell	iPS derived neural cells	2553	95/2624	0/1	0	0	inf
DRX231251	TFs and others	Epitope tags	Kidney	293	127	1/2624	0/1	0	0	inf
DRX231252	TFs and others	Epitope tags	Kidney	293	140	1/2624	0/1	0	0	inf
DRX231254	TFs and others	Epitope tags	Kidney	293	172	1/2624	0/1	0	0	inf
DRX231255	TFs and others	Epitope tags	Kidney	293	156	1/2624	0/1	0	0	inf
DRX231257	TFs and others	Epitope tags	Kidney	293	120	1/2624	0/1	0	0	inf
DRX231258	TFs and others	Epitope tags	Kidney	293	146	1/2624	0/1	0	0	inf
DRX234801	TFs and others	KAT7	Blood	HB1119	667	1/2624	0/1	0	0	inf
DRX234802	TFs and others	JADE3	Blood	HB1119	580	2/2624	0/1	0	0	inf
DRX234803	TFs and others	MEAF6	Blood	HB1119	597	1/2624	0/1	0	0	inf
DRX234804	TFs and others	ING4	Blood	HB1119	619	1/2624	0/1	0	0	inf
DRX234808	TFs and others	KAT7	Kidney	293	1700	2/2624	0/1	0	0	inf
DRX234809	TFs and others	JADE3	Kidney	293	3749	32/2624	0/1	0	0	inf
DRX234810	TFs and others	ING4	Kidney	293	532	1/2624	0/1	0	0	inf
DRX234811	TFs and others	MEAF6	Kidney	293	13230	412/2624	0/1	0	0	inf
DRX234812	TFs and others	MLLT1	Kidney	293	494	1/2624	0/1	0	0	inf
DRX300406	TFs and others	KAT7	Blood	HB1119	330	1/2624	0/1	0	0	inf
DRX300407	TFs and others	JADE3	Blood	HB1119	424	2/2624	0/1	0	0	inf
DRX300408	TFs and others	MEAF6	Blood	HB1119	871	2/2624	0/1	0	0	inf
DRX300409	TFs and others	ING4	Blood	HB1119	411	1/2624	0/1	0	0	inf
DRX300414	TFs and others	KAT7	Kidney	293	1025	2/2624	0/1	0	0	inf
DRX300415	TFs and others	JADE3	Kidney	293	11306	233/2624	0/1	0	0	inf
DRX300416	TFs and others	ING4	Kidney	293	538	1/2624	0/1	0	0	inf
DRX300417	TFs and others	MEAF6	Kidney	293	11185	129/2624	0/1	0	0	inf
DRX300418	TFs and others	MLLT1	Kidney	293	374	1/2624	0/1	0	0	inf
ERX026986	TFs and others	T	No description	NA	573	3/2624	0/1	0	0	inf
ERX026987	TFs and others	T	No description	NA	1724	7/2624	0/1	0	0	inf
ERX1035594	TFs and others	FOXP1	Blood	RC-K8	568	1/2624	0/1	0	0	inf
ERX1035596	TFs and others	FOXP1	Blood	SU-DHL-4	795	1/2624	0/1	0	0	inf
ERX1035598	TFs and others	FOXP1	Blood	SU-DHL-6	2693	15/2624	0/1	0	0	inf
ERX1035600	TFs and others	FOXP1	Blood	U-2932	3914	24/2624	0/1	0	0	inf
ERX1087819	TFs and others	SMC3	Blood	U-937	19	1/2624	0/1	0	0	inf
ERX1087820	TFs and others	SMC3	Blood	U-937	20	1/2624	0/1	0	0	inf
ERX1149048	TFs and others	CTCF	Blood	HEL 92.1.7	162	1/2624	0/1	0	0	inf
ERX1149049	TFs and others	CTCF	Blood	HEL 92.1.7	26689	386/2624	0/1	0	0	inf
ERX1149050	TFs and others	CTCF	Blood	MEG-01	36109	454/2624	0/1	0	0	inf
ERX1149051	TFs and others	CTCF	Unclassified	Unclassified	152	1/2624	0/1	0	0	inf
ERX1149052	TFs and others	CTCF	Unclassified	Unclassified	31306	463/2624	0/1	0	0	inf
ERX1149053	TFs and others	CTCF	Unclassified	Unclassified	24658	405/2624	0/1	0	0	inf
ERX1149054	TFs and others	CTCF	Blood	KU812	171	1/2624	0/1	0	0	inf
ERX1149055	TFs and others	CTCF	Blood	KU812	216	1/2624	0/1	0	0	inf
ERX1149056	TFs and others	CTCF	Blood	KU812	195	1/2624	0/1	0	0	inf
ERX1149057	TFs and others	CTCF	Blood	K-562	746	19/2624	0/1	0	0	inf
ERX1149058	TFs and others	CTCF	Blood	K-562	1486	48/2624	0/1	0	0	inf
ERX1149059	TFs and others	CTCF	Blood	HEL 92.1.7	2324	76/2624	0/1	0	0	inf
ERX1149060	TFs and others	CTCF	Blood	MEG-01	335	2/2624	0/1	0	0	inf
ERX1149061	TFs and others	CTCF	Unclassified	Unclassified	8842	203/2624	0/1	0	0	inf
ERX1149062	TFs and others	CTCF	Blood	KU812	17455	294/2624	0/1	0	0	inf
ERX1149063	TFs and others	CTCF	Blood	HEL 92.1.7	164	1/2624	0/1	0	0	inf
ERX1149064	TFs and others	CTCF	Blood	HEL 92.1.7	26695	388/2624	0/1	0	0	inf
ERX1149065	TFs and others	CTCF	Blood	MEG-01	36023	460/2624	0/1	0	0	inf
ERX1149066	TFs and others	CTCF	Unclassified	Unclassified	152	1/2624	0/1	0	0	inf
ERX1149067	TFs and others	CTCF	Unclassified	Unclassified	31203	465/2624	0/1	0	0	inf
ERX1149068	TFs and others	CTCF	Unclassified	Unclassified	24564	398/2624	0/1	0	0	inf
ERX1149069	TFs and others	CTCF	Blood	KU812	171	1/2624	0/1	0	0	inf
ERX1149070	TFs and others	CTCF	Blood	KU812	218	2/2624	0/1	0	0	inf
ERX1149071	TFs and others	CTCF	Blood	KU812	203	1/2624	0/1	0	0	inf
ERX1149072	TFs and others	CTCF	Blood	K-562	748	19/2624	0/1	0	0	inf
ERX1149073	TFs and others	CTCF	Blood	K-562	1471	45/2624	0/1	0	0	inf
ERX1149074	TFs and others	CTCF	Blood	HEL 92.1.7	2299	79/2624	0/1	0	0	inf
ERX1149075	TFs and others	CTCF	Blood	MEG-01	332	1/2624	0/1	0	0	inf
ERX1149076	TFs and others	CTCF	Unclassified	Unclassified	8788	200/2624	0/1	0	0	inf
ERX1149077	TFs and others	CTCF	Blood	KU812	17369	297/2624	0/1	0	0	inf
ERX1149078	TFs and others	CTCF	Blood	HEL 92.1.7	155	1/2624	0/1	0	0	inf
ERX1149079	TFs and others	CTCF	Blood	HEL 92.1.7	26763	398/2624	0/1	0	0	inf
ERX1149080	TFs and others	CTCF	Blood	MEG-01	36040	461/2624	0/1	0	0	inf
ERX1149081	TFs and others	CTCF	Unclassified	Unclassified	153	1/2624	0/1	0	0	inf
ERX1149082	TFs and others	CTCF	Unclassified	Unclassified	31167	465/2624	0/1	0	0	inf
ERX1149083	TFs and others	CTCF	Unclassified	Unclassified	24574	402/2624	0/1	0	0	inf
ERX1149084	TFs and others	CTCF	Blood	KU812	168	1/2624	0/1	0	0	inf
ERX1149085	TFs and others	CTCF	Blood	KU812	234	1/2624	0/1	0	0	inf
ERX1149086	TFs and others	CTCF	Blood	KU812	200	1/2624	0/1	0	0	inf
ERX1149087	TFs and others	CTCF	Blood	K-562	712	17/2624	0/1	0	0	inf
ERX1149088	TFs and others	CTCF	Blood	K-562	1521	49/2624	0/1	0	0	inf
ERX1149089	TFs and others	CTCF	Blood	HEL 92.1.7	2232	79/2624	0/1	0	0	inf
ERX1149090	TFs and others	CTCF	Blood	MEG-01	328	2/2624	0/1	0	0	inf
ERX1149091	TFs and others	CTCF	Unclassified	Unclassified	8757	196/2624	0/1	0	0	inf
ERX1149092	TFs and others	CTCF	Blood	KU812	17386	293/2624	0/1	0	0	inf
ERX1149093	TFs and others	CTCF	Blood	HEL 92.1.7	156	1/2624	0/1	0	0	inf
ERX1149094	TFs and others	CTCF	Blood	HEL 92.1.7	26739	391/2624	0/1	0	0	inf
ERX1149095	TFs and others	CTCF	Blood	MEG-01	36071	465/2624	0/1	0	0	inf
ERX1149096	TFs and others	CTCF	Unclassified	Unclassified	145	1/2624	0/1	0	0	inf
ERX1149097	TFs and others	CTCF	Unclassified	Unclassified	31195	467/2624	0/1	0	0	inf
ERX1149098	TFs and others	CTCF	Unclassified	Unclassified	11647	258/2624	0/1	0	0	inf
ERX1149099	TFs and others	CTCF	Blood	KU812	167	1/2624	0/1	0	0	inf
ERX1149100	TFs and others	CTCF	Blood	KU812	224	3/2624	0/1	0	0	inf
ERX1149101	TFs and others	CTCF	Blood	KU812	190	1/2624	0/1	0	0	inf
ERX1149102	TFs and others	CTCF	Blood	K-562	741	16/2624	0/1	0	0	inf
ERX1149103	TFs and others	CTCF	Blood	K-562	1462	41/2624	0/1	0	0	inf
ERX1149104	TFs and others	CTCF	Blood	HEL 92.1.7	2356	72/2624	0/1	0	0	inf
ERX1149105	TFs and others	CTCF	Blood	MEG-01	309	3/2624	0/1	0	0	inf
ERX1149106	TFs and others	CTCF	Unclassified	Unclassified	8803	194/2624	0/1	0	0	inf
ERX1149107	TFs and others	CTCF	Blood	KU812	17423	303/2624	0/1	0	0	inf
ERX1149108	TFs and others	CTCF	Blood	HEL 92.1.7	163	1/2624	0/1	0	0	inf
ERX1149109	TFs and others	CTCF	Blood	HEL 92.1.7	26682	387/2624	0/1	0	0	inf
ERX1149110	TFs and others	CTCF	Blood	MEG-01	36151	463/2624	0/1	0	0	inf
ERX1149111	TFs and others	CTCF	Unclassified	Unclassified	151	1/2624	0/1	0	0	inf
ERX1149112	TFs and others	CTCF	Unclassified	Unclassified	31261	462/2624	0/1	0	0	inf
ERX1149113	TFs and others	CTCF	Unclassified	Unclassified	24560	405/2624	0/1	0	0	inf
ERX1149115	TFs and others	CTCF	Blood	KU812	211	1/2624	0/1	0	0	inf
ERX1149116	TFs and others	CTCF	Blood	KU812	199	1/2624	0/1	0	0	inf
ERX1149117	TFs and others	CTCF	Blood	K-562	731	18/2624	0/1	0	0	inf
ERX1149118	TFs and others	CTCF	Blood	K-562	1474	40/2624	0/1	0	0	inf
ERX1149119	TFs and others	CTCF	Blood	HEL 92.1.7	2264	67/2624	0/1	0	0	inf
ERX1149120	TFs and others	CTCF	Blood	MEG-01	338	4/2624	0/1	0	0	inf
ERX1149121	TFs and others	CTCF	Unclassified	Unclassified	8834	186/2624	0/1	0	0	inf
ERX1149122	TFs and others	CTCF	Blood	KU812	17444	299/2624	0/1	0	0	inf
ERX1234993	TFs and others	TAF3	Liver	Hep G2	3716	33/2624	0/1	0	0	inf
ERX1234994	TFs and others	TAF3	Liver	Hep G2	360	2/2624	0/1	0	0	inf
ERX1276009	TFs and others	CTCF	Blood	UT-7	4269	143/2624	0/1	0	0	inf
ERX1276010	TFs and others	CTCF	Blood	UT-7	6347	171/2624	0/1	0	0	inf
ERX1276027	TFs and others	CTCF	Blood	UT-7	2853	98/2624	0/1	0	0	inf
ERX1276028	TFs and others	CTCF	Blood	UT-7	12639	263/2624	0/1	0	0	inf
ERX1276045	TFs and others	CTCF	Blood	UT-7	9009	226/2624	0/1	0	0	inf
ERX1276046	TFs and others	CTCF	Blood	UT-7	12762	271/2624	0/1	0	0	inf
ERX181465	TFs and others	TP53	Bone	Saos-2	4879	22/2624	0/1	0	0	inf
ERX181466	TFs and others	TP53	Bone	Saos-2	935	1/2624	0/1	0	0	inf
ERX181467	TFs and others	TP53	Bone	Saos-2	17048	84/2624	0/1	0	0	inf
ERX181468	TFs and others	TP53	Bone	Saos-2	2022	10/2624	0/1	0	0	inf
ERX181469	TFs and others	TP53	Bone	Saos-2	1562	5/2624	0/1	0	0	inf
ERX200492	TFs and others	CTCF	Blood	B cells	8599	211/2624	0/1	0	0	inf
ERX200493	TFs and others	CTCF	Blood	B cells	8743	193/2624	0/1	0	0	inf
ERX200494	TFs and others	CTCF	Blood	B cells	4898	151/2624	0/1	0	0	inf
ERX200495	TFs and others	CTCF	Blood	B cells	31217	516/2624	0/1	0	0	inf
ERX200496	TFs and others	CTCF	Blood	B cells	9167	248/2624	0/1	0	0	inf
ERX200497	TFs and others	CTCF	Blood	B cells	349	6/2624	0/1	0	0	inf
ERX200498	TFs and others	CTCF	Blood	B cells	338	1/2624	0/1	0	0	inf
ERX200499	TFs and others	CTCF	Blood	B cells	21655	397/2624	0/1	0	0	inf
ERX200500	TFs and others	CTCF	Blood	B cells	11020	206/2624	0/1	0	0	inf
ERX200501	TFs and others	CTCF	Blood	B cells	267	2/2624	0/1	0	0	inf
ERX200502	TFs and others	CTCF	Blood	B cells	4343	90/2624	0/1	0	0	inf
ERX200503	TFs and others	CTCF	Blood	B cells	29739	428/2624	0/1	0	0	inf
ERX200504	TFs and others	CTCF	Blood	B cells	2107	55/2624	0/1	0	0	inf
ERX200505	TFs and others	CTCF	Blood	B cells	5218	73/2624	0/1	0	0	inf
ERX200506	TFs and others	CTCF	Blood	B cells	18906	279/2624	0/1	0	0	inf
ERX200507	TFs and others	CTCF	Blood	B cells	3357	67/2624	0/1	0	0	inf
ERX200508	TFs and others	CTCF	Blood	B cells	18302	237/2624	0/1	0	0	inf
ERX200509	TFs and others	CTCF	Blood	B cells	253	2/2624	0/1	0	0	inf
ERX200512	TFs and others	CTCF	Blood	B cells	20301	203/2624	0/1	0	0	inf
ERX200513	TFs and others	CTCF	Blood	B cells	8308	64/2624	0/1	0	0	inf
ERX200514	TFs and others	CTCF	Blood	B cells	26548	365/2624	0/1	0	0	inf
ERX200515	TFs and others	CTCF	Blood	B cells	10717	173/2624	0/1	0	0	inf
ERX200526	TFs and others	CTCF	Blood	B cells	907	12/2624	0/1	0	0	inf
ERX200532	TFs and others	CTCF	Blood	B cells	2111	24/2624	0/1	0	0	inf
ERX200534	TFs and others	CTCF	Blood	B cells	6442	169/2624	0/1	0	0	inf
ERX200535	TFs and others	CTCF	Blood	B cells	11149	230/2624	0/1	0	0	inf
ERX200536	TFs and others	CTCF	Blood	B cells	28583	342/2624	0/1	0	0	inf
ERX200537	TFs and others	CTCF	Blood	B cells	21330	191/2624	0/1	0	0	inf
ERX200540	TFs and others	CTCF	Blood	B cells	376	1/2624	0/1	0	0	inf
ERX200543	TFs and others	CTCF	Blood	B cells	26149	425/2624	0/1	0	0	inf
ERX2242375	TFs and others	BCL11A	Breast	Breast cells	326	1/2624	0/1	0	0	inf
ERX2242379	TFs and others	BCL11A	Breast	Mammary epithelial cells	54	1/2624	0/1	0	0	inf
ERX2242380	TFs and others	CHD8	Breast	Mammary epithelial cells	38	1/2624	0/1	0	0	inf
ERX2242381	TFs and others	ARID1A	Breast	Mammary epithelial cells	57	1/2624	0/1	0	0	inf
ERX2242385	TFs and others	BCL11A	Breast	Mammary epithelial cells	136	1/2624	0/1	0	0	inf
ERX2242386	TFs and others	CHD8	Breast	Mammary epithelial cells	38	1/2624	0/1	0	0	inf
ERX2242387	TFs and others	ARID1A	Breast	Mammary epithelial cells	117	1/2624	0/1	0	0	inf
ERX2242391	TFs and others	BCL11A	Breast	Mammary epithelial cells	55	1/2624	0/1	0	0	inf
ERX2242392	TFs and others	CHD8	Breast	Mammary epithelial cells	44	1/2624	0/1	0	0	inf
ERX2242393	TFs and others	ARID1A	Breast	Mammary epithelial cells	67	1/2624	0/1	0	0	inf
ERX2242397	TFs and others	BCL11A	Breast	Mammary epithelial cells	145	1/2624	0/1	0	0	inf
ERX2242398	TFs and others	CHD8	Breast	Mammary epithelial cells	43	1/2624	0/1	0	0	inf
ERX2242399	TFs and others	ARID1A	Breast	Mammary epithelial cells	129	1/2624	0/1	0	0	inf
ERX2242403	TFs and others	BCL11A	Breast	Mammary epithelial cells	53	1/2624	0/1	0	0	inf
ERX2242404	TFs and others	CHD8	Breast	Mammary epithelial cells	364	1/2624	0/1	0	0	inf
ERX2242405	TFs and others	BCL11A	Breast	Mammary epithelial cells	456	1/2624	0/1	0	0	inf
ERX2242406	TFs and others	CHD8	Breast	Mammary epithelial cells	76	1/2624	0/1	0	0	inf
ERX2242409	TFs and others	ARID1A	Breast	Mammary epithelial cells	240	1/2624	0/1	0	0	inf
ERX2242411	TFs and others	ARID1A	Breast	Mammary epithelial cells	30	1/2624	0/1	0	0	inf
ERX2242414	TFs and others	ARID1A	Breast	Mammary epithelial cells	232	1/2624	0/1	0	0	inf
ERX2260037	TFs and others	BCL11A	Lung	Lung cancer	569	1/2624	0/1	0	0	inf
ERX2260038	TFs and others	SOX2	Lung	Lung cancer	565	1/2624	0/1	0	0	inf
ERX2260039	TFs and others	BCL11A	Lung	Lung cancer	566	1/2624	0/1	0	0	inf
ERX2260040	TFs and others	SOX2	Lung	Lung cancer	674	2/2624	0/1	0	0	inf
ERX2260043	TFs and others	BCL11A	Lung	Lung cancer	571	1/2624	0/1	0	0	inf
ERX2260044	TFs and others	SOX2	Lung	Lung cancer	586	1/2624	0/1	0	0	inf
ERX2260045	TFs and others	BCL11A	Lung	Lung cancer	579	1/2624	0/1	0	0	inf
ERX2260046	TFs and others	SOX2	Lung	Lung cancer	655	2/2624	0/1	0	0	inf
ERX2868710	TFs and others	CTCF	Lung	A549	36314	489/2624	0/1	0	0	inf
ERX2868711	TFs and others	CTCF	Lung	BEAS-2B	27545	402/2624	0/1	0	0	inf
ERX2868712	TFs and others	CTCF	Lung	BEAS-2B	33554	479/2624	0/1	0	0	inf
ERX2868713	TFs and others	CTCF	Unclassified	Unclassified	42020	635/2624	0/1	0	0	inf
ERX2868714	TFs and others	CTCF	Blood	HEL 92.1.7	44012	489/2624	0/1	0	0	inf
ERX2868715	TFs and others	CTCF	Blood	K-562	36473	508/2624	0/1	0	0	inf
ERX2868716	TFs and others	CTCF	Blood	K-562	38175	502/2624	0/1	0	0	inf
ERX2868717	TFs and others	CTCF	Blood	MEG-01	32349	417/2624	0/1	0	0	inf
ERX2869656	TFs and others	CTCF	Lung	A549	32522	421/2624	0/1	0	0	inf
ERX2869660	TFs and others	CTCF	Lung	A549	766	3/2624	0/1	0	0	inf
ERX2869664	TFs and others	CTCF	Lung	BEAS-2B	801	1/2624	0/1	0	0	inf
ERX2869668	TFs and others	CTCF	Lung	BEAS-2B	753	2/2624	0/1	0	0	inf
ERX371659	TFs and others	BCL11A	Breast	Mammary epithelial cells	12	1/2624	0/1	0	0	inf
ERX371660	TFs and others	BRD4	Breast	Mammary epithelial cells	164	1/2624	0/1	0	0	inf
ERX371663	TFs and others	BCL11A	Breast	Mammary epithelial cells	99	1/2624	0/1	0	0	inf
ERX371664	TFs and others	BRD4	Breast	Mammary epithelial cells	90	1/2624	0/1	0	0	inf
ERX371667	TFs and others	BCL11A	Breast	Mammary epithelial cells	96	1/2624	0/1	0	0	inf
ERX371671	TFs and others	BRD4	Breast	Mammary epithelial cells	160	1/2624	0/1	0	0	inf
ERX371674	TFs and others	BCL11A	Breast	Mammary epithelial cells	10	1/2624	0/1	0	0	inf
ERX371675	TFs and others	BRD4	Breast	Mammary epithelial cells	96	1/2624	0/1	0	0	inf
ERX371678	TFs and others	BCL11A	Breast	Mammary epithelial cells	94	1/2624	0/1	0	0	inf
ERX371679	TFs and others	BRD4	Breast	Mammary epithelial cells	83	1/2624	0/1	0	0	inf
ERX371682	TFs and others	BCL11A	Breast	Mammary epithelial cells	11	1/2624	0/1	0	0	inf
ERX371683	TFs and others	BRD4	Breast	Mammary epithelial cells	63	1/2624	0/1	0	0	inf
ERX371686	TFs and others	BRD4	Breast	Mammary epithelial cells	23	1/2624	0/1	0	0	inf
ERX371689	TFs and others	BCL11A	Breast	Mammary epithelial cells	13	1/2624	0/1	0	0	inf
ERX371690	TFs and others	BRD4	Breast	Mammary epithelial cells	90	1/2624	0/1	0	0	inf
ERX371693	TFs and others	BCL11A	Breast	Mammary epithelial cells	114	1/2624	0/1	0	0	inf
ERX371694	TFs and others	BRD4	Breast	Mammary epithelial cells	76	1/2624	0/1	0	0	inf
ERX371697	TFs and others	BCL11A	Breast	Mammary epithelial cells	125	1/2624	0/1	0	0	inf
ERX371701	TFs and others	BRD4	Breast	Mammary epithelial cells	219	1/2624	0/1	0	0	inf
ERX371704	TFs and others	BCL11A	Breast	Mammary epithelial cells	11	1/2624	0/1	0	0	inf
ERX371705	TFs and others	BRD4	Breast	Mammary epithelial cells	206	1/2624	0/1	0	0	inf
ERX371708	TFs and others	BCL11A	Breast	Mammary epithelial cells	116	1/2624	0/1	0	0	inf
ERX371709	TFs and others	BRD4	Breast	Mammary epithelial cells	108	1/2624	0/1	0	0	inf
ERX371712	TFs and others	BCL11A	Breast	Mammary epithelial cells	125	1/2624	0/1	0	0	inf
ERX371713	TFs and others	BRD4	Breast	Mammary epithelial cells	1064	1/2624	0/1	0	0	inf
ERX371716	TFs and others	BRD4	Breast	Mammary epithelial cells	212	1/2624	0/1	0	0	inf
ERX470433	TFs and others	NRIP1	Breast	MCF-7	10224	254/2624	0/1	0	0	inf
ERX470434	TFs and others	NRIP1	Breast	MCF-7	3849	48/2624	0/1	0	0	inf
ERX470435	TFs and others	NRIP1	Breast	MCF-7	8823	89/2624	0/1	0	0	inf
ERX470436	TFs and others	NRIP1	Breast	MCF-7	17515	246/2624	0/1	0	0	inf
ERX626782	TFs and others	SPI1	Blood	HL-60	10423	53/2624	0/1	0	0	inf
ERX626783	TFs and others	CEBPE	Blood	HL-60	264	4/2624	0/1	0	0	inf
ERX626785	TFs and others	MED1	Blood	K-562	73	1/2624	0/1	0	0	inf
ERX626786	TFs and others	SPI1	Blood	HL-60	1332	5/2624	0/1	0	0	inf
ERX626787	TFs and others	CTCF	Blood	HL-60	5581	142/2624	0/1	0	0	inf
ERX626789	TFs and others	SMC3	Blood	HL-60	314	1/2624	0/1	0	0	inf
ERX626791	TFs and others	EP300	Blood	HL-60	898	28/2624	0/1	0	0	inf
ERX626792	TFs and others	CTCF	Blood	U-937	51	1/2624	0/1	0	0	inf
ERX626793	TFs and others	SMC3	Blood	U-937	12	1/2624	0/1	0	0	inf
ERX626794	TFs and others	EP300	Blood	U-937	42	1/2624	0/1	0	0	inf
ERX626795	TFs and others	RAD21	Blood	HL-60	396	5/2624	0/1	0	0	inf
ERX626796	TFs and others	CTCF	Blood	HL-60	298	1/2624	0/1	0	0	inf
ERX626797	TFs and others	CTCF	Blood	HL-60	5777	150/2624	0/1	0	0	inf
ERX626799	TFs and others	SMC3	Blood	HL-60	324	2/2624	0/1	0	0	inf
ERX626801	TFs and others	EP300	Blood	HL-60	899	26/2624	0/1	0	0	inf
ERX626802	TFs and others	CTCF	Blood	U-937	385	1/2624	0/1	0	0	inf
ERX626803	TFs and others	SMC3	Blood	U-937	12	1/2624	0/1	0	0	inf
ERX626804	TFs and others	EP300	Blood	U-937	44	1/2624	0/1	0	0	inf
ERX626805	TFs and others	RAD21	Blood	HL-60	418	10/2624	0/1	0	0	inf
ERX626806	TFs and others	CTCF	Blood	HL-60	300	1/2624	0/1	0	0	inf
ERX626807	TFs and others	SPI1	Blood	U-937	1720	5/2624	0/1	0	0	inf
ERX626809	TFs and others	CTCF	Blood	U-937	161	1/2624	0/1	0	0	inf
ERX626810	TFs and others	RAD21	Blood	U-937	477	1/2624	0/1	0	0	inf
ERX626811	TFs and others	EP300	Blood	U-937	7205	67/2624	0/1	0	0	inf
ERX626812	TFs and others	SMC3	Blood	U-937	342	1/2624	0/1	0	0	inf
ERX626815	TFs and others	SPI1	Blood	U-937	67	1/2624	0/1	0	0	inf
ERX626816	TFs and others	RAD21	Blood	U-937	130	1/2624	0/1	0	0	inf
ERX626817	TFs and others	SPI1	Blood	U-937	1747	3/2624	0/1	0	0	inf
ERX626819	TFs and others	CTCF	Blood	U-937	171	1/2624	0/1	0	0	inf
ERX626820	TFs and others	RAD21	Blood	U-937	279	1/2624	0/1	0	0	inf
ERX626821	TFs and others	EP300	Blood	U-937	7247	67/2624	0/1	0	0	inf
ERX626822	TFs and others	SMC3	Blood	U-937	337	1/2624	0/1	0	0	inf
ERX626825	TFs and others	SPI1	Blood	U-937	63	1/2624	0/1	0	0	inf
ERX626826	TFs and others	RAD21	Blood	U-937	141	1/2624	0/1	0	0	inf
ERX626828	TFs and others	TAL1	Blood	CHRF-288-11	1400	2/2624	0/1	0	0	inf
ERX626829	TFs and others	GATA1	Blood	CHRF-288-11	170	1/2624	0/1	0	0	inf
ERX626831	TFs and others	TAL1	Blood	CHRF-288-11	702	2/2624	0/1	0	0	inf
ERX626832	TFs and others	GATA1	Blood	CHRF-288-11	169	1/2624	0/1	0	0	inf
ERX626834	TFs and others	TAL1	Blood	CHRF-288-11	4815	9/2624	0/1	0	0	inf
ERX626835	TFs and others	GATA1	Blood	CHRF-288-11	128	1/2624	0/1	0	0	inf
ERX626836	TFs and others	RAD21	Blood	CHRF-288-11	148	2/2624	0/1	0	0	inf
ERX626838	TFs and others	CTCF	Blood	CHRF-288-11	1337	27/2624	0/1	0	0	inf
ERX626840	TFs and others	TAL1	Blood	CHRF-288-11	1417	2/2624	0/1	0	0	inf
ERX626841	TFs and others	GATA1	Blood	CHRF-288-11	168	1/2624	0/1	0	0	inf
ERX626843	TFs and others	TAL1	Blood	CHRF-288-11	717	1/2624	0/1	0	0	inf
ERX626844	TFs and others	GATA1	Blood	CHRF-288-11	166	1/2624	0/1	0	0	inf
ERX626846	TFs and others	TAL1	Blood	CHRF-288-11	4865	11/2624	0/1	0	0	inf
ERX626847	TFs and others	GATA1	Blood	CHRF-288-11	125	1/2624	0/1	0	0	inf
ERX626848	TFs and others	RAD21	Blood	CHRF-288-11	173	1/2624	0/1	0	0	inf
ERX626850	TFs and others	CTCF	Blood	CHRF-288-11	1372	36/2624	0/1	0	0	inf
ERX626851	TFs and others	SPI1	Blood	U-937	6014	35/2624	0/1	0	0	inf
ERX626852	TFs and others	CEBPA	Blood	U-937	2667	6/2624	0/1	0	0	inf
ERX626853	TFs and others	SP1	Blood	HL-60	243	1/2624	0/1	0	0	inf
ERX626854	TFs and others	SP1	Blood	HL-60	276	1/2624	0/1	0	0	inf
ERX626855	TFs and others	SPI1	Blood	U-937	4081	24/2624	0/1	0	0	inf
ERX626856	TFs and others	SPI1	Blood	U-937	6787	79/2624	0/1	0	0	inf
ERX626857	TFs and others	SP1	Blood	HL-60	186	1/2624	0/1	0	0	inf
ERX626858	TFs and others	CEBPE	Blood	HL-60	238	1/2624	0/1	0	0	inf
ERX626859	TFs and others	RUNX1	Blood	HL-60	193	1/2624	0/1	0	0	inf
ERX626861	TFs and others	EP300	Blood	HL-60	164	1/2624	0/1	0	0	inf
ERX626862	TFs and others	GATA2	Blood	HL-60	249	1/2624	0/1	0	0	inf
ERX626863	TFs and others	SPI1	Blood	HL-60	1552	10/2624	0/1	0	0	inf
ERX626864	TFs and others	SPI1	Blood	U-937	6164	39/2624	0/1	0	0	inf
ERX626865	TFs and others	CEBPA	Blood	U-937	2737	4/2624	0/1	0	0	inf
ERX626866	TFs and others	SP1	Blood	HL-60	236	1/2624	0/1	0	0	inf
ERX626867	TFs and others	SP1	Blood	HL-60	284	1/2624	0/1	0	0	inf
ERX626868	TFs and others	SPI1	Blood	U-937	4125	18/2624	0/1	0	0	inf
ERX626869	TFs and others	SPI1	Blood	U-937	12893	118/2624	0/1	0	0	inf
ERX626870	TFs and others	SP1	Blood	HL-60	187	1/2624	0/1	0	0	inf
ERX626871	TFs and others	CEBPE	Blood	HL-60	232	1/2624	0/1	0	0	inf
ERX626872	TFs and others	RUNX1	Blood	HL-60	196	1/2624	0/1	0	0	inf
ERX626874	TFs and others	EP300	Blood	HL-60	170	1/2624	0/1	0	0	inf
ERX626875	TFs and others	GATA2	Blood	HL-60	255	1/2624	0/1	0	0	inf
ERX626876	TFs and others	SPI1	Blood	HL-60	1583	9/2624	0/1	0	0	inf
ERX664188	TFs and others	CTCF	Blood	B cells	398	2/2624	0/1	0	0	inf
ERX664189	TFs and others	CTCF	Blood	B cells	18442	299/2624	0/1	0	0	inf
ERX664190	TFs and others	CTCF	Blood	B cells	24194	369/2624	0/1	0	0	inf
ERX664191	TFs and others	CTCF	Blood	B cells	1506	47/2624	0/1	0	0	inf
ERX664192	TFs and others	CTCF	Blood	B cells	65	3/2624	0/1	0	0	inf
ERX664193	TFs and others	CTCF	Blood	B cells	1155	30/2624	0/1	0	0	inf
ERX664196	TFs and others	CTCF	Blood	B cells	649	1/2624	0/1	0	0	inf
ERX664197	TFs and others	CTCF	Blood	B cells	22084	283/2624	0/1	0	0	inf
ERX664198	TFs and others	CTCF	Blood	B cells	25284	278/2624	0/1	0	0	inf
ERX664199	TFs and others	CTCF	Blood	B cells	2064	17/2624	0/1	0	0	inf
ERX664200	TFs and others	CTCF	Blood	B cells	3900	34/2624	0/1	0	0	inf
ERX664201	TFs and others	CTCF	Blood	B cells	10137	111/2624	0/1	0	0	inf
ERX664210	TFs and others	CTCF	Blood	B cells	224	1/2624	0/1	0	0	inf
ERX704034	TFs and others	CEBPB	Blood	HL-60	8007	25/2624	0/1	0	0	inf
ERX704036	TFs and others	RAD21	Blood	HL-60	219	1/2624	0/1	0	0	inf
ERX704042	TFs and others	CTCF	Blood	U-937	3067	36/2624	0/1	0	0	inf
ERX704043	TFs and others	RAD21	Blood	U-937	181	1/2624	0/1	0	0	inf
ERX704044	TFs and others	RAD21	Blood	HL-60	3340	31/2624	0/1	0	0	inf
ERX704045	TFs and others	CTCF	Blood	HL-60	2506	55/2624	0/1	0	0	inf
ERX704046	TFs and others	CTCF	Blood	HL-60	244	3/2624	0/1	0	0	inf
ERX704047	TFs and others	RAD21	Blood	HL-60	154	1/2624	0/1	0	0	inf
ERX704048	TFs and others	CTCF	Blood	HL-60	3448	68/2624	0/1	0	0	inf
ERX704050	TFs and others	CEBPB	Blood	HL-60	7741	28/2624	0/1	0	0	inf
ERX704052	TFs and others	RAD21	Blood	HL-60	218	1/2624	0/1	0	0	inf
ERX704058	TFs and others	CTCF	Blood	U-937	2891	40/2624	0/1	0	0	inf
ERX704059	TFs and others	RAD21	Blood	U-937	182	1/2624	0/1	0	0	inf
ERX704060	TFs and others	RAD21	Blood	HL-60	3111	38/2624	0/1	0	0	inf
ERX704061	TFs and others	CTCF	Blood	HL-60	2247	53/2624	0/1	0	0	inf
ERX704062	TFs and others	CTCF	Blood	HL-60	230	3/2624	0/1	0	0	inf
ERX704063	TFs and others	RAD21	Blood	HL-60	139	1/2624	0/1	0	0	inf
ERX704064	TFs and others	CTCF	Blood	HL-60	3271	59/2624	0/1	0	0	inf
ERX989278	TFs and others	CTCF	Blood	K-562	38518	548/2624	0/1	0	0	inf
ERX989280	TFs and others	CTCF	Blood	K-562	27095	434/2624	0/1	0	0	inf
ERX989288	TFs and others	CTCF	Blood	K-562	38781	553/2624	0/1	0	0	inf
ERX989290	TFs and others	CTCF	Blood	K-562	27388	428/2624	0/1	0	0	inf
ERX989298	TFs and others	CTCF	Blood	K-562	39309	559/2624	0/1	0	0	inf
ERX989300	TFs and others	CTCF	Blood	K-562	27990	439/2624	0/1	0	0	inf
SRX003313	TFs and others	STAT1	Uterus	HeLa	130	7/2624	0/1	0	0	inf
SRX003314	TFs and others	STAT1	Uterus	HeLa	15	1/2624	0/1	0	0	inf
SRX003316	TFs and others	STAT1	Uterus	HeLa	7	1/2624	0/1	0	0	inf
SRX003317	TFs and others	STAT1	Uterus	HeLa	5	1/2624	0/1	0	0	inf
SRX003318	TFs and others	STAT1	Uterus	HeLa	116	6/2624	0/1	0	0	inf
SRX003319	TFs and others	STAT1	Uterus	HeLa	1779	40/2624	0/1	0	0	inf
SRX003320	TFs and others	STAT1	Uterus	HeLa	640	18/2624	0/1	0	0	inf
SRX003321	TFs and others	STAT1	Uterus	HeLa	1249	33/2624	0/1	0	0	inf
SRX003322	TFs and others	STAT1	Uterus	HeLa	1206	32/2624	0/1	0	0	inf
SRX003794	TFs and others	CTCF	Blood	CD4+ T cells	11932	221/2624	0/1	0	0	inf
SRX003796	TFs and others	CTCF	Uterus	HeLa	634	11/2624	0/1	0	0	inf
SRX003798	TFs and others	CTCF	Blood	Jurkat	898	27/2624	0/1	0	0	inf
SRX003799	TFs and others	STAT1	Uterus	HeLa	12435	742/2624	0/1	0	0	inf
SRX003842	TFs and others	EZH2	Pluripotent stem cell	ES cells	78	1/2624	0/1	0	0	inf
SRX003846	TFs and others	RNF2	Pluripotent stem cell	ES cells	45	1/2624	0/1	0	0	inf
SRX003937	TFs and others	ESR1	Breast	MCF-7	106	1/2624	0/1	0	0	inf
SRX003938	TFs and others	ESR1	Breast	MCF-7	6677	35/2624	0/1	0	0	inf
SRX003939	TFs and others	ESR1	Breast	MCF-7	4496	46/2624	0/1	0	0	inf
SRX003940	TFs and others	ESR1	Breast	MCF-7	2087	14/2624	0/1	0	0	inf
SRX011575	TFs and others	TAF2	Pluripotent stem cell	hESC H1	237	25/2624	0/1	0	0	inf
SRX011577	TFs and others	TAF2	Pluripotent stem cell	hESC H1	93	8/2624	0/1	0	0	inf
SRX011617	TFs and others	NANOG	Pluripotent stem cell	hESC H1	2958	1/2624	0/1	0	0	inf
SRX011618	TFs and others	NANOG	Pluripotent stem cell	hESC H1	3471	1/2624	0/1	0	0	inf
SRX013323	TFs and others	ZNF263	Blood	K-562	823	34/2624	0/1	0	0	inf
SRX013324	TFs and others	ZNF263	Blood	K-562	815	36/2624	0/1	0	0	inf
SRX014750	TFs and others	PML	Blood	NB-4	265	1/2624	0/1	0	0	inf
SRX014751	TFs and others	RXRA	Blood	NB-4	314	3/2624	0/1	0	0	inf
SRX014752	TFs and others	RARA	Blood	NB-4	1501	31/2624	0/1	0	0	inf
SRX014753	TFs and others	PML	Blood	Leukemia, Myeloid	217	1/2624	0/1	0	0	inf
SRX014754	TFs and others	RXRA	Blood	Leukemia, Myeloid	262	1/2624	0/1	0	0	inf
SRX014766	TFs and others	MethylCap	Blood	NB-4	11074	12/2624	0/1	0	0	inf
SRX014767	TFs and others	MethylCap	Blood	NB-4	21618	38/2624	0/1	0	0	inf
SRX014768	TFs and others	PML	Blood	NB-4	69	1/2624	0/1	0	0	inf
SRX014769	TFs and others	RXRA	Blood	NB-4	48	1/2624	0/1	0	0	inf
SRX014770	TFs and others	RARA	Blood	NB-4	74	1/2624	0/1	0	0	inf
SRX014773	TFs and others	PML	Blood	Leukemia, Myeloid	544	6/2624	0/1	0	0	inf
SRX014774	TFs and others	RXRA	Blood	Leukemia, Myeloid	287	1/2624	0/1	0	0	inf
SRX014775	TFs and others	PML	Blood	MR4	1734	56/2624	0/1	0	0	inf
SRX014776	TFs and others	PML	Blood	MR4	1172	26/2624	0/1	0	0	inf
SRX014779	TFs and others	PML	Blood	UPR9	142	1/2624	0/1	0	0	inf
SRX014780	TFs and others	PML	Blood	UPR9	2725	62/2624	0/1	0	0	inf
SRX014781	TFs and others	RARA	Blood	UPR9	132	1/2624	0/1	0	0	inf
SRX014782	TFs and others	RARA	Blood	UPR9	5773	133/2624	0/1	0	0	inf
SRX014783	TFs and others	RXRA	Blood	UPR9	141	1/2624	0/1	0	0	inf
SRX014784	TFs and others	RXRA	Blood	UPR9	1212	34/2624	0/1	0	0	inf
SRX014810	TFs and others	GATA1	Blood	K-562	2027	32/2624	0/1	0	0	inf
SRX014811	TFs and others	GATA2	Blood	K-562	6038	46/2624	0/1	0	0	inf
SRX015140	TFs and others	JUN	Blood	K-562	11316	390/2624	0/1	0	0	inf
SRX015141	TFs and others	FOS	Blood	K-562	8231	741/2624	0/1	0	0	inf
SRX015142	TFs and others	MYC	Blood	K-562	5982	561/2624	0/1	0	0	inf
SRX015825	TFs and others	ETS1	Blood	Jurkat (Clone E6-1)	5812	1004/2624	0/1	0	0	inf
SRX015826	TFs and others	RUNX1	Blood	Jurkat (Clone E6-1)	274	1/2624	0/1	0	0	inf
SRX015827	TFs and others	CREBBP	Blood	Jurkat (Clone E6-1)	4382	146/2624	0/1	0	0	inf
SRX016028	TFs and others	RB1	Lung	IMR-90	3254	7/2624	0/1	0	0	inf
SRX016029	TFs and others	RB1	Lung	IMR-90	4236	13/2624	0/1	0	0	inf
SRX016030	TFs and others	RB1	Lung	IMR-90	4351	1/2624	0/1	0	0	inf
SRX016031	TFs and others	RBL2	Lung	IMR-90	2511	120/2624	0/1	0	0	inf
SRX016032	TFs and others	RB1	Lung	IMR-90	3623	17/2624	0/1	0	0	inf
SRX016033	TFs and others	RB1	Lung	IMR-90	2770	4/2624	0/1	0	0	inf
SRX016034	TFs and others	RBL2	Lung	IMR-90	3026	150/2624	0/1	0	0	inf
SRX016035	TFs and others	RB1	Lung	IMR-90	917	1/2624	0/1	0	0	inf
SRX016036	TFs and others	RBL2	Lung	IMR-90	3226	51/2624	0/1	0	0	inf
SRX016037	TFs and others	RB1	Lung	IMR-90	1420	1/2624	0/1	0	0	inf
SRX016038	TFs and others	RBL2	Lung	IMR-90	2144	148/2624	0/1	0	0	inf
SRX016326	TFs and others	ESR1	Breast	MCF-7	45	2/2624	0/1	0	0	inf
SRX016327	TFs and others	ESR1	Breast	MCF-7	1738	10/2624	0/1	0	0	inf
SRX016556	TFs and others	BDP1	Lung	IMR-90	483	4/2624	0/1	0	0	inf
SRX016557	TFs and others	BRF1	Lung	IMR-90	392	6/2624	0/1	0	0	inf
SRX016559	TFs and others	SNAPC2	Lung	IMR-90	835	1/2624	0/1	0	0	inf
SRX016975	TFs and others	TP73	Bone	Saos-2	9202	76/2624	0/1	0	0	inf
SRX016976	TFs and others	TP73	Bone	Saos-2	3394	21/2624	0/1	0	0	inf
SRX016977	TFs and others	TP73	Bone	Saos-2	11791	54/2624	0/1	0	0	inf
SRX016978	TFs and others	TP73	Bone	Saos-2	11878	36/2624	0/1	0	0	inf
SRX016979	TFs and others	TP53	Bone	Saos-2	914	16/2624	0/1	0	0	inf
SRX016980	TFs and others	TP53	Bone	Saos-2	7324	108/2624	0/1	0	0	inf
SRX016998	TFs and others	BRF1	Uterus	HeLa	343	4/2624	0/1	0	0	inf
SRX016999	TFs and others	BRF2	Uterus	HeLa	228	1/2624	0/1	0	0	inf
SRX017276	TFs and others	POU5F1	Pluripotent stem cell	hESC H1	1042	4/2624	0/1	0	0	inf
SRX017277	TFs and others	NANOG	Pluripotent stem cell	hESC H1	14150	168/2624	0/1	0	0	inf
SRX017278	TFs and others	CTCF	Pluripotent stem cell	hESC H1	43671	492/2624	0/1	0	0	inf
SRX017325	TFs and others	PHF8	Neural	SH-SY5Y	3879	311/2624	0/1	0	0	inf
SRX017326	TFs and others	ZNF711	Neural	SH-SY5Y	189	9/2624	0/1	0	0	inf
SRX017557	TFs and others	BRD7	Epidermis	BJ	578	7/2624	0/1	0	0	inf
SRX017558	TFs and others	BRD7	Epidermis	BJ	403	1/2624	0/1	0	0	inf
SRX017559	TFs and others	TP53	Epidermis	BJ	432	1/2624	0/1	0	0	inf
SRX017560	TFs and others	TP53	Epidermis	BJ	517	1/2624	0/1	0	0	inf
SRX017698	TFs and others	CREBBP	Blood	CD4+ T cells	1948	321/2624	0/1	0	0	inf
SRX017699	TFs and others	EP300	Blood	CD4+ T cells	171	5/2624	0/1	0	0	inf
SRX017700	TFs and others	KAT2B	Blood	CD4+ T cells	135	3/2624	0/1	0	0	inf
SRX017701	TFs and others	KAT8	Blood	CD4+ T cells	386	45/2624	0/1	0	0	inf
SRX017702	TFs and others	KAT5	Blood	CD4+ T cells	180	1/2624	0/1	0	0	inf
SRX017703	TFs and others	HDAC1	Blood	CD4+ T cells	307	31/2624	0/1	0	0	inf
SRX017704	TFs and others	HDAC2	Blood	CD4+ T cells	59	1/2624	0/1	0	0	inf
SRX017705	TFs and others	HDAC3	Blood	CD4+ T cells	90	1/2624	0/1	0	0	inf
SRX017709	TFs and others	KAT5	Blood	CD4+ T cells	560	75/2624	0/1	0	0	inf
SRX017710	TFs and others	HDAC6	Blood	CD4+ T cells	425	19/2624	0/1	0	0	inf
SRX017858	TFs and others	RELA	Blood	GM19193	641	8/2624	0/1	0	0	inf
SRX017859	TFs and others	RELA	Blood	GM19193	3477	113/2624	0/1	0	0	inf
SRX017860	TFs and others	RELA	Blood	GM19193	1843	17/2624	0/1	0	0	inf
SRX017863	TFs and others	RELA	Blood	GM18526	245	3/2624	0/1	0	0	inf
SRX017864	TFs and others	RELA	Blood	GM18526	140	3/2624	0/1	0	0	inf
SRX017865	TFs and others	RELA	Blood	GM18526	2405	17/2624	0/1	0	0	inf
SRX017866	TFs and others	RELA	Blood	GM18526	137	6/2624	0/1	0	0	inf
SRX017867	TFs and others	RELA	Blood	GM18526	866	7/2624	0/1	0	0	inf
SRX017870	TFs and others	RELA	Blood	GM19099	2082	27/2624	0/1	0	0	inf
SRX017871	TFs and others	RELA	Blood	GM19099	6212	138/2624	0/1	0	0	inf
SRX017872	TFs and others	RELA	Blood	GM19099	1616	37/2624	0/1	0	0	inf
SRX017875	TFs and others	RELA	Blood	GM15510	182	4/2624	0/1	0	0	inf
SRX017876	TFs and others	RELA	Blood	GM15510	45	5/2624	0/1	0	0	inf
SRX017877	TFs and others	RELA	Blood	GM15510	766	15/2624	0/1	0	0	inf
SRX017878	TFs and others	RELA	Blood	GM15510	1130	55/2624	0/1	0	0	inf
SRX017879	TFs and others	RELA	Blood	GM15510	735	39/2624	0/1	0	0	inf
SRX017882	TFs and others	RELA	Blood	GM12892	198	10/2624	0/1	0	0	inf
SRX017883	TFs and others	RELA	Blood	GM12892	505	14/2624	0/1	0	0	inf
SRX017884	TFs and others	RELA	Blood	GM12892	1615	29/2624	0/1	0	0	inf
SRX017887	TFs and others	RELA	Blood	GM10847	207	5/2624	0/1	0	0	inf
SRX017888	TFs and others	RELA	Blood	GM10847	84	5/2624	0/1	0	0	inf
SRX017889	TFs and others	RELA	Blood	GM10847	159	4/2624	0/1	0	0	inf
SRX017890	TFs and others	RELA	Blood	GM10847	467	5/2624	0/1	0	0	inf
SRX017891	TFs and others	RELA	Blood	GM10847	2751	49/2624	0/1	0	0	inf
SRX017894	TFs and others	RELA	Blood	GM18951	304	5/2624	0/1	0	0	inf
SRX017895	TFs and others	RELA	Blood	GM18951	4383	163/2624	0/1	0	0	inf
SRX017896	TFs and others	RELA	Blood	GM18951	138	2/2624	0/1	0	0	inf
SRX017897	TFs and others	RELA	Blood	GM18951	1682	26/2624	0/1	0	0	inf
SRX017900	TFs and others	RELA	Blood	GM18526	453	5/2624	0/1	0	0	inf
SRX017901	TFs and others	RELA	Blood	GM18526	137	3/2624	0/1	0	0	inf
SRX017902	TFs and others	RELA	Blood	GM18526	197	5/2624	0/1	0	0	inf
SRX017905	TFs and others	RELA	Blood	GM12878	768	4/2624	0/1	0	0	inf
SRX017906	TFs and others	RELA	Blood	GM12878	4892	48/2624	0/1	0	0	inf
SRX017907	TFs and others	RELA	Blood	GM12878	1079	12/2624	0/1	0	0	inf
SRX017908	TFs and others	RELA	Blood	GM12878	1051	10/2624	0/1	0	0	inf
SRX017911	TFs and others	RELA	Blood	GM12891	1870	103/2624	0/1	0	0	inf
SRX017912	TFs and others	RELA	Blood	GM12891	13828	364/2624	0/1	0	0	inf
SRX017913	TFs and others	RELA	Blood	GM12891	7968	119/2624	0/1	0	0	inf
SRX018277	TFs and others	CREBBP	Neural	T98G	44	1/2624	0/1	0	0	inf
SRX018278	TFs and others	EP300	Neural	T98G	1138	74/2624	0/1	0	0	inf
SRX018279	TFs and others	EP300	Neural	T98G	9949	781/2624	0/1	0	0	inf
SRX018280	TFs and others	CREBBP	Neural	T98G	304	16/2624	0/1	0	0	inf
SRX018281	TFs and others	CREBBP	Neural	T98G	4686	154/2624	0/1	0	0	inf
SRX018282	TFs and others	EP300	Neural	T98G	2724	144/2624	0/1	0	0	inf
SRX018607	TFs and others	BRF1	Uterus	HeLa	96	3/2624	0/1	0	0	inf
SRX018625	TFs and others	HNF4A	Liver	Hep G2	2642	21/2624	0/1	0	0	inf
SRX018626	TFs and others	HNF4A	Liver	Hep G2	1618	12/2624	0/1	0	0	inf
SRX018627	TFs and others	HNF4G	Liver	Hep G2	145	1/2624	0/1	0	0	inf
SRX018651	TFs and others	pFM2	Muscle	RD	109	1/2624	0/1	0	0	inf
SRX018654	TFs and others	pFM2	Muscle	Rh-4	1632	2/2624	0/1	0	0	inf
SRX018655	TFs and others	pFM2	Muscle	RD	50	1/2624	0/1	0	0	inf
SRX018657	TFs and others	pFM2	Muscle	Rh-4	395	2/2624	0/1	0	0	inf
SRX018833	TFs and others	TFAP2C	Breast	MCF-7	24260	443/2624	0/1	0	0	inf
SRX018991	TFs and others	TP63	Epidermis	Keratinocytes	8867	57/2624	0/1	0	0	inf
SRX018992	TFs and others	TP63	Epidermis	Keratinocytes	7907	34/2624	0/1	0	0	inf
SRX019498	TFs and others	CTCF	Adipocyte	Adipose stromal cell	31271	357/2624	0/1	0	0	inf
SRX019505	TFs and others	CTCF	Adipocyte	Adipose stromal cell	31231	333/2624	0/1	0	0	inf
SRX019512	TFs and others	CTCF	Adipocyte	Adipose stromal cell	18976	74/2624	0/1	0	0	inf
SRX019519	TFs and others	CTCF	Adipocyte	Adipose stromal cell	31903	494/2624	0/1	0	0	inf
SRX019520	TFs and others	PPARG	Adipocyte	Adipose stromal cell	7633	71/2624	0/1	0	0	inf
SRX019521	TFs and others	PPARG	Adipocyte	Adipose stromal cell	4071	24/2624	0/1	0	0	inf
SRX019786	TFs and others	TP63	Epidermis	Keratinocytes	23266	97/2624	0/1	0	0	inf
SRX019963	TFs and others	E2F4	Blood	GM06990	345	94/2624	0/1	0	0	inf
SRX020506	TFs and others	ESR2	Bone	U2OS	1841	34/2624	0/1	0	0	inf
SRX020507	TFs and others	ESR2	Bone	U2OS	5043	38/2624	0/1	0	0	inf
SRX020764	TFs and others	TP53	Bone	U2OS	908	5/2624	0/1	0	0	inf
SRX020765	TFs and others	TP53	Bone	U2OS	1318	10/2624	0/1	0	0	inf
SRX020766	TFs and others	TP53	Bone	U2OS	658	4/2624	0/1	0	0	inf
SRX020767	TFs and others	TP53	Bone	U2OS	702	5/2624	0/1	0	0	inf
SRX020768	TFs and others	TP53	Bone	U2OS	85	1/2624	0/1	0	0	inf
SRX020769	TFs and others	TP53	Bone	U2OS	249	3/2624	0/1	0	0	inf
SRX020936	TFs and others	FOXA1	Prostate	VCaP	448	3/2624	0/1	0	0	inf
SRX020939	TFs and others	FOXA1	Prostate	LNCAP	7226	44/2624	0/1	0	0	inf
SRX021069	TFs and others	POU5F1	Pluripotent stem cell	hESC H9	302	1/2624	0/1	0	0	inf
SRX021071	TFs and others	POU5F1	Pluripotent stem cell	hESC H9	512	2/2624	0/1	0	0	inf
SRX021983	TFs and others	ATRX	Blood	Erythroblasts	246	2/2624	0/1	0	0	inf
SRX022390	TFs and others	VDR	Blood	Lymphoblastoid cell line	345	21/2624	0/1	0	0	inf
SRX022391	TFs and others	VDR	Blood	Lymphoblastoid cell line	581	66/2624	0/1	0	0	inf
SRX022392	TFs and others	VDR	Blood	Lymphoblastoid cell line	2702	78/2624	0/1	0	0	inf
SRX022393	TFs and others	VDR	Blood	Lymphoblastoid cell line	2353	61/2624	0/1	0	0	inf
SRX022394	TFs and others	VDR	Blood	Lymphoblastoid cell line	220	11/2624	0/1	0	0	inf
SRX022395	TFs and others	VDR	Blood	Lymphoblastoid cell line	713	99/2624	0/1	0	0	inf
SRX022396	TFs and others	VDR	Blood	Lymphoblastoid cell line	3101	141/2624	0/1	0	0	inf
SRX022397	TFs and others	VDR	Blood	Lymphoblastoid cell line	2990	91/2624	0/1	0	0	inf
SRX022432	TFs and others	E2F1	Uterus	HeLa	1512	204/2624	0/1	0	0	inf
SRX022433	TFs and others	PHF8	Uterus	HeLa	2110	86/2624	0/1	0	0	inf
SRX022434	TFs and others	SMC4	Uterus	HeLa	87	1/2624	0/1	0	0	inf
SRX022562	TFs and others	AR	Prostate	VCaP	56	1/2624	0/1	0	0	inf
SRX022563	TFs and others	ERG	Prostate	VCaP	174	10/2624	0/1	0	0	inf
SRX022564	TFs and others	AR	Prostate	VCaP	131	1/2624	0/1	0	0	inf
SRX022565	TFs and others	ERG	Prostate	VCaP	49	1/2624	0/1	0	0	inf
SRX022566	TFs and others	AR	Prostate	22Rv1	25	1/2624	0/1	0	0	inf
SRX022567	TFs and others	AR	Prostate	LNCAP	47	1/2624	0/1	0	0	inf
SRX022568	TFs and others	AR	Prostate	LNCAP	34	1/2624	0/1	0	0	inf
SRX022569	TFs and others	AR	Prostate	LNCAP	441	1/2624	0/1	0	0	inf
SRX022570	TFs and others	AR	Prostate	LNCAP	13685	17/2624	0/1	0	0	inf
SRX022571	TFs and others	AR	Prostate	VCaP	51	1/2624	0/1	0	0	inf
SRX022572	TFs and others	AR	Prostate	VCaP	1703	5/2624	0/1	0	0	inf
SRX022574	TFs and others	ERG	Prostate	LNCAP	112	3/2624	0/1	0	0	inf
SRX022575	TFs and others	ERG	Prostate	RWPE-1	260	22/2624	0/1	0	0	inf
SRX022576	TFs and others	ERG	Prostate	RWPE-1	31	1/2624	0/1	0	0	inf
SRX022577	TFs and others	AR	Prostate	Prostate cancer cells	523	1/2624	0/1	0	0	inf
SRX022578	TFs and others	ERG	Prostate	Prostate cancer cells	315	1/2624	0/1	0	0	inf
SRX022741	TFs and others	TDRD3	Breast	MCF-7	436	1/2624	0/1	0	0	inf
SRX023135	TFs and others	PRDM14	Pluripotent stem cell	ES cells	3156	29/2624	0/1	0	0	inf
SRX023216	TFs and others	ETV1	Digestive tract	GIST48	6383	389/2624	0/1	0	0	inf
SRX023649	TFs and others	GATAD1	Uterus	HeLa	3058	534/2624	0/1	0	0	inf
SRX023650	TFs and others	CCDC101	Uterus	HeLa	471	55/2624	0/1	0	0	inf
SRX023651	TFs and others	C17orf49	Uterus	HeLa	775	64/2624	0/1	0	0	inf
SRX023652	TFs and others	TRRAP	Uterus	HeLa	592	74/2624	0/1	0	0	inf
SRX023653	TFs and others	PHF8	Uterus	HeLa	2966	451/2624	0/1	0	0	inf
SRX023654	TFs and others	GLYR1	Uterus	HeLa	73	4/2624	0/1	0	0	inf
SRX023655	TFs and others	GATAD1	Uterus	HeLa	819	73/2624	0/1	0	0	inf
SRX023656	TFs and others	CCDC101	Uterus	HeLa	748	45/2624	0/1	0	0	inf
SRX023657	TFs and others	C17orf49	Uterus	HeLa	927	65/2624	0/1	0	0	inf
SRX023658	TFs and others	TRRAP	Uterus	HeLa	553	16/2624	0/1	0	0	inf
SRX023659	TFs and others	PHF8	Uterus	HeLa	2666	223/2624	0/1	0	0	inf
SRX023660	TFs and others	GLYR1	Uterus	HeLa	93	1/2624	0/1	0	0	inf
SRX023661	TFs and others	LRWD1	Uterus	HeLa	206	1/2624	0/1	0	0	inf
SRX023662	TFs and others	GFP	Uterus	HeLa	381	23/2624	0/1	0	0	inf
SRX026098	TFs and others	IGF1	Epidermis	DFB	51	1/2624	0/1	0	0	inf
SRX026263	TFs and others	CDX2	Digestive tract	Caco-2	797	9/2624	0/1	0	0	inf
SRX026264	TFs and others	CDX2	Digestive tract	Caco-2	4392	159/2624	0/1	0	0	inf
SRX026265	TFs and others	GATA6	Digestive tract	Caco-2	4888	3/2624	0/1	0	0	inf
SRX026266	TFs and others	GATA6	Digestive tract	Caco-2	90	1/2624	0/1	0	0	inf
SRX026267	TFs and others	HNF4A	Digestive tract	Caco-2	3606	51/2624	0/1	0	0	inf
SRX026268	TFs and others	HNF4A	Digestive tract	Caco-2	12544	197/2624	0/1	0	0	inf
SRX026529	TFs and others	ESR1	Breast	MCF-7	519	7/2624	0/1	0	0	inf
SRX026530	TFs and others	ESR1	Breast	MCF-7	6325	57/2624	0/1	0	0	inf
SRX026531	TFs and others	ESR1	Breast	T-47D	343	2/2624	0/1	0	0	inf
SRX026532	TFs and others	ESR1	Breast	T-47D	1510	14/2624	0/1	0	0	inf
SRX026533	TFs and others	ESR1	Uterus	Ishikawa	731	1/2624	0/1	0	0	inf
SRX026534	TFs and others	ESR1	Uterus	Ishikawa	453	2/2624	0/1	0	0	inf
SRX026535	TFs and others	ESR1	Uterus	ECC-1	213	1/2624	0/1	0	0	inf
SRX026536	TFs and others	ESR1	Uterus	ECC-1	310	2/2624	0/1	0	0	inf
SRX026634	TFs and others	ERG	Blood	Kasumi-1	425	6/2624	0/1	0	0	inf
SRX026635	TFs and others	TCF12	Blood	Kasumi-1	11096	479/2624	0/1	0	0	inf
SRX026636	TFs and others	RUNX1T1	Blood	Kasumi-1	912	26/2624	0/1	0	0	inf
SRX026637	TFs and others	RUNX1T1	Blood	Kasumi-1	277	5/2624	0/1	0	0	inf
SRX026638	TFs and others	ERG	Blood	SKNO-1	13016	215/2624	0/1	0	0	inf
SRX026641	TFs and others	ERG	Blood	Acute myeloid leukemia	610	37/2624	0/1	0	0	inf
SRX026642	TFs and others	ERG	Blood	Acute myeloid leukemia	942	92/2624	0/1	0	0	inf
SRX026643	TFs and others	ERG	Blood	Acute myeloid leukemia	1861	210/2624	0/1	0	0	inf
SRX026645	TFs and others	MethylCap	Blood	Acute myeloid leukemia	291	1/2624	0/1	0	0	inf
SRX026646	TFs and others	MethylCap	Blood	Acute myeloid leukemia	7687	2/2624	0/1	0	0	inf
SRX026647	TFs and others	MethylCap	Blood	Acute myeloid leukemia	2813	2/2624	0/1	0	0	inf
SRX026648	TFs and others	ERG	Blood	Acute myeloid leukemia	909	84/2624	0/1	0	0	inf
SRX026650	TFs and others	MethylCap	Blood	Acute myeloid leukemia	387	1/2624	0/1	0	0	inf
SRX026651	TFs and others	MethylCap	Blood	Acute myeloid leukemia	930	1/2624	0/1	0	0	inf
SRX026652	TFs and others	MethylCap	Blood	Acute myeloid leukemia	455	1/2624	0/1	0	0	inf
SRX026659	TFs and others	ERG	Blood	Hematopoietic cells	1205	164/2624	0/1	0	0	inf
SRX026660	TFs and others	ERG	Blood	Hematopoietic cells	4570	52/2624	0/1	0	0	inf
SRX026702	TFs and others	GFP	Pancreas	Pancreatic islets	542	1/2624	0/1	0	0	inf
SRX026706	TFs and others	GFP	Pancreas	Pancreatic islets	14	1/2624	0/1	0	0	inf
SRX026714	TFs and others	GFP	Pancreas	Pancreatic islets	42	1/2624	0/1	0	0	inf
SRX026719	TFs and others	CTCF	Pancreas	Pancreatic islets	15298	275/2624	0/1	0	0	inf
SRX026720	TFs and others	CTCF	Pancreas	Pancreatic islets	3284	109/2624	0/1	0	0	inf
SRX026721	TFs and others	GFP	Pancreas	Pancreatic islets	94	1/2624	0/1	0	0	inf
SRX026748	TFs and others	DDX5	Uterus	HeLa	438	1/2624	0/1	0	0	inf
SRX026880	TFs and others	SOX2	Neural	LN-229	45	1/2624	0/1	0	0	inf
SRX026902	TFs and others	ESR1	Breast	MCF-7	661	13/2624	0/1	0	0	inf
SRX026903	TFs and others	ESR1	Breast	MCF-7	42	1/2624	0/1	0	0	inf
SRX027270	TFs and others	SMARCB1	Uterus	HeLa	2819	269/2624	0/1	0	0	inf
SRX027271	TFs and others	SMARCA4	Uterus	HeLa	194	2/2624	0/1	0	0	inf
SRX027272	TFs and others	SMARCC1	Uterus	HeLa	1965	119/2624	0/1	0	0	inf
SRX027273	TFs and others	SMARCC2	Uterus	HeLa	439	59/2624	0/1	0	0	inf
SRX027401	TFs and others	E2F4	Adipocyte	Adipocytes	1534	329/2624	0/1	0	0	inf
SRX027402	TFs and others	CEBPA	Adipocyte	Adipocytes	9722	93/2624	0/1	0	0	inf
SRX027403	TFs and others	HSF1	Adipocyte	Adipocytes	47	6/2624	0/1	0	0	inf
SRX027458	TFs and others	SUZ12	Pluripotent stem cell	hESC BG03	109	1/2624	0/1	0	0	inf
SRX027482	TFs and others	EP300	Pluripotent stem cell	hESC H9	16993	789/2624	0/1	0	0	inf
SRX027488	TFs and others	SMARCA4	Pluripotent stem cell	hESC H9	6408	54/2624	0/1	0	0	inf
SRX027490	TFs and others	EP300	Pluripotent stem cell	hESC derived neural cells	2133	107/2624	0/1	0	0	inf
SRX027902	TFs and others	NR3C1	Uterus	HeLa	184	1/2624	0/1	0	0	inf
SRX027903	TFs and others	NR3C1	Uterus	HeLa	1880	13/2624	0/1	0	0	inf
SRX027904	TFs and others	NR3C1	Uterus	HeLa	178	1/2624	0/1	0	0	inf
SRX027905	TFs and others	NR3C1	Uterus	HeLa	1522	13/2624	0/1	0	0	inf
SRX027906	TFs and others	NR3C1	Uterus	HeLa	255	4/2624	0/1	0	0	inf
SRX027907	TFs and others	NR3C1	Uterus	HeLa	348	4/2624	0/1	0	0	inf
SRX027908	TFs and others	RELA	Uterus	HeLa	254	5/2624	0/1	0	0	inf
SRX027909	TFs and others	RELA	Uterus	HeLa	887	23/2624	0/1	0	0	inf
SRX027910	TFs and others	RELA	Uterus	HeLa	336	32/2624	0/1	0	0	inf
SRX027911	TFs and others	RELA	Uterus	HeLa	246	6/2624	0/1	0	0	inf
SRX027912	TFs and others	RELA	Uterus	HeLa	4275	68/2624	0/1	0	0	inf
SRX027913	TFs and others	RELA	Uterus	HeLa	3413	49/2624	0/1	0	0	inf
SRX027914	TFs and others	RELA	Uterus	HeLa	203	1/2624	0/1	0	0	inf
SRX027915	TFs and others	RELA	Uterus	HeLa	662	58/2624	0/1	0	0	inf
SRX027916	TFs and others	NR3C1	Uterus	HeLa	266	1/2624	0/1	0	0	inf
SRX027917	TFs and others	NR3C1	Uterus	HeLa	4160	39/2624	0/1	0	0	inf
SRX028581	TFs and others	ZNF274	Blood	K-562	79	1/2624	0/1	0	0	inf
SRX028582	TFs and others	ZNF274	Blood	K-562	135	1/2624	0/1	0	0	inf
SRX028583	TFs and others	ZNF274	Liver	Hep G2	264	1/2624	0/1	0	0	inf
SRX028584	TFs and others	ZNF274	Liver	Hep G2	205	1/2624	0/1	0	0	inf
SRX028585	TFs and others	ZNF274	Uterus	HeLa	138	1/2624	0/1	0	0	inf
SRX028586	TFs and others	ZNF274	Uterus	HeLa	301	1/2624	0/1	0	0	inf
SRX028587	TFs and others	ZNF274	Blood	GM12878	140	1/2624	0/1	0	0	inf
SRX028588	TFs and others	ZNF274	Blood	GM12878	90	1/2624	0/1	0	0	inf
SRX028589	TFs and others	SETDB1	Blood	K-562	1092	91/2624	0/1	0	0	inf
SRX028590	TFs and others	SETDB1	Blood	K-562	704	19/2624	0/1	0	0	inf
SRX028591	TFs and others	TRIM28	Blood	K-562	781	1/2624	0/1	0	0	inf
SRX028592	TFs and others	TRIM28	Blood	K-562	543	1/2624	0/1	0	0	inf
SRX028632	TFs and others	TFAP2C	Breast	MCF-7	13033	559/2624	0/1	0	0	inf
SRX028633	TFs and others	TFAP2C	Breast	MCF-7	14924	598/2624	0/1	0	0	inf
SRX028634	TFs and others	FOXA1	Breast	MCF-7	23740	144/2624	0/1	0	0	inf
SRX028635	TFs and others	FOXA1	Breast	MCF-7	20830	147/2624	0/1	0	0	inf
SRX028636	TFs and others	NR2C2	Blood	K-562	199	29/2624	0/1	0	0	inf
SRX028637	TFs and others	NR2C2	Blood	K-562	158	16/2624	0/1	0	0	inf
SRX028638	TFs and others	NR2C2	Liver	Hep G2	1221	189/2624	0/1	0	0	inf
SRX028639	TFs and others	NR2C2	Liver	Hep G2	974	146/2624	0/1	0	0	inf
SRX028640	TFs and others	NR2C2	Blood	GM12878	397	59/2624	0/1	0	0	inf
SRX028641	TFs and others	NR2C2	Blood	GM12878	872	94/2624	0/1	0	0	inf
SRX028642	TFs and others	NR2C2	Uterus	HeLa	1178	178/2624	0/1	0	0	inf
SRX028643	TFs and others	NR2C2	Uterus	HeLa	1410	203/2624	0/1	0	0	inf
SRX028644	TFs and others	ELK4	Uterus	HeLa	761	117/2624	0/1	0	0	inf
SRX028645	TFs and others	ELK4	Uterus	HeLa	1309	208/2624	0/1	0	0	inf
SRX028646	TFs and others	ELK1	Uterus	HeLa	821	105/2624	0/1	0	0	inf
SRX029081	TFs and others	RUNX1	Blood	CMK	1208	8/2624	0/1	0	0	inf
SRX029083	TFs and others	RUNX1	Blood	K-562	1058	18/2624	0/1	0	0	inf
SRX029085	TFs and others	RUNX1	Blood	K-562	4117	73/2624	0/1	0	0	inf
SRX029086	TFs and others	GATA1	Blood	K-562	3820	13/2624	0/1	0	0	inf
SRX029087	TFs and others	FOS	Blood	K-562	15095	175/2624	0/1	0	0	inf
SRX029088	TFs and others	FOS	Blood	K-562	24762	242/2624	0/1	0	0	inf
SRX029315	TFs and others	GABPA	Blood	CD34 Hematopoietic stem cells	2984	580/2624	0/1	0	0	inf
SRX029433	TFs and others	GATA1	Blood	CD34+	505	4/2624	0/1	0	0	inf
SRX029434	TFs and others	GATA2	Blood	CD34+	306	2/2624	0/1	0	0	inf
SRX029435	TFs and others	RUNX1	Blood	CD34+	3452	194/2624	0/1	0	0	inf
SRX029436	TFs and others	FLI1	Blood	CD34+	1221	92/2624	0/1	0	0	inf
SRX029437	TFs and others	TAL1	Blood	CD34+	799	3/2624	0/1	0	0	inf
SRX029597	TFs and others	TAL1	Blood	T-ALL	801	2/2624	0/1	0	0	inf
SRX029598	TFs and others	TAL1	Blood	CD34 Hematopoietic stem cells	2929	6/2624	0/1	0	0	inf
SRX031244	TFs and others	CTCF	Pluripotent stem cell	hESC H1	38927	512/2624	0/1	0	0	inf
SRX031245	TFs and others	CTCF	Uterus	HeLa	55965	540/2624	0/1	0	0	inf
SRX031246	TFs and others	CTCF	Cardiovascular	HUVEC	38337	368/2624	0/1	0	0	inf
SRX031247	TFs and others	CTCF	Blood	K-562	52958	563/2624	0/1	0	0	inf
SRX032595	TFs and others	HMGN1	Blood	CD4+ T cells	166	22/2624	0/1	0	0	inf
SRX032874	TFs and others	FOXA2	Liver	Liver	58	1/2624	0/1	0	0	inf
SRX032875	TFs and others	FOXA2	Liver	Liver	145	1/2624	0/1	0	0	inf
SRX032876	TFs and others	FOXA2	Liver	Liver	57	1/2624	0/1	0	0	inf
SRX032877	TFs and others	FOXA2	Liver	Liver	134	1/2624	0/1	0	0	inf
SRX032890	TFs and others	PPARG	Adipocyte	SGBS	334	1/2624	0/1	0	0	inf
SRX032891	TFs and others	PPARG	Adipocyte	SGBS	521	1/2624	0/1	0	0	inf
SRX035159	TFs and others	EOMES	Pluripotent stem cell	hESC derived mesendodermal cells	46419	259/2624	0/1	0	0	inf
SRX035160	TFs and others	BCL6	Blood	JURL-MK1	5384	963/2624	0/1	0	0	inf
SRX036563	TFs and others	ESR1	Breast	MCF-7	62	1/2624	0/1	0	0	inf
SRX036564	TFs and others	ESR1	Breast	MCF-7	218	1/2624	0/1	0	0	inf
SRX036635	TFs and others	ESR1	Bone	U2OS	29489	113/2624	0/1	0	0	inf
SRX036636	TFs and others	ESR1	Bone	U2OS	179	2/2624	0/1	0	0	inf
SRX036637	TFs and others	NCOA1	Bone	U2OS	135	1/2624	0/1	0	0	inf
SRX036638	TFs and others	NCOA1	Bone	U2OS	304	1/2624	0/1	0	0	inf
SRX036640	TFs and others	NCOA1	Bone	U2OS	111	1/2624	0/1	0	0	inf
SRX036641	TFs and others	NCOA1	Bone	U2OS	139	2/2624	0/1	0	0	inf
SRX037417	TFs and others	PRAME	Blood	K-562	3110	494/2624	0/1	0	0	inf
SRX037419	TFs and others	NFYB	Blood	K-562	10238	1090/2624	0/1	0	0	inf
SRX037935	TFs and others	CTCF	Blood	CD34+	2368	91/2624	0/1	0	0	inf
SRX037936	TFs and others	CTCF	Blood	CD36+	21185	404/2624	0/1	0	0	inf
SRX037937	TFs and others	CTCF	Blood	CD36+	18250	407/2624	0/1	0	0	inf
SRX037938	TFs and others	TAL1	Blood	CD36+	7228	41/2624	0/1	0	0	inf
SRX037939	TFs and others	TAL1	Blood	CD36+	13952	48/2624	0/1	0	0	inf
SRX037940	TFs and others	GATA1	Blood	CD36+	10263	368/2624	0/1	0	0	inf
SRX037941	TFs and others	GATA1	Blood	CD36+	11470	153/2624	0/1	0	0	inf
SRX037946	TFs and others	SMARCA4	Blood	CD34+	791	60/2624	0/1	0	0	inf
SRX037947	TFs and others	SMARCA4	Blood	CD36+	500	18/2624	0/1	0	0	inf
SRX038504	TFs and others	CTCF	Blood	GM12878	22327	341/2624	0/1	0	0	inf
SRX038505	TFs and others	CTCF	Blood	GM12878	9716	209/2624	0/1	0	0	inf
SRX038524	TFs and others	CTCF	Pluripotent stem cell	hESC H1	26302	217/2624	0/1	0	0	inf
SRX038525	TFs and others	CTCF	Pluripotent stem cell	hESC H1	47882	514/2624	0/1	0	0	inf
SRX038543	TFs and others	CTCF	Liver	Hep G2	32602	310/2624	0/1	0	0	inf
SRX038544	TFs and others	CTCF	Liver	Hep G2	12259	195/2624	0/1	0	0	inf
SRX038562	TFs and others	CTCF	Breast	HMEC	25527	318/2624	0/1	0	0	inf
SRX038563	TFs and others	CTCF	Breast	HMEC	12226	130/2624	0/1	0	0	inf
SRX038582	TFs and others	CTCF	Muscle	HSMM	25217	280/2624	0/1	0	0	inf
SRX038583	TFs and others	CTCF	Muscle	HSMM	37221	432/2624	0/1	0	0	inf
SRX038602	TFs and others	CTCF	Cardiovascular	HUVEC	20091	420/2624	0/1	0	0	inf
SRX038603	TFs and others	CTCF	Cardiovascular	HUVEC	24255	275/2624	0/1	0	0	inf
SRX038622	TFs and others	CTCF	Blood	K-562	25854	387/2624	0/1	0	0	inf
SRX038623	TFs and others	CTCF	Blood	K-562	29311	440/2624	0/1	0	0	inf
SRX038644	TFs and others	CTCF	Epidermis	NHEK	24531	352/2624	0/1	0	0	inf
SRX038645	TFs and others	CTCF	Epidermis	NHEK	27005	272/2624	0/1	0	0	inf
SRX038664	TFs and others	CTCF	Lung	NHLF	9420	198/2624	0/1	0	0	inf
SRX038665	TFs and others	CTCF	Lung	NHLF	26937	424/2624	0/1	0	0	inf
SRX038777	TFs and others	DOT1L	Pluripotent stem cell	NCCIT	456	1/2624	0/1	0	0	inf
SRX038908	TFs and others	TAL1	Blood	Hematopoietic Stem Cells	42	1/2624	0/1	0	0	inf
SRX038909	TFs and others	TAL1	Blood	Hematopoietic Stem Cells	50	1/2624	0/1	0	0	inf
SRX038910	TFs and others	SPI1	Blood	Hematopoietic Stem Cells	1311	5/2624	0/1	0	0	inf
SRX038911	TFs and others	SPI1	Blood	Hematopoietic Stem Cells	1079	5/2624	0/1	0	0	inf
SRX038912	TFs and others	IKZF1	Blood	Hematopoietic Stem Cells	66	15/2624	0/1	0	0	inf
SRX038913	TFs and others	IKZF1	Blood	Hematopoietic Stem Cells	33	7/2624	0/1	0	0	inf
SRX038914	TFs and others	MEIS1	Blood	Hematopoietic Stem Cells	97	1/2624	0/1	0	0	inf
SRX038915	TFs and others	MEIS1	Blood	Hematopoietic Stem Cells	54	1/2624	0/1	0	0	inf
SRX038916	TFs and others	MEIS1	Blood	Hematopoietic Stem Cells	161	1/2624	0/1	0	0	inf
SRX039137	TFs and others	FOXA1	Breast	MCF-7	3135	38/2624	0/1	0	0	inf
SRX039138	TFs and others	FOXA1	Breast	MCF-7	1192	22/2624	0/1	0	0	inf
SRX039139	TFs and others	FOS	Breast	MCF-7	1492	57/2624	0/1	0	0	inf
SRX039140	TFs and others	FOS	Breast	MCF-7	132	3/2624	0/1	0	0	inf
SRX039141	TFs and others	JUN	Breast	MCF-7	140	2/2624	0/1	0	0	inf
SRX039142	TFs and others	JUN	Breast	MCF-7	144	1/2624	0/1	0	0	inf
SRX039145	TFs and others	FOXA1	Breast	T-47D	2024	18/2624	0/1	0	0	inf
SRX039146	TFs and others	FOXA1	Breast	T-47D	11810	128/2624	0/1	0	0	inf
SRX040560	TFs and others	LIN9	Uterus	HeLa	387	2/2624	0/1	0	0	inf
SRX040561	TFs and others	LIN9	Uterus	HeLa	59	2/2624	0/1	0	0	inf
SRX040562	TFs and others	MYBL2	Uterus	HeLa	320	4/2624	0/1	0	0	inf
SRX040563	TFs and others	MYBL2	Uterus	HeLa	47	1/2624	0/1	0	0	inf
SRX041286	TFs and others	STAT1	Blood	T cells	9	1/2624	0/1	0	0	inf
SRX041287	TFs and others	STAT1	Blood	T cells	33	2/2624	0/1	0	0	inf
SRX041289	TFs and others	STAT4	Blood	T cells	1532	80/2624	0/1	0	0	inf
SRX041291	TFs and others	STAT5A	Blood	T cells	444	25/2624	0/1	0	0	inf
SRX041293	TFs and others	STAT5B	Blood	T cells	3948	102/2624	0/1	0	0	inf
SRX042342	TFs and others	ESR1	Breast	MCF-7-LTED	397	3/2624	0/1	0	0	inf
SRX042343	TFs and others	ESR1	Breast	HCC1428-LTED	264	1/2624	0/1	0	0	inf
SRX045434	TFs and others	VDR	Blood	THP-1	302	15/2624	0/1	0	0	inf
SRX045435	TFs and others	VDR	Blood	THP-1	429	12/2624	0/1	0	0	inf
SRX047081	TFs and others	EP300	Prostate	LNCAP	25	1/2624	0/1	0	0	inf
SRX047082	TFs and others	EP300	Prostate	LNCAP	42	1/2624	0/1	0	0	inf
SRX047083	TFs and others	MED12	Prostate	LNCAP	30	1/2624	0/1	0	0	inf
SRX047084	TFs and others	MED12	Prostate	LNCAP	39	1/2624	0/1	0	0	inf
SRX054457	TFs and others	NR1H3	Blood	THP-1	292	1/2624	0/1	0	0	inf
SRX054458	TFs and others	NR1H3	Blood	THP-1	286	1/2624	0/1	0	0	inf
SRX054572	TFs and others	Epitope tags	Breast	MCF-7	6574	939/2624	0/1	0	0	inf
SRX054573	TFs and others	Epitope tags	Breast	MCF-7	1625	2/2624	0/1	0	0	inf
SRX055303	TFs and others	KDM5B	Blood	U-937	413	34/2624	0/1	0	0	inf
SRX055304	TFs and others	KDM5B	Blood	U-937	1690	238/2624	0/1	0	0	inf
SRX055305	TFs and others	KDM5B	Blood	U-937	227	16/2624	0/1	0	0	inf
SRX055306	TFs and others	KDM5B	Blood	U-937	211	11/2624	0/1	0	0	inf
SRX055308	TFs and others	KDM5B	Breast	MCF-7	1905	239/2624	0/1	0	0	inf
SRX055309	TFs and others	KDM5B	Breast	MCF-7	935	94/2624	0/1	0	0	inf
SRX055310	TFs and others	KDM5B	Breast	MCF-7	942	95/2624	0/1	0	0	inf
SRX055311	TFs and others	KDM5B	Breast	MCF-7	578	50/2624	0/1	0	0	inf
SRX055312	TFs and others	KDM5B	Breast	MCF-7	152	1/2624	0/1	0	0	inf
SRX055346	TFs and others	CBX3	Digestive tract	HCT 116	534	6/2624	0/1	0	0	inf
SRX055348	TFs and others	CBX3	Digestive tract	HCT 116	1093	13/2624	0/1	0	0	inf
SRX055353	TFs and others	CBX3	Digestive tract	HCT 116	195	1/2624	0/1	0	0	inf
SRX055354	TFs and others	CBX3	Digestive tract	HCT 116	317	1/2624	0/1	0	0	inf
SRX058249	TFs and others	TAL1	Blood	CD34+	54	1/2624	0/1	0	0	inf
SRX059360	TFs and others	EP300	Pluripotent stem cell	hESC derived neural crests	2885	89/2624	0/1	0	0	inf
SRX059367	TFs and others	NR2F1	Pluripotent stem cell	hESC derived neural crests	488	1/2624	0/1	0	0	inf
SRX059368	TFs and others	NR2F2	Pluripotent stem cell	hESC derived neural crests	541	1/2624	0/1	0	0	inf
SRX059371	TFs and others	L3MBTL2	Blood	K-562	178	4/2624	0/1	0	0	inf
SRX059372	TFs and others	L3MBTL2	Blood	K-562	31	1/2624	0/1	0	0	inf
SRX059373	TFs and others	E2F6	Blood	K-562	7807	801/2624	0/1	0	0	inf
SRX059700	TFs and others	TFAP4	Prostate	LNCAP	1491	57/2624	0/1	0	0	inf
SRX059703	TFs and others	AR	Prostate	VCaP	1566	2/2624	0/1	0	0	inf
SRX059704	TFs and others	AR	Prostate	VCaP	35913	25/2624	0/1	0	0	inf
SRX059705	TFs and others	AR	Prostate	VCaP	16206	12/2624	0/1	0	0	inf
SRX059706	TFs and others	ERG	Prostate	VCaP	7178	538/2624	0/1	0	0	inf
SRX059707	TFs and others	ERG	Prostate	VCaP	8743	557/2624	0/1	0	0	inf
SRX059708	TFs and others	ERG	Prostate	VCaP	15043	847/2624	0/1	0	0	inf
SRX059709	TFs and others	HDAC1	Prostate	VCaP	1054	51/2624	0/1	0	0	inf
SRX059710	TFs and others	HDAC1	Prostate	VCaP	1249	63/2624	0/1	0	0	inf
SRX059711	TFs and others	HDAC2	Prostate	VCaP	502	14/2624	0/1	0	0	inf
SRX059712	TFs and others	HDAC2	Prostate	VCaP	966	18/2624	0/1	0	0	inf
SRX059713	TFs and others	HDAC3	Prostate	VCaP	1592	10/2624	0/1	0	0	inf
SRX059714	TFs and others	HDAC3	Prostate	VCaP	2213	6/2624	0/1	0	0	inf
SRX059715	TFs and others	EZH2	Prostate	VCaP	528	3/2624	0/1	0	0	inf
SRX059716	TFs and others	EZH2	Prostate	VCaP	1458	6/2624	0/1	0	0	inf
SRX060810	TFs and others	GATA3	Breast	MCF-7	12515	76/2624	0/1	0	0	inf
SRX060811	TFs and others	GATA3	Breast	MCF-7	4110	25/2624	0/1	0	0	inf
SRX060812	TFs and others	EP300	Breast	MCF-7	287	9/2624	0/1	0	0	inf
SRX060813	TFs and others	EP300	Breast	MCF-7	214	3/2624	0/1	0	0	inf
SRX062335	TFs and others	RUNX1	Blood	Kasumi-1	1280	40/2624	0/1	0	0	inf
SRX062336	TFs and others	RUNX1	Blood	Kasumi-1	1948	43/2624	0/1	0	0	inf
SRX062337	TFs and others	RUNX1	Blood	Kasumi-1	1840	26/2624	0/1	0	0	inf
SRX062338	TFs and others	RUNX1	Blood	Kasumi-1	175	1/2624	0/1	0	0	inf
SRX062339	TFs and others	RUNX1	Blood	CD34+	24340	611/2624	0/1	0	0	inf
SRX062356	TFs and others	AR	Prostate	LNCAP	10746	16/2624	0/1	0	0	inf
SRX062357	TFs and others	NKX3-1	Prostate	LNCAP	183	1/2624	0/1	0	0	inf
SRX062358	TFs and others	AR	Prostate	LNCAP	38062	31/2624	0/1	0	0	inf
SRX062359	TFs and others	NKX3-1	Prostate	LNCAP	715	7/2624	0/1	0	0	inf
SRX062360	TFs and others	FOXA1	Prostate	LNCAP	32765	72/2624	0/1	0	0	inf
SRX062362	TFs and others	FOXA1	Prostate	LNCAP	24530	25/2624	0/1	0	0	inf
SRX063912	TFs and others	CBFB	Blood	SKNO-1	3201	642/2624	0/1	0	0	inf
SRX064480	TFs and others	SMAD2	Pluripotent stem cell	hESC H9	1200	25/2624	0/1	0	0	inf
SRX064481	TFs and others	SMAD2	Pluripotent stem cell	hESC H9	2362	50/2624	0/1	0	0	inf
SRX064482	TFs and others	SMAD3	Pluripotent stem cell	hESC H9	773	9/2624	0/1	0	0	inf
SRX064483	TFs and others	SMAD4	Pluripotent stem cell	hESC H9	714	23/2624	0/1	0	0	inf
SRX064484	TFs and others	FOXH1	Pluripotent stem cell	hESC H9	4203	40/2624	0/1	0	0	inf
SRX064489	TFs and others	SMAD2	Pluripotent stem cell	hESC derived mesendodermal cells	374	2/2624	0/1	0	0	inf
SRX064490	TFs and others	SMAD2	Pluripotent stem cell	hESC derived mesendodermal cells	2698	5/2624	0/1	0	0	inf
SRX064491	TFs and others	SMAD3	Pluripotent stem cell	hESC derived mesendodermal cells	740	4/2624	0/1	0	0	inf
SRX064492	TFs and others	SMAD4	Pluripotent stem cell	hESC derived mesendodermal cells	1895	4/2624	0/1	0	0	inf
SRX064493	TFs and others	FOXH1	Pluripotent stem cell	hESC derived mesendodermal cells	14498	33/2624	0/1	0	0	inf
SRX065541	TFs and others	Epitope tags	Kidney	293	5215	125/2624	0/1	0	0	inf
SRX065542	TFs and others	Epitope tags	Kidney	293	133	3/2624	0/1	0	0	inf
SRX065543	TFs and others	Epitope tags	Kidney	293	174	1/2624	0/1	0	0	inf
SRX065544	TFs and others	Epitope tags	Kidney	293	3483	135/2624	0/1	0	0	inf
SRX065545	TFs and others	Epitope tags	Kidney	293	207	1/2624	0/1	0	0	inf
SRX065546	TFs and others	TRIM28	Kidney	293	1511	38/2624	0/1	0	0	inf
SRX065547	TFs and others	TRIM28	Kidney	293	6338	247/2624	0/1	0	0	inf
SRX065548	TFs and others	ELK4	Kidney	293	434	60/2624	0/1	0	0	inf
SRX065549	TFs and others	ELK4	Kidney	293	407	3/2624	0/1	0	0	inf
SRX065554	TFs and others	TRIM28	Bone	U2OS	2742	76/2624	0/1	0	0	inf
SRX065556	TFs and others	Epitope tags	Bone	U2OS	402	14/2624	0/1	0	0	inf
SRX065557	TFs and others	Epitope tags	Bone	U2OS	338	26/2624	0/1	0	0	inf
SRX067387	TFs and others	CTCF	Epidermis	NHEK	35905	431/2624	0/1	0	0	inf
SRX067396	TFs and others	CTCF	Liver	Hep G2	37029	375/2624	0/1	0	0	inf
SRX067423	TFs and others	CTCF	Pluripotent stem cell	hESC H1	52768	522/2624	0/1	0	0	inf
SRX067446	TFs and others	CTCF	Lung	NHLF	29598	464/2624	0/1	0	0	inf
SRX067467	TFs and others	CTCF	Cardiovascular	HUVEC	30350	461/2624	0/1	0	0	inf
SRX067470	TFs and others	CTCF	Blood	K-562	37233	513/2624	0/1	0	0	inf
SRX067475	TFs and others	CTCF	Breast	HMEC	29159	325/2624	0/1	0	0	inf
SRX067495	TFs and others	CTCF	Epidermis	NHDF	37915	464/2624	0/1	0	0	inf
SRX067503	TFs and others	CTCF	Blood	GM12878	31047	431/2624	0/1	0	0	inf
SRX067513	TFs and others	CTCF	Muscle	HSMM	40533	471/2624	0/1	0	0	inf
SRX067516	TFs and others	CTCF	Neural	NH-A	27411	310/2624	0/1	0	0	inf
SRX067534	TFs and others	CTCF	Muscle	HSMM	34611	411/2624	0/1	0	0	inf
SRX067535	TFs and others	CTCF	Bone	Osteobl	42337	510/2624	0/1	0	0	inf
SRX067536	TFs and others	CTCF	Uterus	HeLa	37435	417/2624	0/1	0	0	inf
SRX070876	TFs and others	GATA2	Cardiovascular	HUVEC	10651	57/2624	0/1	0	0	inf
SRX070877	TFs and others	GATA2	Cardiovascular	HUVEC	11708	108/2624	0/1	0	0	inf
SRX070878	TFs and others	FOS	Cardiovascular	HUVEC	7025	158/2624	0/1	0	0	inf
SRX070879	TFs and others	FOS	Cardiovascular	HUVEC	28785	185/2624	0/1	0	0	inf
SRX070881	TFs and others	NOTCH1	Blood	CUTLL1	2389	221/2624	0/1	0	0	inf
SRX070882	TFs and others	NOTCH1	Blood	CUTLL1	5504	621/2624	0/1	0	0	inf
SRX070883	TFs and others	RBPJ	Blood	CUTLL1	1374	106/2624	0/1	0	0	inf
SRX070884	TFs and others	RBPJ	Blood	CUTLL1	3185	426/2624	0/1	0	0	inf
SRX070885	TFs and others	ZNF143	Blood	CUTLL1	5567	527/2624	0/1	0	0	inf
SRX077859	TFs and others	CDX2	Digestive tract	COLO 320	541	1/2624	0/1	0	0	inf
SRX077860	TFs and others	CDX2	Digestive tract	COLO 320	223	1/2624	0/1	0	0	inf
SRX079858	TFs and others	NFKBIA	Epidermis	Keratinocytes	97	1/2624	0/1	0	0	inf
SRX080047	TFs and others	EP300	Blood	NB-4	3081	38/2624	0/1	0	0	inf
SRX080130	TFs and others	MYC	Blood	GM12878	506	34/2624	0/1	0	0	inf
SRX080131	TFs and others	MYC	Blood	GM12878	240	11/2624	0/1	0	0	inf
SRX080135	TFs and others	MYC	Pluripotent stem cell	hESC H1	416	2/2624	0/1	0	0	inf
SRX080137	TFs and others	MYC	Uterus	HeLa	167	8/2624	0/1	0	0	inf
SRX080138	TFs and others	MYC	Uterus	HeLa	286	14/2624	0/1	0	0	inf
SRX080142	TFs and others	CTCF	Liver	Hep G2	25335	228/2624	0/1	0	0	inf
SRX080143	TFs and others	CTCF	Liver	Hep G2	36008	319/2624	0/1	0	0	inf
SRX080144	TFs and others	MYC	Liver	Hep G2	1180	84/2624	0/1	0	0	inf
SRX080145	TFs and others	MYC	Liver	Hep G2	282	17/2624	0/1	0	0	inf
SRX080146	TFs and others	MYC	Liver	Hep G2	889	71/2624	0/1	0	0	inf
SRX080151	TFs and others	MYC	Cardiovascular	HUVEC	4373	300/2624	0/1	0	0	inf
SRX080155	TFs and others	MYC	Blood	K-562	1631	91/2624	0/1	0	0	inf
SRX080156	TFs and others	MYC	Blood	K-562	2254	148/2624	0/1	0	0	inf
SRX080157	TFs and others	MYC	Blood	K-562	1870	125/2624	0/1	0	0	inf
SRX080161	TFs and others	MYC	Epidermis	NHEK	830	46/2624	0/1	0	0	inf
SRX080253	TFs and others	AFF4	Digestive tract	HCT 116	523	3/2624	0/1	0	0	inf
SRX080254	TFs and others	AFF4	Digestive tract	HCT 116	311	1/2624	0/1	0	0	inf
SRX080257	TFs and others	AFF4	Digestive tract	HCT 116	540	6/2624	0/1	0	0	inf
SRX080258	TFs and others	AFF4	Digestive tract	HCT 116	265	1/2624	0/1	0	0	inf
SRX080328	TFs and others	CTCF	Breast	HMF	31711	285/2624	0/1	0	0	inf
SRX080329	TFs and others	CTCF	Cardiovascular	AoAF	28280	427/2624	0/1	0	0	inf
SRX080330	TFs and others	CTCF	Neural	SK-N-SH	35024	581/2624	0/1	0	0	inf
SRX080331	TFs and others	CTCF	Kidney	293	50595	609/2624	0/1	0	0	inf
SRX080333	TFs and others	CTCF	Blood	GM12875	14451	332/2624	0/1	0	0	inf
SRX080336	TFs and others	CTCF	Neural	HRPEpiC	39648	446/2624	0/1	0	0	inf
SRX080337	TFs and others	CTCF	Cardiovascular	HUVEC	31256	543/2624	0/1	0	0	inf
SRX080338	TFs and others	CTCF	Breast	HMF	36771	462/2624	0/1	0	0	inf
SRX080339	TFs and others	CTCF	Blood	GM12864	29601	433/2624	0/1	0	0	inf
SRX080340	TFs and others	CTCF	Epidermis	BJ	34797	559/2624	0/1	0	0	inf
SRX080341	TFs and others	CTCF	Epidermis	AG04449	33918	498/2624	0/1	0	0	inf
SRX080342	TFs and others	CTCF	Others	WERI-Rb-1	30780	415/2624	0/1	0	0	inf
SRX080343	TFs and others	CTCF	Epidermis	AG09309	9264	199/2624	0/1	0	0	inf
SRX080344	TFs and others	CTCF	Cardiovascular	HPAF	41939	514/2624	0/1	0	0	inf
SRX080346	TFs and others	CTCF	Liver	Hep G2	27234	357/2624	0/1	0	0	inf
SRX080347	TFs and others	CTCF	Lung	SAEC	28783	526/2624	0/1	0	0	inf
SRX080349	TFs and others	CTCF	Blood	GM12873	23435	405/2624	0/1	0	0	inf
SRX080350	TFs and others	CTCF	Kidney	293	23893	348/2624	0/1	0	0	inf
SRX080351	TFs and others	CTCF	Blood	HL-60	20145	264/2624	0/1	0	0	inf
SRX080352	TFs and others	CTCF	Digestive tract	Caco-2	25192	404/2624	0/1	0	0	inf
SRX080353	TFs and others	CTCF	Blood	K-562	32801	447/2624	0/1	0	0	inf
SRX080355	TFs and others	CTCF	Blood	GM12872	19919	330/2624	0/1	0	0	inf
SRX080356	TFs and others	CTCF	Neural	SK-N-SH	36297	579/2624	0/1	0	0	inf
SRX080357	TFs and others	CTCF	Blood	GM12872	27575	421/2624	0/1	0	0	inf
SRX080358	TFs and others	CTCF	Epidermis	AG04449	36028	618/2624	0/1	0	0	inf
SRX080359	TFs and others	CTCF	Neural	HA-sp	32616	451/2624	0/1	0	0	inf
SRX080362	TFs and others	CTCF	Lung	HPF	33590	457/2624	0/1	0	0	inf
SRX080367	TFs and others	CTCF	Blood	GM12878	16146	270/2624	0/1	0	0	inf
SRX080368	TFs and others	CTCF	Blood	GM06990	29621	383/2624	0/1	0	0	inf
SRX080369	TFs and others	CTCF	Blood	GM12878	30069	438/2624	0/1	0	0	inf
SRX080370	TFs and others	CTCF	Epidermis	NHEK	30358	529/2624	0/1	0	0	inf
SRX080371	TFs and others	CTCF	Blood	GM06990	27292	391/2624	0/1	0	0	inf
SRX080373	TFs and others	CTCF	Cardiovascular	HBMEC	30474	401/2624	0/1	0	0	inf
SRX080374	TFs and others	CTCF	Blood	GM12801	2912	60/2624	0/1	0	0	inf
SRX080375	TFs and others	CTCF	Digestive tract	HEEpiC	34184	499/2624	0/1	0	0	inf
SRX080377	TFs and others	CTCF	Epidermis	AG10803	31985	427/2624	0/1	0	0	inf
SRX080378	TFs and others	CTCF	Liver	Hep G2	36809	468/2624	0/1	0	0	inf
SRX080380	TFs and others	CTCF	Lung	HPF	30669	402/2624	0/1	0	0	inf
SRX080386	TFs and others	CTCF	Others	AG09319	34294	486/2624	0/1	0	0	inf
SRX080388	TFs and others	CTCF	Blood	GM12865	28220	439/2624	0/1	0	0	inf
SRX080389	TFs and others	CTCF	Digestive tract	HEEpiC	25224	250/2624	0/1	0	0	inf
SRX080390	TFs and others	CTCF	Kidney	HRE	30609	425/2624	0/1	0	0	inf
SRX080391	TFs and others	CTCF	Others	AG09319	37217	541/2624	0/1	0	0	inf
SRX080392	TFs and others	CTCF	Uterus	HeLa	19744	345/2624	0/1	0	0	inf
SRX080393	TFs and others	CTCF	Blood	GM12873	30611	441/2624	0/1	0	0	inf
SRX080395	TFs and others	CTCF	Cardiovascular	HCFaa	36212	478/2624	0/1	0	0	inf
SRX080396	TFs and others	CTCF	Blood	K-562	18946	296/2624	0/1	0	0	inf
SRX080398	TFs and others	CTCF	Neural	HCPEpiC	44608	607/2624	0/1	0	0	inf
SRX080399	TFs and others	CTCF	Cardiovascular	AoAF	15546	285/2624	0/1	0	0	inf
SRX080400	TFs and others	CTCF	Kidney	HRE	28645	408/2624	0/1	0	0	inf
SRX080402	TFs and others	CTCF	Uterus	HeLa	32579	415/2624	0/1	0	0	inf
SRX080403	TFs and others	CTCF	Blood	GM12865	20686	416/2624	0/1	0	0	inf
SRX080404	TFs and others	CTCF	Blood	GM12874	29206	416/2624	0/1	0	0	inf
SRX080406	TFs and others	CTCF	Cardiovascular	HBMEC	44847	601/2624	0/1	0	0	inf
SRX080408	TFs and others	CTCF	Neural	HCPEpiC	41167	435/2624	0/1	0	0	inf
SRX080410	TFs and others	CTCF	Epidermis	NHEK	26161	291/2624	0/1	0	0	inf
SRX080411	TFs and others	CTCF	Digestive tract	Caco-2	28221	432/2624	0/1	0	0	inf
SRX080412	TFs and others	CTCF	Cardiovascular	HUVEC	26196	415/2624	0/1	0	0	inf
SRX080413	TFs and others	CTCF	Epidermis	AG09309	31584	443/2624	0/1	0	0	inf
SRX080414	TFs and others	CTCF	Cardiovascular	HPAF	39525	453/2624	0/1	0	0	inf
SRX080415	TFs and others	CTCF	Epidermis	BJ	28458	446/2624	0/1	0	0	inf
SRX080416	TFs and others	CTCF	Breast	HMEC	43834	639/2624	0/1	0	0	inf
SRX080420	TFs and others	CTCF	Blood	GM12874	20838	433/2624	0/1	0	0	inf
SRX080422	TFs and others	CTCF	Epidermis	AG10803	36269	428/2624	0/1	0	0	inf
SRX080425	TFs and others	CTCF	Blood	GM12864	22970	386/2624	0/1	0	0	inf
SRX080427	TFs and others	CTCF	Blood	GM12875	30263	434/2624	0/1	0	0	inf
SRX080431	TFs and others	CTCF	Others	WERI-Rb-1	44207	515/2624	0/1	0	0	inf
SRX080432	TFs and others	CTCF	Lung	AG04450	32489	433/2624	0/1	0	0	inf
SRX080442	TFs and others	CTCF	Lung	SAEC	35801	550/2624	0/1	0	0	inf
SRX082162	TFs and others	JUND	Blood	GM12878	1524	6/2624	0/1	0	0	inf
SRX082163	TFs and others	FOS	Blood	GM12878	966	266/2624	0/1	0	0	inf
SRX082164	TFs and others	MAX	Blood	GM12878	4282	362/2624	0/1	0	0	inf
SRX082165	TFs and others	MYC	Blood	GM12878	4223	382/2624	0/1	0	0	inf
SRX083216	TFs and others	AR	Prostate	LNCAP	3623	15/2624	0/1	0	0	inf
SRX083217	TFs and others	AR	Prostate	LNCAP	2182	7/2624	0/1	0	0	inf
SRX083218	TFs and others	AR	Prostate	LNCAP	6002	12/2624	0/1	0	0	inf
SRX083219	TFs and others	AR	Prostate	LNCAP	6150	12/2624	0/1	0	0	inf
SRX083220	TFs and others	FOXA1	Prostate	LNCAP	4447	23/2624	0/1	0	0	inf
SRX083221	TFs and others	FOXA1	Prostate	LNCAP	6705	29/2624	0/1	0	0	inf
SRX083222	TFs and others	FOXA1	Prostate	LNCAP	659	7/2624	0/1	0	0	inf
SRX083223	TFs and others	FOXA1	Prostate	LNCAP	554	6/2624	0/1	0	0	inf
SRX083228	TFs and others	NR3C1	Prostate	LNCAP	2532	6/2624	0/1	0	0	inf
SRX083229	TFs and others	NR3C1	Prostate	LNCAP	3931	6/2624	0/1	0	0	inf
SRX084500	TFs and others	SMAD2	Pluripotent stem cell	hESC H9	91	1/2624	0/1	0	0	inf
SRX084501	TFs and others	SMAD2	Pluripotent stem cell	hESC H9	338	1/2624	0/1	0	0	inf
SRX084502	TFs and others	SMAD2	Pluripotent stem cell	hESC derived mesendodermal cells	213	1/2624	0/1	0	0	inf
SRX084503	TFs and others	SMAD2	Pluripotent stem cell	hESC derived mesendodermal cells	488	1/2624	0/1	0	0	inf
SRX084521	TFs and others	ETV4	Prostate	PC-3	438	25/2624	0/1	0	0	inf
SRX084522	TFs and others	JUND	Prostate	PC-3	520	27/2624	0/1	0	0	inf
SRX084524	TFs and others	Epitope tags	Prostate	RWPE-1	41	1/2624	0/1	0	0	inf
SRX084525	TFs and others	ETS1	Prostate	RWPE-1	234	42/2624	0/1	0	0	inf
SRX084527	TFs and others	Epitope tags	Prostate	RWPE-1	64	2/2624	0/1	0	0	inf
SRX084528	TFs and others	Epitope tags	Prostate	RWPE-1	103	2/2624	0/1	0	0	inf
SRX084584	TFs and others	HIV Tat	Blood	Jurkat	209	1/2624	0/1	0	0	inf
SRX084599	TFs and others	BCL6	Blood	OCI-LY1	5848	104/2624	0/1	0	0	inf
SRX084601	TFs and others	NCOR2	Blood	OCI-LY1	2760	24/2624	0/1	0	0	inf
SRX088971	TFs and others	Epitope tags	Digestive tract	DLD-1	322	1/2624	0/1	0	0	inf
SRX088972	TFs and others	Epitope tags	Digestive tract	DLD-1	241	1/2624	0/1	0	0	inf
SRX092299	TFs and others	NR4A1	Blood	K-562	633	2/2624	0/1	0	0	inf
SRX092300	TFs and others	JUNB	Blood	K-562	7894	118/2624	0/1	0	0	inf
SRX092301	TFs and others	JUND	Blood	K-562	35347	1166/2624	0/1	0	0	inf
SRX092302	TFs and others	HDAC8	Blood	K-562	496	2/2624	0/1	0	0	inf
SRX092303	TFs and others	GATA2	Blood	K-562	8843	38/2624	0/1	0	0	inf
SRX092306	TFs and others	FOS	Blood	K-562	8164	111/2624	0/1	0	0	inf
SRX092313	TFs and others	TBX21	Blood	Th1 Cells	2232	35/2624	0/1	0	0	inf
SRX092314	TFs and others	GATA3	Blood	Th1 Cells	8235	161/2624	0/1	0	0	inf
SRX092315	TFs and others	GATA3	Blood	Th2 Cells	5921	46/2624	0/1	0	0	inf
SRX092414	TFs and others	CTCF	Blood	Lymphoma, B-Cell	5558	88/2624	0/1	0	0	inf
SRX092416	TFs and others	CTCF	Blood	Lymphoma, B-Cell	8578	123/2624	0/1	0	0	inf
SRX092447	TFs and others	AR	Prostate	LNCAP	249	1/2624	0/1	0	0	inf
SRX092448	TFs and others	AR	Prostate	LNCAP	180	1/2624	0/1	0	0	inf
SRX092450	TFs and others	EBNA2	Blood	IB4	3367	1/2624	0/1	0	0	inf
SRX092451	TFs and others	EBNA2	Blood	IB4	3365	54/2624	0/1	0	0	inf
SRX092452	TFs and others	RBPJ	Blood	IB4	1833	1/2624	0/1	0	0	inf
SRX092453	TFs and others	RBPJ	Blood	IB4	7642	117/2624	0/1	0	0	inf
SRX092568	TFs and others	HCFC1	Uterus	HeLa	3257	493/2624	0/1	0	0	inf
SRX092569	TFs and others	HCFC1	Uterus	HeLa	1923	325/2624	0/1	0	0	inf
SRX092573	TFs and others	ZNF143	Uterus	HeLa	1936	323/2624	0/1	0	0	inf
SRX092574	TFs and others	THAP11	Uterus	HeLa	295	5/2624	0/1	0	0	inf
SRX092575	TFs and others	GABPA	Uterus	HeLa	3614	627/2624	0/1	0	0	inf
SRX092576	TFs and others	YY1	Uterus	HeLa	1521	185/2624	0/1	0	0	inf
SRX093189	TFs and others	SPI1	Blood	Macrophages	29256	132/2624	0/1	0	0	inf
SRX093190	TFs and others	CEBPB	Blood	Macrophages	11817	63/2624	0/1	0	0	inf
SRX093191	TFs and others	EGR2	Blood	Macrophages	470	1/2624	0/1	0	0	inf
SRX093192	TFs and others	EGR2	Blood	Macrophages	490	4/2624	0/1	0	0	inf
SRX093319	TFs and others	TP53	Lung	IMR-90	156	7/2624	0/1	0	0	inf
SRX093540	TFs and others	SUPT20H	Uterus	HeLa	302	1/2624	0/1	0	0	inf
SRX093541	TFs and others	SUPT20H	Blood	GM12878	240	5/2624	0/1	0	0	inf
SRX094468	TFs and others	TCF7L2	Liver	Hep G2	1774	11/2624	0/1	0	0	inf
SRX094469	TFs and others	TCF7L2	Digestive tract	HCT 116	15804	1118/2624	0/1	0	0	inf
SRX094470	TFs and others	TCF7L2	Kidney	293	4841	93/2624	0/1	0	0	inf
SRX095385	TFs and others	Epitope tags	Uterus	HeLa	479	11/2624	0/1	0	0	inf
SRX095386	TFs and others	Epitope tags	Uterus	HeLa	314	1/2624	0/1	0	0	inf
SRX095393	TFs and others	MYC	Blood	RAJI	159	14/2624	0/1	0	0	inf
SRX095394	TFs and others	MYC	Blood	CA46	244	17/2624	0/1	0	0	inf
SRX095395	TFs and others	MYC	Blood	BLUE-1	388	21/2624	0/1	0	0	inf
SRX095396	TFs and others	MYC	Blood	BL-41	4182	376/2624	0/1	0	0	inf
SRX095397	TFs and others	MYC	Blood	RAMOS	986	81/2624	0/1	0	0	inf
SRX095407	TFs and others	NCOA1	Breast	LY2	818	54/2624	0/1	0	0	inf
SRX095408	TFs and others	NCOA1	Breast	LY2	3188	313/2624	0/1	0	0	inf
SRX096343	TFs and others	VDR	Digestive tract	LS-180	151	1/2624	0/1	0	0	inf
SRX096344	TFs and others	VDR	Digestive tract	LS-180	1839	13/2624	0/1	0	0	inf
SRX096345	TFs and others	RXRA	Digestive tract	LS-180	446	3/2624	0/1	0	0	inf
SRX096346	TFs and others	RXRA	Digestive tract	LS-180	2028	9/2624	0/1	0	0	inf
SRX096347	TFs and others	CTNNB1	Digestive tract	LS-180	880	4/2624	0/1	0	0	inf
SRX096348	TFs and others	CTNNB1	Digestive tract	LS-180	690	5/2624	0/1	0	0	inf
SRX096349	TFs and others	TCF4	Digestive tract	LS-180	594	3/2624	0/1	0	0	inf
SRX096350	TFs and others	TCF4	Digestive tract	LS-180	771	4/2624	0/1	0	0	inf
SRX096351	TFs and others	CEBPB	Digestive tract	LS-180	22742	268/2624	0/1	0	0	inf
SRX096352	TFs and others	CEBPB	Digestive tract	LS-180	28552	280/2624	0/1	0	0	inf
SRX096353	TFs and others	CDX2	Digestive tract	LS-180	4924	31/2624	0/1	0	0	inf
SRX096354	TFs and others	CDX2	Digestive tract	LS-180	7097	45/2624	0/1	0	0	inf
SRX096356	TFs and others	Epitope tags	Bone	EWS502	5911	49/2624	0/1	0	0	inf
SRX096358	TFs and others	Epitope tags	Bone	EWS502	16890	1132/2624	0/1	0	0	inf
SRX096360	TFs and others	Epitope tags	Cardiovascular	HUVEC	13396	130/2624	0/1	0	0	inf
SRX096362	TFs and others	Epitope tags	Cardiovascular	HUVEC	27717	1015/2624	0/1	0	0	inf
SRX097068	TFs and others	GATA1	Blood	CD34+	5316	9/2624	0/1	0	0	inf
SRX097069	TFs and others	GATA1	Blood	CD34+	4655	8/2624	0/1	0	0	inf
SRX097070	TFs and others	GATA1	Blood	CD34+	5430	8/2624	0/1	0	0	inf
SRX097071	TFs and others	SMAD1	Blood	CD34+	747	3/2624	0/1	0	0	inf
SRX097072	TFs and others	SMAD1	Blood	CD34 Hematopoietic stem cells	21722	218/2624	0/1	0	0	inf
SRX097073	TFs and others	SMAD1	Blood	CD34 Hematopoietic stem cells	4383	18/2624	0/1	0	0	inf
SRX097074	TFs and others	TCF7L2	Blood	CD34 Hematopoietic stem cells	2258	93/2624	0/1	0	0	inf
SRX097075	TFs and others	TCF7L2	Blood	CD34 Hematopoietic stem cells	3078	113/2624	0/1	0	0	inf
SRX097085	TFs and others	GATA1	Blood	K-562	7392	7/2624	0/1	0	0	inf
SRX097086	TFs and others	GATA1	Blood	K-562	8898	12/2624	0/1	0	0	inf
SRX097087	TFs and others	GATA2	Blood	K-562	3457	9/2624	0/1	0	0	inf
SRX097088	TFs and others	GATA2	Blood	K-562	3005	9/2624	0/1	0	0	inf
SRX097089	TFs and others	SMAD1	Blood	K-562	9452	130/2624	0/1	0	0	inf
SRX097090	TFs and others	SMAD1	Blood	K-562	358	2/2624	0/1	0	0	inf
SRX097091	TFs and others	TCF7L2	Blood	K-562	809	11/2624	0/1	0	0	inf
SRX097095	TFs and others	CEBPA	Blood	U-937	38687	228/2624	0/1	0	0	inf
SRX097096	TFs and others	CEBPA	Blood	U-937	15908	88/2624	0/1	0	0	inf
SRX097097	TFs and others	SMAD1	Blood	U-937	23356	120/2624	0/1	0	0	inf
SRX097098	TFs and others	TCF7L2	Blood	U-937	938	16/2624	0/1	0	0	inf
SRX097105	TFs and others	CEBPA	Blood	K-562	3483	5/2624	0/1	0	0	inf
SRX097106	TFs and others	SMAD1	Blood	K-562	19285	60/2624	0/1	0	0	inf
SRX097108	TFs and others	GATA1	Blood	K-562	10354	219/2624	0/1	0	0	inf
SRX097109	TFs and others	GATA2	Blood	K-562	68	1/2624	0/1	0	0	inf
SRX097110	TFs and others	CEBPA	Blood	U-937	359	2/2624	0/1	0	0	inf
SRX097580	TFs and others	FOXP1	Pluripotent stem cell	hESC H9	3529	332/2624	0/1	0	0	inf
SRX097581	TFs and others	FOXP1	Pluripotent stem cell	hESC H9	3135	305/2624	0/1	0	0	inf
SRX099053	TFs and others	TP63	Epidermis	Keratinocytes	940	13/2624	0/1	0	0	inf
SRX099055	TFs and others	TP63	Epidermis	Keratinocytes	195	1/2624	0/1	0	0	inf
SRX099182	TFs and others	AR	Prostate	VCaP	15336	83/2624	0/1	0	0	inf
SRX099183	TFs and others	AR	Prostate	VCS2	14812	75/2624	0/1	0	0	inf
SRX099230	TFs and others	GATA1	Blood	PBMC	10143	195/2624	0/1	0	0	inf
SRX099231	TFs and others	GATA1	Blood	PBMC	5696	90/2624	0/1	0	0	inf
SRX099404	TFs and others	RB1	Lung	IMR-90	898	1/2624	0/1	0	0	inf
SRX099405	TFs and others	RBL1	Lung	IMR-90	2882	210/2624	0/1	0	0	inf
SRX099406	TFs and others	RBL2	Lung	IMR-90	230	3/2624	0/1	0	0	inf
SRX099628	TFs and others	EP300	Cardiovascular	Heart	92	1/2624	0/1	0	0	inf
SRX099629	TFs and others	EP300	Cardiovascular	Heart	164	2/2624	0/1	0	0	inf
SRX099863	TFs and others	CTCF	Breast	MCF-7	37830	613/2624	0/1	0	0	inf
SRX099864	TFs and others	CTCF	Breast	MCF-7	42570	595/2624	0/1	0	0	inf
SRX099866	TFs and others	MYC	Breast	MCF-7	12544	1213/2624	0/1	0	0	inf
SRX099870	TFs and others	CTCF	Others	FB8470	25998	484/2624	0/1	0	0	inf
SRX099871	TFs and others	CTCF	Others	FB8470	33738	584/2624	0/1	0	0	inf
SRX099872	TFs and others	MYC	Others	FB8470	100	3/2624	0/1	0	0	inf
SRX099873	TFs and others	MYC	Others	FB8470	100	2/2624	0/1	0	0	inf
SRX099875	TFs and others	CTCF	Others	FB0167P	26613	444/2624	0/1	0	0	inf
SRX099876	TFs and others	CTCF	Others	FB0167P	28190	427/2624	0/1	0	0	inf
SRX099877	TFs and others	MYC	Others	FB0167P	170	1/2624	0/1	0	0	inf
SRX099878	TFs and others	MYC	Others	FB0167P	272	3/2624	0/1	0	0	inf
SRX099882	TFs and others	CTCF	Neural	D54	41248	532/2624	0/1	0	0	inf
SRX099883	TFs and others	CTCF	Neural	D54	43512	554/2624	0/1	0	0	inf
SRX099884	TFs and others	MYC	Neural	D54	473	4/2624	0/1	0	0	inf
SRX099885	TFs and others	MYC	Neural	D54	479	2/2624	0/1	0	0	inf
SRX10003070	TFs and others	MSX2	Placenta	Trophoblast stem cells	5944	18/2624	0/1	0	0	inf
SRX10003071	TFs and others	MSX2	Placenta	Trophoblast stem cells	10516	37/2624	0/1	0	0	inf
SRX10003072	TFs and others	MSX2	Placenta	Trophoblast stem cells	1919	8/2624	0/1	0	0	inf
SRX10009626	TFs and others	TAF3	Blood	MM.1S	1018	38/2624	0/1	0	0	inf
SRX10009627	TFs and others	TAF3	Blood	MM.1S	835	8/2624	0/1	0	0	inf
SRX10020169	TFs and others	EZH2	Epidermis	A-375	519	2/2624	0/1	0	0	inf
SRX10020171	TFs and others	USP7	Epidermis	A-375	427	1/2624	0/1	0	0	inf
SRX10020172	TFs and others	EZH2	Epidermis	A-375	766	1/2624	0/1	0	0	inf
SRX100256	TFs and others	MEF2C	Cardiovascular	HUVEC	119	1/2624	0/1	0	0	inf
SRX100257	TFs and others	MEF2C	Cardiovascular	HUVEC	104	1/2624	0/1	0	0	inf
SRX100258	TFs and others	CREBBP	Breast	H3396	190	2/2624	0/1	0	0	inf
SRX100259	TFs and others	CREBBP	Breast	H3396	2535	5/2624	0/1	0	0	inf
SRX100261	TFs and others	CREBBP	Breast	H3396	3896	3/2624	0/1	0	0	inf
SRX100262	TFs and others	CREBBP	Breast	H3396	4370	1/2624	0/1	0	0	inf
SRX100263	TFs and others	CREBBP	Breast	H3396	1262	1/2624	0/1	0	0	inf
SRX100264	TFs and others	CREBBP	Breast	H3396	548	2/2624	0/1	0	0	inf
SRX100265	TFs and others	ESR1	Breast	H3396	818	36/2624	0/1	0	0	inf
SRX100266	TFs and others	ESR1	Breast	H3396	190	18/2624	0/1	0	0	inf
SRX100272	TFs and others	NCOA3	Breast	H3396	571	32/2624	0/1	0	0	inf
SRX100273	TFs and others	CARM1	Breast	H3396	227	2/2624	0/1	0	0	inf
SRX100274	TFs and others	CARM1	Breast	H3396	132	1/2624	0/1	0	0	inf
SRX10030477	TFs and others	AR	Prostate	LNCAP	1138	2/2624	0/1	0	0	inf
SRX10030478	TFs and others	AR	Prostate	LNCAP	5184	7/2624	0/1	0	0	inf
SRX10030479	TFs and others	AR	Prostate	LNCAP	455	23/2624	0/1	0	0	inf
SRX10030480	TFs and others	AR	Prostate	LNCAP	369	12/2624	0/1	0	0	inf
SRX10030481	TFs and others	AR	Prostate	LNCAP	663	43/2624	0/1	0	0	inf
SRX100320	TFs and others	GATA2	Blood	CD34 Hematopoietic stem cells	1373	265/2624	0/1	0	0	inf
SRX100321	TFs and others	SMAD1	Blood	CD34+	933	3/2624	0/1	0	0	inf
SRX100378	TFs and others	CTCF	Neural	SK-N-SH	37091	495/2624	0/1	0	0	inf
SRX100381	TFs and others	TCF12	Liver	Hep G2	2828	94/2624	0/1	0	0	inf
SRX100382	TFs and others	PAX5	Blood	GM12891	3467	191/2624	0/1	0	0	inf
SRX100383	TFs and others	SIX5	Blood	GM12878	3844	568/2624	0/1	0	0	inf
SRX100385	TFs and others	NR3C1	Uterus	ECC-1	8616	157/2624	0/1	0	0	inf
SRX100386	TFs and others	RXRA	Blood	GM12878	422	19/2624	0/1	0	0	inf
SRX100387	TFs and others	BCL3	Blood	GM12878	11004	182/2624	0/1	0	0	inf
SRX100389	TFs and others	REST	Liver	Hep G2	6889	393/2624	0/1	0	0	inf
SRX100390	TFs and others	HDAC2	Pluripotent stem cell	hESC H1	3803	174/2624	0/1	0	0	inf
SRX100392	TFs and others	USF1	Blood	GM12878	5439	386/2624	0/1	0	0	inf
SRX100393	TFs and others	CTCF	Breast	T-47D	22319	350/2624	0/1	0	0	inf
SRX100394	TFs and others	REST	Blood	GM12878	4548	70/2624	0/1	0	0	inf
SRX100395	TFs and others	SRF	Blood	GM12878	3053	304/2624	0/1	0	0	inf
SRX100398	TFs and others	FOXP2	Neural	SK-N-MC	3362	381/2624	0/1	0	0	inf
SRX100401	TFs and others	GABPA	Blood	GM12878	4967	739/2624	0/1	0	0	inf
SRX100402	TFs and others	NR3C1	Lung	A549	1528	41/2624	0/1	0	0	inf
SRX100403	TFs and others	NR3C1	Lung	A549	18421	319/2624	0/1	0	0	inf
SRX100404	TFs and others	NR3C1	Lung	A549	7997	98/2624	0/1	0	0	inf
SRX100407	TFs and others	PAX5	Blood	GM12878	15730	645/2624	0/1	0	0	inf
SRX100410	TFs and others	REST	Pluripotent stem cell	hESC H1	10690	78/2624	0/1	0	0	inf
SRX100414	TFs and others	REST	Neural	PFSK-1	10212	732/2624	0/1	0	0	inf
SRX100415	TFs and others	REST	Pancreas	PANC-1	6671	541/2624	0/1	0	0	inf
SRX100416	TFs and others	NR3C1	Lung	A549	15364	835/2624	0/1	0	0	inf
SRX100417	TFs and others	REST	Neural	U-87 MG	11834	1228/2624	0/1	0	0	inf
SRX100418	TFs and others	NR3C1	Lung	A549	7057	767/2624	0/1	0	0	inf
SRX100419	TFs and others	ESR1	Breast	T-47D	9756	180/2624	0/1	0	0	inf
SRX100422	TFs and others	SP1	Pluripotent stem cell	hESC H1	15925	1293/2624	0/1	0	0	inf
SRX100423	TFs and others	SIX5	Blood	K-562	2815	365/2624	0/1	0	0	inf
SRX100424	TFs and others	MEF2A	Blood	K-562	3121	41/2624	0/1	0	0	inf
SRX100425	TFs and others	ATF3	Blood	K-562	12575	764/2624	0/1	0	0	inf
SRX100427	TFs and others	FOSL1	Pluripotent stem cell	hESC H1	747	20/2624	0/1	0	0	inf
SRX100428	TFs and others	SIX5	Blood	K-562	2616	337/2624	0/1	0	0	inf
SRX100431	TFs and others	EBF1	Blood	GM12878	32271	582/2624	0/1	0	0	inf
SRX100432	TFs and others	EP300	Blood	GM12878	1656	59/2624	0/1	0	0	inf
SRX100433	TFs and others	BCL11A	Blood	GM12878	13795	84/2624	0/1	0	0	inf
SRX100434	TFs and others	TCF12	Blood	GM12878	15896	642/2624	0/1	0	0	inf
SRX100435	TFs and others	IRF4	Blood	GM12878	13240	296/2624	0/1	0	0	inf
SRX100436	TFs and others	PAX5	Blood	GM12878	14922	693/2624	0/1	0	0	inf
SRX100437	TFs and others	ZBTB33	Blood	GM12878	1615	245/2624	0/1	0	0	inf
SRX100440	TFs and others	NR3C1	Lung	A549	682	2/2624	0/1	0	0	inf
SRX100441	TFs and others	BCL11A	Pluripotent stem cell	hESC H1	609	3/2624	0/1	0	0	inf
SRX100442	TFs and others	POU2F2	Blood	GM12891	13378	946/2624	0/1	0	0	inf
SRX100446	TFs and others	CTCFL	Blood	K-562	8898	359/2624	0/1	0	0	inf
SRX100447	TFs and others	SP2	Blood	K-562	2607	549/2624	0/1	0	0	inf
SRX100448	TFs and others	FOXA2	Liver	Hep G2	45168	316/2624	0/1	0	0	inf
SRX100449	TFs and others	HNF4G	Liver	Hep G2	15992	260/2624	0/1	0	0	inf
SRX100450	TFs and others	SIX5	Pluripotent stem cell	hESC H1	2769	302/2624	0/1	0	0	inf
SRX100452	TFs and others	TAF7	Blood	K-562	1974	77/2624	0/1	0	0	inf
SRX10045331	TFs and others	ASXL1	Breast	CAL-51	1053	96/2624	0/1	0	0	inf
SRX10045332	TFs and others	ASXL1	Breast	CAL-51	625	14/2624	0/1	0	0	inf
SRX10045337	TFs and others	ASXL1	Breast	CAL-51	1371	130/2624	0/1	0	0	inf
SRX10045338	TFs and others	ASXL1	Breast	CAL-51	1021	99/2624	0/1	0	0	inf
SRX10045339	TFs and others	BAP1	Breast	CAL-51	508	59/2624	0/1	0	0	inf
SRX10045340	TFs and others	BAP1	Breast	CAL-51	810	105/2624	0/1	0	0	inf
SRX10045343	TFs and others	ASXL1	Blood	THP-1	3423	518/2624	0/1	0	0	inf
SRX10045345	TFs and others	BAP1	Blood	THP-1	3091	610/2624	0/1	0	0	inf
SRX10045346	TFs and others	BAP1	Blood	THP-1	4688	850/2624	0/1	0	0	inf
SRX10045363	TFs and others	ASXL1	Blood	THP-1	6630	955/2624	0/1	0	0	inf
SRX100453	TFs and others	THAP1	Blood	K-562	2660	388/2624	0/1	0	0	inf
SRX100454	TFs and others	FOXA1	Breast	T-47D	44490	910/2624	0/1	0	0	inf
SRX1004562	TFs and others	YAP1	Lung	MSTO-211H	272	1/2624	0/1	0	0	inf
SRX1004563	TFs and others	TEAD1	Lung	MSTO-211H	10879	116/2624	0/1	0	0	inf
SRX100456	TFs and others	ZEB1	Blood	GM12878	3206	294/2624	0/1	0	0	inf
SRX100461	TFs and others	RAD21	Blood	GM12878	34353	373/2624	0/1	0	0	inf
SRX100463	TFs and others	ZBTB33	Liver	Hep G2	1575	230/2624	0/1	0	0	inf
SRX100464	TFs and others	CTCF	Pluripotent stem cell	hESC H1	47015	512/2624	0/1	0	0	inf
SRX100465	TFs and others	MEF2C	Blood	GM12878	5238	118/2624	0/1	0	0	inf
SRX100466	TFs and others	ESR1	Uterus	ECC-1	1592	151/2624	0/1	0	0	inf
SRX100467	TFs and others	ESR1	Uterus	ECC-1	12640	282/2624	0/1	0	0	inf
SRX10046975	TFs and others	HOXA13	Liver	Hep G2	595	1/2624	0/1	0	0	inf
SRX10046978	TFs and others	Epitope tags	Liver	Hep G2	2663	69/2624	0/1	0	0	inf
SRX10046981	TFs and others	HOXA13	Liver	HuH-7	719	4/2624	0/1	0	0	inf
SRX10046984	TFs and others	Epitope tags	Liver	HuH-7	689	3/2624	0/1	0	0	inf
SRX100469	TFs and others	GABPA	Pluripotent stem cell	hESC H1	5646	473/2624	0/1	0	0	inf
SRX100470	TFs and others	SRF	Pluripotent stem cell	hESC H1	3719	201/2624	0/1	0	0	inf
SRX100471	TFs and others	USF1	Pluripotent stem cell	hESC H1	22982	609/2624	0/1	0	0	inf
SRX100472	TFs and others	TCF12	Pluripotent stem cell	hESC H1	7180	205/2624	0/1	0	0	inf
SRX100473	TFs and others	SIN3A	Pluripotent stem cell	hESC H1	5515	396/2624	0/1	0	0	inf
SRX100474	TFs and others	USF1	Lung	A549	7793	540/2624	0/1	0	0	inf
SRX100477	TFs and others	FOXA1	Liver	Hep G2	40753	482/2624	0/1	0	0	inf
SRX100482	TFs and others	NANOG	Pluripotent stem cell	hESC H1	6755	70/2624	0/1	0	0	inf
SRX100483	TFs and others	POU5F1	Pluripotent stem cell	hESC H1	1775	6/2624	0/1	0	0	inf
SRX100484	TFs and others	FOSL1	Blood	K-562	6876	107/2624	0/1	0	0	inf
SRX100485	TFs and others	REST	Blood	K-562	14570	408/2624	0/1	0	0	inf
SRX100486	TFs and others	USF1	Blood	K-562	15153	598/2624	0/1	0	0	inf
SRX100487	TFs and others	ETS1	Blood	K-562	7713	890/2624	0/1	0	0	inf
SRX100489	TFs and others	FOXA1	Uterus	ECC-1	3523	104/2624	0/1	0	0	inf
SRX100492	TFs and others	RAD21	Blood	K-562	38124	509/2624	0/1	0	0	inf
SRX100494	TFs and others	ZBTB33	Liver	Hep G2	1808	233/2624	0/1	0	0	inf
SRX100496	TFs and others	FOSL2	Liver	Hep G2	25845	1005/2624	0/1	0	0	inf
SRX100497	TFs and others	RXRA	Liver	Hep G2	13101	262/2624	0/1	0	0	inf
SRX10049884	TFs and others	CTCF	Uterus	HeLa	220	2/2624	0/1	0	0	inf
SRX10049885	TFs and others	CTCF	Uterus	HeLa	390	2/2624	0/1	0	0	inf
SRX10049887	TFs and others	CTCF	Uterus	HeLa	615	1/2624	0/1	0	0	inf
SRX10049888	TFs and others	SMC3	Uterus	HeLa	247	1/2624	0/1	0	0	inf
SRX10049889	TFs and others	SMC3	Uterus	HeLa	171	1/2624	0/1	0	0	inf
SRX10049890	TFs and others	SMC3	Uterus	HeLa	417	1/2624	0/1	0	0	inf
SRX10049891	TFs and others	SMC3	Uterus	HeLa	609	1/2624	0/1	0	0	inf
SRX10049892	TFs and others	CTCF	Uterus	HeLa	285	2/2624	0/1	0	0	inf
SRX10049893	TFs and others	CTCF	Uterus	HeLa	334	2/2624	0/1	0	0	inf
SRX10049894	TFs and others	CTCF	Uterus	HeLa	570	1/2624	0/1	0	0	inf
SRX10049895	TFs and others	CTCF	Uterus	HeLa	698	1/2624	0/1	0	0	inf
SRX10049898	TFs and others	SMC3	Uterus	HeLa	865	1/2624	0/1	0	0	inf
SRX10049899	TFs and others	SMC3	Uterus	HeLa	1088	1/2624	0/1	0	0	inf
SRX100498	TFs and others	CTCF	Lung	A549	32293	414/2624	0/1	0	0	inf
SRX10049900	TFs and others	RAD21	Uterus	HeLa	249	2/2624	0/1	0	0	inf
SRX10049901	TFs and others	RAD21	Uterus	HeLa	378	1/2624	0/1	0	0	inf
SRX10049902	TFs and others	RAD21	Uterus	HeLa	593	1/2624	0/1	0	0	inf
SRX10049903	TFs and others	RAD21	Uterus	HeLa	903	1/2624	0/1	0	0	inf
SRX100499	TFs and others	GABPA	Uterus	HeLa	5351	751/2624	0/1	0	0	inf
SRX100500	TFs and others	TAF1	Uterus	HeLa	10333	1222/2624	0/1	0	0	inf
SRX100501	TFs and others	CTCF	Lung	A549	28348	385/2624	0/1	0	0	inf
SRX100502	TFs and others	USF1	Lung	A549	8050	590/2624	0/1	0	0	inf
SRX100503	TFs and others	ZBTB33	Digestive tract	HCT 116	1842	322/2624	0/1	0	0	inf
SRX100505	TFs and others	HNF4A	Liver	Hep G2	21225	302/2624	0/1	0	0	inf
SRX100506	TFs and others	FOXA1	Liver	Hep G2	50229	443/2624	0/1	0	0	inf
SRX100509	TFs and others	NR3C1	Uterus	ECC-1	1029	39/2624	0/1	0	0	inf
SRX100511	TFs and others	RAD21	Pluripotent stem cell	hESC H1	77915	824/2624	0/1	0	0	inf
SRX100516	TFs and others	HDAC2	Blood	K-562	3421	87/2624	0/1	0	0	inf
SRX100517	TFs and others	USF1	Neural	SK-N-SH	17025	962/2624	0/1	0	0	inf
SRX100521	TFs and others	BCL11A	Pluripotent stem cell	hESC H1	271	1/2624	0/1	0	0	inf
SRX100522	TFs and others	SRF	Blood	GM12878	7072	555/2624	0/1	0	0	inf
SRX100523	TFs and others	REST	Uterus	HeLa	7806	73/2624	0/1	0	0	inf
SRX100525	TFs and others	FOXP2	Neural	PFSK-1	3107	435/2624	0/1	0	0	inf
SRX100528	TFs and others	BHLHE40	Liver	Hep G2	1590	68/2624	0/1	0	0	inf
SRX100531	TFs and others	CTCF	Liver	Hep G2	50715	564/2624	0/1	0	0	inf
SRX100534	TFs and others	TAF1	Blood	GM12892	6089	806/2624	0/1	0	0	inf
SRX100538	TFs and others	HDAC2	Liver	Hep G2	16221	581/2624	0/1	0	0	inf
SRX100540	TFs and others	EP300	Neural	SK-N-SH	49529	964/2624	0/1	0	0	inf
SRX100542	TFs and others	RAD21	Neural	SK-N-SH	67361	941/2624	0/1	0	0	inf
SRX100544	TFs and others	EP300	Liver	Hep G2	24398	527/2624	0/1	0	0	inf
SRX100545	TFs and others	JUND	Liver	Hep G2	19848	1050/2624	0/1	0	0	inf
SRX100547	TFs and others	SRF	Liver	Hep G2	3863	268/2624	0/1	0	0	inf
SRX100548	TFs and others	ATF3	Liver	Hep G2	2394	244/2624	0/1	0	0	inf
SRX100549	TFs and others	ZBTB33	Blood	K-562	1929	222/2624	0/1	0	0	inf
SRX100550	TFs and others	SP1	Blood	K-562	3954	665/2624	0/1	0	0	inf
SRX100551	TFs and others	RXRA	Pluripotent stem cell	hESC H1	800	15/2624	0/1	0	0	inf
SRX100552	TFs and others	SP1	Liver	Hep G2	19133	1126/2624	0/1	0	0	inf
SRX100553	TFs and others	ATF3	Blood	GM12878	2338	256/2624	0/1	0	0	inf
SRX100554	TFs and others	BCLAF1	Blood	GM12878	16961	904/2624	0/1	0	0	inf
SRX100555	TFs and others	ETS1	Blood	GM12878	6268	705/2624	0/1	0	0	inf
SRX100556	TFs and others	MEF2A	Blood	GM12878	12624	271/2624	0/1	0	0	inf
SRX100557	TFs and others	ATF3	Pluripotent stem cell	hESC H1	2609	249/2624	0/1	0	0	inf
SRX100559	TFs and others	GATA3	Breast	T-47D	37640	574/2624	0/1	0	0	inf
SRX100560	TFs and others	BCLAF1	Blood	K-562	1785	185/2624	0/1	0	0	inf
SRX100562	TFs and others	RAD21	Liver	Hep G2	51580	608/2624	0/1	0	0	inf
SRX100563	TFs and others	BCL3	Blood	K-562	506	4/2624	0/1	0	0	inf
SRX100564	TFs and others	ESR1	Breast	T-47D	1639	117/2624	0/1	0	0	inf
SRX100565	TFs and others	SRF	Blood	K-562	3039	269/2624	0/1	0	0	inf
SRX10056751	TFs and others	MBD2	Liver	Liver	77	1/2624	0/1	0	0	inf
SRX10056752	TFs and others	MBD2	Liver	Liver	251	1/2624	0/1	0	0	inf
SRX100567	TFs and others	EP300	Breast	T-47D	9309	236/2624	0/1	0	0	inf
SRX100569	TFs and others	GABPA	Blood	K-562	11429	1202/2624	0/1	0	0	inf
SRX100570	TFs and others	SIN3A	Blood	K-562	7407	684/2624	0/1	0	0	inf
SRX100572	TFs and others	USF1	Liver	Hep G2	19649	692/2624	0/1	0	0	inf
SRX100574	TFs and others	JUND	Pluripotent stem cell	hESC H1	7626	437/2624	0/1	0	0	inf
SRX100577	TFs and others	PBX3	Blood	GM12878	8465	537/2624	0/1	0	0	inf
SRX100579	TFs and others	POU2F2	Blood	GM12878	23037	1307/2624	0/1	0	0	inf
SRX100583	TFs and others	BATF	Blood	GM12878	28200	163/2624	0/1	0	0	inf
SRX100584	TFs and others	ESR1	Breast	T-47D	11319	139/2624	0/1	0	0	inf
SRX100585	TFs and others	GATA2	Blood	K-562	14830	66/2624	0/1	0	0	inf
SRX100586	TFs and others	ESR1	Uterus	ECC-1	9117	266/2624	0/1	0	0	inf
SRX100587	TFs and others	EP300	Pluripotent stem cell	hESC H1	6469	366/2624	0/1	0	0	inf
SRX10059515	TFs and others	CEBPD	Others	Fibroblasts	11907	107/2624	0/1	0	0	inf
SRX10059516	TFs and others	CEBPD	Others	Fibroblasts	23187	237/2624	0/1	0	0	inf
SRX10059517	TFs and others	CEBPD	Others	Fibroblasts	25668	269/2624	0/1	0	0	inf
SRX10059518	TFs and others	CEBPD	Others	Fibroblasts	32232	325/2624	0/1	0	0	inf
SRX10059519	TFs and others	CEBPD	Others	Fibroblasts	29181	308/2624	0/1	0	0	inf
SRX10059520	TFs and others	CEBPD	Others	Fibroblasts	32476	342/2624	0/1	0	0	inf
SRX10060725	TFs and others	EBF1	Blood	697	53918	762/2624	0/1	0	0	inf
SRX1007721	TFs and others	E2F1	Epidermis	SK-MEL-147	760	4/2624	0/1	0	0	inf
SRX10079802	TFs and others	DROSHA	Bone	U2OS	680	1/2624	0/1	0	0	inf
SRX10079803	TFs and others	DROSHA	Bone	U2OS	830	1/2624	0/1	0	0	inf
SRX100941	TFs and others	TCF7L2	Uterus	HeLa	1457	63/2624	0/1	0	0	inf
SRX100942	TFs and others	TCF7L2	Pancreas	PANC-1	6585	409/2624	0/1	0	0	inf
SRX100943	TFs and others	TCF7L2	Breast	MCF-7	6379	160/2624	0/1	0	0	inf
SRX10101683	TFs and others	SMARCA2	Pluripotent stem cell	hESC WIBR3	710	1/2624	0/1	0	0	inf
SRX10101685	TFs and others	SOX2	Pluripotent stem cell	hESC WIBR3	1145	5/2624	0/1	0	0	inf
SRX10104970	TFs and others	PPARG	Others	5637	2118	51/2624	0/1	0	0	inf
SRX10104971	TFs and others	PPARG	Others	5637	578	1/2624	0/1	0	0	inf
SRX10104974	TFs and others	RXRA	Others	5637	702	2/2624	0/1	0	0	inf
SRX10104975	TFs and others	RXRA	Others	5637	10173	287/2624	0/1	0	0	inf
SRX1011293	TFs and others	GFP	Liver	HuCCT1	200	1/2624	0/1	0	0	inf
SRX1011294	TFs and others	YAP1	Liver	HuCCT1	286	1/2624	0/1	0	0	inf
SRX1011297	TFs and others	YAP1	Liver	HuCCT1	374	1/2624	0/1	0	0	inf
SRX1011298	TFs and others	TEAD1	Liver	HuCCT1	13634	144/2624	0/1	0	0	inf
SRX1011299	TFs and others	TEAD4	Liver	HuCCT1	3995	63/2624	0/1	0	0	inf
SRX1011300	TFs and others	WWTR1	Liver	HuCCT1	412	1/2624	0/1	0	0	inf
SRX101130	TFs and others	AR	Prostate	VCaP	41655	34/2624	0/1	0	0	inf
SRX101131	TFs and others	AR	Prostate	VCaP	10795	18/2624	0/1	0	0	inf
SRX101132	TFs and others	AR	Prostate	VCaP	36862	37/2624	0/1	0	0	inf
SRX101133	TFs and others	AR	Prostate	VCaP	21114	27/2624	0/1	0	0	inf
SRX101134	TFs and others	AR	Prostate	VCaP	9149	8/2624	0/1	0	0	inf
SRX101135	TFs and others	AR	Prostate	VCaP	23488	26/2624	0/1	0	0	inf
SRX101136	TFs and others	AR	Prostate	VCaP	14813	18/2624	0/1	0	0	inf
SRX101137	TFs and others	AR	Prostate	VCaP	17142	27/2624	0/1	0	0	inf
SRX101163	TFs and others	TCF7L2	Blood	K-562	1968	9/2624	0/1	0	0	inf
SRX10119110	TFs and others	CEBPA	Blood	MV-4-11	386	6/2624	0/1	0	0	inf
SRX10119111	TFs and others	CEBPA	Blood	MV-4-11	381	5/2624	0/1	0	0	inf
SRX10119112	TFs and others	CEBPA	Blood	MV-4-11	362	6/2624	0/1	0	0	inf
SRX10119113	TFs and others	CEBPA	Blood	MV-4-11	7250	346/2624	0/1	0	0	inf
SRX10119114	TFs and others	CEBPA	Blood	MV-4-11	7130	341/2624	0/1	0	0	inf
SRX10119115	TFs and others	CEBPA	Blood	MV-4-11	1649	56/2624	0/1	0	0	inf
SRX10119116	TFs and others	JUN	Blood	MV-4-11	317	1/2624	0/1	0	0	inf
SRX10119117	TFs and others	JUN	Blood	MV-4-11	592	1/2624	0/1	0	0	inf
SRX10119118	TFs and others	JUN	Blood	MV-4-11	285	1/2624	0/1	0	0	inf
SRX10119119	TFs and others	JUN	Blood	MV-4-11	357	1/2624	0/1	0	0	inf
SRX10119120	TFs and others	JUN	Blood	MV-4-11	394	1/2624	0/1	0	0	inf
SRX10119121	TFs and others	JUN	Blood	MV-4-11	392	1/2624	0/1	0	0	inf
SRX10119122	TFs and others	LYL1	Blood	MV-4-11	3912	46/2624	0/1	0	0	inf
SRX10119123	TFs and others	LYL1	Blood	MV-4-11	3263	37/2624	0/1	0	0	inf
SRX10119124	TFs and others	LYL1	Blood	MV-4-11	3335	32/2624	0/1	0	0	inf
SRX10119128	TFs and others	SPI1	Blood	MV-4-11	270	1/2624	0/1	0	0	inf
SRX10119129	TFs and others	SPI1	Blood	MV-4-11	243	1/2624	0/1	0	0	inf
SRX10119130	TFs and others	SPI1	Blood	MV-4-11	266	1/2624	0/1	0	0	inf
SRX10119131	TFs and others	SPI1	Blood	MV-4-11	465	1/2624	0/1	0	0	inf
SRX10119132	TFs and others	SPI1	Blood	MV-4-11	343	1/2624	0/1	0	0	inf
SRX10119133	TFs and others	SPI1	Blood	MV-4-11	338	1/2624	0/1	0	0	inf
SRX10119134	TFs and others	RUNX1	Blood	MV-4-11	33412	243/2624	0/1	0	0	inf
SRX10119135	TFs and others	RUNX1	Blood	MV-4-11	39133	319/2624	0/1	0	0	inf
SRX10119136	TFs and others	RUNX1	Blood	MV-4-11	34357	244/2624	0/1	0	0	inf
SRX10119137	TFs and others	RUNX1	Blood	MV-4-11	2685	15/2624	0/1	0	0	inf
SRX10119138	TFs and others	RUNX1	Blood	MV-4-11	3555	23/2624	0/1	0	0	inf
SRX10119139	TFs and others	RUNX1	Blood	MV-4-11	3040	15/2624	0/1	0	0	inf
SRX10119140	TFs and others	CREBBP	Blood	MV-4-11	1568	135/2624	0/1	0	0	inf
SRX10119141	TFs and others	CREBBP	Blood	MV-4-11	1502	136/2624	0/1	0	0	inf
SRX10119142	TFs and others	CREBBP	Blood	MV-4-11	1569	133/2624	0/1	0	0	inf
SRX10119143	TFs and others	CREB1	Blood	MV-4-11	963	98/2624	0/1	0	0	inf
SRX10119144	TFs and others	CREB1	Blood	MV-4-11	1224	136/2624	0/1	0	0	inf
SRX10119145	TFs and others	CREB1	Blood	MV-4-11	1268	139/2624	0/1	0	0	inf
SRX10119147	TFs and others	MYB	Blood	MV-4-11	856	16/2624	0/1	0	0	inf
SRX10119148	TFs and others	MYB	Blood	MV-4-11	570	3/2624	0/1	0	0	inf
SRX10119149	TFs and others	MYB	Blood	MV-4-11	748	8/2624	0/1	0	0	inf
SRX10119150	TFs and others	CREBBP	Blood	MV-4-11	1130	118/2624	0/1	0	0	inf
SRX10119151	TFs and others	CREBBP	Blood	MV-4-11	949	101/2624	0/1	0	0	inf
SRX10119152	TFs and others	CREBBP	Blood	MV-4-11	901	90/2624	0/1	0	0	inf
SRX10119153	TFs and others	CREB1	Blood	MV-4-11	1990	297/2624	0/1	0	0	inf
SRX10119154	TFs and others	CREB1	Blood	MV-4-11	2036	308/2624	0/1	0	0	inf
SRX10119155	TFs and others	CREB1	Blood	MV-4-11	1902	281/2624	0/1	0	0	inf
SRX10119157	TFs and others	MYB	Blood	MV-4-11	643	12/2624	0/1	0	0	inf
SRX10119158	TFs and others	MYB	Blood	MV-4-11	688	11/2624	0/1	0	0	inf
SRX10119159	TFs and others	MYB	Blood	MV-4-11	615	6/2624	0/1	0	0	inf
SRX10119160	TFs and others	CREBBP	Blood	MV-4-11	4085	362/2624	0/1	0	0	inf
SRX10119161	TFs and others	CREBBP	Blood	MV-4-11	5195	464/2624	0/1	0	0	inf
SRX10119162	TFs and others	CREBBP	Blood	MV-4-11	6550	592/2624	0/1	0	0	inf
SRX10119163	TFs and others	CREB1	Blood	MV-4-11	403	10/2624	0/1	0	0	inf
SRX10119164	TFs and others	CREB1	Blood	MV-4-11	391	14/2624	0/1	0	0	inf
SRX10119165	TFs and others	CREB1	Blood	MV-4-11	377	10/2624	0/1	0	0	inf
SRX10119167	TFs and others	MYB	Blood	MV-4-11	296	1/2624	0/1	0	0	inf
SRX10119168	TFs and others	MYB	Blood	MV-4-11	282	1/2624	0/1	0	0	inf
SRX10119169	TFs and others	MYB	Blood	MV-4-11	357	1/2624	0/1	0	0	inf
SRX10119170	TFs and others	CREBBP	Blood	MV-4-11	947	87/2624	0/1	0	0	inf
SRX10119171	TFs and others	CREBBP	Blood	MV-4-11	893	85/2624	0/1	0	0	inf
SRX10119172	TFs and others	CREBBP	Blood	MV-4-11	1398	124/2624	0/1	0	0	inf
SRX10119173	TFs and others	CREB1	Blood	MV-4-11	597	45/2624	0/1	0	0	inf
SRX10119174	TFs and others	CREB1	Blood	MV-4-11	758	58/2624	0/1	0	0	inf
SRX10119175	TFs and others	CREB1	Blood	MV-4-11	690	55/2624	0/1	0	0	inf
SRX10119177	TFs and others	MYB	Blood	MV-4-11	402	1/2624	0/1	0	0	inf
SRX10119178	TFs and others	MYB	Blood	MV-4-11	418	3/2624	0/1	0	0	inf
SRX10119179	TFs and others	MYB	Blood	MV-4-11	389	1/2624	0/1	0	0	inf
SRX10119363	TFs and others	YAP1	Breast	MCF 10A	10488	129/2624	0/1	0	0	inf
SRX10119364	TFs and others	YAP1	Breast	MCF 10A	17615	204/2624	0/1	0	0	inf
SRX10119365	TFs and others	YAP1	Breast	MCF 10A	12095	176/2624	0/1	0	0	inf
SRX10119366	TFs and others	YAP1	Breast	MCF 10A	5445	100/2624	0/1	0	0	inf
SRX10119367	TFs and others	WWTR1	Breast	MCF 10A	32483	494/2624	0/1	0	0	inf
SRX10119368	TFs and others	WWTR1	Breast	MCF 10A	20172	309/2624	0/1	0	0	inf
SRX10119369	TFs and others	WWTR1	Breast	MCF 10A	10656	260/2624	0/1	0	0	inf
SRX10119370	TFs and others	WWTR1	Breast	MCF 10A	17473	315/2624	0/1	0	0	inf
SRX10119371	TFs and others	TEAD1	Breast	MCF 10A	4102	100/2624	0/1	0	0	inf
SRX10119372	TFs and others	TEAD1	Breast	MCF 10A	7577	154/2624	0/1	0	0	inf
SRX10119373	TFs and others	TEAD1	Breast	MCF 10A	3024	88/2624	0/1	0	0	inf
SRX10119374	TFs and others	TEAD1	Breast	MCF 10A	3043	67/2624	0/1	0	0	inf
SRX10119375	TFs and others	YAP1	Breast	MCF 10A	19643	218/2624	0/1	0	0	inf
SRX10119376	TFs and others	YAP1	Breast	MCF 10A	19125	202/2624	0/1	0	0	inf
SRX10119377	TFs and others	WWTR1	Breast	MCF 10A	12788	165/2624	0/1	0	0	inf
SRX10119378	TFs and others	WWTR1	Breast	MCF 10A	31435	336/2624	0/1	0	0	inf
SRX10119379	TFs and others	STAT3	Breast	MCF 10A	478	8/2624	0/1	0	0	inf
SRX10119380	TFs and others	STAT3	Breast	MCF 10A	5508	163/2624	0/1	0	0	inf
SRX10119381	TFs and others	STAT3	Breast	MCF 10A	1243	67/2624	0/1	0	0	inf
SRX10119382	TFs and others	STAT3	Breast	MCF 10A	5073	143/2624	0/1	0	0	inf
SRX10119383	TFs and others	JUNB	Breast	MCF 10A	17129	138/2624	0/1	0	0	inf
SRX10119384	TFs and others	JUNB	Breast	MCF 10A	15047	103/2624	0/1	0	0	inf
SRX10119385	TFs and others	JUNB	Breast	MCF 10A	11544	111/2624	0/1	0	0	inf
SRX10119386	TFs and others	JUNB	Breast	MCF 10A	22168	147/2624	0/1	0	0	inf
SRX10119387	TFs and others	YAP1	Breast	MDA-MB-231	16483	312/2624	0/1	0	0	inf
SRX10119388	TFs and others	YAP1	Breast	MDA-MB-231	16604	238/2624	0/1	0	0	inf
SRX10119389	TFs and others	WWTR1	Breast	MDA-MB-231	9788	209/2624	0/1	0	0	inf
SRX10119390	TFs and others	WWTR1	Breast	MDA-MB-231	10992	199/2624	0/1	0	0	inf
SRX10119391	TFs and others	TEAD1	Breast	MDA-MB-231	2041	79/2624	0/1	0	0	inf
SRX10119392	TFs and others	TEAD1	Breast	MDA-MB-231	1414	42/2624	0/1	0	0	inf
SRX10119393	TFs and others	STAT3	Breast	MDA-MB-231	290	14/2624	0/1	0	0	inf
SRX10119394	TFs and others	STAT3	Breast	MDA-MB-231	177	11/2624	0/1	0	0	inf
SRX10119395	TFs and others	JUNB	Breast	MDA-MB-231	21847	175/2624	0/1	0	0	inf
SRX10119396	TFs and others	JUNB	Breast	MDA-MB-231	24949	183/2624	0/1	0	0	inf
SRX10120399	TFs and others	ATF4	Liver	Hep G2	2284	24/2624	0/1	0	0	inf
SRX10120401	TFs and others	TRIB3	Liver	Hep G2	1819	16/2624	0/1	0	0	inf
SRX10120402	TFs and others	ATF4	Liver	Hep G2	2051	21/2624	0/1	0	0	inf
SRX10120404	TFs and others	TRIB3	Liver	Hep G2	5936	55/2624	0/1	0	0	inf
SRX10120406	TFs and others	Epitope tags	Liver	Hep G2	294	1/2624	0/1	0	0	inf
SRX10120408	TFs and others	TRIB3	Liver	Hep G2	8312	72/2624	0/1	0	0	inf
SRX10120410	TFs and others	TRIB3	Liver	Hep G2	441	1/2624	0/1	0	0	inf
SRX10120412	TFs and others	TRIB3	Liver	Hep G2	467	3/2624	0/1	0	0	inf
SRX1012146	TFs and others	SMAD3	Epidermis	BJ	68	1/2624	0/1	0	0	inf
SRX1012221	TFs and others	MLLT3	Pluripotent stem cell	hESC derived neural cells	416	1/2624	0/1	0	0	inf
SRX1012222	TFs and others	TET2	Pluripotent stem cell	hESC derived neural cells	324	1/2624	0/1	0	0	inf
SRX1012536	TFs and others	FOXO1	Blood	B cells	2671	15/2624	0/1	0	0	inf
SRX1012537	TFs and others	FOXO1	Blood	B cells	841	4/2624	0/1	0	0	inf
SRX1012538	TFs and others	BCL6	Blood	B cells	7052	125/2624	0/1	0	0	inf
SRX1012539	TFs and others	BCL6	Blood	B cells	4719	104/2624	0/1	0	0	inf
SRX1012594	TFs and others	ESR1	Breast	T-47D	2999	31/2624	0/1	0	0	inf
SRX1012595	TFs and others	ESR1	Breast	T-47D	1443	18/2624	0/1	0	0	inf
SRX1012596	TFs and others	ESR1	Breast	T-47D	1839	21/2624	0/1	0	0	inf
SRX1012597	TFs and others	ESR1	Breast	T-47D	7227	63/2624	0/1	0	0	inf
SRX1012598	TFs and others	ESR1	Breast	T-47D	7444	56/2624	0/1	0	0	inf
SRX1012599	TFs and others	ESR1	Breast	T-47D	5087	45/2624	0/1	0	0	inf
SRX1012600	TFs and others	ESR1	Breast	T-47D	4307	42/2624	0/1	0	0	inf
SRX1012601	TFs and others	ESR1	Breast	T-47D	4221	35/2624	0/1	0	0	inf
SRX1012602	TFs and others	ESR1	Breast	T-47D	4919	45/2624	0/1	0	0	inf
SRX1012606	TFs and others	EP300	Breast	T-47D	1291	16/2624	0/1	0	0	inf
SRX1012607	TFs and others	EP300	Breast	T-47D	1016	19/2624	0/1	0	0	inf
SRX1012608	TFs and others	EP300	Breast	T-47D	1042	14/2624	0/1	0	0	inf
SRX1012609	TFs and others	EP300	Breast	T-47D	7236	50/2624	0/1	0	0	inf
SRX1012610	TFs and others	EP300	Breast	T-47D	8311	75/2624	0/1	0	0	inf
SRX1012611	TFs and others	EP300	Breast	T-47D	4792	40/2624	0/1	0	0	inf
SRX1012612	TFs and others	EP300	Breast	T-47D	8140	54/2624	0/1	0	0	inf
SRX1012613	TFs and others	EP300	Breast	T-47D	5047	68/2624	0/1	0	0	inf
SRX1012614	TFs and others	EP300	Breast	T-47D	4785	67/2624	0/1	0	0	inf
SRX1012615	TFs and others	PGR	Breast	T-47D	302	1/2624	0/1	0	0	inf
SRX1012616	TFs and others	PGR	Breast	T-47D	331	1/2624	0/1	0	0	inf
SRX1012617	TFs and others	PGR	Breast	T-47D	362	1/2624	0/1	0	0	inf
SRX1012618	TFs and others	PGR	Breast	T-47D	18933	131/2624	0/1	0	0	inf
SRX1012619	TFs and others	PGR	Breast	T-47D	24944	203/2624	0/1	0	0	inf
SRX1012620	TFs and others	PGR	Breast	T-47D	20770	116/2624	0/1	0	0	inf
SRX1012621	TFs and others	PGR	Breast	T-47D	21940	118/2624	0/1	0	0	inf
SRX1012622	TFs and others	PGR	Breast	T-47D	22573	126/2624	0/1	0	0	inf
SRX1012623	TFs and others	PGR	Breast	T-47D	19389	93/2624	0/1	0	0	inf
SRX1012625	TFs and others	ESR1	Breast	MCF-7	16947	148/2624	0/1	0	0	inf
SRX1012626	TFs and others	ESR1	Breast	MCF-7	7678	53/2624	0/1	0	0	inf
SRX1012627	TFs and others	ESR1	Breast	MCF-7	6896	55/2624	0/1	0	0	inf
SRX1012628	TFs and others	ESR1	Breast	MCF-7	16157	182/2624	0/1	0	0	inf
SRX1012629	TFs and others	ESR1	Breast	MCF-7	19751	166/2624	0/1	0	0	inf
SRX1012630	TFs and others	ESR1	Breast	MCF-7	14299	116/2624	0/1	0	0	inf
SRX1012631	TFs and others	ESR1	Breast	MCF-7	15063	131/2624	0/1	0	0	inf
SRX1012632	TFs and others	ESR1	Breast	MCF-7	17006	118/2624	0/1	0	0	inf
SRX1012633	TFs and others	ESR1	Breast	MCF-7	16453	146/2624	0/1	0	0	inf
SRX1012638	TFs and others	EP300	Breast	MCF-7	6197	46/2624	0/1	0	0	inf
SRX1012639	TFs and others	EP300	Breast	MCF-7	395	4/2624	0/1	0	0	inf
SRX1012640	TFs and others	EP300	Breast	MCF-7	3157	46/2624	0/1	0	0	inf
SRX1012642	TFs and others	EP300	Breast	MCF-7	6251	54/2624	0/1	0	0	inf
SRX1012643	TFs and others	EP300	Breast	MCF-7	12350	142/2624	0/1	0	0	inf
SRX1012644	TFs and others	EP300	Breast	MCF-7	13662	198/2624	0/1	0	0	inf
SRX1012647	TFs and others	EP300	Breast	MCF-7	11347	298/2624	0/1	0	0	inf
SRX1012648	TFs and others	EP300	Breast	MCF-7	15691	185/2624	0/1	0	0	inf
SRX1012649	TFs and others	EP300	Breast	MCF-7	10368	201/2624	0/1	0	0	inf
SRX1012650	TFs and others	PGR	Breast	MCF-7	232	2/2624	0/1	0	0	inf
SRX1012651	TFs and others	PGR	Breast	MCF-7	138	1/2624	0/1	0	0	inf
SRX1012652	TFs and others	PGR	Breast	MCF-7	183	1/2624	0/1	0	0	inf
SRX1012653	TFs and others	PGR	Breast	MCF-7	10860	143/2624	0/1	0	0	inf
SRX1012654	TFs and others	PGR	Breast	MCF-7	13035	126/2624	0/1	0	0	inf
SRX1012655	TFs and others	PGR	Breast	MCF-7	19301	195/2624	0/1	0	0	inf
SRX1012656	TFs and others	PGR	Breast	MCF-7	167	2/2624	0/1	0	0	inf
SRX1012658	TFs and others	PGR	Breast	MCF-7	6884	73/2624	0/1	0	0	inf
SRX1012659	TFs and others	PGR	Breast	MCF-7	10735	106/2624	0/1	0	0	inf
SRX1012660	TFs and others	PGR	Breast	MCF-7	6559	57/2624	0/1	0	0	inf
SRX1012675	TFs and others	ESR1	Breast	T-47D	655	2/2624	0/1	0	0	inf
SRX1012676	TFs and others	ESR1	Breast	T-47D	647	8/2624	0/1	0	0	inf
SRX1012677	TFs and others	ESR1	Breast	T-47D	726	5/2624	0/1	0	0	inf
SRX1012678	TFs and others	ESR1	Breast	MCF-7	957	37/2624	0/1	0	0	inf
SRX1012679	TFs and others	ESR1	Breast	MCF-7	4323	39/2624	0/1	0	0	inf
SRX1012680	TFs and others	ESR1	Breast	MCF-7	969	21/2624	0/1	0	0	inf
SRX1012681	TFs and others	ESR1	Breast	MCF-7	6173	55/2624	0/1	0	0	inf
SRX1012682	TFs and others	ESR1	Breast	MCF-7	682	5/2624	0/1	0	0	inf
SRX1012683	TFs and others	ESR1	Breast	MCF-7	2016	17/2624	0/1	0	0	inf
SRX1012684	TFs and others	ESR1	Breast	MCF-7	527	4/2624	0/1	0	0	inf
SRX1012685	TFs and others	ESR1	Breast	MCF-7	4322	40/2624	0/1	0	0	inf
SRX1012686	TFs and others	ESR1	Breast	MCF-7	707	9/2624	0/1	0	0	inf
SRX1012687	TFs and others	ESR1	Breast	MCF-7	4344	40/2624	0/1	0	0	inf
SRX1012688	TFs and others	ESR1	Breast	MCF-7	269	6/2624	0/1	0	0	inf
SRX1012689	TFs and others	ESR1	Breast	MCF-7	1826	18/2624	0/1	0	0	inf
SRX1012690	TFs and others	PGR	Breast	MCF-7	538	10/2624	0/1	0	0	inf
SRX1012691	TFs and others	PGR	Breast	MCF-7	576	4/2624	0/1	0	0	inf
SRX1012692	TFs and others	PGR	Breast	MCF-7	350	1/2624	0/1	0	0	inf
SRX1012693	TFs and others	PGR	Breast	MCF-7	869	11/2624	0/1	0	0	inf
SRX1012694	TFs and others	PGR	Breast	MCF-7	632	2/2624	0/1	0	0	inf
SRX1012695	TFs and others	PGR	Breast	MCF-7	618	2/2624	0/1	0	0	inf
SRX1012696	TFs and others	PGR	Breast	MCF-7	474	9/2624	0/1	0	0	inf
SRX1012697	TFs and others	PGR	Breast	MCF-7	476	13/2624	0/1	0	0	inf
SRX1012698	TFs and others	PGR	Breast	MCF-7	283	1/2624	0/1	0	0	inf
SRX1012699	TFs and others	PGR	Breast	MCF-7	273	1/2624	0/1	0	0	inf
SRX1012700	TFs and others	PGR	Breast	MCF-7	301	1/2624	0/1	0	0	inf
SRX1012701	TFs and others	PGR	Breast	MCF-7	283	2/2624	0/1	0	0	inf
SRX1012702	TFs and others	ESR1	Breast	T-47D	496	5/2624	0/1	0	0	inf
SRX1012703	TFs and others	ESR1	Breast	T-47D	900	18/2624	0/1	0	0	inf
SRX1012704	TFs and others	ESR1	Breast	T-47D	540	4/2624	0/1	0	0	inf
SRX1012705	TFs and others	ESR1	Breast	T-47D	794	5/2624	0/1	0	0	inf
SRX1012706	TFs and others	ESR1	Breast	T-47D	705	3/2624	0/1	0	0	inf
SRX1012707	TFs and others	ESR1	Breast	T-47D	422	1/2624	0/1	0	0	inf
SRX1012708	TFs and others	ESR1	Breast	T-47D	560	2/2624	0/1	0	0	inf
SRX1012709	TFs and others	ESR1	Breast	T-47D	692	2/2624	0/1	0	0	inf
SRX1012710	TFs and others	ESR1	Breast	T-47D	489	1/2624	0/1	0	0	inf
SRX1012711	TFs and others	PGR	Breast	T-47D	452	1/2624	0/1	0	0	inf
SRX1012712	TFs and others	PGR	Breast	T-47D	465	1/2624	0/1	0	0	inf
SRX1012713	TFs and others	PGR	Breast	T-47D	4054	15/2624	0/1	0	0	inf
SRX1012714	TFs and others	PGR	Breast	T-47D	3076	10/2624	0/1	0	0	inf
SRX1012715	TFs and others	PGR	Breast	T-47D	750	1/2624	0/1	0	0	inf
SRX1012716	TFs and others	PGR	Breast	T-47D	710	1/2624	0/1	0	0	inf
SRX1012717	TFs and others	PGR	Breast	T-47D	3143	12/2624	0/1	0	0	inf
SRX1012718	TFs and others	PGR	Breast	T-47D	4905	16/2624	0/1	0	0	inf
SRX1012719	TFs and others	PGR	Breast	T-47D	513	1/2624	0/1	0	0	inf
SRX1012720	TFs and others	PGR	Breast	T-47D	582	1/2624	0/1	0	0	inf
SRX1012721	TFs and others	PGR	Breast	T-47D	2112	8/2624	0/1	0	0	inf
SRX1012722	TFs and others	PGR	Breast	T-47D	1006	6/2624	0/1	0	0	inf
SRX1012737	TFs and others	ESR1	Breast	MCF-7	258	1/2624	0/1	0	0	inf
SRX1012738	TFs and others	ESR1	Breast	MCF-7	288	3/2624	0/1	0	0	inf
SRX1012739	TFs and others	ESR1	Breast	MCF-7	1968	39/2624	0/1	0	0	inf
SRX1012740	TFs and others	ESR1	Breast	MCF-7	1057	8/2624	0/1	0	0	inf
SRX1012741	TFs and others	ESR1	Breast	MCF-7	1135	41/2624	0/1	0	0	inf
SRX1012742	TFs and others	ESR1	Breast	MCF-7	550	6/2624	0/1	0	0	inf
SRX1012743	TFs and others	ESR1	Breast	MCF-7	1960	22/2624	0/1	0	0	inf
SRX1012744	TFs and others	ESR1	Breast	MCF-7	2299	47/2624	0/1	0	0	inf
SRX1012745	TFs and others	ESR1	Breast	MCF-7	2008	22/2624	0/1	0	0	inf
SRX1012746	TFs and others	ESR1	Breast	MCF-7	1785	32/2624	0/1	0	0	inf
SRX1012747	TFs and others	ESR1	Breast	MCF-7	5157	92/2624	0/1	0	0	inf
SRX1012748	TFs and others	ESR1	Breast	MCF-7	1557	22/2624	0/1	0	0	inf
SRX1012749	TFs and others	ESR1	Breast	MCF-7	2624	35/2624	0/1	0	0	inf
SRX1012750	TFs and others	ESR1	Breast	MCF-7	3738	68/2624	0/1	0	0	inf
SRX1012751	TFs and others	PGR	Breast	MCF-7	319	1/2624	0/1	0	0	inf
SRX1012752	TFs and others	PGR	Breast	MCF-7	444	1/2624	0/1	0	0	inf
SRX1012753	TFs and others	PGR	Breast	MCF-7	238	1/2624	0/1	0	0	inf
SRX1012754	TFs and others	PGR	Breast	MCF-7	287	1/2624	0/1	0	0	inf
SRX1012755	TFs and others	PGR	Breast	MCF-7	297	1/2624	0/1	0	0	inf
SRX1012756	TFs and others	PGR	Breast	MCF-7	297	1/2624	0/1	0	0	inf
SRX1012757	TFs and others	PGR	Breast	MCF-7	347	1/2624	0/1	0	0	inf
SRX1012758	TFs and others	PGR	Breast	MCF-7	332	1/2624	0/1	0	0	inf
SRX1012759	TFs and others	PGR	Breast	MCF-7	299	1/2624	0/1	0	0	inf
SRX1012760	TFs and others	PGR	Breast	MCF-7	104	1/2624	0/1	0	0	inf
SRX1012761	TFs and others	PGR	Breast	MCF-7	448	2/2624	0/1	0	0	inf
SRX1012762	TFs and others	PGR	Breast	MCF-7	406	1/2624	0/1	0	0	inf
SRX1012763	TFs and others	PGR	Breast	MCF-7	443	1/2624	0/1	0	0	inf
SRX1012764	TFs and others	PGR	Breast	MCF-7	488	1/2624	0/1	0	0	inf
SRX101303	TFs and others	KAT7	Digestive tract	RKO	9531	251/2624	0/1	0	0	inf
SRX10131662	TFs and others	CDK9	Lung	Bronchial tracheal epithelial cells	1881	64/2624	0/1	0	0	inf
SRX10131663	TFs and others	CDK9	Lung	Bronchial tracheal epithelial cells	5456	351/2624	0/1	0	0	inf
SRX10131666	TFs and others	MLLT3	Lung	Bronchial tracheal epithelial cells	736	4/2624	0/1	0	0	inf
SRX10131667	TFs and others	MLLT3	Lung	Bronchial tracheal epithelial cells	580	3/2624	0/1	0	0	inf
SRX10131668	TFs and others	MLLT1	Lung	Bronchial tracheal epithelial cells	507	1/2624	0/1	0	0	inf
SRX10131669	TFs and others	MLLT1	Lung	Bronchial tracheal epithelial cells	563	1/2624	0/1	0	0	inf
SRX10131670	TFs and others	BRD4	Lung	Bronchial tracheal epithelial cells	5028	244/2624	0/1	0	0	inf
SRX10131671	TFs and others	BRD4	Lung	Bronchial tracheal epithelial cells	6486	348/2624	0/1	0	0	inf
SRX10131678	TFs and others	MLLT3	Lung	Bronchial tracheal epithelial cells	645	1/2624	0/1	0	0	inf
SRX10131679	TFs and others	MLLT3	Lung	Bronchial tracheal epithelial cells	552	2/2624	0/1	0	0	inf
SRX10131680	TFs and others	MLLT1	Lung	Bronchial tracheal epithelial cells	466	1/2624	0/1	0	0	inf
SRX10131681	TFs and others	MLLT1	Lung	Bronchial tracheal epithelial cells	422	1/2624	0/1	0	0	inf
SRX10131682	TFs and others	BRD4	Lung	Bronchial tracheal epithelial cells	973	56/2624	0/1	0	0	inf
SRX10131683	TFs and others	BRD4	Lung	Bronchial tracheal epithelial cells	2856	276/2624	0/1	0	0	inf
SRX1013331	TFs and others	MED1	Liver	HuCCT1	7056	451/2624	0/1	0	0	inf
SRX1013332	TFs and others	MED1	Liver	HuCCT1	2983	141/2624	0/1	0	0	inf
SRX1013333	TFs and others	SMC1A	Liver	HuCCT1	49381	987/2624	0/1	0	0	inf
SRX1013341	TFs and others	CDK9	Liver	HuCCT1	408	1/2624	0/1	0	0	inf
SRX1013342	TFs and others	CDK9	Liver	HuCCT1	434	1/2624	0/1	0	0	inf
SRX1013967	TFs and others	NELFA	Uterus	HeLa	4461	615/2624	0/1	0	0	inf
SRX1013969	TFs and others	NELFA	Uterus	HeLa	722	86/2624	0/1	0	0	inf
SRX1013970	TFs and others	NELFA	Uterus	HeLa	5120	859/2624	0/1	0	0	inf
SRX10145207	TFs and others	REL	Blood	CD4+ T cells	1364	7/2624	0/1	0	0	inf
SRX10145208	TFs and others	REL	Blood	CD4+ T cells	1492	86/2624	0/1	0	0	inf
SRX10145210	TFs and others	REL	Blood	Naive B cells	695	1/2624	0/1	0	0	inf
SRX10145211	TFs and others	REL	Blood	Naive B cells	563	3/2624	0/1	0	0	inf
SRX10145212	TFs and others	REL	Blood	Naive B cells	531	1/2624	0/1	0	0	inf
SRX10145214	TFs and others	REL	Unclassified	Unclassified	1759	78/2624	0/1	0	0	inf
SRX10145215	TFs and others	REL	Unclassified	Unclassified	3985	479/2624	0/1	0	0	inf
SRX10151291	TFs and others	KMT2D	Pluripotent stem cell	iPS derived neural cells	5630	54/2624	0/1	0	0	inf
SRX10151292	TFs and others	CTCF	Pluripotent stem cell	iPS derived neural cells	10850	206/2624	0/1	0	0	inf
SRX10151298	TFs and others	XRCC1	Pluripotent stem cell	iPS derived neural cells	978	62/2624	0/1	0	0	inf
SRX10158154	TFs and others	BRD4	Blood	KBM-7	2035	84/2624	0/1	0	0	inf
SRX10158159	TFs and others	BRD4	Blood	KBM-7	62	1/2624	0/1	0	0	inf
SRX10158160	TFs and others	BRD4	Blood	KBM-7	5191	186/2624	0/1	0	0	inf
SRX10158161	TFs and others	BRD4	Blood	KBM-7	5430	249/2624	0/1	0	0	inf
SRX10158162	TFs and others	BRD4	Blood	KBM-7	5363	223/2624	0/1	0	0	inf
SRX10158164	TFs and others	BRD4	Blood	KBM-7	38	3/2624	0/1	0	0	inf
SRX10175282	TFs and others	SOX9	Pancreas	PANC-1	1375	4/2624	0/1	0	0	inf
SRX10175283	TFs and others	SOX9	Pancreas	PANC-1	1648	4/2624	0/1	0	0	inf
SRX10206211	TFs and others	RAD21	Blood	Monocytes	130	1/2624	0/1	0	0	inf
SRX10206213	TFs and others	ZBTB3	Blood	Monocytes	430	8/2624	0/1	0	0	inf
SRX10206214	TFs and others	CTCF	Blood	Monocytes	15650	317/2624	0/1	0	0	inf
SRX10212058	TFs and others	ATF4	Blood	THP-1	12154	76/2624	0/1	0	0	inf
SRX10212060	TFs and others	ATF4	Blood	THP-1	30413	150/2624	0/1	0	0	inf
SRX10212061	TFs and others	ATF4	Blood	THP-1	27852	200/2624	0/1	0	0	inf
SRX10212062	TFs and others	CEBPB	Blood	THP-1	30314	115/2624	0/1	0	0	inf
SRX10212063	TFs and others	CEBPB	Blood	THP-1	33022	180/2624	0/1	0	0	inf
SRX10212064	TFs and others	CEBPB	Blood	THP-1	35823	214/2624	0/1	0	0	inf
SRX10212065	TFs and others	ATF4	Blood	CD4+ T cells	4658	68/2624	0/1	0	0	inf
SRX10212066	TFs and others	ATF4	Blood	CD4+ T cells	12151	156/2624	0/1	0	0	inf
SRX10212067	TFs and others	ATF4	Blood	CD4+ T cells	16859	557/2624	0/1	0	0	inf
SRX10212068	TFs and others	CEBPB	Blood	CD4+ T cells	7564	138/2624	0/1	0	0	inf
SRX10212069	TFs and others	CEBPB	Blood	CD4+ T cells	14428	238/2624	0/1	0	0	inf
SRX10212070	TFs and others	CEBPB	Blood	CD4+ T cells	12022	353/2624	0/1	0	0	inf
SRX1021630	TFs and others	DAXX	Prostate	PC-3	25068	511/2624	0/1	0	0	inf
SRX1021631	TFs and others	DAXX	Prostate	PC-3	11873	313/2624	0/1	0	0	inf
SRX1021632	TFs and others	DNMT1	Prostate	PC-3	416	10/2624	0/1	0	0	inf
SRX1021633	TFs and others	DNMT1	Prostate	PC-3	169	2/2624	0/1	0	0	inf
SRX10218286	TFs and others	GATA1	Blood	HUDEP-2	26586	467/2624	0/1	0	0	inf
SRX10218287	TFs and others	GATA1	Blood	HUDEP-2	21549	203/2624	0/1	0	0	inf
SRX10218288	TFs and others	GATA1	Blood	HUDEP-2	7354	65/2624	0/1	0	0	inf
SRX10218289	TFs and others	GATA1	Blood	HUDEP-2	26635	485/2624	0/1	0	0	inf
SRX10218291	TFs and others	GATA1	Blood	HUDEP-2	26984	428/2624	0/1	0	0	inf
SRX10218292	TFs and others	GATA1	Blood	HUDEP-2	11601	196/2624	0/1	0	0	inf
SRX1022747	TFs and others	WRN	Kidney	293	510	1/2624	0/1	0	0	inf
SRX1023260	TFs and others	GATA3	Neural	BE(2)-C	10874	29/2624	0/1	0	0	inf
SRX1023263	TFs and others	GATA3	Neural	NGP	2126	7/2624	0/1	0	0	inf
SRX1023794	TFs and others	SPI1	Blood	Macrophages	561	1/2624	0/1	0	0	inf
SRX1023795	TFs and others	SPI1	Blood	Macrophages	514	1/2624	0/1	0	0	inf
SRX1023796	TFs and others	SPI1	Blood	Macrophages	719	1/2624	0/1	0	0	inf
SRX1023797	TFs and others	SPI1	Blood	Macrophages	1302	4/2624	0/1	0	0	inf
SRX10239005	TFs and others	ZNF589	Blood	HH514-16	139	7/2624	0/1	0	0	inf
SRX10239006	TFs and others	ZNF589	Blood	HH514-16	72	3/2624	0/1	0	0	inf
SRX10239007	TFs and others	ZNF589	Blood	HH514-16	64	1/2624	0/1	0	0	inf
SRX10239456	TFs and others	YTHDC1	Breast	MCF-7	101	1/2624	0/1	0	0	inf
SRX10239457	TFs and others	GFP	Breast	MCF-7	75	1/2624	0/1	0	0	inf
SRX10239458	TFs and others	GFP	Breast	MCF-7	87	1/2624	0/1	0	0	inf
SRX10239459	TFs and others	YTHDC1	Breast	MCF-7	188	17/2624	0/1	0	0	inf
SRX10239460	TFs and others	YTHDC1	Breast	MCF-7	71	7/2624	0/1	0	0	inf
SRX10239461	TFs and others	YTHDC1	Breast	MCF-7	72	1/2624	0/1	0	0	inf
SRX10239462	TFs and others	YTHDC1	Breast	MCF-7	94	1/2624	0/1	0	0	inf
SRX1024934	TFs and others	AGO2	Blood	K-562	1410	1/2624	0/1	0	0	inf
SRX1024936	TFs and others	AGO2	Blood	K-562	493	1/2624	0/1	0	0	inf
SRX1026678	TFs and others	CTCF	Pancreas	PANC-1	25667	387/2624	0/1	0	0	inf
SRX1026679	TFs and others	CTCF	Pancreas	PANC-1	34593	492/2624	0/1	0	0	inf
SRX1026680	TFs and others	CTCF	Pancreas	PANC-1	28627	445/2624	0/1	0	0	inf
SRX1026681	TFs and others	CTCF	Pancreas	PANC-1	27060	392/2624	0/1	0	0	inf
SRX10271387	TFs and others	NR3C1	Pluripotent stem cell	iPSC derived hepatocytes	2212	14/2624	0/1	0	0	inf
SRX10271388	TFs and others	NR3C1	Pluripotent stem cell	iPSC derived hepatocytes	3635	22/2624	0/1	0	0	inf
SRX1027437	TFs and others	CEBPB	Others	Mesenchymal stem cells	24793	185/2624	0/1	0	0	inf
SRX1027438	TFs and others	CEBPB	Others	Mesenchymal stem cells	36667	268/2624	0/1	0	0	inf
SRX1027439	TFs and others	CEBPB	Others	Mesenchymal stem cells	24778	195/2624	0/1	0	0	inf
SRX1027440	TFs and others	NR3C1	Others	Mesenchymal stem cells	1928	9/2624	0/1	0	0	inf
SRX1027441	TFs and others	ATF4	Others	Mesenchymal stem cells	986	8/2624	0/1	0	0	inf
SRX1027443	TFs and others	CEBPB	Others	Mesenchymal stem cells	15869	2/2624	0/1	0	0	inf
SRX1027444	TFs and others	CEBPB	Others	Mesenchymal stem cells	57600	6/2624	0/1	0	0	inf
SRX1027445	TFs and others	CEBPB	Others	Mesenchymal stem cells	150770	15/2624	0/1	0	0	inf
SRX1027446	TFs and others	CEBPB	Others	Mesenchymal stem cells	163095	18/2624	0/1	0	0	inf
SRX1027447	TFs and others	ATF4	Others	Mesenchymal stem cells	692	1/2624	0/1	0	0	inf
SRX1027448	TFs and others	CEBPB	Others	Mesenchymal stem cells	20625	3/2624	0/1	0	0	inf
SRX1027449	TFs and others	CEBPB	Others	Mesenchymal stem cells	12269	2/2624	0/1	0	0	inf
SRX1027450	TFs and others	CEBPB	Others	Mesenchymal stem cells	20635	5/2624	0/1	0	0	inf
SRX1027451	TFs and others	ATF4	Others	Mesenchymal stem cells	788	1/2624	0/1	0	0	inf
SRX1027452	TFs and others	ATF4	Others	Mesenchymal stem cells	2537	1/2624	0/1	0	0	inf
SRX102975	TFs and others	MYC	Pluripotent stem cell	hESC H1	418	2/2624	0/1	0	0	inf
SRX102977	TFs and others	CTCF	Blood	GM19240	38148	702/2624	0/1	0	0	inf
SRX102980	TFs and others	CTCF	Cardiovascular	HUVEC	38317	368/2624	0/1	0	0	inf
SRX102984	TFs and others	CTCF	Uterus	HeLa	55963	540/2624	0/1	0	0	inf
SRX102985	TFs and others	MYC	Uterus	HeLa	1023	51/2624	0/1	0	0	inf
SRX102986	TFs and others	CTCF	Liver	Hep G2	43075	379/2624	0/1	0	0	inf
SRX102988	TFs and others	CTCF	Lung	A549	49471	779/2624	0/1	0	0	inf
SRX102989	TFs and others	MYC	Blood	GM12878	987	75/2624	0/1	0	0	inf
SRX102990	TFs and others	MYC	Liver	Hep G2	4760	351/2624	0/1	0	0	inf
SRX102996	TFs and others	CTCF	Pluripotent stem cell	hESC H1	38926	513/2624	0/1	0	0	inf
SRX102997	TFs and others	MYC	Cardiovascular	HUVEC	4366	300/2624	0/1	0	0	inf
SRX103002	TFs and others	CTCF	Neural	Glioblastoma	56188	697/2624	0/1	0	0	inf
SRX103003	TFs and others	MYC	Breast	MCF-7	12791	843/2624	0/1	0	0	inf
SRX103007	TFs and others	CTCF	Breast	MCF-7	75348	821/2624	0/1	0	0	inf
SRX103008	TFs and others	CTCF	Breast	MCF-7	63181	615/2624	0/1	0	0	inf
SRX103009	TFs and others	MYC	Blood	K-562	8472	541/2624	0/1	0	0	inf
SRX103010	TFs and others	CTCF	Blood	K-562	52961	562/2624	0/1	0	0	inf
SRX103011	TFs and others	CTCF	Blood	GM12878	41148	528/2624	0/1	0	0	inf
SRX1030324	TFs and others	CTCF	Blood	Jurkat	42245	571/2624	0/1	0	0	inf
SRX10306507	TFs and others	AR	Prostate	LNCAP	552	1/2624	0/1	0	0	inf
SRX10306508	TFs and others	AR	Prostate	LNCAP	8482	6/2624	0/1	0	0	inf
SRX10306509	TFs and others	AR	Prostate	LNCAP	713	1/2624	0/1	0	0	inf
SRX10306510	TFs and others	AR	Prostate	LNCAP	7188	3/2624	0/1	0	0	inf
SRX10306511	TFs and others	AR	Prostate	LNCAP	891	1/2624	0/1	0	0	inf
SRX10306512	TFs and others	AR	Prostate	LNCAP	11370	8/2624	0/1	0	0	inf
SRX10306513	TFs and others	AR	Prostate	LNCAP	705	1/2624	0/1	0	0	inf
SRX10306514	TFs and others	AR	Prostate	LNCAP	14929	10/2624	0/1	0	0	inf
SRX103222	TFs and others	PPARG	Blood	THP-1	1131	9/2624	0/1	0	0	inf
SRX103223	TFs and others	RXRA	Blood	THP-1	144	1/2624	0/1	0	0	inf
SRX103224	TFs and others	SPI1	Blood	THP-1	13687	290/2624	0/1	0	0	inf
SRX1032965	TFs and others	FOS	Blood	Acute myeloid leukemia	386	2/2624	0/1	0	0	inf
SRX1032966	TFs and others	FOS	Blood	Acute myeloid leukemia	724	1/2624	0/1	0	0	inf
SRX1032967	TFs and others	STAT5A	Blood	Acute myeloid leukemia	1160	10/2624	0/1	0	0	inf
SRX1033266	TFs and others	AR	Prostate	LNCAP	1374	3/2624	0/1	0	0	inf
SRX1033267	TFs and others	AR	Prostate	LNCAP	1710	3/2624	0/1	0	0	inf
SRX1033268	TFs and others	AR	Prostate	LNCAP	21	1/2624	0/1	0	0	inf
SRX1033269	TFs and others	AR	Prostate	LNCAP	206	1/2624	0/1	0	0	inf
SRX1033270	TFs and others	FOXA1	Prostate	LNCAP	23466	157/2624	0/1	0	0	inf
SRX1033271	TFs and others	GATA2	Prostate	LNCAP	8638	22/2624	0/1	0	0	inf
SRX1033272	TFs and others	GATA2	Prostate	LNCAP	18479	50/2624	0/1	0	0	inf
SRX1033273	TFs and others	GATA2	Prostate	LNCAP	7147	21/2624	0/1	0	0	inf
SRX1033274	TFs and others	GATA2	Prostate	LNCAP	5503	19/2624	0/1	0	0	inf
SRX1033275	TFs and others	AR	Prostate	LNCAP	21482	39/2624	0/1	0	0	inf
SRX1033276	TFs and others	FOXA1	Prostate	LNCAP	43605	240/2624	0/1	0	0	inf
SRX1033277	TFs and others	GATA2	Prostate	LNCAP	10398	40/2624	0/1	0	0	inf
SRX1033278	TFs and others	AR	Prostate	LNCAP	12503	21/2624	0/1	0	0	inf
SRX1033279	TFs and others	FOXA1	Prostate	LNCAP	38676	217/2624	0/1	0	0	inf
SRX1033280	TFs and others	GATA2	Prostate	LNCAP	3706	15/2624	0/1	0	0	inf
SRX1033281	TFs and others	AR	Prostate	LNCAP	413	2/2624	0/1	0	0	inf
SRX1033282	TFs and others	FOXA1	Prostate	LNCAP	38152	300/2624	0/1	0	0	inf
SRX1033283	TFs and others	GATA2	Prostate	LNCAP	6944	32/2624	0/1	0	0	inf
SRX1033284	TFs and others	AR	Prostate	LNCAP	218	1/2624	0/1	0	0	inf
SRX1033285	TFs and others	FOXA1	Prostate	LNCAP	29893	181/2624	0/1	0	0	inf
SRX1033286	TFs and others	GATA2	Prostate	LNCAP	2742	9/2624	0/1	0	0	inf
SRX1033288	TFs and others	AR	Prostate	DU 145	154	3/2624	0/1	0	0	inf
SRX1033289	TFs and others	AR	Prostate	DU 145	86	1/2624	0/1	0	0	inf
SRX1033292	TFs and others	FOXA1	Prostate	LNCAP	38872	160/2624	0/1	0	0	inf
SRX1033293	TFs and others	FOXA1	Prostate	LNCAP	14714	63/2624	0/1	0	0	inf
SRX10333910	TFs and others	SUPT5H	Digestive tract	DLD-1	4483	101/2624	0/1	0	0	inf
SRX10333911	TFs and others	SUPT5H	Digestive tract	DLD-1	1161	48/2624	0/1	0	0	inf
SRX10333913	TFs and others	NELFA	Digestive tract	DLD-1	2816	203/2624	0/1	0	0	inf
SRX10335185	TFs and others	Epitope tags	Breast	MDA-MB-231	624	2/2624	0/1	0	0	inf
SRX10338560	TFs and others	MLXIP	Blood	NALM-6	2637	112/2624	0/1	0	0	inf
SRX10338562	TFs and others	MLXIP	Blood	NALM-6	1488	83/2624	0/1	0	0	inf
SRX103444	TFs and others	BRD4	Blood	CD4+ T cells	5780	920/2624	0/1	0	0	inf
SRX103445	TFs and others	BRD4	Blood	CD4+ T cells	776	70/2624	0/1	0	0	inf
SRX103448	TFs and others	BRD4	Pluripotent stem cell	ES cells	3807	102/2624	0/1	0	0	inf
SRX1034771	TFs and others	ARNTL	Bone	U2OS	822	42/2624	0/1	0	0	inf
SRX1034772	TFs and others	HIF1A	Bone	U2OS	1108	22/2624	0/1	0	0	inf
SRX1035582	TFs and others	MAML3	Neural	SK-N-SH	444	1/2624	0/1	0	0	inf
SRX1035583	TFs and others	MAML3	Neural	SK-N-SH	1910	3/2624	0/1	0	0	inf
SRX1035584	TFs and others	MAML3	Neural	SK-N-SH	1747	3/2624	0/1	0	0	inf
SRX1035585	TFs and others	MAML3	Neural	SK-N-SH	1464	3/2624	0/1	0	0	inf
SRX1035586	TFs and others	RARA	Neural	SK-N-SH	317	10/2624	0/1	0	0	inf
SRX1035587	TFs and others	RARA	Neural	SK-N-SH	78	2/2624	0/1	0	0	inf
SRX1035588	TFs and others	RARA	Neural	SK-N-SH	239	4/2624	0/1	0	0	inf
SRX1035589	TFs and others	RARA	Neural	SK-N-SH	274	5/2624	0/1	0	0	inf
SRX10357206	TFs and others	HIF1A	Uterus	HeLa	619	13/2624	0/1	0	0	inf
SRX10357207	TFs and others	EPAS1	Uterus	HeLa	762	7/2624	0/1	0	0	inf
SRX10357208	TFs and others	ARNT	Uterus	HeLa	1239	45/2624	0/1	0	0	inf
SRX10357209	TFs and others	HIF1A	Uterus	HeLa	879	34/2624	0/1	0	0	inf
SRX10357210	TFs and others	EPAS1	Uterus	HeLa	997	11/2624	0/1	0	0	inf
SRX10357211	TFs and others	ARNT	Uterus	HeLa	1575	72/2624	0/1	0	0	inf
SRX1036364	TFs and others	RUNX1	Blood	Acute myeloid leukemia	11798	925/2624	0/1	0	0	inf
SRX10365514	TFs and others	AR	Breast	MCF-7	14901	43/2624	0/1	0	0	inf
SRX10365515	TFs and others	AR	Breast	MCF-7	2853	22/2624	0/1	0	0	inf
SRX10365516	TFs and others	RAC1	Breast	MCF-7	1768	20/2624	0/1	0	0	inf
SRX10365517	TFs and others	RAC1	Breast	MCF-7	5570	52/2624	0/1	0	0	inf
SRX10365518	TFs and others	RAC1	Breast	MCF-7	370	3/2624	0/1	0	0	inf
SRX10365519	TFs and others	RAC1	Breast	MCF-7	308	3/2624	0/1	0	0	inf
SRX10365520	TFs and others	ESR1	Breast	MDA-MB-231	435	20/2624	0/1	0	0	inf
SRX10365521	TFs and others	ESR1	Breast	MDA-MB-231	418	17/2624	0/1	0	0	inf
SRX10365522	TFs and others	RAC1	Breast	MDA-MB-231	603	1/2624	0/1	0	0	inf
SRX10365523	TFs and others	RAC1	Breast	MDA-MB-231	461	1/2624	0/1	0	0	inf
SRX10365524	TFs and others	ESR1	Breast	MDA-MB-231	2734	18/2624	0/1	0	0	inf
SRX10365525	TFs and others	ESR1	Breast	MDA-MB-231	1675	27/2624	0/1	0	0	inf
SRX10365526	TFs and others	RAC1	Breast	MDA-MB-231	317	1/2624	0/1	0	0	inf
SRX10365527	TFs and others	RAC1	Breast	MDA-MB-231	244	5/2624	0/1	0	0	inf
SRX10365532	TFs and others	ESR1	Breast	MCF-7	20957	89/2624	0/1	0	0	inf
SRX10365533	TFs and others	ESR1	Breast	MCF-7	18651	196/2624	0/1	0	0	inf
SRX10365534	TFs and others	ESR1	Breast	MCF-7	12462	100/2624	0/1	0	0	inf
SRX10365535	TFs and others	ESR1	Breast	MCF-7	27870	189/2624	0/1	0	0	inf
SRX10365536	TFs and others	ESR1	Breast	MCF-7	18431	118/2624	0/1	0	0	inf
SRX10365537	TFs and others	RAC1	Breast	MCF-7	5787	38/2624	0/1	0	0	inf
SRX10365538	TFs and others	RAC1	Breast	MCF-7	815	10/2624	0/1	0	0	inf
SRX10365539	TFs and others	RAC1	Breast	MCF-7	3717	20/2624	0/1	0	0	inf
SRX10365540	TFs and others	RAC1	Breast	MCF-7	3735	27/2624	0/1	0	0	inf
SRX10365541	TFs and others	RAC1	Breast	MCF-7	20412	132/2624	0/1	0	0	inf
SRX10365542	TFs and others	RAC1	Breast	MCF-7	7411	84/2624	0/1	0	0	inf
SRX10365543	TFs and others	RAC1	Breast	MCF-7	18897	132/2624	0/1	0	0	inf
SRX10365544	TFs and others	RAC1	Breast	MCF-7	2790	34/2624	0/1	0	0	inf
SRX10365545	TFs and others	NCOA3	Breast	MCF-7	374	4/2624	0/1	0	0	inf
SRX10365546	TFs and others	NCOA3	Breast	MCF-7	2540	13/2624	0/1	0	0	inf
SRX10365547	TFs and others	NCOA3	Breast	MCF-7	4714	28/2624	0/1	0	0	inf
SRX10365548	TFs and others	NCOA3	Breast	MCF-7	9108	50/2624	0/1	0	0	inf
SRX10365549	TFs and others	NCOA3	Breast	MCF-7	1360	15/2624	0/1	0	0	inf
SRX10365550	TFs and others	NCOA3	Breast	MCF-7	6804	53/2624	0/1	0	0	inf
SRX10365551	TFs and others	NCOA3	Breast	MCF-7	7448	52/2624	0/1	0	0	inf
SRX10365552	TFs and others	NCOA3	Breast	MCF-7	4738	43/2624	0/1	0	0	inf
SRX10365556	TFs and others	ESR1	Breast	MCF-7	2478	19/2624	0/1	0	0	inf
SRX10365557	TFs and others	ESR1	Breast	MCF-7	3748	22/2624	0/1	0	0	inf
SRX10365558	TFs and others	ESR1	Breast	MCF-7	26073	134/2624	0/1	0	0	inf
SRX10382398	TFs and others	EZH2	Pluripotent stem cell	hESC H1	2387	23/2624	0/1	0	0	inf
SRX10382400	TFs and others	QSER1	Pluripotent stem cell	hESC H1	12384	446/2624	0/1	0	0	inf
SRX10382401	TFs and others	QSER1	Pluripotent stem cell	hESC H1	3909	198/2624	0/1	0	0	inf
SRX10382403	TFs and others	QSER1	Pluripotent stem cell	hESC H1	6435	290/2624	0/1	0	0	inf
SRX10382405	TFs and others	TET1	Pluripotent stem cell	hESC H1	256	21/2624	0/1	0	0	inf
SRX10382406	TFs and others	DNMT3A	Pluripotent stem cell	hESC H1	199	1/2624	0/1	0	0	inf
SRX10382407	TFs and others	DNMT3A	Pluripotent stem cell	hESC H1	325	1/2624	0/1	0	0	inf
SRX10382408	TFs and others	DNMT3B	Pluripotent stem cell	hESC H1	282	1/2624	0/1	0	0	inf
SRX10382409	TFs and others	DNMT3B	Pluripotent stem cell	hESC H1	387	1/2624	0/1	0	0	inf
SRX10382422	TFs and others	DNMT3A	Pluripotent stem cell	hESC H1	237	1/2624	0/1	0	0	inf
SRX10382423	TFs and others	DNMT3A	Pluripotent stem cell	hESC H1	357	1/2624	0/1	0	0	inf
SRX10382424	TFs and others	DNMT3B	Pluripotent stem cell	hESC H1	256	1/2624	0/1	0	0	inf
SRX10382425	TFs and others	DNMT3B	Pluripotent stem cell	hESC H1	414	1/2624	0/1	0	0	inf
SRX10382427	TFs and others	TET1	Pluripotent stem cell	hESC H1	24	1/2624	0/1	0	0	inf
SRX10382428	TFs and others	DNMT3A	Pluripotent stem cell	hESC H1	251	1/2624	0/1	0	0	inf
SRX10382429	TFs and others	DNMT3A	Pluripotent stem cell	hESC H1	547	3/2624	0/1	0	0	inf
SRX10382430	TFs and others	DNMT3B	Pluripotent stem cell	hESC H1	584	1/2624	0/1	0	0	inf
SRX10382431	TFs and others	DNMT3B	Pluripotent stem cell	hESC H1	544	1/2624	0/1	0	0	inf
SRX10382442	TFs and others	DNMT3A	Pluripotent stem cell	hESC H1	243	1/2624	0/1	0	0	inf
SRX10382443	TFs and others	DNMT3A	Pluripotent stem cell	hESC H1	393	1/2624	0/1	0	0	inf
SRX10382444	TFs and others	DNMT3B	Pluripotent stem cell	hESC H1	241	1/2624	0/1	0	0	inf
SRX10382445	TFs and others	DNMT3B	Pluripotent stem cell	hESC H1	422	1/2624	0/1	0	0	inf
SRX1038944	TFs and others	YAP1	Lung	IMR-90	11612	81/2624	0/1	0	0	inf
SRX1038945	TFs and others	YAP1	Lung	IMR-90	18267	142/2624	0/1	0	0	inf
SRX10399318	TFs and others	RBM39	Breast	Breast epithelium	458	1/2624	0/1	0	0	inf
SRX10399319	TFs and others	RBM39	Breast	Breast epithelium	403	1/2624	0/1	0	0	inf
SRX10399320	TFs and others	KMT2A	Breast	Breast epithelium	390	1/2624	0/1	0	0	inf
SRX10399321	TFs and others	KMT2A	Breast	Breast epithelium	378	1/2624	0/1	0	0	inf
SRX10406209	TFs and others	Epitope tags	Uterus	HeLa	421	1/2624	0/1	0	0	inf
SRX10406210	TFs and others	Epitope tags	Uterus	HeLa	441	3/2624	0/1	0	0	inf
SRX10407083	TFs and others	SOX2	Digestive tract	Esophageal squamous carcinoma cell line	1830	54/2624	0/1	0	0	inf
SRX10407084	TFs and others	SOX2	Digestive tract	Esophageal squamous carcinoma cell line	2901	46/2624	0/1	0	0	inf
SRX10407085	TFs and others	SOX2	Digestive tract	KYSE-70	1801	51/2624	0/1	0	0	inf
SRX1041182	TFs and others	ATF4	Blood	HAP1	7499	38/2624	0/1	0	0	inf
SRX1041183	TFs and others	ATF4	Blood	HAP1	14888	58/2624	0/1	0	0	inf
SRX1041184	TFs and others	ATF4	Blood	HAP1	9070	52/2624	0/1	0	0	inf
SRX1041800	TFs and others	RUNX1	Blood	Jurkat	7021	96/2624	0/1	0	0	inf
SRX1041802	TFs and others	GATA3	Blood	Jurkat	13079	54/2624	0/1	0	0	inf
SRX1041840	TFs and others	TRIM24	Prostate	LNCAP	608	33/2624	0/1	0	0	inf
SRX1041841	TFs and others	TRIM24	Prostate	LNCAP	615	32/2624	0/1	0	0	inf
SRX1042048	TFs and others	SETD1A	Blood	Erythroid Cells	1525	104/2624	0/1	0	0	inf
SRX1042049	TFs and others	USF1	Blood	Erythroid Cells	5638	677/2624	0/1	0	0	inf
SRX1042050	TFs and others	USF2	Blood	Erythroid Cells	2543	296/2624	0/1	0	0	inf
SRX10437635	TFs and others	ASCL2	Liver	Hep G2	2682	347/2624	0/1	0	0	inf
SRX10437636	TFs and others	ASCL2	Liver	HuH-6	935	124/2624	0/1	0	0	inf
SRX10437637	TFs and others	CTNNB1	Liver	Hep G2	226	1/2624	0/1	0	0	inf
SRX10438176	TFs and others	Epitope tags	Unclassified	Unclassified	167	3/2624	0/1	0	0	inf
SRX10438177	TFs and others	Epitope tags	Unclassified	Unclassified	147	1/2624	0/1	0	0	inf
SRX104409	TFs and others	GATA3	Breast	MCF-7	2706	13/2624	0/1	0	0	inf
SRX1044120	TFs and others	ASCL1	Lung	NCI-H128	1802	9/2624	0/1	0	0	inf
SRX1044121	TFs and others	ASCL1	Lung	NCI-H2107	4546	31/2624	0/1	0	0	inf
SRX1044122	TFs and others	ASCL1	Lung	NCI-H889	5589	33/2624	0/1	0	0	inf
SRX1044124	TFs and others	NEUROD1	Lung	NCI-H82	4342	21/2624	0/1	0	0	inf
SRX1044125	TFs and others	NEUROD1	Lung	NCI-H524	2772	9/2624	0/1	0	0	inf
SRX1044411	TFs and others	JUN	Breast	MDA-MB-231	6655	180/2624	0/1	0	0	inf
SRX1044412	TFs and others	JUN	Breast	MDA-MB-231	6797	171/2624	0/1	0	0	inf
SRX1044413	TFs and others	JUN	Breast	MDA-MB-231	7609	194/2624	0/1	0	0	inf
SRX1044414	TFs and others	RELA	Breast	MDA-MB-231	508	1/2624	0/1	0	0	inf
SRX1044415	TFs and others	RELA	Breast	MDA-MB-231	644	2/2624	0/1	0	0	inf
SRX1044416	TFs and others	RELA	Breast	MDA-MB-231	576	2/2624	0/1	0	0	inf
SRX1046555	TFs and others	RAG1	Blood	Thymus	139	1/2624	0/1	0	0	inf
SRX1046556	TFs and others	RAG1	Blood	Thymus	127	1/2624	0/1	0	0	inf
SRX1046557	TFs and others	RAG1	Blood	Thymus	99	1/2624	0/1	0	0	inf
SRX1047413	TFs and others	SOX2	Pluripotent stem cell	hESC H9	8242	62/2624	0/1	0	0	inf
SRX1047416	TFs and others	SOX2	Pluripotent stem cell	hESC derived neural cells	33236	341/2624	0/1	0	0	inf
SRX1048452	TFs and others	MEF2B	Unclassified	Unclassified	475	1/2624	0/1	0	0	inf
SRX1048453	TFs and others	MEF2B	Unclassified	Unclassified	672	2/2624	0/1	0	0	inf
SRX1048454	TFs and others	BACH2	Blood	DOHH-2	1060	9/2624	0/1	0	0	inf
SRX1048455	TFs and others	EP300	Blood	DOHH-2	222	1/2624	0/1	0	0	inf
SRX10484566	TFs and others	RUNX1	Blood	THP-1	4866	74/2624	0/1	0	0	inf
SRX10484568	TFs and others	RUNX1	Others	Acute lymphoid leukemia	1844	19/2624	0/1	0	0	inf
SRX10484569	TFs and others	KMT2A	Others	Acute lymphoid leukemia	686	37/2624	0/1	0	0	inf
SRX10484571	TFs and others	RUNX1	Others	Acute lymphoid leukemia	1804	27/2624	0/1	0	0	inf
SRX10484572	TFs and others	KMT2A	Others	Acute lymphoid leukemia	1939	209/2624	0/1	0	0	inf
SRX1048459	TFs and others	MEF2B	Blood	DOHH-2	2033	11/2624	0/1	0	0	inf
SRX1048460	TFs and others	PAX5	Blood	DOHH-2	185	1/2624	0/1	0	0	inf
SRX1048461	TFs and others	SPI1	Blood	DOHH-2	43434	523/2624	0/1	0	0	inf
SRX1048467	TFs and others	Epitope tags	Blood	JEKO-1	263	1/2624	0/1	0	0	inf
SRX1048469	TFs and others	Epitope tags	Blood	JEKO-1	5586	1/2624	0/1	0	0	inf
SRX1048472	TFs and others	MEF2B	Blood	KARPAS-422	1092	3/2624	0/1	0	0	inf
SRX1048477	TFs and others	BACH2	Blood	OCI-LY-7	759	9/2624	0/1	0	0	inf
SRX1048478	TFs and others	EP300	Blood	OCI-LY-7	308	1/2624	0/1	0	0	inf
SRX1048481	TFs and others	MEF2B	Blood	OCI-LY-7	131	1/2624	0/1	0	0	inf
SRX1048482	TFs and others	PAX5	Blood	OCI-LY-7	2835	27/2624	0/1	0	0	inf
SRX1048483	TFs and others	SPI1	Blood	OCI-LY-7	13249	190/2624	0/1	0	0	inf
SRX1048490	TFs and others	MEF2B	Blood	SU-DHL-4	457	1/2624	0/1	0	0	inf
SRX1048491	TFs and others	MEF2B	Blood	SU-DHL-4	3242	12/2624	0/1	0	0	inf
SRX1048530	TFs and others	ARID1A	Liver	Hep G2	101	1/2624	0/1	0	0	inf
SRX1048531	TFs and others	ARID1A	Liver	Hep G2	140	1/2624	0/1	0	0	inf
SRX1048532	TFs and others	ARID1B	Liver	Hep G2	84	2/2624	0/1	0	0	inf
SRX1048533	TFs and others	ARID1B	Liver	Hep G2	76	1/2624	0/1	0	0	inf
SRX1048534	TFs and others	ARID2	Liver	Hep G2	105	1/2624	0/1	0	0	inf
SRX1048535	TFs and others	ARID2	Liver	Hep G2	89	4/2624	0/1	0	0	inf
SRX1048536	TFs and others	SMARCB1	Liver	Hep G2	79	1/2624	0/1	0	0	inf
SRX1048537	TFs and others	SMARCB1	Liver	Hep G2	66	1/2624	0/1	0	0	inf
SRX1048945	TFs and others	PGR	Uterus	Endometrial stromal cells	2039	5/2624	0/1	0	0	inf
SRX1048946	TFs and others	FOSL2	Uterus	Endometrial stromal cells	9890	109/2624	0/1	0	0	inf
SRX1048948	TFs and others	FOXO1	Uterus	Endometrial stromal cells	17251	150/2624	0/1	0	0	inf
SRX10499678	TFs and others	G-quadruplex	Bone	U2OS	116	1/2624	0/1	0	0	inf
SRX10499679	TFs and others	G-quadruplex	Bone	U2OS	156	1/2624	0/1	0	0	inf
SRX10499680	TFs and others	G-quadruplex	Bone	U2OS	195	2/2624	0/1	0	0	inf
SRX10499682	TFs and others	G-quadruplex	Bone	U2OS	157	1/2624	0/1	0	0	inf
SRX10499683	TFs and others	G-quadruplex	Bone	U2OS	142	1/2624	0/1	0	0	inf
SRX10499684	TFs and others	G-quadruplex	Bone	U2OS	143	2/2624	0/1	0	0	inf
SRX10499686	TFs and others	G-quadruplex	Bone	U2OS	105	1/2624	0/1	0	0	inf
SRX10499687	TFs and others	G-quadruplex	Bone	U2OS	90	1/2624	0/1	0	0	inf
SRX10499688	TFs and others	G-quadruplex	Bone	U2OS	142	1/2624	0/1	0	0	inf
SRX10499690	TFs and others	G-quadruplex	Bone	U2OS	90	1/2624	0/1	0	0	inf
SRX10499691	TFs and others	G-quadruplex	Bone	U2OS	70	1/2624	0/1	0	0	inf
SRX10499692	TFs and others	G-quadruplex	Bone	U2OS	91	1/2624	0/1	0	0	inf
SRX10499694	TFs and others	G-quadruplex	Bone	U2OS	111	1/2624	0/1	0	0	inf
SRX10499695	TFs and others	G-quadruplex	Bone	U2OS	114	1/2624	0/1	0	0	inf
SRX10499696	TFs and others	G-quadruplex	Bone	U2OS	153	2/2624	0/1	0	0	inf
SRX10499698	TFs and others	G-quadruplex	Bone	U2OS	65	1/2624	0/1	0	0	inf
SRX10499699	TFs and others	G-quadruplex	Bone	U2OS	88	1/2624	0/1	0	0	inf
SRX10499700	TFs and others	G-quadruplex	Bone	U2OS	116	1/2624	0/1	0	0	inf
SRX10511721	TFs and others	Epitope tags	Digestive tract	HCT 116	1114	3/2624	0/1	0	0	inf
SRX10511723	TFs and others	Epitope tags	Digestive tract	HCT 116	1473	3/2624	0/1	0	0	inf
SRX10511725	TFs and others	Epitope tags	Digestive tract	HCT 116	786	1/2624	0/1	0	0	inf
SRX10511727	TFs and others	Epitope tags	Digestive tract	HCT 116	1030	1/2624	0/1	0	0	inf
SRX105186	TFs and others	TP63	Epidermis	Keratinocytes	3308	119/2624	0/1	0	0	inf
SRX105187	TFs and others	TP63	Epidermis	Keratinocytes	3918	180/2624	0/1	0	0	inf
SRX1052316	TFs and others	Epitope tags	Blood	K-562	437	2/2624	0/1	0	0	inf
SRX1052317	TFs and others	Epitope tags	Blood	K-562	4260	343/2624	0/1	0	0	inf
SRX1052318	TFs and others	Epitope tags	Blood	K-562	554	3/2624	0/1	0	0	inf
SRX1052319	TFs and others	Epitope tags	Blood	K-562	1717	62/2624	0/1	0	0	inf
SRX1052320	TFs and others	Epitope tags	Blood	K-562	901	47/2624	0/1	0	0	inf
SRX1053364	TFs and others	CTCF	Pluripotent stem cell	ES cells	24068	330/2624	0/1	0	0	inf
SRX1053365	TFs and others	CTCF	Pluripotent stem cell	ES cells	27346	369/2624	0/1	0	0	inf
SRX1053367	TFs and others	MED1	Pluripotent stem cell	ES cells	1046	9/2624	0/1	0	0	inf
SRX1053368	TFs and others	MED1	Pluripotent stem cell	ES cells	300	2/2624	0/1	0	0	inf
SRX1053369	TFs and others	POU5F1	Pluripotent stem cell	ES cells	5741	23/2624	0/1	0	0	inf
SRX1053370	TFs and others	POU5F1	Pluripotent stem cell	ES cells	7184	26/2624	0/1	0	0	inf
SRX1053373	TFs and others	CTCF	Pluripotent stem cell	ES cells	4781	128/2624	0/1	0	0	inf
SRX1053374	TFs and others	CTCF	Pluripotent stem cell	ES cells	7761	197/2624	0/1	0	0	inf
SRX1053376	TFs and others	MED1	Pluripotent stem cell	ES cells	510	10/2624	0/1	0	0	inf
SRX1053377	TFs and others	MED1	Pluripotent stem cell	ES cells	512	22/2624	0/1	0	0	inf
SRX1053378	TFs and others	POU5F1	Pluripotent stem cell	ES cells	4971	21/2624	0/1	0	0	inf
SRX1053379	TFs and others	POU5F1	Pluripotent stem cell	ES cells	4726	14/2624	0/1	0	0	inf
SRX1053934	TFs and others	HDAC2	Pluripotent stem cell	iPS cells	53	1/2624	0/1	0	0	inf
SRX1053948	TFs and others	HDAC2	Pluripotent stem cell	ES cells	143	1/2624	0/1	0	0	inf
SRX1053963	TFs and others	HDAC2	Pluripotent stem cell	iPS cells	104	1/2624	0/1	0	0	inf
SRX1053986	TFs and others	HDAC2	Pluripotent stem cell	iPS cells	308	12/2624	0/1	0	0	inf
SRX1053991	TFs and others	HDAC2	Pluripotent stem cell	iPS cells	83	1/2624	0/1	0	0	inf
SRX1053996	TFs and others	HDAC2	Pluripotent stem cell	iPS cells	316	1/2624	0/1	0	0	inf
SRX1054001	TFs and others	HDAC2	Pluripotent stem cell	iPS cells	66	1/2624	0/1	0	0	inf
SRX1054006	TFs and others	HDAC2	Pluripotent stem cell	iPS cells	90	1/2624	0/1	0	0	inf
SRX1055105	TFs and others	Epitope tags	Kidney	293	16177	691/2624	0/1	0	0	inf
SRX1055107	TFs and others	Epitope tags	Kidney	293	4592	204/2624	0/1	0	0	inf
SRX1056333	TFs and others	NR3C2	Unclassified	Unclassified	399	1/2624	0/1	0	0	inf
SRX1056334	TFs and others	NR3C2	Unclassified	Unclassified	380	1/2624	0/1	0	0	inf
SRX10567327	TFs and others	HMGB1	Lung	IMR-90	352	27/2624	0/1	0	0	inf
SRX10567329	TFs and others	HMGB1	Lung	IMR-90	254	3/2624	0/1	0	0	inf
SRX10567331	TFs and others	HMGB1	Lung	IMR-90	615	1/2624	0/1	0	0	inf
SRX10567333	TFs and others	HMGB1	Lung	IMR-90	542	1/2624	0/1	0	0	inf
SRX1058473	TFs and others	Epitope tags	Epidermis	MKL-1	6018	426/2624	0/1	0	0	inf
SRX1058474	TFs and others	EP400	Epidermis	MKL-1	3009	377/2624	0/1	0	0	inf
SRX1058477	TFs and others	MCPV ST	Epidermis	MKL-1	3887	184/2624	0/1	0	0	inf
SRX1058478	TFs and others	EP400	Epidermis	MKL-1	3023	350/2624	0/1	0	0	inf
SRX1058804	TFs and others	BRD4	Adipocyte	SGBS	1787	5/2624	0/1	0	0	inf
SRX1058805	TFs and others	BRD4	Adipocyte	SGBS	2784	9/2624	0/1	0	0	inf
SRX1063404	TFs and others	CTCF	Blood	THP-1	780	25/2624	0/1	0	0	inf
SRX1063405	TFs and others	CTCF	Blood	THP-1	1281	48/2624	0/1	0	0	inf
SRX10634383	TFs and others	YAP1	Epidermis	Keratinocytes	4787	104/2624	0/1	0	0	inf
SRX10634384	TFs and others	TEAD1	Epidermis	Keratinocytes	1567	27/2624	0/1	0	0	inf
SRX10637290	TFs and others	KDM1A	Breast	MDA-MB-231	18552	908/2624	0/1	0	0	inf
SRX10637291	TFs and others	KDM1A	Breast	MDA-MB-231	3761	500/2624	0/1	0	0	inf
SRX10644243	TFs and others	CDT1	Digestive tract	HCT 116	6771	306/2624	0/1	0	0	inf
SRX10644244	TFs and others	CDT1	Digestive tract	HCT 116	865	40/2624	0/1	0	0	inf
SRX10644245	TFs and others	CDT1	Digestive tract	HCT 116	1110	1/2624	0/1	0	0	inf
SRX10644246	TFs and others	CDT1	Digestive tract	HCT 116	1898	1/2624	0/1	0	0	inf
SRX10644249	TFs and others	CDT1	Digestive tract	HCT 116	722	1/2624	0/1	0	0	inf
SRX10644250	TFs and others	CDT1	Digestive tract	HCT 116	638	1/2624	0/1	0	0	inf
SRX10644251	TFs and others	CDT1	Digestive tract	HCT 116	1273	2/2624	0/1	0	0	inf
SRX10644252	TFs and others	CDT1	Digestive tract	HCT 116	641	1/2624	0/1	0	0	inf
SRX10644253	TFs and others	MCM2	Digestive tract	HCT 116	1748	1/2624	0/1	0	0	inf
SRX10644256	TFs and others	MCM2	Digestive tract	HCT 116	2405	13/2624	0/1	0	0	inf
SRX1065300	TFs and others	Epitope tags	Breast	IMEC	1870	105/2624	0/1	0	0	inf
SRX1065301	TFs and others	Epitope tags	Breast	IMEC	449	2/2624	0/1	0	0	inf
SRX10656915	TFs and others	CTCF	Blood	K-562	11559	352/2624	0/1	0	0	inf
SRX10656916	TFs and others	CTCF	Blood	K-562	18194	473/2624	0/1	0	0	inf
SRX10656918	TFs and others	CTCF	Blood	K-562	10122	360/2624	0/1	0	0	inf
SRX10656919	TFs and others	CTCF	Blood	K-562	12101	406/2624	0/1	0	0	inf
SRX10657962	TFs and others	Epitope tags	Blood	NALM-6	1279	35/2624	0/1	0	0	inf
SRX10657963	TFs and others	Epitope tags	Blood	NALM-6	3498	198/2624	0/1	0	0	inf
SRX10657964	TFs and others	Epitope tags	Blood	NALM-6	3653	219/2624	0/1	0	0	inf
SRX10657965	TFs and others	Epitope tags	Blood	NALM-6	9143	499/2624	0/1	0	0	inf
SRX1066863	TFs and others	BANP	Digestive tract	HCT 116	2906	5/2624	0/1	0	0	inf
SRX1066865	TFs and others	BANP	Digestive tract	HCT 116	4803	63/2624	0/1	0	0	inf
SRX1067063	TFs and others	FOXA1	Prostate	Prostate cancer cells	3602	22/2624	0/1	0	0	inf
SRX1067064	TFs and others	HOXB13	Prostate	Prostate cancer cells	30719	167/2624	0/1	0	0	inf
SRX1067065	TFs and others	HOXB13	Prostate	LNCAP	5873	7/2624	0/1	0	0	inf
SRX1067066	TFs and others	AR	Prostate	LHSAR	135710	227/2624	0/1	0	0	inf
SRX1067067	TFs and others	AR	Prostate	LHSAR	94683	202/2624	0/1	0	0	inf
SRX1067068	TFs and others	AR	Prostate	LHSAR	97690	125/2624	0/1	0	0	inf
SRX1067069	TFs and others	AR	Prostate	LHSAR	121269	136/2624	0/1	0	0	inf
SRX1067070	TFs and others	AR	Prostate	LHSAR	64537	337/2624	0/1	0	0	inf
SRX1067071	TFs and others	AR	Prostate	LHSAR	59859	246/2624	0/1	0	0	inf
SRX1070160	TFs and others	AR	Breast	MDA-MB-453	7624	16/2624	0/1	0	0	inf
SRX1070161	TFs and others	AR	Breast	MDA-MB-453	18935	40/2624	0/1	0	0	inf
SRX1070162	TFs and others	AR	Breast	MDA-MB-453	20477	39/2624	0/1	0	0	inf
SRX1070163	TFs and others	AR	Breast	MDA-MB-453	9833	18/2624	0/1	0	0	inf
SRX1070164	TFs and others	PIAS1	Breast	MDA-MB-453	350	1/2624	0/1	0	0	inf
SRX1070165	TFs and others	PIAS1	Breast	MDA-MB-453	344	1/2624	0/1	0	0	inf
SRX1070427	TFs and others	ORC2	Blood	K-562	3225	95/2624	0/1	0	0	inf
SRX1070428	TFs and others	ORC2	Blood	K-562	2027	30/2624	0/1	0	0	inf
SRX10721428	TFs and others	Epitope tags	Breast	MCF-7	3355	42/2624	0/1	0	0	inf
SRX10721429	TFs and others	Epitope tags	Breast	MCF-7	3939	45/2624	0/1	0	0	inf
SRX10721430	TFs and others	Epitope tags	Breast	MCF-7	6167	45/2624	0/1	0	0	inf
SRX10721431	TFs and others	Epitope tags	Breast	MCF-7	6080	49/2624	0/1	0	0	inf
SRX10722430	TFs and others	BCL11B	Blood	T-ALL	6793	803/2624	0/1	0	0	inf
SRX10722431	TFs and others	BCL11B	Blood	T-ALL	7216	948/2624	0/1	0	0	inf
SRX10722432	TFs and others	BCL11B	Blood	T-ALL	12507	918/2624	0/1	0	0	inf
SRX10722979	TFs and others	CSTF2	Bone	U2OS	6802	616/2624	0/1	0	0	inf
SRX10722980	TFs and others	CSTF2	Bone	U2OS	5379	324/2624	0/1	0	0	inf
SRX10722986	TFs and others	TBP	Bone	U2OS	1272	101/2624	0/1	0	0	inf
SRX10722987	TFs and others	TBP	Bone	U2OS	889	53/2624	0/1	0	0	inf
SRX10722988	TFs and others	GTF2F1	Bone	U2OS	8016	909/2624	0/1	0	0	inf
SRX10722989	TFs and others	GTF2F1	Bone	U2OS	5236	655/2624	0/1	0	0	inf
SRX107284	TFs and others	DUX4	Muscle	Myoblasts	65686	60/2624	0/1	0	0	inf
SRX107285	TFs and others	DUX4	Muscle	Myoblasts	150	2/2624	0/1	0	0	inf
SRX107286	TFs and others	TCF3	Blood	CCRF-CEM	53	1/2624	0/1	0	0	inf
SRX107287	TFs and others	GATA3	Blood	CCRF-CEM	93	1/2624	0/1	0	0	inf
SRX107288	TFs and others	TCF12	Blood	CCRF-CEM	44	1/2624	0/1	0	0	inf
SRX107289	TFs and others	TCF12	Blood	CCRF-CEM	155	1/2624	0/1	0	0	inf
SRX107293	TFs and others	LMO2	Blood	CCRF-CEM	139	1/2624	0/1	0	0	inf
SRX107294	TFs and others	LMO2	Blood	CCRF-CEM	61	1/2624	0/1	0	0	inf
SRX107296	TFs and others	RUNX1	Blood	CCRF-CEM	149	3/2624	0/1	0	0	inf
SRX107297	TFs and others	TAL1	Blood	CCRF-CEM	180	1/2624	0/1	0	0	inf
SRX107298	TFs and others	TAL1	Blood	CCRF-CEM	639	2/2624	0/1	0	0	inf
SRX107306	TFs and others	LMO1	Blood	Jurkat (Clone E6-1)	84	1/2624	0/1	0	0	inf
SRX107307	TFs and others	LMO1	Blood	Jurkat (Clone E6-1)	39	1/2624	0/1	0	0	inf
SRX1073586	TFs and others	MYC	Blood	GEN2.2	1485	116/2624	0/1	0	0	inf
SRX107363	TFs and others	ESR1	Breast	H3396	2996	5/2624	0/1	0	0	inf
SRX107364	TFs and others	ESR1	Breast	H3396	1672	4/2624	0/1	0	0	inf
SRX107365	TFs and others	ESR1	Breast	H3396	976	3/2624	0/1	0	0	inf
SRX107366	TFs and others	ESR1	Breast	H3396	1532	2/2624	0/1	0	0	inf
SRX107367	TFs and others	ESR1	Breast	H3396	663	2/2624	0/1	0	0	inf
SRX107368	TFs and others	ESR1	Breast	H3396	3433	1/2624	0/1	0	0	inf
SRX107369	TFs and others	ESR1	Breast	H3396	9246	45/2624	0/1	0	0	inf
SRX107370	TFs and others	ESR1	Breast	H3396	4540	22/2624	0/1	0	0	inf
SRX107407	TFs and others	HNRNPL	Uterus	HeLa	370	1/2624	0/1	0	0	inf
SRX107408	TFs and others	HNRNPL	Uterus	HeLa	538	1/2624	0/1	0	0	inf
SRX107411	TFs and others	RUNX2	Prostate	C4-2	17895	114/2624	0/1	0	0	inf
SRX10756459	TFs and others	TUBG1	Bone	U2OS	69	1/2624	0/1	0	0	inf
SRX10756460	TFs and others	TUBG1	Bone	U2OS	97	1/2624	0/1	0	0	inf
SRX10756461	TFs and others	PCNA	Bone	U2OS	58	1/2624	0/1	0	0	inf
SRX10756462	TFs and others	PCNA	Bone	U2OS	83	1/2624	0/1	0	0	inf
SRX10756463	TFs and others	FOXM1	Bone	U2OS	100	1/2624	0/1	0	0	inf
SRX10756464	TFs and others	FOXM1	Bone	U2OS	127	1/2624	0/1	0	0	inf
SRX10756465	TFs and others	MCM5	Bone	U2OS	127	1/2624	0/1	0	0	inf
SRX10756466	TFs and others	MCM5	Bone	U2OS	122	1/2624	0/1	0	0	inf
SRX10756469	TFs and others	TUBG1	Bone	U2OS	101	1/2624	0/1	0	0	inf
SRX10756470	TFs and others	TUBG1	Bone	U2OS	101	1/2624	0/1	0	0	inf
SRX10756471	TFs and others	PCNA	Bone	U2OS	167	1/2624	0/1	0	0	inf
SRX10756472	TFs and others	PCNA	Bone	U2OS	164	1/2624	0/1	0	0	inf
SRX10756473	TFs and others	FOXM1	Bone	U2OS	132	1/2624	0/1	0	0	inf
SRX10756474	TFs and others	FOXM1	Bone	U2OS	140	1/2624	0/1	0	0	inf
SRX10756475	TFs and others	MCM5	Bone	U2OS	160	1/2624	0/1	0	0	inf
SRX10756476	TFs and others	MCM5	Bone	U2OS	154	1/2624	0/1	0	0	inf
SRX10756479	TFs and others	TUBG1	Bone	U2OS	88	1/2624	0/1	0	0	inf
SRX10756480	TFs and others	TUBG1	Bone	U2OS	81	1/2624	0/1	0	0	inf
SRX10756481	TFs and others	PCNA	Bone	U2OS	74	1/2624	0/1	0	0	inf
SRX10756482	TFs and others	PCNA	Bone	U2OS	72	1/2624	0/1	0	0	inf
SRX10756483	TFs and others	FOXM1	Bone	U2OS	115	1/2624	0/1	0	0	inf
SRX10756484	TFs and others	FOXM1	Bone	U2OS	114	1/2624	0/1	0	0	inf
SRX10756485	TFs and others	MCM5	Bone	U2OS	111	1/2624	0/1	0	0	inf
SRX10756486	TFs and others	MCM5	Bone	U2OS	109	1/2624	0/1	0	0	inf
SRX10756489	TFs and others	TUBG1	Bone	U2OS	145	1/2624	0/1	0	0	inf
SRX10756490	TFs and others	TUBG1	Bone	U2OS	115	1/2624	0/1	0	0	inf
SRX10756491	TFs and others	PCNA	Bone	U2OS	97	1/2624	0/1	0	0	inf
SRX10756492	TFs and others	PCNA	Bone	U2OS	71	1/2624	0/1	0	0	inf
SRX10756493	TFs and others	FOXM1	Bone	U2OS	209	1/2624	0/1	0	0	inf
SRX10756494	TFs and others	FOXM1	Bone	U2OS	176	1/2624	0/1	0	0	inf
SRX10756495	TFs and others	MCM5	Bone	U2OS	146	1/2624	0/1	0	0	inf
SRX10756496	TFs and others	MCM5	Bone	U2OS	121	1/2624	0/1	0	0	inf
SRX10756499	TFs and others	TUBG1	Bone	U2OS	136	1/2624	0/1	0	0	inf
SRX10756500	TFs and others	TUBG1	Bone	U2OS	156	1/2624	0/1	0	0	inf
SRX10756501	TFs and others	PCNA	Bone	U2OS	95	1/2624	0/1	0	0	inf
SRX10756502	TFs and others	PCNA	Bone	U2OS	91	1/2624	0/1	0	0	inf
SRX10756505	TFs and others	TUBG1	Bone	U2OS	105	1/2624	0/1	0	0	inf
SRX10756506	TFs and others	TUBG1	Bone	U2OS	104	1/2624	0/1	0	0	inf
SRX10756507	TFs and others	PCNA	Bone	U2OS	79	1/2624	0/1	0	0	inf
SRX10756508	TFs and others	PCNA	Bone	U2OS	74	1/2624	0/1	0	0	inf
SRX10756511	TFs and others	TUBG1	Bone	U2OS	152	1/2624	0/1	0	0	inf
SRX10756512	TFs and others	TUBG1	Bone	U2OS	141	1/2624	0/1	0	0	inf
SRX10756513	TFs and others	PCNA	Bone	U2OS	81	1/2624	0/1	0	0	inf
SRX10756514	TFs and others	PCNA	Bone	U2OS	86	1/2624	0/1	0	0	inf
SRX10756517	TFs and others	TUBG1	Bone	U2OS	111	1/2624	0/1	0	0	inf
SRX10756518	TFs and others	TUBG1	Bone	U2OS	114	1/2624	0/1	0	0	inf
SRX10756519	TFs and others	PCNA	Bone	U2OS	113	1/2624	0/1	0	0	inf
SRX10756520	TFs and others	PCNA	Bone	U2OS	94	1/2624	0/1	0	0	inf
SRX10760632	TFs and others	BRD4	Blood	MM.1S	12641	713/2624	0/1	0	0	inf
SRX10760641	TFs and others	EP300	Blood	MM.1S	4159	88/2624	0/1	0	0	inf
SRX10760642	TFs and others	EP300	Blood	MM.1S	4882	127/2624	0/1	0	0	inf
SRX10760647	TFs and others	KDM6A	Blood	MM.1S	394	1/2624	0/1	0	0	inf
SRX10760648	TFs and others	NCOR1	Blood	MM.1S	22216	430/2624	0/1	0	0	inf
SRX1076935	TFs and others	LMTK3	Breast	MCF-7	899	20/2624	0/1	0	0	inf
SRX1076936	TFs and others	LMTK3	Breast	MDA-MB-231	319	9/2624	0/1	0	0	inf
SRX1078839	TFs and others	AFF4	Digestive tract	HCT 116	773	9/2624	0/1	0	0	inf
SRX1078840	TFs and others	AFF4	Digestive tract	HCT 116	463	1/2624	0/1	0	0	inf
SRX1078841	TFs and others	AFF4	Digestive tract	HCT 116	733	3/2624	0/1	0	0	inf
SRX1078842	TFs and others	AFF4	Digestive tract	HCT 116	454	1/2624	0/1	0	0	inf
SRX1078843	TFs and others	CDK9	Digestive tract	HCT 116	180	1/2624	0/1	0	0	inf
SRX1078844	TFs and others	CDK9	Digestive tract	HCT 116	330	1/2624	0/1	0	0	inf
SRX1078845	TFs and others	ELL2	Digestive tract	HCT 116	1455	41/2624	0/1	0	0	inf
SRX1078846	TFs and others	ELL2	Digestive tract	HCT 116	735	10/2624	0/1	0	0	inf
SRX1078847	TFs and others	ELL2	Digestive tract	HCT 116	1083	16/2624	0/1	0	0	inf
SRX1078848	TFs and others	ELL2	Digestive tract	HCT 116	809	10/2624	0/1	0	0	inf
SRX1078860	TFs and others	LEO1	Digestive tract	HCT 116	277	4/2624	0/1	0	0	inf
SRX1078861	TFs and others	LEO1	Digestive tract	HCT 116	416	4/2624	0/1	0	0	inf
SRX1078876	TFs and others	PAF1	Digestive tract	HCT 116	498	1/2624	0/1	0	0	inf
SRX1079382	TFs and others	SUMO2	Prostate	VCaP	12221	253/2624	0/1	0	0	inf
SRX1079383	TFs and others	SUMO2	Prostate	VCaP	16412	370/2624	0/1	0	0	inf
SRX1079384	TFs and others	SUMO2	Prostate	VCaP	20720	736/2624	0/1	0	0	inf
SRX1079386	TFs and others	SUMO2	Prostate	VCaP	16711	476/2624	0/1	0	0	inf
SRX1079387	TFs and others	SUMO2	Prostate	VCaP	17570	493/2624	0/1	0	0	inf
SRX1079389	TFs and others	SUMO2	Prostate	VCaP	16194	837/2624	0/1	0	0	inf
SRX1079390	TFs and others	SUMO2	Prostate	VCaP	9589	74/2624	0/1	0	0	inf
SRX1079391	TFs and others	SUMO2	Prostate	VCaP	12424	81/2624	0/1	0	0	inf
SRX1079392	TFs and others	SUMO2	Prostate	VCaP	15850	165/2624	0/1	0	0	inf
SRX1079393	TFs and others	SUMO2	Prostate	VCaP	22216	240/2624	0/1	0	0	inf
SRX10809333	TFs and others	HDGF2	Neural	DIPG7	513	1/2624	0/1	0	0	inf
SRX10809334	TFs and others	PSIP1	Neural	DIPG7	357	1/2624	0/1	0	0	inf
SRX10809335	TFs and others	HDGF2	Neural	DIPG7	609	1/2624	0/1	0	0	inf
SRX10809336	TFs and others	PSIP1	Neural	DIPG7	388	1/2624	0/1	0	0	inf
SRX10809337	TFs and others	HDGF2	Neural	DIPG7	170	1/2624	0/1	0	0	inf
SRX10809338	TFs and others	PSIP1	Neural	DIPG7	100	1/2624	0/1	0	0	inf
SRX10809339	TFs and others	HDGF2	Neural	DIPG7	346	1/2624	0/1	0	0	inf
SRX10809340	TFs and others	PSIP1	Neural	DIPG7	199	1/2624	0/1	0	0	inf
SRX10809341	TFs and others	HDGF2	Neural	SU-pcGBM-2	107	1/2624	0/1	0	0	inf
SRX10809342	TFs and others	PSIP1	Neural	SU-pcGBM-2	53	1/2624	0/1	0	0	inf
SRX10809802	TFs and others	EP300	Muscle	RH-4	1236	34/2624	0/1	0	0	inf
SRX10809803	TFs and others	EP300	Muscle	RH-4	1207	28/2624	0/1	0	0	inf
SRX10820556	TFs and others	BRD4	Blood	REH	257	6/2624	0/1	0	0	inf
SRX10820557	TFs and others	BRD4	Blood	REH	256	5/2624	0/1	0	0	inf
SRX10820558	TFs and others	BRD4	Blood	REH	188	10/2624	0/1	0	0	inf
SRX10828251	TFs and others	AR	Digestive tract	HGC-27	3206	571/2624	0/1	0	0	inf
SRX1085063	TFs and others	KDM2B	Blood	K-562	306	1/2624	0/1	0	0	inf
SRX1085065	TFs and others	KDM2B	Blood	REH	383	1/2624	0/1	0	0	inf
SRX1085067	TFs and others	KDM2B	Blood	SUP-B15	294	1/2624	0/1	0	0	inf
SRX1085069	TFs and others	KDM2B	Blood	DND-41	578	1/2624	0/1	0	0	inf
SRX1085070	TFs and others	KDM2B	Blood	HPB-ALL	532	1/2624	0/1	0	0	inf
SRX1085072	TFs and others	KDM2B	Blood	K-562	618	1/2624	0/1	0	0	inf
SRX1085073	TFs and others	KDM2B	Blood	ALL-SIL	521	1/2624	0/1	0	0	inf
SRX10867749	TFs and others	LMNA	Blood	K-562	1582	1/2624	0/1	0	0	inf
SRX10867750	TFs and others	LMNA	Blood	K-562	4927	1/2624	0/1	0	0	inf
SRX10867752	TFs and others	LMNA	Blood	GM12878	916	1/2624	0/1	0	0	inf
SRX10867753	TFs and others	LMNA	Blood	GM12878	916	1/2624	0/1	0	0	inf
SRX10880532	TFs and others	HMGA2	Digestive tract	MKN-45	214	1/2624	0/1	0	0	inf
SRX10881799	TFs and others	SMARCC1	Others	BT-16	286	2/2624	0/1	0	0	inf
SRX10881800	TFs and others	SMARCC1	Kidney	G-401	3977	153/2624	0/1	0	0	inf
SRX10881801	TFs and others	SMARCC2	Others	BT-16	4089	152/2624	0/1	0	0	inf
SRX10881802	TFs and others	SMARCC2	Kidney	G-401	2279	124/2624	0/1	0	0	inf
SRX10881803	TFs and others	SMARCC2	Others	BT-16	787	44/2624	0/1	0	0	inf
SRX10881805	TFs and others	PBRM1	Others	BT-16	5206	714/2624	0/1	0	0	inf
SRX10881807	TFs and others	PBRM1	Others	BT-16	7701	1196/2624	0/1	0	0	inf
SRX10881809	TFs and others	BRD7	Others	BT-16	351	1/2624	0/1	0	0	inf
SRX10881810	TFs and others	BRD7	Kidney	G-401	2007	126/2624	0/1	0	0	inf
SRX10881811	TFs and others	BRD7	Others	BT-16	341	1/2624	0/1	0	0	inf
SRX10881812	TFs and others	BRD7	Kidney	G-401	3233	269/2624	0/1	0	0	inf
SRX10881813	TFs and others	BRD9	Others	BT-16	7474	254/2624	0/1	0	0	inf
SRX10881814	TFs and others	BRD9	Kidney	G-401	8140	614/2624	0/1	0	0	inf
SRX10881815	TFs and others	BRD9	Others	BT-16	9320	430/2624	0/1	0	0	inf
SRX10881817	TFs and others	SMARCA4	Kidney	G-401	22137	1017/2624	0/1	0	0	inf
SRX10881819	TFs and others	SMARCA4	Kidney	G-401	14643	960/2624	0/1	0	0	inf
SRX10881822	TFs and others	SS18L1	Others	BT-16	9543	491/2624	0/1	0	0	inf
SRX10881823	TFs and others	SS18L1	Others	BT-16	6476	307/2624	0/1	0	0	inf
SRX10881845	TFs and others	SMARCB1	Others	BT-16	523	11/2624	0/1	0	0	inf
SRX10881846	TFs and others	SMARCB1	Kidney	G-401	1569	17/2624	0/1	0	0	inf
SRX10881848	TFs and others	SS18	Kidney	G-401	29848	1092/2624	0/1	0	0	inf
SRX10881850	TFs and others	SS18	Kidney	G-401	14299	1244/2624	0/1	0	0	inf
SRX10881851	TFs and others	ARID1A	Kidney	G-401	2203	84/2624	0/1	0	0	inf
SRX10881852	TFs and others	ARID1A	Kidney	G-401	941	27/2624	0/1	0	0	inf
SRX10881853	TFs and others	ARID2	Others	BT-16	777	13/2624	0/1	0	0	inf
SRX10881854	TFs and others	ARID2	Kidney	G-401	3859	485/2624	0/1	0	0	inf
SRX10881855	TFs and others	ARID2	Others	BT-16	2165	124/2624	0/1	0	0	inf
SRX10881856	TFs and others	ARID2	Kidney	G-401	5922	907/2624	0/1	0	0	inf
SRX10881857	TFs and others	SMARCC1	Others	BT-16	429	5/2624	0/1	0	0	inf
SRX10881858	TFs and others	SMARCC1	Kidney	G-401	1887	58/2624	0/1	0	0	inf
SRX1089823	TFs and others	GATA1	Blood	Hematopoietic Stem Cells	516	1/2624	0/1	0	0	inf
SRX1089824	TFs and others	GATA1	Blood	Hematopoietic Stem Cells	438	1/2624	0/1	0	0	inf
SRX1089825	TFs and others	TAL1	Blood	Hematopoietic Stem Cells	539	1/2624	0/1	0	0	inf
SRX1089826	TFs and others	TAL1	Blood	Erythroblasts	15217	44/2624	0/1	0	0	inf
SRX1089827	TFs and others	TAL1	Blood	Hematopoietic Stem Cells	437	1/2624	0/1	0	0	inf
SRX1089828	TFs and others	NFE2	Blood	Hematopoietic Stem Cells	786	41/2624	0/1	0	0	inf
SRX1089829	TFs and others	NFE2	Blood	Erythroblasts	15466	1244/2624	0/1	0	0	inf
SRX1089830	TFs and others	NFE2	Blood	Hematopoietic Stem Cells	3108	174/2624	0/1	0	0	inf
SRX1089831	TFs and others	IRF2	Blood	Hematopoietic Stem Cells	551	4/2624	0/1	0	0	inf
SRX1089832	TFs and others	SPI1	Blood	Hematopoietic Stem Cells	13304	151/2624	0/1	0	0	inf
SRX1089833	TFs and others	SPI1	Blood	Hematopoietic Stem Cells	78791	689/2624	0/1	0	0	inf
SRX1089834	TFs and others	RUNX1	Blood	Hematopoietic Stem Cells	525	14/2624	0/1	0	0	inf
SRX1089835	TFs and others	RUNX1	Blood	Hematopoietic Stem Cells	686	14/2624	0/1	0	0	inf
SRX1089836	TFs and others	GATA2	Blood	Erythroblasts	616	1/2624	0/1	0	0	inf
SRX1091020	TFs and others	ARNTL	Blood	NOMO-1	46	1/2624	0/1	0	0	inf
SRX1091021	TFs and others	ARNTL	Blood	NOMO-1	840	1/2624	0/1	0	0	inf
SRX1091022	TFs and others	CLOCK	Blood	NOMO-1	159	1/2624	0/1	0	0	inf
SRX1091024	TFs and others	ARNTL	Blood	NOMO-1	18	1/2624	0/1	0	0	inf
SRX1091025	TFs and others	CLOCK	Blood	NOMO-1	53	1/2624	0/1	0	0	inf
SRX1091028	TFs and others	ARNTL	Blood	NOMO-1	21	1/2624	0/1	0	0	inf
SRX1091029	TFs and others	ARNTL	Blood	NOMO-1	62	1/2624	0/1	0	0	inf
SRX1091030	TFs and others	CLOCK	Blood	NOMO-1	48	1/2624	0/1	0	0	inf
SRX1091034	TFs and others	Biotin	Blood	NOMO-1	2956	13/2624	0/1	0	0	inf
SRX1091035	TFs and others	ARNTL	Blood	THP-1	130	1/2624	0/1	0	0	inf
SRX1091036	TFs and others	CLOCK	Blood	THP-1	176	1/2624	0/1	0	0	inf
SRX1091038	TFs and others	ARNTL	Blood	THP-1	803	13/2624	0/1	0	0	inf
SRX1091039	TFs and others	CLOCK	Blood	THP-1	297	3/2624	0/1	0	0	inf
SRX10913934	TFs and others	EN1	Epidermis	Dermal fibroblast	428	1/2624	0/1	0	0	inf
SRX10913935	TFs and others	EN1	Epidermis	Dermal fibroblast	412	1/2624	0/1	0	0	inf
SRX10913936	TFs and others	SP1	Epidermis	Dermal fibroblast	3777	812/2624	0/1	0	0	inf
SRX10913937	TFs and others	SP1	Epidermis	Dermal fibroblast	2327	517/2624	0/1	0	0	inf
SRX10913940	TFs and others	EN1	Epidermis	Dermal fibroblast	412	3/2624	0/1	0	0	inf
SRX10913941	TFs and others	EN1	Epidermis	Dermal fibroblast	357	2/2624	0/1	0	0	inf
SRX10913942	TFs and others	SP1	Epidermis	Dermal fibroblast	4234	882/2624	0/1	0	0	inf
SRX10913943	TFs and others	SP1	Epidermis	Dermal fibroblast	1353	198/2624	0/1	0	0	inf
SRX10913946	TFs and others	EN1	Epidermis	Dermal fibroblast	343	4/2624	0/1	0	0	inf
SRX10913947	TFs and others	EN1	Epidermis	Dermal fibroblast	310	1/2624	0/1	0	0	inf
SRX10913948	TFs and others	SP1	Epidermis	Dermal fibroblast	1299	197/2624	0/1	0	0	inf
SRX10913949	TFs and others	SP1	Epidermis	Dermal fibroblast	545	52/2624	0/1	0	0	inf
SRX1091541	TFs and others	EP300	Pluripotent stem cell	hESC derived neural crests	5917	298/2624	0/1	0	0	inf
SRX1091543	TFs and others	EP300	Pluripotent stem cell	hESC derived neural crests	14401	539/2624	0/1	0	0	inf
SRX1091546	TFs and others	NR2F1	Pluripotent stem cell	hESC derived neural crests	47222	779/2624	0/1	0	0	inf
SRX1091547	TFs and others	NR2F1	Pluripotent stem cell	hESC derived neural crests	13289	308/2624	0/1	0	0	inf
SRX1091813	TFs and others	CTCF	Blood	K-562	45824	709/2624	0/1	0	0	inf
SRX1091816	TFs and others	CTCF	Blood	K-562	354	4/2624	0/1	0	0	inf
SRX1091817	TFs and others	CTCF	Blood	delta-47	28134	504/2624	0/1	0	0	inf
SRX1091820	TFs and others	CTCF	Blood	delta-47	964	39/2624	0/1	0	0	inf
SRX1091821	TFs and others	CTCF	Gonad	OVCAR-8	68494	787/2624	0/1	0	0	inf
SRX1091824	TFs and others	CTCF	Breast	MCF-7	46178	462/2624	0/1	0	0	inf
SRX1091825	TFs and others	CTCF	Breast	MCF-7	54955	523/2624	0/1	0	0	inf
SRX1091826	TFs and others	CTCF	Breast	MCF-7	56280	555/2624	0/1	0	0	inf
SRX1091827	TFs and others	CTCFL	Breast	MCF-7	6073	317/2624	0/1	0	0	inf
SRX1091828	TFs and others	CTCFL	Breast	MCF-7	9885	386/2624	0/1	0	0	inf
SRX1091830	TFs and others	CTCFL	Epidermis	NHDF	277	1/2624	0/1	0	0	inf
SRX1092376	TFs and others	Epitope tags	Blood	K-562	455	2/2624	0/1	0	0	inf
SRX1092377	TFs and others	Epitope tags	Blood	K-562	299	2/2624	0/1	0	0	inf
SRX1092378	TFs and others	Epitope tags	Blood	K-562	424	2/2624	0/1	0	0	inf
SRX1092379	TFs and others	Epitope tags	Blood	K-562	440	1/2624	0/1	0	0	inf
SRX1092380	TFs and others	Epitope tags	Blood	K-562	167	2/2624	0/1	0	0	inf
SRX1092381	TFs and others	Epitope tags	Blood	K-562	350	2/2624	0/1	0	0	inf
SRX1092382	TFs and others	Epitope tags	Blood	K-562	475	2/2624	0/1	0	0	inf
SRX1092383	TFs and others	Epitope tags	Blood	K-562	436	2/2624	0/1	0	0	inf
SRX1092384	TFs and others	Epitope tags	Blood	K-562	598	41/2624	0/1	0	0	inf
SRX1092385	TFs and others	Epitope tags	Blood	K-562	407	2/2624	0/1	0	0	inf
SRX1092386	TFs and others	Epitope tags	Blood	K-562	344	2/2624	0/1	0	0	inf
SRX1092387	TFs and others	Epitope tags	Blood	K-562	382	2/2624	0/1	0	0	inf
SRX1092388	TFs and others	Epitope tags	Blood	K-562	482	2/2624	0/1	0	0	inf
SRX1092389	TFs and others	Epitope tags	Blood	K-562	376	1/2624	0/1	0	0	inf
SRX1092390	TFs and others	Epitope tags	Blood	K-562	411	2/2624	0/1	0	0	inf
SRX1094473	TFs and others	BRD4	Others	TC-797	365	2/2624	0/1	0	0	inf
SRX1094474	TFs and others	BRD4	Others	TC-797	864	4/2624	0/1	0	0	inf
SRX1094475	TFs and others	BRD4	Others	TC-797	273	1/2624	0/1	0	0	inf
SRX1094476	TFs and others	BRD4	Others	TC-797	300	1/2624	0/1	0	0	inf
SRX1094477	TFs and others	BRD4	Others	TC-797	404	6/2624	0/1	0	0	inf
SRX1094478	TFs and others	BRD4	Others	TC-797	459	8/2624	0/1	0	0	inf
SRX1094489	TFs and others	EP300	Others	TC-797	819	13/2624	0/1	0	0	inf
SRX1094490	TFs and others	EP300	Others	TC-797	267	2/2624	0/1	0	0	inf
SRX1094496	TFs and others	BRD4	Others	TC-797	1425	27/2624	0/1	0	0	inf
SRX1094497	TFs and others	BRD4	Unclassified	Unclassified	255	1/2624	0/1	0	0	inf
SRX1094498	TFs and others	BRD4	Unclassified	Unclassified	244	2/2624	0/1	0	0	inf
SRX1094499	TFs and others	BRD4	Unclassified	Unclassified	46	1/2624	0/1	0	0	inf
SRX1094500	TFs and others	BRD3	Unclassified	Unclassified	277	1/2624	0/1	0	0	inf
SRX1094504	TFs and others	BRD4	Others	TC-797	218	1/2624	0/1	0	0	inf
SRX1094506	TFs and others	BRD4	Others	TC-797	125	2/2624	0/1	0	0	inf
SRX1094508	TFs and others	BRD4	Kidney	HEK293-T-REx	35	1/2624	0/1	0	0	inf
SRX1094510	TFs and others	BRD4	Kidney	HEK293-T-REx	61	1/2624	0/1	0	0	inf
SRX1094512	TFs and others	BRD4	Kidney	HEK293-T-REx	47	1/2624	0/1	0	0	inf
SRX1094514	TFs and others	BRD4	Kidney	HEK293-T-REx	50	1/2624	0/1	0	0	inf
SRX1094516	TFs and others	BRD4	Kidney	HEK293-T-REx	44	1/2624	0/1	0	0	inf
SRX1094518	TFs and others	BRD4	Kidney	HEK293-T-REx	56	1/2624	0/1	0	0	inf
SRX1094520	TFs and others	BRD4	Kidney	HEK293-T-REx	276	3/2624	0/1	0	0	inf
SRX1094521	TFs and others	BRD4	Kidney	HEK293-T-REx	91	1/2624	0/1	0	0	inf
SRX109477	TFs and others	BMI1	Neural	Fetal neural progenitor cells	804	1/2624	0/1	0	0	inf
SRX109479	TFs and others	BMI1	Neural	GBM1-HAM	119	1/2624	0/1	0	0	inf
SRX109480	TFs and others	BMI1	Neural	GBM1-HAM	1088	2/2624	0/1	0	0	inf
SRX109482	TFs and others	BMI1	Neural	GBM1-HAM	748	3/2624	0/1	0	0	inf
SRX109484	TFs and others	ATF3	Neural	GBM1-HAM	5425	76/2624	0/1	0	0	inf
SRX10964116	TFs and others	ERG	Prostate	VCaP	300	1/2624	0/1	0	0	inf
SRX10964118	TFs and others	ERG	Prostate	VCaP	420	1/2624	0/1	0	0	inf
SRX1097312	TFs and others	ATRX	Blood	K-562	983	1/2624	0/1	0	0	inf
SRX1097313	TFs and others	ATRX	Blood	K-562	372	1/2624	0/1	0	0	inf
SRX1098750	TFs and others	CHD1	Prostate	LNCAP	650	1/2624	0/1	0	0	inf
SRX1098752	TFs and others	KDM1A	Prostate	LNCAP	316	1/2624	0/1	0	0	inf
SRX1098754	TFs and others	KDM1A	Prostate	LNCAP	502	1/2624	0/1	0	0	inf
SRX10989715	TFs and others	GATA1	Blood	HUDEP-1	12556	201/2624	0/1	0	0	inf
SRX10989726	TFs and others	Epitope tags	Neural	SH-SY5Y	193	1/2624	0/1	0	0	inf
SRX10989727	TFs and others	Epitope tags	Neural	SH-SY5Y	238	6/2624	0/1	0	0	inf
SRX1099626	TFs and others	GRHL2	Gonad	OVCAR-3	2084	52/2624	0/1	0	0	inf
SRX1099627	TFs and others	GRHL2	Gonad	OvCA 429	12165	285/2624	0/1	0	0	inf
SRX1099628	TFs and others	GRHL2	Gonad	PEO1	8375	211/2624	0/1	0	0	inf
SRX1100309	TFs and others	RELA	Breast	HMEC	404	1/2624	0/1	0	0	inf
SRX1100310	TFs and others	RELA	Breast	HMEC	540	1/2624	0/1	0	0	inf
SRX1100311	TFs and others	RELA	Breast	HMEC	403	1/2624	0/1	0	0	inf
SRX1100312	TFs and others	RELA	Breast	HMEC	582	1/2624	0/1	0	0	inf
SRX1100313	TFs and others	RELA	Breast	HMEC	1654	32/2624	0/1	0	0	inf
SRX1100314	TFs and others	RELA	Breast	HMEC	451	1/2624	0/1	0	0	inf
SRX11005599	TFs and others	DNMT3B	Breast	MCF10CA1a	895	1/2624	0/1	0	0	inf
SRX11005600	TFs and others	DNMT3B	Breast	MCF10CA1a	1179	1/2624	0/1	0	0	inf
SRX11005601	TFs and others	DNMT3B	Breast	MCF10CA1a	1114	1/2624	0/1	0	0	inf
SRX11005602	TFs and others	DNMT3B	Breast	MCF10CA1a	1098	1/2624	0/1	0	0	inf
SRX11005603	TFs and others	DNMT3B	Breast	MCF10CA1a	879	1/2624	0/1	0	0	inf
SRX11005604	TFs and others	DNMT3B	Breast	MCF10CA1a	966	1/2624	0/1	0	0	inf
SRX11005607	TFs and others	POU2F1	Breast	MCF10CA1a	531	1/2624	0/1	0	0	inf
SRX11005608	TFs and others	POU2F1	Breast	MCF10CA1a	417	1/2624	0/1	0	0	inf
SRX11005609	TFs and others	POU2F1	Breast	MCF10CA1a	429	1/2624	0/1	0	0	inf
SRX11005610	TFs and others	POU2F1	Breast	MCF10CA1a	451	1/2624	0/1	0	0	inf
SRX11005611	TFs and others	POU2F1	Breast	MCF10CA1a	494	1/2624	0/1	0	0	inf
SRX11005612	TFs and others	POU2F1	Breast	MCF10CA1a	530	1/2624	0/1	0	0	inf
SRX11007094	TFs and others	HIF1A	Kidney	HK-2	1722	42/2624	0/1	0	0	inf
SRX11007095	TFs and others	HIF1A	Kidney	HK-2	3276	6/2624	0/1	0	0	inf
SRX11009534	TFs and others	YBX1	Blood	MOLM-13	344	1/2624	0/1	0	0	inf
SRX11014588	TFs and others	CTCF	Bone	U2OS	4647	167/2624	0/1	0	0	inf
SRX11014589	TFs and others	CTCF	Bone	U2OS	783	6/2624	0/1	0	0	inf
SRX11014590	TFs and others	CTCF	Bone	U2OS	6150	141/2624	0/1	0	0	inf
SRX11014591	TFs and others	CTCF	Bone	U2OS	6488	154/2624	0/1	0	0	inf
SRX11014593	TFs and others	NAT10	Bone	U2OS	608	1/2624	0/1	0	0	inf
SRX11014594	TFs and others	NAT10	Bone	U2OS	547	2/2624	0/1	0	0	inf
SRX110230	TFs and others	AFF4	Kidney	293	328	1/2624	0/1	0	0	inf
SRX11023670	TFs and others	CEBPB	Cardiovascular	HUVEC	244	8/2624	0/1	0	0	inf
SRX11023673	TFs and others	CEBPB	Lung	NCI-H441	2694	96/2624	0/1	0	0	inf
SRX11023678	TFs and others	CEBPB	Lung	IMR-90	6136	254/2624	0/1	0	0	inf
SRX11070611	TFs and others	GFP	Digestive tract	Colorectal adenocarcinoma	713	53/2624	0/1	0	0	inf
SRX11070613	TFs and others	GFP	Digestive tract	Colorectal adenocarcinoma	494	1/2624	0/1	0	0	inf
SRX11078134	TFs and others	RNF2	Kidney	293	440	2/2624	0/1	0	0	inf
SRX11078135	TFs and others	RNF2	Kidney	293	484	3/2624	0/1	0	0	inf
SRX11078136	TFs and others	RNF2	Kidney	293	555	2/2624	0/1	0	0	inf
SRX11078228	TFs and others	S100A10	Digestive tract	HCT 116	378	1/2624	0/1	0	0	inf
SRX11078230	TFs and others	S100A10	Digestive tract	LoVo	555	1/2624	0/1	0	0	inf
SRX11084724	TFs and others	Epitope tags	Blood	Hematopoietic Stem Cells	331	22/2624	0/1	0	0	inf
SRX11094502	TFs and others	FLI1	Bone	A-673	10264	42/2624	0/1	0	0	inf
SRX11094507	TFs and others	FLI1	Neural	CHLA-10	6086	9/2624	0/1	0	0	inf
SRX11094512	TFs and others	ERG	Neural	CHLA-25	2745	1/2624	0/1	0	0	inf
SRX11094517	TFs and others	FLI1	Bone	EW-1	4339	24/2624	0/1	0	0	inf
SRX11094522	TFs and others	FLI1	Bone	EW-22	7457	12/2624	0/1	0	0	inf
SRX11094527	TFs and others	FLI1	Bone	EW-24	41143	265/2624	0/1	0	0	inf
SRX11094532	TFs and others	ERG	Bone	EW-3	4919	4/2624	0/1	0	0	inf
SRX11094537	TFs and others	FLI1	Bone	EW-7	3486	12/2624	0/1	0	0	inf
SRX11094542	TFs and others	FLI1	Bone	MHH-ES-1	3031	6/2624	0/1	0	0	inf
SRX11094547	TFs and others	FLI1	Bone	MIC	12335	66/2624	0/1	0	0	inf
SRX11094552	TFs and others	FLI1	Bone	POE	1140	1/2624	0/1	0	0	inf
SRX11094557	TFs and others	FLI1	Bone	RD-ES	11430	52/2624	0/1	0	0	inf
SRX11094562	TFs and others	FLI1	Bone	Rh1	7078	16/2624	0/1	0	0	inf
SRX11094567	TFs and others	FLI1	Bone	SK-ES-1	15388	55/2624	0/1	0	0	inf
SRX11094572	TFs and others	FLI1	Neural	SK-N-MC	6663	15/2624	0/1	0	0	inf
SRX11094577	TFs and others	FLI1	Bone	TC-32	1095	1/2624	0/1	0	0	inf
SRX11094582	TFs and others	FLI1	Bone	TC-71	4015	12/2624	0/1	0	0	inf
SRX11094587	TFs and others	ERG	Bone	TC-106	12928	84/2624	0/1	0	0	inf
SRX11098769	TFs and others	KANSL1	Uterus	HeLa	965	37/2624	0/1	0	0	inf
SRX11098772	TFs and others	KANSL1	Uterus	HeLa	897	19/2624	0/1	0	0	inf
SRX11098775	TFs and others	KANSL1	Uterus	HeLa	990	85/2624	0/1	0	0	inf
SRX11110957	TFs and others	HDAC1	Breast	MCF-7	523	1/2624	0/1	0	0	inf
SRX11110959	TFs and others	HDAC1	Breast	MCF-7	427	1/2624	0/1	0	0	inf
SRX1112993	TFs and others	LMNB1	Lung	IMR-90	1036	1/2624	0/1	0	0	inf
SRX1112994	TFs and others	LMNB1	Lung	IMR-90	928	1/2624	0/1	0	0	inf
SRX1112995	TFs and others	MAP1LC3B	Lung	IMR-90	748	1/2624	0/1	0	0	inf
SRX1112996	TFs and others	MAP1LC3B	Lung	IMR-90	1081	1/2624	0/1	0	0	inf
SRX111320	TFs and others	HOXC9	Neural	BE(2)-C	7613	38/2624	0/1	0	0	inf
SRX111321	TFs and others	HOXC9	Neural	BE(2)-C	8975	36/2624	0/1	0	0	inf
SRX11136855	TFs and others	KDM6A	Blood	THP-1	966	1/2624	0/1	0	0	inf
SRX11136856	TFs and others	KDM6A	Blood	THP-1	623	1/2624	0/1	0	0	inf
SRX11136857	TFs and others	KDM6A	Blood	THP-1	537	1/2624	0/1	0	0	inf
SRX11136876	TFs and others	KMT2D	Blood	THP-1	825	1/2624	0/1	0	0	inf
SRX11136877	TFs and others	KMT2D	Blood	THP-1	757	1/2624	0/1	0	0	inf
SRX11136878	TFs and others	KMT2D	Blood	THP-1	509	1/2624	0/1	0	0	inf
SRX1116228	TFs and others	Epitope tags	Cardiovascular	HUVEC	918	1/2624	0/1	0	0	inf
SRX1116229	TFs and others	Epitope tags	Cardiovascular	HUVEC	304	1/2624	0/1	0	0	inf
SRX1116230	TFs and others	PROX1	Cardiovascular	HUVEC	395	11/2624	0/1	0	0	inf
SRX1116231	TFs and others	EP300	Cardiovascular	HUVEC	1947	1/2624	0/1	0	0	inf
SRX1116232	TFs and others	EP300	Cardiovascular	HUVEC	6166	49/2624	0/1	0	0	inf
SRX1116233	TFs and others	PROX1	Cardiovascular	HUVEC	291	1/2624	0/1	0	0	inf
SRX1116234	TFs and others	Epitope tags	Cardiovascular	HUVEC	271	1/2624	0/1	0	0	inf
SRX1116235	TFs and others	Epitope tags	Cardiovascular	HUVEC	338	1/2624	0/1	0	0	inf
SRX1116394	TFs and others	PBX3	Liver	SMMC-7721	7054	36/2624	0/1	0	0	inf
SRX1116522	TFs and others	ESR1	Breast	MCF-7	326	49/2624	0/1	0	0	inf
SRX1116523	TFs and others	ESR1	Breast	MCF-7	835	142/2624	0/1	0	0	inf
SRX1116524	TFs and others	ESR1	Breast	MCF-7	6560	175/2624	0/1	0	0	inf
SRX1116525	TFs and others	ESR1	Breast	MCF-7	8268	161/2624	0/1	0	0	inf
SRX1117696	TFs and others	ZMYND8	Breast	ZR-75-30	47	1/2624	0/1	0	0	inf
SRX1117697	TFs and others	KDM5C	Breast	ZR-75-30	1962	133/2624	0/1	0	0	inf
SRX1117698	TFs and others	KDM5C	Breast	ZR-75-30	86	1/2624	0/1	0	0	inf
SRX111773	TFs and others	CTCF	Blood	GM12868	29549	475/2624	0/1	0	0	inf
SRX111774	TFs and others	CTCF	Blood	GM12867	26874	446/2624	0/1	0	0	inf
SRX111775	TFs and others	CTCF	Blood	GM12870	26833	418/2624	0/1	0	0	inf
SRX111776	TFs and others	CTCF	Blood	GM12869	29302	482/2624	0/1	0	0	inf
SRX111777	TFs and others	CTCF	Blood	GM12871	33930	537/2624	0/1	0	0	inf
SRX111778	TFs and others	CTCF	Blood	GM12866	28372	456/2624	0/1	0	0	inf
SRX11196888	TFs and others	G-quadruplex	Kidney	293	1389	402/2624	0/1	0	0	inf
SRX11196889	TFs and others	G-quadruplex	Kidney	293	338	38/2624	0/1	0	0	inf
SRX11196911	TFs and others	NELFB	Kidney	293	3445	551/2624	0/1	0	0	inf
SRX11196912	TFs and others	NELFB	Kidney	293	998	136/2624	0/1	0	0	inf
SRX11196921	TFs and others	NELFB	Kidney	293	1737	303/2624	0/1	0	0	inf
SRX11196922	TFs and others	NELFB	Kidney	293	382	24/2624	0/1	0	0	inf
SRX11196940	TFs and others	TAF1	Kidney	293	1724	294/2624	0/1	0	0	inf
SRX11196941	TFs and others	TBP	Kidney	293	580	11/2624	0/1	0	0	inf
SRX11196942	TFs and others	TBP	Kidney	293	334	4/2624	0/1	0	0	inf
SRX11196943	TFs and others	GTF2B	Kidney	293	1713	264/2624	0/1	0	0	inf
SRX11196944	TFs and others	GTF2B	Kidney	293	169	6/2624	0/1	0	0	inf
SRX112015	TFs and others	RELA	Cardiovascular	HUVEC	287	1/2624	0/1	0	0	inf
SRX112016	TFs and others	RELA	Cardiovascular	HUVEC	2847	85/2624	0/1	0	0	inf
SRX11220462	TFs and others	RELA	Digestive tract	HT-29	41	1/2624	0/1	0	0	inf
SRX11220463	TFs and others	RELA	Digestive tract	HT-29	42	1/2624	0/1	0	0	inf
SRX11220464	TFs and others	TRIM28	Digestive tract	HT-29	4320	131/2624	0/1	0	0	inf
SRX11220465	TFs and others	TRIM28	Digestive tract	HT-29	2850	85/2624	0/1	0	0	inf
SRX11220466	TFs and others	TRIM28	Digestive tract	HT-29	2395	92/2624	0/1	0	0	inf
SRX11220467	TFs and others	SOX9	Digestive tract	HT-29	866	84/2624	0/1	0	0	inf
SRX11220468	TFs and others	SOX9	Digestive tract	HT-29	452	43/2624	0/1	0	0	inf
SRX11220469	TFs and others	RELA	Digestive tract	HT-29	50	1/2624	0/1	0	0	inf
SRX11220470	TFs and others	RELA	Digestive tract	HT-29	52	2/2624	0/1	0	0	inf
SRX11220471	TFs and others	RELA	Digestive tract	HT-29	38	1/2624	0/1	0	0	inf
SRX1123843	TFs and others	SMARCC1	Kidney	G-401	260	3/2624	0/1	0	0	inf
SRX1123844	TFs and others	SMARCA4	Kidney	G-401	125	1/2624	0/1	0	0	inf
SRX1123848	TFs and others	SMARCC1	Kidney	G-401	382	1/2624	0/1	0	0	inf
SRX1123849	TFs and others	SMARCA4	Kidney	G-401	352	1/2624	0/1	0	0	inf
SRX1123853	TFs and others	SMARCC1	Neural	BT-16	409	1/2624	0/1	0	0	inf
SRX1123854	TFs and others	SMARCA4	Neural	BT-16	294	1/2624	0/1	0	0	inf
SRX1123855	TFs and others	SMARCC1	Neural	BT-16	1670	18/2624	0/1	0	0	inf
SRX1123856	TFs and others	SMARCA4	Neural	BT-16	6664	67/2624	0/1	0	0	inf
SRX1123863	TFs and others	SMARCC1	Liver	MRT TTC549	2533	35/2624	0/1	0	0	inf
SRX1123864	TFs and others	SMARCA4	Liver	MRT TTC549	261	6/2624	0/1	0	0	inf
SRX1123868	TFs and others	SMARCC1	Liver	MRT TTC549	4358	38/2624	0/1	0	0	inf
SRX1123869	TFs and others	SMARCA4	Liver	MRT TTC549	680	13/2624	0/1	0	0	inf
SRX1123964	TFs and others	SMARCA4	Digestive tract	HCT 116	688	15/2624	0/1	0	0	inf
SRX1123965	TFs and others	SMARCC1	Digestive tract	HCT 116	587	12/2624	0/1	0	0	inf
SRX1123966	TFs and others	SMARCA4	Digestive tract	HCT 116	300	1/2624	0/1	0	0	inf
SRX1123967	TFs and others	SMARCC1	Digestive tract	HCT 116	251	1/2624	0/1	0	0	inf
SRX112544	TFs and others	RUNX1	Blood	Kasumi-1	3038	71/2624	0/1	0	0	inf
SRX112545	TFs and others	RUNX1	Blood	Kasumi-1	4951	82/2624	0/1	0	0	inf
SRX112546	TFs and others	RUNX1T1	Blood	Acute myeloid leukemia	228	3/2624	0/1	0	0	inf
SRX112547	TFs and others	RUNX1T1	Blood	Acute myeloid leukemia	188	8/2624	0/1	0	0	inf
SRX1127533	TFs and others	NR3C1	Blood	RS4-11	371	1/2624	0/1	0	0	inf
SRX1127535	TFs and others	SPI1	Blood	RS4-11	9930	61/2624	0/1	0	0	inf
SRX1127543	TFs and others	NR3C1	Blood	RS4-11	2096	9/2624	0/1	0	0	inf
SRX1127545	TFs and others	SPI1	Blood	RS4-11	16564	126/2624	0/1	0	0	inf
SRX11312421	TFs and others	CTCF	Lung	A549	13261	222/2624	0/1	0	0	inf
SRX11312422	TFs and others	CTCF	Lung	A549	17472	256/2624	0/1	0	0	inf
SRX11312423	TFs and others	RAD21	Lung	A549	27615	315/2624	0/1	0	0	inf
SRX11312424	TFs and others	RAD21	Lung	A549	23844	247/2624	0/1	0	0	inf
SRX11312425	TFs and others	SMC3	Lung	A549	27226	296/2624	0/1	0	0	inf
SRX11312426	TFs and others	SMC3	Lung	A549	23698	273/2624	0/1	0	0	inf
SRX11312439	TFs and others	RAD21	Lung	A549	29332	396/2624	0/1	0	0	inf
SRX11312440	TFs and others	RAD21	Lung	A549	28993	330/2624	0/1	0	0	inf
SRX1131549	TFs and others	BRD4	Breast	HCC1395	26595	1095/2624	0/1	0	0	inf
SRX1131550	TFs and others	BRD4	Breast	HCC1395	2733	70/2624	0/1	0	0	inf
SRX1131552	TFs and others	BRD4	Breast	MDA-MB-436	229	2/2624	0/1	0	0	inf
SRX1131553	TFs and others	BRD4	Breast	MDA-MB-436	1242	2/2624	0/1	0	0	inf
SRX1131555	TFs and others	BRD4	Breast	SUM 1315M02	2057	63/2624	0/1	0	0	inf
SRX1131556	TFs and others	BRD4	Breast	SUM 1315M02	903	1/2624	0/1	0	0	inf
SRX1131558	TFs and others	BRD4	Breast	SUM 149PT	1092	2/2624	0/1	0	0	inf
SRX1131559	TFs and others	BRD4	Breast	SUM 149PT	1478	2/2624	0/1	0	0	inf
SRX1131563	TFs and others	BRD4	Breast	SUM 149PT	726	5/2624	0/1	0	0	inf
SRX1131564	TFs and others	BRD4	Breast	SUM 149PT	1329	1/2624	0/1	0	0	inf
SRX1131568	TFs and others	BRD4	Others	SUM 185PE	1098	9/2624	0/1	0	0	inf
SRX1131569	TFs and others	BRD4	Others	SUM 185PE	1027	1/2624	0/1	0	0	inf
SRX1131571	TFs and others	BRD4	Breast	T-47D	4702	251/2624	0/1	0	0	inf
SRX1131572	TFs and others	BRD4	Breast	T-47D	1299	4/2624	0/1	0	0	inf
SRX1131597	TFs and others	CBFA2T2	Pluripotent stem cell	NCCIT	464	20/2624	0/1	0	0	inf
SRX1131599	TFs and others	PRDM14	Pluripotent stem cell	NCCIT	699	9/2624	0/1	0	0	inf
SRX1131600	TFs and others	RNF2	Pluripotent stem cell	NCCIT	252	1/2624	0/1	0	0	inf
SRX1131601	TFs and others	SUZ12	Pluripotent stem cell	NCCIT	225	1/2624	0/1	0	0	inf
SRX1131804	TFs and others	Epitope tags	Uterus	HeLa	81	2/2624	0/1	0	0	inf
SRX1131805	TFs and others	Epitope tags	Uterus	HeLa	258	6/2624	0/1	0	0	inf
SRX11320613	TFs and others	CUL3	Digestive tract	DLD-1	383	1/2624	0/1	0	0	inf
SRX11320614	TFs and others	CUL3	Digestive tract	DLD-1	384	1/2624	0/1	0	0	inf
SRX11320615	TFs and others	CUL3	Digestive tract	DLD-1	455	1/2624	0/1	0	0	inf
SRX11320616	TFs and others	CUL3	Digestive tract	DLD-1	361	1/2624	0/1	0	0	inf
SRX11320617	TFs and others	CUL3	Digestive tract	DLD-1	373	1/2624	0/1	0	0	inf
SRX11320618	TFs and others	CUL3	Digestive tract	DLD-1	351	1/2624	0/1	0	0	inf
SRX11320619	TFs and others	CUL3	Digestive tract	DLD-1	359	1/2624	0/1	0	0	inf
SRX11320620	TFs and others	CUL3	Digestive tract	DLD-1	418	1/2624	0/1	0	0	inf
SRX1132445	TFs and others	AR	Prostate	C4-2	1293	1/2624	0/1	0	0	inf
SRX1132446	TFs and others	AR	Prostate	C4-2	93	1/2624	0/1	0	0	inf
SRX1132447	TFs and others	AR	Prostate	C4-2	232	1/2624	0/1	0	0	inf
SRX1132448	TFs and others	AR	Prostate	C4-2	1428	2/2624	0/1	0	0	inf
SRX1133779	TFs and others	KDM1A	Blood	SKNO-1	391	3/2624	0/1	0	0	inf
SRX1133780	TFs and others	KDM1A	Blood	SKNO-1	1563	6/2624	0/1	0	0	inf
SRX1133781	TFs and others	KDM1A	Blood	SKNO-1	1902	7/2624	0/1	0	0	inf
SRX1133785	TFs and others	KDM1A	Blood	Kasumi-1	3980	20/2624	0/1	0	0	inf
SRX1133786	TFs and others	KDM1A	Blood	Kasumi-1	3267	11/2624	0/1	0	0	inf
SRX1133787	TFs and others	KDM1A	Blood	Kasumi-1	2844	14/2624	0/1	0	0	inf
SRX11343125	TFs and others	RUNX1	Blood	Acute myeloid leukemia	19380	897/2624	0/1	0	0	inf
SRX11343127	TFs and others	FOXC1	Blood	Acute myeloid leukemia	17860	292/2624	0/1	0	0	inf
SRX1134749	TFs and others	BRD4	Blood	MV-4-11	1518	167/2624	0/1	0	0	inf
SRX1134763	TFs and others	BRD4	Blood	MV-4-11	11085	1124/2624	0/1	0	0	inf
SRX1134766	TFs and others	BRD4	Blood	MV-4-11	12642	1207/2624	0/1	0	0	inf
SRX1134769	TFs and others	BRD4	Blood	MV-4-11	4100	406/2624	0/1	0	0	inf
SRX113579	TFs and others	RNF2	Kidney	293	647	83/2624	0/1	0	0	inf
SRX113580	TFs and others	RYBP	Kidney	293	215	6/2624	0/1	0	0	inf
SRX113581	TFs and others	PCGF1	Kidney	293	172	1/2624	0/1	0	0	inf
SRX113582	TFs and others	Epitope tags	Kidney	293	151	1/2624	0/1	0	0	inf
SRX113583	TFs and others	BMI1	Kidney	293	164	5/2624	0/1	0	0	inf
SRX113584	TFs and others	PCGF5	Kidney	293	165	1/2624	0/1	0	0	inf
SRX113585	TFs and others	PCGF6	Kidney	293	194	1/2624	0/1	0	0	inf
SRX113586	TFs and others	CBX2	Kidney	293	124	1/2624	0/1	0	0	inf
SRX113589	TFs and others	RNF2	Kidney	293	279	1/2624	0/1	0	0	inf
SRX113590	TFs and others	RYBP	Kidney	293	610	11/2624	0/1	0	0	inf
SRX113591	TFs and others	BMI1	Kidney	293	205	1/2624	0/1	0	0	inf
SRX113592	TFs and others	CBX2	Kidney	293	71	1/2624	0/1	0	0	inf
SRX1136629	TFs and others	GTF2B	Uterus	HeLa	792	20/2624	0/1	0	0	inf
SRX1136631	TFs and others	GTF2B	Uterus	HeLa	432	1/2624	0/1	0	0	inf
SRX1136633	TFs and others	GTF2B	Uterus	HeLa	318	23/2624	0/1	0	0	inf
SRX1136649	TFs and others	GTF2B	Uterus	HeLa	1569	112/2624	0/1	0	0	inf
SRX1136653	TFs and others	GTF2B	Uterus	HeLa	867	25/2624	0/1	0	0	inf
SRX1136730	TFs and others	JUND	Epidermis	Melanoma	3185	410/2624	0/1	0	0	inf
SRX1136734	TFs and others	JUND	Epidermis	Melanoma	4003	801/2624	0/1	0	0	inf
SRX1136738	TFs and others	JUND	Epidermis	Melanoma	4122	730/2624	0/1	0	0	inf
SRX1136745	TFs and others	JUND	Epidermis	Melanoma	2839	401/2624	0/1	0	0	inf
SRX113706	TFs and others	SP1	Digestive tract	HCT 116	16733	1248/2624	0/1	0	0	inf
SRX11384921	TFs and others	TCF7L2	Pluripotent stem cell	iPS derived astrocytes	131	1/2624	0/1	0	0	inf
SRX11399797	TFs and others	HDAC1	Lung	NCI-H1963	6864	812/2624	0/1	0	0	inf
SRX11399798	TFs and others	HDAC1	Lung	NCI-H1963	5769	753/2624	0/1	0	0	inf
SRX11399799	TFs and others	HDAC1	Lung	NCI-H1963	3820	462/2624	0/1	0	0	inf
SRX11399800	TFs and others	HDAC2	Lung	NCI-H1963	2929	117/2624	0/1	0	0	inf
SRX11399801	TFs and others	HDAC2	Lung	NCI-H1963	1352	35/2624	0/1	0	0	inf
SRX11399802	TFs and others	HDAC2	Lung	NCI-H1963	1768	63/2624	0/1	0	0	inf
SRX1140481	TFs and others	KDM3B	Digestive tract	HCT 116	1245	42/2624	0/1	0	0	inf
SRX1140482	TFs and others	KDM3B	Digestive tract	HCT 116	378	12/2624	0/1	0	0	inf
SRX1140810	TFs and others	EP300	Blood	LP-1	151	1/2624	0/1	0	0	inf
SRX1140811	TFs and others	EP300	Blood	LP-1	157	1/2624	0/1	0	0	inf
SRX11412423	TFs and others	DEC1	Lung	Bronchial epithelial cells	617	48/2624	0/1	0	0	inf
SRX1142761	TFs and others	JUN	Breast	BT-549	726	8/2624	0/1	0	0	inf
SRX1142763	TFs and others	JUN	Breast	BT-549	884	11/2624	0/1	0	0	inf
SRX1143681	TFs and others	TP63	Breast	MCF10DCIS.com	13703	148/2624	0/1	0	0	inf
SRX1143683	TFs and others	TP63	Breast	MCF10DCIS.com	8102	57/2624	0/1	0	0	inf
SRX1143685	TFs and others	TP63	Breast	MDA-MB-231	364	1/2624	0/1	0	0	inf
SRX1144285	TFs and others	CDK12	Blood	Jurkat	747	59/2624	0/1	0	0	inf
SRX114493	TFs and others	EPAS1	Kidney	786-O	411	7/2624	0/1	0	0	inf
SRX114494	TFs and others	ARNTL	Kidney	786-O	857	30/2624	0/1	0	0	inf
SRX114606	TFs and others	KSHV LANA	Blood	BCBL1	84	1/2624	0/1	0	0	inf
SRX114608	TFs and others	KSHV LANA	Blood	BCBL1	149	1/2624	0/1	0	0	inf
SRX11472288	TFs and others	CTCF	Uterus	HeLa	922	8/2624	0/1	0	0	inf
SRX11472289	TFs and others	SMC3	Uterus	HeLa	556	1/2624	0/1	0	0	inf
SRX11472290	TFs and others	SMC3	Uterus	HeLa	679	1/2624	0/1	0	0	inf
SRX11472291	TFs and others	SMC3	Uterus	HeLa	747	1/2624	0/1	0	0	inf
SRX11472292	TFs and others	CTCF	Uterus	HeLa	1054	9/2624	0/1	0	0	inf
SRX11472293	TFs and others	CTCF	Uterus	HeLa	727	1/2624	0/1	0	0	inf
SRX11472294	TFs and others	CTCF	Uterus	HeLa	667	1/2624	0/1	0	0	inf
SRX11472295	TFs and others	SMC3	Uterus	HeLa	540	1/2624	0/1	0	0	inf
SRX11472296	TFs and others	SMC3	Uterus	HeLa	544	1/2624	0/1	0	0	inf
SRX11472297	TFs and others	SMC3	Uterus	HeLa	673	1/2624	0/1	0	0	inf
SRX11472298	TFs and others	SMC3	Uterus	HeLa	788	1/2624	0/1	0	0	inf
SRX11472299	TFs and others	SMC3	Uterus	HeLa	533	1/2624	0/1	0	0	inf
SRX11555333	TFs and others	CTCF	Lung	A549	11102	177/2624	0/1	0	0	inf
SRX11555334	TFs and others	CTCF	Lung	A549	11787	168/2624	0/1	0	0	inf
SRX1156472	TFs and others	GATA3	Breast	MDA-MB-231	4240	36/2624	0/1	0	0	inf
SRX1156473	TFs and others	GATA3	Breast	MDA-MB-231	11019	68/2624	0/1	0	0	inf
SRX1156476	TFs and others	GATA3	Breast	MDA-MB-231	18230	99/2624	0/1	0	0	inf
SRX1156477	TFs and others	GATA3	Breast	MDA-MB-231	17056	100/2624	0/1	0	0	inf
SRX1156478	TFs and others	GATA3	Breast	MDA-MB-231	13972	91/2624	0/1	0	0	inf
SRX1156479	TFs and others	GATA3	Breast	MDA-MB-231	14794	93/2624	0/1	0	0	inf
SRX1156520	TFs and others	Epitope tags	Breast	MDA-MB-231	4344	35/2624	0/1	0	0	inf
SRX1156521	TFs and others	Epitope tags	Breast	MDA-MB-231	5786	47/2624	0/1	0	0	inf
SRX1156522	TFs and others	Epitope tags	Breast	MDA-MB-231	3868	45/2624	0/1	0	0	inf
SRX1156523	TFs and others	Epitope tags	Breast	MDA-MB-231	3940	48/2624	0/1	0	0	inf
SRX1156534	TFs and others	SMARCA4	Breast	MDA-MB-231	1477	7/2624	0/1	0	0	inf
SRX1156535	TFs and others	SMARCA4	Breast	MDA-MB-231	17865	107/2624	0/1	0	0	inf
SRX1156536	TFs and others	SMARCA4	Breast	MDA-MB-231	1588	19/2624	0/1	0	0	inf
SRX1156537	TFs and others	SMARCA4	Breast	MDA-MB-231	8035	20/2624	0/1	0	0	inf
SRX1156538	TFs and others	SMARCA4	Breast	MDA-MB-231	30761	71/2624	0/1	0	0	inf
SRX1156539	TFs and others	SMARCA4	Breast	MDA-MB-231	5109	18/2624	0/1	0	0	inf
SRX1156540	TFs and others	SMARCA4	Breast	MDA-MB-231	2332	22/2624	0/1	0	0	inf
SRX1156541	TFs and others	SMARCA4	Breast	MDA-MB-231	22111	109/2624	0/1	0	0	inf
SRX1156542	TFs and others	SMARCA4	Breast	MDA-MB-231	3818	57/2624	0/1	0	0	inf
SRX115966	TFs and others	ESR1	Breast	MCF-7	602	1/2624	0/1	0	0	inf
SRX115967	TFs and others	ESR1	Breast	MCF-7	570	1/2624	0/1	0	0	inf
SRX115968	TFs and others	ESR1	Breast	MCF-7	484	1/2624	0/1	0	0	inf
SRX115969	TFs and others	ESR1	Breast	MCF-7	649	1/2624	0/1	0	0	inf
SRX1161164	TFs and others	NR3C1	Breast	MCF-7	209	2/2624	0/1	0	0	inf
SRX1161165	TFs and others	NR3C1	Breast	MCF-7	353	17/2624	0/1	0	0	inf
SRX1161166	TFs and others	NR3C1	Breast	MCF-7	7380	56/2624	0/1	0	0	inf
SRX1161167	TFs and others	NR3C1	Breast	MCF-7	11431	93/2624	0/1	0	0	inf
SRX1161168	TFs and others	ESR1	Breast	MCF-7	4132	25/2624	0/1	0	0	inf
SRX1161169	TFs and others	ESR1	Breast	MCF-7	1651	15/2624	0/1	0	0	inf
SRX1161170	TFs and others	ESR1	Breast	MCF-7	5600	50/2624	0/1	0	0	inf
SRX1161171	TFs and others	ESR1	Breast	MCF-7	9034	53/2624	0/1	0	0	inf
SRX1161172	TFs and others	FOXA1	Breast	MCF-7	22366	1084/2624	0/1	0	0	inf
SRX1161173	TFs and others	FOXA1	Breast	MCF-7	28252	262/2624	0/1	0	0	inf
SRX1161174	TFs and others	FOXA1	Breast	MCF-7	25263	672/2624	0/1	0	0	inf
SRX1161175	TFs and others	FOXA1	Breast	MCF-7	26083	241/2624	0/1	0	0	inf
SRX1161176	TFs and others	FOXA1	Breast	MCF-7	27653	398/2624	0/1	0	0	inf
SRX1161177	TFs and others	FOXA1	Breast	MCF-7	31556	325/2624	0/1	0	0	inf
SRX1161178	TFs and others	FOXA1	Breast	MCF-7	229	5/2624	0/1	0	0	inf
SRX1161179	TFs and others	NR3C1	Breast	ZR-75-1	1185	9/2624	0/1	0	0	inf
SRX1161180	TFs and others	NR3C1	Breast	ZR-75-1	2037	12/2624	0/1	0	0	inf
SRX1161181	TFs and others	NR3C1	Breast	ZR-75-1	14518	66/2624	0/1	0	0	inf
SRX1161182	TFs and others	NR3C1	Breast	ZR-75-1	13047	65/2624	0/1	0	0	inf
SRX1161183	TFs and others	ESR1	Breast	ZR-75-1	8487	95/2624	0/1	0	0	inf
SRX1161184	TFs and others	ESR1	Breast	ZR-75-1	8959	77/2624	0/1	0	0	inf
SRX1161185	TFs and others	ESR1	Breast	ZR-75-1	19561	119/2624	0/1	0	0	inf
SRX1161186	TFs and others	ESR1	Breast	ZR-75-1	14212	93/2624	0/1	0	0	inf
SRX1161187	TFs and others	FOXA1	Breast	ZR-75-1	44910	315/2624	0/1	0	0	inf
SRX1161188	TFs and others	FOXA1	Breast	ZR-75-1	35059	196/2624	0/1	0	0	inf
SRX1161189	TFs and others	FOXA1	Breast	ZR-75-1	40148	283/2624	0/1	0	0	inf
SRX1161190	TFs and others	FOXA1	Breast	ZR-75-1	40840	262/2624	0/1	0	0	inf
SRX1161191	TFs and others	FOXA1	Breast	ZR-75-1	31417	239/2624	0/1	0	0	inf
SRX1161192	TFs and others	FOXA1	Breast	ZR-75-1	38978	271/2624	0/1	0	0	inf
SRX1161193	TFs and others	FOXA1	Breast	ZR-75-1	382	1/2624	0/1	0	0	inf
SRX1161194	TFs and others	NR3C1	Breast	T-47D	303	1/2624	0/1	0	0	inf
SRX1161195	TFs and others	NR3C1	Breast	T-47D	369	1/2624	0/1	0	0	inf
SRX1161196	TFs and others	NR3C1	Breast	T-47D	909	2/2624	0/1	0	0	inf
SRX1161197	TFs and others	NR3C1	Breast	T-47D	868	4/2624	0/1	0	0	inf
SRX1161198	TFs and others	ESR1	Breast	T-47D	5044	73/2624	0/1	0	0	inf
SRX1161199	TFs and others	ESR1	Breast	T-47D	4948	232/2624	0/1	0	0	inf
SRX1161200	TFs and others	ESR1	Breast	T-47D	9817	123/2624	0/1	0	0	inf
SRX1161201	TFs and others	ESR1	Breast	T-47D	7578	76/2624	0/1	0	0	inf
SRX1161202	TFs and others	FOXA1	Breast	T-47D	18148	205/2624	0/1	0	0	inf
SRX1161203	TFs and others	FOXA1	Breast	T-47D	28247	378/2624	0/1	0	0	inf
SRX1161204	TFs and others	FOXA1	Breast	T-47D	15673	203/2624	0/1	0	0	inf
SRX1161205	TFs and others	FOXA1	Breast	T-47D	23052	248/2624	0/1	0	0	inf
SRX1161206	TFs and others	FOXA1	Breast	T-47D	15327	214/2624	0/1	0	0	inf
SRX1161207	TFs and others	FOXA1	Breast	T-47D	19267	180/2624	0/1	0	0	inf
SRX116414	TFs and others	CBX2	Blood	K-562	263	1/2624	0/1	0	0	inf
SRX116415	TFs and others	CBX8	Blood	K-562	311	1/2624	0/1	0	0	inf
SRX116416	TFs and others	CHD1	Blood	K-562	230	1/2624	0/1	0	0	inf
SRX116417	TFs and others	CHD1	Blood	K-562	2023	13/2624	0/1	0	0	inf
SRX116418	TFs and others	CHD7	Blood	K-562	459	10/2624	0/1	0	0	inf
SRX116419	TFs and others	SETDB1	Blood	K-562	469	2/2624	0/1	0	0	inf
SRX116420	TFs and others	EZH2	Blood	K-562	93	1/2624	0/1	0	0	inf
SRX116421	TFs and others	HDAC1	Blood	K-562	337	4/2624	0/1	0	0	inf
SRX116422	TFs and others	HDAC1	Blood	K-562	6105	475/2624	0/1	0	0	inf
SRX116423	TFs and others	HDAC2	Blood	K-562	249	4/2624	0/1	0	0	inf
SRX116424	TFs and others	HDAC2	Blood	K-562	406	9/2624	0/1	0	0	inf
SRX116425	TFs and others	HDAC6	Blood	K-562	233	2/2624	0/1	0	0	inf
SRX116426	TFs and others	HDAC6	Blood	K-562	377	2/2624	0/1	0	0	inf
SRX116427	TFs and others	CBX3	Blood	K-562	814	2/2624	0/1	0	0	inf
SRX116428	TFs and others	KDM5B	Blood	K-562	223	3/2624	0/1	0	0	inf
SRX116429	TFs and others	CREBBP	Blood	K-562	774	2/2624	0/1	0	0	inf
SRX116430	TFs and others	KDM1A	Blood	K-562	4007	42/2624	0/1	0	0	inf
SRX116431	TFs and others	CHD4	Blood	K-562	178	2/2624	0/1	0	0	inf
SRX116432	TFs and others	NCOR1	Blood	K-562	400	3/2624	0/1	0	0	inf
SRX116433	TFs and others	WHSC1	Blood	K-562	246	2/2624	0/1	0	0	inf
SRX116434	TFs and others	EP300	Blood	K-562	387	2/2624	0/1	0	0	inf
SRX116435	TFs and others	KAT2B	Blood	K-562	373	3/2624	0/1	0	0	inf
SRX116439	TFs and others	KDM5B	Blood	K-562	431	7/2624	0/1	0	0	inf
SRX116440	TFs and others	RBBP5	Blood	K-562	197	14/2624	0/1	0	0	inf
SRX116441	TFs and others	RBBP5	Blood	K-562	209	18/2624	0/1	0	0	inf
SRX116443	TFs and others	REST	Blood	K-562	3451	88/2624	0/1	0	0	inf
SRX116445	TFs and others	RNF2	Blood	K-562	260	1/2624	0/1	0	0	inf
SRX116446	TFs and others	SAP30	Blood	K-562	335	21/2624	0/1	0	0	inf
SRX116447	TFs and others	SAP30	Blood	K-562	3001	252/2624	0/1	0	0	inf
SRX116448	TFs and others	SIRT6	Blood	K-562	212	2/2624	0/1	0	0	inf
SRX116449	TFs and others	SUZ12	Blood	K-562	174	1/2624	0/1	0	0	inf
SRX116453	TFs and others	CHD1	Pluripotent stem cell	hESC H1	1194	3/2624	0/1	0	0	inf
SRX116455	TFs and others	CHD7	Pluripotent stem cell	hESC H1	492	4/2624	0/1	0	0	inf
SRX116456	TFs and others	EZH2	Pluripotent stem cell	hESC H1	278	1/2624	0/1	0	0	inf
SRX116457	TFs and others	HDAC2	Pluripotent stem cell	hESC H1	1629	95/2624	0/1	0	0	inf
SRX116458	TFs and others	HDAC6	Pluripotent stem cell	hESC H1	439	1/2624	0/1	0	0	inf
SRX116459	TFs and others	KDM5A	Pluripotent stem cell	hESC H1	1161	68/2624	0/1	0	0	inf
SRX116460	TFs and others	KDM5A	Pluripotent stem cell	hESC H1	380	1/2624	0/1	0	0	inf
SRX116461	TFs and others	KDM5B	Pluripotent stem cell	hESC H1	453	1/2624	0/1	0	0	inf
SRX116462	TFs and others	KDM5B	Pluripotent stem cell	hESC H1	294	1/2624	0/1	0	0	inf
SRX116464	TFs and others	EP300	Pluripotent stem cell	hESC H1	1743	14/2624	0/1	0	0	inf
SRX116465	TFs and others	PHF8	Pluripotent stem cell	hESC H1	10414	732/2624	0/1	0	0	inf
SRX116466	TFs and others	RBBP5	Pluripotent stem cell	hESC H1	942	71/2624	0/1	0	0	inf
SRX116467	TFs and others	RBBP5	Pluripotent stem cell	hESC H1	7960	465/2624	0/1	0	0	inf
SRX116468	TFs and others	SAP30	Pluripotent stem cell	hESC H1	2128	152/2624	0/1	0	0	inf
SRX116469	TFs and others	SIRT6	Pluripotent stem cell	hESC H1	423	1/2624	0/1	0	0	inf
SRX116470	TFs and others	SUZ12	Pluripotent stem cell	hESC H1	1455	63/2624	0/1	0	0	inf
SRX1165087	TFs and others	RAD21	Liver	Hep G2	40346	487/2624	0/1	0	0	inf
SRX1165088	TFs and others	RAD21	Liver	Hep G2	37279	341/2624	0/1	0	0	inf
SRX1165089	TFs and others	RAD21	Liver	Hep G2	33512	345/2624	0/1	0	0	inf
SRX1165090	TFs and others	Epitope tags	Liver	Hep G2	43290	602/2624	0/1	0	0	inf
SRX1165091	TFs and others	Epitope tags	Liver	Hep G2	40717	538/2624	0/1	0	0	inf
SRX1165092	TFs and others	GABPA	Liver	Hep G2	5039	855/2624	0/1	0	0	inf
SRX1165093	TFs and others	GABPA	Liver	Hep G2	4342	733/2624	0/1	0	0	inf
SRX1165094	TFs and others	GABPA	Liver	Hep G2	6595	1020/2624	0/1	0	0	inf
SRX1165099	TFs and others	CREB1	Liver	Hep G2	3971	621/2624	0/1	0	0	inf
SRX1165100	TFs and others	Epitope tags	Liver	Hep G2	9021	1237/2624	0/1	0	0	inf
SRX1165105	TFs and others	RAD21	Breast	MCF-7	31055	278/2624	0/1	0	0	inf
SRX1165106	TFs and others	RAD21	Breast	MCF-7	32211	263/2624	0/1	0	0	inf
SRX1165107	TFs and others	RAD21	Breast	MCF-7	24908	197/2624	0/1	0	0	inf
SRX1165108	TFs and others	Epitope tags	Breast	MCF-7	38500	384/2624	0/1	0	0	inf
SRX1165109	TFs and others	Epitope tags	Breast	MCF-7	36996	377/2624	0/1	0	0	inf
SRX1165110	TFs and others	Epitope tags	Breast	MCF-7	35753	369/2624	0/1	0	0	inf
SRX11657274	TFs and others	Epitope tags	Blood	K-562	1137	2/2624	0/1	0	0	inf
SRX11657275	TFs and others	Epitope tags	Blood	K-562	803	7/2624	0/1	0	0	inf
SRX11657276	TFs and others	Epitope tags	Blood	K-562	1066	2/2624	0/1	0	0	inf
SRX1166395	TFs and others	FOXA1	Prostate	LNCAP	48892	102/2624	0/1	0	0	inf
SRX11668227	TFs and others	CUX1	Blood	K-562	13336	87/2624	0/1	0	0	inf
SRX11668228	TFs and others	CUX1	Blood	K-562	14642	303/2624	0/1	0	0	inf
SRX1167098	TFs and others	5-hmC	Kidney	293	319	1/2624	0/1	0	0	inf
SRX1167099	TFs and others	5-mC	Kidney	293	373	1/2624	0/1	0	0	inf
SRX1167101	TFs and others	5-hmC	Kidney	293	395	1/2624	0/1	0	0	inf
SRX1167102	TFs and others	5-mC	Kidney	293	625	1/2624	0/1	0	0	inf
SRX1167104	TFs and others	5-hmC	Kidney	293	780	1/2624	0/1	0	0	inf
SRX1167105	TFs and others	5-mC	Kidney	293	895	4/2624	0/1	0	0	inf
SRX117009	TFs and others	FLI1	Blood	NB-4	3136	21/2624	0/1	0	0	inf
SRX11705917	TFs and others	MYCN	Neural	SK-N-BE(2)	2697	400/2624	0/1	0	0	inf
SRX11758354	TFs and others	TP53	Gonad	A2780	191	1/2624	0/1	0	0	inf
SRX11758355	TFs and others	TP53	Gonad	A2780	186	1/2624	0/1	0	0	inf
SRX11758356	TFs and others	TP53	Gonad	A2780	193	1/2624	0/1	0	0	inf
SRX11758357	TFs and others	TP53	Gonad	A2780	38	1/2624	0/1	0	0	inf
SRX11758358	TFs and others	TP53	Gonad	A2780	1241	7/2624	0/1	0	0	inf
SRX11758359	TFs and others	TP53	Gonad	A2780	221	2/2624	0/1	0	0	inf
SRX11758361	TFs and others	TP53	Gonad	A2780	1087	5/2624	0/1	0	0	inf
SRX1177903	TFs and others	TRIM28	Digestive tract	HCT 116	954	5/2624	0/1	0	0	inf
SRX1177906	TFs and others	CDK9	Digestive tract	HCT 116	956	8/2624	0/1	0	0	inf
SRX117807	TFs and others	VEZF1	Uterus	HeLa	2265	5/2624	0/1	0	0	inf
SRX117808	TFs and others	VEZF1	Uterus	HeLa	706	2/2624	0/1	0	0	inf
SRX1178181	TFs and others	MYCN	Neural	SK-N-BE(2)	105	1/2624	0/1	0	0	inf
SRX118010	TFs and others	GPS2	Kidney	293	130	5/2624	0/1	0	0	inf
SRX118011	TFs and others	TBL1Y	Kidney	293	1361	219/2624	0/1	0	0	inf
SRX118012	TFs and others	NCOR1	Kidney	293	1706	352/2624	0/1	0	0	inf
SRX118013	TFs and others	NCOR1	Kidney	293	581	114/2624	0/1	0	0	inf
SRX1181987	TFs and others	SMARCA5	Prostate	LNCAP	779	1/2624	0/1	0	0	inf
SRX1181988	TFs and others	INO80	Prostate	LNCAP	751	1/2624	0/1	0	0	inf
SRX1181989	TFs and others	SMARCA4	Prostate	LNCAP	747	2/2624	0/1	0	0	inf
SRX1181990	TFs and others	SMARCA1	Prostate	LNCAP	804	2/2624	0/1	0	0	inf
SRX1181991	TFs and others	SMARCA2	Prostate	LNCAP	630	1/2624	0/1	0	0	inf
SRX1181992	TFs and others	CHD3	Prostate	LNCAP	747	1/2624	0/1	0	0	inf
SRX1181993	TFs and others	CHD1	Prostate	LNCAP	841	2/2624	0/1	0	0	inf
SRX1181994	TFs and others	CHD4	Prostate	LNCAP	904	7/2624	0/1	0	0	inf
SRX1183808	TFs and others	AR	Prostate	C4-2	2662	3/2624	0/1	0	0	inf
SRX1183809	TFs and others	AR	Prostate	C4-2	325	1/2624	0/1	0	0	inf
SRX1183812	TFs and others	AR	Prostate	C4-2	6310	7/2624	0/1	0	0	inf
SRX1183813	TFs and others	AR	Prostate	C4-2	514	1/2624	0/1	0	0	inf
SRX119635	TFs and others	PAF1	Lung	A549	1146	2/2624	0/1	0	0	inf
SRX119636	TFs and others	PAF1	Lung	A549	1043	2/2624	0/1	0	0	inf
SRX119637	TFs and others	Epitope tags	Lung	A549	205	1/2624	0/1	0	0	inf
SRX119638	TFs and others	Epitope tags	Lung	A549	174	1/2624	0/1	0	0	inf
SRX119639	TFs and others	Epitope tags	Lung	A549	1966	241/2624	0/1	0	0	inf
SRX119640	TFs and others	Epitope tags	Lung	A549	778	25/2624	0/1	0	0	inf
SRX119641	TFs and others	Epitope tags	Lung	A549	3144	451/2624	0/1	0	0	inf
SRX119642	TFs and others	Epitope tags	Lung	A549	1207	2/2624	0/1	0	0	inf
SRX11969036	TFs and others	FANCD2	Uterus	C-33 A	467	1/2624	0/1	0	0	inf
SRX11969041	TFs and others	BRD4	Epidermis	Keratinocytes	930	1/2624	0/1	0	0	inf
SRX11969043	TFs and others	BRD4	Epidermis	Keratinocytes	816	1/2624	0/1	0	0	inf
SRX12030163	TFs and others	Epitope tags	Prostate	DU 145	480	3/2624	0/1	0	0	inf
SRX1206075	TFs and others	XRN2	Kidney	293	382	11/2624	0/1	0	0	inf
SRX12118507	TFs and others	POU2F2	Blood	B cells	3178	84/2624	0/1	0	0	inf
SRX12118508	TFs and others	POU2AF1	Blood	B cells	6614	472/2624	0/1	0	0	inf
SRX12118509	TFs and others	POU2F2	Blood	Naive B cells	2414	118/2624	0/1	0	0	inf
SRX12118512	TFs and others	POU2F2	Blood	OCI-LY-7	22891	416/2624	0/1	0	0	inf
SRX12118513	TFs and others	POU2AF1	Blood	OCI-LY-7	14561	662/2624	0/1	0	0	inf
SRX12118515	TFs and others	POU2F2	Blood	OCI-LY-7	27492	1044/2624	0/1	0	0	inf
SRX12118516	TFs and others	POU2F2	Blood	OCI-LY-7	18138	687/2624	0/1	0	0	inf
SRX12118517	TFs and others	POU2F2	Blood	OCI-LY-7	1371	1/2624	0/1	0	0	inf
SRX12118518	TFs and others	POU2F2	Blood	OCI-LY-7	1798	46/2624	0/1	0	0	inf
SRX1212231	TFs and others	FOXA1	Prostate	LNCAP	46369	275/2624	0/1	0	0	inf
SRX1212232	TFs and others	FOXA1	Prostate	LNCAP	53917	367/2624	0/1	0	0	inf
SRX1212235	TFs and others	FOXA1	Prostate	LNCAP	55981	343/2624	0/1	0	0	inf
SRX1212236	TFs and others	FOXA1	Prostate	LNCAP	63527	520/2624	0/1	0	0	inf
SRX1212540	TFs and others	TCF3	Blood	RAMOS	714	2/2624	0/1	0	0	inf
SRX1212810	TFs and others	CARM1	Breast	MCF-7	355	1/2624	0/1	0	0	inf
SRX1212811	TFs and others	MED12	Breast	MCF-7	380	1/2624	0/1	0	0	inf
SRX12129503	TFs and others	BRD4	Blood	T cells	7619	755/2624	0/1	0	0	inf
SRX12129506	TFs and others	BRD4	Blood	T cells	3915	415/2624	0/1	0	0	inf
SRX1213823	TFs and others	WDR5	Blood	RS4-11	86	1/2624	0/1	0	0	inf
SRX1213824	TFs and others	WDR5	Blood	THP-1	349	1/2624	0/1	0	0	inf
SRX1224601	TFs and others	BRD4	Breast	MCF 10A	2460	77/2624	0/1	0	0	inf
SRX1224602	TFs and others	BRD4	Breast	MCF 10A	4601	175/2624	0/1	0	0	inf
SRX1224603	TFs and others	BRD4	Breast	MCF 10A	1801	53/2624	0/1	0	0	inf
SRX1225018	TFs and others	EPCAM	Uterus	RL95-2	548	1/2624	0/1	0	0	inf
SRX1225019	TFs and others	EPCAM	Uterus	RL95-2	495	1/2624	0/1	0	0	inf
SRX1225020	TFs and others	EPCAM	Uterus	RL95-2	449	1/2624	0/1	0	0	inf
SRX1225021	TFs and others	EPCAM	Uterus	RL95-2	536	1/2624	0/1	0	0	inf
SRX1225022	TFs and others	LEF1	Uterus	RL95-2	270	1/2624	0/1	0	0	inf
SRX1225023	TFs and others	LEF1	Uterus	RL95-2	545	1/2624	0/1	0	0	inf
SRX1225024	TFs and others	LEF1	Uterus	RL95-2	486	1/2624	0/1	0	0	inf
SRX1225025	TFs and others	LEF1	Uterus	RL95-2	560	1/2624	0/1	0	0	inf
SRX123442	TFs and others	SMARCB1	Pluripotent stem cell	NCCIT	47	1/2624	0/1	0	0	inf
SRX123443	TFs and others	POU5F1	Pluripotent stem cell	NCCIT	547	9/2624	0/1	0	0	inf
SRX123444	TFs and others	SMARCB1	Pluripotent stem cell	NCCIT	599	15/2624	0/1	0	0	inf
SRX123445	TFs and others	POU5F1	Pluripotent stem cell	NCCIT	5011	33/2624	0/1	0	0	inf
SRX1261516	TFs and others	GATA2	Blood	TF-1	18984	81/2624	0/1	0	0	inf
SRX1261517	TFs and others	GATA2	Blood	TF-1	20020	95/2624	0/1	0	0	inf
SRX1261518	TFs and others	GATA2	Blood	TF-1	19571	223/2624	0/1	0	0	inf
SRX1261519	TFs and others	GATA2	Blood	TF-1	15828	193/2624	0/1	0	0	inf
SRX1261520	TFs and others	RUNX1	Blood	TF-1	439	2/2624	0/1	0	0	inf
SRX1261521	TFs and others	RUNX1	Blood	TF-1	230	5/2624	0/1	0	0	inf
SRX1261522	TFs and others	RUNX1	Blood	TF-1	2285	33/2624	0/1	0	0	inf
SRX1261523	TFs and others	SMC3	Blood	TF-1	2055	37/2624	0/1	0	0	inf
SRX1261524	TFs and others	SMC3	Blood	TF-1	12082	411/2624	0/1	0	0	inf
SRX1261525	TFs and others	SMC3	Blood	TF-1	678	2/2624	0/1	0	0	inf
SRX1261526	TFs and others	SMC3	Blood	TF-1	9141	36/2624	0/1	0	0	inf
SRX1268849	TFs and others	KDM5C	Kidney	Caki-1	534	5/2624	0/1	0	0	inf
SRX1268850	TFs and others	KDM5C	Kidney	Caki-1	834	6/2624	0/1	0	0	inf
SRX1268851	TFs and others	KDM5C	Kidney	Caki-1	572	10/2624	0/1	0	0	inf
SRX1268852	TFs and others	KDM5C	Kidney	Caki-1	882	1/2624	0/1	0	0	inf
SRX1272782	TFs and others	BRD4	Digestive tract	HCT 116	616	8/2624	0/1	0	0	inf
SRX1272786	TFs and others	BRD4	Digestive tract	HT-29	1167	54/2624	0/1	0	0	inf
SRX1272790	TFs and others	BRD4	Digestive tract	COLO 205	979	30/2624	0/1	0	0	inf
SRX1272794	TFs and others	BRD4	Digestive tract	HCT-15	2637	137/2624	0/1	0	0	inf
SRX1272798	TFs and others	BRD4	Digestive tract	SW 480	839	31/2624	0/1	0	0	inf
SRX1272802	TFs and others	BRD4	Adipocyte	COLO 320	558	1/2624	0/1	0	0	inf
SRX1272805	TFs and others	BRD4	Digestive tract	LS-180	679	1/2624	0/1	0	0	inf
SRX1280790	TFs and others	FOXA1	Prostate	LNCAP	19529	116/2624	0/1	0	0	inf
SRX1280792	TFs and others	FOXA1	Prostate	LNCAP	12618	87/2624	0/1	0	0	inf
SRX128099	TFs and others	TFAP2C	Breast	MCF-7	24225	446/2624	0/1	0	0	inf
SRX128101	TFs and others	TFAP2C	Breast	MDA-MB-453	18593	924/2624	0/1	0	0	inf
SRX128102	TFs and others	TFAP2C	Breast	SK-BR-3	40527	1302/2624	0/1	0	0	inf
SRX128191	TFs and others	TTF2	Uterus	HeLa	597	3/2624	0/1	0	0	inf
SRX128192	TFs and others	TTF2	Uterus	HeLa	120	1/2624	0/1	0	0	inf
SRX128193	TFs and others	XRN2	Uterus	HeLa	222	1/2624	0/1	0	0	inf
SRX128194	TFs and others	DCP1A	Uterus	HeLa	2134	284/2624	0/1	0	0	inf
SRX1283466	TFs and others	SMN1	Kidney	293	468	1/2624	0/1	0	0	inf
SRX1283467	TFs and others	GFP	Kidney	293	271	1/2624	0/1	0	0	inf
SRX128777	TFs and others	TAL1	Blood	Jurkat (Clone E6-1)	139	1/2624	0/1	0	0	inf
SRX128778	TFs and others	TAL1	Blood	Jurkat (Clone E6-1)	1109	2/2624	0/1	0	0	inf
SRX128779	TFs and others	TCF12	Blood	Jurkat (Clone E6-1)	279	1/2624	0/1	0	0	inf
SRX128780	TFs and others	TCF3	Blood	Jurkat (Clone E6-1)	38	1/2624	0/1	0	0	inf
SRX128781	TFs and others	GATA3	Blood	Jurkat (Clone E6-1)	1232	3/2624	0/1	0	0	inf
SRX128782	TFs and others	RUNX1	Blood	Jurkat (Clone E6-1)	134	2/2624	0/1	0	0	inf
SRX128783	TFs and others	RUNX1	Blood	Jurkat (Clone E6-1)	1078	12/2624	0/1	0	0	inf
SRX1287850	TFs and others	CDK8	Blood	MOLM-14	18830	1299/2624	0/1	0	0	inf
SRX1287852	TFs and others	BRD4	Blood	MOLM-14	19222	1263/2624	0/1	0	0	inf
SRX1287854	TFs and others	BRD4	Blood	MOLM-14	10216	638/2624	0/1	0	0	inf
SRX1287856	TFs and others	BRD4	Blood	MOLM-14	6419	585/2624	0/1	0	0	inf
SRX1287858	TFs and others	BRD4	Blood	MOLM-14	1451	47/2624	0/1	0	0	inf
SRX129067	TFs and others	MYC	Blood	P493-6	733	51/2624	0/1	0	0	inf
SRX129069	TFs and others	MYC	Neural	U-87 MG	6224	660/2624	0/1	0	0	inf
SRX129086	TFs and others	MED1	Blood	P493-6	1817	79/2624	0/1	0	0	inf
SRX129087	TFs and others	MED1	Blood	P493-6	424	2/2624	0/1	0	0	inf
SRX129088	TFs and others	MED1	Blood	P493-6	308	1/2624	0/1	0	0	inf
SRX129089	TFs and others	MED1	Lung	NCI-H2171	8296	415/2624	0/1	0	0	inf
SRX129090	TFs and others	MED1	Neural	U-87 MG	18843	518/2624	0/1	0	0	inf
SRX129093	TFs and others	MAX	Blood	Multiple Myeloma	2433	239/2624	0/1	0	0	inf
SRX129106	TFs and others	MYC	Lung	NCI-H128	940	115/2624	0/1	0	0	inf
SRX129117	TFs and others	MED1	Blood	Multiple Myeloma	562	1/2624	0/1	0	0	inf
SRX1293070	TFs and others	FUS	Kidney	293	31	1/2624	0/1	0	0	inf
SRX1293071	TFs and others	EWSR1	Kidney	293	37	1/2624	0/1	0	0	inf
SRX1293072	TFs and others	TAF15	Kidney	293	48	1/2624	0/1	0	0	inf
SRX1293533	TFs and others	AFF1	Blood	MV-4-11	986	7/2624	0/1	0	0	inf
SRX1293535	TFs and others	ASH1L	Blood	MV-4-11	1124	5/2624	0/1	0	0	inf
SRX1295733	TFs and others	CHAT	Neural	SH-SY5Y	2018	1/2624	0/1	0	0	inf
SRX1295734	TFs and others	CHAT	Neural	SH-SY5Y	2772	1/2624	0/1	0	0	inf
SRX1295735	TFs and others	SATB1	Neural	SH-SY5Y	1496	1/2624	0/1	0	0	inf
SRX1295736	TFs and others	SATB1	Neural	SH-SY5Y	1244	1/2624	0/1	0	0	inf
SRX1297355	TFs and others	ERG	Prostate	VCaP	743	2/2624	0/1	0	0	inf
SRX1299480	TFs and others	Epitope tags	Kidney	293	1685	6/2624	0/1	0	0	inf
SRX1299481	TFs and others	Epitope tags	Kidney	293	1932	1/2624	0/1	0	0	inf
SRX1299482	TFs and others	Epitope tags	Kidney	293	1318	2/2624	0/1	0	0	inf
SRX1299483	TFs and others	Epitope tags	Kidney	293	1817	1/2624	0/1	0	0	inf
SRX130060	TFs and others	POU5F1	Epidermis	BJ	1516	4/2624	0/1	0	0	inf
SRX130061	TFs and others	SOX2	Epidermis	BJ	1568	3/2624	0/1	0	0	inf
SRX130062	TFs and others	KLF4	Epidermis	BJ	2066	34/2624	0/1	0	0	inf
SRX130063	TFs and others	MYC	Epidermis	BJ	5373	216/2624	0/1	0	0	inf
SRX130088	TFs and others	SMAD3	Pluripotent stem cell	hESC derived mesendodermal cells	930	4/2624	0/1	0	0	inf
SRX130089	TFs and others	SMAD3	Pluripotent stem cell	hESC derived mesendodermal cells	1080	6/2624	0/1	0	0	inf
SRX130090	TFs and others	SMAD3	Pluripotent stem cell	hESC derived mesendodermal cells	557	2/2624	0/1	0	0	inf
SRX130091	TFs and others	SMC3	Pluripotent stem cell	hESC BG03	8893	99/2624	0/1	0	0	inf
SRX130092	TFs and others	SMC1A	Pluripotent stem cell	hESC BG03	2239	37/2624	0/1	0	0	inf
SRX130095	TFs and others	SETDB1	Epidermis	WM853	161	3/2624	0/1	0	0	inf
SRX130108	TFs and others	CTBP1	Breast	MCF-7	3828	147/2624	0/1	0	0	inf
SRX130255	TFs and others	LMNB1	Lung	IMR-90	502	1/2624	0/1	0	0	inf
SRX130266	TFs and others	TET2	Kidney	293	845	15/2624	0/1	0	0	inf
SRX130267	TFs and others	TET3	Kidney	293	349	7/2624	0/1	0	0	inf
SRX130268	TFs and others	OGT	Kidney	293	273	4/2624	0/1	0	0	inf
SRX1303985	TFs and others	NANOG	Pluripotent stem cell	hESC H9	2355	4/2624	0/1	0	0	inf
SRX1304574	TFs and others	LYL1	Blood	Kasumi-1	5235	32/2624	0/1	0	0	inf
SRX1304576	TFs and others	JMJD1C	Blood	HL-60	26252	405/2624	0/1	0	0	inf
SRX1304577	TFs and others	LYL1	Blood	HL-60	4084	11/2624	0/1	0	0	inf
SRX1304579	TFs and others	JMJD1C	Blood	NB-4	19820	467/2624	0/1	0	0	inf
SRX1304580	TFs and others	LYL1	Blood	NB-4	3008	10/2624	0/1	0	0	inf
SRX1304581	TFs and others	JMJD1C	Blood	THP-1	7046	58/2624	0/1	0	0	inf
SRX1304582	TFs and others	LYL1	Blood	THP-1	1140	1/2624	0/1	0	0	inf
SRX1304815	TFs and others	EP400	Bone	U2OS	515	1/2624	0/1	0	0	inf
SRX1304816	TFs and others	EP400	Bone	U2OS	240	1/2624	0/1	0	0	inf
SRX1304817	TFs and others	EP400	Bone	U2OS	247	1/2624	0/1	0	0	inf
SRX1304827	TFs and others	MED26	Bone	U2OS	3003	480/2624	0/1	0	0	inf
SRX1304828	TFs and others	MED26	Bone	U2OS	2644	406/2624	0/1	0	0	inf
SRX130495	TFs and others	CBX3	Digestive tract	HCT 116	196	1/2624	0/1	0	0	inf
SRX130496	TFs and others	CBX3	Digestive tract	HCT 116	243	1/2624	0/1	0	0	inf
SRX130603	TFs and others	EP300	Blood	OCI-LY1	3788	202/2624	0/1	0	0	inf
SRX130604	TFs and others	NCOR1	Blood	OCI-LY1	2466	20/2624	0/1	0	0	inf
SRX130608	TFs and others	BCL6	Blood	B cells	16009	1046/2624	0/1	0	0	inf
SRX130610	TFs and others	NCOR2	Blood	B cells	5856	189/2624	0/1	0	0	inf
SRX131372	TFs and others	NOS2	Epidermis	MDAH087	349	4/2624	0/1	0	0	inf
SRX131373	TFs and others	TP53	Epidermis	MDAH087	382	1/2624	0/1	0	0	inf
SRX1318615	TFs and others	SIX2	Kidney	Kidney Cortex	26574	264/2624	0/1	0	0	inf
SRX1318617	TFs and others	SIX2	Kidney	Kidney Cortex	381	1/2624	0/1	0	0	inf
SRX1318619	TFs and others	SIX1	Kidney	Kidney Cortex	408	1/2624	0/1	0	0	inf
SRX1318620	TFs and others	SIX1	Kidney	Kidney Cortex	553	20/2624	0/1	0	0	inf
SRX131914	TFs and others	TFAP2A	Pluripotent stem cell	hESC derived neural crests	6008	340/2624	0/1	0	0	inf
SRX1322297	TFs and others	EBNA1	Blood	RAJI	206	1/2624	0/1	0	0	inf
SRX1322298	TFs and others	EBNA1	Blood	Mutu	730	1/2624	0/1	0	0	inf
SRX1322299	TFs and others	EBNA1	Blood	B cells	265	1/2624	0/1	0	0	inf
SRX1322300	TFs and others	EBNA1	Others	C666-1	281	1/2624	0/1	0	0	inf
SRX1331406	TFs and others	Epitope tags	Kidney	293	61	1/2624	0/1	0	0	inf
SRX1334491	TFs and others	AR	Prostate	LNCAP	6954	4/2624	0/1	0	0	inf
SRX1334492	TFs and others	AR	Prostate	LNCAP	24850	17/2624	0/1	0	0	inf
SRX1334493	TFs and others	AR	Prostate	LNCAP	12873	6/2624	0/1	0	0	inf
SRX1334494	TFs and others	AR	Prostate	LNCAP	28082	22/2624	0/1	0	0	inf
SRX1334495	TFs and others	MYC	Prostate	LNCAP	1103	61/2624	0/1	0	0	inf
SRX1334496	TFs and others	MYC	Prostate	LNCAP	2998	232/2624	0/1	0	0	inf
SRX1334497	TFs and others	MYC	Prostate	LNCAP	1094	50/2624	0/1	0	0	inf
SRX1336216	TFs and others	ESR1	Breast	T-47D	5348	39/2624	0/1	0	0	inf
SRX1339015	TFs and others	AR	Breast	MDA-MB-453	191	1/2624	0/1	0	0	inf
SRX1339016	TFs and others	AR	Breast	MDA-MB-453	156	1/2624	0/1	0	0	inf
SRX1339017	TFs and others	AR	Breast	MDA-MB-453	6193	18/2624	0/1	0	0	inf
SRX1339018	TFs and others	AR	Breast	MDA-MB-453	9313	21/2624	0/1	0	0	inf
SRX1339019	TFs and others	AR	Breast	MDA-MB-453	1349	3/2624	0/1	0	0	inf
SRX1339020	TFs and others	AR	Breast	MDA-MB-453	3149	6/2624	0/1	0	0	inf
SRX1353402	TFs and others	CTCF	Kidney	293	22098	126/2624	0/1	0	0	inf
SRX1353403	TFs and others	CTCF	Kidney	293	17610	127/2624	0/1	0	0	inf
SRX1360982	TFs and others	BRD4	Lung	IMR-90	1421	18/2624	0/1	0	0	inf
SRX1360983	TFs and others	BRD4	Lung	IMR-90	1236	5/2624	0/1	0	0	inf
SRX1360984	TFs and others	BRD4	Lung	IMR-90	1002	2/2624	0/1	0	0	inf
SRX1384025	TFs and others	ATF3	Digestive tract	HCT 116	19673	676/2624	0/1	0	0	inf
SRX1384026	TFs and others	ATF3	Digestive tract	HCT 116	258	15/2624	0/1	0	0	inf
SRX1384027	TFs and others	TP53	Digestive tract	HCT 116	3560	9/2624	0/1	0	0	inf
SRX1384028	TFs and others	TP53	Digestive tract	HCT 116	3207	2/2624	0/1	0	0	inf
SRX1384029	TFs and others	ATF3	Digestive tract	HCT 116	5226	280/2624	0/1	0	0	inf
SRX1389376	TFs and others	KLF4	Pancreas	PDAC	5763	436/2624	0/1	0	0	inf
SRX1389377	TFs and others	KLF6	Pancreas	PDAC	2402	319/2624	0/1	0	0	inf
SRX1389378	TFs and others	ELF3	Pancreas	CFPAC-1	15006	539/2624	0/1	0	0	inf
SRX1389379	TFs and others	FOXA1	Pancreas	CFPAC-1	20081	218/2624	0/1	0	0	inf
SRX1389380	TFs and others	ELF3	Pancreas	CFPAC-1	20695	700/2624	0/1	0	0	inf
SRX1389381	TFs and others	FOXA1	Pancreas	CFPAC-1	22458	265/2624	0/1	0	0	inf
SRX1393085	TFs and others	ARNTL	Bone	U2OS	253	5/2624	0/1	0	0	inf
SRX1393086	TFs and others	ARNTL	Bone	U2OS	385	17/2624	0/1	0	0	inf
SRX1393087	TFs and others	CLOCK	Bone	U2OS	148	3/2624	0/1	0	0	inf
SRX1393088	TFs and others	CLOCK	Bone	U2OS	227	7/2624	0/1	0	0	inf
SRX1397384	TFs and others	SMAD1	Blood	CD34+	4401	18/2624	0/1	0	0	inf
SRX1397385	TFs and others	GATA1	Blood	CD34+	120	1/2624	0/1	0	0	inf
SRX1397386	TFs and others	GATA2	Blood	CD34+	14505	110/2624	0/1	0	0	inf
SRX1397389	TFs and others	SMAD1	Blood	CD34+	5472	29/2624	0/1	0	0	inf
SRX1397390	TFs and others	GATA1	Blood	CD34+	113	1/2624	0/1	0	0	inf
SRX1397391	TFs and others	GATA2	Blood	CD34+	7340	15/2624	0/1	0	0	inf
SRX1397395	TFs and others	SMAD1	Blood	CD34+	13868	244/2624	0/1	0	0	inf
SRX1397396	TFs and others	GATA1	Blood	CD34+	3544	11/2624	0/1	0	0	inf
SRX1397397	TFs and others	GATA2	Blood	CD34+	6538	13/2624	0/1	0	0	inf
SRX1397401	TFs and others	SMAD1	Blood	CD34+	16055	254/2624	0/1	0	0	inf
SRX1397402	TFs and others	GATA1	Blood	CD34+	5512	12/2624	0/1	0	0	inf
SRX1397403	TFs and others	GATA2	Blood	CD34+	929	2/2624	0/1	0	0	inf
SRX1397407	TFs and others	GATA1	Blood	CD34+	5422	8/2624	0/1	0	0	inf
SRX1397408	TFs and others	GATA2	Blood	CD34+	611	1/2624	0/1	0	0	inf
SRX1397412	TFs and others	SMAD1	Blood	CD34+	2387	4/2624	0/1	0	0	inf
SRX1403228	TFs and others	JMJD6	Others	Tumor	801	29/2624	0/1	0	0	inf
SRX1403231	TFs and others	JMJD6	Others	Tumor	2159	86/2624	0/1	0	0	inf
SRX1424693	TFs and others	NANOG	Prostate	LNCAP	375	1/2624	0/1	0	0	inf
SRX1424694	TFs and others	NANOG	Prostate	LNCAP	654	1/2624	0/1	0	0	inf
SRX1424695	TFs and others	NANOG	Prostate	LNCAP	2817	16/2624	0/1	0	0	inf
SRX1424696	TFs and others	NANOG	Prostate	LNCAP	697	1/2624	0/1	0	0	inf
SRX1424697	TFs and others	NANOG	Prostate	LNCAP	2929	15/2624	0/1	0	0	inf
SRX1424881	TFs and others	KMT2A	Blood	SEM	5529	304/2624	0/1	0	0	inf
SRX1424883	TFs and others	AFF1	Blood	SEM	950	20/2624	0/1	0	0	inf
SRX1424884	TFs and others	MLLT1	Blood	SEM	673	7/2624	0/1	0	0	inf
SRX1424891	TFs and others	POU3F2	Neural	Neural progenitor cells	609	2/2624	0/1	0	0	inf
SRX1424892	TFs and others	POU3F2	Neural	Neural progenitor cells	598	3/2624	0/1	0	0	inf
SRX1424893	TFs and others	POU3F2	Neural	Neural progenitor cells	597	5/2624	0/1	0	0	inf
SRX1424894	TFs and others	POU3F2	Neural	Neural progenitor cells	562	4/2624	0/1	0	0	inf
SRX1425808	TFs and others	CTCF	Blood	T cells	4326	137/2624	0/1	0	0	inf
SRX1425809	TFs and others	CTCF	Blood	T cells	16833	309/2624	0/1	0	0	inf
SRX1426074	TFs and others	PHF2	Breast	HMLE	594	19/2624	0/1	0	0	inf
SRX1426078	TFs and others	PHF2	Breast	NAMEC8	276	2/2624	0/1	0	0	inf
SRX1427029	TFs and others	TET2	Kidney	293	4724	107/2624	0/1	0	0	inf
SRX1427030	TFs and others	MBD3L2	Kidney	293	741	1/2624	0/1	0	0	inf
SRX1427526	TFs and others	CREB1	Blood	KG-1	1127	190/2624	0/1	0	0	inf
SRX1427528	TFs and others	CREB1	Blood	KG-1	1184	213/2624	0/1	0	0	inf
SRX1429050	TFs and others	PARP1	Kidney	293	52	1/2624	0/1	0	0	inf
SRX142906	TFs and others	AR	Prostate	LNCAP	1378	3/2624	0/1	0	0	inf
SRX142907	TFs and others	AR	Prostate	LNCAP	1714	3/2624	0/1	0	0	inf
SRX142908	TFs and others	FOXA1	Prostate	LNCAP	38852	161/2624	0/1	0	0	inf
SRX142909	TFs and others	FOXA1	Prostate	LNCAP	14746	65/2624	0/1	0	0	inf
SRX1430078	TFs and others	CTCF	Pluripotent stem cell	ES cells	3812	90/2624	0/1	0	0	inf
SRX1431733	TFs and others	SPI1	Blood	K-562	1003	5/2624	0/1	0	0	inf
SRX1431734	TFs and others	SPI1	Blood	K-562	1834	11/2624	0/1	0	0	inf
SRX1431735	TFs and others	SPI1	Blood	K-562	1222	4/2624	0/1	0	0	inf
SRX1431736	TFs and others	SPI1	Blood	K-562	3950	48/2624	0/1	0	0	inf
SRX1431737	TFs and others	SPI1	Blood	K-562	4659	76/2624	0/1	0	0	inf
SRX1431738	TFs and others	SPI1	Blood	K-562	4624	78/2624	0/1	0	0	inf
SRX1431739	TFs and others	SPI1	Blood	K-562	1205	9/2624	0/1	0	0	inf
SRX1431740	TFs and others	SPI1	Blood	K-562	9599	113/2624	0/1	0	0	inf
SRX143299	TFs and others	SNAPC1	Breast	MCF 10A	547	23/2624	0/1	0	0	inf
SRX143300	TFs and others	SNAPC4	Breast	MCF 10A	463	1/2624	0/1	0	0	inf
SRX1435941	TFs and others	ZBTB16	Uterus	Endometrial stromal cells	917	189/2624	0/1	0	0	inf
SRX144521	TFs and others	NFE2L2	Blood	Lymphoblastoid cell line	39	1/2624	0/1	0	0	inf
SRX144523	TFs and others	NFE2L2	Blood	Lymphoblastoid cell line	19	1/2624	0/1	0	0	inf
SRX144525	TFs and others	NFE2L2	Blood	Lymphoblastoid cell line	48	1/2624	0/1	0	0	inf
SRX1445365	TFs and others	SMAD3	Pluripotent stem cell	hESC H1	421	1/2624	0/1	0	0	inf
SRX1445367	TFs and others	SMAD3	Pluripotent stem cell	hESC H1	474	1/2624	0/1	0	0	inf
SRX1445369	TFs and others	SMAD3	Pluripotent stem cell	hESC H1	594	1/2624	0/1	0	0	inf
SRX1445371	TFs and others	SMAD3	Pluripotent stem cell	hESC H1	704	2/2624	0/1	0	0	inf
SRX144718	TFs and others	ORC1	Uterus	HeLa	316	30/2624	0/1	0	0	inf
SRX144720	TFs and others	BrdU	Uterus	HeLa	919	1/2624	0/1	0	0	inf
SRX144721	TFs and others	BrdU	Uterus	HeLa	467	1/2624	0/1	0	0	inf
SRX144722	TFs and others	BrdU	Uterus	HeLa	723	1/2624	0/1	0	0	inf
SRX144723	TFs and others	BrdU	Uterus	HeLa	271	1/2624	0/1	0	0	inf
SRX144724	TFs and others	BrdU	Uterus	HeLa	398	1/2624	0/1	0	0	inf
SRX144725	TFs and others	BrdU	Uterus	HeLa	896	1/2624	0/1	0	0	inf
SRX144726	TFs and others	BrdU	Uterus	HeLa	331	2/2624	0/1	0	0	inf
SRX1447316	TFs and others	FOXA1	Breast	MCF-7	20463	184/2624	0/1	0	0	inf
SRX1447317	TFs and others	FOXA1	Breast	MCF-7	28487	210/2624	0/1	0	0	inf
SRX1456192	TFs and others	EBF1	Blood	Mutu	21117	402/2624	0/1	0	0	inf
SRX1456193	TFs and others	EBF1	Blood	B cells	6081	114/2624	0/1	0	0	inf
SRX1456194	TFs and others	RBPJ	Blood	Mutu	1609	194/2624	0/1	0	0	inf
SRX1456195	TFs and others	RBPJ	Blood	B cells	2472	15/2624	0/1	0	0	inf
SRX1457740	TFs and others	Epitope tags	Kidney	293	4857	8/2624	0/1	0	0	inf
SRX1457741	TFs and others	Epitope tags	Kidney	293	801	1/2624	0/1	0	0	inf
SRX1457742	TFs and others	Epitope tags	Kidney	293	737	1/2624	0/1	0	0	inf
SRX1457743	TFs and others	Epitope tags	Kidney	293	1338	1/2624	0/1	0	0	inf
SRX1457745	TFs and others	RELA	Kidney	293	716	1/2624	0/1	0	0	inf
SRX1457746	TFs and others	RELA	Kidney	293	845	1/2624	0/1	0	0	inf
SRX1457747	TFs and others	RELA	Kidney	293	1199	1/2624	0/1	0	0	inf
SRX1457748	TFs and others	RELA	Kidney	293	1213	1/2624	0/1	0	0	inf
SRX1457801	TFs and others	GFP	Uterus	HeLa	2281	441/2624	0/1	0	0	inf
SRX1457802	TFs and others	GFP	Uterus	HeLa	944	182/2624	0/1	0	0	inf
SRX1457803	TFs and others	GFP	Uterus	HeLa	444	43/2624	0/1	0	0	inf
SRX1457804	TFs and others	GFP	Uterus	HeLa	928	174/2624	0/1	0	0	inf
SRX145843	TFs and others	ERG	Prostate	RWPE-1	2485	92/2624	0/1	0	0	inf
SRX1460238	TFs and others	BRD4	Blood	LP-1	359	4/2624	0/1	0	0	inf
SRX1460239	TFs and others	BRD4	Blood	LP-1	312	2/2624	0/1	0	0	inf
SRX1460240	TFs and others	EP300	Blood	LP-1	68	1/2624	0/1	0	0	inf
SRX1460241	TFs and others	BRD4	Blood	LP-1	337	3/2624	0/1	0	0	inf
SRX1460847	TFs and others	RELA	Blood	Th1 Cells	3744	237/2624	0/1	0	0	inf
SRX1460849	TFs and others	AFF4	Blood	Th1 Cells	3050	605/2624	0/1	0	0	inf
SRX1460850	TFs and others	AFF4	Blood	Th1 Cells	2153	514/2624	0/1	0	0	inf
SRX1460852	TFs and others	BRD4	Blood	Th1 Cells	4978	939/2624	0/1	0	0	inf
SRX1460853	TFs and others	MED1	Blood	Th1 Cells	543	76/2624	0/1	0	0	inf
SRX1460854	TFs and others	MED1	Blood	Th1 Cells	875	177/2624	0/1	0	0	inf
SRX1466274	TFs and others	PRMT5	Breast	MDA-MB-231	805	20/2624	0/1	0	0	inf
SRX1469949	TFs and others	ESR1	Breast	MCF-7	19233	184/2624	0/1	0	0	inf
SRX1469950	TFs and others	ESR1	Breast	MCF-7	14282	157/2624	0/1	0	0	inf
SRX1469951	TFs and others	ESR1	Breast	MCF-7	17923	172/2624	0/1	0	0	inf
SRX1469952	TFs and others	ESR1	Breast	T-47D	3931	96/2624	0/1	0	0	inf
SRX1469953	TFs and others	ESR1	Breast	T-47D	3290	91/2624	0/1	0	0	inf
SRX1469954	TFs and others	ESR1	Breast	T-47D	3929	131/2624	0/1	0	0	inf
SRX147007	TFs and others	EP300	Lung	IMR-90	19389	492/2624	0/1	0	0	inf
SRX1470542	TFs and others	Epitope tags	Muscle	Myoblasts	851	1/2624	0/1	0	0	inf
SRX1470544	TFs and others	Epitope tags	Muscle	Myoblasts	576	1/2624	0/1	0	0	inf
SRX1471688	TFs and others	NFE2L2	Lung	BEAS-2B	101	2/2624	0/1	0	0	inf
SRX1471689	TFs and others	NFE2L2	Lung	BEAS-2B	71	2/2624	0/1	0	0	inf
SRX1471738	TFs and others	BRD4	Epidermis	SK-MEL-5	1418	12/2624	0/1	0	0	inf
SRX1471739	TFs and others	BRD4	Epidermis	SK-MEL-5	106	1/2624	0/1	0	0	inf
SRX1473609	TFs and others	ESRRA	Breast	BT-474	5050	74/2624	0/1	0	0	inf
SRX1473610	TFs and others	ESRRA	Breast	BT-474	19608	280/2624	0/1	0	0	inf
SRX147604	TFs and others	AR	Prostate	LNCAP	20	1/2624	0/1	0	0	inf
SRX147605	TFs and others	AR	Prostate	LNCAP	214	1/2624	0/1	0	0	inf
SRX147681	TFs and others	ERCC6	Others	UVSS1	534	4/2624	0/1	0	0	inf
SRX1477647	TFs and others	Epitope tags	Lung	MRC-5	911	3/2624	0/1	0	0	inf
SRX1477648	TFs and others	Epitope tags	Lung	MRC-5	944	2/2624	0/1	0	0	inf
SRX1477649	TFs and others	Epitope tags	Lung	MRC-5	8663	62/2624	0/1	0	0	inf
SRX1477650	TFs and others	Epitope tags	Lung	MRC-5	7545	53/2624	0/1	0	0	inf
SRX1477651	TFs and others	Epitope tags	Lung	MRC-5	5343	30/2624	0/1	0	0	inf
SRX1477652	TFs and others	Epitope tags	Lung	MRC-5	7642	54/2624	0/1	0	0	inf
SRX1477653	TFs and others	Epitope tags	Lung	MRC-5	5894	85/2624	0/1	0	0	inf
SRX1477654	TFs and others	Epitope tags	Lung	MRC-5	6335	54/2624	0/1	0	0	inf
SRX1477655	TFs and others	Epitope tags	Lung	MRC-5	14351	222/2624	0/1	0	0	inf
SRX1477656	TFs and others	Epitope tags	Lung	MRC-5	11248	155/2624	0/1	0	0	inf
SRX1477657	TFs and others	Epitope tags	Lung	MRC-5	12018	141/2624	0/1	0	0	inf
SRX1477658	TFs and others	Epitope tags	Lung	MRC-5	6664	68/2624	0/1	0	0	inf
SRX1477660	TFs and others	Epitope tags	Lung	MRC-5	3322	361/2624	0/1	0	0	inf
SRX1477661	TFs and others	Epitope tags	Lung	MRC-5	5921	668/2624	0/1	0	0	inf
SRX1477664	TFs and others	MED12	Blood	CD34 Hematopoietic stem cells	354	104/2624	0/1	0	0	inf
SRX1477665	TFs and others	MED12	Blood	CD34 Hematopoietic stem cells	1050	6/2624	0/1	0	0	inf
SRX1477666	TFs and others	MED12	Blood	CD34 Hematopoietic stem cells	3367	75/2624	0/1	0	0	inf
SRX1478537	TFs and others	EP300	Kidney	Kidney Cortex	15725	1143/2624	0/1	0	0	inf
SRX1478538	TFs and others	SIX1	Kidney	Kidney Cortex	402	1/2624	0/1	0	0	inf
SRX1478539	TFs and others	SIX1	Kidney	Kidney Cortex	378	1/2624	0/1	0	0	inf
SRX1478540	TFs and others	SIX1	Kidney	Kidney Cortex	562	18/2624	0/1	0	0	inf
SRX1478541	TFs and others	SIX2	Kidney	Kidney Cortex	7436	44/2624	0/1	0	0	inf
SRX1478542	TFs and others	SIX2	Kidney	Kidney Cortex	395	1/2624	0/1	0	0	inf
SRX1478543	TFs and others	SIX2	Kidney	Kidney Cortex	24386	176/2624	0/1	0	0	inf
SRX1478544	TFs and others	SIX2	Kidney	Kidney Cortex	26555	262/2624	0/1	0	0	inf
SRX148008	TFs and others	SETDB1	Epidermis	WM262	186	15/2624	0/1	0	0	inf
SRX148009	TFs and others	SETDB1	Epidermis	WM451	204	3/2624	0/1	0	0	inf
SRX148012	TFs and others	ATF7IP	Epidermis	WM262	97	1/2624	0/1	0	0	inf
SRX148892	TFs and others	VDR	Liver	LX2	455	5/2624	0/1	0	0	inf
SRX148894	TFs and others	VDR	Liver	LX2	653	5/2624	0/1	0	0	inf
SRX148895	TFs and others	SMAD3	Liver	LX2	8324	96/2624	0/1	0	0	inf
SRX148896	TFs and others	SMAD3	Liver	LX2	7058	191/2624	0/1	0	0	inf
SRX148897	TFs and others	VDR	Liver	LX2	7966	169/2624	0/1	0	0	inf
SRX148898	TFs and others	VDR	Liver	LX2	468	4/2624	0/1	0	0	inf
SRX1489433	TFs and others	MBD3	Breast	MDA-MB-231	966	29/2624	0/1	0	0	inf
SRX1489434	TFs and others	MBD3	Breast	MDA-MB-231	1554	57/2624	0/1	0	0	inf
SRX148962	TFs and others	CDK9	Blood	P493-6	359	4/2624	0/1	0	0	inf
SRX148963	TFs and others	CDK9	Blood	P493-6	365	1/2624	0/1	0	0	inf
SRX148964	TFs and others	CDK9	Blood	P493-6	153	4/2624	0/1	0	0	inf
SRX1490930	TFs and others	RB1	Prostate	VCaP	532	70/2624	0/1	0	0	inf
SRX1490931	TFs and others	RB1	Prostate	LNCAP	2821	675/2624	0/1	0	0	inf
SRX1491250	TFs and others	TCF4	Blood	CAL-1	29027	551/2624	0/1	0	0	inf
SRX1491252	TFs and others	TCF4	Blood	GEN2.2	48362	1090/2624	0/1	0	0	inf
SRX1491254	TFs and others	BRD4	Blood	CAL-1	1030	3/2624	0/1	0	0	inf
SRX1491257	TFs and others	BRD4	Blood	CAL-1	690	1/2624	0/1	0	0	inf
SRX1491260	TFs and others	BRD4	Blood	GEN2.2	674	3/2624	0/1	0	0	inf
SRX1491263	TFs and others	BRD4	Blood	GEN2.2	700	1/2624	0/1	0	0	inf
SRX1491463	TFs and others	ASH1L	Blood	K-562	363	5/2624	0/1	0	0	inf
SRX1491464	TFs and others	ASH1L	Blood	K-562	1003	6/2624	0/1	0	0	inf
SRX1491920	TFs and others	Epitope tags	Blood	Lymphoblastoid cell line	309	1/2624	0/1	0	0	inf
SRX1491921	TFs and others	Epitope tags	Blood	Lymphoblastoid cell line	761	14/2624	0/1	0	0	inf
SRX1491922	TFs and others	Epitope tags	Blood	Lymphoblastoid cell line	2830	3/2624	0/1	0	0	inf
SRX149220	TFs and others	FOXM1	Bone	U2OS	125	10/2624	0/1	0	0	inf
SRX1492212	TFs and others	RUNX1	Blood	Jurkat	7020	94/2624	0/1	0	0	inf
SRX1492213	TFs and others	GATA3	Blood	Jurkat	13095	53/2624	0/1	0	0	inf
SRX149221	TFs and others	FOXM1	Bone	U2OS	227	17/2624	0/1	0	0	inf
SRX149661	TFs and others	CDK8	Digestive tract	HCT 116	6363	812/2624	0/1	0	0	inf
SRX149702	TFs and others	Epitope tags	Kidney	293	179	1/2624	0/1	0	0	inf
SRX149703	TFs and others	SCML2	Kidney	293	290	1/2624	0/1	0	0	inf
SRX149704	TFs and others	BMI1	Kidney	293	388	1/2624	0/1	0	0	inf
SRX149706	TFs and others	Epitope tags	Kidney	293	333	1/2624	0/1	0	0	inf
SRX149707	TFs and others	SCML2	Kidney	293	246	2/2624	0/1	0	0	inf
SRX149708	TFs and others	BMI1	Kidney	293	197	1/2624	0/1	0	0	inf
SRX149710	TFs and others	Epitope tags	Kidney	293	306	1/2624	0/1	0	0	inf
SRX149711	TFs and others	SCML2	Kidney	293	289	1/2624	0/1	0	0	inf
SRX149712	TFs and others	BMI1	Kidney	293	344	1/2624	0/1	0	0	inf
SRX149714	TFs and others	SCML2	Blood	K-562	431	54/2624	0/1	0	0	inf
SRX149715	TFs and others	BMI1	Blood	K-562	116	6/2624	0/1	0	0	inf
SRX1497383	TFs and others	BRD4	Blood	RAJI	1626	15/2624	0/1	0	0	inf
SRX1497384	TFs and others	MYC	Blood	RAJI	7634	888/2624	0/1	0	0	inf
SRX1497386	TFs and others	E2F1	Blood	RAJI	1485	276/2624	0/1	0	0	inf
SRX1497393	TFs and others	BRD4	Blood	RAJI	117	1/2624	0/1	0	0	inf
SRX1497396	TFs and others	E2F1	Blood	RAJI	4463	959/2624	0/1	0	0	inf
SRX1497516	TFs and others	TRIM28	Breast	MCF-7	700	1/2624	0/1	0	0	inf
SRX150103	TFs and others	BRF2	Lung	IMR-90	726	1/2624	0/1	0	0	inf
SRX150105	TFs and others	GTF2B	Lung	IMR-90	1610	148/2624	0/1	0	0	inf
SRX150106	TFs and others	SNAPC2	Lung	IMR-90	380	1/2624	0/1	0	0	inf
SRX150107	TFs and others	SNAPC2	Lung	IMR-90	394	1/2624	0/1	0	0	inf
SRX150108	TFs and others	SNAPC1	Lung	IMR-90	637	1/2624	0/1	0	0	inf
SRX150109	TFs and others	SNAPC5	Lung	IMR-90	716	1/2624	0/1	0	0	inf
SRX150110	TFs and others	SNAPC4	Lung	IMR-90	483	1/2624	0/1	0	0	inf
SRX150111	TFs and others	POU2F1	Uterus	HeLa	386	6/2624	0/1	0	0	inf
SRX1503373	TFs and others	HNF1A	Gonad	Caput epididymis	5020	13/2624	0/1	0	0	inf
SRX1503375	TFs and others	HNF1A	Gonad	Caput epididymis	4256	10/2624	0/1	0	0	inf
SRX150352	TFs and others	MAZ	Uterus	HeLa	10531	1268/2624	0/1	0	0	inf
SRX150353	TFs and others	RELA	Blood	GM19099	11193	332/2624	0/1	0	0	inf
SRX150354	TFs and others	CEBPZ	Liver	Hep G2	740	55/2624	0/1	0	0	inf
SRX150355	TFs and others	ARID3A	Liver	Hep G2	13639	261/2624	0/1	0	0	inf
SRX150356	TFs and others	STAT3	Uterus	HeLa	11084	141/2624	0/1	0	0	inf
SRX150357	TFs and others	TBP	Blood	GM12878	10458	990/2624	0/1	0	0	inf
SRX150358	TFs and others	JUN	Cardiovascular	HUVEC	19921	214/2624	0/1	0	0	inf
SRX150359	TFs and others	RELA	Blood	GM19193	7727	233/2624	0/1	0	0	inf
SRX150360	TFs and others	TBP	Liver	Hep G2	10455	1200/2624	0/1	0	0	inf
SRX150361	TFs and others	RELA	Blood	GM18526	1675	33/2624	0/1	0	0	inf
SRX150362	TFs and others	RELA	Blood	GM18526	6795	224/2624	0/1	0	0	inf
SRX150365	TFs and others	RELA	Blood	GM12892	4794	207/2624	0/1	0	0	inf
SRX150369	TFs and others	SIN3A	Pluripotent stem cell	hESC H1	16780	1275/2624	0/1	0	0	inf
SRX150370	TFs and others	MAFK	Uterus	HeLa	10807	208/2624	0/1	0	0	inf
SRX150372	TFs and others	MAFK	Pluripotent stem cell	hESC H1	7644	62/2624	0/1	0	0	inf
SRX150373	TFs and others	MXI1	Pluripotent stem cell	hESC H1	3353	329/2624	0/1	0	0	inf
SRX150374	TFs and others	EP300	Blood	GM12878	11260	148/2624	0/1	0	0	inf
SRX150375	TFs and others	CEBPB	Pluripotent stem cell	hESC H1	11994	163/2624	0/1	0	0	inf
SRX150376	TFs and others	CHD1	Pluripotent stem cell	hESC H1	888	28/2624	0/1	0	0	inf
SRX150377	TFs and others	CHD2	Pluripotent stem cell	hESC H1	6065	883/2624	0/1	0	0	inf
SRX150378	TFs and others	MAX	Lung	A549	6190	603/2624	0/1	0	0	inf
SRX150380	TFs and others	RAD21	Lung	A549	17028	197/2624	0/1	0	0	inf
SRX150381	TFs and others	CHD1	Blood	GM12878	1004	66/2624	0/1	0	0	inf
SRX150382	TFs and others	KAT2A	Uterus	HeLa	521	3/2624	0/1	0	0	inf
SRX150384	TFs and others	RFX5	Liver	Hep G2	4237	487/2624	0/1	0	0	inf
SRX150385	TFs and others	MAFK	Liver	Hep G2	61987	179/2624	0/1	0	0	inf
SRX150386	TFs and others	MAFF	Liver	Hep G2	36864	195/2624	0/1	0	0	inf
SRX150387	TFs and others	CHD2	Liver	Hep G2	3909	584/2624	0/1	0	0	inf
SRX150388	TFs and others	NRF1	Pluripotent stem cell	hESC H1	3992	529/2624	0/1	0	0	inf
SRX150389	TFs and others	NRF1	Blood	GM12878	4845	794/2624	0/1	0	0	inf
SRX150390	TFs and others	SMC3	Blood	K-562	16723	205/2624	0/1	0	0	inf
SRX150391	TFs and others	MAFK	Blood	K-562	19048	176/2624	0/1	0	0	inf
SRX150394	TFs and others	SREBF2	Liver	Hep G2	144	8/2624	0/1	0	0	inf
SRX150395	TFs and others	SREBF1	Liver	Hep G2	164	3/2624	0/1	0	0	inf
SRX150397	TFs and others	FOS	Uterus	HeLa	8901	397/2624	0/1	0	0	inf
SRX150398	TFs and others	MAX	Uterus	HeLa	14944	1020/2624	0/1	0	0	inf
SRX150399	TFs and others	RAD21	Blood	K-562	14118	105/2624	0/1	0	0	inf
SRX150400	TFs and others	MYC	Uterus	HeLa	11762	988/2624	0/1	0	0	inf
SRX150406	TFs and others	ELK1	Uterus	HeLa	3192	472/2624	0/1	0	0	inf
SRX150408	TFs and others	JUND	Uterus	HeLa	24811	326/2624	0/1	0	0	inf
SRX150409	TFs and others	ZNF274	Blood	GM08714	1019	1/2624	0/1	0	0	inf
SRX150410	TFs and others	E2F4	Blood	GM12878	2087	366/2624	0/1	0	0	inf
SRX150411	TFs and others	SIN3A	Blood	GM12878	4864	643/2624	0/1	0	0	inf
SRX150412	TFs and others	RAD21	Blood	GM12878	24871	211/2624	0/1	0	0	inf
SRX150413	TFs and others	GATA1	Blood	PBDEFetal	614	2/2624	0/1	0	0	inf
SRX150415	TFs and others	MAZ	Liver	Hep G2	6772	907/2624	0/1	0	0	inf
SRX150416	TFs and others	ARID3A	Blood	K-562	4640	90/2624	0/1	0	0	inf
SRX150420	TFs and others	ATF1	Blood	K-562	11645	890/2624	0/1	0	0	inf
SRX150421	TFs and others	JUN	Uterus	HeLa	13125	158/2624	0/1	0	0	inf
SRX150425	TFs and others	ELK1	Blood	GM12878	3296	452/2624	0/1	0	0	inf
SRX150427	TFs and others	GATA2	Cardiovascular	HUVEC	18147	134/2624	0/1	0	0	inf
SRX150428	TFs and others	MAX	Pluripotent stem cell	hESC H1	3711	202/2624	0/1	0	0	inf
SRX150429	TFs and others	ZNF274	Blood	GM12878	129	1/2624	0/1	0	0	inf
SRX150430	TFs and others	ZNF274	Liver	Hep G2	403	1/2624	0/1	0	0	inf
SRX150431	TFs and others	ELK4	Uterus	HeLa	2495	376/2624	0/1	0	0	inf
SRX150432	TFs and others	SUZ12	Pluripotent stem cell	hESC H1	380	1/2624	0/1	0	0	inf
SRX150435	TFs and others	FOS	Blood	K-562	8213	740/2624	0/1	0	0	inf
SRX150436	TFs and others	USF2	Blood	K-562	1992	138/2624	0/1	0	0	inf
SRX150440	TFs and others	STAT1	Uterus	HeLa	12433	744/2624	0/1	0	0	inf
SRX150441	TFs and others	NRF1	Blood	K-562	3420	541/2624	0/1	0	0	inf
SRX150442	TFs and others	ZKSCAN1	Uterus	HeLa	2062	76/2624	0/1	0	0	inf
SRX150444	TFs and others	JUN	Liver	Hep G2	7918	136/2624	0/1	0	0	inf
SRX150445	TFs and others	E2F4	Uterus	HeLa	2642	521/2624	0/1	0	0	inf
SRX150447	TFs and others	TFAP2A	Uterus	HeLa	10885	608/2624	0/1	0	0	inf
SRX150448	TFs and others	YY1	Blood	K-562	3632	356/2624	0/1	0	0	inf
SRX150449	TFs and others	NR2C2	Uterus	HeLa	1978	253/2624	0/1	0	0	inf
SRX150450	TFs and others	TFAP2C	Uterus	HeLa	16478	941/2624	0/1	0	0	inf
SRX150451	TFs and others	SIRT6	Blood	K-562	720	19/2624	0/1	0	0	inf
SRX150453	TFs and others	GATA2	Blood	K-562	6034	45/2624	0/1	0	0	inf
SRX150454	TFs and others	NR2C2	Blood	K-562	305	25/2624	0/1	0	0	inf
SRX150455	TFs and others	EBF1	Blood	GM12878	33502	444/2624	0/1	0	0	inf
SRX150456	TFs and others	SMC3	Blood	GM12878	25485	281/2624	0/1	0	0	inf
SRX150457	TFs and others	BRCA1	Blood	GM12878	1019	183/2624	0/1	0	0	inf
SRX150459	TFs and others	RAD21	Pluripotent stem cell	hESC H1	51012	460/2624	0/1	0	0	inf
SRX150460	TFs and others	USF2	Pluripotent stem cell	hESC H1	5197	303/2624	0/1	0	0	inf
SRX150462	TFs and others	RFX5	Pluripotent stem cell	hESC H1	1625	63/2624	0/1	0	0	inf
SRX150464	TFs and others	SMC3	Uterus	HeLa	40668	841/2624	0/1	0	0	inf
SRX150465	TFs and others	RCOR1	Blood	K-562	3833	70/2624	0/1	0	0	inf
SRX150471	TFs and others	ATF3	Blood	K-562	819	96/2624	0/1	0	0	inf
SRX150472	TFs and others	NELFE	Blood	K-562	373	16/2624	0/1	0	0	inf
SRX150474	TFs and others	GTF2B	Blood	K-562	1023	104/2624	0/1	0	0	inf
SRX150476	TFs and others	FOS	Breast	MCF 10A	59497	453/2624	0/1	0	0	inf
SRX150477	TFs and others	FOS	Breast	MCF 10A	69827	306/2624	0/1	0	0	inf
SRX150478	TFs and others	FOS	Breast	MCF 10A	74098	372/2624	0/1	0	0	inf
SRX150479	TFs and others	STAT3	Breast	MCF 10A	28660	325/2624	0/1	0	0	inf
SRX150481	TFs and others	EP300	Blood	K-562	21063	493/2624	0/1	0	0	inf
SRX150483	TFs and others	MAFK	Lung	IMR-90	37218	203/2624	0/1	0	0	inf
SRX150484	TFs and others	CTCF	Lung	IMR-90	38533	613/2624	0/1	0	0	inf
SRX150486	TFs and others	MAX	Liver	Hep G2	7082	758/2624	0/1	0	0	inf
SRX150487	TFs and others	CTCF	Blood	K-562	47473	644/2624	0/1	0	0	inf
SRX150488	TFs and others	NFYB	Uterus	HeLa	5752	775/2624	0/1	0	0	inf
SRX150489	TFs and others	FOS	Blood	GM12878	1948	487/2624	0/1	0	0	inf
SRX150490	TFs and others	MYC	Blood	K-562	5967	554/2624	0/1	0	0	inf
SRX150491	TFs and others	JUN	Blood	K-562	11296	391/2624	0/1	0	0	inf
SRX150493	TFs and others	NFE2	Blood	K-562	2132	48/2624	0/1	0	0	inf
SRX150494	TFs and others	KAT2A	Blood	GM12878	495	2/2624	0/1	0	0	inf
SRX150495	TFs and others	ZZZ3	Uterus	HeLa	532	9/2624	0/1	0	0	inf
SRX150496	TFs and others	SUPT20H	Blood	GM12878	493	2/2624	0/1	0	0	inf
SRX150502	TFs and others	SUZ12	Pluripotent stem cell	NT2-D1	272	2/2624	0/1	0	0	inf
SRX150503	TFs and others	YY1	Pluripotent stem cell	NT2-D1	3839	314/2624	0/1	0	0	inf
SRX150504	TFs and others	XRCC4	Blood	K-562	166	2/2624	0/1	0	0	inf
SRX150507	TFs and others	MYC	Blood	K-562	4153	372/2624	0/1	0	0	inf
SRX150508	TFs and others	NFYB	Blood	K-562	12529	901/2624	0/1	0	0	inf
SRX150509	TFs and others	BHLHE40	Blood	GM12878	20151	957/2624	0/1	0	0	inf
SRX150512	TFs and others	NFYA	Blood	K-562	4095	640/2624	0/1	0	0	inf
SRX150513	TFs and others	JUND	Pluripotent stem cell	hESC H1	8290	351/2624	0/1	0	0	inf
SRX150514	TFs and others	BRF2	Uterus	HeLa	302	1/2624	0/1	0	0	inf
SRX150515	TFs and others	ZNF143	Uterus	HeLa	5246	590/2624	0/1	0	0	inf
SRX150517	TFs and others	FOS	Breast	MCF 10A	56189	382/2624	0/1	0	0	inf
SRX150519	TFs and others	BHLHE40	Lung	A549	1824	128/2624	0/1	0	0	inf
SRX150520	TFs and others	MYC	Breast	MCF 10A	25891	1292/2624	0/1	0	0	inf
SRX150521	TFs and others	IKZF1	Blood	GM12878	7172	81/2624	0/1	0	0	inf
SRX150524	TFs and others	GATA3	Breast	MCF-7	6298	58/2624	0/1	0	0	inf
SRX150536	TFs and others	STAT3	Breast	MCF 10A	39237	569/2624	0/1	0	0	inf
SRX150537	TFs and others	SETDB1	Bone	U2OS	18475	213/2624	0/1	0	0	inf
SRX150538	TFs and others	ZNF274	Uterus	HeLa	434	1/2624	0/1	0	0	inf
SRX150542	TFs and others	CTBP2	Pluripotent stem cell	hESC H1	1353	98/2624	0/1	0	0	inf
SRX150543	TFs and others	TRIM28	Blood	K-562	1876	2/2624	0/1	0	0	inf
SRX150544	TFs and others	GATA1	Blood	PBDE	14779	472/2624	0/1	0	0	inf
SRX150545	TFs and others	MYC	Blood	K-562	5759	517/2624	0/1	0	0	inf
SRX150546	TFs and others	JUN	Blood	K-562	3036	60/2624	0/1	0	0	inf
SRX150547	TFs and others	JUN	Blood	K-562	2325	61/2624	0/1	0	0	inf
SRX150548	TFs and others	STAT2	Blood	K-562	1241	23/2624	0/1	0	0	inf
SRX150549	TFs and others	STAT2	Blood	K-562	1700	70/2624	0/1	0	0	inf
SRX150550	TFs and others	STAT1	Blood	K-562	729	15/2624	0/1	0	0	inf
SRX150551	TFs and others	STAT1	Blood	K-562	726	23/2624	0/1	0	0	inf
SRX150555	TFs and others	E2F6	Uterus	HeLa	3073	447/2624	0/1	0	0	inf
SRX150557	TFs and others	RELA	Blood	GM12878	10091	176/2624	0/1	0	0	inf
SRX150558	TFs and others	ZNF274	Blood	K-562	269	2/2624	0/1	0	0	inf
SRX150559	TFs and others	NR2C2	Blood	GM12878	1066	103/2624	0/1	0	0	inf
SRX150561	TFs and others	YY1	Blood	GM12878	926	67/2624	0/1	0	0	inf
SRX150562	TFs and others	ZZZ3	Blood	GM12878	663	15/2624	0/1	0	0	inf
SRX150563	TFs and others	E2F1	Uterus	HeLa	6539	811/2624	0/1	0	0	inf
SRX150565	TFs and others	BDP1	Uterus	HeLa	768	8/2624	0/1	0	0	inf
SRX150566	TFs and others	STAT1	Blood	K-562	1491	29/2624	0/1	0	0	inf
SRX150567	TFs and others	STAT1	Blood	K-562	1523	79/2624	0/1	0	0	inf
SRX150569	TFs and others	BRF2	Blood	K-562	218	3/2624	0/1	0	0	inf
SRX150570	TFs and others	MYC	Breast	MCF 10A	15169	360/2624	0/1	0	0	inf
SRX150571	TFs and others	WRNIP1	Blood	GM12878	749	48/2624	0/1	0	0	inf
SRX150572	TFs and others	CEBPB	Liver	Hep G2	43465	298/2624	0/1	0	0	inf
SRX150573	TFs and others	EP300	Blood	K-562	1806	10/2624	0/1	0	0	inf
SRX150575	TFs and others	TAL1	Blood	K-562	25199	142/2624	0/1	0	0	inf
SRX150576	TFs and others	MXI1	Blood	K-562	3587	354/2624	0/1	0	0	inf
SRX150577	TFs and others	MXI1	Uterus	HeLa	6435	702/2624	0/1	0	0	inf
SRX150578	TFs and others	CEBPB	Blood	K-562	38525	358/2624	0/1	0	0	inf
SRX150579	TFs and others	EP300	Uterus	HeLa	20277	156/2624	0/1	0	0	inf
SRX150580	TFs and others	GTF2F1	Blood	K-562	1363	100/2624	0/1	0	0	inf
SRX150581	TFs and others	CHD2	Blood	K-562	6449	826/2624	0/1	0	0	inf
SRX150582	TFs and others	ZNF274	Blood	K-562	1476	6/2624	0/1	0	0	inf
SRX150583	TFs and others	IRF1	Blood	K-562	9137	633/2624	0/1	0	0	inf
SRX150584	TFs and others	IRF1	Blood	K-562	8398	702/2624	0/1	0	0	inf
SRX150585	TFs and others	NFYA	Blood	GM12878	1488	360/2624	0/1	0	0	inf
SRX150586	TFs and others	NFYB	Blood	GM12878	11115	998/2624	0/1	0	0	inf
SRX150587	TFs and others	NFYA	Uterus	HeLa	4119	797/2624	0/1	0	0	inf
SRX150588	TFs and others	MYC	Pluripotent stem cell	hESC H1	1177	39/2624	0/1	0	0	inf
SRX150590	TFs and others	SMARCA4	Uterus	HeLa	193	2/2624	0/1	0	0	inf
SRX150593	TFs and others	ZNF143	Pluripotent stem cell	hESC H1	28407	827/2624	0/1	0	0	inf
SRX150596	TFs and others	BRCA1	Pluripotent stem cell	hESC H1	1672	219/2624	0/1	0	0	inf
SRX150597	TFs and others	MAX	Blood	GM12878	7543	855/2624	0/1	0	0	inf
SRX150598	TFs and others	CEBPB	Lung	IMR-90	72022	499/2624	0/1	0	0	inf
SRX150599	TFs and others	MAFF	Blood	K-562	18488	150/2624	0/1	0	0	inf
SRX150600	TFs and others	JUN	Blood	K-562	5858	272/2624	0/1	0	0	inf
SRX150605	TFs and others	RELA	Blood	GM12891	24800	954/2624	0/1	0	0	inf
SRX150606	TFs and others	RELA	Blood	GM10847	7079	330/2624	0/1	0	0	inf
SRX150608	TFs and others	RELA	Blood	GM15510	7254	512/2624	0/1	0	0	inf
SRX150610	TFs and others	RELA	Blood	GM18951	9437	343/2624	0/1	0	0	inf
SRX150611	TFs and others	ZNF263	Blood	K-562	1594	66/2624	0/1	0	0	inf
SRX150618	TFs and others	MAX	Blood	K-562	3252	270/2624	0/1	0	0	inf
SRX150619	TFs and others	GATA1	Blood	K-562	2039	32/2624	0/1	0	0	inf
SRX150620	TFs and others	JUND	Blood	GM12878	1530	5/2624	0/1	0	0	inf
SRX150621	TFs and others	SMC3	Liver	Hep G2	24013	179/2624	0/1	0	0	inf
SRX150624	TFs and others	EP300	Liver	Hep G2	3683	92/2624	0/1	0	0	inf
SRX150625	TFs and others	IRF1	Blood	K-562	887	22/2624	0/1	0	0	inf
SRX150630	TFs and others	STAT3	Breast	MCF 10A	29238	333/2624	0/1	0	0	inf
SRX150631	TFs and others	BRCA1	Uterus	HeLa	6429	645/2624	0/1	0	0	inf
SRX150632	TFs and others	CEBPB	Uterus	HeLa	67673	1080/2624	0/1	0	0	inf
SRX150633	TFs and others	GTF2F1	Uterus	HeLa	6973	619/2624	0/1	0	0	inf
SRX150634	TFs and others	PRDM1	Uterus	HeLa	3146	41/2624	0/1	0	0	inf
SRX150635	TFs and others	RFX5	Blood	GM12878	2784	458/2624	0/1	0	0	inf
SRX150636	TFs and others	STAT3	Blood	GM12878	1014	21/2624	0/1	0	0	inf
SRX150637	TFs and others	USF2	Blood	GM12878	6043	379/2624	0/1	0	0	inf
SRX150638	TFs and others	EP300	Blood	GM12878	5671	285/2624	0/1	0	0	inf
SRX150639	TFs and others	RFX5	Uterus	HeLa	18692	1039/2624	0/1	0	0	inf
SRX150640	TFs and others	USF2	Uterus	HeLa	9231	446/2624	0/1	0	0	inf
SRX150641	TFs and others	EP300	Blood	GM12878	13116	144/2624	0/1	0	0	inf
SRX150642	TFs and others	ZNF217	Breast	MCF-7	5163	75/2624	0/1	0	0	inf
SRX150644	TFs and others	RFX5	Blood	K-562	1512	85/2624	0/1	0	0	inf
SRX150645	TFs and others	BHLHE40	Liver	Hep G2	11478	639/2624	0/1	0	0	inf
SRX150646	TFs and others	GATA3	Neural	SK-N-SH	9136	17/2624	0/1	0	0	inf
SRX150647	TFs and others	ZNF143	Blood	K-562	23135	811/2624	0/1	0	0	inf
SRX150649	TFs and others	IRF3	Uterus	HeLa	1473	324/2624	0/1	0	0	inf
SRX150650	TFs and others	RAD21	Uterus	HeLa	47691	551/2624	0/1	0	0	inf
SRX150651	TFs and others	MAX	Cardiovascular	HUVEC	7811	693/2624	0/1	0	0	inf
SRX150652	TFs and others	SETDB1	Blood	K-562	147	3/2624	0/1	0	0	inf
SRX150653	TFs and others	TBL1XR1	Blood	K-562	8709	339/2624	0/1	0	0	inf
SRX150654	TFs and others	TBL1XR1	Blood	K-562	1968	55/2624	0/1	0	0	inf
SRX150655	TFs and others	BACH1	Blood	K-562	2528	27/2624	0/1	0	0	inf
SRX150656	TFs and others	ZNF263	Kidney	293	25755	997/2624	0/1	0	0	inf
SRX150657	TFs and others	RCOR1	Uterus	HeLa	11556	648/2624	0/1	0	0	inf
SRX150658	TFs and others	RCOR1	Liver	Hep G2	2334	210/2624	0/1	0	0	inf
SRX150659	TFs and others	BACH1	Pluripotent stem cell	hESC H1	7465	323/2624	0/1	0	0	inf
SRX150660	TFs and others	GTF2F1	Pluripotent stem cell	hESC H1	1494	114/2624	0/1	0	0	inf
SRX150661	TFs and others	BRF1	Uterus	HeLa	379	4/2624	0/1	0	0	inf
SRX150662	TFs and others	RCOR1	Blood	GM12878	2193	196/2624	0/1	0	0	inf
SRX150663	TFs and others	ZNF274	Pluripotent stem cell	NT2-D1	862	1/2624	0/1	0	0	inf
SRX150664	TFs and others	FOS	Cardiovascular	HUVEC	33440	287/2624	0/1	0	0	inf
SRX150666	TFs and others	TRIM28	Bone	U2OS	8751	330/2624	0/1	0	0	inf
SRX150668	TFs and others	GATA2	Neural	SK-N-SH	27915	298/2624	0/1	0	0	inf
SRX150669	TFs and others	ELK4	Kidney	293	549	6/2624	0/1	0	0	inf
SRX150670	TFs and others	STAT3	Breast	MCF 10A	6450	152/2624	0/1	0	0	inf
SRX150671	TFs and others	TRIM28	Kidney	293	22597	855/2624	0/1	0	0	inf
SRX150673	TFs and others	BDP1	Blood	K-562	666	10/2624	0/1	0	0	inf
SRX150674	TFs and others	BRF1	Blood	K-562	327	6/2624	0/1	0	0	inf
SRX150675	TFs and others	NR2C2	Liver	Hep G2	1701	223/2624	0/1	0	0	inf
SRX150677	TFs and others	SETDB1	Blood	K-562	2259	148/2624	0/1	0	0	inf
SRX150678	TFs and others	MYC	Blood	K-562	12840	1003/2624	0/1	0	0	inf
SRX150679	TFs and others	E2F4	Blood	K-562	5137	928/2624	0/1	0	0	inf
SRX150681	TFs and others	JUN	Blood	K-562	4816	89/2624	0/1	0	0	inf
SRX150685	TFs and others	TBP	Uterus	HeLa	14590	1242/2624	0/1	0	0	inf
SRX150688	TFs and others	BRCA1	Liver	Hep G2	1098	175/2624	0/1	0	0	inf
SRX150689	TFs and others	MAFK	Liver	Hep G2	30098	130/2624	0/1	0	0	inf
SRX150690	TFs and others	CTCF	Blood	GM12878	49718	768/2624	0/1	0	0	inf
SRX150691	TFs and others	STAT1	Blood	GM12878	447	18/2624	0/1	0	0	inf
SRX150693	TFs and others	JUN	Pluripotent stem cell	hESC H1	740	8/2624	0/1	0	0	inf
SRX150694	TFs and others	SUPT20H	Uterus	HeLa	455	5/2624	0/1	0	0	inf
SRX150695	TFs and others	BHLHE40	Blood	K-562	20180	1033/2624	0/1	0	0	inf
SRX150698	TFs and others	HNF4A	Liver	Hep G2	10022	258/2624	0/1	0	0	inf
SRX150699	TFs and others	NR3C1	Liver	Hep G2	392	44/2624	0/1	0	0	inf
SRX150700	TFs and others	ESRRA	Liver	Hep G2	666	10/2624	0/1	0	0	inf
SRX150701	TFs and others	CEBPB	Liver	Hep G2	18715	451/2624	0/1	0	0	inf
SRX150702	TFs and others	PPARGC1A	Liver	Hep G2	207	9/2624	0/1	0	0	inf
SRX150703	TFs and others	RAD21	Lung	IMR-90	35345	524/2624	0/1	0	0	inf
SRX150704	TFs and others	TCF7L2	Uterus	HeLa	13858	684/2624	0/1	0	0	inf
SRX150705	TFs and others	HSF1	Liver	Hep G2	1112	67/2624	0/1	0	0	inf
SRX150706	TFs and others	SREBF1	Liver	Hep G2	1957	449/2624	0/1	0	0	inf
SRX150709	TFs and others	CEBPB	Lung	A549	32586	318/2624	0/1	0	0	inf
SRX150712	TFs and others	SMARCA4	Blood	K-562	964	5/2624	0/1	0	0	inf
SRX150713	TFs and others	SMARCB1	Blood	K-562	477	2/2624	0/1	0	0	inf
SRX150714	TFs and others	SMARCB1	Uterus	HeLa	2828	263/2624	0/1	0	0	inf
SRX150715	TFs and others	NRF1	Uterus	HeLa	1881	320/2624	0/1	0	0	inf
SRX150716	TFs and others	SMARCC1	Uterus	HeLa	1990	124/2624	0/1	0	0	inf
SRX150717	TFs and others	SMARCC2	Uterus	HeLa	428	59/2624	0/1	0	0	inf
SRX150725	TFs and others	USF2	Liver	Hep G2	4970	251/2624	0/1	0	0	inf
SRX150726	TFs and others	RAD21	Liver	Hep G2	31562	327/2624	0/1	0	0	inf
SRX150727	TFs and others	NRF1	Liver	Hep G2	1196	161/2624	0/1	0	0	inf
SRX150728	TFs and others	JUND	Liver	Hep G2	27896	342/2624	0/1	0	0	inf
SRX150729	TFs and others	IRF3	Liver	Hep G2	397	16/2624	0/1	0	0	inf
SRX150730	TFs and others	IRF3	Blood	GM12878	1227	316/2624	0/1	0	0	inf
SRX150731	TFs and others	NFE2	Blood	GM12878	967	90/2624	0/1	0	0	inf
SRX150732	TFs and others	TBL1XR1	Blood	GM12878	6745	248/2624	0/1	0	0	inf
SRX150750	TFs and others	HOXA9	Blood	SEM	804	5/2624	0/1	0	0	inf
SRX150751	TFs and others	MEIS1	Blood	SEM	2367	21/2624	0/1	0	0	inf
SRX150752	TFs and others	HOXA9	Blood	SEM	107	2/2624	0/1	0	0	inf
SRX150753	TFs and others	MEIS1	Blood	SEM	555	6/2624	0/1	0	0	inf
SRX150911	TFs and others	GATA2	Prostate	LNCAP	10449	38/2624	0/1	0	0	inf
SRX150912	TFs and others	GATA2	Prostate	LNCAP	16164	71/2624	0/1	0	0	inf
SRX1510444	TFs and others	SOX9	Prostate	VCaP	1163	85/2624	0/1	0	0	inf
SRX1510970	TFs and others	ZNF143	Breast	MCF-7	6531	718/2624	0/1	0	0	inf
SRX1510972	TFs and others	ZNF143	Breast	MCF-7	7268	793/2624	0/1	0	0	inf
SRX151222	TFs and others	KMT2A	Blood	RS4-11	652	16/2624	0/1	0	0	inf
SRX151223	TFs and others	AFF1	Blood	RS4-11	2651	48/2624	0/1	0	0	inf
SRX151229	TFs and others	SMC1A	Blood	Lymphoblastoid cells	7704	275/2624	0/1	0	0	inf
SRX151230	TFs and others	NIPBL	Blood	Lymphoblastoid cells	2487	436/2624	0/1	0	0	inf
SRX151245	TFs and others	CTCF	Blood	BCBL1	31306	704/2624	0/1	0	0	inf
SRX151246	TFs and others	SMC1A	Blood	BCBL1	22436	950/2624	0/1	0	0	inf
SRX1514278	TFs and others	RUNX1T1	Blood	Kasumi-1	10606	577/2624	0/1	0	0	inf
SRX1514279	TFs and others	GATA2	Blood	Kasumi-1	614	4/2624	0/1	0	0	inf
SRX1514280	TFs and others	TAL1	Blood	Kasumi-1	3234	418/2624	0/1	0	0	inf
SRX1514281	TFs and others	LYL1	Blood	Kasumi-1	12927	219/2624	0/1	0	0	inf
SRX1514284	TFs and others	EP300	Blood	Kasumi-1	7477	477/2624	0/1	0	0	inf
SRX1514286	TFs and others	HDAC2	Blood	Kasumi-1	12832	539/2624	0/1	0	0	inf
SRX1514291	TFs and others	RUNX1	Blood	Kasumi-1	12498	1085/2624	0/1	0	0	inf
SRX1514916	TFs and others	GFP	Kidney	293	7514	189/2624	0/1	0	0	inf
SRX1514917	TFs and others	GFP	Kidney	293	2193	26/2624	0/1	0	0	inf
SRX1514918	TFs and others	GFP	Kidney	293	1463	15/2624	0/1	0	0	inf
SRX1514919	TFs and others	GFP	Kidney	293	4220	193/2624	0/1	0	0	inf
SRX1514920	TFs and others	GFP	Kidney	293	277	1/2624	0/1	0	0	inf
SRX1514921	TFs and others	GFP	Kidney	293	279	3/2624	0/1	0	0	inf
SRX1514922	TFs and others	GFP	Kidney	293	5905	448/2624	0/1	0	0	inf
SRX1514923	TFs and others	GFP	Kidney	293	340	1/2624	0/1	0	0	inf
SRX1514924	TFs and others	GFP	Kidney	293	1267	50/2624	0/1	0	0	inf
SRX1514925	TFs and others	GFP	Kidney	293	1549	8/2624	0/1	0	0	inf
SRX1514926	TFs and others	GFP	Kidney	293	327	1/2624	0/1	0	0	inf
SRX1514927	TFs and others	GFP	Kidney	293	266	1/2624	0/1	0	0	inf
SRX1514928	TFs and others	GFP	Kidney	293	201	1/2624	0/1	0	0	inf
SRX1514929	TFs and others	GFP	Kidney	293	211	1/2624	0/1	0	0	inf
SRX1514930	TFs and others	GFP	Kidney	293	9163	467/2624	0/1	0	0	inf
SRX1514931	TFs and others	GFP	Kidney	293	859	79/2624	0/1	0	0	inf
SRX1514932	TFs and others	GFP	Kidney	293	2764	403/2624	0/1	0	0	inf
SRX1514933	TFs and others	GFP	Kidney	293	6018	844/2624	0/1	0	0	inf
SRX1514934	TFs and others	GFP	Kidney	293	16042	435/2624	0/1	0	0	inf
SRX1514935	TFs and others	GFP	Kidney	293	287	1/2624	0/1	0	0	inf
SRX1514936	TFs and others	GFP	Kidney	293	18138	857/2624	0/1	0	0	inf
SRX1514937	TFs and others	GFP	Kidney	293	13566	455/2624	0/1	0	0	inf
SRX1514938	TFs and others	GFP	Kidney	293	5619	158/2624	0/1	0	0	inf
SRX1514939	TFs and others	GFP	Kidney	293	289	1/2624	0/1	0	0	inf
SRX1514940	TFs and others	GFP	Kidney	293	435	2/2624	0/1	0	0	inf
SRX1514941	TFs and others	GFP	Kidney	293	1487	22/2624	0/1	0	0	inf
SRX1514942	TFs and others	GFP	Kidney	293	99	2/2624	0/1	0	0	inf
SRX1514943	TFs and others	GFP	Kidney	293	189	1/2624	0/1	0	0	inf
SRX1514944	TFs and others	GFP	Kidney	293	2512	2/2624	0/1	0	0	inf
SRX1514945	TFs and others	GFP	Kidney	293	340	1/2624	0/1	0	0	inf
SRX1514946	TFs and others	GFP	Kidney	293	213	1/2624	0/1	0	0	inf
SRX1514947	TFs and others	GFP	Kidney	293	369	2/2624	0/1	0	0	inf
SRX1514948	TFs and others	GFP	Kidney	293	393	1/2624	0/1	0	0	inf
SRX1514949	TFs and others	GFP	Kidney	293	382	1/2624	0/1	0	0	inf
SRX1514950	TFs and others	GFP	Kidney	293	335	1/2624	0/1	0	0	inf
SRX1514951	TFs and others	GFP	Kidney	293	1000	8/2624	0/1	0	0	inf
SRX1514952	TFs and others	GFP	Kidney	293	446	8/2624	0/1	0	0	inf
SRX1514954	TFs and others	GFP	Kidney	293	3323	353/2624	0/1	0	0	inf
SRX1514955	TFs and others	GFP	Kidney	293	263	1/2624	0/1	0	0	inf
SRX1514956	TFs and others	GFP	Kidney	293	2089	300/2624	0/1	0	0	inf
SRX1514957	TFs and others	GFP	Kidney	293	355	3/2624	0/1	0	0	inf
SRX1514958	TFs and others	GFP	Kidney	293	28005	607/2624	0/1	0	0	inf
SRX1514959	TFs and others	GFP	Kidney	293	7578	298/2624	0/1	0	0	inf
SRX1514960	TFs and others	GFP	Kidney	293	884	6/2624	0/1	0	0	inf
SRX1514961	TFs and others	GFP	Kidney	293	155	1/2624	0/1	0	0	inf
SRX1514962	TFs and others	GFP	Kidney	293	13534	450/2624	0/1	0	0	inf
SRX1514963	TFs and others	GFP	Kidney	293	15443	494/2624	0/1	0	0	inf
SRX1514964	TFs and others	GFP	Kidney	293	703	2/2624	0/1	0	0	inf
SRX1514965	TFs and others	GFP	Kidney	293	371	1/2624	0/1	0	0	inf
SRX1514966	TFs and others	GFP	Kidney	293	273	1/2624	0/1	0	0	inf
SRX1514967	TFs and others	GFP	Kidney	293	917	17/2624	0/1	0	0	inf
SRX1514968	TFs and others	GFP	Kidney	293	965	12/2624	0/1	0	0	inf
SRX1514970	TFs and others	GFP	Kidney	293	3126	28/2624	0/1	0	0	inf
SRX1514971	TFs and others	GFP	Kidney	293	798	6/2624	0/1	0	0	inf
SRX1514972	TFs and others	GFP	Kidney	293	1941	13/2624	0/1	0	0	inf
SRX1514974	TFs and others	GFP	Kidney	293	1140	21/2624	0/1	0	0	inf
SRX1514975	TFs and others	GFP	Kidney	293	9616	1071/2624	0/1	0	0	inf
SRX1514976	TFs and others	GFP	Kidney	293	8220	925/2624	0/1	0	0	inf
SRX1514977	TFs and others	GFP	Kidney	293	607	2/2624	0/1	0	0	inf
SRX1514978	TFs and others	GFP	Kidney	293	186	1/2624	0/1	0	0	inf
SRX1514980	TFs and others	GFP	Kidney	293	835	5/2624	0/1	0	0	inf
SRX1514981	TFs and others	GFP	Kidney	293	4194	222/2624	0/1	0	0	inf
SRX1514982	TFs and others	GFP	Kidney	293	5271	5/2624	0/1	0	0	inf
SRX1514983	TFs and others	GFP	Kidney	293	1736	83/2624	0/1	0	0	inf
SRX1514984	TFs and others	GFP	Kidney	293	2090	110/2624	0/1	0	0	inf
SRX1514985	TFs and others	GFP	Kidney	293	2471	83/2624	0/1	0	0	inf
SRX1514986	TFs and others	GFP	Kidney	293	446	1/2624	0/1	0	0	inf
SRX1514987	TFs and others	GFP	Kidney	293	343	1/2624	0/1	0	0	inf
SRX1514988	TFs and others	GFP	Kidney	293	2633	54/2624	0/1	0	0	inf
SRX1514989	TFs and others	GFP	Kidney	293	833	2/2624	0/1	0	0	inf
SRX1514990	TFs and others	GFP	Kidney	293	270	1/2624	0/1	0	0	inf
SRX1514991	TFs and others	GFP	Kidney	293	106	1/2624	0/1	0	0	inf
SRX1514992	TFs and others	GFP	Kidney	293	9857	154/2624	0/1	0	0	inf
SRX1514993	TFs and others	GFP	Kidney	293	273	1/2624	0/1	0	0	inf
SRX1514994	TFs and others	GFP	Kidney	293	1434	8/2624	0/1	0	0	inf
SRX1514995	TFs and others	GFP	Kidney	293	689	7/2624	0/1	0	0	inf
SRX1514996	TFs and others	GFP	Kidney	293	492	18/2624	0/1	0	0	inf
SRX1514997	TFs and others	GFP	Kidney	293	2887	382/2624	0/1	0	0	inf
SRX1514998	TFs and others	GFP	Kidney	293	7339	363/2624	0/1	0	0	inf
SRX1514999	TFs and others	GFP	Kidney	293	3921	117/2624	0/1	0	0	inf
SRX1515000	TFs and others	GFP	Kidney	293	610	2/2624	0/1	0	0	inf
SRX1515001	TFs and others	GFP	Kidney	293	500	2/2624	0/1	0	0	inf
SRX1515002	TFs and others	GFP	Kidney	293	323	2/2624	0/1	0	0	inf
SRX1515003	TFs and others	GFP	Kidney	293	306	1/2624	0/1	0	0	inf
SRX1515004	TFs and others	GFP	Kidney	293	299	1/2624	0/1	0	0	inf
SRX1515005	TFs and others	GFP	Kidney	293	359	1/2624	0/1	0	0	inf
SRX1515006	TFs and others	GFP	Kidney	293	5587	143/2624	0/1	0	0	inf
SRX1515007	TFs and others	GFP	Kidney	293	355	1/2624	0/1	0	0	inf
SRX1515008	TFs and others	GFP	Kidney	293	299	1/2624	0/1	0	0	inf
SRX1515009	TFs and others	GFP	Kidney	293	36328	948/2624	0/1	0	0	inf
SRX1515010	TFs and others	GFP	Kidney	293	264	1/2624	0/1	0	0	inf
SRX1515011	TFs and others	GFP	Kidney	293	2515	3/2624	0/1	0	0	inf
SRX1515012	TFs and others	GFP	Kidney	293	1965	3/2624	0/1	0	0	inf
SRX1515013	TFs and others	GFP	Kidney	293	951	3/2624	0/1	0	0	inf
SRX1515014	TFs and others	GFP	Kidney	293	1106	4/2624	0/1	0	0	inf
SRX1515015	TFs and others	GFP	Kidney	293	1228	18/2624	0/1	0	0	inf
SRX1515016	TFs and others	GFP	Kidney	293	307	1/2624	0/1	0	0	inf
SRX1515017	TFs and others	GFP	Kidney	293	322	1/2624	0/1	0	0	inf
SRX1515018	TFs and others	GFP	Kidney	293	334	1/2624	0/1	0	0	inf
SRX1515019	TFs and others	GFP	Kidney	293	450	1/2624	0/1	0	0	inf
SRX1515020	TFs and others	GFP	Kidney	293	16594	2/2624	0/1	0	0	inf
SRX1515021	TFs and others	GFP	Kidney	293	386	1/2624	0/1	0	0	inf
SRX1515022	TFs and others	GFP	Kidney	293	339	2/2624	0/1	0	0	inf
SRX1515023	TFs and others	GFP	Kidney	293	320	1/2624	0/1	0	0	inf
SRX1515024	TFs and others	GFP	Kidney	293	356	3/2624	0/1	0	0	inf
SRX1515025	TFs and others	GFP	Kidney	293	317	1/2624	0/1	0	0	inf
SRX1515026	TFs and others	GFP	Kidney	293	336	2/2624	0/1	0	0	inf
SRX1515027	TFs and others	GFP	Kidney	293	1074	27/2624	0/1	0	0	inf
SRX1515028	TFs and others	GFP	Kidney	293	322	1/2624	0/1	0	0	inf
SRX1515029	TFs and others	GFP	Kidney	293	321	4/2624	0/1	0	0	inf
SRX1515030	TFs and others	GFP	Kidney	293	4745	8/2624	0/1	0	0	inf
SRX1515031	TFs and others	GFP	Kidney	293	3031	10/2624	0/1	0	0	inf
SRX1515032	TFs and others	GFP	Kidney	293	8905	24/2624	0/1	0	0	inf
SRX1515033	TFs and others	GFP	Kidney	293	1720	13/2624	0/1	0	0	inf
SRX1515034	TFs and others	GFP	Kidney	293	5110	22/2624	0/1	0	0	inf
SRX1515035	TFs and others	GFP	Kidney	293	2275	5/2624	0/1	0	0	inf
SRX1515036	TFs and others	GFP	Kidney	293	12937	479/2624	0/1	0	0	inf
SRX1515037	TFs and others	GFP	Kidney	293	10865	34/2624	0/1	0	0	inf
SRX1515038	TFs and others	GFP	Kidney	293	479	11/2624	0/1	0	0	inf
SRX1515039	TFs and others	GFP	Kidney	293	346	1/2624	0/1	0	0	inf
SRX1515040	TFs and others	GFP	Kidney	293	15727	64/2624	0/1	0	0	inf
SRX1515041	TFs and others	GFP	Kidney	293	5675	299/2624	0/1	0	0	inf
SRX1515042	TFs and others	GFP	Kidney	293	2227	6/2624	0/1	0	0	inf
SRX1515043	TFs and others	GFP	Kidney	293	418	11/2624	0/1	0	0	inf
SRX1515044	TFs and others	GFP	Kidney	293	755	47/2624	0/1	0	0	inf
SRX1515045	TFs and others	GFP	Kidney	293	13516	19/2624	0/1	0	0	inf
SRX1515046	TFs and others	GFP	Kidney	293	303	1/2624	0/1	0	0	inf
SRX1515047	TFs and others	GFP	Kidney	293	401	1/2624	0/1	0	0	inf
SRX1515048	TFs and others	GFP	Kidney	293	385	3/2624	0/1	0	0	inf
SRX1515049	TFs and others	GFP	Kidney	293	371	7/2624	0/1	0	0	inf
SRX1515050	TFs and others	GFP	Kidney	293	3620	341/2624	0/1	0	0	inf
SRX1515051	TFs and others	GFP	Kidney	293	539	22/2624	0/1	0	0	inf
SRX1515052	TFs and others	GFP	Kidney	293	4516	224/2624	0/1	0	0	inf
SRX1515054	TFs and others	GFP	Kidney	293	295	1/2624	0/1	0	0	inf
SRX1515055	TFs and others	GFP	Kidney	293	787	24/2624	0/1	0	0	inf
SRX1515056	TFs and others	GFP	Kidney	293	7732	24/2624	0/1	0	0	inf
SRX1515057	TFs and others	GFP	Kidney	293	1553	3/2624	0/1	0	0	inf
SRX1515058	TFs and others	GFP	Kidney	293	1245	2/2624	0/1	0	0	inf
SRX1515059	TFs and others	GFP	Kidney	293	2920	1/2624	0/1	0	0	inf
SRX1515060	TFs and others	GFP	Kidney	293	499	2/2624	0/1	0	0	inf
SRX1515061	TFs and others	GFP	Kidney	293	453	24/2624	0/1	0	0	inf
SRX1515062	TFs and others	GFP	Kidney	293	9351	1034/2624	0/1	0	0	inf
SRX1515063	TFs and others	GFP	Kidney	293	2221	301/2624	0/1	0	0	inf
SRX1515064	TFs and others	GFP	Kidney	293	165	1/2624	0/1	0	0	inf
SRX1515065	TFs and others	GFP	Kidney	293	8576	8/2624	0/1	0	0	inf
SRX1515066	TFs and others	GFP	Kidney	293	163	4/2624	0/1	0	0	inf
SRX1515067	TFs and others	GFP	Kidney	293	292	2/2624	0/1	0	0	inf
SRX1515068	TFs and others	GFP	Kidney	293	375	8/2624	0/1	0	0	inf
SRX1515069	TFs and others	GFP	Kidney	293	430	3/2624	0/1	0	0	inf
SRX1515070	TFs and others	GFP	Kidney	293	298	2/2624	0/1	0	0	inf
SRX1515071	TFs and others	GFP	Kidney	293	274	2/2624	0/1	0	0	inf
SRX1515072	TFs and others	GFP	Kidney	293	353	1/2624	0/1	0	0	inf
SRX1515073	TFs and others	GFP	Kidney	293	344	1/2624	0/1	0	0	inf
SRX1515074	TFs and others	GFP	Kidney	293	396	1/2624	0/1	0	0	inf
SRX1515075	TFs and others	GFP	Kidney	293	1605	235/2624	0/1	0	0	inf
SRX151940	TFs and others	IRF5	Blood	PBMC	252	1/2624	0/1	0	0	inf
SRX151941	TFs and others	IRF5	Blood	PBMC	362	1/2624	0/1	0	0	inf
SRX151942	TFs and others	IRF5	Blood	PBMC	258	1/2624	0/1	0	0	inf
SRX151943	TFs and others	IRF5	Blood	PBMC	106	1/2624	0/1	0	0	inf
SRX151944	TFs and others	IRF5	Blood	PBMC	113	1/2624	0/1	0	0	inf
SRX151945	TFs and others	IRF5	Blood	PBMC	648	1/2624	0/1	0	0	inf
SRX151946	TFs and others	IRF5	Blood	PBMC	106	1/2624	0/1	0	0	inf
SRX151947	TFs and others	STAT4	Blood	PBMC	344	1/2624	0/1	0	0	inf
SRX151948	TFs and others	STAT4	Blood	PBMC	167	1/2624	0/1	0	0	inf
SRX151949	TFs and others	STAT4	Blood	PBMC	95	1/2624	0/1	0	0	inf
SRX151950	TFs and others	STAT4	Blood	PBMC	189	1/2624	0/1	0	0	inf
SRX151951	TFs and others	STAT4	Blood	PBMC	183	1/2624	0/1	0	0	inf
SRX151952	TFs and others	STAT4	Blood	PBMC	794	1/2624	0/1	0	0	inf
SRX151953	TFs and others	STAT4	Blood	PBMC	72	1/2624	0/1	0	0	inf
SRX1519704	TFs and others	UBTF	Pluripotent stem cell	hESC H9	121	2/2624	0/1	0	0	inf
SRX1519705	TFs and others	UBTF	Pluripotent stem cell	hESC H9	145	2/2624	0/1	0	0	inf
SRX1521297	TFs and others	ZMYND8	Breast	ZR-75-30	6408	420/2624	0/1	0	0	inf
SRX1521303	TFs and others	EP300	Breast	ZR-75-30	15510	262/2624	0/1	0	0	inf
SRX1521304	TFs and others	EP300	Breast	ZR-75-30	232	6/2624	0/1	0	0	inf
SRX1521305	TFs and others	ZMYND8	Breast	ZR-75-30	2013	98/2624	0/1	0	0	inf
SRX1521310	TFs and others	KDM5C	Breast	ZR-75-30	242	15/2624	0/1	0	0	inf
SRX1521315	TFs and others	KDM5C	Breast	ZR-75-30	28	1/2624	0/1	0	0	inf
SRX1522126	TFs and others	RPA2	Uterus	HeLa	101	1/2624	0/1	0	0	inf
SRX1522127	TFs and others	RPA2	Uterus	HeLa	194	1/2624	0/1	0	0	inf
SRX1522128	TFs and others	RPA1	Uterus	HeLa	156	1/2624	0/1	0	0	inf
SRX1528428	TFs and others	USP7	Breast	MDA-MB-231	843	3/2624	0/1	0	0	inf
SRX1528429	TFs and others	USP7	Lung	NCI-H1299	808	4/2624	0/1	0	0	inf
SRX1528430	TFs and others	HIF1A	Lung	NCI-H1299	54	2/2624	0/1	0	0	inf
SRX1528505	TFs and others	SRPK1	Breast	MCF 10A	199	12/2624	0/1	0	0	inf
SRX1528506	TFs and others	SRPK2	Breast	MCF 10A	98	1/2624	0/1	0	0	inf
SRX1529431	TFs and others	CTCF	Neural	SK-N-SH	20412	389/2624	0/1	0	0	inf
SRX1529432	TFs and others	RAD21	Neural	SK-N-SH	4433	66/2624	0/1	0	0	inf
SRX1530266	TFs and others	YY2	Uterus	HeLa	1659	141/2624	0/1	0	0	inf
SRX1530787	TFs and others	EBNA2	Blood	GM12878	651	8/2624	0/1	0	0	inf
SRX1531772	TFs and others	NIPBL	Liver	Hep G2	1304	11/2624	0/1	0	0	inf
SRX1531773	TFs and others	MED1	Liver	Hep G2	4017	47/2624	0/1	0	0	inf
SRX1531774	TFs and others	SMC1A	Liver	Hep G2	25525	169/2624	0/1	0	0	inf
SRX1531776	TFs and others	NIPBL	Liver	Hep G2	498	6/2624	0/1	0	0	inf
SRX1531777	TFs and others	MED1	Liver	Hep G2	1378	32/2624	0/1	0	0	inf
SRX1531778	TFs and others	SMC1A	Liver	Hep G2	25326	270/2624	0/1	0	0	inf
SRX1531780	TFs and others	NIPBL	Lung	A549	1404	65/2624	0/1	0	0	inf
SRX1531781	TFs and others	MED1	Lung	A549	3966	127/2624	0/1	0	0	inf
SRX1531782	TFs and others	SMC1A	Lung	A549	28811	377/2624	0/1	0	0	inf
SRX1531784	TFs and others	NIPBL	Lung	A549	573	15/2624	0/1	0	0	inf
SRX1531785	TFs and others	MED1	Lung	A549	1186	32/2624	0/1	0	0	inf
SRX1531786	TFs and others	SMC1A	Lung	A549	26859	386/2624	0/1	0	0	inf
SRX1531788	TFs and others	NIPBL	Breast	MCF-7	953	9/2624	0/1	0	0	inf
SRX1531789	TFs and others	MED1	Breast	MCF-7	415	5/2624	0/1	0	0	inf
SRX1531790	TFs and others	SMC1A	Breast	MCF-7	19495	183/2624	0/1	0	0	inf
SRX1531791	TFs and others	ESR1	Breast	MCF-7	31554	356/2624	0/1	0	0	inf
SRX1531793	TFs and others	NIPBL	Breast	MCF-7	1103	33/2624	0/1	0	0	inf
SRX1531794	TFs and others	MED1	Breast	MCF-7	1009	19/2624	0/1	0	0	inf
SRX1531795	TFs and others	SMC1A	Breast	MCF-7	25360	268/2624	0/1	0	0	inf
SRX1531796	TFs and others	ESR1	Breast	MCF-7	17761	478/2624	0/1	0	0	inf
SRX1532010	TFs and others	SON	Blood	K-562	248	10/2624	0/1	0	0	inf
SRX1532011	TFs and others	SON	Blood	K-562	198	1/2624	0/1	0	0	inf
SRX1533882	TFs and others	RUNX2	Bone	Saos-2	894	25/2624	0/1	0	0	inf
SRX1533883	TFs and others	CBFB	Bone	Saos-2	7395	149/2624	0/1	0	0	inf
SRX1538756	TFs and others	NR1H2	Digestive tract	HT-29	3106	166/2624	0/1	0	0	inf
SRX1538757	TFs and others	NR1H2	Digestive tract	HT-29	2282	139/2624	0/1	0	0	inf
SRX1538758	TFs and others	NR1H2	Digestive tract	HT-29	6034	288/2624	0/1	0	0	inf
SRX1538759	TFs and others	NR1H2	Digestive tract	HT-29	7691	425/2624	0/1	0	0	inf
SRX1538760	TFs and others	NR1H3	Digestive tract	HT-29	22846	687/2624	0/1	0	0	inf
SRX1538761	TFs and others	NR1H3	Digestive tract	HT-29	11575	300/2624	0/1	0	0	inf
SRX1538762	TFs and others	NR1H3	Digestive tract	HT-29	13145	438/2624	0/1	0	0	inf
SRX1538763	TFs and others	NR1H3	Digestive tract	HT-29	20831	716/2624	0/1	0	0	inf
SRX1538764	TFs and others	PPARG	Digestive tract	HT-29	17148	318/2624	0/1	0	0	inf
SRX1538765	TFs and others	PPARG	Digestive tract	HT-29	14888	320/2624	0/1	0	0	inf
SRX1538766	TFs and others	PPARG	Digestive tract	HT-29	10039	213/2624	0/1	0	0	inf
SRX1538767	TFs and others	PPARG	Digestive tract	HT-29	5850	92/2624	0/1	0	0	inf
SRX1538803	TFs and others	JUND	Digestive tract	HT-29	7257	275/2624	0/1	0	0	inf
SRX1538804	TFs and others	JUND	Digestive tract	HT-29	9794	277/2624	0/1	0	0	inf
SRX1539276	TFs and others	MYC	Blood	P493-6	3574	259/2624	0/1	0	0	inf
SRX1542105	TFs and others	SRPK1	Breast	MCF 10A	386	3/2624	0/1	0	0	inf
SRX1542106	TFs and others	SRPK2	Breast	MCF 10A	121	1/2624	0/1	0	0	inf
SRX154498	TFs and others	CTCF	Prostate	PrEC	21902	250/2624	0/1	0	0	inf
SRX154499	TFs and others	CTCF	Prostate	LNCAP	26333	345/2624	0/1	0	0	inf
SRX1547996	TFs and others	TP53	Epidermis	Dermal fibroblast	1849	2/2624	0/1	0	0	inf
SRX1547998	TFs and others	TP53	Epidermis	Dermal fibroblast	2504	4/2624	0/1	0	0	inf
SRX1548204	TFs and others	E2F1	Cardiovascular	Wharton Jelly	287	5/2624	0/1	0	0	inf
SRX1548205	TFs and others	E2F1	Cardiovascular	Wharton Jelly	659	118/2624	0/1	0	0	inf
SRX1548206	TFs and others	E2F1	Cardiovascular	Wharton Jelly	405	14/2624	0/1	0	0	inf
SRX1548207	TFs and others	E2F1	Cardiovascular	Wharton Jelly	1185	218/2624	0/1	0	0	inf
SRX1548208	TFs and others	E2F1	Cardiovascular	Wharton Jelly	614	127/2624	0/1	0	0	inf
SRX1548209	TFs and others	E2F1	Cardiovascular	Wharton Jelly	436	23/2624	0/1	0	0	inf
SRX1550246	TFs and others	Epitope tags	Bone	U2OS	816	32/2624	0/1	0	0	inf
SRX1550247	TFs and others	Epitope tags	Bone	U2OS	496	4/2624	0/1	0	0	inf
SRX1550249	TFs and others	MYC	Bone	U2OS	246	24/2624	0/1	0	0	inf
SRX1550250	TFs and others	MYC	Bone	U2OS	2280	151/2624	0/1	0	0	inf
SRX1550251	TFs and others	MYC	Bone	U2OS	1451	131/2624	0/1	0	0	inf
SRX1550252	TFs and others	MYC	Bone	U2OS	1922	144/2624	0/1	0	0	inf
SRX1552472	TFs and others	MYC	Bone	U2OS	4396	319/2624	0/1	0	0	inf
SRX1552473	TFs and others	MYC	Bone	U2OS	1522	99/2624	0/1	0	0	inf
SRX1555434	TFs and others	MITF	Epidermis	501A	33589	360/2624	0/1	0	0	inf
SRX1555435	TFs and others	MITF	Epidermis	501A	27910	321/2624	0/1	0	0	inf
SRX1555438	TFs and others	MITF	Epidermis	501A	885	1/2624	0/1	0	0	inf
SRX1555439	TFs and others	MITF	Epidermis	501A	2222	26/2624	0/1	0	0	inf
SRX1555440	TFs and others	MITF	Epidermis	501A	1173	16/2624	0/1	0	0	inf
SRX155715	TFs and others	HSF1	Breast	HMEC	121	1/2624	0/1	0	0	inf
SRX155717	TFs and others	HSF1	Breast	BPE	103	1/2624	0/1	0	0	inf
SRX155719	TFs and others	HSF1	Breast	HMEC	122	2/2624	0/1	0	0	inf
SRX155721	TFs and others	HSF1	Breast	BPE	113	2/2624	0/1	0	0	inf
SRX155723	TFs and others	HSF1	Breast	HMLE	170	1/2624	0/1	0	0	inf
SRX155725	TFs and others	HSF1	Breast	BPLER	187	8/2624	0/1	0	0	inf
SRX155727	TFs and others	HSF1	Breast	MCF 10A	401	2/2624	0/1	0	0	inf
SRX155728	TFs and others	HSF1	Breast	MCF 10A	115	1/2624	0/1	0	0	inf
SRX155730	TFs and others	HSF1	Breast	MCF 10A	172	3/2624	0/1	0	0	inf
SRX155731	TFs and others	HSF1	Breast	MCF 10A	788	18/2624	0/1	0	0	inf
SRX155733	TFs and others	HSF1	Lung	NCI-H1703	303	2/2624	0/1	0	0	inf
SRX155734	TFs and others	HSF1	Lung	NCI-H1703	317	1/2624	0/1	0	0	inf
SRX155736	TFs and others	HSF1	Breast	ZR-75-1	207	3/2624	0/1	0	0	inf
SRX155737	TFs and others	HSF1	Breast	ZR-75-1	295	5/2624	0/1	0	0	inf
SRX155739	TFs and others	HSF1	Digestive tract	SW 620	182	2/2624	0/1	0	0	inf
SRX155740	TFs and others	HSF1	Digestive tract	SW 620	204	2/2624	0/1	0	0	inf
SRX155742	TFs and others	HSF1	Digestive tract	HCT-15	227	2/2624	0/1	0	0	inf
SRX155743	TFs and others	HSF1	Digestive tract	HCT-15	177	2/2624	0/1	0	0	inf
SRX155745	TFs and others	HSF1	Digestive tract	HT-29	250	2/2624	0/1	0	0	inf
SRX155746	TFs and others	HSF1	Digestive tract	HT-29	427	2/2624	0/1	0	0	inf
SRX155748	TFs and others	HSF1	Breast	MCF-7	153	3/2624	0/1	0	0	inf
SRX155749	TFs and others	HSF1	Breast	MCF-7	238	10/2624	0/1	0	0	inf
SRX155751	TFs and others	HSF1	Lung	NCI-H441	186	9/2624	0/1	0	0	inf
SRX155752	TFs and others	HSF1	Lung	NCI-H441	181	8/2624	0/1	0	0	inf
SRX155754	TFs and others	HSF1	Breast	SK-BR-3	324	16/2624	0/1	0	0	inf
SRX155755	TFs and others	HSF1	Breast	SK-BR-3	449	20/2624	0/1	0	0	inf
SRX155757	TFs and others	HSF1	Lung	NCI-H838	659	37/2624	0/1	0	0	inf
SRX155758	TFs and others	HSF1	Lung	NCI-H838	527	31/2624	0/1	0	0	inf
SRX155760	TFs and others	HSF1	Breast	BT-20	234	12/2624	0/1	0	0	inf
SRX155761	TFs and others	HSF1	Breast	BT-20	348	16/2624	0/1	0	0	inf
SRX155763	TFs and others	HSF1	Breast	BPE	457	7/2624	0/1	0	0	inf
SRX155764	TFs and others	HSF1	Breast	HMEC	297	2/2624	0/1	0	0	inf
SRX155766	TFs and others	HSF1	Breast	Breast cancer cells	277	2/2624	0/1	0	0	inf
SRX155767	TFs and others	HSF1	Breast	Breast cancer cells	271	3/2624	0/1	0	0	inf
SRX155769	TFs and others	HSF1	Breast	Breast cancer cells	221	8/2624	0/1	0	0	inf
SRX155770	TFs and others	HSF1	Breast	Breast cancer cells	462	13/2624	0/1	0	0	inf
SRX155772	TFs and others	HSF1	Digestive tract	Colon cancer	283	4/2624	0/1	0	0	inf
SRX155773	TFs and others	HSF1	Digestive tract	Colon cancer	285	6/2624	0/1	0	0	inf
SRX155775	TFs and others	HSF1	Digestive tract	Colon cancer	167	1/2624	0/1	0	0	inf
SRX155776	TFs and others	HSF1	Digestive tract	Colon cancer	93	1/2624	0/1	0	0	inf
SRX1560784	TFs and others	BRD4	Gonad	OVCAR-3	144	1/2624	0/1	0	0	inf
SRX1560785	TFs and others	BRD4	Gonad	OVCAR-3	165	1/2624	0/1	0	0	inf
SRX156110	TFs and others	DNMT1	Pluripotent stem cell	NCCIT	124	1/2624	0/1	0	0	inf
SRX156111	TFs and others	DNMT3A	Pluripotent stem cell	NCCIT	164	1/2624	0/1	0	0	inf
SRX156112	TFs and others	DNMT3B	Pluripotent stem cell	NCCIT	350	1/2624	0/1	0	0	inf
SRX156118	TFs and others	DNMT1	Pluripotent stem cell	NCCIT	112	1/2624	0/1	0	0	inf
SRX156119	TFs and others	DNMT3A	Pluripotent stem cell	NCCIT	268	1/2624	0/1	0	0	inf
SRX156120	TFs and others	DNMT3B	Pluripotent stem cell	NCCIT	287	1/2624	0/1	0	0	inf
SRX1569429	TFs and others	BRD4	Digestive tract	HCT 116	608	36/2624	0/1	0	0	inf
SRX1569430	TFs and others	BRD4	Digestive tract	HCT 116	203	5/2624	0/1	0	0	inf
SRX1569431	TFs and others	TOP1	Digestive tract	HCT 116	148	1/2624	0/1	0	0	inf
SRX1569432	TFs and others	TOP1	Digestive tract	HCT 116	115	1/2624	0/1	0	0	inf
SRX1569438	TFs and others	BRD4	Digestive tract	HCT 116	551	19/2624	0/1	0	0	inf
SRX1569439	TFs and others	BRD4	Digestive tract	HCT 116	148	1/2624	0/1	0	0	inf
SRX1569440	TFs and others	TOP1	Digestive tract	HCT 116	127	1/2624	0/1	0	0	inf
SRX1569441	TFs and others	TOP1	Digestive tract	HCT 116	186	3/2624	0/1	0	0	inf
SRX1569767	TFs and others	AR	Prostate	VCaP	23459	32/2624	0/1	0	0	inf
SRX1569768	TFs and others	AR	Prostate	VCaP	17803	24/2624	0/1	0	0	inf
SRX1569770	TFs and others	POU2F1	Prostate	LNCAP	1086	1/2624	0/1	0	0	inf
SRX1569771	TFs and others	POU2F1	Prostate	LNCAP	1308	3/2624	0/1	0	0	inf
SRX1569772	TFs and others	POU2F1	Prostate	LNCAP	1124	2/2624	0/1	0	0	inf
SRX1569774	TFs and others	FOXA1	Prostate	VCaP	5224	38/2624	0/1	0	0	inf
SRX1569775	TFs and others	FOXA1	Prostate	VCaP	5755	28/2624	0/1	0	0	inf
SRX1569776	TFs and others	POU2F1	Prostate	VCaP	954	3/2624	0/1	0	0	inf
SRX1569777	TFs and others	POU2F1	Prostate	VCaP	1183	5/2624	0/1	0	0	inf
SRX1569778	TFs and others	POU2F1	Prostate	VCaP	886	2/2624	0/1	0	0	inf
SRX1569780	TFs and others	FOXA1	Prostate	LNCAP	12741	48/2624	0/1	0	0	inf
SRX1569781	TFs and others	AR	Prostate	LNCAP	3629	3/2624	0/1	0	0	inf
SRX1569782	TFs and others	AR	Prostate	LNCAP	672	2/2624	0/1	0	0	inf
SRX1569783	TFs and others	POU2F1	Prostate	LNCAP	329	1/2624	0/1	0	0	inf
SRX1569784	TFs and others	POU2F1	Prostate	LNCAP	289	1/2624	0/1	0	0	inf
SRX1569785	TFs and others	POU2F1	Prostate	LNCAP	288	1/2624	0/1	0	0	inf
SRX1571793	TFs and others	GFP	Uterus	HeLa	571	1/2624	0/1	0	0	inf
SRX1571794	TFs and others	GFP	Uterus	HeLa	543	1/2624	0/1	0	0	inf
SRX1571795	TFs and others	GFP	Uterus	HeLa	469	1/2624	0/1	0	0	inf
SRX1571796	TFs and others	GFP	Uterus	HeLa	584	1/2624	0/1	0	0	inf
SRX1571797	TFs and others	GFP	Uterus	HeLa	506	1/2624	0/1	0	0	inf
SRX1571798	TFs and others	GFP	Uterus	HeLa	539	1/2624	0/1	0	0	inf
SRX157607	TFs and others	HIF1A	Cardiovascular	HUVEC	441	2/2624	0/1	0	0	inf
SRX157608	TFs and others	HIF1A	Cardiovascular	HUVEC	673	3/2624	0/1	0	0	inf
SRX157662	TFs and others	YY1	Pluripotent stem cell	hESC H1	1092	109/2624	0/1	0	0	inf
SRX157785	TFs and others	FOXK1	Uterus	HeLa	767	1/2624	0/1	0	0	inf
SRX157786	TFs and others	FOXK1	Uterus	HeLa	886	1/2624	0/1	0	0	inf
SRX158105	TFs and others	TCF3	Blood	RPMI 8402	577	1/2624	0/1	0	0	inf
SRX158106	TFs and others	TCF3	Blood	RPMI 8402	6547	15/2624	0/1	0	0	inf
SRX158108	TFs and others	GATA3	Blood	RPMI 8402	2629	4/2624	0/1	0	0	inf
SRX158109	TFs and others	TCF12	Blood	RPMI 8402	2693	9/2624	0/1	0	0	inf
SRX158111	TFs and others	TAL1	Blood	RPMI 8402	11091	28/2624	0/1	0	0	inf
SRX158113	TFs and others	TAL1	Blood	RPMI 8402	5415	12/2624	0/1	0	0	inf
SRX1585242	TFs and others	ESR1	Breast	MCF-7	19054	178/2624	0/1	0	0	inf
SRX1585243	TFs and others	ESR1	Breast	MCF-7	7500	73/2624	0/1	0	0	inf
SRX1585244	TFs and others	ESR1	Breast	LTED cells	6327	61/2624	0/1	0	0	inf
SRX1585245	TFs and others	ESR1	Breast	LTED cells	713	10/2624	0/1	0	0	inf
SRX1585812	TFs and others	ISL1	Liver	HuH-7	754	1/2624	0/1	0	0	inf
SRX159089	TFs and others	FOXA1	Liver	HuH-7	3315	17/2624	0/1	0	0	inf
SRX159090	TFs and others	FOXA1	Liver	HuH-7	3176	17/2624	0/1	0	0	inf
SRX159091	TFs and others	FOXA1	Liver	HuH-7	1832	15/2624	0/1	0	0	inf
SRX159092	TFs and others	FOXA1	Liver	HuH-7	350	1/2624	0/1	0	0	inf
SRX159093	TFs and others	FOXA1	Liver	HuH-7	305	1/2624	0/1	0	0	inf
SRX159094	TFs and others	FOXA1	Liver	HuH-7	211	1/2624	0/1	0	0	inf
SRX159127	TFs and others	ZNF143	Uterus	HeLa	2744	426/2624	0/1	0	0	inf
SRX159128	TFs and others	ZNF143	Uterus	HeLa	1561	280/2624	0/1	0	0	inf
SRX159129	TFs and others	ZNF143	Blood	K-562	2473	370/2624	0/1	0	0	inf
SRX159130	TFs and others	ZNF143	Kidney	293	1767	278/2624	0/1	0	0	inf
SRX159131	TFs and others	ZNF143	Blood	HPB-ALL	1837	321/2624	0/1	0	0	inf
SRX159132	TFs and others	Epitope tags	Kidney	293	1215	144/2624	0/1	0	0	inf
SRX159133	TFs and others	Epitope tags	Kidney	293	3033	361/2624	0/1	0	0	inf
SRX159134	TFs and others	ZNF76	Kidney	293	2748	301/2624	0/1	0	0	inf
SRX159186	TFs and others	NCOA1	Digestive tract	LS-180	163	1/2624	0/1	0	0	inf
SRX159187	TFs and others	NCOA1	Digestive tract	LS-180	148	1/2624	0/1	0	0	inf
SRX159188	TFs and others	CREBBP	Digestive tract	LS-180	289	3/2624	0/1	0	0	inf
SRX159189	TFs and others	CREBBP	Digestive tract	LS-180	369	1/2624	0/1	0	0	inf
SRX159190	TFs and others	MED1	Digestive tract	LS-180	222	10/2624	0/1	0	0	inf
SRX159191	TFs and others	MED1	Digestive tract	LS-180	217	6/2624	0/1	0	0	inf
SRX159192	TFs and others	NCOR1	Digestive tract	LS-180	375	2/2624	0/1	0	0	inf
SRX159193	TFs and others	NCOR1	Digestive tract	LS-180	338	3/2624	0/1	0	0	inf
SRX159194	TFs and others	NCOR2	Digestive tract	LS-180	222	1/2624	0/1	0	0	inf
SRX159195	TFs and others	NCOR2	Digestive tract	LS-180	290	1/2624	0/1	0	0	inf
SRX1592802	TFs and others	ATRX	Neural	LAN-6	879	1/2624	0/1	0	0	inf
SRX1594205	TFs and others	CTCF	Breast	MCF-7	36064	821/2624	0/1	0	0	inf
SRX1594206	TFs and others	CTCF	Breast	MCF-7	27693	629/2624	0/1	0	0	inf
SRX1594207	TFs and others	CTCF	Breast	MCF-7	33207	676/2624	0/1	0	0	inf
SRX1594208	TFs and others	CTCF	Breast	MCF-7	34727	703/2624	0/1	0	0	inf
SRX1596304	TFs and others	Epitope tags	Muscle	LHCN-M2	631	1/2624	0/1	0	0	inf
SRX1597599	TFs and others	STAT3	Others	FaDu	5221	250/2624	0/1	0	0	inf
SRX1597600	TFs and others	STAT3	Others	FaDu	958	125/2624	0/1	0	0	inf
SRX1597601	TFs and others	STAT1	Others	FaDu	3192	98/2624	0/1	0	0	inf
SRX1597602	TFs and others	STAT1	Others	FaDu	4020	100/2624	0/1	0	0	inf
SRX1603678	TFs and others	TP63	Epidermis	Differentiated keratinocytes	641	4/2624	0/1	0	0	inf
SRX160731	TFs and others	EZH2	Prostate	LNCAP	1106	34/2624	0/1	0	0	inf
SRX160733	TFs and others	SUZ12	Prostate	LNCAP	364	8/2624	0/1	0	0	inf
SRX160734	TFs and others	AR	Prostate	LNCAP	1277	3/2624	0/1	0	0	inf
SRX160739	TFs and others	EZH2	Prostate	LNCAP	167	1/2624	0/1	0	0	inf
SRX160741	TFs and others	SUZ12	Prostate	LNCAP	423	1/2624	0/1	0	0	inf
SRX160744	TFs and others	MTA2	Digestive tract	HCT 116	384	1/2624	0/1	0	0	inf
SRX160745	TFs and others	EZH2	Digestive tract	HCT 116	383	1/2624	0/1	0	0	inf
SRX160843	TFs and others	GATA1	Blood	CD34+	7379	229/2624	0/1	0	0	inf
SRX160844	TFs and others	GATA1	Blood	CD34+	80727	1235/2624	0/1	0	0	inf
SRX160847	TFs and others	IRF2	Blood	CD34+	2354	45/2624	0/1	0	0	inf
SRX1614802	TFs and others	ZNF366	Blood	Dendritic Cells	100	2/2624	0/1	0	0	inf
SRX1614803	TFs and others	ZNF366	Blood	Dendritic Cells	533	13/2624	0/1	0	0	inf
SRX1614804	TFs and others	ZNF366	Blood	Dendritic Cells	578	10/2624	0/1	0	0	inf
SRX1614805	TFs and others	ZNF366	Blood	Dendritic Cells	4003	56/2624	0/1	0	0	inf
SRX1614806	TFs and others	ZNF366	Blood	Dendritic Cells	765	17/2624	0/1	0	0	inf
SRX1614807	TFs and others	ZNF366	Blood	Dendritic Cells	4451	56/2624	0/1	0	0	inf
SRX1614808	TFs and others	ZNF366	Blood	Dendritic Cells	8622	103/2624	0/1	0	0	inf
SRX1614809	TFs and others	ZNF366	Blood	Dendritic Cells	177	2/2624	0/1	0	0	inf
SRX1614810	TFs and others	ZNF366	Blood	Dendritic Cells	5682	39/2624	0/1	0	0	inf
SRX1614811	TFs and others	ZNF366	Blood	Dendritic Cells	3214	96/2624	0/1	0	0	inf
SRX1616409	TFs and others	MYCN	Neural	IMR-5	1310	77/2624	0/1	0	0	inf
SRX1616410	TFs and others	MYCN	Neural	IMR-5	1276	73/2624	0/1	0	0	inf
SRX1616411	TFs and others	GTF3C5	Neural	IMR-5	1017	15/2624	0/1	0	0	inf
SRX1616412	TFs and others	GTF3C5	Neural	IMR-5	2663	45/2624	0/1	0	0	inf
SRX1629233	TFs and others	AR	Prostate	VCaP	348	1/2624	0/1	0	0	inf
SRX1629234	TFs and others	AR	Prostate	VCaP	3973	5/2624	0/1	0	0	inf
SRX1629235	TFs and others	AR	Prostate	VCaP	2938	3/2624	0/1	0	0	inf
SRX1629236	TFs and others	AR	Prostate	VCaP	1422	2/2624	0/1	0	0	inf
SRX1629237	TFs and others	AR	Prostate	VCaP	492	1/2624	0/1	0	0	inf
SRX1629238	TFs and others	AR	Prostate	VCaP	5525	7/2624	0/1	0	0	inf
SRX1629239	TFs and others	AR	Prostate	VCaP	10933	12/2624	0/1	0	0	inf
SRX1629240	TFs and others	AR	Prostate	VCaP	1969	4/2624	0/1	0	0	inf
SRX1629241	TFs and others	AR	Prostate	VCaP	6596	9/2624	0/1	0	0	inf
SRX1629242	TFs and others	AR	Prostate	VCaP	2078	5/2624	0/1	0	0	inf
SRX1629243	TFs and others	AR	Prostate	VCaP	5820	6/2624	0/1	0	0	inf
SRX1629244	TFs and others	AR	Prostate	VCaP	7707	8/2624	0/1	0	0	inf
SRX1629245	TFs and others	AR	Prostate	VCaP	8613	9/2624	0/1	0	0	inf
SRX1629246	TFs and others	AR	Prostate	VCaP	2952	7/2624	0/1	0	0	inf
SRX1629247	TFs and others	AR	Prostate	VCaP	1533	4/2624	0/1	0	0	inf
SRX1629248	TFs and others	AR	Prostate	VCaP	6157	7/2624	0/1	0	0	inf
SRX1629249	TFs and others	AR	Prostate	VCaP	1215	2/2624	0/1	0	0	inf
SRX1629250	TFs and others	AR	Prostate	VCaP	2957	3/2624	0/1	0	0	inf
SRX1629251	TFs and others	ERG	Prostate	VCaP	1164	18/2624	0/1	0	0	inf
SRX1629252	TFs and others	ERG	Prostate	VCaP	994	6/2624	0/1	0	0	inf
SRX1629253	TFs and others	ERG	Prostate	VCaP	828	47/2624	0/1	0	0	inf
SRX1629254	TFs and others	ERG	Prostate	VCaP	1589	175/2624	0/1	0	0	inf
SRX1629255	TFs and others	ERG	Prostate	VCaP	3039	447/2624	0/1	0	0	inf
SRX1629256	TFs and others	ERG	Prostate	VCaP	2818	199/2624	0/1	0	0	inf
SRX1629257	TFs and others	ERG	Prostate	VCaP	930	6/2624	0/1	0	0	inf
SRX1629258	TFs and others	ERG	Prostate	VCaP	865	3/2624	0/1	0	0	inf
SRX1629831	TFs and others	OVOL2	Others	Epithelium, Corneal	397	1/2624	0/1	0	0	inf
SRX1637466	TFs and others	BRD4	Blood	MOLT-4	1414	7/2624	0/1	0	0	inf
SRX1637467	TFs and others	CDK9	Blood	MOLT-4	22025	1096/2624	0/1	0	0	inf
SRX1637469	TFs and others	CDK9	Blood	MOLT-4	22115	1103/2624	0/1	0	0	inf
SRX1637470	TFs and others	CDK9	Blood	MOLT-4	12417	458/2624	0/1	0	0	inf
SRX1640090	TFs and others	AR	Prostate	LNCAP	3933	3/2624	0/1	0	0	inf
SRX1640091	TFs and others	AR	Prostate	LNCAP	3356	2/2624	0/1	0	0	inf
SRX1642494	TFs and others	BRD9	Blood	NOMO-1	846	4/2624	0/1	0	0	inf
SRX1642495	TFs and others	BRD9	Blood	NOMO-1	1663	9/2624	0/1	0	0	inf
SRX1650254	TFs and others	NR3C1	Lung	A549	5081	41/2624	0/1	0	0	inf
SRX1650255	TFs and others	NR3C1	Lung	A549	255	5/2624	0/1	0	0	inf
SRX1650256	TFs and others	NR3C1	Lung	A549	923	12/2624	0/1	0	0	inf
SRX1650398	TFs and others	NR3C1	Lung	A549	375	3/2624	0/1	0	0	inf
SRX1650399	TFs and others	NR3C1	Lung	A549	314	1/2624	0/1	0	0	inf
SRX1650400	TFs and others	NR3C1	Lung	A549	7179	69/2624	0/1	0	0	inf
SRX1650401	TFs and others	NR3C1	Lung	A549	5011	60/2624	0/1	0	0	inf
SRX1652870	TFs and others	POU2F2	Blood	HBL-1	1320	68/2624	0/1	0	0	inf
SRX1652871	TFs and others	POU2F2	Blood	HBL-1	614	8/2624	0/1	0	0	inf
SRX1652872	TFs and others	POU2AF1	Blood	HBL-1	520	12/2624	0/1	0	0	inf
SRX1652873	TFs and others	POU2AF1	Blood	HBL-1	497	3/2624	0/1	0	0	inf
SRX1652876	TFs and others	POU2F2	Blood	BJAB	1176	19/2624	0/1	0	0	inf
SRX1652877	TFs and others	POU2F2	Blood	BJAB	1667	42/2624	0/1	0	0	inf
SRX1653203	TFs and others	NR4A1	Blood	Kasumi-1	10301	111/2624	0/1	0	0	inf
SRX1653204	TFs and others	NR4A1	Blood	Kasumi-1	12460	245/2624	0/1	0	0	inf
SRX1658067	TFs and others	BRD4	Lung	IMR-90	2782	143/2624	0/1	0	0	inf
SRX1658068	TFs and others	BRD4	Lung	IMR-90	9067	538/2624	0/1	0	0	inf
SRX1658069	TFs and others	BRD4	Lung	IMR-90	1099	7/2624	0/1	0	0	inf
SRX1660876	TFs and others	TRIM25	Breast	Breast cancer cells	737	26/2624	0/1	0	0	inf
SRX1660877	TFs and others	TRIM25	Breast	Breast cancer cells	1309	108/2624	0/1	0	0	inf
SRX1668619	TFs and others	FOXM1	Pluripotent stem cell	hESC VAL-3	644	108/2624	0/1	0	0	inf
SRX1669918	TFs and others	FXR1	Prostate	NCI-H358	223	4/2624	0/1	0	0	inf
SRX1670478	TFs and others	RBPJ	Others	Tumor	433	2/2624	0/1	0	0	inf
SRX1670479	TFs and others	RBPJ	Others	Tumor	385	1/2624	0/1	0	0	inf
SRX1672123	TFs and others	NR3C1	Lung	BEAS-2B	17392	396/2624	0/1	0	0	inf
SRX1672124	TFs and others	NR3C1	Lung	BEAS-2B	18400	467/2624	0/1	0	0	inf
SRX1672127	TFs and others	NR3C1	Lung	BEAS-2B	12673	267/2624	0/1	0	0	inf
SRX1672128	TFs and others	NR3C1	Lung	BEAS-2B	16533	502/2624	0/1	0	0	inf
SRX1672129	TFs and others	RELA	Lung	BEAS-2B	1410	17/2624	0/1	0	0	inf
SRX1672130	TFs and others	RELA	Lung	BEAS-2B	1922	35/2624	0/1	0	0	inf
SRX1672133	TFs and others	RELA	Lung	BEAS-2B	2606	52/2624	0/1	0	0	inf
SRX1672136	TFs and others	NR3C1	Lung	BEAS-2B	11867	542/2624	0/1	0	0	inf
SRX1672137	TFs and others	NR3C1	Lung	BEAS-2B	7586	271/2624	0/1	0	0	inf
SRX1672138	TFs and others	RELA	Lung	BEAS-2B	204	1/2624	0/1	0	0	inf
SRX1672139	TFs and others	RELA	Lung	BEAS-2B	235	3/2624	0/1	0	0	inf
SRX1674501	TFs and others	GFP	Uterus	HeLa	2788	300/2624	0/1	0	0	inf
SRX1674502	TFs and others	ZMYND8	Uterus	HeLa	279	1/2624	0/1	0	0	inf
SRX1674503	TFs and others	ZMYND8	Uterus	HeLa	417	9/2624	0/1	0	0	inf
SRX1674504	TFs and others	ZMYND8	Uterus	HeLa	531	2/2624	0/1	0	0	inf
SRX1674505	TFs and others	MBD3	Uterus	HeLa	453	1/2624	0/1	0	0	inf
SRX1674506	TFs and others	MBD3	Uterus	HeLa	35004	735/2624	0/1	0	0	inf
SRX1674507	TFs and others	MBD3	Uterus	HeLa	480	1/2624	0/1	0	0	inf
SRX1674508	TFs and others	GFP	Uterus	HeLa	109	2/2624	0/1	0	0	inf
SRX1674509	TFs and others	GATAD2A	Uterus	HeLa	2335	3/2624	0/1	0	0	inf
SRX1674510	TFs and others	GATAD2B	Uterus	HeLa	2753	173/2624	0/1	0	0	inf
SRX1678204	TFs and others	PAX8	Uterus	FT33	178	1/2624	0/1	0	0	inf
SRX1678206	TFs and others	PAX8	Uterus	FT194	236	1/2624	0/1	0	0	inf
SRX1678208	TFs and others	PAX8	Uterus	FT194	170	1/2624	0/1	0	0	inf
SRX1678210	TFs and others	PAX8	Gonad	KURAMOCHI	192	1/2624	0/1	0	0	inf
SRX1678212	TFs and others	PAX8	Gonad	OVSAHO	177	1/2624	0/1	0	0	inf
SRX1678214	TFs and others	PAX8	Gonad	JHOS-4	188	1/2624	0/1	0	0	inf
SRX1690201	TFs and others	BRD4	Neural	BE(2)-C	5348	292/2624	0/1	0	0	inf
SRX1690207	TFs and others	TWIST1	Neural	BE(2)-C	13317	235/2624	0/1	0	0	inf
SRX1690210	TFs and others	MYCN	Neural	KELLY	4670	239/2624	0/1	0	0	inf
SRX1690213	TFs and others	MYCN	Neural	NGP	4286	245/2624	0/1	0	0	inf
SRX1690216	TFs and others	MYCN	Neural	Neuroblastoma	10672	852/2624	0/1	0	0	inf
SRX1690217	TFs and others	TWIST1	Neural	Neuroblastoma	8298	84/2624	0/1	0	0	inf
SRX1690218	TFs and others	TWIST1	Neural	Neuroblastoma	810	3/2624	0/1	0	0	inf
SRX1690222	TFs and others	MYCN	Neural	Neuroblastoma	1769	106/2624	0/1	0	0	inf
SRX1690226	TFs and others	MYCN	Neural	Neuroblastoma	11830	1309/2624	0/1	0	0	inf
SRX1690227	TFs and others	TWIST1	Neural	Neuroblastoma	4423	35/2624	0/1	0	0	inf
SRX1690255	TFs and others	MYCN	Neural	Neuroblastoma	914	27/2624	0/1	0	0	inf
SRX1690259	TFs and others	MYCN	Neural	Neuroblastoma	112	2/2624	0/1	0	0	inf
SRX1690263	TFs and others	MYCN	Neural	Neuroblastoma	862	34/2624	0/1	0	0	inf
SRX1702478	TFs and others	AR	Prostate	LNCAP	3976	13/2624	0/1	0	0	inf
SRX1702479	TFs and others	AR	Prostate	LNCAP	607	1/2624	0/1	0	0	inf
SRX1702480	TFs and others	AR	Prostate	LNCAP	404	1/2624	0/1	0	0	inf
SRX170345	TFs and others	SMARCA4	Blood	CD4+	227	8/2624	0/1	0	0	inf
SRX170346	TFs and others	SMARCA4	Blood	Hematopoietic Stem Cells	1212	92/2624	0/1	0	0	inf
SRX170348	TFs and others	SMARCA4	Blood	CD36+	646	30/2624	0/1	0	0	inf
SRX170349	TFs and others	EP300	Blood	CD36+	2689	9/2624	0/1	0	0	inf
SRX170356	TFs and others	SMARCA4	Blood	B cells	1180	82/2624	0/1	0	0	inf
SRX1703571	TFs and others	GRHL2	Prostate	LNCAP	3820	25/2624	0/1	0	0	inf
SRX1703572	TFs and others	GRHL2	Prostate	LNCAP	4734	41/2624	0/1	0	0	inf
SRX1703573	TFs and others	AR	Prostate	LNCAP	1780	1/2624	0/1	0	0	inf
SRX1703574	TFs and others	AR	Prostate	LNCAP	1916	1/2624	0/1	0	0	inf
SRX170373	TFs and others	BRD2	Kidney	293	4177	37/2624	0/1	0	0	inf
SRX170374	TFs and others	BRD3	Kidney	293	76	1/2624	0/1	0	0	inf
SRX170375	TFs and others	BRD4	Kidney	293	65	1/2624	0/1	0	0	inf
SRX170376	TFs and others	CBX5	Kidney	293	100	1/2624	0/1	0	0	inf
SRX170377	TFs and others	CBX1	Kidney	293	166	1/2624	0/1	0	0	inf
SRX1707570	TFs and others	TCF7L1	Pluripotent stem cell	hESC H9	107	1/2624	0/1	0	0	inf
SRX1707571	TFs and others	TCF7L1	Pluripotent stem cell	hESC H9	205	1/2624	0/1	0	0	inf
SRX1707572	TFs and others	TCF7L1	Pluripotent stem cell	hESC H9	183	1/2624	0/1	0	0	inf
SRX1709953	TFs and others	ESR1	Breast	T-47D	10	1/2624	0/1	0	0	inf
SRX1709955	TFs and others	ESR1	Breast	T-47D	11	1/2624	0/1	0	0	inf
SRX1709959	TFs and others	ESR1	Breast	T-47D	13	1/2624	0/1	0	0	inf
SRX1709963	TFs and others	ESR1	Breast	T-47D	19	1/2624	0/1	0	0	inf
SRX1709971	TFs and others	PGR	Breast	T-47D	338	1/2624	0/1	0	0	inf
SRX1709972	TFs and others	ESR1	Breast	T-47D	360	1/2624	0/1	0	0	inf
SRX1709973	TFs and others	PGR	Breast	T-47D	279	1/2624	0/1	0	0	inf
SRX1709974	TFs and others	ESR1	Breast	T-47D	217	1/2624	0/1	0	0	inf
SRX1709975	TFs and others	PGR	Breast	T-47D	552	5/2624	0/1	0	0	inf
SRX1709976	TFs and others	ESR1	Breast	T-47D	205	1/2624	0/1	0	0	inf
SRX1709977	TFs and others	PGR	Breast	T-47D	3155	28/2624	0/1	0	0	inf
SRX1709978	TFs and others	ESR1	Breast	T-47D	355	1/2624	0/1	0	0	inf
SRX1709983	TFs and others	PGR	Breast	T-47D	439	1/2624	0/1	0	0	inf
SRX1709984	TFs and others	ESR1	Breast	T-47D	528	42/2624	0/1	0	0	inf
SRX1709985	TFs and others	PGR	Breast	T-47D	383	1/2624	0/1	0	0	inf
SRX1709986	TFs and others	ESR1	Breast	T-47D	1174	54/2624	0/1	0	0	inf
SRX1709987	TFs and others	PGR	Breast	T-47D	757	4/2624	0/1	0	0	inf
SRX1709988	TFs and others	ESR1	Breast	T-47D	383	3/2624	0/1	0	0	inf
SRX1709989	TFs and others	PGR	Breast	T-47D	545	3/2624	0/1	0	0	inf
SRX1709990	TFs and others	ESR1	Breast	T-47D	1433	52/2624	0/1	0	0	inf
SRX1711344	TFs and others	INTS12	Lung	Bronchial epithelial cells	3855	509/2624	0/1	0	0	inf
SRX1711633	TFs and others	Epitope tags	Uterus	HeLa	2030	2/2624	0/1	0	0	inf
SRX1711634	TFs and others	Epitope tags	Uterus	HeLa	1342	3/2624	0/1	0	0	inf
SRX1721484	TFs and others	ETV1	Digestive tract	GIST-T1	11646	444/2624	0/1	0	0	inf
SRX1721486	TFs and others	ETV1	Digestive tract	GIST-T1	836	65/2624	0/1	0	0	inf
SRX1721488	TFs and others	ETV1	Epidermis	A-375	8343	222/2624	0/1	0	0	inf
SRX1721490	TFs and others	ETV1	Epidermis	COLO 800	11880	345/2624	0/1	0	0	inf
SRX1721564	TFs and others	KDM5A	Breast	T-47D	2716	263/2624	0/1	0	0	inf
SRX1721565	TFs and others	KDM5A	Breast	T-47D	3486	410/2624	0/1	0	0	inf
SRX1722156	TFs and others	MYC	Bone	U2OS	13061	1198/2624	0/1	0	0	inf
SRX1722157	TFs and others	MYC	Bone	U2OS	228	5/2624	0/1	0	0	inf
SRX1726517	TFs and others	TFDP1	Blood	U-266	2974	544/2624	0/1	0	0	inf
SRX1726518	TFs and others	E2F1	Blood	U-266	1534	270/2624	0/1	0	0	inf
SRX1728403	TFs and others	TP53	Breast	MCF 10A	458	1/2624	0/1	0	0	inf
SRX173191	TFs and others	AR	Prostate	LNCAP	575	3/2624	0/1	0	0	inf
SRX173192	TFs and others	AR	Prostate	LNCAP	480	3/2624	0/1	0	0	inf
SRX173193	TFs and others	AR	Prostate	LNCAP	160	1/2624	0/1	0	0	inf
SRX173194	TFs and others	AR	Prostate	LNCAP	144	1/2624	0/1	0	0	inf
SRX173195	TFs and others	AR	Prostate	LNCAP	129	1/2624	0/1	0	0	inf
SRX173196	TFs and others	AR	Prostate	LNCAP	110	1/2624	0/1	0	0	inf
SRX173199	TFs and others	NR3C1	Prostate	LNCAP	5916	7/2624	0/1	0	0	inf
SRX173201	TFs and others	AR	Prostate	VCaP	30499	27/2624	0/1	0	0	inf
SRX173202	TFs and others	AR	Prostate	VCaP	62341	75/2624	0/1	0	0	inf
SRX173204	TFs and others	NR3C1	Prostate	VCaP	4353	37/2624	0/1	0	0	inf
SRX173206	TFs and others	AR	Prostate	LNCAP	3853	5/2624	0/1	0	0	inf
SRX173207	TFs and others	AR	Prostate	LNCAP	6411	8/2624	0/1	0	0	inf
SRX173208	TFs and others	NR3C1	Prostate	LNCAP	7856	14/2624	0/1	0	0	inf
SRX173209	TFs and others	NR3C1	Prostate	LNCAP	11311	18/2624	0/1	0	0	inf
SRX1733648	TFs and others	ATF2	Blood	Macrophages	3840	647/2624	0/1	0	0	inf
SRX1733712	TFs and others	ESR1	Breast	MCF-7	510	10/2624	0/1	0	0	inf
SRX1733713	TFs and others	ESR1	Breast	MCF-7	2567	79/2624	0/1	0	0	inf
SRX1733714	TFs and others	ESR1	Breast	MCF-7	433	2/2624	0/1	0	0	inf
SRX1733715	TFs and others	ESR1	Breast	MCF-7	1556	71/2624	0/1	0	0	inf
SRX1734381	TFs and others	FOXA1	Prostate	22Rv1	5918	52/2624	0/1	0	0	inf
SRX1734382	TFs and others	FOXA1	Prostate	22Rv1	11136	74/2624	0/1	0	0	inf
SRX1735651	TFs and others	FOXO1	Blood	Pre-leukemia stem cells	18888	881/2624	0/1	0	0	inf
SRX1735799	TFs and others	CDK9	Blood	MOLM-13	398	2/2624	0/1	0	0	inf
SRX1735800	TFs and others	CDK9	Blood	MOLM-13	369	1/2624	0/1	0	0	inf
SRX1735801	TFs and others	Epitope tags	Blood	MOLM-13	423	2/2624	0/1	0	0	inf
SRX1735802	TFs and others	Epitope tags	Blood	MOLM-13	444	2/2624	0/1	0	0	inf
SRX1735803	TFs and others	Epitope tags	Blood	MOLM-13	457	1/2624	0/1	0	0	inf
SRX1738253	TFs and others	MCM3	Unclassified	Unclassified	1054	5/2624	0/1	0	0	inf
SRX1738254	TFs and others	GFP	Unclassified	Unclassified	6073	147/2624	0/1	0	0	inf
SRX1738255	TFs and others	GFP	Unclassified	Unclassified	751	1/2624	0/1	0	0	inf
SRX1738256	TFs and others	GFP	Unclassified	Unclassified	625	1/2624	0/1	0	0	inf
SRX1738257	TFs and others	GFP	Unclassified	Unclassified	917	1/2624	0/1	0	0	inf
SRX1738258	TFs and others	GFP	Unclassified	Unclassified	787	1/2624	0/1	0	0	inf
SRX1738529	TFs and others	CTCF	Blood	Hematopoietic Stem Cells	12849	411/2624	0/1	0	0	inf
SRX1738530	TFs and others	STAG1	Blood	Hematopoietic Stem Cells	7191	274/2624	0/1	0	0	inf
SRX1738531	TFs and others	CTCF	Blood	Erythroid Cells	28048	589/2624	0/1	0	0	inf
SRX1738532	TFs and others	STAG1	Blood	Erythroid Cells	3831	116/2624	0/1	0	0	inf
SRX1744213	TFs and others	PGBD5	Kidney	Rhabdoid Tumor	236	2/2624	0/1	0	0	inf
SRX1744956	TFs and others	CTCF	Blood	THP-1	21060	361/2624	0/1	0	0	inf
SRX1744957	TFs and others	CTCF	Blood	THP-1	19836	356/2624	0/1	0	0	inf
SRX1744958	TFs and others	CTCF	Blood	THP-1	17106	310/2624	0/1	0	0	inf
SRX1744959	TFs and others	CTCF	Blood	THP-1	24092	368/2624	0/1	0	0	inf
SRX1744960	TFs and others	CTCF	Blood	THP-1	14620	318/2624	0/1	0	0	inf
SRX1744961	TFs and others	CTCF	Blood	THP-1	25811	409/2624	0/1	0	0	inf
SRX1745724	TFs and others	ESR1	Uterus	Endometrial Stromal Tumors	404	1/2624	0/1	0	0	inf
SRX1745725	TFs and others	FOXA1	Uterus	Endometrial Stromal Tumors	391	1/2624	0/1	0	0	inf
SRX1745728	TFs and others	ESR1	Uterus	Endometrial Stromal Tumors	1509	22/2624	0/1	0	0	inf
SRX1745729	TFs and others	FOXA1	Uterus	Endometrial Stromal Tumors	436	1/2624	0/1	0	0	inf
SRX1745732	TFs and others	ESR1	Uterus	Endometrial Stromal Tumors	1938	13/2624	0/1	0	0	inf
SRX1745733	TFs and others	FOXA1	Uterus	Endometrial Stromal Tumors	491	1/2624	0/1	0	0	inf
SRX1745736	TFs and others	ESR1	Uterus	Endometrial Stromal Tumors	2294	67/2624	0/1	0	0	inf
SRX1745738	TFs and others	ESR1	Uterus	Endometrial Stromal Tumors	5213	171/2624	0/1	0	0	inf
SRX1745739	TFs and others	FOXA1	Uterus	Endometrial Stromal Tumors	812	22/2624	0/1	0	0	inf
SRX1745742	TFs and others	ESR1	Uterus	Endometrial Stromal Tumors	484	1/2624	0/1	0	0	inf
SRX1745743	TFs and others	FOXA1	Uterus	Endometrial Stromal Tumors	585	1/2624	0/1	0	0	inf
SRX174813	TFs and others	NKX2-1	Lung	NCI-H3122	244	5/2624	0/1	0	0	inf
SRX174815	TFs and others	NKX2-1	Lung	HCC1819	2593	49/2624	0/1	0	0	inf
SRX174817	TFs and others	NKX2-1	Lung	NCI-H2087	1906	100/2624	0/1	0	0	inf
SRX174819	TFs and others	NKX2-1	Lung	NCI-H3122	19770	813/2624	0/1	0	0	inf
SRX174820	TFs and others	FOXA1	Lung	NCI-H3122	18499	230/2624	0/1	0	0	inf
SRX1756592	TFs and others	AML1-ETO	Blood	Kasumi-1	356	1/2624	0/1	0	0	inf
SRX1756593	TFs and others	AML1-ETO	Blood	Kasumi-1	3157	74/2624	0/1	0	0	inf
SRX1757994	TFs and others	FOXR2	Breast	MDA-MB-468	298	1/2624	0/1	0	0	inf
SRX1757995	TFs and others	FOXR2	Breast	MDA-MB-468	202	1/2624	0/1	0	0	inf
SRX1757996	TFs and others	MAX	Breast	MDA-MB-468	659	50/2624	0/1	0	0	inf
SRX1757997	TFs and others	MAX	Breast	MDA-MB-468	327	18/2624	0/1	0	0	inf
SRX1757998	TFs and others	MYC	Breast	MDA-MB-468	237	1/2624	0/1	0	0	inf
SRX1757999	TFs and others	MYC	Breast	MDA-MB-468	206	1/2624	0/1	0	0	inf
SRX1758479	TFs and others	NELFE	Breast	MCF-7	4580	988/2624	0/1	0	0	inf
SRX1758480	TFs and others	NELFE	Breast	MCF-7	2270	409/2624	0/1	0	0	inf
SRX1758481	TFs and others	NELFE	Breast	MCF-7	4117	850/2624	0/1	0	0	inf
SRX1758482	TFs and others	NELFE	Breast	MCF-7	488	33/2624	0/1	0	0	inf
SRX1758487	TFs and others	Epitope tags	Breast	MCF-7	267	2/2624	0/1	0	0	inf
SRX1758488	TFs and others	Epitope tags	Breast	MCF-7	520	4/2624	0/1	0	0	inf
SRX1758493	TFs and others	NELFE	Breast	MCF-7	6276	1049/2624	0/1	0	0	inf
SRX1758494	TFs and others	NELFE	Breast	MCF-7	5493	936/2624	0/1	0	0	inf
SRX1758495	TFs and others	NELFE	Breast	MCF-7	3535	626/2624	0/1	0	0	inf
SRX1758496	TFs and others	NELFE	Breast	MCF-7	5559	985/2624	0/1	0	0	inf
SRX1758505	TFs and others	NELFE	Breast	MCF-7	2536	469/2624	0/1	0	0	inf
SRX1758506	TFs and others	NELFE	Breast	MCF-7	1813	332/2624	0/1	0	0	inf
SRX1758507	TFs and others	NELFE	Breast	MCF-7	2645	428/2624	0/1	0	0	inf
SRX1758508	TFs and others	NELFE	Breast	MCF-7	4365	791/2624	0/1	0	0	inf
SRX1758519	TFs and others	NELFE	Breast	MCF-7	2960	672/2624	0/1	0	0	inf
SRX1758520	TFs and others	NELFE	Breast	MCF-7	4612	895/2624	0/1	0	0	inf
SRX1758521	TFs and others	Epitope tags	Breast	MCF-7	435	11/2624	0/1	0	0	inf
SRX1758522	TFs and others	Epitope tags	Breast	MCF-7	369	3/2624	0/1	0	0	inf
SRX1758523	TFs and others	Epitope tags	Breast	MCF-7	4299	830/2624	0/1	0	0	inf
SRX1758524	TFs and others	Epitope tags	Breast	MCF-7	1587	366/2624	0/1	0	0	inf
SRX1758525	TFs and others	Epitope tags	Breast	MCF-7	1549	168/2624	0/1	0	0	inf
SRX1758526	TFs and others	Epitope tags	Breast	MCF-7	628	28/2624	0/1	0	0	inf
SRX1759184	TFs and others	ATF3	Epidermis	Dermal fibroblast	810	1/2624	0/1	0	0	inf
SRX1759186	TFs and others	ATF3	Epidermis	Dermal fibroblast	2967	60/2624	0/1	0	0	inf
SRX176048	TFs and others	AR	Prostate	C4-2	643	49/2624	0/1	0	0	inf
SRX176049	TFs and others	AR	Prostate	C4-2	1108	30/2624	0/1	0	0	inf
SRX176050	TFs and others	AR	Prostate	C4-2	1153	16/2624	0/1	0	0	inf
SRX176051	TFs and others	AR	Prostate	C4-2	305	12/2624	0/1	0	0	inf
SRX176053	TFs and others	AR	Prostate	C4-2	2748	56/2624	0/1	0	0	inf
SRX176054	TFs and others	AR	Prostate	LNCAP	188	1/2624	0/1	0	0	inf
SRX176055	TFs and others	AR	Prostate	LNCAP	2069	6/2624	0/1	0	0	inf
SRX176056	TFs and others	AR	Prostate	LNCAP	1181	13/2624	0/1	0	0	inf
SRX176057	TFs and others	AR	Prostate	22Rv1	314	1/2624	0/1	0	0	inf
SRX176058	TFs and others	AR	Prostate	22Rv1	306	1/2624	0/1	0	0	inf
SRX176059	TFs and others	FOXA1	Prostate	C4-2	2700	18/2624	0/1	0	0	inf
SRX176060	TFs and others	FOXA1	Prostate	C4-2	7373	40/2624	0/1	0	0	inf
SRX176856	TFs and others	ESR1	Breast	MCF-7	15685	85/2624	0/1	0	0	inf
SRX176857	TFs and others	ESR1	Breast	MCF-7	13831	121/2624	0/1	0	0	inf
SRX176858	TFs and others	ESR1	Breast	MCF-7	16018	111/2624	0/1	0	0	inf
SRX176859	TFs and others	ESR1	Breast	MCF-7	11842	142/2624	0/1	0	0	inf
SRX176860	TFs and others	ESR1	Breast	MCF-7	51784	263/2624	0/1	0	0	inf
SRX176861	TFs and others	ESR1	Breast	MCF-7	48967	297/2624	0/1	0	0	inf
SRX176862	TFs and others	FOXA1	Breast	MCF-7	47791	255/2624	0/1	0	0	inf
SRX176863	TFs and others	FOXA1	Breast	MCF-7	52592	227/2624	0/1	0	0	inf
SRX176864	TFs and others	GATA3	Breast	MCF-7	35095	108/2624	0/1	0	0	inf
SRX176865	TFs and others	GATA3	Breast	MCF-7	1939	8/2624	0/1	0	0	inf
SRX176866	TFs and others	GATA3	Breast	MCF-7	18300	47/2624	0/1	0	0	inf
SRX176867	TFs and others	GATA3	Breast	MCF-7	7801	23/2624	0/1	0	0	inf
SRX176868	TFs and others	GATA3	Breast	MCF-7	578	6/2624	0/1	0	0	inf
SRX176869	TFs and others	GATA3	Breast	MCF-7	1222	5/2624	0/1	0	0	inf
SRX176870	TFs and others	GATA3	Breast	MCF-7	1310	5/2624	0/1	0	0	inf
SRX176871	TFs and others	GATA3	Breast	MCF-7	2601	9/2624	0/1	0	0	inf
SRX176872	TFs and others	GATA3	Breast	MCF-7	309	3/2624	0/1	0	0	inf
SRX176873	TFs and others	GATA3	Breast	MCF-7	433	3/2624	0/1	0	0	inf
SRX176882	TFs and others	EP300	Breast	MCF-7	7978	79/2624	0/1	0	0	inf
SRX176883	TFs and others	EP300	Breast	MCF-7	15255	181/2624	0/1	0	0	inf
SRX176884	TFs and others	EP300	Breast	MCF-7	10253	99/2624	0/1	0	0	inf
SRX176885	TFs and others	EP300	Breast	MCF-7	17325	221/2624	0/1	0	0	inf
SRX176886	TFs and others	ESR1	Breast	ZR-75-1	1083	6/2624	0/1	0	0	inf
SRX176887	TFs and others	ESR1	Breast	ZR-75-1	611	2/2624	0/1	0	0	inf
SRX1772378	TFs and others	DDX11	Lung	A549	717	1/2624	0/1	0	0	inf
SRX1772379	TFs and others	DDX11	Lung	A549	718	1/2624	0/1	0	0	inf
SRX1772381	TFs and others	DDX11	Lung	A549	804	1/2624	0/1	0	0	inf
SRX1772382	TFs and others	DDX11	Lung	A549	650	1/2624	0/1	0	0	inf
SRX1772411	TFs and others	Epitope tags	Breast	MCF-7	382	5/2624	0/1	0	0	inf
SRX1772412	TFs and others	Epitope tags	Breast	MCF-7	451	1/2624	0/1	0	0	inf
SRX1772413	TFs and others	Epitope tags	Breast	MCF-7	468	1/2624	0/1	0	0	inf
SRX1772414	TFs and others	Epitope tags	Breast	MCF-7	414	1/2624	0/1	0	0	inf
SRX1772415	TFs and others	NEDD4	Breast	MCF-7	480	2/2624	0/1	0	0	inf
SRX1772416	TFs and others	NEDD4	Breast	MCF-7	356	1/2624	0/1	0	0	inf
SRX1772417	TFs and others	NEDD4	Breast	MCF-7	695	2/2624	0/1	0	0	inf
SRX1772418	TFs and others	NEDD4	Breast	MCF-7	418	1/2624	0/1	0	0	inf
SRX1772419	TFs and others	NEDD4	Breast	MCF-7	443	1/2624	0/1	0	0	inf
SRX1772420	TFs and others	NEDD4	Breast	MCF-7	525	1/2624	0/1	0	0	inf
SRX1781647	TFs and others	LMNA	Epidermis	Dermal fibroblast	744	1/2624	0/1	0	0	inf
SRX1781649	TFs and others	LMNA	Epidermis	Dermal fibroblast	873	1/2624	0/1	0	0	inf
SRX1781651	TFs and others	LMNA	Epidermis	Dermal fibroblast	944	1/2624	0/1	0	0	inf
SRX1781653	TFs and others	LMNA	Epidermis	Dermal fibroblast	911	1/2624	0/1	0	0	inf
SRX1781655	TFs and others	LMNA	Epidermis	Dermal fibroblast	643	1/2624	0/1	0	0	inf
SRX1781657	TFs and others	LMNA	Epidermis	Dermal fibroblast	177	1/2624	0/1	0	0	inf
SRX1781659	TFs and others	LMNA	Epidermis	Dermal fibroblast	620	1/2624	0/1	0	0	inf
SRX1781661	TFs and others	Epitope tags	Uterus	HeLa	668	1/2624	0/1	0	0	inf
SRX1781662	TFs and others	Epitope tags	Uterus	HeLa	675	1/2624	0/1	0	0	inf
SRX1781663	TFs and others	Epitope tags	Uterus	HeLa	619	1/2624	0/1	0	0	inf
SRX1782978	TFs and others	ZMYND8	Kidney	293	648	13/2624	0/1	0	0	inf
SRX1782979	TFs and others	ZMYND8	Kidney	293	380	12/2624	0/1	0	0	inf
SRX1787651	TFs and others	FOXA1	Breast	MCF-7	20426	144/2624	0/1	0	0	inf
SRX1787652	TFs and others	FOXA1	Breast	MCF-7	20614	168/2624	0/1	0	0	inf
SRX1787653	TFs and others	FOXA1	Breast	MCF-7	24655	245/2624	0/1	0	0	inf
SRX1787654	TFs and others	FOXA1	Breast	MCF-7	15313	120/2624	0/1	0	0	inf
SRX1787655	TFs and others	FOXA1	Breast	MCF-7	21442	125/2624	0/1	0	0	inf
SRX1787656	TFs and others	GRHL2	Breast	MCF-7	22840	249/2624	0/1	0	0	inf
SRX1787657	TFs and others	GRHL2	Breast	MCF-7	22540	251/2624	0/1	0	0	inf
SRX1787658	TFs and others	GRHL2	Breast	MCF-7	24331	171/2624	0/1	0	0	inf
SRX1787675	TFs and others	KMT2C	Breast	MCF-7	16443	689/2624	0/1	0	0	inf
SRX1787676	TFs and others	KMT2C	Breast	MCF-7	7926	112/2624	0/1	0	0	inf
SRX1787677	TFs and others	KMT2C	Breast	MCF-7	5943	86/2624	0/1	0	0	inf
SRX1787678	TFs and others	KMT2C	Breast	MCF-7	2309	26/2624	0/1	0	0	inf
SRX1787679	TFs and others	KMT2C	Breast	MCF-7	7124	86/2624	0/1	0	0	inf
SRX1787680	TFs and others	KMT2C	Breast	MCF-7	7956	158/2624	0/1	0	0	inf
SRX1787681	TFs and others	KMT2C	Breast	MCF-7	3474	45/2624	0/1	0	0	inf
SRX1787682	TFs and others	KMT2C	Breast	MCF-7	4199	54/2624	0/1	0	0	inf
SRX1787683	TFs and others	KMT2C	Breast	MCF-7	5727	66/2624	0/1	0	0	inf
SRX1787684	TFs and others	KMT2C	Breast	MCF-7	5813	75/2624	0/1	0	0	inf
SRX1799015	TFs and others	STAT1	Breast	MCF-7	95	5/2624	0/1	0	0	inf
SRX1799522	TFs and others	TRIM28	Blood	CD4+ T cells	6902	46/2624	0/1	0	0	inf
SRX1799525	TFs and others	TRIM28	Blood	CD4+ T cells	7493	840/2624	0/1	0	0	inf
SRX1799528	TFs and others	TRIM28	Blood	CD4+ T cells	7699	65/2624	0/1	0	0	inf
SRX1801654	TFs and others	CTCF	Digestive tract	COLO 829	37541	497/2624	0/1	0	0	inf
SRX1801655	TFs and others	CTCF	Digestive tract	COLO 829	39788	571/2624	0/1	0	0	inf
SRX180167	TFs and others	PBX1	Breast	MCF-7-LTED	1574	305/2624	0/1	0	0	inf
SRX1803059	TFs and others	RUNX1	Blood	NB-4	21446	1086/2624	0/1	0	0	inf
SRX180379	TFs and others	NKX3-1	Prostate	LNCAP	17982	134/2624	0/1	0	0	inf
SRX180823	TFs and others	E2F7	Lung	IMR-90	325	1/2624	0/1	0	0	inf
SRX180824	TFs and others	E2F7	Lung	IMR-90	1209	41/2624	0/1	0	0	inf
SRX180825	TFs and others	E2F7	Lung	IMR-90	2788	149/2624	0/1	0	0	inf
SRX180826	TFs and others	E2F7	Lung	IMR-90	638	28/2624	0/1	0	0	inf
SRX180827	TFs and others	E2F7	Lung	IMR-90	579	38/2624	0/1	0	0	inf
SRX180887	TFs and others	EBNA1	Blood	RAJI	203	1/2624	0/1	0	0	inf
SRX181189	TFs and others	MYC	Lung	A549	33947	1/2624	0/1	0	0	inf
SRX181190	TFs and others	MYC	Lung	A549	30983	2/2624	0/1	0	0	inf
SRX181192	TFs and others	NME2	Lung	A549	17485	1/2624	0/1	0	0	inf
SRX1813527	TFs and others	MLLT1	Blood	MV-4-11	770	7/2624	0/1	0	0	inf
SRX1813572	TFs and others	POU5F1	Lung	MRC-5	26	1/2624	0/1	0	0	inf
SRX1813573	TFs and others	POU5F1	Lung	MRC-5	25	1/2624	0/1	0	0	inf
SRX1813574	TFs and others	POU5F1	Lung	MRC-5	45	1/2624	0/1	0	0	inf
SRX1813575	TFs and others	POU5F1	Lung	MRC-5	89	1/2624	0/1	0	0	inf
SRX1813576	TFs and others	POU5F1	Lung	MRC-5	50	1/2624	0/1	0	0	inf
SRX1813577	TFs and others	POU5F1	Lung	MRC-5	61	1/2624	0/1	0	0	inf
SRX1813578	TFs and others	POU5F1	Pluripotent stem cell	iPS cells	24	1/2624	0/1	0	0	inf
SRX1813579	TFs and others	POU5F1	Pluripotent stem cell	iPS cells	131	1/2624	0/1	0	0	inf
SRX1813580	TFs and others	SOX2	Lung	MRC-5	13	1/2624	0/1	0	0	inf
SRX1813582	TFs and others	SOX2	Lung	MRC-5	42	1/2624	0/1	0	0	inf
SRX1813583	TFs and others	SOX2	Lung	MRC-5	84	1/2624	0/1	0	0	inf
SRX1813584	TFs and others	SOX2	Lung	MRC-5	31	1/2624	0/1	0	0	inf
SRX1813585	TFs and others	SOX2	Lung	MRC-5	39	1/2624	0/1	0	0	inf
SRX1813586	TFs and others	SOX2	Pluripotent stem cell	iPS cells	22	1/2624	0/1	0	0	inf
SRX1813590	TFs and others	KLF4	Lung	MRC-5	18	1/2624	0/1	0	0	inf
SRX1813591	TFs and others	KLF4	Lung	MRC-5	20	1/2624	0/1	0	0	inf
SRX1813592	TFs and others	KLF4	Lung	MRC-5	30	1/2624	0/1	0	0	inf
SRX1813595	TFs and others	KLF4	Pluripotent stem cell	iPS cells	56	1/2624	0/1	0	0	inf
SRX1813596	TFs and others	MYC	Lung	MRC-5	17	1/2624	0/1	0	0	inf
SRX1813598	TFs and others	MYC	Lung	MRC-5	28	1/2624	0/1	0	0	inf
SRX1813599	TFs and others	MYC	Lung	MRC-5	17	1/2624	0/1	0	0	inf
SRX1813600	TFs and others	MYC	Lung	MRC-5	32	1/2624	0/1	0	0	inf
SRX1813601	TFs and others	MYC	Lung	MRC-5	14	1/2624	0/1	0	0	inf
SRX1813602	TFs and others	MYC	Pluripotent stem cell	iPS cells	18	1/2624	0/1	0	0	inf
SRX1813603	TFs and others	MYC	Pluripotent stem cell	iPS cells	61	1/2624	0/1	0	0	inf
SRX181451	TFs and others	EZH2	Blood	HT	266	1/2624	0/1	0	0	inf
SRX181452	TFs and others	EZH2	Blood	SU-DHL-6	165	1/2624	0/1	0	0	inf
SRX181461	TFs and others	EZH2	Blood	SU-DHL-6	398	5/2624	0/1	0	0	inf
SRX181462	TFs and others	EZH2	Blood	SU-DHL-6	885	12/2624	0/1	0	0	inf
SRX1814806	TFs and others	MYC	Uterus	HeLa	168	1/2624	0/1	0	0	inf
SRX1814807	TFs and others	MYC	Uterus	HeLa	189	1/2624	0/1	0	0	inf
SRX1815016	TFs and others	HEY2	Pluripotent stem cell	iPS derived cardiac cells	577	1/2624	0/1	0	0	inf
SRX1815017	TFs and others	TBX5	Pluripotent stem cell	iPS derived cardiac cells	3243	17/2624	0/1	0	0	inf
SRX1815018	TFs and others	NR2F2	Pluripotent stem cell	iPS derived cardiac cells	708	3/2624	0/1	0	0	inf
SRX181770	TFs and others	AGO1	Prostate	PC-3	960	60/2624	0/1	0	0	inf
SRX181771	TFs and others	AGO2	Prostate	PC-3	826	1/2624	0/1	0	0	inf
SRX1818072	TFs and others	AR	Prostate	LNCAP	271	1/2624	0/1	0	0	inf
SRX1818073	TFs and others	AR	Prostate	LNCAP	19746	26/2624	0/1	0	0	inf
SRX1818074	TFs and others	AR	Prostate	LNCAP	318	1/2624	0/1	0	0	inf
SRX1818075	TFs and others	AR	Prostate	LNCAP	21760	26/2624	0/1	0	0	inf
SRX1818076	TFs and others	AR	Prostate	LNCAP	9375	13/2624	0/1	0	0	inf
SRX1818077	TFs and others	AR	Prostate	LNCAP	22460	36/2624	0/1	0	0	inf
SRX1819610	TFs and others	KDM5D	Prostate	DU 145	900	21/2624	0/1	0	0	inf
SRX1819612	TFs and others	KDM5D	Prostate	DU 145	3370	84/2624	0/1	0	0	inf
SRX1819614	TFs and others	ZMYND8	Prostate	DU 145	122	10/2624	0/1	0	0	inf
SRX1819616	TFs and others	ZMYND8	Prostate	DU 145	5993	393/2624	0/1	0	0	inf
SRX1823797	TFs and others	BRD4	Bone	Osteoblasts	205	4/2624	0/1	0	0	inf
SRX1823798	TFs and others	BRD4	Bone	Osteoblasts	217	1/2624	0/1	0	0	inf
SRX1823799	TFs and others	BRD4	Bone	Osteoblasts	243	1/2624	0/1	0	0	inf
SRX1823800	TFs and others	BRD4	Bone	Osteoblasts	357	1/2624	0/1	0	0	inf
SRX1823801	TFs and others	BRD4	Bone	Osteoblasts	370	1/2624	0/1	0	0	inf
SRX1823802	TFs and others	BRD4	Bone	Osteoblasts	339	1/2624	0/1	0	0	inf
SRX1823809	TFs and others	CEBPB	Bone	Osteoblasts	8462	73/2624	0/1	0	0	inf
SRX1823810	TFs and others	CEBPB	Bone	Osteoblasts	10128	60/2624	0/1	0	0	inf
SRX1823811	TFs and others	FOSL2	Bone	Osteoblasts	105	2/2624	0/1	0	0	inf
SRX1823812	TFs and others	FOSL2	Bone	Osteoblasts	200	8/2624	0/1	0	0	inf
SRX1823814	TFs and others	JUND	Bone	Osteoblasts	53	1/2624	0/1	0	0	inf
SRX1823815	TFs and others	TEAD1	Bone	Osteoblasts	56	1/2624	0/1	0	0	inf
SRX1823816	TFs and others	TEAD1	Bone	Osteoblasts	73	2/2624	0/1	0	0	inf
SRX1823817	TFs and others	STAT3	Bone	Osteoblasts	33	1/2624	0/1	0	0	inf
SRX1823818	TFs and others	STAT3	Bone	Osteoblasts	214	4/2624	0/1	0	0	inf
SRX1823819	TFs and others	BRD4	Pancreas	L3.6	407	2/2624	0/1	0	0	inf
SRX1823820	TFs and others	BRD4	Pancreas	L3.6	1363	1/2624	0/1	0	0	inf
SRX182682	TFs and others	BRCA1	Breast	MCF 10A	3960	785/2624	0/1	0	0	inf
SRX182683	TFs and others	PALB2	Breast	MCF 10A	205	2/2624	0/1	0	0	inf
SRX1829864	TFs and others	INO80	Epidermis	A-375	202	1/2624	0/1	0	0	inf
SRX1829870	TFs and others	MED1	Epidermis	A-375	358	2/2624	0/1	0	0	inf
SRX1829874	TFs and others	MED1	Epidermis	A-375	261	1/2624	0/1	0	0	inf
SRX1829877	TFs and others	MED1	Epidermis	A-375	275	1/2624	0/1	0	0	inf
SRX1829880	TFs and others	INO80	Blood	SK-MEL-147	418	8/2624	0/1	0	0	inf
SRX1829881	TFs and others	MED1	Blood	SK-MEL-147	451	2/2624	0/1	0	0	inf
SRX1829883	TFs and others	INO80	Epidermis	Melanocytes	310	1/2624	0/1	0	0	inf
SRX1830458	TFs and others	Epitope tags	Blood	Jurkat	249	1/2624	0/1	0	0	inf
SRX1830459	TFs and others	Epitope tags	Blood	Jurkat	202	1/2624	0/1	0	0	inf
SRX1830460	TFs and others	Epitope tags	Blood	Jurkat	330	13/2624	0/1	0	0	inf
SRX1830461	TFs and others	Epitope tags	Blood	Jurkat	251	1/2624	0/1	0	0	inf
SRX1835121	TFs and others	ERG	Prostate	RWPE-1	481	1/2624	0/1	0	0	inf
SRX1835122	TFs and others	ERG	Prostate	RWPE-1	641	1/2624	0/1	0	0	inf
SRX1835123	TFs and others	EWSR1	Prostate	RWPE-1	395	1/2624	0/1	0	0	inf
SRX1835124	TFs and others	ERG	Prostate	RWPE-1	461	1/2624	0/1	0	0	inf
SRX1835125	TFs and others	EWSR1	Prostate	RWPE-1	618	1/2624	0/1	0	0	inf
SRX1835126	TFs and others	EWSR1	Prostate	VCaP	673	1/2624	0/1	0	0	inf
SRX1842780	TFs and others	MYCN	Neural	Neuroblastoma	215	23/2624	0/1	0	0	inf
SRX1842781	TFs and others	MYCN	Neural	Neuroblastoma	338	43/2624	0/1	0	0	inf
SRX1845233	TFs and others	EBV-ZEBRA	Others	HONE-1	8907	19/2624	0/1	0	0	inf
SRX1845234	TFs and others	EBV-ZEBRA	Others	HONE-1	5820	14/2624	0/1	0	0	inf
SRX1845643	TFs and others	SMAD1	Epidermis	A-375	333	2/2624	0/1	0	0	inf
SRX1845644	TFs and others	SMAD1	Epidermis	A-375	336	1/2624	0/1	0	0	inf
SRX1845645	TFs and others	SMAD1	Epidermis	A-375	372	1/2624	0/1	0	0	inf
SRX1845646	TFs and others	SMAD1	Epidermis	A-375	376	1/2624	0/1	0	0	inf
SRX184873	TFs and others	SAG	Lung	A549	169	1/2624	0/1	0	0	inf
SRX184874	TFs and others	SAG	Lung	A549	175	1/2624	0/1	0	0	inf
SRX1849499	TFs and others	GUCY1B3	Neural	U-87 MG	1009	29/2624	0/1	0	0	inf
SRX185708	TFs and others	PGR	Muscle	Leiomyoma	2766	17/2624	0/1	0	0	inf
SRX185709	TFs and others	PGR	Breast	T-47D	19503	361/2624	0/1	0	0	inf
SRX185775	TFs and others	POU5F1	Epidermis	BJ	521	5/2624	0/1	0	0	inf
SRX185776	TFs and others	MYC	Epidermis	BJ	701	4/2624	0/1	0	0	inf
SRX185893	TFs and others	BCL6	Blood	B cells	1782	83/2624	0/1	0	0	inf
SRX185907	TFs and others	FOXM1	Breast	MCF-7	9573	196/2624	0/1	0	0	inf
SRX185908	TFs and others	FOXM1	Breast	MCF-7	6661	221/2624	0/1	0	0	inf
SRX185909	TFs and others	FOXM1	Breast	MCF-7	479	32/2624	0/1	0	0	inf
SRX185910	TFs and others	FOXM1	Breast	MCF-7	258	16/2624	0/1	0	0	inf
SRX185911	TFs and others	FOXM1	Breast	MDA-MB-231	1598	243/2624	0/1	0	0	inf
SRX185912	TFs and others	FOXM1	Breast	MDA-MB-231	9088	878/2624	0/1	0	0	inf
SRX185913	TFs and others	FOXM1	Breast	MDA-MB-231	972	138/2624	0/1	0	0	inf
SRX185914	TFs and others	FOXM1	Breast	MDA-MB-231	1314	154/2624	0/1	0	0	inf
SRX185915	TFs and others	FOXM1	Breast	MCF-7	184	21/2624	0/1	0	0	inf
SRX185916	TFs and others	FOXM1	Breast	MCF-7	99	7/2624	0/1	0	0	inf
SRX185917	TFs and others	FOXM1	Breast	MCF-7	1117	112/2624	0/1	0	0	inf
SRX185918	TFs and others	FOXM1	Breast	MCF-7	896	124/2624	0/1	0	0	inf
SRX186607	TFs and others	ZNF384	Blood	GM12878	9160	134/2624	0/1	0	0	inf
SRX186608	TFs and others	SREBF2	Blood	GM12878	1072	91/2624	0/1	0	0	inf
SRX186609	TFs and others	CUX1	Blood	GM12878	2639	49/2624	0/1	0	0	inf
SRX186610	TFs and others	ESRRA	Blood	GM12878	1320	68/2624	0/1	0	0	inf
SRX186611	TFs and others	CTCF	Lung	A549	37084	524/2624	0/1	0	0	inf
SRX186612	TFs and others	MYC	Lung	A549	3756	363/2624	0/1	0	0	inf
SRX186613	TFs and others	GATA1	Blood	K-562	9186	41/2624	0/1	0	0	inf
SRX186614	TFs and others	JUN	Blood	K-562	11059	466/2624	0/1	0	0	inf
SRX186615	TFs and others	ZC3H11A	Blood	K-562	603	15/2624	0/1	0	0	inf
SRX186616	TFs and others	ZMIZ1	Blood	K-562	5162	123/2624	0/1	0	0	inf
SRX186617	TFs and others	RCOR1	Lung	IMR-90	4183	129/2624	0/1	0	0	inf
SRX186619	TFs and others	MXI1	Lung	IMR-90	11576	1052/2624	0/1	0	0	inf
SRX186620	TFs and others	RFX5	Lung	IMR-90	1861	116/2624	0/1	0	0	inf
SRX186621	TFs and others	MAFK	Blood	GM12878	3819	24/2624	0/1	0	0	inf
SRX186622	TFs and others	SREBF1	Blood	GM12878	1914	229/2624	0/1	0	0	inf
SRX186624	TFs and others	ZNF274	Pluripotent stem cell	hESC H1	1224	2/2624	0/1	0	0	inf
SRX186625	TFs and others	ELK1	Blood	K-562	1581	173/2624	0/1	0	0	inf
SRX186626	TFs and others	ZNF384	Blood	K-562	14002	210/2624	0/1	0	0	inf
SRX186627	TFs and others	CUX1	Blood	K-562	2841	35/2624	0/1	0	0	inf
SRX186628	TFs and others	CHD1	Lung	IMR-90	1382	65/2624	0/1	0	0	inf
SRX186630	TFs and others	HCFC1	Blood	K-562	9986	1293/2624	0/1	0	0	inf
SRX186631	TFs and others	EP300	Neural	SK-N-SH	31931	528/2624	0/1	0	0	inf
SRX186632	TFs and others	SMC3	Neural	SK-N-SH	28827	391/2624	0/1	0	0	inf
SRX186633	TFs and others	RAD21	Neural	SK-N-SH	50262	621/2624	0/1	0	0	inf
SRX186634	TFs and others	RFX5	Neural	SK-N-SH	6877	877/2624	0/1	0	0	inf
SRX186635	TFs and others	NRF1	Neural	SK-N-SH	7744	1081/2624	0/1	0	0	inf
SRX186637	TFs and others	JUND	Neural	SK-N-SH	20726	513/2624	0/1	0	0	inf
SRX186638	TFs and others	CTCF	Neural	SK-N-SH	42381	676/2624	0/1	0	0	inf
SRX186639	TFs and others	JUND	Blood	GM12878	3284	112/2624	0/1	0	0	inf
SRX186640	TFs and others	CHD1	Pluripotent stem cell	hESC H1	3048	14/2624	0/1	0	0	inf
SRX186641	TFs and others	SAP30	Blood	K-562	3255	262/2624	0/1	0	0	inf
SRX186642	TFs and others	KDM5A	Pluripotent stem cell	hESC H1	1211	44/2624	0/1	0	0	inf
SRX186643	TFs and others	HDAC2	Blood	K-562	804	14/2624	0/1	0	0	inf
SRX186644	TFs and others	HDAC1	Blood	K-562	5720	417/2624	0/1	0	0	inf
SRX186647	TFs and others	SIRT6	Pluripotent stem cell	hESC H1	436	1/2624	0/1	0	0	inf
SRX186648	TFs and others	SETDB1	Blood	K-562	471	2/2624	0/1	0	0	inf
SRX186653	TFs and others	KDM5B	Pluripotent stem cell	hESC H1	446	1/2624	0/1	0	0	inf
SRX186660	TFs and others	CTCF	Blood	DND-41	42789	555/2624	0/1	0	0	inf
SRX186666	TFs and others	EZH2	Blood	CD20+	655	3/2624	0/1	0	0	inf
SRX186668	TFs and others	HDAC2	Pluripotent stem cell	hESC H1	1610	91/2624	0/1	0	0	inf
SRX186669	TFs and others	CHD7	Pluripotent stem cell	hESC H1	507	4/2624	0/1	0	0	inf
SRX186670	TFs and others	CTCF	Blood	CD20+	33169	603/2624	0/1	0	0	inf
SRX186674	TFs and others	CHD7	Blood	K-562	457	10/2624	0/1	0	0	inf
SRX186680	TFs and others	EZH2	Muscle	HSMM	605	2/2624	0/1	0	0	inf
SRX186683	TFs and others	EZH2	Liver	Hep G2	986	3/2624	0/1	0	0	inf
SRX186685	TFs and others	EZH2	Epidermis	NHEK	4408	5/2624	0/1	0	0	inf
SRX186688	TFs and others	WHSC1	Blood	K-562	235	2/2624	0/1	0	0	inf
SRX186694	TFs and others	EZH2	Blood	GM12878	445	3/2624	0/1	0	0	inf
SRX186697	TFs and others	EZH2	Breast	HMEC	2320	9/2624	0/1	0	0	inf
SRX186700	TFs and others	HDAC6	Blood	K-562	569	3/2624	0/1	0	0	inf
SRX186703	TFs and others	REST	Blood	K-562	3437	87/2624	0/1	0	0	inf
SRX186704	TFs and others	CTCF	Blood	Monocytes-CD14+	27119	508/2624	0/1	0	0	inf
SRX186705	TFs and others	PHF8	Pluripotent stem cell	hESC H1	10408	729/2624	0/1	0	0	inf
SRX186706	TFs and others	CHD4	Blood	K-562	167	2/2624	0/1	0	0	inf
SRX186709	TFs and others	EP300	Pluripotent stem cell	hESC H1	1736	15/2624	0/1	0	0	inf
SRX186710	TFs and others	EP300	Bone	Osteobl	3013	12/2624	0/1	0	0	inf
SRX186714	TFs and others	EZH2	Cardiovascular	HUVEC	4811	39/2624	0/1	0	0	inf
SRX186716	TFs and others	EZH2	Uterus	HeLa	509	7/2624	0/1	0	0	inf
SRX186718	TFs and others	EZH2	Blood	DND-41	514	3/2624	0/1	0	0	inf
SRX186719	TFs and others	EZH2	Muscle	HSMM	499	1/2624	0/1	0	0	inf
SRX186720	TFs and others	EZH2	Pluripotent stem cell	hESC H1	3066	6/2624	0/1	0	0	inf
SRX186725	TFs and others	EZH2	Lung	NHLF	4459	15/2624	0/1	0	0	inf
SRX186728	TFs and others	EZH2	Neural	NH-A	2709	22/2624	0/1	0	0	inf
SRX186741	TFs and others	SUZ12	Blood	K-562	169	1/2624	0/1	0	0	inf
SRX186746	TFs and others	EZH2	Epidermis	NHDF	2208	17/2624	0/1	0	0	inf
SRX186756	TFs and others	SIRT6	Blood	K-562	181	2/2624	0/1	0	0	inf
SRX186759	TFs and others	RNF2	Blood	K-562	258	1/2624	0/1	0	0	inf
SRX186761	TFs and others	NCOR1	Blood	K-562	417	2/2624	0/1	0	0	inf
SRX186762	TFs and others	KAT2B	Blood	K-562	366	3/2624	0/1	0	0	inf
SRX186763	TFs and others	CBX2	Blood	K-562	262	1/2624	0/1	0	0	inf
SRX186764	TFs and others	CBX3	Blood	K-562	815	2/2624	0/1	0	0	inf
SRX186765	TFs and others	CBX8	Blood	K-562	314	1/2624	0/1	0	0	inf
SRX186766	TFs and others	KDM1A	Blood	K-562	4036	42/2624	0/1	0	0	inf
SRX186767	TFs and others	HDAC6	Pluripotent stem cell	hESC H1	429	1/2624	0/1	0	0	inf
SRX186768	TFs and others	SAP30	Pluripotent stem cell	hESC H1	2140	151/2624	0/1	0	0	inf
SRX186769	TFs and others	SUZ12	Pluripotent stem cell	hESC H1	1494	65/2624	0/1	0	0	inf
SRX186770	TFs and others	CREBBP	Blood	K-562	788	2/2624	0/1	0	0	inf
SRX186771	TFs and others	CHD1	Blood	K-562	2234	15/2624	0/1	0	0	inf
SRX186772	TFs and others	EZH2	Blood	K-562	443	5/2624	0/1	0	0	inf
SRX186777	TFs and others	CTCF	Lung	A549	45567	504/2624	0/1	0	0	inf
SRX186778	TFs and others	CTCF	Lung	A549	38153	430/2624	0/1	0	0	inf
SRX186779	TFs and others	EP300	Blood	K-562	2551	11/2624	0/1	0	0	inf
SRX186798	TFs and others	ESR1	Breast	Breast cancer	653	1/2624	0/1	0	0	inf
SRX186801	TFs and others	ESR1	Breast	Breast cancer	697	4/2624	0/1	0	0	inf
SRX186804	TFs and others	ESR1	Breast	Breast cancer	4065	71/2624	0/1	0	0	inf
SRX186807	TFs and others	ESR1	Breast	Breast cancer	1517	44/2624	0/1	0	0	inf
SRX186810	TFs and others	ESR1	Breast	Breast cancer	2272	55/2624	0/1	0	0	inf
SRX186813	TFs and others	ESR1	Breast	Breast cancer	1332	17/2624	0/1	0	0	inf
SRX186816	TFs and others	ESR1	Breast	Breast cancer	478	3/2624	0/1	0	0	inf
SRX186818	TFs and others	ESR1	Breast	Breast cancer	547	1/2624	0/1	0	0	inf
SRX186821	TFs and others	ESR1	Breast	Breast cancer	1117	26/2624	0/1	0	0	inf
SRX186824	TFs and others	ESR1	Breast	Breast cancer	3648	125/2624	0/1	0	0	inf
SRX186827	TFs and others	ESR1	Breast	Breast cancer	539	1/2624	0/1	0	0	inf
SRX186830	TFs and others	ESR1	Breast	Breast cancer	319	1/2624	0/1	0	0	inf
SRX1872772	TFs and others	ERF	Prostate	VCaP	72	5/2624	0/1	0	0	inf
SRX1872773	TFs and others	ERF	Prostate	VCaP	735	136/2624	0/1	0	0	inf
SRX1873449	TFs and others	BRD4	Blood	SEM	4477	251/2624	0/1	0	0	inf
SRX1873453	TFs and others	MEN1	Blood	SEM	458	1/2624	0/1	0	0	inf
SRX1873455	TFs and others	PAF1	Blood	SEM	2618	45/2624	0/1	0	0	inf
SRX1873456	TFs and others	LEO1	Blood	SEM	11205	223/2624	0/1	0	0	inf
SRX1873463	TFs and others	KMT2A	Blood	ML-2	293	1/2624	0/1	0	0	inf
SRX1878887	TFs and others	BRD4	Muscle	Rh-4	3423	195/2624	0/1	0	0	inf
SRX1878888	TFs and others	BRD4	Muscle	Rh-4	1133	4/2624	0/1	0	0	inf
SRX1878889	TFs and others	CTCF	Muscle	Rh-4	36495	640/2624	0/1	0	0	inf
SRX1878890	TFs and others	CTCF	Muscle	Rh-4	33300	698/2624	0/1	0	0	inf
SRX1878902	TFs and others	MED1	Muscle	Rh-4	318	3/2624	0/1	0	0	inf
SRX1878903	TFs and others	MYCN	Muscle	Rh-4	786	98/2624	0/1	0	0	inf
SRX1878904	TFs and others	MYOD1	Muscle	Rh-4	15114	257/2624	0/1	0	0	inf
SRX1878905	TFs and others	MYOG	Muscle	Rh-4	1249	6/2624	0/1	0	0	inf
SRX1878906	TFs and others	EP300	Muscle	Rh-4	9565	108/2624	0/1	0	0	inf
SRX1878907	TFs and others	RAD21	Muscle	Rh-4	30186	690/2624	0/1	0	0	inf
SRX1878943	TFs and others	BRD4	Others	Fibroblasts	1438	31/2624	0/1	0	0	inf
SRX1878944	TFs and others	BRD4	Others	Fibroblasts	1837	63/2624	0/1	0	0	inf
SRX1879750	TFs and others	Cyclobutane pyrimidine dimers	Epidermis	VH10	100	1/2624	0/1	0	0	inf
SRX1880279	TFs and others	MYC	Blood	Jurkat	2143	220/2624	0/1	0	0	inf
SRX1880280	TFs and others	CDK7	Blood	Jurkat	3769	545/2624	0/1	0	0	inf
SRX1885169	TFs and others	RELA	Prostate	LNCAP	2560	23/2624	0/1	0	0	inf
SRX1885170	TFs and others	RELA	Prostate	LNCAP	3287	38/2624	0/1	0	0	inf
SRX1885171	TFs and others	RELA	Prostate	LNCAP	2772	40/2624	0/1	0	0	inf
SRX1885172	TFs and others	RELA	Prostate	LNCAP	2432	37/2624	0/1	0	0	inf
SRX1885173	TFs and others	AR	Prostate	LNCAP	6014	5/2624	0/1	0	0	inf
SRX1885174	TFs and others	AR	Prostate	LNCAP	6507	5/2624	0/1	0	0	inf
SRX1885175	TFs and others	AR	Prostate	LNCAP	7866	4/2624	0/1	0	0	inf
SRX1885176	TFs and others	AR	Prostate	LNCAP	7458	5/2624	0/1	0	0	inf
SRX1885177	TFs and others	AR	Prostate	LNCAP	580	1/2624	0/1	0	0	inf
SRX1885178	TFs and others	AR	Prostate	LNCAP	572	1/2624	0/1	0	0	inf
SRX1885179	TFs and others	AR	Prostate	LNCAP	561	1/2624	0/1	0	0	inf
SRX1885180	TFs and others	AR	Prostate	LNCAP	526	1/2624	0/1	0	0	inf
SRX1885181	TFs and others	FOXA1	Prostate	LNCAP	83619	173/2624	0/1	0	0	inf
SRX1885182	TFs and others	FOXA1	Prostate	LNCAP	79066	159/2624	0/1	0	0	inf
SRX1885183	TFs and others	FOXA1	Prostate	LNCAP	28682	27/2624	0/1	0	0	inf
SRX1885184	TFs and others	FOXA1	Prostate	LNCAP	88506	175/2624	0/1	0	0	inf
SRX1885185	TFs and others	FOXA1	Prostate	LNCAP	73656	148/2624	0/1	0	0	inf
SRX1885186	TFs and others	FOXA1	Prostate	LNCAP	68461	139/2624	0/1	0	0	inf
SRX1885187	TFs and others	FOXA1	Prostate	LNCAP	63985	129/2624	0/1	0	0	inf
SRX1885188	TFs and others	FOXA1	Prostate	LNCAP	74914	135/2624	0/1	0	0	inf
SRX1885189	TFs and others	PIAS1	Prostate	LNCAP	14421	57/2624	0/1	0	0	inf
SRX1885190	TFs and others	PIAS1	Prostate	LNCAP	5035	14/2624	0/1	0	0	inf
SRX1885191	TFs and others	PIAS1	Prostate	LNCAP	9765	23/2624	0/1	0	0	inf
SRX1885192	TFs and others	PIAS1	Prostate	LNCAP	10346	30/2624	0/1	0	0	inf
SRX1885193	TFs and others	PIAS1	Prostate	LNCAP	14903	121/2624	0/1	0	0	inf
SRX1885194	TFs and others	PIAS1	Prostate	LNCAP	5571	20/2624	0/1	0	0	inf
SRX1885195	TFs and others	PIAS1	Prostate	LNCAP	13937	91/2624	0/1	0	0	inf
SRX1885196	TFs and others	PIAS1	Prostate	LNCAP	16652	135/2624	0/1	0	0	inf
SRX1885199	TFs and others	RELA	Prostate	LNCAP	2486	31/2624	0/1	0	0	inf
SRX1885200	TFs and others	RELA	Prostate	LNCAP	3166	36/2624	0/1	0	0	inf
SRX1885201	TFs and others	RELA	Prostate	LNCAP	479	1/2624	0/1	0	0	inf
SRX1885202	TFs and others	RELA	Prostate	LNCAP	537	1/2624	0/1	0	0	inf
SRX1885203	TFs and others	RELA	Prostate	LNCAP	565	1/2624	0/1	0	0	inf
SRX1885204	TFs and others	RELA	Prostate	LNCAP	532	1/2624	0/1	0	0	inf
SRX1885205	TFs and others	RELA	Prostate	LNCAP	578	1/2624	0/1	0	0	inf
SRX1885206	TFs and others	RELA	Prostate	LNCAP	628	1/2624	0/1	0	0	inf
SRX188788	TFs and others	SIRT3	Bone	U2OS	142	1/2624	0/1	0	0	inf
SRX188790	TFs and others	SIRT3	Bone	U2OS	115	1/2624	0/1	0	0	inf
SRX188792	TFs and others	SIRT3	Bone	U2OS	115	1/2624	0/1	0	0	inf
SRX188793	TFs and others	SIRT3	Bone	U2OS	116	1/2624	0/1	0	0	inf
SRX188853	TFs and others	Epitope tags	Uterus	HeLa	1133	4/2624	0/1	0	0	inf
SRX188854	TFs and others	Epitope tags	Uterus	HeLa	1454	5/2624	0/1	0	0	inf
SRX188855	TFs and others	Epitope tags	Uterus	HeLa	824	6/2624	0/1	0	0	inf
SRX188943	TFs and others	MYC	Breast	MCF-7	18766	836/2624	0/1	0	0	inf
SRX188946	TFs and others	CTCF	Blood	GM13977	35184	494/2624	0/1	0	0	inf
SRX188947	TFs and others	CTCF	Blood	GM10266	32995	507/2624	0/1	0	0	inf
SRX188950	TFs and others	CTCF	Blood	GM20000	18468	334/2624	0/1	0	0	inf
SRX188951	TFs and others	CTCF	Prostate	LNCAP	43769	547/2624	0/1	0	0	inf
SRX188958	TFs and others	CTCF	Pancreas	Pancreas	32073	584/2624	0/1	0	0	inf
SRX188959	TFs and others	CTCF	Lung	Lung	21369	434/2624	0/1	0	0	inf
SRX188960	TFs and others	CTCF	Others	Spleen	32956	881/2624	0/1	0	0	inf
SRX188962	TFs and others	CTCF	Blood	GM13976	21727	384/2624	0/1	0	0	inf
SRX188963	TFs and others	CTCF	Kidney	Kidney	28648	508/2624	0/1	0	0	inf
SRX188964	TFs and others	CTCF	Prostate	LNCAP	34935	410/2624	0/1	0	0	inf
SRX188968	TFs and others	CTCF	Blood	GM10248	28592	443/2624	0/1	0	0	inf
SRX188970	TFs and others	CTCF	Neural	Medullo	39237	463/2624	0/1	0	0	inf
SRX189083	TFs and others	CTCF	Lung	WI-38	3326	69/2624	0/1	0	0	inf
SRX189084	TFs and others	CTCF	Lung	WI-38	1058	63/2624	0/1	0	0	inf
SRX189239	TFs and others	MYC	Lung	NCI-H128	308	2/2624	0/1	0	0	inf
SRX189240	TFs and others	MYC	Lung	NCI-H2171	4225	286/2624	0/1	0	0	inf
SRX189249	TFs and others	TP53	Pluripotent stem cell	hESC H9	103	3/2624	0/1	0	0	inf
SRX189250	TFs and others	TP53	Pluripotent stem cell	hESC H9	2087	27/2624	0/1	0	0	inf
SRX189251	TFs and others	TP53	Pluripotent stem cell	hESC H9	648	8/2624	0/1	0	0	inf
SRX1892836	TFs and others	ELF1	Digestive tract	SNU-1750	10095	1186/2624	0/1	0	0	inf
SRX1892837	TFs and others	ELF1	Digestive tract	COLO 320	6787	976/2624	0/1	0	0	inf
SRX189720	TFs and others	EP300	Cardiovascular	HUVEC	586	13/2624	0/1	0	0	inf
SRX189721	TFs and others	EP300	Cardiovascular	HUVEC	903	20/2624	0/1	0	0	inf
SRX189722	TFs and others	EP300	Cardiovascular	HUVEC	496	8/2624	0/1	0	0	inf
SRX189723	TFs and others	EP300	Cardiovascular	HUVEC	659	14/2624	0/1	0	0	inf
SRX189724	TFs and others	EP300	Cardiovascular	HUVEC	1500	18/2624	0/1	0	0	inf
SRX189725	TFs and others	EP300	Cardiovascular	HUVEC	1964	34/2624	0/1	0	0	inf
SRX189726	TFs and others	EP300	Cardiovascular	HUVEC	1227	14/2624	0/1	0	0	inf
SRX189740	TFs and others	ETS1	Cardiovascular	HUVEC	1312	173/2624	0/1	0	0	inf
SRX189741	TFs and others	ETS1	Cardiovascular	HUVEC	1887	247/2624	0/1	0	0	inf
SRX189742	TFs and others	ETS1	Cardiovascular	HUVEC	2988	328/2624	0/1	0	0	inf
SRX189743	TFs and others	ETS1	Cardiovascular	HUVEC	4649	463/2624	0/1	0	0	inf
SRX1898037	TFs and others	RAG1	Blood	REH	30711	460/2624	0/1	0	0	inf
SRX1898038	TFs and others	RAG1	Blood	REH	712	1/2624	0/1	0	0	inf
SRX1901489	TFs and others	MLL-AF4	Blood	CD19+ leukemic cells	1290	48/2624	0/1	0	0	inf
SRX190174	TFs and others	JUND	Breast	T-47D	5212	103/2624	0/1	0	0	inf
SRX190176	TFs and others	CREB1	Lung	A549	1804	272/2624	0/1	0	0	inf
SRX190177	TFs and others	STAT5A	Blood	GM12878	6901	244/2624	0/1	0	0	inf
SRX190178	TFs and others	PML	Blood	K-562	12938	1047/2624	0/1	0	0	inf
SRX190179	TFs and others	JUND	Lung	A549	12130	711/2624	0/1	0	0	inf
SRX190180	TFs and others	FOXA2	Lung	A549	27528	531/2624	0/1	0	0	inf
SRX190181	TFs and others	FOXA1	Lung	A549	23598	279/2624	0/1	0	0	inf
SRX190182	TFs and others	CREB1	Lung	A549	4144	540/2624	0/1	0	0	inf
SRX190183	TFs and others	GATA3	Lung	A549	14128	480/2624	0/1	0	0	inf
SRX190185	TFs and others	MTA3	Blood	GM12878	13093	370/2624	0/1	0	0	inf
SRX190186	TFs and others	EGR1	Blood	GM12878	1743	268/2624	0/1	0	0	inf
SRX190187	TFs and others	FOXM1	Blood	GM12878	17465	697/2624	0/1	0	0	inf
SRX190188	TFs and others	CBX3	Blood	K-562	23765	1010/2624	0/1	0	0	inf
SRX190190	TFs and others	CTCF	Breast	MCF-7	44976	456/2624	0/1	0	0	inf
SRX190191	TFs and others	REST	Neural	SK-N-SH	9889	456/2624	0/1	0	0	inf
SRX190194	TFs and others	GATA3	Neural	SK-N-SH	67373	686/2624	0/1	0	0	inf
SRX190195	TFs and others	GABPA	Neural	SK-N-SH	9746	1273/2624	0/1	0	0	inf
SRX190196	TFs and others	MBD4	Liver	Hep G2	4294	138/2624	0/1	0	0	inf
SRX190197	TFs and others	NFIC	Liver	Hep G2	13443	583/2624	0/1	0	0	inf
SRX190198	TFs and others	ATF2	Pluripotent stem cell	hESC H1	5733	418/2624	0/1	0	0	inf
SRX190199	TFs and others	SP4	Pluripotent stem cell	hESC H1	3881	683/2624	0/1	0	0	inf
SRX190200	TFs and others	REST	Blood	GM12878	3593	69/2624	0/1	0	0	inf
SRX190201	TFs and others	TCF3	Blood	GM12878	10171	493/2624	0/1	0	0	inf
SRX190202	TFs and others	TCF12	Lung	A549	19573	1160/2624	0/1	0	0	inf
SRX190203	TFs and others	ESR1	Uterus	ECC-1	4539	187/2624	0/1	0	0	inf
SRX190204	TFs and others	FOSL2	Lung	A549	23331	388/2624	0/1	0	0	inf
SRX190205	TFs and others	REST	Lung	A549	11946	846/2624	0/1	0	0	inf
SRX190206	TFs and others	FOXM1	Neural	SK-N-SH	4303	163/2624	0/1	0	0	inf
SRX190207	TFs and others	ELF1	Neural	SK-N-SH	9463	1252/2624	0/1	0	0	inf
SRX190208	TFs and others	ZBTB7A	Uterus	ECC-1	9562	323/2624	0/1	0	0	inf
SRX190210	TFs and others	REST	Blood	HL-60	9597	435/2624	0/1	0	0	inf
SRX190211	TFs and others	PBX3	Lung	A549	4547	481/2624	0/1	0	0	inf
SRX190213	TFs and others	ATF3	Digestive tract	HCT 116	12718	960/2624	0/1	0	0	inf
SRX190215	TFs and others	EP300	Uterus	ECC-1	15176	495/2624	0/1	0	0	inf
SRX190217	TFs and others	RAD21	Lung	A549	36915	394/2624	0/1	0	0	inf
SRX190218	TFs and others	SRF	Uterus	ECC-1	7473	628/2624	0/1	0	0	inf
SRX190219	TFs and others	EP300	Neural	SK-N-SH	23781	570/2624	0/1	0	0	inf
SRX190222	TFs and others	E2F6	Lung	A549	8848	860/2624	0/1	0	0	inf
SRX190223	TFs and others	RXRA	Neural	SK-N-SH	10620	193/2624	0/1	0	0	inf
SRX190224	TFs and others	FOSL2	Breast	MCF-7	13579	245/2624	0/1	0	0	inf
SRX190225	TFs and others	FOXM1	Breast	MCF-7	5124	252/2624	0/1	0	0	inf
SRX190228	TFs and others	TEAD4	Digestive tract	HCT 116	10534	528/2624	0/1	0	0	inf
SRX190230	TFs and others	CTCF	Uterus	ECC-1	16417	201/2624	0/1	0	0	inf
SRX190231	TFs and others	BCL3	Lung	A549	5909	314/2624	0/1	0	0	inf
SRX190232	TFs and others	SP2	Pluripotent stem cell	hESC H1	2255	425/2624	0/1	0	0	inf
SRX190233	TFs and others	CEBPD	Liver	Hep G2	5908	445/2624	0/1	0	0	inf
SRX190234	TFs and others	CEBPB	Liver	Hep G2	12477	172/2624	0/1	0	0	inf
SRX190235	TFs and others	NFATC1	Blood	GM12878	10082	182/2624	0/1	0	0	inf
SRX190236	TFs and others	ATF2	Blood	GM12878	20349	650/2624	0/1	0	0	inf
SRX190237	TFs and others	SIN3A	Neural	PFSK-1	5868	544/2624	0/1	0	0	inf
SRX190238	TFs and others	NR2F2	Blood	K-562	17569	393/2624	0/1	0	0	inf
SRX190239	TFs and others	GATA3	Breast	MCF-7	39727	643/2624	0/1	0	0	inf
SRX190240	TFs and others	REST	Liver	Hep G2	9033	506/2624	0/1	0	0	inf
SRX190241	TFs and others	SIN3A	Pancreas	PANC-1	4275	636/2624	0/1	0	0	inf
SRX190242	TFs and others	REST	Neural	PFSK-1	12374	492/2624	0/1	0	0	inf
SRX190243	TFs and others	SP2	Liver	Hep G2	2015	480/2624	0/1	0	0	inf
SRX190245	TFs and others	ATF3	Lung	A549	4509	265/2624	0/1	0	0	inf
SRX190246	TFs and others	ELF1	Lung	A549	6935	919/2624	0/1	0	0	inf
SRX190247	TFs and others	RAD21	Breast	MCF-7	42973	413/2624	0/1	0	0	inf
SRX190248	TFs and others	REST	Pancreas	PANC-1	2776	45/2624	0/1	0	0	inf
SRX190255	TFs and others	ZBTB33	Neural	SK-N-SH	5904	584/2624	0/1	0	0	inf
SRX190256	TFs and others	EP300	Breast	MCF-7	7607	155/2624	0/1	0	0	inf
SRX190257	TFs and others	RAD21	Uterus	ECC-1	37415	428/2624	0/1	0	0	inf
SRX190258	TFs and others	CEBPB	Uterus	ECC-1	12162	186/2624	0/1	0	0	inf
SRX190260	TFs and others	REST	Pluripotent stem cell	hESC derived neural cells	22218	1044/2624	0/1	0	0	inf
SRX190261	TFs and others	TAF1	Pluripotent stem cell	hESC derived neural cells	6770	866/2624	0/1	0	0	inf
SRX190262	TFs and others	USF1	Neural	SK-N-SH	9016	599/2624	0/1	0	0	inf
SRX190265	TFs and others	ZEB1	Liver	Hep G2	11232	838/2624	0/1	0	0	inf
SRX190266	TFs and others	NR2F2	Liver	Hep G2	18274	841/2624	0/1	0	0	inf
SRX190267	TFs and others	TAF1	Breast	MCF-7	5508	899/2624	0/1	0	0	inf
SRX190272	TFs and others	SIN3A	Neural	SK-N-SH	9314	1096/2624	0/1	0	0	inf
SRX1902741	TFs and others	EP300	Blood	THP-1	20519	340/2624	0/1	0	0	inf
SRX1902742	TFs and others	AFF1	Blood	THP-1	1637	267/2624	0/1	0	0	inf
SRX1902745	TFs and others	AFF1	Blood	CCRF-CEM	1147	22/2624	0/1	0	0	inf
SRX190276	TFs and others	CTCF	Blood	K-562	38039	581/2624	0/1	0	0	inf
SRX190278	TFs and others	GABPA	Blood	HL-60	6396	645/2624	0/1	0	0	inf
SRX190279	TFs and others	ESR1	Breast	T-47D	4162	27/2624	0/1	0	0	inf
SRX190281	TFs and others	HDAC2	Breast	MCF-7	16111	817/2624	0/1	0	0	inf
SRX190282	TFs and others	FOXA1	Lung	A549	24558	242/2624	0/1	0	0	inf
SRX190283	TFs and others	EP300	Lung	A549	13777	405/2624	0/1	0	0	inf
SRX190284	TFs and others	USF1	Lung	A549	6137	458/2624	0/1	0	0	inf
SRX190285	TFs and others	ETS1	Lung	A549	4698	634/2624	0/1	0	0	inf
SRX190287	TFs and others	ZBTB7A	Liver	Hep G2	4925	163/2624	0/1	0	0	inf
SRX190288	TFs and others	ZBTB33	Lung	A549	4791	512/2624	0/1	0	0	inf
SRX190289	TFs and others	GABPA	Lung	A549	9777	1106/2624	0/1	0	0	inf
SRX190290	TFs and others	MEF2A	Neural	SK-N-SH	5906	82/2624	0/1	0	0	inf
SRX190293	TFs and others	NR2F2	Breast	MCF-7	26508	584/2624	0/1	0	0	inf
SRX190294	TFs and others	PML	Breast	MCF-7	6591	950/2624	0/1	0	0	inf
SRX190295	TFs and others	SRF	Breast	MCF-7	6614	958/2624	0/1	0	0	inf
SRX190296	TFs and others	FOSL2	Neural	SK-N-SH	33847	312/2624	0/1	0	0	inf
SRX190297	TFs and others	REST	Uterus	ECC-1	7110	50/2624	0/1	0	0	inf
SRX190298	TFs and others	TCF12	Uterus	ECC-1	17016	1202/2624	0/1	0	0	inf
SRX190299	TFs and others	SPI1	Blood	HL-60	56026	629/2624	0/1	0	0	inf
SRX190300	TFs and others	EGR1	Breast	MCF-7	6138	590/2624	0/1	0	0	inf
SRX190301	TFs and others	TEAD4	Pluripotent stem cell	hESC H1	20630	512/2624	0/1	0	0	inf
SRX190304	TFs and others	RAD21	Digestive tract	HCT 116	52318	1311/2624	0/1	0	0	inf
SRX190305	TFs and others	TRIM28	Blood	K-562	8609	271/2624	0/1	0	0	inf
SRX190306	TFs and others	CEBPB	Blood	GM12878	3048	50/2624	0/1	0	0	inf
SRX190311	TFs and others	NFIC	Uterus	ECC-1	27610	609/2624	0/1	0	0	inf
SRX190312	TFs and others	FOXM1	Uterus	ECC-1	5682	257/2624	0/1	0	0	inf
SRX190313	TFs and others	CREB1	Uterus	ECC-1	4282	680/2624	0/1	0	0	inf
SRX190314	TFs and others	TEAD4	Neural	SK-N-SH	13928	195/2624	0/1	0	0	inf
SRX190315	TFs and others	REST	Pancreas	PANC-1	3947	37/2624	0/1	0	0	inf
SRX190316	TFs and others	TEAD4	Breast	MCF-7	5002	123/2624	0/1	0	0	inf
SRX190317	TFs and others	TCF12	Breast	MCF-7	5143	137/2624	0/1	0	0	inf
SRX190324	TFs and others	TEAD4	Lung	A549	8552	154/2624	0/1	0	0	inf
SRX190325	TFs and others	REST	Digestive tract	HCT 116	3939	56/2624	0/1	0	0	inf
SRX190327	TFs and others	CEBPB	Lung	A549	20391	302/2624	0/1	0	0	inf
SRX190331	TFs and others	TEAD4	Liver	Hep G2	10981	198/2624	0/1	0	0	inf
SRX190332	TFs and others	MYBL2	Liver	Hep G2	15320	1053/2624	0/1	0	0	inf
SRX190333	TFs and others	STAT5A	Blood	K-562	9727	161/2624	0/1	0	0	inf
SRX190334	TFs and others	CEBPB	Blood	K-562	16697	298/2624	0/1	0	0	inf
SRX190335	TFs and others	SIX5	Lung	A549	4434	657/2624	0/1	0	0	inf
SRX190336	TFs and others	NFIC	Neural	SK-N-SH	33623	618/2624	0/1	0	0	inf
SRX190337	TFs and others	NFIC	Blood	GM12878	21528	457/2624	0/1	0	0	inf
SRX190338	TFs and others	SIN3A	Lung	A549	4499	474/2624	0/1	0	0	inf
SRX190341	TFs and others	TEAD4	Uterus	ECC-1	25759	740/2624	0/1	0	0	inf
SRX190342	TFs and others	USF1	Uterus	ECC-1	15539	851/2624	0/1	0	0	inf
SRX190344	TFs and others	EGR1	Uterus	ECC-1	6440	491/2624	0/1	0	0	inf
SRX190345	TFs and others	CEBPB	Breast	MCF-7	28067	398/2624	0/1	0	0	inf
SRX190347	TFs and others	REST	Breast	MCF-7	8109	156/2624	0/1	0	0	inf
SRX190348	TFs and others	JUND	Breast	MCF-7	6163	216/2624	0/1	0	0	inf
SRX190351	TFs and others	TEAD4	Blood	K-562	34673	860/2624	0/1	0	0	inf
SRX190355	TFs and others	E2F6	Pluripotent stem cell	hESC H1	22326	1151/2624	0/1	0	0	inf
SRX190356	TFs and others	TCF12	Neural	SK-N-SH	63116	1244/2624	0/1	0	0	inf
SRX190357	TFs and others	JUND	Neural	SK-N-SH	32289	363/2624	0/1	0	0	inf
SRX190359	TFs and others	CTCF	Digestive tract	HCT 116	33186	441/2624	0/1	0	0	inf
SRX190362	TFs and others	CEBPD	Blood	K-562	12532	296/2624	0/1	0	0	inf
SRX190500	TFs and others	SUMO1	Uterus	HeLa	1915	20/2624	0/1	0	0	inf
SRX1916933	TFs and others	DNMT3A	Epidermis	Epidermal stem cells	771	43/2624	0/1	0	0	inf
SRX1916934	TFs and others	DNMT3B	Epidermis	Epidermal stem cells	686	2/2624	0/1	0	0	inf
SRX1916935	TFs and others	DNMT3A	Epidermis	Epidermal stem cells	1149	27/2624	0/1	0	0	inf
SRX1916936	TFs and others	DNMT3B	Epidermis	Epidermal stem cells	847	2/2624	0/1	0	0	inf
SRX1916937	TFs and others	DNMT3A	Epidermis	Epidermal stem cells	1106	1/2624	0/1	0	0	inf
SRX1916938	TFs and others	DNMT3B	Epidermis	Epidermal stem cells	826	1/2624	0/1	0	0	inf
SRX1920484	TFs and others	STAT5A	Blood	Memory T cells	360	2/2624	0/1	0	0	inf
SRX1920486	TFs and others	STAT5A	Blood	Memory T cells	228	1/2624	0/1	0	0	inf
SRX1920488	TFs and others	STAT5A	Blood	Memory T cells	326	1/2624	0/1	0	0	inf
SRX1923320	TFs and others	BRD4	Blood	Mutu	531	1/2624	0/1	0	0	inf
SRX1923321	TFs and others	BRD4	Blood	Mutu	1257	1/2624	0/1	0	0	inf
SRX1923322	TFs and others	BRD2	Blood	Mutu	811	1/2624	0/1	0	0	inf
SRX1923323	TFs and others	BRD2	Blood	Mutu	678	1/2624	0/1	0	0	inf
SRX1923324	TFs and others	BRD3	Blood	Mutu	477	1/2624	0/1	0	0	inf
SRX1923325	TFs and others	BRD3	Blood	Mutu	611	1/2624	0/1	0	0	inf
SRX1925740	TFs and others	TRIM28	Pluripotent stem cell	iPS derived neural cells	1765	10/2624	0/1	0	0	inf
SRX1936520	TFs and others	SMARCA4	Breast	T-47D	737	1/2624	0/1	0	0	inf
SRX1936521	TFs and others	SMARCA4	Breast	T-47D	586	1/2624	0/1	0	0	inf
SRX194192	TFs and others	TET3	Kidney	293	120	3/2624	0/1	0	0	inf
SRX1942893	TFs and others	ASXL2	Blood	SKNO-1	562	1/2624	0/1	0	0	inf
SRX1945293	TFs and others	TRIM28	Pluripotent stem cell	hESC WIBR3	2670	2/2624	0/1	0	0	inf
SRX1945294	TFs and others	TRIM28	Pluripotent stem cell	hESC WIBR3	8598	22/2624	0/1	0	0	inf
SRX194566	TFs and others	E2F4	Breast	MCF-7	2371	418/2624	0/1	0	0	inf
SRX194567	TFs and others	E2F4	Breast	MCF-7	866	149/2624	0/1	0	0	inf
SRX194569	TFs and others	ESR1	Breast	MCF-7	32341	355/2624	0/1	0	0	inf
SRX194570	TFs and others	GREB1	Breast	MCF-7	3922	84/2624	0/1	0	0	inf
SRX194571	TFs and others	GREB1	Breast	MCF-7	818	28/2624	0/1	0	0	inf
SRX194572	TFs and others	ESR1	Breast	MCF-7	21642	163/2624	0/1	0	0	inf
SRX194573	TFs and others	GREB1	Breast	MCF-7	1545	22/2624	0/1	0	0	inf
SRX194574	TFs and others	GREB1	Breast	MCF-7	466	17/2624	0/1	0	0	inf
SRX194575	TFs and others	ESR1	Breast	MCF-7	18801	490/2624	0/1	0	0	inf
SRX194576	TFs and others	GREB1	Breast	MCF-7	1050	14/2624	0/1	0	0	inf
SRX194577	TFs and others	NR2F2	Breast	MCF-7	16455	873/2624	0/1	0	0	inf
SRX194578	TFs and others	KLF4	Breast	MCF-7	581	34/2624	0/1	0	0	inf
SRX194580	TFs and others	RXRA	Breast	MCF-7	610	11/2624	0/1	0	0	inf
SRX194581	TFs and others	TLE3	Breast	MCF-7	2211	31/2624	0/1	0	0	inf
SRX1948680	TFs and others	TEAD4	Neural	SK-N-BE(2)	29268	57/2624	0/1	0	0	inf
SRX1950170	TFs and others	AR	Prostate	VCaP	24670	17/2624	0/1	0	0	inf
SRX1950171	TFs and others	AR	Prostate	VCaP	27142	24/2624	0/1	0	0	inf
SRX1950172	TFs and others	AR	Prostate	VCaP	31950	21/2624	0/1	0	0	inf
SRX1950173	TFs and others	AR	Prostate	VCaP	26918	17/2624	0/1	0	0	inf
SRX1950174	TFs and others	CTCF	Prostate	VCaP	24062	297/2624	0/1	0	0	inf
SRX1950175	TFs and others	CTCF	Prostate	VCaP	20708	242/2624	0/1	0	0	inf
SRX1950176	TFs and others	CTCF	Prostate	VCaP	25442	305/2624	0/1	0	0	inf
SRX1950177	TFs and others	CTCF	Prostate	VCaP	23603	276/2624	0/1	0	0	inf
SRX196107	TFs and others	PPARG	Adipocyte	SGBS	751	2/2624	0/1	0	0	inf
SRX196108	TFs and others	CEBPA	Adipocyte	SGBS	1066	1/2624	0/1	0	0	inf
SRX196109	TFs and others	NR1H2	Adipocyte	SGBS	406	2/2624	0/1	0	0	inf
SRX1961155	TFs and others	ESR1	Breast	T-47D	5596	139/2624	0/1	0	0	inf
SRX1961156	TFs and others	ESR1	Breast	T-47D	5671	139/2624	0/1	0	0	inf
SRX1961157	TFs and others	FOXA1	Breast	T-47D	39631	404/2624	0/1	0	0	inf
SRX1961158	TFs and others	FOXA1	Breast	T-47D	36383	396/2624	0/1	0	0	inf
SRX1961161	TFs and others	ESR1	Breast	T-47D	4445	117/2624	0/1	0	0	inf
SRX1961162	TFs and others	ESR1	Breast	T-47D	3897	105/2624	0/1	0	0	inf
SRX1961163	TFs and others	FOXA1	Breast	T-47D	26852	347/2624	0/1	0	0	inf
SRX1961164	TFs and others	FOXA1	Breast	T-47D	19983	234/2624	0/1	0	0	inf
SRX1961296	TFs and others	VRK1	Bone	HT-1080	139	1/2624	0/1	0	0	inf
SRX1962094	TFs and others	MYF5	Muscle	RH-18	7796	381/2624	0/1	0	0	inf
SRX1967776	TFs and others	CTCF	Epidermis	Keratinocytes	39985	543/2624	0/1	0	0	inf
SRX1967777	TFs and others	CTCF	Epidermis	Keratinocytes	27784	435/2624	0/1	0	0	inf
SRX1967778	TFs and others	CTCF	Epidermis	Keratinocytes	30570	441/2624	0/1	0	0	inf
SRX1967779	TFs and others	SMC1A	Epidermis	Keratinocytes	592	3/2624	0/1	0	0	inf
SRX1967781	TFs and others	SMC1A	Epidermis	Keratinocytes	7554	146/2624	0/1	0	0	inf
SRX1967783	TFs and others	SMC1A	Epidermis	Keratinocytes	1229	23/2624	0/1	0	0	inf
SRX1967785	TFs and others	EHF	Epidermis	Keratinocytes	947	1/2624	0/1	0	0	inf
SRX1968072	TFs and others	BCL11B	Blood	Thymus	482	31/2624	0/1	0	0	inf
SRX1968074	TFs and others	BCL11B	Blood	Thymus	1143	148/2624	0/1	0	0	inf
SRX1968076	TFs and others	BCL11B	Blood	Thymus	467	64/2624	0/1	0	0	inf
SRX1968078	TFs and others	BCL11B	Blood	Thymus	2420	486/2624	0/1	0	0	inf
SRX198033	TFs and others	BRD4	Blood	CD4+ T cells	5708	503/2624	0/1	0	0	inf
SRX198034	TFs and others	BRD4	Blood	CD4+ T cells	6950	794/2624	0/1	0	0	inf
SRX1986459	TFs and others	Epitope tags	Blood	CD34 Hematopoietic stem cells	444	1/2624	0/1	0	0	inf
SRX1986460	TFs and others	Epitope tags	Blood	CD34 Hematopoietic stem cells	315	1/2624	0/1	0	0	inf
SRX1986461	TFs and others	Epitope tags	Blood	CD34 Hematopoietic stem cells	311	1/2624	0/1	0	0	inf
SRX1986462	TFs and others	Epitope tags	Blood	CD34 Hematopoietic stem cells	502	1/2624	0/1	0	0	inf
SRX1986463	TFs and others	Epitope tags	Blood	CD34 Hematopoietic stem cells	367	1/2624	0/1	0	0	inf
SRX1986464	TFs and others	Epitope tags	Blood	CD34 Hematopoietic stem cells	454	1/2624	0/1	0	0	inf
SRX1989717	TFs and others	GATA4	Lung	A549	6143	277/2624	0/1	0	0	inf
SRX1993434	TFs and others	ZSCAN5B	Kidney	293	251	2/2624	0/1	0	0	inf
SRX1993435	TFs and others	ZSCAN5B	Kidney	293	348	1/2624	0/1	0	0	inf
SRX1993437	TFs and others	ZSCAN5A	Placenta	BeWo	211	4/2624	0/1	0	0	inf
SRX1993438	TFs and others	ZSCAN5B	Placenta	BeWo	369	3/2624	0/1	0	0	inf
SRX1993439	TFs and others	ZSCAN5B	Placenta	BeWo	349	3/2624	0/1	0	0	inf
SRX1993440	TFs and others	ZSCAN5D	Placenta	BeWo	570	27/2624	0/1	0	0	inf
SRX1993441	TFs and others	ZSCAN5D	Placenta	BeWo	487	21/2624	0/1	0	0	inf
SRX1993444	TFs and others	ZSCAN5A	Placenta	BeWo	118	3/2624	0/1	0	0	inf
SRX1993515	TFs and others	HMGB2	Lung	IMR-90	963	1/2624	0/1	0	0	inf
SRX1993516	TFs and others	HMGB2	Lung	IMR-90	965	1/2624	0/1	0	0	inf
SRX1995006	TFs and others	ARNTL	Bone	U2OS	1084	59/2624	0/1	0	0	inf
SRX1995007	TFs and others	ARNTL	Bone	U2OS	629	25/2624	0/1	0	0	inf
SRX1995008	TFs and others	ARNTL	Bone	U2OS	575	8/2624	0/1	0	0	inf
SRX1995009	TFs and others	ARNTL	Bone	U2OS	718	14/2624	0/1	0	0	inf
SRX1995010	TFs and others	HIF1A	Bone	U2OS	5606	700/2624	0/1	0	0	inf
SRX1995011	TFs and others	HIF1A	Bone	U2OS	429	33/2624	0/1	0	0	inf
SRX1995012	TFs and others	HIF1A	Bone	U2OS	498	20/2624	0/1	0	0	inf
SRX1995013	TFs and others	HIF1A	Bone	U2OS	337	17/2624	0/1	0	0	inf
SRX1995217	TFs and others	CTCF	Breast	MCF-7	165	1/2624	0/1	0	0	inf
SRX1995218	TFs and others	CTCF	Breast	MCF-7	239	1/2624	0/1	0	0	inf
SRX1995219	TFs and others	CTCF	Breast	MCF-7	118	1/2624	0/1	0	0	inf
SRX1995220	TFs and others	ESR1	Breast	MCF-7	127	1/2624	0/1	0	0	inf
SRX1995221	TFs and others	ESR1	Breast	MCF-7	72	2/2624	0/1	0	0	inf
SRX1995222	TFs and others	ESR1	Breast	MCF-7	104	1/2624	0/1	0	0	inf
SRX1995223	TFs and others	FOXA1	Breast	MCF-7	276	3/2624	0/1	0	0	inf
SRX1995224	TFs and others	FOXA1	Breast	MCF-7	96	1/2624	0/1	0	0	inf
SRX1995225	TFs and others	FOXA1	Breast	MCF-7	174	3/2624	0/1	0	0	inf
SRX1995226	TFs and others	LMNB1	Breast	MCF-7	80	1/2624	0/1	0	0	inf
SRX1995227	TFs and others	LMNB1	Breast	MCF-7	145	1/2624	0/1	0	0	inf
SRX1995228	TFs and others	LMNB1	Breast	MCF-7	224	1/2624	0/1	0	0	inf
SRX1995229	TFs and others	ESR1	Breast	MCF-7	36033	236/2624	0/1	0	0	inf
SRX1995230	TFs and others	ESR1	Breast	MCF-7	34993	187/2624	0/1	0	0	inf
SRX1998400	TFs and others	MAPK1	Muscle	Rhabdomyosarcoma	558	23/2624	0/1	0	0	inf
SRX1998401	TFs and others	MAPK1	Muscle	Rhabdomyosarcoma	385	8/2624	0/1	0	0	inf
SRX1998403	TFs and others	EZH2	Muscle	Rhabdomyosarcoma	2401	327/2624	0/1	0	0	inf
SRX1998421	TFs and others	MYOD1	Muscle	Rhabdomyosarcoma	22868	573/2624	0/1	0	0	inf
SRX1998422	TFs and others	MYOD1	Muscle	Rhabdomyosarcoma	23066	680/2624	0/1	0	0	inf
SRX1998423	TFs and others	MYOD1	Muscle	Rhabdomyosarcoma	17281	589/2624	0/1	0	0	inf
SRX1998424	TFs and others	MYOG	Muscle	Rhabdomyosarcoma	343	1/2624	0/1	0	0	inf
SRX1998425	TFs and others	MYOG	Muscle	Rhabdomyosarcoma	4971	45/2624	0/1	0	0	inf
SRX199854	TFs and others	CTCF	Lung	NHLF	25993	387/2624	0/1	0	0	inf
SRX199856	TFs and others	CTCF	Placenta	HVMF	30932	405/2624	0/1	0	0	inf
SRX199857	TFs and others	CTCF	Blood	GM12873	35537	428/2624	0/1	0	0	inf
SRX199858	TFs and others	CTCF	Placenta	HVMF	29950	401/2624	0/1	0	0	inf
SRX199859	TFs and others	CTCF	Breast	HMEC	34347	456/2624	0/1	0	0	inf
SRX199861	TFs and others	CTCF	Blood	GM12872	31496	371/2624	0/1	0	0	inf
SRX199862	TFs and others	CTCF	Lung	WI-38	11716	214/2624	0/1	0	0	inf
SRX199863	TFs and others	CTCF	Lung	AG04450	29842	424/2624	0/1	0	0	inf
SRX199864	TFs and others	CTCF	Blood	GM12865	24049	310/2624	0/1	0	0	inf
SRX199865	TFs and others	CTCF	Lung	WI-38	16812	248/2624	0/1	0	0	inf
SRX199867	TFs and others	CTCF	Lung	A549	35623	454/2624	0/1	0	0	inf
SRX199868	TFs and others	CTCF	Lung	A549	11998	192/2624	0/1	0	0	inf
SRX199871	TFs and others	CTCF	Blood	NB-4	29158	334/2624	0/1	0	0	inf
SRX199872	TFs and others	CTCF	Epidermis	HFF	30527	432/2624	0/1	0	0	inf
SRX199878	TFs and others	CTCF	Neural	BE(2)-C	34525	402/2624	0/1	0	0	inf
SRX199879	TFs and others	CTCF	Digestive tract	HCT 116	25076	321/2624	0/1	0	0	inf
SRX199880	TFs and others	CTCF	Digestive tract	HCT 116	34248	401/2624	0/1	0	0	inf
SRX199881	TFs and others	CTCF	Neural	BE(2)-C	37676	449/2624	0/1	0	0	inf
SRX199885	TFs and others	CTCF	Cardiovascular	HCM	27562	358/2624	0/1	0	0	inf
SRX199886	TFs and others	CTCF	Breast	MCF-7	41858	433/2624	0/1	0	0	inf
SRX199889	TFs and others	CTCF	Neural	HAc	17686	282/2624	0/1	0	0	inf
SRX199890	TFs and others	CTCF	Neural	HAc	33716	484/2624	0/1	0	0	inf
SRX199891	TFs and others	CTCF	Breast	MCF-7	33533	334/2624	0/1	0	0	inf
SRX199892	TFs and others	CTCF	Blood	GM12864	27696	314/2624	0/1	0	0	inf
SRX199893	TFs and others	CTCF	Neural	HRPEpiC	31985	427/2624	0/1	0	0	inf
SRX199894	TFs and others	CTCF	Kidney	RPTEC	37208	382/2624	0/1	0	0	inf
SRX199895	TFs and others	CTCF	Kidney	RPTEC	41645	493/2624	0/1	0	0	inf
SRX199896	TFs and others	CTCF	Neural	HA-sp	25762	369/2624	0/1	0	0	inf
SRX199897	TFs and others	CTCF	Epidermis	HFF-Myc	26099	337/2624	0/1	0	0	inf
SRX199899	TFs and others	CTCF	Epidermis	HFF-Myc	25220	387/2624	0/1	0	0	inf
SRX199903	TFs and others	CTCF	Epidermis	NHDF-neo	31952	447/2624	0/1	0	0	inf
SRX199904	TFs and others	CTCF	Epidermis	NHDF-neo	27913	416/2624	0/1	0	0	inf
SRX199905	TFs and others	CTCF	Cardiovascular	HCM	36731	527/2624	0/1	0	0	inf
SRX2000339	TFs and others	TET2	Breast	MCF-12A	448	1/2624	0/1	0	0	inf
SRX2000340	TFs and others	RARB	Breast	MCF-12A	345	1/2624	0/1	0	0	inf
SRX2000341	TFs and others	5-hmC	Breast	MCF-12A	398	1/2624	0/1	0	0	inf
SRX2000342	TFs and others	TET3	Breast	MCF-12A	605	1/2624	0/1	0	0	inf
SRX2000343	TFs and others	RARB	Breast	MCF-12A	413	1/2624	0/1	0	0	inf
SRX2000344	TFs and others	5-hmC	Breast	MCF-12A	287	1/2624	0/1	0	0	inf
SRX200046	TFs and others	LMNA	Epidermis	Forearm skin	129	1/2624	0/1	0	0	inf
SRX200048	TFs and others	LMNA	Epidermis	Forearm skin	531	1/2624	0/1	0	0	inf
SRX200050	TFs and others	LMNA	Epidermis	Forearm skin	206	1/2624	0/1	0	0	inf
SRX200052	TFs and others	LMNA	Epidermis	Forearm skin	484	1/2624	0/1	0	0	inf
SRX2007813	TFs and others	MEN1	Breast	MCF-7	1752	245/2624	0/1	0	0	inf
SRX2007815	TFs and others	MEN1	Breast	MCF-7	2578	300/2624	0/1	0	0	inf
SRX2007817	TFs and others	KMT2A	Breast	MCF-7	790	1/2624	0/1	0	0	inf
SRX2007818	TFs and others	KMT2B	Breast	MCF-7	1235	196/2624	0/1	0	0	inf
SRX2009501	TFs and others	EZH2	Neural	SF8628	421	1/2624	0/1	0	0	inf
SRX2009502	TFs and others	EZH2	Neural	SF8628	597	1/2624	0/1	0	0	inf
SRX2009503	TFs and others	EZH2	Neural	SF8628	264	1/2624	0/1	0	0	inf
SRX2009504	TFs and others	EZH2	Neural	SF8628	535	1/2624	0/1	0	0	inf
SRX2009507	TFs and others	BRD2	Neural	SF8628	8466	782/2624	0/1	0	0	inf
SRX2009508	TFs and others	BRD2	Neural	SF8628	875	2/2624	0/1	0	0	inf
SRX2009509	TFs and others	BRD4	Neural	SF8628	4170	580/2624	0/1	0	0	inf
SRX2009510	TFs and others	BRD4	Neural	SF8628	1282	13/2624	0/1	0	0	inf
SRX2009518	TFs and others	BRD2	Neural	Diffuse intrinsic pontine glioma	11979	723/2624	0/1	0	0	inf
SRX2009519	TFs and others	BRD2	Neural	Diffuse intrinsic pontine glioma	503	1/2624	0/1	0	0	inf
SRX2009523	TFs and others	SUZ12	Neural	Diffuse intrinsic pontine glioma	1073	1/2624	0/1	0	0	inf
SRX2009524	TFs and others	SUZ12	Neural	Diffuse intrinsic pontine glioma	708	1/2624	0/1	0	0	inf
SRX2009525	TFs and others	EZH2	Neural	Diffuse intrinsic pontine glioma	901	1/2624	0/1	0	0	inf
SRX2009526	TFs and others	EZH2	Neural	Diffuse intrinsic pontine glioma	696	1/2624	0/1	0	0	inf
SRX2010836	TFs and others	EHF	Lung	NHBE	108	2/2624	0/1	0	0	inf
SRX2010837	TFs and others	EHF	Lung	NHBE	1812	92/2624	0/1	0	0	inf
SRX2010842	TFs and others	JUN	Lung	Calu-3	2787	85/2624	0/1	0	0	inf
SRX2010843	TFs and others	JUN	Lung	Calu-3	1123	32/2624	0/1	0	0	inf
SRX2010844	TFs and others	JUND	Lung	Calu-3	876	53/2624	0/1	0	0	inf
SRX2010845	TFs and others	JUND	Lung	Calu-3	5059	116/2624	0/1	0	0	inf
SRX2011490	TFs and others	EZH2	Neural	KELLY	365	1/2624	0/1	0	0	inf
SRX2011494	TFs and others	EZH2	Neural	LAN-1	458	1/2624	0/1	0	0	inf
SRX2013090	TFs and others	MYCN	Blood	CD34 Hematopoietic stem cells	484	21/2624	0/1	0	0	inf
SRX2013091	TFs and others	MYCN	Blood	CD34 Hematopoietic stem cells	493	21/2624	0/1	0	0	inf
SRX2013092	TFs and others	MYCN	Blood	CD34 Hematopoietic stem cells	507	16/2624	0/1	0	0	inf
SRX2013093	TFs and others	MYCN	Blood	CD34 Hematopoietic stem cells	510	28/2624	0/1	0	0	inf
SRX201314	TFs and others	AHR	Breast	MCF-7	5944	39/2624	0/1	0	0	inf
SRX201315	TFs and others	ARNT	Breast	MCF-7	3784	25/2624	0/1	0	0	inf
SRX2014505	TFs and others	TET2	Blood	Jurkat	53848	176/2624	0/1	0	0	inf
SRX2014554	TFs and others	SMC1A	Epidermis	Keratinocytes	12026	218/2624	0/1	0	0	inf
SRX2017926	TFs and others	AR	Prostate	LNCAP	15963	17/2624	0/1	0	0	inf
SRX2017927	TFs and others	AR	Prostate	LNCAP	6427	7/2624	0/1	0	0	inf
SRX2017928	TFs and others	FOXA1	Prostate	LNCAP	84424	249/2624	0/1	0	0	inf
SRX2017929	TFs and others	FOXA1	Prostate	LNCAP	97177	304/2624	0/1	0	0	inf
SRX2017934	TFs and others	HNF4G	Prostate	LNCAP	804	2/2624	0/1	0	0	inf
SRX2017935	TFs and others	HNF4G	Prostate	LNCAP	4038	42/2624	0/1	0	0	inf
SRX2017936	TFs and others	AR	Prostate	22Rv1	8809	299/2624	0/1	0	0	inf
SRX2017937	TFs and others	AR	Prostate	22Rv1	1737	139/2624	0/1	0	0	inf
SRX2017938	TFs and others	FOXA1	Prostate	22Rv1	40769	343/2624	0/1	0	0	inf
SRX2017939	TFs and others	FOXA1	Prostate	22Rv1	25382	175/2624	0/1	0	0	inf
SRX2017944	TFs and others	HNF4G	Prostate	22Rv1	10120	20/2624	0/1	0	0	inf
SRX2017945	TFs and others	HNF4G	Prostate	22Rv1	8903	19/2624	0/1	0	0	inf
SRX2020838	TFs and others	STAT3	Breast	MDA-MB-157	5250	88/2624	0/1	0	0	inf
SRX2020839	TFs and others	STAT3	Breast	MDA-MB-157	7202	140/2624	0/1	0	0	inf
SRX2020840	TFs and others	STAT3	Breast	MDA-MB-231	4071	116/2624	0/1	0	0	inf
SRX2020841	TFs and others	STAT3	Breast	MDA-MB-231	5622	178/2624	0/1	0	0	inf
SRX2020842	TFs and others	STAT3	Breast	HCC70	43422	1276/2624	0/1	0	0	inf
SRX2020843	TFs and others	STAT3	Breast	HCC70	21054	537/2624	0/1	0	0	inf
SRX2020844	TFs and others	STAT3	Breast	Breast cancer cells	2539	157/2624	0/1	0	0	inf
SRX2020845	TFs and others	STAT3	Breast	Breast cancer cells	2363	244/2624	0/1	0	0	inf
SRX2020846	TFs and others	STAT3	Breast	MDA-MB-468	3228	103/2624	0/1	0	0	inf
SRX2020847	TFs and others	STAT3	Breast	MDA-MB-468	16904	556/2624	0/1	0	0	inf
SRX2020848	TFs and others	STAT3	Breast	HCC1143	5605	155/2624	0/1	0	0	inf
SRX2020849	TFs and others	STAT3	Breast	HCC1143	2066	66/2624	0/1	0	0	inf
SRX2023698	TFs and others	GATA4	Pluripotent stem cell	iPS derived cardiac cells	2785	22/2624	0/1	0	0	inf
SRX2023704	TFs and others	MED1	Pluripotent stem cell	iPS derived cardiac cells	11	1/2624	0/1	0	0	inf
SRX2023706	TFs and others	GATA4	Pluripotent stem cell	iPS derived cardiac cells	798	5/2624	0/1	0	0	inf
SRX2023712	TFs and others	MED1	Pluripotent stem cell	iPS derived cardiac cells	1125	83/2624	0/1	0	0	inf
SRX2023713	TFs and others	TBX5	Pluripotent stem cell	iPS derived cardiac cells	3373	20/2624	0/1	0	0	inf
SRX2023714	TFs and others	GATA4	Pluripotent stem cell	iPS derived cardiac cells	845	14/2624	0/1	0	0	inf
SRX2023721	TFs and others	TBX5	Pluripotent stem cell	iPS derived cardiac cells	2649	13/2624	0/1	0	0	inf
SRX2023732	TFs and others	HDAC2	Pluripotent stem cell	iPS derived cardiac cells	17	2/2624	0/1	0	0	inf
SRX2023734	TFs and others	GATA4	Pluripotent stem cell	iPS derived cardiac cells	3087	21/2624	0/1	0	0	inf
SRX2023741	TFs and others	MED1	Pluripotent stem cell	iPS derived cardiac cells	12	1/2624	0/1	0	0	inf
SRX2023743	TFs and others	GATA4	Pluripotent stem cell	iPS derived cardiac cells	1214	7/2624	0/1	0	0	inf
SRX2023749	TFs and others	MED1	Pluripotent stem cell	iPS derived cardiac cells	413	15/2624	0/1	0	0	inf
SRX2023750	TFs and others	TBX5	Pluripotent stem cell	iPS derived cardiac cells	3825	24/2624	0/1	0	0	inf
SRX2023757	TFs and others	MED1	Pluripotent stem cell	iPS derived cardiac cells	162	8/2624	0/1	0	0	inf
SRX2023758	TFs and others	TBX5	Pluripotent stem cell	iPS derived cardiac cells	3072	11/2624	0/1	0	0	inf
SRX2023764	TFs and others	HDAC2	Pluripotent stem cell	iPS derived cardiac cells	1322	137/2624	0/1	0	0	inf
SRX2023766	TFs and others	GATA4	Pluripotent stem cell	iPS derived cardiac cells	404	4/2624	0/1	0	0	inf
SRX2023772	TFs and others	MED1	Pluripotent stem cell	iPS derived cardiac cells	414	16/2624	0/1	0	0	inf
SRX2023773	TFs and others	TBX5	Pluripotent stem cell	iPS derived cardiac cells	3822	24/2624	0/1	0	0	inf
SRX202967	TFs and others	RUNX1	Blood	SEM	42745	989/2624	0/1	0	0	inf
SRX203387	TFs and others	BRD4	Blood	Plasma Cells	163	1/2624	0/1	0	0	inf
SRX203388	TFs and others	BRD4	Blood	Plasma Cells	4499	284/2624	0/1	0	0	inf
SRX203389	TFs and others	MYC	Blood	Plasma Cells	313	16/2624	0/1	0	0	inf
SRX203390	TFs and others	CDK9	Blood	Plasma Cells	257	1/2624	0/1	0	0	inf
SRX203391	TFs and others	CDK9	Blood	Plasma Cells	9979	939/2624	0/1	0	0	inf
SRX203394	TFs and others	MAX	Blood	Plasma Cells	287	1/2624	0/1	0	0	inf
SRX203395	TFs and others	MED1	Blood	Plasma Cells	537	1/2624	0/1	0	0	inf
SRX204107	TFs and others	GRHL3	Epidermis	NHEK	1293	7/2624	0/1	0	0	inf
SRX204109	TFs and others	WDR5	Epidermis	NHEK	1720	4/2624	0/1	0	0	inf
SRX204162	TFs and others	SUMO1	Lung	WI-38	993	32/2624	0/1	0	0	inf
SRX204163	TFs and others	SUMO1	Lung	WI-38	9128	326/2624	0/1	0	0	inf
SRX204164	TFs and others	SUMO2	Lung	WI-38	1833	73/2624	0/1	0	0	inf
SRX204165	TFs and others	UBE2I	Lung	WI-38	560	1/2624	0/1	0	0	inf
SRX204171	TFs and others	SUMO1	Lung	WI-38	612	1/2624	0/1	0	0	inf
SRX204172	TFs and others	SUMO1	Lung	WI-38	2159	43/2624	0/1	0	0	inf
SRX204173	TFs and others	SUMO2	Lung	WI-38	1000	1/2624	0/1	0	0	inf
SRX204174	TFs and others	UBE2I	Lung	WI-38	560	1/2624	0/1	0	0	inf
SRX204179	TFs and others	PIAS4	Lung	WI-38	990	1/2624	0/1	0	0	inf
SRX204180	TFs and others	PIAS4	Lung	WI-38	1256	1/2624	0/1	0	0	inf
SRX2043226	TFs and others	TCF3	Blood	SEM	7021	220/2624	0/1	0	0	inf
SRX2043228	TFs and others	EP300	Blood	SEM	1124	4/2624	0/1	0	0	inf
SRX2043231	TFs and others	EP300	Blood	RCH-ACV	13722	193/2624	0/1	0	0	inf
SRX204408	TFs and others	BRD4	Blood	P493-6	4382	217/2624	0/1	0	0	inf
SRX204409	TFs and others	BRD4	Blood	P493-6	1893	83/2624	0/1	0	0	inf
SRX204411	TFs and others	MYC	Blood	P493-6	4365	416/2624	0/1	0	0	inf
SRX204414	TFs and others	MED1	Blood	P493-6	480	2/2624	0/1	0	0	inf
SRX204662	TFs and others	RBBP5	Kidney	293	958	153/2624	0/1	0	0	inf
SRX204898	TFs and others	Epitope tags	Gonad	SK-OV-3	197	1/2624	0/1	0	0	inf
SRX204899	TFs and others	Epitope tags	Gonad	SK-OV-3	177	1/2624	0/1	0	0	inf
SRX204900	TFs and others	BRD4	Lung	NCI-H2171	26908	1200/2624	0/1	0	0	inf
SRX204901	TFs and others	BRD4	Blood	MM.1S	4470	376/2624	0/1	0	0	inf
SRX204904	TFs and others	BRD4	Blood	MM.1S	3019	312/2624	0/1	0	0	inf
SRX204914	TFs and others	BRD4	Neural	U-87 MG	30566	1185/2624	0/1	0	0	inf
SRX205164	TFs and others	TAL1	Blood	Erythroid Cells	2530	4/2624	0/1	0	0	inf
SRX205165	TFs and others	TAL1	Blood	Erythroid Cells	4370	6/2624	0/1	0	0	inf
SRX205166	TFs and others	TAL1	Blood	Erythroid Cells	2138	4/2624	0/1	0	0	inf
SRX205167	TFs and others	TAL1	Blood	Erythroid Cells	3234	5/2624	0/1	0	0	inf
SRX2055842	TFs and others	ETS1	Kidney	Renal cell carcinoma	9819	1042/2624	0/1	0	0	inf
SRX2055843	TFs and others	RELA	Kidney	Renal cell carcinoma	8685	657/2624	0/1	0	0	inf
SRX2055844	TFs and others	EP300	Kidney	Renal cell carcinoma	17509	839/2624	0/1	0	0	inf
SRX2055845	TFs and others	JUN	Kidney	Renal cell carcinoma	6547	172/2624	0/1	0	0	inf
SRX2059877	TFs and others	MGEA5	Blood	BJAB	5207	502/2624	0/1	0	0	inf
SRX2060918	TFs and others	TP53	Digestive tract	HCT 116	794	5/2624	0/1	0	0	inf
SRX2060919	TFs and others	TP53	Digestive tract	HCT 116	4882	28/2624	0/1	0	0	inf
SRX2060921	TFs and others	TP53	Breast	MCF-7	708	4/2624	0/1	0	0	inf
SRX2060922	TFs and others	TP53	Breast	MCF-7	17845	297/2624	0/1	0	0	inf
SRX2060924	TFs and others	TP53	Bone	SJSA-1	1930	19/2624	0/1	0	0	inf
SRX2060925	TFs and others	TP53	Bone	SJSA-1	9415	52/2624	0/1	0	0	inf
SRX2064714	TFs and others	RAD21	Digestive tract	HCT 116	23445	1097/2624	0/1	0	0	inf
SRX2064715	TFs and others	RAD21	Digestive tract	HCT 116	24689	1020/2624	0/1	0	0	inf
SRX2064716	TFs and others	RAD21	Digestive tract	HCT 116	24614	1096/2624	0/1	0	0	inf
SRX2064717	TFs and others	RAD21	Digestive tract	HCT 116	25082	828/2624	0/1	0	0	inf
SRX2067666	TFs and others	ERG	Prostate	RWPE-1	342	1/2624	0/1	0	0	inf
SRX2067667	TFs and others	EZH2	Prostate	RWPE-1	122	1/2624	0/1	0	0	inf
SRX2067668	TFs and others	EZH2	Prostate	RWPE-1	438	1/2624	0/1	0	0	inf
SRX2067669	TFs and others	EZH2	Prostate	RWPE-1	416	1/2624	0/1	0	0	inf
SRX2067986	TFs and others	ZMYND11	Prostate	DU 145	600	1/2624	0/1	0	0	inf
SRX2067987	TFs and others	ZMYND11	Prostate	DU 145	693	1/2624	0/1	0	0	inf
SRX2067988	TFs and others	ETS2	Prostate	DU 145	363	1/2624	0/1	0	0	inf
SRX206835	TFs and others	RUNX1	Blood	Jurkat	1352	14/2624	0/1	0	0	inf
SRX206838	TFs and others	EED	Prostate	DU 145	1415	6/2624	0/1	0	0	inf
SRX206839	TFs and others	EED	Prostate	DU 145	667	1/2624	0/1	0	0	inf
SRX208484	TFs and others	TP53	Lung	IMR-90	951	2/2624	0/1	0	0	inf
SRX208485	TFs and others	TP53	Lung	IMR-90	2556	2/2624	0/1	0	0	inf
SRX208486	TFs and others	TP53	Lung	IMR-90	1712	2/2624	0/1	0	0	inf
SRX2085891	TFs and others	Epitope tags	Kidney	293	288	2/2624	0/1	0	0	inf
SRX2085892	TFs and others	Epitope tags	Kidney	293	264	3/2624	0/1	0	0	inf
SRX2085893	TFs and others	Epitope tags	Kidney	293	326	1/2624	0/1	0	0	inf
SRX209673	TFs and others	EP300	Neural	Fetal brain	4672	179/2624	0/1	0	0	inf
SRX210702	TFs and others	Epitope tags	Uterus	HeLa	4878	2/2624	0/1	0	0	inf
SRX210703	TFs and others	Epitope tags	Uterus	HeLa	4900	2/2624	0/1	0	0	inf
SRX210719	TFs and others	MYC	Kidney	293	1215	1/2624	0/1	0	0	inf
SRX210720	TFs and others	MYC	Kidney	293	2799	2/2624	0/1	0	0	inf
SRX2109209	TFs and others	MYC	Breast	Mammary epithelial cells	414	2/2624	0/1	0	0	inf
SRX2109214	TFs and others	MYC	Breast	Mammary epithelial cells	594	7/2624	0/1	0	0	inf
SRX2109219	TFs and others	MYC	Breast	Mammary epithelial cells	668	11/2624	0/1	0	0	inf
SRX212182	TFs and others	RELA	Lung	Lung fibroblasts	366	3/2624	0/1	0	0	inf
SRX212183	TFs and others	RELA	Lung	Lung fibroblasts	10998	107/2624	0/1	0	0	inf
SRX212184	TFs and others	EP300	Lung	Lung fibroblasts	19413	486/2624	0/1	0	0	inf
SRX212185	TFs and others	EP300	Lung	Lung fibroblasts	8458	178/2624	0/1	0	0	inf
SRX212197	TFs and others	CTCF	Lung	Lung fibroblasts	27655	470/2624	0/1	0	0	inf
SRX212318	TFs and others	CTCF	Blood	Monocytes	335	6/2624	0/1	0	0	inf
SRX212319	TFs and others	CTCF	Blood	Macrophages	783	3/2624	0/1	0	0	inf
SRX212351	TFs and others	HIF1A	Blood	Macrophages	399	1/2624	0/1	0	0	inf
SRX212352	TFs and others	HIF1A	Blood	Macrophages	441	1/2624	0/1	0	0	inf
SRX212353	TFs and others	HIF1A	Blood	Macrophages	449	3/2624	0/1	0	0	inf
SRX212354	TFs and others	HIF1A	Blood	Macrophages	479	6/2624	0/1	0	0	inf
SRX212355	TFs and others	EPAS1	Blood	Macrophages	395	1/2624	0/1	0	0	inf
SRX212356	TFs and others	EPAS1	Blood	Macrophages	430	1/2624	0/1	0	0	inf
SRX212357	TFs and others	EPAS1	Blood	Macrophages	413	1/2624	0/1	0	0	inf
SRX212358	TFs and others	EPAS1	Blood	Macrophages	469	4/2624	0/1	0	0	inf
SRX212359	TFs and others	HIF1A	Blood	Macrophages	369	1/2624	0/1	0	0	inf
SRX212360	TFs and others	HIF1A	Blood	Macrophages	492	1/2624	0/1	0	0	inf
SRX212361	TFs and others	HIF1A	Blood	Macrophages	376	2/2624	0/1	0	0	inf
SRX212362	TFs and others	HIF1A	Blood	Macrophages	369	1/2624	0/1	0	0	inf
SRX212363	TFs and others	EPAS1	Blood	Macrophages	377	1/2624	0/1	0	0	inf
SRX212364	TFs and others	EPAS1	Blood	Macrophages	373	1/2624	0/1	0	0	inf
SRX212365	TFs and others	EPAS1	Blood	Macrophages	365	1/2624	0/1	0	0	inf
SRX212366	TFs and others	EPAS1	Blood	Macrophages	347	1/2624	0/1	0	0	inf
SRX212375	TFs and others	TP63	Prostate	EP156T	3466	15/2624	0/1	0	0	inf
SRX212431	TFs and others	STAT5	Blood	Treg	559	8/2624	0/1	0	0	inf
SRX212432	TFs and others	STAT5	Blood	Treg	400	3/2624	0/1	0	0	inf
SRX212433	TFs and others	STAT5	Blood	CD4+ T cells	515	1/2624	0/1	0	0	inf
SRX212434	TFs and others	STAT5	Blood	CD4+ T cells	436	3/2624	0/1	0	0	inf
SRX212437	TFs and others	ETS1	Blood	Treg	336	12/2624	0/1	0	0	inf
SRX212438	TFs and others	ETS1	Blood	Treg	361	15/2624	0/1	0	0	inf
SRX212439	TFs and others	ETS1	Blood	Treg	3295	377/2624	0/1	0	0	inf
SRX212440	TFs and others	ETS1	Blood	CD4+ T cells	973	97/2624	0/1	0	0	inf
SRX212441	TFs and others	ETS1	Blood	CD4+ T cells	2841	363/2624	0/1	0	0	inf
SRX212442	TFs and others	RUNX1	Blood	Treg	511	8/2624	0/1	0	0	inf
SRX212443	TFs and others	RUNX1	Blood	CD4+ T cells	455	23/2624	0/1	0	0	inf
SRX212444	TFs and others	RUNX1	Blood	CD4+ T cells	1165	81/2624	0/1	0	0	inf
SRX212445	TFs and others	FOXP3	Blood	Treg	551	34/2624	0/1	0	0	inf
SRX212446	TFs and others	FOXP3	Blood	Treg	246	4/2624	0/1	0	0	inf
SRX212447	TFs and others	FOXP3	Blood	CD4+ T cells	431	1/2624	0/1	0	0	inf
SRX212448	TFs and others	FOXP3	Blood	CD4+ T cells	393	1/2624	0/1	0	0	inf
SRX212643	TFs and others	ZFX	Blood	NOMO-1	756	21/2624	0/1	0	0	inf
SRX212645	TFs and others	ZFX	Blood	RPMI 8402	509	2/2624	0/1	0	0	inf
SRX212647	TFs and others	STAT1	Blood	Monocytes-CD14+	4487	411/2624	0/1	0	0	inf
SRX212652	TFs and others	STAT1	Blood	Monocytes-CD14+	14630	1176/2624	0/1	0	0	inf
SRX212661	TFs and others	IRF1	Blood	Monocytes-CD14+	1487	14/2624	0/1	0	0	inf
SRX212662	TFs and others	IRF1	Blood	Monocytes-CD14+	13194	264/2624	0/1	0	0	inf
SRX212663	TFs and others	IRF1	Blood	Monocytes-CD14+	3571	51/2624	0/1	0	0	inf
SRX212664	TFs and others	IRF1	Blood	Monocytes-CD14+	4664	55/2624	0/1	0	0	inf
SRX213628	TFs and others	MYC	Uterus	HeLa	11770	989/2624	0/1	0	0	inf
SRX213629	TFs and others	MAX	Uterus	HeLa	14968	1020/2624	0/1	0	0	inf
SRX213875	TFs and others	EP300	Breast	MCF-7	362	21/2624	0/1	0	0	inf
SRX2140208	TFs and others	HDAC4	Blood	MM.1S	700	15/2624	0/1	0	0	inf
SRX2140209	TFs and others	HDAC3	Blood	MM.1S	1572	125/2624	0/1	0	0	inf
SRX2140211	TFs and others	HDAC2	Blood	MM.1S	4677	207/2624	0/1	0	0	inf
SRX2140213	TFs and others	CCND2	Blood	MM.1S	297	8/2624	0/1	0	0	inf
SRX2140214	TFs and others	CDKN1B	Blood	MM.1S	279	1/2624	0/1	0	0	inf
SRX2140215	TFs and others	CDKN1B	Blood	MM.1S	341	1/2624	0/1	0	0	inf
SRX2140216	TFs and others	CCND2	Blood	MM.1S	2919	423/2624	0/1	0	0	inf
SRX2140286	TFs and others	AR	Prostate	LNCAP	508	1/2624	0/1	0	0	inf
SRX2140287	TFs and others	AR	Prostate	LNCAP	559	1/2624	0/1	0	0	inf
SRX2140289	TFs and others	AR	Prostate	LNCAP	541	1/2624	0/1	0	0	inf
SRX2140291	TFs and others	AR	Prostate	LNCAP	236	1/2624	0/1	0	0	inf
SRX2140294	TFs and others	AR	Pluripotent stem cell	hESC derived neural cells	575	1/2624	0/1	0	0	inf
SRX2140296	TFs and others	AR	Pluripotent stem cell	hESC derived neural cells	545	1/2624	0/1	0	0	inf
SRX2140297	TFs and others	AR	Pluripotent stem cell	hESC derived neural cells	533	1/2624	0/1	0	0	inf
SRX2140299	TFs and others	AR	Pluripotent stem cell	hESC derived neural cells	609	1/2624	0/1	0	0	inf
SRX2140301	TFs and others	AR	Pluripotent stem cell	hESC derived neural cells	537	1/2624	0/1	0	0	inf
SRX2140302	TFs and others	AR	Pluripotent stem cell	hESC derived neural cells	550	1/2624	0/1	0	0	inf
SRX2143792	TFs and others	MYC	Bone	HT-1080	1189	96/2624	0/1	0	0	inf
SRX2143793	TFs and others	MEN1	Bone	HT-1080	366	1/2624	0/1	0	0	inf
SRX2144095	TFs and others	Epitope tags	Neural	U-87 MG	474	1/2624	0/1	0	0	inf
SRX2144097	TFs and others	Epitope tags	Neural	U-87 MG	292	1/2624	0/1	0	0	inf
SRX2144099	TFs and others	Epitope tags	Neural	BT168	130	1/2624	0/1	0	0	inf
SRX2144101	TFs and others	Epitope tags	Neural	BT168	150	1/2624	0/1	0	0	inf
SRX2144103	TFs and others	MYC	Neural	U-87 MG	343	1/2624	0/1	0	0	inf
SRX2144104	TFs and others	MYC	Neural	U-87 MG	369	1/2624	0/1	0	0	inf
SRX2144111	TFs and others	MYC	Neural	BT168	570	3/2624	0/1	0	0	inf
SRX2144112	TFs and others	MYC	Neural	BT168	619	1/2624	0/1	0	0	inf
SRX2145563	TFs and others	ESR1	Breast	MCF-7	7645	35/2624	0/1	0	0	inf
SRX2145566	TFs and others	ESR1	Breast	MCF-7	1864	6/2624	0/1	0	0	inf
SRX2145567	TFs and others	ESR1	Breast	MCF-7	9823	50/2624	0/1	0	0	inf
SRX2145568	TFs and others	RUNX2	Breast	MCF-7	16054	820/2624	0/1	0	0	inf
SRX2145569	TFs and others	RUNX2	Breast	MCF-7	16678	843/2624	0/1	0	0	inf
SRX2146136	TFs and others	EZH2	Prostate	LNCAP	28508	158/2624	0/1	0	0	inf
SRX2163140	TFs and others	FOXA1	Others	RT4	12619	162/2624	0/1	0	0	inf
SRX2163142	TFs and others	FOXA1	Others	RT4	26670	384/2624	0/1	0	0	inf
SRX2164786	TFs and others	NKX2-1	Lung	A549	53092	732/2624	0/1	0	0	inf
SRX2164788	TFs and others	NKX2-1	Lung	A549	655	9/2624	0/1	0	0	inf
SRX2164790	TFs and others	SPDEF	Lung	A549	296	19/2624	0/1	0	0	inf
SRX2164792	TFs and others	SPDEF	Lung	A549	158	5/2624	0/1	0	0	inf
SRX2166885	TFs and others	BRD4	Neural	Retina	300	4/2624	0/1	0	0	inf
SRX2166886	TFs and others	BRD4	Neural	Retina	13455	1308/2624	0/1	0	0	inf
SRX2166887	TFs and others	BRD4	Neural	Retina	10070	1036/2624	0/1	0	0	inf
SRX2166888	TFs and others	BRD4	Neural	Retina	7623	687/2624	0/1	0	0	inf
SRX2166890	TFs and others	CTCF	Neural	Retina	19290	472/2624	0/1	0	0	inf
SRX2166891	TFs and others	CTCF	Neural	Retina	22649	554/2624	0/1	0	0	inf
SRX2166892	TFs and others	CTCF	Neural	Retina	11140	320/2624	0/1	0	0	inf
SRX2166893	TFs and others	CTCF	Neural	Retina	19533	506/2624	0/1	0	0	inf
SRX2166894	TFs and others	CTCF	Neural	Retina	12586	280/2624	0/1	0	0	inf
SRX2166895	TFs and others	CTCF	Neural	Retina	8483	225/2624	0/1	0	0	inf
SRX2178947	TFs and others	ZMYND8	Kidney	293	345	1/2624	0/1	0	0	inf
SRX2178948	TFs and others	ZMYND8	Kidney	293	416	1/2624	0/1	0	0	inf
SRX218217	TFs and others	HSF1	Blood	K-562	243	2/2624	0/1	0	0	inf
SRX218218	TFs and others	HSF2	Blood	K-562	399	2/2624	0/1	0	0	inf
SRX218220	TFs and others	HSF1	Blood	K-562	293	3/2624	0/1	0	0	inf
SRX218221	TFs and others	HSF2	Blood	K-562	312	3/2624	0/1	0	0	inf
SRX218224	TFs and others	HSF1	Blood	K-562	113	2/2624	0/1	0	0	inf
SRX218225	TFs and others	HSF2	Blood	K-562	256	2/2624	0/1	0	0	inf
SRX218227	TFs and others	HSF1	Blood	K-562	91	3/2624	0/1	0	0	inf
SRX218228	TFs and others	HSF2	Blood	K-562	383	2/2624	0/1	0	0	inf
SRX218421	TFs and others	EP300	Blood	Erythroid Cells	4261	568/2624	0/1	0	0	inf
SRX2188672	TFs and others	BRCA1	Bone	TC-32	2450	458/2624	0/1	0	0	inf
SRX2188673	TFs and others	BRCA1	Bone	TC-32	762	142/2624	0/1	0	0	inf
SRX2188678	TFs and others	BRCA1	Bone	EWS502	942	176/2624	0/1	0	0	inf
SRX2188679	TFs and others	BRCA1	Bone	EWS502	531	87/2624	0/1	0	0	inf
SRX2188684	TFs and others	BRCA1	Lung	IMR-90	314	36/2624	0/1	0	0	inf
SRX2188685	TFs and others	BRCA1	Lung	IMR-90	188	23/2624	0/1	0	0	inf
SRX2188690	TFs and others	BRCA1	Bone	U2OS	2307	418/2624	0/1	0	0	inf
SRX2188691	TFs and others	BRCA1	Bone	U2OS	875	173/2624	0/1	0	0	inf
SRX219284	TFs and others	FOXA1	Prostate	LNCAP	99233	353/2624	0/1	0	0	inf
SRX219285	TFs and others	FOXA1	Prostate	LNCAP	77723	190/2624	0/1	0	0	inf
SRX2194231	TFs and others	BRD4	Breast	SUM 159PT	8726	603/2624	0/1	0	0	inf
SRX2194232	TFs and others	BRD4	Breast	SUM 159PT	12633	657/2624	0/1	0	0	inf
SRX2194233	TFs and others	BRD4	Breast	SUM 159PT	4441	311/2624	0/1	0	0	inf
SRX2194234	TFs and others	BRD4	Breast	SUM 159PT	7476	535/2624	0/1	0	0	inf
SRX2194235	TFs and others	MED1	Breast	SUM 159PT	2768	169/2624	0/1	0	0	inf
SRX2194236	TFs and others	MED1	Breast	SUM 159PT	1619	38/2624	0/1	0	0	inf
SRX2194237	TFs and others	MED1	Breast	SUM 159PT	3167	139/2624	0/1	0	0	inf
SRX2194238	TFs and others	MED1	Breast	SUM 159PT	974	13/2624	0/1	0	0	inf
SRX2194239	TFs and others	EP300	Breast	SUM 159PT	3340	68/2624	0/1	0	0	inf
SRX2194240	TFs and others	EP300	Breast	SUM 159PT	723	2/2624	0/1	0	0	inf
SRX2194241	TFs and others	EP300	Breast	SUM 159PT	1797	29/2624	0/1	0	0	inf
SRX2194242	TFs and others	EP300	Breast	SUM 159PT	1802	20/2624	0/1	0	0	inf
SRX2194247	TFs and others	CEBPB	Breast	SUM 159PT	30651	270/2624	0/1	0	0	inf
SRX2194248	TFs and others	CEBPB	Breast	SUM 159PT	31872	200/2624	0/1	0	0	inf
SRX2194249	TFs and others	CEBPB	Breast	SUM 159PT	38434	260/2624	0/1	0	0	inf
SRX2194250	TFs and others	CEBPB	Breast	SUM 159PT	45705	310/2624	0/1	0	0	inf
SRX2194256	TFs and others	BRD4	Breast	HCC1806	3154	164/2624	0/1	0	0	inf
SRX2194257	TFs and others	BRD4	Breast	HCC1806	6822	397/2624	0/1	0	0	inf
SRX2194258	TFs and others	BRD4	Breast	HCC1806	1449	90/2624	0/1	0	0	inf
SRX2194259	TFs and others	BRD4	Breast	HCC1806	3166	235/2624	0/1	0	0	inf
SRX2194265	TFs and others	EP300	Breast	SUM 159PT	33613	774/2624	0/1	0	0	inf
SRX2194266	TFs and others	EP300	Breast	SUM 159PT	40733	708/2624	0/1	0	0	inf
SRX2194267	TFs and others	EP300	Breast	SUM 159PT	9290	92/2624	0/1	0	0	inf
SRX2194268	TFs and others	EP300	Breast	SUM 159PT	14470	131/2624	0/1	0	0	inf
SRX2194281	TFs and others	BRD4	Breast	SUM 159PT	8874	463/2624	0/1	0	0	inf
SRX2194283	TFs and others	BRD4	Breast	SUM 159PT	19859	1130/2624	0/1	0	0	inf
SRX2194284	TFs and others	BRD4	Breast	SUM 159PT	10532	411/2624	0/1	0	0	inf
SRX2194286	TFs and others	BRD4	Breast	SUM 229PE	13418	1125/2624	0/1	0	0	inf
SRX2194287	TFs and others	BRD4	Breast	SUM 229PE	7756	548/2624	0/1	0	0	inf
SRX2194289	TFs and others	BRD4	Breast	SUM 229PE	8177	534/2624	0/1	0	0	inf
SRX2194290	TFs and others	BRD4	Breast	SUM 229PE	10825	690/2624	0/1	0	0	inf
SRX2198831	TFs and others	LARP7	Uterus	HeLa	12073	374/2624	0/1	0	0	inf
SRX2198832	TFs and others	LARP7	Uterus	HeLa	695	2/2624	0/1	0	0	inf
SRX2198833	TFs and others	LARP7	Uterus	HeLa	1033	31/2624	0/1	0	0	inf
SRX2198834	TFs and others	LARP7	Uterus	HeLa	442	1/2624	0/1	0	0	inf
SRX219988	TFs and others	AR	Prostate	LNCAP	456	1/2624	0/1	0	0	inf
SRX219989	TFs and others	AR	Prostate	LNCAP	489	1/2624	0/1	0	0	inf
SRX220000	TFs and others	AR	Prostate	LNCAP	4464	5/2624	0/1	0	0	inf
SRX220001	TFs and others	AR	Prostate	LNCAP	3698	5/2624	0/1	0	0	inf
SRX220061	TFs and others	PGR	Cardiovascular	HUVEC	421	1/2624	0/1	0	0	inf
SRX220062	TFs and others	PGR	Cardiovascular	HUVEC	1314	6/2624	0/1	0	0	inf
SRX220063	TFs and others	PGR	Cardiovascular	HUVEC	320	1/2624	0/1	0	0	inf
SRX220075	TFs and others	AR	Prostate	LNCAP	6264	5/2624	0/1	0	0	inf
SRX220076	TFs and others	AR	Prostate	LNCAP	6860	4/2624	0/1	0	0	inf
SRX220079	TFs and others	AR	Prostate	LNCAP	21780	11/2624	0/1	0	0	inf
SRX220080	TFs and others	AR	Prostate	LNCAP	31259	16/2624	0/1	0	0	inf
SRX220083	TFs and others	AR	Prostate	Prostate cancer	816	1/2624	0/1	0	0	inf
SRX220084	TFs and others	AR	Prostate	Prostate cancer	795	1/2624	0/1	0	0	inf
SRX220085	TFs and others	AR	Prostate	Prostate cancer	639	1/2624	0/1	0	0	inf
SRX220086	TFs and others	AR	Prostate	Prostate cancer	637	1/2624	0/1	0	0	inf
SRX220087	TFs and others	AR	Prostate	Prostate cancer	874	2/2624	0/1	0	0	inf
SRX220088	TFs and others	AR	Prostate	Prostate cancer	800	2/2624	0/1	0	0	inf
SRX220089	TFs and others	AR	Prostate	Prostate cancer	671	2/2624	0/1	0	0	inf
SRX220090	TFs and others	AR	Prostate	Prostate cancer	778	1/2624	0/1	0	0	inf
SRX220091	TFs and others	AR	Prostate	Prostate cancer	2257	3/2624	0/1	0	0	inf
SRX220092	TFs and others	AR	Prostate	Prostate cancer	2495	3/2624	0/1	0	0	inf
SRX220093	TFs and others	AR	Prostate	Prostate cancer	584	1/2624	0/1	0	0	inf
SRX220094	TFs and others	AR	Prostate	Prostate cancer	622	1/2624	0/1	0	0	inf
SRX2203276	TFs and others	PAX6	Pancreas	EndoC-BH1	986	6/2624	0/1	0	0	inf
SRX2203277	TFs and others	PAX6	Pancreas	EndoC-BH1	948	5/2624	0/1	0	0	inf
SRX2207669	TFs and others	NOTCH1	Cardiovascular	HUVEC	14848	94/2624	0/1	0	0	inf
SRX2207670	TFs and others	RBPJ	Cardiovascular	HUVEC	17462	498/2624	0/1	0	0	inf
SRX2207671	TFs and others	RELA	Cardiovascular	HUVEC	16549	210/2624	0/1	0	0	inf
SRX2207915	TFs and others	ATF3	Epidermis	CS1AN	1271	6/2624	0/1	0	0	inf
SRX2207916	TFs and others	ATF3	Epidermis	CS1AN	5999	251/2624	0/1	0	0	inf
SRX2207917	TFs and others	ATF3	Epidermis	CS1AN	339	1/2624	0/1	0	0	inf
SRX2207923	TFs and others	MDM2	Epidermis	CS1AN	976	1/2624	0/1	0	0	inf
SRX2207924	TFs and others	MDM2	Epidermis	CS1AN	354	1/2624	0/1	0	0	inf
SRX2207925	TFs and others	ERCC6	Epidermis	CS1AN	1400	2/2624	0/1	0	0	inf
SRX2207926	TFs and others	ERCC6	Epidermis	CS1AN	2314	7/2624	0/1	0	0	inf
SRX2207927	TFs and others	PSMD1	Epidermis	CS1AN	1481	1/2624	0/1	0	0	inf
SRX2207928	TFs and others	PSMB5	Epidermis	CS1AN	314	1/2624	0/1	0	0	inf
SRX2207929	TFs and others	ERCC8	Epidermis	CS1AN	655	1/2624	0/1	0	0	inf
SRX2207930	TFs and others	ERCC8	Epidermis	CS1AN	4382	2/2624	0/1	0	0	inf
SRX220959	TFs and others	CBFA2T3	Blood	CAL-1	428	1/2624	0/1	0	0	inf
SRX220960	TFs and others	TCF4	Blood	CAL-1	4012	31/2624	0/1	0	0	inf
SRX2210485	TFs and others	ASCL1	Unclassified	Unclassified	598	1/2624	0/1	0	0	inf
SRX2210486	TFs and others	ASCL1	Unclassified	Unclassified	561	1/2624	0/1	0	0	inf
SRX2210487	TFs and others	ASCL1	Unclassified	Unclassified	541	1/2624	0/1	0	0	inf
SRX2210488	TFs and others	ASCL1	Unclassified	Unclassified	961	4/2624	0/1	0	0	inf
SRX2210489	TFs and others	ASCL1	Unclassified	Unclassified	1396	5/2624	0/1	0	0	inf
SRX2210490	TFs and others	ASCL1	Unclassified	Unclassified	1253	5/2624	0/1	0	0	inf
SRX2210491	TFs and others	ASCL1	Unclassified	Unclassified	669	1/2624	0/1	0	0	inf
SRX2210492	TFs and others	ASCL1	Unclassified	Unclassified	697	1/2624	0/1	0	0	inf
SRX222272	TFs and others	ESR1	Prostate	VCaP	1396	1/2624	0/1	0	0	inf
SRX222273	TFs and others	ESR1	Prostate	VCaP	9623	2/2624	0/1	0	0	inf
SRX222274	TFs and others	ESR1	Prostate	VCaP	1553	3/2624	0/1	0	0	inf
SRX222275	TFs and others	ESR1	Prostate	NCI-H660	7819	2/2624	0/1	0	0	inf
SRX2234299	TFs and others	Epitope tags	Kidney	293	385	1/2624	0/1	0	0	inf
SRX2236973	TFs and others	CTCF	Bone	U2OS	12110	104/2624	0/1	0	0	inf
SRX2242953	TFs and others	RBPJ	Neural	GSC8	3507	197/2624	0/1	0	0	inf
SRX2242954	TFs and others	RBPJ	Neural	GSC8	6707	423/2624	0/1	0	0	inf
SRX2242955	TFs and others	RBPJ	Neural	GSC8	531	11/2624	0/1	0	0	inf
SRX2242956	TFs and others	NOTCH1	Neural	GSC8	522	7/2624	0/1	0	0	inf
SRX2242957	TFs and others	NOTCH1	Neural	GSC8	167	2/2624	0/1	0	0	inf
SRX2242958	TFs and others	NOTCH1	Neural	GSC8	39	1/2624	0/1	0	0	inf
SRX2245086	TFs and others	Epitope tags	Blood	Lymphoblastoid cell line	417	1/2624	0/1	0	0	inf
SRX2245087	TFs and others	Epitope tags	Blood	Lymphoblastoid cell line	717	5/2624	0/1	0	0	inf
SRX2245088	TFs and others	Epitope tags	Blood	Lymphoblastoid cell line	502	2/2624	0/1	0	0	inf
SRX2245089	TFs and others	Epitope tags	Blood	Lymphoblastoid cell line	1352	10/2624	0/1	0	0	inf
SRX2245090	TFs and others	Epitope tags	Blood	Lymphoblastoid cell line	329	1/2624	0/1	0	0	inf
SRX2245091	TFs and others	Epitope tags	Blood	Lymphoblastoid cell line	644	8/2624	0/1	0	0	inf
SRX2245092	TFs and others	Epitope tags	Blood	Lymphoblastoid cell line	721	7/2624	0/1	0	0	inf
SRX2245437	TFs and others	ZEB1	Pancreas	MIA Paca-2	1220	65/2624	0/1	0	0	inf
SRX2245439	TFs and others	ZEB1	Digestive tract	RKO	1220	56/2624	0/1	0	0	inf
SRX2245441	TFs and others	ZEB1	Pancreas	MIA Paca-2	507	2/2624	0/1	0	0	inf
SRX2245442	TFs and others	ZEB1	Pancreas	MIA Paca-2	556	4/2624	0/1	0	0	inf
SRX2245491	TFs and others	BRD4	Blood	K-562	141	1/2624	0/1	0	0	inf
SRX2245492	TFs and others	BRD4	Blood	K-562	236	1/2624	0/1	0	0	inf
SRX2245495	TFs and others	BRD4	Blood	MV-4-11	252	1/2624	0/1	0	0	inf
SRX2245496	TFs and others	BRD4	Blood	MV-4-11	277	2/2624	0/1	0	0	inf
SRX2245499	TFs and others	CEBPA	Blood	MV-4-11	21045	365/2624	0/1	0	0	inf
SRX2245500	TFs and others	CEBPB	Blood	MV-4-11	18874	322/2624	0/1	0	0	inf
SRX2245587	TFs and others	SMAD2	Pancreas	PANC-1	452	1/2624	0/1	0	0	inf
SRX2245588	TFs and others	SMAD2	Pancreas	PANC-1	577	3/2624	0/1	0	0	inf
SRX2250317	TFs and others	TP63	Others	JHU-029	6094	33/2624	0/1	0	0	inf
SRX2250891	TFs and others	TFEB	Cardiovascular	HUVEC	1885	29/2624	0/1	0	0	inf
SRX2251216	TFs and others	BRD4	Prostate	C4-2	1869	1/2624	0/1	0	0	inf
SRX2251217	TFs and others	BRD4	Prostate	C4-2	1514	1/2624	0/1	0	0	inf
SRX2251218	TFs and others	BRD4	Prostate	C4-2	3151	680/2624	0/1	0	0	inf
SRX2251219	TFs and others	BRD4	Prostate	C4-2	253	1/2624	0/1	0	0	inf
SRX2251220	TFs and others	BRD4	Prostate	C4-2	3256	499/2624	0/1	0	0	inf
SRX2251221	TFs and others	BRD4	Prostate	C4-2	127	1/2624	0/1	0	0	inf
SRX2251222	TFs and others	BRD4	Prostate	C4-2	502	1/2624	0/1	0	0	inf
SRX2251223	TFs and others	BRD4	Prostate	C4-2	29879	765/2624	0/1	0	0	inf
SRX2251224	TFs and others	BRD4	Prostate	C4-2	6987	191/2624	0/1	0	0	inf
SRX2251225	TFs and others	BRD4	Prostate	C4-2	24585	632/2624	0/1	0	0	inf
SRX2253219	TFs and others	CD74	Blood	B cells	404	2/2624	0/1	0	0	inf
SRX2253220	TFs and others	CD74	Blood	B cells	455	2/2624	0/1	0	0	inf
SRX2253222	TFs and others	CD74	Blood	B cells	270	1/2624	0/1	0	0	inf
SRX2253223	TFs and others	CD74	Blood	B cells	394	1/2624	0/1	0	0	inf
SRX2253225	TFs and others	CD74	Blood	B cells	477	4/2624	0/1	0	0	inf
SRX2253226	TFs and others	CD74	Blood	B cells	367	4/2624	0/1	0	0	inf
SRX2253228	TFs and others	CD74	Blood	B cells	196	1/2624	0/1	0	0	inf
SRX2254535	TFs and others	KLF5	Others	BICR 31	4181	273/2624	0/1	0	0	inf
SRX2254544	TFs and others	Epitope tags	Kidney	293	53	2/2624	0/1	0	0	inf
SRX2254546	TFs and others	EP300	Others	BICR 31	63	3/2624	0/1	0	0	inf
SRX2254716	TFs and others	TRF2	Muscle	Myotube	714	1/2624	0/1	0	0	inf
SRX2254717	TFs and others	TRF2	Muscle	Myotube	862	1/2624	0/1	0	0	inf
SRX2254718	TFs and others	TRF2	Muscle	Myotube	540	3/2624	0/1	0	0	inf
SRX2254719	TFs and others	TRF2	Muscle	Myotube	589	3/2624	0/1	0	0	inf
SRX2255894	TFs and others	Epitope tags	Kidney	293	11566	24/2624	0/1	0	0	inf
SRX2255895	TFs and others	Epitope tags	Kidney	293	5480	11/2624	0/1	0	0	inf
SRX2255896	TFs and others	Epitope tags	Kidney	293	1060	1/2624	0/1	0	0	inf
SRX2255897	TFs and others	Epitope tags	Kidney	293	1959	3/2624	0/1	0	0	inf
SRX2255898	TFs and others	RELA	Kidney	293	787	1/2624	0/1	0	0	inf
SRX2255899	TFs and others	RELA	Kidney	293	599	1/2624	0/1	0	0	inf
SRX2255900	TFs and others	RELA	Kidney	293	1762	1/2624	0/1	0	0	inf
SRX2255901	TFs and others	RELA	Kidney	293	677	1/2624	0/1	0	0	inf
SRX2267438	TFs and others	BRD4	Epidermis	A-375	5938	199/2624	0/1	0	0	inf
SRX2267439	TFs and others	BRD4	Epidermis	A-375	9418	345/2624	0/1	0	0	inf
SRX2267440	TFs and others	BRD4	Epidermis	A-375	13448	471/2624	0/1	0	0	inf
SRX2267441	TFs and others	BRD4	Epidermis	A-375	4629	142/2624	0/1	0	0	inf
SRX2267442	TFs and others	BRD4	Lung	A549	206	2/2624	0/1	0	0	inf
SRX2267443	TFs and others	BRD4	Lung	A549	249	3/2624	0/1	0	0	inf
SRX2267444	TFs and others	BRD4	Lung	A549	1408	67/2624	0/1	0	0	inf
SRX2267445	TFs and others	BRD4	Lung	A549	292	4/2624	0/1	0	0	inf
SRX2267446	TFs and others	BRD4	Lung	NCI-H3122	2643	161/2624	0/1	0	0	inf
SRX2267447	TFs and others	BRD4	Lung	NCI-H3122	4615	305/2624	0/1	0	0	inf
SRX2267448	TFs and others	BRD4	Lung	NCI-H3122	331	7/2624	0/1	0	0	inf
SRX2267449	TFs and others	BRD4	Lung	NCI-H3122	7197	393/2624	0/1	0	0	inf
SRX2267450	TFs and others	BRD4	Digestive tract	NCI-N87	9643	602/2624	0/1	0	0	inf
SRX2267451	TFs and others	BRD4	Digestive tract	NCI-N87	5189	339/2624	0/1	0	0	inf
SRX2267452	TFs and others	BRD4	Digestive tract	NCI-N87	13093	761/2624	0/1	0	0	inf
SRX2267453	TFs and others	BRD4	Digestive tract	NCI-N87	3587	169/2624	0/1	0	0	inf
SRX2267455	TFs and others	BRD4	Lung	PC-9	787	22/2624	0/1	0	0	inf
SRX2267456	TFs and others	BRD4	Lung	PC-9	14588	868/2624	0/1	0	0	inf
SRX2267457	TFs and others	BRD4	Lung	PC-9	4887	239/2624	0/1	0	0	inf
SRX2267458	TFs and others	BRD4	Lung	PC-9	24233	1206/2624	0/1	0	0	inf
SRX2267459	TFs and others	BRD4	Lung	PC-9	7377	401/2624	0/1	0	0	inf
SRX2267460	TFs and others	BRD4	Others	RT-112	18223	990/2624	0/1	0	0	inf
SRX2267462	TFs and others	BRD4	Others	RT-112	17075	1020/2624	0/1	0	0	inf
SRX2267463	TFs and others	BRD4	Others	RT-112	11568	682/2624	0/1	0	0	inf
SRX2268282	TFs and others	SPI1	Blood	THP-1	32550	236/2624	0/1	0	0	inf
SRX2268283	TFs and others	SPI1	Blood	THP-1	43930	315/2624	0/1	0	0	inf
SRX2268289	TFs and others	CHD1	Others	Mesenchymal stem cells	2106	32/2624	0/1	0	0	inf
SRX2268290	TFs and others	CHD1	Others	Mesenchymal stem cells	2049	28/2624	0/1	0	0	inf
SRX2268292	TFs and others	CHD1	Bone	Osteoblasts	564	1/2624	0/1	0	0	inf
SRX2270127	TFs and others	RELA	Liver	HuH-7	822	51/2624	0/1	0	0	inf
SRX2270128	TFs and others	RELA	Liver	HuH-7	566	36/2624	0/1	0	0	inf
SRX2270129	TFs and others	RELA	Liver	HuH-7	2616	193/2624	0/1	0	0	inf
SRX2270409	TFs and others	JMJD6	Others	Tumor	12999	820/2624	0/1	0	0	inf
SRX2270413	TFs and others	JMJD6	Others	Tumor	1373	52/2624	0/1	0	0	inf
SRX2281256	TFs and others	AFF1	Unclassified	Unclassified	429	5/2624	0/1	0	0	inf
SRX2319754	TFs and others	VDR	Blood	THP-1	271	2/2624	0/1	0	0	inf
SRX2319755	TFs and others	VDR	Blood	THP-1	241	1/2624	0/1	0	0	inf
SRX2319756	TFs and others	VDR	Blood	THP-1	271	1/2624	0/1	0	0	inf
SRX2319757	TFs and others	VDR	Blood	THP-1	536	3/2624	0/1	0	0	inf
SRX2319758	TFs and others	VDR	Blood	THP-1	237	1/2624	0/1	0	0	inf
SRX2319759	TFs and others	VDR	Blood	THP-1	543	6/2624	0/1	0	0	inf
SRX2319760	TFs and others	VDR	Blood	THP-1	1125	7/2624	0/1	0	0	inf
SRX2319761	TFs and others	VDR	Blood	THP-1	13027	175/2624	0/1	0	0	inf
SRX2319762	TFs and others	VDR	Blood	THP-1	353	3/2624	0/1	0	0	inf
SRX2319763	TFs and others	VDR	Blood	THP-1	1684	15/2624	0/1	0	0	inf
SRX2319764	TFs and others	VDR	Blood	THP-1	256	1/2624	0/1	0	0	inf
SRX2319765	TFs and others	VDR	Blood	THP-1	1532	15/2624	0/1	0	0	inf
SRX2321774	TFs and others	NKX2-5	Pluripotent stem cell	ES cells	1620	2/2624	0/1	0	0	inf
SRX2321775	TFs and others	NKX2-5	Pluripotent stem cell	ES cells	3526	9/2624	0/1	0	0	inf
SRX2321776	TFs and others	NKX2-5	Pluripotent stem cell	ES cells	2554	4/2624	0/1	0	0	inf
SRX2323866	TFs and others	KMT2A	Kidney	293	427	1/2624	0/1	0	0	inf
SRX2323867	TFs and others	KMT2A	Kidney	293	747	8/2624	0/1	0	0	inf
SRX2323890	TFs and others	KMT2A	Kidney	293	1209	14/2624	0/1	0	0	inf
SRX2323892	TFs and others	AFF4	Kidney	293	420	1/2624	0/1	0	0	inf
SRX2323893	TFs and others	AFF1	Kidney	293	490	1/2624	0/1	0	0	inf
SRX2323894	TFs and others	KMT2A	Kidney	293	359	1/2624	0/1	0	0	inf
SRX2323895	TFs and others	KMT2A	Kidney	293	981	25/2624	0/1	0	0	inf
SRX2323896	TFs and others	AFF1	Kidney	293	477	1/2624	0/1	0	0	inf
SRX2323897	TFs and others	AFF1	Kidney	293	521	1/2624	0/1	0	0	inf
SRX2323906	TFs and others	AFF1	Blood	Pre-B cell leukemia	1302	61/2624	0/1	0	0	inf
SRX2323907	TFs and others	AFF1	Blood	Pre-B cell leukemia	1313	51/2624	0/1	0	0	inf
SRX2323908	TFs and others	AFF1	Blood	Pre-B cell leukemia	997	26/2624	0/1	0	0	inf
SRX2323909	TFs and others	AFF1	Blood	Pre-B cell leukemia	262	8/2624	0/1	0	0	inf
SRX2323910	TFs and others	AFF1	Blood	Pre-B cell leukemia	323	1/2624	0/1	0	0	inf
SRX2323911	TFs and others	AFF1	Blood	Pre-B cell leukemia	342	1/2624	0/1	0	0	inf
SRX233463	TFs and others	TFAP2A	Breast	MCF-7	6352	110/2624	0/1	0	0	inf
SRX233545	TFs and others	NR5A1	Others	NCI-H295R	1065	1/2624	0/1	0	0	inf
SRX233546	TFs and others	NR5A1	Others	NCI-H295R	1111	1/2624	0/1	0	0	inf
SRX233547	TFs and others	NR5A1	Others	NCI-H295R	1071	2/2624	0/1	0	0	inf
SRX233548	TFs and others	NR5A1	Others	NCI-H295R	1088	2/2624	0/1	0	0	inf
SRX2339191	TFs and others	CREBBP	Blood	B cells	10736	437/2624	0/1	0	0	inf
SRX2339193	TFs and others	CREBBP	Blood	B cells	11914	528/2624	0/1	0	0	inf
SRX2343922	TFs and others	NOTCH1	Cardiovascular	Large pulmonary artery endothelial cells	903	1/2624	0/1	0	0	inf
SRX2343923	TFs and others	NOTCH1	Cardiovascular	Large pulmonary artery endothelial cells	1305	1/2624	0/1	0	0	inf
SRX2343924	TFs and others	NOTCH1	Cardiovascular	Large pulmonary artery endothelial cells	1017	1/2624	0/1	0	0	inf
SRX2343925	TFs and others	NOTCH1	Cardiovascular	Large pulmonary artery endothelial cells	1235	1/2624	0/1	0	0	inf
SRX2343934	TFs and others	EP300	Cardiovascular	Large pulmonary artery endothelial cells	1891	20/2624	0/1	0	0	inf
SRX2343935	TFs and others	EP300	Cardiovascular	Large pulmonary artery endothelial cells	2268	35/2624	0/1	0	0	inf
SRX2343936	TFs and others	EP300	Cardiovascular	Large pulmonary artery endothelial cells	1176	14/2624	0/1	0	0	inf
SRX2343937	TFs and others	EP300	Cardiovascular	Large pulmonary artery endothelial cells	1996	24/2624	0/1	0	0	inf
SRX2346891	TFs and others	HIF1A	Cardiovascular	HUVEC	83	1/2624	0/1	0	0	inf
SRX2346892	TFs and others	EPAS1	Cardiovascular	HUVEC	52	1/2624	0/1	0	0	inf
SRX2346893	TFs and others	ARNT	Cardiovascular	HUVEC	62	2/2624	0/1	0	0	inf
SRX2349630	TFs and others	LMNB1	Blood	BL-2	181	1/2624	0/1	0	0	inf
SRX2349631	TFs and others	LMNB1	Blood	BL-2	200	1/2624	0/1	0	0	inf
SRX2349632	TFs and others	LMNB1	Blood	BL-2	214	1/2624	0/1	0	0	inf
SRX2349633	TFs and others	LMNB1	Blood	BL-2	286	1/2624	0/1	0	0	inf
SRX235030	TFs and others	IKZF1	Blood	NALM-6	3721	107/2624	0/1	0	0	inf
SRX235031	TFs and others	HDAC1	Blood	NALM-6	1800	121/2624	0/1	0	0	inf
SRX235053	TFs and others	ARNTL	Bone	U2OS	563	4/2624	0/1	0	0	inf
SRX235054	TFs and others	CLOCK	Bone	U2OS	1344	14/2624	0/1	0	0	inf
SRX235055	TFs and others	CRY1	Bone	U2OS	1404	2/2624	0/1	0	0	inf
SRX2353645	TFs and others	AR	Prostate	LNCAP	1894	2/2624	0/1	0	0	inf
SRX2353647	TFs and others	AR	Prostate	LNCAP	25242	26/2624	0/1	0	0	inf
SRX2353649	TFs and others	AR	Prostate	LNCAP	1000	3/2624	0/1	0	0	inf
SRX2353651	TFs and others	AR	Prostate	LNCAP	8572	11/2624	0/1	0	0	inf
SRX2353653	TFs and others	AR	Prostate	LNCAP	1147	2/2624	0/1	0	0	inf
SRX2353655	TFs and others	AR	Prostate	LNCAP	3023	2/2624	0/1	0	0	inf
SRX2353657	TFs and others	AR	Prostate	LNCAP	1852	2/2624	0/1	0	0	inf
SRX2353659	TFs and others	AR	Prostate	LNCAP	13555	12/2624	0/1	0	0	inf
SRX2355057	TFs and others	CEBPD	Cardiovascular	HAEC	7663	99/2624	0/1	0	0	inf
SRX2355058	TFs and others	ERG	Cardiovascular	HAEC	6895	183/2624	0/1	0	0	inf
SRX2355059	TFs and others	ERG	Cardiovascular	HAEC	1826	137/2624	0/1	0	0	inf
SRX2355070	TFs and others	IRF1	Cardiovascular	HAEC	671	16/2624	0/1	0	0	inf
SRX2355071	TFs and others	IRF1	Cardiovascular	HAEC	358	9/2624	0/1	0	0	inf
SRX2355072	TFs and others	JUN	Cardiovascular	HAEC	32574	280/2624	0/1	0	0	inf
SRX2355073	TFs and others	JUN	Cardiovascular	HAEC	35523	1294/2624	0/1	0	0	inf
SRX2355074	TFs and others	JUNB	Cardiovascular	HAEC	9630	71/2624	0/1	0	0	inf
SRX2355075	TFs and others	NFE2L2	Cardiovascular	HAEC	260	1/2624	0/1	0	0	inf
SRX2355076	TFs and others	NFE2L2	Cardiovascular	HAEC	664	10/2624	0/1	0	0	inf
SRX2355077	TFs and others	RELA	Cardiovascular	HAEC	546	29/2624	0/1	0	0	inf
SRX2355078	TFs and others	RELA	Cardiovascular	HAEC	9316	1247/2624	0/1	0	0	inf
SRX2355079	TFs and others	RELA	Cardiovascular	HAEC	9096	532/2624	0/1	0	0	inf
SRX2355081	TFs and others	RELA	Cardiovascular	HAEC	11407	905/2624	0/1	0	0	inf
SRX2355083	TFs and others	RELA	Cardiovascular	HAEC	7399	357/2624	0/1	0	0	inf
SRX235608	TFs and others	SMC3	Kidney	293	1878	20/2624	0/1	0	0	inf
SRX236112	TFs and others	RUNX1T1	Blood	Kasumi-1	7899	709/2624	0/1	0	0	inf
SRX236114	TFs and others	TCF12	Blood	Kasumi-1	5897	178/2624	0/1	0	0	inf
SRX236115	TFs and others	TCF3	Blood	Kasumi-1	35196	527/2624	0/1	0	0	inf
SRX236117	TFs and others	LMO2	Blood	Kasumi-1	995	4/2624	0/1	0	0	inf
SRX2367967	TFs and others	SP140	Blood	Macrophages	200	4/2624	0/1	0	0	inf
SRX2367969	TFs and others	SP140	Blood	Macrophages	243	3/2624	0/1	0	0	inf
SRX2368878	TFs and others	FOXA2	Epidermis	BJ	31442	114/2624	0/1	0	0	inf
SRX2368879	TFs and others	FOXA2	Epidermis	BJ	23747	129/2624	0/1	0	0	inf
SRX2368884	TFs and others	GATA4	Epidermis	BJ	1891	4/2624	0/1	0	0	inf
SRX2368885	TFs and others	GATA4	Epidermis	BJ	2347	4/2624	0/1	0	0	inf
SRX2368886	TFs and others	FOXA2	Liver	Hep G2	13053	1028/2624	0/1	0	0	inf
SRX2368888	TFs and others	FOXA2	Epidermis	Ker-CT	43515	227/2624	0/1	0	0	inf
SRX2368889	TFs and others	FOXA2	Epidermis	Ker-CT	30490	218/2624	0/1	0	0	inf
SRX2368894	TFs and others	FOXA2	Pluripotent stem cell	hESC derived endodermal cells	16876	67/2624	0/1	0	0	inf
SRX2368896	TFs and others	FOXA2	Lung	A549	14445	293/2624	0/1	0	0	inf
SRX2368897	TFs and others	FOXA2	Lung	A549	15357	230/2624	0/1	0	0	inf
SRX2368898	TFs and others	FOXA2	Epidermis	BJ	5002	22/2624	0/1	0	0	inf
SRX2368899	TFs and others	FOXA2	Epidermis	BJ	5857	26/2624	0/1	0	0	inf
SRX2368900	TFs and others	FOXA2	Epidermis	BJ	3887	9/2624	0/1	0	0	inf
SRX2368901	TFs and others	FOXA2	Epidermis	BJ	4682	16/2624	0/1	0	0	inf
SRX237289	TFs and others	INO80	Blood	CD4+ T cells	1345	1/2624	0/1	0	0	inf
SRX237290	TFs and others	SRCAP	Blood	CD4+ T cells	1034	1/2624	0/1	0	0	inf
SRX2373978	TFs and others	TAZ	Digestive tract	SW 480	326	7/2624	0/1	0	0	inf
SRX2373980	TFs and others	TAZ	Digestive tract	SW 480	257	3/2624	0/1	0	0	inf
SRX2375355	TFs and others	MLLT1	Blood	MOLM-13	726	7/2624	0/1	0	0	inf
SRX2375361	TFs and others	AFF4	Blood	MV-4-11	848	4/2624	0/1	0	0	inf
SRX2375365	TFs and others	AFF4	Blood	MV-4-11	559	1/2624	0/1	0	0	inf
SRX2378690	TFs and others	AHR	Breast	MCF-7	1885	15/2624	0/1	0	0	inf
SRX2378691	TFs and others	AHR	Breast	MCF-7	2202	29/2624	0/1	0	0	inf
SRX2378692	TFs and others	AHRR	Breast	MCF-7	515	5/2624	0/1	0	0	inf
SRX2378693	TFs and others	AHRR	Breast	MCF-7	1021	32/2624	0/1	0	0	inf
SRX2378694	TFs and others	AHR	Breast	MCF-7	2382	45/2624	0/1	0	0	inf
SRX2378695	TFs and others	AHR	Breast	MCF-7	14245	208/2624	0/1	0	0	inf
SRX2378771	TFs and others	NELFE	Bone	U2OS	1931	179/2624	0/1	0	0	inf
SRX2378773	TFs and others	NELFE	Bone	U2OS	601	5/2624	0/1	0	0	inf
SRX2382329	TFs and others	EBF3	Neural	SK-N-SH	25303	292/2624	0/1	0	0	inf
SRX2382330	TFs and others	EBF3	Neural	SK-N-SH	6679	32/2624	0/1	0	0	inf
SRX2382331	TFs and others	EBF3	Neural	SK-N-SH	1375	6/2624	0/1	0	0	inf
SRX2382332	TFs and others	EBF3	Neural	SK-N-SH	2028	7/2624	0/1	0	0	inf
SRX2382333	TFs and others	EBF3	Neural	SK-N-SH	429	1/2624	0/1	0	0	inf
SRX2382334	TFs and others	EBF3	Neural	SK-N-SH	360	1/2624	0/1	0	0	inf
SRX2384347	TFs and others	MYC	Blood	CUTLL1	341	1/2624	0/1	0	0	inf
SRX2384348	TFs and others	MYC	Blood	CUTLL1	337	2/2624	0/1	0	0	inf
SRX2388755	TFs and others	AR	Prostate	Fetal prostate fibroblasts	930	71/2624	0/1	0	0	inf
SRX2388756	TFs and others	AR	Prostate	Prostate cancer-associated fibroblasts	691	21/2624	0/1	0	0	inf
SRX2388757	TFs and others	AR	Muscle	Myofibroblasts	1125	120/2624	0/1	0	0	inf
SRX2404124	TFs and others	RELA	Others	Detroit 562	468	11/2624	0/1	0	0	inf
SRX2404125	TFs and others	RELA	Others	Detroit 562	336	10/2624	0/1	0	0	inf
SRX2404126	TFs and others	RELA	Others	Detroit 562	231	1/2624	0/1	0	0	inf
SRX2404127	TFs and others	RELA	Others	Detroit 562	1103	21/2624	0/1	0	0	inf
SRX2404128	TFs and others	RELA	Others	Detroit 562	447	1/2624	0/1	0	0	inf
SRX2404129	TFs and others	RELA	Others	Detroit 562	704	1/2624	0/1	0	0	inf
SRX2404130	TFs and others	RELA	Others	Detroit 562	573	7/2624	0/1	0	0	inf
SRX2404131	TFs and others	RELA	Others	Detroit 562	1327	2/2624	0/1	0	0	inf
SRX2404132	TFs and others	RELA	Others	Detroit 562	5980	130/2624	0/1	0	0	inf
SRX2404133	TFs and others	RELA	Others	Detroit 562	4353	90/2624	0/1	0	0	inf
SRX2404134	TFs and others	RELA	Others	Detroit 562	6966	186/2624	0/1	0	0	inf
SRX2404135	TFs and others	RELA	Others	Detroit 562	9091	158/2624	0/1	0	0	inf
SRX2404136	TFs and others	RELA	Others	Detroit 562	3810	96/2624	0/1	0	0	inf
SRX2404137	TFs and others	RELA	Others	Detroit 562	2959	93/2624	0/1	0	0	inf
SRX2404139	TFs and others	RELA	Others	Detroit 562	2338	53/2624	0/1	0	0	inf
SRX2404140	TFs and others	RELA	Others	Detroit 562	7207	221/2624	0/1	0	0	inf
SRX2404141	TFs and others	RELA	Others	Detroit 562	1090	33/2624	0/1	0	0	inf
SRX2404142	TFs and others	RELA	Others	Detroit 562	2270	81/2624	0/1	0	0	inf
SRX2417121	TFs and others	Epitope tags	Kidney	293	189	1/2624	0/1	0	0	inf
SRX2420128	TFs and others	AR	Prostate	VCaP	1924	1/2624	0/1	0	0	inf
SRX2420129	TFs and others	AR	Prostate	VCaP	1407	1/2624	0/1	0	0	inf
SRX2420131	TFs and others	AR	Prostate	LNCAP	1261	1/2624	0/1	0	0	inf
SRX2420132	TFs and others	AR	Prostate	LNCAP	1339	1/2624	0/1	0	0	inf
SRX2420134	TFs and others	AR	Prostate	LNCAP	3064	3/2624	0/1	0	0	inf
SRX2420135	TFs and others	AR	Prostate	LNCAP	1624	2/2624	0/1	0	0	inf
SRX2425860	TFs and others	SMAD3	Breast	MDA-MB-231	793	3/2624	0/1	0	0	inf
SRX2425861	TFs and others	SMAD1	Breast	MDA-MB-231	840	3/2624	0/1	0	0	inf
SRX2425862	TFs and others	SMAD3	Breast	MDA-MB-231	2730	47/2624	0/1	0	0	inf
SRX2425863	TFs and others	SMAD1	Breast	MDA-MB-231	1264	18/2624	0/1	0	0	inf
SRX2430640	TFs and others	KDM4C	Neural	SW 1783	398	4/2624	0/1	0	0	inf
SRX2430641	TFs and others	TCF4	Neural	SW 1783	190	1/2624	0/1	0	0	inf
SRX2431535	TFs and others	POU5F1	Epidermis	BJ	689	41/2624	0/1	0	0	inf
SRX2431536	TFs and others	FOXA2	Epidermis	BJ	2212	2/2624	0/1	0	0	inf
SRX2431537	TFs and others	FOXA2	Epidermis	BJ	16336	45/2624	0/1	0	0	inf
SRX2431538	TFs and others	GATA4	Epidermis	BJ	10871	10/2624	0/1	0	0	inf
SRX2431539	TFs and others	GATA4	Epidermis	BJ	15430	110/2624	0/1	0	0	inf
SRX2431540	TFs and others	FOXA2	Epidermis	BJ	16254	53/2624	0/1	0	0	inf
SRX2431541	TFs and others	FOXA2	Epidermis	BJ	12969	120/2624	0/1	0	0	inf
SRX2431542	TFs and others	FOXA2	Epidermis	BJ	658	5/2624	0/1	0	0	inf
SRX2431543	TFs and others	FOXA2	Epidermis	BJ	438	2/2624	0/1	0	0	inf
SRX2436021	TFs and others	OTX2	Neural	D283 Med	43611	112/2624	0/1	0	0	inf
SRX2436022	TFs and others	OTX2	Neural	D283 Med	51380	63/2624	0/1	0	0	inf
SRX2436023	TFs and others	NEUROD1	Neural	D283 Med	21775	553/2624	0/1	0	0	inf
SRX2436029	TFs and others	OTX2	Neural	D341 Med	28740	223/2624	0/1	0	0	inf
SRX2436030	TFs and others	OTX2	Neural	D341 Med	32612	140/2624	0/1	0	0	inf
SRX2436037	TFs and others	OTX2	Neural	D341 Med	24103	83/2624	0/1	0	0	inf
SRX2436039	TFs and others	OTX2	Neural	D341 Med	10222	45/2624	0/1	0	0	inf
SRX2436041	TFs and others	OTX2	Neural	D341 Med	25195	116/2624	0/1	0	0	inf
SRX2436043	TFs and others	OTX2	Neural	D341 Med	15209	63/2624	0/1	0	0	inf
SRX2436046	TFs and others	OTX2	Neural	D341 Med	32573	463/2624	0/1	0	0	inf
SRX2436048	TFs and others	OTX2	Neural	D341 Med	34917	516/2624	0/1	0	0	inf
SRX2436050	TFs and others	OTX2	Neural	D341 Med	20573	688/2624	0/1	0	0	inf
SRX2436052	TFs and others	OTX2	Neural	D341 Med	18502	507/2624	0/1	0	0	inf
SRX2436056	TFs and others	NEUROD1	Neural	D341 Med	17973	622/2624	0/1	0	0	inf
SRX2436057	TFs and others	NEUROD1	Neural	D341 Med	5020	534/2624	0/1	0	0	inf
SRX2436058	TFs and others	NEUROD1	Neural	D341 Med	8126	548/2624	0/1	0	0	inf
SRX2436059	TFs and others	OTX2	Neural	D283 Med	76833	193/2624	0/1	0	0	inf
SRX2436060	TFs and others	OTX2	Neural	D283 Med	48150	261/2624	0/1	0	0	inf
SRX2436061	TFs and others	NEUROD1	Neural	D283 Med	31031	987/2624	0/1	0	0	inf
SRX2436063	TFs and others	NEUROD1	Neural	D283 Med	14550	149/2624	0/1	0	0	inf
SRX243627	TFs and others	TEAD4	Digestive tract	MKN-28	1629	37/2624	0/1	0	0	inf
SRX243629	TFs and others	TEAD4	Digestive tract	SNU-216	8614	86/2624	0/1	0	0	inf
SRX243760	TFs and others	PAX5	Blood	RAJI	1334	19/2624	0/1	0	0	inf
SRX243761	TFs and others	PAX5	Blood	RAJI	3037	45/2624	0/1	0	0	inf
SRX243762	TFs and others	PAX5	Blood	NAMALWA	4306	46/2624	0/1	0	0	inf
SRX243763	TFs and others	PAX5	Blood	NAMALWA	1017	9/2624	0/1	0	0	inf
SRX243764	TFs and others	PAX5	Blood	L-428	2692	44/2624	0/1	0	0	inf
SRX243765	TFs and others	PAX5	Blood	L-428	2067	44/2624	0/1	0	0	inf
SRX2438580	TFs and others	NOTCH1	Blood	MO1043	1042	26/2624	0/1	0	0	inf
SRX2438584	TFs and others	NOTCH1	Blood	MO1043	1218	3/2624	0/1	0	0	inf
SRX244128	TFs and others	TAL1	Cardiovascular	Primary endothelial cells	644	2/2624	0/1	0	0	inf
SRX244190	TFs and others	BACH2	Blood	OCI-LY-7	3821	64/2624	0/1	0	0	inf
SRX244191	TFs and others	BCL6	Blood	OCI-LY-7	1513	58/2624	0/1	0	0	inf
SRX2442438	TFs and others	FGFR1	Pluripotent stem cell	iPS derived neural cells	4584	736/2624	0/1	0	0	inf
SRX2442441	TFs and others	NOTCH1	Pluripotent stem cell	iPS derived neural cells	2360	404/2624	0/1	0	0	inf
SRX2442513	TFs and others	CTCF	Blood	K-562	16298	296/2624	0/1	0	0	inf
SRX2442515	TFs and others	CTCF	Blood	K-562	12328	250/2624	0/1	0	0	inf
SRX2442516	TFs and others	CTCF	Digestive tract	HCT 116	11283	242/2624	0/1	0	0	inf
SRX2442518	TFs and others	CUX1	Blood	K-562	579	3/2624	0/1	0	0	inf
SRX2442519	TFs and others	CUX1	Blood	K-562	328	2/2624	0/1	0	0	inf
SRX2442520	TFs and others	CUX1	Blood	K-562	527	3/2624	0/1	0	0	inf
SRX2442522	TFs and others	CUX1	Blood	K-562	295	2/2624	0/1	0	0	inf
SRX2442523	TFs and others	CUX1	Blood	K-562	332	3/2624	0/1	0	0	inf
SRX2442524	TFs and others	CUX1	Blood	K-562	590	4/2624	0/1	0	0	inf
SRX2452425	TFs and others	BRD4	Cardiovascular	HUVEC	77	2/2624	0/1	0	0	inf
SRX2452426	TFs and others	BRD4	Cardiovascular	HUVEC	287	6/2624	0/1	0	0	inf
SRX2452427	TFs and others	ETS1	Cardiovascular	HUVEC	1308	174/2624	0/1	0	0	inf
SRX2452428	TFs and others	ETS1	Cardiovascular	HUVEC	1888	246/2624	0/1	0	0	inf
SRX2452429	TFs and others	ETS1	Cardiovascular	HUVEC	2989	327/2624	0/1	0	0	inf
SRX2452430	TFs and others	ETS1	Cardiovascular	HUVEC	4647	463/2624	0/1	0	0	inf
SRX2452431	TFs and others	ETS1	Cardiovascular	HUVEC	104	23/2624	0/1	0	0	inf
SRX2452432	TFs and others	ETS1	Cardiovascular	HUVEC	806	109/2624	0/1	0	0	inf
SRX2452447	TFs and others	MYC	Cardiovascular	HUVEC	333	1/2624	0/1	0	0	inf
SRX2453441	TFs and others	NLRP2	Breast	MCF 10A	291	1/2624	0/1	0	0	inf
SRX2453442	TFs and others	NLRP2	Breast	MCF 10A	401	4/2624	0/1	0	0	inf
SRX2453443	TFs and others	RAD51	Breast	MCF 10A	550	1/2624	0/1	0	0	inf
SRX2453450	TFs and others	NLRP2	Breast	MCF 10A	242	1/2624	0/1	0	0	inf
SRX2453452	TFs and others	RAD51	Breast	MCF 10A	520	1/2624	0/1	0	0	inf
SRX2453453	TFs and others	TOP2B	Breast	MCF 10A	351	3/2624	0/1	0	0	inf
SRX245740	TFs and others	MYC	Uterus	HeLa	1984	146/2624	0/1	0	0	inf
SRX245741	TFs and others	ZBTB17	Uterus	HeLa	681	35/2624	0/1	0	0	inf
SRX2458133	TFs and others	NIPBL	Blood	GM12878	2341	52/2624	0/1	0	0	inf
SRX2458134	TFs and others	NIPBL	Blood	GM12878	1470	46/2624	0/1	0	0	inf
SRX2458135	TFs and others	SMC1A	Blood	GM12878	30224	320/2624	0/1	0	0	inf
SRX2458136	TFs and others	SMC1A	Blood	GM12878	32892	386/2624	0/1	0	0	inf
SRX2458137	TFs and others	MED1	Blood	GM12878	2831	83/2624	0/1	0	0	inf
SRX2460046	TFs and others	ESR1	Breast	Breast cancer cells	1788	33/2624	0/1	0	0	inf
SRX2460047	TFs and others	PGR	Breast	Breast cancer cells	192	3/2624	0/1	0	0	inf
SRX2460050	TFs and others	ESR1	Breast	Breast cancer cells	1490	41/2624	0/1	0	0	inf
SRX2460051	TFs and others	PGR	Breast	Breast cancer cells	126	1/2624	0/1	0	0	inf
SRX2460054	TFs and others	ESR1	Breast	Breast cancer cells	1466	32/2624	0/1	0	0	inf
SRX2460055	TFs and others	PGR	Breast	Breast cancer cells	158	3/2624	0/1	0	0	inf
SRX2460058	TFs and others	ESR1	Breast	Breast cancer cells	1658	48/2624	0/1	0	0	inf
SRX2460059	TFs and others	PGR	Breast	Breast cancer cells	167	4/2624	0/1	0	0	inf
SRX2460062	TFs and others	ESR1	Breast	Breast cancer cells	573	10/2624	0/1	0	0	inf
SRX2460063	TFs and others	PGR	Breast	Breast cancer cells	131	2/2624	0/1	0	0	inf
SRX2460066	TFs and others	ESR1	Breast	Breast cancer cells	1798	40/2624	0/1	0	0	inf
SRX2460067	TFs and others	PGR	Breast	Breast cancer cells	216	1/2624	0/1	0	0	inf
SRX2464015	TFs and others	EP300	Blood	CD8+ T cells	110	1/2624	0/1	0	0	inf
SRX2464016	TFs and others	EP300	Blood	CD8+ T cells	281	1/2624	0/1	0	0	inf
SRX2464017	TFs and others	EP300	Blood	CD8+ T cells	336	1/2624	0/1	0	0	inf
SRX2464018	TFs and others	EP300	Blood	CD8+ T cells	311	1/2624	0/1	0	0	inf
SRX246860	TFs and others	MBD3	Breast	MCF-7	334	1/2624	0/1	0	0	inf
SRX246862	TFs and others	MBD3	Breast	MDA-MB-231	414	1/2624	0/1	0	0	inf
SRX246953	TFs and others	ERCC3	Bone	HT-1080	932	71/2624	0/1	0	0	inf
SRX246954	TFs and others	ERCC2	Bone	HT-1080	919	38/2624	0/1	0	0	inf
SRX2470089	TFs and others	PITX3	Neural	SH-SY5Y	10889	485/2624	0/1	0	0	inf
SRX2480568	TFs and others	FOXD3	Lung	A549	83	1/2624	0/1	0	0	inf
SRX2481499	TFs and others	GATA1	Blood	Erythroid Precursor Cells	37002	592/2624	0/1	0	0	inf
SRX2481500	TFs and others	TAL1	Blood	Erythroid Precursor Cells	10042	15/2624	0/1	0	0	inf
SRX248763	TFs and others	Epitope tags	Uterus	HeLa	12834	141/2624	0/1	0	0	inf
SRX248766	TFs and others	ASF1A	Uterus	HeLa	936	100/2624	0/1	0	0	inf
SRX248767	TFs and others	HIRA	Uterus	HeLa	396	3/2624	0/1	0	0	inf
SRX248769	TFs and others	RB1	Uterus	HeLa	1175	53/2624	0/1	0	0	inf
SRX248894	TFs and others	SFPQ	Prostate	LNCAP	254	1/2624	0/1	0	0	inf
SRX248895	TFs and others	SFPQ	Prostate	LNCAP	258	1/2624	0/1	0	0	inf
SRX248930	TFs and others	ERG	Blood	CD34+	261	5/2624	0/1	0	0	inf
SRX248931	TFs and others	FLI1	Blood	CD34+	3429	93/2624	0/1	0	0	inf
SRX248932	TFs and others	TAL1	Blood	CD34+	276	1/2624	0/1	0	0	inf
SRX248933	TFs and others	LYL1	Blood	CD34+	529	4/2624	0/1	0	0	inf
SRX248934	TFs and others	GATA2	Blood	CD34+	2704	27/2624	0/1	0	0	inf
SRX248935	TFs and others	RUNX1	Blood	CD34+	2625	130/2624	0/1	0	0	inf
SRX248936	TFs and others	LMO2	Blood	CD34+	280	1/2624	0/1	0	0	inf
SRX2493169	TFs and others	AATF	Blood	NALM-6	198	1/2624	0/1	0	0	inf
SRX250094	TFs and others	TCF7L2	Breast	MDA-MB-453	1170	186/2624	0/1	0	0	inf
SRX2505194	TFs and others	MTOR	Prostate	LNCAP	68242	873/2624	0/1	0	0	inf
SRX2510812	TFs and others	NELFA	Uterus	HeLa	5374	766/2624	0/1	0	0	inf
SRX2510813	TFs and others	NELFA	Uterus	HeLa	4984	837/2624	0/1	0	0	inf
SRX2510820	TFs and others	SUPT5H	Uterus	HeLa	596	29/2624	0/1	0	0	inf
SRX2510821	TFs and others	SUPT5H	Uterus	HeLa	319	2/2624	0/1	0	0	inf
SRX2510822	TFs and others	SUPT5H	Uterus	HeLa	1746	184/2624	0/1	0	0	inf
SRX2510823	TFs and others	SUPT5H	Uterus	HeLa	476	5/2624	0/1	0	0	inf
SRX2510824	TFs and others	NELFA	Uterus	HeLa	3551	482/2624	0/1	0	0	inf
SRX2510825	TFs and others	NELFA	Uterus	HeLa	662	34/2624	0/1	0	0	inf
SRX2510826	TFs and others	NELFA	Uterus	HeLa	2764	316/2624	0/1	0	0	inf
SRX2510827	TFs and others	NELFA	Uterus	HeLa	983	52/2624	0/1	0	0	inf
SRX2511891	TFs and others	CDKN1B	Digestive tract	HCT 116	487	1/2624	0/1	0	0	inf
SRX2511892	TFs and others	KAT2B	Digestive tract	HCT 116	556	1/2624	0/1	0	0	inf
SRX2512463	TFs and others	SREBF2	Pancreas	PANC-1	488	1/2624	0/1	0	0	inf
SRX2512464	TFs and others	SREBF2	Pancreas	PANC-1	530	1/2624	0/1	0	0	inf
SRX2512919	TFs and others	FOXA1	Breast	MCF-7	4072	42/2624	0/1	0	0	inf
SRX2512920	TFs and others	FOXA1	Breast	MCF-7	1289	7/2624	0/1	0	0	inf
SRX2513052	TFs and others	TET2	Blood	Jurkat	12358	1138/2624	0/1	0	0	inf
SRX2513056	TFs and others	MEN1	Breast	T-47D	1396	1/2624	0/1	0	0	inf
SRX2513057	TFs and others	MEN1	Breast	MCF 10A	1164	1/2624	0/1	0	0	inf
SRX2513516	TFs and others	ESR1	Breast	MCF-7	3517	37/2624	0/1	0	0	inf
SRX2513517	TFs and others	ESR1	Breast	MCF-7	25016	155/2624	0/1	0	0	inf
SRX2513518	TFs and others	ESR1	Breast	MCF-7	19452	127/2624	0/1	0	0	inf
SRX2513519	TFs and others	ESR1	Breast	MCF-7	21201	128/2624	0/1	0	0	inf
SRX2513520	TFs and others	ESR1	Breast	MCF-7	23683	141/2624	0/1	0	0	inf
SRX2513521	TFs and others	ESR1	Breast	MCF-7	18050	124/2624	0/1	0	0	inf
SRX2513522	TFs and others	ESR1	Breast	MCF-7	6319	69/2624	0/1	0	0	inf
SRX2513523	TFs and others	ESR1	Breast	MCF-7	11298	114/2624	0/1	0	0	inf
SRX2513524	TFs and others	ESR1	Breast	MCF-7	924	14/2624	0/1	0	0	inf
SRX2513525	TFs and others	ESR1	Breast	MCF-7	6567	99/2624	0/1	0	0	inf
SRX2514244	TFs and others	ESR1	Uterus	Carcinoma, Endometrioid	2611	6/2624	0/1	0	0	inf
SRX2514245	TFs and others	ESR1	Uterus	Carcinoma, Endometrioid	366	1/2624	0/1	0	0	inf
SRX2514246	TFs and others	ESR1	Uterus	Carcinoma, Endometrioid	342	1/2624	0/1	0	0	inf
SRX2514247	TFs and others	ESR1	Uterus	Carcinoma, Endometrioid	447	1/2624	0/1	0	0	inf
SRX2514248	TFs and others	ESR1	Uterus	Carcinoma, Endometrioid	468	1/2624	0/1	0	0	inf
SRX2514249	TFs and others	ESR1	Uterus	Carcinoma, Endometrioid	305	1/2624	0/1	0	0	inf
SRX2514250	TFs and others	ESR1	Uterus	Carcinoma, Endometrioid	397	1/2624	0/1	0	0	inf
SRX2514251	TFs and others	ESR1	Uterus	Carcinoma, Endometrioid	5473	52/2624	0/1	0	0	inf
SRX2514252	TFs and others	ESR1	Uterus	Carcinoma, Endometrioid	1676	238/2624	0/1	0	0	inf
SRX2514253	TFs and others	ESR1	Uterus	Carcinoma, Endometrioid	696	1/2624	0/1	0	0	inf
SRX2514254	TFs and others	ESR1	Uterus	Carcinoma, Endometrioid	267	1/2624	0/1	0	0	inf
SRX2514255	TFs and others	ESR1	Uterus	Carcinoma, Endometrioid	425	1/2624	0/1	0	0	inf
SRX2514366	TFs and others	GFP	Uterus	HeLa	640	1/2624	0/1	0	0	inf
SRX2514368	TFs and others	GFP	Uterus	HeLa	4763	50/2624	0/1	0	0	inf
SRX2514369	TFs and others	GFP	Uterus	HeLa	892	7/2624	0/1	0	0	inf
SRX2514370	TFs and others	GFP	Uterus	HeLa	3790	20/2624	0/1	0	0	inf
SRX2514371	TFs and others	GFP	Uterus	HeLa	813	6/2624	0/1	0	0	inf
SRX2514375	TFs and others	GFP	Uterus	HeLa	637	1/2624	0/1	0	0	inf
SRX2524358	TFs and others	MYB	Blood	MV-4-11	247	2/2624	0/1	0	0	inf
SRX2524359	TFs and others	MYB	Blood	MV-4-11	271	2/2624	0/1	0	0	inf
SRX2524360	TFs and others	MYB	Blood	MV-4-11	239	1/2624	0/1	0	0	inf
SRX2524361	TFs and others	MYB	Blood	MV-4-11	263	2/2624	0/1	0	0	inf
SRX2524362	TFs and others	MYB	Blood	MV-4-11	260	1/2624	0/1	0	0	inf
SRX2524363	TFs and others	MYB	Blood	MV-4-11	272	1/2624	0/1	0	0	inf
SRX2524364	TFs and others	MYB	Blood	MV-4-11	220	1/2624	0/1	0	0	inf
SRX2524365	TFs and others	MYB	Blood	MV-4-11	203	1/2624	0/1	0	0	inf
SRX2524366	TFs and others	MYB	Blood	MV-4-11	231	1/2624	0/1	0	0	inf
SRX2527755	TFs and others	Epitope tags	Bone	A-673	423	1/2624	0/1	0	0	inf
SRX2527756	TFs and others	Epitope tags	Bone	A-673	1540	1/2624	0/1	0	0	inf
SRX2527757	TFs and others	SMARCA2	Neural	SK-N-MC	594	3/2624	0/1	0	0	inf
SRX2527758	TFs and others	SMARCA2	Neural	SK-N-MC	436	1/2624	0/1	0	0	inf
SRX2527759	TFs and others	SMARCC1	Neural	SK-N-MC	2665	7/2624	0/1	0	0	inf
SRX2527760	TFs and others	SMARCC1	Neural	SK-N-MC	507	1/2624	0/1	0	0	inf
SRX2527761	TFs and others	SMARCC1	Neural	SK-N-MC	599	1/2624	0/1	0	0	inf
SRX2529721	TFs and others	Epitope tags	Pluripotent stem cell	hESC H1	37955	4/2624	0/1	0	0	inf
SRX2529722	TFs and others	Epitope tags	Pluripotent stem cell	hESC H1	544	1/2624	0/1	0	0	inf
SRX2529783	TFs and others	Epitope tags	Blood	RAJI	984	68/2624	0/1	0	0	inf
SRX2529784	TFs and others	Epitope tags	Blood	RAJI	294	2/2624	0/1	0	0	inf
SRX253212	TFs and others	ZFX	Neural	Daoy	1274	33/2624	0/1	0	0	inf
SRX253227	TFs and others	SSRP1	Others	Fibrosarcoma	1653	6/2624	0/1	0	0	inf
SRX253228	TFs and others	SSRP1	Others	Fibrosarcoma	1593	25/2624	0/1	0	0	inf
SRX253229	TFs and others	SSRP1	Others	Fibrosarcoma	1524	11/2624	0/1	0	0	inf
SRX253230	TFs and others	SSRP1	Others	Fibrosarcoma	2632	1/2624	0/1	0	0	inf
SRX253231	TFs and others	SSRP1	Others	Fibrosarcoma	2210	1/2624	0/1	0	0	inf
SRX253232	TFs and others	SSRP1	Others	Fibrosarcoma	3275	1/2624	0/1	0	0	inf
SRX2533037	TFs and others	SIRT1	Digestive tract	HCT 116	882	2/2624	0/1	0	0	inf
SRX2533038	TFs and others	MCM2	Digestive tract	HCT 116	10771	6/2624	0/1	0	0	inf
SRX2533040	TFs and others	SIRT1	Blood	K-562	984	3/2624	0/1	0	0	inf
SRX2533041	TFs and others	SIRT1	Blood	K-562	4216	1/2624	0/1	0	0	inf
SRX2533043	TFs and others	SIRT1	Blood	K-562	4100	6/2624	0/1	0	0	inf
SRX2533317	TFs and others	BRF1	Pluripotent stem cell	hESC H9	661	13/2624	0/1	0	0	inf
SRX2533318	TFs and others	BRF1	Pluripotent stem cell	hESC H9	722	8/2624	0/1	0	0	inf
SRX2533319	TFs and others	BRF1	Pluripotent stem cell	hESC H9	507	7/2624	0/1	0	0	inf
SRX2533320	TFs and others	BRF1	Pluripotent stem cell	hESC H9	509	7/2624	0/1	0	0	inf
SRX2537517	TFs and others	BRD4	Epidermis	SK-MEL-147	2876	28/2624	0/1	0	0	inf
SRX2537518	TFs and others	BRD4	Epidermis	SK-MEL-147	5801	77/2624	0/1	0	0	inf
SRX2537520	TFs and others	MED1	Epidermis	SK-MEL-147	1367	3/2624	0/1	0	0	inf
SRX2541222	TFs and others	AR	Prostate	Prostate cancer cells	247	1/2624	0/1	0	0	inf
SRX2541227	TFs and others	AR	Prostate	LNCAP	438	1/2624	0/1	0	0	inf
SRX2541229	TFs and others	AR	Prostate	Prostate cancer cells	449	1/2624	0/1	0	0	inf
SRX2541234	TFs and others	COBLL1	Prostate	Prostate cancer cells	1155	2/2624	0/1	0	0	inf
SRX2541235	TFs and others	SFPQ	Prostate	Prostate cancer cells	1386	1/2624	0/1	0	0	inf
SRX2541237	TFs and others	COBLL1	Prostate	Prostate cancer cells	1120	2/2624	0/1	0	0	inf
SRX2541238	TFs and others	SFPQ	Prostate	Prostate cancer cells	1182	2/2624	0/1	0	0	inf
SRX2541239	TFs and others	SFPQ	Prostate	Prostate cancer cells	1288	1/2624	0/1	0	0	inf
SRX2541240	TFs and others	SFPQ	Prostate	Prostate cancer cells	1374	2/2624	0/1	0	0	inf
SRX2541242	TFs and others	AR	Prostate	VCaP	3976	4/2624	0/1	0	0	inf
SRX2541243	TFs and others	AR	Prostate	VCaP	3852	4/2624	0/1	0	0	inf
SRX2541246	TFs and others	AR	Prostate	Prostate cancer cells	26015	60/2624	0/1	0	0	inf
SRX2541247	TFs and others	AR	Prostate	Prostate cancer cells	572	1/2624	0/1	0	0	inf
SRX2545037	TFs and others	AR	Prostate	LNCAP	599	1/2624	0/1	0	0	inf
SRX2545038	TFs and others	AR	Prostate	LNCAP	7710	14/2624	0/1	0	0	inf
SRX2545039	TFs and others	AR	Prostate	LNCAP	6787	7/2624	0/1	0	0	inf
SRX2545040	TFs and others	AR	Prostate	LNCAP	14389	20/2624	0/1	0	0	inf
SRX2545041	TFs and others	ARID1A	Prostate	LNCAP	502	1/2624	0/1	0	0	inf
SRX2545042	TFs and others	ARID1A	Prostate	LNCAP	705	2/2624	0/1	0	0	inf
SRX2545043	TFs and others	ARID1A	Prostate	LNCAP	2016	1/2624	0/1	0	0	inf
SRX2545044	TFs and others	ARID1A	Prostate	LNCAP	4451	2/2624	0/1	0	0	inf
SRX2545045	TFs and others	SMARCA4	Prostate	LNCAP	496	1/2624	0/1	0	0	inf
SRX2545046	TFs and others	SMARCA4	Prostate	LNCAP	541	1/2624	0/1	0	0	inf
SRX2545047	TFs and others	SMARCA4	Prostate	LNCAP	475	1/2624	0/1	0	0	inf
SRX2545048	TFs and others	SMARCA4	Prostate	LNCAP	558	1/2624	0/1	0	0	inf
SRX2545049	TFs and others	FOXA1	Prostate	LNCAP	24519	21/2624	0/1	0	0	inf
SRX2545050	TFs and others	FOXA1	Prostate	LNCAP	27786	25/2624	0/1	0	0	inf
SRX2545051	TFs and others	FOXA1	Prostate	LNCAP	33841	31/2624	0/1	0	0	inf
SRX2545052	TFs and others	FOXA1	Prostate	LNCAP	38932	27/2624	0/1	0	0	inf
SRX2545053	TFs and others	HOXB13	Prostate	LNCAP	8725	3/2624	0/1	0	0	inf
SRX2545054	TFs and others	HOXB13	Prostate	LNCAP	9442	4/2624	0/1	0	0	inf
SRX2545055	TFs and others	HOXB13	Prostate	LNCAP	5013	2/2624	0/1	0	0	inf
SRX2545056	TFs and others	HOXB13	Prostate	LNCAP	2654	1/2624	0/1	0	0	inf
SRX2545057	TFs and others	HOXB13	Prostate	LNCAP	5337	1/2624	0/1	0	0	inf
SRX2545058	TFs and others	HOXB13	Prostate	LNCAP	4304	1/2624	0/1	0	0	inf
SRX2545059	TFs and others	TLE3	Prostate	LNCAP	22602	17/2624	0/1	0	0	inf
SRX2545060	TFs and others	TLE3	Prostate	LNCAP	16446	11/2624	0/1	0	0	inf
SRX2545061	TFs and others	TLE3	Prostate	LNCAP	19212	13/2624	0/1	0	0	inf
SRX2545062	TFs and others	TLE3	Prostate	LNCAP	17243	15/2624	0/1	0	0	inf
SRX2545063	TFs and others	TRIM28	Prostate	LNCAP	680	1/2624	0/1	0	0	inf
SRX2545064	TFs and others	TRIM28	Prostate	LNCAP	562	1/2624	0/1	0	0	inf
SRX2545065	TFs and others	TRIM28	Prostate	LNCAP	592	1/2624	0/1	0	0	inf
SRX2545066	TFs and others	TRIM28	Prostate	LNCAP	585	1/2624	0/1	0	0	inf
SRX2545067	TFs and others	WDHD1	Prostate	LNCAP	477	1/2624	0/1	0	0	inf
SRX2545068	TFs and others	WDHD1	Prostate	LNCAP	465	1/2624	0/1	0	0	inf
SRX2545069	TFs and others	WDHD1	Prostate	LNCAP	521	1/2624	0/1	0	0	inf
SRX2545070	TFs and others	WDHD1	Prostate	LNCAP	562	1/2624	0/1	0	0	inf
SRX2545997	TFs and others	METTL3	Blood	MOLM-13	89	2/2624	0/1	0	0	inf
SRX2545998	TFs and others	METTL3	Blood	MOLM-13	350	2/2624	0/1	0	0	inf
SRX2545999	TFs and others	METTL3	Blood	MOLM-13	104	2/2624	0/1	0	0	inf
SRX2546000	TFs and others	METTL3	Blood	MOLM-13	172	2/2624	0/1	0	0	inf
SRX2546001	TFs and others	METTL3	Blood	MOLM-13	664	2/2624	0/1	0	0	inf
SRX2546002	TFs and others	METTL14	Blood	MOLM-13	230	1/2624	0/1	0	0	inf
SRX2546003	TFs and others	METTL14	Blood	MOLM-13	403	2/2624	0/1	0	0	inf
SRX2546004	TFs and others	METTL14	Blood	MOLM-13	496	1/2624	0/1	0	0	inf
SRX2546005	TFs and others	METTL14	Blood	MOLM-13	584	2/2624	0/1	0	0	inf
SRX2546006	TFs and others	METTL14	Blood	MOLM-13	441	1/2624	0/1	0	0	inf
SRX254612	TFs and others	SFMBT1	Uterus	HeLa	102	2/2624	0/1	0	0	inf
SRX254613	TFs and others	KDM1A	Uterus	HeLa	272	1/2624	0/1	0	0	inf
SRX254614	TFs and others	RCOR1	Uterus	HeLa	182	3/2624	0/1	0	0	inf
SRX254618	TFs and others	SFMBT1	Uterus	HeLa	302	1/2624	0/1	0	0	inf
SRX254619	TFs and others	KDM1A	Uterus	HeLa	266	1/2624	0/1	0	0	inf
SRX254620	TFs and others	RCOR1	Uterus	HeLa	319	1/2624	0/1	0	0	inf
SRX254623	TFs and others	SFMBT1	Uterus	HeLa	93	1/2624	0/1	0	0	inf
SRX254624	TFs and others	KDM1A	Uterus	HeLa	153	1/2624	0/1	0	0	inf
SRX254625	TFs and others	RCOR1	Uterus	HeLa	270	1/2624	0/1	0	0	inf
SRX2548278	TFs and others	IRF4	Blood	KK1	4757	25/2624	0/1	0	0	inf
SRX2548280	TFs and others	IRF4	Blood	ST1	2410	8/2624	0/1	0	0	inf
SRX2548282	TFs and others	BATF3	Blood	ST1	13927	81/2624	0/1	0	0	inf
SRX2548284	TFs and others	BATF3	Blood	KK1	2965	15/2624	0/1	0	0	inf
SRX2548286	TFs and others	BATF3	Blood	ST1	35452	106/2624	0/1	0	0	inf
SRX2548288	TFs and others	HBZ	Blood	KK1	598	8/2624	0/1	0	0	inf
SRX2548292	TFs and others	BRD4	Blood	KK1	2262	145/2624	0/1	0	0	inf
SRX2548294	TFs and others	BRD4	Blood	KK1	553	1/2624	0/1	0	0	inf
SRX2548296	TFs and others	BRD4	Blood	ST1	598	14/2624	0/1	0	0	inf
SRX2548298	TFs and others	BRD4	Blood	ST1	589	1/2624	0/1	0	0	inf
SRX2548300	TFs and others	BATF3	Blood	KK1	15978	49/2624	0/1	0	0	inf
SRX2550935	TFs and others	MYCN	Neural	NB-1643	3147	15/2624	0/1	0	0	inf
SRX2555287	TFs and others	PHOX2B	Neural	BE(2)-C	10410	16/2624	0/1	0	0	inf
SRX2555289	TFs and others	HAND2	Neural	BE(2)-C	38928	897/2624	0/1	0	0	inf
SRX2555291	TFs and others	GATA3	Neural	KELLY	4826	2/2624	0/1	0	0	inf
SRX2555292	TFs and others	MYC	Neural	BE(2)-C	8682	655/2624	0/1	0	0	inf
SRX2555293	TFs and others	ISL1	Neural	BE(2)-C	23163	100/2624	0/1	0	0	inf
SRX2555295	TFs and others	TBX2	Neural	BE(2)-C	7763	269/2624	0/1	0	0	inf
SRX2555296	TFs and others	ISL1	Neural	KELLY	2153	2/2624	0/1	0	0	inf
SRX2555300	TFs and others	HAND2	Neural	KELLY	11430	28/2624	0/1	0	0	inf
SRX2555304	TFs and others	GATA3	Neural	BE(2)-C	8065	87/2624	0/1	0	0	inf
SRX2556709	TFs and others	EZH2	Unclassified	Unclassified	387	1/2624	0/1	0	0	inf
SRX2556710	TFs and others	EZH2	Unclassified	Unclassified	181	1/2624	0/1	0	0	inf
SRX2558410	TFs and others	YAP1	Cardiovascular	HBMEC	247	1/2624	0/1	0	0	inf
SRX2558412	TFs and others	YAP1	Cardiovascular	HBMEC	259	1/2624	0/1	0	0	inf
SRX2559011	TFs and others	RAD21	Cardiovascular	HUVEC	14884	58/2624	0/1	0	0	inf
SRX2559012	TFs and others	RAD21	Cardiovascular	HUVEC	6103	55/2624	0/1	0	0	inf
SRX2559013	TFs and others	RAD21	Cardiovascular	HUVEC	21921	138/2624	0/1	0	0	inf
SRX2559014	TFs and others	RAD21	Cardiovascular	HUVEC	18105	157/2624	0/1	0	0	inf
SRX2565136	TFs and others	E2F1	Prostate	LNCAP	4112	728/2624	0/1	0	0	inf
SRX256867	TFs and others	NR3C1	Bone	U2OS	22403	34/2624	0/1	0	0	inf
SRX256879	TFs and others	NR3C1	Bone	U2OS	16809	33/2624	0/1	0	0	inf
SRX256880	TFs and others	NR3C1	Bone	U2OS	20988	34/2624	0/1	0	0	inf
SRX256883	TFs and others	NR3C1	Bone	U2OS	17613	24/2624	0/1	0	0	inf
SRX256993	TFs and others	NR3C1	Blood	Lymphoblastoid cell line	95	1/2624	0/1	0	0	inf
SRX256994	TFs and others	NR3C1	Blood	Lymphoblastoid cell line	941	1/2624	0/1	0	0	inf
SRX256995	TFs and others	NR3C1	Blood	Lymphoblastoid cell line	1166	1/2624	0/1	0	0	inf
SRX256996	TFs and others	NR3C1	Blood	Lymphoblastoid cell line	442	1/2624	0/1	0	0	inf
SRX256997	TFs and others	RELA	Blood	Lymphoblastoid cell line	641	1/2624	0/1	0	0	inf
SRX256998	TFs and others	RELA	Blood	Lymphoblastoid cell line	627	1/2624	0/1	0	0	inf
SRX256999	TFs and others	RELA	Blood	Lymphoblastoid cell line	256	1/2624	0/1	0	0	inf
SRX257000	TFs and others	RELA	Blood	Lymphoblastoid cell line	346	1/2624	0/1	0	0	inf
SRX2570608	TFs and others	CTCF	Blood	HAP1	26723	366/2624	0/1	0	0	inf
SRX2570609	TFs and others	CTCF	Blood	HAP1	28723	375/2624	0/1	0	0	inf
SRX2570610	TFs and others	CTCF	Blood	HAP1	23754	333/2624	0/1	0	0	inf
SRX2570611	TFs and others	CTCF	Blood	HAP1	28381	388/2624	0/1	0	0	inf
SRX2570612	TFs and others	SMC1A	Blood	HAP1	2457	52/2624	0/1	0	0	inf
SRX2570613	TFs and others	SMC1A	Blood	HAP1	9952	293/2624	0/1	0	0	inf
SRX2570614	TFs and others	SMC1A	Blood	HAP1	1361	32/2624	0/1	0	0	inf
SRX2570615	TFs and others	SMC1A	Blood	HAP1	4998	147/2624	0/1	0	0	inf
SRX2574235	TFs and others	GATA2	Blood	SKH1	17056	332/2624	0/1	0	0	inf
SRX2574236	TFs and others	GATA2	Blood	SKH1	7571	83/2624	0/1	0	0	inf
SRX2578866	TFs and others	ESR1	Breast	MDA-MB-231	188	3/2624	0/1	0	0	inf
SRX2578867	TFs and others	ESR1	Breast	MDA-MB-231	16	1/2624	0/1	0	0	inf
SRX2578868	TFs and others	ESR1	Breast	MDA-MB-231	911	72/2624	0/1	0	0	inf
SRX2578869	TFs and others	ESR1	Breast	MDA-MB-231	229	4/2624	0/1	0	0	inf
SRX2578870	TFs and others	ESR1	Breast	MDA-MB-231	9438	68/2624	0/1	0	0	inf
SRX2578871	TFs and others	ESR1	Breast	MDA-MB-231	1703	17/2624	0/1	0	0	inf
SRX2578872	TFs and others	ESR1	Breast	MDA-MB-231	6492	156/2624	0/1	0	0	inf
SRX2578873	TFs and others	ESR1	Breast	MDA-MB-231	4266	37/2624	0/1	0	0	inf
SRX2578874	TFs and others	ESR1	Breast	MDA-MB-231	93	3/2624	0/1	0	0	inf
SRX2578876	TFs and others	ESR1	Breast	MDA-MB-231	1577	172/2624	0/1	0	0	inf
SRX2578877	TFs and others	ESR1	Breast	MDA-MB-231	258	1/2624	0/1	0	0	inf
SRX2578878	TFs and others	ESR1	Breast	MDA-MB-231	11266	101/2624	0/1	0	0	inf
SRX2578879	TFs and others	ESR1	Breast	MDA-MB-231	929	15/2624	0/1	0	0	inf
SRX2578881	TFs and others	ESR1	Breast	MDA-MB-231	10281	135/2624	0/1	0	0	inf
SRX2578882	TFs and others	MED1	Breast	MDA-MB-231	196	2/2624	0/1	0	0	inf
SRX2578883	TFs and others	MED1	Breast	MDA-MB-231	703	45/2624	0/1	0	0	inf
SRX2578884	TFs and others	MED1	Breast	MDA-MB-231	199	2/2624	0/1	0	0	inf
SRX2578885	TFs and others	MED1	Breast	MDA-MB-231	832	29/2624	0/1	0	0	inf
SRX2578886	TFs and others	MED1	Breast	MDA-MB-231	161	5/2624	0/1	0	0	inf
SRX2578887	TFs and others	MED1	Breast	MDA-MB-231	795	29/2624	0/1	0	0	inf
SRX2578888	TFs and others	MED1	Breast	MDA-MB-231	416	9/2624	0/1	0	0	inf
SRX2578889	TFs and others	MED1	Breast	MDA-MB-231	1374	63/2624	0/1	0	0	inf
SRX2578890	TFs and others	NCOA1	Breast	MDA-MB-231	217	18/2624	0/1	0	0	inf
SRX2578891	TFs and others	NCOA1	Breast	MDA-MB-231	723	59/2624	0/1	0	0	inf
SRX2578892	TFs and others	NCOA1	Breast	MDA-MB-231	924	32/2624	0/1	0	0	inf
SRX2578893	TFs and others	NCOA1	Breast	MDA-MB-231	3358	64/2624	0/1	0	0	inf
SRX2578894	TFs and others	NCOA1	Breast	MDA-MB-231	177	1/2624	0/1	0	0	inf
SRX2578895	TFs and others	NCOA1	Breast	MDA-MB-231	514	41/2624	0/1	0	0	inf
SRX2578896	TFs and others	NCOA1	Breast	MDA-MB-231	485	27/2624	0/1	0	0	inf
SRX2578897	TFs and others	NCOA1	Breast	MDA-MB-231	1216	48/2624	0/1	0	0	inf
SRX2578914	TFs and others	EP300	Breast	MDA-MB-231	597	1/2624	0/1	0	0	inf
SRX2578915	TFs and others	EP300	Breast	MDA-MB-231	341	1/2624	0/1	0	0	inf
SRX2578916	TFs and others	EP300	Breast	MDA-MB-231	598	1/2624	0/1	0	0	inf
SRX2578917	TFs and others	EP300	Breast	MDA-MB-231	414	1/2624	0/1	0	0	inf
SRX2578918	TFs and others	EP300	Breast	MDA-MB-231	588	1/2624	0/1	0	0	inf
SRX2578919	TFs and others	EP300	Breast	MDA-MB-231	444	1/2624	0/1	0	0	inf
SRX2578920	TFs and others	EP300	Breast	MDA-MB-231	533	2/2624	0/1	0	0	inf
SRX2578921	TFs and others	EP300	Breast	MDA-MB-231	452	1/2624	0/1	0	0	inf
SRX2582039	TFs and others	KDM4A	Breast	BCSC1	5866	149/2624	0/1	0	0	inf
SRX2582041	TFs and others	KDM4A	Breast	BCSC1	390	1/2624	0/1	0	0	inf
SRX2582161	TFs and others	GRHL3	Epidermis	NHEK	4049	42/2624	0/1	0	0	inf
SRX2582162	TFs and others	GRHL3	Epidermis	NHEK	6656	41/2624	0/1	0	0	inf
SRX2584126	TFs and others	HIF1A	Epidermis	501A	569	5/2624	0/1	0	0	inf
SRX2584127	TFs and others	HIF1A	Epidermis	501A	2511	393/2624	0/1	0	0	inf
SRX2584128	TFs and others	EPAS1	Epidermis	501A	659	37/2624	0/1	0	0	inf
SRX2585779	TFs and others	FOSL1	Breast	MDA-MB-231	14478	161/2624	0/1	0	0	inf
SRX2585780	TFs and others	MYC	Breast	MDA-MB-231	2328	245/2624	0/1	0	0	inf
SRX2585783	TFs and others	EZH2	Breast	MDA-MB-231	429	1/2624	0/1	0	0	inf
SRX2588916	TFs and others	KMT2D	Breast	T-47D	1104	1/2624	0/1	0	0	inf
SRX2588918	TFs and others	KMT2D	Breast	T-47D	999	1/2624	0/1	0	0	inf
SRX2589927	TFs and others	MORC2	Blood	K-562	366	10/2624	0/1	0	0	inf
SRX2589928	TFs and others	MORC2	Blood	K-562	324	13/2624	0/1	0	0	inf
SRX2589929	TFs and others	MORC2	Blood	K-562	144	1/2624	0/1	0	0	inf
SRX2589930	TFs and others	MORC2	Blood	K-562	146	1/2624	0/1	0	0	inf
SRX2589931	TFs and others	MORC2	Blood	K-562	197	1/2624	0/1	0	0	inf
SRX2589932	TFs and others	MORC2	Blood	K-562	169	1/2624	0/1	0	0	inf
SRX2589933	TFs and others	MORC2	Blood	K-562	154	1/2624	0/1	0	0	inf
SRX2589934	TFs and others	MORC2	Blood	K-562	242	1/2624	0/1	0	0	inf
SRX2589935	TFs and others	MPHOSPH8	Blood	K-562	256	1/2624	0/1	0	0	inf
SRX2589936	TFs and others	MPHOSPH8	Blood	K-562	210	1/2624	0/1	0	0	inf
SRX2589937	TFs and others	MPHOSPH8	Blood	K-562	193	1/2624	0/1	0	0	inf
SRX2589938	TFs and others	MPHOSPH8	Blood	K-562	180	1/2624	0/1	0	0	inf
SRX2589939	TFs and others	MPHOSPH8	Blood	K-562	202	1/2624	0/1	0	0	inf
SRX2589940	TFs and others	MPHOSPH8	Blood	K-562	236	2/2624	0/1	0	0	inf
SRX2589941	TFs and others	MPHOSPH8	Blood	K-562	398	1/2624	0/1	0	0	inf
SRX2589942	TFs and others	MPHOSPH8	Blood	K-562	231	1/2624	0/1	0	0	inf
SRX2589947	TFs and others	FAM208A	Blood	K-562	250	19/2624	0/1	0	0	inf
SRX2589948	TFs and others	FAM208A	Blood	K-562	274	17/2624	0/1	0	0	inf
SRX2594215	TFs and others	ERG	Prostate	RWPE-1	285	1/2624	0/1	0	0	inf
SRX2594216	TFs and others	EZH2	Prostate	RWPE-1	282	1/2624	0/1	0	0	inf
SRX259611	TFs and others	RUNX1	Blood	Kasumi-1	2995	39/2624	0/1	0	0	inf
SRX259612	TFs and others	RUNX1	Blood	Kasumi-1	6822	191/2624	0/1	0	0	inf
SRX259613	TFs and others	AML1-ETO	Blood	Kasumi-1	9062	120/2624	0/1	0	0	inf
SRX259614	TFs and others	AML1-ETO	Blood	Kasumi-1	3843	33/2624	0/1	0	0	inf
SRX259617	TFs and others	TFAP4	Blood	Kasumi-1	7531	278/2624	0/1	0	0	inf
SRX259618	TFs and others	TFAP4	Blood	Kasumi-1	8050	203/2624	0/1	0	0	inf
SRX259621	TFs and others	RUNX1	Blood	Kasumi-1	5449	67/2624	0/1	0	0	inf
SRX259622	TFs and others	RUNX1	Blood	Kasumi-1	6046	58/2624	0/1	0	0	inf
SRX2598521	TFs and others	MORC2	Uterus	HeLa	785	27/2624	0/1	0	0	inf
SRX2598522	TFs and others	MORC2	Uterus	HeLa	897	28/2624	0/1	0	0	inf
SRX2598523	TFs and others	MORC2	Uterus	HeLa	950	25/2624	0/1	0	0	inf
SRX2598525	TFs and others	FAM208A	Uterus	HeLa	344	1/2624	0/1	0	0	inf
SRX2606560	TFs and others	BRD4	Epidermis	CHL-1	847	1/2624	0/1	0	0	inf
SRX2606563	TFs and others	BRD4	Epidermis	CHL-1	827	1/2624	0/1	0	0	inf
SRX2606566	TFs and others	BRD4	Epidermis	CHL-1	1205	4/2624	0/1	0	0	inf
SRX2606569	TFs and others	BRD4	Epidermis	CHL-1	1496	2/2624	0/1	0	0	inf
SRX2606572	TFs and others	BRD4	Epidermis	CHL-1	1692	3/2624	0/1	0	0	inf
SRX2606575	TFs and others	BRD4	Epidermis	CHL-1	2167	8/2624	0/1	0	0	inf
SRX2607383	TFs and others	JUN	Lung	HCC827	76	1/2624	0/1	0	0	inf
SRX2607385	TFs and others	JUN	Lung	HCC827	627	1/2624	0/1	0	0	inf
SRX2609659	TFs and others	NR3C1	Lung	HASM2	26975	271/2624	0/1	0	0	inf
SRX2609661	TFs and others	NR3C1	Lung	HASM2	25190	254/2624	0/1	0	0	inf
SRX2609662	TFs and others	NR3C1	Lung	HASM2	26877	197/2624	0/1	0	0	inf
SRX2609664	TFs and others	NR3C1	Lung	HASM2	32089	215/2624	0/1	0	0	inf
SRX2609665	TFs and others	NR3C1	Lung	HASM2	28052	163/2624	0/1	0	0	inf
SRX2609666	TFs and others	NR3C1	Lung	HASM2	24838	149/2624	0/1	0	0	inf
SRX2609667	TFs and others	NR3C1	Lung	HASM2	25826	422/2624	0/1	0	0	inf
SRX2609668	TFs and others	NR3C1	Lung	HASM2	21396	325/2624	0/1	0	0	inf
SRX2610695	TFs and others	EZH2	Gonad	A-1847	144	1/2624	0/1	0	0	inf
SRX2610698	TFs and others	EZH2	Gonad	A-1847	244	2/2624	0/1	0	0	inf
SRX261273	TFs and others	ESR1	Breast	MCF-7	14728	61/2624	0/1	0	0	inf
SRX261274	TFs and others	ESR1	Breast	MCF-7	4733	33/2624	0/1	0	0	inf
SRX2614800	TFs and others	DNMT3B	Blood	B Lymphoblastoid cell line	483	1/2624	0/1	0	0	inf
SRX2614801	TFs and others	DNMT3B	Blood	B Lymphoblastoid cell line	538	1/2624	0/1	0	0	inf
SRX2614802	TFs and others	DNMT3B	Blood	B Lymphoblastoid cell line	490	1/2624	0/1	0	0	inf
SRX2614803	TFs and others	DNMT3B	Blood	B Lymphoblastoid cell line	532	1/2624	0/1	0	0	inf
SRX262133	TFs and others	HSF1	Breast	MCF-7	207	10/2624	0/1	0	0	inf
SRX262134	TFs and others	HSF1	Breast	MCF-7	111	5/2624	0/1	0	0	inf
SRX262138	TFs and others	HSF1	Breast	MCF-7	183	3/2624	0/1	0	0	inf
SRX262139	TFs and others	HSF1	Breast	MCF-7	188	3/2624	0/1	0	0	inf
SRX262143	TFs and others	HSF1	Blood	M0-91	1634	107/2624	0/1	0	0	inf
SRX262145	TFs and others	HSF1	Blood	M0-91	401	25/2624	0/1	0	0	inf
SRX262146	TFs and others	HSF1	Blood	M0-91	165	10/2624	0/1	0	0	inf
SRX262148	TFs and others	HSF1	Blood	M0-91	134	2/2624	0/1	0	0	inf
SRX262149	TFs and others	HSF1	Blood	M0-91	137	2/2624	0/1	0	0	inf
SRX262151	TFs and others	HSF1	Blood	M0-91	112	2/2624	0/1	0	0	inf
SRX262152	TFs and others	HSF1	Blood	M0-91	156	4/2624	0/1	0	0	inf
SRX262218	TFs and others	PHF6	Blood	Jurkat	124	2/2624	0/1	0	0	inf
SRX2628187	TFs and others	ETV1	Digestive tract	GIST-T1	2190	56/2624	0/1	0	0	inf
SRX2628189	TFs and others	HAND1	Digestive tract	GIST-T1	5743	12/2624	0/1	0	0	inf
SRX2633442	TFs and others	AR	Prostate	R1-AD1	2208	7/2624	0/1	0	0	inf
SRX2633443	TFs and others	AR	Prostate	R1-AD1	828	1/2624	0/1	0	0	inf
SRX2633444	TFs and others	AR	Prostate	R1-AD1	822	1/2624	0/1	0	0	inf
SRX2633446	TFs and others	AR	Prostate	R1-D567	822	1/2624	0/1	0	0	inf
SRX2633447	TFs and others	AR	Prostate	R1-D567	850	1/2624	0/1	0	0	inf
SRX2642351	TFs and others	AR	Prostate	22Rv1	3900	3/2624	0/1	0	0	inf
SRX2642352	TFs and others	AR	Prostate	22Rv1	3620	5/2624	0/1	0	0	inf
SRX2642353	TFs and others	HOXB13	Prostate	22Rv1	560	2/2624	0/1	0	0	inf
SRX2642354	TFs and others	HOXB13	Prostate	22Rv1	868	2/2624	0/1	0	0	inf
SRX2642355	TFs and others	FOXA1	Prostate	22Rv1	10144	64/2624	0/1	0	0	inf
SRX2642356	TFs and others	FOXA1	Prostate	22Rv1	7582	45/2624	0/1	0	0	inf
SRX2642357	TFs and others	HOXB13	Prostate	LNCAP	4180	2/2624	0/1	0	0	inf
SRX2642364	TFs and others	FOXA1	Prostate	VCaP	44471	171/2624	0/1	0	0	inf
SRX2642365	TFs and others	FOXA1	Prostate	VCaP	52101	206/2624	0/1	0	0	inf
SRX2642366	TFs and others	FOXA1	Prostate	VCaP	54852	228/2624	0/1	0	0	inf
SRX2642367	TFs and others	FOXA1	Prostate	VCaP	55574	217/2624	0/1	0	0	inf
SRX2642368	TFs and others	FOXA1	Prostate	VCaP	69892	295/2624	0/1	0	0	inf
SRX2642369	TFs and others	FOXA1	Prostate	VCaP	56087	203/2624	0/1	0	0	inf
SRX2642370	TFs and others	HOXB13	Prostate	VCaP	12823	74/2624	0/1	0	0	inf
SRX2642371	TFs and others	HOXB13	Prostate	VCaP	10998	49/2624	0/1	0	0	inf
SRX2642372	TFs and others	HOXB13	Prostate	VCaP	11321	51/2624	0/1	0	0	inf
SRX2642373	TFs and others	HOXB13	Prostate	VCaP	16284	73/2624	0/1	0	0	inf
SRX2642374	TFs and others	HOXB13	Prostate	VCaP	12905	64/2624	0/1	0	0	inf
SRX2642375	TFs and others	HOXB13	Prostate	VCaP	9521	53/2624	0/1	0	0	inf
SRX264458	TFs and others	MED1	Blood	MM.1S	6691	404/2624	0/1	0	0	inf
SRX264460	TFs and others	BRD4	Blood	MM.1S	9940	599/2624	0/1	0	0	inf
SRX264461	TFs and others	BRD4	Blood	MM.1S	126	1/2624	0/1	0	0	inf
SRX264463	TFs and others	CDK7	Blood	MM.1S	199	1/2624	0/1	0	0	inf
SRX264464	TFs and others	CDK7	Blood	MM.1S	2347	258/2624	0/1	0	0	inf
SRX264465	TFs and others	BRD4	Epidermis	Melanoma	1396	13/2624	0/1	0	0	inf
SRX264466	TFs and others	BRD4	Epidermis	Melanoma	323	1/2624	0/1	0	0	inf
SRX265221	TFs and others	MYH11	Blood	ME-1	1802	31/2624	0/1	0	0	inf
SRX265226	TFs and others	GATA2	Blood	ME-1	2177	228/2624	0/1	0	0	inf
SRX265228	TFs and others	FLI1	Blood	ME-1	1439	136/2624	0/1	0	0	inf
SRX265234	TFs and others	HDAC1	Blood	ME-1	7388	528/2624	0/1	0	0	inf
SRX265235	TFs and others	MYH11	Blood	Acute myeloid leukemia	972	107/2624	0/1	0	0	inf
SRX265236	TFs and others	CBFB	Blood	Acute myeloid leukemia	787	89/2624	0/1	0	0	inf
SRX265237	TFs and others	CBFB	Blood	U-937	1545	65/2624	0/1	0	0	inf
SRX265238	TFs and others	CBFB	Blood	U-937	6345	1170/2624	0/1	0	0	inf
SRX265239	TFs and others	MYH11	Blood	U-937	8318	821/2624	0/1	0	0	inf
SRX2652417	TFs and others	BRD4	Lung	24335	66	1/2624	0/1	0	0	inf
SRX2652418	TFs and others	BRD4	Lung	24335	350	1/2624	0/1	0	0	inf
SRX2652425	TFs and others	NUTM1	Lung	24335	220	1/2624	0/1	0	0	inf
SRX2652426	TFs and others	NUTM1	Lung	24335	378	1/2624	0/1	0	0	inf
SRX2652427	TFs and others	EP300	Lung	24335	276	1/2624	0/1	0	0	inf
SRX2652428	TFs and others	EP300	Lung	24335	336	1/2624	0/1	0	0	inf
SRX2652429	TFs and others	ZNF532	Lung	24335	326	4/2624	0/1	0	0	inf
SRX2652430	TFs and others	ZNF532	Lung	24335	292	3/2624	0/1	0	0	inf
SRX2652436	TFs and others	ZBTB48	Uterus	HeLa	1683	35/2624	0/1	0	0	inf
SRX2652437	TFs and others	ZBTB48	Uterus	HeLa	744	42/2624	0/1	0	0	inf
SRX2652438	TFs and others	ZBTB48	Uterus	HeLa	2075	12/2624	0/1	0	0	inf
SRX2652439	TFs and others	ZBTB48	Uterus	HeLa	3463	27/2624	0/1	0	0	inf
SRX2652440	TFs and others	ZBTB48	Uterus	HeLa	6639	359/2624	0/1	0	0	inf
SRX2652441	TFs and others	ZBTB48	Uterus	HeLa	4895	294/2624	0/1	0	0	inf
SRX2652442	TFs and others	ZBTB48	Uterus	HeLa	5361	224/2624	0/1	0	0	inf
SRX2652443	TFs and others	ZBTB48	Uterus	HeLa	4653	295/2624	0/1	0	0	inf
SRX2652444	TFs and others	ZBTB48	Bone	U2OS	1796	5/2624	0/1	0	0	inf
SRX2652445	TFs and others	ZBTB48	Bone	U2OS	2825	1/2624	0/1	0	0	inf
SRX2652446	TFs and others	ZBTB48	Bone	U2OS	4617	6/2624	0/1	0	0	inf
SRX2652447	TFs and others	ZBTB48	Bone	U2OS	2980	7/2624	0/1	0	0	inf
SRX2652448	TFs and others	ZBTB48	Bone	U2OS	5281	333/2624	0/1	0	0	inf
SRX2652449	TFs and others	ZBTB48	Bone	U2OS	7116	629/2624	0/1	0	0	inf
SRX2652450	TFs and others	ZBTB48	Bone	U2OS	7794	618/2624	0/1	0	0	inf
SRX2652451	TFs and others	ZBTB48	Bone	U2OS	5880	684/2624	0/1	0	0	inf
SRX265412	TFs and others	KDM5B	Breast	MCF-7	19926	1186/2624	0/1	0	0	inf
SRX265422	TFs and others	KDM5B	Breast	SUM 185PE	3721	203/2624	0/1	0	0	inf
SRX265425	TFs and others	KDM5B	Breast	SUM 159PT	6385	295/2624	0/1	0	0	inf
SRX2654818	TFs and others	CTCF	Digestive tract	LoVo	13901	360/2624	0/1	0	0	inf
SRX2654819	TFs and others	CTCF	Digestive tract	LoVo	4041	103/2624	0/1	0	0	inf
SRX2655459	TFs and others	CTCF	Blood	THP-1	23833	591/2624	0/1	0	0	inf
SRX2655460	TFs and others	CTCF	Blood	THP-1	27470	703/2624	0/1	0	0	inf
SRX2655461	TFs and others	CTCF	Blood	THP-1	23539	721/2624	0/1	0	0	inf
SRX2655462	TFs and others	CTCF	Blood	THP-1	25397	688/2624	0/1	0	0	inf
SRX2661479	TFs and others	STAT3	Blood	Th17 Cells	561	5/2624	0/1	0	0	inf
SRX2661481	TFs and others	STAT3	Blood	Th17 Cells	452	6/2624	0/1	0	0	inf
SRX2661483	TFs and others	STAT3	Blood	Th17 Cells	319	1/2624	0/1	0	0	inf
SRX2661484	TFs and others	TCF4	Neural	SH-SY5Y	960	1/2624	0/1	0	0	inf
SRX2661486	TFs and others	TCF4	Neural	SH-SY5Y	837	1/2624	0/1	0	0	inf
SRX2662142	TFs and others	SMARCC1	Breast	HMLE	200	1/2624	0/1	0	0	inf
SRX2662143	TFs and others	SMARCE1	Breast	HMLE	355	1/2624	0/1	0	0	inf
SRX2662145	TFs and others	SMARCC1	Breast	HMLE	317	1/2624	0/1	0	0	inf
SRX2662146	TFs and others	SMARCE1	Breast	HMLE	98	1/2624	0/1	0	0	inf
SRX266855	TFs and others	FOXA2	Pluripotent stem cell	hESC derived mesendodermal cells	16387	66/2624	0/1	0	0	inf
SRX266856	TFs and others	FOXA2	Pluripotent stem cell	hESC derived mesendodermal cells	18201	452/2624	0/1	0	0	inf
SRX266859	TFs and others	POU5F1	Pluripotent stem cell	hESC HUES64	4606	26/2624	0/1	0	0	inf
SRX266860	TFs and others	SOX2	Pluripotent stem cell	hESC HUES64	332	1/2624	0/1	0	0	inf
SRX266861	TFs and others	SOX2	Pluripotent stem cell	hESC HUES64	476	2/2624	0/1	0	0	inf
SRX266862	TFs and others	NANOG	Pluripotent stem cell	hESC HUES64	7095	10/2624	0/1	0	0	inf
SRX266863	TFs and others	NANOG	Pluripotent stem cell	hESC HUES64	9252	9/2624	0/1	0	0	inf
SRX2671516	TFs and others	Epitope tags	Kidney	293	1196	76/2624	0/1	0	0	inf
SRX2671517	TFs and others	Epitope tags	Kidney	293	719	37/2624	0/1	0	0	inf
SRX2671518	TFs and others	Epitope tags	Kidney	293	1206	101/2624	0/1	0	0	inf
SRX2671519	TFs and others	Epitope tags	Kidney	293	790	70/2624	0/1	0	0	inf
SRX2671520	TFs and others	Epitope tags	Kidney	293	1065	95/2624	0/1	0	0	inf
SRX2671521	TFs and others	Epitope tags	Kidney	293	2356	207/2624	0/1	0	0	inf
SRX2671522	TFs and others	Epitope tags	Kidney	293	792	71/2624	0/1	0	0	inf
SRX2671523	TFs and others	Epitope tags	Kidney	293	3888	441/2624	0/1	0	0	inf
SRX2671785	TFs and others	EP300	Pluripotent stem cell	iPS cells	2131	3/2624	0/1	0	0	inf
SRX2671792	TFs and others	EP300	Cardiovascular	Cardiac progenitor cells	17545	126/2624	0/1	0	0	inf
SRX2671799	TFs and others	EP300	Cardiovascular	Endothelial Cells	7255	154/2624	0/1	0	0	inf
SRX2671806	TFs and others	EP300	Pluripotent stem cell	iPS cells	10602	49/2624	0/1	0	0	inf
SRX2671813	TFs and others	EP300	Others	Fibroblasts	21390	121/2624	0/1	0	0	inf
SRX2671820	TFs and others	EP300	Pluripotent stem cell	iPS cells	12679	56/2624	0/1	0	0	inf
SRX2671822	TFs and others	EP300	Pluripotent stem cell	iPS cells	321	1/2624	0/1	0	0	inf
SRX2671829	TFs and others	EP300	Cardiovascular	Cardiac progenitor cells	366	1/2624	0/1	0	0	inf
SRX2671836	TFs and others	EP300	Cardiovascular	Endothelial Cells	377	1/2624	0/1	0	0	inf
SRX2671843	TFs and others	EP300	Pluripotent stem cell	iPS cells	409	1/2624	0/1	0	0	inf
SRX2671850	TFs and others	EP300	Others	Fibroblasts	385	1/2624	0/1	0	0	inf
SRX2671857	TFs and others	EP300	Pluripotent stem cell	iPS cells	390	1/2624	0/1	0	0	inf
SRX268298	TFs and others	FOSL1	Breast	BT-549	12618	149/2624	0/1	0	0	inf
SRX268299	TFs and others	JUN	Breast	BT-549	10347	189/2624	0/1	0	0	inf
SRX2683574	TFs and others	Epitope tags	Kidney	293	372	26/2624	0/1	0	0	inf
SRX2683575	TFs and others	Epitope tags	Kidney	293	580	54/2624	0/1	0	0	inf
SRX2683578	TFs and others	Epitope tags	Kidney	293	407	29/2624	0/1	0	0	inf
SRX2683579	TFs and others	Epitope tags	Kidney	293	511	40/2624	0/1	0	0	inf
SRX2683586	TFs and others	Epitope tags	Kidney	293	473	33/2624	0/1	0	0	inf
SRX2683587	TFs and others	Epitope tags	Kidney	293	279	15/2624	0/1	0	0	inf
SRX2683590	TFs and others	Epitope tags	Kidney	293	550	45/2624	0/1	0	0	inf
SRX2683591	TFs and others	Epitope tags	Kidney	293	228	15/2624	0/1	0	0	inf
SRX2683594	TFs and others	Epitope tags	Kidney	293	921	90/2624	0/1	0	0	inf
SRX2683595	TFs and others	Epitope tags	Kidney	293	1050	117/2624	0/1	0	0	inf
SRX2683597	TFs and others	Epitope tags	Kidney	293	931	107/2624	0/1	0	0	inf
SRX2683598	TFs and others	Epitope tags	Kidney	293	787	76/2624	0/1	0	0	inf
SRX2683601	TFs and others	Epitope tags	Kidney	293	1829	279/2624	0/1	0	0	inf
SRX2683602	TFs and others	Epitope tags	Kidney	293	1859	282/2624	0/1	0	0	inf
SRX2683604	TFs and others	Epitope tags	Kidney	293	1973	319/2624	0/1	0	0	inf
SRX2683605	TFs and others	Epitope tags	Kidney	293	2085	330/2624	0/1	0	0	inf
SRX2683608	TFs and others	Epitope tags	Kidney	293	1144	172/2624	0/1	0	0	inf
SRX2683609	TFs and others	Epitope tags	Kidney	293	643	77/2624	0/1	0	0	inf
SRX2683610	TFs and others	Epitope tags	Kidney	293	491	49/2624	0/1	0	0	inf
SRX2683611	TFs and others	Epitope tags	Kidney	293	498	52/2624	0/1	0	0	inf
SRX268450	TFs and others	GRHL2	Lung	Tracheal epithelial cells	17346	145/2624	0/1	0	0	inf
SRX268451	TFs and others	GRHL2	Lung	Tracheal epithelial cells	25019	243/2624	0/1	0	0	inf
SRX268452	TFs and others	GRHL2	Lung	Tracheal epithelial cells	14853	191/2624	0/1	0	0	inf
SRX268881	TFs and others	TRF2	Lung	WI-38	678	1/2624	0/1	0	0	inf
SRX268882	TFs and others	NR2F2	Lung	WI-38	1602	29/2624	0/1	0	0	inf
SRX268883	TFs and others	NR2C2	Lung	WI-38	1271	106/2624	0/1	0	0	inf
SRX268884	TFs and others	HMBOX1	Lung	WI-38	679	30/2624	0/1	0	0	inf
SRX268885	TFs and others	TRF2	Uterus	HeLa	466	1/2624	0/1	0	0	inf
SRX268886	TFs and others	NR2F2	Uterus	HeLa	555	1/2624	0/1	0	0	inf
SRX268887	TFs and others	NR2C2	Uterus	HeLa	962	66/2624	0/1	0	0	inf
SRX268888	TFs and others	HMBOX1	Uterus	HeLa	514	9/2624	0/1	0	0	inf
SRX2704964	TFs and others	GFP	Neural	Retina	328	1/2624	0/1	0	0	inf
SRX2704965	TFs and others	GFP	Neural	Retina	333	1/2624	0/1	0	0	inf
SRX2704966	TFs and others	GFP	Neural	Retina	261	1/2624	0/1	0	0	inf
SRX2705124	TFs and others	MORC2	Uterus	HeLa	806	26/2624	0/1	0	0	inf
SRX2708746	TFs and others	Biotin	Pluripotent stem cell	hES BG01V	103	1/2624	0/1	0	0	inf
SRX2708747	TFs and others	Biotin	Pluripotent stem cell	hES BG01V	177	1/2624	0/1	0	0	inf
SRX2708748	TFs and others	Biotin	Pluripotent stem cell	hES BG01V	81	1/2624	0/1	0	0	inf
SRX2708749	TFs and others	Biotin	Pluripotent stem cell	hES BG01V	150	1/2624	0/1	0	0	inf
SRX2708750	TFs and others	Biotin	Pluripotent stem cell	hES BG01V	341	1/2624	0/1	0	0	inf
SRX2708751	TFs and others	Biotin	Pluripotent stem cell	hES BG01V	179	1/2624	0/1	0	0	inf
SRX2708752	TFs and others	Biotin	Pluripotent stem cell	hES BG01V	163	1/2624	0/1	0	0	inf
SRX2708753	TFs and others	Biotin	Pluripotent stem cell	hES BG01V	142	1/2624	0/1	0	0	inf
SRX2708754	TFs and others	Biotin	Pluripotent stem cell	hES BG01V	267	1/2624	0/1	0	0	inf
SRX2708755	TFs and others	Biotin	Pluripotent stem cell	hES BG01V	213	1/2624	0/1	0	0	inf
SRX2708756	TFs and others	Biotin	Pluripotent stem cell	hES BG01V	179	1/2624	0/1	0	0	inf
SRX2708757	TFs and others	Biotin	Pluripotent stem cell	hES BG01V	270	1/2624	0/1	0	0	inf
SRX2708809	TFs and others	INO80	Liver	Hep G2	41	8/2624	0/1	0	0	inf
SRX2708810	TFs and others	INO80	Liver	Hep G2	44	6/2624	0/1	0	0	inf
SRX2708812	TFs and others	INO80	Liver	HuH-7	235	6/2624	0/1	0	0	inf
SRX2708813	TFs and others	INO80	Liver	HuH-7	704	70/2624	0/1	0	0	inf
SRX2708818	TFs and others	MCRS1	Liver	Hep G2	270	50/2624	0/1	0	0	inf
SRX2708819	TFs and others	MCRS1	Liver	Hep G2	158	15/2624	0/1	0	0	inf
SRX2708820	TFs and others	MCRS1	Liver	HuH-7	7	1/2624	0/1	0	0	inf
SRX2708821	TFs and others	MCRS1	Liver	HuH-7	71	5/2624	0/1	0	0	inf
SRX2708822	TFs and others	RUVBL1	Liver	Hep G2	59	2/2624	0/1	0	0	inf
SRX2708824	TFs and others	RUVBL2	Liver	Hep G2	237	1/2624	0/1	0	0	inf
SRX2708825	TFs and others	RUVBL2	Liver	Hep G2	229	1/2624	0/1	0	0	inf
SRX2708826	TFs and others	RUVBL2	Liver	HuH-7	84	1/2624	0/1	0	0	inf
SRX2708827	TFs and others	RUVBL2	Liver	HuH-7	5	1/2624	0/1	0	0	inf
SRX2708828	TFs and others	YY1	Liver	HuH-7	231	28/2624	0/1	0	0	inf
SRX2708829	TFs and others	YY1	Liver	HuH-7	2143	236/2624	0/1	0	0	inf
SRX271854	TFs and others	EZH2	Blood	OCI-LY-7	410	2/2624	0/1	0	0	inf
SRX271855	TFs and others	EZH2	Blood	Farage	1436	4/2624	0/1	0	0	inf
SRX271856	TFs and others	EZH2	Blood	SU-DHL-5	1550	1/2624	0/1	0	0	inf
SRX271857	TFs and others	EZH2	Blood	OCI-LY1	1010	3/2624	0/1	0	0	inf
SRX271858	TFs and others	EZH2	Blood	SU-DHL-6	926	6/2624	0/1	0	0	inf
SRX271859	TFs and others	EZH2	Blood	WSU-DLCL2	1277	5/2624	0/1	0	0	inf
SRX271860	TFs and others	EZH2	Blood	Pfeiffer	840	4/2624	0/1	0	0	inf
SRX272438	TFs and others	SMCHD1	Digestive tract	HCT 116	651	1/2624	0/1	0	0	inf
SRX2730808	TFs and others	ARID5B	Blood	Jurkat	1033	12/2624	0/1	0	0	inf
SRX2731314	TFs and others	PAF1	Digestive tract	HCT 116	1207	37/2624	0/1	0	0	inf
SRX2731315	TFs and others	PAF1	Digestive tract	HCT 116	2381	173/2624	0/1	0	0	inf
SRX2731316	TFs and others	PAF1	Digestive tract	HCT 116	1426	48/2624	0/1	0	0	inf
SRX2731519	TFs and others	NCAPH2	Kidney	293	132	1/2624	0/1	0	0	inf
SRX2731520	TFs and others	NCAPH2	Kidney	293	141	1/2624	0/1	0	0	inf
SRX2731586	TFs and others	ONECUT2	Prostate	22Rv1	2777	415/2624	0/1	0	0	inf
SRX2731587	TFs and others	ONECUT2	Prostate	22Rv1	1842	237/2624	0/1	0	0	inf
SRX2731653	TFs and others	HOXC5	Prostate	PC-3	16367	620/2624	0/1	0	0	inf
SRX2731656	TFs and others	HOXC5	Prostate	PC-3	546	8/2624	0/1	0	0	inf
SRX2731657	TFs and others	HOXC5	Prostate	PC-3	586	5/2624	0/1	0	0	inf
SRX2731658	TFs and others	PBX4	Prostate	PC-3	76930	672/2624	0/1	0	0	inf
SRX2731713	TFs and others	SOX2	Lung	Lung cancer cell line	1197	1/2624	0/1	0	0	inf
SRX2731772	TFs and others	CTCF	Neural	Neuroblastoma	3015	111/2624	0/1	0	0	inf
SRX2731775	TFs and others	CTCF	Neural	Neuroblastoma	6822	184/2624	0/1	0	0	inf
SRX2731778	TFs and others	CTCF	Neural	Neuroblastoma	5097	164/2624	0/1	0	0	inf
SRX2731783	TFs and others	MYCN	Neural	Neuroblastoma	313	1/2624	0/1	0	0	inf
SRX2731786	TFs and others	MYCN	Neural	Neuroblastoma	774	38/2624	0/1	0	0	inf
SRX2731789	TFs and others	MYCN	Neural	Neuroblastoma	1104	74/2624	0/1	0	0	inf
SRX2731930	TFs and others	Epitope tags	Breast	MDA-MB-231	26	1/2624	0/1	0	0	inf
SRX2731931	TFs and others	Epitope tags	Breast	MDA-MB-231	32	1/2624	0/1	0	0	inf
SRX2731932	TFs and others	Epitope tags	Breast	MDA-MB-231	33	1/2624	0/1	0	0	inf
SRX2731933	TFs and others	Epitope tags	Breast	MDA-MB-231	25	1/2624	0/1	0	0	inf
SRX2731934	TFs and others	Epitope tags	Breast	MDA-MB-231	28	1/2624	0/1	0	0	inf
SRX2731935	TFs and others	Epitope tags	Breast	MDA-MB-231	33	1/2624	0/1	0	0	inf
SRX2732208	TFs and others	POU5F1	Lung	MRC-5	172	1/2624	0/1	0	0	inf
SRX2732209	TFs and others	POU5F1	Lung	MRC-5	116	1/2624	0/1	0	0	inf
SRX2732210	TFs and others	SOX2	Lung	MRC-5	163	1/2624	0/1	0	0	inf
SRX2732211	TFs and others	SOX2	Lung	MRC-5	118	1/2624	0/1	0	0	inf
SRX2732212	TFs and others	KLF4	Lung	MRC-5	149	1/2624	0/1	0	0	inf
SRX2732213	TFs and others	KLF4	Lung	MRC-5	214	1/2624	0/1	0	0	inf
SRX2732458	TFs and others	KLF4	Neural	Glioblastoma	414	1/2624	0/1	0	0	inf
SRX2732459	TFs and others	KLF4	Neural	Glioblastoma	941	1/2624	0/1	0	0	inf
SRX2732460	TFs and others	KLF4	Neural	Glioblastoma	1168	5/2624	0/1	0	0	inf
SRX2733332	TFs and others	NOTCH1	Blood	Mino	360	2/2624	0/1	0	0	inf
SRX2733333	TFs and others	RBPJ	Blood	Mino	372	7/2624	0/1	0	0	inf
SRX2733342	TFs and others	MAML1	Blood	REC-1	586	3/2624	0/1	0	0	inf
SRX2733343	TFs and others	NOTCH1	Blood	REC-1	141	1/2624	0/1	0	0	inf
SRX2733344	TFs and others	NOTCH1	Blood	REC-1	133	1/2624	0/1	0	0	inf
SRX2733345	TFs and others	NOTCH1	Blood	REC-1	357	3/2624	0/1	0	0	inf
SRX2733346	TFs and others	NOTCH1	Blood	REC-1	323	2/2624	0/1	0	0	inf
SRX2733347	TFs and others	RBPJ	Blood	REC-1	434	2/2624	0/1	0	0	inf
SRX2733362	TFs and others	MAML1	Blood	SP-49	290	2/2624	0/1	0	0	inf
SRX2733363	TFs and others	RBPJ	Blood	SP-49	262	2/2624	0/1	0	0	inf
SRX2734391	TFs and others	ERG	Cardiovascular	HAEC	1632	125/2624	0/1	0	0	inf
SRX2734392	TFs and others	NFE2L2	Cardiovascular	HAEC	17737	583/2624	0/1	0	0	inf
SRX2734393	TFs and others	NFE2L2	Cardiovascular	HAEC	13748	366/2624	0/1	0	0	inf
SRX2734394	TFs and others	NFE2L2	Cardiovascular	HAEC	122	2/2624	0/1	0	0	inf
SRX2734626	TFs and others	MYC	Digestive tract	HCT 116	838	57/2624	0/1	0	0	inf
SRX2737718	TFs and others	BMI1	Prostate	C4-2	361	3/2624	0/1	0	0	inf
SRX2737719	TFs and others	AR	Prostate	C4-2	210	2/2624	0/1	0	0	inf
SRX2741418	TFs and others	CHD4	Others	SCC-9	1902	83/2624	0/1	0	0	inf
SRX2741419	TFs and others	CHD4	Others	SCC-9	571	11/2624	0/1	0	0	inf
SRX2741420	TFs and others	CHD4	Others	SCC-9	550	9/2624	0/1	0	0	inf
SRX2741422	TFs and others	CHD4	Others	SCC-9	214	5/2624	0/1	0	0	inf
SRX2741423	TFs and others	CHD4	Others	SCC-9	172	2/2624	0/1	0	0	inf
SRX2741424	TFs and others	CHD4	Others	SCC-9	1459	114/2624	0/1	0	0	inf
SRX2744644	TFs and others	STAT5A	Digestive tract	DLD-1	116	1/2624	0/1	0	0	inf
SRX2744645	TFs and others	BCL6	Digestive tract	DLD-1	125	1/2624	0/1	0	0	inf
SRX2744646	TFs and others	STAT5A	Digestive tract	DLD-1	175	1/2624	0/1	0	0	inf
SRX2744647	TFs and others	BCL6	Digestive tract	DLD-1	123	1/2624	0/1	0	0	inf
SRX2744648	TFs and others	STAT5A	Digestive tract	DLD-1	159	1/2624	0/1	0	0	inf
SRX2744649	TFs and others	BCL6	Digestive tract	DLD-1	142	1/2624	0/1	0	0	inf
SRX2744650	TFs and others	STAT5A	Digestive tract	DLD-1	136	1/2624	0/1	0	0	inf
SRX2744651	TFs and others	BCL6	Digestive tract	DLD-1	139	1/2624	0/1	0	0	inf
SRX2744652	TFs and others	STAT5A	Digestive tract	DLD-1	189	1/2624	0/1	0	0	inf
SRX2744653	TFs and others	BCL6	Digestive tract	DLD-1	136	1/2624	0/1	0	0	inf
SRX2744654	TFs and others	STAT5A	Digestive tract	DLD-1	192	1/2624	0/1	0	0	inf
SRX2744655	TFs and others	BCL6	Digestive tract	DLD-1	166	1/2624	0/1	0	0	inf
SRX2744656	TFs and others	BCL6	Digestive tract	DLD-1	113	1/2624	0/1	0	0	inf
SRX2744657	TFs and others	BCL6	Digestive tract	DLD-1	195	1/2624	0/1	0	0	inf
SRX2745728	TFs and others	ZNF516	Breast	MCF-7	451	1/2624	0/1	0	0	inf
SRX2745846	TFs and others	Epitope tags	Breast	MCF 10A	20807	234/2624	0/1	0	0	inf
SRX2747227	TFs and others	KAT2A	Neural	U-251 MG	1062	2/2624	0/1	0	0	inf
SRX2748845	TFs and others	MYB	Others	Adenoid cystic carcinoma	1090	82/2624	0/1	0	0	inf
SRX2748847	TFs and others	MYB	Others	Adenoid cystic carcinoma	525	12/2624	0/1	0	0	inf
SRX2748853	TFs and others	RARA	Others	Adenoid cystic carcinoma	520	1/2624	0/1	0	0	inf
SRX2748855	TFs and others	RARA	Others	Adenoid cystic carcinoma	846	32/2624	0/1	0	0	inf
SRX2749136	TFs and others	ARNT	Kidney	786-O	211	5/2624	0/1	0	0	inf
SRX2749139	TFs and others	EP300	Kidney	786-O	10792	305/2624	0/1	0	0	inf
SRX2749144	TFs and others	ARNT	Kidney	786-O	132	2/2624	0/1	0	0	inf
SRX2749150	TFs and others	ARNT	Kidney	OS-RC-2	312	7/2624	0/1	0	0	inf
SRX2749155	TFs and others	ARNT	Kidney	OS-RC-2	196	1/2624	0/1	0	0	inf
SRX275403	TFs and others	BRD4	Blood	OCI-LY1	4855	273/2624	0/1	0	0	inf
SRX275404	TFs and others	BRD4	Blood	OCI-LY1	1706	189/2624	0/1	0	0	inf
SRX275410	TFs and others	BCL6	Blood	OCI-LY1	913	15/2624	0/1	0	0	inf
SRX2754626	TFs and others	GABPA	Blood	THP-1	509	5/2624	0/1	0	0	inf
SRX2754627	TFs and others	GABPA	Blood	THP-1	509	4/2624	0/1	0	0	inf
SRX275500	TFs and others	TP53	Bone	U2OS	1546	11/2624	0/1	0	0	inf
SRX275502	TFs and others	TP53	Bone	U2OS	1039	7/2624	0/1	0	0	inf
SRX275504	TFs and others	TP53	Bone	U2OS	4382	48/2624	0/1	0	0	inf
SRX275506	TFs and others	TP53	Bone	U2OS	226	1/2624	0/1	0	0	inf
SRX2755182	TFs and others	EBV-ZEBRA	Blood	GM12878	517	1/2624	0/1	0	0	inf
SRX2755183	TFs and others	EBNA1	Blood	GM12878	666	1/2624	0/1	0	0	inf
SRX2765965	TFs and others	HMGB2	Cardiovascular	HUVEC	3554	494/2624	0/1	0	0	inf
SRX2765967	TFs and others	HMGB2	Lung	Lung fibroblasts	519	47/2624	0/1	0	0	inf
SRX2765968	TFs and others	HMGB2	Lung	Lung fibroblasts	540	28/2624	0/1	0	0	inf
SRX2765969	TFs and others	Epitope tags	Kidney	293	618	1/2624	0/1	0	0	inf
SRX2765970	TFs and others	Epitope tags	Kidney	293	663	1/2624	0/1	0	0	inf
SRX2765971	TFs and others	Epitope tags	Kidney	293	729	1/2624	0/1	0	0	inf
SRX2765972	TFs and others	Epitope tags	Kidney	293	646	1/2624	0/1	0	0	inf
SRX2765973	TFs and others	Epitope tags	Kidney	293	680	1/2624	0/1	0	0	inf
SRX2765974	TFs and others	Epitope tags	Kidney	293	623	1/2624	0/1	0	0	inf
SRX276780	TFs and others	RING1	Prostate	DU 145	12279	285/2624	0/1	0	0	inf
SRX276781	TFs and others	RING1	Prostate	DU 145	561	1/2624	0/1	0	0	inf
SRX276782	TFs and others	RNF2	Prostate	DU 145	1011	5/2624	0/1	0	0	inf
SRX276783	TFs and others	RNF2	Prostate	DU 145	430	1/2624	0/1	0	0	inf
SRX276784	TFs and others	BMI1	Prostate	DU 145	6912	33/2624	0/1	0	0	inf
SRX276785	TFs and others	BMI1	Prostate	DU 145	1296	1/2624	0/1	0	0	inf
SRX2769830	TFs and others	OTX2	Neural	D283 Med	56738	580/2624	0/1	0	0	inf
SRX2770844	TFs and others	CEBPB	Blood	Macrophages	15841	30/2624	0/1	0	0	inf
SRX2770845	TFs and others	CEBPB	Blood	Macrophages	4984	10/2624	0/1	0	0	inf
SRX2770846	TFs and others	CEBPB	Blood	Macrophages	12099	10/2624	0/1	0	0	inf
SRX2770847	TFs and others	CEBPB	Blood	Macrophages	2601	1/2624	0/1	0	0	inf
SRX2770850	TFs and others	MAF	Blood	Macrophages	17267	4/2624	0/1	0	0	inf
SRX2770851	TFs and others	MAF	Blood	Macrophages	16484	4/2624	0/1	0	0	inf
SRX2770854	TFs and others	SPI1	Blood	Macrophages	47143	471/2624	0/1	0	0	inf
SRX2770856	TFs and others	SPI1	Blood	Macrophages	16721	95/2624	0/1	0	0	inf
SRX2770857	TFs and others	SPI1	Blood	Macrophages	56008	829/2624	0/1	0	0	inf
SRX2770858	TFs and others	SMC1A	Blood	Macrophages	34530	365/2624	0/1	0	0	inf
SRX2770859	TFs and others	SMC1A	Blood	Macrophages	29541	65/2624	0/1	0	0	inf
SRX2770860	TFs and others	SMC1A	Blood	Macrophages	20664	134/2624	0/1	0	0	inf
SRX277131	TFs and others	SOX2	Digestive tract	KYSE-70	971	34/2624	0/1	0	0	inf
SRX277132	TFs and others	TP63	Digestive tract	KYSE-70	847	11/2624	0/1	0	0	inf
SRX277134	TFs and others	SOX2	Digestive tract	T.T	1024	36/2624	0/1	0	0	inf
SRX277135	TFs and others	TP63	Digestive tract	T.T	1786	25/2624	0/1	0	0	inf
SRX277137	TFs and others	SOX2	Lung	HCC95	455	4/2624	0/1	0	0	inf
SRX277138	TFs and others	TP63	Lung	HCC95	1542	16/2624	0/1	0	0	inf
SRX277140	TFs and others	SOX2	Pluripotent stem cell	hESC H9	277	1/2624	0/1	0	0	inf
SRX277585	TFs and others	FANCD2	Kidney	293	205	1/2624	0/1	0	0	inf
SRX277586	TFs and others	FANCD2	Kidney	293	476	1/2624	0/1	0	0	inf
SRX2778382	TFs and others	YY1	Blood	Lymphoblastoid cell line	2420	343/2624	0/1	0	0	inf
SRX2778383	TFs and others	YY1	Blood	Lymphoblastoid cell line	1598	232/2624	0/1	0	0	inf
SRX2778384	TFs and others	YY1	Blood	Lymphoblastoid cell line	2737	333/2624	0/1	0	0	inf
SRX2778385	TFs and others	YY1	Blood	Lymphoblastoid cell line	3872	435/2624	0/1	0	0	inf
SRX2778386	TFs and others	YY1	Blood	Lymphoblastoid cell line	2079	273/2624	0/1	0	0	inf
SRX2778387	TFs and others	YY1	Blood	Lymphoblastoid cell line	2389	342/2624	0/1	0	0	inf
SRX2778388	TFs and others	YY1	Blood	Lymphoblastoid cell line	1329	179/2624	0/1	0	0	inf
SRX2778389	TFs and others	YY1	Blood	Lymphoblastoid cell line	769	39/2624	0/1	0	0	inf
SRX2778390	TFs and others	YY1	Blood	Lymphoblastoid cell line	1724	232/2624	0/1	0	0	inf
SRX2778391	TFs and others	YY1	Blood	Lymphoblastoid cell line	2095	294/2624	0/1	0	0	inf
SRX2778393	TFs and others	YY1	Blood	Lymphoblastoid cell line	2267	295/2624	0/1	0	0	inf
SRX2778395	TFs and others	YY1	Blood	Lymphoblastoid cell line	2228	295/2624	0/1	0	0	inf
SRX2778396	TFs and others	YY1	Blood	Lymphoblastoid cell line	1965	287/2624	0/1	0	0	inf
SRX2778397	TFs and others	YY1	Blood	Lymphoblastoid cell line	1190	158/2624	0/1	0	0	inf
SRX2778398	TFs and others	YY1	Blood	Lymphoblastoid cell line	927	43/2624	0/1	0	0	inf
SRX2778399	TFs and others	YY1	Blood	Lymphoblastoid cell line	788	43/2624	0/1	0	0	inf
SRX2779402	TFs and others	RUNX1	Epidermis	Dombi23	619	38/2624	0/1	0	0	inf
SRX278416	TFs and others	TFAP4	Digestive tract	DLD-1	998	43/2624	0/1	0	0	inf
SRX278504	TFs and others	TP53	Blood	Lymphoblastoid cells	335	1/2624	0/1	0	0	inf
SRX278506	TFs and others	TP53	Blood	Lymphoblastoid cells	3045	64/2624	0/1	0	0	inf
SRX278510	TFs and others	TP53	Blood	Lymphoblastoid cells	198	4/2624	0/1	0	0	inf
SRX278609	TFs and others	NR5A2	Breast	MCF-7	579	5/2624	0/1	0	0	inf
SRX278610	TFs and others	MED1	Breast	MCF-7	446	4/2624	0/1	0	0	inf
SRX2791697	TFs and others	LMNA	Epidermis	Dermal fibroblast	562	1/2624	0/1	0	0	inf
SRX2791698	TFs and others	LMNB1	Epidermis	Dermal fibroblast	850	1/2624	0/1	0	0	inf
SRX2791699	TFs and others	LMNA	Epidermis	Dermal fibroblast	718	1/2624	0/1	0	0	inf
SRX2791700	TFs and others	LMNB1	Epidermis	Dermal fibroblast	261	1/2624	0/1	0	0	inf
SRX2793571	TFs and others	LMNA	Prostate	PrEC	448	1/2624	0/1	0	0	inf
SRX2793572	TFs and others	LMNB1	Prostate	PrEC	548	1/2624	0/1	0	0	inf
SRX2793576	TFs and others	LMNA	Prostate	LNCAP	491	1/2624	0/1	0	0	inf
SRX2793577	TFs and others	LMNB1	Prostate	LNCAP	518	1/2624	0/1	0	0	inf
SRX2793578	TFs and others	RB1	Breast	MCF-7	1296	49/2624	0/1	0	0	inf
SRX2793579	TFs and others	RB1	Breast	MCF-7	1176	65/2624	0/1	0	0	inf
SRX2795362	TFs and others	BRD4	Blood	Mutu	1372	75/2624	0/1	0	0	inf
SRX2795363	TFs and others	BRD4	Blood	Mutu	415	1/2624	0/1	0	0	inf
SRX2795364	TFs and others	BRD4	Blood	Mutu	4177	208/2624	0/1	0	0	inf
SRX2795365	TFs and others	BRD4	Blood	Mutu	629	1/2624	0/1	0	0	inf
SRX2795366	TFs and others	BRD4	Blood	Akata	592	1/2624	0/1	0	0	inf
SRX2795367	TFs and others	BRD4	Blood	Akata	482	1/2624	0/1	0	0	inf
SRX2795368	TFs and others	BRD4	Blood	Akata	590	1/2624	0/1	0	0	inf
SRX2795369	TFs and others	BRD4	Blood	Akata	439	1/2624	0/1	0	0	inf
SRX2795370	TFs and others	BRD4	Blood	Akata	287	1/2624	0/1	0	0	inf
SRX2795371	TFs and others	BRD4	Blood	Akata	2717	491/2624	0/1	0	0	inf
SRX2795372	TFs and others	BRD4	Blood	Akata	260	1/2624	0/1	0	0	inf
SRX2795373	TFs and others	BRD4	Blood	Akata	341	3/2624	0/1	0	0	inf
SRX2796990	TFs and others	ERF	Prostate	VCaP	750	2/2624	0/1	0	0	inf
SRX2796992	TFs and others	ERF	Prostate	VCaP	5886	150/2624	0/1	0	0	inf
SRX2796997	TFs and others	AR	Prostate	VCaP	14200	356/2624	0/1	0	0	inf
SRX2796998	TFs and others	ERG	Prostate	VCaP	2880	213/2624	0/1	0	0	inf
SRX2821736	TFs and others	FOSL1	Blood	CD4+ T cells	540	4/2624	0/1	0	0	inf
SRX2821737	TFs and others	FOSL1	Blood	CD4+ T cells	574	4/2624	0/1	0	0	inf
SRX2821738	TFs and others	FOSL1	Blood	CD4+ T cells	446	2/2624	0/1	0	0	inf
SRX2821739	TFs and others	FOSL1	Blood	CD4+ T cells	427	2/2624	0/1	0	0	inf
SRX2830156	TFs and others	PAX7	Pluripotent stem cell	hESC H9	1793	7/2624	0/1	0	0	inf
SRX2831680	TFs and others	BCL11A	Blood	Burkitt Lymphoma	233	18/2624	0/1	0	0	inf
SRX2837382	TFs and others	RELA	Blood	GM12878	10078	295/2624	0/1	0	0	inf
SRX2837383	TFs and others	RELB	Blood	GM12878	10687	85/2624	0/1	0	0	inf
SRX2837384	TFs and others	RELB	Blood	GM12878	16888	394/2624	0/1	0	0	inf
SRX2837385	TFs and others	REL	Blood	GM12878	1177	31/2624	0/1	0	0	inf
SRX2837386	TFs and others	REL	Blood	GM12878	4304	149/2624	0/1	0	0	inf
SRX2837387	TFs and others	NFKB1	Blood	GM12878	2970	53/2624	0/1	0	0	inf
SRX2837388	TFs and others	NFKB1	Blood	GM12878	2525	45/2624	0/1	0	0	inf
SRX2837389	TFs and others	NFKB2	Blood	GM12878	850	32/2624	0/1	0	0	inf
SRX2837390	TFs and others	NFKB2	Blood	GM12878	5065	60/2624	0/1	0	0	inf
SRX283754	TFs and others	ETV1	Prostate	LNCAP	5863	423/2624	0/1	0	0	inf
SRX283756	TFs and others	AR	Prostate	LNCAP	282	1/2624	0/1	0	0	inf
SRX283757	TFs and others	AR	Prostate	LNCAP	55	1/2624	0/1	0	0	inf
SRX2841992	TFs and others	BRD4	Blood	K-562	4054	426/2624	0/1	0	0	inf
SRX2841994	TFs and others	BRD4	Blood	K-562	490	18/2624	0/1	0	0	inf
SRX2841996	TFs and others	BRD4	Blood	K-562	374	8/2624	0/1	0	0	inf
SRX2841998	TFs and others	NUP98	Blood	K-562	729	1/2624	0/1	0	0	inf
SRX2841999	TFs and others	NUP153	Blood	K-562	619	1/2624	0/1	0	0	inf
SRX2842441	TFs and others	FOS	Bone	MNNG	991	1/2624	0/1	0	0	inf
SRX2842442	TFs and others	FOSL1	Bone	MNNG	1339	38/2624	0/1	0	0	inf
SRX2842443	TFs and others	FOS	Bone	143B	929	1/2624	0/1	0	0	inf
SRX2842444	TFs and others	FOSL1	Bone	143B	2949	76/2624	0/1	0	0	inf
SRX2842445	TFs and others	FOS	Bone	MG-63	493	2/2624	0/1	0	0	inf
SRX2842446	TFs and others	FOSL1	Bone	MG-63	348	4/2624	0/1	0	0	inf
SRX2842447	TFs and others	FOS	Bone	MG-63	2164	209/2624	0/1	0	0	inf
SRX2842448	TFs and others	FOSL1	Bone	MG-63	5220	120/2624	0/1	0	0	inf
SRX2842449	TFs and others	FOS	Bone	HOS	1017	1/2624	0/1	0	0	inf
SRX2842450	TFs and others	FOSL1	Bone	HOS	799	1/2624	0/1	0	0	inf
SRX2844298	TFs and others	CTNNB1	Pluripotent stem cell	hESC H1	683	4/2624	0/1	0	0	inf
SRX2844299	TFs and others	CTNNB1	Pluripotent stem cell	hESC H1	1362	5/2624	0/1	0	0	inf
SRX2844311	TFs and others	SMAD2	Pluripotent stem cell	hESC H1	1404	7/2624	0/1	0	0	inf
SRX2844312	TFs and others	SMAD2	Pluripotent stem cell	hESC H1	2820	15/2624	0/1	0	0	inf
SRX2844313	TFs and others	TEAD4	Pluripotent stem cell	hESC H1	1425	11/2624	0/1	0	0	inf
SRX2844314	TFs and others	YAP1	Pluripotent stem cell	hESC H1	99	4/2624	0/1	0	0	inf
SRX2844315	TFs and others	YAP1	Pluripotent stem cell	hESC H1	308	1/2624	0/1	0	0	inf
SRX2845372	TFs and others	SMCHD1	Neural	SH-SY5Y	1473	1/2624	0/1	0	0	inf
SRX2845373	TFs and others	SMCHD1	Neural	SH-SY5Y	943	1/2624	0/1	0	0	inf
SRX2850858	TFs and others	APC	Digestive tract	HCT 116	949	46/2624	0/1	0	0	inf
SRX2850860	TFs and others	APC	Digestive tract	HCT 116	2643	159/2624	0/1	0	0	inf
SRX285599	TFs and others	NOTCH1	Cardiovascular	Aortic valve endothelial cells	376	1/2624	0/1	0	0	inf
SRX285742	TFs and others	HOXB7	Breast	BT-474	76	3/2624	0/1	0	0	inf
SRX285743	TFs and others	HOXB7	Breast	BT-474	261	5/2624	0/1	0	0	inf
SRX285744	TFs and others	HOXB7	Breast	BT-474	150	4/2624	0/1	0	0	inf
SRX285745	TFs and others	HOXB7	Breast	BT-474	138	2/2624	0/1	0	0	inf
SRX285808	TFs and others	TP53	Breast	MCF-7	306	6/2624	0/1	0	0	inf
SRX2858137	TFs and others	TFCP2	Liver	BEL-7402	388	1/2624	0/1	0	0	inf
SRX2858138	TFs and others	TFCP2	Liver	BEL-7402	266	1/2624	0/1	0	0	inf
SRX2858201	TFs and others	SUZ12	Lung	Lu-130	301	1/2624	0/1	0	0	inf
SRX286018	TFs and others	SPI1	Blood	Macrophages	418	35/2624	0/1	0	0	inf
SRX286019	TFs and others	SPI1	Blood	Macrophages	353	43/2624	0/1	0	0	inf
SRX286201	TFs and others	ING2	Digestive tract	RKO	15001	1027/2624	0/1	0	0	inf
SRX286202	TFs and others	ING5	Digestive tract	RKO	11760	557/2624	0/1	0	0	inf
SRX286203	TFs and others	BRD1	Digestive tract	RKO	7928	213/2624	0/1	0	0	inf
SRX2862486	TFs and others	TET1	Pluripotent stem cell	hESC HUES8	637	101/2624	0/1	0	0	inf
SRX2862487	TFs and others	DNMT3B	Pluripotent stem cell	hESC HUES8	537	3/2624	0/1	0	0	inf
SRX2862488	TFs and others	DNMT3B	Pluripotent stem cell	hESC HUES8	1148	2/2624	0/1	0	0	inf
SRX2867629	TFs and others	BRD4	Blood	Lymphoblastoid cell line	13512	770/2624	0/1	0	0	inf
SRX2867671	TFs and others	GFP	Kidney	293	17635	1116/2624	0/1	0	0	inf
SRX2867678	TFs and others	Epitope tags	Kidney	293	1447	3/2624	0/1	0	0	inf
SRX2871338	TFs and others	ESR1	Breast	T-47D	7033	203/2624	0/1	0	0	inf
SRX2871339	TFs and others	ESR1	Breast	T-47D	6963	174/2624	0/1	0	0	inf
SRX2871340	TFs and others	ESR1	Breast	T-47D	5387	164/2624	0/1	0	0	inf
SRX2871341	TFs and others	ESR1	Breast	T-47D	6031	191/2624	0/1	0	0	inf
SRX2871342	TFs and others	GATA3	Breast	T-47D	5728	45/2624	0/1	0	0	inf
SRX2871343	TFs and others	GATA3	Breast	T-47D	4224	38/2624	0/1	0	0	inf
SRX2871344	TFs and others	GATA3	Breast	T-47D	7931	73/2624	0/1	0	0	inf
SRX2871345	TFs and others	GATA3	Breast	T-47D	10983	101/2624	0/1	0	0	inf
SRX2871346	TFs and others	FOXA1	Breast	T-47D	13521	156/2624	0/1	0	0	inf
SRX2871347	TFs and others	FOXA1	Breast	T-47D	9176	113/2624	0/1	0	0	inf
SRX2871348	TFs and others	FOXA1	Breast	T-47D	16021	190/2624	0/1	0	0	inf
SRX2871349	TFs and others	FOXA1	Breast	T-47D	14064	170/2624	0/1	0	0	inf
SRX2871350	TFs and others	GATA3	Breast	T-47D	2186	17/2624	0/1	0	0	inf
SRX2871351	TFs and others	GATA3	Breast	T-47D	2875	24/2624	0/1	0	0	inf
SRX2871352	TFs and others	GATA3	Breast	T-47D	1756	12/2624	0/1	0	0	inf
SRX2871353	TFs and others	GATA3	Breast	T-47D	3117	23/2624	0/1	0	0	inf
SRX2871358	TFs and others	PGR	Breast	T-47D	572	18/2624	0/1	0	0	inf
SRX2871359	TFs and others	PGR	Breast	T-47D	781	27/2624	0/1	0	0	inf
SRX2871360	TFs and others	PGR	Breast	T-47D	33706	227/2624	0/1	0	0	inf
SRX2871361	TFs and others	PGR	Breast	T-47D	35355	212/2624	0/1	0	0	inf
SRX2871362	TFs and others	PGR	Breast	T-47D	597	12/2624	0/1	0	0	inf
SRX2871363	TFs and others	PGR	Breast	T-47D	715	19/2624	0/1	0	0	inf
SRX2871364	TFs and others	PGR	Breast	T-47D	18884	157/2624	0/1	0	0	inf
SRX2871365	TFs and others	PGR	Breast	T-47D	19703	150/2624	0/1	0	0	inf
SRX2871371	TFs and others	Epitope tags	Breast	T-47D	715	5/2624	0/1	0	0	inf
SRX2871372	TFs and others	Epitope tags	Breast	T-47D	745	5/2624	0/1	0	0	inf
SRX2880132	TFs and others	KMT2C	Breast	CAL-51	438	8/2624	0/1	0	0	inf
SRX2880133	TFs and others	KDM6A	Breast	CAL-51	488	10/2624	0/1	0	0	inf
SRX2880134	TFs and others	KDM6A	Breast	CAL-51	1332	130/2624	0/1	0	0	inf
SRX2880999	TFs and others	ESR1	Breast	MCF-7	6938	204/2624	0/1	0	0	inf
SRX2881000	TFs and others	ESR1	Breast	MCF-7	22237	388/2624	0/1	0	0	inf
SRX2881001	TFs and others	ESR1	Breast	MCF-7	16798	274/2624	0/1	0	0	inf
SRX2881002	TFs and others	ESR1	Breast	MCF-7	24608	393/2624	0/1	0	0	inf
SRX2881003	TFs and others	ESR1	Breast	MCF-7	8256	116/2624	0/1	0	0	inf
SRX2881004	TFs and others	ESR1	Breast	MCF-7	10088	165/2624	0/1	0	0	inf
SRX2881006	TFs and others	ESR1	Breast	MCF-7	479	3/2624	0/1	0	0	inf
SRX2881007	TFs and others	ESR1	Breast	MCF-7	2950	31/2624	0/1	0	0	inf
SRX2881008	TFs and others	ESR1	Breast	MCF-7	551	2/2624	0/1	0	0	inf
SRX2881009	TFs and others	ESR1	Breast	MCF-7	1574	15/2624	0/1	0	0	inf
SRX2881137	TFs and others	NANOG	Pluripotent stem cell	hESC H9	21132	46/2624	0/1	0	0	inf
SRX2881138	TFs and others	NANOG	Pluripotent stem cell	hESC H9	12218	28/2624	0/1	0	0	inf
SRX2881139	TFs and others	POU5F1	Pluripotent stem cell	hESC H9	750	3/2624	0/1	0	0	inf
SRX2881140	TFs and others	POU5F1	Pluripotent stem cell	hESC H9	833	3/2624	0/1	0	0	inf
SRX288274	TFs and others	GATA6	Pancreas	PA-TU-8988S	7556	723/2624	0/1	0	0	inf
SRX288275	TFs and others	GATA6	Pancreas	PA-TU-8988S	117	1/2624	0/1	0	0	inf
SRX288287	TFs and others	Epitope tags	Kidney	293	713	1/2624	0/1	0	0	inf
SRX2885443	TFs and others	Epitope tags	Blood	U-937	370	1/2624	0/1	0	0	inf
SRX2896486	TFs and others	CTCF	Pancreas	MIA Paca-2	18501	266/2624	0/1	0	0	inf
SRX2897198	TFs and others	ESR1	Breast	Breast cancer cells	444	13/2624	0/1	0	0	inf
SRX2897199	TFs and others	ESR1	Breast	Breast cancer cells	481	14/2624	0/1	0	0	inf
SRX2897200	TFs and others	ESR1	Breast	Breast cancer cells	350	24/2624	0/1	0	0	inf
SRX2897201	TFs and others	ESR1	Breast	Breast cancer cells	3754	413/2624	0/1	0	0	inf
SRX2897202	TFs and others	ESR1	Breast	Breast cancer cells	526	15/2624	0/1	0	0	inf
SRX2897203	TFs and others	ESR1	Breast	Breast cancer cells	816	92/2624	0/1	0	0	inf
SRX2897204	TFs and others	ESR1	Breast	Breast cancer cells	397	3/2624	0/1	0	0	inf
SRX2897205	TFs and others	ESR1	Breast	Breast cancer cells	6298	806/2624	0/1	0	0	inf
SRX2897206	TFs and others	ESR1	Breast	Breast cancer cells	242	6/2624	0/1	0	0	inf
SRX2897207	TFs and others	ESR1	Breast	Breast cancer cells	896	1/2624	0/1	0	0	inf
SRX2897209	TFs and others	ESR1	Breast	Breast cancer cells	5967	211/2624	0/1	0	0	inf
SRX2897210	TFs and others	ESR1	Breast	Breast cancer cells	258	2/2624	0/1	0	0	inf
SRX2897211	TFs and others	ESR1	Breast	Breast cancer cells	993	14/2624	0/1	0	0	inf
SRX2897212	TFs and others	ESR1	Breast	Breast cancer cells	543	7/2624	0/1	0	0	inf
SRX2897213	TFs and others	ESR1	Breast	Breast cancer cells	116	1/2624	0/1	0	0	inf
SRX2897214	TFs and others	ESR1	Breast	Breast cancer cells	986	23/2624	0/1	0	0	inf
SRX2897215	TFs and others	ESR1	Breast	Breast cancer cells	243	7/2624	0/1	0	0	inf
SRX2897216	TFs and others	ESR1	Breast	Breast cancer cells	2377	116/2624	0/1	0	0	inf
SRX2897217	TFs and others	ESR1	Breast	Breast cancer cells	5349	387/2624	0/1	0	0	inf
SRX2897218	TFs and others	ESR1	Breast	Breast cancer cells	791	16/2624	0/1	0	0	inf
SRX2897219	TFs and others	ESR1	Breast	Breast cancer cells	428	3/2624	0/1	0	0	inf
SRX2897221	TFs and others	ESR1	Breast	Breast cancer cells	317	1/2624	0/1	0	0	inf
SRX2897222	TFs and others	ESR1	Breast	Breast cancer cells	626	1/2624	0/1	0	0	inf
SRX2897223	TFs and others	ESR1	Breast	Breast cancer cells	703	1/2624	0/1	0	0	inf
SRX2897224	TFs and others	ESR1	Breast	Breast cancer cells	158	1/2624	0/1	0	0	inf
SRX2897225	TFs and others	ESR1	Breast	Breast cancer cells	552	1/2624	0/1	0	0	inf
SRX2897226	TFs and others	ESR1	Breast	Breast cancer cells	701	1/2624	0/1	0	0	inf
SRX2897227	TFs and others	ESR1	Breast	Breast cancer cells	502	1/2624	0/1	0	0	inf
SRX2897228	TFs and others	ESR1	Breast	Breast cancer cells	614	1/2624	0/1	0	0	inf
SRX2897229	TFs and others	ESR1	Breast	Breast cancer cells	546	1/2624	0/1	0	0	inf
SRX2897230	TFs and others	ESR1	Breast	Breast cancer cells	876	1/2624	0/1	0	0	inf
SRX2897231	TFs and others	ESR1	Breast	Breast cancer cells	973	1/2624	0/1	0	0	inf
SRX2897232	TFs and others	ESR1	Breast	Breast cancer cells	1953	1/2624	0/1	0	0	inf
SRX2897233	TFs and others	ESR1	Breast	Breast cancer cells	796	1/2624	0/1	0	0	inf
SRX2897234	TFs and others	ESR1	Breast	Breast cancer cells	763	1/2624	0/1	0	0	inf
SRX2897235	TFs and others	ESR1	Breast	Breast cancer cells	803	1/2624	0/1	0	0	inf
SRX2897236	TFs and others	ESR1	Breast	Breast cancer cells	1677	1/2624	0/1	0	0	inf
SRX2900092	TFs and others	BAP1	Breast	CAL-51	316	1/2624	0/1	0	0	inf
SRX2900093	TFs and others	BAP1	Breast	CAL-51	450	10/2624	0/1	0	0	inf
SRX2900094	TFs and others	BAP1	Breast	CAL-51	1089	182/2624	0/1	0	0	inf
SRX2900095	TFs and others	BAP1	Breast	CAL-51	2970	491/2624	0/1	0	0	inf
SRX2900096	TFs and others	BAP1	Breast	CAL-51	457	1/2624	0/1	0	0	inf
SRX2900097	TFs and others	BAP1	Breast	CAL-51	394	2/2624	0/1	0	0	inf
SRX2900150	TFs and others	KMT2C	Breast	CAL-51	2059	215/2624	0/1	0	0	inf
SRX2900151	TFs and others	KMT2C	Breast	CAL-51	2599	360/2624	0/1	0	0	inf
SRX2900152	TFs and others	KMT2C	Breast	CAL-51	6966	891/2624	0/1	0	0	inf
SRX2900153	TFs and others	KMT2C	Breast	CAL-51	7218	811/2624	0/1	0	0	inf
SRX2900154	TFs and others	SUZ12	Breast	CAL-51	725	115/2624	0/1	0	0	inf
SRX2900155	TFs and others	SUZ12	Breast	CAL-51	1691	183/2624	0/1	0	0	inf
SRX2900156	TFs and others	KDM6A	Breast	CAL-51	1354	174/2624	0/1	0	0	inf
SRX2900157	TFs and others	KDM6A	Breast	CAL-51	2474	396/2624	0/1	0	0	inf
SRX2900158	TFs and others	KDM6A	Breast	CAL-51	3977	496/2624	0/1	0	0	inf
SRX2900159	TFs and others	KDM6A	Breast	CAL-51	6247	887/2624	0/1	0	0	inf
SRX2900584	TFs and others	NR3C1	Blood	THP-1	498	1/2624	0/1	0	0	inf
SRX2900585	TFs and others	NR3C1	Blood	THP-1	439	1/2624	0/1	0	0	inf
SRX2900586	TFs and others	NR3C1	Blood	THP-1	5631	16/2624	0/1	0	0	inf
SRX2900587	TFs and others	NR3C1	Blood	THP-1	2794	3/2624	0/1	0	0	inf
SRX2900588	TFs and others	NCOA2	Blood	THP-1	786	1/2624	0/1	0	0	inf
SRX2900589	TFs and others	NCOA2	Blood	THP-1	511	1/2624	0/1	0	0	inf
SRX2900590	TFs and others	NCOA2	Blood	THP-1	1351	1/2624	0/1	0	0	inf
SRX2900591	TFs and others	NCOA2	Blood	THP-1	727	1/2624	0/1	0	0	inf
SRX2900592	TFs and others	NCOA2	Blood	THP-1	820	1/2624	0/1	0	0	inf
SRX2900593	TFs and others	NCOA2	Blood	THP-1	657	1/2624	0/1	0	0	inf
SRX2900594	TFs and others	NCOA2	Blood	THP-1	871	1/2624	0/1	0	0	inf
SRX2900595	TFs and others	NCOA2	Blood	THP-1	742	1/2624	0/1	0	0	inf
SRX2900606	TFs and others	HIC1	Blood	iTreg	3776	79/2624	0/1	0	0	inf
SRX2900608	TFs and others	HIC1	Blood	iTreg	6957	155/2624	0/1	0	0	inf
SRX2901939	TFs and others	ESR1	Uterus	Ishikawa	2230	176/2624	0/1	0	0	inf
SRX2901940	TFs and others	ESR1	Uterus	Ishikawa	449	12/2624	0/1	0	0	inf
SRX2901941	TFs and others	ESR1	Uterus	Ishikawa	516	4/2624	0/1	0	0	inf
SRX2901942	TFs and others	ESR1	Uterus	Ishikawa	7205	516/2624	0/1	0	0	inf
SRX2901943	TFs and others	Epitope tags	Uterus	Ishikawa	200	1/2624	0/1	0	0	inf
SRX290521	TFs and others	TET2	Digestive tract	HCT 116	721	2/2624	0/1	0	0	inf
SRX290877	TFs and others	EBNA2	Blood	Mutu	4835	48/2624	0/1	0	0	inf
SRX290878	TFs and others	EBNA3	Blood	Mutu	1763	12/2624	0/1	0	0	inf
SRX2911576	TFs and others	PHOX2B	Neural	CLB-Ga	18093	5/2624	0/1	0	0	inf
SRX2911577	TFs and others	GATA3	Neural	CLB-Ga	3345	5/2624	0/1	0	0	inf
SRX2911578	TFs and others	HAND2	Neural	CLB-Ga	24594	38/2624	0/1	0	0	inf
SRX2912045	TFs and others	ESR1	Breast	MCF-7	193	8/2624	0/1	0	0	inf
SRX2912047	TFs and others	ESR1	Breast	MCF-7	636	17/2624	0/1	0	0	inf
SRX2912049	TFs and others	ESR1	Breast	MCF-7	1215	79/2624	0/1	0	0	inf
SRX2912051	TFs and others	ESR1	Breast	MCF-7	736	36/2624	0/1	0	0	inf
SRX2912053	TFs and others	ESR1	Breast	MCF-7	3223	8/2624	0/1	0	0	inf
SRX2912055	TFs and others	ESR1	Breast	MCF-7	18352	77/2624	0/1	0	0	inf
SRX2912057	TFs and others	ESR1	Breast	MCF-7	4272	17/2624	0/1	0	0	inf
SRX2912059	TFs and others	ESR1	Breast	MCF-7	8712	40/2624	0/1	0	0	inf
SRX2912061	TFs and others	ESR1	Breast	MCF-7	95	2/2624	0/1	0	0	inf
SRX2912063	TFs and others	ESR1	Breast	MCF-7	2055	86/2624	0/1	0	0	inf
SRX2912065	TFs and others	ESR1	Breast	MCF-7	871	62/2624	0/1	0	0	inf
SRX2912067	TFs and others	ESR1	Breast	MCF-7	918	41/2624	0/1	0	0	inf
SRX2912085	TFs and others	Epitope tags	Blood	BCBL1	393	1/2624	0/1	0	0	inf
SRX2913025	TFs and others	FLI1	Bone	A-673	6178	219/2624	0/1	0	0	inf
SRX2913026	TFs and others	FLI1	Bone	A-673	5040	49/2624	0/1	0	0	inf
SRX2913027	TFs and others	FLI1	Bone	A-673	7349	260/2624	0/1	0	0	inf
SRX2913028	TFs and others	FLI1	Bone	A-673	2589	103/2624	0/1	0	0	inf
SRX2915389	TFs and others	PGR	Breast	T-47D	3235	25/2624	0/1	0	0	inf
SRX2915390	TFs and others	PGR	Breast	T-47D	31	1/2624	0/1	0	0	inf
SRX2922225	TFs and others	ESR1	Breast	MCF-7	9220	83/2624	0/1	0	0	inf
SRX2922226	TFs and others	ESR1	Breast	MCF-7	2208	39/2624	0/1	0	0	inf
SRX2922227	TFs and others	ESR1	Breast	MCF-7	4974	569/2624	0/1	0	0	inf
SRX2922231	TFs and others	ESR1	Breast	SUM 44PE	18817	684/2624	0/1	0	0	inf
SRX2922232	TFs and others	ESR1	Breast	SUM 44PE	16346	464/2624	0/1	0	0	inf
SRX2922234	TFs and others	ESR1	Breast	SUM 44PE	11472	335/2624	0/1	0	0	inf
SRX2924012	TFs and others	TP53	Breast	MCF-7	396	4/2624	0/1	0	0	inf
SRX2924013	TFs and others	TP53	Breast	MCF-7	2193	15/2624	0/1	0	0	inf
SRX2924014	TFs and others	TP53	Breast	MCF-7	3257	23/2624	0/1	0	0	inf
SRX2924015	TFs and others	TP53	Breast	MCF-7	1746	13/2624	0/1	0	0	inf
SRX2924016	TFs and others	TP53	Breast	MCF-7	1201	12/2624	0/1	0	0	inf
SRX2924017	TFs and others	TP53	Breast	MCF-7	2674	21/2624	0/1	0	0	inf
SRX2924018	TFs and others	TP53	Breast	MCF-7	6295	59/2624	0/1	0	0	inf
SRX2935292	TFs and others	8-Hydroxydeoxyguanosine	Breast	MCF 10A	52680	37/2624	0/1	0	0	inf
SRX2935293	TFs and others	8-Hydroxydeoxyguanosine	Breast	MCF 10A	5530	6/2624	0/1	0	0	inf
SRX2937338	TFs and others	BRD4	Blood	J-Lat A72	533	21/2624	0/1	0	0	inf
SRX2937339	TFs and others	SMARCA4	Blood	J-Lat A72	1046	149/2624	0/1	0	0	inf
SRX2937341	TFs and others	BRD4	Blood	J-Lat A72	349	3/2624	0/1	0	0	inf
SRX2937342	TFs and others	SMARCA4	Blood	J-Lat A72	413	7/2624	0/1	0	0	inf
SRX2937344	TFs and others	BRD4	Blood	J-Lat A72	460	1/2624	0/1	0	0	inf
SRX2937345	TFs and others	SMARCA4	Blood	J-Lat A72	927	92/2624	0/1	0	0	inf
SRX2937347	TFs and others	BRD4	Blood	J-Lat A72	759	1/2624	0/1	0	0	inf
SRX2937348	TFs and others	SMARCA4	Blood	J-Lat A72	393	1/2624	0/1	0	0	inf
SRX2937350	TFs and others	BRD4	Blood	J-Lat A72	326	2/2624	0/1	0	0	inf
SRX2940746	TFs and others	TP53	Breast	MCF-7	168	3/2624	0/1	0	0	inf
SRX2940747	TFs and others	TP53	Epidermis	LOX-IMVI	335	3/2624	0/1	0	0	inf
SRX2940748	TFs and others	TP53	Kidney	UO-31	652	7/2624	0/1	0	0	inf
SRX2940749	TFs and others	TP53	Kidney	A498	266	2/2624	0/1	0	0	inf
SRX2940750	TFs and others	TP53	Bone	U2OS	165	3/2624	0/1	0	0	inf
SRX2940751	TFs and others	TP53	Blood	SK-MEL-5	81	1/2624	0/1	0	0	inf
SRX2940752	TFs and others	TP53	Epidermis	Malme-3	16	1/2624	0/1	0	0	inf
SRX2940753	TFs and others	TP53	Lung	NCI-H460	460	1/2624	0/1	0	0	inf
SRX2940754	TFs and others	TP53	Lung	A549	474	8/2624	0/1	0	0	inf
SRX2940755	TFs and others	TP53	Digestive tract	HCT 116	458	4/2624	0/1	0	0	inf
SRX2940756	TFs and others	TP53	Epidermis	UACC-62	70	1/2624	0/1	0	0	inf
SRX2940757	TFs and others	TP53	Epidermis	UACC-257	400	3/2624	0/1	0	0	inf
SRX2940758	TFs and others	TP53	Breast	MCF-7	167	2/2624	0/1	0	0	inf
SRX2940759	TFs and others	TP53	Epidermis	UACC-257	255	4/2624	0/1	0	0	inf
SRX2940760	TFs and others	TP53	Unclassified	Unclassified	381	1/2624	0/1	0	0	inf
SRX2941475	TFs and others	PBXIP1	Bone	Chondrocytes	721	2/2624	0/1	0	0	inf
SRX2941476	TFs and others	PBXIP1	Bone	Chondrocytes	3027	31/2624	0/1	0	0	inf
SRX2943580	TFs and others	ESR1	Breast	MCF-7	4555	120/2624	0/1	0	0	inf
SRX2943585	TFs and others	ESR1	Breast	MCF-7	6072	171/2624	0/1	0	0	inf
SRX2943589	TFs and others	ESR1	Breast	MCF-7	17457	272/2624	0/1	0	0	inf
SRX2943591	TFs and others	ESR1	Breast	MCF-7	22398	331/2624	0/1	0	0	inf
SRX2943597	TFs and others	ESR1	Breast	MCF-7	3008	81/2624	0/1	0	0	inf
SRX2944444	TFs and others	MYC	Breast	MCF 10A	3028	218/2624	0/1	0	0	inf
SRX2944445	TFs and others	MYC	Breast	MCF 10A	4847	422/2624	0/1	0	0	inf
SRX2944446	TFs and others	MYC	Breast	MCF 10A	2157	159/2624	0/1	0	0	inf
SRX2944447	TFs and others	MYC	Breast	MCF 10A	374	1/2624	0/1	0	0	inf
SRX2944448	TFs and others	MYC	Breast	MCF 10A	703	33/2624	0/1	0	0	inf
SRX2944449	TFs and others	MYC	Breast	MCF 10A	1253	86/2624	0/1	0	0	inf
SRX2944450	TFs and others	MYC	Breast	MCF 10A	1152	61/2624	0/1	0	0	inf
SRX2944451	TFs and others	MYC	Breast	MCF 10A	1827	134/2624	0/1	0	0	inf
SRX2944452	TFs and others	MYC	Breast	MCF 10A	2076	129/2624	0/1	0	0	inf
SRX2946121	TFs and others	YEATS4	Lung	NCI-H1299	404	2/2624	0/1	0	0	inf
SRX2947200	TFs and others	RBPJ	Breast	MDA-MB-231	1125	6/2624	0/1	0	0	inf
SRX2947201	TFs and others	L3MBTL3	Breast	MDA-MB-231	1216	5/2624	0/1	0	0	inf
SRX2949681	TFs and others	Hepatitis B Virus X antigen	Liver	Hep G2	122	1/2624	0/1	0	0	inf
SRX2949682	TFs and others	Hepatitis B Virus X antigen	Liver	Hep G2	115	1/2624	0/1	0	0	inf
SRX2949683	TFs and others	Hepatitis B Virus X antigen	Liver	HepaRG	16	1/2624	0/1	0	0	inf
SRX294971	TFs and others	RELA	Cardiovascular	HUVEC	2776	67/2624	0/1	0	0	inf
SRX295034	TFs and others	MECP2	Lung	IMR-90	275	19/2624	0/1	0	0	inf
SRX295035	TFs and others	MECP2	Lung	IMR-90	2181	347/2624	0/1	0	0	inf
SRX295036	TFs and others	MECP2	Lung	IMR-90	1425	239/2624	0/1	0	0	inf
SRX295039	TFs and others	MECP2	Digestive tract	HCT 116	1283	168/2624	0/1	0	0	inf
SRX295040	TFs and others	MECP2	Digestive tract	HCT 116	304	1/2624	0/1	0	0	inf
SRX2957422	TFs and others	CEBPB	Blood	HL-60	3318	48/2624	0/1	0	0	inf
SRX2961557	TFs and others	STAT1	Blood	SET-2	1100	69/2624	0/1	0	0	inf
SRX2961558	TFs and others	STAT1	Blood	SET-2	699	41/2624	0/1	0	0	inf
SRX2961559	TFs and others	STAT1	Blood	SET-2	904	47/2624	0/1	0	0	inf
SRX2961560	TFs and others	STAT1	Blood	SET-2	616	11/2624	0/1	0	0	inf
SRX2961790	TFs and others	TRIM24	Blood	MOLM-13	6569	294/2624	0/1	0	0	inf
SRX2961792	TFs and others	TRIM24	Blood	MOLM-13	14044	826/2624	0/1	0	0	inf
SRX2961794	TFs and others	TRIM24	Blood	MOLM-13	7108	436/2624	0/1	0	0	inf
SRX2966968	TFs and others	POU5F1	Gonad	Testis	470	1/2624	0/1	0	0	inf
SRX2966969	TFs and others	POU5F1	Gonad	Testis	119	1/2624	0/1	0	0	inf
SRX2966970	TFs and others	POU5F1	Pluripotent stem cell	hESC H1	474	1/2624	0/1	0	0	inf
SRX2966971	TFs and others	POU5F1	Pluripotent stem cell	hESC H1	181	1/2624	0/1	0	0	inf
SRX2966972	TFs and others	PAX5	Gonad	Testis	681	1/2624	0/1	0	0	inf
SRX2966973	TFs and others	PRDM1	Gonad	Testis	216	1/2624	0/1	0	0	inf
SRX2969529	TFs and others	AATF	Blood	KMS-27	38	1/2624	0/1	0	0	inf
SRX2982411	TFs and others	FOXA1	Uterus	Ishikawa	242	1/2624	0/1	0	0	inf
SRX2982412	TFs and others	FOXA1	Uterus	Ishikawa	93	1/2624	0/1	0	0	inf
SRX2982413	TFs and others	FOXA1	Uterus	Ishikawa	15659	344/2624	0/1	0	0	inf
SRX2982414	TFs and others	FOXA1	Uterus	Ishikawa	25173	486/2624	0/1	0	0	inf
SRX2982415	TFs and others	FOXA1	Uterus	Ishikawa	16493	504/2624	0/1	0	0	inf
SRX2982416	TFs and others	FOXA1	Uterus	Ishikawa	32008	796/2624	0/1	0	0	inf
SRX2982419	TFs and others	FOXA1	Uterus	HEC-1-A	93	1/2624	0/1	0	0	inf
SRX2982420	TFs and others	FOXA1	Uterus	HEC-1-A	2782	121/2624	0/1	0	0	inf
SRX2982421	TFs and others	FOXA1	Uterus	HEC-1-A	1589	59/2624	0/1	0	0	inf
SRX298273	TFs and others	MAFK	Blood	OCI-LY-7	3114	58/2624	0/1	0	0	inf
SRX2990553	TFs and others	GLI1	Bone	Chondrosarcoma	101	1/2624	0/1	0	0	inf
SRX2990554	TFs and others	GLI2	Bone	Chondrosarcoma	121	1/2624	0/1	0	0	inf
SRX2993407	TFs and others	HIF1A	Kidney	Renal tubular cells	1990	21/2624	0/1	0	0	inf
SRX2993408	TFs and others	ARNTL	Kidney	Renal tubular cells	1151	6/2624	0/1	0	0	inf
SRX2993669	TFs and others	NR5A1	Pluripotent stem cell	hESC H9	10340	221/2624	0/1	0	0	inf
SRX2993671	TFs and others	NR5A1	Pluripotent stem cell	hESC H9	328	1/2624	0/1	0	0	inf
SRX2993673	TFs and others	NR5A1	Pluripotent stem cell	hESC H9	246	1/2624	0/1	0	0	inf
SRX2993674	TFs and others	NR5A1	Pluripotent stem cell	hESC H9	145	1/2624	0/1	0	0	inf
SRX2993675	TFs and others	NR5A1	Pluripotent stem cell	hESC H9	104	1/2624	0/1	0	0	inf
SRX3001594	TFs and others	FOXA1	Unclassified	Unclassified	5124	48/2624	0/1	0	0	inf
SRX3001595	TFs and others	FOXA1	Unclassified	Unclassified	843	1/2624	0/1	0	0	inf
SRX3001596	TFs and others	FOXA1	Unclassified	Unclassified	2663	28/2624	0/1	0	0	inf
SRX3001597	TFs and others	FOXA1	Unclassified	Unclassified	3266	39/2624	0/1	0	0	inf
SRX3001599	TFs and others	FOXA1	Unclassified	Unclassified	1478	10/2624	0/1	0	0	inf
SRX3001600	TFs and others	FOXA1	Unclassified	Unclassified	984	26/2624	0/1	0	0	inf
SRX3001603	TFs and others	FOXA1	Unclassified	Unclassified	1532	1/2624	0/1	0	0	inf
SRX3001604	TFs and others	FOXA1	Unclassified	Unclassified	282	6/2624	0/1	0	0	inf
SRX3001605	TFs and others	FOXA1	Unclassified	Unclassified	5208	50/2624	0/1	0	0	inf
SRX3001606	TFs and others	FOXA1	Unclassified	Unclassified	3873	26/2624	0/1	0	0	inf
SRX3001607	TFs and others	FOXA1	Unclassified	Unclassified	1840	30/2624	0/1	0	0	inf
SRX3001608	TFs and others	FOXA1	Unclassified	Unclassified	8957	82/2624	0/1	0	0	inf
SRX3001609	TFs and others	FOXA1	Unclassified	Unclassified	386	1/2624	0/1	0	0	inf
SRX3009964	TFs and others	PCGF2	Pluripotent stem cell	NT2-D1	380	5/2624	0/1	0	0	inf
SRX3009965	TFs and others	SUZ12	Pluripotent stem cell	NT2-D1	522	3/2624	0/1	0	0	inf
SRX3011694	TFs and others	JMJD6	Breast	MCF-7	216	1/2624	0/1	0	0	inf
SRX3011695	TFs and others	JMJD6	Breast	MCF-7	239	2/2624	0/1	0	0	inf
SRX3011700	TFs and others	MED12	Breast	MCF-7	109	1/2624	0/1	0	0	inf
SRX3011701	TFs and others	MED12	Breast	MCF-7	695	6/2624	0/1	0	0	inf
SRX3011702	TFs and others	MED12	Breast	MCF-7	180	1/2624	0/1	0	0	inf
SRX3011703	TFs and others	MED12	Breast	MCF-7	332	1/2624	0/1	0	0	inf
SRX301445	TFs and others	BDP1	Lung	IMR-90	819	3/2624	0/1	0	0	inf
SRX3020561	TFs and others	PHIP	Digestive tract	HCT 116	571	49/2624	0/1	0	0	inf
SRX3020562	TFs and others	PHIP	Digestive tract	HCT 116	797	90/2624	0/1	0	0	inf
SRX3020563	TFs and others	PHIP	Digestive tract	HCT 116	551	54/2624	0/1	0	0	inf
SRX3020564	TFs and others	PHIP	Digestive tract	HCT 116	2661	110/2624	0/1	0	0	inf
SRX3020565	TFs and others	PHIP	Digestive tract	HCT 116	226	4/2624	0/1	0	0	inf
SRX3020566	TFs and others	PHIP	Digestive tract	HCT 116	316	1/2624	0/1	0	0	inf
SRX3020567	TFs and others	PHIP	Digestive tract	HCT 116	198	1/2624	0/1	0	0	inf
SRX3020568	TFs and others	PHIP	Digestive tract	HCT 116	1861	60/2624	0/1	0	0	inf
SRX3020590	TFs and others	PHIP	Kidney	293	1023	45/2624	0/1	0	0	inf
SRX3020591	TFs and others	Epitope tags	Kidney	293	2515	7/2624	0/1	0	0	inf
SRX3020592	TFs and others	Epitope tags	Kidney	293	259	1/2624	0/1	0	0	inf
SRX3025913	TFs and others	TP53	Breast	MCF-7	1287	11/2624	0/1	0	0	inf
SRX3025914	TFs and others	TP53	Breast	MCF-7	624	1/2624	0/1	0	0	inf
SRX3025916	TFs and others	TP53	Breast	MCF-7	1463	12/2624	0/1	0	0	inf
SRX3025917	TFs and others	TP53	Breast	MCF-7	643	1/2624	0/1	0	0	inf
SRX3030205	TFs and others	RUNX1	Blood	ME-1	701	5/2624	0/1	0	0	inf
SRX3030206	TFs and others	RUNX1	Blood	ME-1	4934	390/2624	0/1	0	0	inf
SRX3031981	TFs and others	BRD4	Blood	MV-4-11	785	1/2624	0/1	0	0	inf
SRX3031985	TFs and others	BRD4	Blood	MV-4-11	18608	904/2624	0/1	0	0	inf
SRX3031987	TFs and others	BRD4	Blood	MV-4-11	1995	60/2624	0/1	0	0	inf
SRX3031988	TFs and others	BRD4	Blood	MV-4-11	18714	1181/2624	0/1	0	0	inf
SRX3031996	TFs and others	BRD4	Lung	NCI-H2171	228	3/2624	0/1	0	0	inf
SRX3032991	TFs and others	AR	Prostate	LNCAP	1557	1/2624	0/1	0	0	inf
SRX3032993	TFs and others	AR	Prostate	LNCAP	12841	6/2624	0/1	0	0	inf
SRX3032997	TFs and others	AR	Prostate	LNCAP	14351	8/2624	0/1	0	0	inf
SRX3033231	TFs and others	ETS1	Gonad	HEYA8	1235	91/2624	0/1	0	0	inf
SRX3033232	TFs and others	ETS1	Gonad	OVCAR-8	1730	239/2624	0/1	0	0	inf
SRX3040147	TFs and others	STAG1	Breast	HMEC	33563	345/2624	0/1	0	0	inf
SRX3040148	TFs and others	STAG2	Breast	HMEC	43613	682/2624	0/1	0	0	inf
SRX3040149	TFs and others	SMC1A	Breast	HMEC	34725	563/2624	0/1	0	0	inf
SRX3040151	TFs and others	STAG1	Breast	HMEC	11278	83/2624	0/1	0	0	inf
SRX3040152	TFs and others	STAG2	Breast	HMEC	14400	196/2624	0/1	0	0	inf
SRX3040153	TFs and others	SMC1A	Breast	HMEC	19243	299/2624	0/1	0	0	inf
SRX3040154	TFs and others	ZMYM2	Breast	HMEC	441	2/2624	0/1	0	0	inf
SRX3040156	TFs and others	STAG1	Cardiovascular	Coronary artery endothelial cells	28628	292/2624	0/1	0	0	inf
SRX3040157	TFs and others	STAG2	Cardiovascular	Coronary artery endothelial cells	22086	315/2624	0/1	0	0	inf
SRX3051208	TFs and others	HIF1A	Kidney	Renal cell carcinoma	886	14/2624	0/1	0	0	inf
SRX3051209	TFs and others	EPAS1	Kidney	Renal cell carcinoma	2131	49/2624	0/1	0	0	inf
SRX3055410	TFs and others	AR	Prostate	R1-D567	370	1/2624	0/1	0	0	inf
SRX3055413	TFs and others	AR	Prostate	R1-D567	321	1/2624	0/1	0	0	inf
SRX3056625	TFs and others	CTCF	Blood	Erythroblasts	26083	485/2624	0/1	0	0	inf
SRX3056626	TFs and others	CTCF	Blood	Erythroblasts	38736	494/2624	0/1	0	0	inf
SRX3056628	TFs and others	CTCF	Blood	Erythroblasts	39614	481/2624	0/1	0	0	inf
SRX3056629	TFs and others	CTCF	Blood	Erythroblasts	39606	499/2624	0/1	0	0	inf
SRX306175	TFs and others	AFF4	Digestive tract	HCT 116	228	1/2624	0/1	0	0	inf
SRX306176	TFs and others	ELL	Digestive tract	HCT 116	200	5/2624	0/1	0	0	inf
SRX306177	TFs and others	ICE1	Digestive tract	HCT 116	252	9/2624	0/1	0	0	inf
SRX306178	TFs and others	ICE2	Digestive tract	HCT 116	373	9/2624	0/1	0	0	inf
SRX306179	TFs and others	ZC3H8	Digestive tract	HCT 116	431	16/2624	0/1	0	0	inf
SRX306181	TFs and others	ICE1	Digestive tract	HCT 116	6629	670/2624	0/1	0	0	inf
SRX306184	TFs and others	ICE1	Digestive tract	HCT 116	5549	578/2624	0/1	0	0	inf
SRX306506	TFs and others	AR	Prostate	DU 145	8564	92/2624	0/1	0	0	inf
SRX306507	TFs and others	AR	Prostate	DU 145	4198	160/2624	0/1	0	0	inf
SRX306508	TFs and others	AR	Prostate	DU 145	437	8/2624	0/1	0	0	inf
SRX306509	TFs and others	FOXA1	Prostate	DU 145	2933	187/2624	0/1	0	0	inf
SRX306510	TFs and others	FOXA1	Prostate	DU 145	11744	27/2624	0/1	0	0	inf
SRX306511	TFs and others	FOXA1	Prostate	DU 145	17388	15/2624	0/1	0	0	inf
SRX306512	TFs and others	FOXA1	Prostate	DU 145	25766	26/2624	0/1	0	0	inf
SRX306513	TFs and others	FOXA1	Prostate	DU 145	11123	11/2624	0/1	0	0	inf
SRX306514	TFs and others	AR	Prostate	DU 145	355	2/2624	0/1	0	0	inf
SRX306515	TFs and others	AR	Prostate	DU 145	276	3/2624	0/1	0	0	inf
SRX306516	TFs and others	AR	Prostate	DU 145	16371	118/2624	0/1	0	0	inf
SRX306517	TFs and others	AR	Prostate	DU 145	5606	13/2624	0/1	0	0	inf
SRX306518	TFs and others	AR	Prostate	DU 145	270	1/2624	0/1	0	0	inf
SRX306519	TFs and others	AR	Prostate	DU 145	252	1/2624	0/1	0	0	inf
SRX3068918	TFs and others	AR	Prostate	22Rv1	8579	12/2624	0/1	0	0	inf
SRX3068919	TFs and others	AR	Prostate	22Rv1	8601	14/2624	0/1	0	0	inf
SRX3068920	TFs and others	AR	Prostate	22Rv1	2294	448/2624	0/1	0	0	inf
SRX3068922	TFs and others	AR	Prostate	22Rv1	367	1/2624	0/1	0	0	inf
SRX3068923	TFs and others	AR	Prostate	22Rv1	955	1/2624	0/1	0	0	inf
SRX306936	TFs and others	Epitope tags	Digestive tract	HCT 116	858	2/2624	0/1	0	0	inf
SRX306937	TFs and others	Epitope tags	Digestive tract	HCT 116	1065	4/2624	0/1	0	0	inf
SRX3070467	TFs and others	NR3C1	Breast	MCF 10A	831	3/2624	0/1	0	0	inf
SRX3070468	TFs and others	NR3C1	Breast	MCF 10A	106	2/2624	0/1	0	0	inf
SRX3070469	TFs and others	NR3C1	Breast	MCF 10A	1632	10/2624	0/1	0	0	inf
SRX3070470	TFs and others	NR3C1	Breast	MCF 10A	225	3/2624	0/1	0	0	inf
SRX3070471	TFs and others	NR3C1	Breast	MCF 10A	8266	48/2624	0/1	0	0	inf
SRX3070472	TFs and others	NR3C1	Breast	MCF 10A	477	4/2624	0/1	0	0	inf
SRX3070473	TFs and others	NR3C1	Breast	MCF 10A	7180	69/2624	0/1	0	0	inf
SRX3070474	TFs and others	NR3C1	Breast	MCF 10A	561	5/2624	0/1	0	0	inf
SRX3070475	TFs and others	NR3C1	Breast	MCF 10A	6777	48/2624	0/1	0	0	inf
SRX3070476	TFs and others	NR3C1	Breast	MCF 10A	579	6/2624	0/1	0	0	inf
SRX3070540	TFs and others	PRDM1	Blood	U-266	329	11/2624	0/1	0	0	inf
SRX3075718	TFs and others	DNMT3A	Breast	MCF-7	17594	295/2624	0/1	0	0	inf
SRX3080209	TFs and others	JUN	Breast	MCF-7	986	31/2624	0/1	0	0	inf
SRX3080210	TFs and others	JUN	Breast	MCF-7	5745	117/2624	0/1	0	0	inf
SRX3080211	TFs and others	JUN	Breast	MCF-7	7141	136/2624	0/1	0	0	inf
SRX3080212	TFs and others	ESR1	Breast	MCF-7	1772	15/2624	0/1	0	0	inf
SRX3080213	TFs and others	ESR1	Breast	MCF-7	11626	103/2624	0/1	0	0	inf
SRX3080214	TFs and others	ESR1	Breast	MCF-7	12011	92/2624	0/1	0	0	inf
SRX3080239	TFs and others	BRD4	Breast	MDA-MB-231	536	1/2624	0/1	0	0	inf
SRX3080240	TFs and others	BRD4	Breast	MDA-MB-231	527	1/2624	0/1	0	0	inf
SRX3080243	TFs and others	BRD4	Breast	MDA-MB-231	450	1/2624	0/1	0	0	inf
SRX3080244	TFs and others	BRD4	Breast	MDA-MB-231	625	1/2624	0/1	0	0	inf
SRX3080247	TFs and others	BRD4	Breast	MDA-MB-231	493	1/2624	0/1	0	0	inf
SRX3080248	TFs and others	BRD4	Breast	MDA-MB-231	591	2/2624	0/1	0	0	inf
SRX3082734	TFs and others	ZIC2	Blood	BCBL1	932	104/2624	0/1	0	0	inf
SRX3082736	TFs and others	ZIC2	Blood	BCBL1	494	26/2624	0/1	0	0	inf
SRX3083284	TFs and others	BACH2	Blood	B cells	4097	53/2624	0/1	0	0	inf
SRX3083285	TFs and others	BACH2	Blood	B cells	957	10/2624	0/1	0	0	inf
SRX3087158	TFs and others	TP53	Breast	MCF-7	311	5/2624	0/1	0	0	inf
SRX3087159	TFs and others	TP53	Breast	MCF-7	453	5/2624	0/1	0	0	inf
SRX3089108	TFs and others	SMARCA4	Liver	Hep G2	64	1/2624	0/1	0	0	inf
SRX3089109	TFs and others	SMARCA4	Liver	Hep G2	91	1/2624	0/1	0	0	inf
SRX3089110	TFs and others	SMARCA4	Liver	Hep G2	199	1/2624	0/1	0	0	inf
SRX3089111	TFs and others	SMARCA4	Liver	Hep G2	134	3/2624	0/1	0	0	inf
SRX3089112	TFs and others	SMARCA2	Liver	Hep G2	96	1/2624	0/1	0	0	inf
SRX3089113	TFs and others	SMARCA2	Liver	Hep G2	83	1/2624	0/1	0	0	inf
SRX3089114	TFs and others	SMARCA2	Liver	Hep G2	211	2/2624	0/1	0	0	inf
SRX3089115	TFs and others	SMARCA2	Liver	Hep G2	422	14/2624	0/1	0	0	inf
SRX3089967	TFs and others	NCOA4	Blood	Erythroblasts	115	1/2624	0/1	0	0	inf
SRX3089968	TFs and others	NCOA4	Blood	Erythroblasts	323	1/2624	0/1	0	0	inf
SRX3091698	TFs and others	Epitope tags	Lung	A549	963	2/2624	0/1	0	0	inf
SRX3091902	TFs and others	ZFX	Breast	MCF-7	6961	656/2624	0/1	0	0	inf
SRX3091903	TFs and others	ZFX	Breast	MCF-7	11414	934/2624	0/1	0	0	inf
SRX3091904	TFs and others	ZNF711	Breast	MCF-7	2556	211/2624	0/1	0	0	inf
SRX3091905	TFs and others	ZNF711	Breast	MCF-7	1603	110/2624	0/1	0	0	inf
SRX3091908	TFs and others	ZFX	Prostate	C4-2	5029	320/2624	0/1	0	0	inf
SRX3091913	TFs and others	ZFX	Digestive tract	HCT 116	5185	404/2624	0/1	0	0	inf
SRX3091917	TFs and others	ZFX	Kidney	293	8024	1033/2624	0/1	0	0	inf
SRX3092071	TFs and others	MTA1	Digestive tract	HCT 116	155	5/2624	0/1	0	0	inf
SRX3092072	TFs and others	MTA1	Digestive tract	HCT 116	309	1/2624	0/1	0	0	inf
SRX3092922	TFs and others	EP300	Breast	MDA-MB-231	496	1/2624	0/1	0	0	inf
SRX3092923	TFs and others	EP300	Breast	MDA-MB-231	425	1/2624	0/1	0	0	inf
SRX3092925	TFs and others	EP300	Breast	MDA-MB-231	412	1/2624	0/1	0	0	inf
SRX3092926	TFs and others	EP300	Breast	MDA-MB-231	334	1/2624	0/1	0	0	inf
SRX3098185	TFs and others	MECOM	Blood	SKH1	2428	49/2624	0/1	0	0	inf
SRX3098186	TFs and others	MECOM	Blood	SKH1	1015	22/2624	0/1	0	0	inf
SRX3098187	TFs and others	MECOM	Blood	SKH1	1096	24/2624	0/1	0	0	inf
SRX3098188	TFs and others	MECOM	Blood	SKH1	3017	82/2624	0/1	0	0	inf
SRX3098189	TFs and others	CEBPA	Blood	SKH1	2667	52/2624	0/1	0	0	inf
SRX3098190	TFs and others	CEBPA	Blood	SKH1	3823	246/2624	0/1	0	0	inf
SRX3098191	TFs and others	CEBPA	Blood	SKH1	627	10/2624	0/1	0	0	inf
SRX3098192	TFs and others	CEBPA	Blood	SKH1	1043	48/2624	0/1	0	0	inf
SRX3098193	TFs and others	RUNX1T1	Blood	Kasumi-1	7038	743/2624	0/1	0	0	inf
SRX3098194	TFs and others	RUNX1T1	Blood	Kasumi-1	5658	312/2624	0/1	0	0	inf
SRX3098195	TFs and others	RUNX1T1	Blood	Kasumi-1	7712	674/2624	0/1	0	0	inf
SRX3098196	TFs and others	RUNX1T1	Blood	Kasumi-1	5229	460/2624	0/1	0	0	inf
SRX3098197	TFs and others	CEBPA	Blood	Kasumi-1	12929	295/2624	0/1	0	0	inf
SRX3098198	TFs and others	CEBPA	Blood	Kasumi-1	6492	84/2624	0/1	0	0	inf
SRX3098199	TFs and others	CEBPA	Blood	Kasumi-1	714	2/2624	0/1	0	0	inf
SRX3098200	TFs and others	CEBPA	Blood	Kasumi-1	632	3/2624	0/1	0	0	inf
SRX3100755	TFs and others	RBPJ	Epidermis	Keratinocytes	905	7/2624	0/1	0	0	inf
SRX3102568	TFs and others	TP53	Digestive tract	SW 480	305	5/2624	0/1	0	0	inf
SRX3102569	TFs and others	TP53	Digestive tract	SW 480	24841	1165/2624	0/1	0	0	inf
SRX3102570	TFs and others	RELA	Digestive tract	SW 480	165	2/2624	0/1	0	0	inf
SRX3102571	TFs and others	RELA	Digestive tract	SW 480	3952	44/2624	0/1	0	0	inf
SRX3102708	TFs and others	ARID2	Kidney	786-O	603	1/2624	0/1	0	0	inf
SRX3102709	TFs and others	ARID2	Kidney	786-O	654	1/2624	0/1	0	0	inf
SRX3102710	TFs and others	ARID2	Kidney	786-O	578	1/2624	0/1	0	0	inf
SRX3103112	TFs and others	SIRT6	Epidermis	L-C-B	591	5/2624	0/1	0	0	inf
SRX3103118	TFs and others	SIRT6	Epidermis	SK-MEL-239	624	1/2624	0/1	0	0	inf
SRX3110709	TFs and others	ESR1	Breast	MCF-7	498	50/2624	0/1	0	0	inf
SRX3110710	TFs and others	ESR1	Breast	MCF-7	2805	51/2624	0/1	0	0	inf
SRX3110711	TFs and others	ESR1	Breast	MCF-7	1592	135/2624	0/1	0	0	inf
SRX3110712	TFs and others	ESR1	Breast	MCF-7	4898	126/2624	0/1	0	0	inf
SRX3110713	TFs and others	ESR1	Breast	MCF-7	1080	89/2624	0/1	0	0	inf
SRX3110714	TFs and others	ESR1	Breast	MCF-7	2929	74/2624	0/1	0	0	inf
SRX3110715	TFs and others	ESR1	Breast	MCF-7	349	12/2624	0/1	0	0	inf
SRX3110716	TFs and others	ESR1	Breast	MCF-7	3869	71/2624	0/1	0	0	inf
SRX3110717	TFs and others	ESR1	Breast	MCF-7	539	1/2624	0/1	0	0	inf
SRX3110718	TFs and others	ESR1	Breast	MCF-7	4562	216/2624	0/1	0	0	inf
SRX3110719	TFs and others	ESR1	Breast	MCF-7	2235	118/2624	0/1	0	0	inf
SRX3110720	TFs and others	ESR1	Breast	MCF-7	16215	208/2624	0/1	0	0	inf
SRX3110721	TFs and others	ESR1	Breast	MCF-7	7179	353/2624	0/1	0	0	inf
SRX3110722	TFs and others	ESR1	Breast	MCF-7	8388	267/2624	0/1	0	0	inf
SRX3110723	TFs and others	ESR1	Breast	MCF-7	18663	259/2624	0/1	0	0	inf
SRX3110724	TFs and others	ESR1	Breast	MCF-7	9551	173/2624	0/1	0	0	inf
SRX3110725	TFs and others	ESR1	Breast	MCF-7	27050	375/2624	0/1	0	0	inf
SRX3110726	TFs and others	ESR1	Breast	MCF-7	370	1/2624	0/1	0	0	inf
SRX3110727	TFs and others	ESR1	Breast	MCF-7	422	1/2624	0/1	0	0	inf
SRX3110728	TFs and others	ESR1	Breast	MCF-7	54511	604/2624	0/1	0	0	inf
SRX3110729	TFs and others	ESR1	Breast	MCF-7	32962	424/2624	0/1	0	0	inf
SRX3110730	TFs and others	ESR1	Breast	MCF-7	44464	633/2624	0/1	0	0	inf
SRX3110731	TFs and others	ESR1	Breast	MCF-7	63186	742/2624	0/1	0	0	inf
SRX3110732	TFs and others	ESR1	Breast	MCF-7	38007	450/2624	0/1	0	0	inf
SRX3110733	TFs and others	ESR1	Breast	MCF-7	50316	527/2624	0/1	0	0	inf
SRX3110734	TFs and others	ESR1	Breast	MCF-7	48869	587/2624	0/1	0	0	inf
SRX3110735	TFs and others	ESR1	Breast	MCF-7	32529	436/2624	0/1	0	0	inf
SRX3110736	TFs and others	ESR1	Breast	MCF-7	454	2/2624	0/1	0	0	inf
SRX3110737	TFs and others	ESR1	Breast	MCF-7	37	1/2624	0/1	0	0	inf
SRX3110738	TFs and others	ESR1	Breast	MCF-7	70549	780/2624	0/1	0	0	inf
SRX3110739	TFs and others	ESR1	Breast	MCF-7	30363	405/2624	0/1	0	0	inf
SRX3110740	TFs and others	ESR1	Breast	MCF-7	40955	603/2624	0/1	0	0	inf
SRX3110741	TFs and others	ESR1	Breast	MCF-7	42408	494/2624	0/1	0	0	inf
SRX3110742	TFs and others	ESR1	Breast	MCF-7	38958	454/2624	0/1	0	0	inf
SRX3110743	TFs and others	ESR1	Breast	MCF-7	56440	574/2624	0/1	0	0	inf
SRX3110744	TFs and others	ESR1	Breast	MCF-7	55147	676/2624	0/1	0	0	inf
SRX3110745	TFs and others	ESR1	Breast	MCF-7	40479	517/2624	0/1	0	0	inf
SRX3110746	TFs and others	ESR1	Breast	MCF-7	265	1/2624	0/1	0	0	inf
SRX3110747	TFs and others	ESR1	Breast	MCF-7	119	1/2624	0/1	0	0	inf
SRX3110770	TFs and others	SMC3	Uterus	HeLa	21915	242/2624	0/1	0	0	inf
SRX3110771	TFs and others	SMC3	Uterus	HeLa	15132	158/2624	0/1	0	0	inf
SRX3110772	TFs and others	SMC3	Uterus	HeLa	16460	229/2624	0/1	0	0	inf
SRX3110773	TFs and others	SMC3	Uterus	HeLa	25107	335/2624	0/1	0	0	inf
SRX3110774	TFs and others	SMC3	Uterus	HeLa	16909	283/2624	0/1	0	0	inf
SRX3110775	TFs and others	SMC3	Uterus	HeLa	11106	165/2624	0/1	0	0	inf
SRX3110776	TFs and others	SMC3	Uterus	HeLa	14183	273/2624	0/1	0	0	inf
SRX3110777	TFs and others	SMC3	Uterus	HeLa	14431	242/2624	0/1	0	0	inf
SRX3110778	TFs and others	Epitope tags	Uterus	HeLa	30566	216/2624	0/1	0	0	inf
SRX3110779	TFs and others	Epitope tags	Uterus	HeLa	38256	288/2624	0/1	0	0	inf
SRX3110780	TFs and others	Epitope tags	Uterus	HeLa	36200	262/2624	0/1	0	0	inf
SRX3110781	TFs and others	Epitope tags	Uterus	HeLa	34467	239/2624	0/1	0	0	inf
SRX3113420	TFs and others	MAF1	Blood	THP-1	114	2/2624	0/1	0	0	inf
SRX3113421	TFs and others	MAF1	Blood	THP-1	122	2/2624	0/1	0	0	inf
SRX3113422	TFs and others	MAF1	Blood	THP-1	551	1/2624	0/1	0	0	inf
SRX3113423	TFs and others	MAF1	Blood	THP-1	355	1/2624	0/1	0	0	inf
SRX3114572	TFs and others	MBD3	Kidney	293	920	1/2624	0/1	0	0	inf
SRX312100	TFs and others	Epitope tags	Breast	MCF-7	771	21/2624	0/1	0	0	inf
SRX312101	TFs and others	Epitope tags	Breast	MCF-7	119	1/2624	0/1	0	0	inf
SRX312239	TFs and others	TFAM	Uterus	HeLa	446	3/2624	0/1	0	0	inf
SRX312240	TFs and others	TFAM	Uterus	HeLa	480	3/2624	0/1	0	0	inf
SRX312241	TFs and others	TFAM	Uterus	HeLa	435	3/2624	0/1	0	0	inf
SRX312242	TFs and others	TFAM	Uterus	HeLa	455	1/2624	0/1	0	0	inf
SRX3123810	TFs and others	ESR1	Breast	MCF-7	11597	78/2624	0/1	0	0	inf
SRX3123811	TFs and others	ESR1	Breast	MCF-7	5603	46/2624	0/1	0	0	inf
SRX3123812	TFs and others	ESR1	Breast	MCF-7	6411	54/2624	0/1	0	0	inf
SRX3123816	TFs and others	ESR1	Breast	MCF-7	7553	60/2624	0/1	0	0	inf
SRX3123817	TFs and others	ESR1	Breast	MCF-7	8907	68/2624	0/1	0	0	inf
SRX3123818	TFs and others	ESR1	Breast	MCF-7	5688	49/2624	0/1	0	0	inf
SRX3123822	TFs and others	ESR1	Breast	MCF-7	10098	80/2624	0/1	0	0	inf
SRX3123823	TFs and others	ESR1	Breast	MCF-7	14778	115/2624	0/1	0	0	inf
SRX3123824	TFs and others	ESR1	Breast	MCF-7	8737	87/2624	0/1	0	0	inf
SRX3123828	TFs and others	ESR1	Breast	MCF-7	9006	76/2624	0/1	0	0	inf
SRX3123829	TFs and others	ESR1	Breast	MCF-7	18660	171/2624	0/1	0	0	inf
SRX3123830	TFs and others	ESR1	Breast	MCF-7	12600	109/2624	0/1	0	0	inf
SRX3124389	TFs and others	CTCFL	Neural	KELLY	1043	6/2624	0/1	0	0	inf
SRX3124390	TFs and others	CTCFL	Neural	KELLY	1057	11/2624	0/1	0	0	inf
SRX3124391	TFs and others	BRD4	Neural	KELLY	7923	324/2624	0/1	0	0	inf
SRX3124392	TFs and others	BRD4	Neural	KELLY	9378	461/2624	0/1	0	0	inf
SRX3124393	TFs and others	CTCF	Neural	KELLY	38410	501/2624	0/1	0	0	inf
SRX3124394	TFs and others	CTCF	Neural	KELLY	40740	526/2624	0/1	0	0	inf
SRX3124403	TFs and others	CTCFL	Neural	KELLY	6174	293/2624	0/1	0	0	inf
SRX3124404	TFs and others	CTCFL	Neural	KELLY	8001	348/2624	0/1	0	0	inf
SRX3124405	TFs and others	BRD4	Neural	KELLY	4857	212/2624	0/1	0	0	inf
SRX3124406	TFs and others	BRD4	Neural	KELLY	2426	51/2624	0/1	0	0	inf
SRX3124407	TFs and others	CTCF	Neural	KELLY	36302	492/2624	0/1	0	0	inf
SRX3124408	TFs and others	CTCF	Neural	KELLY	34980	475/2624	0/1	0	0	inf
SRX3124415	TFs and others	CTCFL	Neural	KELLY	8343	337/2624	0/1	0	0	inf
SRX3124416	TFs and others	CTCFL	Neural	KELLY	6704	301/2624	0/1	0	0	inf
SRX3124417	TFs and others	BRD4	Neural	KELLY	1539	12/2624	0/1	0	0	inf
SRX3124418	TFs and others	BRD4	Neural	KELLY	1343	4/2624	0/1	0	0	inf
SRX3124419	TFs and others	CTCF	Neural	KELLY	21680	348/2624	0/1	0	0	inf
SRX3124420	TFs and others	CTCF	Neural	KELLY	23352	363/2624	0/1	0	0	inf
SRX3124565	TFs and others	STAT1	Prostate	NCI-H358	572	2/2624	0/1	0	0	inf
SRX3124566	TFs and others	STAT3	Prostate	NCI-H358	8159	266/2624	0/1	0	0	inf
SRX3124569	TFs and others	FXR1	Digestive tract	AGS	493	16/2624	0/1	0	0	inf
SRX3124570	TFs and others	FXR2	Digestive tract	AGS	4435	119/2624	0/1	0	0	inf
SRX3124571	TFs and others	STAT1	Digestive tract	AGS	945	89/2624	0/1	0	0	inf
SRX3124572	TFs and others	STAT3	Digestive tract	AGS	755	10/2624	0/1	0	0	inf
SRX3127729	TFs and others	ZEB2	Liver	SNU-398	934	2/2624	0/1	0	0	inf
SRX3135176	TFs and others	BCL6	Blood	OCI-LY1	1777	3/2624	0/1	0	0	inf
SRX3135177	TFs and others	BCL6	Blood	OCI-LY1	1983	3/2624	0/1	0	0	inf
SRX3135180	TFs and others	BCL6	Blood	OCI-LY1	535	1/2624	0/1	0	0	inf
SRX3135181	TFs and others	BCL6	Blood	OCI-LY1	1144	8/2624	0/1	0	0	inf
SRX3142682	TFs and others	ILF3	Blood	K-562	4658	384/2624	0/1	0	0	inf
SRX3144856	TFs and others	SIN3A	Cardiovascular	HUVEC	1167	26/2624	0/1	0	0	inf
SRX3144857	TFs and others	SIN3A	Cardiovascular	HUVEC	1907	67/2624	0/1	0	0	inf
SRX3144981	TFs and others	GFI1	Blood	Kasumi-1	2991	116/2624	0/1	0	0	inf
SRX3145148	TFs and others	CTCF	Neural	IMR-5	24453	419/2624	0/1	0	0	inf
SRX3148637	TFs and others	DNMT1	Lung	HBEC3-KT	624	1/2624	0/1	0	0	inf
SRX3148638	TFs and others	EZH2	Lung	HBEC3-KT	526	1/2624	0/1	0	0	inf
SRX3148642	TFs and others	DNMT1	Lung	HBEC3-KT	579	1/2624	0/1	0	0	inf
SRX3148643	TFs and others	EZH2	Lung	HBEC3-KT	586	1/2624	0/1	0	0	inf
SRX3148647	TFs and others	DNMT1	Lung	HBEC3-KT	620	1/2624	0/1	0	0	inf
SRX3148648	TFs and others	EZH2	Lung	HBEC3-KT	587	1/2624	0/1	0	0	inf
SRX3148652	TFs and others	DNMT1	Lung	HBEC3-KT	627	1/2624	0/1	0	0	inf
SRX3148653	TFs and others	EZH2	Lung	HBEC3-KT	713	1/2624	0/1	0	0	inf
SRX315145	TFs and others	AR	Prostate	LNCAP	70	1/2624	0/1	0	0	inf
SRX315146	TFs and others	AR	Prostate	LNCAP	66	1/2624	0/1	0	0	inf
SRX315147	TFs and others	AR	Prostate	LNCAP	63	1/2624	0/1	0	0	inf
SRX315148	TFs and others	AR	Prostate	LNCAP	57	1/2624	0/1	0	0	inf
SRX3151495	TFs and others	PAF1	Digestive tract	HCT 116	2046	13/2624	0/1	0	0	inf
SRX315149	TFs and others	AR	Prostate	LNCAP	58	1/2624	0/1	0	0	inf
SRX315150	TFs and others	AR	Prostate	LNCAP	42	1/2624	0/1	0	0	inf
SRX315151	TFs and others	AR	Prostate	LNCAP	90	1/2624	0/1	0	0	inf
SRX315152	TFs and others	AR	Prostate	LNCAP	86	1/2624	0/1	0	0	inf
SRX315153	TFs and others	AR	Prostate	LNCAP	97	1/2624	0/1	0	0	inf
SRX315155	TFs and others	AR	Prostate	LNCAP	273	1/2624	0/1	0	0	inf
SRX315156	TFs and others	AR	Prostate	LNCAP	399	1/2624	0/1	0	0	inf
SRX315187	TFs and others	Biotin	Neural	SH-SY5Y	734	1/2624	0/1	0	0	inf
SRX315188	TFs and others	Biotin	Neural	SH-SY5Y	574	1/2624	0/1	0	0	inf
SRX3154232	TFs and others	BRD4	Blood	BCBL1	183	1/2624	0/1	0	0	inf
SRX3159237	TFs and others	BRD4	Prostate	LNCAP	353	19/2624	0/1	0	0	inf
SRX3159238	TFs and others	BRD4	Prostate	LNCAP	405	23/2624	0/1	0	0	inf
SRX3159239	TFs and others	BRD4	Prostate	LREX	499	26/2624	0/1	0	0	inf
SRX3159240	TFs and others	BRD4	Prostate	LREX	450	31/2624	0/1	0	0	inf
SRX3160997	TFs and others	BCL11A	Blood	HUDEP-2	2429	168/2624	0/1	0	0	inf
SRX3160998	TFs and others	BCL11A	Blood	HUDEP-2	4008	229/2624	0/1	0	0	inf
SRX3161001	TFs and others	ZBTB7A	Blood	K-562	8728	476/2624	0/1	0	0	inf
SRX3161002	TFs and others	ZBTB7A	Blood	K-562	18832	907/2624	0/1	0	0	inf
SRX3161003	TFs and others	ZBTB7A	Blood	K-562	12430	653/2624	0/1	0	0	inf
SRX3161004	TFs and others	ZBTB7A	Blood	K-562	14807	840/2624	0/1	0	0	inf
SRX3161009	TFs and others	ZBTB7A	Blood	HUDEP-2	16012	1117/2624	0/1	0	0	inf
SRX3161011	TFs and others	ZBTB7A	Blood	HUDEP-2	16318	1014/2624	0/1	0	0	inf
SRX316360	TFs and others	NR3C1	Kidney	293	14161	24/2624	0/1	0	0	inf
SRX316361	TFs and others	NR3C1	Kidney	293	18421	45/2624	0/1	0	0	inf
SRX316362	TFs and others	NR3C1	Kidney	293	36804	61/2624	0/1	0	0	inf
SRX316363	TFs and others	NR3C1	Kidney	293	23247	52/2624	0/1	0	0	inf
SRX316364	TFs and others	NR3C1	Kidney	293	1754	4/2624	0/1	0	0	inf
SRX316366	TFs and others	SUMO2	Kidney	293	13037	273/2624	0/1	0	0	inf
SRX316367	TFs and others	SUMO2	Kidney	293	22196	583/2624	0/1	0	0	inf
SRX316368	TFs and others	SUMO2	Kidney	293	7209	182/2624	0/1	0	0	inf
SRX316369	TFs and others	SUMO2	Kidney	293	18470	672/2624	0/1	0	0	inf
SRX3164108	TFs and others	YY1	Blood	Jurkat	1999	222/2624	0/1	0	0	inf
SRX316957	TFs and others	ZMYND11	Bone	U2OS	623	1/2624	0/1	0	0	inf
SRX316958	TFs and others	ZMYND11	Bone	U2OS	628	1/2624	0/1	0	0	inf
SRX316959	TFs and others	ZMYND11	Bone	U2OS	587	1/2624	0/1	0	0	inf
SRX316960	TFs and others	Epitope tags	Bone	U2OS	155	1/2624	0/1	0	0	inf
SRX317572	TFs and others	EZH2	Pluripotent stem cell	iPS cells	99	1/2624	0/1	0	0	inf
SRX317579	TFs and others	EZH2	Pluripotent stem cell	iPS cells	335	1/2624	0/1	0	0	inf
SRX317582	TFs and others	JARID2	Pluripotent stem cell	iPS cells	96	1/2624	0/1	0	0	inf
SRX317583	TFs and others	EZH2	Pluripotent stem cell	iPS cells	201	1/2624	0/1	0	0	inf
SRX317584	TFs and others	EZH2	Pluripotent stem cell	iPS cells	154	1/2624	0/1	0	0	inf
SRX317588	TFs and others	JARID2	Pluripotent stem cell	iPS cells	215	1/2624	0/1	0	0	inf
SRX317589	TFs and others	JARID2	Pluripotent stem cell	iPS cells	514	1/2624	0/1	0	0	inf
SRX317590	TFs and others	EZH2	Pluripotent stem cell	iPS cells	4207	14/2624	0/1	0	0	inf
SRX317593	TFs and others	JARID2	Pluripotent stem cell	iPS cells	622	2/2624	0/1	0	0	inf
SRX317594	TFs and others	EZH2	Pluripotent stem cell	iPS cells	387	1/2624	0/1	0	0	inf
SRX317597	TFs and others	JARID2	Pluripotent stem cell	iPS cells	189	1/2624	0/1	0	0	inf
SRX317598	TFs and others	EZH2	Pluripotent stem cell	iPS cells	1939	5/2624	0/1	0	0	inf
SRX317601	TFs and others	JARID2	Pluripotent stem cell	iPS cells	1270	3/2624	0/1	0	0	inf
SRX317602	TFs and others	EZH2	Pluripotent stem cell	iPS cells	1199	1/2624	0/1	0	0	inf
SRX317605	TFs and others	JARID2	Pluripotent stem cell	iPS cells	1110	1/2624	0/1	0	0	inf
SRX317606	TFs and others	EZH2	Pluripotent stem cell	iPS cells	1292	2/2624	0/1	0	0	inf
SRX317609	TFs and others	JARID2	Pluripotent stem cell	iPS cells	1063	2/2624	0/1	0	0	inf
SRX3186359	TFs and others	Epitope tags	Lung	HCC95	2289	182/2624	0/1	0	0	inf
SRX3186360	TFs and others	Epitope tags	Lung	HCC95	3629	295/2624	0/1	0	0	inf
SRX3186361	TFs and others	Epitope tags	Lung	HCC95	396	28/2624	0/1	0	0	inf
SRX3186362	TFs and others	Epitope tags	Lung	HCC95	2191	239/2624	0/1	0	0	inf
SRX3186363	TFs and others	Epitope tags	Lung	HCC95	25	1/2624	0/1	0	0	inf
SRX318858	TFs and others	ZBTB17	Breast	MDA-MB-231	2651	308/2624	0/1	0	0	inf
SRX3189055	TFs and others	APC	Digestive tract	HCT 116	5059	720/2624	0/1	0	0	inf
SRX3195440	TFs and others	MLLT3	Blood	CD34+ cells	1566	4/2624	0/1	0	0	inf
SRX3203623	TFs and others	MPHOSPH8	Pluripotent stem cell	ES cells	1109	2/2624	0/1	0	0	inf
SRX3203624	TFs and others	MPHOSPH8	Pluripotent stem cell	ES cells	1022	1/2624	0/1	0	0	inf
SRX3203625	TFs and others	MORC2	Pluripotent stem cell	ES cells	1057	15/2624	0/1	0	0	inf
SRX3203626	TFs and others	MORC2	Pluripotent stem cell	ES cells	913	7/2624	0/1	0	0	inf
SRX3205372	TFs and others	PITX1	Others	Head and neck squamous cell carcinoma 	468	10/2624	0/1	0	0	inf
SRX3205373	TFs and others	SOX2	Others	Head and neck squamous cell carcinoma 	2897	145/2624	0/1	0	0	inf
SRX3205374	TFs and others	TP63	Others	Head and neck squamous cell carcinoma 	16324	264/2624	0/1	0	0	inf
SRX3216828	TFs and others	NOTCH3	Blood	T-ALL	375	1/2624	0/1	0	0	inf
SRX3216829	TFs and others	NOTCH3	Blood	T-ALL	174	1/2624	0/1	0	0	inf
SRX322539	TFs and others	Epitope tags	Blood	K-562	8	1/2624	0/1	0	0	inf
SRX322540	TFs and others	Epitope tags	Blood	K-562	17	2/2624	0/1	0	0	inf
SRX3229120	TFs and others	ESR1	Breast	Breast cancer	896	57/2624	0/1	0	0	inf
SRX3229121	TFs and others	ESR1	Breast	Breast cancer	2945	342/2624	0/1	0	0	inf
SRX3229122	TFs and others	ESR1	Breast	Breast cancer	385	5/2624	0/1	0	0	inf
SRX3229123	TFs and others	FOXA1	Breast	Breast cancer	3582	71/2624	0/1	0	0	inf
SRX3229124	TFs and others	FOXA1	Breast	Breast cancer	9597	78/2624	0/1	0	0	inf
SRX3229125	TFs and others	FOXA1	Breast	Breast cancer	280	1/2624	0/1	0	0	inf
SRX3229126	TFs and others	FOXA1	Breast	Breast cancer	3012	19/2624	0/1	0	0	inf
SRX3229127	TFs and others	ESR1	Breast	Breast cancer	494	1/2624	0/1	0	0	inf
SRX3229128	TFs and others	ESR1	Breast	Breast cancer	2443	52/2624	0/1	0	0	inf
SRX3229129	TFs and others	FOXA1	Breast	Breast cancer	740	3/2624	0/1	0	0	inf
SRX3229130	TFs and others	FOXA1	Breast	Breast cancer	324	1/2624	0/1	0	0	inf
SRX3229131	TFs and others	FOXA1	Breast	Breast cancer	485	6/2624	0/1	0	0	inf
SRX3229132	TFs and others	ESR1	Breast	Breast cancer	6678	118/2624	0/1	0	0	inf
SRX3229133	TFs and others	AR	Breast	Breast cancer	642	4/2624	0/1	0	0	inf
SRX3229134	TFs and others	AR	Breast	MCF-7	565	13/2624	0/1	0	0	inf
SRX3229135	TFs and others	NR3C1	Breast	MCF-7	3217	20/2624	0/1	0	0	inf
SRX3229136	TFs and others	ESR1	Breast	Breast cancer	2693	483/2624	0/1	0	0	inf
SRX3229137	TFs and others	ESR1	Breast	Breast cancer	646	8/2624	0/1	0	0	inf
SRX3229138	TFs and others	ESR1	Breast	Breast cancer	1545	324/2624	0/1	0	0	inf
SRX3229139	TFs and others	ESR1	Breast	Breast cancer	5607	832/2624	0/1	0	0	inf
SRX3229140	TFs and others	ESR1	Breast	Breast cancer	4640	84/2624	0/1	0	0	inf
SRX3229141	TFs and others	ESR1	Breast	Breast cancer	989	10/2624	0/1	0	0	inf
SRX3229142	TFs and others	ESR1	Breast	Breast cancer	6336	329/2624	0/1	0	0	inf
SRX3229143	TFs and others	ESR1	Breast	Breast cancer	2081	25/2624	0/1	0	0	inf
SRX3229144	TFs and others	ESR1	Breast	Breast cancer	1128	40/2624	0/1	0	0	inf
SRX3229146	TFs and others	ESR1	Breast	Breast cancer	6589	327/2624	0/1	0	0	inf
SRX3229147	TFs and others	ESR1	Breast	Breast cancer	2127	63/2624	0/1	0	0	inf
SRX3229148	TFs and others	ESR1	Breast	Breast cancer	1926	31/2624	0/1	0	0	inf
SRX3229149	TFs and others	ESR1	Breast	Breast cancer	5810	857/2624	0/1	0	0	inf
SRX3229150	TFs and others	ESR1	Breast	Breast cancer	3485	73/2624	0/1	0	0	inf
SRX3229151	TFs and others	ESR1	Breast	Breast cancer	1383	39/2624	0/1	0	0	inf
SRX3229152	TFs and others	ESR1	Breast	Breast cancer	1235	25/2624	0/1	0	0	inf
SRX3229153	TFs and others	ESR1	Breast	Breast cancer	4992	94/2624	0/1	0	0	inf
SRX3229154	TFs and others	ESR1	Breast	Breast cancer	5107	195/2624	0/1	0	0	inf
SRX3229155	TFs and others	ESR1	Breast	Breast cancer	3363	301/2624	0/1	0	0	inf
SRX3229156	TFs and others	ESR1	Breast	Breast cancer	7156	457/2624	0/1	0	0	inf
SRX3229157	TFs and others	ESR1	Breast	Breast cancer	877	16/2624	0/1	0	0	inf
SRX3229158	TFs and others	ESR1	Breast	Breast cancer	182	6/2624	0/1	0	0	inf
SRX3229159	TFs and others	ESR1	Breast	Breast cancer	493	9/2624	0/1	0	0	inf
SRX3229160	TFs and others	ESR1	Breast	Breast cancer	452	15/2624	0/1	0	0	inf
SRX3229162	TFs and others	ESR1	Breast	Breast cancer	530	1/2624	0/1	0	0	inf
SRX3229163	TFs and others	ESR1	Breast	Breast cancer	4232	98/2624	0/1	0	0	inf
SRX3229164	TFs and others	ESR1	Breast	Breast cancer	1249	46/2624	0/1	0	0	inf
SRX3229165	TFs and others	ESR1	Breast	Breast cancer	2037	44/2624	0/1	0	0	inf
SRX3229166	TFs and others	AR	Breast	Breast cancer	392	4/2624	0/1	0	0	inf
SRX3229167	TFs and others	AR	Breast	Breast cancer	657	5/2624	0/1	0	0	inf
SRX3229168	TFs and others	AR	Breast	Breast cancer	3423	140/2624	0/1	0	0	inf
SRX3229169	TFs and others	AR	Breast	Breast cancer	308	1/2624	0/1	0	0	inf
SRX3229170	TFs and others	AR	Breast	Breast cancer	578	2/2624	0/1	0	0	inf
SRX3229171	TFs and others	AR	Breast	Breast cancer	331	5/2624	0/1	0	0	inf
SRX3229172	TFs and others	AR	Breast	Breast cancer	3686	198/2624	0/1	0	0	inf
SRX3229173	TFs and others	AR	Breast	Breast cancer	1259	21/2624	0/1	0	0	inf
SRX3229174	TFs and others	AR	Breast	Breast cancer	1621	7/2624	0/1	0	0	inf
SRX3229175	TFs and others	FOXA1	Breast	Breast cancer	2763	27/2624	0/1	0	0	inf
SRX3229176	TFs and others	FOXA1	Breast	Breast cancer	1174	26/2624	0/1	0	0	inf
SRX3229177	TFs and others	FOXA1	Breast	Breast cancer	4780	48/2624	0/1	0	0	inf
SRX3229178	TFs and others	FOXA1	Breast	Breast cancer	581	5/2624	0/1	0	0	inf
SRX3229179	TFs and others	FOXA1	Breast	Breast cancer	3069	40/2624	0/1	0	0	inf
SRX3229180	TFs and others	FOXA1	Breast	Breast cancer	6007	113/2624	0/1	0	0	inf
SRX3229181	TFs and others	FOXA1	Breast	Breast cancer	2936	56/2624	0/1	0	0	inf
SRX3229182	TFs and others	NR3C1	Breast	Breast cancer	402	1/2624	0/1	0	0	inf
SRX3229183	TFs and others	NR3C1	Breast	Breast cancer	215	3/2624	0/1	0	0	inf
SRX3229184	TFs and others	NR3C1	Breast	Breast cancer	293	1/2624	0/1	0	0	inf
SRX3229185	TFs and others	NR3C1	Breast	Breast cancer	443	1/2624	0/1	0	0	inf
SRX3229186	TFs and others	NR3C1	Breast	Breast cancer	381	2/2624	0/1	0	0	inf
SRX3229187	TFs and others	NR3C1	Breast	Breast cancer	1905	39/2624	0/1	0	0	inf
SRX3229188	TFs and others	NR3C1	Breast	Breast cancer	372	1/2624	0/1	0	0	inf
SRX3229189	TFs and others	PGR	Breast	Breast cancer	14685	632/2624	0/1	0	0	inf
SRX3229190	TFs and others	PGR	Breast	Breast cancer	4583	113/2624	0/1	0	0	inf
SRX3229191	TFs and others	PGR	Breast	Breast cancer	413	1/2624	0/1	0	0	inf
SRX3229192	TFs and others	PGR	Breast	Breast cancer	5655	93/2624	0/1	0	0	inf
SRX3229193	TFs and others	GATA3	Breast	Breast cancer	506	3/2624	0/1	0	0	inf
SRX3229194	TFs and others	GATA3	Breast	Breast cancer	130	1/2624	0/1	0	0	inf
SRX3229195	TFs and others	GATA3	Breast	Breast cancer	8316	158/2624	0/1	0	0	inf
SRX3230265	TFs and others	BRD1	Pluripotent stem cell	hESC HUES64	897	2/2624	0/1	0	0	inf
SRX3230266	TFs and others	BRD1	Pluripotent stem cell	hESC HUES64	504	1/2624	0/1	0	0	inf
SRX3230269	TFs and others	RNF2	Pluripotent stem cell	hESC HUES64	545	1/2624	0/1	0	0	inf
SRX3230270	TFs and others	RNF2	Pluripotent stem cell	hESC HUES64	342	1/2624	0/1	0	0	inf
SRX3230378	TFs and others	CBX1	Liver	Hep G2	11209	1142/2624	0/1	0	0	inf
SRX3230379	TFs and others	CBX5	Liver	Hep G2	13444	1232/2624	0/1	0	0	inf
SRX3230380	TFs and others	E2F7	Liver	Hep G2	2313	124/2624	0/1	0	0	inf
SRX3230381	TFs and others	ERF	Liver	Hep G2	6395	728/2624	0/1	0	0	inf
SRX3230382	TFs and others	FOXA2	Liver	Hep G2	43365	889/2624	0/1	0	0	inf
SRX3230384	TFs and others	FOXO1	Liver	Hep G2	4765	95/2624	0/1	0	0	inf
SRX3230385	TFs and others	FOXP1	Liver	Hep G2	15697	174/2624	0/1	0	0	inf
SRX3230386	TFs and others	HMGXB3	Liver	Hep G2	12286	1249/2624	0/1	0	0	inf
SRX3230387	TFs and others	JARID2	Liver	Hep G2	1340	72/2624	0/1	0	0	inf
SRX3230388	TFs and others	KAT7	Liver	Hep G2	3205	488/2624	0/1	0	0	inf
SRX3230390	TFs and others	KDM3A	Liver	Hep G2	1667	217/2624	0/1	0	0	inf
SRX3230391	TFs and others	KLF10	Liver	Hep G2	10156	1225/2624	0/1	0	0	inf
SRX3230392	TFs and others	MTA1	Liver	Hep G2	9780	429/2624	0/1	0	0	inf
SRX3230393	TFs and others	NPAS2	Liver	Hep G2	1580	56/2624	0/1	0	0	inf
SRX3230394	TFs and others	NR1H2	Liver	Hep G2	1603	93/2624	0/1	0	0	inf
SRX3230395	TFs and others	PAXIP1	Liver	Hep G2	9583	171/2624	0/1	0	0	inf
SRX3230397	TFs and others	PROX1	Liver	Hep G2	22277	229/2624	0/1	0	0	inf
SRX3230398	TFs and others	RREB1	Liver	Hep G2	17190	757/2624	0/1	0	0	inf
SRX3230399	TFs and others	RUVBL1	Liver	Hep G2	2110	224/2624	0/1	0	0	inf
SRX3230400	TFs and others	SIX4	Liver	Hep G2	8105	434/2624	0/1	0	0	inf
SRX3230402	TFs and others	TCF12	Liver	Hep G2	2837	97/2624	0/1	0	0	inf
SRX3230403	TFs and others	TCF25	Liver	Hep G2	21098	967/2624	0/1	0	0	inf
SRX3230404	TFs and others	THRA	Liver	Hep G2	24104	1203/2624	0/1	0	0	inf
SRX3230405	TFs and others	UBP1	Liver	Hep G2	3126	429/2624	0/1	0	0	inf
SRX3230406	TFs and others	USF2	Liver	Hep G2	19198	850/2624	0/1	0	0	inf
SRX3230407	TFs and others	ZBTB21	Liver	Hep G2	6163	390/2624	0/1	0	0	inf
SRX3230408	TFs and others	ZC3H4	Liver	Hep G2	2841	82/2624	0/1	0	0	inf
SRX3230409	TFs and others	ZCCHC11	Liver	Hep G2	3758	300/2624	0/1	0	0	inf
SRX3230410	TFs and others	ZHX3	Liver	Hep G2	1976	131/2624	0/1	0	0	inf
SRX3230411	TFs and others	ZMYM3	Liver	Hep G2	10412	138/2624	0/1	0	0	inf
SRX3230412	TFs and others	ZNF12	Liver	Hep G2	12013	545/2624	0/1	0	0	inf
SRX3230414	TFs and others	ZNF281	Liver	Hep G2	19357	733/2624	0/1	0	0	inf
SRX3230416	TFs and others	ZNF334	Liver	Hep G2	1580	64/2624	0/1	0	0	inf
SRX3230417	TFs and others	ZNF335	Liver	Hep G2	11807	1138/2624	0/1	0	0	inf
SRX3230418	TFs and others	ZNF544	Liver	Hep G2	9000	715/2624	0/1	0	0	inf
SRX3230419	TFs and others	ZSCAN29	Liver	Hep G2	3579	149/2624	0/1	0	0	inf
SRX323398	TFs and others	ESR1	Breast	MCF-7	9128	206/2624	0/1	0	0	inf
SRX323399	TFs and others	ESR1	Breast	MCF-7	11662	187/2624	0/1	0	0	inf
SRX323400	TFs and others	ESR1	Breast	MCF-7	9907	97/2624	0/1	0	0	inf
SRX323401	TFs and others	SPDEF	Breast	MCF-7	96	4/2624	0/1	0	0	inf
SRX323402	TFs and others	SPDEF	Breast	MCF-7	328	22/2624	0/1	0	0	inf
SRX323403	TFs and others	SPDEF	Breast	MCF-7	207	8/2624	0/1	0	0	inf
SRX3235584	TFs and others	FANCD2	Bone	U2OS	578	1/2624	0/1	0	0	inf
SRX3235585	TFs and others	FANCD2	Bone	U2OS	419	1/2624	0/1	0	0	inf
SRX323565	TFs and others	ASCL1	Epidermis	Dermal fibroblast	2649	10/2624	0/1	0	0	inf
SRX323567	TFs and others	ASCL1	Epidermis	Keratinocytes	1150	1/2624	0/1	0	0	inf
SRX3236727	TFs and others	BRD2	Lung	NCI-H1299	485	14/2624	0/1	0	0	inf
SRX3236738	TFs and others	BRD2	Lung	NCI-H1299	1901	60/2624	0/1	0	0	inf
SRX3240987	TFs and others	MED1	Others	Mesenchymal stem cells	1910	42/2624	0/1	0	0	inf
SRX3240988	TFs and others	MED1	Others	Mesenchymal stem cells	1024	16/2624	0/1	0	0	inf
SRX3240989	TFs and others	MED1	Others	Mesenchymal stem cells	6546	53/2624	0/1	0	0	inf
SRX3240990	TFs and others	MED1	Others	Mesenchymal stem cells	4608	35/2624	0/1	0	0	inf
SRX3240991	TFs and others	MED1	Others	Mesenchymal stem cells	1795	9/2624	0/1	0	0	inf
SRX3240992	TFs and others	MED1	Others	Mesenchymal stem cells	994	6/2624	0/1	0	0	inf
SRX3240993	TFs and others	MED1	Others	Mesenchymal stem cells	6066	54/2624	0/1	0	0	inf
SRX3240994	TFs and others	MED1	Others	Mesenchymal stem cells	1233	8/2624	0/1	0	0	inf
SRX3240995	TFs and others	MED1	Others	Mesenchymal stem cells	5674	32/2624	0/1	0	0	inf
SRX3240996	TFs and others	MED1	Others	Mesenchymal stem cells	967	4/2624	0/1	0	0	inf
SRX3240997	TFs and others	MED1	Others	Mesenchymal stem cells	6509	35/2624	0/1	0	0	inf
SRX3240998	TFs and others	MED1	Others	Mesenchymal stem cells	813	3/2624	0/1	0	0	inf
SRX3241379	TFs and others	ARID1A	Gonad	RMG-I	14107	604/2624	0/1	0	0	inf
SRX3241380	TFs and others	ARID1A	Gonad	RMG-I	548	1/2624	0/1	0	0	inf
SRX3244991	TFs and others	SPI1	Blood	Macrophages	15006	105/2624	0/1	0	0	inf
SRX3244992	TFs and others	CEBPB	Blood	Macrophages	11613	8/2624	0/1	0	0	inf
SRX3244993	TFs and others	CEBPB	Blood	Macrophages	3705	2/2624	0/1	0	0	inf
SRX3256863	TFs and others	RNF2	Pluripotent stem cell	hESC H1	482	1/2624	0/1	0	0	inf
SRX3256865	TFs and others	RYBP	Pluripotent stem cell	hESC H1	6487	277/2624	0/1	0	0	inf
SRX3256870	TFs and others	BCOR	Pluripotent stem cell	hESC H1	1522	7/2624	0/1	0	0	inf
SRX3263399	TFs and others	BRD4	Blood	OCI-AML3	650	11/2624	0/1	0	0	inf
SRX3263400	TFs and others	BRD4	Blood	OCI-AML3	491	1/2624	0/1	0	0	inf
SRX3263401	TFs and others	CEBPB	Blood	OCI-AML3	1078	1/2624	0/1	0	0	inf
SRX3263402	TFs and others	CEBPB	Blood	OCI-AML3	777	1/2624	0/1	0	0	inf
SRX326373	TFs and others	NUP98	Pluripotent stem cell	hESC HUES6	385	1/2624	0/1	0	0	inf
SRX326375	TFs and others	NUP98	Pluripotent stem cell	hESC derived neural cells	388	1/2624	0/1	0	0	inf
SRX326377	TFs and others	NUP98	Pluripotent stem cell	hESC derived neural cells	547	1/2624	0/1	0	0	inf
SRX326378	TFs and others	NUP98	Lung	IMR-90	486	1/2624	0/1	0	0	inf
SRX326379	TFs and others	NUP98	Lung	IMR-90	465	1/2624	0/1	0	0	inf
SRX326492	TFs and others	REST	Others	NCI-H295R	2772	14/2624	0/1	0	0	inf
SRX326493	TFs and others	REST	Others	NCI-H295R	2740	13/2624	0/1	0	0	inf
SRX3265284	TFs and others	KDM1A	Breast	MCF-7	446	1/2624	0/1	0	0	inf
SRX3265285	TFs and others	KDM1A	Breast	MCF-7	396	2/2624	0/1	0	0	inf
SRX3265286	TFs and others	KDM1A	Breast	MDA-MB-231	559	1/2624	0/1	0	0	inf
SRX326881	TFs and others	ERG	Prostate	VCaP	769	1/2624	0/1	0	0	inf
SRX326882	TFs and others	ERG	Prostate	VCaP	1332	4/2624	0/1	0	0	inf
SRX326883	TFs and others	ERG	Prostate	VCaP	6393	26/2624	0/1	0	0	inf
SRX326884	TFs and others	GABPA	Prostate	VCaP	4948	693/2624	0/1	0	0	inf
SRX326888	TFs and others	GABPA	Blood	Jurkat	18271	1248/2624	0/1	0	0	inf
SRX326889	TFs and others	ERG	Blood	Jurkat	481	1/2624	0/1	0	0	inf
SRX326890	TFs and others	ERG	Blood	Jurkat	6685	740/2624	0/1	0	0	inf
SRX3271002	TFs and others	KDM1A	Pluripotent stem cell	hESC derived pancreatic cells	21954	790/2624	0/1	0	0	inf
SRX3271003	TFs and others	KDM1A	Pluripotent stem cell	hESC derived pancreatic cells	15286	1042/2624	0/1	0	0	inf
SRX3271008	TFs and others	KDM1A	Pluripotent stem cell	hESC derived pancreatic cells	52	1/2624	0/1	0	0	inf
SRX3271009	TFs and others	KDM1A	Pluripotent stem cell	hESC derived pancreatic cells	2246	2/2624	0/1	0	0	inf
SRX3271021	TFs and others	KDM1A	Pluripotent stem cell	hESC derived pancreatic cells	887	6/2624	0/1	0	0	inf
SRX3271022	TFs and others	KDM1A	Pluripotent stem cell	hESC derived pancreatic cells	11410	793/2624	0/1	0	0	inf
SRX3271026	TFs and others	KDM1A	Pluripotent stem cell	hESC derived pancreatic cells	423	1/2624	0/1	0	0	inf
SRX3275107	TFs and others	DNMT3B	Pluripotent stem cell	iPS cells	1590	2/2624	0/1	0	0	inf
SRX3275108	TFs and others	DNMT3B	Pluripotent stem cell	iPS cells	1038	1/2624	0/1	0	0	inf
SRX327759	TFs and others	CDK9	Blood	MM.1S	6953	1078/2624	0/1	0	0	inf
SRX327760	TFs and others	IRF4	Blood	MM.1S	22141	1081/2624	0/1	0	0	inf
SRX327761	TFs and others	BRD4	Blood	Multiple Myeloma	5494	382/2624	0/1	0	0	inf
SRX327767	TFs and others	BRD4	Lung	NCI-H2171	6296	193/2624	0/1	0	0	inf
SRX327769	TFs and others	BRD4	Lung	NCI-H2171	712	18/2624	0/1	0	0	inf
SRX3279750	TFs and others	IRF4	Blood	CD4+ T cells	1649	105/2624	0/1	0	0	inf
SRX3279751	TFs and others	NFATC1	Blood	CD4+ T cells	463	1/2624	0/1	0	0	inf
SRX3279752	TFs and others	NFATC2	Blood	CD4+ T cells	1537	5/2624	0/1	0	0	inf
SRX3285553	TFs and others	ESR1	Breast	C49R	1917	21/2624	0/1	0	0	inf
SRX3285554	TFs and others	ESR1	Breast	C49R	5734	52/2624	0/1	0	0	inf
SRX3285555	TFs and others	ESR1	Breast	C70R	3526	69/2624	0/1	0	0	inf
SRX3285556	TFs and others	ESR1	Breast	C70R	7265	105/2624	0/1	0	0	inf
SRX3285557	TFs and others	ESR1	Breast	MCF-7	1244	9/2624	0/1	0	0	inf
SRX3285558	TFs and others	ESR1	Breast	MCF-7	1163	1/2624	0/1	0	0	inf
SRX3285559	TFs and others	ESR1	Breast	MCF-7	6779	66/2624	0/1	0	0	inf
SRX3285561	TFs and others	KDM5B	Breast	MCF-7	4498	283/2624	0/1	0	0	inf
SRX3285563	TFs and others	KDM5B	Breast	C49R	8705	541/2624	0/1	0	0	inf
SRX3285565	TFs and others	KDM5B	Breast	C70R	5615	324/2624	0/1	0	0	inf
SRX3285576	TFs and others	KDM5B	Breast	FULR	3885	391/2624	0/1	0	0	inf
SRX3285578	TFs and others	KDM5B	Breast	MCF-7	1922	206/2624	0/1	0	0	inf
SRX3285580	TFs and others	KDM5B	Breast	MCF-7	6141	594/2624	0/1	0	0	inf
SRX3285582	TFs and others	KDM5B	Breast	MCF-7	1503	146/2624	0/1	0	0	inf
SRX3285584	TFs and others	KDM5B	Breast	MCF-7	974	101/2624	0/1	0	0	inf
SRX3285586	TFs and others	KDM5B	Breast	TAMR	6168	525/2624	0/1	0	0	inf
SRX3285588	TFs and others	KDM5B	Breast	C70R	229	12/2624	0/1	0	0	inf
SRX3285589	TFs and others	KDM5B	Breast	C70R	2613	116/2624	0/1	0	0	inf
SRX3285591	TFs and others	KDM5B	Breast	FULR	448	35/2624	0/1	0	0	inf
SRX3285592	TFs and others	KDM5B	Breast	FULR	1400	98/2624	0/1	0	0	inf
SRX3285595	TFs and others	KDM5B	Breast	MCF-7	7396	572/2624	0/1	0	0	inf
SRX3285597	TFs and others	KDM5B	Breast	TAMR	2160	186/2624	0/1	0	0	inf
SRX3285598	TFs and others	KDM5B	Breast	TAMR	3370	235/2624	0/1	0	0	inf
SRX3285599	TFs and others	ESR1	Breast	FULR	3370	68/2624	0/1	0	0	inf
SRX3285600	TFs and others	ESR1	Breast	FULR	2060	38/2624	0/1	0	0	inf
SRX3285601	TFs and others	ESR1	Breast	FULR	3169	61/2624	0/1	0	0	inf
SRX3285603	TFs and others	ESR1	Breast	FULR	10149	260/2624	0/1	0	0	inf
SRX3285605	TFs and others	KDM5B	Breast	FULR	4100	202/2624	0/1	0	0	inf
SRX3285606	TFs and others	KDM5B	Breast	FULR	3574	289/2624	0/1	0	0	inf
SRX3285608	TFs and others	KDM5B	Breast	FULR	1318	67/2624	0/1	0	0	inf
SRX3285611	TFs and others	KDM5B	Breast	MCF-7	6978	376/2624	0/1	0	0	inf
SRX3285613	TFs and others	KDM5B	Breast	C70R	2328	162/2624	0/1	0	0	inf
SRX3287166	TFs and others	SMC3	Uterus	HeLa	1175	17/2624	0/1	0	0	inf
SRX3287167	TFs and others	SMC3	Uterus	HeLa	1397	10/2624	0/1	0	0	inf
SRX3287169	TFs and others	SMC3	Uterus	HeLa	1446	24/2624	0/1	0	0	inf
SRX3287170	TFs and others	SMC3	Uterus	HeLa	321	1/2624	0/1	0	0	inf
SRX3287172	TFs and others	SMC3	Uterus	HeLa	1249	16/2624	0/1	0	0	inf
SRX3287173	TFs and others	SMC3	Uterus	HeLa	579	6/2624	0/1	0	0	inf
SRX3287175	TFs and others	SMC3	Uterus	HeLa	1182	13/2624	0/1	0	0	inf
SRX3287176	TFs and others	SMC3	Uterus	HeLa	331	1/2624	0/1	0	0	inf
SRX328777	TFs and others	GATA6	Digestive tract	LS-174T	2001	38/2624	0/1	0	0	inf
SRX328778	TFs and others	GATA6	Digestive tract	LS-174T	1610	25/2624	0/1	0	0	inf
SRX328779	TFs and others	GATA6	Digestive tract	LS-174T	1465	17/2624	0/1	0	0	inf
SRX3288556	TFs and others	RAD21	Pluripotent stem cell	hESC H9	30165	264/2624	0/1	0	0	inf
SRX3288557	TFs and others	RAD21	Pluripotent stem cell	hESC H9	45902	372/2624	0/1	0	0	inf
SRX3288558	TFs and others	RAD21	Pluripotent stem cell	hESC H9	32984	324/2624	0/1	0	0	inf
SRX3288559	TFs and others	RAD21	Pluripotent stem cell	hESC H9	37471	334/2624	0/1	0	0	inf
SRX3288560	TFs and others	CTCF	Pluripotent stem cell	hESC H9	788	25/2624	0/1	0	0	inf
SRX3288561	TFs and others	CTCF	Pluripotent stem cell	hESC H9	2276	53/2624	0/1	0	0	inf
SRX3288562	TFs and others	ZNF143	Pluripotent stem cell	hESC H9	4973	503/2624	0/1	0	0	inf
SRX3288563	TFs and others	ZNF143	Pluripotent stem cell	hESC H9	4621	520/2624	0/1	0	0	inf
SRX3288566	TFs and others	NANOG	Pluripotent stem cell	hESC H9	29255	313/2624	0/1	0	0	inf
SRX3288567	TFs and others	NANOG	Pluripotent stem cell	hESC H9	18784	88/2624	0/1	0	0	inf
SRX3288568	TFs and others	KLF4	Pluripotent stem cell	hESC H9	976	10/2624	0/1	0	0	inf
SRX3288569	TFs and others	KLF4	Pluripotent stem cell	hESC H9	1607	15/2624	0/1	0	0	inf
SRX3288570	TFs and others	POU5F1	Pluripotent stem cell	hESC H9	6264	12/2624	0/1	0	0	inf
SRX3288571	TFs and others	POU5F1	Pluripotent stem cell	hESC H9	4030	9/2624	0/1	0	0	inf
SRX3288572	TFs and others	RNF2	Pluripotent stem cell	hESC H9	5969	133/2624	0/1	0	0	inf
SRX3288573	TFs and others	RNF2	Pluripotent stem cell	hESC H9	4159	139/2624	0/1	0	0	inf
SRX3288574	TFs and others	FOS	Pluripotent stem cell	hESC H9	218	1/2624	0/1	0	0	inf
SRX3288575	TFs and others	FOS	Pluripotent stem cell	hESC H9	165	1/2624	0/1	0	0	inf
SRX3288576	TFs and others	SMARCA4	Pluripotent stem cell	hESC H9	101	1/2624	0/1	0	0	inf
SRX3288577	TFs and others	SMARCA4	Pluripotent stem cell	hESC H9	272	1/2624	0/1	0	0	inf
SRX3288578	TFs and others	HSF1	Pluripotent stem cell	hESC H9	157	4/2624	0/1	0	0	inf
SRX3288579	TFs and others	HSF1	Pluripotent stem cell	hESC H9	1553	36/2624	0/1	0	0	inf
SRX3288580	TFs and others	HSF1	Pluripotent stem cell	hESC H9	321	1/2624	0/1	0	0	inf
SRX3288583	TFs and others	NIPBL	Pluripotent stem cell	hESC H9	906	18/2624	0/1	0	0	inf
SRX3288584	TFs and others	NIPBL	Pluripotent stem cell	hESC H9	858	9/2624	0/1	0	0	inf
SRX3288585	TFs and others	CTCF	Pluripotent stem cell	hESC H9	51588	426/2624	0/1	0	0	inf
SRX3288586	TFs and others	CTCF	Pluripotent stem cell	hESC H9	55332	457/2624	0/1	0	0	inf
SRX3288587	TFs and others	RAD21	Pluripotent stem cell	hESC H9	46123	302/2624	0/1	0	0	inf
SRX3288588	TFs and others	RAD21	Pluripotent stem cell	hESC H9	49090	353/2624	0/1	0	0	inf
SRX3288977	TFs and others	IRF3	Lung	Bronchial tracheal epithelial cells	36	1/2624	0/1	0	0	inf
SRX3288978	TFs and others	IRF3	Lung	Bronchial tracheal epithelial cells	55	1/2624	0/1	0	0	inf
SRX3288979	TFs and others	IRF3	Lung	Bronchial tracheal epithelial cells	133	1/2624	0/1	0	0	inf
SRX3288980	TFs and others	IRF3	Lung	Bronchial tracheal epithelial cells	72	1/2624	0/1	0	0	inf
SRX3288981	TFs and others	IRF3	Lung	Bronchial tracheal epithelial cells	106	1/2624	0/1	0	0	inf
SRX329001	TFs and others	Epitope tags	Breast	T-47D	364	1/2624	0/1	0	0	inf
SRX329081	TFs and others	BCL10	Lung	IMR-90	878	1/2624	0/1	0	0	inf
SRX329082	TFs and others	BCL10	Lung	IMR-90	946	1/2624	0/1	0	0	inf
SRX329083	TFs and others	BCL10	Lung	IMR-90	939	1/2624	0/1	0	0	inf
SRX329084	TFs and others	BCL10	Lung	IMR-90	1064	1/2624	0/1	0	0	inf
SRX329085	TFs and others	BCL10	Lung	IMR-90	1114	1/2624	0/1	0	0	inf
SRX329086	TFs and others	BCL10	Lung	IMR-90	1145	2/2624	0/1	0	0	inf
SRX3292068	TFs and others	GATA3	Pluripotent stem cell	hESC derived trophoblast cells	19784	26/2624	0/1	0	0	inf
SRX3292069	TFs and others	GATA3	Pluripotent stem cell	hESC derived trophoblast cells	5821	4/2624	0/1	0	0	inf
SRX3292070	TFs and others	GATA3	Pluripotent stem cell	hESC derived trophoblast cells	2963	4/2624	0/1	0	0	inf
SRX3292071	TFs and others	GATA2	Pluripotent stem cell	hESC derived trophoblast cells	393	1/2624	0/1	0	0	inf
SRX3292072	TFs and others	GATA2	Pluripotent stem cell	hESC derived trophoblast cells	1105	3/2624	0/1	0	0	inf
SRX3292073	TFs and others	GATA2	Pluripotent stem cell	hESC derived trophoblast cells	2057	5/2624	0/1	0	0	inf
SRX3292074	TFs and others	TFAP2A	Pluripotent stem cell	hESC derived trophoblast cells	272	1/2624	0/1	0	0	inf
SRX3292075	TFs and others	TFAP2A	Pluripotent stem cell	hESC derived trophoblast cells	3109	80/2624	0/1	0	0	inf
SRX3292076	TFs and others	TFAP2A	Pluripotent stem cell	hESC derived trophoblast cells	8057	63/2624	0/1	0	0	inf
SRX3292077	TFs and others	TFAP2C	Pluripotent stem cell	hESC derived trophoblast cells	241	1/2624	0/1	0	0	inf
SRX3292078	TFs and others	TFAP2C	Pluripotent stem cell	hESC derived trophoblast cells	15	1/2624	0/1	0	0	inf
SRX3292079	TFs and others	TFAP2C	Pluripotent stem cell	hESC derived trophoblast cells	1752	10/2624	0/1	0	0	inf
SRX330067	TFs and others	ESR1	Breast	MCF-7	28519	170/2624	0/1	0	0	inf
SRX330068	TFs and others	ESR1	Breast	MCF-7	17594	124/2624	0/1	0	0	inf
SRX330069	TFs and others	ESR1	Breast	MCF-7	22070	186/2624	0/1	0	0	inf
SRX330070	TFs and others	ESR1	Breast	MCF-7	19588	190/2624	0/1	0	0	inf
SRX330071	TFs and others	Epitope tags	Breast	MCF-7	134	1/2624	0/1	0	0	inf
SRX330072	TFs and others	Epitope tags	Breast	MCF-7	735	7/2624	0/1	0	0	inf
SRX330107	TFs and others	SOX2	Neural	ReN-VM	1841	5/2624	0/1	0	0	inf
SRX330108	TFs and others	SOX2	Neural	ReN-VM	975	1/2624	0/1	0	0	inf
SRX3312884	TFs and others	BRD4	Blood	HAP1	732	1/2624	0/1	0	0	inf
SRX3312885	TFs and others	BRD4	Blood	HAP1	784	1/2624	0/1	0	0	inf
SRX3312886	TFs and others	BRD4	Blood	HAP1	803	1/2624	0/1	0	0	inf
SRX3312887	TFs and others	BRD4	Blood	HAP1	632	1/2624	0/1	0	0	inf
SRX3312896	TFs and others	MTHFD1	Blood	HAP1	563	1/2624	0/1	0	0	inf
SRX3312897	TFs and others	MTHFD1	Blood	HAP1	506	1/2624	0/1	0	0	inf
SRX3312898	TFs and others	MTHFD1	Blood	HAP1	619	1/2624	0/1	0	0	inf
SRX3312899	TFs and others	MTHFD1	Blood	HAP1	582	1/2624	0/1	0	0	inf
SRX3312985	TFs and others	PADI2	Breast	T-47D	346	1/2624	0/1	0	0	inf
SRX3312986	TFs and others	PADI2	Breast	T-47D	677	1/2624	0/1	0	0	inf
SRX331853	TFs and others	REST	Blood	CD4+ T cells	2313	36/2624	0/1	0	0	inf
SRX3324957	TFs and others	CREBBP	Lung	IMR-90	798	9/2624	0/1	0	0	inf
SRX3324958	TFs and others	CREBBP	Lung	IMR-90	4933	76/2624	0/1	0	0	inf
SRX3324959	TFs and others	CREBBP	Lung	IMR-90	1397	23/2624	0/1	0	0	inf
SRX3324960	TFs and others	CREBBP	Lung	IMR-90	915	15/2624	0/1	0	0	inf
SRX3324961	TFs and others	EP300	Lung	IMR-90	805	3/2624	0/1	0	0	inf
SRX3324962	TFs and others	EP300	Lung	IMR-90	5575	19/2624	0/1	0	0	inf
SRX3324963	TFs and others	EP300	Lung	IMR-90	797	4/2624	0/1	0	0	inf
SRX3324964	TFs and others	EP300	Lung	IMR-90	1411	18/2624	0/1	0	0	inf
SRX3330448	TFs and others	Epitope tags	Epidermis	Foreskin	89	1/2624	0/1	0	0	inf
SRX3330449	TFs and others	Epitope tags	Epidermis	Foreskin	60	1/2624	0/1	0	0	inf
SRX3337441	TFs and others	KDM1A	Kidney	293	1118	5/2624	0/1	0	0	inf
SRX3337442	TFs and others	KDM1A	Kidney	293	1277	3/2624	0/1	0	0	inf
SRX3337443	TFs and others	KDM1A	Kidney	293	617	3/2624	0/1	0	0	inf
SRX3337444	TFs and others	KDM1A	Kidney	293	839	1/2624	0/1	0	0	inf
SRX3337445	TFs and others	KDM1A	Kidney	293	1035	1/2624	0/1	0	0	inf
SRX3337446	TFs and others	KDM1A	Kidney	293	862	1/2624	0/1	0	0	inf
SRX3337447	TFs and others	KDM1A	Kidney	293	865	1/2624	0/1	0	0	inf
SRX3337448	TFs and others	KDM1A	Kidney	293	698	1/2624	0/1	0	0	inf
SRX3342252	TFs and others	HIF1A	Prostate	PC-3	935	69/2624	0/1	0	0	inf
SRX3342253	TFs and others	ONECUT2	Prostate	LNCAP	9518	1/2624	0/1	0	0	inf
SRX3342254	TFs and others	ONECUT2	Prostate	LNCAP	9011	23/2624	0/1	0	0	inf
SRX334236	TFs and others	AR	Unclassified	Unclassified	5664	8/2624	0/1	0	0	inf
SRX334237	TFs and others	AR	Unclassified	Unclassified	2988	4/2624	0/1	0	0	inf
SRX334240	TFs and others	AR	Unclassified	Unclassified	622	1/2624	0/1	0	0	inf
SRX334241	TFs and others	AR	Unclassified	Unclassified	603	1/2624	0/1	0	0	inf
SRX334244	TFs and others	AR	Unclassified	Unclassified	9678	10/2624	0/1	0	0	inf
SRX334245	TFs and others	AR	Unclassified	Unclassified	1629	3/2624	0/1	0	0	inf
SRX334248	TFs and others	AR	Unclassified	Unclassified	248	1/2624	0/1	0	0	inf
SRX334249	TFs and others	AR	Unclassified	Unclassified	226	1/2624	0/1	0	0	inf
SRX334252	TFs and others	AR	Unclassified	Unclassified	7586	8/2624	0/1	0	0	inf
SRX334253	TFs and others	AR	Unclassified	Unclassified	3049	4/2624	0/1	0	0	inf
SRX334254	TFs and others	E2F1	Unclassified	Unclassified	1425	340/2624	0/1	0	0	inf
SRX334255	TFs and others	E2F1	Unclassified	Unclassified	1331	330/2624	0/1	0	0	inf
SRX334256	TFs and others	AR	Unclassified	Unclassified	2518	1/2624	0/1	0	0	inf
SRX334257	TFs and others	AR	Unclassified	Unclassified	731	1/2624	0/1	0	0	inf
SRX334258	TFs and others	E2F1	Unclassified	Unclassified	1213	252/2624	0/1	0	0	inf
SRX334259	TFs and others	E2F1	Unclassified	Unclassified	2426	455/2624	0/1	0	0	inf
SRX334260	TFs and others	AR	Unclassified	Unclassified	5958	5/2624	0/1	0	0	inf
SRX334261	TFs and others	AR	Unclassified	Unclassified	5153	4/2624	0/1	0	0	inf
SRX334264	TFs and others	AR	Unclassified	Unclassified	1022	1/2624	0/1	0	0	inf
SRX334265	TFs and others	E2F1	Unclassified	Unclassified	3225	512/2624	0/1	0	0	inf
SRX334266	TFs and others	E2F1	Unclassified	Unclassified	848	187/2624	0/1	0	0	inf
SRX3345943	TFs and others	EGR1	Blood	HL-60	4803	294/2624	0/1	0	0	inf
SRX3345944	TFs and others	EGR1	Blood	HL-60	5726	331/2624	0/1	0	0	inf
SRX3345949	TFs and others	CPSF3L	Blood	HL-60	5216	728/2624	0/1	0	0	inf
SRX3345952	TFs and others	CPSF3L	Blood	HL-60	6676	901/2624	0/1	0	0	inf
SRX3345957	TFs and others	INTS13	Blood	HL-60	3785	506/2624	0/1	0	0	inf
SRX3345958	TFs and others	INTS13	Blood	HL-60	7165	724/2624	0/1	0	0	inf
SRX3345959	TFs and others	NAB2	Blood	HL-60	601	2/2624	0/1	0	0	inf
SRX3345960	TFs and others	NAB2	Blood	HL-60	1151	64/2624	0/1	0	0	inf
SRX3345973	TFs and others	INTS13	Blood	Monocytes	2835	146/2624	0/1	0	0	inf
SRX3346350	TFs and others	EPAS1	Kidney	786-O	276	5/2624	0/1	0	0	inf
SRX3346352	TFs and others	RELA	Kidney	786-O	2362	152/2624	0/1	0	0	inf
SRX3346353	TFs and others	RELA	Kidney	786-O	211	7/2624	0/1	0	0	inf
SRX3346354	TFs and others	EPAS1	Kidney	786-O	544	19/2624	0/1	0	0	inf
SRX3346356	TFs and others	RELA	Kidney	786-O	484	1/2624	0/1	0	0	inf
SRX3346357	TFs and others	RELA	Kidney	786-O	262	1/2624	0/1	0	0	inf
SRX335070	TFs and others	NFATC1	Cardiovascular	HUVEC	5233	929/2624	0/1	0	0	inf
SRX335071	TFs and others	NFATC1	Cardiovascular	HUVEC	6248	1018/2624	0/1	0	0	inf
SRX3366953	TFs and others	FOXA1	Prostate	LNCAP	3299	19/2624	0/1	0	0	inf
SRX3366954	TFs and others	FOXA1	Prostate	LNCAP	13889	62/2624	0/1	0	0	inf
SRX3366955	TFs and others	FOXA1	Prostate	LNCAP	8054	47/2624	0/1	0	0	inf
SRX3366956	TFs and others	HOXB13	Prostate	LNCAP	5285	11/2624	0/1	0	0	inf
SRX3366957	TFs and others	HOXB13	Prostate	LNCAP	2994	2/2624	0/1	0	0	inf
SRX3366958	TFs and others	HOXB13	Prostate	LNCAP	15466	14/2624	0/1	0	0	inf
SRX3366971	TFs and others	AR	Prostate	LNCAP	965	3/2624	0/1	0	0	inf
SRX3366972	TFs and others	AR	Prostate	LNCAP	784	1/2624	0/1	0	0	inf
SRX3366973	TFs and others	AR	Prostate	LNCAP	782	2/2624	0/1	0	0	inf
SRX3366974	TFs and others	AR	Prostate	LNCAP	1508	20/2624	0/1	0	0	inf
SRX3366975	TFs and others	AR	Prostate	LNCAP	796	3/2624	0/1	0	0	inf
SRX3366976	TFs and others	AR	Prostate	LNCAP	716	5/2624	0/1	0	0	inf
SRX3366983	TFs and others	AR	Prostate	LNCAP	521	1/2624	0/1	0	0	inf
SRX3366984	TFs and others	AR	Prostate	LNCAP	3757	2/2624	0/1	0	0	inf
SRX3366987	TFs and others	AR	Prostate	LNCAP	1084	1/2624	0/1	0	0	inf
SRX3366988	TFs and others	AR	Prostate	LNCAP	6000	7/2624	0/1	0	0	inf
SRX3366989	TFs and others	AR	Prostate	LNCAP	942	1/2624	0/1	0	0	inf
SRX3366990	TFs and others	AR	Prostate	LNCAP	6631	10/2624	0/1	0	0	inf
SRX3366995	TFs and others	AR	Prostate	LNCAP	2740	5/2624	0/1	0	0	inf
SRX3366996	TFs and others	AR	Prostate	LNCAP	28947	27/2624	0/1	0	0	inf
SRX3366999	TFs and others	AR	Prostate	LNCAP	1753	37/2624	0/1	0	0	inf
SRX3367000	TFs and others	AR	Prostate	LNCAP	3082	38/2624	0/1	0	0	inf
SRX3367003	TFs and others	AR	Prostate	LNCAP	4135	1/2624	0/1	0	0	inf
SRX3367004	TFs and others	AR	Prostate	LNCAP	28920	33/2624	0/1	0	0	inf
SRX3367070	TFs and others	SOX2	Digestive tract	TE-5	308	1/2624	0/1	0	0	inf
SRX3367071	TFs and others	TP63	Digestive tract	TE-5	480	1/2624	0/1	0	0	inf
SRX3367137	TFs and others	BRD2	Epidermis	Foreskin	3697	158/2624	0/1	0	0	inf
SRX3367138	TFs and others	BRD4	Epidermis	Foreskin	2700	3/2624	0/1	0	0	inf
SRX3367140	TFs and others	CTCF	Epidermis	SK-MEL-147	29639	421/2624	0/1	0	0	inf
SRX3367141	TFs and others	FOSL2	Epidermis	SK-MEL-147	39118	564/2624	0/1	0	0	inf
SRX3367142	TFs and others	TEAD4	Epidermis	SK-MEL-147	13902	266/2624	0/1	0	0	inf
SRX3372012	TFs and others	FOXF1	Digestive tract	GIST48	5052	45/2624	0/1	0	0	inf
SRX3372014	TFs and others	ETV1	Digestive tract	GIST-T1	11647	443/2624	0/1	0	0	inf
SRX3372016	TFs and others	FOXF1	Digestive tract	GIST-T1	5637	31/2624	0/1	0	0	inf
SRX3372018	TFs and others	ETV1	Prostate	MDA PCa 2b	8029	518/2624	0/1	0	0	inf
SRX3372020	TFs and others	ETV1	Digestive tract	GIST48	4963	184/2624	0/1	0	0	inf
SRX3372021	TFs and others	FOXF1	Digestive tract	GIST48	2810	16/2624	0/1	0	0	inf
SRX3372025	TFs and others	ETV1	Digestive tract	GIST48	809	1/2624	0/1	0	0	inf
SRX3372026	TFs and others	FOXF1	Digestive tract	GIST48	7749	33/2624	0/1	0	0	inf
SRX3372030	TFs and others	ETV1	Digestive tract	GIST48	896	5/2624	0/1	0	0	inf
SRX3372031	TFs and others	FOXF1	Digestive tract	GIST48	636	1/2624	0/1	0	0	inf
SRX3387555	TFs and others	STAT3	Blood	TMD8	752	5/2624	0/1	0	0	inf
SRX3387556	TFs and others	STAT3	Blood	TMD8	678	1/2624	0/1	0	0	inf
SRX3387557	TFs and others	STAT3	Blood	OCI-LY-10	641	3/2624	0/1	0	0	inf
SRX3387558	TFs and others	STAT3	Blood	OCI-LY-10	658	1/2624	0/1	0	0	inf
SRX338782	TFs and others	PPARG	Cardiovascular	HUVEC	487	2/2624	0/1	0	0	inf
SRX338783	TFs and others	PPARG	Cardiovascular	HUVEC	248	1/2624	0/1	0	0	inf
SRX338784	TFs and others	PPARG	Cardiovascular	HUVEC	629	3/2624	0/1	0	0	inf
SRX338785	TFs and others	PPARG	Cardiovascular	HUVEC	598	2/2624	0/1	0	0	inf
SRX338978	TFs and others	ERCC6	Others	Fibroblasts	1013	1/2624	0/1	0	0	inf
SRX338979	TFs and others	ERCC6	Others	Fibroblasts	718	3/2624	0/1	0	0	inf
SRX3392333	TFs and others	ZEB1	Lung	NCI-H1975	1369	52/2624	0/1	0	0	inf
SRX3392334	TFs and others	ZEB1	Lung	NCI-H1975	381	5/2624	0/1	0	0	inf
SRX3394271	TFs and others	FOXA2	Digestive tract	SW 480	2983	1/2624	0/1	0	0	inf
SRX3394277	TFs and others	FOXA2	Digestive tract	SW 620	3259	66/2624	0/1	0	0	inf
SRX3394523	TFs and others	FLI1	Bone	A-673	28773	426/2624	0/1	0	0	inf
SRX3394524	TFs and others	FLI1	Bone	A-673	27129	419/2624	0/1	0	0	inf
SRX3394525	TFs and others	FLI1	Bone	A-673	28937	439/2624	0/1	0	0	inf
SRX3394532	TFs and others	FLI1	Bone	A-673	11049	168/2624	0/1	0	0	inf
SRX3394533	TFs and others	FLI1	Bone	A-673	11166	187/2624	0/1	0	0	inf
SRX3394534	TFs and others	FLI1	Bone	A-673	12648	235/2624	0/1	0	0	inf
SRX3395151	TFs and others	PDX1	Pluripotent stem cell	iPS derived pancreatic cells	4636	60/2624	0/1	0	0	inf
SRX3395152	TFs and others	PDX1	Pluripotent stem cell	iPS derived pancreatic cells	3699	50/2624	0/1	0	0	inf
SRX3395153	TFs and others	PDX1	Pluripotent stem cell	iPS derived pancreatic cells	4144	61/2624	0/1	0	0	inf
SRX3395878	TFs and others	SIRT7	Blood	K-562	398	1/2624	0/1	0	0	inf
SRX339949	TFs and others	EZH2	Kidney	293	125	2/2624	0/1	0	0	inf
SRX3401272	TFs and others	TEAD1	Breast	MCF-7	23673	272/2624	0/1	0	0	inf
SRX3401273	TFs and others	TRPS1	Breast	MCF-7	14374	84/2624	0/1	0	0	inf
SRX3401274	TFs and others	YAP1	Breast	MCF-7	4488	30/2624	0/1	0	0	inf
SRX3401276	TFs and others	CTBP2	Breast	MCF-7	3208	21/2624	0/1	0	0	inf
SRX3401278	TFs and others	HDAC3	Breast	MCF-7	316	1/2624	0/1	0	0	inf
SRX3401279	TFs and others	CTBP2	Breast	MCF-7	599	3/2624	0/1	0	0	inf
SRX3401281	TFs and others	HDAC3	Breast	MCF-7	280	1/2624	0/1	0	0	inf
SRX3401283	TFs and others	TEAD1	Breast	T-47D	12012	207/2624	0/1	0	0	inf
SRX3401284	TFs and others	TRPS1	Breast	T-47D	3099	32/2624	0/1	0	0	inf
SRX3408659	TFs and others	CDK9	Neural	KELLY	446	3/2624	0/1	0	0	inf
SRX3408661	TFs and others	CDK9	Neural	KELLY	466	3/2624	0/1	0	0	inf
SRX3408800	TFs and others	CTCF	Blood	CD34 Hematopoietic stem cells	19505	314/2624	0/1	0	0	inf
SRX341010	TFs and others	MYOD1	Muscle	Myoblasts	16793	330/2624	0/1	0	0	inf
SRX341011	TFs and others	MYOD1	Muscle	Myotube	23090	272/2624	0/1	0	0	inf
SRX341012	TFs and others	MYOD1	Muscle	Rhabdomyosarcoma	20069	296/2624	0/1	0	0	inf
SRX3410378	TFs and others	RNF2	Breast	MDA-MB-231	875	18/2624	0/1	0	0	inf
SRX3410384	TFs and others	PCGF2	Breast	MDA-MB-231	2407	27/2624	0/1	0	0	inf
SRX3410386	TFs and others	BRD4	Breast	MDA-MB-231	5014	324/2624	0/1	0	0	inf
SRX3410396	TFs and others	RNF2	Breast	T-47D	2287	78/2624	0/1	0	0	inf
SRX3410402	TFs and others	PCGF2	Breast	T-47D	1993	82/2624	0/1	0	0	inf
SRX3410404	TFs and others	ESR1	Breast	T-47D	1202	6/2624	0/1	0	0	inf
SRX3413112	TFs and others	SIRT7	Blood	K-562	601	1/2624	0/1	0	0	inf
SRX3417626	TFs and others	VDR	Digestive tract	Colonic organoids	1306	14/2624	0/1	0	0	inf
SRX3417627	TFs and others	VDR	Digestive tract	Colonic organoids	681	2/2624	0/1	0	0	inf
SRX3417630	TFs and others	VDR	Digestive tract	Colonic organoids	621	1/2624	0/1	0	0	inf
SRX3417631	TFs and others	VDR	Digestive tract	Colonic organoids	714	2/2624	0/1	0	0	inf
SRX3417632	TFs and others	VDR	Digestive tract	Colonic organoids	629	1/2624	0/1	0	0	inf
SRX3417634	TFs and others	VDR	Digestive tract	Colonic organoids	735	2/2624	0/1	0	0	inf
SRX3421794	TFs and others	AR	Epidermis	Dermal fibroblast	642	1/2624	0/1	0	0	inf
SRX342209	TFs and others	BRD4	Kidney	293	237	1/2624	0/1	0	0	inf
SRX342211	TFs and others	BRD4	Kidney	293	229	1/2624	0/1	0	0	inf
SRX3422333	TFs and others	INSR	Liver	Hep G2	926	70/2624	0/1	0	0	inf
SRX3422334	TFs and others	INSR	Liver	Hep G2	1394	43/2624	0/1	0	0	inf
SRX3422339	TFs and others	INSR	Neural	SH-SY5Y	1099	51/2624	0/1	0	0	inf
SRX3422340	TFs and others	INSR	Neural	SH-SY5Y	512	3/2624	0/1	0	0	inf
SRX3422675	TFs and others	MYC	Kidney	293	481	13/2624	0/1	0	0	inf
SRX3422676	TFs and others	MYC	Kidney	293	495	13/2624	0/1	0	0	inf
SRX3422677	TFs and others	MYC	Kidney	293	480	7/2624	0/1	0	0	inf
SRX3422687	TFs and others	MYC	Kidney	293	737	25/2624	0/1	0	0	inf
SRX3422688	TFs and others	MYC	Kidney	293	540	6/2624	0/1	0	0	inf
SRX3422689	TFs and others	MYC	Kidney	293	1027	64/2624	0/1	0	0	inf
SRX3426554	TFs and others	SMARCA4	Liver	Hep G2	215	7/2624	0/1	0	0	inf
SRX3426555	TFs and others	SMARCA4	Liver	Hep G2	156	2/2624	0/1	0	0	inf
SRX3426556	TFs and others	SMARCA4	Liver	Hep G2	90	2/2624	0/1	0	0	inf
SRX3426557	TFs and others	SMARCA4	Liver	Hep G2	183	2/2624	0/1	0	0	inf
SRX3426558	TFs and others	SMARCA4	Liver	Hep G2	167	2/2624	0/1	0	0	inf
SRX3426559	TFs and others	SMARCA4	Liver	Hep G2	176	2/2624	0/1	0	0	inf
SRX3426560	TFs and others	SMARCA4	Liver	Hep G2	201	2/2624	0/1	0	0	inf
SRX3426561	TFs and others	SMARCA4	Liver	Hep G2	155	1/2624	0/1	0	0	inf
SRX3426562	TFs and others	SMARCA4	Liver	Hep G2	86	1/2624	0/1	0	0	inf
SRX3428652	TFs and others	ESR1	Breast	MCF-7	320	2/2624	0/1	0	0	inf
SRX3428653	TFs and others	ESR1	Breast	MCF-7	752	2/2624	0/1	0	0	inf
SRX3428654	TFs and others	ESR1	Breast	MCF-7	437	1/2624	0/1	0	0	inf
SRX3428655	TFs and others	ESR1	Breast	MCF-7	440	3/2624	0/1	0	0	inf
SRX3433957	TFs and others	CTCF	Neural	SH-SY5Y	38373	572/2624	0/1	0	0	inf
SRX3433959	TFs and others	CTCF	Neural	SK-N-AS	44420	637/2624	0/1	0	0	inf
SRX3433961	TFs and others	CTCF	Neural	NB69	53905	659/2624	0/1	0	0	inf
SRX3434290	TFs and others	SKI	Blood	HL-60	4102	99/2624	0/1	0	0	inf
SRX3434291	TFs and others	SKI	Blood	HL-60	4747	82/2624	0/1	0	0	inf
SRX3434294	TFs and others	RUNX1	Blood	HL-60	3774	34/2624	0/1	0	0	inf
SRX3434295	TFs and others	SKI	Blood	HL-60	606	1/2624	0/1	0	0	inf
SRX3434296	TFs and others	CEBPB	Blood	HL-60	6062	72/2624	0/1	0	0	inf
SRX3434298	TFs and others	SKI	Blood	HL-60	318	1/2624	0/1	0	0	inf
SRX3436328	TFs and others	NR3C1	Blood	SUP-B15	1812	1/2624	0/1	0	0	inf
SRX3436329	TFs and others	NR3C1	Blood	SUP-B15	10921	27/2624	0/1	0	0	inf
SRX3436561	TFs and others	SSRP1	Bone	HT-1080	1571	28/2624	0/1	0	0	inf
SRX3436562	TFs and others	SSRP1	Bone	HT-1080	891	10/2624	0/1	0	0	inf
SRX3436563	TFs and others	SSRP1	Bone	HT-1080	6314	14/2624	0/1	0	0	inf
SRX3436564	TFs and others	SSRP1	Bone	HT-1080	4201	6/2624	0/1	0	0	inf
SRX3436565	TFs and others	SSRP1	Bone	HT-1080	3048	8/2624	0/1	0	0	inf
SRX3436566	TFs and others	SSRP1	Bone	HT-1080	1085	2/2624	0/1	0	0	inf
SRX3436567	TFs and others	SSRP1	Bone	HT-1080	1797	3/2624	0/1	0	0	inf
SRX3437414	TFs and others	CTCF	Uterus	HeLa	29717	435/2624	0/1	0	0	inf
SRX3437415	TFs and others	CTCF	Uterus	HeLa	40883	520/2624	0/1	0	0	inf
SRX3437416	TFs and others	CTCF	Uterus	HeLa	41151	504/2624	0/1	0	0	inf
SRX3437418	TFs and others	CTCF	Uterus	HeLa	34963	467/2624	0/1	0	0	inf
SRX3437419	TFs and others	CTCF	Uterus	HeLa	39023	496/2624	0/1	0	0	inf
SRX3437420	TFs and others	CTCF	Uterus	HeLa	38435	489/2624	0/1	0	0	inf
SRX3437421	TFs and others	CTCF	Uterus	HeLa	41187	512/2624	0/1	0	0	inf
SRX3437422	TFs and others	CTCF	Uterus	HeLa	37762	502/2624	0/1	0	0	inf
SRX3437423	TFs and others	CTCF	Uterus	HeLa	358	2/2624	0/1	0	0	inf
SRX3437424	TFs and others	CTCF	Uterus	HeLa	993	4/2624	0/1	0	0	inf
SRX3437425	TFs and others	CTCF	Uterus	HeLa	316	1/2624	0/1	0	0	inf
SRX3437426	TFs and others	CTCF	Uterus	HeLa	334	1/2624	0/1	0	0	inf
SRX3437427	TFs and others	CTCF	Uterus	HeLa	565	2/2624	0/1	0	0	inf
SRX3437428	TFs and others	CTCF	Uterus	HeLa	1012	3/2624	0/1	0	0	inf
SRX3437429	TFs and others	CTCF	Uterus	HeLa	353	1/2624	0/1	0	0	inf
SRX3437459	TFs and others	NRF1	Uterus	HeLa	574	97/2624	0/1	0	0	inf
SRX3437460	TFs and others	NRF1	Uterus	HeLa	888	153/2624	0/1	0	0	inf
SRX3437461	TFs and others	NRF1	Uterus	HeLa	2189	361/2624	0/1	0	0	inf
SRX3437462	TFs and others	NRF1	Uterus	HeLa	1438	206/2624	0/1	0	0	inf
SRX3437463	TFs and others	NRF1	Uterus	HeLa	1058	181/2624	0/1	0	0	inf
SRX3437465	TFs and others	NRF1	Uterus	HeLa	13	1/2624	0/1	0	0	inf
SRX3437466	TFs and others	NRF1	Uterus	HeLa	52	1/2624	0/1	0	0	inf
SRX3437467	TFs and others	NRF1	Uterus	HeLa	42	1/2624	0/1	0	0	inf
SRX3437468	TFs and others	NRF1	Uterus	HeLa	32	1/2624	0/1	0	0	inf
SRX3437485	TFs and others	Epitope tags	Uterus	HeLa	113	2/2624	0/1	0	0	inf
SRX3437486	TFs and others	Epitope tags	Uterus	HeLa	264	2/2624	0/1	0	0	inf
SRX3441731	TFs and others	GATA2	Pluripotent stem cell	iPS cells	339	1/2624	0/1	0	0	inf
SRX3441733	TFs and others	GATA2	Pluripotent stem cell	iPS cells	565	1/2624	0/1	0	0	inf
SRX3441734	TFs and others	GATA2	Pluripotent stem cell	iPS derived cells	431	9/2624	0/1	0	0	inf
SRX3441735	TFs and others	GATA2	Pluripotent stem cell	iPS derived cells	244	3/2624	0/1	0	0	inf
SRX3445666	TFs and others	GATA1	Blood	K-562	10225	59/2624	0/1	0	0	inf
SRX3445667	TFs and others	GATA1	Blood	K-562	4025	24/2624	0/1	0	0	inf
SRX3445668	TFs and others	TAL1	Blood	K-562	12049	33/2624	0/1	0	0	inf
SRX3445669	TFs and others	TAL1	Blood	K-562	10510	25/2624	0/1	0	0	inf
SRX3445674	TFs and others	GATA1	Blood	K-562	2706	17/2624	0/1	0	0	inf
SRX3445675	TFs and others	GATA1	Blood	K-562	1926	11/2624	0/1	0	0	inf
SRX3445676	TFs and others	TAL1	Blood	K-562	11293	25/2624	0/1	0	0	inf
SRX3445677	TFs and others	TAL1	Blood	K-562	9187	21/2624	0/1	0	0	inf
SRX3445682	TFs and others	GATA1	Blood	K-562	4575	20/2624	0/1	0	0	inf
SRX3445683	TFs and others	GATA1	Blood	K-562	1188	6/2624	0/1	0	0	inf
SRX3445684	TFs and others	TAL1	Blood	K-562	5519	13/2624	0/1	0	0	inf
SRX3445685	TFs and others	TAL1	Blood	K-562	7513	14/2624	0/1	0	0	inf
SRX3445722	TFs and others	ZNF341	Blood	B cells	1040	27/2624	0/1	0	0	inf
SRX3445723	TFs and others	ZNF341	Blood	B cells	815	18/2624	0/1	0	0	inf
SRX3445797	TFs and others	INO80	Liver	Hep G2	154	7/2624	0/1	0	0	inf
SRX3445798	TFs and others	INO80	Liver	Hep G2	162	6/2624	0/1	0	0	inf
SRX3445802	TFs and others	MCRS1	Liver	Hep G2	442	34/2624	0/1	0	0	inf
SRX3445803	TFs and others	MCRS1	Liver	Hep G2	262	13/2624	0/1	0	0	inf
SRX3445804	TFs and others	RUVBL1	Liver	Hep G2	215	2/2624	0/1	0	0	inf
SRX3445805	TFs and others	RUVBL1	Liver	Hep G2	246	2/2624	0/1	0	0	inf
SRX3445806	TFs and others	RUVBL2	Liver	Hep G2	238	1/2624	0/1	0	0	inf
SRX3445807	TFs and others	RUVBL2	Liver	Hep G2	243	1/2624	0/1	0	0	inf
SRX3447351	TFs and others	ESR1	Breast	MCF-7	51721	573/2624	0/1	0	0	inf
SRX3447352	TFs and others	ESR1	Breast	MCF-7	54390	602/2624	0/1	0	0	inf
SRX3447353	TFs and others	ESR1	Breast	MCF-7	358	1/2624	0/1	0	0	inf
SRX3447354	TFs and others	ESR1	Breast	MCF-7	53177	560/2624	0/1	0	0	inf
SRX3447355	TFs and others	ESR1	Breast	MCF-7	35820	353/2624	0/1	0	0	inf
SRX3447356	TFs and others	ESR1	Breast	MCF-7	56063	597/2624	0/1	0	0	inf
SRX3447357	TFs and others	ESR1	Breast	MCF-7	53425	568/2624	0/1	0	0	inf
SRX3447358	TFs and others	ESR1	Breast	MCF-7	329	1/2624	0/1	0	0	inf
SRX3447359	TFs and others	ESR1	Breast	MCF-7	60992	611/2624	0/1	0	0	inf
SRX3447360	TFs and others	ESR1	Breast	MCF-7	58348	579/2624	0/1	0	0	inf
SRX3450326	TFs and others	RXRA	Others	JMSU1	1803	46/2624	0/1	0	0	inf
SRX3450327	TFs and others	RXRA	Others	JMSU1	2568	63/2624	0/1	0	0	inf
SRX3450328	TFs and others	RXRA	Others	JMSU1	2210	50/2624	0/1	0	0	inf
SRX3450329	TFs and others	RXRA	Others	JMSU1	1498	34/2624	0/1	0	0	inf
SRX3450330	TFs and others	RXRA	Others	JMSU1	847	25/2624	0/1	0	0	inf
SRX3450331	TFs and others	RXRA	Others	JMSU1	3944	124/2624	0/1	0	0	inf
SRX3452542	TFs and others	EZH2	Prostate	LNCAP	46	2/2624	0/1	0	0	inf
SRX3452545	TFs and others	EZH2	Prostate	LNCAP	1264	14/2624	0/1	0	0	inf
SRX3452546	TFs and others	EZH2	Prostate	LNCAP	368	2/2624	0/1	0	0	inf
SRX3460916	TFs and others	IKZF3	Blood	Pre-B cells	12917	666/2624	0/1	0	0	inf
SRX3460917	TFs and others	IKZF1	Blood	Pre-B cells	31964	981/2624	0/1	0	0	inf
SRX3460918	TFs and others	MTA2	Blood	Pre-B cells	9676	581/2624	0/1	0	0	inf
SRX3460919	TFs and others	CHD4	Blood	Pre-B cells	479	5/2624	0/1	0	0	inf
SRX3460920	TFs and others	POU2AF1	Blood	Pre-B cells	1259	32/2624	0/1	0	0	inf
SRX3460921	TFs and others	POU2F2	Blood	Pre-B cells	1752	11/2624	0/1	0	0	inf
SRX3461644	TFs and others	BCL6	Blood	OCI-LY1	14476	365/2624	0/1	0	0	inf
SRX3461645	TFs and others	BCL6	Blood	OCI-LY1	3553	108/2624	0/1	0	0	inf
SRX3461646	TFs and others	KDM1A	Blood	OCI-LY1	2328	97/2624	0/1	0	0	inf
SRX3461647	TFs and others	KDM1A	Blood	OCI-LY1	970	17/2624	0/1	0	0	inf
SRX3468006	TFs and others	SS18	Others	Aska	1034	22/2624	0/1	0	0	inf
SRX3468007	TFs and others	SS18	Others	Aska	394	9/2624	0/1	0	0	inf
SRX3468008	TFs and others	SMARCC1	Others	Aska	7760	832/2624	0/1	0	0	inf
SRX3468009	TFs and others	SMARCC1	Others	Aska	1015	43/2624	0/1	0	0	inf
SRX3468010	TFs and others	SMARCA4	Others	Aska	686	32/2624	0/1	0	0	inf
SRX3468011	TFs and others	SMARCA4	Others	Aska	481	11/2624	0/1	0	0	inf
SRX3468012	TFs and others	ARID2	Others	Aska	3062	317/2624	0/1	0	0	inf
SRX3468013	TFs and others	ARID2	Others	Aska	1336	93/2624	0/1	0	0	inf
SRX3468022	TFs and others	SUZ12	Others	Aska	882	59/2624	0/1	0	0	inf
SRX3468023	TFs and others	SUZ12	Others	Aska	1749	27/2624	0/1	0	0	inf
SRX3468026	TFs and others	SS18	Others	Aska	2700	110/2624	0/1	0	0	inf
SRX3468027	TFs and others	SS18	Others	Aska	863	26/2624	0/1	0	0	inf
SRX3468032	TFs and others	SS18	Muscle	SYO1	760	15/2624	0/1	0	0	inf
SRX3468033	TFs and others	SS18	Muscle	SYO1	3428	45/2624	0/1	0	0	inf
SRX3468034	TFs and others	SMARCC1	Muscle	SYO1	873	8/2624	0/1	0	0	inf
SRX3468035	TFs and others	SMARCA4	Muscle	SYO1	260	2/2624	0/1	0	0	inf
SRX3468041	TFs and others	SMARCC1	Others	HSSY2	819	25/2624	0/1	0	0	inf
SRX3468042	TFs and others	SMARCA4	Others	HSSY2	283	4/2624	0/1	0	0	inf
SRX3468047	TFs and others	SS18	Others	Fibroblasts	47348	653/2624	0/1	0	0	inf
SRX3468050	TFs and others	Epitope tags	Others	Fibroblasts	6082	101/2624	0/1	0	0	inf
SRX3468051	TFs and others	Epitope tags	Others	Fibroblasts	1970	45/2624	0/1	0	0	inf
SRX3468052	TFs and others	SUZ12	Others	Fibroblasts	3060	33/2624	0/1	0	0	inf
SRX3468053	TFs and others	SUZ12	Others	Fibroblasts	2227	36/2624	0/1	0	0	inf
SRX346921	TFs and others	MITF	Epidermis	Melanocytes	3761	239/2624	0/1	0	0	inf
SRX346922	TFs and others	MITF	Epidermis	Melanocytes	166	6/2624	0/1	0	0	inf
SRX346923	TFs and others	MITF	Digestive tract	COLO 829	316	8/2624	0/1	0	0	inf
SRX346924	TFs and others	MITF	Digestive tract	COLO 829	8666	386/2624	0/1	0	0	inf
SRX346929	TFs and others	PPARG	Cardiovascular	HUVEC	478	1/2624	0/1	0	0	inf
SRX346930	TFs and others	PPARG	Cardiovascular	HUVEC	464	1/2624	0/1	0	0	inf
SRX346931	TFs and others	PPARG	Cardiovascular	HUVEC	385	1/2624	0/1	0	0	inf
SRX346932	TFs and others	PPARG	Cardiovascular	HUVEC	403	1/2624	0/1	0	0	inf
SRX3472373	TFs and others	TP53BP1	Pluripotent stem cell	hESC H9	7476	1047/2624	0/1	0	0	inf
SRX3472374	TFs and others	TP53BP1	Pluripotent stem cell	hESC H9	1385	165/2624	0/1	0	0	inf
SRX3472376	TFs and others	TP53BP1	Pluripotent stem cell	hESC derived neural cells	1179	169/2624	0/1	0	0	inf
SRX3472377	TFs and others	TP53BP1	Pluripotent stem cell	hESC H9	1762	207/2624	0/1	0	0	inf
SRX3472378	TFs and others	TP53BP1	Pluripotent stem cell	hESC H9	3170	509/2624	0/1	0	0	inf
SRX3472379	TFs and others	TP53BP1	Pluripotent stem cell	hESC H9	5979	955/2624	0/1	0	0	inf
SRX3472380	TFs and others	TP53BP1	Pluripotent stem cell	hESC derived neural cells	3097	579/2624	0/1	0	0	inf
SRX3472381	TFs and others	KDM6A	Pluripotent stem cell	hESC H9	399	2/2624	0/1	0	0	inf
SRX3472382	TFs and others	KDM6A	Pluripotent stem cell	hESC H9	942	24/2624	0/1	0	0	inf
SRX3472383	TFs and others	KDM6A	Pluripotent stem cell	hESC H9	395	1/2624	0/1	0	0	inf
SRX3472384	TFs and others	KDM6A	Pluripotent stem cell	hESC H9	385	1/2624	0/1	0	0	inf
SRX3472385	TFs and others	KDM6A	Pluripotent stem cell	hESC H9	447	2/2624	0/1	0	0	inf
SRX3472386	TFs and others	KDM6A	Pluripotent stem cell	hESC derived neural cells	221	5/2624	0/1	0	0	inf
SRX3472387	TFs and others	KDM6A	Pluripotent stem cell	hESC H9	340	1/2624	0/1	0	0	inf
SRX347421	TFs and others	STAT3	Blood	OCI-LY-10	4160	548/2624	0/1	0	0	inf
SRX347422	TFs and others	STAT3	Blood	OCI-LY-19	2685	321/2624	0/1	0	0	inf
SRX347423	TFs and others	STAT3	Blood	OCI-LY-3	2114	88/2624	0/1	0	0	inf
SRX347424	TFs and others	STAT3	Blood	OCI-LY-7	6590	523/2624	0/1	0	0	inf
SRX347425	TFs and others	STAT3	Blood	SU-DHL-10	1221	51/2624	0/1	0	0	inf
SRX347426	TFs and others	STAT3	Blood	SU-DHL-2	4070	475/2624	0/1	0	0	inf
SRX347427	TFs and others	STAT3	Blood	SU-DHL-4	8356	725/2624	0/1	0	0	inf
SRX347428	TFs and others	STAT3	Blood	SU-DHL-6	13510	1249/2624	0/1	0	0	inf
SRX3474296	TFs and others	Epitope tags	Prostate	LNCAP	358	5/2624	0/1	0	0	inf
SRX3474297	TFs and others	Epitope tags	Prostate	LNCAP	542	8/2624	0/1	0	0	inf
SRX3474298	TFs and others	TRIM28	Prostate	LNCAP	2687	75/2624	0/1	0	0	inf
SRX3474299	TFs and others	TRIM28	Prostate	LNCAP	748	7/2624	0/1	0	0	inf
SRX347429	TFs and others	STAT3	Blood	U-2932	7306	455/2624	0/1	0	0	inf
SRX3474300	TFs and others	AR	Prostate	LNCAP	636	2/2624	0/1	0	0	inf
SRX3474301	TFs and others	AR	Prostate	LNCAP	619	1/2624	0/1	0	0	inf
SRX3474302	TFs and others	AR	Prostate	LNCAP	286	1/2624	0/1	0	0	inf
SRX3474528	TFs and others	HNF1A	Pancreas	NY8	411	1/2624	0/1	0	0	inf
SRX3474530	TFs and others	HNF1A	Pancreas	NY8	625	5/2624	0/1	0	0	inf
SRX3474532	TFs and others	HNF1A	Pancreas	NY15	451	2/2624	0/1	0	0	inf
SRX3474534	TFs and others	HNF1A	Pancreas	NY15	460	2/2624	0/1	0	0	inf
SRX3478024	TFs and others	CTCF	Uterus	HeLa	7013	212/2624	0/1	0	0	inf
SRX3478025	TFs and others	CTCF	Uterus	HeLa	19580	355/2624	0/1	0	0	inf
SRX3478026	TFs and others	CTCF	Uterus	HeLa	41104	567/2624	0/1	0	0	inf
SRX3478027	TFs and others	CTCF	Uterus	HeLa	36097	514/2624	0/1	0	0	inf
SRX3482872	TFs and others	CTCF	Pluripotent stem cell	hESC HUES64	7780	115/2624	0/1	0	0	inf
SRX3482873	TFs and others	CTCF	Pluripotent stem cell	hESC HUES64	12612	150/2624	0/1	0	0	inf
SRX3482874	TFs and others	RAD21	Pluripotent stem cell	hESC HUES64	46421	376/2624	0/1	0	0	inf
SRX3482875	TFs and others	RAD21	Pluripotent stem cell	hESC HUES64	61939	499/2624	0/1	0	0	inf
SRX3503584	TFs and others	GATA2	Uterus	Endometrial stromal cells	35622	327/2624	0/1	0	0	inf
SRX3506182	TFs and others	Pan-acetyllysine	Liver	Hep G2	2150	25/2624	0/1	0	0	inf
SRX3506183	TFs and others	Pan-acetyllysine	Liver	Hep G2	218	1/2624	0/1	0	0	inf
SRX3506185	TFs and others	Pan-acetyllysine	Liver	Hep G2	5307	119/2624	0/1	0	0	inf
SRX3506186	TFs and others	Pan-acetyllysine	Liver	Hep G2	3904	46/2624	0/1	0	0	inf
SRX3509022	TFs and others	TFAP2C	Pluripotent stem cell	hESC UCLA1	367	1/2624	0/1	0	0	inf
SRX3509023	TFs and others	TFAP2C	Pluripotent stem cell	hESC UCLA1	866	45/2624	0/1	0	0	inf
SRX3509024	TFs and others	TFAP2C	Pluripotent stem cell	hESC UCLA1	1399	78/2624	0/1	0	0	inf
SRX3509026	TFs and others	TFAP2C	Pluripotent stem cell	hESC UCLA1	275	1/2624	0/1	0	0	inf
SRX3509028	TFs and others	TFAP2C	Pluripotent stem cell	hESC UCLA1	5224	518/2624	0/1	0	0	inf
SRX3509030	TFs and others	TFAP2C	Pluripotent stem cell	hESC UCLA1	4137	472/2624	0/1	0	0	inf
SRX3511102	TFs and others	SMARCC1	Liver	Hep G2	17786	1288/2624	0/1	0	0	inf
SRX3511103	TFs and others	SATB1	Liver	Hep G2	989	110/2624	0/1	0	0	inf
SRX3511104	TFs and others	NFIC	Liver	Hep G2	5684	193/2624	0/1	0	0	inf
SRX3511931	TFs and others	TFAP2A	Pluripotent stem cell	iPS cells	16159	848/2624	0/1	0	0	inf
SRX3511932	TFs and others	TFAP2A	Pluripotent stem cell	iPS cells	12446	741/2624	0/1	0	0	inf
SRX3511937	TFs and others	TFAP2A	Pluripotent stem cell	iPS cells	16304	796/2624	0/1	0	0	inf
SRX3511938	TFs and others	TFAP2A	Pluripotent stem cell	iPS cells	19626	943/2624	0/1	0	0	inf
SRX351400	TFs and others	MYC	Bone	U2OS	1642	139/2624	0/1	0	0	inf
SRX351401	TFs and others	MYC	Bone	U2OS	502	31/2624	0/1	0	0	inf
SRX351402	TFs and others	ZBTB17	Bone	U2OS	3859	58/2624	0/1	0	0	inf
SRX351403	TFs and others	ZBTB17	Bone	U2OS	3730	76/2624	0/1	0	0	inf
SRX3517802	TFs and others	NR3C1	Lung	A549	253	1/2624	0/1	0	0	inf
SRX3517811	TFs and others	KDM1A	Lung	A549	483	1/2624	0/1	0	0	inf
SRX3517812	TFs and others	NR3C1	Lung	A549	4907	49/2624	0/1	0	0	inf
SRX3517821	TFs and others	KDM1A	Lung	A549	458	1/2624	0/1	0	0	inf
SRX3517822	TFs and others	NR3C1	Lung	A549	572	1/2624	0/1	0	0	inf
SRX3517828	TFs and others	NR3C1	Lung	A549	2941	15/2624	0/1	0	0	inf
SRX3520277	TFs and others	BrdU	Digestive tract	HCT 116	752	1/2624	0/1	0	0	inf
SRX3520279	TFs and others	DNA2	Digestive tract	HCT 116	870	1/2624	0/1	0	0	inf
SRX3520282	TFs and others	ATR	Digestive tract	HCT 116	575	1/2624	0/1	0	0	inf
SRX3520285	TFs and others	ATR	Digestive tract	HCT 116	703	1/2624	0/1	0	0	inf
SRX352046	TFs and others	ERCC6	Others	Fibroblasts	623	2/2624	0/1	0	0	inf
SRX3526593	TFs and others	ZFX	Prostate	PrEC	1493	95/2624	0/1	0	0	inf
SRX3536216	TFs and others	GFP	Breast	MDA-MB-231	50	1/2624	0/1	0	0	inf
SRX3536222	TFs and others	GFP	Breast	MDA-MB-231	55	1/2624	0/1	0	0	inf
SRX3536229	TFs and others	MEPCE	Uterus	HeLa	308	1/2624	0/1	0	0	inf
SRX353807	TFs and others	MYC	Blood	P493-6	369	1/2624	0/1	0	0	inf
SRX353808	TFs and others	MYC	Blood	P493-6	819	37/2624	0/1	0	0	inf
SRX353809	TFs and others	MYC	Blood	P493-6	10691	1001/2624	0/1	0	0	inf
SRX3540552	TFs and others	NRF1	Uterus	HeLa	321	6/2624	0/1	0	0	inf
SRX3540554	TFs and others	NRF1	Uterus	HeLa	397	8/2624	0/1	0	0	inf
SRX3540865	TFs and others	Epitope tags	Uterus	HeLa	98	4/2624	0/1	0	0	inf
SRX3540866	TFs and others	Epitope tags	Uterus	HeLa	147	16/2624	0/1	0	0	inf
SRX3540868	TFs and others	CTCF	Uterus	HeLa	58695	769/2624	0/1	0	0	inf
SRX3540870	TFs and others	CTCF	Uterus	HeLa	53081	752/2624	0/1	0	0	inf
SRX3541094	TFs and others	ESR1	Breast	MCF-7	1115	7/2624	0/1	0	0	inf
SRX3541095	TFs and others	ESR1	Breast	MCF-7	974	12/2624	0/1	0	0	inf
SRX3541096	TFs and others	ESR1	Breast	MCF-7	644	3/2624	0/1	0	0	inf
SRX3541097	TFs and others	ESR1	Breast	MCF-7	3508	37/2624	0/1	0	0	inf
SRX3541098	TFs and others	ESR1	Breast	MCF-7	1815	28/2624	0/1	0	0	inf
SRX3541099	TFs and others	ESR1	Breast	MCF-7	1397	14/2624	0/1	0	0	inf
SRX3541100	TFs and others	ESR1	Breast	MCF-7	7709	55/2624	0/1	0	0	inf
SRX3541101	TFs and others	ESR1	Breast	MCF-7	2884	24/2624	0/1	0	0	inf
SRX3541102	TFs and others	ESR1	Breast	MCF-7	6830	70/2624	0/1	0	0	inf
SRX3541103	TFs and others	ESR1	Breast	MCF-7	283	3/2624	0/1	0	0	inf
SRX3541104	TFs and others	ESR1	Breast	MCF-7	857	5/2624	0/1	0	0	inf
SRX3541105	TFs and others	ESR1	Breast	MCF-7	1691	13/2624	0/1	0	0	inf
SRX3541106	TFs and others	ESR1	Breast	MCF-7	811	4/2624	0/1	0	0	inf
SRX3541107	TFs and others	ESR1	Breast	MCF-7	1473	13/2624	0/1	0	0	inf
SRX3541108	TFs and others	ESR1	Breast	MCF-7	953	14/2624	0/1	0	0	inf
SRX3541109	TFs and others	ESR1	Breast	MCF-7	329	3/2624	0/1	0	0	inf
SRX3541110	TFs and others	ESR1	Breast	MCF-7	3460	33/2624	0/1	0	0	inf
SRX3541111	TFs and others	ESR1	Breast	MCF-7	2527	18/2624	0/1	0	0	inf
SRX3541112	TFs and others	SUMO2	Breast	MCF-7	853	6/2624	0/1	0	0	inf
SRX3541113	TFs and others	SUMO2	Breast	MCF-7	815	4/2624	0/1	0	0	inf
SRX3541114	TFs and others	SUMO2	Breast	MCF-7	794	4/2624	0/1	0	0	inf
SRX3541115	TFs and others	SUMO2	Breast	MCF-7	789	5/2624	0/1	0	0	inf
SRX3541116	TFs and others	SUMO2	Breast	MCF-7	688	4/2624	0/1	0	0	inf
SRX3541117	TFs and others	SUMO2	Breast	MCF-7	532	3/2624	0/1	0	0	inf
SRX3542259	TFs and others	PHOX2B	Neural	KELLY	27164	11/2624	0/1	0	0	inf
SRX3542260	TFs and others	TBX2	Neural	KELLY	5277	116/2624	0/1	0	0	inf
SRX3542504	TFs and others	SMARCA4	Lung	HS-SY-II	188	1/2624	0/1	0	0	inf
SRX3545872	TFs and others	SMARCC1	Blood	Bone marrow nuclear cells	547	1/2624	0/1	0	0	inf
SRX3545876	TFs and others	SMARCC1	Blood	Bone marrow nuclear cells	954	1/2624	0/1	0	0	inf
SRX3545880	TFs and others	SMARCC1	Blood	Bone marrow nuclear cells	282	1/2624	0/1	0	0	inf
SRX3545884	TFs and others	SMARCC1	Blood	Peripheral blood mononuclear cells	464	1/2624	0/1	0	0	inf
SRX3546793	TFs and others	Epitope tags	Breast	MDA-MB-231	65	1/2624	0/1	0	0	inf
SRX3546794	TFs and others	Epitope tags	Breast	MDA-MB-231	272	2/2624	0/1	0	0	inf
SRX3546795	TFs and others	Epitope tags	Breast	MDA-MB-231	160	1/2624	0/1	0	0	inf
SRX3546796	TFs and others	Epitope tags	Breast	MDA-MB-231	81	1/2624	0/1	0	0	inf
SRX3546797	TFs and others	Epitope tags	Breast	MDA-MB-231	6997	57/2624	0/1	0	0	inf
SRX3546798	TFs and others	Epitope tags	Breast	MDA-MB-231	4934	34/2624	0/1	0	0	inf
SRX3546799	TFs and others	Epitope tags	Breast	MDA-MB-231	302	3/2624	0/1	0	0	inf
SRX3546800	TFs and others	Epitope tags	Breast	MDA-MB-231	39	1/2624	0/1	0	0	inf
SRX3546801	TFs and others	Epitope tags	Breast	MDA-MB-231	3142	29/2624	0/1	0	0	inf
SRX3546802	TFs and others	Epitope tags	Breast	MDA-MB-231	816	7/2624	0/1	0	0	inf
SRX3546803	TFs and others	Epitope tags	Breast	MDA-MB-231	1022	10/2624	0/1	0	0	inf
SRX3546804	TFs and others	Epitope tags	Breast	MDA-MB-231	54	1/2624	0/1	0	0	inf
SRX3548667	TFs and others	SMARCA4	Lung	NCI-H1299	81	1/2624	0/1	0	0	inf
SRX3548668	TFs and others	SMARCA4	Lung	NCI-H1299	926	1/2624	0/1	0	0	inf
SRX3554400	TFs and others	ESR1	Breast	MDA-MB-134-VI	497	4/2624	0/1	0	0	inf
SRX3554401	TFs and others	ESR1	Breast	MDA-MB-134-VI	423	8/2624	0/1	0	0	inf
SRX3554402	TFs and others	ESR1	Breast	MDA-MB-134-VI	12418	110/2624	0/1	0	0	inf
SRX3554403	TFs and others	ESR1	Breast	MDA-MB-134-VI	17620	116/2624	0/1	0	0	inf
SRX3554404	TFs and others	ESR1	Breast	MDA-MB-134-VI	833	14/2624	0/1	0	0	inf
SRX3554405	TFs and others	ESR1	Breast	MDA-MB-134-VI	14055	155/2624	0/1	0	0	inf
SRX3554406	TFs and others	CREB1	Breast	MDA-MB-134-VI	447	16/2624	0/1	0	0	inf
SRX3554408	TFs and others	CREB1	Breast	MDA-MB-134-VI	648	6/2624	0/1	0	0	inf
SRX3554409	TFs and others	CREB1	Breast	MDA-MB-134-VI	825	31/2624	0/1	0	0	inf
SRX3554410	TFs and others	CREB1	Breast	MDA-MB-134-VI	2418	157/2624	0/1	0	0	inf
SRX3554411	TFs and others	CREB1	Breast	MDA-MB-134-VI	1127	62/2624	0/1	0	0	inf
SRX3554526	TFs and others	Epitope tags	Pluripotent stem cell	iPS derived hematopoietic cells	1220	1/2624	0/1	0	0	inf
SRX3554529	TFs and others	Epitope tags	Pluripotent stem cell	iPS derived hematopoietic cells	1001	1/2624	0/1	0	0	inf
SRX3554532	TFs and others	Epitope tags	Blood	Hematopoietic Stem Cells	559	1/2624	0/1	0	0	inf
SRX3554535	TFs and others	Epitope tags	Pluripotent stem cell	iPS derived hematopoietic cells	578	1/2624	0/1	0	0	inf
SRX355609	TFs and others	ESR1	Breast	MDA-MB-134-VI	1624	8/2624	0/1	0	0	inf
SRX355611	TFs and others	ESR1	Breast	MDA-MB-134-VI	827	2/2624	0/1	0	0	inf
SRX356437	TFs and others	CTCF	Blood	GM10847	31577	540/2624	0/1	0	0	inf
SRX356438	TFs and others	CTCF	Blood	GM10847	30506	413/2624	0/1	0	0	inf
SRX356439	TFs and others	CTCF	Blood	GM10847	711	9/2624	0/1	0	0	inf
SRX356453	TFs and others	STAG1	Blood	GM10847	23378	334/2624	0/1	0	0	inf
SRX356454	TFs and others	STAG1	Blood	GM10847	17123	248/2624	0/1	0	0	inf
SRX356455	TFs and others	CTCF	Blood	GM12878	43161	714/2624	0/1	0	0	inf
SRX356456	TFs and others	CTCF	Blood	GM12878	43261	803/2624	0/1	0	0	inf
SRX356479	TFs and others	STAG1	Blood	GM12878	35166	966/2624	0/1	0	0	inf
SRX356480	TFs and others	STAG1	Blood	GM12878	27017	357/2624	0/1	0	0	inf
SRX356481	TFs and others	STAG1	Blood	GM12878	34444	929/2624	0/1	0	0	inf
SRX356482	TFs and others	CTCF	Blood	Lymphoblastoid cell line	41000	697/2624	0/1	0	0	inf
SRX356483	TFs and others	CTCF	Blood	Lymphoblastoid cell line	43198	681/2624	0/1	0	0	inf
SRX356484	TFs and others	CTCF	Blood	Lymphoblastoid cell line	30530	533/2624	0/1	0	0	inf
SRX356499	TFs and others	STAG1	Blood	Lymphoblastoid cell line	24849	454/2624	0/1	0	0	inf
SRX356500	TFs and others	STAG1	Blood	Lymphoblastoid cell line	22165	459/2624	0/1	0	0	inf
SRX356501	TFs and others	CTCF	Blood	GM12891	44832	679/2624	0/1	0	0	inf
SRX356502	TFs and others	CTCF	Blood	GM12891	50094	815/2624	0/1	0	0	inf
SRX356521	TFs and others	STAG1	Blood	GM12891	37439	918/2624	0/1	0	0	inf
SRX356522	TFs and others	STAG1	Blood	GM12891	34044	832/2624	0/1	0	0	inf
SRX356523	TFs and others	CTCF	Blood	GM12892	42633	691/2624	0/1	0	0	inf
SRX356524	TFs and others	CTCF	Blood	GM12892	46907	762/2624	0/1	0	0	inf
SRX356543	TFs and others	STAG1	Blood	GM12892	34201	824/2624	0/1	0	0	inf
SRX356544	TFs and others	STAG1	Blood	GM12892	35015	871/2624	0/1	0	0	inf
SRX356545	TFs and others	CTCF	Blood	Lymphoblastoid cell line	43035	757/2624	0/1	0	0	inf
SRX356546	TFs and others	CTCF	Blood	Lymphoblastoid cell line	17361	364/2624	0/1	0	0	inf
SRX356547	TFs and others	CTCF	Blood	Lymphoblastoid cell line	30552	543/2624	0/1	0	0	inf
SRX356559	TFs and others	STAG1	Blood	Lymphoblastoid cell line	33391	954/2624	0/1	0	0	inf
SRX356560	TFs and others	STAG1	Blood	Lymphoblastoid cell line	26830	646/2624	0/1	0	0	inf
SRX356561	TFs and others	CTCF	Blood	GM18505	32627	512/2624	0/1	0	0	inf
SRX356562	TFs and others	CTCF	Blood	GM18505	29469	409/2624	0/1	0	0	inf
SRX356576	TFs and others	STAG1	Blood	GM18505	20257	237/2624	0/1	0	0	inf
SRX356577	TFs and others	STAG1	Blood	GM18505	19211	285/2624	0/1	0	0	inf
SRX356578	TFs and others	CTCF	Blood	GM18526	35876	587/2624	0/1	0	0	inf
SRX356579	TFs and others	CTCF	Blood	GM18526	29167	393/2624	0/1	0	0	inf
SRX356593	TFs and others	STAG1	Blood	GM18526	22021	288/2624	0/1	0	0	inf
SRX356594	TFs and others	STAG1	Blood	GM18526	21316	299/2624	0/1	0	0	inf
SRX356595	TFs and others	CTCF	Blood	GM18951	30614	464/2624	0/1	0	0	inf
SRX356596	TFs and others	CTCF	Blood	GM18951	30081	407/2624	0/1	0	0	inf
SRX356610	TFs and others	STAG1	Blood	GM18951	20460	235/2624	0/1	0	0	inf
SRX356611	TFs and others	STAG1	Blood	GM18951	20627	365/2624	0/1	0	0	inf
SRX356612	TFs and others	CTCF	Blood	GM19099	34068	532/2624	0/1	0	0	inf
SRX356613	TFs and others	CTCF	Blood	GM19099	32164	429/2624	0/1	0	0	inf
SRX3566180	TFs and others	TEAD1	Digestive tract	HCT 116	249	1/2624	0/1	0	0	inf
SRX3566182	TFs and others	TEAD1	Digestive tract	HCT 116	310	1/2624	0/1	0	0	inf
SRX3566183	TFs and others	TEAD1	Digestive tract	HCT 116	90	1/2624	0/1	0	0	inf
SRX3566184	TFs and others	TEAD1	Digestive tract	HCT 116	259	1/2624	0/1	0	0	inf
SRX3566186	TFs and others	TEAD1	Digestive tract	HCT 116	314	1/2624	0/1	0	0	inf
SRX3566188	TFs and others	TEAD1	Digestive tract	HCT 116	251	1/2624	0/1	0	0	inf
SRX3566190	TFs and others	TEAD1	Digestive tract	HCT 116	282	1/2624	0/1	0	0	inf
SRX356627	TFs and others	STAG1	Blood	GM19099	12270	143/2624	0/1	0	0	inf
SRX356628	TFs and others	STAG1	Blood	GM19099	24072	366/2624	0/1	0	0	inf
SRX356629	TFs and others	CTCF	Blood	GM19193	32380	490/2624	0/1	0	0	inf
SRX356630	TFs and others	CTCF	Blood	GM19193	34129	460/2624	0/1	0	0	inf
SRX356644	TFs and others	STAG1	Blood	GM19193	22874	285/2624	0/1	0	0	inf
SRX356645	TFs and others	STAG1	Blood	GM19193	21037	308/2624	0/1	0	0	inf
SRX356646	TFs and others	CTCF	Blood	GM19238	41525	655/2624	0/1	0	0	inf
SRX356647	TFs and others	CTCF	Blood	GM19238	49143	831/2624	0/1	0	0	inf
SRX356665	TFs and others	STAG1	Blood	GM19238	33323	723/2624	0/1	0	0	inf
SRX356666	TFs and others	STAG1	Blood	GM19238	30463	707/2624	0/1	0	0	inf
SRX356667	TFs and others	CTCF	Blood	GM19239	41491	628/2624	0/1	0	0	inf
SRX356668	TFs and others	CTCF	Blood	GM19239	47666	838/2624	0/1	0	0	inf
SRX356687	TFs and others	STAG1	Blood	GM19239	29621	667/2624	0/1	0	0	inf
SRX356688	TFs and others	STAG1	Blood	GM19239	35719	1002/2624	0/1	0	0	inf
SRX356689	TFs and others	CTCF	Blood	GM19240	43013	714/2624	0/1	0	0	inf
SRX356690	TFs and others	CTCF	Blood	GM19240	45834	776/2624	0/1	0	0	inf
SRX356710	TFs and others	STAG1	Blood	GM19240	29686	710/2624	0/1	0	0	inf
SRX356711	TFs and others	STAG1	Blood	GM19240	25881	554/2624	0/1	0	0	inf
SRX356712	TFs and others	CTCF	Blood	Lymphoblastoid cell line	40150	700/2624	0/1	0	0	inf
SRX356713	TFs and others	CTCF	Blood	Lymphoblastoid cell line	44856	788/2624	0/1	0	0	inf
SRX356714	TFs and others	CTCF	Blood	Lymphoblastoid cell line	31390	595/2624	0/1	0	0	inf
SRX356728	TFs and others	STAG1	Blood	Lymphoblastoid cell line	25941	533/2624	0/1	0	0	inf
SRX356729	TFs and others	STAG1	Blood	Lymphoblastoid cell line	29191	849/2624	0/1	0	0	inf
SRX356730	TFs and others	CTCF	Blood	Lymphoblastoid cell line	43164	680/2624	0/1	0	0	inf
SRX356731	TFs and others	CTCF	Blood	Lymphoblastoid cell line	47113	732/2624	0/1	0	0	inf
SRX356732	TFs and others	CTCF	Blood	Lymphoblastoid cell line	31909	570/2624	0/1	0	0	inf
SRX356746	TFs and others	STAG1	Blood	Lymphoblastoid cell line	30790	559/2624	0/1	0	0	inf
SRX356747	TFs and others	STAG1	Blood	Lymphoblastoid cell line	32899	859/2624	0/1	0	0	inf
SRX356748	TFs and others	CTCF	Blood	Lymphoblastoid cell line	43528	697/2624	0/1	0	0	inf
SRX356749	TFs and others	CTCF	Blood	Lymphoblastoid cell line	47736	722/2624	0/1	0	0	inf
SRX356750	TFs and others	CTCF	Blood	Lymphoblastoid cell line	33830	615/2624	0/1	0	0	inf
SRX356764	TFs and others	STAG1	Blood	Lymphoblastoid cell line	32465	616/2624	0/1	0	0	inf
SRX356765	TFs and others	STAG1	Blood	Lymphoblastoid cell line	31202	710/2624	0/1	0	0	inf
SRX356766	TFs and others	CTCF	Blood	Lymphoblastoid cell line	46104	663/2624	0/1	0	0	inf
SRX356767	TFs and others	CTCF	Blood	Lymphoblastoid cell line	46611	683/2624	0/1	0	0	inf
SRX356768	TFs and others	CTCF	Blood	Lymphoblastoid cell line	34885	610/2624	0/1	0	0	inf
SRX356782	TFs and others	STAG1	Blood	Lymphoblastoid cell line	31610	601/2624	0/1	0	0	inf
SRX356783	TFs and others	STAG1	Blood	Lymphoblastoid cell line	34931	974/2624	0/1	0	0	inf
SRX356784	TFs and others	CTCF	Blood	MS1	42115	769/2624	0/1	0	0	inf
SRX356785	TFs and others	CTCF	Blood	MS1	47043	774/2624	0/1	0	0	inf
SRX356786	TFs and others	CTCF	Blood	MS1	51772	759/2624	0/1	0	0	inf
SRX356787	TFs and others	CTCF	Blood	MS1	32657	619/2624	0/1	0	0	inf
SRX356805	TFs and others	STAG1	Blood	MS1	35306	899/2624	0/1	0	0	inf
SRX356806	TFs and others	STAG1	Blood	MS1	23506	563/2624	0/1	0	0	inf
SRX357292	TFs and others	AR	Prostate	LNCAP	5963	9/2624	0/1	0	0	inf
SRX357293	TFs and others	AR	Prostate	LNCAP	3054	5/2624	0/1	0	0	inf
SRX357296	TFs and others	AR	Prostate	LNCAP	6539	10/2624	0/1	0	0	inf
SRX357297	TFs and others	AR	Prostate	LNCAP	6769	8/2624	0/1	0	0	inf
SRX3581352	TFs and others	RPA2	Uterus	HeLa	668	1/2624	0/1	0	0	inf
SRX3581354	TFs and others	RPA2	Uterus	HeLa	678	1/2624	0/1	0	0	inf
SRX3581356	TFs and others	RPA2	Uterus	HeLa	699	1/2624	0/1	0	0	inf
SRX3581475	TFs and others	CHD7	Pluripotent stem cell	iPS derived neural cells	631	2/2624	0/1	0	0	inf
SRX3581477	TFs and others	CHD7	Pluripotent stem cell	iPS derived neural cells	652	2/2624	0/1	0	0	inf
SRX3581479	TFs and others	Epitope tags	Pluripotent stem cell	iPS derived neural cells	2283	4/2624	0/1	0	0	inf
SRX3581481	TFs and others	Epitope tags	Pluripotent stem cell	iPS derived neural cells	2267	6/2624	0/1	0	0	inf
SRX3581483	TFs and others	Epitope tags	Pluripotent stem cell	iPS derived neural cells	558	1/2624	0/1	0	0	inf
SRX3581484	TFs and others	Epitope tags	Pluripotent stem cell	iPS derived neural cells	594	1/2624	0/1	0	0	inf
SRX3581502	TFs and others	EP300	Pluripotent stem cell	iPS derived neural cells	2308	12/2624	0/1	0	0	inf
SRX3581504	TFs and others	CHD7	Pluripotent stem cell	iPS cells	11338	19/2624	0/1	0	0	inf
SRX3581507	TFs and others	CHD7	Pluripotent stem cell	iPS cells	26015	69/2624	0/1	0	0	inf
SRX3581509	TFs and others	CHD7	Pluripotent stem cell	iPS derived neural cells	5494	15/2624	0/1	0	0	inf
SRX3581511	TFs and others	CHD7	Pluripotent stem cell	iPS derived neural cells	15336	63/2624	0/1	0	0	inf
SRX3581513	TFs and others	CHD7	Pluripotent stem cell	iPS derived neural crestss	1162	7/2624	0/1	0	0	inf
SRX3581515	TFs and others	CHD7	Pluripotent stem cell	iPS derived neural crestss	2846	45/2624	0/1	0	0	inf
SRX3583179	TFs and others	ESR1	Breast	MCF-7	4817	45/2624	0/1	0	0	inf
SRX3583180	TFs and others	CTCF	Breast	MCF-7	48676	668/2624	0/1	0	0	inf
SRX3583187	TFs and others	ESR1	Breast	MCF-7	5130	33/2624	0/1	0	0	inf
SRX3583188	TFs and others	CTCF	Breast	MCF-7	56344	806/2624	0/1	0	0	inf
SRX3583195	TFs and others	ESR1	Breast	MCF-7	3249	34/2624	0/1	0	0	inf
SRX3583196	TFs and others	CTCF	Breast	MCF-7	24183	413/2624	0/1	0	0	inf
SRX3583203	TFs and others	ESR1	Breast	MCF-7	4885	41/2624	0/1	0	0	inf
SRX3583204	TFs and others	CTCF	Breast	MCF-7	40666	604/2624	0/1	0	0	inf
SRX3583211	TFs and others	ESR1	Breast	MCF-7	2802	32/2624	0/1	0	0	inf
SRX3583224	TFs and others	ESR1	Breast	MCF-7	1679	5/2624	0/1	0	0	inf
SRX3583225	TFs and others	CTCF	Breast	MCF-7	24037	413/2624	0/1	0	0	inf
SRX3583255	TFs and others	HIF1A	Breast	MDA-MB-231	755	24/2624	0/1	0	0	inf
SRX3583256	TFs and others	HIF1A	Breast	MDA-MB-231	673	19/2624	0/1	0	0	inf
SRX3583257	TFs and others	ZMYND8	Breast	MDA-MB-231	2432	53/2624	0/1	0	0	inf
SRX3583258	TFs and others	ZMYND8	Breast	MDA-MB-231	735	15/2624	0/1	0	0	inf
SRX3584192	TFs and others	AR	Gonad	Epididymis	282	1/2624	0/1	0	0	inf
SRX3584193	TFs and others	AR	Gonad	Epididymis	5204	24/2624	0/1	0	0	inf
SRX3584194	TFs and others	AR	Gonad	Epididymis	45	1/2624	0/1	0	0	inf
SRX3584195	TFs and others	AR	Gonad	Epididymis	1061	2/2624	0/1	0	0	inf
SRX3584196	TFs and others	RUNX1	Gonad	Epididymis	5934	349/2624	0/1	0	0	inf
SRX3584197	TFs and others	RUNX1	Gonad	Epididymis	1733	69/2624	0/1	0	0	inf
SRX3584198	TFs and others	RUNX1	Gonad	Epididymis	410	1/2624	0/1	0	0	inf
SRX3584199	TFs and others	RUNX1	Gonad	Epididymis	771	1/2624	0/1	0	0	inf
SRX3584200	TFs and others	CEBPB	Gonad	Epididymis	33243	261/2624	0/1	0	0	inf
SRX3584201	TFs and others	CEBPB	Gonad	Epididymis	33742	372/2624	0/1	0	0	inf
SRX3584202	TFs and others	CEBPB	Gonad	Epididymis	37004	389/2624	0/1	0	0	inf
SRX3584203	TFs and others	CEBPB	Gonad	Epididymis	17076	263/2624	0/1	0	0	inf
SRX3584300	TFs and others	RARA	Pluripotent stem cell	iPS cells	808	3/2624	0/1	0	0	inf
SRX3584301	TFs and others	RARA	Pluripotent stem cell	iPS cells	868	17/2624	0/1	0	0	inf
SRX3584302	TFs and others	RARA	Pluripotent stem cell	iPS derived chondrocytes	2037	22/2624	0/1	0	0	inf
SRX3584303	TFs and others	RARA	Pluripotent stem cell	iPS derived chondrocytes	3235	35/2624	0/1	0	0	inf
SRX3584304	TFs and others	RARA	Pluripotent stem cell	iPS derived chondrocytes	1999	24/2624	0/1	0	0	inf
SRX3584305	TFs and others	RARA	Pluripotent stem cell	iPS derived chondrocytes	2900	27/2624	0/1	0	0	inf
SRX3584306	TFs and others	RARA	Pluripotent stem cell	iPS derived chondrocytes	6197	34/2624	0/1	0	0	inf
SRX3584307	TFs and others	RARA	Pluripotent stem cell	iPS derived chondrocytes	1733	25/2624	0/1	0	0	inf
SRX3584308	TFs and others	RARA	Pluripotent stem cell	iPS derived chondrocytes	3252	25/2624	0/1	0	0	inf
SRX3584309	TFs and others	RARA	Pluripotent stem cell	iPS derived chondrocytes	3630	23/2624	0/1	0	0	inf
SRX3584310	TFs and others	RARA	Pluripotent stem cell	iPS derived chondrocytes	3317	23/2624	0/1	0	0	inf
SRX3584311	TFs and others	RARA	Pluripotent stem cell	iPS derived chondrocytes	968	19/2624	0/1	0	0	inf
SRX3584312	TFs and others	RARA	Pluripotent stem cell	iPS derived chondrocytes	1258	17/2624	0/1	0	0	inf
SRX3584313	TFs and others	RARA	Pluripotent stem cell	iPS derived chondrocytes	1721	22/2624	0/1	0	0	inf
SRX3585704	TFs and others	HMGB1	Lung	Lung fibroblasts	350	28/2624	0/1	0	0	inf
SRX3586325	TFs and others	NR3C1	Blood	Monocytes	717	1/2624	0/1	0	0	inf
SRX3586326	TFs and others	NR3C1	Blood	Monocytes	303	1/2624	0/1	0	0	inf
SRX3586327	TFs and others	NR3C1	Blood	Monocytes	1044	1/2624	0/1	0	0	inf
SRX3586328	TFs and others	NR3C1	Blood	Monocytes	294	1/2624	0/1	0	0	inf
SRX3586329	TFs and others	NR3C1	Blood	Macrophages	935	7/2624	0/1	0	0	inf
SRX3586330	TFs and others	NR3C1	Blood	Macrophages	2427	13/2624	0/1	0	0	inf
SRX3586353	TFs and others	RUNX1	Blood	NALM-6	433	2/2624	0/1	0	0	inf
SRX3586355	TFs and others	RUNX1	Blood	NALM-6	558	3/2624	0/1	0	0	inf
SRX3586365	TFs and others	RUNX1	Blood	Pre-B lymphoblast cells	10019	439/2624	0/1	0	0	inf
SRX3586366	TFs and others	RUNX1	Blood	Pre-B lymphoblast cells	13958	858/2624	0/1	0	0	inf
SRX3587640	TFs and others	MYC	Kidney	G-401	1169	1/2624	0/1	0	0	inf
SRX3587641	TFs and others	MYC	Kidney	G-401	1590	85/2624	0/1	0	0	inf
SRX3587642	TFs and others	MYC	Kidney	G-401	974	1/2624	0/1	0	0	inf
SRX3587643	TFs and others	MYC	Kidney	G-401	1003	1/2624	0/1	0	0	inf
SRX3587644	TFs and others	MYC	Kidney	G-401	1013	1/2624	0/1	0	0	inf
SRX3587645	TFs and others	MYC	Kidney	G-401	1137	1/2624	0/1	0	0	inf
SRX3589917	TFs and others	STAG1	Breast	MCF 10A	602	8/2624	0/1	0	0	inf
SRX3589918	TFs and others	STAG1	Breast	MCF 10A	866	10/2624	0/1	0	0	inf
SRX3589919	TFs and others	STAG2	Breast	MCF 10A	4964	117/2624	0/1	0	0	inf
SRX3589920	TFs and others	STAG2	Breast	MCF 10A	4166	115/2624	0/1	0	0	inf
SRX3589921	TFs and others	STAG1	Breast	MCF 10A	400	1/2624	0/1	0	0	inf
SRX3589922	TFs and others	STAG1	Breast	MCF 10A	371	2/2624	0/1	0	0	inf
SRX3589923	TFs and others	STAG2	Breast	MCF 10A	9786	173/2624	0/1	0	0	inf
SRX3589924	TFs and others	STAG2	Breast	MCF 10A	7890	145/2624	0/1	0	0	inf
SRX3589925	TFs and others	STAG1	Breast	MCF 10A	2069	29/2624	0/1	0	0	inf
SRX3589926	TFs and others	STAG1	Breast	MCF 10A	2725	39/2624	0/1	0	0	inf
SRX3589927	TFs and others	STAG2	Breast	MCF 10A	769	27/2624	0/1	0	0	inf
SRX3589928	TFs and others	STAG2	Breast	MCF 10A	1166	41/2624	0/1	0	0	inf
SRX3591009	TFs and others	MEIS1	Bone	A-673	338	3/2624	0/1	0	0	inf
SRX3591428	TFs and others	BRD4	Blood	B-CLL cells	7917	723/2624	0/1	0	0	inf
SRX3591429	TFs and others	BRD4	Blood	B-CLL cells	6066	538/2624	0/1	0	0	inf
SRX3591430	TFs and others	BRD4	Blood	B-CLL cells	966	45/2624	0/1	0	0	inf
SRX3591431	TFs and others	BRD4	Blood	B-CLL cells	11204	1284/2624	0/1	0	0	inf
SRX3591432	TFs and others	BRD4	Blood	B-CLL cells	7794	902/2624	0/1	0	0	inf
SRX3591433	TFs and others	BRD4	Blood	B-CLL cells	2684	288/2624	0/1	0	0	inf
SRX3591435	TFs and others	BRD4	Blood	B-CLL cells	11735	1284/2624	0/1	0	0	inf
SRX3591436	TFs and others	BRD4	Blood	B-CLL cells	2985	306/2624	0/1	0	0	inf
SRX3591437	TFs and others	BRD4	Blood	B-CLL cells	11356	1308/2624	0/1	0	0	inf
SRX3591438	TFs and others	BRD4	Blood	B-CLL cells	11462	1275/2624	0/1	0	0	inf
SRX3591439	TFs and others	BRD4	Blood	B-CLL cells	1777	123/2624	0/1	0	0	inf
SRX3591825	TFs and others	MEF2C	Blood	MOLM-13	33444	628/2624	0/1	0	0	inf
SRX3592677	TFs and others	SMAD2	Pluripotent stem cell	hESC HUES8	5866	25/2624	0/1	0	0	inf
SRX3592678	TFs and others	JUN	Pluripotent stem cell	hESC HUES8	8187	145/2624	0/1	0	0	inf
SRX3592679	TFs and others	GATA6	Pluripotent stem cell	hESC HUES8	12655	26/2624	0/1	0	0	inf
SRX3592681	TFs and others	SMAD2	Pluripotent stem cell	hESC HUES8	7678	20/2624	0/1	0	0	inf
SRX3592682	TFs and others	GATA6	Pluripotent stem cell	hESC HUES8	18069	19/2624	0/1	0	0	inf
SRX3592685	TFs and others	SMAD2	Pluripotent stem cell	hESC HUES8	485	39/2624	0/1	0	0	inf
SRX3592686	TFs and others	JUN	Pluripotent stem cell	hESC HUES8	2952	208/2624	0/1	0	0	inf
SRX359404	TFs and others	EP300	Kidney	293	3020	406/2624	0/1	0	0	inf
SRX359405	TFs and others	EP300	Kidney	293	4682	713/2624	0/1	0	0	inf
SRX359406	TFs and others	EP300	Kidney	293	644	130/2624	0/1	0	0	inf
SRX359407	TFs and others	EP300	Kidney	293	675	122/2624	0/1	0	0	inf
SRX359410	TFs and others	CREBBP	Kidney	293	1265	214/2624	0/1	0	0	inf
SRX359411	TFs and others	CREBBP	Kidney	293	18	1/2624	0/1	0	0	inf
SRX3595371	TFs and others	Epitope tags	Pluripotent stem cell	hESC H9	630	2/2624	0/1	0	0	inf
SRX3595373	TFs and others	Epitope tags	Pluripotent stem cell	hESC H9	24757	322/2624	0/1	0	0	inf
SRX3595671	TFs and others	BRD3	Breast	MCF-7	336	1/2624	0/1	0	0	inf
SRX3595672	TFs and others	BRD3	Breast	MCF-7	486	1/2624	0/1	0	0	inf
SRX3595673	TFs and others	BRD3	Breast	MCF-7	233	1/2624	0/1	0	0	inf
SRX3595674	TFs and others	BRD3	Breast	MCF-7	476	1/2624	0/1	0	0	inf
SRX3596429	TFs and others	Epitope tags	Lung	NCI-H1299	617	2/2624	0/1	0	0	inf
SRX3596432	TFs and others	Epitope tags	Lung	NCI-H1299	637	2/2624	0/1	0	0	inf
SRX3596435	TFs and others	Epitope tags	Lung	NCI-H1299	507	2/2624	0/1	0	0	inf
SRX3596438	TFs and others	Epitope tags	Lung	NCI-H1299	616	2/2624	0/1	0	0	inf
SRX359815	TFs and others	ARNTL	Digestive tract	LoVo	259	1/2624	0/1	0	0	inf
SRX359816	TFs and others	ATF7	Digestive tract	LoVo	265	1/2624	0/1	0	0	inf
SRX359817	TFs and others	BARX1	Digestive tract	LoVo	272	1/2624	0/1	0	0	inf
SRX359818	TFs and others	BATF3	Digestive tract	LoVo	301	1/2624	0/1	0	0	inf
SRX359819	TFs and others	BHLHE41	Digestive tract	LoVo	43	1/2624	0/1	0	0	inf
SRX359820	TFs and others	CAMTA1	Digestive tract	LoVo	87	1/2624	0/1	0	0	inf
SRX359821	TFs and others	CREB3L1	Digestive tract	LoVo	33	1/2624	0/1	0	0	inf
SRX359822	TFs and others	CTCF	Digestive tract	LoVo	1360	18/2624	0/1	0	0	inf
SRX359823	TFs and others	EVX1	Digestive tract	LoVo	64	1/2624	0/1	0	0	inf
SRX359824	TFs and others	FERD3L	Digestive tract	LoVo	273	1/2624	0/1	0	0	inf
SRX359825	TFs and others	FOS	Digestive tract	LoVo	204	1/2624	0/1	0	0	inf
SRX359826	TFs and others	FOSB	Digestive tract	LoVo	143	1/2624	0/1	0	0	inf
SRX359827	TFs and others	FOXA2	Digestive tract	LoVo	911	9/2624	0/1	0	0	inf
SRX359828	TFs and others	FOXF1	Digestive tract	LoVo	49	1/2624	0/1	0	0	inf
SRX359829	TFs and others	FOXK1	Digestive tract	LoVo	234	1/2624	0/1	0	0	inf
SRX359830	TFs and others	FOXO1	Digestive tract	LoVo	101	1/2624	0/1	0	0	inf
SRX359831	TFs and others	FOXP2	Digestive tract	LoVo	124	1/2624	0/1	0	0	inf
SRX359832	TFs and others	FOXQ1	Digestive tract	LoVo	200	1/2624	0/1	0	0	inf
SRX359833	TFs and others	HES5	Digestive tract	LoVo	39	1/2624	0/1	0	0	inf
SRX359834	TFs and others	HES7	Digestive tract	LoVo	32	1/2624	0/1	0	0	inf
SRX359835	TFs and others	HESX1	Digestive tract	LoVo	146	1/2624	0/1	0	0	inf
SRX359836	TFs and others	HEY1	Digestive tract	LoVo	29	1/2624	0/1	0	0	inf
SRX359837	TFs and others	HIC2	Digestive tract	LoVo	88	1/2624	0/1	0	0	inf
SRX359838	TFs and others	HIVEP3	Digestive tract	LoVo	235	1/2624	0/1	0	0	inf
SRX359839	TFs and others	HNF1A	Digestive tract	LoVo	360	1/2624	0/1	0	0	inf
SRX359840	TFs and others	HNF1B	Digestive tract	LoVo	217	1/2624	0/1	0	0	inf
SRX359841	TFs and others	HOXA11	Digestive tract	LoVo	325	1/2624	0/1	0	0	inf
SRX359842	TFs and others	HOXB1	Digestive tract	LoVo	128	1/2624	0/1	0	0	inf
SRX359843	TFs and others	HOXB2	Digestive tract	LoVo	226	1/2624	0/1	0	0	inf
SRX359844	TFs and others	HOXB5	Digestive tract	LoVo	227	1/2624	0/1	0	0	inf
SRX359845	TFs and others	HOXD11	Digestive tract	LoVo	180	1/2624	0/1	0	0	inf
SRX359846	TFs and others	HOXD13	Digestive tract	LoVo	224	1/2624	0/1	0	0	inf
SRX359847	TFs and others	HOXD4	Digestive tract	LoVo	126	1/2624	0/1	0	0	inf
SRX359848	TFs and others	HOXD9	Digestive tract	LoVo	222	1/2624	0/1	0	0	inf
SRX359849	TFs and others	ID4	Digestive tract	LoVo	142	1/2624	0/1	0	0	inf
SRX359850	TFs and others	IKZF5	Digestive tract	LoVo	122	1/2624	0/1	0	0	inf
SRX359851	TFs and others	IRF3	Digestive tract	LoVo	193	1/2624	0/1	0	0	inf
SRX359852	TFs and others	IRF4	Digestive tract	LoVo	268	1/2624	0/1	0	0	inf
SRX359853	TFs and others	IRF8	Digestive tract	LoVo	90	1/2624	0/1	0	0	inf
SRX359854	TFs and others	IRX5	Digestive tract	LoVo	46	1/2624	0/1	0	0	inf
SRX359855	TFs and others	ISL2	Digestive tract	LoVo	318	1/2624	0/1	0	0	inf
SRX359856	TFs and others	KLF13	Digestive tract	LoVo	191	1/2624	0/1	0	0	inf
SRX359857	TFs and others	FOXO4	Digestive tract	LoVo	83	1/2624	0/1	0	0	inf
SRX359858	TFs and others	RAD21	Digestive tract	LoVo	66	1/2624	0/1	0	0	inf
SRX359859	TFs and others	CTCF	Digestive tract	LoVo	9992	253/2624	0/1	0	0	inf
SRX359860	TFs and others	LHX4	Digestive tract	LoVo	316	1/2624	0/1	0	0	inf
SRX359861	TFs and others	LHX5	Digestive tract	LoVo	523	1/2624	0/1	0	0	inf
SRX359862	TFs and others	LHX6	Digestive tract	LoVo	444	1/2624	0/1	0	0	inf
SRX359863	TFs and others	MAFB	Digestive tract	LoVo	446	1/2624	0/1	0	0	inf
SRX359864	TFs and others	MAFG	Digestive tract	LoVo	427	1/2624	0/1	0	0	inf
SRX359865	TFs and others	MIXL1	Digestive tract	LoVo	306	1/2624	0/1	0	0	inf
SRX359866	TFs and others	MSC	Digestive tract	LoVo	241	1/2624	0/1	0	0	inf
SRX359867	TFs and others	MTF1	Digestive tract	LoVo	231	1/2624	0/1	0	0	inf
SRX359868	TFs and others	MYF6	Digestive tract	LoVo	314	1/2624	0/1	0	0	inf
SRX359869	TFs and others	NEUROD2	Digestive tract	LoVo	256	1/2624	0/1	0	0	inf
SRX359870	TFs and others	NFKB1	Digestive tract	LoVo	228	1/2624	0/1	0	0	inf
SRX359871	TFs and others	NHLH1	Digestive tract	LoVo	416	1/2624	0/1	0	0	inf
SRX359872	TFs and others	NKX2-8	Digestive tract	LoVo	435	1/2624	0/1	0	0	inf
SRX359873	TFs and others	NKX6-1	Digestive tract	LoVo	289	1/2624	0/1	0	0	inf
SRX359874	TFs and others	NR2F6	Digestive tract	LoVo	501	1/2624	0/1	0	0	inf
SRX359875	TFs and others	NR3C2	Digestive tract	LoVo	426	1/2624	0/1	0	0	inf
SRX359876	TFs and others	NR4A2	Digestive tract	LoVo	412	1/2624	0/1	0	0	inf
SRX359877	TFs and others	NR5A2	Digestive tract	LoVo	292	1/2624	0/1	0	0	inf
SRX359878	TFs and others	RAD21	Digestive tract	LoVo	2999	31/2624	0/1	0	0	inf
SRX359879	TFs and others	ARNT2	Digestive tract	LoVo	358	7/2624	0/1	0	0	inf
SRX359881	TFs and others	ATF6	Digestive tract	LoVo	82	1/2624	0/1	0	0	inf
SRX359882	TFs and others	CREB1	Digestive tract	LoVo	2788	586/2624	0/1	0	0	inf
SRX359883	TFs and others	DR1	Digestive tract	LoVo	164	5/2624	0/1	0	0	inf
SRX359885	TFs and others	EPAS1	Digestive tract	LoVo	265	1/2624	0/1	0	0	inf
SRX359886	TFs and others	ETV5	Digestive tract	LoVo	4659	652/2624	0/1	0	0	inf
SRX359887	TFs and others	GLI2	Digestive tract	LoVo	4599	903/2624	0/1	0	0	inf
SRX359888	TFs and others	HES4	Digestive tract	LoVo	245	3/2624	0/1	0	0	inf
SRX359889	TFs and others	HEYL	Digestive tract	LoVo	119	5/2624	0/1	0	0	inf
SRX359890	TFs and others	HHEX	Digestive tract	LoVo	312	2/2624	0/1	0	0	inf
SRX359891	TFs and others	HOXA13	Digestive tract	LoVo	530	1/2624	0/1	0	0	inf
SRX359893	TFs and others	HOXA5	Digestive tract	LoVo	67	2/2624	0/1	0	0	inf
SRX359895	TFs and others	HOXB4	Digestive tract	LoVo	239	1/2624	0/1	0	0	inf
SRX359896	TFs and others	HOXD11	Digestive tract	LoVo	244	1/2624	0/1	0	0	inf
SRX359898	TFs and others	IRF2	Digestive tract	LoVo	272	1/2624	0/1	0	0	inf
SRX359899	TFs and others	JUN	Digestive tract	LoVo	9276	1169/2624	0/1	0	0	inf
SRX359900	TFs and others	KLF11	Digestive tract	LoVo	207	2/2624	0/1	0	0	inf
SRX359901	TFs and others	KLF15	Digestive tract	LoVo	223	1/2624	0/1	0	0	inf
SRX359902	TFs and others	KLF6	Digestive tract	LoVo	374	1/2624	0/1	0	0	inf
SRX359903	TFs and others	MITF	Digestive tract	LoVo	285	1/2624	0/1	0	0	inf
SRX359904	TFs and others	KMT2D	Digestive tract	LoVo	203	1/2624	0/1	0	0	inf
SRX359905	TFs and others	MYC	Digestive tract	LoVo	99	1/2624	0/1	0	0	inf
SRX359906	TFs and others	MYOD1	Digestive tract	LoVo	180	1/2624	0/1	0	0	inf
SRX359907	TFs and others	NCOA1	Digestive tract	LoVo	190	1/2624	0/1	0	0	inf
SRX359908	TFs and others	NCOA3	Digestive tract	LoVo	167	1/2624	0/1	0	0	inf
SRX359909	TFs and others	NFAT5	Digestive tract	LoVo	241	3/2624	0/1	0	0	inf
SRX359910	TFs and others	NFYA	Digestive tract	LoVo	2930	786/2624	0/1	0	0	inf
SRX359911	TFs and others	NR1I2	Digestive tract	LoVo	128	1/2624	0/1	0	0	inf
SRX359912	TFs and others	NR2E3	Digestive tract	LoVo	74	1/2624	0/1	0	0	inf
SRX359913	TFs and others	NR4A1	Digestive tract	LoVo	124	13/2624	0/1	0	0	inf
SRX359914	TFs and others	PPARA	Digestive tract	LoVo	195	1/2624	0/1	0	0	inf
SRX359915	TFs and others	PPARG	Digestive tract	LoVo	395	1/2624	0/1	0	0	inf
SRX359916	TFs and others	RELA	Digestive tract	LoVo	5895	1263/2624	0/1	0	0	inf
SRX359917	TFs and others	RELB	Digestive tract	LoVo	77	1/2624	0/1	0	0	inf
SRX359918	TFs and others	REST	Digestive tract	LoVo	162	6/2624	0/1	0	0	inf
SRX359919	TFs and others	SOX9	Digestive tract	LoVo	617	60/2624	0/1	0	0	inf
SRX359920	TFs and others	AHCTF1	Digestive tract	LoVo	217	1/2624	0/1	0	0	inf
SRX359921	TFs and others	ARNTL	Digestive tract	LoVo	366	52/2624	0/1	0	0	inf
SRX3599220	TFs and others	EZH2	Blood	KG-1	1219	15/2624	0/1	0	0	inf
SRX3599221	TFs and others	EZH2	Blood	KG-1	1246	21/2624	0/1	0	0	inf
SRX3599222	TFs and others	ZBTB16	Blood	KG-1	4152	38/2624	0/1	0	0	inf
SRX3599223	TFs and others	ZBTB16	Blood	KG-1	1600	6/2624	0/1	0	0	inf
SRX3599225	TFs and others	SUZ12	Blood	KG-1	891	1/2624	0/1	0	0	inf
SRX359924	TFs and others	BARX1	Digestive tract	LoVo	844	142/2624	0/1	0	0	inf
SRX359925	TFs and others	BCL6	Digestive tract	LoVo	211	17/2624	0/1	0	0	inf
SRX359926	TFs and others	CASP8AP2	Digestive tract	LoVo	96	1/2624	0/1	0	0	inf
SRX359927	TFs and others	CDX2	Digestive tract	LoVo	166	1/2624	0/1	0	0	inf
SRX359928	TFs and others	CLOCK	Digestive tract	LoVo	117	1/2624	0/1	0	0	inf
SRX3599292	TFs and others	ETS1	Cardiovascular	HUVEC	1318	170/2624	0/1	0	0	inf
SRX3599293	TFs and others	ETS1	Cardiovascular	HUVEC	1898	243/2624	0/1	0	0	inf
SRX3599294	TFs and others	ETS1	Cardiovascular	HUVEC	2989	336/2624	0/1	0	0	inf
SRX3599295	TFs and others	ETS1	Cardiovascular	HUVEC	4646	463/2624	0/1	0	0	inf
SRX3599296	TFs and others	ERG	Cardiovascular	HUVEC	324	1/2624	0/1	0	0	inf
SRX3599297	TFs and others	ERG	Cardiovascular	HUVEC	434	2/2624	0/1	0	0	inf
SRX3599298	TFs and others	ERG	Cardiovascular	HUVEC	1025	19/2624	0/1	0	0	inf
SRX3599299	TFs and others	ERG	Cardiovascular	HUVEC	358	2/2624	0/1	0	0	inf
SRX359929	TFs and others	E2F2	Digestive tract	LoVo	86	1/2624	0/1	0	0	inf
SRX3599300	TFs and others	FLI1	Cardiovascular	HUVEC	114	1/2624	0/1	0	0	inf
SRX3599301	TFs and others	FLI1	Cardiovascular	HUVEC	1004	31/2624	0/1	0	0	inf
SRX3599302	TFs and others	FLI1	Cardiovascular	HUVEC	497	1/2624	0/1	0	0	inf
SRX3599303	TFs and others	FLI1	Cardiovascular	HUVEC	974	28/2624	0/1	0	0	inf
SRX3599304	TFs and others	JUN	Cardiovascular	HUVEC	370	8/2624	0/1	0	0	inf
SRX3599305	TFs and others	JUN	Cardiovascular	HUVEC	563	11/2624	0/1	0	0	inf
SRX3599306	TFs and others	JUN	Cardiovascular	HUVEC	641	3/2624	0/1	0	0	inf
SRX3599307	TFs and others	JUN	Cardiovascular	HUVEC	739	16/2624	0/1	0	0	inf
SRX3599308	TFs and others	RBPJ	Cardiovascular	HUVEC	319	1/2624	0/1	0	0	inf
SRX3599309	TFs and others	RBPJ	Cardiovascular	HUVEC	431	1/2624	0/1	0	0	inf
SRX359930	TFs and others	E2F8	Digestive tract	LoVo	922	177/2624	0/1	0	0	inf
SRX3599310	TFs and others	RBPJ	Cardiovascular	HUVEC	316	1/2624	0/1	0	0	inf
SRX3599311	TFs and others	RBPJ	Cardiovascular	HUVEC	369	1/2624	0/1	0	0	inf
SRX3599312	TFs and others	GATA2	Cardiovascular	HUVEC	1027	5/2624	0/1	0	0	inf
SRX3599313	TFs and others	GATA2	Cardiovascular	HUVEC	929	2/2624	0/1	0	0	inf
SRX3599314	TFs and others	GATA2	Cardiovascular	HUVEC	1064	2/2624	0/1	0	0	inf
SRX3599315	TFs and others	GATA2	Cardiovascular	HUVEC	763	2/2624	0/1	0	0	inf
SRX3599316	TFs and others	EP300	Cardiovascular	HUVEC	580	13/2624	0/1	0	0	inf
SRX3599317	TFs and others	EP300	Cardiovascular	HUVEC	914	18/2624	0/1	0	0	inf
SRX3599318	TFs and others	EP300	Cardiovascular	HUVEC	492	8/2624	0/1	0	0	inf
SRX3599319	TFs and others	EP300	Cardiovascular	HUVEC	654	14/2624	0/1	0	0	inf
SRX359931	TFs and others	ELF2	Digestive tract	LoVo	150	4/2624	0/1	0	0	inf
SRX3599320	TFs and others	EZH2	Cardiovascular	HUVEC	251	1/2624	0/1	0	0	inf
SRX3599321	TFs and others	EZH2	Cardiovascular	HUVEC	441	1/2624	0/1	0	0	inf
SRX3599322	TFs and others	EZH2	Cardiovascular	HUVEC	281	1/2624	0/1	0	0	inf
SRX3599323	TFs and others	EZH2	Cardiovascular	HUVEC	401	1/2624	0/1	0	0	inf
SRX359932	TFs and others	FOXP1	Digestive tract	LoVo	2334	249/2624	0/1	0	0	inf
SRX359933	TFs and others	GATAD1	Digestive tract	LoVo	31	1/2624	0/1	0	0	inf
SRX359934	TFs and others	GMEB2	Digestive tract	LoVo	1423	349/2624	0/1	0	0	inf
SRX359935	TFs and others	HOXB6	Digestive tract	LoVo	381	1/2624	0/1	0	0	inf
SRX359936	TFs and others	HOXB8	Digestive tract	LoVo	291	1/2624	0/1	0	0	inf
SRX359937	TFs and others	HOXC8	Digestive tract	LoVo	147	2/2624	0/1	0	0	inf
SRX359938	TFs and others	ID1	Digestive tract	LoVo	104	1/2624	0/1	0	0	inf
SRX359939	TFs and others	ID2	Digestive tract	LoVo	363	1/2624	0/1	0	0	inf
SRX359940	TFs and others	ID3	Digestive tract	LoVo	127	3/2624	0/1	0	0	inf
SRX359941	TFs and others	JAZF1	Digestive tract	LoVo	111	1/2624	0/1	0	0	inf
SRX359942	TFs and others	JUNB	Digestive tract	LoVo	630	116/2624	0/1	0	0	inf
SRX359943	TFs and others	JUND	Digestive tract	LoVo	271	1/2624	0/1	0	0	inf
SRX359944	TFs and others	MXD3	Digestive tract	LoVo	311	1/2624	0/1	0	0	inf
SRX359945	TFs and others	NFYB	Digestive tract	LoVo	18	3/2624	0/1	0	0	inf
SRX359946	TFs and others	NFYC	Digestive tract	LoVo	2134	518/2624	0/1	0	0	inf
SRX359947	TFs and others	NPAT	Digestive tract	LoVo	3227	738/2624	0/1	0	0	inf
SRX359948	TFs and others	NR1D1	Digestive tract	LoVo	91	1/2624	0/1	0	0	inf
SRX359949	TFs and others	NR1H2	Digestive tract	LoVo	330	1/2624	0/1	0	0	inf
SRX359950	TFs and others	OVOL2	Digestive tract	LoVo	113	1/2624	0/1	0	0	inf
SRX359951	TFs and others	RUNX1	Digestive tract	LoVo	140	1/2624	0/1	0	0	inf
SRX359952	TFs and others	RXRA	Digestive tract	LoVo	185	1/2624	0/1	0	0	inf
SRX359953	TFs and others	SALL4	Digestive tract	LoVo	181	1/2624	0/1	0	0	inf
SRX359954	TFs and others	SMAD5	Digestive tract	LoVo	145	1/2624	0/1	0	0	inf
SRX359955	TFs and others	SOX2	Digestive tract	LoVo	196	13/2624	0/1	0	0	inf
SRX359956	TFs and others	SP1	Digestive tract	LoVo	252	1/2624	0/1	0	0	inf
SRX359957	TFs and others	STAT1	Digestive tract	LoVo	191	1/2624	0/1	0	0	inf
SRX359958	TFs and others	STAT4	Digestive tract	LoVo	63	1/2624	0/1	0	0	inf
SRX359959	TFs and others	STAT5A	Digestive tract	LoVo	326	3/2624	0/1	0	0	inf
SRX359961	TFs and others	TCF7L1	Digestive tract	LoVo	244	2/2624	0/1	0	0	inf
SRX359962	TFs and others	TERF1	Digestive tract	LoVo	703	115/2624	0/1	0	0	inf
SRX359963	TFs and others	TERF2	Digestive tract	LoVo	137	1/2624	0/1	0	0	inf
SRX359964	TFs and others	TFAP2A	Digestive tract	LoVo	322	15/2624	0/1	0	0	inf
SRX359965	TFs and others	TLX1	Digestive tract	LoVo	24	1/2624	0/1	0	0	inf
SRX359966	TFs and others	ZBTB33	Digestive tract	LoVo	148	1/2624	0/1	0	0	inf
SRX359967	TFs and others	CAMTA1	Digestive tract	LoVo	98	1/2624	0/1	0	0	inf
SRX359968	TFs and others	PBX1	Digestive tract	LoVo	161	1/2624	0/1	0	0	inf
SRX359969	TFs and others	PBX2	Digestive tract	LoVo	225	34/2624	0/1	0	0	inf
SRX359970	TFs and others	RAD21	Digestive tract	LoVo	26638	1178/2624	0/1	0	0	inf
SRX359971	TFs and others	RFX5	Digestive tract	LoVo	3	1/2624	0/1	0	0	inf
SRX359972	TFs and others	STAT2	Digestive tract	LoVo	1226	187/2624	0/1	0	0	inf
SRX359973	TFs and others	STAT6	Digestive tract	LoVo	36	6/2624	0/1	0	0	inf
SRX359974	TFs and others	TFAM	Digestive tract	LoVo	52	2/2624	0/1	0	0	inf
SRX359975	TFs and others	UBP1	Digestive tract	LoVo	118	5/2624	0/1	0	0	inf
SRX359976	TFs and others	ZBTB10	Digestive tract	LoVo	241	40/2624	0/1	0	0	inf
SRX359977	TFs and others	ZNF281	Digestive tract	LoVo	29	1/2624	0/1	0	0	inf
SRX359978	TFs and others	ZNF3	Digestive tract	LoVo	7	1/2624	0/1	0	0	inf
SRX359979	TFs and others	ZNF639	Digestive tract	LoVo	266	1/2624	0/1	0	0	inf
SRX359980	TFs and others	ADNP2	Digestive tract	LoVo	251	1/2624	0/1	0	0	inf
SRX359981	TFs and others	ARNTL2	Digestive tract	LoVo	475	1/2624	0/1	0	0	inf
SRX359982	TFs and others	ASH1L	Digestive tract	LoVo	303	1/2624	0/1	0	0	inf
SRX359983	TFs and others	BBX	Digestive tract	LoVo	435	1/2624	0/1	0	0	inf
SRX359984	TFs and others	BCL11A	Digestive tract	LoVo	411	1/2624	0/1	0	0	inf
SRX359985	TFs and others	BHLHE40	Digestive tract	LoVo	173	1/2624	0/1	0	0	inf
SRX359986	TFs and others	BMI1	Digestive tract	LoVo	110	1/2624	0/1	0	0	inf
SRX359987	TFs and others	BRCA1	Digestive tract	LoVo	206	1/2624	0/1	0	0	inf
SRX359988	TFs and others	CDC5L	Digestive tract	LoVo	178	1/2624	0/1	0	0	inf
SRX359989	TFs and others	CDX1	Digestive tract	LoVo	97	1/2624	0/1	0	0	inf
SRX359990	TFs and others	CREBL2	Digestive tract	LoVo	62	1/2624	0/1	0	0	inf
SRX359991	TFs and others	CTCFL	Digestive tract	LoVo	405	8/2624	0/1	0	0	inf
SRX359992	TFs and others	DDIT3	Digestive tract	LoVo	356	1/2624	0/1	0	0	inf
SRX359993	TFs and others	DMRT2	Digestive tract	LoVo	485	1/2624	0/1	0	0	inf
SRX359994	TFs and others	DRAP1	Digestive tract	LoVo	434	1/2624	0/1	0	0	inf
SRX359995	TFs and others	EGR2	Digestive tract	LoVo	634	1/2624	0/1	0	0	inf
SRX359996	TFs and others	ELF4	Digestive tract	LoVo	441	1/2624	0/1	0	0	inf
SRX359997	TFs and others	FOSL1	Digestive tract	LoVo	319	1/2624	0/1	0	0	inf
SRX359998	TFs and others	FOXC1	Digestive tract	LoVo	199	1/2624	0/1	0	0	inf
SRX359999	TFs and others	FOXF2	Digestive tract	LoVo	257	1/2624	0/1	0	0	inf
SRX360000	TFs and others	FOXJ2	Digestive tract	LoVo	256	1/2624	0/1	0	0	inf
SRX360001	TFs and others	GRHL2	Digestive tract	LoVo	302	1/2624	0/1	0	0	inf
SRX360002	TFs and others	GZF1	Digestive tract	LoVo	53	1/2624	0/1	0	0	inf
SRX360003	TFs and others	HAND1	Digestive tract	LoVo	390	1/2624	0/1	0	0	inf
SRX360004	TFs and others	HNF4G	Digestive tract	LoVo	159	1/2624	0/1	0	0	inf
SRX360005	TFs and others	HOXA9	Digestive tract	LoVo	184	1/2624	0/1	0	0	inf
SRX360006	TFs and others	HOXB7	Digestive tract	LoVo	350	1/2624	0/1	0	0	inf
SRX360007	TFs and others	HOXD1	Digestive tract	LoVo	238	1/2624	0/1	0	0	inf
SRX360008	TFs and others	IRF9	Digestive tract	LoVo	273	1/2624	0/1	0	0	inf
SRX360009	TFs and others	KCMF1	Digestive tract	LoVo	190	1/2624	0/1	0	0	inf
SRX360010	TFs and others	LCOR	Digestive tract	LoVo	60	1/2624	0/1	0	0	inf
SRX360011	TFs and others	LCORL	Digestive tract	LoVo	197	1/2624	0/1	0	0	inf
SRX360012	TFs and others	MAFF	Digestive tract	LoVo	117	1/2624	0/1	0	0	inf
SRX360013	TFs and others	MEOX2	Digestive tract	LoVo	72	1/2624	0/1	0	0	inf
SRX360014	TFs and others	MXI1	Digestive tract	LoVo	70	1/2624	0/1	0	0	inf
SRX360015	TFs and others	MYNN	Digestive tract	LoVo	82	1/2624	0/1	0	0	inf
SRX360016	TFs and others	NFE2L1	Digestive tract	LoVo	361	1/2624	0/1	0	0	inf
SRX360017	TFs and others	RAD21	Digestive tract	LoVo	4533	17/2624	0/1	0	0	inf
SRX360018	TFs and others	STAG1	Digestive tract	LoVo	897	4/2624	0/1	0	0	inf
SRX360019	TFs and others	STAG2	Digestive tract	LoVo	567	1/2624	0/1	0	0	inf
SRX360020	TFs and others	CTCF	Digestive tract	LoVo	5752	154/2624	0/1	0	0	inf
SRX360021	TFs and others	FOXO4	Digestive tract	LoVo	291	1/2624	0/1	0	0	inf
SRX360022	TFs and others	GRHL1	Digestive tract	LoVo	562	23/2624	0/1	0	0	inf
SRX360023	TFs and others	HOXC11	Digestive tract	LoVo	476	1/2624	0/1	0	0	inf
SRX360024	TFs and others	HOXC13	Digestive tract	LoVo	344	1/2624	0/1	0	0	inf
SRX360025	TFs and others	IRX2	Digestive tract	LoVo	145	1/2624	0/1	0	0	inf
SRX360026	TFs and others	MAFK	Digestive tract	LoVo	743	19/2624	0/1	0	0	inf
SRX360027	TFs and others	MYBL1	Digestive tract	LoVo	117	1/2624	0/1	0	0	inf
SRX360028	TFs and others	NFE2L3	Digestive tract	LoVo	143	1/2624	0/1	0	0	inf
SRX360029	TFs and others	NFIB	Digestive tract	LoVo	111	1/2624	0/1	0	0	inf
SRX360030	TFs and others	NKX2-3	Digestive tract	LoVo	80	1/2624	0/1	0	0	inf
SRX360031	TFs and others	PBX3	Digestive tract	LoVo	53	1/2624	0/1	0	0	inf
SRX360032	TFs and others	PCF11	Digestive tract	LoVo	34	1/2624	0/1	0	0	inf
SRX360033	TFs and others	PLAG1	Digestive tract	LoVo	104	1/2624	0/1	0	0	inf
SRX360034	TFs and others	PRDM4	Digestive tract	LoVo	213	1/2624	0/1	0	0	inf
SRX360035	TFs and others	RBPJ	Digestive tract	LoVo	210	1/2624	0/1	0	0	inf
SRX360036	TFs and others	RCOR1	Digestive tract	LoVo	172	1/2624	0/1	0	0	inf
SRX360037	TFs and others	RFX7	Digestive tract	LoVo	366	1/2624	0/1	0	0	inf
SRX360038	TFs and others	RLF	Digestive tract	LoVo	333	1/2624	0/1	0	0	inf
SRX360039	TFs and others	SKI	Digestive tract	LoVo	373	1/2624	0/1	0	0	inf
SRX360040	TFs and others	SNAPC4	Digestive tract	LoVo	307	1/2624	0/1	0	0	inf
SRX360041	TFs and others	TCFL5	Digestive tract	LoVo	364	1/2624	0/1	0	0	inf
SRX360042	TFs and others	TEAD4	Digestive tract	LoVo	20	1/2624	0/1	0	0	inf
SRX360043	TFs and others	TFCP2	Digestive tract	LoVo	121	1/2624	0/1	0	0	inf
SRX360044	TFs and others	THAP4	Digestive tract	LoVo	249	1/2624	0/1	0	0	inf
SRX360045	TFs and others	TOE1	Digestive tract	LoVo	122	1/2624	0/1	0	0	inf
SRX360046	TFs and others	TSHZ1	Digestive tract	LoVo	78	1/2624	0/1	0	0	inf
SRX360047	TFs and others	WHSC1	Digestive tract	LoVo	85	1/2624	0/1	0	0	inf
SRX360048	TFs and others	YBX1	Digestive tract	LoVo	335	1/2624	0/1	0	0	inf
SRX360049	TFs and others	ZBTB2	Digestive tract	LoVo	381	1/2624	0/1	0	0	inf
SRX360050	TFs and others	ZBTB24	Digestive tract	LoVo	353	1/2624	0/1	0	0	inf
SRX360051	TFs and others	ZBTB39	Digestive tract	LoVo	308	1/2624	0/1	0	0	inf
SRX360052	TFs and others	ZBTB4	Digestive tract	LoVo	299	1/2624	0/1	0	0	inf
SRX360053	TFs and others	ZBTB44	Digestive tract	LoVo	255	1/2624	0/1	0	0	inf
SRX360054	TFs and others	ZNF12	Digestive tract	LoVo	239	1/2624	0/1	0	0	inf
SRX360055	TFs and others	ZNF143	Digestive tract	LoVo	3031	473/2624	0/1	0	0	inf
SRX360056	TFs and others	ZNF217	Digestive tract	LoVo	218	2/2624	0/1	0	0	inf
SRX360057	TFs and others	ZNF263	Digestive tract	LoVo	214	2/2624	0/1	0	0	inf
SRX360058	TFs and others	ZNF266	Digestive tract	LoVo	108	1/2624	0/1	0	0	inf
SRX360059	TFs and others	ZNF280D	Digestive tract	LoVo	1372	262/2624	0/1	0	0	inf
SRX360060	TFs and others	ZNF395	Digestive tract	LoVo	168	1/2624	0/1	0	0	inf
SRX360061	TFs and others	ZNF581	Digestive tract	LoVo	327	1/2624	0/1	0	0	inf
SRX360062	TFs and others	ZNF83	Digestive tract	LoVo	2346	342/2624	0/1	0	0	inf
SRX360063	TFs and others	ZNF84	Digestive tract	LoVo	339	29/2624	0/1	0	0	inf
SRX3601929	TFs and others	GLYR1	Uterus	HeLa	515	1/2624	0/1	0	0	inf
SRX3601930	TFs and others	GLYR1	Uterus	HeLa	217	1/2624	0/1	0	0	inf
SRX3601931	TFs and others	GLYR1	Uterus	HeLa	518	1/2624	0/1	0	0	inf
SRX3601932	TFs and others	GLYR1	Uterus	HeLa	200	1/2624	0/1	0	0	inf
SRX3601933	TFs and others	GLYR1	Uterus	HeLa	519	1/2624	0/1	0	0	inf
SRX3601934	TFs and others	GLYR1	Uterus	HeLa	365	1/2624	0/1	0	0	inf
SRX3601935	TFs and others	GLYR1	Uterus	HeLa	523	1/2624	0/1	0	0	inf
SRX3601936	TFs and others	GLYR1	Uterus	HeLa	506	1/2624	0/1	0	0	inf
SRX3601937	TFs and others	GLYR1	Uterus	HeLa	543	1/2624	0/1	0	0	inf
SRX3601938	TFs and others	GLYR1	Uterus	HeLa	536	1/2624	0/1	0	0	inf
SRX3601939	TFs and others	GLYR1	Uterus	HeLa	569	1/2624	0/1	0	0	inf
SRX3601940	TFs and others	GLYR1	Uterus	HeLa	690	1/2624	0/1	0	0	inf
SRX3601957	TFs and others	ERG	Cardiovascular	HUVEC	15127	545/2624	0/1	0	0	inf
SRX3601959	TFs and others	FLI1	Cardiovascular	HUVEC	846	3/2624	0/1	0	0	inf
SRX3601960	TFs and others	FLI1	Cardiovascular	HUVEC	19658	646/2624	0/1	0	0	inf
SRX360376	TFs and others	KMT2D	Digestive tract	HCT 116	4374	107/2624	0/1	0	0	inf
SRX360377	TFs and others	EP300	Digestive tract	HCT 116	3703	83/2624	0/1	0	0	inf
SRX360402	TFs and others	VDR	Blood	THP-1	602	1/2624	0/1	0	0	inf
SRX360403	TFs and others	VDR	Blood	THP-1	595	1/2624	0/1	0	0	inf
SRX360404	TFs and others	VDR	Blood	THP-1	567	1/2624	0/1	0	0	inf
SRX360568	TFs and others	CTCF	Digestive tract	GP5d	28443	201/2624	0/1	0	0	inf
SRX360570	TFs and others	HNF4A	Digestive tract	GP5d	2414	30/2624	0/1	0	0	inf
SRX360574	TFs and others	JUND	Digestive tract	GP5d	331	7/2624	0/1	0	0	inf
SRX360575	TFs and others	KLF5	Digestive tract	GP5d	1365	69/2624	0/1	0	0	inf
SRX360576	TFs and others	MYC	Digestive tract	GP5d	3071	334/2624	0/1	0	0	inf
SRX360577	TFs and others	NIPBL	Digestive tract	GP5d	2644	315/2624	0/1	0	0	inf
SRX360578	TFs and others	RAD21	Digestive tract	GP5d	21918	208/2624	0/1	0	0	inf
SRX360579	TFs and others	REST	Digestive tract	GP5d	1961	10/2624	0/1	0	0	inf
SRX360580	TFs and others	RFX2	Digestive tract	GP5d	197	10/2624	0/1	0	0	inf
SRX360581	TFs and others	SMC3	Digestive tract	GP5d	21778	216/2624	0/1	0	0	inf
SRX360582	TFs and others	CTCF	Digestive tract	GP5d	6283	105/2624	0/1	0	0	inf
SRX360584	TFs and others	HNF4A	Digestive tract	GP5d	409	6/2624	0/1	0	0	inf
SRX360588	TFs and others	JUND	Digestive tract	GP5d	698	34/2624	0/1	0	0	inf
SRX360589	TFs and others	KLF5	Digestive tract	GP5d	94	1/2624	0/1	0	0	inf
SRX360590	TFs and others	MYC	Digestive tract	GP5d	625	31/2624	0/1	0	0	inf
SRX360591	TFs and others	NIPBL	Digestive tract	GP5d	472	56/2624	0/1	0	0	inf
SRX360592	TFs and others	RAD21	Digestive tract	GP5d	3959	48/2624	0/1	0	0	inf
SRX360593	TFs and others	REST	Digestive tract	GP5d	1738	11/2624	0/1	0	0	inf
SRX360594	TFs and others	RFX2	Digestive tract	GP5d	51	1/2624	0/1	0	0	inf
SRX360595	TFs and others	SMC3	Digestive tract	GP5d	677	5/2624	0/1	0	0	inf
SRX361198	TFs and others	TP53	Bone	Saos-2	647	91/2624	0/1	0	0	inf
SRX361222	TFs and others	GATA3	Breast	MCF-7	11404	60/2624	0/1	0	0	inf
SRX361224	TFs and others	GATA3	Breast	T-47D	5459	42/2624	0/1	0	0	inf
SRX361226	TFs and others	GATA3	Breast	MCF-7	10791	84/2624	0/1	0	0	inf
SRX361228	TFs and others	GATA3	Breast	T-47D	3255	34/2624	0/1	0	0	inf
SRX361882	TFs and others	HNF4A	Digestive tract	LoVo	1528	19/2624	0/1	0	0	inf
SRX361884	TFs and others	KLF5	Digestive tract	LoVo	211	1/2624	0/1	0	0	inf
SRX361885	TFs and others	MYC	Digestive tract	LoVo	1043	43/2624	0/1	0	0	inf
SRX361886	TFs and others	RAD21	Digestive tract	LoVo	3285	24/2624	0/1	0	0	inf
SRX361888	TFs and others	HNF4A	Digestive tract	LoVo	345	1/2624	0/1	0	0	inf
SRX361890	TFs and others	KLF5	Digestive tract	LoVo	192	1/2624	0/1	0	0	inf
SRX361891	TFs and others	MYC	Digestive tract	LoVo	370	1/2624	0/1	0	0	inf
SRX361892	TFs and others	RAD21	Digestive tract	LoVo	6318	46/2624	0/1	0	0	inf
SRX3629592	TFs and others	ESR1	Breast	MCF-7	39	1/2624	0/1	0	0	inf
SRX3629593	TFs and others	ESR1	Breast	MCF-7	5648	47/2624	0/1	0	0	inf
SRX3629594	TFs and others	ESR1	Breast	MCF-7	7102	56/2624	0/1	0	0	inf
SRX3629595	TFs and others	ESR1	Breast	MCF-7	43	2/2624	0/1	0	0	inf
SRX3629596	TFs and others	ESR1	Breast	MCF-7	5205	37/2624	0/1	0	0	inf
SRX3629597	TFs and others	ESR1	Breast	MCF-7	3268	24/2624	0/1	0	0	inf
SRX3629598	TFs and others	ESR1	Breast	MCF-7	40	1/2624	0/1	0	0	inf
SRX3629599	TFs and others	ESR1	Breast	MCF-7	5420	37/2624	0/1	0	0	inf
SRX3629600	TFs and others	ESR1	Breast	MCF-7	2513	22/2624	0/1	0	0	inf
SRX3629601	TFs and others	ESR1	Breast	MCF-7	63	3/2624	0/1	0	0	inf
SRX3629602	TFs and others	ESR1	Breast	MCF-7	5748	46/2624	0/1	0	0	inf
SRX3629604	TFs and others	ESR1	Breast	MCF-7	4186	27/2624	0/1	0	0	inf
SRX3630656	TFs and others	FOXO3	Pluripotent stem cell	iPS derived neural cells	13	1/2624	0/1	0	0	inf
SRX3630657	TFs and others	FOXO3	Pluripotent stem cell	iPS derived neural cells	34	1/2624	0/1	0	0	inf
SRX3630658	TFs and others	FOXO3	Pluripotent stem cell	iPS derived neural cells	20	1/2624	0/1	0	0	inf
SRX3630659	TFs and others	FOXO3	Pluripotent stem cell	iPS derived neural cells	21	1/2624	0/1	0	0	inf
SRX3630660	TFs and others	FOXO3	Pluripotent stem cell	iPS derived neural cells	323	1/2624	0/1	0	0	inf
SRX3630661	TFs and others	FOXO3	Pluripotent stem cell	iPS derived neural cells	552	1/2624	0/1	0	0	inf
SRX3630662	TFs and others	FOXO3	Pluripotent stem cell	iPS derived neural cells	410	1/2624	0/1	0	0	inf
SRX3630663	TFs and others	FOXO3	Pluripotent stem cell	iPS derived neural cells	359	1/2624	0/1	0	0	inf
SRX3630664	TFs and others	FOXO3	Pluripotent stem cell	iPS derived neural cells	543	1/2624	0/1	0	0	inf
SRX3630665	TFs and others	FOXO3	Pluripotent stem cell	iPS derived neural cells	352	1/2624	0/1	0	0	inf
SRX3630666	TFs and others	FOXO3	Pluripotent stem cell	iPS derived neural cells	401	1/2624	0/1	0	0	inf
SRX3630667	TFs and others	FOXO3	Pluripotent stem cell	iPS derived neural cells	251	1/2624	0/1	0	0	inf
SRX3630668	TFs and others	FOXO3	Pluripotent stem cell	iPS derived neural cells	126	1/2624	0/1	0	0	inf
SRX3630669	TFs and others	FOXO3	Pluripotent stem cell	iPS derived neural cells	24	1/2624	0/1	0	0	inf
SRX3630670	TFs and others	FOXO3	Pluripotent stem cell	iPS derived neural cells	40	1/2624	0/1	0	0	inf
SRX3630671	TFs and others	FOXO3	Pluripotent stem cell	iPS derived neural cells	426	1/2624	0/1	0	0	inf
SRX3630672	TFs and others	FOXO3	Pluripotent stem cell	iPS derived neural cells	307	1/2624	0/1	0	0	inf
SRX3630673	TFs and others	FOXO3	Pluripotent stem cell	iPS derived neural cells	315	1/2624	0/1	0	0	inf
SRX3630674	TFs and others	FOXO3	Pluripotent stem cell	iPS derived neural cells	82	1/2624	0/1	0	0	inf
SRX3630675	TFs and others	FOXO3	Pluripotent stem cell	iPS derived neural cells	24	1/2624	0/1	0	0	inf
SRX3630676	TFs and others	FOXO3	Pluripotent stem cell	iPS derived neural cells	27	1/2624	0/1	0	0	inf
SRX3630677	TFs and others	FOXO3	Pluripotent stem cell	iPS derived neural cells	35	1/2624	0/1	0	0	inf
SRX3630678	TFs and others	FOXO3	Pluripotent stem cell	iPS derived neural cells	39	1/2624	0/1	0	0	inf
SRX3630679	TFs and others	FOXO3	Pluripotent stem cell	iPS derived neural cells	602	1/2624	0/1	0	0	inf
SRX3630680	TFs and others	FOXO3	Pluripotent stem cell	iPS derived neural cells	631	1/2624	0/1	0	0	inf
SRX3630681	TFs and others	FOXO3	Pluripotent stem cell	iPS derived neural cells	671	1/2624	0/1	0	0	inf
SRX3630682	TFs and others	FOXO3	Pluripotent stem cell	iPS derived neural cells	561	1/2624	0/1	0	0	inf
SRX3630683	TFs and others	FOXO3	Pluripotent stem cell	iPS derived neural cells	631	1/2624	0/1	0	0	inf
SRX3630684	TFs and others	FOXO3	Pluripotent stem cell	iPS derived neural cells	467	1/2624	0/1	0	0	inf
SRX3630685	TFs and others	FOXO3	Pluripotent stem cell	iPS derived neural cells	281	1/2624	0/1	0	0	inf
SRX3630686	TFs and others	FOXO3	Pluripotent stem cell	iPS derived neural cells	466	1/2624	0/1	0	0	inf
SRX3630687	TFs and others	FOXO3	Pluripotent stem cell	iPS derived neural cells	180	1/2624	0/1	0	0	inf
SRX3630814	TFs and others	ESR1	Uterus	Ishikawa	5201	117/2624	0/1	0	0	inf
SRX3630815	TFs and others	NR3C1	Uterus	Ishikawa	1531	17/2624	0/1	0	0	inf
SRX3630816	TFs and others	ESR1	Uterus	Ishikawa	8058	178/2624	0/1	0	0	inf
SRX3630817	TFs and others	NR3C1	Uterus	Ishikawa	2326	26/2624	0/1	0	0	inf
SRX3630818	TFs and others	ESR1	Uterus	Ishikawa	600	68/2624	0/1	0	0	inf
SRX3630819	TFs and others	NR3C1	Uterus	Ishikawa	247	9/2624	0/1	0	0	inf
SRX3631510	TFs and others	ETS1	Others	SCC-25	2888	381/2624	0/1	0	0	inf
SRX3631511	TFs and others	ETS1	Others	SCC-25	4167	377/2624	0/1	0	0	inf
SRX3631512	TFs and others	ETS1	Others	SCC-25	4024	520/2624	0/1	0	0	inf
SRX3636818	TFs and others	NR3C1	Blood	ALL xenograft	488	1/2624	0/1	0	0	inf
SRX3636819	TFs and others	NR3C1	Blood	ALL xenograft	5062	22/2624	0/1	0	0	inf
SRX3636820	TFs and others	NR3C1	Blood	ALL xenograft	682	1/2624	0/1	0	0	inf
SRX3636821	TFs and others	NR3C1	Blood	ALL xenograft	1165	5/2624	0/1	0	0	inf
SRX3636885	TFs and others	RELA	Kidney	Renal cell carcinoma	3369	155/2624	0/1	0	0	inf
SRX3637253	TFs and others	SMAD3	Digestive tract	SW 480	505	4/2624	0/1	0	0	inf
SRX3638907	TFs and others	RELA	Bone	U2OS	2608	183/2624	0/1	0	0	inf
SRX3638908	TFs and others	RELA	Bone	U2OS	1429	29/2624	0/1	0	0	inf
SRX3638909	TFs and others	RELA	Bone	U2OS	1146	20/2624	0/1	0	0	inf
SRX3638910	TFs and others	RELA	Bone	U2OS	1067	6/2624	0/1	0	0	inf
SRX3638911	TFs and others	RELA	Bone	U2OS	1306	21/2624	0/1	0	0	inf
SRX3640570	TFs and others	INTS3	Uterus	HeLa	2783	169/2624	0/1	0	0	inf
SRX3640576	TFs and others	INTS3	Uterus	HeLa	1174	6/2624	0/1	0	0	inf
SRX3640577	TFs and others	INTS3	Uterus	HeLa	973	8/2624	0/1	0	0	inf
SRX3642946	TFs and others	PRMT1	Epidermis	Keratinocytes	10115	333/2624	0/1	0	0	inf
SRX3642947	TFs and others	PRMT1	Epidermis	Keratinocytes	13863	515/2624	0/1	0	0	inf
SRX3642948	TFs and others	PRMT1	Epidermis	Keratinocytes	967	12/2624	0/1	0	0	inf
SRX3642949	TFs and others	PRMT1	Epidermis	Keratinocytes	750	2/2624	0/1	0	0	inf
SRX3644342	TFs and others	FOXA2	Epidermis	BJ	36491	105/2624	0/1	0	0	inf
SRX3644354	TFs and others	FOXA2	Epidermis	BJ	4834	9/2624	0/1	0	0	inf
SRX3644355	TFs and others	FOXA2	Epidermis	BJ	68032	18/2624	0/1	0	0	inf
SRX3644356	TFs and others	FOXA2	Epidermis	BJ	54610	32/2624	0/1	0	0	inf
SRX3644357	TFs and others	Epitope tags	Epidermis	BJ	2465	419/2624	0/1	0	0	inf
SRX3644358	TFs and others	FOXA2	Epidermis	BJ	4645	71/2624	0/1	0	0	inf
SRX365497	TFs and others	PGR	Breast	T-47D	43	1/2624	0/1	0	0	inf
SRX3657346	TFs and others	Epitope tags	Kidney	293	763	1/2624	0/1	0	0	inf
SRX3657350	TFs and others	Epitope tags	Kidney	293	786	4/2624	0/1	0	0	inf
SRX3657392	TFs and others	KMT2A	Blood	SHI-1	249	1/2624	0/1	0	0	inf
SRX365798	TFs and others	NR3C1	Prostate	LREX	2333	5/2624	0/1	0	0	inf
SRX365799	TFs and others	AR	Prostate	LREX	212	1/2624	0/1	0	0	inf
SRX366167	TFs and others	SMAD3	Lung	NCI-H441	9860	298/2624	0/1	0	0	inf
SRX366168	TFs and others	SMAD3	Lung	NCI-H441	19858	391/2624	0/1	0	0	inf
SRX366169	TFs and others	NKX2-1	Lung	NCI-H441	36653	720/2624	0/1	0	0	inf
SRX366170	TFs and others	NKX2-1	Lung	NCI-H441	24176	430/2624	0/1	0	0	inf
SRX366172	TFs and others	SMAD4	Lung	NCI-H441	198	8/2624	0/1	0	0	inf
SRX366173	TFs and others	SMAD4	Lung	NCI-H441	1601	46/2624	0/1	0	0	inf
SRX366175	TFs and others	SMAD3	Lung	A549	3147	73/2624	0/1	0	0	inf
SRX3666488	TFs and others	TP53	Blood	T cells	266	1/2624	0/1	0	0	inf
SRX3666490	TFs and others	TP53	Blood	T cells	1379	13/2624	0/1	0	0	inf
SRX3666492	TFs and others	TP53	Blood	T cells	825	9/2624	0/1	0	0	inf
SRX3666494	TFs and others	TP53	Blood	T cells	153	3/2624	0/1	0	0	inf
SRX3666496	TFs and others	TP53	Blood	T cells	1007	8/2624	0/1	0	0	inf
SRX3666498	TFs and others	TP53	Blood	T cells	1338	11/2624	0/1	0	0	inf
SRX3666500	TFs and others	TP53	Blood	T cells	368	1/2624	0/1	0	0	inf
SRX3666502	TFs and others	TP53	Blood	T cells	355	1/2624	0/1	0	0	inf
SRX3666504	TFs and others	TP53	Blood	T cells	896	8/2624	0/1	0	0	inf
SRX3666506	TFs and others	TP53	Blood	T cells	518	2/2624	0/1	0	0	inf
SRX3666508	TFs and others	TP53	Blood	T cells	833	6/2624	0/1	0	0	inf
SRX3666510	TFs and others	TP53	Blood	T cells	1492	11/2624	0/1	0	0	inf
SRX366787	TFs and others	BRD2	Blood	MM.1S	860	37/2624	0/1	0	0	inf
SRX366788	TFs and others	BRD2	Blood	MM.1S	1112	67/2624	0/1	0	0	inf
SRX366789	TFs and others	BRD2	Blood	MM.1S	264	9/2624	0/1	0	0	inf
SRX366792	TFs and others	BRD3	Blood	MM.1S	8379	1115/2624	0/1	0	0	inf
SRX366793	TFs and others	BRD3	Blood	MM.1S	3321	593/2624	0/1	0	0	inf
SRX366794	TFs and others	BRD3	Blood	MM.1S	3376	607/2624	0/1	0	0	inf
SRX366795	TFs and others	BRD3	Blood	MM.1S	3206	573/2624	0/1	0	0	inf
SRX367012	TFs and others	RELA	Cardiovascular	AC16	185	1/2624	0/1	0	0	inf
SRX367013	TFs and others	RELA	Cardiovascular	AC16	458	3/2624	0/1	0	0	inf
SRX367014	TFs and others	RELA	Cardiovascular	AC16	572	2/2624	0/1	0	0	inf
SRX367015	TFs and others	RELA	Cardiovascular	AC16	511	3/2624	0/1	0	0	inf
SRX367192	TFs and others	TCF7L2	Prostate	LNCAP	8621	256/2624	0/1	0	0	inf
SRX367310	TFs and others	JMJD6	Kidney	293	318	1/2624	0/1	0	0	inf
SRX367311	TFs and others	JMJD6	Kidney	293	3197	31/2624	0/1	0	0	inf
SRX367312	TFs and others	BRD4	Kidney	293	565	3/2624	0/1	0	0	inf
SRX367313	TFs and others	BRD4	Kidney	293	2154	160/2624	0/1	0	0	inf
SRX367321	TFs and others	EP300	Kidney	293	696	15/2624	0/1	0	0	inf
SRX367328	TFs and others	CDK9	Kidney	293	2376	230/2624	0/1	0	0	inf
SRX367329	TFs and others	CDK9	Kidney	293	216	1/2624	0/1	0	0	inf
SRX367330	TFs and others	CDK9	Kidney	293	111	1/2624	0/1	0	0	inf
SRX367336	TFs and others	JMJD6	Uterus	HeLa	1082	21/2624	0/1	0	0	inf
SRX367337	TFs and others	BRD4	Uterus	HeLa	239	9/2624	0/1	0	0	inf
SRX367451	TFs and others	Epitope tags	Neural	LN-229	314	1/2624	0/1	0	0	inf
SRX367452	TFs and others	Epitope tags	Neural	LN-229	230	1/2624	0/1	0	0	inf
SRX367492	TFs and others	FOXK1	Kidney	293	2733	416/2624	0/1	0	0	inf
SRX3675841	TFs and others	RAD21	Uterus	HeLa	37029	853/2624	0/1	0	0	inf
SRX3675842	TFs and others	RAD21	Uterus	HeLa	24391	440/2624	0/1	0	0	inf
SRX367636	TFs and others	KLF5	Digestive tract	YCC-3	484	2/2624	0/1	0	0	inf
SRX367637	TFs and others	GATA4	Digestive tract	YCC-3	1844	8/2624	0/1	0	0	inf
SRX367638	TFs and others	GATA6	Digestive tract	YCC-3	12642	135/2624	0/1	0	0	inf
SRX367640	TFs and others	KLF5	Digestive tract	AGS	256	3/2624	0/1	0	0	inf
SRX367642	TFs and others	GATA6	Digestive tract	AGS	10831	46/2624	0/1	0	0	inf
SRX367645	TFs and others	GATA4	Digestive tract	KATO III	743	1/2624	0/1	0	0	inf
SRX367646	TFs and others	GATA6	Digestive tract	KATO III	797	5/2624	0/1	0	0	inf
SRX3679644	TFs and others	Epitope tags	Gonad	TOV-21G	239	1/2624	0/1	0	0	inf
SRX3679645	TFs and others	Epitope tags	Gonad	TOV-21G	524	1/2624	0/1	0	0	inf
SRX3679898	TFs and others	KMT2D	Epidermis	Keratinocytes	792	1/2624	0/1	0	0	inf
SRX3679900	TFs and others	KMT2D	Epidermis	Keratinocytes	898	2/2624	0/1	0	0	inf
SRX3679902	TFs and others	KMT2D	Epidermis	Keratinocytes	696	2/2624	0/1	0	0	inf
SRX3679904	TFs and others	KMT2D	Epidermis	Keratinocytes	694	3/2624	0/1	0	0	inf
SRX3679906	TFs and others	TP63	Epidermis	Keratinocytes	802	2/2624	0/1	0	0	inf
SRX3680730	TFs and others	BRD4	Digestive tract	SW 480	5841	219/2624	0/1	0	0	inf
SRX3680731	TFs and others	BRD4	Digestive tract	SW 480	4828	163/2624	0/1	0	0	inf
SRX3686691	TFs and others	CTNNB1	Pluripotent stem cell	hESC derived neural cells	488	2/2624	0/1	0	0	inf
SRX3686693	TFs and others	CTNNB1	Pluripotent stem cell	hESC derived neural cells	402	2/2624	0/1	0	0	inf
SRX3686695	TFs and others	SOX21	Pluripotent stem cell	hESC derived neural cells	672	3/2624	0/1	0	0	inf
SRX368849	TFs and others	CDK8	Blood	MM.1S	2411	38/2624	0/1	0	0	inf
SRX369125	TFs and others	GABPA	Blood	CUTLL1	3942	307/2624	0/1	0	0	inf
SRX369126	TFs and others	RUNX1	Blood	CUTLL1	15601	841/2624	0/1	0	0	inf
SRX369128	TFs and others	NOTCH1	Blood	CUTLL1	3299	513/2624	0/1	0	0	inf
SRX369129	TFs and others	RBPJ	Blood	CUTLL1	2549	334/2624	0/1	0	0	inf
SRX369131	TFs and others	NOTCH1	Blood	CUTLL1	4298	550/2624	0/1	0	0	inf
SRX369132	TFs and others	RBPJ	Blood	CUTLL1	4339	465/2624	0/1	0	0	inf
SRX369137	TFs and others	MED1	Blood	CUTLL1	7144	527/2624	0/1	0	0	inf
SRX369138	TFs and others	EP300	Blood	CUTLL1	7940	288/2624	0/1	0	0	inf
SRX3694983	TFs and others	HDAC2	Blood	HL-60	216	1/2624	0/1	0	0	inf
SRX3694988	TFs and others	HDAC2	Blood	HL-60	175	1/2624	0/1	0	0	inf
SRX3703140	TFs and others	MEF2B	Blood	B cells	16590	459/2624	0/1	0	0	inf
SRX3703142	TFs and others	MEF2B	Blood	B cells	7157	60/2624	0/1	0	0	inf
SRX3703144	TFs and others	MEF2B	Blood	DLBCL	5480	21/2624	0/1	0	0	inf
SRX3703145	TFs and others	MEF2B	Blood	DLBCL	3024	11/2624	0/1	0	0	inf
SRX3703147	TFs and others	MEF2B	Blood	DLBCL	6683	37/2624	0/1	0	0	inf
SRX3703148	TFs and others	MEF2B	Blood	DLBCL	1269	8/2624	0/1	0	0	inf
SRX371427	TFs and others	ESR1	Others	Tumour tissues	2076	31/2624	0/1	0	0	inf
SRX371428	TFs and others	ESR1	Others	Tumour tissues	659	6/2624	0/1	0	0	inf
SRX371429	TFs and others	ESR1	Others	Tumour tissues	286	1/2624	0/1	0	0	inf
SRX371430	TFs and others	ESR1	Others	Tumour tissues	9273	152/2624	0/1	0	0	inf
SRX371431	TFs and others	ESR1	Others	Tumour tissues	344	4/2624	0/1	0	0	inf
SRX371432	TFs and others	ESR1	Others	Tumour tissues	347	2/2624	0/1	0	0	inf
SRX371433	TFs and others	ESR1	Others	Tumour tissues	1365	21/2624	0/1	0	0	inf
SRX371434	TFs and others	ESR1	Others	Tumour tissues	99	2/2624	0/1	0	0	inf
SRX371435	TFs and others	ESR1	Others	Tumour tissues	532	5/2624	0/1	0	0	inf
SRX371436	TFs and others	ESR1	Others	Tumour tissues	215	1/2624	0/1	0	0	inf
SRX371438	TFs and others	ESR1	Others	Tumour tissues	806	11/2624	0/1	0	0	inf
SRX371439	TFs and others	ESR1	Others	Tumour tissues	10495	187/2624	0/1	0	0	inf
SRX371440	TFs and others	ESR1	Others	Tumour tissues	73	1/2624	0/1	0	0	inf
SRX371441	TFs and others	ESR1	Others	Tumour tissues	678	8/2624	0/1	0	0	inf
SRX371442	TFs and others	ESR1	Others	Tumour tissues	351	9/2624	0/1	0	0	inf
SRX371443	TFs and others	ESR1	Others	Tumour tissues	1348	29/2624	0/1	0	0	inf
SRX371444	TFs and others	ESR1	Others	Tumour tissues	800	12/2624	0/1	0	0	inf
SRX371445	TFs and others	ESR1	Others	Tumour tissues	4148	31/2624	0/1	0	0	inf
SRX371446	TFs and others	ESR1	Others	Tumour tissues	39413	1170/2624	0/1	0	0	inf
SRX371447	TFs and others	ESR1	Others	Tumour tissues	3920	53/2624	0/1	0	0	inf
SRX371467	TFs and others	ESR1	Breast	MCF-7	31586	349/2624	0/1	0	0	inf
SRX371468	TFs and others	ESR1	Breast	MCF-7	21179	156/2624	0/1	0	0	inf
SRX371469	TFs and others	ESR1	Breast	MCF-7	33512	270/2624	0/1	0	0	inf
SRX371470	TFs and others	ESR1	Breast	ZR-75-1	37855	258/2624	0/1	0	0	inf
SRX371471	TFs and others	ESR1	Breast	ZR-75-1	49023	258/2624	0/1	0	0	inf
SRX371472	TFs and others	ESR1	Breast	T-47D	11692	163/2624	0/1	0	0	inf
SRX371473	TFs and others	ESR1	Breast	T-47D	12452	139/2624	0/1	0	0	inf
SRX371474	TFs and others	ESR1	Breast	BT-474	18787	253/2624	0/1	0	0	inf
SRX371475	TFs and others	ESR1	Breast	BT-474	19871	320/2624	0/1	0	0	inf
SRX371476	TFs and others	ESR1	Breast	MCF-7	27214	223/2624	0/1	0	0	inf
SRX371477	TFs and others	ESR1	Breast	MCF-7	21076	201/2624	0/1	0	0	inf
SRX371478	TFs and others	ESR1	Breast	MCF-7	35407	327/2624	0/1	0	0	inf
SRX371479	TFs and others	ESR1	Breast	MCF-7	25157	279/2624	0/1	0	0	inf
SRX371480	TFs and others	FOXA1	Breast	MCF-7	23140	187/2624	0/1	0	0	inf
SRX371481	TFs and others	FOXA1	Breast	MCF-7	30915	307/2624	0/1	0	0	inf
SRX371482	TFs and others	FOXA1	Breast	MCF-7	41670	372/2624	0/1	0	0	inf
SRX371483	TFs and others	FOXA1	Breast	MCF-7	33582	291/2624	0/1	0	0	inf
SRX371981	TFs and others	GATA6	Digestive tract	AGS	1210	1/2624	0/1	0	0	inf
SRX371983	TFs and others	GATA6	Digestive tract	HuG1-N	891	9/2624	0/1	0	0	inf
SRX3721450	TFs and others	TP53	Bone	U2OS	1033	3/2624	0/1	0	0	inf
SRX3721451	TFs and others	TP53	Bone	U2OS	1394	6/2624	0/1	0	0	inf
SRX3721452	TFs and others	TP53	Bone	U2OS	1303	5/2624	0/1	0	0	inf
SRX372174	TFs and others	NR2F2	Uterus	Endometrial stromal cells	12607	153/2624	0/1	0	0	inf
SRX3722703	TFs and others	ESR1	Breast	Breast cancer cells	50415	609/2624	0/1	0	0	inf
SRX3722705	TFs and others	ESR1	Breast	Breast cancer cells	22697	325/2624	0/1	0	0	inf
SRX3722706	TFs and others	ESR1	Breast	Breast cancer cells	24448	286/2624	0/1	0	0	inf
SRX3722707	TFs and others	ESR1	Breast	Breast cancer cells	26571	340/2624	0/1	0	0	inf
SRX373256	TFs and others	FOXM1	Uterus	HeLa	572	79/2624	0/1	0	0	inf
SRX373257	TFs and others	FOXM1	Uterus	HeLa	363	41/2624	0/1	0	0	inf
SRX3733787	TFs and others	CTCF	Liver	Hep G2	1205	85/2624	0/1	0	0	inf
SRX3733796	TFs and others	CTCF	Liver	Hep G2	2107	77/2624	0/1	0	0	inf
SRX3733797	TFs and others	EP300	Liver	Hep G2	397	1/2624	0/1	0	0	inf
SRX3734300	TFs and others	TP53	Epidermis	Foreskin	692	4/2624	0/1	0	0	inf
SRX3734301	TFs and others	TP53	Epidermis	Foreskin	1114	9/2624	0/1	0	0	inf
SRX3734314	TFs and others	TP63	Breast	Mammary glands	24519	142/2624	0/1	0	0	inf
SRX3734319	TFs and others	TP63	Breast	Mammary glands	32922	203/2624	0/1	0	0	inf
SRX3734320	TFs and others	TP53	Breast	Mammary glands	2270	12/2624	0/1	0	0	inf
SRX3734321	TFs and others	TP53	Breast	Mammary glands	7471	81/2624	0/1	0	0	inf
SRX3737112	TFs and others	SLBP	Kidney	293	275	1/2624	0/1	0	0	inf
SRX3737113	TFs and others	SLBP	Kidney	293	39	1/2624	0/1	0	0	inf
SRX3737114	TFs and others	SLBP	Kidney	293	302	1/2624	0/1	0	0	inf
SRX3737115	TFs and others	SLBP	Kidney	293	46	1/2624	0/1	0	0	inf
SRX3737116	TFs and others	CSTF3	Kidney	293	103	1/2624	0/1	0	0	inf
SRX3737117	TFs and others	CSTF3	Kidney	293	217	4/2624	0/1	0	0	inf
SRX3737118	TFs and others	NELFA	Kidney	293	10813	1228/2624	0/1	0	0	inf
SRX3737119	TFs and others	NELFA	Kidney	293	5031	624/2624	0/1	0	0	inf
SRX373873	TFs and others	SOX11	Blood	GRANTA-519	93	1/2624	0/1	0	0	inf
SRX373874	TFs and others	SOX11	Blood	GRANTA-519	276	2/2624	0/1	0	0	inf
SRX3739733	TFs and others	Epitope tags	Others	B-CPAP	147	1/2624	0/1	0	0	inf
SRX3739734	TFs and others	Epitope tags	Others	B-CPAP	177	1/2624	0/1	0	0	inf
SRX3745255	TFs and others	Epitope tags	Lung	NCI-H1299	592	2/2624	0/1	0	0	inf
SRX3745256	TFs and others	Epitope tags	Lung	NCI-H1299	764	2/2624	0/1	0	0	inf
SRX3745257	TFs and others	Epitope tags	Lung	NCI-H1299	629	1/2624	0/1	0	0	inf
SRX3745258	TFs and others	Epitope tags	Lung	NCI-H1299	561	2/2624	0/1	0	0	inf
SRX3751768	TFs and others	BRD2	Adipocyte	LPS141	4148	228/2624	0/1	0	0	inf
SRX3751769	TFs and others	BRD3	Adipocyte	LPS141	3205	409/2624	0/1	0	0	inf
SRX3751770	TFs and others	BRD4	Adipocyte	LPS141	3448	211/2624	0/1	0	0	inf
SRX3751771	TFs and others	FOSL2	Adipocyte	LPS141	7714	141/2624	0/1	0	0	inf
SRX3751772	TFs and others	RUNX1	Adipocyte	LPS141	679	24/2624	0/1	0	0	inf
SRX3751778	TFs and others	DDIT3	Adipocyte	402-91	16148	316/2624	0/1	0	0	inf
SRX3757016	TFs and others	Cas9	Pluripotent stem cell	NCCIT	414	3/2624	0/1	0	0	inf
SRX3757018	TFs and others	Cas9	Pluripotent stem cell	NCCIT	617	4/2624	0/1	0	0	inf
SRX3758833	TFs and others	BrdU	Uterus	HeLa	2135	6/2624	0/1	0	0	inf
SRX3758834	TFs and others	BrdU	Uterus	HeLa	1266	2/2624	0/1	0	0	inf
SRX3758835	TFs and others	BrdU	Uterus	HeLa	2433	1/2624	0/1	0	0	inf
SRX3768261	TFs and others	PLAG1	Blood	K-562	6947	383/2624	0/1	0	0	inf
SRX3768262	TFs and others	PLAG1	Blood	K-562	4249	264/2624	0/1	0	0	inf
SRX3768263	TFs and others	USF2	Blood	K-562	1241	59/2624	0/1	0	0	inf
SRX3768264	TFs and others	USF2	Blood	K-562	947	28/2624	0/1	0	0	inf
SRX3768713	TFs and others	MLLT3	Blood	CD34 Hematopoietic stem cells	482	1/2624	0/1	0	0	inf
SRX3768714	TFs and others	MLLT3	Blood	CD34 Hematopoietic stem cells	787	1/2624	0/1	0	0	inf
SRX3768715	TFs and others	MLLT3	Blood	CD34 Hematopoietic stem cells	653	1/2624	0/1	0	0	inf
SRX3768720	TFs and others	MLLT3	Blood	Erythroblasts	97	1/2624	0/1	0	0	inf
SRX3768721	TFs and others	MLLT3	Blood	Erythroblasts	563	1/2624	0/1	0	0	inf
SRX3768734	TFs and others	Epitope tags	Blood	CD34 Hematopoietic stem cells	425	1/2624	0/1	0	0	inf
SRX3768735	TFs and others	Epitope tags	Blood	CD34 Hematopoietic stem cells	517	1/2624	0/1	0	0	inf
SRX3768736	TFs and others	MLLT3	Blood	CD34 Hematopoietic stem cells	326	1/2624	0/1	0	0	inf
SRX3768737	TFs and others	MLLT3	Blood	CD34 Hematopoietic stem cells	337	2/2624	0/1	0	0	inf
SRX377960	TFs and others	ZFHX4	Neural	Glioblastoma	591	7/2624	0/1	0	0	inf
SRX377961	TFs and others	ZFHX4	Neural	Glioblastoma	475	4/2624	0/1	0	0	inf
SRX377962	TFs and others	CHD4	Neural	Glioblastoma	523	1/2624	0/1	0	0	inf
SRX377963	TFs and others	CHD4	Neural	Glioblastoma	1552	17/2624	0/1	0	0	inf
SRX378019	TFs and others	KSHV LANA	Blood	BCBL1	558	11/2624	0/1	0	0	inf
SRX378020	TFs and others	KSHV LANA	Uterus	TIVE-LTC	809	4/2624	0/1	0	0	inf
SRX378021	TFs and others	KSHV LANA	Uterus	TIVE-LTC	436	1/2624	0/1	0	0	inf
SRX378022	TFs and others	KSHV LANA	Uterus	TIVE-LTC	398	1/2624	0/1	0	0	inf
SRX378124	TFs and others	TEAD4	Pluripotent stem cell	hESC WA09	432	3/2624	0/1	0	0	inf
SRX378125	TFs and others	TEAD4	Pluripotent stem cell	hESC WA09	441	2/2624	0/1	0	0	inf
SRX378126	TFs and others	SMAD2	Pluripotent stem cell	hESC WA09	336	1/2624	0/1	0	0	inf
SRX378127	TFs and others	SMAD2	Pluripotent stem cell	hESC WA09	414	1/2624	0/1	0	0	inf
SRX3781811	TFs and others	Epitope tags	Digestive tract	HCT 116	510	8/2624	0/1	0	0	inf
SRX3781812	TFs and others	Epitope tags	Digestive tract	HCT 116	370	2/2624	0/1	0	0	inf
SRX3781813	TFs and others	Epitope tags	Digestive tract	HCT 116	1394	23/2624	0/1	0	0	inf
SRX3781814	TFs and others	Epitope tags	Digestive tract	HCT 116	922	15/2624	0/1	0	0	inf
SRX3781815	TFs and others	Epitope tags	Digestive tract	HCT 116	849	15/2624	0/1	0	0	inf
SRX3781816	TFs and others	Epitope tags	Digestive tract	HCT 116	47	1/2624	0/1	0	0	inf
SRX3781817	TFs and others	Epitope tags	Digestive tract	HCT 116	25	1/2624	0/1	0	0	inf
SRX378796	TFs and others	CDK6	Uterus	KB	369	14/2624	0/1	0	0	inf
SRX378797	TFs and others	CDK6	Uterus	KB	1611	164/2624	0/1	0	0	inf
SRX378804	TFs and others	RELA	Uterus	KB	4956	689/2624	0/1	0	0	inf
SRX378805	TFs and others	RELA	Uterus	KB	5050	589/2624	0/1	0	0	inf
SRX3789538	TFs and others	RUNX1	Blood	Acute myeloid leukemia	1261	415/2624	0/1	0	0	inf
SRX3789539	TFs and others	RUNX1	Blood	Acute myeloid leukemia	3079	878/2624	0/1	0	0	inf
SRX3789540	TFs and others	RUNX1	Blood	Acute myeloid leukemia	966	318/2624	0/1	0	0	inf
SRX3789541	TFs and others	RUNX1	Blood	Acute myeloid leukemia	64	1/2624	0/1	0	0	inf
SRX3791761	TFs and others	HMGA1	Lung	IMR-90	494	1/2624	0/1	0	0	inf
SRX3791762	TFs and others	HMGA1	Lung	IMR-90	613	1/2624	0/1	0	0	inf
SRX3797277	TFs and others	ZNF768	Blood	RAJI	9146	53/2624	0/1	0	0	inf
SRX3797278	TFs and others	ZNF768	Blood	RAJI	2806	7/2624	0/1	0	0	inf
SRX3797280	TFs and others	ZNF768	Bone	U2OS	3676	9/2624	0/1	0	0	inf
SRX3797281	TFs and others	ZNF768	Bone	U2OS	1448	5/2624	0/1	0	0	inf
SRX3798673	TFs and others	BRCA1	Neural	SH-EP	434	14/2624	0/1	0	0	inf
SRX3798674	TFs and others	BRCA1	Neural	SH-EP	7678	711/2624	0/1	0	0	inf
SRX3798680	TFs and others	BRCA1	Neural	SH-EP	674	81/2624	0/1	0	0	inf
SRX3798682	TFs and others	MYCN	Neural	SH-EP	767	50/2624	0/1	0	0	inf
SRX3800706	TFs and others	CTCF	Breast	T-47D	47707	684/2624	0/1	0	0	inf
SRX3800707	TFs and others	CTCF	Breast	T-47D	30436	525/2624	0/1	0	0	inf
SRX3800708	TFs and others	CTCF	Breast	T-47D	29429	526/2624	0/1	0	0	inf
SRX3800709	TFs and others	CTCF	Breast	T-47D	43539	667/2624	0/1	0	0	inf
SRX3800710	TFs and others	CTCF	Breast	T-47D	31677	484/2624	0/1	0	0	inf
SRX3800711	TFs and others	CTCF	Breast	T-47D	27634	431/2624	0/1	0	0	inf
SRX3800712	TFs and others	CTCF	Breast	T-47D	30720	522/2624	0/1	0	0	inf
SRX3800728	TFs and others	RAD21	Breast	T-47D	5527	237/2624	0/1	0	0	inf
SRX3800729	TFs and others	RAD21	Breast	T-47D	1805	60/2624	0/1	0	0	inf
SRX3800730	TFs and others	RAD21	Breast	T-47D	1689	105/2624	0/1	0	0	inf
SRX3800731	TFs and others	RAD21	Breast	T-47D	5427	331/2624	0/1	0	0	inf
SRX3800732	TFs and others	RAD21	Breast	T-47D	2424	141/2624	0/1	0	0	inf
SRX3800733	TFs and others	RAD21	Breast	T-47D	6783	313/2624	0/1	0	0	inf
SRX381502	TFs and others	Epitope tags	Blood	B cells	5859	47/2624	0/1	0	0	inf
SRX381503	TFs and others	Epitope tags	Blood	B cells	7022	58/2624	0/1	0	0	inf
SRX381543	TFs and others	LDB1	Blood	Erythroblasts	11177	22/2624	0/1	0	0	inf
SRX3815839	TFs and others	RAD21	Uterus	HeLa	24420	373/2624	0/1	0	0	inf
SRX3815840	TFs and others	NIPBL	Uterus	HeLa	995	28/2624	0/1	0	0	inf
SRX3815842	TFs and others	RAD21	Uterus	HeLa	26417	300/2624	0/1	0	0	inf
SRX3815843	TFs and others	NIPBL	Uterus	HeLa	964	15/2624	0/1	0	0	inf
SRX3815844	TFs and others	MCM2	Uterus	HeLa	768	1/2624	0/1	0	0	inf
SRX382353	TFs and others	RNF2	Epidermis	Melanocytes	3012	301/2624	0/1	0	0	inf
SRX382354	TFs and others	RNF2	Epidermis	Melanocytes	959	130/2624	0/1	0	0	inf
SRX3824039	TFs and others	RCOR1	Blood	THP-1	823	6/2624	0/1	0	0	inf
SRX3824040	TFs and others	RCOR1	Blood	THP-1	595	2/2624	0/1	0	0	inf
SRX3824041	TFs and others	SPI1	Blood	THP-1	56505	393/2624	0/1	0	0	inf
SRX3824043	TFs and others	KMT2B	Blood	THP-1	4984	120/2624	0/1	0	0	inf
SRX3824044	TFs and others	KMT2B	Blood	THP-1	12009	442/2624	0/1	0	0	inf
SRX3829961	TFs and others	MGA	Lung	A549	915	86/2624	0/1	0	0	inf
SRX3829962	TFs and others	MGA	Lung	A549	769	63/2624	0/1	0	0	inf
SRX3833324	TFs and others	KDM1A	Breast	MCF-7	237	5/2624	0/1	0	0	inf
SRX3833328	TFs and others	KDM1A	Breast	MCF-7	131	1/2624	0/1	0	0	inf
SRX3837512	TFs and others	SRF	Blood	HEL	1507	18/2624	0/1	0	0	inf
SRX3837513	TFs and others	SRF	Blood	HEL	1925	31/2624	0/1	0	0	inf
SRX3837514	TFs and others	SRF	Blood	HEL	2359	34/2624	0/1	0	0	inf
SRX3837515	TFs and others	SRF	Blood	HEL	2122	39/2624	0/1	0	0	inf
SRX3837516	TFs and others	SRF	Blood	HEL	1109	16/2624	0/1	0	0	inf
SRX3837517	TFs and others	SRF	Blood	HEL	1057	8/2624	0/1	0	0	inf
SRX3837518	TFs and others	SRF	Blood	HEL	4294	60/2624	0/1	0	0	inf
SRX3837519	TFs and others	SRF	Blood	HEL	1765	20/2624	0/1	0	0	inf
SRX383815	TFs and others	AR	Prostate	LNCAP	38500	101/2624	0/1	0	0	inf
SRX383816	TFs and others	AR	Prostate	LNCAP	6105	6/2624	0/1	0	0	inf
SRX383817	TFs and others	FOXA1	Prostate	LNCAP	29337	85/2624	0/1	0	0	inf
SRX3841272	TFs and others	PYGO2	Uterus	HeLa	7124	184/2624	0/1	0	0	inf
SRX3841273	TFs and others	PYGO2	Uterus	HeLa	8367	239/2624	0/1	0	0	inf
SRX384488	TFs and others	XBP1	Breast	MDA-MB-231	2047	101/2624	0/1	0	0	inf
SRX384489	TFs and others	XBP1	Breast	MDA-MB-231	1797	45/2624	0/1	0	0	inf
SRX384490	TFs and others	XBP1	Breast	T-47D	6559	844/2624	0/1	0	0	inf
SRX384491	TFs and others	XBP1	Breast	Hs 578T	1937	89/2624	0/1	0	0	inf
SRX3847778	TFs and others	SMAD2	Cardiovascular	Aortic smooth muscle cells	248	2/2624	0/1	0	0	inf
SRX3847781	TFs and others	SMAD2	Cardiovascular	Aortic smooth muscle cells	309	1/2624	0/1	0	0	inf
SRX3852897	TFs and others	NELFA	Blood	K-562	2088	379/2624	0/1	0	0	inf
SRX385394	TFs and others	Epitope tags	Blood	U-937	137	13/2624	0/1	0	0	inf
SRX385395	TFs and others	Epitope tags	Blood	U-937	144	2/2624	0/1	0	0	inf
SRX385396	TFs and others	Epitope tags	Blood	U-937	120	1/2624	0/1	0	0	inf
SRX386202	TFs and others	GATA1	Blood	CD34+	80659	1235/2624	0/1	0	0	inf
SRX386203	TFs and others	TAL1	Blood	CD34+	15616	97/2624	0/1	0	0	inf
SRX386204	TFs and others	GFI1B	Blood	CD34+	1132	8/2624	0/1	0	0	inf
SRX386239	TFs and others	SETX	Lung	A549	1193	1/2624	0/1	0	0	inf
SRX386240	TFs and others	SETX	Lung	A549	1113	1/2624	0/1	0	0	inf
SRX3862433	TFs and others	SMARCA4	Unclassified	Unclassified	335	1/2624	0/1	0	0	inf
SRX3862434	TFs and others	SMARCA4	Unclassified	Unclassified	361	1/2624	0/1	0	0	inf
SRX3862443	TFs and others	FOXA1	Unclassified	Unclassified	596	3/2624	0/1	0	0	inf
SRX3862444	TFs and others	GATA3	Unclassified	Unclassified	462	1/2624	0/1	0	0	inf
SRX3862446	TFs and others	FOXA1	Unclassified	Unclassified	670	3/2624	0/1	0	0	inf
SRX3862447	TFs and others	GATA3	Unclassified	Unclassified	395	1/2624	0/1	0	0	inf
SRX3862451	TFs and others	FOXA1	Breast	T-47D	279	3/2624	0/1	0	0	inf
SRX3862452	TFs and others	GATA3	Breast	T-47D	321	2/2624	0/1	0	0	inf
SRX3862454	TFs and others	FOXA1	Breast	T-47D	424	3/2624	0/1	0	0	inf
SRX3862455	TFs and others	GATA3	Breast	T-47D	229	1/2624	0/1	0	0	inf
SRX3862457	TFs and others	FOXA1	Breast	T-47D	430	4/2624	0/1	0	0	inf
SRX3862458	TFs and others	GATA3	Breast	T-47D	301	2/2624	0/1	0	0	inf
SRX3862460	TFs and others	FOXA1	Breast	T-47D	293	2/2624	0/1	0	0	inf
SRX3862461	TFs and others	GATA3	Breast	T-47D	295	1/2624	0/1	0	0	inf
SRX386478	TFs and others	MAF	Epidermis	Keratinocytes	653	6/2624	0/1	0	0	inf
SRX386479	TFs and others	MAFB	Epidermis	Keratinocytes	1072	72/2624	0/1	0	0	inf
SRX386755	TFs and others	SMARCC1	Breast	MCF-7	70	1/2624	0/1	0	0	inf
SRX386757	TFs and others	SMARCC1	Breast	MCF-7	49	1/2624	0/1	0	0	inf
SRX386759	TFs and others	SMARCC1	Breast	MCF-7	96	1/2624	0/1	0	0	inf
SRX386761	TFs and others	SMARCC1	Breast	MCF-7	70	1/2624	0/1	0	0	inf
SRX3868792	TFs and others	REST	Digestive tract	Colorectal cancer organoid	10615	582/2624	0/1	0	0	inf
SRX3868794	TFs and others	REST	Digestive tract	Colorectal cancer organoid	3267	40/2624	0/1	0	0	inf
SRX3868796	TFs and others	REST	Digestive tract	Colorectal cancer organoid	7068	359/2624	0/1	0	0	inf
SRX3868798	TFs and others	REST	Digestive tract	Colorectal cancer organoid	1042	7/2624	0/1	0	0	inf
SRX3868800	TFs and others	REST	Digestive tract	Colorectal cancer organoid	3104	35/2624	0/1	0	0	inf
SRX387194	TFs and others	KDM1A	Prostate	LNCAP	218	2/2624	0/1	0	0	inf
SRX387195	TFs and others	KDM1A	Prostate	VCaP	459	1/2624	0/1	0	0	inf
SRX3873706	TFs and others	AFF1	Lung	NCI-H2171	770	29/2624	0/1	0	0	inf
SRX3873707	TFs and others	AFF1	Lung	NCI-H2171	473	21/2624	0/1	0	0	inf
SRX3873708	TFs and others	AFF1	Lung	SW 1271	501	24/2624	0/1	0	0	inf
SRX3873709	TFs and others	AFF1	Lung	SW 1271	430	1/2624	0/1	0	0	inf
SRX3873710	TFs and others	AFF4	Lung	NCI-H2171	428	5/2624	0/1	0	0	inf
SRX3873711	TFs and others	AFF4	Lung	NCI-H2171	472	13/2624	0/1	0	0	inf
SRX3873712	TFs and others	AFF4	Lung	SW 1271	422	10/2624	0/1	0	0	inf
SRX3873713	TFs and others	AFF4	Lung	SW 1271	428	1/2624	0/1	0	0	inf
SRX3873714	TFs and others	ELL2	Lung	NCI-H2171	1112	41/2624	0/1	0	0	inf
SRX3873715	TFs and others	ELL2	Lung	NCI-H2171	832	38/2624	0/1	0	0	inf
SRX3873716	TFs and others	ELL2	Lung	SW 1271	2185	123/2624	0/1	0	0	inf
SRX3873717	TFs and others	ELL2	Lung	SW 1271	844	40/2624	0/1	0	0	inf
SRX387508	TFs and others	SUPT5H	Uterus	HeLa	434	5/2624	0/1	0	0	inf
SRX387509	TFs and others	NELFA	Uterus	HeLa	665	45/2624	0/1	0	0	inf
SRX387776	TFs and others	VDR	Blood	THP-1	398	1/2624	0/1	0	0	inf
SRX387777	TFs and others	VDR	Blood	THP-1	301	1/2624	0/1	0	0	inf
SRX3881550	TFs and others	AR	Prostate	LNCAP	53	2/2624	0/1	0	0	inf
SRX3881551	TFs and others	MYC	Prostate	LNCAP	746	64/2624	0/1	0	0	inf
SRX3881552	TFs and others	MYC	Prostate	LNCAP	284	10/2624	0/1	0	0	inf
SRX3881553	TFs and others	MYC	Prostate	LNCAP	2341	281/2624	0/1	0	0	inf
SRX3881555	TFs and others	O-GlcNAc	Prostate	LNCAP	4602	932/2624	0/1	0	0	inf
SRX3881556	TFs and others	O-GlcNAc	Prostate	LNCAP	5174	1089/2624	0/1	0	0	inf
SRX3881588	TFs and others	FOXN3	Liver	Hep G2	963	9/2624	0/1	0	0	inf
SRX3881589	TFs and others	FOXN3	Liver	Hep G2	2302	1/2624	0/1	0	0	inf
SRX3881590	TFs and others	FOXN3	Liver	Hep G2	584	1/2624	0/1	0	0	inf
SRX3881591	TFs and others	FOXN3	Liver	Hep G2	2754	2/2624	0/1	0	0	inf
SRX3885579	TFs and others	SF3B1	Uterus	HeLa	523	1/2624	0/1	0	0	inf
SRX3885580	TFs and others	SF3B1	Uterus	HeLa	507	1/2624	0/1	0	0	inf
SRX3885581	TFs and others	SF3B1	Uterus	HeLa	560	1/2624	0/1	0	0	inf
SRX3885582	TFs and others	SF3B1	Uterus	HeLa	588	1/2624	0/1	0	0	inf
SRX3885584	TFs and others	SF3B1	Uterus	HeLa	438	1/2624	0/1	0	0	inf
SRX3888135	TFs and others	SALL4	Liver	SNU-398	1219	138/2624	0/1	0	0	inf
SRX389278	TFs and others	NRF1	Blood	NAMALWA	6695	979/2624	0/1	0	0	inf
SRX389294	TFs and others	XBP1	Breast	T-47D	4376	532/2624	0/1	0	0	inf
SRX3893521	TFs and others	SIRT6	Unclassified	Unclassified	470	1/2624	0/1	0	0	inf
SRX392040	TFs and others	LMNB1	Lung	IMR-90	5815	190/2624	0/1	0	0	inf
SRX392293	TFs and others	PRKCQ	Breast	MCF-7	556	23/2624	0/1	0	0	inf
SRX392294	TFs and others	PRKCQ	Breast	MCF-7	385	21/2624	0/1	0	0	inf
SRX3923184	TFs and others	FOSL1	Breast	BT-549	10001	164/2624	0/1	0	0	inf
SRX3923185	TFs and others	DDX5	Breast	BT-549	744	1/2624	0/1	0	0	inf
SRX3923501	TFs and others	DPF2	Blood	K-562	149	14/2624	0/1	0	0	inf
SRX3923502	TFs and others	DPF2	Blood	K-562	297	28/2624	0/1	0	0	inf
SRX3923508	TFs and others	FOXA1	Breast	MCF-7	14225	119/2624	0/1	0	0	inf
SRX3923509	TFs and others	FOXA1	Breast	MCF-7	13426	99/2624	0/1	0	0	inf
SRX3923510	TFs and others	FOXA1	Breast	MCF-7	16320	119/2624	0/1	0	0	inf
SRX3923511	TFs and others	FOXA1	Breast	MCF-7	15371	115/2624	0/1	0	0	inf
SRX3923512	TFs and others	FOXA1	Breast	MCF-7	12424	101/2624	0/1	0	0	inf
SRX3923513	TFs and others	FOXA1	Breast	MCF-7	13578	112/2624	0/1	0	0	inf
SRX3923514	TFs and others	FOXA1	Breast	MCF-7	33250	246/2624	0/1	0	0	inf
SRX3923515	TFs and others	FOXA1	Breast	MCF-7	19796	168/2624	0/1	0	0	inf
SRX3923516	TFs and others	FOXA1	Breast	MCF-7	24547	192/2624	0/1	0	0	inf
SRX3923517	TFs and others	FOXA1	Breast	MCF-7	23326	175/2624	0/1	0	0	inf
SRX3923518	TFs and others	FOXA1	Breast	MCF-7	21671	170/2624	0/1	0	0	inf
SRX3923519	TFs and others	FOXA1	Breast	MCF-7	20336	163/2624	0/1	0	0	inf
SRX3923522	TFs and others	FOXA1	Breast	ZR-75-1	16509	109/2624	0/1	0	0	inf
SRX3923523	TFs and others	FOXA1	Breast	ZR-75-1	20288	116/2624	0/1	0	0	inf
SRX3923524	TFs and others	FOXA1	Breast	ZR-75-1	15240	86/2624	0/1	0	0	inf
SRX3923525	TFs and others	FOXA1	Breast	ZR-75-1	19010	111/2624	0/1	0	0	inf
SRX3923526	TFs and others	FOXA1	Breast	ZR-75-1	5206	27/2624	0/1	0	0	inf
SRX3923527	TFs and others	FOXA1	Breast	ZR-75-1	14096	74/2624	0/1	0	0	inf
SRX3923528	TFs and others	FOXA1	Breast	ZR-75-1	30265	200/2624	0/1	0	0	inf
SRX3923529	TFs and others	FOXA1	Breast	ZR-75-1	36913	255/2624	0/1	0	0	inf
SRX3923530	TFs and others	FOXA1	Breast	ZR-75-1	29144	196/2624	0/1	0	0	inf
SRX3923531	TFs and others	FOXA1	Breast	ZR-75-1	25095	180/2624	0/1	0	0	inf
SRX3923532	TFs and others	FOXA1	Breast	ZR-75-1	28758	183/2624	0/1	0	0	inf
SRX3923533	TFs and others	FOXA1	Breast	ZR-75-1	40153	253/2624	0/1	0	0	inf
SRX392691	TFs and others	Epitope tags	Others	T3M-1 Cl-10	287	4/2624	0/1	0	0	inf
SRX392692	TFs and others	Epitope tags	Others	T3M-1 Cl-10	334	1/2624	0/1	0	0	inf
SRX3927285	TFs and others	BRD7	Blood	EOL-1	13733	511/2624	0/1	0	0	inf
SRX3927286	TFs and others	BRD9	Blood	EOL-1	13251	389/2624	0/1	0	0	inf
SRX3927287	TFs and others	GLTSCR1	Blood	EOL-1	9423	295/2624	0/1	0	0	inf
SRX3927290	TFs and others	DPF2	Blood	EOL-1	27704	426/2624	0/1	0	0	inf
SRX3927295	TFs and others	BRD9	Blood	MOLM-13	5061	169/2624	0/1	0	0	inf
SRX3927297	TFs and others	DPF2	Blood	MOLM-13	28821	339/2624	0/1	0	0	inf
SRX3927298	TFs and others	GLTSCR1	Blood	MOLM-13	2143	46/2624	0/1	0	0	inf
SRX3927303	TFs and others	SS18	Muscle	SYO-1	8837	658/2624	0/1	0	0	inf
SRX3927304	TFs and others	BRD9	Muscle	SYO-1	2962	139/2624	0/1	0	0	inf
SRX3927308	TFs and others	BRD9	Muscle	SYO-1	11089	675/2624	0/1	0	0	inf
SRX3927312	TFs and others	BRD9	Blood	Jurkat	1440	7/2624	0/1	0	0	inf
SRX3927313	TFs and others	CTCF	Blood	Jurkat	48028	672/2624	0/1	0	0	inf
SRX3927314	TFs and others	BRD9	Kidney	TTC-1240	1023	42/2624	0/1	0	0	inf
SRX3927315	TFs and others	BRD9	Kidney	TTC-1240	2512	247/2624	0/1	0	0	inf
SRX3927328	TFs and others	ONECUT2	Digestive tract	AGS	1052	33/2624	0/1	0	0	inf
SRX3927330	TFs and others	ONECUT2	Digestive tract	AGS	5958	72/2624	0/1	0	0	inf
SRX3927332	TFs and others	ONECUT2	Digestive tract	MKN-74	3098	162/2624	0/1	0	0	inf
SRX3927334	TFs and others	ONECUT2	Digestive tract	MKN-74	67686	351/2624	0/1	0	0	inf
SRX392780	TFs and others	REST	Blood	GM12878	3221	29/2624	0/1	0	0	inf
SRX392781	TFs and others	REST	Blood	GM12878	3515	30/2624	0/1	0	0	inf
SRX392782	TFs and others	REST	Blood	GM12878	3275	30/2624	0/1	0	0	inf
SRX392783	TFs and others	REST	Blood	GM12878	2372	17/2624	0/1	0	0	inf
SRX392784	TFs and others	REST	Blood	GM12878	2753	19/2624	0/1	0	0	inf
SRX392785	TFs and others	REST	Blood	GM12878	2639	18/2624	0/1	0	0	inf
SRX392786	TFs and others	REST	Blood	GM12878	1293	8/2624	0/1	0	0	inf
SRX392787	TFs and others	REST	Blood	GM12878	1431	10/2624	0/1	0	0	inf
SRX392788	TFs and others	REST	Blood	GM12878	1242	9/2624	0/1	0	0	inf
SRX392789	TFs and others	REST	Blood	GM12878	2480	21/2624	0/1	0	0	inf
SRX392790	TFs and others	REST	Blood	GM12878	2546	20/2624	0/1	0	0	inf
SRX392791	TFs and others	REST	Blood	GM12878	1281	12/2624	0/1	0	0	inf
SRX392792	TFs and others	REST	Blood	Jurkat	2262	8/2624	0/1	0	0	inf
SRX392793	TFs and others	REST	Blood	Jurkat	2829	14/2624	0/1	0	0	inf
SRX392794	TFs and others	REST	Blood	Jurkat	2434	13/2624	0/1	0	0	inf
SRX392795	TFs and others	REST	Blood	Jurkat	2461	11/2624	0/1	0	0	inf
SRX392796	TFs and others	REST	Blood	Jurkat	3645	21/2624	0/1	0	0	inf
SRX392797	TFs and others	REST	Blood	Jurkat	2928	17/2624	0/1	0	0	inf
SRX392798	TFs and others	REST	Blood	Jurkat	952	5/2624	0/1	0	0	inf
SRX392799	TFs and others	REST	Blood	Jurkat	2965	16/2624	0/1	0	0	inf
SRX392800	TFs and others	REST	Blood	Jurkat	3020	18/2624	0/1	0	0	inf
SRX392801	TFs and others	REST	Blood	Jurkat	1547	6/2624	0/1	0	0	inf
SRX392802	TFs and others	REST	Blood	Jurkat	3389	20/2624	0/1	0	0	inf
SRX392803	TFs and others	REST	Blood	Jurkat	3589	22/2624	0/1	0	0	inf
SRX392804	TFs and others	REST	Blood	Jurkat	2601	14/2624	0/1	0	0	inf
SRX392805	TFs and others	REST	Blood	Jurkat	2164	7/2624	0/1	0	0	inf
SRX392806	TFs and others	REST	Blood	Jurkat	1918	7/2624	0/1	0	0	inf
SRX392807	TFs and others	EP300	Blood	GM12878	317	1/2624	0/1	0	0	inf
SRX392808	TFs and others	EP300	Blood	GM12878	1848	14/2624	0/1	0	0	inf
SRX392809	TFs and others	EP300	Blood	GM12878	796	8/2624	0/1	0	0	inf
SRX392810	TFs and others	EP300	Blood	GM12878	294	1/2624	0/1	0	0	inf
SRX392811	TFs and others	EP300	Blood	GM12878	280	1/2624	0/1	0	0	inf
SRX392812	TFs and others	EP300	Blood	GM12878	218	1/2624	0/1	0	0	inf
SRX392813	TFs and others	EP300	Blood	GM12878	356	1/2624	0/1	0	0	inf
SRX392814	TFs and others	EP300	Blood	GM12878	300	1/2624	0/1	0	0	inf
SRX392815	TFs and others	EP300	Blood	GM12878	221	1/2624	0/1	0	0	inf
SRX392816	TFs and others	EP300	Blood	GM12878	265	1/2624	0/1	0	0	inf
SRX392817	TFs and others	EP300	Blood	GM12878	831	6/2624	0/1	0	0	inf
SRX392818	TFs and others	EP300	Blood	GM12878	404	2/2624	0/1	0	0	inf
SRX392819	TFs and others	EP300	Blood	GM12878	13790	151/2624	0/1	0	0	inf
SRX392820	TFs and others	EP300	Blood	GM12878	16491	218/2624	0/1	0	0	inf
SRX3931031	TFs and others	FOXA1	Breast	MCF-7	19061	171/2624	0/1	0	0	inf
SRX3931032	TFs and others	FOXA1	Breast	MCF-7	21846	212/2624	0/1	0	0	inf
SRX3931033	TFs and others	FOXA1	Breast	MCF-7	23888	211/2624	0/1	0	0	inf
SRX3931043	TFs and others	FOXA1	Breast	MCF-7	33666	295/2624	0/1	0	0	inf
SRX3931044	TFs and others	FOXA1	Breast	MCF-7	66966	572/2624	0/1	0	0	inf
SRX3931054	TFs and others	FOXA1	Breast	MCF-7	32397	278/2624	0/1	0	0	inf
SRX3931055	TFs and others	FOXA1	Breast	MCF-7	29937	267/2624	0/1	0	0	inf
SRX3931056	TFs and others	FOXA1	Breast	MCF-7	22408	211/2624	0/1	0	0	inf
SRX3931057	TFs and others	GRHL2	Breast	MCF-7	24802	405/2624	0/1	0	0	inf
SRX3931058	TFs and others	GRHL2	Breast	MCF-7	22680	327/2624	0/1	0	0	inf
SRX3931059	TFs and others	GRHL2	Breast	MCF-7	25483	393/2624	0/1	0	0	inf
SRX3931072	TFs and others	FOXA1	Breast	MCF-7	16100	174/2624	0/1	0	0	inf
SRX3931073	TFs and others	FOXA1	Breast	MCF-7	21968	217/2624	0/1	0	0	inf
SRX3931074	TFs and others	FOXA1	Breast	MCF-7	15356	166/2624	0/1	0	0	inf
SRX3931081	TFs and others	FOXA1	Breast	MCF-7	17186	181/2624	0/1	0	0	inf
SRX3931082	TFs and others	FOXA1	Breast	MCF-7	18981	187/2624	0/1	0	0	inf
SRX3931083	TFs and others	FOXA1	Breast	MCF-7	21896	215/2624	0/1	0	0	inf
SRX3931093	TFs and others	FOXA1	Breast	MCF-7	17009	175/2624	0/1	0	0	inf
SRX3931094	TFs and others	FOXA1	Breast	MCF-7	17307	178/2624	0/1	0	0	inf
SRX3931095	TFs and others	FOXA1	Breast	MCF-7	15799	166/2624	0/1	0	0	inf
SRX3931096	TFs and others	GRHL2	Breast	MCF-7	10819	194/2624	0/1	0	0	inf
SRX3931097	TFs and others	GRHL2	Breast	MCF-7	15107	318/2624	0/1	0	0	inf
SRX3931098	TFs and others	GRHL2	Breast	MCF-7	13972	276/2624	0/1	0	0	inf
SRX3934086	TFs and others	INTS13	Blood	HL-60	1026	15/2624	0/1	0	0	inf
SRX3934090	TFs and others	INTS13	Blood	Monocytes	842	4/2624	0/1	0	0	inf
SRX3934091	TFs and others	INTS13	Blood	Macrophages	2272	160/2624	0/1	0	0	inf
SRX3934092	TFs and others	NAB2	Blood	Monocytes	995	2/2624	0/1	0	0	inf
SRX3934093	TFs and others	NAB2	Blood	Macrophages	1525	21/2624	0/1	0	0	inf
SRX3934095	TFs and others	INTS13	Blood	Monocytes	4028	716/2624	0/1	0	0	inf
SRX3934096	TFs and others	INTS13	Blood	Monocytes	4804	859/2624	0/1	0	0	inf
SRX393516	TFs and others	TAL1	Cardiovascular	Primary endothelial cells	37579	293/2624	0/1	0	0	inf
SRX3942989	TFs and others	ZNF341	Blood	PBMC	890	1/2624	0/1	0	0	inf
SRX3942990	TFs and others	ZNF341	Blood	PBMC	2061	91/2624	0/1	0	0	inf
SRX3942991	TFs and others	ZNF341	Blood	PBMC	2824	167/2624	0/1	0	0	inf
SRX3942992	TFs and others	ZNF341	Blood	T cells	871	7/2624	0/1	0	0	inf
SRX3944340	TFs and others	BRD4	Digestive tract	Gastrointestinal Stromal Tumors	643	1/2624	0/1	0	0	inf
SRX3944342	TFs and others	BRD4	Digestive tract	Gastrointestinal Stromal Tumors	810	1/2624	0/1	0	0	inf
SRX3944344	TFs and others	BRD4	Digestive tract	Gastrointestinal Stromal Tumors	962	1/2624	0/1	0	0	inf
SRX3944782	TFs and others	Epitope tags	Lung	HS-SY-II	446	1/2624	0/1	0	0	inf
SRX3944783	TFs and others	Epitope tags	Lung	HS-SY-II	377	1/2624	0/1	0	0	inf
SRX3944784	TFs and others	Epitope tags	Lung	HS-SY-II	309	1/2624	0/1	0	0	inf
SRX3944785	TFs and others	Epitope tags	Lung	HS-SY-II	846	1/2624	0/1	0	0	inf
SRX3944786	TFs and others	Epitope tags	Lung	HS-SY-II	350	1/2624	0/1	0	0	inf
SRX3944787	TFs and others	Epitope tags	Lung	HS-SY-II	283	1/2624	0/1	0	0	inf
SRX3944788	TFs and others	Epitope tags	Lung	HS-SY-II	1081	1/2624	0/1	0	0	inf
SRX3944792	TFs and others	Epitope tags	Lung	HS-SY-II	1028	1/2624	0/1	0	0	inf
SRX3944793	TFs and others	Epitope tags	Lung	HS-SY-II	687	1/2624	0/1	0	0	inf
SRX3946904	TFs and others	MED1	Others	Mesenchymal stem cells	10814	123/2624	0/1	0	0	inf
SRX3946905	TFs and others	MED1	Others	Mesenchymal stem cells	1748	19/2624	0/1	0	0	inf
SRX3946906	TFs and others	MED1	Others	Mesenchymal stem cells	5656	47/2624	0/1	0	0	inf
SRX3946907	TFs and others	MED1	Others	Mesenchymal stem cells	3118	26/2624	0/1	0	0	inf
SRX3946908	TFs and others	MED1	Others	Mesenchymal stem cells	4074	42/2624	0/1	0	0	inf
SRX3946909	TFs and others	MED1	Others	Mesenchymal stem cells	761	10/2624	0/1	0	0	inf
SRX3946910	TFs and others	MED1	Others	Mesenchymal stem cells	4181	36/2624	0/1	0	0	inf
SRX3946911	TFs and others	MED1	Others	Mesenchymal stem cells	3397	28/2624	0/1	0	0	inf
SRX3946912	TFs and others	MED1	Others	Mesenchymal stem cells	1922	43/2624	0/1	0	0	inf
SRX3946913	TFs and others	MED1	Others	Mesenchymal stem cells	1005	16/2624	0/1	0	0	inf
SRX3946914	TFs and others	MED1	Others	Mesenchymal stem cells	6551	53/2624	0/1	0	0	inf
SRX3946915	TFs and others	MED1	Others	Mesenchymal stem cells	4637	35/2624	0/1	0	0	inf
SRX3946916	TFs and others	MED1	Others	Mesenchymal stem cells	6095	55/2624	0/1	0	0	inf
SRX3946917	TFs and others	MED1	Others	Mesenchymal stem cells	1246	8/2624	0/1	0	0	inf
SRX3946918	TFs and others	MED1	Others	Mesenchymal stem cells	5671	33/2624	0/1	0	0	inf
SRX3946919	TFs and others	MED1	Others	Mesenchymal stem cells	964	4/2624	0/1	0	0	inf
SRX3946920	TFs and others	MED1	Others	Mesenchymal stem cells	6538	35/2624	0/1	0	0	inf
SRX3946921	TFs and others	MED1	Others	Mesenchymal stem cells	808	3/2624	0/1	0	0	inf
SRX3946922	TFs and others	MED1	Others	Mesenchymal stem cells	1787	8/2624	0/1	0	0	inf
SRX3946923	TFs and others	MED1	Others	Mesenchymal stem cells	994	6/2624	0/1	0	0	inf
SRX395616	TFs and others	CTCF	Breast	T-47D	36670	467/2624	0/1	0	0	inf
SRX395617	TFs and others	CTCF	Breast	T-47D	36038	497/2624	0/1	0	0	inf
SRX3958389	TFs and others	WDR5	Breast	Breast cancer cells	992	27/2624	0/1	0	0	inf
SRX3958390	TFs and others	WDR5	Breast	Breast cancer cells	1091	10/2624	0/1	0	0	inf
SRX3960591	TFs and others	MYC	Muscle	Rhabdomyosarcoma	1928	167/2624	0/1	0	0	inf
SRX3960592	TFs and others	MYC	Muscle	Rhabdomyosarcoma	279	1/2624	0/1	0	0	inf
SRX396251	TFs and others	TP53	Others	Fibroblasts	806	1/2624	0/1	0	0	inf
SRX396252	TFs and others	TP53	Others	Fibroblasts	965	1/2624	0/1	0	0	inf
SRX396253	TFs and others	TP53	Others	Fibroblasts	636	1/2624	0/1	0	0	inf
SRX396254	TFs and others	TP53	Others	Fibroblasts	5697	50/2624	0/1	0	0	inf
SRX396255	TFs and others	TP53	Others	Fibroblasts	453	1/2624	0/1	0	0	inf
SRX396256	TFs and others	TP53	Others	Fibroblasts	523	1/2624	0/1	0	0	inf
SRX396257	TFs and others	TP53	Others	Fibroblasts	644	1/2624	0/1	0	0	inf
SRX396258	TFs and others	TP53	Others	Fibroblasts	561	1/2624	0/1	0	0	inf
SRX396259	TFs and others	TP53	Others	Fibroblasts	781	1/2624	0/1	0	0	inf
SRX396260	TFs and others	TP53	Others	Fibroblasts	751	1/2624	0/1	0	0	inf
SRX396265	TFs and others	TP53	Others	Fibroblasts	405	1/2624	0/1	0	0	inf
SRX396266	TFs and others	TP53	Others	Fibroblasts	160	1/2624	0/1	0	0	inf
SRX396268	TFs and others	TP53	Others	Fibroblasts	591	1/2624	0/1	0	0	inf
SRX3962719	TFs and others	TP53	Digestive tract	HCT 116	257	2/2624	0/1	0	0	inf
SRX3962720	TFs and others	TP53	Digestive tract	HCT 116	964	10/2624	0/1	0	0	inf
SRX3962721	TFs and others	TP53	Digestive tract	HCT 116	649	4/2624	0/1	0	0	inf
SRX3962722	TFs and others	TP53	Digestive tract	HCT 116	465	4/2624	0/1	0	0	inf
SRX3962723	TFs and others	TP53	Digestive tract	HCT 116	451	1/2624	0/1	0	0	inf
SRX3962733	TFs and others	LMNA	Epidermis	BJ-5ta	1983	134/2624	0/1	0	0	inf
SRX3962736	TFs and others	LMNA	Epidermis	BJ-5ta	11748	508/2624	0/1	0	0	inf
SRX3962737	TFs and others	LMNA	Unclassified	Unclassified	421	1/2624	0/1	0	0	inf
SRX3962738	TFs and others	LMNA	Epidermis	BJ-5ta	448	23/2624	0/1	0	0	inf
SRX3962739	TFs and others	LMNA	Unclassified	Unclassified	335	1/2624	0/1	0	0	inf
SRX3962743	TFs and others	LMNA	Epidermis	BJ-5ta	2795	245/2624	0/1	0	0	inf
SRX3962744	TFs and others	LMNA	Unclassified	Unclassified	89	1/2624	0/1	0	0	inf
SRX3962745	TFs and others	LMNA	Unclassified	Unclassified	489	1/2624	0/1	0	0	inf
SRX396276	TFs and others	EZH2	Kidney	293	85	1/2624	0/1	0	0	inf
SRX396278	TFs and others	EZH2	Kidney	293	389	1/2624	0/1	0	0	inf
SRX396280	TFs and others	C10orf12	Kidney	293	42	1/2624	0/1	0	0	inf
SRX396282	TFs and others	C10orf12	Kidney	293	39	1/2624	0/1	0	0	inf
SRX396284	TFs and others	C17orf96	Kidney	293	72	1/2624	0/1	0	0	inf
SRX396286	TFs and others	C17orf96	Kidney	293	40	1/2624	0/1	0	0	inf
SRX396289	TFs and others	CBX4	Kidney	293	182	5/2624	0/1	0	0	inf
SRX396568	TFs and others	CBX6	Breast	Breast cells	441	1/2624	0/1	0	0	inf
SRX396569	TFs and others	CBX7	Breast	Breast cells	463	2/2624	0/1	0	0	inf
SRX396570	TFs and others	CBX8	Breast	Breast cells	558	1/2624	0/1	0	0	inf
SRX396572	TFs and others	RING1	Breast	Breast cells	402	2/2624	0/1	0	0	inf
SRX396573	TFs and others	RNF2	Breast	Breast cells	477	1/2624	0/1	0	0	inf
SRX396579	TFs and others	CBX6	Epidermis	Hs 68	541	1/2624	0/1	0	0	inf
SRX396580	TFs and others	CBX7	Epidermis	Hs 68	544	2/2624	0/1	0	0	inf
SRX396581	TFs and others	CBX8	Epidermis	Hs 68	572	1/2624	0/1	0	0	inf
SRX396583	TFs and others	RING1	Epidermis	Hs 68	712	7/2624	0/1	0	0	inf
SRX396584	TFs and others	RNF2	Epidermis	Hs 68	2305	164/2624	0/1	0	0	inf
SRX396589	TFs and others	CBX7	Epidermis	Hs 68	306	1/2624	0/1	0	0	inf
SRX396590	TFs and others	CBX8	Epidermis	Hs 68	323	1/2624	0/1	0	0	inf
SRX396818	TFs and others	ESR1	Breast	MCF-7	2735	20/2624	0/1	0	0	inf
SRX396819	TFs and others	ESR1	Breast	MCF-7	800	4/2624	0/1	0	0	inf
SRX396834	TFs and others	Epitope tags	Digestive tract	DLD-1	692	1/2624	0/1	0	0	inf
SRX396835	TFs and others	Epitope tags	Digestive tract	DLD-1	601	1/2624	0/1	0	0	inf
SRX396836	TFs and others	Epitope tags	Digestive tract	DLD-1	522	1/2624	0/1	0	0	inf
SRX396838	TFs and others	Epitope tags	Digestive tract	DLD-1	363	1/2624	0/1	0	0	inf
SRX396839	TFs and others	Epitope tags	Digestive tract	DLD-1	619	3/2624	0/1	0	0	inf
SRX396840	TFs and others	Epitope tags	Digestive tract	DLD-1	417	1/2624	0/1	0	0	inf
SRX398095	TFs and others	CDK7	Blood	Jurkat	8839	933/2624	0/1	0	0	inf
SRX3981980	TFs and others	ELF1	Prostate	RWPE-1	758	1/2624	0/1	0	0	inf
SRX3981981	TFs and others	ELF1	Prostate	RWPE-1	259	1/2624	0/1	0	0	inf
SRX398291	TFs and others	BRD4	Blood	OCI-LY1	9757	797/2624	0/1	0	0	inf
SRX398294	TFs and others	MED1	Blood	OCI-LY1	9708	997/2624	0/1	0	0	inf
SRX398298	TFs and others	CDK8	Digestive tract	HT-29	4128	196/2624	0/1	0	0	inf
SRX398302	TFs and others	CDK8	Digestive tract	SW 480	1743	65/2624	0/1	0	0	inf
SRX3985128	TFs and others	NFE2L2	Lung	A549	2216	83/2624	0/1	0	0	inf
SRX3990976	TFs and others	PGR	Breast	T-47D	323	8/2624	0/1	0	0	inf
SRX3990978	TFs and others	PGR	Breast	T-47D	361	1/2624	0/1	0	0	inf
SRX3990980	TFs and others	PGR	Breast	T-47D	291	1/2624	0/1	0	0	inf
SRX3990982	TFs and others	PGR	Breast	T-47D	16473	197/2624	0/1	0	0	inf
SRX3990984	TFs and others	PGR	Breast	T-47D	28571	337/2624	0/1	0	0	inf
SRX3990986	TFs and others	PGR	Breast	T-47D	28657	320/2624	0/1	0	0	inf
SRX3990988	TFs and others	PGR	Breast	T-47D	10092	313/2624	0/1	0	0	inf
SRX3990990	TFs and others	PGR	Breast	T-47D	6618	276/2624	0/1	0	0	inf
SRX3990992	TFs and others	PGR	Breast	T-47D	12203	501/2624	0/1	0	0	inf
SRX3990994	TFs and others	PGR	Breast	T-47D	8314	336/2624	0/1	0	0	inf
SRX3990996	TFs and others	PGR	Breast	T-47D	20824	649/2624	0/1	0	0	inf
SRX3990998	TFs and others	PGR	Breast	T-47D	16376	473/2624	0/1	0	0	inf
SRX3993991	TFs and others	TRIM24	Breast	MCF-7	232	3/2624	0/1	0	0	inf
SRX3993992	TFs and others	TRIM24	Breast	MCF-7	215	2/2624	0/1	0	0	inf
SRX4001478	TFs and others	BRD2	Lung	NCI-H23	482	1/2624	0/1	0	0	inf
SRX4001479	TFs and others	BRD2	Lung	NCI-H23	610	1/2624	0/1	0	0	inf
SRX4001482	TFs and others	BRD2	Lung	NCI-H23	2676	64/2624	0/1	0	0	inf
SRX4001483	TFs and others	BRD2	Lung	NCI-H23	4542	202/2624	0/1	0	0	inf
SRX4001754	TFs and others	CTCF	Blood	Macrophages	13609	187/2624	0/1	0	0	inf
SRX4001755	TFs and others	CTCF	Blood	Macrophages	4535	79/2624	0/1	0	0	inf
SRX4001756	TFs and others	CTCF	Blood	Macrophages	11920	177/2624	0/1	0	0	inf
SRX4001757	TFs and others	CTCF	Blood	Macrophages	12363	164/2624	0/1	0	0	inf
SRX4001758	TFs and others	CTCF	Blood	Macrophages	11000	177/2624	0/1	0	0	inf
SRX4001759	TFs and others	CTCF	Blood	Macrophages	5394	83/2624	0/1	0	0	inf
SRX4001760	TFs and others	CTCF	Blood	Macrophages	13880	193/2624	0/1	0	0	inf
SRX4001761	TFs and others	CTCF	Blood	Macrophages	8545	127/2624	0/1	0	0	inf
SRX4001762	TFs and others	RAD21	Blood	Macrophages	22781	198/2624	0/1	0	0	inf
SRX4001763	TFs and others	RAD21	Blood	Macrophages	23813	193/2624	0/1	0	0	inf
SRX4001764	TFs and others	RAD21	Blood	Macrophages	23276	199/2624	0/1	0	0	inf
SRX4001765	TFs and others	RAD21	Blood	Macrophages	20946	172/2624	0/1	0	0	inf
SRX4001821	TFs and others	SPI1	Blood	Macrophages	66619	524/2624	0/1	0	0	inf
SRX4001823	TFs and others	RAD21	Blood	THP-1	19862	223/2624	0/1	0	0	inf
SRX4001824	TFs and others	RAD21	Blood	THP-1	27004	378/2624	0/1	0	0	inf
SRX4001825	TFs and others	RAD21	Blood	THP-1	17140	170/2624	0/1	0	0	inf
SRX4001826	TFs and others	RAD21	Blood	THP-1	30753	502/2624	0/1	0	0	inf
SRX4001827	TFs and others	RAD21	Blood	THP-1	28542	413/2624	0/1	0	0	inf
SRX4001833	TFs and others	CTCF	Blood	THP-1	27278	417/2624	0/1	0	0	inf
SRX4001834	TFs and others	CTCF	Blood	THP-1	23551	391/2624	0/1	0	0	inf
SRX4001868	TFs and others	RAD21	Blood	THP-1	19061	256/2624	0/1	0	0	inf
SRX4001869	TFs and others	RAD21	Blood	THP-1	17161	222/2624	0/1	0	0	inf
SRX4001870	TFs and others	RAD21	Blood	THP-1	19989	275/2624	0/1	0	0	inf
SRX4001871	TFs and others	RAD21	Blood	THP-1	19918	263/2624	0/1	0	0	inf
SRX4001872	TFs and others	RAD21	Blood	THP-1	15915	191/2624	0/1	0	0	inf
SRX4001873	TFs and others	RAD21	Blood	THP-1	11853	147/2624	0/1	0	0	inf
SRX4001874	TFs and others	RAD21	Blood	THP-1	11561	141/2624	0/1	0	0	inf
SRX4001875	TFs and others	RAD21	Blood	THP-1	13575	156/2624	0/1	0	0	inf
SRX4001876	TFs and others	RAD21	Blood	THP-1	20047	270/2624	0/1	0	0	inf
SRX4001877	TFs and others	RAD21	Blood	THP-1	24704	361/2624	0/1	0	0	inf
SRX4001878	TFs and others	RAD21	Blood	THP-1	15974	224/2624	0/1	0	0	inf
SRX4001879	TFs and others	CTCF	Blood	THP-1	21306	386/2624	0/1	0	0	inf
SRX4001880	TFs and others	CTCF	Blood	THP-1	23634	407/2624	0/1	0	0	inf
SRX4001881	TFs and others	CTCF	Blood	THP-1	19398	369/2624	0/1	0	0	inf
SRX4001882	TFs and others	CTCF	Blood	THP-1	19708	370/2624	0/1	0	0	inf
SRX4001883	TFs and others	CTCF	Blood	THP-1	12276	284/2624	0/1	0	0	inf
SRX4001884	TFs and others	CTCF	Blood	THP-1	15544	325/2624	0/1	0	0	inf
SRX4001885	TFs and others	CTCF	Blood	THP-1	18084	340/2624	0/1	0	0	inf
SRX4001886	TFs and others	CTCF	Blood	THP-1	24968	427/2624	0/1	0	0	inf
SRX4001887	TFs and others	CTCF	Blood	THP-1	19050	370/2624	0/1	0	0	inf
SRX4001888	TFs and others	CTCF	Blood	THP-1	22426	387/2624	0/1	0	0	inf
SRX4001889	TFs and others	CTCF	Blood	THP-1	16170	345/2624	0/1	0	0	inf
SRX4001904	TFs and others	RAD21	Blood	THP-1	24703	244/2624	0/1	0	0	inf
SRX4001905	TFs and others	RAD21	Blood	THP-1	27573	276/2624	0/1	0	0	inf
SRX4001906	TFs and others	RAD21	Blood	THP-1	21945	201/2624	0/1	0	0	inf
SRX4001907	TFs and others	RAD21	Blood	THP-1	22044	198/2624	0/1	0	0	inf
SRX4001908	TFs and others	RAD21	Blood	THP-1	21284	200/2624	0/1	0	0	inf
SRX4001909	TFs and others	RAD21	Blood	THP-1	18881	175/2624	0/1	0	0	inf
SRX4001910	TFs and others	RAD21	Blood	THP-1	24732	274/2624	0/1	0	0	inf
SRX4001911	TFs and others	RAD21	Blood	THP-1	20346	217/2624	0/1	0	0	inf
SRX4001912	TFs and others	RAD21	Blood	THP-1	20042	207/2624	0/1	0	0	inf
SRX4001913	TFs and others	RAD21	Blood	THP-1	23591	237/2624	0/1	0	0	inf
SRX4001914	TFs and others	RAD21	Blood	THP-1	25769	254/2624	0/1	0	0	inf
SRX4001915	TFs and others	CTCF	Blood	THP-1	37680	484/2624	0/1	0	0	inf
SRX4001916	TFs and others	CTCF	Blood	THP-1	36193	472/2624	0/1	0	0	inf
SRX4001917	TFs and others	CTCF	Blood	THP-1	38358	477/2624	0/1	0	0	inf
SRX4001918	TFs and others	CTCF	Blood	THP-1	36310	466/2624	0/1	0	0	inf
SRX4001919	TFs and others	CTCF	Blood	THP-1	36922	484/2624	0/1	0	0	inf
SRX4001920	TFs and others	CTCF	Blood	THP-1	35067	479/2624	0/1	0	0	inf
SRX4001921	TFs and others	CTCF	Blood	THP-1	39180	553/2624	0/1	0	0	inf
SRX4001922	TFs and others	CTCF	Blood	THP-1	36273	503/2624	0/1	0	0	inf
SRX4001923	TFs and others	CTCF	Blood	THP-1	35946	499/2624	0/1	0	0	inf
SRX4001924	TFs and others	CTCF	Blood	THP-1	37225	489/2624	0/1	0	0	inf
SRX4001925	TFs and others	CTCF	Blood	THP-1	43335	543/2624	0/1	0	0	inf
SRX4001942	TFs and others	RAD21	Blood	THP-1	25440	307/2624	0/1	0	0	inf
SRX4001943	TFs and others	RAD21	Blood	THP-1	22500	257/2624	0/1	0	0	inf
SRX4001944	TFs and others	RAD21	Blood	THP-1	27173	329/2624	0/1	0	0	inf
SRX4001945	TFs and others	RAD21	Blood	THP-1	30325	372/2624	0/1	0	0	inf
SRX4001946	TFs and others	CTCF	Blood	THP-1	20289	295/2624	0/1	0	0	inf
SRX4001947	TFs and others	CTCF	Blood	THP-1	25421	366/2624	0/1	0	0	inf
SRX4001954	TFs and others	CEBPB	Blood	THP-1	3113	16/2624	0/1	0	0	inf
SRX4001955	TFs and others	CEBPB	Blood	THP-1	17190	90/2624	0/1	0	0	inf
SRX4001956	TFs and others	CEBPB	Blood	THP-1	4396	23/2624	0/1	0	0	inf
SRX4001957	TFs and others	CEBPB	Blood	THP-1	9386	61/2624	0/1	0	0	inf
SRX4001958	TFs and others	SPI1	Blood	THP-1	34643	246/2624	0/1	0	0	inf
SRX4001959	TFs and others	SPI1	Blood	THP-1	45132	369/2624	0/1	0	0	inf
SRX4001960	TFs and others	SPI1	Blood	THP-1	29706	228/2624	0/1	0	0	inf
SRX4001961	TFs and others	SPI1	Blood	THP-1	26144	190/2624	0/1	0	0	inf
SRX4001966	TFs and others	RELA	Blood	THP-1	417	1/2624	0/1	0	0	inf
SRX4001967	TFs and others	RELA	Blood	THP-1	1602	101/2624	0/1	0	0	inf
SRX4001968	TFs and others	FOS	Blood	THP-1	386	1/2624	0/1	0	0	inf
SRX4001969	TFs and others	FOS	Blood	THP-1	398	6/2624	0/1	0	0	inf
SRX4003759	TFs and others	ESRRG	Pluripotent stem cell	iPS derived cardiac cells	16606	200/2624	0/1	0	0	inf
SRX4003760	TFs and others	ESRRG	Pluripotent stem cell	iPS derived cardiac cells	7447	151/2624	0/1	0	0	inf
SRX4003761	TFs and others	ESRRG	Pluripotent stem cell	hESC derived cardiac cells	652	8/2624	0/1	0	0	inf
SRX4003762	TFs and others	ESRRG	Pluripotent stem cell	hESC derived cardiac cells	368	12/2624	0/1	0	0	inf
SRX4015270	TFs and others	DNMT3B	Pluripotent stem cell	hESC H1	373	1/2624	0/1	0	0	inf
SRX4015271	TFs and others	DNMT3B	Pluripotent stem cell	hESC H1	413	1/2624	0/1	0	0	inf
SRX4015272	TFs and others	DNMT3B	Pluripotent stem cell	hESC H1	361	1/2624	0/1	0	0	inf
SRX4015273	TFs and others	DNMT3B	Pluripotent stem cell	hESC H1	391	1/2624	0/1	0	0	inf
SRX4017879	TFs and others	TP63	Breast	Breast organoids	768	1/2624	0/1	0	0	inf
SRX4017880	TFs and others	TP63	Breast	Breast organoids	528	1/2624	0/1	0	0	inf
SRX4017881	TFs and others	TP63	Breast	Breast organoids	616	3/2624	0/1	0	0	inf
SRX4017882	TFs and others	TP63	Breast	Breast organoids	1161	1/2624	0/1	0	0	inf
SRX4017883	TFs and others	TP63	Breast	Breast organoids	965	1/2624	0/1	0	0	inf
SRX4017884	TFs and others	TP63	Breast	Breast organoids	926	1/2624	0/1	0	0	inf
SRX4017885	TFs and others	TP63	Breast	Breast organoids	949	1/2624	0/1	0	0	inf
SRX4017886	TFs and others	TP63	Breast	Breast organoids	353	1/2624	0/1	0	0	inf
SRX4017887	TFs and others	TP63	Breast	MCF 10A	1645	9/2624	0/1	0	0	inf
SRX4023329	TFs and others	CDK9	Breast	T-47D	3211	487/2624	0/1	0	0	inf
SRX4023330	TFs and others	CDK9	Breast	T-47D	1721	250/2624	0/1	0	0	inf
SRX4038241	TFs and others	PATZ1	Liver	Hep G2	2274	91/2624	0/1	0	0	inf
SRX4042129	TFs and others	TOP2A	Blood	KG-1	24	2/2624	0/1	0	0	inf
SRX4042130	TFs and others	TOP2B	Blood	KG-1	7	1/2624	0/1	0	0	inf
SRX4042135	TFs and others	TOP2A	Blood	KG-1	17	1/2624	0/1	0	0	inf
SRX4042136	TFs and others	TOP2B	Blood	KG-1	20	1/2624	0/1	0	0	inf
SRX4042138	TFs and others	TOP2A	Blood	KG-1	18	1/2624	0/1	0	0	inf
SRX4042141	TFs and others	TOP2A	Blood	KG-1	263	1/2624	0/1	0	0	inf
SRX4042142	TFs and others	TOP2B	Blood	KG-1	329	1/2624	0/1	0	0	inf
SRX4042144	TFs and others	TOP2A	Blood	KG-1	397	1/2624	0/1	0	0	inf
SRX4042145	TFs and others	TOP2B	Blood	KG-1	846	2/2624	0/1	0	0	inf
SRX4045119	TFs and others	BRD4	Others	TT	924	9/2624	0/1	0	0	inf
SRX4046303	TFs and others	CXXC1	Blood	Erythroblasts	2051	197/2624	0/1	0	0	inf
SRX4046309	TFs and others	SETD1A	Blood	Erythroblasts	543	69/2624	0/1	0	0	inf
SRX4046310	TFs and others	KDM6A	Blood	Erythroblasts	15219	680/2624	0/1	0	0	inf
SRX4046314	TFs and others	CXXC1	Blood	Lymphoblastoid cell line	3382	195/2624	0/1	0	0	inf
SRX4046315	TFs and others	CXXC1	Blood	Lymphoblastoid cell line	910	6/2624	0/1	0	0	inf
SRX4047133	TFs and others	PHF8	Digestive tract	RKO	2702	202/2624	0/1	0	0	inf
SRX4047134	TFs and others	PHF8	Digestive tract	RKO	1121	57/2624	0/1	0	0	inf
SRX4059543	TFs and others	ERG	Prostate	RWPE-1	9896	329/2624	0/1	0	0	inf
SRX4059544	TFs and others	EHF	Prostate	RWPE-1	9516	423/2624	0/1	0	0	inf
SRX4060991	TFs and others	TRPS1	Breast	T-47D	434	7/2624	0/1	0	0	inf
SRX4060992	TFs and others	TRPS1	Breast	T-47D	536	6/2624	0/1	0	0	inf
SRX4062879	TFs and others	AR	Prostate	LNCAP	885	2/2624	0/1	0	0	inf
SRX4062880	TFs and others	AR	Prostate	LNCAP	843	2/2624	0/1	0	0	inf
SRX4062881	TFs and others	AR	Prostate	LNCAP	786	1/2624	0/1	0	0	inf
SRX4062882	TFs and others	AR	Prostate	LNCAP	760	1/2624	0/1	0	0	inf
SRX4062883	TFs and others	FOXA1	Prostate	LNCAP	7252	20/2624	0/1	0	0	inf
SRX4062884	TFs and others	FOXA1	Prostate	LNCAP	9419	20/2624	0/1	0	0	inf
SRX4062885	TFs and others	FOXA1	Prostate	LNCAP	5993	17/2624	0/1	0	0	inf
SRX4062886	TFs and others	FOXA1	Prostate	LNCAP	5671	15/2624	0/1	0	0	inf
SRX4065343	TFs and others	SOX9	Pluripotent stem cell	hESC derived retinal cells	304	2/2624	0/1	0	0	inf
SRX4065344	TFs and others	SOX9	Pluripotent stem cell	hESC derived retinal cells	302	1/2624	0/1	0	0	inf
SRX4065345	TFs and others	SOX9	Pluripotent stem cell	hESC derived retinal cells	217	1/2624	0/1	0	0	inf
SRX4065346	TFs and others	SOX9	Pluripotent stem cell	hESC derived retinal cells	234	1/2624	0/1	0	0	inf
SRX4065347	TFs and others	SOX9	Pluripotent stem cell	hESC derived retinal cells	316	2/2624	0/1	0	0	inf
SRX4065348	TFs and others	SOX9	Pluripotent stem cell	hESC derived retinal cells	311	2/2624	0/1	0	0	inf
SRX4074762	TFs and others	FOSL1	Epidermis	BJ	765	2/2624	0/1	0	0	inf
SRX4074764	TFs and others	TEAD4	Epidermis	BJ	7378	157/2624	0/1	0	0	inf
SRX4080207	TFs and others	HOXB13	Prostate	Prostate cancer cells	176	1/2624	0/1	0	0	inf
SRX4080210	TFs and others	HOXB13	Prostate	Prostate cancer cells	173	3/2624	0/1	0	0	inf
SRX4080211	TFs and others	FOXA1	Prostate	Prostate cancer cells	264	1/2624	0/1	0	0	inf
SRX4080212	TFs and others	FOXA1	Prostate	Prostate cancer cells	61	1/2624	0/1	0	0	inf
SRX4080213	TFs and others	FOXA1	Prostate	Prostate cancer cells	460	4/2624	0/1	0	0	inf
SRX4080214	TFs and others	FOXA1	Prostate	Prostate cancer cells	69	1/2624	0/1	0	0	inf
SRX4080273	TFs and others	SMARCA4	Prostate	RWPE-1	27	2/2624	0/1	0	0	inf
SRX4080293	TFs and others	SMARCB1	Prostate	RWPE-1	32	1/2624	0/1	0	0	inf
SRX4080294	TFs and others	SMARCB1	Prostate	RWPE-1	51	1/2624	0/1	0	0	inf
SRX4096727	TFs and others	EPAS1	Prostate	PC-3	1529	44/2624	0/1	0	0	inf
SRX4096728	TFs and others	HIF1A	Prostate	PC-3	11079	747/2624	0/1	0	0	inf
SRX4096729	TFs and others	HIF1A	Prostate	PC-3	1500	61/2624	0/1	0	0	inf
SRX4096730	TFs and others	SMAD3	Prostate	PC-3	6800	535/2624	0/1	0	0	inf
SRX4096731	TFs and others	Epitope tags	Prostate	PC-3	263	1/2624	0/1	0	0	inf
SRX4096732	TFs and others	Epitope tags	Prostate	PC-3	4594	3/2624	0/1	0	0	inf
SRX4096733	TFs and others	SMAD3	Prostate	PC-3	4394	229/2624	0/1	0	0	inf
SRX4096734	TFs and others	SMAD3	Prostate	PC-3	62	1/2624	0/1	0	0	inf
SRX4096857	TFs and others	GATAD2A	Breast	HCC3153	568	2/2624	0/1	0	0	inf
SRX4096858	TFs and others	GATAD2A	Breast	HCC3153	301	3/2624	0/1	0	0	inf
SRX4096859	TFs and others	GATAD2A	Breast	HCC3153	307	10/2624	0/1	0	0	inf
SRX4096860	TFs and others	GATAD2A	Breast	HCC3153	242	1/2624	0/1	0	0	inf
SRX4096861	TFs and others	GATAD2A	Breast	HCC3153	505	11/2624	0/1	0	0	inf
SRX4096862	TFs and others	GATAD2A	Breast	HCC3153	361	3/2624	0/1	0	0	inf
SRX4096863	TFs and others	GATAD2A	Breast	HCC3153	740	3/2624	0/1	0	0	inf
SRX4096864	TFs and others	GATAD2A	Breast	HCC3153	397	4/2624	0/1	0	0	inf
SRX4096865	TFs and others	GATAD2B	Breast	HCC3153	549	10/2624	0/1	0	0	inf
SRX4096866	TFs and others	GATAD2B	Breast	HCC3153	157	2/2624	0/1	0	0	inf
SRX4096867	TFs and others	GATAD2B	Breast	HCC3153	548	1/2624	0/1	0	0	inf
SRX4096868	TFs and others	GATAD2B	Breast	HCC3153	613	1/2624	0/1	0	0	inf
SRX4096869	TFs and others	GATAD2B	Breast	HCC3153	444	13/2624	0/1	0	0	inf
SRX4096870	TFs and others	GATAD2B	Breast	HCC3153	529	3/2624	0/1	0	0	inf
SRX4096871	TFs and others	GATAD2B	Breast	HCC3153	636	1/2624	0/1	0	0	inf
SRX4096872	TFs and others	GATAD2B	Breast	HCC3153	553	1/2624	0/1	0	0	inf
SRX4096881	TFs and others	TRPS1	Breast	HCC3153	2441	54/2624	0/1	0	0	inf
SRX4096882	TFs and others	TRPS1	Breast	HCC3153	3686	76/2624	0/1	0	0	inf
SRX4096883	TFs and others	TRPS1	Breast	HCC3153	3111	62/2624	0/1	0	0	inf
SRX4096884	TFs and others	TRPS1	Breast	HCC3153	2522	54/2624	0/1	0	0	inf
SRX4096885	TFs and others	TRPS1	Breast	HCC3153	2860	63/2624	0/1	0	0	inf
SRX4096886	TFs and others	TRPS1	Breast	HCC3153	5155	100/2624	0/1	0	0	inf
SRX4096887	TFs and others	TRPS1	Breast	HCC3153	895	22/2624	0/1	0	0	inf
SRX4096888	TFs and others	TRPS1	Breast	HCC3153	1650	34/2624	0/1	0	0	inf
SRX4096890	TFs and others	TRPS1	Breast	SUM 159PT	3256	1/2624	0/1	0	0	inf
SRX4096891	TFs and others	TRPS1	Breast	SUM 159PT	3449	9/2624	0/1	0	0	inf
SRX4096893	TFs and others	TRPS1	Unclassified	Unclassified	4568	339/2624	0/1	0	0	inf
SRX4099645	TFs and others	Epitope tags	Blood	Kasumi-1	29755	200/2624	0/1	0	0	inf
SRX4099653	TFs and others	Epitope tags	Blood	Kasumi-1	400	2/2624	0/1	0	0	inf
SRX4099655	TFs and others	Epitope tags	Blood	Kasumi-1	2776	26/2624	0/1	0	0	inf
SRX4107930	TFs and others	SKP2	Digestive tract	HCT 116	23825	6/2624	0/1	0	0	inf
SRX4107932	TFs and others	SKP2	Digestive tract	HCT 116	24515	9/2624	0/1	0	0	inf
SRX4107934	TFs and others	DTL	Bone	U2OS	21364	6/2624	0/1	0	0	inf
SRX4107936	TFs and others	CUL4A	Bone	U2OS	25614	42/2624	0/1	0	0	inf
SRX4108913	TFs and others	AR	Prostate	LNCAP	56819	69/2624	0/1	0	0	inf
SRX4108914	TFs and others	AR	Prostate	LNCAP	26856	30/2624	0/1	0	0	inf
SRX4108915	TFs and others	AR	Prostate	LNCAP	15751	24/2624	0/1	0	0	inf
SRX4108916	TFs and others	AR	Prostate	LNCAP	12608	24/2624	0/1	0	0	inf
SRX4108917	TFs and others	HIF1A	Prostate	LNCAP	312	2/2624	0/1	0	0	inf
SRX4108918	TFs and others	HIF1A	Prostate	LNCAP	2600	219/2624	0/1	0	0	inf
SRX4108919	TFs and others	HIF1A	Prostate	LNCAP	538	4/2624	0/1	0	0	inf
SRX4108920	TFs and others	HIF1A	Prostate	LNCAP	1343	57/2624	0/1	0	0	inf
SRX4115983	TFs and others	AR	Prostate	LNCAP	7402	5/2624	0/1	0	0	inf
SRX4115984	TFs and others	AR	Prostate	LNCAP	25666	32/2624	0/1	0	0	inf
SRX4115985	TFs and others	FOXA1	Prostate	LNCAP	9575	19/2624	0/1	0	0	inf
SRX4115986	TFs and others	FOXA1	Prostate	LNCAP	27937	53/2624	0/1	0	0	inf
SRX4115992	TFs and others	ESR1	Breast	MCF-7	1300	20/2624	0/1	0	0	inf
SRX4115993	TFs and others	ESR1	Breast	MCF-7	4626	119/2624	0/1	0	0	inf
SRX4115994	TFs and others	FOXA1	Breast	MCF-7	5520	58/2624	0/1	0	0	inf
SRX4115995	TFs and others	FOXA1	Breast	MCF-7	8797	65/2624	0/1	0	0	inf
SRX4116000	TFs and others	AR	Prostate	Prostate cancer cells	105	1/2624	0/1	0	0	inf
SRX4116003	TFs and others	FOXA1	Prostate	Prostate cancer cells	1145	6/2624	0/1	0	0	inf
SRX4116007	TFs and others	AR	Prostate	Prostate cancer cells	4551	18/2624	0/1	0	0	inf
SRX4116009	TFs and others	FOXA1	Prostate	Prostate cancer cells	15582	154/2624	0/1	0	0	inf
SRX4116012	TFs and others	AR	Prostate	Prostate cancer cells	89	1/2624	0/1	0	0	inf
SRX4116014	TFs and others	FOXA1	Prostate	Prostate cancer cells	84	1/2624	0/1	0	0	inf
SRX4116015	TFs and others	FOXA1	Prostate	Prostate cancer cells	650	7/2624	0/1	0	0	inf
SRX4116019	TFs and others	AR	Prostate	Prostate cancer cells	127	1/2624	0/1	0	0	inf
SRX4116021	TFs and others	FOXA1	Prostate	Prostate cancer cells	117	1/2624	0/1	0	0	inf
SRX4116022	TFs and others	FOXA1	Prostate	Prostate cancer cells	873	5/2624	0/1	0	0	inf
SRX4116025	TFs and others	ESR1	Breast	Breast cancer cells	161	1/2624	0/1	0	0	inf
SRX4116026	TFs and others	ESR1	Breast	Breast cancer cells	740	57/2624	0/1	0	0	inf
SRX4116028	TFs and others	FOXA1	Breast	Breast cancer cells	3378	71/2624	0/1	0	0	inf
SRX4116034	TFs and others	ESR1	Breast	Breast cancer cells	2819	345/2624	0/1	0	0	inf
SRX4116036	TFs and others	FOXA1	Breast	Breast cancer cells	9366	80/2624	0/1	0	0	inf
SRX4116041	TFs and others	ESR1	Breast	Breast cancer cells	121	1/2624	0/1	0	0	inf
SRX4116042	TFs and others	ESR1	Breast	Breast cancer cells	103	1/2624	0/1	0	0	inf
SRX4116043	TFs and others	FOXA1	Breast	Breast cancer cells	117	1/2624	0/1	0	0	inf
SRX4116050	TFs and others	ESR1	Breast	Breast cancer cells	145	1/2624	0/1	0	0	inf
SRX4116051	TFs and others	ESR1	Breast	Breast cancer cells	172	7/2624	0/1	0	0	inf
SRX4116053	TFs and others	FOXA1	Breast	Breast cancer cells	2859	17/2624	0/1	0	0	inf
SRX4116058	TFs and others	ESR1	Uterus	Endometrium cancer	269	3/2624	0/1	0	0	inf
SRX4116059	TFs and others	ESR1	Uterus	Endometrium cancer	7973	114/2624	0/1	0	0	inf
SRX4116063	TFs and others	ESR1	Uterus	Endometrium cancer	710	34/2624	0/1	0	0	inf
SRX4116066	TFs and others	ESR1	Uterus	Endometrium cancer	143	1/2624	0/1	0	0	inf
SRX4116067	TFs and others	ESR1	Uterus	Endometrium cancer	231	2/2624	0/1	0	0	inf
SRX4116070	TFs and others	AR	Prostate	Prostate cancer cells	141	1/2624	0/1	0	0	inf
SRX4116071	TFs and others	FOXA1	Prostate	Prostate cancer cells	724	4/2624	0/1	0	0	inf
SRX4116074	TFs and others	FOXA1	Prostate	Prostate cancer cells	9155	239/2624	0/1	0	0	inf
SRX4116559	TFs and others	FOXP1	Blood	B cells	8899	723/2624	0/1	0	0	inf
SRX4116561	TFs and others	FOXP1	Blood	B cells	8097	636/2624	0/1	0	0	inf
SRX4119717	TFs and others	Epitope tags	Kidney	293	244	2/2624	0/1	0	0	inf
SRX4119719	TFs and others	Epitope tags	Kidney	293	749	107/2624	0/1	0	0	inf
SRX4119723	TFs and others	Epitope tags	Kidney	293	252	29/2624	0/1	0	0	inf
SRX4119724	TFs and others	Epitope tags	Kidney	293	729	102/2624	0/1	0	0	inf
SRX4119725	TFs and others	Epitope tags	Kidney	293	431	67/2624	0/1	0	0	inf
SRX4119729	TFs and others	Epitope tags	Kidney	293	378	43/2624	0/1	0	0	inf
SRX4119730	TFs and others	Epitope tags	Kidney	293	354	45/2624	0/1	0	0	inf
SRX4119731	TFs and others	Epitope tags	Kidney	293	443	60/2624	0/1	0	0	inf
SRX4143035	TFs and others	POU2F3	Lung	NCI-H1048	29729	75/2624	0/1	0	0	inf
SRX4143065	TFs and others	AML1-ETO	Blood	Kasumi-1	15673	416/2624	0/1	0	0	inf
SRX4143070	TFs and others	TAF1	Blood	Kasumi-1	4722	407/2624	0/1	0	0	inf
SRX4143072	TFs and others	TAF1	Blood	Kasumi-1	1716	434/2624	0/1	0	0	inf
SRX4143074	TFs and others	TAF1	Blood	Kasumi-1	278	65/2624	0/1	0	0	inf
SRX4154203	TFs and others	ZFP64	Blood	MOLM-13	8211	199/2624	0/1	0	0	inf
SRX4154204	TFs and others	ZFP64	Blood	MOLM-13	4731	95/2624	0/1	0	0	inf
SRX4154207	TFs and others	Epitope tags	Blood	MOLM-13	23424	337/2624	0/1	0	0	inf
SRX4154208	TFs and others	Epitope tags	Blood	MOLM-13	6795	85/2624	0/1	0	0	inf
SRX4154211	TFs and others	ZFP64	Blood	Acute myeloid leukemia	3815	43/2624	0/1	0	0	inf
SRX4154212	TFs and others	ZFP64	Blood	Acute myeloid leukemia	11722	270/2624	0/1	0	0	inf
SRX4154215	TFs and others	Epitope tags	Blood	Acute myeloid leukemia	17100	298/2624	0/1	0	0	inf
SRX4154216	TFs and others	Epitope tags	Blood	Acute myeloid leukemia	9030	143/2624	0/1	0	0	inf
SRX4155648	TFs and others	CTCFL	Neural	KELLY	1076	1/2624	0/1	0	0	inf
SRX4155649	TFs and others	CTCFL	Neural	KELLY	1009	1/2624	0/1	0	0	inf
SRX4155650	TFs and others	CTCF	Neural	KELLY	16801	323/2624	0/1	0	0	inf
SRX4155651	TFs and others	CTCF	Neural	KELLY	14259	304/2624	0/1	0	0	inf
SRX4155656	TFs and others	CTCFL	Neural	KELLY	927	1/2624	0/1	0	0	inf
SRX4155657	TFs and others	CTCFL	Neural	KELLY	1072	1/2624	0/1	0	0	inf
SRX4155658	TFs and others	SMC1A	Neural	KELLY	569	4/2624	0/1	0	0	inf
SRX4155659	TFs and others	SMC1A	Neural	KELLY	401	1/2624	0/1	0	0	inf
SRX4155660	TFs and others	CTCFL	Neural	KELLY	10847	372/2624	0/1	0	0	inf
SRX4155661	TFs and others	CTCFL	Neural	KELLY	11689	369/2624	0/1	0	0	inf
SRX4155662	TFs and others	CTCF	Neural	KELLY	17518	294/2624	0/1	0	0	inf
SRX4155663	TFs and others	CTCF	Neural	KELLY	19563	323/2624	0/1	0	0	inf
SRX4155668	TFs and others	SMC1A	Neural	KELLY	3801	75/2624	0/1	0	0	inf
SRX4155669	TFs and others	SMC1A	Neural	KELLY	4701	70/2624	0/1	0	0	inf
SRX4155862	TFs and others	MYCN	Neural	KELLY	506	1/2624	0/1	0	0	inf
SRX4155863	TFs and others	MYCN	Neural	KELLY	659	1/2624	0/1	0	0	inf
SRX4155865	TFs and others	CTCFL	Bone	TC-32	752	1/2624	0/1	0	0	inf
SRX4155866	TFs and others	CTCFL	Bone	TC-32	626	1/2624	0/1	0	0	inf
SRX4155871	TFs and others	SMC1A	Bone	TC-32	12843	186/2624	0/1	0	0	inf
SRX4155872	TFs and others	SMC1A	Bone	TC-32	10100	150/2624	0/1	0	0	inf
SRX4155873	TFs and others	CTCFL	Bone	TC-71	611	13/2624	0/1	0	0	inf
SRX4155874	TFs and others	CTCFL	Bone	TC-71	696	15/2624	0/1	0	0	inf
SRX4155879	TFs and others	SMC1A	Bone	TC-71	3858	61/2624	0/1	0	0	inf
SRX4155880	TFs and others	SMC1A	Bone	TC-71	2636	46/2624	0/1	0	0	inf
SRX4161716	TFs and others	SMAD3	Cardiovascular	HCASMC	147	2/2624	0/1	0	0	inf
SRX4169274	TFs and others	SUPT5H	Bone	U2OS	285	1/2624	0/1	0	0	inf
SRX4169275	TFs and others	SUPT5H	Bone	U2OS	2663	233/2624	0/1	0	0	inf
SRX4169276	TFs and others	SUPT5H	Bone	U2OS	1319	84/2624	0/1	0	0	inf
SRX4170707	TFs and others	WDR5	Blood	K-562	1303	23/2624	0/1	0	0	inf
SRX4170708	TFs and others	WDR5	Blood	K-562	1254	34/2624	0/1	0	0	inf
SRX4170709	TFs and others	WDR5	Blood	K-562	1302	21/2624	0/1	0	0	inf
SRX4170710	TFs and others	WDR5	Blood	K-562	1320	38/2624	0/1	0	0	inf
SRX4170711	TFs and others	WDR5	Blood	K-562	1093	13/2624	0/1	0	0	inf
SRX4170712	TFs and others	WDR5	Blood	K-562	1352	38/2624	0/1	0	0	inf
SRX4170722	TFs and others	WDR5	Blood	MV-4-11	748	8/2624	0/1	0	0	inf
SRX4170723	TFs and others	WDR5	Blood	MV-4-11	755	7/2624	0/1	0	0	inf
SRX4170724	TFs and others	WDR5	Blood	MV-4-11	686	7/2624	0/1	0	0	inf
SRX4170725	TFs and others	WDR5	Blood	MV-4-11	811	6/2624	0/1	0	0	inf
SRX4170726	TFs and others	WDR5	Blood	MV-4-11	807	9/2624	0/1	0	0	inf
SRX4170727	TFs and others	WDR5	Blood	MV-4-11	683	7/2624	0/1	0	0	inf
SRX4170728	TFs and others	WDR5	Blood	MV-4-11	677	1/2624	0/1	0	0	inf
SRX4170729	TFs and others	WDR5	Blood	MV-4-11	737	1/2624	0/1	0	0	inf
SRX4170730	TFs and others	WDR5	Blood	MV-4-11	592	1/2624	0/1	0	0	inf
SRX4170731	TFs and others	WDR5	Blood	MV-4-11	942	32/2624	0/1	0	0	inf
SRX4170732	TFs and others	WDR5	Blood	MV-4-11	921	20/2624	0/1	0	0	inf
SRX4170733	TFs and others	WDR5	Blood	MV-4-11	857	14/2624	0/1	0	0	inf
SRX4171347	TFs and others	Epitope tags	Pluripotent stem cell	hESC H1	781	1/2624	0/1	0	0	inf
SRX4171355	TFs and others	Epitope tags	Pluripotent stem cell	hESC H1	10772	10/2624	0/1	0	0	inf
SRX4171357	TFs and others	TRIM28	Pluripotent stem cell	hESC H1	21100	38/2624	0/1	0	0	inf
SRX4172738	TFs and others	GATA1	Digestive tract	HCT 116	785	3/2624	0/1	0	0	inf
SRX4172739	TFs and others	GATA1	Digestive tract	HCT 116	529	2/2624	0/1	0	0	inf
SRX4172740	TFs and others	GATA1	Digestive tract	HCT 116	8243	8/2624	0/1	0	0	inf
SRX4172741	TFs and others	GATA1	Digestive tract	HCT 116	707	2/2624	0/1	0	0	inf
SRX4172742	TFs and others	GATA1	Digestive tract	HCT 116	10123	449/2624	0/1	0	0	inf
SRX4172743	TFs and others	GATA1	Digestive tract	HCT 116	11164	555/2624	0/1	0	0	inf
SRX4172744	TFs and others	GATA1	Digestive tract	HCT 116	10091	335/2624	0/1	0	0	inf
SRX4172745	TFs and others	GATA1	Digestive tract	HCT 116	12333	597/2624	0/1	0	0	inf
SRX4174617	TFs and others	CTCF	Pluripotent stem cell	iPS cells	3051	94/2624	0/1	0	0	inf
SRX4174623	TFs and others	CTCF	Neural	Neurons	10741	282/2624	0/1	0	0	inf
SRX4174629	TFs and others	CTCF	Neural	Neural progenitor cells	6059	129/2624	0/1	0	0	inf
SRX4174970	TFs and others	PPARG	Adipocyte	Adipocytes	3458	26/2624	0/1	0	0	inf
SRX4174971	TFs and others	PPARG	Adipocyte	Adipocytes	8840	67/2624	0/1	0	0	inf
SRX4174972	TFs and others	PPARG	Adipocyte	Adipocytes	3625	17/2624	0/1	0	0	inf
SRX4174973	TFs and others	PPARG	Adipocyte	Adipocytes	10333	67/2624	0/1	0	0	inf
SRX4174974	TFs and others	PPARG	Adipocyte	Adipocytes	8006	51/2624	0/1	0	0	inf
SRX4179959	TFs and others	TP63	Pancreas	BxPC-3	31586	158/2624	0/1	0	0	inf
SRX4179961	TFs and others	Epitope tags	Pancreas	SUIT-2	33313	510/2624	0/1	0	0	inf
SRX4179992	TFs and others	JDP2	Blood	Loucy	663	86/2624	0/1	0	0	inf
SRX4192131	TFs and others	XRCC4	Breast	MCF 10A	442	7/2624	0/1	0	0	inf
SRX4192132	TFs and others	XRCC4	Breast	MCF 10A	988	117/2624	0/1	0	0	inf
SRX4192133	TFs and others	TOP1	Breast	MCF 10A	55	1/2624	0/1	0	0	inf
SRX4192134	TFs and others	PARP1	Breast	MCF 10A	254	12/2624	0/1	0	0	inf
SRX4192136	TFs and others	XRCC4	Breast	MCF 10A	757	23/2624	0/1	0	0	inf
SRX4192137	TFs and others	XRCC4	Breast	MCF 10A	912	111/2624	0/1	0	0	inf
SRX4192879	TFs and others	FOS	Breast	MCF 10A	39305	241/2624	0/1	0	0	inf
SRX4192880	TFs and others	FOS	Breast	MCF 10A	51054	247/2624	0/1	0	0	inf
SRX4192881	TFs and others	JUNB	Breast	MCF 10A	11570	100/2624	0/1	0	0	inf
SRX4192882	TFs and others	JUNB	Breast	MCF 10A	26251	156/2624	0/1	0	0	inf
SRX4192883	TFs and others	JUN	Breast	MCF 10A	5438	92/2624	0/1	0	0	inf
SRX4192884	TFs and others	JUN	Breast	MCF 10A	22528	214/2624	0/1	0	0	inf
SRX4192885	TFs and others	NFKB1	Breast	MCF 10A	1336	18/2624	0/1	0	0	inf
SRX4192886	TFs and others	NFKB1	Breast	MCF 10A	6923	60/2624	0/1	0	0	inf
SRX4192887	TFs and others	STAT3	Breast	MCF 10A	4155	89/2624	0/1	0	0	inf
SRX4192888	TFs and others	STAT3	Breast	MCF 10A	17924	205/2624	0/1	0	0	inf
SRX4192958	TFs and others	SMC1A	Breast	MCF-7	12991	166/2624	0/1	0	0	inf
SRX4192959	TFs and others	SMC1A	Breast	MCF-7	5581	91/2624	0/1	0	0	inf
SRX4193141	TFs and others	ESR1	Breast	MCF-7	2690	300/2624	0/1	0	0	inf
SRX4193142	TFs and others	ESR1	Breast	MCF-7	6146	411/2624	0/1	0	0	inf
SRX4193143	TFs and others	ESR1	Breast	MCF-7	5375	367/2624	0/1	0	0	inf
SRX4193144	TFs and others	ESR1	Breast	MCF-7	5794	312/2624	0/1	0	0	inf
SRX4193145	TFs and others	ESR1	Breast	MCF-7	5919	339/2624	0/1	0	0	inf
SRX4193146	TFs and others	ESR1	Breast	MCF-7	4274	402/2624	0/1	0	0	inf
SRX4193147	TFs and others	ESR1	Breast	MCF-7	5009	308/2624	0/1	0	0	inf
SRX4193148	TFs and others	ESR1	Breast	MCF-7	3218	255/2624	0/1	0	0	inf
SRX4193149	TFs and others	ESR1	Breast	MCF-7	5834	472/2624	0/1	0	0	inf
SRX4193150	TFs and others	ESR1	Breast	MCF-7	6045	424/2624	0/1	0	0	inf
SRX4193367	TFs and others	SMARCA4	Prostate	22Rv1	2213	87/2624	0/1	0	0	inf
SRX4193368	TFs and others	SMARCA4	Prostate	22Rv1	5006	245/2624	0/1	0	0	inf
SRX4211810	TFs and others	PAX5	Blood	NALM-6	17220	751/2624	0/1	0	0	inf
SRX4212570	TFs and others	EZH2	Blood	Peripheral blood mononuclear cells	1172	129/2624	0/1	0	0	inf
SRX4212572	TFs and others	EZH2	Blood	Peripheral blood mononuclear cells	1867	231/2624	0/1	0	0	inf
SRX4212574	TFs and others	EZH2	Blood	Peripheral blood mononuclear cells	985	65/2624	0/1	0	0	inf
SRX4212576	TFs and others	EZH2	Blood	Peripheral blood mononuclear cells	1270	90/2624	0/1	0	0	inf
SRX4212578	TFs and others	EZH2	Blood	Peripheral blood mononuclear cells	2495	279/2624	0/1	0	0	inf
SRX4212580	TFs and others	EZH2	Blood	Peripheral blood mononuclear cells	513	21/2624	0/1	0	0	inf
SRX4212585	TFs and others	EZH2	Blood	Peripheral blood mononuclear cells	317	1/2624	0/1	0	0	inf
SRX4212587	TFs and others	EZH2	Blood	Peripheral blood mononuclear cells	936	50/2624	0/1	0	0	inf
SRX4212589	TFs and others	EZH2	Blood	Peripheral blood mononuclear cells	493	10/2624	0/1	0	0	inf
SRX4212593	TFs and others	EZH2	Blood	Peripheral blood mononuclear cells	558	26/2624	0/1	0	0	inf
SRX4212595	TFs and others	EZH2	Blood	Peripheral blood mononuclear cells	451	16/2624	0/1	0	0	inf
SRX4212597	TFs and others	EZH2	Blood	Peripheral blood mononuclear cells	730	41/2624	0/1	0	0	inf
SRX4213896	TFs and others	LIN9	Breast	MCF 10A	3491	737/2624	0/1	0	0	inf
SRX4213897	TFs and others	LIN9	Breast	MCF 10A	3540	808/2624	0/1	0	0	inf
SRX4213898	TFs and others	YAP1	Breast	MCF 10A	304	7/2624	0/1	0	0	inf
SRX4213899	TFs and others	YAP1	Breast	MCF 10A	4785	126/2624	0/1	0	0	inf
SRX4213900	TFs and others	MYBL2	Breast	MCF 10A	466	21/2624	0/1	0	0	inf
SRX4213901	TFs and others	MYBL2	Breast	MCF 10A	847	98/2624	0/1	0	0	inf
SRX4218025	TFs and others	CTCF	Digestive tract	HCT 116	207	10/2624	0/1	0	0	inf
SRX4220404	TFs and others	MAX	Unclassified	Unclassified	644	46/2624	0/1	0	0	inf
SRX4221460	TFs and others	CTCF	Neural	SK-N-SH	23922	431/2624	0/1	0	0	inf
SRX4221461	TFs and others	RAD21	Neural	SK-N-SH	11925	137/2624	0/1	0	0	inf
SRX4221464	TFs and others	CTCF	Kidney	293	24791	384/2624	0/1	0	0	inf
SRX4221465	TFs and others	Epitope tags	Kidney	293	717	4/2624	0/1	0	0	inf
SRX4221466	TFs and others	Epitope tags	Kidney	293	734	5/2624	0/1	0	0	inf
SRX4221467	TFs and others	Epitope tags	Kidney	293	556	1/2624	0/1	0	0	inf
SRX4221468	TFs and others	Epitope tags	Kidney	293	592	3/2624	0/1	0	0	inf
SRX423001	TFs and others	CDK2	Breast	T-47D	627	1/2624	0/1	0	0	inf
SRX423002	TFs and others	CDK2	Breast	T-47D	181	1/2624	0/1	0	0	inf
SRX423003	TFs and others	CDK2	Breast	T-47D	477	1/2624	0/1	0	0	inf
SRX423004	TFs and others	PARP1	Breast	T-47D	700	1/2624	0/1	0	0	inf
SRX423005	TFs and others	PARP1	Breast	T-47D	774	1/2624	0/1	0	0	inf
SRX423006	TFs and others	PARP1	Breast	T-47D	827	1/2624	0/1	0	0	inf
SRX4230307	TFs and others	TP53	Lung	IMR-90	2160	21/2624	0/1	0	0	inf
SRX4235878	TFs and others	KMT2D	Digestive tract	SW 480	11583	763/2624	0/1	0	0	inf
SRX4235880	TFs and others	TP53	Digestive tract	SW 480	4819	199/2624	0/1	0	0	inf
SRX423971	TFs and others	CTNNB1	Digestive tract	SW 480	261	2/2624	0/1	0	0	inf
SRX424011	TFs and others	KDM4C	Digestive tract	KYSE-150	586	1/2624	0/1	0	0	inf
SRX4240288	TFs and others	ESR1	Gonad	SK-OV-3	14171	810/2624	0/1	0	0	inf
SRX4240290	TFs and others	ESR1	Gonad	SK-OV-3	1134	248/2624	0/1	0	0	inf
SRX4240291	TFs and others	ESR1	Gonad	SK-OV-3	1236	264/2624	0/1	0	0	inf
SRX4240292	TFs and others	CTBP1	Gonad	SK-OV-3	2056	46/2624	0/1	0	0	inf
SRX4240294	TFs and others	CTBP1	Gonad	SK-OV-3	1998	66/2624	0/1	0	0	inf
SRX4240295	TFs and others	CTBP1	Gonad	SK-OV-3	1579	47/2624	0/1	0	0	inf
SRX425253	TFs and others	BRD4	Cardiovascular	HUVEC	1693	41/2624	0/1	0	0	inf
SRX425254	TFs and others	BRD4	Cardiovascular	HUVEC	3588	123/2624	0/1	0	0	inf
SRX425255	TFs and others	BRD4	Cardiovascular	HUVEC	569	11/2624	0/1	0	0	inf
SRX425262	TFs and others	RELA	Cardiovascular	HUVEC	305	1/2624	0/1	0	0	inf
SRX425263	TFs and others	RELA	Cardiovascular	HUVEC	4526	85/2624	0/1	0	0	inf
SRX425264	TFs and others	RELA	Cardiovascular	HUVEC	5809	91/2624	0/1	0	0	inf
SRX425995	TFs and others	HOXC11	Breast	LY2	96	2/2624	0/1	0	0	inf
SRX425996	TFs and others	HOXC11	Breast	LY2	81	1/2624	0/1	0	0	inf
SRX4284003	TFs and others	CTCF	Blood	B cells	37850	508/2624	0/1	0	0	inf
SRX4284004	TFs and others	CTCF	Blood	B cells	35485	497/2624	0/1	0	0	inf
SRX4284007	TFs and others	CTCF	Blood	B cells	36203	551/2624	0/1	0	0	inf
SRX4284008	TFs and others	CTCF	Blood	B cells	40388	575/2624	0/1	0	0	inf
SRX4284011	TFs and others	CTCF	Blood	B cells	36841	513/2624	0/1	0	0	inf
SRX4284012	TFs and others	CTCF	Blood	B cells	35765	527/2624	0/1	0	0	inf
SRX4284791	TFs and others	Epitope tags	Breast	T-47D	428	1/2624	0/1	0	0	inf
SRX4284792	TFs and others	Epitope tags	Breast	T-47D	438	1/2624	0/1	0	0	inf
SRX4284793	TFs and others	Epitope tags	Breast	T-47D	1353	9/2624	0/1	0	0	inf
SRX4284794	TFs and others	Epitope tags	Breast	T-47D	381	1/2624	0/1	0	0	inf
SRX4284795	TFs and others	Epitope tags	Breast	T-47D	354	1/2624	0/1	0	0	inf
SRX4287636	TFs and others	EGR1	Epidermis	A-375	585	3/2624	0/1	0	0	inf
SRX4287638	TFs and others	AR	Epidermis	A-375	890	52/2624	0/1	0	0	inf
SRX4287639	TFs and others	AR	Epidermis	A-375	976	68/2624	0/1	0	0	inf
SRX4288471	TFs and others	CTCF	Blood	Lymphoblastoid cell line	7566	104/2624	0/1	0	0	inf
SRX4288472	TFs and others	CTCF	Blood	Lymphoblastoid cell line	2661	56/2624	0/1	0	0	inf
SRX4288473	TFs and others	CTCF	Blood	Lymphoblastoid cell line	3404	34/2624	0/1	0	0	inf
SRX4288474	TFs and others	CTCF	Blood	Lymphoblastoid cell line	1499	35/2624	0/1	0	0	inf
SRX4288475	TFs and others	CTCF	Blood	Lymphoblastoid cell line	2047	58/2624	0/1	0	0	inf
SRX4288476	TFs and others	CTCF	Blood	Lymphoblastoid cell line	1210	25/2624	0/1	0	0	inf
SRX4301468	TFs and others	RELA	Uterus	HeLa	79	2/2624	0/1	0	0	inf
SRX4301469	TFs and others	RELA	Uterus	HeLa	214	6/2624	0/1	0	0	inf
SRX4301470	TFs and others	RELA	Uterus	HeLa	41	2/2624	0/1	0	0	inf
SRX4301471	TFs and others	RELA	Uterus	HeLa	24	1/2624	0/1	0	0	inf
SRX4301472	TFs and others	RELA	Uterus	HeLa	223	1/2624	0/1	0	0	inf
SRX4301473	TFs and others	RELA	Uterus	HeLa	288	7/2624	0/1	0	0	inf
SRX4301474	TFs and others	RELA	Uterus	HeLa	479	2/2624	0/1	0	0	inf
SRX4301475	TFs and others	RELA	Uterus	HeLa	808	2/2624	0/1	0	0	inf
SRX4301476	TFs and others	RELA	Uterus	HeLa	236	1/2624	0/1	0	0	inf
SRX4301477	TFs and others	RELA	Uterus	HeLa	194	2/2624	0/1	0	0	inf
SRX4313202	TFs and others	HDAC2	Muscle	RH-4	6626	303/2624	0/1	0	0	inf
SRX4313203	TFs and others	SOX8	Muscle	RH-4	2118	9/2624	0/1	0	0	inf
SRX4313217	TFs and others	RAD21	Muscle	RH-4	4412	46/2624	0/1	0	0	inf
SRX4313218	TFs and others	RAD21	Muscle	RH-4	11057	126/2624	0/1	0	0	inf
SRX4313219	TFs and others	HDAC2	Muscle	RH-4	2164	54/2624	0/1	0	0	inf
SRX4313220	TFs and others	HDAC2	Muscle	RH-4	5049	144/2624	0/1	0	0	inf
SRX4313224	TFs and others	RAD21	Muscle	RH-4	30392	342/2624	0/1	0	0	inf
SRX4313225	TFs and others	RAD21	Muscle	RH-4	25767	276/2624	0/1	0	0	inf
SRX4313226	TFs and others	YY1	Muscle	RH-4	5472	577/2624	0/1	0	0	inf
SRX4313227	TFs and others	YY1	Muscle	RH-4	7274	707/2624	0/1	0	0	inf
SRX4326271	TFs and others	BRD4	Neural	SK-N-BE(2)	2093	24/2624	0/1	0	0	inf
SRX4326272	TFs and others	BRD4	Neural	SK-N-BE(2)	3202	211/2624	0/1	0	0	inf
SRX4326273	TFs and others	BRD4	Neural	SK-N-BE(2)	1040	5/2624	0/1	0	0	inf
SRX4326274	TFs and others	BRD4	Neural	SK-N-BE(2)	946	64/2624	0/1	0	0	inf
SRX433189	TFs and others	AR	Kidney	293	302	1/2624	0/1	0	0	inf
SRX433190	TFs and others	AR	Kidney	293	41112	57/2624	0/1	0	0	inf
SRX433191	TFs and others	AR	Kidney	293	34767	46/2624	0/1	0	0	inf
SRX433192	TFs and others	AR	Kidney	293	386	1/2624	0/1	0	0	inf
SRX433193	TFs and others	AR	Kidney	293	25713	37/2624	0/1	0	0	inf
SRX433194	TFs and others	AR	Kidney	293	51394	75/2624	0/1	0	0	inf
SRX433196	TFs and others	AR	Prostate	PC-3	1417	2/2624	0/1	0	0	inf
SRX433197	TFs and others	AR	Prostate	PC-3	26433	87/2624	0/1	0	0	inf
SRX433198	TFs and others	AR	Prostate	PC-3	40833	89/2624	0/1	0	0	inf
SRX433200	TFs and others	AR	Prostate	PC-3	1284	1/2624	0/1	0	0	inf
SRX433201	TFs and others	AR	Prostate	PC-3	39378	147/2624	0/1	0	0	inf
SRX433202	TFs and others	AR	Prostate	PC-3	24176	82/2624	0/1	0	0	inf
SRX4338416	TFs and others	HOXA9	Unclassified	Unclassified	287	1/2624	0/1	0	0	inf
SRX4342282	TFs and others	AHR	Blood	GM17212	2570	462/2624	0/1	0	0	inf
SRX4342283	TFs and others	AHR	Blood	GM17212	3177	525/2624	0/1	0	0	inf
SRX4342285	TFs and others	AHR	Blood	GM17212	3566	593/2624	0/1	0	0	inf
SRX4342286	TFs and others	AHR	Blood	GM17212	3379	593/2624	0/1	0	0	inf
SRX4343449	TFs and others	ARID4B	Prostate	PC-3	2059	304/2624	0/1	0	0	inf
SRX4343450	TFs and others	ARID4B	Prostate	PC-3	592	1/2624	0/1	0	0	inf
SRX4345356	TFs and others	NFATC2	Blood	CD4+ T cells	2460	24/2624	0/1	0	0	inf
SRX4345357	TFs and others	NFATC2	Blood	CD4+ T cells	1361	22/2624	0/1	0	0	inf
SRX4345358	TFs and others	NFATC2	Blood	CD4+ T cells	1144	7/2624	0/1	0	0	inf
SRX4345359	TFs and others	NFATC2	Blood	CD4+ T cells	2128	65/2624	0/1	0	0	inf
SRX4345360	TFs and others	NFATC1	Blood	CD4+ T cells	445	1/2624	0/1	0	0	inf
SRX4345361	TFs and others	NFATC1	Blood	CD4+ T cells	404	1/2624	0/1	0	0	inf
SRX4345362	TFs and others	FOS	Blood	CD4+ T cells	1337	15/2624	0/1	0	0	inf
SRX4345363	TFs and others	JUNB	Blood	CD4+ T cells	4992	182/2624	0/1	0	0	inf
SRX4345364	TFs and others	MYC	Blood	CD4+ T cells	491	6/2624	0/1	0	0	inf
SRX4345365	TFs and others	NFKB1	Blood	CD4+ T cells	803	8/2624	0/1	0	0	inf
SRX4345366	TFs and others	NFKB1	Blood	CD4+ T cells	841	25/2624	0/1	0	0	inf
SRX4346765	TFs and others	SALL3	Pluripotent stem cell	iPS cells	347	3/2624	0/1	0	0	inf
SRX4367192	TFs and others	ESR1	Breast	MCF-7	54219	459/2624	0/1	0	0	inf
SRX4367193	TFs and others	ESR1	Breast	MCF-7	84511	619/2624	0/1	0	0	inf
SRX4367421	TFs and others	TBP	Lung	Bronchial tracheal epithelial cells	1569	132/2624	0/1	0	0	inf
SRX4367422	TFs and others	TBP	Lung	Bronchial tracheal epithelial cells	2789	300/2624	0/1	0	0	inf
SRX4367432	TFs and others	TBP	Lung	Bronchial tracheal epithelial cells	2645	446/2624	0/1	0	0	inf
SRX4367441	TFs and others	TBP	Lung	Bronchial tracheal epithelial cells	3351	598/2624	0/1	0	0	inf
SRX4367442	TFs and others	TBP	Lung	Bronchial tracheal epithelial cells	1993	332/2624	0/1	0	0	inf
SRX4370388	TFs and others	Epitope tags	Digestive tract	HCT 116	1042	10/2624	0/1	0	0	inf
SRX4370389	TFs and others	Epitope tags	Digestive tract	HCT 116	2056	15/2624	0/1	0	0	inf
SRX4370433	TFs and others	CTCF	Neural	Anterior temporal cortex	2379	214/2624	0/1	0	0	inf
SRX4370436	TFs and others	CTCF	Neural	Anterior temporal cortex	7145	677/2624	0/1	0	0	inf
SRX4372648	TFs and others	VDR	Prostate	RWPE-1	49	1/2624	0/1	0	0	inf
SRX4372649	TFs and others	VDR	Prostate	RWPE-1	79	1/2624	0/1	0	0	inf
SRX4372650	TFs and others	VDR	Prostate	RWPE-1	48	1/2624	0/1	0	0	inf
SRX4372651	TFs and others	VDR	Prostate	RWPE-1	85	1/2624	0/1	0	0	inf
SRX4374897	TFs and others	NOTCH1	Breast	MB 157	1465	230/2624	0/1	0	0	inf
SRX4374898	TFs and others	NOTCH1	Breast	MB 157	1552	260/2624	0/1	0	0	inf
SRX4374899	TFs and others	NOTCH1	Breast	MB 157	867	94/2624	0/1	0	0	inf
SRX4374900	TFs and others	NOTCH1	Breast	MB 157	1008	185/2624	0/1	0	0	inf
SRX4374901	TFs and others	RBPJ	Breast	MB 157	4213	444/2624	0/1	0	0	inf
SRX4374902	TFs and others	RBPJ	Breast	MB 157	5576	734/2624	0/1	0	0	inf
SRX4374903	TFs and others	RBPJ	Breast	MB 157	2146	319/2624	0/1	0	0	inf
SRX4374904	TFs and others	RBPJ	Breast	MB 157	3916	697/2624	0/1	0	0	inf
SRX4374907	TFs and others	CTCF	Breast	MB 157	31751	702/2624	0/1	0	0	inf
SRX4374908	TFs and others	CTCF	Breast	MB 157	25941	502/2624	0/1	0	0	inf
SRX4374935	TFs and others	NOTCH1	Breast	HCC1599	1098	220/2624	0/1	0	0	inf
SRX4374936	TFs and others	NOTCH1	Breast	HCC1599	1581	318/2624	0/1	0	0	inf
SRX4374937	TFs and others	NOTCH1	Breast	HCC1599	1098	268/2624	0/1	0	0	inf
SRX4374938	TFs and others	NOTCH1	Breast	HCC1599	1112	269/2624	0/1	0	0	inf
SRX4377123	TFs and others	CTCF	Pluripotent stem cell	ES cells	19937	329/2624	0/1	0	0	inf
SRX4377124	TFs and others	CTCF	Pluripotent stem cell	ES cells	33097	391/2624	0/1	0	0	inf
SRX4377125	TFs and others	CTCF	Pluripotent stem cell	hESC derived mesendodermal cells	16723	309/2624	0/1	0	0	inf
SRX4377126	TFs and others	CTCF	Pluripotent stem cell	hESC derived mesendodermal cells	22145	363/2624	0/1	0	0	inf
SRX4377127	TFs and others	CTCF	Pluripotent stem cell	hESC derived cardiac cells	20733	322/2624	0/1	0	0	inf
SRX4377128	TFs and others	CTCF	Pluripotent stem cell	hESC derived cardiac cells	24358	384/2624	0/1	0	0	inf
SRX4377129	TFs and others	CTCF	Pluripotent stem cell	hESC derived cardiac cells	10726	209/2624	0/1	0	0	inf
SRX4377130	TFs and others	CTCF	Pluripotent stem cell	hESC derived cardiac cells	21795	316/2624	0/1	0	0	inf
SRX4377131	TFs and others	CTCF	Pluripotent stem cell	hESC derived cardiac cells	22308	383/2624	0/1	0	0	inf
SRX4377132	TFs and others	CTCF	Pluripotent stem cell	hESC derived cardiac cells	15379	260/2624	0/1	0	0	inf
SRX4377133	TFs and others	CTCF	Pluripotent stem cell	hESC derived cardiac cells	20445	334/2624	0/1	0	0	inf
SRX4377534	TFs and others	BRD4	Breast	MDA-MB-231	4848	299/2624	0/1	0	0	inf
SRX4377535	TFs and others	BRD4	Breast	MDA-MB-231	13592	895/2624	0/1	0	0	inf
SRX4377557	TFs and others	BRD4	Breast	MDA-MB-231	4848	294/2624	0/1	0	0	inf
SRX4377558	TFs and others	BRD4	Breast	MDA-MB-231	13498	886/2624	0/1	0	0	inf
SRX4377562	TFs and others	BRD9	Breast	MDA-MB-231	2130	85/2624	0/1	0	0	inf
SRX4377563	TFs and others	BRD9	Breast	MDA-MB-231	7893	371/2624	0/1	0	0	inf
SRX4385551	TFs and others	SUPT5H	Digestive tract	HCT 116	3575	575/2624	0/1	0	0	inf
SRX4385552	TFs and others	SUPT5H	Digestive tract	HCT 116	615	57/2624	0/1	0	0	inf
SRX4385553	TFs and others	SUPT5H	Digestive tract	HCT 116	203	10/2624	0/1	0	0	inf
SRX4385554	TFs and others	SUPT5H	Digestive tract	HCT 116	144	9/2624	0/1	0	0	inf
SRX4389612	TFs and others	CBX4	Others	Mesenchymal stem cells	374	4/2624	0/1	0	0	inf
SRX4389613	TFs and others	CBX4	Others	Mesenchymal stem cells	51	1/2624	0/1	0	0	inf
SRX4390177	TFs and others	JUND	Blood	Kasumi-1	2152	77/2624	0/1	0	0	inf
SRX4390178	TFs and others	JUND	Blood	Kasumi-1	644	6/2624	0/1	0	0	inf
SRX4393710	TFs and others	MYH11	Blood	ME-1	1593	15/2624	0/1	0	0	inf
SRX4393711	TFs and others	RUNX1	Blood	ME-1	9235	315/2624	0/1	0	0	inf
SRX4393712	TFs and others	RUNX1	Blood	ME-1	6326	219/2624	0/1	0	0	inf
SRX4393713	TFs and others	CBFB	Blood	ME-1	861	7/2624	0/1	0	0	inf
SRX4393714	TFs and others	CBFB	Blood	ME-1	207	1/2624	0/1	0	0	inf
SRX4393715	TFs and others	MYH11	Blood	ME-1	125	1/2624	0/1	0	0	inf
SRX4394190	TFs and others	Epitope tags	Kidney	293	64	1/2624	0/1	0	0	inf
SRX4394191	TFs and others	Epitope tags	Kidney	293	143	1/2624	0/1	0	0	inf
SRX4394193	TFs and others	SUPT16H	Kidney	293	459	1/2624	0/1	0	0	inf
SRX4394213	TFs and others	HDGF2	Muscle	Myoblasts	516	1/2624	0/1	0	0	inf
SRX4394214	TFs and others	HDGF2	Muscle	Myotube	480	1/2624	0/1	0	0	inf
SRX4394221	TFs and others	PSIP1	Muscle	Myoblasts	388	1/2624	0/1	0	0	inf
SRX4394222	TFs and others	PSIP1	Muscle	Myotube	417	1/2624	0/1	0	0	inf
SRX4394225	TFs and others	SUPT16H	Muscle	Myoblasts	672	1/2624	0/1	0	0	inf
SRX4394226	TFs and others	SUPT16H	Muscle	Myotube	342	1/2624	0/1	0	0	inf
SRX4394538	TFs and others	STAT3	Blood	JB6	16398	460/2624	0/1	0	0	inf
SRX4394539	TFs and others	STAT3	Blood	JB6	534	4/2624	0/1	0	0	inf
SRX4394540	TFs and others	CEBPB	Blood	JB6	48360	304/2624	0/1	0	0	inf
SRX4394541	TFs and others	CEBPB	Blood	JB6	41327	304/2624	0/1	0	0	inf
SRX4394543	TFs and others	STAT3	Bone	SU-DHL-1	11840	230/2624	0/1	0	0	inf
SRX4394544	TFs and others	STAT3	Bone	SU-DHL-1	717	6/2624	0/1	0	0	inf
SRX4394545	TFs and others	CEBPB	Bone	SU-DHL-1	50375	309/2624	0/1	0	0	inf
SRX4394546	TFs and others	CEBPB	Bone	SU-DHL-1	48890	312/2624	0/1	0	0	inf
SRX4397512	TFs and others	KMT2D	Pluripotent stem cell	NT2-D1	202	1/2624	0/1	0	0	inf
SRX4397513	TFs and others	KMT2D	Pluripotent stem cell	NT2-D1	380	11/2624	0/1	0	0	inf
SRX4397518	TFs and others	KMT2D	Pluripotent stem cell	NT2-D1	334	22/2624	0/1	0	0	inf
SRX4397519	TFs and others	KMT2D	Pluripotent stem cell	NT2-D1	261	1/2624	0/1	0	0	inf
SRX4397522	TFs and others	KMT2D	Pluripotent stem cell	NT2-D1	309	25/2624	0/1	0	0	inf
SRX4397526	TFs and others	KMT2D	Pluripotent stem cell	NT2-D1	237	1/2624	0/1	0	0	inf
SRX4397527	TFs and others	KMT2D	Pluripotent stem cell	NT2-D1	386	4/2624	0/1	0	0	inf
SRX4397528	TFs and others	KMT2D	Pluripotent stem cell	NT2-D1	179	1/2624	0/1	0	0	inf
SRX4398450	TFs and others	MYB	Blood	THP-1	2910	30/2624	0/1	0	0	inf
SRX4398451	TFs and others	MYB	Blood	THP-1	4368	36/2624	0/1	0	0	inf
SRX4400344	TFs and others	ATF4	Digestive tract	DLD-1	548	1/2624	0/1	0	0	inf
SRX4400345	TFs and others	ATF4	Digestive tract	DLD-1	970	1/2624	0/1	0	0	inf
SRX4400346	TFs and others	ATF4	Digestive tract	DLD-1	608	2/2624	0/1	0	0	inf
SRX4400347	TFs and others	ATF4	Digestive tract	DLD-1	901	3/2624	0/1	0	0	inf
SRX4400348	TFs and others	MYC	Digestive tract	DLD-1	642	3/2624	0/1	0	0	inf
SRX4400349	TFs and others	MYC	Digestive tract	DLD-1	4778	169/2624	0/1	0	0	inf
SRX4401061	TFs and others	RELA	Blood	BJAB	1509	43/2624	0/1	0	0	inf
SRX4401062	TFs and others	RELA	Blood	BJAB	655	18/2624	0/1	0	0	inf
SRX4401063	TFs and others	RELA	Blood	BJAB	1852	43/2624	0/1	0	0	inf
SRX4401064	TFs and others	RELA	Blood	BJAB	3611	193/2624	0/1	0	0	inf
SRX4401065	TFs and others	RELA	Blood	BJAB	1241	10/2624	0/1	0	0	inf
SRX4401066	TFs and others	RELA	Blood	BJAB	624	11/2624	0/1	0	0	inf
SRX4404398	TFs and others	MYCN	Prostate	LNCAP	307	1/2624	0/1	0	0	inf
SRX4404400	TFs and others	MYCN	Prostate	LNCAP	291	1/2624	0/1	0	0	inf
SRX4404415	TFs and others	MYCN	Prostate	22Rv1	811	23/2624	0/1	0	0	inf
SRX4404416	TFs and others	MYCN	Prostate	22Rv1	919	54/2624	0/1	0	0	inf
SRX4404419	TFs and others	MYCN	Prostate	22Rv1	566	31/2624	0/1	0	0	inf
SRX4404420	TFs and others	MYCN	Prostate	22Rv1	1785	131/2624	0/1	0	0	inf
SRX4404422	TFs and others	MYCN	Unclassified	Unclassified	455	1/2624	0/1	0	0	inf
SRX4405899	TFs and others	POU5F1	Pluripotent stem cell	hESC H9	355	1/2624	0/1	0	0	inf
SRX4405901	TFs and others	POU5F1	Pluripotent stem cell	hESC H9	523	5/2624	0/1	0	0	inf
SRX4409572	TFs and others	MYC	Neural	SH-EP	418	1/2624	0/1	0	0	inf
SRX4409573	TFs and others	MYC	Neural	SH-EP	1525	159/2624	0/1	0	0	inf
SRX4411662	TFs and others	AR	Prostate	LNCAP	6641	7/2624	0/1	0	0	inf
SRX4411663	TFs and others	AR	Prostate	LNCAP	1153	1/2624	0/1	0	0	inf
SRX4411664	TFs and others	CHD1	Prostate	LNCAP	2488	1/2624	0/1	0	0	inf
SRX4411665	TFs and others	CHD1	Prostate	LNCAP	1500	1/2624	0/1	0	0	inf
SRX4411666	TFs and others	MYC	Prostate	LNCAP	1946	8/2624	0/1	0	0	inf
SRX4411667	TFs and others	MYC	Prostate	LNCAP	7536	119/2624	0/1	0	0	inf
SRX4411672	TFs and others	AR	Prostate	LNCAP	20539	20/2624	0/1	0	0	inf
SRX4411673	TFs and others	AR	Prostate	LNCAP	48662	53/2624	0/1	0	0	inf
SRX4411674	TFs and others	AR	Prostate	LNCAP	40270	52/2624	0/1	0	0	inf
SRX4411675	TFs and others	AR	Prostate	LNCAP	47713	64/2624	0/1	0	0	inf
SRX4415492	TFs and others	HAT1	Kidney	hTERT-HME1	561	1/2624	0/1	0	0	inf
SRX4415493	TFs and others	HAT1	Kidney	hTERT-HME1	520	1/2624	0/1	0	0	inf
SRX4417022	TFs and others	ESR1	Breast	MCF-7	9799	199/2624	0/1	0	0	inf
SRX4417023	TFs and others	ESR1	Breast	MCF-7	3112	84/2624	0/1	0	0	inf
SRX4417024	TFs and others	GATA3	Breast	MCF-7	2698	18/2624	0/1	0	0	inf
SRX4417025	TFs and others	GATA3	Breast	MCF-7	689	1/2624	0/1	0	0	inf
SRX4417026	TFs and others	TFAP2C	Breast	MCF-7	789	17/2624	0/1	0	0	inf
SRX4417027	TFs and others	TFAP2C	Breast	MCF-7	578	2/2624	0/1	0	0	inf
SRX4417524	TFs and others	BRD4	Pluripotent stem cell	hESC derived neural cells	4453	1040/2624	0/1	0	0	inf
SRX4417525	TFs and others	BRD4	Pluripotent stem cell	hESC derived neural cells	3950	978/2624	0/1	0	0	inf
SRX4417526	TFs and others	CTCF	Pluripotent stem cell	hESC derived neural cells	52210	944/2624	0/1	0	0	inf
SRX4417527	TFs and others	CTCF	Pluripotent stem cell	hESC derived neural cells	49851	966/2624	0/1	0	0	inf
SRX4417528	TFs and others	CTCF	Pluripotent stem cell	hESC derived neural cells	45433	856/2624	0/1	0	0	inf
SRX4417529	TFs and others	CTCF	Pluripotent stem cell	hESC derived neural cells	35669	743/2624	0/1	0	0	inf
SRX4417530	TFs and others	CTCF	Pluripotent stem cell	hESC derived neural cells	51653	813/2624	0/1	0	0	inf
SRX4417531	TFs and others	CTCF	Pluripotent stem cell	hESC derived neural cells	47387	900/2624	0/1	0	0	inf
SRX4417532	TFs and others	CTCF	Pluripotent stem cell	hESC derived neural cells	43198	742/2624	0/1	0	0	inf
SRX4417533	TFs and others	CTCF	Pluripotent stem cell	hESC derived neural cells	47075	859/2624	0/1	0	0	inf
SRX4417534	TFs and others	BRD4	Pluripotent stem cell	hESC derived neural cells	396	1/2624	0/1	0	0	inf
SRX4417535	TFs and others	BRD4	Pluripotent stem cell	hESC derived neural cells	1797	169/2624	0/1	0	0	inf
SRX4417536	TFs and others	BRD4	Pluripotent stem cell	hESC derived neural cells	592	5/2624	0/1	0	0	inf
SRX4417537	TFs and others	BRD4	Pluripotent stem cell	hESC derived neural cells	644	3/2624	0/1	0	0	inf
SRX4417538	TFs and others	BRD4	Pluripotent stem cell	hESC derived neural cells	4266	400/2624	0/1	0	0	inf
SRX4417539	TFs and others	BRD4	Pluripotent stem cell	hESC derived neural cells	5872	597/2624	0/1	0	0	inf
SRX4417540	TFs and others	BRD4	Pluripotent stem cell	hESC derived neural cells	627	18/2624	0/1	0	0	inf
SRX4417541	TFs and others	BRD4	Pluripotent stem cell	hESC derived neural cells	525	20/2624	0/1	0	0	inf
SRX4417542	TFs and others	MECP2	Pluripotent stem cell	hESC derived neural cells	194	1/2624	0/1	0	0	inf
SRX4417543	TFs and others	MECP2	Pluripotent stem cell	hESC derived neural cells	166	1/2624	0/1	0	0	inf
SRX4420233	TFs and others	N6AMT1	Prostate	PC-3M	310	21/2624	0/1	0	0	inf
SRX4420234	TFs and others	N6AMT1	Prostate	PC-3M	102	3/2624	0/1	0	0	inf
SRX4420235	TFs and others	TRMT112	Prostate	PC-3M	60	1/2624	0/1	0	0	inf
SRX4420236	TFs and others	TRMT112	Prostate	PC-3M	98	2/2624	0/1	0	0	inf
SRX4451194	TFs and others	ESR1	Breast	MCF-7	1896	66/2624	0/1	0	0	inf
SRX4451195	TFs and others	ESR1	Breast	MCF-7	2511	91/2624	0/1	0	0	inf
SRX4451196	TFs and others	ESR1	Breast	MCF-7	2778	109/2624	0/1	0	0	inf
SRX4451197	TFs and others	ESR1	Breast	MCF-7	3560	194/2624	0/1	0	0	inf
SRX4451198	TFs and others	ESR1	Breast	MCF-7	3006	173/2624	0/1	0	0	inf
SRX4451199	TFs and others	ESR1	Breast	MCF-7	1624	77/2624	0/1	0	0	inf
SRX4451200	TFs and others	ESR1	Breast	MCF-7	1444	12/2624	0/1	0	0	inf
SRX4451201	TFs and others	ESR1	Breast	MCF-7	3953	26/2624	0/1	0	0	inf
SRX4451202	TFs and others	ESR1	Breast	MCF-7	2198	19/2624	0/1	0	0	inf
SRX4451203	TFs and others	ESR1	Breast	MCF-7	361	1/2624	0/1	0	0	inf
SRX4451204	TFs and others	ESR1	Breast	MCF-7	288	3/2624	0/1	0	0	inf
SRX4451205	TFs and others	ESR1	Breast	MCF-7	304	3/2624	0/1	0	0	inf
SRX4451206	TFs and others	ESR1	Breast	MCF-7	6935	59/2624	0/1	0	0	inf
SRX4451207	TFs and others	ESR1	Breast	MCF-7	12128	104/2624	0/1	0	0	inf
SRX4451208	TFs and others	ESR1	Breast	MCF-7	10912	86/2624	0/1	0	0	inf
SRX4451209	TFs and others	ESR1	Breast	MCF-7	1760	28/2624	0/1	0	0	inf
SRX4451210	TFs and others	ESR1	Breast	MCF-7	941	6/2624	0/1	0	0	inf
SRX4451211	TFs and others	ESR1	Breast	MCF-7	1496	21/2624	0/1	0	0	inf
SRX4451212	TFs and others	ESR1	Breast	MCF-7	35772	163/2624	0/1	0	0	inf
SRX4451213	TFs and others	ESR1	Breast	MCF-7	35890	189/2624	0/1	0	0	inf
SRX4451214	TFs and others	ESR1	Breast	MCF-7	32903	181/2624	0/1	0	0	inf
SRX4451215	TFs and others	ESR1	Breast	MCF-7	8992	77/2624	0/1	0	0	inf
SRX4451216	TFs and others	ESR1	Breast	MCF-7	9685	109/2624	0/1	0	0	inf
SRX4451217	TFs and others	ESR1	Breast	MCF-7	11273	114/2624	0/1	0	0	inf
SRX4466284	TFs and others	RUNX1	Blood	REH	577	4/2624	0/1	0	0	inf
SRX4466285	TFs and others	RUNX1	Blood	REH	3434	55/2624	0/1	0	0	inf
SRX4472653	TFs and others	EP300	Blood	Kasumi-1	874	2/2624	0/1	0	0	inf
SRX4472654	TFs and others	EP300	Blood	Kasumi-1	12179	511/2624	0/1	0	0	inf
SRX4473669	TFs and others	SMARCA4	Gonad	BIN-67	881	2/2624	0/1	0	0	inf
SRX4473672	TFs and others	SMARCC1	Gonad	BIN-67	14141	709/2624	0/1	0	0	inf
SRX4473673	TFs and others	ARID2	Gonad	BIN-67	8180	1075/2624	0/1	0	0	inf
SRX4473674	TFs and others	SS18	Gonad	BIN-67	9888	200/2624	0/1	0	0	inf
SRX4473676	TFs and others	SMARCC1	Gonad	BIN-67	4405	478/2624	0/1	0	0	inf
SRX4473677	TFs and others	DPF2	Gonad	BIN-67	2075	95/2624	0/1	0	0	inf
SRX4473678	TFs and others	SMARCC1	Gonad	SCCOHT-1	8562	1020/2624	0/1	0	0	inf
SRX4473679	TFs and others	DPF2	Gonad	SCCOHT-1	2922	147/2624	0/1	0	0	inf
SRX4473680	TFs and others	SMARCA4	Gonad	BIN-67	411	2/2624	0/1	0	0	inf
SRX4473681	TFs and others	SS18	Gonad	BIN-67	515	2/2624	0/1	0	0	inf
SRX4473682	TFs and others	SMARCC1	Gonad	BIN-67	8193	996/2624	0/1	0	0	inf
SRX4473683	TFs and others	ARID2	Gonad	BIN-67	3247	224/2624	0/1	0	0	inf
SRX4473684	TFs and others	DPF2	Gonad	BIN-67	3125	116/2624	0/1	0	0	inf
SRX4473686	TFs and others	ARID2	Gonad	BIN-67	3412	232/2624	0/1	0	0	inf
SRX4473687	TFs and others	SMARCC1	Gonad	BIN-67	9375	754/2624	0/1	0	0	inf
SRX4473688	TFs and others	SS18	Gonad	BIN-67	6613	251/2624	0/1	0	0	inf
SRX4473689	TFs and others	DPF2	Gonad	BIN-67	3702	97/2624	0/1	0	0	inf
SRX4473692	TFs and others	SMARCC1	Gonad	BIN-67	3346	180/2624	0/1	0	0	inf
SRX4473694	TFs and others	DPF2	Gonad	BIN-67	2875	85/2624	0/1	0	0	inf
SRX4473695	TFs and others	SS18	Gonad	BIN-67	4068	141/2624	0/1	0	0	inf
SRX447385	TFs and others	LMNA	Epidermis	Dermal fibroblast	163	1/2624	0/1	0	0	inf
SRX447387	TFs and others	LMNA	Epidermis	Dermal fibroblast	729	1/2624	0/1	0	0	inf
SRX447388	TFs and others	LMNA	Epidermis	Dermal fibroblast	699	1/2624	0/1	0	0	inf
SRX447428	TFs and others	KMT2A	Blood	CD34+	204	1/2624	0/1	0	0	inf
SRX447429	TFs and others	MLLT3	Blood	CD34+	212	1/2624	0/1	0	0	inf
SRX447601	TFs and others	CDK7	Blood	MM.1S	389	1/2624	0/1	0	0	inf
SRX447603	TFs and others	CDK9	Blood	MM.1S	2591	404/2624	0/1	0	0	inf
SRX4484978	TFs and others	CTCF	Blood	SEM	30253	529/2624	0/1	0	0	inf
SRX4484980	TFs and others	FLI1	Blood	SEM	13411	507/2624	0/1	0	0	inf
SRX4484990	TFs and others	MYB	Blood	SEM	6646	370/2624	0/1	0	0	inf
SRX4488114	TFs and others	NR3C1	Kidney	Podocytes	829	3/2624	0/1	0	0	inf
SRX448939	TFs and others	BRD4	Blood	KOPT-K1	8725	776/2624	0/1	0	0	inf
SRX448946	TFs and others	BRD4	Blood	KOPT-K1	5381	403/2624	0/1	0	0	inf
SRX448953	TFs and others	BRD4	Blood	DND-41	1588	92/2624	0/1	0	0	inf
SRX448960	TFs and others	BRD4	Blood	DND-41	4872	399/2624	0/1	0	0	inf
SRX4493016	TFs and others	GFI1B	Blood	K-562	2983	333/2624	0/1	0	0	inf
SRX4493017	TFs and others	GFI1B	Blood	K-562	3504	398/2624	0/1	0	0	inf
SRX4493018	TFs and others	CTNNB1	Blood	K-562	859	1/2624	0/1	0	0	inf
SRX4493019	TFs and others	CTNNB1	Blood	K-562	952	1/2624	0/1	0	0	inf
SRX4493020	TFs and others	KDM1A	Blood	K-562	8092	252/2624	0/1	0	0	inf
SRX4502344	TFs and others	CDK11A	Digestive tract	HCT 116	316	1/2624	0/1	0	0	inf
SRX4502345	TFs and others	CDK11A	Digestive tract	HCT 116	271	1/2624	0/1	0	0	inf
SRX4502346	TFs and others	CDK11A	Digestive tract	HCT 116	257	1/2624	0/1	0	0	inf
SRX4502347	TFs and others	CDK11A	Digestive tract	HCT 116	264	1/2624	0/1	0	0	inf
SRX4502348	TFs and others	CDK11A	Digestive tract	HCT 116	288	1/2624	0/1	0	0	inf
SRX4502349	TFs and others	CDK11A	Digestive tract	HCT 116	294	1/2624	0/1	0	0	inf
SRX4502350	TFs and others	CDK11A	Digestive tract	HCT 116	271	2/2624	0/1	0	0	inf
SRX4502351	TFs and others	CDK11A	Digestive tract	HCT 116	281	1/2624	0/1	0	0	inf
SRX4510767	TFs and others	CTCF	Epidermis	MDA-MB-435	21924	398/2624	0/1	0	0	inf
SRX4510768	TFs and others	CTCF	Epidermis	MDA-MB-435	6852	187/2624	0/1	0	0	inf
SRX4510769	TFs and others	CTCF	Epidermis	MDA-MB-435	489	1/2624	0/1	0	0	inf
SRX4510770	TFs and others	CTCF	Epidermis	MDA-MB-435	313	1/2624	0/1	0	0	inf
SRX451077	TFs and others	PDX1	Pluripotent stem cell	hESC derived mesendodermal cells	9850	132/2624	0/1	0	0	inf
SRX4518423	TFs and others	BRD4	Prostate	LNCAP	1982	106/2624	0/1	0	0	inf
SRX4518424	TFs and others	BRD4	Prostate	LNCAP	938	10/2624	0/1	0	0	inf
SRX4518425	TFs and others	BRD4	Prostate	LNCAP	883	10/2624	0/1	0	0	inf
SRX4518426	TFs and others	BRD4	Prostate	LNCAP	860	15/2624	0/1	0	0	inf
SRX4521396	TFs and others	CTCF	Blood	Macrophages	16105	293/2624	0/1	0	0	inf
SRX4521397	TFs and others	CTCF	Blood	Macrophages	3111	106/2624	0/1	0	0	inf
SRX4521398	TFs and others	CTCF	Blood	Macrophages	7790	187/2624	0/1	0	0	inf
SRX4525848	TFs and others	BRD9	Kidney	TTC-1240	936	2/2624	0/1	0	0	inf
SRX4525849	TFs and others	BRD9	Kidney	TTC-1240	1508	11/2624	0/1	0	0	inf
SRX4525853	TFs and others	SMARCA4	Kidney	TTC-1240	836	52/2624	0/1	0	0	inf
SRX4525854	TFs and others	SMARCA4	Kidney	TTC-1240	1259	66/2624	0/1	0	0	inf
SRX4525855	TFs and others	SMARCA4	Kidney	TTC-1240	1203	91/2624	0/1	0	0	inf
SRX4525856	TFs and others	SMARCA4	Kidney	TTC-1240	2060	151/2624	0/1	0	0	inf
SRX4525857	TFs and others	BRD9	Others	Aska	4973	186/2624	0/1	0	0	inf
SRX4525858	TFs and others	BRD9	Others	Aska	1985	31/2624	0/1	0	0	inf
SRX4525861	TFs and others	SMARCA4	Blood	MOLM-13	32337	296/2624	0/1	0	0	inf
SRX4531282	TFs and others	AHR	Uterus	T HESCs	1532	1/2624	0/1	0	0	inf
SRX4531283	TFs and others	AHR	Uterus	T HESCs	1484	1/2624	0/1	0	0	inf
SRX4531284	TFs and others	AHR	Uterus	T HESCs	1634	1/2624	0/1	0	0	inf
SRX4531285	TFs and others	AHR	Uterus	T HESCs	1282	1/2624	0/1	0	0	inf
SRX4547412	TFs and others	CTCF	Breast	MCF-7	3279	213/2624	0/1	0	0	inf
SRX4547413	TFs and others	CTCF	Breast	MCF-7	13713	449/2624	0/1	0	0	inf
SRX4547415	TFs and others	CTCF	Breast	FULVR	6010	315/2624	0/1	0	0	inf
SRX4547416	TFs and others	CTCF	Breast	FULVR	3436	241/2624	0/1	0	0	inf
SRX4548329	TFs and others	TRP47	Blood	THP-1	38526	346/2624	0/1	0	0	inf
SRX4559714	TFs and others	ZNF207	Pluripotent stem cell	hESC H9	426	4/2624	0/1	0	0	inf
SRX4559715	TFs and others	ZNF207	Pluripotent stem cell	hESC H9	311	1/2624	0/1	0	0	inf
SRX4561215	TFs and others	TRPS1	Breast	MCF-7	2941	1/2624	0/1	0	0	inf
SRX4561216	TFs and others	ANAPC1	Breast	MCF-7	1160	3/2624	0/1	0	0	inf
SRX4561220	TFs and others	ANAPC1	Breast	MCF-7	1138	4/2624	0/1	0	0	inf
SRX4561228	TFs and others	Biotin	Breast	MCF-7	314	1/2624	0/1	0	0	inf
SRX4561229	TFs and others	Biotin	Breast	MCF-7	314	1/2624	0/1	0	0	inf
SRX4564976	TFs and others	CTCF	Breast	MCF-7	27068	419/2624	0/1	0	0	inf
SRX4564977	TFs and others	CTCF	Breast	MCF-7	25719	456/2624	0/1	0	0	inf
SRX456681	TFs and others	GFP	Blood	K-562	90	1/2624	0/1	0	0	inf
SRX456682	TFs and others	GFP	Blood	K-562	246	6/2624	0/1	0	0	inf
SRX456683	TFs and others	GFP	Blood	K-562	1624	98/2624	0/1	0	0	inf
SRX456684	TFs and others	GFP	Blood	K-562	113	1/2624	0/1	0	0	inf
SRX456685	TFs and others	GFP	Blood	K-562	203	7/2624	0/1	0	0	inf
SRX456686	TFs and others	GFP	Blood	K-562	264	2/2624	0/1	0	0	inf
SRX456687	TFs and others	GFP	Blood	K-562	116	1/2624	0/1	0	0	inf
SRX457212	TFs and others	ESR1	Breast	MCF-7	191	4/2624	0/1	0	0	inf
SRX457213	TFs and others	ESR1	Breast	MCF-7	311	4/2624	0/1	0	0	inf
SRX457214	TFs and others	ESR1	Breast	MCF-7	228	2/2624	0/1	0	0	inf
SRX457215	TFs and others	ESR1	Breast	MCF-7	382	2/2624	0/1	0	0	inf
SRX4572973	TFs and others	HOXB4	Liver	Hep G2	93	2/2624	0/1	0	0	inf
SRX4572974	TFs and others	ETV4	Liver	Hep G2	1529	189/2624	0/1	0	0	inf
SRX4572975	TFs and others	MAFF	Liver	Hep G2	532	10/2624	0/1	0	0	inf
SRX4572976	TFs and others	HLF	Liver	Hep G2	32251	379/2624	0/1	0	0	inf
SRX4572977	TFs and others	HNF1B	Liver	Hep G2	183	5/2624	0/1	0	0	inf
SRX4572978	TFs and others	HOXA13	Liver	Hep G2	840	144/2624	0/1	0	0	inf
SRX4572980	TFs and others	TGIF2LX	Liver	Hep G2	1190	165/2624	0/1	0	0	inf
SRX4572982	TFs and others	ATF3	Liver	Hep G2	444	30/2624	0/1	0	0	inf
SRX4572983	TFs and others	CEBPA	Liver	Hep G2	180	1/2624	0/1	0	0	inf
SRX4580660	TFs and others	Epitope tags	Kidney	293	844	1/2624	0/1	0	0	inf
SRX4582746	TFs and others	AR	Prostate	Localized prostate	67	2/2624	0/1	0	0	inf
SRX4582747	TFs and others	AR	Prostate	Localized prostate	575	2/2624	0/1	0	0	inf
SRX4582748	TFs and others	AR	Prostate	Localized prostate	107	2/2624	0/1	0	0	inf
SRX4582749	TFs and others	AR	Prostate	Localized prostate	517	2/2624	0/1	0	0	inf
SRX4590710	TFs and others	LMNA	Pluripotent stem cell	iPS derived cardiac cells	2778	1/2624	0/1	0	0	inf
SRX4590711	TFs and others	LMNA	Pluripotent stem cell	iPS derived cardiac cells	2645	1/2624	0/1	0	0	inf
SRX4590712	TFs and others	LMNA	Pluripotent stem cell	iPS derived cardiac cells	3248	1/2624	0/1	0	0	inf
SRX4590713	TFs and others	LMNA	Pluripotent stem cell	iPS derived cardiac cells	3218	1/2624	0/1	0	0	inf
SRX4597624	TFs and others	Epitope tags	Pluripotent stem cell	hESC H9	1457	29/2624	0/1	0	0	inf
SRX4599904	TFs and others	EZH2	Kidney	293	398	1/2624	0/1	0	0	inf
SRX4599905	TFs and others	EZH2	Kidney	293	262	1/2624	0/1	0	0	inf
SRX4599906	TFs and others	EZH2	Kidney	293	316	1/2624	0/1	0	0	inf
SRX4599907	TFs and others	EZH2	Kidney	293	390	1/2624	0/1	0	0	inf
SRX4599908	TFs and others	EZH2	Kidney	293	360	1/2624	0/1	0	0	inf
SRX4599909	TFs and others	EZH2	Kidney	293	450	1/2624	0/1	0	0	inf
SRX4599910	TFs and others	EZH2	Kidney	293	345	1/2624	0/1	0	0	inf
SRX4599911	TFs and others	EZH2	Kidney	293	291	1/2624	0/1	0	0	inf
SRX4599912	TFs and others	EZH2	Kidney	293	278	1/2624	0/1	0	0	inf
SRX4599913	TFs and others	EZH2	Kidney	293	292	1/2624	0/1	0	0	inf
SRX4599930	TFs and others	Epitope tags	Kidney	293	295	1/2624	0/1	0	0	inf
SRX4599931	TFs and others	Epitope tags	Kidney	293	159	1/2624	0/1	0	0	inf
SRX4599932	TFs and others	Epitope tags	Kidney	293	210	1/2624	0/1	0	0	inf
SRX4599933	TFs and others	Epitope tags	Kidney	293	612	11/2624	0/1	0	0	inf
SRX4599934	TFs and others	Epitope tags	Kidney	293	341	1/2624	0/1	0	0	inf
SRX4599935	TFs and others	Epitope tags	Kidney	293	230	2/2624	0/1	0	0	inf
SRX4599936	TFs and others	Epitope tags	Kidney	293	155	1/2624	0/1	0	0	inf
SRX4599937	TFs and others	Epitope tags	Kidney	293	533	25/2624	0/1	0	0	inf
SRX4599958	TFs and others	Epitope tags	Kidney	293	479	1/2624	0/1	0	0	inf
SRX4599959	TFs and others	Epitope tags	Kidney	293	493	1/2624	0/1	0	0	inf
SRX4609169	TFs and others	KDM1A	Blood	SU-DHL-4	567	5/2624	0/1	0	0	inf
SRX4611687	TFs and others	ESR1	Breast	MCF-7	44495	566/2624	0/1	0	0	inf
SRX4611688	TFs and others	ESR1	Breast	MCF-7	37722	663/2624	0/1	0	0	inf
SRX4611689	TFs and others	ESR1	Breast	MCF-7	42245	597/2624	0/1	0	0	inf
SRX4611690	TFs and others	ESR1	Breast	MCF-7	54045	676/2624	0/1	0	0	inf
SRX4611691	TFs and others	ESR1	Breast	MCF-7	44659	684/2624	0/1	0	0	inf
SRX4611692	TFs and others	ESR1	Breast	MCF-7	42260	599/2624	0/1	0	0	inf
SRX4611693	TFs and others	ESR1	Breast	MCF-7	37860	654/2624	0/1	0	0	inf
SRX4611694	TFs and others	ESR1	Breast	MCF-7	47248	656/2624	0/1	0	0	inf
SRX4611695	TFs and others	ESR1	Breast	MCF-7	47918	712/2624	0/1	0	0	inf
SRX4611697	TFs and others	ESR1	Breast	MCF-7	48046	711/2624	0/1	0	0	inf
SRX4611698	TFs and others	ESR1	Breast	MCF-7	44248	602/2624	0/1	0	0	inf
SRX4611699	TFs and others	ESR1	Breast	MCF-7	44561	615/2624	0/1	0	0	inf
SRX4611700	TFs and others	ESR1	Breast	MCF-7	41124	638/2624	0/1	0	0	inf
SRX4611701	TFs and others	ESR1	Breast	MCF-7	42208	638/2624	0/1	0	0	inf
SRX4611702	TFs and others	ESR1	Breast	MCF-7	47600	639/2624	0/1	0	0	inf
SRX4611703	TFs and others	ESR1	Breast	MCF-7	50754	717/2624	0/1	0	0	inf
SRX4611704	TFs and others	ESR1	Breast	MCF-7	43405	625/2624	0/1	0	0	inf
SRX4611705	TFs and others	ESR1	Breast	MCF-7	43316	619/2624	0/1	0	0	inf
SRX4611706	TFs and others	ESR1	Breast	MCF-7	49746	659/2624	0/1	0	0	inf
SRX4611707	TFs and others	ESR1	Breast	MCF-7	22490	530/2624	0/1	0	0	inf
SRX4611708	TFs and others	ESR1	Breast	MCF-7	39825	494/2624	0/1	0	0	inf
SRX4611709	TFs and others	ESR1	Breast	MCF-7	44380	696/2624	0/1	0	0	inf
SRX4611710	TFs and others	ESR1	Breast	MCF-7	38812	629/2624	0/1	0	0	inf
SRX4611711	TFs and others	ESR1	Breast	MCF-7	42187	739/2624	0/1	0	0	inf
SRX4611712	TFs and others	ESR1	Breast	MCF-7	48653	494/2624	0/1	0	0	inf
SRX4611713	TFs and others	ESR1	Breast	MCF-7	50498	682/2624	0/1	0	0	inf
SRX4611714	TFs and others	ESR1	Breast	MCF-7	48239	606/2624	0/1	0	0	inf
SRX4611715	TFs and others	ESR1	Breast	MCF-7	33259	470/2624	0/1	0	0	inf
SRX4611716	TFs and others	ESR1	Breast	MCF-7	39431	588/2624	0/1	0	0	inf
SRX4611717	TFs and others	ESR1	Breast	MCF-7	45555	563/2624	0/1	0	0	inf
SRX4611718	TFs and others	ESR1	Breast	MCF-7	38634	688/2624	0/1	0	0	inf
SRX4611719	TFs and others	ESR1	Breast	MCF-7	37564	396/2624	0/1	0	0	inf
SRX4611720	TFs and others	ESR1	Breast	MCF-7	41114	593/2624	0/1	0	0	inf
SRX4611721	TFs and others	ESR1	Breast	MCF-7	43095	565/2624	0/1	0	0	inf
SRX4611722	TFs and others	ESR1	Breast	MCF-7	48612	672/2624	0/1	0	0	inf
SRX4611723	TFs and others	ESR1	Breast	MCF-7	49184	751/2624	0/1	0	0	inf
SRX4611724	TFs and others	ESR1	Breast	MCF-7	46221	644/2624	0/1	0	0	inf
SRX4611725	TFs and others	ESR1	Breast	MCF-7	49165	605/2624	0/1	0	0	inf
SRX4611726	TFs and others	ESR1	Breast	MCF-7	44741	608/2624	0/1	0	0	inf
SRX4611727	TFs and others	ESR1	Breast	MCF-7	47308	673/2624	0/1	0	0	inf
SRX4611728	TFs and others	ESR1	Breast	MCF-7	47220	603/2624	0/1	0	0	inf
SRX4611729	TFs and others	ESR1	Breast	MCF-7	41575	685/2624	0/1	0	0	inf
SRX4611730	TFs and others	ESR1	Breast	MCF-7	37737	699/2624	0/1	0	0	inf
SRX4611731	TFs and others	ESR1	Breast	MCF-7	44179	630/2624	0/1	0	0	inf
SRX4611732	TFs and others	ESR1	Breast	MCF-7	27900	673/2624	0/1	0	0	inf
SRX4611733	TFs and others	ESR1	Breast	MCF-7	37365	647/2624	0/1	0	0	inf
SRX4611734	TFs and others	ESR1	Breast	MCF-7	48273	643/2624	0/1	0	0	inf
SRX4611735	TFs and others	ESR1	Breast	MCF-7	45157	543/2624	0/1	0	0	inf
SRX4611736	TFs and others	ESR1	Breast	MCF-7	35965	386/2624	0/1	0	0	inf
SRX4611737	TFs and others	ESR1	Breast	MCF-7	47487	661/2624	0/1	0	0	inf
SRX4611738	TFs and others	ESR1	Breast	MCF-7	48481	755/2624	0/1	0	0	inf
SRX4611739	TFs and others	ESR1	Breast	MCF-7	47498	669/2624	0/1	0	0	inf
SRX4611740	TFs and others	ESR1	Breast	MCF-7	41604	711/2624	0/1	0	0	inf
SRX4611741	TFs and others	ESR1	Breast	MCF-7	48428	729/2624	0/1	0	0	inf
SRX4611742	TFs and others	ESR1	Breast	MCF-7	47567	642/2624	0/1	0	0	inf
SRX4611743	TFs and others	ESR1	Breast	MCF-7	45726	668/2624	0/1	0	0	inf
SRX4611744	TFs and others	ESR1	Breast	MCF-7	45130	513/2624	0/1	0	0	inf
SRX4615357	TFs and others	ALKBH1	Neural	Glioblastoma	776	1/2624	0/1	0	0	inf
SRX4634576	TFs and others	REST	Prostate	LNCAP	1538	10/2624	0/1	0	0	inf
SRX4634577	TFs and others	REST	Prostate	LNCAP	2181	18/2624	0/1	0	0	inf
SRX4636575	TFs and others	NCAPH2	Kidney	293	189	1/2624	0/1	0	0	inf
SRX4636576	TFs and others	NCAPH2	Kidney	293	129	1/2624	0/1	0	0	inf
SRX4637892	TFs and others	ELK1	Epidermis	Dermal fibroblast	457	1/2624	0/1	0	0	inf
SRX4637896	TFs and others	AR	Uterus	Endometrial stromal cells	902	3/2624	0/1	0	0	inf
SRX4643712	TFs and others	MAPK14	Blood	K-562	172	1/2624	0/1	0	0	inf
SRX4643713	TFs and others	MAPK14	Blood	K-562	593	8/2624	0/1	0	0	inf
SRX4643714	TFs and others	MAPK14	Blood	K-562	231	11/2624	0/1	0	0	inf
SRX4643715	TFs and others	MAPK14	Blood	K-562	396	10/2624	0/1	0	0	inf
SRX4649667	TFs and others	TP53	Breast	MCF 10A	806	1/2624	0/1	0	0	inf
SRX4649668	TFs and others	TP63	Breast	MCF 10A	7646	49/2624	0/1	0	0	inf
SRX4649670	TFs and others	TP53	Breast	MCF 10A	5188	33/2624	0/1	0	0	inf
SRX4649671	TFs and others	TP63	Breast	MCF 10A	6405	43/2624	0/1	0	0	inf
SRX4649679	TFs and others	TP53	Epidermis	Foreskin	911	1/2624	0/1	0	0	inf
SRX4649681	TFs and others	TP53	Epidermis	Foreskin	2049	14/2624	0/1	0	0	inf
SRX4650905	TFs and others	RNF2	Kidney	293	819	1/2624	0/1	0	0	inf
SRX4650906	TFs and others	RNF2	Kidney	293	782	1/2624	0/1	0	0	inf
SRX4650907	TFs and others	RNF2	Kidney	293	952	3/2624	0/1	0	0	inf
SRX4650908	TFs and others	RNF2	Kidney	293	813	2/2624	0/1	0	0	inf
SRX4650909	TFs and others	RNF2	Kidney	293	417	3/2624	0/1	0	0	inf
SRX4650910	TFs and others	RNF2	Kidney	293	471	2/2624	0/1	0	0	inf
SRX4650911	TFs and others	RNF2	Kidney	293	419	1/2624	0/1	0	0	inf
SRX4650912	TFs and others	RNF2	Kidney	293	385	2/2624	0/1	0	0	inf
SRX4650913	TFs and others	SUZ12	Kidney	293	1159	5/2624	0/1	0	0	inf
SRX4650914	TFs and others	SUZ12	Kidney	293	1137	2/2624	0/1	0	0	inf
SRX4650915	TFs and others	SUZ12	Kidney	293	1071	3/2624	0/1	0	0	inf
SRX4650916	TFs and others	SUZ12	Kidney	293	1057	2/2624	0/1	0	0	inf
SRX4650917	TFs and others	SUZ12	Kidney	293	984	2/2624	0/1	0	0	inf
SRX4650918	TFs and others	SUZ12	Kidney	293	1147	3/2624	0/1	0	0	inf
SRX4650927	TFs and others	RNF2	Kidney	293	795	2/2624	0/1	0	0	inf
SRX4650928	TFs and others	RNF2	Kidney	293	766	1/2624	0/1	0	0	inf
SRX4650929	TFs and others	RNF2	Kidney	293	695	2/2624	0/1	0	0	inf
SRX4650930	TFs and others	RNF2	Kidney	293	584	1/2624	0/1	0	0	inf
SRX4650931	TFs and others	RNF2	Kidney	293	625	2/2624	0/1	0	0	inf
SRX4650932	TFs and others	RNF2	Kidney	293	626	2/2624	0/1	0	0	inf
SRX4650933	TFs and others	SUZ12	Kidney	293	939	1/2624	0/1	0	0	inf
SRX4650934	TFs and others	SUZ12	Kidney	293	899	1/2624	0/1	0	0	inf
SRX4650935	TFs and others	SUZ12	Kidney	293	910	1/2624	0/1	0	0	inf
SRX4650937	TFs and others	SUZ12	Kidney	293	675	1/2624	0/1	0	0	inf
SRX4650947	TFs and others	RNF2	Kidney	293	587	2/2624	0/1	0	0	inf
SRX4650948	TFs and others	RNF2	Kidney	293	633	2/2624	0/1	0	0	inf
SRX4650950	TFs and others	RNF2	Kidney	293	256	1/2624	0/1	0	0	inf
SRX4650951	TFs and others	RNF2	Kidney	293	227	1/2624	0/1	0	0	inf
SRX4650952	TFs and others	RNF2	Kidney	293	306	1/2624	0/1	0	0	inf
SRX4650953	TFs and others	SUZ12	Kidney	293	960	2/2624	0/1	0	0	inf
SRX4650954	TFs and others	SUZ12	Kidney	293	784	1/2624	0/1	0	0	inf
SRX4650956	TFs and others	SUZ12	Kidney	293	723	1/2624	0/1	0	0	inf
SRX4650965	TFs and others	RNF2	Kidney	293	532	3/2624	0/1	0	0	inf
SRX4650966	TFs and others	RNF2	Kidney	293	684	2/2624	0/1	0	0	inf
SRX4650967	TFs and others	RNF2	Kidney	293	645	2/2624	0/1	0	0	inf
SRX4650968	TFs and others	RNF2	Kidney	293	500	1/2624	0/1	0	0	inf
SRX4650970	TFs and others	RNF2	Kidney	293	534	1/2624	0/1	0	0	inf
SRX4650971	TFs and others	SUZ12	Kidney	293	747	1/2624	0/1	0	0	inf
SRX4650972	TFs and others	SUZ12	Kidney	293	770	1/2624	0/1	0	0	inf
SRX4650973	TFs and others	SUZ12	Kidney	293	564	1/2624	0/1	0	0	inf
SRX4650974	TFs and others	SUZ12	Kidney	293	541	1/2624	0/1	0	0	inf
SRX4650983	TFs and others	RNF2	Kidney	293	718	2/2624	0/1	0	0	inf
SRX4650984	TFs and others	RNF2	Kidney	293	890	2/2624	0/1	0	0	inf
SRX4650985	TFs and others	RNF2	Kidney	293	510	1/2624	0/1	0	0	inf
SRX4650986	TFs and others	RNF2	Kidney	293	59	1/2624	0/1	0	0	inf
SRX4650988	TFs and others	RNF2	Kidney	293	40	1/2624	0/1	0	0	inf
SRX4654318	TFs and others	LMNA	Liver	Hep G2	607	1/2624	0/1	0	0	inf
SRX4654319	TFs and others	LMNB1	Liver	Hep G2	710	1/2624	0/1	0	0	inf
SRX4654320	TFs and others	LMNA	Liver	Hep G2	517	1/2624	0/1	0	0	inf
SRX4654321	TFs and others	LMNB1	Liver	Hep G2	1145	1/2624	0/1	0	0	inf
SRX4655781	TFs and others	CTCF	Liver	Hep G2	261	17/2624	0/1	0	0	inf
SRX4655782	TFs and others	CTCF	Liver	Hep G2	1338	64/2624	0/1	0	0	inf
SRX4655783	TFs and others	CTCF	Liver	Hep G2	1385	68/2624	0/1	0	0	inf
SRX4655784	TFs and others	CTCF	Liver	Hep G2	1588	58/2624	0/1	0	0	inf
SRX4663584	TFs and others	ESR1	Breast	MCF-7	3487	15/2624	0/1	0	0	inf
SRX4663585	TFs and others	ESR1	Breast	MCF-7	5642	23/2624	0/1	0	0	inf
SRX4663586	TFs and others	ESR1	Breast	MCF-7	6184	26/2624	0/1	0	0	inf
SRX4663587	TFs and others	ESR1	Breast	MCF-7	5090	26/2624	0/1	0	0	inf
SRX4663588	TFs and others	NCOA3	Breast	MCF-7	1510	7/2624	0/1	0	0	inf
SRX4663589	TFs and others	NCOA3	Breast	MCF-7	16414	55/2624	0/1	0	0	inf
SRX4663590	TFs and others	NCOA3	Breast	MCF-7	1955	11/2624	0/1	0	0	inf
SRX4663591	TFs and others	NCOA3	Breast	MCF-7	1609	7/2624	0/1	0	0	inf
SRX4671059	TFs and others	BMI1	Blood	Lymphoblastoid cell line	2980	42/2624	0/1	0	0	inf
SRX4671060	TFs and others	BMI	Blood	Lymphoblastoid cell line	417	1/2624	0/1	0	0	inf
SRX467199	TFs and others	NR2C2	Blood	Erythroblasts	499	10/2624	0/1	0	0	inf
SRX467200	TFs and others	NR2C2	Blood	Erythroblasts	661	1/2624	0/1	0	0	inf
SRX467201	TFs and others	NR2C2	Blood	Erythroblasts	764	1/2624	0/1	0	0	inf
SRX4672369	TFs and others	ARNT	Lung	A549	1476	183/2624	0/1	0	0	inf
SRX4672370	TFs and others	ARNT	Lung	A549	1925	252/2624	0/1	0	0	inf
SRX4672371	TFs and others	ARNT	Lung	A549	2843	347/2624	0/1	0	0	inf
SRX4672372	TFs and others	ARNT	Breast	MCF-7	107	1/2624	0/1	0	0	inf
SRX4673793	TFs and others	BCL6	Lung	A549	132	1/2624	0/1	0	0	inf
SRX4673794	TFs and others	BCL6	Lung	A549	194	1/2624	0/1	0	0	inf
SRX4673795	TFs and others	BRD3	Lung	A549	47	1/2624	0/1	0	0	inf
SRX4677288	TFs and others	FOXA2	Pancreas	PANC-1	9445	165/2624	0/1	0	0	inf
SRX4677289	TFs and others	FOXA2	Pancreas	PANC-1	4841	73/2624	0/1	0	0	inf
SRX4677290	TFs and others	HOXB8	Pancreas	PANC-1	4153	48/2624	0/1	0	0	inf
SRX4677291	TFs and others	FOXA2	Pancreas	CFPAC-1	13020	202/2624	0/1	0	0	inf
SRX4677292	TFs and others	FOXA2	Pancreas	CFPAC-1	13261	163/2624	0/1	0	0	inf
SRX4677294	TFs and others	JUNB	Pancreas	CFPAC-1	13123	179/2624	0/1	0	0	inf
SRX4677295	TFs and others	FOS	Pancreas	CFPAC-1	10861	134/2624	0/1	0	0	inf
SRX4677296	TFs and others	FOXA2	Pancreas	CFPAC-1	49686	632/2624	0/1	0	0	inf
SRX4677298	TFs and others	FOXA2	Pancreas	CFPAC-1	7938	159/2624	0/1	0	0	inf
SRX4679522	TFs and others	ATRX	Neural	SK-N-FI	4370	10/2624	0/1	0	0	inf
SRX4679524	TFs and others	ATRX	Neural	SK-N-MM	5551	443/2624	0/1	0	0	inf
SRX4679525	TFs and others	REST	Neural	SK-N-MM	1485	9/2624	0/1	0	0	inf
SRX4679527	TFs and others	ATRX	Neural	CHLA-90	3004	161/2624	0/1	0	0	inf
SRX4679528	TFs and others	REST	Neural	CHLA-90	2235	15/2624	0/1	0	0	inf
SRX4680620	TFs and others	MYBL2	Bone	A-673	6646	870/2624	0/1	0	0	inf
SRX469393	TFs and others	ESR1	Breast	MCF-7	204	13/2624	0/1	0	0	inf
SRX469394	TFs and others	ESR1	Breast	MCF-7	646	12/2624	0/1	0	0	inf
SRX469395	TFs and others	ESR1	Breast	MCF-7	1159	15/2624	0/1	0	0	inf
SRX469396	TFs and others	ESR1	Breast	MCF-7	4345	35/2624	0/1	0	0	inf
SRX469397	TFs and others	ESR1	Breast	MCF-7	2146	14/2624	0/1	0	0	inf
SRX469398	TFs and others	ESR1	Breast	MCF-7	117	1/2624	0/1	0	0	inf
SRX469458	TFs and others	EBF1	Adipocyte	Adipose stromal cell	2412	49/2624	0/1	0	0	inf
SRX469460	TFs and others	EBF1	Adipocyte	Adipose stromal cell	1186	25/2624	0/1	0	0	inf
SRX470066	TFs and others	Epitope tags	Kidney	293	2658	208/2624	0/1	0	0	inf
SRX470067	TFs and others	Epitope tags	Kidney	293	225	5/2624	0/1	0	0	inf
SRX470068	TFs and others	Epitope tags	Kidney	293	99	2/2624	0/1	0	0	inf
SRX470407	TFs and others	AR	Prostate	LNCAP	2691	8/2624	0/1	0	0	inf
SRX470408	TFs and others	AR	Prostate	LNCAP	5096	14/2624	0/1	0	0	inf
SRX4704621	TFs and others	ARID1A	Gonad	RMG-I	13563	664/2624	0/1	0	0	inf
SRX4704622	TFs and others	NCAPH2	Gonad	RMG-I	630	1/2624	0/1	0	0	inf
SRX4704623	TFs and others	NCAPH2	Gonad	RMG-I	473	1/2624	0/1	0	0	inf
SRX4704628	TFs and others	SMARCB1	Gonad	RMG-I	324	2/2624	0/1	0	0	inf
SRX4704629	TFs and others	SMARCB1	Gonad	RMG-I	437	1/2624	0/1	0	0	inf
SRX4705111	TFs and others	CHAF1A	Blood	MOLM-13	1699	81/2624	0/1	0	0	inf
SRX4705112	TFs and others	CHAF1A	Blood	MOLM-13	600	19/2624	0/1	0	0	inf
SRX4705113	TFs and others	CEBPA	Blood	MOLM-13	96197	940/2624	0/1	0	0	inf
SRX4705114	TFs and others	CHAF1A	Blood	U-937	672	9/2624	0/1	0	0	inf
SRX4705115	TFs and others	CEBPA	Blood	U-937	87324	787/2624	0/1	0	0	inf
SRX4705116	TFs and others	CHAF1A	Blood	U-937	337	2/2624	0/1	0	0	inf
SRX4705117	TFs and others	CHAF1A	Blood	U-937	441	1/2624	0/1	0	0	inf
SRX4705118	TFs and others	CHAF1A	Blood	U-937	427	2/2624	0/1	0	0	inf
SRX4705119	TFs and others	CHAF1A	Blood	Jurkat	1381	4/2624	0/1	0	0	inf
SRX4705120	TFs and others	GATA3	Blood	Jurkat	8999	346/2624	0/1	0	0	inf
SRX4705126	TFs and others	LMO1	Neural	KELLY	464	1/2624	0/1	0	0	inf
SRX4705127	TFs and others	LMO1	Neural	KELLY	568	2/2624	0/1	0	0	inf
SRX4708013	TFs and others	SRSF1	Liver	Hep G2	2660	355/2624	0/1	0	0	inf
SRX4708014	TFs and others	SRSF3	Liver	Hep G2	311	5/2624	0/1	0	0	inf
SRX4708015	TFs and others	SRSF4	Liver	Hep G2	447	16/2624	0/1	0	0	inf
SRX4708016	TFs and others	SRSF7	Liver	Hep G2	242	1/2624	0/1	0	0	inf
SRX4708017	TFs and others	SRSF9	Liver	Hep G2	302	1/2624	0/1	0	0	inf
SRX4708018	TFs and others	U2AF1	Liver	Hep G2	1429	209/2624	0/1	0	0	inf
SRX4708019	TFs and others	U2AF2	Liver	Hep G2	714	94/2624	0/1	0	0	inf
SRX4708021	TFs and others	HNRNPH1	Liver	Hep G2	782	78/2624	0/1	0	0	inf
SRX4708022	TFs and others	HNRNPK	Liver	Hep G2	9044	486/2624	0/1	0	0	inf
SRX4708023	TFs and others	HNRNPL	Liver	Hep G2	9140	487/2624	0/1	0	0	inf
SRX4708025	TFs and others	HNRNPUL1	Liver	Hep G2	1722	129/2624	0/1	0	0	inf
SRX4708026	TFs and others	PTBP1	Liver	Hep G2	816	72/2624	0/1	0	0	inf
SRX4708027	TFs and others	PCBP1	Liver	Hep G2	3800	508/2624	0/1	0	0	inf
SRX4708028	TFs and others	PCBP2	Liver	Hep G2	963	1/2624	0/1	0	0	inf
SRX4708029	TFs and others	FUS	Liver	Hep G2	3065	309/2624	0/1	0	0	inf
SRX4708030	TFs and others	TAF15	Liver	Hep G2	2984	366/2624	0/1	0	0	inf
SRX4708031	TFs and others	SNRNP70	Liver	Hep G2	214	4/2624	0/1	0	0	inf
SRX4708032	TFs and others	PRPF4	Liver	Hep G2	999	21/2624	0/1	0	0	inf
SRX4708033	TFs and others	FIP1L1	Liver	Hep G2	404	40/2624	0/1	0	0	inf
SRX4708035	TFs and others	RBM22	Liver	Hep G2	5541	361/2624	0/1	0	0	inf
SRX4708037	TFs and others	RBM39	Liver	Hep G2	7531	876/2624	0/1	0	0	inf
SRX4708038	TFs and others	AGO1	Liver	Hep G2	3726	308/2624	0/1	0	0	inf
SRX4708039	TFs and others	AGO2	Liver	Hep G2	14857	781/2624	0/1	0	0	inf
SRX4708040	TFs and others	SAFB2	Liver	Hep G2	328	1/2624	0/1	0	0	inf
SRX4708042	TFs and others	GTF2F1	Liver	Hep G2	1644	167/2624	0/1	0	0	inf
SRX4708044	TFs and others	SFPQ	Liver	Hep G2	213	1/2624	0/1	0	0	inf
SRX4708045	TFs and others	TARDBP	Liver	Hep G2	2317	186/2624	0/1	0	0	inf
SRX4708047	TFs and others	CCAR2	Liver	Hep G2	740	7/2624	0/1	0	0	inf
SRX4708061	TFs and others	SRSF1	Blood	K-562	522	29/2624	0/1	0	0	inf
SRX4708062	TFs and others	SRSF3	Blood	K-562	987	10/2624	0/1	0	0	inf
SRX4708063	TFs and others	SRSF4	Blood	K-562	565	15/2624	0/1	0	0	inf
SRX4708064	TFs and others	SRSF7	Blood	K-562	192	1/2624	0/1	0	0	inf
SRX4708065	TFs and others	SRSF9	Blood	K-562	145	2/2624	0/1	0	0	inf
SRX4708066	TFs and others	U2AF1	Blood	K-562	1308	80/2624	0/1	0	0	inf
SRX4708067	TFs and others	U2AF2	Blood	K-562	134	1/2624	0/1	0	0	inf
SRX4708068	TFs and others	HNRNPC	Blood	K-562	236	2/2624	0/1	0	0	inf
SRX4708069	TFs and others	HNRNPH1	Blood	K-562	321	7/2624	0/1	0	0	inf
SRX4708070	TFs and others	HNRNPK	Blood	K-562	2829	154/2624	0/1	0	0	inf
SRX4708071	TFs and others	HNRNPL	Blood	K-562	2448	175/2624	0/1	0	0	inf
SRX4708073	TFs and others	HNRNPUL1	Blood	K-562	670	3/2624	0/1	0	0	inf
SRX4708074	TFs and others	PTBP1	Blood	K-562	1011	13/2624	0/1	0	0	inf
SRX4708075	TFs and others	PCBP1	Blood	K-562	2771	201/2624	0/1	0	0	inf
SRX4708076	TFs and others	PCBP2	Blood	K-562	510	5/2624	0/1	0	0	inf
SRX4708077	TFs and others	FUS	Blood	K-562	418	12/2624	0/1	0	0	inf
SRX4708078	TFs and others	TAF15	Blood	K-562	232	13/2624	0/1	0	0	inf
SRX4708079	TFs and others	SNRNP70	Blood	K-562	284	1/2624	0/1	0	0	inf
SRX4708080	TFs and others	PRPF4	Blood	K-562	2710	247/2624	0/1	0	0	inf
SRX4708081	TFs and others	FIP1L1	Blood	K-562	3337	328/2624	0/1	0	0	inf
SRX4708083	TFs and others	RBM22	Blood	K-562	5681	464/2624	0/1	0	0	inf
SRX4708084	TFs and others	RBM25	Blood	K-562	38027	792/2624	0/1	0	0	inf
SRX4708085	TFs and others	RBM39	Blood	K-562	826	28/2624	0/1	0	0	inf
SRX4708086	TFs and others	AGO1	Blood	K-562	3215	122/2624	0/1	0	0	inf
SRX4708087	TFs and others	SAFB	Blood	K-562	3245	189/2624	0/1	0	0	inf
SRX4708088	TFs and others	SAFB2	Blood	K-562	127	3/2624	0/1	0	0	inf
SRX4708092	TFs and others	SFPQ	Blood	K-562	267	12/2624	0/1	0	0	inf
SRX4708093	TFs and others	TARDBP	Blood	K-562	2791	207/2624	0/1	0	0	inf
SRX4708094	TFs and others	XRCC5	Blood	K-562	9436	893/2624	0/1	0	0	inf
SRX4708095	TFs and others	CCAR2	Blood	K-562	383	2/2624	0/1	0	0	inf
SRX4708107	TFs and others	RBM25	Liver	Hep G2	32999	1301/2624	0/1	0	0	inf
SRX4708109	TFs and others	RBM25	Liver	Hep G2	24545	1046/2624	0/1	0	0	inf
SRX4711138	TFs and others	LMNB1	Adipocyte	Adipose stem cells	1339	1/2624	0/1	0	0	inf
SRX4711139	TFs and others	LMNB1	Adipocyte	Adipose stem cells	1044	1/2624	0/1	0	0	inf
SRX4711140	TFs and others	LMNB1	Adipocyte	Adipose stem cells	973	1/2624	0/1	0	0	inf
SRX4711141	TFs and others	LMNB1	Adipocyte	Adipose stem cells	1005	1/2624	0/1	0	0	inf
SRX4711142	TFs and others	LMNB1	Adipocyte	Adipose stem cells	375	1/2624	0/1	0	0	inf
SRX4711143	TFs and others	LMNB1	Adipocyte	Adipose stem cells	1008	1/2624	0/1	0	0	inf
SRX4711144	TFs and others	LMNB1	Adipocyte	Adipose stem cells	1066	1/2624	0/1	0	0	inf
SRX4711145	TFs and others	LMNB1	Adipocyte	Adipose stem cells	1351	1/2624	0/1	0	0	inf
SRX471204	TFs and others	AR	Prostate	C4-2	3110	3/2624	0/1	0	0	inf
SRX471205	TFs and others	AR	Prostate	C4-2	17776	20/2624	0/1	0	0	inf
SRX471207	TFs and others	AR	Prostate	LNCAP	3985	4/2624	0/1	0	0	inf
SRX471208	TFs and others	AR	Prostate	LNCAP	55197	55/2624	0/1	0	0	inf
SRX471210	TFs and others	MBD2	Breast	MCF-7	1034	4/2624	0/1	0	0	inf
SRX471212	TFs and others	MBD2	Breast	MCF-7	294	1/2624	0/1	0	0	inf
SRX471215	TFs and others	MBD2	Breast	MCF-7	105	1/2624	0/1	0	0	inf
SRX4712347	TFs and others	LDB1	Blood	Macrophages	2917	384/2624	0/1	0	0	inf
SRX4712348	TFs and others	LDB1	Blood	Macrophages	3456	525/2624	0/1	0	0	inf
SRX471323	TFs and others	BCL11A	Blood	CAL-1	277	1/2624	0/1	0	0	inf
SRX4714451	TFs and others	GTF3C2	Breast	T-47D	889	1/2624	0/1	0	0	inf
SRX4714452	TFs and others	BDP1	Breast	T-47D	660	7/2624	0/1	0	0	inf
SRX4714455	TFs and others	GTF3C2	Breast	T-47D	2531	1/2624	0/1	0	0	inf
SRX4714456	TFs and others	BDP1	Breast	T-47D	984	5/2624	0/1	0	0	inf
SRX4714459	TFs and others	GTF3C2	Breast	MCF 10A	189	1/2624	0/1	0	0	inf
SRX4714460	TFs and others	BDP1	Breast	MCF 10A	579	4/2624	0/1	0	0	inf
SRX4714467	TFs and others	GTF3C2	Neural	T98G	2815	5/2624	0/1	0	0	inf
SRX4714471	TFs and others	GTF3C2	Lung	IMR-90	329	1/2624	0/1	0	0	inf
SRX4714473	TFs and others	GTF3C2	Lung	IMR-90	1566	8/2624	0/1	0	0	inf
SRX4714474	TFs and others	CTCF	Breast	T-47D	25038	403/2624	0/1	0	0	inf
SRX4714479	TFs and others	CTCF	Breast	T-47D	36658	465/2624	0/1	0	0	inf
SRX4714480	TFs and others	GTF3C2	Breast	T-47D	819	1/2624	0/1	0	0	inf
SRX4714482	TFs and others	GTF3C2	Neural	T98G	2835	46/2624	0/1	0	0	inf
SRX4717807	TFs and others	TCEA2	Breast	HMLE	414	4/2624	0/1	0	0	inf
SRX4717810	TFs and others	TCEA2	Breast	HMLE	532	3/2624	0/1	0	0	inf
SRX471847	TFs and others	AR	Prostate	VCaP	6413	17/2624	0/1	0	0	inf
SRX471848	TFs and others	AR	Prostate	VCaP	4431	15/2624	0/1	0	0	inf
SRX471849	TFs and others	AR	Prostate	VCaP	19084	31/2624	0/1	0	0	inf
SRX471850	TFs and others	AR	Prostate	VCaP	19080	64/2624	0/1	0	0	inf
SRX471851	TFs and others	AR	Prostate	VCaP	12376	15/2624	0/1	0	0	inf
SRX471852	TFs and others	AR	Prostate	VCaP	9314	17/2624	0/1	0	0	inf
SRX471853	TFs and others	AR	Prostate	VCaP	8832	11/2624	0/1	0	0	inf
SRX471854	TFs and others	AR	Prostate	VCaP	7680	25/2624	0/1	0	0	inf
SRX471855	TFs and others	AR	Prostate	VCaP	18147	76/2624	0/1	0	0	inf
SRX471856	TFs and others	AR	Prostate	VCaP	14763	62/2624	0/1	0	0	inf
SRX471857	TFs and others	BRD4	Prostate	VCaP	2306	126/2624	0/1	0	0	inf
SRX471858	TFs and others	BRD4	Prostate	VCaP	2548	168/2624	0/1	0	0	inf
SRX471859	TFs and others	BRD4	Prostate	VCaP	881	1/2624	0/1	0	0	inf
SRX471860	TFs and others	BRD4	Prostate	VCaP	982	5/2624	0/1	0	0	inf
SRX471861	TFs and others	BRD4	Prostate	VCaP	1730	78/2624	0/1	0	0	inf
SRX471867	TFs and others	BRD2	Prostate	VCaP	2780	103/2624	0/1	0	0	inf
SRX471868	TFs and others	BRD2	Prostate	VCaP	1817	24/2624	0/1	0	0	inf
SRX471869	TFs and others	BRD2	Prostate	VCaP	2153	130/2624	0/1	0	0	inf
SRX471870	TFs and others	BRD3	Prostate	VCaP	3773	131/2624	0/1	0	0	inf
SRX471871	TFs and others	BRD3	Prostate	VCaP	2042	12/2624	0/1	0	0	inf
SRX471872	TFs and others	BRD3	Prostate	VCaP	1046	13/2624	0/1	0	0	inf
SRX471873	TFs and others	BRD4	Prostate	VCaP	2924	180/2624	0/1	0	0	inf
SRX471874	TFs and others	BRD4	Prostate	VCaP	1236	23/2624	0/1	0	0	inf
SRX471875	TFs and others	BRD4	Prostate	VCaP	1665	99/2624	0/1	0	0	inf
SRX471876	TFs and others	ERG	Prostate	VCaP	6897	707/2624	0/1	0	0	inf
SRX471877	TFs and others	ERG	Prostate	VCaP	6616	625/2624	0/1	0	0	inf
SRX471878	TFs and others	ERG	Prostate	VCaP	4248	436/2624	0/1	0	0	inf
SRX471879	TFs and others	ERG	Prostate	VCaP	4531	521/2624	0/1	0	0	inf
SRX4720613	TFs and others	Epitope tags	Kidney	G-401	152	1/2624	0/1	0	0	inf
SRX4720614	TFs and others	Epitope tags	Kidney	G-401	7278	782/2624	0/1	0	0	inf
SRX472275	TFs and others	TERF1	Blood	Lymphoblastoid cell line	833	2/2624	0/1	0	0	inf
SRX472276	TFs and others	TERF2	Blood	Lymphoblastoid cell line	692	2/2624	0/1	0	0	inf
SRX4723357	TFs and others	GATA3	Neural	Neurons	812	3/2624	0/1	0	0	inf
SRX4723358	TFs and others	GATA3	Neural	Neurons	672	2/2624	0/1	0	0	inf
SRX4723359	TFs and others	GATA3	Neural	Neurons	591	3/2624	0/1	0	0	inf
SRX4727907	TFs and others	KDM6A	Pluripotent stem cell	hESC derived neural cells	728	2/2624	0/1	0	0	inf
SRX4727908	TFs and others	KDM6A	Pluripotent stem cell	hESC derived neural cells	586	1/2624	0/1	0	0	inf
SRX4727909	TFs and others	KDM6A	Pluripotent stem cell	hESC derived neural cells	532	1/2624	0/1	0	0	inf
SRX4727910	TFs and others	TP53BP1	Pluripotent stem cell	hESC H9	4808	580/2624	0/1	0	0	inf
SRX4727912	TFs and others	TP53BP1	Pluripotent stem cell	hESC H9	960	77/2624	0/1	0	0	inf
SRX4732741	TFs and others	HDAC2	Blood	Pre-B cells	711	10/2624	0/1	0	0	inf
SRX4734146	TFs and others	SMARCA4	Cardiovascular	Aneurysm smooth muscle cells	400	1/2624	0/1	0	0	inf
SRX4734148	TFs and others	HDAC9	Cardiovascular	Aneurysm smooth muscle cells	198	1/2624	0/1	0	0	inf
SRX4734150	TFs and others	SMARCA4	Cardiovascular	Smooth muscle cells	255	1/2624	0/1	0	0	inf
SRX4734151	TFs and others	HDAC9	Cardiovascular	Smooth muscle cells	364	1/2624	0/1	0	0	inf
SRX4734152	TFs and others	SMARCA4	Cardiovascular	Aneurysm smooth muscle cells	228	1/2624	0/1	0	0	inf
SRX4734154	TFs and others	HDAC9	Cardiovascular	Aneurysm smooth muscle cells	230	1/2624	0/1	0	0	inf
SRX4737854	TFs and others	BAP1	Pancreas	PANC-1	895	48/2624	0/1	0	0	inf
SRX4737855	TFs and others	BAP1	Pancreas	PANC-1	511	35/2624	0/1	0	0	inf
SRX4737858	TFs and others	BAP1	Pancreas	HPDE6	609	42/2624	0/1	0	0	inf
SRX4737859	TFs and others	BAP1	Pancreas	HPDE6	684	70/2624	0/1	0	0	inf
SRX4739455	TFs and others	PTEN	Uterus	HeLa	752	5/2624	0/1	0	0	inf
SRX4739456	TFs and others	PTEN	Uterus	HeLa	750	6/2624	0/1	0	0	inf
SRX4739460	TFs and others	SUPT5H	Uterus	HeLa	563	1/2624	0/1	0	0	inf
SRX4739461	TFs and others	PTEN	Uterus	HeLa	1211	5/2624	0/1	0	0	inf
SRX4739465	TFs and others	SUPT5H	Uterus	HeLa	603	2/2624	0/1	0	0	inf
SRX4741788	TFs and others	HIF1A	Cardiovascular	EA.hy926	2702	132/2624	0/1	0	0	inf
SRX4741791	TFs and others	HIF1A	Cardiovascular	EA.hy926	2338	77/2624	0/1	0	0	inf
SRX4743476	TFs and others	GFP	Liver	Hep G2	987	1/2624	0/1	0	0	inf
SRX4743477	TFs and others	GFP	Liver	Hep G2	248	2/2624	0/1	0	0	inf
SRX4743480	TFs and others	GFP	Liver	Hep G2	554	1/2624	0/1	0	0	inf
SRX4743481	TFs and others	GFP	Liver	Hep G2	346	1/2624	0/1	0	0	inf
SRX4743484	TFs and others	GFP	Liver	Hep G2	207	1/2624	0/1	0	0	inf
SRX4743485	TFs and others	GFP	Liver	Hep G2	303	1/2624	0/1	0	0	inf
SRX4743488	TFs and others	GFP	Liver	Hep G2	552	1/2624	0/1	0	0	inf
SRX4743489	TFs and others	GFP	Liver	Hep G2	468	2/2624	0/1	0	0	inf
SRX4745222	TFs and others	Epitope tags	Kidney	293	586	2/2624	0/1	0	0	inf
SRX4745223	TFs and others	Epitope tags	Kidney	293	472	1/2624	0/1	0	0	inf
SRX4745224	TFs and others	Epitope tags	Kidney	293	497	1/2624	0/1	0	0	inf
SRX4745225	TFs and others	Epitope tags	Kidney	293	2671	1/2624	0/1	0	0	inf
SRX4745226	TFs and others	Epitope tags	Kidney	293	277	1/2624	0/1	0	0	inf
SRX4745227	TFs and others	Epitope tags	Kidney	293	414	1/2624	0/1	0	0	inf
SRX4745228	TFs and others	Epitope tags	Kidney	293	7184	71/2624	0/1	0	0	inf
SRX4745229	TFs and others	Epitope tags	Kidney	293	301	1/2624	0/1	0	0	inf
SRX4745230	TFs and others	Epitope tags	Kidney	293	448	1/2624	0/1	0	0	inf
SRX4745231	TFs and others	Epitope tags	Kidney	293	374	1/2624	0/1	0	0	inf
SRX4745232	TFs and others	Epitope tags	Kidney	293	372	1/2624	0/1	0	0	inf
SRX4745233	TFs and others	Epitope tags	Kidney	293	476	1/2624	0/1	0	0	inf
SRX4745234	TFs and others	Epitope tags	Kidney	293	735	12/2624	0/1	0	0	inf
SRX4745235	TFs and others	Epitope tags	Kidney	293	557	1/2624	0/1	0	0	inf
SRX4745236	TFs and others	Epitope tags	Kidney	293	538	1/2624	0/1	0	0	inf
SRX4745237	TFs and others	Epitope tags	Kidney	293	500	1/2624	0/1	0	0	inf
SRX4745238	TFs and others	Epitope tags	Kidney	293	433	1/2624	0/1	0	0	inf
SRX4745239	TFs and others	Epitope tags	Kidney	293	336	1/2624	0/1	0	0	inf
SRX4745240	TFs and others	Epitope tags	Kidney	293	379	1/2624	0/1	0	0	inf
SRX4745241	TFs and others	Epitope tags	Kidney	293	540	1/2624	0/1	0	0	inf
SRX4745242	TFs and others	Epitope tags	Kidney	293	563	1/2624	0/1	0	0	inf
SRX4745243	TFs and others	Epitope tags	Kidney	293	657	1/2624	0/1	0	0	inf
SRX4745244	TFs and others	Epitope tags	Kidney	293	621	1/2624	0/1	0	0	inf
SRX4745245	TFs and others	Epitope tags	Kidney	293	599	1/2624	0/1	0	0	inf
SRX4745246	TFs and others	Epitope tags	Kidney	293	613	1/2624	0/1	0	0	inf
SRX4745247	TFs and others	Epitope tags	Kidney	293	564	1/2624	0/1	0	0	inf
SRX4745248	TFs and others	Epitope tags	Kidney	293	657	1/2624	0/1	0	0	inf
SRX4745249	TFs and others	Epitope tags	Kidney	293	597	1/2624	0/1	0	0	inf
SRX4745250	TFs and others	Epitope tags	Kidney	293	641	1/2624	0/1	0	0	inf
SRX4745251	TFs and others	Epitope tags	Kidney	293	664	1/2624	0/1	0	0	inf
SRX475378	TFs and others	WDR5	Prostate	LNCAP	310	1/2624	0/1	0	0	inf
SRX475379	TFs and others	WDR5	Prostate	LNCAP	521	4/2624	0/1	0	0	inf
SRX475743	TFs and others	GABPA	Blood	GM12878	5112	779/2624	0/1	0	0	inf
SRX475747	TFs and others	REST	Blood	GM12878	3028	24/2624	0/1	0	0	inf
SRX475748	TFs and others	EP300	Blood	GM12878	4866	28/2624	0/1	0	0	inf
SRX475749	TFs and others	EP300	Blood	GM12878	4617	13/2624	0/1	0	0	inf
SRX475750	TFs and others	EP300	Blood	GM12878	10600	266/2624	0/1	0	0	inf
SRX475751	TFs and others	EP300	Blood	GM12878	9404	282/2624	0/1	0	0	inf
SRX475752	TFs and others	EP300	Blood	GM12878	30864	507/2624	0/1	0	0	inf
SRX475753	TFs and others	EP300	Blood	GM12878	13797	60/2624	0/1	0	0	inf
SRX475754	TFs and others	EP300	Blood	GM12878	11634	62/2624	0/1	0	0	inf
SRX475755	TFs and others	SPI1	Blood	GM12878	2863	5/2624	0/1	0	0	inf
SRX475756	TFs and others	ZBTB33	Blood	GM12878	601	101/2624	0/1	0	0	inf
SRX475757	TFs and others	GABPA	Blood	GM12878	7560	1054/2624	0/1	0	0	inf
SRX475758	TFs and others	GABPA	Blood	GM12878	3967	647/2624	0/1	0	0	inf
SRX475759	TFs and others	GABPA	Blood	GM12878	6022	891/2624	0/1	0	0	inf
SRX475760	TFs and others	GABPA	Blood	GM12878	5032	733/2624	0/1	0	0	inf
SRX475773	TFs and others	REST	Blood	GM12878	4313	83/2624	0/1	0	0	inf
SRX475774	TFs and others	REST	Blood	GM12878	2514	20/2624	0/1	0	0	inf
SRX475775	TFs and others	REST	Blood	GM12878	5288	123/2624	0/1	0	0	inf
SRX475776	TFs and others	REST	Blood	GM12878	3411	29/2624	0/1	0	0	inf
SRX475777	TFs and others	REST	Blood	GM12878	4351	39/2624	0/1	0	0	inf
SRX475778	TFs and others	REST	Blood	GM12878	3101	22/2624	0/1	0	0	inf
SRX475779	TFs and others	REST	Blood	GM12878	4208	28/2624	0/1	0	0	inf
SRX475780	TFs and others	REST	Blood	GM12878	3691	26/2624	0/1	0	0	inf
SRX475781	TFs and others	REST	Blood	GM12878	2762	21/2624	0/1	0	0	inf
SRX475782	TFs and others	REST	Blood	GM12878	4408	37/2624	0/1	0	0	inf
SRX475783	TFs and others	REST	Blood	GM12878	2172	11/2624	0/1	0	0	inf
SRX475784	TFs and others	REST	Blood	GM12878	4230	33/2624	0/1	0	0	inf
SRX475785	TFs and others	REST	Blood	GM12878	4242	37/2624	0/1	0	0	inf
SRX475786	TFs and others	REST	Blood	GM12878	2654	17/2624	0/1	0	0	inf
SRX475787	TFs and others	REST	Blood	GM12878	2001	9/2624	0/1	0	0	inf
SRX475788	TFs and others	REST	Blood	GM12878	2714	21/2624	0/1	0	0	inf
SRX475789	TFs and others	EP300	Blood	GM12878	499	4/2624	0/1	0	0	inf
SRX475790	TFs and others	EP300	Blood	GM12878	261	1/2624	0/1	0	0	inf
SRX475791	TFs and others	EP300	Blood	GM12878	539	8/2624	0/1	0	0	inf
SRX475792	TFs and others	EP300	Blood	GM12878	279	1/2624	0/1	0	0	inf
SRX475793	TFs and others	SPI1	Blood	GM12878	23557	336/2624	0/1	0	0	inf
SRX475794	TFs and others	SPI1	Blood	GM12878	23939	196/2624	0/1	0	0	inf
SRX475795	TFs and others	SPI1	Blood	GM12878	22039	265/2624	0/1	0	0	inf
SRX475796	TFs and others	SPI1	Blood	GM12878	7401	22/2624	0/1	0	0	inf
SRX475797	TFs and others	ZBTB33	Blood	GM12878	2462	335/2624	0/1	0	0	inf
SRX475798	TFs and others	ZBTB33	Blood	GM12878	1322	204/2624	0/1	0	0	inf
SRX475799	TFs and others	ZBTB33	Blood	GM12878	1841	272/2624	0/1	0	0	inf
SRX475800	TFs and others	ZBTB33	Blood	GM12878	1259	202/2624	0/1	0	0	inf
SRX476480	TFs and others	CTCF	Blood	THP-1	20808	325/2624	0/1	0	0	inf
SRX476481	TFs and others	RAD21	Blood	THP-1	16109	192/2624	0/1	0	0	inf
SRX476913	TFs and others	SNAI2	Epidermis	Keratinocytes	3749	106/2624	0/1	0	0	inf
SRX476914	TFs and others	SNAI2	Epidermis	Keratinocytes	4279	115/2624	0/1	0	0	inf
SRX476915	TFs and others	SNAI2	Epidermis	Keratinocytes	188	5/2624	0/1	0	0	inf
SRX476916	TFs and others	SNAI2	Epidermis	Keratinocytes	258	1/2624	0/1	0	0	inf
SRX476919	TFs and others	SNAI2	Epidermis	Keratinocytes	8584	225/2624	0/1	0	0	inf
SRX476920	TFs and others	SNAI2	Epidermis	Keratinocytes	5637	184/2624	0/1	0	0	inf
SRX476921	TFs and others	SNAI2	Epidermis	Keratinocytes	28625	973/2624	0/1	0	0	inf
SRX476922	TFs and others	SNAI2	Epidermis	Keratinocytes	29527	1000/2624	0/1	0	0	inf
SRX476923	TFs and others	SNAI2	Epidermis	Keratinocytes	1533	51/2624	0/1	0	0	inf
SRX476924	TFs and others	SNAI2	Epidermis	Keratinocytes	906	31/2624	0/1	0	0	inf
SRX476925	TFs and others	SNAI2	Epidermis	Keratinocytes	17394	699/2624	0/1	0	0	inf
SRX4779735	TFs and others	AR	Prostate	LNCAP	392	1/2624	0/1	0	0	inf
SRX4781465	TFs and others	BRD2	Blood	Chronic myeloid leukemia	176	1/2624	0/1	0	0	inf
SRX4781466	TFs and others	BRD2	Blood	Chronic myeloid leukemia	344	1/2624	0/1	0	0	inf
SRX4781467	TFs and others	BRD2	Blood	Chronic myeloid leukemia	183	1/2624	0/1	0	0	inf
SRX4781468	TFs and others	BRD2	Blood	Chronic myeloid leukemia	352	1/2624	0/1	0	0	inf
SRX4781469	TFs and others	BRD2	Blood	Chronic myeloid leukemia	282	1/2624	0/1	0	0	inf
SRX4781470	TFs and others	BRD2	Blood	Chronic myeloid leukemia	411	1/2624	0/1	0	0	inf
SRX4781471	TFs and others	BRD2	Blood	Chronic myeloid leukemia	254	1/2624	0/1	0	0	inf
SRX4781472	TFs and others	BRD2	Blood	Chronic myeloid leukemia	342	1/2624	0/1	0	0	inf
SRX4781473	TFs and others	BRD2	Blood	Acute myeloid leukemia	296	1/2624	0/1	0	0	inf
SRX4781474	TFs and others	BRD2	Blood	Acute myeloid leukemia	273	1/2624	0/1	0	0	inf
SRX4781475	TFs and others	BRD2	Blood	Acute myeloid leukemia	373	1/2624	0/1	0	0	inf
SRX4781476	TFs and others	BRD2	Blood	Acute myeloid leukemia	403	1/2624	0/1	0	0	inf
SRX4781477	TFs and others	BRD2	Blood	Acute myeloid leukemia	388	1/2624	0/1	0	0	inf
SRX4781478	TFs and others	BRD2	Blood	Acute myeloid leukemia	621	1/2624	0/1	0	0	inf
SRX4781479	TFs and others	BRD2	Blood	Acute myeloid leukemia	389	1/2624	0/1	0	0	inf
SRX4781480	TFs and others	BRD2	Blood	Acute myeloid leukemia	282	1/2624	0/1	0	0	inf
SRX4781481	TFs and others	BRD3	Blood	Chronic myeloid leukemia	190	1/2624	0/1	0	0	inf
SRX4781482	TFs and others	BRD3	Blood	Chronic myeloid leukemia	268	1/2624	0/1	0	0	inf
SRX4781483	TFs and others	BRD3	Blood	Chronic myeloid leukemia	240	1/2624	0/1	0	0	inf
SRX4781484	TFs and others	BRD3	Blood	Chronic myeloid leukemia	334	1/2624	0/1	0	0	inf
SRX4781485	TFs and others	BRD3	Blood	Chronic myeloid leukemia	215	1/2624	0/1	0	0	inf
SRX4781486	TFs and others	BRD3	Blood	Chronic myeloid leukemia	501	1/2624	0/1	0	0	inf
SRX4781487	TFs and others	BRD3	Blood	Chronic myeloid leukemia	180	1/2624	0/1	0	0	inf
SRX4781488	TFs and others	BRD3	Blood	Chronic myeloid leukemia	289	1/2624	0/1	0	0	inf
SRX4781489	TFs and others	BRD3	Blood	Acute myeloid leukemia	1200	17/2624	0/1	0	0	inf
SRX4781490	TFs and others	BRD3	Blood	Acute myeloid leukemia	166	1/2624	0/1	0	0	inf
SRX4781491	TFs and others	BRD3	Blood	Acute myeloid leukemia	447	2/2624	0/1	0	0	inf
SRX4781492	TFs and others	BRD3	Blood	Acute myeloid leukemia	164	1/2624	0/1	0	0	inf
SRX4781493	TFs and others	BRD3	Blood	Acute myeloid leukemia	336	1/2624	0/1	0	0	inf
SRX4781494	TFs and others	BRD3	Blood	Acute myeloid leukemia	192	1/2624	0/1	0	0	inf
SRX4781495	TFs and others	BRD3	Blood	Acute myeloid leukemia	201	1/2624	0/1	0	0	inf
SRX4781496	TFs and others	BRD3	Blood	Acute myeloid leukemia	323	1/2624	0/1	0	0	inf
SRX4781497	TFs and others	BRD4	Blood	Chronic myeloid leukemia	147	1/2624	0/1	0	0	inf
SRX4781498	TFs and others	BRD4	Blood	Chronic myeloid leukemia	237	1/2624	0/1	0	0	inf
SRX4781499	TFs and others	BRD4	Blood	Chronic myeloid leukemia	170	1/2624	0/1	0	0	inf
SRX4781500	TFs and others	BRD4	Blood	Chronic myeloid leukemia	298	1/2624	0/1	0	0	inf
SRX4781501	TFs and others	BRD4	Blood	Chronic myeloid leukemia	165	1/2624	0/1	0	0	inf
SRX4781502	TFs and others	BRD4	Blood	Chronic myeloid leukemia	361	1/2624	0/1	0	0	inf
SRX4781503	TFs and others	BRD4	Blood	Chronic myeloid leukemia	174	1/2624	0/1	0	0	inf
SRX4781504	TFs and others	BRD4	Blood	Chronic myeloid leukemia	321	1/2624	0/1	0	0	inf
SRX4781505	TFs and others	BRD4	Blood	Acute myeloid leukemia	260	1/2624	0/1	0	0	inf
SRX4781506	TFs and others	BRD4	Blood	Acute myeloid leukemia	266	1/2624	0/1	0	0	inf
SRX4781507	TFs and others	BRD4	Blood	Acute myeloid leukemia	181	1/2624	0/1	0	0	inf
SRX4781508	TFs and others	BRD4	Blood	Acute myeloid leukemia	337	2/2624	0/1	0	0	inf
SRX4781509	TFs and others	BRD4	Blood	Acute myeloid leukemia	232	1/2624	0/1	0	0	inf
SRX4781510	TFs and others	BRD4	Blood	Acute myeloid leukemia	310	1/2624	0/1	0	0	inf
SRX4781511	TFs and others	BRD4	Blood	Acute myeloid leukemia	273	1/2624	0/1	0	0	inf
SRX4781512	TFs and others	BRD4	Blood	Acute myeloid leukemia	328	1/2624	0/1	0	0	inf
SRX4783021	TFs and others	AR	Prostate	Prostate cancer cells	524	1/2624	0/1	0	0	inf
SRX4783022	TFs and others	AR	Prostate	Prostate cancer cells	1304	5/2624	0/1	0	0	inf
SRX4783023	TFs and others	AR	Prostate	Prostate cancer cells	1706	7/2624	0/1	0	0	inf
SRX4783024	TFs and others	AR	Prostate	Prostate cancer cells	4097	11/2624	0/1	0	0	inf
SRX4783025	TFs and others	AR	Prostate	Prostate cancer cells	3363	6/2624	0/1	0	0	inf
SRX4783026	TFs and others	AR	Prostate	Prostate cancer cells	3320	8/2624	0/1	0	0	inf
SRX4783027	TFs and others	AR	Prostate	Prostate cancer cells	1343	3/2624	0/1	0	0	inf
SRX4783028	TFs and others	AR	Prostate	Prostate cancer cells	596	1/2624	0/1	0	0	inf
SRX4783029	TFs and others	AR	Prostate	Prostate cancer cells	6669	16/2624	0/1	0	0	inf
SRX4783030	TFs and others	AR	Prostate	Prostate cancer cells	807	1/2624	0/1	0	0	inf
SRX4783031	TFs and others	AR	Prostate	Prostate cancer cells	639	1/2624	0/1	0	0	inf
SRX4783032	TFs and others	AR	Prostate	Prostate cancer cells	1090	3/2624	0/1	0	0	inf
SRX4783033	TFs and others	AR	Prostate	Prostate cancer cells	805	1/2624	0/1	0	0	inf
SRX4783034	TFs and others	AR	Prostate	Prostate cancer cells	443	1/2624	0/1	0	0	inf
SRX4783035	TFs and others	AR	Prostate	Prostate cancer cells	4885	10/2624	0/1	0	0	inf
SRX4783036	TFs and others	AR	Prostate	Prostate cancer cells	2241	7/2624	0/1	0	0	inf
SRX4783037	TFs and others	AR	Prostate	Prostate cancer cells	535	1/2624	0/1	0	0	inf
SRX4783038	TFs and others	AR	Prostate	Prostate cancer cells	472	1/2624	0/1	0	0	inf
SRX4783039	TFs and others	AR	Prostate	Prostate cancer cells	1299	4/2624	0/1	0	0	inf
SRX4783040	TFs and others	AR	Prostate	Prostate cancer cells	546	1/2624	0/1	0	0	inf
SRX4783041	TFs and others	AR	Prostate	Prostate cancer cells	742	1/2624	0/1	0	0	inf
SRX4783042	TFs and others	AR	Prostate	Prostate cancer cells	509	1/2624	0/1	0	0	inf
SRX4783043	TFs and others	AR	Prostate	Prostate cancer cells	1163	3/2624	0/1	0	0	inf
SRX4783044	TFs and others	AR	Prostate	Prostate cancer cells	440	1/2624	0/1	0	0	inf
SRX4783045	TFs and others	AR	Prostate	Prostate cancer cells	1083	2/2624	0/1	0	0	inf
SRX4783046	TFs and others	AR	Prostate	Prostate cancer cells	711	1/2624	0/1	0	0	inf
SRX4783047	TFs and others	AR	Prostate	Prostate cancer cells	869	2/2624	0/1	0	0	inf
SRX4783048	TFs and others	AR	Prostate	Prostate cancer cells	1628	9/2624	0/1	0	0	inf
SRX4783049	TFs and others	AR	Prostate	Prostate cancer cells	1190	2/2624	0/1	0	0	inf
SRX4783050	TFs and others	AR	Prostate	Prostate cancer cells	326	1/2624	0/1	0	0	inf
SRX4783051	TFs and others	AR	Prostate	Prostate cancer cells	6492	14/2624	0/1	0	0	inf
SRX4783052	TFs and others	AR	Prostate	Prostate cancer cells	2613	6/2624	0/1	0	0	inf
SRX4783053	TFs and others	AR	Prostate	Prostate cancer cells	1735	4/2624	0/1	0	0	inf
SRX4783054	TFs and others	AR	Prostate	Prostate cancer cells	423	1/2624	0/1	0	0	inf
SRX4783055	TFs and others	AR	Prostate	Prostate cancer cells	463	1/2624	0/1	0	0	inf
SRX4783056	TFs and others	AR	Prostate	Prostate cancer cells	549	1/2624	0/1	0	0	inf
SRX4783057	TFs and others	AR	Prostate	Prostate cancer cells	458	1/2624	0/1	0	0	inf
SRX4783058	TFs and others	AR	Prostate	Prostate cancer cells	5954	17/2624	0/1	0	0	inf
SRX4783059	TFs and others	AR	Prostate	Prostate cancer cells	497	1/2624	0/1	0	0	inf
SRX4783060	TFs and others	AR	Prostate	Prostate cancer cells	135	1/2624	0/1	0	0	inf
SRX4783061	TFs and others	AR	Prostate	Prostate cancer cells	3091	6/2624	0/1	0	0	inf
SRX4783062	TFs and others	AR	Prostate	Prostate cancer cells	484	1/2624	0/1	0	0	inf
SRX4783063	TFs and others	AR	Prostate	Prostate cancer cells	3322	7/2624	0/1	0	0	inf
SRX4783064	TFs and others	AR	Prostate	Prostate cancer cells	1656	2/2624	0/1	0	0	inf
SRX4783065	TFs and others	AR	Prostate	Prostate cancer cells	8834	14/2624	0/1	0	0	inf
SRX4783066	TFs and others	AR	Prostate	Prostate cancer cells	504	1/2624	0/1	0	0	inf
SRX4783067	TFs and others	AR	Prostate	Prostate cancer cells	381	1/2624	0/1	0	0	inf
SRX4783068	TFs and others	AR	Prostate	Prostate cancer cells	536	1/2624	0/1	0	0	inf
SRX4783069	TFs and others	AR	Prostate	Prostate cancer cells	745	1/2624	0/1	0	0	inf
SRX4783070	TFs and others	AR	Prostate	Prostate cancer cells	417	1/2624	0/1	0	0	inf
SRX4783071	TFs and others	AR	Prostate	Prostate cancer cells	412	1/2624	0/1	0	0	inf
SRX4783072	TFs and others	AR	Prostate	Prostate cancer cells	1558	2/2624	0/1	0	0	inf
SRX4783073	TFs and others	AR	Prostate	Prostate cancer cells	3350	8/2624	0/1	0	0	inf
SRX4783074	TFs and others	AR	Prostate	Prostate cancer cells	967	1/2624	0/1	0	0	inf
SRX4783075	TFs and others	AR	Prostate	Prostate cancer cells	467	1/2624	0/1	0	0	inf
SRX4783076	TFs and others	AR	Prostate	Prostate cancer cells	364	1/2624	0/1	0	0	inf
SRX4783077	TFs and others	AR	Prostate	Prostate cancer cells	949	2/2624	0/1	0	0	inf
SRX4783078	TFs and others	AR	Prostate	Prostate cancer cells	435	1/2624	0/1	0	0	inf
SRX4783079	TFs and others	AR	Prostate	Prostate cancer cells	3156	6/2624	0/1	0	0	inf
SRX4783080	TFs and others	AR	Prostate	Prostate cancer cells	2930	5/2624	0/1	0	0	inf
SRX4783081	TFs and others	AR	Prostate	Prostate cancer cells	207	2/2624	0/1	0	0	inf
SRX4783082	TFs and others	AR	Prostate	Prostate cancer cells	338	2/2624	0/1	0	0	inf
SRX4783083	TFs and others	AR	Prostate	Prostate cancer cells	1738	4/2624	0/1	0	0	inf
SRX4783084	TFs and others	AR	Prostate	Prostate cancer cells	376	1/2624	0/1	0	0	inf
SRX4783085	TFs and others	AR	Prostate	Prostate cancer cells	209	1/2624	0/1	0	0	inf
SRX4783086	TFs and others	AR	Prostate	Prostate cancer cells	564	2/2624	0/1	0	0	inf
SRX4783087	TFs and others	AR	Prostate	Prostate cancer cells	2920	5/2624	0/1	0	0	inf
SRX4783088	TFs and others	AR	Prostate	Prostate cancer cells	1597	4/2624	0/1	0	0	inf
SRX4783089	TFs and others	AR	Prostate	Prostate cancer cells	445	1/2624	0/1	0	0	inf
SRX4783090	TFs and others	AR	Prostate	Prostate cancer cells	2670	8/2624	0/1	0	0	inf
SRX4783091	TFs and others	AR	Prostate	Prostate cancer cells	523	1/2624	0/1	0	0	inf
SRX4783092	TFs and others	AR	Prostate	Prostate cancer cells	355	1/2624	0/1	0	0	inf
SRX4783093	TFs and others	AR	Prostate	Prostate cancer cells	490	1/2624	0/1	0	0	inf
SRX4783094	TFs and others	AR	Prostate	Prostate cancer cells	462	1/2624	0/1	0	0	inf
SRX4783095	TFs and others	AR	Prostate	Prostate cancer cells	461	1/2624	0/1	0	0	inf
SRX4783096	TFs and others	AR	Prostate	Prostate cancer cells	5085	12/2624	0/1	0	0	inf
SRX4783097	TFs and others	AR	Prostate	Prostate cancer cells	821	1/2624	0/1	0	0	inf
SRX4783098	TFs and others	AR	Prostate	Prostate cancer cells	4866	5/2624	0/1	0	0	inf
SRX4783099	TFs and others	AR	Prostate	Prostate cancer cells	681	1/2624	0/1	0	0	inf
SRX4783100	TFs and others	AR	Prostate	Prostate cancer cells	1962	4/2624	0/1	0	0	inf
SRX4783101	TFs and others	AR	Prostate	Prostate cancer cells	376	1/2624	0/1	0	0	inf
SRX4783102	TFs and others	AR	Prostate	Prostate cancer cells	493	1/2624	0/1	0	0	inf
SRX4783103	TFs and others	AR	Prostate	Prostate cancer cells	534	1/2624	0/1	0	0	inf
SRX4783104	TFs and others	AR	Prostate	Prostate cancer cells	822	1/2624	0/1	0	0	inf
SRX4783105	TFs and others	AR	Prostate	Prostate cancer cells	565	1/2624	0/1	0	0	inf
SRX4783106	TFs and others	AR	Prostate	Prostate cancer cells	399	1/2624	0/1	0	0	inf
SRX4783107	TFs and others	AR	Prostate	Prostate cancer cells	434	1/2624	0/1	0	0	inf
SRX4783108	TFs and others	AR	Prostate	Prostate cancer cells	537	1/2624	0/1	0	0	inf
SRX4786537	TFs and others	ESR1	Breast	MCF-7	573	3/2624	0/1	0	0	inf
SRX4786539	TFs and others	ESR1	Breast	MCF-7	6192	60/2624	0/1	0	0	inf
SRX4786541	TFs and others	ESR1	Breast	MCF-7	683	3/2624	0/1	0	0	inf
SRX4786543	TFs and others	ESR1	Breast	MCF-7	4326	47/2624	0/1	0	0	inf
SRX4786545	TFs and others	TET2	Breast	MCF-7	5613	1026/2624	0/1	0	0	inf
SRX4786546	TFs and others	TET2	Breast	MCF-7	470	26/2624	0/1	0	0	inf
SRX4786547	TFs and others	TET2	Breast	MCF-7	406	1/2624	0/1	0	0	inf
SRX4786548	TFs and others	ESR1	Breast	MCF-7	2100	285/2624	0/1	0	0	inf
SRX4786549	TFs and others	ESR1	Breast	MCF-7	12317	502/2624	0/1	0	0	inf
SRX4786552	TFs and others	TET2	Breast	MCF-7	1328	302/2624	0/1	0	0	inf
SRX4786553	TFs and others	TET2	Breast	MCF-7	538	97/2624	0/1	0	0	inf
SRX4786554	TFs and others	KMT2C	Breast	MCF-7	9460	435/2624	0/1	0	0	inf
SRX4786555	TFs and others	KMT2C	Breast	MCF-7	8295	379/2624	0/1	0	0	inf
SRX4786562	TFs and others	KMT2C	Breast	MCF-7	7192	355/2624	0/1	0	0	inf
SRX4786563	TFs and others	KMT2C	Breast	MCF-7	1812	163/2624	0/1	0	0	inf
SRX4786568	TFs and others	TET2	Breast	MCF-7	1688	380/2624	0/1	0	0	inf
SRX4786571	TFs and others	TET2	Breast	MCF-7	325	1/2624	0/1	0	0	inf
SRX4786572	TFs and others	TET2	Breast	MCF-7	345	2/2624	0/1	0	0	inf
SRX4786575	TFs and others	KDM6A	Breast	MCF-7	6748	1026/2624	0/1	0	0	inf
SRX4792904	TFs and others	CTCF	Breast	T-47D	10145	349/2624	0/1	0	0	inf
SRX4792907	TFs and others	RAD21	Breast	T-47D	11545	417/2624	0/1	0	0	inf
SRX4792909	TFs and others	RAD21	Breast	T-47D	4861	256/2624	0/1	0	0	inf
SRX4792910	TFs and others	RAD21	Breast	T-47D	3120	149/2624	0/1	0	0	inf
SRX4792911	TFs and others	RAD21	Breast	T-47D	4086	322/2624	0/1	0	0	inf
SRX4796925	TFs and others	PPARG	Adipocyte	Adipose Tissue	752	5/2624	0/1	0	0	inf
SRX4796926	TFs and others	PPARG	Adipocyte	Adipose Tissue	8344	38/2624	0/1	0	0	inf
SRX4796927	TFs and others	PPARG	Adipocyte	Adipose Tissue	873	2/2624	0/1	0	0	inf
SRX4796928	TFs and others	PPARG	Adipocyte	Adipose Tissue	6718	33/2624	0/1	0	0	inf
SRX4796929	TFs and others	PPARG	Adipocyte	Adipose Tissue	2317	13/2624	0/1	0	0	inf
SRX4797395	TFs and others	LMNA	Cardiovascular	Myocytes, Cardiac	1383	2/2624	0/1	0	0	inf
SRX4797397	TFs and others	LMNA	Cardiovascular	Myocytes, Cardiac	9297	4/2624	0/1	0	0	inf
SRX4797399	TFs and others	LMNA	Cardiovascular	Myocytes, Cardiac	923	1/2624	0/1	0	0	inf
SRX4797401	TFs and others	LMNA	Cardiovascular	Myocytes, Cardiac	1352	1/2624	0/1	0	0	inf
SRX4797403	TFs and others	LMNA	Cardiovascular	Myocytes, Cardiac	761	1/2624	0/1	0	0	inf
SRX4797405	TFs and others	LMNA	Cardiovascular	Myocytes, Cardiac	757	1/2624	0/1	0	0	inf
SRX4797407	TFs and others	LMNA	Cardiovascular	Myocytes, Cardiac	1424	2/2624	0/1	0	0	inf
SRX4797409	TFs and others	LMNA	Cardiovascular	Myocytes, Cardiac	1112	1/2624	0/1	0	0	inf
SRX4797411	TFs and others	LMNA	Cardiovascular	Myocytes, Cardiac	1053	1/2624	0/1	0	0	inf
SRX4797413	TFs and others	LMNA	Cardiovascular	Myocytes, Cardiac	1171	1/2624	0/1	0	0	inf
SRX4802299	TFs and others	HIF1A	Kidney	HKC8	130	2/2624	0/1	0	0	inf
SRX4802300	TFs and others	HIF1A	Kidney	HKC8	270	2/2624	0/1	0	0	inf
SRX4802301	TFs and others	EPAS1	Kidney	HKC8	109	2/2624	0/1	0	0	inf
SRX4802302	TFs and others	EPAS1	Kidney	HKC8	221	1/2624	0/1	0	0	inf
SRX4802303	TFs and others	ARNT	Kidney	HKC8	102	3/2624	0/1	0	0	inf
SRX4802304	TFs and others	ARNT	Kidney	HKC8	207	3/2624	0/1	0	0	inf
SRX4802306	TFs and others	HIF1A	Kidney	HKC8	70	1/2624	0/1	0	0	inf
SRX4802307	TFs and others	HIF1A	Kidney	HKC8	153	5/2624	0/1	0	0	inf
SRX4802308	TFs and others	EPAS1	Kidney	HKC8	78	1/2624	0/1	0	0	inf
SRX4802309	TFs and others	EPAS1	Kidney	HKC8	91	2/2624	0/1	0	0	inf
SRX4802310	TFs and others	ARNT	Kidney	HKC8	204	2/2624	0/1	0	0	inf
SRX4802311	TFs and others	ARNT	Kidney	HKC8	188	9/2624	0/1	0	0	inf
SRX4802313	TFs and others	HIF1A	Kidney	HKC8	153	7/2624	0/1	0	0	inf
SRX4802314	TFs and others	HIF1A	Kidney	HKC8	127	3/2624	0/1	0	0	inf
SRX4802315	TFs and others	EPAS1	Kidney	HKC8	154	4/2624	0/1	0	0	inf
SRX4802316	TFs and others	EPAS1	Kidney	HKC8	103	3/2624	0/1	0	0	inf
SRX4802317	TFs and others	ARNT	Kidney	HKC8	79	1/2624	0/1	0	0	inf
SRX4802318	TFs and others	ARNT	Kidney	HKC8	115	5/2624	0/1	0	0	inf
SRX4802320	TFs and others	HIF1A	Kidney	HKC8	88	2/2624	0/1	0	0	inf
SRX4802321	TFs and others	HIF1A	Kidney	HKC8	229	2/2624	0/1	0	0	inf
SRX4802322	TFs and others	EPAS1	Kidney	HKC8	79	1/2624	0/1	0	0	inf
SRX4802323	TFs and others	EPAS1	Kidney	HKC8	214	1/2624	0/1	0	0	inf
SRX4802324	TFs and others	ARNT	Kidney	HKC8	92	4/2624	0/1	0	0	inf
SRX4802325	TFs and others	ARNT	Kidney	HKC8	225	2/2624	0/1	0	0	inf
SRX4802333	TFs and others	ARNT	Kidney	HKC8	3021	83/2624	0/1	0	0	inf
SRX4802334	TFs and others	HIF1A	Kidney	HKC8	1371	42/2624	0/1	0	0	inf
SRX4802335	TFs and others	EPAS1	Kidney	HKC8	2040	35/2624	0/1	0	0	inf
SRX4802336	TFs and others	ARNT	Kidney	HKC8	2053	36/2624	0/1	0	0	inf
SRX4802337	TFs and others	EPAS1	Kidney	HKC8	2993	55/2624	0/1	0	0	inf
SRX4802338	TFs and others	ARNT	Kidney	HKC8	1452	56/2624	0/1	0	0	inf
SRX4802339	TFs and others	HIF1A	Kidney	HKC8	1046	30/2624	0/1	0	0	inf
SRX4802340	TFs and others	ARNT	Kidney	HKC8	5475	222/2624	0/1	0	0	inf
SRX4802341	TFs and others	HIF1A	Kidney	HKC8	1115	39/2624	0/1	0	0	inf
SRX4802342	TFs and others	EPAS1	Kidney	HKC8	4152	61/2624	0/1	0	0	inf
SRX4802343	TFs and others	ARNT	Kidney	HKC8	2652	50/2624	0/1	0	0	inf
SRX4802344	TFs and others	EPAS1	Kidney	HKC8	3192	58/2624	0/1	0	0	inf
SRX4802345	TFs and others	ARNT	Kidney	HKC8	1104	44/2624	0/1	0	0	inf
SRX4802346	TFs and others	HIF1A	Kidney	HKC8	759	30/2624	0/1	0	0	inf
SRX4802347	TFs and others	HIF1A	Kidney	RCC4	1767	135/2624	0/1	0	0	inf
SRX4802348	TFs and others	HIF1A	Kidney	RCC4	1105	62/2624	0/1	0	0	inf
SRX4802349	TFs and others	EPAS1	Kidney	RCC4	1004	25/2624	0/1	0	0	inf
SRX4802350	TFs and others	EPAS1	Kidney	RCC4	954	21/2624	0/1	0	0	inf
SRX4802353	TFs and others	ARNT	Kidney	RCC4	771	32/2624	0/1	0	0	inf
SRX4802354	TFs and others	ARNT	Kidney	RCC4	878	34/2624	0/1	0	0	inf
SRX4802359	TFs and others	ARNT	Liver	Hep G2	1457	100/2624	0/1	0	0	inf
SRX4802360	TFs and others	ARNT	Liver	Hep G2	1114	79/2624	0/1	0	0	inf
SRX4802361	TFs and others	HIF1A	Liver	Hep G2	586	12/2624	0/1	0	0	inf
SRX4802362	TFs and others	HIF1A	Liver	Hep G2	2270	152/2624	0/1	0	0	inf
SRX4802363	TFs and others	EPAS1	Liver	Hep G2	1285	94/2624	0/1	0	0	inf
SRX4802364	TFs and others	EPAS1	Liver	Hep G2	856	21/2624	0/1	0	0	inf
SRX481455	TFs and others	ARRB1	Prostate	C4-2	342	2/2624	0/1	0	0	inf
SRX481456	TFs and others	ARRB1	Prostate	C4-2	290	1/2624	0/1	0	0	inf
SRX481457	TFs and others	EP300	Prostate	C4-2	6329	166/2624	0/1	0	0	inf
SRX481466	TFs and others	ARRB1	Prostate	Prostate	305	1/2624	0/1	0	0	inf
SRX481467	TFs and others	EP300	Prostate	C4-2	5300	116/2624	0/1	0	0	inf
SRX481483	TFs and others	PRKDC	Others	Fibroblasts	1128	201/2624	0/1	0	0	inf
SRX481484	TFs and others	PRKDC	Others	Fibroblasts	1291	201/2624	0/1	0	0	inf
SRX481485	TFs and others	PCGF2	Others	Fibroblasts	1207	14/2624	0/1	0	0	inf
SRX481486	TFs and others	PCGF2	Others	Fibroblasts	778	1/2624	0/1	0	0	inf
SRX4815184	TFs and others	EN1	Breast	MCF-7	9452	254/2624	0/1	0	0	inf
SRX4815185	TFs and others	EN1	Breast	SUM 149PT	850	1/2624	0/1	0	0	inf
SRX4815186	TFs and others	EN1	Breast	SUM 159PT	615	1/2624	0/1	0	0	inf
SRX4815187	TFs and others	CTNNB1	Breast	MCF-7	2129	236/2624	0/1	0	0	inf
SRX4815188	TFs and others	CTNNB1	Breast	MCF-7	2018	260/2624	0/1	0	0	inf
SRX4815189	TFs and others	CTNNB1	Breast	SUM 149PT	1516	98/2624	0/1	0	0	inf
SRX4815190	TFs and others	CTNNB1	Breast	SUM 149PT	1407	107/2624	0/1	0	0	inf
SRX4815191	TFs and others	TLE3	Breast	MCF-7	34551	314/2624	0/1	0	0	inf
SRX4815192	TFs and others	TLE3	Breast	MCF-7	35126	281/2624	0/1	0	0	inf
SRX4815193	TFs and others	TLE3	Breast	SUM 149PT	27305	619/2624	0/1	0	0	inf
SRX4815194	TFs and others	TLE3	Breast	SUM 149PT	22317	352/2624	0/1	0	0	inf
SRX4815195	TFs and others	TLE3	Breast	SUM 159PT	13024	125/2624	0/1	0	0	inf
SRX4815196	TFs and others	TLE3	Breast	SUM 159PT	11142	84/2624	0/1	0	0	inf
SRX4815197	TFs and others	FOXA1	Breast	MCF-7	76529	478/2624	0/1	0	0	inf
SRX4815198	TFs and others	FOXA1	Breast	MCF-7	103211	673/2624	0/1	0	0	inf
SRX481566	TFs and others	BRCA1	Breast	MCF 10A	602	1/2624	0/1	0	0	inf
SRX4819697	TFs and others	CTCF	Prostate	DU 145	24072	352/2624	0/1	0	0	inf
SRX4819700	TFs and others	AR	Prostate	LNCAP	12658	12/2624	0/1	0	0	inf
SRX4819826	TFs and others	MED26	Kidney	293	346	10/2624	0/1	0	0	inf
SRX4819827	TFs and others	MED26	Kidney	293	415	19/2624	0/1	0	0	inf
SRX4824359	TFs and others	AR	Prostate	22Rv1	1447	2/2624	0/1	0	0	inf
SRX4824360	TFs and others	AR	Prostate	22Rv1	27445	31/2624	0/1	0	0	inf
SRX4824361	TFs and others	AR	Prostate	22Rv1	30507	38/2624	0/1	0	0	inf
SRX4824362	TFs and others	AR	Prostate	22Rv1	3826	4/2624	0/1	0	0	inf
SRX4824363	TFs and others	AR	Prostate	22Rv1	8484	28/2624	0/1	0	0	inf
SRX4824364	TFs and others	AR	Prostate	22Rv1	15127	66/2624	0/1	0	0	inf
SRX4824365	TFs and others	AR	Prostate	22Rv1	13588	67/2624	0/1	0	0	inf
SRX4824366	TFs and others	AR	Prostate	22Rv1	12964	107/2624	0/1	0	0	inf
SRX4824367	TFs and others	BRD4	Prostate	22Rv1	7376	610/2624	0/1	0	0	inf
SRX4824375	TFs and others	ZFX	Prostate	22Rv1	2066	201/2624	0/1	0	0	inf
SRX4824376	TFs and others	ZFX	Prostate	22Rv1	7106	476/2624	0/1	0	0	inf
SRX482859	TFs and others	TBP	Blood	K-562	7128	806/2624	0/1	0	0	inf
SRX483585	TFs and others	TP53	Epidermis	GM06170	2695	21/2624	0/1	0	0	inf
SRX483591	TFs and others	TP53	Epidermis	GM00011	2263	13/2624	0/1	0	0	inf
SRX484650	TFs and others	Epitope tags	Uterus	HeLa	366	1/2624	0/1	0	0	inf
SRX4872742	TFs and others	CBX8	Blood	K-562	91	1/2624	0/1	0	0	inf
SRX4872743	TFs and others	CBX8	Blood	K-562	102	1/2624	0/1	0	0	inf
SRX4872744	TFs and others	GFP	Blood	K-562	103	1/2624	0/1	0	0	inf
SRX4872745	TFs and others	GFP	Blood	K-562	318	10/2624	0/1	0	0	inf
SRX4882227	TFs and others	HOXB8	Blood	K-562	1436	61/2624	0/1	0	0	inf
SRX488710	TFs and others	Epitope tags	Kidney	293	274	1/2624	0/1	0	0	inf
SRX488711	TFs and others	Epitope tags	Kidney	293	285	1/2624	0/1	0	0	inf
SRX488712	TFs and others	Epitope tags	Kidney	293	329	1/2624	0/1	0	0	inf
SRX488713	TFs and others	Epitope tags	Kidney	293	288	1/2624	0/1	0	0	inf
SRX488714	TFs and others	Epitope tags	Kidney	293	294	1/2624	0/1	0	0	inf
SRX488715	TFs and others	Epitope tags	Kidney	293	254	1/2624	0/1	0	0	inf
SRX488716	TFs and others	Epitope tags	Kidney	293	739	37/2624	0/1	0	0	inf
SRX488717	TFs and others	Epitope tags	Kidney	293	136	2/2624	0/1	0	0	inf
SRX488718	TFs and others	Epitope tags	Kidney	293	2782	149/2624	0/1	0	0	inf
SRX488719	TFs and others	Epitope tags	Kidney	293	218	1/2624	0/1	0	0	inf
SRX4890466	TFs and others	CTCF	Blood	Kasumi-1	24564	419/2624	0/1	0	0	inf
SRX4890467	TFs and others	CTCF	Blood	Kasumi-1	19660	370/2624	0/1	0	0	inf
SRX4890468	TFs and others	LDB1	Blood	Kasumi-1	10240	362/2624	0/1	0	0	inf
SRX4890469	TFs and others	LDB1	Blood	Kasumi-1	11896	332/2624	0/1	0	0	inf
SRX4892332	TFs and others	Epitope tags	Kidney	293	773	1/2624	0/1	0	0	inf
SRX4892333	TFs and others	Epitope tags	Kidney	293	513	1/2624	0/1	0	0	inf
SRX4892335	TFs and others	Epitope tags	Kidney	293	7305	984/2624	0/1	0	0	inf
SRX4892336	TFs and others	Epitope tags	Kidney	293	768	4/2624	0/1	0	0	inf
SRX4892337	TFs and others	Epitope tags	Kidney	293	424	1/2624	0/1	0	0	inf
SRX4892339	TFs and others	Epitope tags	Kidney	293	25651	1301/2624	0/1	0	0	inf
SRX4894934	TFs and others	RELA	Kidney	293	435	1/2624	0/1	0	0	inf
SRX4894935	TFs and others	RELA	Kidney	293	233	1/2624	0/1	0	0	inf
SRX4896695	TFs and others	RUNX1	Breast	MCF 10A	741	31/2624	0/1	0	0	inf
SRX4896696	TFs and others	RUNX1	Breast	MCF 10A	1123	5/2624	0/1	0	0	inf
SRX4896697	TFs and others	RUNX1	Breast	MCF 10A	518	9/2624	0/1	0	0	inf
SRX4901016	TFs and others	KDM1A	Blood	SET-2	401	5/2624	0/1	0	0	inf
SRX4901017	TFs and others	GFI1B	Blood	SET-2	1099	11/2624	0/1	0	0	inf
SRX4901021	TFs and others	KDM1A	Blood	SET-2	677	10/2624	0/1	0	0	inf
SRX4901022	TFs and others	GFI1B	Blood	SET-2	450	4/2624	0/1	0	0	inf
SRX4901027	TFs and others	KDM1A	Blood	SET-2	435	5/2624	0/1	0	0	inf
SRX4901028	TFs and others	GFI1B	Blood	SET-2	247	3/2624	0/1	0	0	inf
SRX4901032	TFs and others	KDM1A	Blood	SET-2	224	2/2624	0/1	0	0	inf
SRX4901033	TFs and others	GFI1B	Blood	SET-2	280	2/2624	0/1	0	0	inf
SRX490261	TFs and others	KDM6B	Epidermis	BJ	737	36/2624	0/1	0	0	inf
SRX490262	TFs and others	KDM6B	Epidermis	BJ	5790	234/2624	0/1	0	0	inf
SRX490263	TFs and others	TP53	Epidermis	BJ	497	4/2624	0/1	0	0	inf
SRX490264	TFs and others	TP53	Epidermis	BJ	1634	12/2624	0/1	0	0	inf
SRX490426	TFs and others	BRD4	Breast	MCF-7	238	1/2624	0/1	0	0	inf
SRX490427	TFs and others	BRD4	Breast	MCF-7	451	8/2624	0/1	0	0	inf
SRX490428	TFs and others	BRD4	Breast	MCF-7	103	1/2624	0/1	0	0	inf
SRX490429	TFs and others	BRD4	Breast	MCF-7	418	6/2624	0/1	0	0	inf
SRX490430	TFs and others	BRD4	Breast	MCF-7	379	2/2624	0/1	0	0	inf
SRX490431	TFs and others	BRD4	Breast	MCF-7	205	1/2624	0/1	0	0	inf
SRX490432	TFs and others	ESR1	Breast	MCF-7	334	4/2624	0/1	0	0	inf
SRX490433	TFs and others	ESR1	Breast	MCF-7	369	4/2624	0/1	0	0	inf
SRX490434	TFs and others	ESR1	Breast	MCF-7	1103	7/2624	0/1	0	0	inf
SRX490435	TFs and others	ESR1	Breast	MCF-7	157	2/2624	0/1	0	0	inf
SRX490436	TFs and others	ESR1	Breast	MCF-7	448	5/2624	0/1	0	0	inf
SRX490437	TFs and others	ESR1	Breast	MCF-7	312	4/2624	0/1	0	0	inf
SRX4905627	TFs and others	EBF1	Digestive tract	Hs 746.T	885	15/2624	0/1	0	0	inf
SRX4905629	TFs and others	EBF1	Digestive tract	YCC-11	930	3/2624	0/1	0	0	inf
SRX4909431	TFs and others	HDAC2	Breast	HCC3153	290	7/2624	0/1	0	0	inf
SRX4909432	TFs and others	HDAC2	Breast	HCC3153	156	2/2624	0/1	0	0	inf
SRX4909433	TFs and others	MTA2	Breast	HCC3153	522	5/2624	0/1	0	0	inf
SRX4909434	TFs and others	MTA2	Breast	HCC3153	287	2/2624	0/1	0	0	inf
SRX4911598	TFs and others	FOXA2	Uterus	Endometrium	1627	75/2624	0/1	0	0	inf
SRX4911599	TFs and others	FOXA2	Uterus	Endometrium	1146	71/2624	0/1	0	0	inf
SRX4911600	TFs and others	FOXA2	Uterus	Endometrium	5748	776/2624	0/1	0	0	inf
SRX4911601	TFs and others	FOXA2	Uterus	Endometrium	3896	696/2624	0/1	0	0	inf
SRX4928875	TFs and others	GFP	Uterus	HeLa	222	5/2624	0/1	0	0	inf
SRX4928876	TFs and others	GFP	Uterus	HeLa	109	3/2624	0/1	0	0	inf
SRX4928877	TFs and others	BRD9	Uterus	HeLa	356	22/2624	0/1	0	0	inf
SRX4928878	TFs and others	BRD9	Uterus	HeLa	245	20/2624	0/1	0	0	inf
SRX4931232	TFs and others	KMT2A	Kidney	293	1241	231/2624	0/1	0	0	inf
SRX4931233	TFs and others	KMT2A	Kidney	293	2274	180/2624	0/1	0	0	inf
SRX4931238	TFs and others	KMT2D	Kidney	293	2230	331/2624	0/1	0	0	inf
SRX4931244	TFs and others	KMT2A	Kidney	293	640	92/2624	0/1	0	0	inf
SRX4931247	TFs and others	KMT2A	Kidney	293	370	1/2624	0/1	0	0	inf
SRX4931248	TFs and others	KMT2A	Kidney	293	361	1/2624	0/1	0	0	inf
SRX4931253	TFs and others	KMT2A	Kidney	293	400	1/2624	0/1	0	0	inf
SRX4931254	TFs and others	KMT2A	Kidney	293	401	1/2624	0/1	0	0	inf
SRX4931256	TFs and others	KMT2A	Breast	MCF-7	283	1/2624	0/1	0	0	inf
SRX4931257	TFs and others	KMT2A	Breast	MCF-7	336	14/2624	0/1	0	0	inf
SRX4931260	TFs and others	KMT2A	Breast	MCF-7	721	106/2624	0/1	0	0	inf
SRX4931261	TFs and others	KMT2A	Breast	MCF-7	1147	101/2624	0/1	0	0	inf
SRX4931263	TFs and others	ELL2	Kidney	293	667	8/2624	0/1	0	0	inf
SRX4931265	TFs and others	ELL2	Kidney	293	547	4/2624	0/1	0	0	inf
SRX4931267	TFs and others	KMT2A	Kidney	293	302	48/2624	0/1	0	0	inf
SRX4931268	TFs and others	KMT2A	Kidney	293	319	43/2624	0/1	0	0	inf
SRX4931269	TFs and others	KMT2A	Kidney	293	1363	286/2624	0/1	0	0	inf
SRX4931273	TFs and others	AFF4	Blood	SEM	346	1/2624	0/1	0	0	inf
SRX4931274	TFs and others	ELL2	Blood	SEM	437	4/2624	0/1	0	0	inf
SRX4931276	TFs and others	AFF4	Blood	SEM	493	1/2624	0/1	0	0	inf
SRX4931277	TFs and others	ELL2	Blood	SEM	553	4/2624	0/1	0	0	inf
SRX4931281	TFs and others	AFF1	Blood	SEM	1642	84/2624	0/1	0	0	inf
SRX4937328	TFs and others	ATXN7L3	Digestive tract	HCT 116	315	7/2624	0/1	0	0	inf
SRX4937329	TFs and others	ATXN7L3	Digestive tract	HCT 116	240	1/2624	0/1	0	0	inf
SRX4937330	TFs and others	ATXN7L3	Digestive tract	HCT 116	266	1/2624	0/1	0	0	inf
SRX4937331	TFs and others	KAT2A	Digestive tract	HCT 116	531	43/2624	0/1	0	0	inf
SRX4937332	TFs and others	KAT2A	Digestive tract	HCT 116	269	1/2624	0/1	0	0	inf
SRX4937333	TFs and others	KAT2A	Digestive tract	HCT 116	298	11/2624	0/1	0	0	inf
SRX4937334	TFs and others	KAT2A	Digestive tract	HCT 116	461	36/2624	0/1	0	0	inf
SRX4937335	TFs and others	MED1	Digestive tract	HCT 116	870	106/2624	0/1	0	0	inf
SRX4937336	TFs and others	MED1	Digestive tract	HCT 116	11386	177/2624	0/1	0	0	inf
SRX4937337	TFs and others	MED1	Digestive tract	HCT 116	640	83/2624	0/1	0	0	inf
SRX4937338	TFs and others	MED1	Digestive tract	HCT 116	9134	83/2624	0/1	0	0	inf
SRX4937339	TFs and others	MED1	Digestive tract	HCT 116	430	41/2624	0/1	0	0	inf
SRX4937340	TFs and others	MED1	Digestive tract	HCT 116	11020	154/2624	0/1	0	0	inf
SRX4937341	TFs and others	MED1	Digestive tract	HCT 116	518	65/2624	0/1	0	0	inf
SRX4937342	TFs and others	MED1	Digestive tract	HCT 116	7880	43/2624	0/1	0	0	inf
SRX4937343	TFs and others	MED16	Digestive tract	HCT 116	235	1/2624	0/1	0	0	inf
SRX4937344	TFs and others	MED16	Digestive tract	HCT 116	253	1/2624	0/1	0	0	inf
SRX4937345	TFs and others	MED16	Digestive tract	HCT 116	252	2/2624	0/1	0	0	inf
SRX4937346	TFs and others	MED16	Digestive tract	HCT 116	267	1/2624	0/1	0	0	inf
SRX4937347	TFs and others	MED16	Digestive tract	HCT 116	366	5/2624	0/1	0	0	inf
SRX4937348	TFs and others	MED16	Digestive tract	HCT 116	263	1/2624	0/1	0	0	inf
SRX4937349	TFs and others	MED16	Digestive tract	HCT 116	623	14/2624	0/1	0	0	inf
SRX4937350	TFs and others	MED16	Digestive tract	HCT 116	270	1/2624	0/1	0	0	inf
SRX4937359	TFs and others	USP22	Digestive tract	HCT 116	518	1/2624	0/1	0	0	inf
SRX4937360	TFs and others	USP22	Digestive tract	HCT 116	194	1/2624	0/1	0	0	inf
SRX4937361	TFs and others	USP22	Digestive tract	HCT 116	470	1/2624	0/1	0	0	inf
SRX4937362	TFs and others	USP22	Digestive tract	HCT 116	199	1/2624	0/1	0	0	inf
SRX4941318	TFs and others	XBP1	Prostate	LNCAP	617	39/2624	0/1	0	0	inf
SRX4941319	TFs and others	XBP1	Prostate	LNCAP	975	107/2624	0/1	0	0	inf
SRX4941320	TFs and others	XBP1	Prostate	LNCAP	531	11/2624	0/1	0	0	inf
SRX4941321	TFs and others	XBP1	Prostate	LNCAP	1023	105/2624	0/1	0	0	inf
SRX4941322	TFs and others	XBP1	Prostate	LNCAP	680	51/2624	0/1	0	0	inf
SRX4941323	TFs and others	XBP1	Prostate	LNCAP	6339	719/2624	0/1	0	0	inf
SRX4941324	TFs and others	XBP1	Prostate	LNCAP	810	82/2624	0/1	0	0	inf
SRX4941325	TFs and others	XBP1	Prostate	LNCAP	5191	627/2624	0/1	0	0	inf
SRX4941326	TFs and others	XBP1	Prostate	LNCAP	1979	230/2624	0/1	0	0	inf
SRX4941327	TFs and others	XBP1	Prostate	LNCAP	636	1/2624	0/1	0	0	inf
SRX4941328	TFs and others	XBP1	Prostate	LNCAP	1876	196/2624	0/1	0	0	inf
SRX4941329	TFs and others	XBP1	Prostate	LNCAP	371	1/2624	0/1	0	0	inf
SRX4947685	TFs and others	Epitope tags	Cardiovascular	HUVEC	953	1/2624	0/1	0	0	inf
SRX4947686	TFs and others	Epitope tags	Cardiovascular	HUVEC	1294	1/2624	0/1	0	0	inf
SRX4947687	TFs and others	Epitope tags	Cardiovascular	HUVEC	940	1/2624	0/1	0	0	inf
SRX4947688	TFs and others	Epitope tags	Cardiovascular	HUVEC	1157	1/2624	0/1	0	0	inf
SRX4947691	TFs and others	Epitope tags	Cardiovascular	HUVEC	793	1/2624	0/1	0	0	inf
SRX4947692	TFs and others	Epitope tags	Cardiovascular	HUVEC	659	1/2624	0/1	0	0	inf
SRX4947693	TFs and others	Epitope tags	Cardiovascular	HUVEC	2066	1/2624	0/1	0	0	inf
SRX4947694	TFs and others	Epitope tags	Cardiovascular	HUVEC	2729	1/2624	0/1	0	0	inf
SRX4947719	TFs and others	RELA	Cardiovascular	HUVEC	297	1/2624	0/1	0	0	inf
SRX4947720	TFs and others	RELA	Cardiovascular	HUVEC	2834	80/2624	0/1	0	0	inf
SRX4947721	TFs and others	RELA	Cardiovascular	HUVEC	7154	334/2624	0/1	0	0	inf
SRX4952717	TFs and others	Epitope tags	Liver	Hep G2	410	1/2624	0/1	0	0	inf
SRX4952718	TFs and others	Epitope tags	Liver	Hep G2	389	1/2624	0/1	0	0	inf
SRX4952720	TFs and others	Epitope tags	Liver	Hep G2	268	1/2624	0/1	0	0	inf
SRX495666	TFs and others	NR3C1	Breast	MDA-MB-231	1282	1/2624	0/1	0	0	inf
SRX495667	TFs and others	NR3C1	Breast	MDA-MB-231	1122	1/2624	0/1	0	0	inf
SRX495668	TFs and others	NR3C1	Breast	MDA-MB-231	1381	1/2624	0/1	0	0	inf
SRX495669	TFs and others	NR3C1	Breast	MDA-MB-231	2059	10/2624	0/1	0	0	inf
SRX495670	TFs and others	NR3C1	Breast	MDA-MB-231	1242	1/2624	0/1	0	0	inf
SRX495671	TFs and others	NR3C1	Breast	MDA-MB-231	1071	1/2624	0/1	0	0	inf
SRX4957969	TFs and others	TERF1	Muscle	Muscle, Smooth	116	1/2624	0/1	0	0	inf
SRX4957970	TFs and others	TERF1	Kidney	293	117	1/2624	0/1	0	0	inf
SRX4957971	TFs and others	TERF2	Muscle	Muscle, Smooth	181	2/2624	0/1	0	0	inf
SRX4957972	TFs and others	TERF2	Kidney	293	149	1/2624	0/1	0	0	inf
SRX4958391	TFs and others	CTCF	Kidney	293	35212	402/2624	0/1	0	0	inf
SRX4958392	TFs and others	CTCF	Kidney	293	35052	393/2624	0/1	0	0	inf
SRX4958393	TFs and others	CTCF	Kidney	293	34593	379/2624	0/1	0	0	inf
SRX4958394	TFs and others	CTCF	Kidney	293	32754	410/2624	0/1	0	0	inf
SRX4958395	TFs and others	CTCF	Kidney	293	36436	452/2624	0/1	0	0	inf
SRX4958396	TFs and others	CTCF	Kidney	293	36385	451/2624	0/1	0	0	inf
SRX4958403	TFs and others	CTCF	Kidney	293	32590	374/2624	0/1	0	0	inf
SRX4958404	TFs and others	CTCF	Kidney	293	30383	332/2624	0/1	0	0	inf
SRX4958405	TFs and others	CTCF	Kidney	293	31469	353/2624	0/1	0	0	inf
SRX4958406	TFs and others	CTCF	Kidney	293	30503	342/2624	0/1	0	0	inf
SRX4958407	TFs and others	CTCF	Kidney	293	27257	363/2624	0/1	0	0	inf
SRX4958408	TFs and others	CTCF	Kidney	293	25359	336/2624	0/1	0	0	inf
SRX4959104	TFs and others	AHR	Pluripotent stem cell	ES cells	277	2/2624	0/1	0	0	inf
SRX4959105	TFs and others	AHR	Pluripotent stem cell	ES cells	2403	8/2624	0/1	0	0	inf
SRX4964896	TFs and others	ISL1	Digestive tract	SGC-7901	453	1/2624	0/1	0	0	inf
SRX4964897	TFs and others	ISL1	Digestive tract	SGC-7901	452	1/2624	0/1	0	0	inf
SRX4966072	TFs and others	Epitope tags	Kidney	786-O	426	1/2624	0/1	0	0	inf
SRX4966073	TFs and others	Epitope tags	Kidney	786-O	609	90/2624	0/1	0	0	inf
SRX497255	TFs and others	CTCF	Lung	BEAS-2B	3993	147/2624	0/1	0	0	inf
SRX497256	TFs and others	CTCF	Lung	BEAS-2B	12192	314/2624	0/1	0	0	inf
SRX497418	TFs and others	PRDM11	Blood	U-2932	2619	319/2624	0/1	0	0	inf
SRX497419	TFs and others	PRDM11	Blood	U-2932	135	2/2624	0/1	0	0	inf
SRX497604	TFs and others	AR	Prostate	VCaP	53115	30/2624	0/1	0	0	inf
SRX497605	TFs and others	AR	Prostate	VCaP	21920	13/2624	0/1	0	0	inf
SRX497606	TFs and others	PIAS1	Prostate	VCaP	495	2/2624	0/1	0	0	inf
SRX497607	TFs and others	PIAS1	Prostate	VCaP	473	1/2624	0/1	0	0	inf
SRX497608	TFs and others	PIAS1	Prostate	VCaP	3428	3/2624	0/1	0	0	inf
SRX497609	TFs and others	PIAS1	Prostate	VCaP	3591	3/2624	0/1	0	0	inf
SRX497610	TFs and others	FOXA1	Prostate	VCaP	58293	245/2624	0/1	0	0	inf
SRX497611	TFs and others	FOXA1	Prostate	VCaP	57190	252/2624	0/1	0	0	inf
SRX497612	TFs and others	FOXA1	Prostate	VCaP	71521	209/2624	0/1	0	0	inf
SRX497613	TFs and others	FOXA1	Prostate	VCaP	61585	164/2624	0/1	0	0	inf
SRX4976904	TFs and others	TP63	Pluripotent stem cell	hESC H9	1113	13/2624	0/1	0	0	inf
SRX4976905	TFs and others	TP63	Pluripotent stem cell	hESC H9	1902	19/2624	0/1	0	0	inf
SRX4976906	TFs and others	TP63	Pluripotent stem cell	hESC H9	642	7/2624	0/1	0	0	inf
SRX4976907	TFs and others	TP63	Pluripotent stem cell	hESC H9	1950	22/2624	0/1	0	0	inf
SRX4976908	TFs and others	TP63	Epidermis	Keratinocytes	2142	15/2624	0/1	0	0	inf
SRX4976909	TFs and others	TP63	Epidermis	Keratinocytes	21740	71/2624	0/1	0	0	inf
SRX4988302	TFs and others	SVS-1	Lung	A549	2018	1/2624	0/1	0	0	inf
SRX4988303	TFs and others	SVS-1	Lung	A549	1909	1/2624	0/1	0	0	inf
SRX4990371	TFs and others	ASCL1	Neural	KELLY	1697	45/2624	0/1	0	0	inf
SRX4994038	TFs and others	Epitope tags	Kidney	293	536	3/2624	0/1	0	0	inf
SRX4994040	TFs and others	Epitope tags	Kidney	293	368	4/2624	0/1	0	0	inf
SRX4994042	TFs and others	Epitope tags	Kidney	293	417	2/2624	0/1	0	0	inf
SRX4996447	TFs and others	HNRNPK	Epidermis	Keratinocytes	542	1/2624	0/1	0	0	inf
SRX4996448	TFs and others	HNRNPK	Epidermis	Keratinocytes	774	1/2624	0/1	0	0	inf
SRX4996449	TFs and others	HNRNPK	Epidermis	Keratinocytes	661	1/2624	0/1	0	0	inf
SRX4998036	TFs and others	Epitope tags	Blood	HL-60	823	1/2624	0/1	0	0	inf
SRX5001377	TFs and others	TEAD4	Epidermis	BJ	769	17/2624	0/1	0	0	inf
SRX5001394	TFs and others	CTCF	Bone	HT-1080	45587	474/2624	0/1	0	0	inf
SRX5001395	TFs and others	CTCF	Bone	HT-1080	29556	387/2624	0/1	0	0	inf
SRX5001396	TFs and others	CTCF	Bone	HT-1080	52467	528/2624	0/1	0	0	inf
SRX5001397	TFs and others	CTCF	Bone	HT-1080	30129	392/2624	0/1	0	0	inf
SRX5007090	TFs and others	BCL11B	Blood	PBMC	2221	152/2624	0/1	0	0	inf
SRX5007091	TFs and others	BCL11B	Blood	PBMC	2916	264/2624	0/1	0	0	inf
SRX5010966	TFs and others	BCOR	Prostate	VCaP	12090	126/2624	0/1	0	0	inf
SRX5010967	TFs and others	BCOR	Prostate	VCaP	16912	64/2624	0/1	0	0	inf
SRX5010968	TFs and others	BCOR	Prostate	VCaP	37781	329/2624	0/1	0	0	inf
SRX5020208	TFs and others	SMARCA2	Neural	Neural progenitor cells	147	1/2624	0/1	0	0	inf
SRX5020211	TFs and others	SMARCA2	Neural	Neural progenitor cells	2745	35/2624	0/1	0	0	inf
SRX5020214	TFs and others	SMARCA2	Neural	Neural progenitor cells	1304	29/2624	0/1	0	0	inf
SRX502054	TFs and others	AR	Prostate	Prostate	894	3/2624	0/1	0	0	inf
SRX502055	TFs and others	AR	Prostate	Prostate cancer	5832	10/2624	0/1	0	0	inf
SRX502056	TFs and others	AR	Prostate	Prostate	930	4/2624	0/1	0	0	inf
SRX502057	TFs and others	AR	Prostate	Prostate cancer	4433	6/2624	0/1	0	0	inf
SRX502058	TFs and others	AR	Prostate	Prostate	480	5/2624	0/1	0	0	inf
SRX502059	TFs and others	AR	Prostate	Prostate cancer	6685	14/2624	0/1	0	0	inf
SRX502060	TFs and others	AR	Prostate	Prostate	1183	7/2624	0/1	0	0	inf
SRX502061	TFs and others	AR	Prostate	Prostate	433	13/2624	0/1	0	0	inf
SRX502062	TFs and others	AR	Prostate	Prostate cancer	1175	4/2624	0/1	0	0	inf
SRX502063	TFs and others	AR	Prostate	Prostate cancer	13407	172/2624	0/1	0	0	inf
SRX502064	TFs and others	AR	Prostate	Prostate	1310	6/2624	0/1	0	0	inf
SRX502065	TFs and others	AR	Prostate	Prostate cancer	4996	11/2624	0/1	0	0	inf
SRX502066	TFs and others	AR	Prostate	Prostate cancer	3089	5/2624	0/1	0	0	inf
SRX502067	TFs and others	AR	Prostate	Prostate cancer	4481	12/2624	0/1	0	0	inf
SRX502068	TFs and others	AR	Prostate	Prostate	317	2/2624	0/1	0	0	inf
SRX502069	TFs and others	AR	Prostate	Prostate cancer	3081	5/2624	0/1	0	0	inf
SRX502070	TFs and others	AR	Prostate	Prostate cancer	16719	83/2624	0/1	0	0	inf
SRX502071	TFs and others	AR	Prostate	Prostate cancer	2204	9/2624	0/1	0	0	inf
SRX502072	TFs and others	AR	Prostate	Prostate cancer	8326	14/2624	0/1	0	0	inf
SRX502073	TFs and others	AR	Prostate	Prostate cancer	9650	15/2624	0/1	0	0	inf
SRX5025671	TFs and others	BRCA1	Neural	SH-EP	261	2/2624	0/1	0	0	inf
SRX5025672	TFs and others	BRCA1	Neural	SH-EP	224	2/2624	0/1	0	0	inf
SRX5025673	TFs and others	BRCA1	Neural	SH-EP	578	36/2624	0/1	0	0	inf
SRX5025674	TFs and others	BRCA1	Neural	SH-EP	393	1/2624	0/1	0	0	inf
SRX5025675	TFs and others	BRCA1	Neural	SH-EP	1411	69/2624	0/1	0	0	inf
SRX5025678	TFs and others	DCP1A	Neural	SH-EP	318	28/2624	0/1	0	0	inf
SRX5025680	TFs and others	DCP1A	Neural	SH-EP	205	14/2624	0/1	0	0	inf
SRX5025681	TFs and others	DCP1A	Neural	SH-EP	155	3/2624	0/1	0	0	inf
SRX5025684	TFs and others	MYCN	Neural	SH-EP	1661	115/2624	0/1	0	0	inf
SRX5025689	TFs and others	MYCN	Neural	SH-EP	489	1/2624	0/1	0	0	inf
SRX5025690	TFs and others	MYCN	Neural	SH-EP	529	1/2624	0/1	0	0	inf
SRX5025691	TFs and others	MYCN	Neural	SH-EP	534	1/2624	0/1	0	0	inf
SRX5025692	TFs and others	MYCN	Neural	SH-EP	605	8/2624	0/1	0	0	inf
SRX5026354	TFs and others	BRD4	Adipocyte	402-91	761	18/2624	0/1	0	0	inf
SRX502808	TFs and others	HIRA	Lung	IMR-90	747	5/2624	0/1	0	0	inf
SRX502810	TFs and others	HIRA	Lung	IMR-90	667	6/2624	0/1	0	0	inf
SRX502812	TFs and others	HIRA	Lung	IMR-90	1931	7/2624	0/1	0	0	inf
SRX502814	TFs and others	HIRA	Lung	IMR-90	2153	3/2624	0/1	0	0	inf
SRX503323	TFs and others	KSHV LANA	Kidney	iSLK	607	1/2624	0/1	0	0	inf
SRX503324	TFs and others	KSHV LANA	Kidney	iSLK	657	2/2624	0/1	0	0	inf
SRX503325	TFs and others	KSHV LANA	Kidney	iSLK	820	1/2624	0/1	0	0	inf
SRX503326	TFs and others	KSHV LANA	Kidney	iSLK	879	3/2624	0/1	0	0	inf
SRX503327	TFs and others	KSHV LANA	Kidney	iSLK	575	1/2624	0/1	0	0	inf
SRX503328	TFs and others	KSHV LANA	Kidney	iSLK	546	3/2624	0/1	0	0	inf
SRX503329	TFs and others	KSHV LANA	Kidney	iSLK	453	1/2624	0/1	0	0	inf
SRX503330	TFs and others	KSHV LANA	Kidney	iSLK	619	3/2624	0/1	0	0	inf
SRX503331	TFs and others	KSHV LANA	Others	LEC	435	1/2624	0/1	0	0	inf
SRX503332	TFs and others	KSHV LANA	Others	LEC	1054	62/2624	0/1	0	0	inf
SRX503333	TFs and others	KSHV LANA	Others	LEC	493	1/2624	0/1	0	0	inf
SRX503334	TFs and others	KSHV LANA	Others	LEC	714	9/2624	0/1	0	0	inf
SRX503335	TFs and others	KSHV LANA	Cardiovascular	BEC	375	1/2624	0/1	0	0	inf
SRX503336	TFs and others	KSHV LANA	Cardiovascular	BEC	498	1/2624	0/1	0	0	inf
SRX503337	TFs and others	KSHV LANA	Blood	BJAB	438	1/2624	0/1	0	0	inf
SRX503338	TFs and others	KSHV LANA	Blood	BJAB	502	2/2624	0/1	0	0	inf
SRX503339	TFs and others	KSHV LANA	Blood	BCBL1	336	1/2624	0/1	0	0	inf
SRX503340	TFs and others	KSHV LANA	Blood	BCBL1	453	1/2624	0/1	0	0	inf
SRX503341	TFs and others	KSHV LANA	Blood	BCBL1	445	1/2624	0/1	0	0	inf
SRX5054307	TFs and others	FOSL2	Neural	Neural progenitor cells	1911	342/2624	0/1	0	0	inf
SRX5054308	TFs and others	FOSL2	Neural	Neural progenitor cells	19651	212/2624	0/1	0	0	inf
SRX5054309	TFs and others	FOSL2	Neural	Neural progenitor cells	25677	231/2624	0/1	0	0	inf
SRX5057607	TFs and others	Epitope tags	Breast	T-47D	305	2/2624	0/1	0	0	inf
SRX5057608	TFs and others	Epitope tags	Breast	T-47D	341	2/2624	0/1	0	0	inf
SRX5057609	TFs and others	GATA3	Breast	T-47D	295	2/2624	0/1	0	0	inf
SRX5057610	TFs and others	GATA3	Breast	T-47D	761	12/2624	0/1	0	0	inf
SRX5057611	TFs and others	GATA3	Breast	T-47D	268	2/2624	0/1	0	0	inf
SRX5057612	TFs and others	GATA3	Breast	T-47D	440	3/2624	0/1	0	0	inf
SRX5057613	TFs and others	GATA3	Breast	T-47D	287	2/2624	0/1	0	0	inf
SRX5057614	TFs and others	GATA3	Breast	T-47D	353	1/2624	0/1	0	0	inf
SRX5057615	TFs and others	Epitope tags	Breast	T-47D	360	1/2624	0/1	0	0	inf
SRX5057616	TFs and others	Epitope tags	Breast	T-47D	366	2/2624	0/1	0	0	inf
SRX5057617	TFs and others	Epitope tags	Breast	T-47D	391	1/2624	0/1	0	0	inf
SRX5057618	TFs and others	Epitope tags	Breast	T-47D	269	1/2624	0/1	0	0	inf
SRX5057619	TFs and others	GATA3	Breast	T-47D	344	1/2624	0/1	0	0	inf
SRX5057620	TFs and others	GATA3	Breast	T-47D	1113	9/2624	0/1	0	0	inf
SRX5057621	TFs and others	GATA3	Breast	T-47D	363	1/2624	0/1	0	0	inf
SRX5057622	TFs and others	GATA3	Breast	T-47D	1025	7/2624	0/1	0	0	inf
SRX5057623	TFs and others	GATA3	Breast	T-47D	370	2/2624	0/1	0	0	inf
SRX5057624	TFs and others	GATA3	Breast	T-47D	767	7/2624	0/1	0	0	inf
SRX5057625	TFs and others	GATA3	Breast	T-47D	411	3/2624	0/1	0	0	inf
SRX5057626	TFs and others	GATA3	Breast	T-47D	529	4/2624	0/1	0	0	inf
SRX5057627	TFs and others	GATA3	Breast	T-47D	410	2/2624	0/1	0	0	inf
SRX5057628	TFs and others	GATA3	Breast	T-47D	418	2/2624	0/1	0	0	inf
SRX5057629	TFs and others	GATA3	Breast	T-47D	458	2/2624	0/1	0	0	inf
SRX5057630	TFs and others	GATA3	Breast	T-47D	394	1/2624	0/1	0	0	inf
SRX5057631	TFs and others	GATA3	Breast	T-47D	4180	28/2624	0/1	0	0	inf
SRX5057632	TFs and others	GATA3	Breast	MCF-7	28970	95/2624	0/1	0	0	inf
SRX5060887	TFs and others	AR	Prostate	LNCAP	672	1/2624	0/1	0	0	inf
SRX5060888	TFs and others	AR	Prostate	LNCAP	12787	13/2624	0/1	0	0	inf
SRX5060889	TFs and others	AR	Prostate	LNCAP	443	1/2624	0/1	0	0	inf
SRX5060890	TFs and others	AR	Prostate	LNCAP	2917	4/2624	0/1	0	0	inf
SRX5062475	TFs and others	SUPT5H	Bone	U2OS	6974	762/2624	0/1	0	0	inf
SRX5062476	TFs and others	SUPT5H	Bone	U2OS	3146	277/2624	0/1	0	0	inf
SRX5062484	TFs and others	SUPT5H	Bone	U2OS	1217	66/2624	0/1	0	0	inf
SRX5062485	TFs and others	SUPT5H	Bone	U2OS	647	11/2624	0/1	0	0	inf
SRX5062486	TFs and others	Epitope tags	Blood	Jurkat	1819	14/2624	0/1	0	0	inf
SRX5062487	TFs and others	Epitope tags	Blood	Jurkat	1739	12/2624	0/1	0	0	inf
SRX5062488	TFs and others	Epitope tags	Blood	Jurkat	1384	1/2624	0/1	0	0	inf
SRX5062489	TFs and others	Epitope tags	Blood	Jurkat	1417	1/2624	0/1	0	0	inf
SRX5064668	TFs and others	MECP2	Neural	SH-SY5Y	1041	1/2624	0/1	0	0	inf
SRX5064669	TFs and others	MECP2	Neural	SH-SY5Y	953	1/2624	0/1	0	0	inf
SRX5064670	TFs and others	MECP2	Neural	SH-SY5Y	592	1/2624	0/1	0	0	inf
SRX5064671	TFs and others	MECP2	Neural	SH-SY5Y	620	1/2624	0/1	0	0	inf
SRX5068571	TFs and others	SMARCC1	Gonad	BIN-67	2351	147/2624	0/1	0	0	inf
SRX5068572	TFs and others	DPF2	Gonad	BIN-67	3868	100/2624	0/1	0	0	inf
SRX5068573	TFs and others	KMT2C	Gonad	BIN-67	1638	133/2624	0/1	0	0	inf
SRX5068574	TFs and others	KMT2C	Gonad	BIN-67	2133	52/2624	0/1	0	0	inf
SRX5068575	TFs and others	KMT2C	Gonad	BIN-67	178	3/2624	0/1	0	0	inf
SRX5068576	TFs and others	KMT2D	Gonad	BIN-67	3503	507/2624	0/1	0	0	inf
SRX5068577	TFs and others	KMT2D	Gonad	BIN-67	2782	110/2624	0/1	0	0	inf
SRX5068578	TFs and others	KMT2D	Gonad	BIN-67	1011	46/2624	0/1	0	0	inf
SRX5075169	TFs and others	SMARCA4	Neural	Neural progenitor cells	27807	385/2624	0/1	0	0	inf
SRX5075170	TFs and others	SMARCA4	Neural	Neural progenitor cells	39820	1081/2624	0/1	0	0	inf
SRX5075175	TFs and others	SMARCA4	Neural	Neural progenitor cells	20774	299/2624	0/1	0	0	inf
SRX5075180	TFs and others	SMARCA2	Neural	Neural progenitor cells	168	1/2624	0/1	0	0	inf
SRX5075181	TFs and others	SMARCA2	Neural	Neural progenitor cells	732	12/2624	0/1	0	0	inf
SRX5075182	TFs and others	SMARCA2	Neural	Neural progenitor cells	319	5/2624	0/1	0	0	inf
SRX5076290	TFs and others	ZBTB7A	Prostate	VCaP	444	15/2624	0/1	0	0	inf
SRX5076291	TFs and others	ZBTB7A	Prostate	VCaP	439	13/2624	0/1	0	0	inf
SRX5076292	TFs and others	ZBTB7A	Prostate	VCaP	133	6/2624	0/1	0	0	inf
SRX5076293	TFs and others	ZBTB7A	Prostate	VCaP	137	4/2624	0/1	0	0	inf
SRX5076294	TFs and others	ZBTB7A	Prostate	VCaP	963	66/2624	0/1	0	0	inf
SRX5077398	TFs and others	BRD4	Liver	Hep G2	504	6/2624	0/1	0	0	inf
SRX5077399	TFs and others	CEBPB	Liver	Hep G2	1212	20/2624	0/1	0	0	inf
SRX5077401	TFs and others	BRD4	Liver	Hep G2	521	1/2624	0/1	0	0	inf
SRX5077402	TFs and others	CEBPB	Liver	Hep G2	778	15/2624	0/1	0	0	inf
SRX5088243	TFs and others	NCOA2	Uterus	Endometrial stromal cells	193	1/2624	0/1	0	0	inf
SRX5089376	TFs and others	ARID1A	Breast	MCF-7	20148	261/2624	0/1	0	0	inf
SRX5089377	TFs and others	ARID1A	Breast	MCF-7	9207	113/2624	0/1	0	0	inf
SRX5089378	TFs and others	ARID1A	Breast	MCF-7	517	1/2624	0/1	0	0	inf
SRX5089379	TFs and others	ARID1A	Breast	MCF-7	19409	422/2624	0/1	0	0	inf
SRX5089380	TFs and others	ARID1A	Breast	MCF-7	9034	142/2624	0/1	0	0	inf
SRX5089381	TFs and others	ARID1A	Breast	MCF-7	8907	165/2624	0/1	0	0	inf
SRX5089382	TFs and others	ARID1A	Breast	MCF-7	16714	251/2624	0/1	0	0	inf
SRX5089383	TFs and others	ARID1A	Breast	MCF-7	7209	124/2624	0/1	0	0	inf
SRX5089384	TFs and others	ARID1A	Breast	MCF-7	406	1/2624	0/1	0	0	inf
SRX5089385	TFs and others	ARID1A	Breast	MCF-7	15778	295/2624	0/1	0	0	inf
SRX5089386	TFs and others	ARID1A	Breast	MCF-7	4586	53/2624	0/1	0	0	inf
SRX5089387	TFs and others	ARID1A	Breast	MCF-7	586	6/2624	0/1	0	0	inf
SRX5089388	TFs and others	ARID1A	Breast	MCF-7	14663	146/2624	0/1	0	0	inf
SRX5089389	TFs and others	ARID1A	Breast	MCF-7	1027	11/2624	0/1	0	0	inf
SRX5089390	TFs and others	ARID1A	Breast	MCF-7	12064	464/2624	0/1	0	0	inf
SRX5089391	TFs and others	ARID1A	Breast	MCF-7	13044	202/2624	0/1	0	0	inf
SRX5089393	TFs and others	ARID1A	Breast	MCF-7	2796	34/2624	0/1	0	0	inf
SRX5089394	TFs and others	ARID1A	Breast	MCF-7	1215	5/2624	0/1	0	0	inf
SRX5089407	TFs and others	SMARCA4	Breast	MCF-7	2336	48/2624	0/1	0	0	inf
SRX5089408	TFs and others	SMARCA4	Breast	MCF-7	2633	65/2624	0/1	0	0	inf
SRX5089409	TFs and others	SMARCA4	Breast	MCF-7	224	8/2624	0/1	0	0	inf
SRX5089410	TFs and others	SMARCA4	Breast	MCF-7	6176	132/2624	0/1	0	0	inf
SRX5089411	TFs and others	SMARCA4	Breast	MCF-7	1867	42/2624	0/1	0	0	inf
SRX5089412	TFs and others	SMARCA4	Breast	MCF-7	1479	48/2624	0/1	0	0	inf
SRX5089413	TFs and others	SMARCA4	Breast	MCF-7	4832	99/2624	0/1	0	0	inf
SRX5089414	TFs and others	SMARCA4	Breast	MCF-7	3609	89/2624	0/1	0	0	inf
SRX5089415	TFs and others	SMARCA4	Breast	MCF-7	2066	68/2624	0/1	0	0	inf
SRX5089417	TFs and others	SMARCA4	Breast	MCF-7	5394	128/2624	0/1	0	0	inf
SRX5089418	TFs and others	SMARCA4	Breast	MCF-7	3423	85/2624	0/1	0	0	inf
SRX5089419	TFs and others	SMARCA4	Breast	MCF-7	1043	34/2624	0/1	0	0	inf
SRX5089420	TFs and others	SMARCA4	Breast	MCF-7	5069	82/2624	0/1	0	0	inf
SRX5089421	TFs and others	SMARCA4	Breast	MCF-7	1943	33/2624	0/1	0	0	inf
SRX5089422	TFs and others	SMARCA4	Breast	MCF-7	11116	189/2624	0/1	0	0	inf
SRX5089423	TFs and others	SMARCA4	Breast	MCF-7	2925	54/2624	0/1	0	0	inf
SRX5089424	TFs and others	SMARCA4	Breast	MCF-7	3864	85/2624	0/1	0	0	inf
SRX5089425	TFs and others	SMARCA4	Breast	MCF-7	4630	110/2624	0/1	0	0	inf
SRX5089426	TFs and others	SMARCB1	Breast	MCF-7	690	9/2624	0/1	0	0	inf
SRX5089427	TFs and others	SMARCB1	Breast	MCF-7	4038	72/2624	0/1	0	0	inf
SRX5089428	TFs and others	SMARCB1	Breast	MCF-7	997	21/2624	0/1	0	0	inf
SRX5089429	TFs and others	SMARCB1	Breast	MCF-7	4880	81/2624	0/1	0	0	inf
SRX5089430	TFs and others	SMARCB1	Breast	MCF-7	7979	132/2624	0/1	0	0	inf
SRX5089431	TFs and others	SMARCB1	Breast	MCF-7	2620	42/2624	0/1	0	0	inf
SRX5089432	TFs and others	SMARCB1	Breast	MCF-7	820	15/2624	0/1	0	0	inf
SRX5089433	TFs and others	SMARCB1	Breast	MCF-7	4215	70/2624	0/1	0	0	inf
SRX5089434	TFs and others	SMARCB1	Breast	MCF-7	1146	26/2624	0/1	0	0	inf
SRX5089435	TFs and others	SMARCB1	Breast	MCF-7	2202	38/2624	0/1	0	0	inf
SRX5089436	TFs and others	SMARCB1	Breast	MCF-7	2321	39/2624	0/1	0	0	inf
SRX5089437	TFs and others	SMARCB1	Breast	MCF-7	1184	18/2624	0/1	0	0	inf
SRX5089438	TFs and others	SMARCB1	Breast	MCF-7	1859	25/2624	0/1	0	0	inf
SRX5089439	TFs and others	SMARCB1	Breast	MCF-7	3837	62/2624	0/1	0	0	inf
SRX5089440	TFs and others	SMARCB1	Breast	MCF-7	3676	46/2624	0/1	0	0	inf
SRX5089441	TFs and others	SMARCB1	Breast	MCF-7	4183	54/2624	0/1	0	0	inf
SRX5089443	TFs and others	SMARCB1	Breast	MCF-7	3874	70/2624	0/1	0	0	inf
SRX5089444	TFs and others	SMARCB1	Breast	MCF-7	7815	123/2624	0/1	0	0	inf
SRX5089445	TFs and others	ESR1	Breast	MCF-7	11563	121/2624	0/1	0	0	inf
SRX5089446	TFs and others	ESR1	Breast	MCF-7	9623	107/2624	0/1	0	0	inf
SRX5089447	TFs and others	ESR1	Breast	MCF-7	16004	154/2624	0/1	0	0	inf
SRX5089448	TFs and others	ESR1	Breast	MCF-7	11840	125/2624	0/1	0	0	inf
SRX5089449	TFs and others	ESR1	Breast	MCF-7	14206	151/2624	0/1	0	0	inf
SRX5089450	TFs and others	ESR1	Breast	MCF-7	17784	191/2624	0/1	0	0	inf
SRX5089451	TFs and others	ESR1	Breast	MCF-7	12992	231/2624	0/1	0	0	inf
SRX5089452	TFs and others	ESR1	Breast	MCF-7	4968	88/2624	0/1	0	0	inf
SRX5089453	TFs and others	ESR1	Breast	MCF-7	2759	42/2624	0/1	0	0	inf
SRX5089454	TFs and others	ESR1	Breast	MCF-7	10900	233/2624	0/1	0	0	inf
SRX5089455	TFs and others	ESR1	Breast	MCF-7	4423	162/2624	0/1	0	0	inf
SRX5089456	TFs and others	ESR1	Breast	MCF-7	9009	220/2624	0/1	0	0	inf
SRX5089457	TFs and others	ESR1	Breast	MCF-7	6226	85/2624	0/1	0	0	inf
SRX5089458	TFs and others	ESR1	Breast	MCF-7	10334	179/2624	0/1	0	0	inf
SRX5089459	TFs and others	ESR1	Breast	MCF-7	10386	183/2624	0/1	0	0	inf
SRX5089460	TFs and others	ESR1	Breast	MCF-7	4437	62/2624	0/1	0	0	inf
SRX5089461	TFs and others	ESR1	Breast	MCF-7	7711	97/2624	0/1	0	0	inf
SRX5089462	TFs and others	ESR1	Breast	MCF-7	13687	269/2624	0/1	0	0	inf
SRX5089495	TFs and others	HDAC1	Breast	MCF-7	974	100/2624	0/1	0	0	inf
SRX5089496	TFs and others	HDAC1	Breast	MCF-7	243	5/2624	0/1	0	0	inf
SRX5089497	TFs and others	HDAC1	Breast	MCF-7	5681	579/2624	0/1	0	0	inf
SRX5089498	TFs and others	HDAC1	Breast	MCF-7	5499	597/2624	0/1	0	0	inf
SRX5089499	TFs and others	HDAC1	Breast	MCF-7	1001	106/2624	0/1	0	0	inf
SRX5089500	TFs and others	HDAC1	Breast	MCF-7	6133	673/2624	0/1	0	0	inf
SRX5089501	TFs and others	HDAC1	Breast	MCF-7	362	2/2624	0/1	0	0	inf
SRX5089502	TFs and others	HDAC1	Breast	MCF-7	386	1/2624	0/1	0	0	inf
SRX5089503	TFs and others	HDAC1	Breast	MCF-7	4724	603/2624	0/1	0	0	inf
SRX5089504	TFs and others	HDAC1	Breast	MCF-7	755	70/2624	0/1	0	0	inf
SRX5089505	TFs and others	HDAC1	Breast	MCF-7	367	1/2624	0/1	0	0	inf
SRX5089506	TFs and others	HDAC1	Breast	MCF-7	575	31/2624	0/1	0	0	inf
SRX5089507	TFs and others	HDAC1	Breast	MCF-7	1786	163/2624	0/1	0	0	inf
SRX5089508	TFs and others	HDAC1	Breast	MCF-7	309	1/2624	0/1	0	0	inf
SRX5089509	TFs and others	HDAC1	Breast	MCF-7	3725	281/2624	0/1	0	0	inf
SRX5089510	TFs and others	HDAC1	Breast	MCF-7	663	38/2624	0/1	0	0	inf
SRX5089511	TFs and others	HDAC1	Breast	MCF-7	1053	83/2624	0/1	0	0	inf
SRX5089512	TFs and others	HDAC1	Breast	MCF-7	1123	71/2624	0/1	0	0	inf
SRX5089513	TFs and others	SMARCA4	Breast	MCF-7	3582	62/2624	0/1	0	0	inf
SRX5089514	TFs and others	SMARCA4	Breast	MCF-7	272	1/2624	0/1	0	0	inf
SRX5089515	TFs and others	SMARCA4	Breast	MCF-7	4558	100/2624	0/1	0	0	inf
SRX5089516	TFs and others	SMARCA4	Breast	MCF-7	3273	63/2624	0/1	0	0	inf
SRX5089517	TFs and others	SMARCA4	Breast	MCF-7	2933	79/2624	0/1	0	0	inf
SRX5089518	TFs and others	SMARCA4	Breast	MCF-7	416	1/2624	0/1	0	0	inf
SRX5089519	TFs and others	SMARCA4	Breast	MCF-7	332	1/2624	0/1	0	0	inf
SRX5089520	TFs and others	SMARCA4	Breast	MCF-7	636	37/2624	0/1	0	0	inf
SRX5089522	TFs and others	SMARCA4	Breast	MCF-7	598	17/2624	0/1	0	0	inf
SRX5089523	TFs and others	SMARCA4	Breast	MCF-7	344	1/2624	0/1	0	0	inf
SRX5089524	TFs and others	SMARCA4	Breast	MCF-7	627	17/2624	0/1	0	0	inf
SRX5089525	TFs and others	SMARCA4	Breast	MCF-7	1339	39/2624	0/1	0	0	inf
SRX5089526	TFs and others	SMARCA4	Breast	MCF-7	291	1/2624	0/1	0	0	inf
SRX5089527	TFs and others	SMARCA4	Breast	MCF-7	1412	52/2624	0/1	0	0	inf
SRX5089528	TFs and others	SMARCA4	Breast	MCF-7	976	15/2624	0/1	0	0	inf
SRX5089529	TFs and others	SMARCA4	Breast	MCF-7	654	31/2624	0/1	0	0	inf
SRX5089530	TFs and others	SMARCA4	Breast	MCF-7	1533	34/2624	0/1	0	0	inf
SRX5089531	TFs and others	ARID2	Breast	MCF-7	5817	73/2624	0/1	0	0	inf
SRX5089532	TFs and others	ARID2	Breast	MCF-7	1219	9/2624	0/1	0	0	inf
SRX5089533	TFs and others	ARID2	Breast	MCF-7	2419	25/2624	0/1	0	0	inf
SRX5089534	TFs and others	ARID2	Breast	MCF-7	6013	58/2624	0/1	0	0	inf
SRX5089535	TFs and others	ARID2	Breast	MCF-7	1071	9/2624	0/1	0	0	inf
SRX5089536	TFs and others	ARID2	Breast	MCF-7	1986	26/2624	0/1	0	0	inf
SRX5089537	TFs and others	ARID2	Breast	MCF-7	298	1/2624	0/1	0	0	inf
SRX5089538	TFs and others	ARID2	Breast	MCF-7	421	1/2624	0/1	0	0	inf
SRX5089539	TFs and others	ARID2	Breast	MCF-7	395	1/2624	0/1	0	0	inf
SRX5089540	TFs and others	ARID2	Breast	MCF-7	451	1/2624	0/1	0	0	inf
SRX5089541	TFs and others	ARID2	Breast	MCF-7	368	1/2624	0/1	0	0	inf
SRX5089542	TFs and others	ARID2	Breast	MCF-7	361	1/2624	0/1	0	0	inf
SRX5089543	TFs and others	ARID2	Breast	MCF-7	948	10/2624	0/1	0	0	inf
SRX5089544	TFs and others	ARID2	Breast	MCF-7	434	1/2624	0/1	0	0	inf
SRX5089545	TFs and others	ARID2	Breast	MCF-7	287	1/2624	0/1	0	0	inf
SRX5089546	TFs and others	ARID2	Breast	MCF-7	1384	11/2624	0/1	0	0	inf
SRX5089547	TFs and others	ARID2	Breast	MCF-7	374	1/2624	0/1	0	0	inf
SRX5089549	TFs and others	ARID2	Breast	MCF-7	428	14/2624	0/1	0	0	inf
SRX5089550	TFs and others	BRD4	Breast	MCF-7	1529	25/2624	0/1	0	0	inf
SRX5089551	TFs and others	BRD4	Breast	MCF-7	9212	400/2624	0/1	0	0	inf
SRX5089552	TFs and others	BRD4	Breast	MCF-7	1960	36/2624	0/1	0	0	inf
SRX5089553	TFs and others	BRD4	Breast	MCF-7	684	9/2624	0/1	0	0	inf
SRX5089554	TFs and others	BRD4	Breast	MCF-7	10139	367/2624	0/1	0	0	inf
SRX5089555	TFs and others	BRD4	Breast	MCF-7	3459	79/2624	0/1	0	0	inf
SRX5089556	TFs and others	BRD4	Breast	MCF-7	3322	97/2624	0/1	0	0	inf
SRX5089557	TFs and others	BRD4	Breast	MCF-7	15111	972/2624	0/1	0	0	inf
SRX5089558	TFs and others	BRD4	Breast	MCF-7	2199	51/2624	0/1	0	0	inf
SRX5089559	TFs and others	BRD4	Breast	MCF-7	3502	96/2624	0/1	0	0	inf
SRX5089560	TFs and others	BRD4	Breast	MCF-7	5713	165/2624	0/1	0	0	inf
SRX5089561	TFs and others	BRD4	Breast	MCF-7	4319	132/2624	0/1	0	0	inf
SRX5089776	TFs and others	EGR1	Blood	OCI-LY-10	634	23/2624	0/1	0	0	inf
SRX5089777	TFs and others	EGR1	Blood	OCI-LY-10	436	3/2624	0/1	0	0	inf
SRX5089778	TFs and others	EGR1	Blood	TMD8	1008	62/2624	0/1	0	0	inf
SRX5089783	TFs and others	SATB1	Breast	MCF 10A	14213	2/2624	0/1	0	0	inf
SRX5089784	TFs and others	SATB1	Breast	MCF 10A	15302	2/2624	0/1	0	0	inf
SRX5089785	TFs and others	SATB1	Breast	MCF 10A	18651	2/2624	0/1	0	0	inf
SRX5089786	TFs and others	SATB1	Breast	MCF 10A	946	1/2624	0/1	0	0	inf
SRX5095870	TFs and others	SPI1	Blood	Dendritic Cells	210	1/2624	0/1	0	0	inf
SRX5095871	TFs and others	SPI1	Blood	Dendritic Cells	3068	8/2624	0/1	0	0	inf
SRX5099496	TFs and others	STAT3	Blood	TMD8	1832	31/2624	0/1	0	0	inf
SRX5099497	TFs and others	STAT3	Blood	TMD8	424	2/2624	0/1	0	0	inf
SRX5099498	TFs and others	STAT3	Blood	B cells	2571	113/2624	0/1	0	0	inf
SRX5099499	TFs and others	STAT3	Blood	B cells	336	1/2624	0/1	0	0	inf
SRX5102886	TFs and others	GFP	Blood	K-562	389	50/2624	0/1	0	0	inf
SRX5102887	TFs and others	GFP	Blood	K-562	49	4/2624	0/1	0	0	inf
SRX5123054	TFs and others	POU2F1	Digestive tract	HCT 116	2949	378/2624	0/1	0	0	inf
SRX5123055	TFs and others	POU2F1	Digestive tract	HCT 116	1334	14/2624	0/1	0	0	inf
SRX5123056	TFs and others	POU2F1	Digestive tract	HCT 116	1277	5/2624	0/1	0	0	inf
SRX512366	TFs and others	Epitope tags	Epidermis	Dermal fibroblast	26557	1154/2624	0/1	0	0	inf
SRX512367	TFs and others	Epitope tags	Epidermis	Dermal fibroblast	9069	93/2624	0/1	0	0	inf
SRX512369	TFs and others	POU5F1	Pluripotent stem cell	iPS cells	3097	9/2624	0/1	0	0	inf
SRX512370	TFs and others	SOX2	Pluripotent stem cell	iPS cells	10580	93/2624	0/1	0	0	inf
SRX512371	TFs and others	KLF4	Pluripotent stem cell	iPS cells	993	11/2624	0/1	0	0	inf
SRX512372	TFs and others	Epitope tags	Epidermis	Dermal fibroblast	570	3/2624	0/1	0	0	inf
SRX512373	TFs and others	Epitope tags	Epidermis	Dermal fibroblast	2657	5/2624	0/1	0	0	inf
SRX5124035	TFs and others	FOXA1	Prostate	22Rv1	63295	553/2624	0/1	0	0	inf
SRX5124036	TFs and others	FOXA1	Prostate	22Rv1	58308	552/2624	0/1	0	0	inf
SRX5124039	TFs and others	POU2F1	Prostate	22Rv1	6371	342/2624	0/1	0	0	inf
SRX5124040	TFs and others	POU2F1	Prostate	22Rv1	7216	444/2624	0/1	0	0	inf
SRX5124821	TFs and others	FOXA1	Prostate	LAPC-4	1073	5/2624	0/1	0	0	inf
SRX5124822	TFs and others	FOXA1	Prostate	LAPC-4	24071	83/2624	0/1	0	0	inf
SRX5124823	TFs and others	FOXA1	Prostate	LNCAP	15776	51/2624	0/1	0	0	inf
SRX5124824	TFs and others	FOXA1	Prostate	LNCAP	22639	84/2624	0/1	0	0	inf
SRX5124825	TFs and others	FOXA1	Prostate	C4-2	10991	56/2624	0/1	0	0	inf
SRX5124826	TFs and others	FOXA1	Prostate	C4-2	22662	97/2624	0/1	0	0	inf
SRX5124827	TFs and others	FOXA1	Prostate	LAPC-4	561	1/2624	0/1	0	0	inf
SRX5124828	TFs and others	FOXA1	Prostate	LAPC-4	11675	51/2624	0/1	0	0	inf
SRX5124829	TFs and others	FOXA1	Prostate	LAPC-4	22664	16/2624	0/1	0	0	inf
SRX5124830	TFs and others	FOXA1	Prostate	LAPC-4	2245	5/2624	0/1	0	0	inf
SRX5124831	TFs and others	FOXA1	Prostate	LNCAP	9066	14/2624	0/1	0	0	inf
SRX5124832	TFs and others	FOXA1	Prostate	LNCAP	1035	2/2624	0/1	0	0	inf
SRX5124833	TFs and others	FOXA1	Prostate	22Rv1	10531	50/2624	0/1	0	0	inf
SRX5124834	TFs and others	FOXA1	Prostate	22Rv1	1520	8/2624	0/1	0	0	inf
SRX5124835	TFs and others	AR	Prostate	22Rv1	1910	2/2624	0/1	0	0	inf
SRX5124836	TFs and others	FOXA1	Prostate	22Rv1	14146	105/2624	0/1	0	0	inf
SRX5124837	TFs and others	FOXA1	Prostate	22Rv1	5100	46/2624	0/1	0	0	inf
SRX5124838	TFs and others	AR	Prostate	22Rv1	1255	2/2624	0/1	0	0	inf
SRX5124839	TFs and others	FOXA1	Prostate	22Rv1	18949	123/2624	0/1	0	0	inf
SRX5124840	TFs and others	FOXA1	Prostate	22Rv1	8340	59/2624	0/1	0	0	inf
SRX5124841	TFs and others	AR	Prostate	22Rv1	2300	4/2624	0/1	0	0	inf
SRX5124842	TFs and others	FOXA1	Prostate	22Rv1	8470	83/2624	0/1	0	0	inf
SRX5124843	TFs and others	FOXA1	Prostate	22Rv1	2105	14/2624	0/1	0	0	inf
SRX5124844	TFs and others	AR	Prostate	22Rv1	964	2/2624	0/1	0	0	inf
SRX5124845	TFs and others	FOXA1	Prostate	22Rv1	10459	132/2624	0/1	0	0	inf
SRX5124846	TFs and others	FOXA1	Prostate	22Rv1	951	4/2624	0/1	0	0	inf
SRX5124847	TFs and others	TLE3	Prostate	LNCAP	1232	1/2624	0/1	0	0	inf
SRX5124848	TFs and others	TLE3	Prostate	C4-2	1622	2/2624	0/1	0	0	inf
SRX5124849	TFs and others	TLE3	Prostate	LAPC-4	1346	2/2624	0/1	0	0	inf
SRX5124850	TFs and others	FOXA1	Kidney	293	1306	14/2624	0/1	0	0	inf
SRX5124851	TFs and others	FOXA1	Kidney	293	954	13/2624	0/1	0	0	inf
SRX5124852	TFs and others	FOXA1	Kidney	293	13427	5/2624	0/1	0	0	inf
SRX5124853	TFs and others	FOXA1	Kidney	293	9681	3/2624	0/1	0	0	inf
SRX5124854	TFs and others	FOXA1	Prostate	22Rv1	19448	144/2624	0/1	0	0	inf
SRX5124855	TFs and others	AR	Prostate	22Rv1	1695	4/2624	0/1	0	0	inf
SRX5124856	TFs and others	FOXA1	Prostate	22Rv1	10978	85/2624	0/1	0	0	inf
SRX5124857	TFs and others	AR	Prostate	22Rv1	1031	2/2624	0/1	0	0	inf
SRX5124858	TFs and others	FOXA1	Prostate	22Rv1	12634	112/2624	0/1	0	0	inf
SRX5124859	TFs and others	AR	Prostate	22Rv1	1268	4/2624	0/1	0	0	inf
SRX5124860	TFs and others	TLE3	Prostate	22Rv1	3149	14/2624	0/1	0	0	inf
SRX5124861	TFs and others	TLE3	Prostate	22Rv1	3041	10/2624	0/1	0	0	inf
SRX5124862	TFs and others	TLE3	Prostate	22Rv1	485	3/2624	0/1	0	0	inf
SRX5124863	TFs and others	TLE3	Prostate	22Rv1	613	1/2624	0/1	0	0	inf
SRX5124864	TFs and others	FOXA1	Prostate	22Rv1	15002	46/2624	0/1	0	0	inf
SRX5124865	TFs and others	AR	Prostate	22Rv1	816	1/2624	0/1	0	0	inf
SRX5124866	TFs and others	FOXA1	Prostate	22Rv1	11778	51/2624	0/1	0	0	inf
SRX5124867	TFs and others	AR	Prostate	22Rv1	768	1/2624	0/1	0	0	inf
SRX5124868	TFs and others	FOXA1	Prostate	22Rv1	13816	65/2624	0/1	0	0	inf
SRX5124869	TFs and others	AR	Prostate	22Rv1	732	1/2624	0/1	0	0	inf
SRX5126613	TFs and others	CTCF	Epidermis	Dombi23	1127	38/2624	0/1	0	0	inf
SRX5126616	TFs and others	CTCF	Epidermis	Keratinocytes	962	43/2624	0/1	0	0	inf
SRX5126619	TFs and others	CTCF	Epidermis	Keratinocytes	1071	50/2624	0/1	0	0	inf
SRX5128104	TFs and others	ESR1	Breast	ZR-75-1	2644	20/2624	0/1	0	0	inf
SRX5128105	TFs and others	ESR1	Breast	ZR-75-1	1453	10/2624	0/1	0	0	inf
SRX5128106	TFs and others	ESR1	Breast	ZR-75-1	2199	38/2624	0/1	0	0	inf
SRX5128107	TFs and others	AR	Breast	ZR-75-1	1261	1/2624	0/1	0	0	inf
SRX5128108	TFs and others	AR	Breast	ZR-75-1	4572	8/2624	0/1	0	0	inf
SRX5128109	TFs and others	AR	Breast	ZR-75-1	5319	12/2624	0/1	0	0	inf
SRX5128130	TFs and others	AR	Breast	ZR-75-1	1905	4/2624	0/1	0	0	inf
SRX5128131	TFs and others	AR	Breast	ZR-75-1	13270	28/2624	0/1	0	0	inf
SRX5128132	TFs and others	ESR1	Breast	ZR-75-1	7096	161/2624	0/1	0	0	inf
SRX5128133	TFs and others	ESR1	Breast	ZR-75-1	7117	162/2624	0/1	0	0	inf
SRX5136353	TFs and others	RTA	Blood	BCBL1	2148	93/2624	0/1	0	0	inf
SRX5136354	TFs and others	RTA	Blood	BCBL1	5712	311/2624	0/1	0	0	inf
SRX5138659	TFs and others	ETV2	Epidermis	Dermal fibroblast	655	1/2624	0/1	0	0	inf
SRX5138661	TFs and others	ETV2	Epidermis	Dermal fibroblast	798	13/2624	0/1	0	0	inf
SRX5139483	TFs and others	SMC2	Digestive tract	HCT 116	843	1/2624	0/1	0	0	inf
SRX5139484	TFs and others	SMC2	Digestive tract	HCT 116	659	1/2624	0/1	0	0	inf
SRX5139485	TFs and others	SMC2	Digestive tract	HCT 116	738	1/2624	0/1	0	0	inf
SRX5139486	TFs and others	SMC2	Digestive tract	HCT 116	773	1/2624	0/1	0	0	inf
SRX5139487	TFs and others	SMC2	Digestive tract	HCT 116	845	1/2624	0/1	0	0	inf
SRX5139488	TFs and others	SMC2	Digestive tract	HCT 116	730	1/2624	0/1	0	0	inf
SRX5139489	TFs and others	SMC2	Digestive tract	HCT 116	708	1/2624	0/1	0	0	inf
SRX5139490	TFs and others	SMC2	Digestive tract	HCT 116	637	1/2624	0/1	0	0	inf
SRX5139491	TFs and others	SMC2	Digestive tract	HCT 116	862	1/2624	0/1	0	0	inf
SRX5139492	TFs and others	SMC2	Digestive tract	HCT 116	619	1/2624	0/1	0	0	inf
SRX5139493	TFs and others	SMC2	Digestive tract	HCT 116	885	1/2624	0/1	0	0	inf
SRX5139494	TFs and others	SMC2	Digestive tract	HCT 116	327	1/2624	0/1	0	0	inf
SRX5141098	TFs and others	SPI1	Blood	THP-1	63061	388/2624	0/1	0	0	inf
SRX5141100	TFs and others	CEBPA	Blood	THP-1	22199	81/2624	0/1	0	0	inf
SRX5141101	TFs and others	CEBPA	Blood	THP-1	26104	203/2624	0/1	0	0	inf
SRX5141102	TFs and others	IRF8	Blood	THP-1	4218	25/2624	0/1	0	0	inf
SRX5141103	TFs and others	IRF8	Blood	THP-1	1722	4/2624	0/1	0	0	inf
SRX514564	TFs and others	DICER1	Kidney	293	23	1/2624	0/1	0	0	inf
SRX5146785	TFs and others	SRF	Cardiovascular	HCASMC	378	8/2624	0/1	0	0	inf
SRX5146786	TFs and others	SRF	Cardiovascular	HCASMC	215	10/2624	0/1	0	0	inf
SRX5146789	TFs and others	TCF21	Cardiovascular	HCASMC	8017	107/2624	0/1	0	0	inf
SRX514837	TFs and others	TP63	Epidermis	Keratinocytes	17868	57/2624	0/1	0	0	inf
SRX514838	TFs and others	TP63	Epidermis	Keratinocytes	1080	8/2624	0/1	0	0	inf
SRX514839	TFs and others	TP63	Epidermis	Keratinocytes	9257	30/2624	0/1	0	0	inf
SRX514840	TFs and others	TP53	Epidermis	Keratinocytes	997	4/2624	0/1	0	0	inf
SRX514845	TFs and others	TP63	Epidermis	Keratinocytes	11992	54/2624	0/1	0	0	inf
SRX514846	TFs and others	TP53	Epidermis	Keratinocytes	1054	2/2624	0/1	0	0	inf
SRX514847	TFs and others	TP53	Epidermis	Keratinocytes	3670	14/2624	0/1	0	0	inf
SRX514848	TFs and others	TP53	Epidermis	Keratinocytes	6985	16/2624	0/1	0	0	inf
SRX515115	TFs and others	KDM6B	Blood	CUTLL1	4378	520/2624	0/1	0	0	inf
SRX515116	TFs and others	KDM6B	Blood	CUTLL1	596	1/2624	0/1	0	0	inf
SRX5157148	TFs and others	CEBPA	Blood	THP-1	6239	14/2624	0/1	0	0	inf
SRX5157149	TFs and others	CEBPA	Blood	THP-1	5768	11/2624	0/1	0	0	inf
SRX5157150	TFs and others	CEBPA	Blood	THP-1	8024	22/2624	0/1	0	0	inf
SRX5157151	TFs and others	CEBPA	Blood	THP-1	4005	8/2624	0/1	0	0	inf
SRX5157152	TFs and others	CEBPA	Blood	THP-1	2700	8/2624	0/1	0	0	inf
SRX5157153	TFs and others	CEBPA	Blood	THP-1	3999	9/2624	0/1	0	0	inf
SRX5157154	TFs and others	CEBPA	Blood	THP-1	6071	10/2624	0/1	0	0	inf
SRX5157155	TFs and others	CEBPA	Blood	THP-1	4297	6/2624	0/1	0	0	inf
SRX5157156	TFs and others	CEBPA	Blood	THP-1	6960	20/2624	0/1	0	0	inf
SRX5157157	TFs and others	CEBPA	Blood	THP-1	11210	24/2624	0/1	0	0	inf
SRX5157158	TFs and others	CEBPA	Blood	THP-1	3835	6/2624	0/1	0	0	inf
SRX5157159	TFs and others	CEBPA	Blood	THP-1	7388	17/2624	0/1	0	0	inf
SRX5157160	TFs and others	CEBPA	Blood	THP-1	8404	16/2624	0/1	0	0	inf
SRX5157161	TFs and others	CEBPA	Blood	THP-1	11842	21/2624	0/1	0	0	inf
SRX5157162	TFs and others	CEBPA	Blood	THP-1	3615	6/2624	0/1	0	0	inf
SRX5157163	TFs and others	CEBPA	Blood	THP-1	3163	6/2624	0/1	0	0	inf
SRX5157164	TFs and others	CEBPA	Blood	THP-1	9858	18/2624	0/1	0	0	inf
SRX5157165	TFs and others	CEBPA	Blood	THP-1	8146	14/2624	0/1	0	0	inf
SRX5162246	TFs and others	CREBBP	Placenta	Cytotrophoblast	221	1/2624	0/1	0	0	inf
SRX5162247	TFs and others	CREBBP	Placenta	Cytotrophoblast	193	1/2624	0/1	0	0	inf
SRX5162248	TFs and others	CREBBP	Placenta	Cytotrophoblast	249	1/2624	0/1	0	0	inf
SRX5162252	TFs and others	HDAC1	Placenta	Cytotrophoblast	233	1/2624	0/1	0	0	inf
SRX5162253	TFs and others	HDAC1	Placenta	Cytotrophoblast	170	1/2624	0/1	0	0	inf
SRX5162254	TFs and others	HDAC1	Placenta	Cytotrophoblast	234	1/2624	0/1	0	0	inf
SRX5162255	TFs and others	RELB	Placenta	Cytotrophoblast	155	1/2624	0/1	0	0	inf
SRX5162256	TFs and others	RELB	Placenta	Cytotrophoblast	242	1/2624	0/1	0	0	inf
SRX5162257	TFs and others	RELB	Placenta	Cytotrophoblast	160	1/2624	0/1	0	0	inf
SRX5163335	TFs and others	SOD1	Uterus	HeLa	180	1/2624	0/1	0	0	inf
SRX5163336	TFs and others	SOD1	Uterus	HeLa	212	1/2624	0/1	0	0	inf
SRX5163337	TFs and others	SOD1	Uterus	HeLa	243	1/2624	0/1	0	0	inf
SRX5163338	TFs and others	SOD1	Uterus	HeLa	82	1/2624	0/1	0	0	inf
SRX5163339	TFs and others	SOD1	Uterus	HeLa	92	1/2624	0/1	0	0	inf
SRX5163340	TFs and others	SOD1	Uterus	HeLa	98	1/2624	0/1	0	0	inf
SRX5163341	TFs and others	SOD1	Uterus	HeLa	125	1/2624	0/1	0	0	inf
SRX5163342	TFs and others	SOD1	Uterus	HeLa	87	1/2624	0/1	0	0	inf
SRX5163343	TFs and others	SOD1	Uterus	HeLa	127	1/2624	0/1	0	0	inf
SRX5165469	TFs and others	Cas9	Pluripotent stem cell	NCCIT	1170	1/2624	0/1	0	0	inf
SRX5165474	TFs and others	Cas9	Pluripotent stem cell	NCCIT	2380	15/2624	0/1	0	0	inf
SRX5167211	TFs and others	CHD4	Blood	Bone marrow nuclear cells	636	1/2624	0/1	0	0	inf
SRX5167212	TFs and others	KDM6A	Blood	Bone marrow nuclear cells	576	1/2624	0/1	0	0	inf
SRX5167213	TFs and others	CHD4	Blood	Acute myeloid leukemia	955	1/2624	0/1	0	0	inf
SRX5167214	TFs and others	KDM6A	Blood	Acute myeloid leukemia	623	1/2624	0/1	0	0	inf
SRX5167215	TFs and others	CHD4	Blood	Acute myeloid leukemia	431	1/2624	0/1	0	0	inf
SRX5167216	TFs and others	KDM6A	Blood	Acute myeloid leukemia	327	1/2624	0/1	0	0	inf
SRX5167217	TFs and others	CHD4	Blood	Nuclear cells	570	1/2624	0/1	0	0	inf
SRX5167218	TFs and others	KDM6A	Blood	Nuclear cells	370	1/2624	0/1	0	0	inf
SRX5169134	TFs and others	GATA2	Blood	Erythroid progenitors	575	3/2624	0/1	0	0	inf
SRX5169135	TFs and others	GATA1	Blood	Erythroid progenitors	3777	54/2624	0/1	0	0	inf
SRX5169142	TFs and others	GATA2	Blood	Erythroid Precursor Cells	353	1/2624	0/1	0	0	inf
SRX5169143	TFs and others	GATA1	Blood	Erythroid Precursor Cells	2629	62/2624	0/1	0	0	inf
SRX5172061	TFs and others	SMARCC1	Breast	MCF-7	4036	199/2624	0/1	0	0	inf
SRX5172062	TFs and others	SMARCA4	Breast	MCF-7	6356	85/2624	0/1	0	0	inf
SRX5172064	TFs and others	SMARCC1	Breast	MCF-7	3113	267/2624	0/1	0	0	inf
SRX5172065	TFs and others	SMARCA4	Breast	MCF-7	2923	71/2624	0/1	0	0	inf
SRX5172067	TFs and others	ESR1	Breast	MCF-7	310	1/2624	0/1	0	0	inf
SRX5172068	TFs and others	ESR1	Breast	MCF-7	363	1/2624	0/1	0	0	inf
SRX5172069	TFs and others	ESR1	Breast	MCF-7	334	1/2624	0/1	0	0	inf
SRX5172070	TFs and others	ESR1	Breast	MCF-7	353	1/2624	0/1	0	0	inf
SRX5172071	TFs and others	ESR1	Breast	MCF-7	542	1/2624	0/1	0	0	inf
SRX5172072	TFs and others	ESR1	Breast	MCF-7	334	1/2624	0/1	0	0	inf
SRX5179249	TFs and others	SIPA1	Breast	MDA-MB-231	336	1/2624	0/1	0	0	inf
SRX5182323	TFs and others	FMR1	Blood	GM03200	473	1/2624	0/1	0	0	inf
SRX5182324	TFs and others	FMR1	Blood	B Lymphoblastoid cell line	559	1/2624	0/1	0	0	inf
SRX5183151	TFs and others	BACH1	Pancreas	AsPC-1	4100	65/2624	0/1	0	0	inf
SRX5183152	TFs and others	BACH1	Pancreas	SW 1990	3738	54/2624	0/1	0	0	inf
SRX5185600	TFs and others	CARM1	Breast	MCF-7	218	5/2624	0/1	0	0	inf
SRX5185601	TFs and others	CARM1	Breast	MCF-7	433	14/2624	0/1	0	0	inf
SRX5185603	TFs and others	MED12	Breast	MCF-7	673	4/2624	0/1	0	0	inf
SRX5185604	TFs and others	MED12	Breast	MCF-7	342	1/2624	0/1	0	0	inf
SRX5185605	TFs and others	MED12	Breast	MCF-7	684	2/2624	0/1	0	0	inf
SRX518668	TFs and others	BATF	Blood	OCI-LY-3	583	7/2624	0/1	0	0	inf
SRX518670	TFs and others	IRF4	Blood	OCI-LY-3	537	15/2624	0/1	0	0	inf
SRX518671	TFs and others	SPI1	Blood	OCI-LY-3	655	1/2624	0/1	0	0	inf
SRX518673	TFs and others	BATF	Blood	OCI-LY-10	2490	26/2624	0/1	0	0	inf
SRX518675	TFs and others	IRF4	Blood	OCI-LY-10	2371	31/2624	0/1	0	0	inf
SRX518676	TFs and others	SPI1	Blood	OCI-LY-10	1803	3/2624	0/1	0	0	inf
SRX518679	TFs and others	IRF4	Blood	NCI-H929	5348	319/2624	0/1	0	0	inf
SRX518683	TFs and others	IRF4	Blood	OCI-LY-3	2218	42/2624	0/1	0	0	inf
SRX518684	TFs and others	SPI1	Blood	OCI-LY-3	530	5/2624	0/1	0	0	inf
SRX518687	TFs and others	IRF4	Blood	OCI-LY-3	896	28/2624	0/1	0	0	inf
SRX518688	TFs and others	SPI1	Blood	OCI-LY-3	814	7/2624	0/1	0	0	inf
SRX5188626	TFs and others	RUNX3	Digestive tract	SNU-484	194	1/2624	0/1	0	0	inf
SRX5188627	TFs and others	RUNX3	Digestive tract	SNU-484	244	1/2624	0/1	0	0	inf
SRX5188630	TFs and others	RUNX3	Digestive tract	SNU-484	257	1/2624	0/1	0	0	inf
SRX5188631	TFs and others	RUNX3	Digestive tract	SNU-484	212	1/2624	0/1	0	0	inf
SRX5188634	TFs and others	RUNX3	Digestive tract	SNU-484	12756	2/2624	0/1	0	0	inf
SRX5188635	TFs and others	RUNX3	Digestive tract	SNU-484	1780	2/2624	0/1	0	0	inf
SRX5195153	TFs and others	VDR	Prostate	PrEC	1395	84/2624	0/1	0	0	inf
SRX5195155	TFs and others	VDR	Prostate	PrEC	2306	99/2624	0/1	0	0	inf
SRX5195671	TFs and others	SMARCA4	Uterus	Endometrial epithelial cells	6799	103/2624	0/1	0	0	inf
SRX5195672	TFs and others	SMARCA4	Uterus	Endometrial epithelial cells	685	11/2624	0/1	0	0	inf
SRX5195673	TFs and others	SMARCA4	Uterus	Endometrial epithelial cells	8511	129/2624	0/1	0	0	inf
SRX5195674	TFs and others	SMARCA4	Uterus	Endometrial epithelial cells	845	17/2624	0/1	0	0	inf
SRX5195707	TFs and others	ARID1A	Uterus	Endometrial epithelial cells	5019	91/2624	0/1	0	0	inf
SRX5195708	TFs and others	ARID1A	Uterus	Endometrial epithelial cells	772	9/2624	0/1	0	0	inf
SRX5195709	TFs and others	ARID1A	Uterus	Endometrial epithelial cells	8435	118/2624	0/1	0	0	inf
SRX5195710	TFs and others	ARID1A	Uterus	Endometrial epithelial cells	773	8/2624	0/1	0	0	inf
SRX5195711	TFs and others	ARID1A	Uterus	Endometrial epithelial cells	3483	66/2624	0/1	0	0	inf
SRX5195712	TFs and others	ARID1A	Uterus	Endometrial epithelial cells	556	4/2624	0/1	0	0	inf
SRX5195713	TFs and others	ARID1A	Uterus	Endometrial epithelial cells	6447	100/2624	0/1	0	0	inf
SRX5195714	TFs and others	ARID1A	Uterus	Endometrial epithelial cells	634	5/2624	0/1	0	0	inf
SRX5195715	TFs and others	ARID1A	Uterus	Endometrial epithelial cells	5690	93/2624	0/1	0	0	inf
SRX5195716	TFs and others	ARID1A	Uterus	Endometrial epithelial cells	519	6/2624	0/1	0	0	inf
SRX5195717	TFs and others	ARID1A	Uterus	Endometrial epithelial cells	8404	117/2624	0/1	0	0	inf
SRX5195718	TFs and others	ARID1A	Uterus	Endometrial epithelial cells	487	3/2624	0/1	0	0	inf
SRX5195729	TFs and others	SMARCA4	Uterus	Endometrial epithelial cells	8769	143/2624	0/1	0	0	inf
SRX5195731	TFs and others	SMARCA4	Uterus	Endometrial epithelial cells	2950	67/2624	0/1	0	0	inf
SRX5195733	TFs and others	SMARCA4	Uterus	Endometrial epithelial cells	6817	105/2624	0/1	0	0	inf
SRX5195734	TFs and others	SMARCA4	Uterus	Endometrial epithelial cells	1541	31/2624	0/1	0	0	inf
SRX5199669	TFs and others	EP300	Prostate	LNCAP	1653	143/2624	0/1	0	0	inf
SRX5199670	TFs and others	EP300	Prostate	LNCAP	538	1/2624	0/1	0	0	inf
SRX5199671	TFs and others	EP300	Prostate	LNCAP	397	1/2624	0/1	0	0	inf
SRX5199672	TFs and others	EP300	Prostate	LNCAP	420	1/2624	0/1	0	0	inf
SRX5199674	TFs and others	EP300	Prostate	LNCAP	621	1/2624	0/1	0	0	inf
SRX5199675	TFs and others	EP300	Prostate	LNCAP	1195	99/2624	0/1	0	0	inf
SRX5199676	TFs and others	EP300	Prostate	LNCAP	584	17/2624	0/1	0	0	inf
SRX5199677	TFs and others	EP300	Prostate	LNCAP	503	1/2624	0/1	0	0	inf
SRX5202455	TFs and others	UBE3A	Pluripotent stem cell	hESC derived neural cells	531	1/2624	0/1	0	0	inf
SRX5202456	TFs and others	UBE3A	Pluripotent stem cell	hESC derived neural cells	480	1/2624	0/1	0	0	inf
SRX5202457	TFs and others	UBE3A	Pluripotent stem cell	hESC derived neural cells	574	1/2624	0/1	0	0	inf
SRX5202458	TFs and others	UBE3A	Pluripotent stem cell	hESC derived neural cells	563	1/2624	0/1	0	0	inf
SRX5202461	TFs and others	UBE3A	Pluripotent stem cell	hESC derived neural cells	502	1/2624	0/1	0	0	inf
SRX5202462	TFs and others	UBE3A	Pluripotent stem cell	hESC derived neural cells	540	1/2624	0/1	0	0	inf
SRX5202463	TFs and others	UBE3A	Pluripotent stem cell	hESC derived neural cells	477	1/2624	0/1	0	0	inf
SRX5202464	TFs and others	UBE3A	Pluripotent stem cell	hESC derived neural cells	383	1/2624	0/1	0	0	inf
SRX5202467	TFs and others	UBE3A	Pluripotent stem cell	hESC H9	493	1/2624	0/1	0	0	inf
SRX5202468	TFs and others	UBE3A	Pluripotent stem cell	hESC H9	550	1/2624	0/1	0	0	inf
SRX5202469	TFs and others	UBE3A	Pluripotent stem cell	hESC H9	507	1/2624	0/1	0	0	inf
SRX5202470	TFs and others	UBE3A	Pluripotent stem cell	hESC H9	549	1/2624	0/1	0	0	inf
SRX5202475	TFs and others	CUL4B	Breast	MDA-MB-231	235	1/2624	0/1	0	0	inf
SRX5202658	TFs and others	IRF2BP2	Kidney	293	431	1/2624	0/1	0	0	inf
SRX5202659	TFs and others	IRF2BP2	Kidney	293	522	1/2624	0/1	0	0	inf
SRX5202660	TFs and others	IRF2BP2	Kidney	293	523	1/2624	0/1	0	0	inf
SRX5202661	TFs and others	IRF2BP2	Kidney	293	496	1/2624	0/1	0	0	inf
SRX5202981	TFs and others	FOXA1	Breast	MCF-7	10528	125/2624	0/1	0	0	inf
SRX5202982	TFs and others	FOXA1	Breast	MCF-7	53624	234/2624	0/1	0	0	inf
SRX5202983	TFs and others	FOXA1	Breast	MCF-7	45941	151/2624	0/1	0	0	inf
SRX5203292	TFs and others	CTCF	Breast	MCF-7	8199	110/2624	0/1	0	0	inf
SRX5203293	TFs and others	ESR1	Breast	MCF-7	936	7/2624	0/1	0	0	inf
SRX5203294	TFs and others	FOXA1	Breast	MCF-7	15107	82/2624	0/1	0	0	inf
SRX5203296	TFs and others	CTCF	Breast	MCF-7	3501	51/2624	0/1	0	0	inf
SRX5203297	TFs and others	ESR1	Breast	MCF-7	476	1/2624	0/1	0	0	inf
SRX5203298	TFs and others	FOXA1	Breast	MCF-7	6119	50/2624	0/1	0	0	inf
SRX5203299	TFs and others	CTCF	Breast	MCF-7	3069	48/2624	0/1	0	0	inf
SRX5203301	TFs and others	CTCF	Breast	MCF-7	2534	38/2624	0/1	0	0	inf
SRX5203302	TFs and others	ESR1	Breast	MCF-7	716	6/2624	0/1	0	0	inf
SRX5203303	TFs and others	FOXA1	Breast	MCF-7	17625	95/2624	0/1	0	0	inf
SRX5203305	TFs and others	CTCF	Breast	MCF-7	6508	75/2624	0/1	0	0	inf
SRX5203306	TFs and others	ESR1	Breast	MCF-7	461	4/2624	0/1	0	0	inf
SRX5203307	TFs and others	FOXA1	Breast	MCF-7	15436	107/2624	0/1	0	0	inf
SRX5203308	TFs and others	CTCF	Breast	MCF-7	11142	136/2624	0/1	0	0	inf
SRX5203310	TFs and others	ESR1	Breast	MCF-7	389	2/2624	0/1	0	0	inf
SRX5203311	TFs and others	FOXA1	Breast	MCF-7	11363	66/2624	0/1	0	0	inf
SRX5203313	TFs and others	ESR1	Breast	MCF-7	388	2/2624	0/1	0	0	inf
SRX5203314	TFs and others	FOXA1	Breast	MCF-7	10237	76/2624	0/1	0	0	inf
SRX5203316	TFs and others	CTCF	Breast	MCF-7	6025	71/2624	0/1	0	0	inf
SRX5203317	TFs and others	ESR1	Breast	MCF-7	439	3/2624	0/1	0	0	inf
SRX5203318	TFs and others	FOXA1	Breast	MCF-7	9754	56/2624	0/1	0	0	inf
SRX5212357	TFs and others	SMARCA4	Others	Mel270	26998	277/2624	0/1	0	0	inf
SRX5212358	TFs and others	GLTSCR1	Others	Mel270	540	18/2624	0/1	0	0	inf
SRX5212361	TFs and others	BRD9	Others	Mel270	788	27/2624	0/1	0	0	inf
SRX5212362	TFs and others	SMARCA4	Others	Mel270	30427	308/2624	0/1	0	0	inf
SRX5212363	TFs and others	GLTSCR1	Others	Mel270	447	16/2624	0/1	0	0	inf
SRX5212366	TFs and others	SMARCA4	Others	Mel270	24568	240/2624	0/1	0	0	inf
SRX5212367	TFs and others	GLTSCR1	Others	Mel270	997	30/2624	0/1	0	0	inf
SRX5212370	TFs and others	BRD9	Others	Mel270	999	42/2624	0/1	0	0	inf
SRX5212371	TFs and others	SMARCA4	Others	Mel270	25835	261/2624	0/1	0	0	inf
SRX5212372	TFs and others	GLTSCR1	Others	Mel270	747	28/2624	0/1	0	0	inf
SRX5213646	TFs and others	BRD4	Breast	HCC1937	4170	414/2624	0/1	0	0	inf
SRX5213648	TFs and others	BRD4	Breast	HCC1806	464	1/2624	0/1	0	0	inf
SRX5231783	TFs and others	MYC	Breast	UACC-812	42	1/2624	0/1	0	0	inf
SRX5231785	TFs and others	MYC	Breast	UACC-812	353	1/2624	0/1	0	0	inf
SRX5232045	TFs and others	INSR	Liver	Hep G2	1126	69/2624	0/1	0	0	inf
SRX5232046	TFs and others	INSR	Liver	Hep G2	1786	91/2624	0/1	0	0	inf
SRX5233154	TFs and others	KDM1A	Epidermis	MKL-1	373	2/2624	0/1	0	0	inf
SRX5233155	TFs and others	KDM1A	Epidermis	MKL-1	289	1/2624	0/1	0	0	inf
SRX5233156	TFs and others	RCOR2	Epidermis	MKL-1	340	1/2624	0/1	0	0	inf
SRX5233157	TFs and others	RCOR2	Epidermis	MKL-1	277	1/2624	0/1	0	0	inf
SRX523395	TFs and others	APOBEC3B	Breast	MCF-7	533	5/2624	0/1	0	0	inf
SRX523396	TFs and others	APOBEC3B	Breast	MCF-7	4161	80/2624	0/1	0	0	inf
SRX5234453	TFs and others	SMARCA4	Pluripotent stem cell	iPS cells	10540	168/2624	0/1	0	0	inf
SRX5234466	TFs and others	SMARCB1	Pluripotent stem cell	iPS cells	2704	35/2624	0/1	0	0	inf
SRX5234467	TFs and others	SMARCC1	Pluripotent stem cell	iPS cells	6467	101/2624	0/1	0	0	inf
SRX5234468	TFs and others	SUZ12	Pluripotent stem cell	iPS cells	1833	7/2624	0/1	0	0	inf
SRX5234472	TFs and others	SMARCA4	Pluripotent stem cell	iPS cells	6577	40/2624	0/1	0	0	inf
SRX5234473	TFs and others	SMARCB1	Pluripotent stem cell	iPS cells	2843	18/2624	0/1	0	0	inf
SRX5234474	TFs and others	SMARCC1	Pluripotent stem cell	iPS cells	4601	32/2624	0/1	0	0	inf
SRX5234476	TFs and others	SUZ12	Pluripotent stem cell	iPS cells	1267	6/2624	0/1	0	0	inf
SRX5234495	TFs and others	SMARCA4	Kidney	TTC1240	6304	409/2624	0/1	0	0	inf
SRX5234496	TFs and others	SMARCC1	Kidney	TTC1240	7586	441/2624	0/1	0	0	inf
SRX5234497	TFs and others	SMARCB1	Kidney	TTC1240	669	2/2624	0/1	0	0	inf
SRX5234499	TFs and others	SMARCA4	Kidney	TTC1240	29006	897/2624	0/1	0	0	inf
SRX5234501	TFs and others	SMARCC1	Kidney	TTC1240	12981	480/2624	0/1	0	0	inf
SRX5234502	TFs and others	SMARCB1	Kidney	TTC1240	6695	95/2624	0/1	0	0	inf
SRX5234505	TFs and others	SMARCC1	Kidney	TTC1240	31168	865/2624	0/1	0	0	inf
SRX5234506	TFs and others	SMARCB1	Kidney	TTC1240	2905	38/2624	0/1	0	0	inf
SRX5234508	TFs and others	SMARCA4	Kidney	TTC1240	23695	579/2624	0/1	0	0	inf
SRX5234509	TFs and others	SMARCC1	Kidney	TTC1240	18233	447/2624	0/1	0	0	inf
SRX5234510	TFs and others	SMARCB1	Kidney	TTC1240	5244	103/2624	0/1	0	0	inf
SRX5234512	TFs and others	SMARCA4	Kidney	TTC1240	14864	457/2624	0/1	0	0	inf
SRX5234513	TFs and others	SMARCC1	Kidney	TTC1240	22526	791/2624	0/1	0	0	inf
SRX5234514	TFs and others	SMARCB1	Kidney	TTC1240	3755	46/2624	0/1	0	0	inf
SRX5236332	TFs and others	ERG	Cardiovascular	HUVEC	4482	324/2624	0/1	0	0	inf
SRX5236336	TFs and others	MED1	Cardiovascular	HUVEC	1342	103/2624	0/1	0	0	inf
SRX5236337	TFs and others	MED1	Cardiovascular	HUVEC	1572	104/2624	0/1	0	0	inf
SRX5242427	TFs and others	MYBL2	Prostate	LNCAP	346	2/2624	0/1	0	0	inf
SRX5242428	TFs and others	MYBL2	Prostate	LNCAP	333	2/2624	0/1	0	0	inf
SRX5242429	TFs and others	MYBL2	Prostate	LNCAP	372	2/2624	0/1	0	0	inf
SRX5242430	TFs and others	MYBL2	Prostate	LNCAP	334	1/2624	0/1	0	0	inf
SRX5242454	TFs and others	MED1	Blood	MOLM-14	1151	6/2624	0/1	0	0	inf
SRX5242455	TFs and others	MED1	Blood	MOLM-14	2030	39/2624	0/1	0	0	inf
SRX5242456	TFs and others	MED1	Blood	MOLM-14	1557	10/2624	0/1	0	0	inf
SRX5242457	TFs and others	MED1	Blood	MOLM-14	1914	29/2624	0/1	0	0	inf
SRX5242458	TFs and others	NR4A1	Blood	MOLM-14	7352	32/2624	0/1	0	0	inf
SRX5242459	TFs and others	MED1	Blood	MOLM-14	905	1/2624	0/1	0	0	inf
SRX5242460	TFs and others	MED1	Blood	MOLM-14	926	1/2624	0/1	0	0	inf
SRX5246885	TFs and others	SMARCA4	Pluripotent stem cell	iPS derived neural cells	30056	928/2624	0/1	0	0	inf
SRX5250530	TFs and others	MLXIP	Uterus	HeLa	511	70/2624	0/1	0	0	inf
SRX5250531	TFs and others	MLXIP	Uterus	HeLa	499	92/2624	0/1	0	0	inf
SRX5250886	TFs and others	TP53	Digestive tract	HCT 116	318	1/2624	0/1	0	0	inf
SRX5250887	TFs and others	TP53	Digestive tract	HCT 116	441	2/2624	0/1	0	0	inf
SRX5251414	TFs and others	ESR1	Breast	MCF-7	301	1/2624	0/1	0	0	inf
SRX5251415	TFs and others	ESR1	Breast	MCF-7	3725	32/2624	0/1	0	0	inf
SRX5251418	TFs and others	ESR1	Breast	MCF-7	349	10/2624	0/1	0	0	inf
SRX5251419	TFs and others	ESR1	Breast	MCF-7	723	15/2624	0/1	0	0	inf
SRX5251421	TFs and others	ESR1	Breast	MCF-7	326	3/2624	0/1	0	0	inf
SRX5251422	TFs and others	ESR1	Breast	MCF-7	1647	23/2624	0/1	0	0	inf
SRX5251424	TFs and others	ESR1	Breast	T-47D	366	4/2624	0/1	0	0	inf
SRX5251425	TFs and others	ESR1	Breast	T-47D	712	5/2624	0/1	0	0	inf
SRX5251427	TFs and others	ESR1	Breast	T-47D	475	6/2624	0/1	0	0	inf
SRX5251428	TFs and others	ESR1	Breast	T-47D	1206	35/2624	0/1	0	0	inf
SRX5251430	TFs and others	ESR1	Breast	T-47D	421	3/2624	0/1	0	0	inf
SRX5251431	TFs and others	ESR1	Breast	T-47D	3385	86/2624	0/1	0	0	inf
SRX5254847	TFs and others	ZBTB16	Others	Mesenchymal stem cells	509	3/2624	0/1	0	0	inf
SRX5254848	TFs and others	ZBTB16	Others	Mesenchymal stem cells	592	8/2624	0/1	0	0	inf
SRX5254849	TFs and others	SUZ12	Others	Mesenchymal stem cells	351	1/2624	0/1	0	0	inf
SRX5254850	TFs and others	SUZ12	Others	Mesenchymal stem cells	413	20/2624	0/1	0	0	inf
SRX5254851	TFs and others	RNF2	Others	Mesenchymal stem cells	364	1/2624	0/1	0	0	inf
SRX5254852	TFs and others	RNF2	Others	Mesenchymal stem cells	477	1/2624	0/1	0	0	inf
SRX5255096	TFs and others	CDK9	Kidney	293	819	1/2624	0/1	0	0	inf
SRX5255097	TFs and others	CDK9	Kidney	293	713	1/2624	0/1	0	0	inf
SRX5255098	TFs and others	CDK9	Kidney	293	811	1/2624	0/1	0	0	inf
SRX5255099	TFs and others	CDK9	Kidney	293	909	1/2624	0/1	0	0	inf
SRX5255100	TFs and others	Epitope tags	Kidney	293	763	1/2624	0/1	0	0	inf
SRX5255101	TFs and others	Epitope tags	Kidney	293	735	1/2624	0/1	0	0	inf
SRX5255102	TFs and others	Epitope tags	Kidney	293	731	1/2624	0/1	0	0	inf
SRX5255103	TFs and others	Epitope tags	Kidney	293	773	1/2624	0/1	0	0	inf
SRX5255104	TFs and others	Epitope tags	Kidney	293	885	1/2624	0/1	0	0	inf
SRX5255105	TFs and others	Epitope tags	Kidney	293	729	1/2624	0/1	0	0	inf
SRX5255106	TFs and others	Epitope tags	Kidney	293	787	1/2624	0/1	0	0	inf
SRX5255107	TFs and others	Epitope tags	Kidney	293	749	2/2624	0/1	0	0	inf
SRX5255108	TFs and others	Epitope tags	Kidney	293	678	1/2624	0/1	0	0	inf
SRX5255109	TFs and others	Epitope tags	Kidney	293	784	2/2624	0/1	0	0	inf
SRX5255110	TFs and others	Epitope tags	Kidney	293	856	2/2624	0/1	0	0	inf
SRX5255111	TFs and others	Epitope tags	Kidney	293	906	2/2624	0/1	0	0	inf
SRX5255112	TFs and others	Epitope tags	Kidney	293	895	2/2624	0/1	0	0	inf
SRX5255114	TFs and others	Epitope tags	Kidney	HK-2	699	1/2624	0/1	0	0	inf
SRX5255115	TFs and others	Epitope tags	Kidney	HK-2	798	2/2624	0/1	0	0	inf
SRX5255116	TFs and others	Epitope tags	Kidney	HK-2	887	2/2624	0/1	0	0	inf
SRX5255117	TFs and others	Epitope tags	Kidney	HK-2	963	2/2624	0/1	0	0	inf
SRX5257602	TFs and others	GATA2	Prostate	VCaP	2143	2/2624	0/1	0	0	inf
SRX5257604	TFs and others	GATA2	Prostate	VCaP	1187	3/2624	0/1	0	0	inf
SRX5257606	TFs and others	GATA2	Prostate	VCaP	16744	12/2624	0/1	0	0	inf
SRX5257608	TFs and others	GATA2	Prostate	VCaP	12539	9/2624	0/1	0	0	inf
SRX5260950	TFs and others	CHD4	Blood	U-937	323	1/2624	0/1	0	0	inf
SRX5260952	TFs and others	CHD4	Blood	U-937	881	1/2624	0/1	0	0	inf
SRX527430	TFs and others	KDM1A	Prostate	PC-3	7080	872/2624	0/1	0	0	inf
SRX5276081	TFs and others	GFP	Blood	Dendritic Cells	268	1/2624	0/1	0	0	inf
SRX5276083	TFs and others	GFP	Blood	Dendritic Cells	1040	1/2624	0/1	0	0	inf
SRX5276085	TFs and others	GFP	Blood	Dendritic Cells	926	1/2624	0/1	0	0	inf
SRX5276086	TFs and others	GFP	Blood	Dendritic Cells	828	1/2624	0/1	0	0	inf
SRX5276088	TFs and others	GFP	Blood	Dendritic Cells	1105	1/2624	0/1	0	0	inf
SRX527871	TFs and others	Epitope tags	Kidney	293	520	1/2624	0/1	0	0	inf
SRX527872	TFs and others	Epitope tags	Kidney	293	127	1/2624	0/1	0	0	inf
SRX527873	TFs and others	Epitope tags	Kidney	293	229	1/2624	0/1	0	0	inf
SRX527874	TFs and others	Epitope tags	Kidney	293	30	1/2624	0/1	0	0	inf
SRX527875	TFs and others	Epitope tags	Kidney	293	187	1/2624	0/1	0	0	inf
SRX527876	TFs and others	Epitope tags	Kidney	293	190	1/2624	0/1	0	0	inf
SRX527877	TFs and others	Epitope tags	Kidney	293	182	1/2624	0/1	0	0	inf
SRX527878	TFs and others	Epitope tags	Kidney	293	107	1/2624	0/1	0	0	inf
SRX527879	TFs and others	Epitope tags	Kidney	293	322	1/2624	0/1	0	0	inf
SRX527880	TFs and others	Epitope tags	Kidney	293	97	1/2624	0/1	0	0	inf
SRX527881	TFs and others	Epitope tags	Kidney	293	197	1/2624	0/1	0	0	inf
SRX527882	TFs and others	Epitope tags	Kidney	293	156	1/2624	0/1	0	0	inf
SRX527883	TFs and others	Epitope tags	Kidney	293	441	1/2624	0/1	0	0	inf
SRX527884	TFs and others	Epitope tags	Kidney	293	308	1/2624	0/1	0	0	inf
SRX527885	TFs and others	Epitope tags	Kidney	293	561	1/2624	0/1	0	0	inf
SRX5283931	TFs and others	CPSF3L	Uterus	HeLa	5175	437/2624	0/1	0	0	inf
SRX5283932	TFs and others	CPSF3L	Uterus	HeLa	4343	372/2624	0/1	0	0	inf
SRX5286306	TFs and others	AR	Prostate	LNCAP	59813	99/2624	0/1	0	0	inf
SRX5286308	TFs and others	AR	Prostate	LNCAP	31216	41/2624	0/1	0	0	inf
SRX5286310	TFs and others	AR	Prostate	LNCAP	14126	16/2624	0/1	0	0	inf
SRX5286317	TFs and others	KLF17	Pluripotent stem cell	ES cells	2970	612/2624	0/1	0	0	inf
SRX5286318	TFs and others	KLF17	Pluripotent stem cell	ES cells	2358	486/2624	0/1	0	0	inf
SRX5286319	TFs and others	KLF4	Pluripotent stem cell	ES cells	107	1/2624	0/1	0	0	inf
SRX5286320	TFs and others	KLF4	Pluripotent stem cell	ES cells	510	3/2624	0/1	0	0	inf
SRX5286321	TFs and others	KLF4	Pluripotent stem cell	ES cells	265	2/2624	0/1	0	0	inf
SRX5286322	TFs and others	KLF4	Pluripotent stem cell	hESC WIBR2	203	1/2624	0/1	0	0	inf
SRX5286323	TFs and others	KLF4	Pluripotent stem cell	hESC WIBR2	220	1/2624	0/1	0	0	inf
SRX5286324	TFs and others	NANOG	Pluripotent stem cell	ES cells	18930	43/2624	0/1	0	0	inf
SRX5286325	TFs and others	NANOG	Pluripotent stem cell	ES cells	2608	3/2624	0/1	0	0	inf
SRX5286326	TFs and others	NANOG	Pluripotent stem cell	hESC WIBR2	42120	130/2624	0/1	0	0	inf
SRX5286327	TFs and others	NANOG	Pluripotent stem cell	ES cells	27971	186/2624	0/1	0	0	inf
SRX5286328	TFs and others	NANOG	Pluripotent stem cell	ES cells	7017	33/2624	0/1	0	0	inf
SRX5286329	TFs and others	NANOG	Pluripotent stem cell	hESC WIBR2	24457	648/2624	0/1	0	0	inf
SRX5286330	TFs and others	POU5F1	Pluripotent stem cell	ES cells	393	1/2624	0/1	0	0	inf
SRX5286331	TFs and others	POU5F1	Pluripotent stem cell	ES cells	639	1/2624	0/1	0	0	inf
SRX5286332	TFs and others	POU5F1	Pluripotent stem cell	hESC WIBR2	1215	3/2624	0/1	0	0	inf
SRX5286333	TFs and others	POU5F1	Pluripotent stem cell	ES cells	857	2/2624	0/1	0	0	inf
SRX5286334	TFs and others	POU5F1	Pluripotent stem cell	ES cells	505	1/2624	0/1	0	0	inf
SRX5286335	TFs and others	POU5F1	Pluripotent stem cell	ES cells	653	2/2624	0/1	0	0	inf
SRX5286336	TFs and others	POU5F1	Pluripotent stem cell	ES cells	700	2/2624	0/1	0	0	inf
SRX5286337	TFs and others	POU5F1	Pluripotent stem cell	hESC WIBR2	639	1/2624	0/1	0	0	inf
SRX5286338	TFs and others	SOX2	Pluripotent stem cell	ES cells	951	1/2624	0/1	0	0	inf
SRX5286339	TFs and others	SOX2	Pluripotent stem cell	ES cells	1164	1/2624	0/1	0	0	inf
SRX5286340	TFs and others	SOX2	Pluripotent stem cell	hESC WIBR2	754	1/2624	0/1	0	0	inf
SRX5286341	TFs and others	SOX2	Pluripotent stem cell	hESC WIBR2	4033	4/2624	0/1	0	0	inf
SRX5286342	TFs and others	SOX2	Pluripotent stem cell	ES cells	1072	1/2624	0/1	0	0	inf
SRX5286343	TFs and others	SOX2	Pluripotent stem cell	ES cells	919	1/2624	0/1	0	0	inf
SRX5286344	TFs and others	SOX2	Pluripotent stem cell	hESC WIBR2	2756	8/2624	0/1	0	0	inf
SRX5286345	TFs and others	TFAP2C	Pluripotent stem cell	ES cells	310	2/2624	0/1	0	0	inf
SRX5286346	TFs and others	TFAP2C	Pluripotent stem cell	ES cells	271	1/2624	0/1	0	0	inf
SRX5286347	TFs and others	TFAP2C	Pluripotent stem cell	ES cells	1236	8/2624	0/1	0	0	inf
SRX5286348	TFs and others	TFAP2C	Pluripotent stem cell	hESC WIBR2	714	1/2624	0/1	0	0	inf
SRX5287686	TFs and others	TEAD4	Breast	MCF-7	2502	64/2624	0/1	0	0	inf
SRX5287687	TFs and others	TEAD4	Breast	MCF-7	2595	65/2624	0/1	0	0	inf
SRX5287688	TFs and others	YAP1	Breast	MCF-7	4657	64/2624	0/1	0	0	inf
SRX5287689	TFs and others	YAP1	Breast	MCF-7	5684	78/2624	0/1	0	0	inf
SRX5287690	TFs and others	ESR1	Breast	T-47D	1908	28/2624	0/1	0	0	inf
SRX5287691	TFs and others	ESR1	Breast	T-47D	3937	44/2624	0/1	0	0	inf
SRX5287692	TFs and others	TEAD4	Breast	T-47D	5357	111/2624	0/1	0	0	inf
SRX5287693	TFs and others	TEAD4	Breast	T-47D	4119	73/2624	0/1	0	0	inf
SRX5287694	TFs and others	YAP1	Breast	T-47D	6611	89/2624	0/1	0	0	inf
SRX5287695	TFs and others	YAP1	Breast	T-47D	5455	64/2624	0/1	0	0	inf
SRX5287696	TFs and others	ESR1	Breast	MCF-7	10105	71/2624	0/1	0	0	inf
SRX5287697	TFs and others	ESR1	Breast	MCF-7	17677	135/2624	0/1	0	0	inf
SRX5287698	TFs and others	ESR1	Breast	MCF-7	13451	136/2624	0/1	0	0	inf
SRX5287699	TFs and others	MED1	Breast	MCF-7	347	17/2624	0/1	0	0	inf
SRX5287700	TFs and others	MED1	Breast	MCF-7	527	16/2624	0/1	0	0	inf
SRX5287701	TFs and others	MED1	Breast	MCF-7	311	10/2624	0/1	0	0	inf
SRX5287702	TFs and others	MED1	Breast	MCF-7	541	60/2624	0/1	0	0	inf
SRX5287703	TFs and others	ESR1	Breast	MCF-7	22832	120/2624	0/1	0	0	inf
SRX5287704	TFs and others	TEAD4	Breast	MCF-7	852	33/2624	0/1	0	0	inf
SRX5287705	TFs and others	YAP1	Breast	MCF-7	1201	15/2624	0/1	0	0	inf
SRX5287706	TFs and others	ESR1	Breast	MCF-7	6999	49/2624	0/1	0	0	inf
SRX5287707	TFs and others	TEAD4	Breast	MCF-7	863	31/2624	0/1	0	0	inf
SRX5287708	TFs and others	YAP1	Breast	MCF-7	730	13/2624	0/1	0	0	inf
SRX5287709	TFs and others	Biotin	Breast	MCF-7	261	1/2624	0/1	0	0	inf
SRX5287710	TFs and others	Biotin	Breast	MCF-7	4012	152/2624	0/1	0	0	inf
SRX5287711	TFs and others	Biotin	Breast	MCF-7	3051	146/2624	0/1	0	0	inf
SRX5287712	TFs and others	Biotin	Breast	MCF-7	283	1/2624	0/1	0	0	inf
SRX5287713	TFs and others	Biotin	Breast	MCF-7	205	2/2624	0/1	0	0	inf
SRX5287714	TFs and others	Biotin	Breast	MCF-7	212	4/2624	0/1	0	0	inf
SRX528835	TFs and others	LMNA	Uterus	HeLa	636	1/2624	0/1	0	0	inf
SRX528837	TFs and others	LMNA	Uterus	HeLa	279	1/2624	0/1	0	0	inf
SRX5289963	TFs and others	NR3C1	Lung	BEAS-2B	18674	1261/2624	0/1	0	0	inf
SRX5289964	TFs and others	NR3C1	Lung	BEAS-2B	3800	298/2624	0/1	0	0	inf
SRX5289965	TFs and others	NR3C1	Lung	BEAS-2B	1858	198/2624	0/1	0	0	inf
SRX5289966	TFs and others	NR3C1	Lung	BEAS-2B	3491	133/2624	0/1	0	0	inf
SRX5289967	TFs and others	NR3C1	Lung	BEAS-2B	1021	39/2624	0/1	0	0	inf
SRX5289968	TFs and others	NR3C1	Lung	BEAS-2B	4678	377/2624	0/1	0	0	inf
SRX5289969	TFs and others	NR3C1	Lung	BEAS-2B	730	64/2624	0/1	0	0	inf
SRX5289970	TFs and others	NR3C1	Lung	BEAS-2B	1661	132/2624	0/1	0	0	inf
SRX5289971	TFs and others	NR3C1	Lung	BEAS-2B	8504	663/2624	0/1	0	0	inf
SRX5289972	TFs and others	NR3C1	Lung	BEAS-2B	11672	1212/2624	0/1	0	0	inf
SRX5289973	TFs and others	NR3C1	Lung	BEAS-2B	5524	551/2624	0/1	0	0	inf
SRX5289974	TFs and others	NR3C1	Lung	BEAS-2B	1408	54/2624	0/1	0	0	inf
SRX5289975	TFs and others	NR3C1	Lung	BEAS-2B	1955	76/2624	0/1	0	0	inf
SRX5289976	TFs and others	NR3C1	Lung	BEAS-2B	907	1/2624	0/1	0	0	inf
SRX5289978	TFs and others	NR3C1	Lung	BEAS-2B	644	1/2624	0/1	0	0	inf
SRX5289979	TFs and others	NR3C1	Lung	BEAS-2B	551	1/2624	0/1	0	0	inf
SRX5289980	TFs and others	NR3C1	Lung	BEAS-2B	5411	54/2624	0/1	0	0	inf
SRX5289981	TFs and others	NR3C1	Lung	BEAS-2B	10280	110/2624	0/1	0	0	inf
SRX5289982	TFs and others	NR3C1	Lung	BEAS-2B	1102	11/2624	0/1	0	0	inf
SRX5289983	TFs and others	NR3C1	Lung	BEAS-2B	790	6/2624	0/1	0	0	inf
SRX5289987	TFs and others	NR3C1	Lung	BEAS-2B	647	1/2624	0/1	0	0	inf
SRX5289988	TFs and others	NR3C1	Lung	BEAS-2B	1051	9/2624	0/1	0	0	inf
SRX5289989	TFs and others	NR3C1	Lung	BEAS-2B	414	4/2624	0/1	0	0	inf
SRX5289990	TFs and others	NR3C1	Lung	BEAS-2B	1174	12/2624	0/1	0	0	inf
SRX5289991	TFs and others	NR3C1	Lung	BEAS-2B	1057	8/2624	0/1	0	0	inf
SRX5290903	TFs and others	CTCF	Prostate	LNCAP	18912	301/2624	0/1	0	0	inf
SRX5290904	TFs and others	CTCF	Prostate	LNCAP	22264	175/2624	0/1	0	0	inf
SRX5290909	TFs and others	CTCF	Prostate	LNCAP	784	1/2624	0/1	0	0	inf
SRX5290910	TFs and others	CTCF	Prostate	LNCAP	2758	5/2624	0/1	0	0	inf
SRX5290911	TFs and others	CTCF	Lung	IMR-90	16776	128/2624	0/1	0	0	inf
SRX5290912	TFs and others	CTCF	Lung	IMR-90	16557	128/2624	0/1	0	0	inf
SRX5290913	TFs and others	CTCF	Lung	IMR-90	10896	97/2624	0/1	0	0	inf
SRX5290914	TFs and others	CTCF	Lung	IMR-90	10789	76/2624	0/1	0	0	inf
SRX5291877	TFs and others	MECP2	Neural	LUHMES	1199	1/2624	0/1	0	0	inf
SRX5291878	TFs and others	MECP2	Neural	LUHMES	1312	1/2624	0/1	0	0	inf
SRX5291879	TFs and others	MECP2	Neural	LUHMES	640	1/2624	0/1	0	0	inf
SRX5291880	TFs and others	MECP2	Neural	LUHMES	1150	1/2624	0/1	0	0	inf
SRX5291885	TFs and others	MECP2	Neural	LUHMES	1136	1/2624	0/1	0	0	inf
SRX5291886	TFs and others	MECP2	Neural	LUHMES	1017	1/2624	0/1	0	0	inf
SRX5291887	TFs and others	MECP2	Neural	LUHMES	811	1/2624	0/1	0	0	inf
SRX5291888	TFs and others	MECP2	Neural	LUHMES	924	1/2624	0/1	0	0	inf
SRX5294338	TFs and others	DPF2	Kidney	TTC1240	587	2/2624	0/1	0	0	inf
SRX5294339	TFs and others	DPF2	Kidney	TTC1240	11394	172/2624	0/1	0	0	inf
SRX5294340	TFs and others	DPF2	Kidney	TTC1240	11863	132/2624	0/1	0	0	inf
SRX5294341	TFs and others	DPF2	Kidney	TTC1240	10880	126/2624	0/1	0	0	inf
SRX5294342	TFs and others	DPF2	Kidney	TTC1240	17665	479/2624	0/1	0	0	inf
SRX5299347	TFs and others	PCGF2	Kidney	293	897	4/2624	0/1	0	0	inf
SRX5299348	TFs and others	PCGF2	Kidney	293	780	3/2624	0/1	0	0	inf
SRX5299351	TFs and others	CBX7	Kidney	293	970	4/2624	0/1	0	0	inf
SRX5299352	TFs and others	CBX7	Kidney	293	981	3/2624	0/1	0	0	inf
SRX5299353	TFs and others	CBX7	Kidney	293	1159	5/2624	0/1	0	0	inf
SRX5299354	TFs and others	CBX7	Kidney	293	534	1/2624	0/1	0	0	inf
SRX5299356	TFs and others	CBX7	Kidney	293	588	2/2624	0/1	0	0	inf
SRX5299357	TFs and others	PHC1	Kidney	293	222	2/2624	0/1	0	0	inf
SRX5299358	TFs and others	PHC1	Kidney	293	258	1/2624	0/1	0	0	inf
SRX5299359	TFs and others	PHC1	Kidney	293	277	1/2624	0/1	0	0	inf
SRX5299360	TFs and others	PHC1	Kidney	293	54	1/2624	0/1	0	0	inf
SRX5299361	TFs and others	PHC1	Kidney	293	60	1/2624	0/1	0	0	inf
SRX5299362	TFs and others	PHC1	Kidney	293	59	2/2624	0/1	0	0	inf
SRX5299369	TFs and others	PCGF1	Kidney	293	143	1/2624	0/1	0	0	inf
SRX5299370	TFs and others	PCGF1	Kidney	293	271	1/2624	0/1	0	0	inf
SRX5299371	TFs and others	PCGF1	Kidney	293	94	1/2624	0/1	0	0	inf
SRX5299372	TFs and others	PCGF1	Kidney	293	63	1/2624	0/1	0	0	inf
SRX5299877	TFs and others	NFE2	Blood	Erythroid Cells	1570	3/2624	0/1	0	0	inf
SRX5299878	TFs and others	NFE2	Blood	Erythroid Cells	1215	2/2624	0/1	0	0	inf
SRX5300515	TFs and others	PDX1	Pluripotent stem cell	iPS derived pancreatic cells	8077	89/2624	0/1	0	0	inf
SRX5300516	TFs and others	PDX1	Pluripotent stem cell	iPS derived pancreatic cells	9078	113/2624	0/1	0	0	inf
SRX530184	TFs and others	NR1H4	Liver	Hepatocytes	577	5/2624	0/1	0	0	inf
SRX530186	TFs and others	NR1H4	Liver	Hepatocytes	923	3/2624	0/1	0	0	inf
SRX5307294	TFs and others	TFAP2C	Pluripotent stem cell	hESC derived epidermal cells	897	3/2624	0/1	0	0	inf
SRX5307295	TFs and others	TFAP2C	Pluripotent stem cell	hESC derived epidermal cells	1792	1/2624	0/1	0	0	inf
SRX5307506	TFs and others	MAX	Blood	P493-6	1099	38/2624	0/1	0	0	inf
SRX5307508	TFs and others	MAX	Blood	P493-6	4682	330/2624	0/1	0	0	inf
SRX5307509	TFs and others	MYC	Blood	P493-6	40	1/2624	0/1	0	0	inf
SRX5307510	TFs and others	MYC	Blood	P493-6	56	1/2624	0/1	0	0	inf
SRX5307511	TFs and others	MYC	Blood	P493-6	1558	94/2624	0/1	0	0	inf
SRX530920	TFs and others	YAP1	Gonad	OVCAR-5	72	1/2624	0/1	0	0	inf
SRX5313202	TFs and others	TP53	Digestive tract	HCT 116	494	4/2624	0/1	0	0	inf
SRX5313203	TFs and others	TP53	Digestive tract	HCT 116	632	16/2624	0/1	0	0	inf
SRX5313208	TFs and others	EP300	Digestive tract	HCT 116	484	11/2624	0/1	0	0	inf
SRX5313209	TFs and others	EP300	Digestive tract	HCT 116	292	1/2624	0/1	0	0	inf
SRX5313210	TFs and others	EP300	Digestive tract	HCT 116	711	10/2624	0/1	0	0	inf
SRX5313213	TFs and others	TP53	Digestive tract	HCT 116	302	3/2624	0/1	0	0	inf
SRX5313216	TFs and others	TP53	Digestive tract	HCT 116	378	2/2624	0/1	0	0	inf
SRX5313217	TFs and others	TP53	Digestive tract	HCT 116	589	5/2624	0/1	0	0	inf
SRX5313220	TFs and others	Biotin	Digestive tract	HCT 116	4417	398/2624	0/1	0	0	inf
SRX5313221	TFs and others	Biotin	Digestive tract	HCT 116	7812	728/2624	0/1	0	0	inf
SRX5313230	TFs and others	TP53	Digestive tract	HCT 116	150	2/2624	0/1	0	0	inf
SRX5313232	TFs and others	TP53	Digestive tract	HCT 116	253	2/2624	0/1	0	0	inf
SRX5313233	TFs and others	TP53	Digestive tract	HCT 116	439	3/2624	0/1	0	0	inf
SRX5316103	TFs and others	AR	Prostate	LNCAP	61	2/2624	0/1	0	0	inf
SRX5316105	TFs and others	O-GlcNAc	Prostate	LNCAP	5053	949/2624	0/1	0	0	inf
SRX5316107	TFs and others	O-GlcNAc	Prostate	PC-3	1436	296/2624	0/1	0	0	inf
SRX5316108	TFs and others	O-GlcNAc	Prostate	PC-3	5364	1052/2624	0/1	0	0	inf
SRX5316109	TFs and others	O-GlcNAc	Prostate	PC-3	2208	405/2624	0/1	0	0	inf
SRX5316110	TFs and others	AR	Prostate	PC-3	251	10/2624	0/1	0	0	inf
SRX5316112	TFs and others	O-GlcNAc	Prostate	PC-3	290	12/2624	0/1	0	0	inf
SRX5316113	TFs and others	O-GlcNAc	Prostate	PC-3	808	20/2624	0/1	0	0	inf
SRX5316114	TFs and others	O-GlcNAc	Prostate	PC-3	744	21/2624	0/1	0	0	inf
SRX5316603	TFs and others	EHMT2	Muscle	RD/18	7212	1187/2624	0/1	0	0	inf
SRX5323807	TFs and others	ESR1	Breast	T-47D	2639	36/2624	0/1	0	0	inf
SRX5323808	TFs and others	ESR1	Breast	T-47D	3314	60/2624	0/1	0	0	inf
SRX5323809	TFs and others	ESR1	Breast	T-47D	1417	15/2624	0/1	0	0	inf
SRX5323810	TFs and others	ESR1	Breast	T-47D	2164	35/2624	0/1	0	0	inf
SRX5323811	TFs and others	ESR1	Breast	T-47D	2400	30/2624	0/1	0	0	inf
SRX5323812	TFs and others	ESR1	Breast	T-47D	1921	28/2624	0/1	0	0	inf
SRX5323813	TFs and others	ESR1	Breast	T-47D	4927	77/2624	0/1	0	0	inf
SRX5323814	TFs and others	ESR1	Breast	T-47D	3516	58/2624	0/1	0	0	inf
SRX5323815	TFs and others	STAT3	Breast	T-47D	410	1/2624	0/1	0	0	inf
SRX5323816	TFs and others	STAT3	Breast	T-47D	4728	333/2624	0/1	0	0	inf
SRX5323817	TFs and others	STAT3	Breast	T-47D	294	1/2624	0/1	0	0	inf
SRX5323818	TFs and others	STAT3	Breast	T-47D	3406	202/2624	0/1	0	0	inf
SRX5323819	TFs and others	STAT3	Breast	T-47D	313	1/2624	0/1	0	0	inf
SRX5323820	TFs and others	STAT3	Breast	T-47D	4190	288/2624	0/1	0	0	inf
SRX5323821	TFs and others	STAT3	Breast	T-47D	333	4/2624	0/1	0	0	inf
SRX5323822	TFs and others	STAT3	Breast	T-47D	6841	427/2624	0/1	0	0	inf
SRX5323823	TFs and others	FOXA1	Breast	T-47D	9425	117/2624	0/1	0	0	inf
SRX5323824	TFs and others	FOXA1	Breast	T-47D	13050	146/2624	0/1	0	0	inf
SRX5323825	TFs and others	FOXA1	Breast	T-47D	8319	95/2624	0/1	0	0	inf
SRX5323826	TFs and others	FOXA1	Breast	T-47D	13333	153/2624	0/1	0	0	inf
SRX5323827	TFs and others	FOXA1	Breast	T-47D	2357	36/2624	0/1	0	0	inf
SRX5323828	TFs and others	FOXA1	Breast	T-47D	17121	207/2624	0/1	0	0	inf
SRX5323829	TFs and others	FOXA1	Breast	T-47D	21438	241/2624	0/1	0	0	inf
SRX5323830	TFs and others	FOXA1	Breast	T-47D	21952	270/2624	0/1	0	0	inf
SRX5323831	TFs and others	STAT3	Breast	T-47D	314	1/2624	0/1	0	0	inf
SRX5323832	TFs and others	STAT3	Breast	T-47D	11620	745/2624	0/1	0	0	inf
SRX5323833	TFs and others	STAT3	Breast	T-47D	308	1/2624	0/1	0	0	inf
SRX5323834	TFs and others	STAT3	Breast	T-47D	11869	706/2624	0/1	0	0	inf
SRX5323835	TFs and others	STAT3	Breast	T-47D	291	1/2624	0/1	0	0	inf
SRX5323836	TFs and others	STAT3	Breast	T-47D	6716	470/2624	0/1	0	0	inf
SRX5323837	TFs and others	STAT3	Breast	T-47D	251	1/2624	0/1	0	0	inf
SRX5323838	TFs and others	STAT3	Breast	T-47D	18790	1081/2624	0/1	0	0	inf
SRX5323843	TFs and others	FOXA1	Breast	MCF-7	20551	142/2624	0/1	0	0	inf
SRX5323844	TFs and others	FOXA1	Breast	MCF-7	12995	102/2624	0/1	0	0	inf
SRX5323845	TFs and others	FOXA1	Breast	MCF-7	16305	116/2624	0/1	0	0	inf
SRX5323846	TFs and others	FOXA1	Breast	MCF-7	15521	114/2624	0/1	0	0	inf
SRX5323847	TFs and others	FOXA1	Breast	MCF-7	8258	75/2624	0/1	0	0	inf
SRX5323848	TFs and others	FOXA1	Breast	MCF-7	9449	81/2624	0/1	0	0	inf
SRX5323849	TFs and others	FOXA1	Breast	MCF-7	9761	93/2624	0/1	0	0	inf
SRX5323850	TFs and others	FOXA1	Breast	MCF-7	11883	109/2624	0/1	0	0	inf
SRX5323855	TFs and others	STAT3	Breast	MCF-7	173	10/2624	0/1	0	0	inf
SRX5323856	TFs and others	STAT3	Breast	MCF-7	13882	587/2624	0/1	0	0	inf
SRX5323857	TFs and others	STAT3	Breast	MCF-7	151	7/2624	0/1	0	0	inf
SRX5323858	TFs and others	STAT3	Breast	MCF-7	17306	738/2624	0/1	0	0	inf
SRX5323859	TFs and others	STAT3	Breast	MCF-7	590	42/2624	0/1	0	0	inf
SRX5323860	TFs and others	STAT3	Breast	MCF-7	23738	975/2624	0/1	0	0	inf
SRX5323861	TFs and others	STAT3	Breast	MCF-7	180	16/2624	0/1	0	0	inf
SRX5323862	TFs and others	STAT3	Breast	MCF-7	17368	777/2624	0/1	0	0	inf
SRX5323863	TFs and others	STAT3	Breast	MCF-7	248	26/2624	0/1	0	0	inf
SRX5323864	TFs and others	STAT3	Breast	MCF-7	3382	220/2624	0/1	0	0	inf
SRX5323865	TFs and others	STAT3	Breast	MCF-7	1330	137/2624	0/1	0	0	inf
SRX5323866	TFs and others	STAT3	Breast	MCF-7	8649	667/2624	0/1	0	0	inf
SRX5323867	TFs and others	STAT3	Breast	MCF-7	301	43/2624	0/1	0	0	inf
SRX5323868	TFs and others	STAT3	Breast	MCF-7	3171	289/2624	0/1	0	0	inf
SRX5323869	TFs and others	STAT3	Breast	MCF-7	414	41/2624	0/1	0	0	inf
SRX5323870	TFs and others	STAT3	Breast	MCF-7	11272	817/2624	0/1	0	0	inf
SRX5323871	TFs and others	ESR1	Breast	MCF-7	24701	441/2624	0/1	0	0	inf
SRX5323872	TFs and others	ESR1	Breast	MCF-7	22865	383/2624	0/1	0	0	inf
SRX5323873	TFs and others	ESR1	Breast	MCF-7	27115	495/2624	0/1	0	0	inf
SRX5323874	TFs and others	ESR1	Breast	MCF-7	14730	271/2624	0/1	0	0	inf
SRX5323875	TFs and others	ESR1	Breast	MCF-7	10929	185/2624	0/1	0	0	inf
SRX5323876	TFs and others	ESR1	Breast	MCF-7	13946	267/2624	0/1	0	0	inf
SRX5323877	TFs and others	ESR1	Breast	MCF-7	19680	317/2624	0/1	0	0	inf
SRX5323878	TFs and others	ESR1	Breast	MCF-7	22601	452/2624	0/1	0	0	inf
SRX5323887	TFs and others	STAT3	Breast	T-47D	368	1/2624	0/1	0	0	inf
SRX5323889	TFs and others	STAT3	Breast	T-47D	361	1/2624	0/1	0	0	inf
SRX5323890	TFs and others	STAT3	Breast	T-47D	26345	1307/2624	0/1	0	0	inf
SRX5323891	TFs and others	STAT3	Breast	T-47D	445	1/2624	0/1	0	0	inf
SRX5323893	TFs and others	STAT3	Breast	T-47D	316	2/2624	0/1	0	0	inf
SRX5323895	TFs and others	STAT3	Breast	T-47D	464	1/2624	0/1	0	0	inf
SRX5323896	TFs and others	STAT3	Breast	T-47D	25635	1232/2624	0/1	0	0	inf
SRX5323897	TFs and others	STAT3	Breast	T-47D	420	4/2624	0/1	0	0	inf
SRX5323899	TFs and others	STAT3	Breast	T-47D	379	1/2624	0/1	0	0	inf
SRX5323901	TFs and others	STAT3	Breast	T-47D	470	3/2624	0/1	0	0	inf
SRX5323902	TFs and others	STAT3	Breast	T-47D	29955	1254/2624	0/1	0	0	inf
SRX5323927	TFs and others	STAT3	Breast	Breast cancer cells	446	10/2624	0/1	0	0	inf
SRX5323928	TFs and others	STAT3	Breast	Breast cancer cells	1705	20/2624	0/1	0	0	inf
SRX5323929	TFs and others	ESR1	Breast	Breast cancer cells	2179	31/2624	0/1	0	0	inf
SRX5323930	TFs and others	ESR1	Breast	Breast cancer cells	3093	29/2624	0/1	0	0	inf
SRX5323931	TFs and others	FOXA1	Breast	Breast cancer cells	2270	19/2624	0/1	0	0	inf
SRX5333212	TFs and others	Epitope tags	Blood	697	662	1/2624	0/1	0	0	inf
SRX5333213	TFs and others	Epitope tags	Blood	697	510	1/2624	0/1	0	0	inf
SRX5333219	TFs and others	CTCF	Blood	697	52760	441/2624	0/1	0	0	inf
SRX5333220	TFs and others	CTCF	Blood	697	51380	441/2624	0/1	0	0	inf
SRX5341939	TFs and others	Epitope tags	Muscle	Rhabdomyosarcoma	669	2/2624	0/1	0	0	inf
SRX5341940	TFs and others	Epitope tags	Muscle	Rhabdomyosarcoma	3533	239/2624	0/1	0	0	inf
SRX5341941	TFs and others	CASZ1	Muscle	Rhabdomyosarcoma	310	3/2624	0/1	0	0	inf
SRX5341942	TFs and others	CASZ1	Muscle	Rhabdomyosarcoma	7790	461/2624	0/1	0	0	inf
SRX5341953	TFs and others	CASZ1	Muscle	Rhabdomyosarcoma	639	2/2624	0/1	0	0	inf
SRX5341954	TFs and others	CASZ1	Muscle	Rhabdomyosarcoma	3029	35/2624	0/1	0	0	inf
SRX5342001	TFs and others	HSP90B1	Blood	K-562	99	17/2624	0/1	0	0	inf
SRX5342362	TFs and others	FOXL2	Gonad	SVOG-3e	481	1/2624	0/1	0	0	inf
SRX5342363	TFs and others	FOXL2	Gonad	SVOG-3e	923	2/2624	0/1	0	0	inf
SRX5342364	TFs and others	FOXL2	Gonad	SVOG-3e	1613	15/2624	0/1	0	0	inf
SRX5342365	TFs and others	FOXL2	Gonad	SVOG-3e	5269	53/2624	0/1	0	0	inf
SRX5342366	TFs and others	FOXL2	Gonad	SVOG-3e	4025	53/2624	0/1	0	0	inf
SRX5342367	TFs and others	FOXL2	Gonad	SVOG-3e	10810	109/2624	0/1	0	0	inf
SRX5342368	TFs and others	FOXL2	Gonad	SVOG-3e	5839	65/2624	0/1	0	0	inf
SRX5342369	TFs and others	FOXL2	Gonad	SVOG-3e	11859	118/2624	0/1	0	0	inf
SRX5342372	TFs and others	FOXL2	Gonad	SVOG-3e	637	1/2624	0/1	0	0	inf
SRX5342373	TFs and others	FOXL2	Gonad	SVOG-3e	11758	120/2624	0/1	0	0	inf
SRX5342374	TFs and others	FOXL2	Gonad	SVOG-3e	761	2/2624	0/1	0	0	inf
SRX5342375	TFs and others	FOXL2	Gonad	SVOG-3e	22935	220/2624	0/1	0	0	inf
SRX5342376	TFs and others	FOXL2	Gonad	SVOG-3e	9324	86/2624	0/1	0	0	inf
SRX5342377	TFs and others	FOXL2	Gonad	SVOG-3e	14694	128/2624	0/1	0	0	inf
SRX5346113	TFs and others	Epitope tags	Blood	RAMOS	898	1/2624	0/1	0	0	inf
SRX5346114	TFs and others	Epitope tags	Blood	RAMOS	785	1/2624	0/1	0	0	inf
SRX5346115	TFs and others	Epitope tags	Blood	RAMOS	800	1/2624	0/1	0	0	inf
SRX5346117	TFs and others	MYC	Blood	RAMOS	6874	612/2624	0/1	0	0	inf
SRX5346118	TFs and others	MYC	Blood	RAMOS	3741	314/2624	0/1	0	0	inf
SRX5346119	TFs and others	MYC	Blood	RAMOS	4707	464/2624	0/1	0	0	inf
SRX5346120	TFs and others	MYC	Blood	RAMOS	5882	462/2624	0/1	0	0	inf
SRX5346121	TFs and others	MYC	Blood	RAMOS	2577	123/2624	0/1	0	0	inf
SRX5346122	TFs and others	MYC	Blood	RAMOS	901	1/2624	0/1	0	0	inf
SRX5346123	TFs and others	MYC	Blood	RAMOS	814	1/2624	0/1	0	0	inf
SRX5346124	TFs and others	MYC	Blood	RAMOS	696	1/2624	0/1	0	0	inf
SRX5346128	TFs and others	WDR5	Blood	RAMOS	1205	27/2624	0/1	0	0	inf
SRX5346129	TFs and others	WDR5	Blood	RAMOS	1088	12/2624	0/1	0	0	inf
SRX5346130	TFs and others	WDR5	Blood	RAMOS	995	10/2624	0/1	0	0	inf
SRX5346134	TFs and others	WDR5	Blood	RAMOS	1084	15/2624	0/1	0	0	inf
SRX5346135	TFs and others	WDR5	Blood	RAMOS	1078	10/2624	0/1	0	0	inf
SRX5346136	TFs and others	WDR5	Blood	RAMOS	1005	5/2624	0/1	0	0	inf
SRX534844	TFs and others	CHD8	Neural	Neural Stem Cells	24387	1154/2624	0/1	0	0	inf
SRX534845	TFs and others	CHD8	Neural	Neural Stem Cells	1975	55/2624	0/1	0	0	inf
SRX535173	TFs and others	HSF1	Digestive tract	HCT 116	466	5/2624	0/1	0	0	inf
SRX535174	TFs and others	HSF1	Digestive tract	HCT 116	583	10/2624	0/1	0	0	inf
SRX535176	TFs and others	HSF1	Digestive tract	HCT 116	509	8/2624	0/1	0	0	inf
SRX535178	TFs and others	HSF1	Digestive tract	HCT 116	479	3/2624	0/1	0	0	inf
SRX535179	TFs and others	HSF1	Digestive tract	HCT 116	500	3/2624	0/1	0	0	inf
SRX535181	TFs and others	HSF1	Digestive tract	HCT 116	523	4/2624	0/1	0	0	inf
SRX535453	TFs and others	CDK9	Epidermis	A-375	1249	78/2624	0/1	0	0	inf
SRX535454	TFs and others	CDK9	Epidermis	A-375	447	9/2624	0/1	0	0	inf
SRX535455	TFs and others	HEXIM1	Epidermis	A-375	2821	414/2624	0/1	0	0	inf
SRX535456	TFs and others	HEXIM1	Epidermis	A-375	515	49/2624	0/1	0	0	inf
SRX5359048	TFs and others	SREBF2	Breast	HCC70	19760	265/2624	0/1	0	0	inf
SRX5359049	TFs and others	SREBF2	Breast	HCC70	10962	68/2624	0/1	0	0	inf
SRX5359052	TFs and others	RORC	Breast	HCC70	15451	78/2624	0/1	0	0	inf
SRX5359053	TFs and others	RORC	Breast	HCC70	14305	66/2624	0/1	0	0	inf
SRX5360084	TFs and others	EZH2	Epidermis	Dermal fibroblast	511	1/2624	0/1	0	0	inf
SRX5360085	TFs and others	EZH2	Epidermis	Dermal fibroblast	635	1/2624	0/1	0	0	inf
SRX5360089	TFs and others	EZH2	Epidermis	Dermal fibroblast	509	1/2624	0/1	0	0	inf
SRX5360090	TFs and others	EZH2	Epidermis	Dermal fibroblast	455	1/2624	0/1	0	0	inf
SRX5360094	TFs and others	EZH2	Epidermis	Dermal fibroblast	506	1/2624	0/1	0	0	inf
SRX5360095	TFs and others	EZH2	Epidermis	Dermal fibroblast	387	1/2624	0/1	0	0	inf
SRX5360641	TFs and others	KLF4	Epidermis	BJ	256	2/2624	0/1	0	0	inf
SRX5360642	TFs and others	KLF4	Epidermis	BJ	61	1/2624	0/1	0	0	inf
SRX5360643	TFs and others	Epitope tags	Epidermis	BJ	1706	3/2624	0/1	0	0	inf
SRX5360644	TFs and others	Epitope tags	Epidermis	BJ	76	1/2624	0/1	0	0	inf
SRX5360649	TFs and others	KLF4	Epidermis	BJ	2973	277/2624	0/1	0	0	inf
SRX5360650	TFs and others	KLF4	Epidermis	BJ	6469	520/2624	0/1	0	0	inf
SRX5360651	TFs and others	Epitope tags	Epidermis	BJ	12819	262/2624	0/1	0	0	inf
SRX5360652	TFs and others	Epitope tags	Epidermis	BJ	5524	124/2624	0/1	0	0	inf
SRX5360661	TFs and others	KLF4	Epidermis	BJ	16236	823/2624	0/1	0	0	inf
SRX5360662	TFs and others	KLF4	Epidermis	BJ	158	2/2624	0/1	0	0	inf
SRX5360663	TFs and others	Epitope tags	Epidermis	BJ	41303	383/2624	0/1	0	0	inf
SRX5360664	TFs and others	Epitope tags	Epidermis	BJ	5771	57/2624	0/1	0	0	inf
SRX5360665	TFs and others	Epitope tags	Epidermis	BJ	83886	395/2624	0/1	0	0	inf
SRX5360666	TFs and others	Epitope tags	Epidermis	BJ	11811	69/2624	0/1	0	0	inf
SRX5371740	TFs and others	NFKB1	Blood	CD4+ T cells	2696	47/2624	0/1	0	0	inf
SRX5371741	TFs and others	NFKB1	Blood	CD4+ T cells	1876	28/2624	0/1	0	0	inf
SRX5371742	TFs and others	RELA	Blood	CD4+ T cells	1001	1/2624	0/1	0	0	inf
SRX5371743	TFs and others	RELA	Blood	CD4+ T cells	1435	1/2624	0/1	0	0	inf
SRX5382888	TFs and others	Epitope tags	Kidney	iSLK	842	2/2624	0/1	0	0	inf
SRX5382889	TFs and others	Epitope tags	Kidney	iSLK	953	2/2624	0/1	0	0	inf
SRX5382892	TFs and others	Epitope tags	Kidney	iSLK	777	2/2624	0/1	0	0	inf
SRX5382893	TFs and others	Epitope tags	Kidney	iSLK	969	2/2624	0/1	0	0	inf
SRX5385025	TFs and others	BRD3	Pluripotent stem cell	hESC H1	898	48/2624	0/1	0	0	inf
SRX5385026	TFs and others	BRD3	Pluripotent stem cell	hESC H1	3279	213/2624	0/1	0	0	inf
SRX5385027	TFs and others	BRD3	Pluripotent stem cell	hESC H1	287	7/2624	0/1	0	0	inf
SRX5385028	TFs and others	BRD3	Pluripotent stem cell	hESC H1	978	35/2624	0/1	0	0	inf
SRX5389159	TFs and others	PML	Blood	Acute promyelocytic leukemia	4510	64/2624	0/1	0	0	inf
SRX5389160	TFs and others	HDAC1	Blood	Acute promyelocytic leukemia	1130	13/2624	0/1	0	0	inf
SRX5389161	TFs and others	EP300	Blood	Acute promyelocytic leukemia	1965	11/2624	0/1	0	0	inf
SRX5391035	TFs and others	MLXIP	Muscle	Skeletal myotubes	528	1/2624	0/1	0	0	inf
SRX5391525	TFs and others	MYC	Blood	RAJI	621	1/2624	0/1	0	0	inf
SRX5391526	TFs and others	MYC	Blood	RAJI	7080	1216/2624	0/1	0	0	inf
SRX5391679	TFs and others	SMC3	Blood	Neutrophils	12602	859/2624	0/1	0	0	inf
SRX5391680	TFs and others	SMC3	Blood	Neutrophils	19658	1281/2624	0/1	0	0	inf
SRX5391681	TFs and others	SMC3	Blood	Neutrophils	5218	200/2624	0/1	0	0	inf
SRX5391682	TFs and others	RAD21	Blood	Neutrophils	2568	50/2624	0/1	0	0	inf
SRX5391683	TFs and others	RAD21	Blood	Neutrophils	21264	1013/2624	0/1	0	0	inf
SRX5391684	TFs and others	RAD21	Blood	Neutrophils	12197	545/2624	0/1	0	0	inf
SRX5391686	TFs and others	CTCF	Blood	Neutrophils	17957	517/2624	0/1	0	0	inf
SRX5391687	TFs and others	CTCF	Blood	Neutrophils	6271	159/2624	0/1	0	0	inf
SRX5391688	TFs and others	CTCF	Blood	Neutrophils	10163	293/2624	0/1	0	0	inf
SRX5391689	TFs and others	CTCF	Blood	Neutrophils	6878	175/2624	0/1	0	0	inf
SRX5391690	TFs and others	CTCF	Blood	Neutrophils	26459	858/2624	0/1	0	0	inf
SRX5391691	TFs and others	CTCF	Blood	Neutrophils	3292	121/2624	0/1	0	0	inf
SRX5394928	TFs and others	ATOH1	Epidermis	MKL-1	10197	75/2624	0/1	0	0	inf
SRX5394929	TFs and others	ATOH1	Epidermis	MKL-1	555	9/2624	0/1	0	0	inf
SRX5394956	TFs and others	TP53	Digestive tract	HCT 116	308	2/2624	0/1	0	0	inf
SRX539668	TFs and others	CTCF	Prostate	PC-3	35186	531/2624	0/1	0	0	inf
SRX539686	TFs and others	SPIN1	Adipocyte	T778	528	1/2624	0/1	0	0	inf
SRX5401652	TFs and others	AR	Prostate	Prostate cancer-derived fibroblasts	546	1/2624	0/1	0	0	inf
SRX5401653	TFs and others	AR	Prostate	Prostate cancer-derived fibroblasts	560	1/2624	0/1	0	0	inf
SRX5401656	TFs and others	AR	Prostate	Prostate cancer-derived fibroblasts	446	1/2624	0/1	0	0	inf
SRX5401657	TFs and others	AR	Prostate	Prostate cancer-derived fibroblasts	550	3/2624	0/1	0	0	inf
SRX5401658	TFs and others	AR	Prostate	Prostate cancer-derived fibroblasts	388	1/2624	0/1	0	0	inf
SRX5401659	TFs and others	AR	Prostate	Prostate cancer-derived fibroblasts	380	1/2624	0/1	0	0	inf
SRX5401662	TFs and others	AR	Prostate	Prostate cancer-derived fibroblasts	394	1/2624	0/1	0	0	inf
SRX5401663	TFs and others	AR	Prostate	Prostate cancer-derived fibroblasts	524	6/2624	0/1	0	0	inf
SRX5401859	TFs and others	NR3C1	Breast	T-47D	756	1/2624	0/1	0	0	inf
SRX5401860	TFs and others	NR3C1	Breast	T-47D	8572	22/2624	0/1	0	0	inf
SRX5401861	TFs and others	NR3C1	Breast	T-47D	1351	29/2624	0/1	0	0	inf
SRX5401863	TFs and others	PGR	Breast	T-47D	890	3/2624	0/1	0	0	inf
SRX5401864	TFs and others	PGR	Breast	T-47D	16851	121/2624	0/1	0	0	inf
SRX5401865	TFs and others	PGR	Breast	T-47D	1578	5/2624	0/1	0	0	inf
SRX5401866	TFs and others	PGR	Breast	T-47D	33551	232/2624	0/1	0	0	inf
SRX5405696	TFs and others	TFAP2C	Breast	SK-BR-3	40533	1304/2624	0/1	0	0	inf
SRX5405697	TFs and others	TFAP2C	Breast	HCC1954	10192	241/2624	0/1	0	0	inf
SRX540850	TFs and others	ALKBH3	Prostate	PC-3	413	26/2624	0/1	0	0	inf
SRX5409709	TFs and others	NETO2	Blood	CD34 Hematopoietic stem cells	12459	3/2624	0/1	0	0	inf
SRX5409710	TFs and others	NETO2	Blood	Kasumi-1	8998	429/2624	0/1	0	0	inf
SRX5409711	TFs and others	NETO2	Blood	U-937	1142	60/2624	0/1	0	0	inf
SRX5409712	TFs and others	NETO2	Blood	Kasumi-1	336	5/2624	0/1	0	0	inf
SRX5409713	TFs and others	NETO2	Blood	U-937	313	6/2624	0/1	0	0	inf
SRX541384	TFs and others	EZH2	Blood	Multiple Myeloma	1595	1/2624	0/1	0	0	inf
SRX541385	TFs and others	EZH2	Blood	Multiple Myeloma	12945	591/2624	0/1	0	0	inf
SRX541386	TFs and others	EZH2	Blood	Multiple Myeloma	1272	1/2624	0/1	0	0	inf
SRX541387	TFs and others	EZH2	Blood	Multiple Myeloma	11656	464/2624	0/1	0	0	inf
SRX5417096	TFs and others	SMC3	Uterus	HeLa	26547	296/2624	0/1	0	0	inf
SRX5417097	TFs and others	GFP	Uterus	HeLa	37439	311/2624	0/1	0	0	inf
SRX5417098	TFs and others	GFP	Uterus	HeLa	39863	437/2624	0/1	0	0	inf
SRX5417099	TFs and others	CTCF	Uterus	HeLa	38218	365/2624	0/1	0	0	inf
SRX542553	TFs and others	MYC	Blood	P493-6	1670	169/2624	0/1	0	0	inf
SRX542554	TFs and others	MYC	Blood	P493-6	3240	286/2624	0/1	0	0	inf
SRX5426118	TFs and others	MTF2	Pluripotent stem cell	NT2-D1	1029	3/2624	0/1	0	0	inf
SRX5426119	TFs and others	MTF2	Pluripotent stem cell	NT2-D1	94	1/2624	0/1	0	0	inf
SRX5426120	TFs and others	EPOP	Pluripotent stem cell	NT2-D1	605	2/2624	0/1	0	0	inf
SRX5426121	TFs and others	EPOP	Pluripotent stem cell	NT2-D1	94	1/2624	0/1	0	0	inf
SRX5426122	TFs and others	JARID2	Pluripotent stem cell	NT2-D1	2114	3/2624	0/1	0	0	inf
SRX5426123	TFs and others	JARID2	Pluripotent stem cell	NT2-D1	478	1/2624	0/1	0	0	inf
SRX5426124	TFs and others	AEBP2	Pluripotent stem cell	NT2-D1	193	1/2624	0/1	0	0	inf
SRX5426125	TFs and others	AEBP2	Pluripotent stem cell	NT2-D1	161	1/2624	0/1	0	0	inf
SRX5426126	TFs and others	SUZ12	Pluripotent stem cell	NT2-D1	811	1/2624	0/1	0	0	inf
SRX5426127	TFs and others	SUZ12	Pluripotent stem cell	NT2-D1	163	1/2624	0/1	0	0	inf
SRX5426128	TFs and others	CBX7	Pluripotent stem cell	NT2-D1	627	1/2624	0/1	0	0	inf
SRX5426129	TFs and others	CBX7	Pluripotent stem cell	NT2-D1	181	1/2624	0/1	0	0	inf
SRX5431454	TFs and others	Epitope tags	Digestive tract	Colorectal adenocarcinoma	1111	5/2624	0/1	0	0	inf
SRX5431455	TFs and others	Epitope tags	Digestive tract	Colorectal adenocarcinoma	1037	4/2624	0/1	0	0	inf
SRX5431456	TFs and others	Epitope tags	Digestive tract	Colorectal adenocarcinoma	965	1/2624	0/1	0	0	inf
SRX5431457	TFs and others	Epitope tags	Digestive tract	Colorectal adenocarcinoma	1084	1/2624	0/1	0	0	inf
SRX543180	TFs and others	ZNF750	Epidermis	Keratinocytes	12796	268/2624	0/1	0	0	inf
SRX543181	TFs and others	KLF4	Epidermis	Keratinocytes	6400	326/2624	0/1	0	0	inf
SRX5431826	TFs and others	BRAF	Pluripotent stem cell	hESC H1	1446	1/2624	0/1	0	0	inf
SRX5431827	TFs and others	TSC1	Pluripotent stem cell	hESC H1	1046	1/2624	0/1	0	0	inf
SRX543182	TFs and others	RCOR1	Epidermis	Keratinocytes	7224	80/2624	0/1	0	0	inf
SRX543183	TFs and others	KDM1A	Epidermis	Keratinocytes	2211	14/2624	0/1	0	0	inf
SRX5432860	TFs and others	ARNTL	Breast	MDA-MB-231	341	2/2624	0/1	0	0	inf
SRX5432861	TFs and others	MAX	Breast	MDA-MB-231	622	79/2624	0/1	0	0	inf
SRX5441325	TFs and others	PCF11	Uterus	HeLa	852	11/2624	0/1	0	0	inf
SRX5441326	TFs and others	PCF11	Uterus	HeLa	2652	45/2624	0/1	0	0	inf
SRX5441327	TFs and others	PCF11	Uterus	HeLa	1004	12/2624	0/1	0	0	inf
SRX5441328	TFs and others	PCF11	Uterus	HeLa	1487	33/2624	0/1	0	0	inf
SRX5441330	TFs and others	CPSF3	Uterus	HeLa	342	5/2624	0/1	0	0	inf
SRX5441331	TFs and others	CPSF3	Uterus	HeLa	876	55/2624	0/1	0	0	inf
SRX5441334	TFs and others	CPSF3	Uterus	HeLa	343	9/2624	0/1	0	0	inf
SRX5441335	TFs and others	CPSF3	Uterus	HeLa	1403	123/2624	0/1	0	0	inf
SRX5444508	TFs and others	DOT1L	Blood	ML-2	98	2/2624	0/1	0	0	inf
SRX5444509	TFs and others	DOT1L	Blood	ML-2	172	2/2624	0/1	0	0	inf
SRX5444510	TFs and others	MEN1	Blood	ML-2	319	1/2624	0/1	0	0	inf
SRX5444511	TFs and others	MEN1	Blood	ML-2	304	1/2624	0/1	0	0	inf
SRX5444512	TFs and others	KMT2A	Blood	ML-2	219	5/2624	0/1	0	0	inf
SRX5444513	TFs and others	KMT2A	Blood	ML-2	217	1/2624	0/1	0	0	inf
SRX5444515	TFs and others	DOT1L	Blood	MOLM-13	372	5/2624	0/1	0	0	inf
SRX5444516	TFs and others	DOT1L	Blood	MOLM-13	239	1/2624	0/1	0	0	inf
SRX5444517	TFs and others	MEN1	Blood	MOLM-13	246	5/2624	0/1	0	0	inf
SRX5444518	TFs and others	MEN1	Blood	MOLM-13	215	1/2624	0/1	0	0	inf
SRX5444519	TFs and others	KMT2A	Blood	MOLM-13	601	63/2624	0/1	0	0	inf
SRX5444520	TFs and others	KMT2A	Blood	MOLM-13	1023	209/2624	0/1	0	0	inf
SRX5444525	TFs and others	DOT1L	Blood	RS 411	158	1/2624	0/1	0	0	inf
SRX5444526	TFs and others	DOT1L	Blood	RS 411	177	1/2624	0/1	0	0	inf
SRX5444527	TFs and others	MEN1	Blood	RS 411	180	10/2624	0/1	0	0	inf
SRX5444528	TFs and others	MEN1	Blood	RS 411	238	10/2624	0/1	0	0	inf
SRX5444529	TFs and others	KMT2A	Blood	RS 411	343	4/2624	0/1	0	0	inf
SRX5444530	TFs and others	KMT2A	Blood	RS 411	1004	108/2624	0/1	0	0	inf
SRX5444558	TFs and others	KDM6A	Pluripotent stem cell	hESC derived neural cells	221	6/2624	0/1	0	0	inf
SRX5444559	TFs and others	KDM6A	Pluripotent stem cell	hESC derived neural cells	551	1/2624	0/1	0	0	inf
SRX5447475	TFs and others	Epitope tags	Pluripotent stem cell	iPS cells	1517	207/2624	0/1	0	0	inf
SRX5447476	TFs and others	Epitope tags	Pluripotent stem cell	iPS cells	1058	127/2624	0/1	0	0	inf
SRX545943	TFs and others	MBD2	Breast	MCF-7	465	1/2624	0/1	0	0	inf
SRX5464931	TFs and others	YAP1	Pluripotent stem cell	iPS derived cardiac cells	1656	7/2624	0/1	0	0	inf
SRX5465792	TFs and others	ESR1	Breast	MCF-7	3241	138/2624	0/1	0	0	inf
SRX5465793	TFs and others	ESR1	Breast	MCF-7	3825	48/2624	0/1	0	0	inf
SRX5486412	TFs and others	ZIC5	Digestive tract	HCT 116	3797	134/2624	0/1	0	0	inf
SRX5486413	TFs and others	ZIC5	Digestive tract	HCT 116	860	19/2624	0/1	0	0	inf
SRX5486414	TFs and others	ZIC5	Digestive tract	HCT 116	691	11/2624	0/1	0	0	inf
SRX5486424	TFs and others	ZIC5	Digestive tract	HCT 116	1344	49/2624	0/1	0	0	inf
SRX5486425	TFs and others	ZIC5	Digestive tract	HCT 116	544	1/2624	0/1	0	0	inf
SRX5486429	TFs and others	ZIC5	Digestive tract	HCT 116	1838	85/2624	0/1	0	0	inf
SRX5486430	TFs and others	ZIC5	Digestive tract	HCT 116	878	29/2624	0/1	0	0	inf
SRX5486433	TFs and others	ZIC5	Digestive tract	HCT 116	1679	72/2624	0/1	0	0	inf
SRX5486434	TFs and others	ZIC5	Digestive tract	HCT 116	1020	20/2624	0/1	0	0	inf
SRX5486437	TFs and others	TCF7L2	Digestive tract	HCT 116	1688	78/2624	0/1	0	0	inf
SRX5486438	TFs and others	TCF7L2	Digestive tract	HCT 116	2062	89/2624	0/1	0	0	inf
SRX5486439	TFs and others	TCF7L2	Digestive tract	HCT 116	2171	91/2624	0/1	0	0	inf
SRX5486443	TFs and others	ZIC2	Digestive tract	HCT 116	3307	223/2624	0/1	0	0	inf
SRX5486444	TFs and others	ZIC2	Digestive tract	HCT 116	646	22/2624	0/1	0	0	inf
SRX5486445	TFs and others	ZIC2	Digestive tract	HCT 116	624	16/2624	0/1	0	0	inf
SRX5491530	TFs and others	XPO1	Blood	K-562	92	1/2624	0/1	0	0	inf
SRX5491531	TFs and others	XPO1	Blood	OCI-AML3	25	1/2624	0/1	0	0	inf
SRX5491532	TFs and others	XPO1	Blood	Loucy	61	1/2624	0/1	0	0	inf
SRX5491533	TFs and others	XPO1	Blood	Loucy	76	1/2624	0/1	0	0	inf
SRX5491534	TFs and others	XPO1	Blood	HL-60	21	1/2624	0/1	0	0	inf
SRX5491536	TFs and others	XPO1	Blood	Loucy	68	1/2624	0/1	0	0	inf
SRX5491539	TFs and others	NUP214	Blood	Loucy	52	1/2624	0/1	0	0	inf
SRX5491540	TFs and others	NUP214	Blood	Loucy	80	1/2624	0/1	0	0	inf
SRX5491542	TFs and others	NPM1	Blood	OCI-AML3	34	2/2624	0/1	0	0	inf
SRX5493746	TFs and others	AR	Breast	Breast cancer cells	378	4/2624	0/1	0	0	inf
SRX5493747	TFs and others	AR	Breast	Breast cancer cells	411	8/2624	0/1	0	0	inf
SRX5493748	TFs and others	AR	Breast	Breast cancer cells	492	4/2624	0/1	0	0	inf
SRX5493749	TFs and others	AR	Breast	Breast cancer cells	4148	24/2624	0/1	0	0	inf
SRX5493750	TFs and others	AR	Breast	Breast cancer cells	326	1/2624	0/1	0	0	inf
SRX5493751	TFs and others	AR	Breast	Breast cancer cells	213	2/2624	0/1	0	0	inf
SRX5493752	TFs and others	AR	Breast	Breast cancer cells	162	1/2624	0/1	0	0	inf
SRX5493753	TFs and others	AR	Breast	Breast cancer cells	387	8/2624	0/1	0	0	inf
SRX5493754	TFs and others	AR	Breast	Breast cancer cells	252	6/2624	0/1	0	0	inf
SRX5493755	TFs and others	FOXA1	Breast	Breast cancer cells	825	7/2624	0/1	0	0	inf
SRX5493756	TFs and others	FOXA1	Breast	Breast cancer cells	3691	39/2624	0/1	0	0	inf
SRX5493757	TFs and others	FOXA1	Breast	Breast cancer cells	2279	22/2624	0/1	0	0	inf
SRX5493758	TFs and others	FOXA1	Breast	Breast cancer cells	23582	199/2624	0/1	0	0	inf
SRX5493759	TFs and others	FOXA1	Breast	Breast cancer cells	667	15/2624	0/1	0	0	inf
SRX5493760	TFs and others	FOXA1	Breast	Breast cancer cells	6170	65/2624	0/1	0	0	inf
SRX5493761	TFs and others	FOXA1	Breast	Breast cancer cells	8650	120/2624	0/1	0	0	inf
SRX5493762	TFs and others	FOXA1	Breast	Breast cancer cells	3153	28/2624	0/1	0	0	inf
SRX5493763	TFs and others	ESR1	Breast	Breast cancer cells	1776	22/2624	0/1	0	0	inf
SRX5493764	TFs and others	ESR1	Breast	Breast cancer cells	663	6/2624	0/1	0	0	inf
SRX5493765	TFs and others	ESR1	Breast	Breast cancer cells	441	3/2624	0/1	0	0	inf
SRX5493766	TFs and others	ESR1	Breast	Breast cancer cells	229	1/2624	0/1	0	0	inf
SRX5493767	TFs and others	ESR1	Breast	Breast cancer cells	632	5/2624	0/1	0	0	inf
SRX5493768	TFs and others	ESR1	Breast	Breast cancer cells	769	7/2624	0/1	0	0	inf
SRX5493769	TFs and others	ESR1	Breast	Breast cancer cells	3665	43/2624	0/1	0	0	inf
SRX5493770	TFs and others	ESR1	Breast	Breast cancer cells	208	1/2624	0/1	0	0	inf
SRX5501656	TFs and others	DDX21	Epidermis	A-375	6818	1119/2624	0/1	0	0	inf
SRX5501657	TFs and others	CDK9	Epidermis	A-375	537	33/2624	0/1	0	0	inf
SRX5501658	TFs and others	DDX21	Epidermis	A-375	3618	550/2624	0/1	0	0	inf
SRX5501659	TFs and others	CDK9	Epidermis	A-375	330	1/2624	0/1	0	0	inf
SRX5501660	TFs and others	DDX21	Epidermis	A-375	6639	1090/2624	0/1	0	0	inf
SRX5501661	TFs and others	CDK9	Epidermis	A-375	591	32/2624	0/1	0	0	inf
SRX5503025	TFs and others	Epitope tags	Kidney	293	272	1/2624	0/1	0	0	inf
SRX5503026	TFs and others	Epitope tags	Kidney	293	69	1/2624	0/1	0	0	inf
SRX5503138	TFs and others	IRF9	Blood	THP-1	129	1/2624	0/1	0	0	inf
SRX5503139	TFs and others	IRF9	Blood	THP-1	435	1/2624	0/1	0	0	inf
SRX5503140	TFs and others	STAT1	Blood	THP-1	404	1/2624	0/1	0	0	inf
SRX5503141	TFs and others	STAT1	Blood	THP-1	290	1/2624	0/1	0	0	inf
SRX5503142	TFs and others	STAT2	Blood	THP-1	200	4/2624	0/1	0	0	inf
SRX5503143	TFs and others	STAT2	Blood	THP-1	461	1/2624	0/1	0	0	inf
SRX5504125	TFs and others	FOXA2	Pancreas	CFPAC-1	31910	408/2624	0/1	0	0	inf
SRX5504126	TFs and others	FOXA2	Pancreas	CFPAC-1	20697	224/2624	0/1	0	0	inf
SRX5504127	TFs and others	Epitope tags	Pancreas	CFPAC-1	10670	78/2624	0/1	0	0	inf
SRX5504128	TFs and others	FOXA2	Pancreas	PANC-1	13282	166/2624	0/1	0	0	inf
SRX5504129	TFs and others	FOXA2	Pancreas	PANC-1	15827	244/2624	0/1	0	0	inf
SRX5504130	TFs and others	HNF1B	Pancreas	PANC-1	10616	1180/2624	0/1	0	0	inf
SRX5504739	TFs and others	Epitope tags	Pluripotent stem cell	hESC derived neural cells	223	1/2624	0/1	0	0	inf
SRX5504741	TFs and others	Epitope tags	Pluripotent stem cell	hESC derived neural cells	362	1/2624	0/1	0	0	inf
SRX5504743	TFs and others	Epitope tags	Pluripotent stem cell	hESC derived neural cells	204	1/2624	0/1	0	0	inf
SRX5504745	TFs and others	Epitope tags	Pluripotent stem cell	hESC derived neural cells	114	1/2624	0/1	0	0	inf
SRX5508306	TFs and others	HIRA	Unclassified	Unclassified	748	1/2624	0/1	0	0	inf
SRX5508308	TFs and others	HIRA	Unclassified	Unclassified	745	3/2624	0/1	0	0	inf
SRX5508310	TFs and others	HIRA	Unclassified	Unclassified	1018	4/2624	0/1	0	0	inf
SRX5511291	TFs and others	ESR1	Breast	MCF-7	2789	25/2624	0/1	0	0	inf
SRX5511292	TFs and others	ESR1	Breast	MCF-7	2413	24/2624	0/1	0	0	inf
SRX5511293	TFs and others	ESR1	Breast	MCF-7	3254	27/2624	0/1	0	0	inf
SRX5511296	TFs and others	ESR1	Breast	MCF-7	2270	19/2624	0/1	0	0	inf
SRX5511297	TFs and others	ESR1	Breast	MCF-7	2458	27/2624	0/1	0	0	inf
SRX5511298	TFs and others	ESR1	Breast	MCF-7	2333	19/2624	0/1	0	0	inf
SRX5511301	TFs and others	ESR1	Breast	MDA-MB-231	321	1/2624	0/1	0	0	inf
SRX5511302	TFs and others	ESR1	Breast	MDA-MB-231	325	5/2624	0/1	0	0	inf
SRX5511303	TFs and others	ESR1	Breast	MDA-MB-231	358	1/2624	0/1	0	0	inf
SRX5511306	TFs and others	ESR1	Breast	MDA-MB-231	343	1/2624	0/1	0	0	inf
SRX5511307	TFs and others	ESR1	Breast	MDA-MB-231	394	3/2624	0/1	0	0	inf
SRX5511308	TFs and others	ESR1	Breast	MDA-MB-231	353	1/2624	0/1	0	0	inf
SRX5511311	TFs and others	ESR1	Breast	MDA-MB-231	395	1/2624	0/1	0	0	inf
SRX5511312	TFs and others	ESR1	Breast	MDA-MB-231	375	1/2624	0/1	0	0	inf
SRX5511313	TFs and others	ESR1	Breast	MDA-MB-231	342	1/2624	0/1	0	0	inf
SRX5513513	TFs and others	PHF20L1	Breast	MDA-MB-231	99	1/2624	0/1	0	0	inf
SRX5513514	TFs and others	EZH2	Breast	MDA-MB-231	18	1/2624	0/1	0	0	inf
SRX5513515	TFs and others	MTA1	Breast	MDA-MB-231	46	1/2624	0/1	0	0	inf
SRX5513519	TFs and others	EZH2	Breast	MDA-MB-231	30	1/2624	0/1	0	0	inf
SRX5513520	TFs and others	MTA1	Breast	MDA-MB-231	36	1/2624	0/1	0	0	inf
SRX5514006	TFs and others	FOS	Uterus	Myometrium	411	7/2624	0/1	0	0	inf
SRX5514007	TFs and others	FOS	Uterus	Myometrium	3954	314/2624	0/1	0	0	inf
SRX5514008	TFs and others	FOS	Uterus	Myometrium	613	7/2624	0/1	0	0	inf
SRX5514009	TFs and others	FOS	Uterus	Myometrium	4066	112/2624	0/1	0	0	inf
SRX5514010	TFs and others	FOS	Uterus	Myometrium	1058	32/2624	0/1	0	0	inf
SRX5514011	TFs and others	FOS	Uterus	Uterin leiomyoma	647	26/2624	0/1	0	0	inf
SRX5514012	TFs and others	FOS	Uterus	Uterin leiomyoma	3800	385/2624	0/1	0	0	inf
SRX5514013	TFs and others	FOS	Uterus	Uterin leiomyoma	573	23/2624	0/1	0	0	inf
SRX5514014	TFs and others	FOS	Uterus	Uterin leiomyoma	1188	53/2624	0/1	0	0	inf
SRX5514015	TFs and others	FOS	Uterus	Uterin leiomyoma	1277	26/2624	0/1	0	0	inf
SRX5514016	TFs and others	JUN	Uterus	Myometrium	799	23/2624	0/1	0	0	inf
SRX5514017	TFs and others	JUN	Uterus	Myometrium	2944	233/2624	0/1	0	0	inf
SRX5514018	TFs and others	JUN	Uterus	Myometrium	785	13/2624	0/1	0	0	inf
SRX5514019	TFs and others	JUN	Uterus	Myometrium	767	27/2624	0/1	0	0	inf
SRX5514020	TFs and others	JUN	Uterus	Myometrium	608	11/2624	0/1	0	0	inf
SRX5514021	TFs and others	JUN	Uterus	Uterin leiomyoma	705	26/2624	0/1	0	0	inf
SRX5514022	TFs and others	JUN	Uterus	Uterin leiomyoma	543	37/2624	0/1	0	0	inf
SRX5514023	TFs and others	JUN	Uterus	Uterin leiomyoma	341	7/2624	0/1	0	0	inf
SRX5514024	TFs and others	JUN	Uterus	Uterin leiomyoma	251	5/2624	0/1	0	0	inf
SRX5514025	TFs and others	JUN	Uterus	Uterin leiomyoma	345	6/2624	0/1	0	0	inf
SRX5514026	TFs and others	CDK8	Uterus	Myometrium	449	49/2624	0/1	0	0	inf
SRX5514027	TFs and others	CDK8	Uterus	Myometrium	3513	636/2624	0/1	0	0	inf
SRX5514028	TFs and others	CDK8	Uterus	Myometrium	669	78/2624	0/1	0	0	inf
SRX5514029	TFs and others	CDK8	Uterus	Myometrium	1561	217/2624	0/1	0	0	inf
SRX5514030	TFs and others	CDK8	Uterus	Myometrium	1335	180/2624	0/1	0	0	inf
SRX5514031	TFs and others	CDK8	Uterus	Uterin leiomyoma	2482	403/2624	0/1	0	0	inf
SRX5514032	TFs and others	CDK8	Uterus	Uterin leiomyoma	4769	894/2624	0/1	0	0	inf
SRX5514033	TFs and others	CDK8	Uterus	Uterin leiomyoma	314	25/2624	0/1	0	0	inf
SRX5514034	TFs and others	CDK8	Uterus	Uterin leiomyoma	1458	272/2624	0/1	0	0	inf
SRX5514035	TFs and others	CDK8	Uterus	Uterin leiomyoma	816	95/2624	0/1	0	0	inf
SRX5514036	TFs and others	MED12	Uterus	Myometrium	503	55/2624	0/1	0	0	inf
SRX5514038	TFs and others	MED12	Uterus	Myometrium	2158	185/2624	0/1	0	0	inf
SRX5514039	TFs and others	MED12	Uterus	Myometrium	1147	89/2624	0/1	0	0	inf
SRX5514040	TFs and others	MED12	Uterus	Myometrium	442	29/2624	0/1	0	0	inf
SRX5514041	TFs and others	MED12	Uterus	Uterin leiomyoma	2726	195/2624	0/1	0	0	inf
SRX5514042	TFs and others	MED12	Uterus	Uterin leiomyoma	4064	609/2624	0/1	0	0	inf
SRX5514043	TFs and others	MED12	Uterus	Uterin leiomyoma	247	9/2624	0/1	0	0	inf
SRX5514044	TFs and others	MED12	Uterus	Uterin leiomyoma	1717	235/2624	0/1	0	0	inf
SRX5514045	TFs and others	MED12	Uterus	Uterin leiomyoma	791	51/2624	0/1	0	0	inf
SRX5522009	TFs and others	CTCF	Blood	HUDEP-2	32207	503/2624	0/1	0	0	inf
SRX5525074	TFs and others	CTCF	Epidermis	A-375	1644	34/2624	0/1	0	0	inf
SRX5525775	TFs and others	MYCN	Neural	SH-EP	1866	224/2624	0/1	0	0	inf
SRX5525776	TFs and others	MYCN	Neural	SH-EP	582	37/2624	0/1	0	0	inf
SRX5525777	TFs and others	MYCN	Neural	SH-EP	2861	516/2624	0/1	0	0	inf
SRX5525778	TFs and others	MYCN	Neural	SH-EP	2370	376/2624	0/1	0	0	inf
SRX5525779	TFs and others	MYCN	Neural	SH-EP	1911	265/2624	0/1	0	0	inf
SRX5525780	TFs and others	MYCN	Neural	SH-EP	2023	296/2624	0/1	0	0	inf
SRX5525781	TFs and others	MYCN	Neural	SH-EP	1070	117/2624	0/1	0	0	inf
SRX5525782	TFs and others	MYCN	Neural	SH-EP	1617	255/2624	0/1	0	0	inf
SRX5525783	TFs and others	MYCN	Neural	SH-EP	382	1/2624	0/1	0	0	inf
SRX5525784	TFs and others	MYCN	Neural	SH-EP	449	1/2624	0/1	0	0	inf
SRX5525785	TFs and others	MYCN	Neural	SH-EP	599	1/2624	0/1	0	0	inf
SRX5525788	TFs and others	MYCN	Neural	SH-EP	420	1/2624	0/1	0	0	inf
SRX5525789	TFs and others	MYCN	Neural	SH-EP	2471	18/2624	0/1	0	0	inf
SRX5525790	TFs and others	MYCN	Neural	SH-EP	418	2/2624	0/1	0	0	inf
SRX5525791	TFs and others	MYCN	Neural	SH-EP	381	1/2624	0/1	0	0	inf
SRX5527607	TFs and others	EP300	Cardiovascular	HAEC	15525	399/2624	0/1	0	0	inf
SRX5527609	TFs and others	EP300	Cardiovascular	HAEC	19398	502/2624	0/1	0	0	inf
SRX5527615	TFs and others	EP300	Cardiovascular	HUVEC	27870	663/2624	0/1	0	0	inf
SRX5527617	TFs and others	EP300	Cardiovascular	HUVEC	26078	811/2624	0/1	0	0	inf
SRX5527648	TFs and others	NR2F2	Cardiovascular	HUVEC	56	1/2624	0/1	0	0	inf
SRX5527649	TFs and others	NR2F2	Cardiovascular	HUVEC	38	1/2624	0/1	0	0	inf
SRX5527654	TFs and others	ERG	Cardiovascular	HAEC	3545	101/2624	0/1	0	0	inf
SRX5527655	TFs and others	ERG	Cardiovascular	HAEC	4115	133/2624	0/1	0	0	inf
SRX5527658	TFs and others	ERG	Cardiovascular	HUVEC	32687	1056/2624	0/1	0	0	inf
SRX5527659	TFs and others	ERG	Cardiovascular	HUVEC	6226	180/2624	0/1	0	0	inf
SRX5527890	TFs and others	UPF1	Breast	Breast cancer cells	454	2/2624	0/1	0	0	inf
SRX5532358	TFs and others	CTCF	Neural	Anterior temporal cortex	1417	140/2624	0/1	0	0	inf
SRX5532361	TFs and others	CTCF	Neural	Anterior temporal cortex	779	60/2624	0/1	0	0	inf
SRX5532364	TFs and others	CTCF	Neural	Anterior temporal cortex	1594	149/2624	0/1	0	0	inf
SRX5532367	TFs and others	CTCF	Neural	Anterior temporal cortex	1202	58/2624	0/1	0	0	inf
SRX5534831	TFs and others	ESR1	Breast	MCF-7	25373	298/2624	0/1	0	0	inf
SRX5534832	TFs and others	ESR1	Breast	MCF-7	28419	396/2624	0/1	0	0	inf
SRX5534841	TFs and others	FOXA1	Breast	MCF-7	5568	52/2624	0/1	0	0	inf
SRX5534842	TFs and others	FOXA1	Breast	MCF-7	8327	107/2624	0/1	0	0	inf
SRX5534843	TFs and others	ESR1	Breast	MCF-7	3201	64/2624	0/1	0	0	inf
SRX5534844	TFs and others	ESR1	Breast	MCF-7	161	8/2624	0/1	0	0	inf
SRX5534847	TFs and others	ESR1	Breast	MCF-7	2509	25/2624	0/1	0	0	inf
SRX5534848	TFs and others	ESR1	Breast	MCF-7	337	7/2624	0/1	0	0	inf
SRX5534851	TFs and others	EP300	Breast	MCF-7	3985	58/2624	0/1	0	0	inf
SRX5534852	TFs and others	EP300	Breast	MCF-7	807	13/2624	0/1	0	0	inf
SRX5534853	TFs and others	ESR1	Breast	MCF-7	3189	24/2624	0/1	0	0	inf
SRX5534854	TFs and others	ESR1	Breast	MCF-7	2013	27/2624	0/1	0	0	inf
SRX5534859	TFs and others	ARID1B	Breast	MCF-7	267	9/2624	0/1	0	0	inf
SRX5534860	TFs and others	ARID1B	Breast	MCF-7	218	8/2624	0/1	0	0	inf
SRX5534861	TFs and others	SMARCA4	Breast	MCF-7	273	30/2624	0/1	0	0	inf
SRX5534862	TFs and others	SMARCA4	Breast	MCF-7	207	13/2624	0/1	0	0	inf
SRX5534863	TFs and others	EP300	Breast	MCF-7	5568	218/2624	0/1	0	0	inf
SRX5534864	TFs and others	EP300	Breast	MCF-7	228	11/2624	0/1	0	0	inf
SRX5534865	TFs and others	GATA3	Breast	MCF-7	4155	142/2624	0/1	0	0	inf
SRX5534866	TFs and others	GATA3	Breast	MCF-7	1258	89/2624	0/1	0	0	inf
SRX5534871	TFs and others	JUN	Breast	MCF-7	400	34/2624	0/1	0	0	inf
SRX5534872	TFs and others	JUN	Breast	MCF-7	4509	223/2624	0/1	0	0	inf
SRX5534873	TFs and others	JUN	Breast	MCF-7	403	25/2624	0/1	0	0	inf
SRX5534874	TFs and others	JUN	Breast	MCF-7	3167	106/2624	0/1	0	0	inf
SRX553658	TFs and others	TRIM28	Pluripotent stem cell	hESC H1	21138	37/2624	0/1	0	0	inf
SRX553665	TFs and others	TRIM28	Pluripotent stem cell	hESC H1	8253	1/2624	0/1	0	0	inf
SRX5548891	TFs and others	FOXO1	Cardiovascular	HUVEC	597	1/2624	0/1	0	0	inf
SRX5548892	TFs and others	FOXO1	Cardiovascular	HUVEC	8722	661/2624	0/1	0	0	inf
SRX5552346	TFs and others	TP53	Lung	Calu-1	198	1/2624	0/1	0	0	inf
SRX5552347	TFs and others	TP53	Lung	Calu-1	142	1/2624	0/1	0	0	inf
SRX555489	TFs and others	Epitope tags	Pluripotent stem cell	KhES-3	48	1/2624	0/1	0	0	inf
SRX5556898	TFs and others	LEO1	Kidney	293	150	1/2624	0/1	0	0	inf
SRX5556899	TFs and others	LEO1	Kidney	293	438	1/2624	0/1	0	0	inf
SRX5556900	TFs and others	LEO1	Kidney	293	67	1/2624	0/1	0	0	inf
SRX5556901	TFs and others	LEO1	Kidney	293	390	1/2624	0/1	0	0	inf
SRX5567163	TFs and others	EZH2	Blood	Acute myeloid leukemia	179	1/2624	0/1	0	0	inf
SRX5567164	TFs and others	MYH11	Blood	Acute myeloid leukemia	161	1/2624	0/1	0	0	inf
SRX5567165	TFs and others	RNF2	Blood	Acute myeloid leukemia	137	1/2624	0/1	0	0	inf
SRX5567166	TFs and others	EZH2	Blood	Acute myeloid leukemia	51	1/2624	0/1	0	0	inf
SRX5567167	TFs and others	MYH11	Blood	Acute myeloid leukemia	59	1/2624	0/1	0	0	inf
SRX5567168	TFs and others	RNF2	Blood	Acute myeloid leukemia	202	1/2624	0/1	0	0	inf
SRX5567173	TFs and others	EZH2	Blood	ME-1	219	8/2624	0/1	0	0	inf
SRX5567174	TFs and others	EZH2	Blood	ME-1	265	13/2624	0/1	0	0	inf
SRX5567175	TFs and others	MYH11	Blood	ME-1	1580	14/2624	0/1	0	0	inf
SRX5567176	TFs and others	MYH11	Blood	ME-1	125	1/2624	0/1	0	0	inf
SRX5567177	TFs and others	RNF2	Blood	ME-1	3145	225/2624	0/1	0	0	inf
SRX5567178	TFs and others	RNF2	Blood	ME-1	8141	687/2624	0/1	0	0	inf
SRX5567179	TFs and others	RUNX1	Blood	ME-1	9235	315/2624	0/1	0	0	inf
SRX5567180	TFs and others	RUNX1	Blood	ME-1	6326	219/2624	0/1	0	0	inf
SRX5574340	TFs and others	SPI1	Blood	B cells	9909	178/2624	0/1	0	0	inf
SRX5574341	TFs and others	SPI1	Blood	B cells	1276	16/2624	0/1	0	0	inf
SRX5574346	TFs and others	SPI1	Blood	Neutrophils	21080	196/2624	0/1	0	0	inf
SRX5574348	TFs and others	SPI1	Blood	Neutrophils	25605	417/2624	0/1	0	0	inf
SRX5574350	TFs and others	SPI1	Blood	Mast Cells	7569	152/2624	0/1	0	0	inf
SRX5574354	TFs and others	SPI1	Blood	Monocytes	31053	174/2624	0/1	0	0	inf
SRX5574355	TFs and others	SPI1	Blood	Monocytes	43285	386/2624	0/1	0	0	inf
SRX5574356	TFs and others	SPI1	Blood	Monocytes	28613	266/2624	0/1	0	0	inf
SRX5574357	TFs and others	SPI1	Blood	Dendritic Cells	43953	372/2624	0/1	0	0	inf
SRX5574359	TFs and others	SPI1	Blood	Dendritic Cells	67162	349/2624	0/1	0	0	inf
SRX5574361	TFs and others	SPI1	Blood	Dendritic Cells	72021	777/2624	0/1	0	0	inf
SRX5574362	TFs and others	SPI1	Blood	Dendritic Cells	36205	170/2624	0/1	0	0	inf
SRX5574363	TFs and others	SPI1	Blood	Dendritic Cells	43358	219/2624	0/1	0	0	inf
SRX5574364	TFs and others	SPI1	Blood	Dendritic Cells	64281	397/2624	0/1	0	0	inf
SRX5574365	TFs and others	SPI1	Blood	Dendritic Cells	39562	213/2624	0/1	0	0	inf
SRX5574366	TFs and others	Epitope tags	Blood	Dendritic Cells	416	1/2624	0/1	0	0	inf
SRX5574367	TFs and others	SPI1	Blood	Dendritic Cells	15290	128/2624	0/1	0	0	inf
SRX5574368	TFs and others	Epitope tags	Blood	Dendritic Cells	360	1/2624	0/1	0	0	inf
SRX5574369	TFs and others	SPI1	Blood	Dendritic Cells	24108	87/2624	0/1	0	0	inf
SRX5574371	TFs and others	SPI1	Blood	Monocytes	4806	36/2624	0/1	0	0	inf
SRX5574372	TFs and others	SPI1	Blood	Monocytes	1786	8/2624	0/1	0	0	inf
SRX5574373	TFs and others	SPI1	Blood	Monocytes	15801	244/2624	0/1	0	0	inf
SRX5574375	TFs and others	SPI1	Blood	Macrophages	36388	271/2624	0/1	0	0	inf
SRX5574376	TFs and others	SPI1	Blood	Macrophages	20688	113/2624	0/1	0	0	inf
SRX5574377	TFs and others	SPI1	Blood	Macrophages	5536	45/2624	0/1	0	0	inf
SRX5574379	TFs and others	SPI1	Blood	EM-3	19722	177/2624	0/1	0	0	inf
SRX5574381	TFs and others	SPI1	Blood	ML-2	20120	205/2624	0/1	0	0	inf
SRX5574383	TFs and others	SPI1	Blood	KG-1	7102	26/2624	0/1	0	0	inf
SRX5574385	TFs and others	SPI1	Blood	NB-4	14847	176/2624	0/1	0	0	inf
SRX5574387	TFs and others	SPI1	Blood	U-937	14010	70/2624	0/1	0	0	inf
SRX5574389	TFs and others	SPI1	Blood	THP-1	28428	130/2624	0/1	0	0	inf
SRX5574392	TFs and others	SPI1	Blood	THP-1	76189	477/2624	0/1	0	0	inf
SRX5574443	TFs and others	EN1	Breast	MCF-7	1145	17/2624	0/1	0	0	inf
SRX5574444	TFs and others	EN1	Breast	SUM 149PT	728	7/2624	0/1	0	0	inf
SRX5574445	TFs and others	EN1	Breast	SUM 159PT	621	7/2624	0/1	0	0	inf
SRX5574446	TFs and others	SPI1	Blood	CTV-1	36010	271/2624	0/1	0	0	inf
SRX5574447	TFs and others	SPI1	Blood	CTV-1	21126	102/2624	0/1	0	0	inf
SRX5574448	TFs and others	SPI1	Blood	CTV-1	34260	302/2624	0/1	0	0	inf
SRX5574449	TFs and others	SPI1	Blood	CTV-1	94595	791/2624	0/1	0	0	inf
SRX5574450	TFs and others	SPI1	Blood	CTV-1	87238	761/2624	0/1	0	0	inf
SRX5574451	TFs and others	SPI1	Blood	CTV-1	44477	365/2624	0/1	0	0	inf
SRX5574452	TFs and others	SPI1	Blood	CTV-1	23749	241/2624	0/1	0	0	inf
SRX5574453	TFs and others	SPI1	Blood	CTV-1	40532	425/2624	0/1	0	0	inf
SRX5574457	TFs and others	SPI1	Blood	CTV-1	37594	400/2624	0/1	0	0	inf
SRX5574458	TFs and others	SPI1	Blood	CTV-1	16519	164/2624	0/1	0	0	inf
SRX5574459	TFs and others	SPI1	Blood	CTV-1	12597	109/2624	0/1	0	0	inf
SRX5574460	TFs and others	SPI1	Blood	CTV-1	42039	516/2624	0/1	0	0	inf
SRX5574461	TFs and others	SPI1	Blood	CTV-1	40626	526/2624	0/1	0	0	inf
SRX5574462	TFs and others	SPI1	Blood	CTV-1	33498	470/2624	0/1	0	0	inf
SRX5574463	TFs and others	SPI1	Blood	CTV-1	19543	279/2624	0/1	0	0	inf
SRX5574465	TFs and others	ETS1	Blood	CTV-1	33103	1213/2624	0/1	0	0	inf
SRX5574467	TFs and others	FLI1	Blood	CTV-1	17132	674/2624	0/1	0	0	inf
SRX5574468	TFs and others	FLI1	Blood	CTV-1	33397	1183/2624	0/1	0	0	inf
SRX5574469	TFs and others	SMARCA4	Blood	CTV-1	14697	273/2624	0/1	0	0	inf
SRX5574470	TFs and others	SMARCA4	Blood	CTV-1	20689	562/2624	0/1	0	0	inf
SRX5574472	TFs and others	SPI1	Blood	CTV-1	454	1/2624	0/1	0	0	inf
SRX5574473	TFs and others	SPI1	Blood	CTV-1	613	1/2624	0/1	0	0	inf
SRX5574474	TFs and others	SPI1	Blood	CTV-1	494	1/2624	0/1	0	0	inf
SRX5574475	TFs and others	SPI1	Blood	CTV-1	904	1/2624	0/1	0	0	inf
SRX5574476	TFs and others	SPI1	Blood	CTV-1	777	1/2624	0/1	0	0	inf
SRX5574477	TFs and others	SPI1	Blood	CTV-1	535	1/2624	0/1	0	0	inf
SRX5574478	TFs and others	SPI1	Blood	CTV-1	453	1/2624	0/1	0	0	inf
SRX5574479	TFs and others	SPI1	Blood	CTV-1	471	1/2624	0/1	0	0	inf
SRX5574485	TFs and others	ETS1	Blood	CTV-1	21997	1159/2624	0/1	0	0	inf
SRX5574486	TFs and others	FLI1	Blood	CTV-1	17259	816/2624	0/1	0	0	inf
SRX5574487	TFs and others	FLI1	Blood	CTV-1	24156	1168/2624	0/1	0	0	inf
SRX5574488	TFs and others	SMARCA4	Blood	CTV-1	10626	336/2624	0/1	0	0	inf
SRX5574489	TFs and others	SMARCA4	Blood	CTV-1	12252	619/2624	0/1	0	0	inf
SRX5574491	TFs and others	SPI1	Blood	CTV-1	32366	279/2624	0/1	0	0	inf
SRX5574492	TFs and others	SPI1	Blood	CTV-1	51007	595/2624	0/1	0	0	inf
SRX5574493	TFs and others	SPI1	Blood	CTV-1	19639	430/2624	0/1	0	0	inf
SRX5574494	TFs and others	SPI1	Blood	CTV-1	23810	484/2624	0/1	0	0	inf
SRX5574495	TFs and others	SPI1	Blood	CTV-1	4024	70/2624	0/1	0	0	inf
SRX5574496	TFs and others	SPI1	Blood	CTV-1	8851	197/2624	0/1	0	0	inf
SRX5574497	TFs and others	SPI1	Blood	CTV-1	7049	308/2624	0/1	0	0	inf
SRX5574498	TFs and others	SPI1	Blood	CTV-1	13604	476/2624	0/1	0	0	inf
SRX5574499	TFs and others	SPI1	Blood	CTV-1	14011	492/2624	0/1	0	0	inf
SRX5574500	TFs and others	SPI1	Blood	CTV-1	31205	858/2624	0/1	0	0	inf
SRX5574501	TFs and others	SMARCA4	Blood	CTV-1	15599	496/2624	0/1	0	0	inf
SRX5574502	TFs and others	SMARCA4	Blood	CTV-1	11834	550/2624	0/1	0	0	inf
SRX5574505	TFs and others	SPI1	Blood	CTV-1	47603	533/2624	0/1	0	0	inf
SRX5574506	TFs and others	SPI1	Blood	CTV-1	23802	506/2624	0/1	0	0	inf
SRX5574507	TFs and others	SPI1	Blood	CTV-1	14210	491/2624	0/1	0	0	inf
SRX5574508	TFs and others	SPI1	Blood	TALL-1	66876	468/2624	0/1	0	0	inf
SRX5574509	TFs and others	SPI1	Blood	TALL-1	58010	467/2624	0/1	0	0	inf
SRX5574510	TFs and others	SPI1	Blood	TALL-1	536	1/2624	0/1	0	0	inf
SRX5574511	TFs and others	SPI1	Blood	TALL-1	493	1/2624	0/1	0	0	inf
SRX5574513	TFs and others	SPI1	Liver	Hep G2	44024	707/2624	0/1	0	0	inf
SRX5574514	TFs and others	SPI1	Liver	Hep G2	34933	527/2624	0/1	0	0	inf
SRX5574515	TFs and others	SPI1	Liver	Hep G2	501	1/2624	0/1	0	0	inf
SRX5574516	TFs and others	SPI1	Liver	Hep G2	531	1/2624	0/1	0	0	inf
SRX5577132	TFs and others	Epitope tags	Prostate	LNCAP	157	2/2624	0/1	0	0	inf
SRX5577133	TFs and others	Epitope tags	Prostate	LNCAP	369	5/2624	0/1	0	0	inf
SRX5577134	TFs and others	Epitope tags	Prostate	LNCAP	53586	215/2624	0/1	0	0	inf
SRX5577135	TFs and others	Epitope tags	Prostate	LNCAP	6081	43/2624	0/1	0	0	inf
SRX5577136	TFs and others	Epitope tags	Prostate	LNCAP	44422	433/2624	0/1	0	0	inf
SRX5577137	TFs and others	Epitope tags	Prostate	LNCAP	29872	196/2624	0/1	0	0	inf
SRX5577138	TFs and others	Epitope tags	Prostate	LNCAP	43388	309/2624	0/1	0	0	inf
SRX5577139	TFs and others	Epitope tags	Prostate	LNCAP	13315	45/2624	0/1	0	0	inf
SRX5577140	TFs and others	Epitope tags	Prostate	LNCAP	1799	17/2624	0/1	0	0	inf
SRX5577141	TFs and others	Epitope tags	Prostate	LNCAP	94	1/2624	0/1	0	0	inf
SRX5577142	TFs and others	Epitope tags	Prostate	LNCAP	353	5/2624	0/1	0	0	inf
SRX5577143	TFs and others	Epitope tags	Prostate	LNCAP	24579	109/2624	0/1	0	0	inf
SRX5577144	TFs and others	Epitope tags	Prostate	LNCAP	56025	502/2624	0/1	0	0	inf
SRX5577145	TFs and others	Epitope tags	Prostate	LNCAP	54295	340/2624	0/1	0	0	inf
SRX5577146	TFs and others	Epitope tags	Prostate	LNCAP	29945	415/2624	0/1	0	0	inf
SRX5577147	TFs and others	Epitope tags	Prostate	LNCAP	14452	33/2624	0/1	0	0	inf
SRX5577148	TFs and others	Epitope tags	Prostate	LNCAP	37903	120/2624	0/1	0	0	inf
SRX5577149	TFs and others	Epitope tags	Prostate	LNCAP	26601	97/2624	0/1	0	0	inf
SRX5577150	TFs and others	AR	Prostate	LNCAP	34812	524/2624	0/1	0	0	inf
SRX5577151	TFs and others	AR	Prostate	LNCAP	34325	675/2624	0/1	0	0	inf
SRX5577152	TFs and others	AR	Prostate	LNCAP	46315	589/2624	0/1	0	0	inf
SRX5577153	TFs and others	AR	Prostate	LNCAP	23708	89/2624	0/1	0	0	inf
SRX5577154	TFs and others	AR	Prostate	LNCAP	28532	223/2624	0/1	0	0	inf
SRX5577155	TFs and others	AR	Prostate	LNCAP	25660	233/2624	0/1	0	0	inf
SRX5577156	TFs and others	AR	Prostate	LNCAP	32225	379/2624	0/1	0	0	inf
SRX5577157	TFs and others	AR	Prostate	LNCAP	17454	28/2624	0/1	0	0	inf
SRX5577158	TFs and others	AR	Prostate	LNCAP	27784	120/2624	0/1	0	0	inf
SRX5577159	TFs and others	AR	Prostate	LNCAP	1287	136/2624	0/1	0	0	inf
SRX5577160	TFs and others	AR	Prostate	LNCAP	1657	106/2624	0/1	0	0	inf
SRX5577162	TFs and others	AR	Prostate	LNCAP	3367	334/2624	0/1	0	0	inf
SRX5577163	TFs and others	AR	Prostate	LNCAP	465	5/2624	0/1	0	0	inf
SRX5577164	TFs and others	AR	Prostate	LNCAP	3907	419/2624	0/1	0	0	inf
SRX5577165	TFs and others	AR	Prostate	LNCAP	1397	119/2624	0/1	0	0	inf
SRX5577166	TFs and others	AR	Prostate	LNCAP	492	6/2624	0/1	0	0	inf
SRX5577167	TFs and others	AR	Prostate	LNCAP	1043	25/2624	0/1	0	0	inf
SRX5598318	TFs and others	MYOCD	Lung	A549	12245	160/2624	0/1	0	0	inf
SRX5600876	TFs and others	ATF4	Neural	Prefrontal Cortex	415	1/2624	0/1	0	0	inf
SRX5600877	TFs and others	ATF4	Neural	Prefrontal Cortex	432	1/2624	0/1	0	0	inf
SRX5600879	TFs and others	ATF4	Neural	Prefrontal Cortex	470	1/2624	0/1	0	0	inf
SRX5600888	TFs and others	OLIG2	Neural	Prefrontal Cortex	447	12/2624	0/1	0	0	inf
SRX5600890	TFs and others	OLIG2	Neural	Prefrontal Cortex	1361	92/2624	0/1	0	0	inf
SRX5600891	TFs and others	OLIG2	Neural	Prefrontal Cortex	424	3/2624	0/1	0	0	inf
SRX5600892	TFs and others	OLIG2	Neural	Prefrontal Cortex	4752	738/2624	0/1	0	0	inf
SRX5600894	TFs and others	OLIG2	Neural	Prefrontal Cortex	425	12/2624	0/1	0	0	inf
SRX5600895	TFs and others	OLIG2	Neural	Prefrontal Cortex	1441	174/2624	0/1	0	0	inf
SRX5600897	TFs and others	OLIG2	Neural	Prefrontal Cortex	538	3/2624	0/1	0	0	inf
SRX5600899	TFs and others	THRA	Neural	Prefrontal Cortex	450	1/2624	0/1	0	0	inf
SRX5600906	TFs and others	THRA	Neural	Prefrontal Cortex	307	1/2624	0/1	0	0	inf
SRX5604675	TFs and others	HOXB13	Prostate	LNCAP	19036	58/2624	0/1	0	0	inf
SRX5604676	TFs and others	HOXB13	Prostate	LNCAP	2819	7/2624	0/1	0	0	inf
SRX5604677	TFs and others	HOXB13	Prostate	LNCAP	5707	6/2624	0/1	0	0	inf
SRX5604678	TFs and others	HOXB13	Prostate	LNCAP	4817	11/2624	0/1	0	0	inf
SRX5604679	TFs and others	FOXA1	Prostate	LNCAP	23785	592/2624	0/1	0	0	inf
SRX5604680	TFs and others	FOXA1	Prostate	LNCAP	29975	601/2624	0/1	0	0	inf
SRX5620949	TFs and others	FLI1	Bone	A-673	1140	6/2624	0/1	0	0	inf
SRX5620950	TFs and others	FLI1	Bone	A-673	582	2/2624	0/1	0	0	inf
SRX5620951	TFs and others	FLI1	Bone	A-673	595	3/2624	0/1	0	0	inf
SRX5620952	TFs and others	FLI1	Bone	A-673	4998	38/2624	0/1	0	0	inf
SRX5620953	TFs and others	FLI1	Bone	A-673	6086	31/2624	0/1	0	0	inf
SRX5620954	TFs and others	FLI1	Bone	A-673	8077	38/2624	0/1	0	0	inf
SRX5624363	TFs and others	GFP	Blood	Macrophages	819	1/2624	0/1	0	0	inf
SRX5624364	TFs and others	GFP	Blood	Macrophages	628	1/2624	0/1	0	0	inf
SRX5635067	TFs and others	RUNX1	Breast	MCF 10A	2915	26/2624	0/1	0	0	inf
SRX5646088	TFs and others	IRF1	Blood	K-562	2826	109/2624	0/1	0	0	inf
SRX5646089	TFs and others	IRF1	Blood	K-562	6910	430/2624	0/1	0	0	inf
SRX5647962	TFs and others	BRD4	Kidney	293	263	3/2624	0/1	0	0	inf
SRX5647963	TFs and others	BRD4	Kidney	293	389	2/2624	0/1	0	0	inf
SRX5647964	TFs and others	BRD4	Kidney	293	286	2/2624	0/1	0	0	inf
SRX5650759	TFs and others	BRD9	Blood	U-937	189	1/2624	0/1	0	0	inf
SRX5650760	TFs and others	BRD9	Uterus	HeLa	275	5/2624	0/1	0	0	inf
SRX5654405	TFs and others	GFP	Liver	Hep G2	609	1/2624	0/1	0	0	inf
SRX5654406	TFs and others	GFP	Liver	Hep G2	603	1/2624	0/1	0	0	inf
SRX5654407	TFs and others	GFP	Liver	Hep G2	665	1/2624	0/1	0	0	inf
SRX5654408	TFs and others	GFP	Liver	Hep G2	624	1/2624	0/1	0	0	inf
SRX5654409	TFs and others	GFP	Liver	Hep G2	800	1/2624	0/1	0	0	inf
SRX5654410	TFs and others	GFP	Liver	Hep G2	702	1/2624	0/1	0	0	inf
SRX5654411	TFs and others	GFP	Liver	Hep G2	622	1/2624	0/1	0	0	inf
SRX5654412	TFs and others	GFP	Liver	Hep G2	585	1/2624	0/1	0	0	inf
SRX5661459	TFs and others	RBM14	Kidney	293	271	1/2624	0/1	0	0	inf
SRX5661461	TFs and others	XRCC5	Kidney	293	47	1/2624	0/1	0	0	inf
SRX5661462	TFs and others	XRCC5	Kidney	293	55	1/2624	0/1	0	0	inf
SRX5661979	TFs and others	VDR	Kidney	Kidney Cortex	1918	239/2624	0/1	0	0	inf
SRX5661980	TFs and others	VDR	Kidney	Kidney Cortex	894	69/2624	0/1	0	0	inf
SRX5661981	TFs and others	VDR	Kidney	Kidney Cortex	1363	136/2624	0/1	0	0	inf
SRX5662024	TFs and others	MYCN	Neural	CHP-134	273	4/2624	0/1	0	0	inf
SRX5662025	TFs and others	MYCN	Neural	CHP-134	696	39/2624	0/1	0	0	inf
SRX5662026	TFs and others	MYCN	Neural	CHP-134	583	25/2624	0/1	0	0	inf
SRX5662027	TFs and others	JMJD6	Neural	CHP-134	168	4/2624	0/1	0	0	inf
SRX5662028	TFs and others	JMJD6	Neural	CHP-134	190	4/2624	0/1	0	0	inf
SRX5662029	TFs and others	JMJD6	Neural	CHP-134	232	4/2624	0/1	0	0	inf
SRX5665944	TFs and others	NFKB1	Kidney	293	442	1/2624	0/1	0	0	inf
SRX5665945	TFs and others	NFKB1	Kidney	293	492	1/2624	0/1	0	0	inf
SRX5665946	TFs and others	NFKB1	Kidney	293	455	1/2624	0/1	0	0	inf
SRX5665947	TFs and others	NFKB1	Kidney	293	767	1/2624	0/1	0	0	inf
SRX5665948	TFs and others	Epitope tags	Kidney	293	459	1/2624	0/1	0	0	inf
SRX5665949	TFs and others	Epitope tags	Kidney	293	339	1/2624	0/1	0	0	inf
SRX5668132	TFs and others	MEN1	Blood	IMS-M2	257	2/2624	0/1	0	0	inf
SRX5668133	TFs and others	MEN1	Blood	IMS-M2	267	3/2624	0/1	0	0	inf
SRX5668135	TFs and others	KMT2A	Blood	IMS-M2	2753	752/2624	0/1	0	0	inf
SRX5668138	TFs and others	MEN1	Blood	OCI-AML3	231	4/2624	0/1	0	0	inf
SRX5668139	TFs and others	MEN1	Blood	OCI-AML3	289	11/2624	0/1	0	0	inf
SRX5668140	TFs and others	KMT2A	Blood	OCI-AML3	1952	254/2624	0/1	0	0	inf
SRX5668141	TFs and others	KMT2A	Blood	OCI-AML3	2497	640/2624	0/1	0	0	inf
SRX5673029	TFs and others	TP53	Gonad	A2780	407	1/2624	0/1	0	0	inf
SRX5673030	TFs and others	TP53	Gonad	A2780	520	2/2624	0/1	0	0	inf
SRX5673031	TFs and others	ISL1	Gonad	A2780	31	1/2624	0/1	0	0	inf
SRX5673032	TFs and others	ISL1	Gonad	A2780	28	1/2624	0/1	0	0	inf
SRX5673033	TFs and others	EGR1	Gonad	A2780	427	49/2624	0/1	0	0	inf
SRX5673034	TFs and others	EGR1	Gonad	A2780	1056	132/2624	0/1	0	0	inf
SRX5679787	TFs and others	ARID1A	Others	12Z	10006	92/2624	0/1	0	0	inf
SRX5679788	TFs and others	ARID1A	Others	12Z	10262	101/2624	0/1	0	0	inf
SRX5683074	TFs and others	ESR1	Uterus	Ishikawa	2021	16/2624	0/1	0	0	inf
SRX5683075	TFs and others	ESR1	Uterus	Ishikawa	327	2/2624	0/1	0	0	inf
SRX5683076	TFs and others	ESR1	Uterus	Ishikawa	295	2/2624	0/1	0	0	inf
SRX5683077	TFs and others	ESR1	Uterus	Ishikawa	474	1/2624	0/1	0	0	inf
SRX5683078	TFs and others	ESR1	Uterus	Ishikawa	4016	72/2624	0/1	0	0	inf
SRX5683079	TFs and others	ESR1	Uterus	Ishikawa	4603	36/2624	0/1	0	0	inf
SRX5683080	TFs and others	ESR1	Uterus	Ishikawa	528	4/2624	0/1	0	0	inf
SRX5683081	TFs and others	ESR1	Uterus	Ishikawa	6310	255/2624	0/1	0	0	inf
SRX5683082	TFs and others	ESR1	Uterus	Ishikawa	448	14/2624	0/1	0	0	inf
SRX5683083	TFs and others	ESR1	Uterus	Ishikawa	2095	117/2624	0/1	0	0	inf
SRX5683084	TFs and others	ESR1	Breast	T-47D	315	3/2624	0/1	0	0	inf
SRX5683085	TFs and others	ETV4	Breast	T-47D	432	25/2624	0/1	0	0	inf
SRX5683086	TFs and others	ESR1	Breast	T-47D	1324	1/2624	0/1	0	0	inf
SRX5702146	TFs and others	PPP1R10	Bone	U2OS	933	12/2624	0/1	0	0	inf
SRX5702147	TFs and others	PPP1R10	Bone	U2OS	186	1/2624	0/1	0	0	inf
SRX5702148	TFs and others	PPP1R10	Bone	U2OS	344	6/2624	0/1	0	0	inf
SRX5702618	TFs and others	AR	Breast	T-47D	2538	11/2624	0/1	0	0	inf
SRX5702619	TFs and others	AR	Breast	T-47D	17693	54/2624	0/1	0	0	inf
SRX5702620	TFs and others	ESR1	Breast	T-47D	12682	258/2624	0/1	0	0	inf
SRX5702621	TFs and others	ESR1	Breast	T-47D	12434	242/2624	0/1	0	0	inf
SRX5702623	TFs and others	ESR1	Breast	Breast cancer cells	16957	939/2624	0/1	0	0	inf
SRX5702624	TFs and others	ESR1	Breast	Breast cancer cells	10400	536/2624	0/1	0	0	inf
SRX5702625	TFs and others	ESR1	Breast	Breast cancer cells	3837	187/2624	0/1	0	0	inf
SRX5705796	TFs and others	ETS1	Pluripotent stem cell	hESC derived cardiac cells	11129	1171/2624	0/1	0	0	inf
SRX5705798	TFs and others	ETS1	Pluripotent stem cell	hESC derived cardiac cells	3239	658/2624	0/1	0	0	inf
SRX5705800	TFs and others	ETS1	Pluripotent stem cell	hESC derived cardiac cells	468	76/2624	0/1	0	0	inf
SRX5705802	TFs and others	ETS1	Pluripotent stem cell	hESC derived cardiac cells	6388	981/2624	0/1	0	0	inf
SRX5705804	TFs and others	ETS1	Pluripotent stem cell	hESC derived cardiac cells	1681	468/2624	0/1	0	0	inf
SRX5716451	TFs and others	SOX2	Neural	Neural progenitor cells	1144	94/2624	0/1	0	0	inf
SRX5716452	TFs and others	SOX2	Neural	Neural progenitor cells	65	1/2624	0/1	0	0	inf
SRX5716453	TFs and others	SOX2	Neural	Neural progenitor cells	39	2/2624	0/1	0	0	inf
SRX5716454	TFs and others	SOX3	Neural	Neural progenitor cells	431	38/2624	0/1	0	0	inf
SRX5716455	TFs and others	SOX3	Neural	Neural progenitor cells	96	1/2624	0/1	0	0	inf
SRX5716456	TFs and others	SOX3	Neural	Neural progenitor cells	57	1/2624	0/1	0	0	inf
SRX5716459	TFs and others	Epitope tags	Neural	Neural progenitor cells	81	1/2624	0/1	0	0	inf
SRX5716460	TFs and others	Epitope tags	Neural	Neural progenitor cells	95	3/2624	0/1	0	0	inf
SRX5716463	TFs and others	SMARCA4	Neural	Neural progenitor cells	4478	266/2624	0/1	0	0	inf
SRX5716464	TFs and others	SMARCA4	Neural	Neural progenitor cells	2232	139/2624	0/1	0	0	inf
SRX5716467	TFs and others	SMARCA2	Neural	Neural progenitor cells	4535	54/2624	0/1	0	0	inf
SRX5716468	TFs and others	SMARCA2	Neural	Neural progenitor cells	2016	22/2624	0/1	0	0	inf
SRX5716469	TFs and others	SMARCA4	Neural	Neural progenitor cells	9471	145/2624	0/1	0	0	inf
SRX5716470	TFs and others	SMARCA4	Neural	Neural progenitor cells	10812	230/2624	0/1	0	0	inf
SRX5718139	TFs and others	YAP1	Kidney	293	1075	14/2624	0/1	0	0	inf
SRX5718140	TFs and others	YAP1	Kidney	293	45476	289/2624	0/1	0	0	inf
SRX5718141	TFs and others	TEAD1	Kidney	293	1055	30/2624	0/1	0	0	inf
SRX5718142	TFs and others	TEAD1	Kidney	293	2846	55/2624	0/1	0	0	inf
SRX5718143	TFs and others	TEAD4	Kidney	293	1712	41/2624	0/1	0	0	inf
SRX5718144	TFs and others	TEAD4	Kidney	293	1392	24/2624	0/1	0	0	inf
SRX5718166	TFs and others	RAD21	Kidney	293	15340	714/2624	0/1	0	0	inf
SRX5719576	TFs and others	CTCF	Blood	Jurkat	10679	226/2624	0/1	0	0	inf
SRX5719577	TFs and others	CTCF	Blood	Jurkat	19772	336/2624	0/1	0	0	inf
SRX5719580	TFs and others	CTCF	Blood	CUTLL1	4389	136/2624	0/1	0	0	inf
SRX5719581	TFs and others	CTCF	Blood	CUTLL1	6222	174/2624	0/1	0	0	inf
SRX5719584	TFs and others	CTCF	Blood	CUTLL1	22723	367/2624	0/1	0	0	inf
SRX5719599	TFs and others	CTCF	Blood	CUTLL1	30700	503/2624	0/1	0	0	inf
SRX5719601	TFs and others	CTCF	Blood	T-ALL	28582	369/2624	0/1	0	0	inf
SRX5719602	TFs and others	CTCF	Blood	T-ALL	28585	362/2624	0/1	0	0	inf
SRX5719604	TFs and others	CTCF	Blood	T-ALL	13227	234/2624	0/1	0	0	inf
SRX5719605	TFs and others	CTCF	Blood	T-ALL	13013	246/2624	0/1	0	0	inf
SRX5719607	TFs and others	CTCF	Blood	Jurkat	5185	153/2624	0/1	0	0	inf
SRX5719608	TFs and others	CTCF	Blood	Jurkat	6216	181/2624	0/1	0	0	inf
SRX5719611	TFs and others	CTCF	Blood	Jurkat	5232	164/2624	0/1	0	0	inf
SRX5719612	TFs and others	CTCF	Blood	Jurkat	955	31/2624	0/1	0	0	inf
SRX5719615	TFs and others	CTCF	Blood	Jurkat	6744	192/2624	0/1	0	0	inf
SRX5719616	TFs and others	CTCF	Blood	Jurkat	752	2/2624	0/1	0	0	inf
SRX5725258	TFs and others	MYC	Lung	A549	875	89/2624	0/1	0	0	inf
SRX5725259	TFs and others	MGA	Lung	A549	1935	229/2624	0/1	0	0	inf
SRX5725260	TFs and others	MGA	Lung	A549	1559	197/2624	0/1	0	0	inf
SRX5725261	TFs and others	MGA	Lung	A549	3513	599/2624	0/1	0	0	inf
SRX5725262	TFs and others	MGA	Lung	A549	3979	679/2624	0/1	0	0	inf
SRX5725635	TFs and others	MTA1	Uterus	HeLa	542	2/2624	0/1	0	0	inf
SRX5725636	TFs and others	PRMT5	Uterus	HeLa	436	1/2624	0/1	0	0	inf
SRX5729922	TFs and others	RUNX1	Blood	Acute myeloid leukemia	370	2/2624	0/1	0	0	inf
SRX5729923	TFs and others	RUNX1	Blood	Acute myeloid leukemia	552	5/2624	0/1	0	0	inf
SRX5729948	TFs and others	AR	Prostate	LNCAP	12114	48/2624	0/1	0	0	inf
SRX5729949	TFs and others	AR	Prostate	LNCAP	8339	31/2624	0/1	0	0	inf
SRX5729950	TFs and others	AR	Prostate	LNCAP	14474	62/2624	0/1	0	0	inf
SRX5729951	TFs and others	BRD4	Prostate	22Rv1	6083	701/2624	0/1	0	0	inf
SRX5729953	TFs and others	BRD4	Prostate	22Rv1	1114	19/2624	0/1	0	0	inf
SRX5729954	TFs and others	BRD4	Prostate	22Rv1	1726	116/2624	0/1	0	0	inf
SRX573001	TFs and others	EBV-ZEBRA	Blood	Akata	265	1/2624	0/1	0	0	inf
SRX5730049	TFs and others	SMC3	Pluripotent stem cell	ES cells	2180	24/2624	0/1	0	0	inf
SRX573027	TFs and others	AFF4	Uterus	HeLa	984	69/2624	0/1	0	0	inf
SRX573028	TFs and others	AFF4	Uterus	HeLa	4520	602/2624	0/1	0	0	inf
SRX573029	TFs and others	AFF4	Uterus	HeLa	1682	134/2624	0/1	0	0	inf
SRX573033	TFs and others	AFF4	Uterus	HeLa	655	38/2624	0/1	0	0	inf
SRX573034	TFs and others	AFF4	Uterus	HeLa	760	30/2624	0/1	0	0	inf
SRX573035	TFs and others	ELL2	Uterus	HeLa	1486	139/2624	0/1	0	0	inf
SRX573036	TFs and others	ELL2	Uterus	HeLa	1154	114/2624	0/1	0	0	inf
SRX573037	TFs and others	ELL2	Uterus	HeLa	2312	234/2624	0/1	0	0	inf
SRX573038	TFs and others	ELL2	Uterus	HeLa	1256	81/2624	0/1	0	0	inf
SRX573039	TFs and others	ELL2	Uterus	HeLa	661	35/2624	0/1	0	0	inf
SRX573040	TFs and others	ELL2	Uterus	HeLa	808	28/2624	0/1	0	0	inf
SRX573041	TFs and others	ELL2	Uterus	HeLa	581	13/2624	0/1	0	0	inf
SRX573042	TFs and others	ELL2	Uterus	HeLa	1028	60/2624	0/1	0	0	inf
SRX573051	TFs and others	CPSF3L	Uterus	HeLa	376	4/2624	0/1	0	0	inf
SRX573052	TFs and others	CPSF3L	Uterus	HeLa	2024	204/2624	0/1	0	0	inf
SRX573053	TFs and others	CPSF3L	Uterus	HeLa	567	1/2624	0/1	0	0	inf
SRX573054	TFs and others	CPSF3L	Uterus	HeLa	549	1/2624	0/1	0	0	inf
SRX573067	TFs and others	CPSF3L	Uterus	HeLa	1674	189/2624	0/1	0	0	inf
SRX573068	TFs and others	CPSF3L	Uterus	HeLa	609	1/2624	0/1	0	0	inf
SRX573177	TFs and others	GFP	Epidermis	CS1AN	56	2/2624	0/1	0	0	inf
SRX573180	TFs and others	GFP	Epidermis	CS1AN	275	1/2624	0/1	0	0	inf
SRX573183	TFs and others	GFP	Epidermis	CS1AN	251	1/2624	0/1	0	0	inf
SRX573186	TFs and others	GFP	Epidermis	CS1AN	346	18/2624	0/1	0	0	inf
SRX5732677	TFs and others	KMT2A	Blood	MOLM-13	2546	38/2624	0/1	0	0	inf
SRX5732678	TFs and others	KMT2A	Blood	MOLM-13	65	1/2624	0/1	0	0	inf
SRX5732679	TFs and others	KMT2A	Blood	MOLM-13	53	1/2624	0/1	0	0	inf
SRX5732680	TFs and others	KMT2A	Blood	MOLM-13	7670	118/2624	0/1	0	0	inf
SRX5734997	TFs and others	GFP	Breast	MCF 10A	8709	1/2624	0/1	0	0	inf
SRX5734998	TFs and others	GFP	Breast	MCF 10A	12894	2/2624	0/1	0	0	inf
SRX5738751	TFs and others	Crotonyllysine	Pluripotent stem cell	ES cells	17499	417/2624	0/1	0	0	inf
SRX5738752	TFs and others	Crotonyllysine	Pluripotent stem cell	ES cells	23186	527/2624	0/1	0	0	inf
SRX5738753	TFs and others	Crotonyllysine	Pluripotent stem cell	ES cells	22856	556/2624	0/1	0	0	inf
SRX5738754	TFs and others	Crotonyllysine	Pluripotent stem cell	hESC derived Endodermal cells	24362	670/2624	0/1	0	0	inf
SRX5738755	TFs and others	Crotonyllysine	Pluripotent stem cell	hESC derived Endodermal cells	24048	589/2624	0/1	0	0	inf
SRX5738756	TFs and others	Crotonyllysine	Pluripotent stem cell	hESC derived Endodermal cells	27111	714/2624	0/1	0	0	inf
SRX574346	TFs and others	NR3C1	Unclassified	Unclassified	491	1/2624	0/1	0	0	inf
SRX574349	TFs and others	NR3C1	Unclassified	Unclassified	5069	20/2624	0/1	0	0	inf
SRX5759189	TFs and others	SUZ12	Neural	ipNF05.5	271	18/2624	0/1	0	0	inf
SRX5759190	TFs and others	SUZ12	Neural	ipNF05.5	225	3/2624	0/1	0	0	inf
SRX5759191	TFs and others	SUZ12	Neural	ipNF05.5	192	1/2624	0/1	0	0	inf
SRX5759192	TFs and others	SUZ12	Neural	ipNF05.5	295	1/2624	0/1	0	0	inf
SRX5759193	TFs and others	SUZ12	Neural	ipNF05.5	290	5/2624	0/1	0	0	inf
SRX5759194	TFs and others	SUZ12	Neural	ipNF05.5	313	5/2624	0/1	0	0	inf
SRX5763013	TFs and others	KLF4	Pluripotent stem cell	hESC WIBR3	1618	1/2624	0/1	0	0	inf
SRX5763015	TFs and others	KLF4	Blood	HAP1	759	22/2624	0/1	0	0	inf
SRX5765527	TFs and others	MLLT3	Blood	K-562	1895	2/2624	0/1	0	0	inf
SRX5771376	TFs and others	SUPT6H	Digestive tract	HCT 116	935	15/2624	0/1	0	0	inf
SRX5771377	TFs and others	SUPT6H	Digestive tract	HCT 116	469	2/2624	0/1	0	0	inf
SRX5771378	TFs and others	SUPT6H	Digestive tract	HCT 116	937	17/2624	0/1	0	0	inf
SRX5771379	TFs and others	SUPT6H	Digestive tract	HCT 116	760	9/2624	0/1	0	0	inf
SRX5771380	TFs and others	SUPT6H	Digestive tract	HCT 116	226	1/2624	0/1	0	0	inf
SRX5771381	TFs and others	SUPT6H	Digestive tract	HCT 116	662	28/2624	0/1	0	0	inf
SRX5771664	TFs and others	SOX2	Gonad	N2102Ep	7783	14/2624	0/1	0	0	inf
SRX5771666	TFs and others	SOX2	Gonad	N2102Ep	18011	22/2624	0/1	0	0	inf
SRX5771668	TFs and others	SOX2	Gonad	N2102Ep	19712	22/2624	0/1	0	0	inf
SRX5771670	TFs and others	SOX17	Gonad	Tcam-2	28371	76/2624	0/1	0	0	inf
SRX5771672	TFs and others	SOX17	Gonad	Tcam-2	16367	35/2624	0/1	0	0	inf
SRX5771674	TFs and others	SOX17	Gonad	Tcam-2	11459	19/2624	0/1	0	0	inf
SRX5771936	TFs and others	FOXO1	Blood	OCI-LY1	642	1/2624	0/1	0	0	inf
SRX5774915	TFs and others	POU5F1	Epidermis	Dermal fibroblast	157	1/2624	0/1	0	0	inf
SRX5774916	TFs and others	POU5F1	Epidermis	Dermal fibroblast	196	1/2624	0/1	0	0	inf
SRX5774919	TFs and others	POU5F1	Epidermis	Dermal fibroblast	478	1/2624	0/1	0	0	inf
SRX5774920	TFs and others	POU5F1	Epidermis	Dermal fibroblast	443	1/2624	0/1	0	0	inf
SRX5774922	TFs and others	POU5F1	Pluripotent stem cell	hESC H9	55	1/2624	0/1	0	0	inf
SRX5794309	TFs and others	TCF7	Breast	Breast organoids	1247	86/2624	0/1	0	0	inf
SRX5794310	TFs and others	TCF7	Breast	Breast organoids	663	59/2624	0/1	0	0	inf
SRX5794311	TFs and others	TCF7	Breast	Breast organoids	997	13/2624	0/1	0	0	inf
SRX5794312	TFs and others	TCF7	Breast	Breast organoids	755	12/2624	0/1	0	0	inf
SRX5794313	TFs and others	TCF7	Breast	Breast organoids	1510	226/2624	0/1	0	0	inf
SRX5801452	TFs and others	STAT3	Blood	Th2 Cells	538	18/2624	0/1	0	0	inf
SRX5801453	TFs and others	STAT3	Blood	Th2 Cells	1569	51/2624	0/1	0	0	inf
SRX5801454	TFs and others	STAT3	Blood	Th2 Cells	892	30/2624	0/1	0	0	inf
SRX5801455	TFs and others	STAT3	Blood	Th2 Cells	3517	141/2624	0/1	0	0	inf
SRX5803008	TFs and others	POLR2C	Kidney	293	1637	130/2624	0/1	0	0	inf
SRX5803009	TFs and others	POLR2C	Kidney	293	902	2/2624	0/1	0	0	inf
SRX5803010	TFs and others	POLR2C	Kidney	293	843	11/2624	0/1	0	0	inf
SRX5803011	TFs and others	POLR2C	Kidney	293	697	1/2624	0/1	0	0	inf
SRX5803016	TFs and others	POLR3C	Kidney	293	1770	17/2624	0/1	0	0	inf
SRX5803017	TFs and others	POLR3C	Kidney	293	1876	18/2624	0/1	0	0	inf
SRX5803018	TFs and others	POLR3C	Kidney	293	1862	15/2624	0/1	0	0	inf
SRX5803019	TFs and others	POLR3C	Kidney	293	1992	15/2624	0/1	0	0	inf
SRX5806609	TFs and others	CTCF	Breast	MCF-7	40684	523/2624	0/1	0	0	inf
SRX5806610	TFs and others	CTCF	Breast	MCF-7	51602	616/2624	0/1	0	0	inf
SRX5811052	TFs and others	Epitope tags	Uterus	HeLa	2098	1/2624	0/1	0	0	inf
SRX5811064	TFs and others	Epitope tags	Uterus	HeLa	204	1/2624	0/1	0	0	inf
SRX5813556	TFs and others	EZH2	Epidermis	Dermal fibroblast	608	1/2624	0/1	0	0	inf
SRX5813557	TFs and others	EZH2	Epidermis	Dermal fibroblast	546	1/2624	0/1	0	0	inf
SRX5813558	TFs and others	EZH2	Epidermis	Dermal fibroblast	536	1/2624	0/1	0	0	inf
SRX5817186	TFs and others	ALYREF	Kidney	293	561	1/2624	0/1	0	0	inf
SRX5817187	TFs and others	ALYREF	Kidney	293	581	1/2624	0/1	0	0	inf
SRX5817190	TFs and others	Epitope tags	Kidney	293	406	1/2624	0/1	0	0	inf
SRX5817191	TFs and others	Epitope tags	Kidney	293	401	1/2624	0/1	0	0	inf
SRX5817193	TFs and others	NXF1	Kidney	293	448	1/2624	0/1	0	0	inf
SRX5817194	TFs and others	NXF1	Kidney	293	351	1/2624	0/1	0	0	inf
SRX5821022	TFs and others	CTCF	Blood	CD34 Hematopoietic stem cells	28244	700/2624	0/1	0	0	inf
SRX5821023	TFs and others	CTCF	Blood	CD34 Hematopoietic stem cells	29158	760/2624	0/1	0	0	inf
SRX5821024	TFs and others	CTCF	Blood	CD34+	27803	1168/2624	0/1	0	0	inf
SRX5821031	TFs and others	GATA1	Blood	CD34+	12681	766/2624	0/1	0	0	inf
SRX5821034	TFs and others	GATA1	Blood	HUDEP-2	15479	563/2624	0/1	0	0	inf
SRX5821035	TFs and others	CTCF	Blood	HUDEP-2	20789	542/2624	0/1	0	0	inf
SRX5821038	TFs and others	GATA1	Blood	HUDEP-2	2199	12/2624	0/1	0	0	inf
SRX5821040	TFs and others	CTCF	Blood	HUDEP-2	28723	649/2624	0/1	0	0	inf
SRX5822371	TFs and others	AML1-ETO	Blood	Kasumi-1	2410	22/2624	0/1	0	0	inf
SRX5822372	TFs and others	AML1-ETO	Blood	Kasumi-1	2637	19/2624	0/1	0	0	inf
SRX5822373	TFs and others	AML1-ETO	Blood	Kasumi-1	1711	10/2624	0/1	0	0	inf
SRX5822374	TFs and others	AML1-ETO	Blood	Kasumi-1	3458	39/2624	0/1	0	0	inf
SRX5824549	TFs and others	BRD7	Breast	SUM 159PT	1062	15/2624	0/1	0	0	inf
SRX5824551	TFs and others	BRD7	Breast	SUM 159PT	2554	59/2624	0/1	0	0	inf
SRX5824554	TFs and others	BRD7	Breast	SUM 159PT	572	1/2624	0/1	0	0	inf
SRX5824555	TFs and others	BRD7	Breast	SUM 159PT	617	1/2624	0/1	0	0	inf
SRX5824556	TFs and others	BRD7	Breast	SUM 159PT	732	2/2624	0/1	0	0	inf
SRX5824557	TFs and others	BRD7	Breast	SUM 159PT	741	2/2624	0/1	0	0	inf
SRX5824562	TFs and others	BRD4	Breast	SUM 149PT	695	5/2624	0/1	0	0	inf
SRX5824567	TFs and others	BRD4	Breast	SUM 149PT	1335	1/2624	0/1	0	0	inf
SRX5824571	TFs and others	BRD4	Breast	SUM 149PT	1096	2/2624	0/1	0	0	inf
SRX5824575	TFs and others	BRD2	Breast	SUM 149PT	8624	1089/2624	0/1	0	0	inf
SRX5824576	TFs and others	BRD4	Breast	SUM 149PT	1464	2/2624	0/1	0	0	inf
SRX5824580	TFs and others	BRD4	Breast	SUM 159PT	5278	396/2624	0/1	0	0	inf
SRX5824581	TFs and others	BRD4	Breast	SUM 159PT	4161	2/2624	0/1	0	0	inf
SRX5824584	TFs and others	BRD2	Breast	SUM 159PT	6847	1124/2624	0/1	0	0	inf
SRX5824585	TFs and others	BRD2	Breast	SUM 159PT	3313	522/2624	0/1	0	0	inf
SRX5824586	TFs and others	BRD4	Breast	SUM 159PT	1222	3/2624	0/1	0	0	inf
SRX5824587	TFs and others	BRD4	Breast	SUM 159PT	1412	2/2624	0/1	0	0	inf
SRX5824588	TFs and others	BRD2	Breast	SUM 159PT	4382	604/2624	0/1	0	0	inf
SRX5824589	TFs and others	BRD2	Breast	SUM 159PT	6024	868/2624	0/1	0	0	inf
SRX5824590	TFs and others	BRD4	Breast	SUM 159PT	1044	2/2624	0/1	0	0	inf
SRX5824591	TFs and others	BRD4	Breast	SUM 159PT	379	3/2624	0/1	0	0	inf
SRX5824596	TFs and others	BRD4	Breast	SUM 159PT	1836	33/2624	0/1	0	0	inf
SRX5824597	TFs and others	BRD4	Breast	SUM 159PT	1929	2/2624	0/1	0	0	inf
SRX5826162	TFs and others	HAT1	Liver	Hep G2	616	1/2624	0/1	0	0	inf
SRX5836725	TFs and others	Epitope tags	Prostate	PC-3	1126	2/2624	0/1	0	0	inf
SRX5836729	TFs and others	Epitope tags	Prostate	PC-3	127	2/2624	0/1	0	0	inf
SRX5838718	TFs and others	RNF2	Bone	A-673	579	1/2624	0/1	0	0	inf
SRX5838719	TFs and others	RNF2	Bone	A-673	477	1/2624	0/1	0	0	inf
SRX5839976	TFs and others	CREBBP	Blood	Macrophages	4518	36/2624	0/1	0	0	inf
SRX5839977	TFs and others	CREBBP	Blood	Macrophages	2821	22/2624	0/1	0	0	inf
SRX5839978	TFs and others	CREBBP	Blood	Macrophages	945	5/2624	0/1	0	0	inf
SRX5839979	TFs and others	CREBBP	Blood	Macrophages	768	1/2624	0/1	0	0	inf
SRX5848165	TFs and others	CTCF	Blood	K-562	33540	399/2624	0/1	0	0	inf
SRX5848166	TFs and others	CTCF	Blood	K-562	27142	345/2624	0/1	0	0	inf
SRX5848167	TFs and others	CTCF	Blood	K-562	24935	329/2624	0/1	0	0	inf
SRX5848171	TFs and others	CTCF	Blood	K-562	26245	310/2624	0/1	0	0	inf
SRX5848172	TFs and others	CTCF	Blood	K-562	29017	348/2624	0/1	0	0	inf
SRX5848173	TFs and others	CTCF	Blood	K-562	18893	266/2624	0/1	0	0	inf
SRX5848174	TFs and others	CTCF	Blood	K-562	29064	371/2624	0/1	0	0	inf
SRX5848175	TFs and others	CTCF	Blood	K-562	24553	330/2624	0/1	0	0	inf
SRX5848176	TFs and others	CTCF	Blood	K-562	29719	376/2624	0/1	0	0	inf
SRX5848177	TFs and others	CTCF	Blood	K-562	31682	391/2624	0/1	0	0	inf
SRX5848178	TFs and others	CTCF	Blood	K-562	28897	377/2624	0/1	0	0	inf
SRX5848179	TFs and others	CTCF	Blood	K-562	30866	389/2624	0/1	0	0	inf
SRX5848180	TFs and others	CTCF	Blood	K-562	27913	371/2624	0/1	0	0	inf
SRX5848181	TFs and others	CTCF	Blood	K-562	26621	359/2624	0/1	0	0	inf
SRX5848182	TFs and others	CTCF	Blood	K-562	28200	360/2624	0/1	0	0	inf
SRX5848183	TFs and others	CTCF	Blood	K-562	20113	298/2624	0/1	0	0	inf
SRX5849924	TFs and others	TP53	Lung	A549	296	1/2624	0/1	0	0	inf
SRX5849925	TFs and others	TP53	Lung	A549	217	1/2624	0/1	0	0	inf
SRX5849926	TFs and others	TP53	Lung	A549	898	8/2624	0/1	0	0	inf
SRX5849927	TFs and others	TP53	Lung	A549	606	6/2624	0/1	0	0	inf
SRX5852998	TFs and others	AR	Blood	THP-1	440	1/2624	0/1	0	0	inf
SRX5852999	TFs and others	AR	Blood	THP-1	398	1/2624	0/1	0	0	inf
SRX5853000	TFs and others	AR	Blood	THP-1	4810	42/2624	0/1	0	0	inf
SRX5853001	TFs and others	AR	Blood	THP-1	2916	30/2624	0/1	0	0	inf
SRX5865959	TFs and others	TP53	Blood	K-562	174	1/2624	0/1	0	0	inf
SRX5865960	TFs and others	TP53	Blood	K-562	248	1/2624	0/1	0	0	inf
SRX5865961	TFs and others	TP53	Blood	K-562	144	1/2624	0/1	0	0	inf
SRX5865962	TFs and others	TP53	Blood	K-562	182	1/2624	0/1	0	0	inf
SRX5865963	TFs and others	TP53	Blood	K-562	178	1/2624	0/1	0	0	inf
SRX5865964	TFs and others	TP53	Blood	K-562	380	4/2624	0/1	0	0	inf
SRX5865965	TFs and others	TP53	Blood	K-562	45	1/2624	0/1	0	0	inf
SRX5865966	TFs and others	TP53	Blood	K-562	349	3/2624	0/1	0	0	inf
SRX5865967	TFs and others	TP53	Blood	K-562	291	1/2624	0/1	0	0	inf
SRX5865968	TFs and others	TP53	Blood	K-562	363	2/2624	0/1	0	0	inf
SRX5865969	TFs and others	TP53	Blood	K-562	209	1/2624	0/1	0	0	inf
SRX5865970	TFs and others	TP53	Blood	K-562	189	1/2624	0/1	0	0	inf
SRX5865971	TFs and others	TP53	Blood	K-562	202	1/2624	0/1	0	0	inf
SRX5865972	TFs and others	TP53	Blood	K-562	1102	7/2624	0/1	0	0	inf
SRX5865973	TFs and others	TP53	Blood	K-562	126	1/2624	0/1	0	0	inf
SRX5865974	TFs and others	TP53	Blood	K-562	1004	4/2624	0/1	0	0	inf
SRX5865975	TFs and others	TP53	Blood	MOLM-13	108	1/2624	0/1	0	0	inf
SRX5865976	TFs and others	TP53	Blood	MOLM-13	253	2/2624	0/1	0	0	inf
SRX5865977	TFs and others	TP53	Blood	MOLM-13	181	1/2624	0/1	0	0	inf
SRX5865978	TFs and others	TP53	Blood	MOLM-13	87	1/2624	0/1	0	0	inf
SRX5865979	TFs and others	TP53	Blood	MOLM-13	118	1/2624	0/1	0	0	inf
SRX5865980	TFs and others	TP53	Blood	MOLM-13	2765	14/2624	0/1	0	0	inf
SRX5865981	TFs and others	TP53	Blood	MOLM-13	118	1/2624	0/1	0	0	inf
SRX5865982	TFs and others	TP53	Blood	MOLM-13	308	3/2624	0/1	0	0	inf
SRX5865983	TFs and others	TP53	Blood	MOLM-13	105	1/2624	0/1	0	0	inf
SRX5865984	TFs and others	TP53	Blood	MOLM-13	160	2/2624	0/1	0	0	inf
SRX5865985	TFs and others	TP53	Blood	MOLM-13	215	2/2624	0/1	0	0	inf
SRX5865986	TFs and others	TP53	Blood	MOLM-13	119	1/2624	0/1	0	0	inf
SRX5865987	TFs and others	TP53	Blood	MOLM-13	98	1/2624	0/1	0	0	inf
SRX5865988	TFs and others	TP53	Blood	MOLM-13	2922	13/2624	0/1	0	0	inf
SRX5865989	TFs and others	TP53	Blood	MOLM-13	131	1/2624	0/1	0	0	inf
SRX5865990	TFs and others	TP53	Blood	MOLM-13	331	2/2624	0/1	0	0	inf
SRX5879970	TFs and others	TEAD4	Epidermis	BJ	645	14/2624	0/1	0	0	inf
SRX5879971	TFs and others	TEAD4	Epidermis	BJ	1131	34/2624	0/1	0	0	inf
SRX5880863	TFs and others	CTCF	Digestive tract	HCT 116	45895	708/2624	0/1	0	0	inf
SRX5880864	TFs and others	SMC1A	Digestive tract	HCT 116	14597	383/2624	0/1	0	0	inf
SRX5880865	TFs and others	RAD21	Digestive tract	HCT 116	30961	1061/2624	0/1	0	0	inf
SRX5880869	TFs and others	CTCF	Digestive tract	DKO	46483	737/2624	0/1	0	0	inf
SRX5880870	TFs and others	SMC1A	Digestive tract	DKO	17955	377/2624	0/1	0	0	inf
SRX5880871	TFs and others	RAD21	Digestive tract	DKO	30679	532/2624	0/1	0	0	inf
SRX5883947	TFs and others	CTCF	Blood	KMS-11	23956	255/2624	0/1	0	0	inf
SRX5883948	TFs and others	CTCF	Blood	Multiple Myeloma	23678	284/2624	0/1	0	0	inf
SRX5883949	TFs and others	CTCF	Blood	Multiple Myeloma	24224	225/2624	0/1	0	0	inf
SRX5883950	TFs and others	CTCF	Blood	Multiple Myeloma	11532	148/2624	0/1	0	0	inf
SRX5883951	TFs and others	CTCF	Blood	Multiple Myeloma	23810	284/2624	0/1	0	0	inf
SRX5883952	TFs and others	CTCF	Blood	Multiple Myeloma	23887	273/2624	0/1	0	0	inf
SRX5883959	TFs and others	RAD21	Blood	Multiple Myeloma	597	6/2624	0/1	0	0	inf
SRX5883960	TFs and others	RAD21	Blood	Multiple Myeloma	512	2/2624	0/1	0	0	inf
SRX5883961	TFs and others	RAD21	Blood	Multiple Myeloma	575	2/2624	0/1	0	0	inf
SRX5883962	TFs and others	RAD21	Blood	Multiple Myeloma	579	1/2624	0/1	0	0	inf
SRX5887609	TFs and others	SNAI2	Lung	PC-9	747	24/2624	0/1	0	0	inf
SRX5887610	TFs and others	TEAD4	Lung	PC-9	7118	152/2624	0/1	0	0	inf
SRX5887611	TFs and others	YAP1	Lung	PC-9	11607	271/2624	0/1	0	0	inf
SRX5887613	TFs and others	TEAD4	Lung	PC-9	6355	137/2624	0/1	0	0	inf
SRX5887614	TFs and others	YAP1	Lung	PC-9	6613	161/2624	0/1	0	0	inf
SRX5887616	TFs and others	SNAI2	Lung	PC-9	514	1/2624	0/1	0	0	inf
SRX5887617	TFs and others	TEAD4	Lung	PC-9	4891	129/2624	0/1	0	0	inf
SRX5887618	TFs and others	YAP1	Lung	PC-9	1809	60/2624	0/1	0	0	inf
SRX5887619	TFs and others	SNAI2	Lung	PC-9	416	1/2624	0/1	0	0	inf
SRX5887620	TFs and others	TEAD4	Lung	PC-9	4953	120/2624	0/1	0	0	inf
SRX5887621	TFs and others	YAP1	Lung	PC-9	3378	100/2624	0/1	0	0	inf
SRX5887623	TFs and others	SNAI2	Lung	PC-9	3359	136/2624	0/1	0	0	inf
SRX5888971	TFs and others	SMARCB1	Epidermis	BJ	1017	10/2624	0/1	0	0	inf
SRX5888972	TFs and others	SMARCB1	Epidermis	BJ	1718	45/2624	0/1	0	0	inf
SRX5888973	TFs and others	SMARCB1	Epidermis	BJ	3124	241/2624	0/1	0	0	inf
SRX5888974	TFs and others	SMARCB1	Epidermis	BJ	932	21/2624	0/1	0	0	inf
SRX5888982	TFs and others	MED1	Others	Head and neck squamous cell carcinoma 	731	5/2624	0/1	0	0	inf
SRX5888983	TFs and others	MED1	Others	Head and neck squamous cell carcinoma 	277	1/2624	0/1	0	0	inf
SRX5888984	TFs and others	BRD4	Others	Head and neck squamous cell carcinoma 	824	12/2624	0/1	0	0	inf
SRX5888985	TFs and others	BRD4	Others	Head and neck squamous cell carcinoma 	420	8/2624	0/1	0	0	inf
SRX5888986	TFs and others	RELA	Others	Head and neck squamous cell carcinoma 	581	34/2624	0/1	0	0	inf
SRX5888987	TFs and others	RELA	Others	Head and neck squamous cell carcinoma 	72	1/2624	0/1	0	0	inf
SRX5904135	TFs and others	TCF21	Cardiovascular	HCASMC	29997	631/2624	0/1	0	0	inf
SRX5927380	TFs and others	CTCF	Uterus	Fallopian Tubes	31189	419/2624	0/1	0	0	inf
SRX5927381	TFs and others	CTCF	Uterus	Fallopian Tubes	36205	506/2624	0/1	0	0	inf
SRX5927382	TFs and others	CTCFL	Uterus	Fallopian Tubes	13496	562/2624	0/1	0	0	inf
SRX5930114	TFs and others	NCOR2	Blood	Acute myeloid leukemia	705	5/2624	0/1	0	0	inf
SRX5930115	TFs and others	NCOR2	Blood	Acute myeloid leukemia	1874	12/2624	0/1	0	0	inf
SRX5930116	TFs and others	EP300	Blood	Acute myeloid leukemia	6176	60/2624	0/1	0	0	inf
SRX5930117	TFs and others	EP300	Blood	Acute myeloid leukemia	1545	7/2624	0/1	0	0	inf
SRX5930120	TFs and others	HDAC3	Blood	Acute myeloid leukemia	183	1/2624	0/1	0	0	inf
SRX5930121	TFs and others	HDAC3	Blood	Acute myeloid leukemia	99	1/2624	0/1	0	0	inf
SRX5930122	TFs and others	HDAC1	Blood	Acute myeloid leukemia	365	1/2624	0/1	0	0	inf
SRX5930123	TFs and others	HDAC1	Blood	Acute myeloid leukemia	273	1/2624	0/1	0	0	inf
SRX5930124	TFs and others	KAT2A	Blood	Acute myeloid leukemia	786	157/2624	0/1	0	0	inf
SRX5930125	TFs and others	KAT2A	Blood	Acute myeloid leukemia	1235	253/2624	0/1	0	0	inf
SRX5930140	TFs and others	HDAC3	Muscle	RH-4	3188	47/2624	0/1	0	0	inf
SRX5930141	TFs and others	HDAC3	Muscle	RH-4	4557	114/2624	0/1	0	0	inf
SRX5930144	TFs and others	MYOD1	Muscle	RH-4	28965	557/2624	0/1	0	0	inf
SRX5930145	TFs and others	MYOD1	Muscle	RH-4	20014	252/2624	0/1	0	0	inf
SRX5930146	TFs and others	SOX8	Muscle	RH-4	881	4/2624	0/1	0	0	inf
SRX5930147	TFs and others	SOX8	Muscle	RH-4	1161	4/2624	0/1	0	0	inf
SRX5930148	TFs and others	MYOG	Muscle	RH-4	2042	10/2624	0/1	0	0	inf
SRX5930149	TFs and others	MYOG	Muscle	RH-4	1162	3/2624	0/1	0	0	inf
SRX5931540	TFs and others	BAHD1	Blood	HUDEP-2	603	2/2624	0/1	0	0	inf
SRX5931541	TFs and others	BAHD1	Blood	HUDEP-2	588	2/2624	0/1	0	0	inf
SRX5931542	TFs and others	BAHD1	Blood	HUDEP-2	495	2/2624	0/1	0	0	inf
SRX5931543	TFs and others	GATA1	Blood	HUDEP-2	22789	387/2624	0/1	0	0	inf
SRX5931544	TFs and others	GATA1	Blood	HUDEP-2	16441	162/2624	0/1	0	0	inf
SRX5931550	TFs and others	GATA1	Blood	HUDEP-2	26572	773/2624	0/1	0	0	inf
SRX5931551	TFs and others	GATA1	Blood	HUDEP-2	23723	509/2624	0/1	0	0	inf
SRX593748	TFs and others	SFPQ	Breast	MCF-7	92503	758/2624	0/1	0	0	inf
SRX593750	TFs and others	SFPQ	Breast	MCF-7	1042	1/2624	0/1	0	0	inf
SRX5938176	TFs and others	RELA	Others	FaDu	342	10/2624	0/1	0	0	inf
SRX5938177	TFs and others	RELA	Others	FaDu	23502	745/2624	0/1	0	0	inf
SRX594728	TFs and others	PGR	Breast	ZR-75-1	974	5/2624	0/1	0	0	inf
SRX5954736	TFs and others	FOSL1	Breast	MDA-MB-231	6790	114/2624	0/1	0	0	inf
SRX5954737	TFs and others	FOSL2	Breast	MDA-MB-231	4368	102/2624	0/1	0	0	inf
SRX595673	TFs and others	FOXP1	Prostate	VCaP	8108	87/2624	0/1	0	0	inf
SRX595674	TFs and others	RUNX1	Prostate	VCaP	955	7/2624	0/1	0	0	inf
SRX595675	TFs and others	AR	Prostate	VCaP	13062	18/2624	0/1	0	0	inf
SRX595676	TFs and others	AR	Prostate	VCaP	17505	28/2624	0/1	0	0	inf
SRX595677	TFs and others	AR	Prostate	VCaP	17052	22/2624	0/1	0	0	inf
SRX595678	TFs and others	FOXA1	Prostate	VCaP	5773	28/2624	0/1	0	0	inf
SRX595679	TFs and others	FOXA1	Prostate	VCaP	5189	37/2624	0/1	0	0	inf
SRX595685	TFs and others	AR	Prostate	LNCAP	5028	8/2624	0/1	0	0	inf
SRX595687	TFs and others	AR	Prostate	VCaP	512	1/2624	0/1	0	0	inf
SRX595688	TFs and others	AR	Prostate	VCaP	592	1/2624	0/1	0	0	inf
SRX595690	TFs and others	AR	Prostate	LNCAP	3632	3/2624	0/1	0	0	inf
SRX595691	TFs and others	FOXA1	Prostate	LNCAP	634	9/2624	0/1	0	0	inf
SRX595692	TFs and others	FOXA1	Prostate	LNCAP	21167	67/2624	0/1	0	0	inf
SRX595693	TFs and others	AR	Prostate	LNCAP	375	1/2624	0/1	0	0	inf
SRX5957524	TFs and others	TBP	Pluripotent stem cell	hESC H1	3693	450/2624	0/1	0	0	inf
SRX5957525	TFs and others	TBP	Pluripotent stem cell	hESC H1	2586	275/2624	0/1	0	0	inf
SRX5957526	TFs and others	TBP	Pluripotent stem cell	hESC H1	2189	140/2624	0/1	0	0	inf
SRX5957527	TFs and others	TBP	Pluripotent stem cell	hESC H1	2860	229/2624	0/1	0	0	inf
SRX5957532	TFs and others	WDR5	Pluripotent stem cell	hESC H1	275	1/2624	0/1	0	0	inf
SRX5957533	TFs and others	WDR5	Pluripotent stem cell	hESC H1	152	1/2624	0/1	0	0	inf
SRX5957534	TFs and others	WDR5	Pluripotent stem cell	hESC H1	337	1/2624	0/1	0	0	inf
SRX5957535	TFs and others	WDR5	Pluripotent stem cell	hESC H1	79	1/2624	0/1	0	0	inf
SRX596338	TFs and others	CTNNB1	Pluripotent stem cell	ES cells	309	2/2624	0/1	0	0	inf
SRX596340	TFs and others	CTNNB1	Pluripotent stem cell	ES cells	506	4/2624	0/1	0	0	inf
SRX596342	TFs and others	CTNNB1	Pluripotent stem cell	ES cells	504	3/2624	0/1	0	0	inf
SRX596536	TFs and others	AR	Prostate	22Rv1	1465	2/2624	0/1	0	0	inf
SRX596537	TFs and others	AR	Prostate	22Rv1	1424	1/2624	0/1	0	0	inf
SRX596538	TFs and others	AR	Prostate	22Rv1	754	1/2624	0/1	0	0	inf
SRX5974501	TFs and others	Epitope tags	Kidney	293	82	1/2624	0/1	0	0	inf
SRX5974503	TFs and others	Epitope tags	Kidney	293	88	2/2624	0/1	0	0	inf
SRX5974505	TFs and others	Epitope tags	Blood	K-562	74	2/2624	0/1	0	0	inf
SRX5974507	TFs and others	Epitope tags	Blood	K-562	85	2/2624	0/1	0	0	inf
SRX5974509	TFs and others	Cas9	Blood	K-562	36	2/2624	0/1	0	0	inf
SRX5974510	TFs and others	Cas9	Blood	K-562	57	2/2624	0/1	0	0	inf
SRX5974511	TFs and others	CTCF	Blood	K-562	13096	199/2624	0/1	0	0	inf
SRX5974512	TFs and others	CTCF	Blood	K-562	10007	169/2624	0/1	0	0	inf
SRX5974513	TFs and others	GATA1	Blood	K-562	11703	64/2624	0/1	0	0	inf
SRX5974514	TFs and others	GATA1	Blood	K-562	7465	41/2624	0/1	0	0	inf
SRX5974523	TFs and others	TAL1	Blood	K-562	6581	12/2624	0/1	0	0	inf
SRX5974524	TFs and others	TAL1	Blood	K-562	4552	9/2624	0/1	0	0	inf
SRX5974525	TFs and others	Cas9	Blood	K-562	295	2/2624	0/1	0	0	inf
SRX5974526	TFs and others	Cas9	Blood	K-562	97	2/2624	0/1	0	0	inf
SRX5974527	TFs and others	CTCF	Blood	K-562	14732	209/2624	0/1	0	0	inf
SRX5974528	TFs and others	CTCF	Blood	K-562	11213	172/2624	0/1	0	0	inf
SRX5974529	TFs and others	GATA1	Blood	K-562	6301	37/2624	0/1	0	0	inf
SRX5974530	TFs and others	GATA1	Blood	K-562	3288	16/2624	0/1	0	0	inf
SRX5974539	TFs and others	TAL1	Blood	K-562	6838	12/2624	0/1	0	0	inf
SRX5974540	TFs and others	TAL1	Blood	K-562	4569	10/2624	0/1	0	0	inf
SRX5974541	TFs and others	Cas9	Blood	K-562	48	2/2624	0/1	0	0	inf
SRX5974542	TFs and others	Cas9	Blood	K-562	41	2/2624	0/1	0	0	inf
SRX5974543	TFs and others	CTCF	Blood	K-562	11417	187/2624	0/1	0	0	inf
SRX5974544	TFs and others	CTCF	Blood	K-562	10431	177/2624	0/1	0	0	inf
SRX5974545	TFs and others	GATA1	Blood	K-562	12182	63/2624	0/1	0	0	inf
SRX5974546	TFs and others	GATA1	Blood	K-562	11612	56/2624	0/1	0	0	inf
SRX5974555	TFs and others	TAL1	Blood	K-562	11635	20/2624	0/1	0	0	inf
SRX5974556	TFs and others	TAL1	Blood	K-562	8592	16/2624	0/1	0	0	inf
SRX5974557	TFs and others	Cas9	Blood	K-562	65	2/2624	0/1	0	0	inf
SRX5974558	TFs and others	Cas9	Blood	K-562	40	2/2624	0/1	0	0	inf
SRX5974559	TFs and others	CTCF	Blood	K-562	15328	227/2624	0/1	0	0	inf
SRX5974560	TFs and others	CTCF	Blood	K-562	18107	258/2624	0/1	0	0	inf
SRX5974561	TFs and others	GATA1	Blood	K-562	8329	38/2624	0/1	0	0	inf
SRX5974562	TFs and others	GATA1	Blood	K-562	4772	25/2624	0/1	0	0	inf
SRX5974571	TFs and others	TAL1	Blood	K-562	11558	20/2624	0/1	0	0	inf
SRX5974572	TFs and others	TAL1	Blood	K-562	8881	13/2624	0/1	0	0	inf
SRX5974573	TFs and others	Cas9	Blood	K-562	289	1/2624	0/1	0	0	inf
SRX5974574	TFs and others	Cas9	Blood	K-562	349	1/2624	0/1	0	0	inf
SRX5974575	TFs and others	CTCF	Blood	K-562	2077	57/2624	0/1	0	0	inf
SRX5974576	TFs and others	CTCF	Blood	K-562	7234	142/2624	0/1	0	0	inf
SRX5974577	TFs and others	GATA1	Blood	K-562	13107	68/2624	0/1	0	0	inf
SRX5974578	TFs and others	GATA1	Blood	K-562	8372	43/2624	0/1	0	0	inf
SRX5974587	TFs and others	TAL1	Blood	K-562	8639	18/2624	0/1	0	0	inf
SRX5974588	TFs and others	TAL1	Blood	K-562	6399	14/2624	0/1	0	0	inf
SRX5975300	TFs and others	CDK12	Bone	143B	848	84/2624	0/1	0	0	inf
SRX5975305	TFs and others	CDK12	Bone	143B	1075	59/2624	0/1	0	0	inf
SRX5975310	TFs and others	CDK12	Bone	MG-63	772	58/2624	0/1	0	0	inf
SRX5975315	TFs and others	CDK12	Bone	MG-63	1005	89/2624	0/1	0	0	inf
SRX5982340	TFs and others	SMARCA4	Lung	A549	8200	210/2624	0/1	0	0	inf
SRX5982341	TFs and others	SMARCA4	Lung	A549	6392	128/2624	0/1	0	0	inf
SRX5982342	TFs and others	SMARCA4	Lung	A549	816	171/2624	0/1	0	0	inf
SRX5982343	TFs and others	SMARCA4	Lung	A549	810	155/2624	0/1	0	0	inf
SRX5982359	TFs and others	SMARCA2	Lung	A549	570	12/2624	0/1	0	0	inf
SRX5982360	TFs and others	SMARCA2	Lung	A549	4959	90/2624	0/1	0	0	inf
SRX5982361	TFs and others	SMARCA2	Lung	A549	6280	92/2624	0/1	0	0	inf
SRX5982362	TFs and others	SMARCA2	Lung	A549	6298	125/2624	0/1	0	0	inf
SRX5982363	TFs and others	SMARCA2	Lung	A549	3789	85/2624	0/1	0	0	inf
SRX5982364	TFs and others	SMARCA4	Lung	A549	6325	71/2624	0/1	0	0	inf
SRX6027610	TFs and others	Epitope tags	Kidney	293	53	1/2624	0/1	0	0	inf
SRX6027611	TFs and others	Epitope tags	Kidney	293	52	1/2624	0/1	0	0	inf
SRX6027612	TFs and others	Epitope tags	Kidney	293	74	1/2624	0/1	0	0	inf
SRX6027613	TFs and others	Epitope tags	Kidney	293	65	1/2624	0/1	0	0	inf
SRX6027614	TFs and others	Epitope tags	Kidney	293	100	1/2624	0/1	0	0	inf
SRX6027615	TFs and others	Epitope tags	Kidney	293	58	1/2624	0/1	0	0	inf
SRX6027616	TFs and others	Epitope tags	Kidney	293	66	1/2624	0/1	0	0	inf
SRX6027617	TFs and others	Epitope tags	Kidney	293	72	1/2624	0/1	0	0	inf
SRX6027682	TFs and others	ESR1	Uterus	Ishikawa	9098	89/2624	0/1	0	0	inf
SRX6027683	TFs and others	ESR1	Uterus	Ishikawa	543	1/2624	0/1	0	0	inf
SRX6027686	TFs and others	ESR1	Uterus	Ishikawa	7381	81/2624	0/1	0	0	inf
SRX6027687	TFs and others	ESR1	Uterus	Ishikawa	346	1/2624	0/1	0	0	inf
SRX6027689	TFs and others	ESR1	Uterus	Ishikawa	490	13/2624	0/1	0	0	inf
SRX6027690	TFs and others	ESR1	Uterus	Ishikawa	2599	19/2624	0/1	0	0	inf
SRX6027691	TFs and others	ESR1	Uterus	Ishikawa	3397	147/2624	0/1	0	0	inf
SRX6027692	TFs and others	ESR1	Uterus	Ishikawa	4007	23/2624	0/1	0	0	inf
SRX6027694	TFs and others	ESR1	Uterus	Ishikawa	12377	132/2624	0/1	0	0	inf
SRX6027695	TFs and others	ESR1	Uterus	Ishikawa	3171	28/2624	0/1	0	0	inf
SRX6027696	TFs and others	ESR1	Uterus	Ishikawa	1415	5/2624	0/1	0	0	inf
SRX6027697	TFs and others	ESR1	Uterus	Ishikawa	8218	572/2624	0/1	0	0	inf
SRX6027698	TFs and others	ESR1	Uterus	Ishikawa	15960	153/2624	0/1	0	0	inf
SRX6027699	TFs and others	ESR1	Uterus	Ishikawa	3619	71/2624	0/1	0	0	inf
SRX6027701	TFs and others	ESR1	Uterus	Ishikawa	912	3/2624	0/1	0	0	inf
SRX6027740	TFs and others	ESR1	Breast	MCF-7	3018	139/2624	0/1	0	0	inf
SRX6027741	TFs and others	FOXA1	Breast	MCF-7	1968	33/2624	0/1	0	0	inf
SRX6027747	TFs and others	FOXA1	Breast	MCF-7	4238	63/2624	0/1	0	0	inf
SRX6027752	TFs and others	NR2F2	Breast	MCF-7	4606	10/2624	0/1	0	0	inf
SRX6027754	TFs and others	NR2F2	Breast	MCF-7	6205	11/2624	0/1	0	0	inf
SRX6039031	TFs and others	CTNNB1	Pluripotent stem cell	iPS derived chondrocytes	775	1/2624	0/1	0	0	inf
SRX6039032	TFs and others	CTNNB1	Pluripotent stem cell	iPS derived chondrocytes	520	2/2624	0/1	0	0	inf
SRX6039033	TFs and others	CTNNB1	Pluripotent stem cell	iPS derived chondrocytes	367	1/2624	0/1	0	0	inf
SRX6039034	TFs and others	CTNNB1	Pluripotent stem cell	iPS derived chondrocytes	683	1/2624	0/1	0	0	inf
SRX6039035	TFs and others	CTNNB1	Pluripotent stem cell	iPS derived chondrocytes	1437	1/2624	0/1	0	0	inf
SRX6039036	TFs and others	CTNNB1	Pluripotent stem cell	iPS derived chondrocytes	673	8/2624	0/1	0	0	inf
SRX6039037	TFs and others	RARA	Pluripotent stem cell	iPS derived chondrocytes	2812	21/2624	0/1	0	0	inf
SRX6039038	TFs and others	RARA	Pluripotent stem cell	iPS derived chondrocytes	5294	30/2624	0/1	0	0	inf
SRX6039039	TFs and others	RARA	Pluripotent stem cell	iPS derived chondrocytes	1820	27/2624	0/1	0	0	inf
SRX6039040	TFs and others	RARA	Pluripotent stem cell	iPS derived chondrocytes	1940	27/2624	0/1	0	0	inf
SRX6039041	TFs and others	RARA	Pluripotent stem cell	iPS derived chondrocytes	4685	40/2624	0/1	0	0	inf
SRX6039042	TFs and others	RARA	Pluripotent stem cell	iPS derived chondrocytes	2151	28/2624	0/1	0	0	inf
SRX6049855	TFs and others	Epitope tags	Unclassified	Unclassified	3506	23/2624	0/1	0	0	inf
SRX6049856	TFs and others	Epitope tags	Unclassified	Unclassified	3595	9/2624	0/1	0	0	inf
SRX6049861	TFs and others	Epitope tags	Unclassified	Unclassified	4136	10/2624	0/1	0	0	inf
SRX6054277	TFs and others	HDAC4	Uterus	SK-UT-1	1981	37/2624	0/1	0	0	inf
SRX6054278	TFs and others	HDAC9	Uterus	SK-UT-1	1037	1/2624	0/1	0	0	inf
SRX6054279	TFs and others	MEF2D	Uterus	SK-UT-1	911	1/2624	0/1	0	0	inf
SRX6058753	TFs and others	PGR	Breast	T-47D	8293	54/2624	0/1	0	0	inf
SRX6058754	TFs and others	CEBPA	Breast	T-47D	4486	93/2624	0/1	0	0	inf
SRX6058755	TFs and others	CEBPA	Breast	T-47D	13803	173/2624	0/1	0	0	inf
SRX6058756	TFs and others	PGR	Breast	T-47D	688	1/2624	0/1	0	0	inf
SRX6058757	TFs and others	CEBPA	Breast	T-47D	7867	182/2624	0/1	0	0	inf
SRX6058758	TFs and others	CEBPA	Breast	T-47D	2017	55/2624	0/1	0	0	inf
SRX6058759	TFs and others	PGR	Breast	T-47D	1085	1/2624	0/1	0	0	inf
SRX6058760	TFs and others	PGR	Breast	T-47D	4370	27/2624	0/1	0	0	inf
SRX6058761	TFs and others	PGR	Breast	T-47D	836	1/2624	0/1	0	0	inf
SRX6058762	TFs and others	PGR	Breast	T-47D	3320	19/2624	0/1	0	0	inf
SRX6058763	TFs and others	RAD21	Breast	T-47D	1440	6/2624	0/1	0	0	inf
SRX6058764	TFs and others	RAD21	Breast	T-47D	1040	5/2624	0/1	0	0	inf
SRX6058765	TFs and others	RAD21	Breast	T-47D	1145	9/2624	0/1	0	0	inf
SRX6058766	TFs and others	RAD21	Breast	T-47D	1264	9/2624	0/1	0	0	inf
SRX6058767	TFs and others	TOP2A	Breast	T-47D	1421	1/2624	0/1	0	0	inf
SRX6058768	TFs and others	TOP2A	Breast	T-47D	935	1/2624	0/1	0	0	inf
SRX6058769	TFs and others	TOP2A	Breast	T-47D	914	1/2624	0/1	0	0	inf
SRX6058770	TFs and others	TOP2A	Breast	T-47D	1546	1/2624	0/1	0	0	inf
SRX6060975	TFs and others	ELF3	Digestive tract	ESO-26	393	30/2624	0/1	0	0	inf
SRX6060976	TFs and others	GATA6	Digestive tract	ESO-26	1469	29/2624	0/1	0	0	inf
SRX6066502	TFs and others	CDK9	Digestive tract	HCT 116	634	2/2624	0/1	0	0	inf
SRX6066503	TFs and others	CDK9	Digestive tract	HCT 116	706	1/2624	0/1	0	0	inf
SRX6066504	TFs and others	CDK9	Digestive tract	HCT 116	618	9/2624	0/1	0	0	inf
SRX6066505	TFs and others	CDK9	Digestive tract	HCT 116	627	3/2624	0/1	0	0	inf
SRX6066510	TFs and others	NELFE	Digestive tract	HCT 116	2321	200/2624	0/1	0	0	inf
SRX6068070	TFs and others	PGR	Uterus	Endometrium	849	1/2624	0/1	0	0	inf
SRX6068072	TFs and others	PGR	Uterus	Endometrium	4414	651/2624	0/1	0	0	inf
SRX6073297	TFs and others	IRF4	Blood	BC-3	213	1/2624	0/1	0	0	inf
SRX6073298	TFs and others	IRF4	Blood	BC-3	1813	5/2624	0/1	0	0	inf
SRX6073299	TFs and others	IRF4	Blood	BC-3	2211	7/2624	0/1	0	0	inf
SRX6073300	TFs and others	IRF3	Blood	BC-3	231	1/2624	0/1	0	0	inf
SRX6073301	TFs and others	IRF3	Blood	BC-3	324	1/2624	0/1	0	0	inf
SRX6073302	TFs and others	IRF3	Blood	BC-3	295	1/2624	0/1	0	0	inf
SRX6073303	TFs and others	BATF	Blood	BC-3	396	2/2624	0/1	0	0	inf
SRX6073304	TFs and others	BATF	Blood	BC-3	268	9/2624	0/1	0	0	inf
SRX6073305	TFs and others	BATF	Blood	BC-3	420	27/2624	0/1	0	0	inf
SRX6076676	TFs and others	HNF4A	Digestive tract	ESO-26	301	6/2624	0/1	0	0	inf
SRX6077665	TFs and others	MEN1	Prostate	PNT1A	777	1/2624	0/1	0	0	inf
SRX6077666	TFs and others	MEN1	Prostate	LNCAP	805	1/2624	0/1	0	0	inf
SRX6077667	TFs and others	MEN1	Prostate	PC-3	796	3/2624	0/1	0	0	inf
SRX608343	TFs and others	GFP	Kidney	293	331	1/2624	0/1	0	0	inf
SRX608344	TFs and others	GFP	Kidney	293	114	1/2624	0/1	0	0	inf
SRX608345	TFs and others	GFP	Kidney	293	353	1/2624	0/1	0	0	inf
SRX608346	TFs and others	GFP	Kidney	293	136	1/2624	0/1	0	0	inf
SRX608347	TFs and others	GFP	Kidney	293	464	1/2624	0/1	0	0	inf
SRX608348	TFs and others	GFP	Kidney	293	279	1/2624	0/1	0	0	inf
SRX608349	TFs and others	GFP	Uterus	HeLa	251	1/2624	0/1	0	0	inf
SRX608350	TFs and others	GFP	Uterus	HeLa	320	2/2624	0/1	0	0	inf
SRX608351	TFs and others	GFP	Uterus	HeLa	440	1/2624	0/1	0	0	inf
SRX6093193	TFs and others	Epitope tags	Pluripotent stem cell	hESC derived neural cells	831	1/2624	0/1	0	0	inf
SRX6093194	TFs and others	Epitope tags	Pluripotent stem cell	hESC derived neural cells	424	1/2624	0/1	0	0	inf
SRX6098144	TFs and others	TRPS1	Breast	MCF-7	3733	30/2624	0/1	0	0	inf
SRX6098145	TFs and others	TRPS1	Breast	MCF-7	10798	94/2624	0/1	0	0	inf
SRX6098146	TFs and others	GATA3	Breast	MCF-7	17055	40/2624	0/1	0	0	inf
SRX6098147	TFs and others	GATA3	Breast	MCF-7	8593	21/2624	0/1	0	0	inf
SRX6098148	TFs and others	GATA3	Breast	MCF-7	15809	60/2624	0/1	0	0	inf
SRX6098149	TFs and others	GATA3	Breast	MCF-7	1789	7/2624	0/1	0	0	inf
SRX6098150	TFs and others	TRPS1	Breast	MCF-7	539	5/2624	0/1	0	0	inf
SRX6098151	TFs and others	TRPS1	Breast	MCF-7	315	1/2624	0/1	0	0	inf
SRX6099458	TFs and others	POU2AF1	Blood	DLBCL	14567	662/2624	0/1	0	0	inf
SRX6099459	TFs and others	POU2F2	Blood	DLBCL	22864	415/2624	0/1	0	0	inf
SRX6099460	TFs and others	MED1	Blood	DLBCL	10449	188/2624	0/1	0	0	inf
SRX6099461	TFs and others	EP300	Blood	DLBCL	13756	198/2624	0/1	0	0	inf
SRX6099462	TFs and others	CREBBP	Blood	DLBCL	27145	448/2624	0/1	0	0	inf
SRX6099463	TFs and others	POU2F1	Blood	DLBCL	7357	664/2624	0/1	0	0	inf
SRX6101039	TFs and others	NUTM1	Kidney	293	278	1/2624	0/1	0	0	inf
SRX6101040	TFs and others	NUTM1	Kidney	293	349	1/2624	0/1	0	0	inf
SRX6101041	TFs and others	NUTM1	Kidney	293	994	23/2624	0/1	0	0	inf
SRX6101042	TFs and others	NUTM1	Kidney	293	1149	44/2624	0/1	0	0	inf
SRX6101049	TFs and others	NUTM1	Others	TC-797	1107	5/2624	0/1	0	0	inf
SRX6101050	TFs and others	NUTM1	Others	TC-797	508	1/2624	0/1	0	0	inf
SRX6101051	TFs and others	NUTM1	Others	TC-797	435	1/2624	0/1	0	0	inf
SRX6101052	TFs and others	NUTM1	Others	TC-797	399	1/2624	0/1	0	0	inf
SRX6101053	TFs and others	NUTM1	Others	TC-797	423	1/2624	0/1	0	0	inf
SRX6101054	TFs and others	NUTM1	Others	TC-797	379	1/2624	0/1	0	0	inf
SRX6101126	TFs and others	NANOG	Pluripotent stem cell	hESC H9	21432	56/2624	0/1	0	0	inf
SRX6101127	TFs and others	NANOG	Pluripotent stem cell	hESC H9	22852	59/2624	0/1	0	0	inf
SRX6101128	TFs and others	SOX2	Pluripotent stem cell	hESC H9	5204	8/2624	0/1	0	0	inf
SRX6101129	TFs and others	SOX2	Pluripotent stem cell	hESC H9	16438	33/2624	0/1	0	0	inf
SRX6102131	TFs and others	SUPT5H	Uterus	HeLa	6514	589/2624	0/1	0	0	inf
SRX610672	TFs and others	Epitope tags	Uterus	Ovarian granulosa cells	145	1/2624	0/1	0	0	inf
SRX610673	TFs and others	Epitope tags	Uterus	Ovarian granulosa cells	288	1/2624	0/1	0	0	inf
SRX610674	TFs and others	Epitope tags	Uterus	Ovarian granulosa cells	313	1/2624	0/1	0	0	inf
SRX610775	TFs and others	CSNK2A1	Prostate	LNCAP	1080	31/2624	0/1	0	0	inf
SRX610813	TFs and others	DDX5	Pluripotent stem cell	NTERA-2	331268	1/2624	0/1	0	0	inf
SRX611330	TFs and others	F2RL1	Kidney	293	317	1/2624	0/1	0	0	inf
SRX612500	TFs and others	BRD2	Liver	LX2	268	10/2624	0/1	0	0	inf
SRX612501	TFs and others	BRD2	Liver	LX2	155	8/2624	0/1	0	0	inf
SRX612502	TFs and others	BRD3	Liver	LX2	618	96/2624	0/1	0	0	inf
SRX612503	TFs and others	BRD3	Liver	LX2	319	38/2624	0/1	0	0	inf
SRX612504	TFs and others	BRD4	Liver	LX2	7165	173/2624	0/1	0	0	inf
SRX612505	TFs and others	BRD4	Liver	LX2	1924	63/2624	0/1	0	0	inf
SRX612590	TFs and others	PDX1	Pluripotent stem cell	hESC derived pancreatic cells	2406	17/2624	0/1	0	0	inf
SRX612780	TFs and others	TP53	Digestive tract	HCT 116	89	1/2624	0/1	0	0	inf
SRX6175589	TFs and others	CTCF	Bone	A-673	41917	521/2624	0/1	0	0	inf
SRX6175590	TFs and others	FLI1	Bone	A-673	2517	6/2624	0/1	0	0	inf
SRX6175594	TFs and others	RAD21	Bone	A-673	20229	185/2624	0/1	0	0	inf
SRX6175595	TFs and others	SMC1A	Bone	A-673	2675	26/2624	0/1	0	0	inf
SRX6175596	TFs and others	STAG1	Bone	A-673	437	1/2624	0/1	0	0	inf
SRX6175597	TFs and others	STAG2	Bone	A-673	10932	97/2624	0/1	0	0	inf
SRX6175598	TFs and others	CTCF	Bone	A-673	54533	669/2624	0/1	0	0	inf
SRX6175599	TFs and others	FLI1	Bone	A-673	7229	15/2624	0/1	0	0	inf
SRX6175603	TFs and others	RAD21	Bone	A-673	28025	249/2624	0/1	0	0	inf
SRX6175604	TFs and others	SMC1A	Bone	A-673	15562	156/2624	0/1	0	0	inf
SRX6175605	TFs and others	STAG1	Bone	A-673	15171	112/2624	0/1	0	0	inf
SRX6175606	TFs and others	STAG2	Bone	A-673	663	2/2624	0/1	0	0	inf
SRX6175607	TFs and others	CTCF	Bone	A-673	49484	621/2624	0/1	0	0	inf
SRX6175608	TFs and others	FLI1	Bone	A-673	4341	13/2624	0/1	0	0	inf
SRX6175612	TFs and others	RAD21	Bone	A-673	25378	220/2624	0/1	0	0	inf
SRX6175613	TFs and others	SMC1A	Bone	A-673	4053	35/2624	0/1	0	0	inf
SRX6175614	TFs and others	STAG1	Bone	A-673	6704	47/2624	0/1	0	0	inf
SRX6175615	TFs and others	STAG2	Bone	A-673	1657	7/2624	0/1	0	0	inf
SRX6175616	TFs and others	CTCF	Bone	A-673	53329	614/2624	0/1	0	0	inf
SRX6175617	TFs and others	FLI1	Bone	A-673	10264	42/2624	0/1	0	0	inf
SRX6175621	TFs and others	RAD21	Bone	A-673	19375	166/2624	0/1	0	0	inf
SRX6175622	TFs and others	SMC1A	Bone	A-673	17087	207/2624	0/1	0	0	inf
SRX6175623	TFs and others	STAG1	Bone	A-673	2945	24/2624	0/1	0	0	inf
SRX6175624	TFs and others	STAG2	Bone	A-673	8196	74/2624	0/1	0	0	inf
SRX6175625	TFs and others	CTCF	Bone	TC-71	40904	478/2624	0/1	0	0	inf
SRX6175626	TFs and others	FLI1	Bone	TC-71	17237	127/2624	0/1	0	0	inf
SRX6175630	TFs and others	RAD21	Bone	TC-71	38343	353/2624	0/1	0	0	inf
SRX6175631	TFs and others	SMC1A	Bone	TC-71	28751	275/2624	0/1	0	0	inf
SRX6175632	TFs and others	STAG1	Bone	TC-71	28535	220/2624	0/1	0	0	inf
SRX6175633	TFs and others	CTCF	Bone	TC-71	40166	513/2624	0/1	0	0	inf
SRX6175634	TFs and others	FLI1	Bone	TC-71	4712	14/2624	0/1	0	0	inf
SRX6175638	TFs and others	RAD21	Bone	TC-71	33221	332/2624	0/1	0	0	inf
SRX6175639	TFs and others	SMC1A	Bone	TC-71	29956	325/2624	0/1	0	0	inf
SRX6175640	TFs and others	STAG1	Bone	TC-71	13878	106/2624	0/1	0	0	inf
SRX6175641	TFs and others	STAG2	Bone	TC-71	371	1/2624	0/1	0	0	inf
SRX6175642	TFs and others	CTCF	Bone	TC-71	41388	533/2624	0/1	0	0	inf
SRX6175643	TFs and others	FLI1	Bone	TC-71	4008	12/2624	0/1	0	0	inf
SRX6175647	TFs and others	RAD21	Bone	TC-71	30106	310/2624	0/1	0	0	inf
SRX6175648	TFs and others	SMC1A	Bone	TC-71	28350	292/2624	0/1	0	0	inf
SRX6175649	TFs and others	STAG1	Bone	TC-71	1548	18/2624	0/1	0	0	inf
SRX6175650	TFs and others	STAG2	Bone	TC-71	3305	47/2624	0/1	0	0	inf
SRX620746	TFs and others	TP53	Lung	IMR-90	798	6/2624	0/1	0	0	inf
SRX620747	TFs and others	TP53	Lung	IMR-90	2548	29/2624	0/1	0	0	inf
SRX625673	TFs and others	IKZF1	Blood	ICN1	1840	25/2624	0/1	0	0	inf
SRX625674	TFs and others	IKZF1	Blood	Pre-B ALL 	10492	222/2624	0/1	0	0	inf
SRX625676	TFs and others	IKZF1	Blood	ICN1	1553	18/2624	0/1	0	0	inf
SRX625677	TFs and others	IKZF1	Blood	ICN1	2285	53/2624	0/1	0	0	inf
SRX625678	TFs and others	IKZF1	Blood	Pre-B ALL 	1654	15/2624	0/1	0	0	inf
SRX625679	TFs and others	IKZF1	Blood	Pre-B ALL 	6493	165/2624	0/1	0	0	inf
SRX627428	TFs and others	SPI1	Blood	Dendritic Cells	53273	347/2624	0/1	0	0	inf
SRX627430	TFs and others	SPI1	Blood	Dendritic Cells	48125	293/2624	0/1	0	0	inf
SRX6354579	TFs and others	EZH2	Pluripotent stem cell	hESC derived neural cells	1403	2/2624	0/1	0	0	inf
SRX6365880	TFs and others	TOP2B	Neural	Glioma	235	6/2624	0/1	0	0	inf
SRX6365881	TFs and others	TOP2B	Neural	Glioma	1794	29/2624	0/1	0	0	inf
SRX6365883	TFs and others	TOP2B	Neural	BT142	3940	117/2624	0/1	0	0	inf
SRX6366601	TFs and others	Epitope tags	Uterus	Ishikawa	4192	1055/2624	0/1	0	0	inf
SRX6366602	TFs and others	Epitope tags	Uterus	Ishikawa	4670	1207/2624	0/1	0	0	inf
SRX6366603	TFs and others	Epitope tags	Uterus	Ishikawa	3505	968/2624	0/1	0	0	inf
SRX6366604	TFs and others	Epitope tags	Uterus	Ishikawa	217	2/2624	0/1	0	0	inf
SRX6366605	TFs and others	Epitope tags	Uterus	Ishikawa	102	2/2624	0/1	0	0	inf
SRX6367571	TFs and others	SUMO2	Kidney	293	5843	156/2624	0/1	0	0	inf
SRX6367575	TFs and others	NCOR1	Kidney	293	165	2/2624	0/1	0	0	inf
SRX6367576	TFs and others	NCOR1	Kidney	293	146	1/2624	0/1	0	0	inf
SRX6367577	TFs and others	NCOR1	Kidney	293	169	3/2624	0/1	0	0	inf
SRX6367578	TFs and others	NCOR1	Kidney	293	764	12/2624	0/1	0	0	inf
SRX6367579	TFs and others	NCOA1	Kidney	293	3375	46/2624	0/1	0	0	inf
SRX6367580	TFs and others	NCOA1	Kidney	293	2694	25/2624	0/1	0	0	inf
SRX6367581	TFs and others	NCOA1	Kidney	293	14175	32/2624	0/1	0	0	inf
SRX6367582	TFs and others	NCOA1	Kidney	293	17928	44/2624	0/1	0	0	inf
SRX6367585	TFs and others	SUMO2	Kidney	293	1592	64/2624	0/1	0	0	inf
SRX6367586	TFs and others	SUMO2	Kidney	293	962	25/2624	0/1	0	0	inf
SRX6367590	TFs and others	NCOR1	Kidney	293	427	11/2624	0/1	0	0	inf
SRX6367591	TFs and others	NCOR1	Kidney	293	176	2/2624	0/1	0	0	inf
SRX6367592	TFs and others	NCOR1	Kidney	293	238	1/2624	0/1	0	0	inf
SRX6367593	TFs and others	NCOR1	Kidney	293	486	3/2624	0/1	0	0	inf
SRX6367594	TFs and others	NCOA1	Kidney	293	3821	30/2624	0/1	0	0	inf
SRX6367595	TFs and others	NCOA1	Kidney	293	4627	30/2624	0/1	0	0	inf
SRX6367596	TFs and others	NCOA1	Kidney	293	21227	36/2624	0/1	0	0	inf
SRX6367597	TFs and others	NCOA1	Kidney	293	21567	37/2624	0/1	0	0	inf
SRX6368087	TFs and others	TWIST1	Liver	Hep G2	290	1/2624	0/1	0	0	inf
SRX6370176	TFs and others	JARID2	Pluripotent stem cell	NT2-D1	964	2/2624	0/1	0	0	inf
SRX6370178	TFs and others	JARID2	Pluripotent stem cell	NT2-D1	96	1/2624	0/1	0	0	inf
SRX6370179	TFs and others	SUZ12	Pluripotent stem cell	NT2-D1	373	1/2624	0/1	0	0	inf
SRX6370180	TFs and others	SUZ12	Pluripotent stem cell	NT2-D1	74	1/2624	0/1	0	0	inf
SRX6370181	TFs and others	SUZ12	Pluripotent stem cell	NT2-D1	39	1/2624	0/1	0	0	inf
SRX6370182	TFs and others	EPOP	Pluripotent stem cell	NT2-D1	136	1/2624	0/1	0	0	inf
SRX6370183	TFs and others	EPOP	Pluripotent stem cell	NT2-D1	94	2/2624	0/1	0	0	inf
SRX6370184	TFs and others	EPOP	Pluripotent stem cell	NT2-D1	77	1/2624	0/1	0	0	inf
SRX6370185	TFs and others	RYBP	Pluripotent stem cell	NT2-D1	69	1/2624	0/1	0	0	inf
SRX6370186	TFs and others	RYBP	Pluripotent stem cell	NT2-D1	81	1/2624	0/1	0	0	inf
SRX6370187	TFs and others	RYBP	Pluripotent stem cell	NT2-D1	152	1/2624	0/1	0	0	inf
SRX6370188	TFs and others	CBX7	Pluripotent stem cell	NT2-D1	5201	16/2624	0/1	0	0	inf
SRX6370189	TFs and others	CBX7	Pluripotent stem cell	NT2-D1	2754	4/2624	0/1	0	0	inf
SRX6370190	TFs and others	CBX7	Pluripotent stem cell	NT2-D1	1507	1/2624	0/1	0	0	inf
SRX6370191	TFs and others	AEBP2	Pluripotent stem cell	NT2-D1	97	1/2624	0/1	0	0	inf
SRX6370192	TFs and others	AEBP2	Pluripotent stem cell	NT2-D1	58	1/2624	0/1	0	0	inf
SRX6370207	TFs and others	JARID2	Pluripotent stem cell	NT2-D1	99	1/2624	0/1	0	0	inf
SRX6370208	TFs and others	JARID2	Pluripotent stem cell	NT2-D1	57	1/2624	0/1	0	0	inf
SRX6370209	TFs and others	AEBP2	Pluripotent stem cell	NT2-D1	48	1/2624	0/1	0	0	inf
SRX6370211	TFs and others	SUZ12	Pluripotent stem cell	NT2-D1	296	1/2624	0/1	0	0	inf
SRX6371919	TFs and others	MED25	Prostate	PC-3	825	16/2624	0/1	0	0	inf
SRX6371920	TFs and others	MED25	Prostate	PC-3	427	1/2624	0/1	0	0	inf
SRX6371921	TFs and others	ETV4	Prostate	PC-3	554	11/2624	0/1	0	0	inf
SRX6371922	TFs and others	ETV4	Prostate	PC-3	424	1/2624	0/1	0	0	inf
SRX6371943	TFs and others	BRCA2	Kidney	hTERT-HME1	2478	122/2624	0/1	0	0	inf
SRX6371944	TFs and others	BRCA2	Kidney	hTERT-HME1	2769	134/2624	0/1	0	0	inf
SRX6371954	TFs and others	BRD4	Neural	CLB-Ga	543	1/2624	0/1	0	0	inf
SRX6371955	TFs and others	BRD4	Neural	CLB-Ga	451	1/2624	0/1	0	0	inf
SRX6384076	TFs and others	KAT7	Blood	MOLM-13	149	2/2624	0/1	0	0	inf
SRX6384078	TFs and others	KAT7	Blood	OCI-AML3	290	2/2624	0/1	0	0	inf
SRX6384757	TFs and others	RAD21	Digestive tract	HCT 116	454	1/2624	0/1	0	0	inf
SRX6384758	TFs and others	RAD21	Digestive tract	HCT 116	30498	460/2624	0/1	0	0	inf
SRX6384785	TFs and others	MED26	Digestive tract	HCT 116	449	1/2624	0/1	0	0	inf
SRX6384786	TFs and others	MED26	Digestive tract	HCT 116	4696	479/2624	0/1	0	0	inf
SRX6384789	TFs and others	RAD21	Digestive tract	HCT 116	5929	58/2624	0/1	0	0	inf
SRX6384790	TFs and others	RAD21	Digestive tract	HCT 116	5246	46/2624	0/1	0	0	inf
SRX6384791	TFs and others	RAD21	Digestive tract	HCT 116	315	1/2624	0/1	0	0	inf
SRX6384905	TFs and others	KDM1A	Epidermis	Keratinocytes	1330	26/2624	0/1	0	0	inf
SRX6384906	TFs and others	KDM1A	Epidermis	Keratinocytes	793	1/2624	0/1	0	0	inf
SRX6384907	TFs and others	KDM1A	Epidermis	Keratinocytes	563	1/2624	0/1	0	0	inf
SRX6384908	TFs and others	KDM1A	Epidermis	Keratinocytes	819	1/2624	0/1	0	0	inf
SRX6386952	TFs and others	TCF12	Liver	Hep 3B	470	1/2624	0/1	0	0	inf
SRX6413748	TFs and others	ESR1	Breast	MCF-7	664	13/2624	0/1	0	0	inf
SRX6413749	TFs and others	ESR1	Breast	MCF-7	8653	101/2624	0/1	0	0	inf
SRX6413750	TFs and others	ESR1	Breast	MCF-7	6480	79/2624	0/1	0	0	inf
SRX6430557	TFs and others	EZH2	Blood	KARPAS-422	595	3/2624	0/1	0	0	inf
SRX6430558	TFs and others	SUZ12	Blood	KARPAS-422	545	1/2624	0/1	0	0	inf
SRX6430562	TFs and others	EZH2	Blood	KARPAS-422	1642	20/2624	0/1	0	0	inf
SRX6430563	TFs and others	SUZ12	Blood	KARPAS-422	1356	14/2624	0/1	0	0	inf
SRX6430567	TFs and others	EZH2	Blood	KARPAS-422	1127	13/2624	0/1	0	0	inf
SRX6430568	TFs and others	SUZ12	Blood	KARPAS-422	811	4/2624	0/1	0	0	inf
SRX6430573	TFs and others	EZH2	Blood	KMS-28BM	588	1/2624	0/1	0	0	inf
SRX6430575	TFs and others	EZH2	Blood	KMS-28BM	659	1/2624	0/1	0	0	inf
SRX6430578	TFs and others	EZH2	Blood	KMS-28PE	528	1/2624	0/1	0	0	inf
SRX6430580	TFs and others	EZH2	Blood	KMS-28PE	509	1/2624	0/1	0	0	inf
SRX6430582	TFs and others	EZH2	Unclassified	Unclassified	183	1/2624	0/1	0	0	inf
SRX6430586	TFs and others	EZH2	Unclassified	Unclassified	387	1/2624	0/1	0	0	inf
SRX6430588	TFs and others	EZH2	Blood	RPMI 8226	664	1/2624	0/1	0	0	inf
SRX6430591	TFs and others	EZH2	Blood	RPMI 8226	721	1/2624	0/1	0	0	inf
SRX6430594	TFs and others	EZH2	Blood	SU-DHL-6	392	5/2624	0/1	0	0	inf
SRX6430598	TFs and others	EZH2	Blood	SU-DHL-6	880	12/2624	0/1	0	0	inf
SRX643281	TFs and others	ESR1	Breast	MCF 10A	6464	301/2624	0/1	0	0	inf
SRX6433361	TFs and others	TOP2B	Neural	Glioma	45	5/2624	0/1	0	0	inf
SRX6433362	TFs and others	TOP2B	Neural	Glioma	330	32/2624	0/1	0	0	inf
SRX6433365	TFs and others	TOP2B	Neural	SNB-19	473	1/2624	0/1	0	0	inf
SRX6433370	TFs and others	TOP2A	Neural	Glioma	85	1/2624	0/1	0	0	inf
SRX6433371	TFs and others	TOP2A	Neural	Glioma	606	1/2624	0/1	0	0	inf
SRX643471	TFs and others	ERG	Prostate	VCaP	5323	484/2624	0/1	0	0	inf
SRX643472	TFs and others	ERG	Prostate	VCaP	2978	270/2624	0/1	0	0	inf
SRX6435383	TFs and others	SUPT5H	Kidney	293	130	2/2624	0/1	0	0	inf
SRX6435384	TFs and others	SUPT5H	Kidney	293	180	1/2624	0/1	0	0	inf
SRX6435386	TFs and others	SUPT5H	Kidney	293	171	3/2624	0/1	0	0	inf
SRX6435387	TFs and others	SUPT5H	Kidney	293	140	1/2624	0/1	0	0	inf
SRX6435390	TFs and others	SUPT5H	Kidney	293	5164	746/2624	0/1	0	0	inf
SRX6435391	TFs and others	SUPT5H	Kidney	293	630	26/2624	0/1	0	0	inf
SRX6435392	TFs and others	SUPT5H	Kidney	293	1575	143/2624	0/1	0	0	inf
SRX6435393	TFs and others	SUPT5H	Kidney	293	2140	212/2624	0/1	0	0	inf
SRX6435396	TFs and others	SUPT5H	Kidney	293	233	1/2624	0/1	0	0	inf
SRX6435397	TFs and others	SUPT5H	Kidney	293	172	1/2624	0/1	0	0	inf
SRX6435398	TFs and others	SUPT5H	Kidney	293	222	1/2624	0/1	0	0	inf
SRX6435399	TFs and others	SUPT5H	Kidney	293	189	1/2624	0/1	0	0	inf
SRX6435401	TFs and others	SUPT5H	Kidney	293	6417	950/2624	0/1	0	0	inf
SRX6435402	TFs and others	SUPT5H	Kidney	293	435	10/2624	0/1	0	0	inf
SRX6435404	TFs and others	SUPT5H	Kidney	293	1627	159/2624	0/1	0	0	inf
SRX6435405	TFs and others	SUPT5H	Kidney	293	4303	599/2624	0/1	0	0	inf
SRX6435407	TFs and others	SUPT5H	Kidney	293	2950	399/2624	0/1	0	0	inf
SRX6435410	TFs and others	SUPT5H	Kidney	293	1079	98/2624	0/1	0	0	inf
SRX6435428	TFs and others	PPP1R10	Kidney	293	388	1/2624	0/1	0	0	inf
SRX6435429	TFs and others	PPP1R10	Kidney	293	302	1/2624	0/1	0	0	inf
SRX6441747	TFs and others	FOXA1	Pancreas	CFPAC-1	25541	277/2624	0/1	0	0	inf
SRX6441748	TFs and others	FOXA1	Pancreas	CFPAC-1	13023	198/2624	0/1	0	0	inf
SRX6441749	TFs and others	FOXA1	Pancreas	CFPAC-1	24917	301/2624	0/1	0	0	inf
SRX6441750	TFs and others	FOXA2	Pancreas	CFPAC-1	24533	273/2624	0/1	0	0	inf
SRX6441751	TFs and others	FOXA2	Pancreas	CFPAC-1	16098	218/2624	0/1	0	0	inf
SRX6441752	TFs and others	FOXA2	Pancreas	CFPAC-1	27376	331/2624	0/1	0	0	inf
SRX6441753	TFs and others	FOXA2	Pancreas	CFPAC-1	31629	422/2624	0/1	0	0	inf
SRX6441754	TFs and others	FOXA2	Pancreas	CFPAC-1	20266	299/2624	0/1	0	0	inf
SRX6441755	TFs and others	FOXA2	Pancreas	CFPAC-1	20683	298/2624	0/1	0	0	inf
SRX644405	TFs and others	ETS1	Prostate	DU 145	3495	429/2624	0/1	0	0	inf
SRX644406	TFs and others	ELF1	Prostate	DU 145	603	2/2624	0/1	0	0	inf
SRX644407	TFs and others	ELK4	Prostate	DU 145	615	3/2624	0/1	0	0	inf
SRX644408	TFs and others	GABPA	Prostate	DU 145	1971	249/2624	0/1	0	0	inf
SRX644409	TFs and others	JUND	Prostate	DU 145	264	1/2624	0/1	0	0	inf
SRX644410	TFs and others	ETS1	Pancreas	PANC-1	787	34/2624	0/1	0	0	inf
SRX644707	TFs and others	Epitope tags	Kidney	293	153	1/2624	0/1	0	0	inf
SRX644708	TFs and others	SCML2	Kidney	293	178	2/2624	0/1	0	0	inf
SRX644709	TFs and others	BMI1	Kidney	293	220	1/2624	0/1	0	0	inf
SRX644711	TFs and others	Epitope tags	Kidney	293	131	1/2624	0/1	0	0	inf
SRX644712	TFs and others	SCML2	Kidney	293	310	2/2624	0/1	0	0	inf
SRX644713	TFs and others	BMI1	Kidney	293	255	1/2624	0/1	0	0	inf
SRX644715	TFs and others	Epitope tags	Kidney	293	108	1/2624	0/1	0	0	inf
SRX644716	TFs and others	SCML2	Kidney	293	274	2/2624	0/1	0	0	inf
SRX644717	TFs and others	BMI1	Kidney	293	192	1/2624	0/1	0	0	inf
SRX644719	TFs and others	Epitope tags	Kidney	293	31	1/2624	0/1	0	0	inf
SRX644720	TFs and others	SCML2	Kidney	293	108	3/2624	0/1	0	0	inf
SRX644721	TFs and others	BMI1	Kidney	293	63	1/2624	0/1	0	0	inf
SRX644723	TFs and others	Epitope tags	Kidney	293	13	1/2624	0/1	0	0	inf
SRX644724	TFs and others	SCML2	Kidney	293	101	2/2624	0/1	0	0	inf
SRX644725	TFs and others	BMI1	Kidney	293	437	1/2624	0/1	0	0	inf
SRX644727	TFs and others	Epitope tags	Kidney	293	58	1/2624	0/1	0	0	inf
SRX644728	TFs and others	SCML2	Kidney	293	1916	9/2624	0/1	0	0	inf
SRX644729	TFs and others	BMI1	Kidney	293	516	1/2624	0/1	0	0	inf
SRX646125	TFs and others	EED	Blood	Erythroblasts	1354	2/2624	0/1	0	0	inf
SRX646126	TFs and others	SUZ12	Blood	Erythroblasts	2256	255/2624	0/1	0	0	inf
SRX646133	TFs and others	EZH2	Blood	Erythroblasts	391	1/2624	0/1	0	0	inf
SRX646134	TFs and others	EZH2	Blood	Erythroblasts	672	3/2624	0/1	0	0	inf
SRX646135	TFs and others	NFE2	Blood	Erythroblasts	15486	1247/2624	0/1	0	0	inf
SRX646136	TFs and others	TAL1	Blood	Erythroblasts	15225	44/2624	0/1	0	0	inf
SRX6473435	TFs and others	Epitope tags	Pluripotent stem cell	hESC derived neural crests	264	1/2624	0/1	0	0	inf
SRX6473440	TFs and others	Epitope tags	Pluripotent stem cell	hESC derived neural crests	16269	581/2624	0/1	0	0	inf
SRX6473441	TFs and others	Epitope tags	Pluripotent stem cell	hESC derived neural crests	16651	770/2624	0/1	0	0	inf
SRX6473442	TFs and others	Epitope tags	Pluripotent stem cell	hESC derived neural crests	587	3/2624	0/1	0	0	inf
SRX6473443	TFs and others	Epitope tags	Pluripotent stem cell	hESC derived neural crests	880	7/2624	0/1	0	0	inf
SRX6473444	TFs and others	Epitope tags	Pluripotent stem cell	hESC derived neural crests	838	5/2624	0/1	0	0	inf
SRX6473445	TFs and others	Epitope tags	Pluripotent stem cell	hESC derived neural crests	214	2/2624	0/1	0	0	inf
SRX6473446	TFs and others	Epitope tags	Pluripotent stem cell	hESC derived neural crests	1166	31/2624	0/1	0	0	inf
SRX6473447	TFs and others	Epitope tags	Pluripotent stem cell	hESC derived neural crests	444	10/2624	0/1	0	0	inf
SRX6473453	TFs and others	Epitope tags	Pluripotent stem cell	hESC derived neural crests	524	12/2624	0/1	0	0	inf
SRX647365	TFs and others	ESR1	Breast	MCF 10A	1879	78/2624	0/1	0	0	inf
SRX647366	TFs and others	ESR1	Breast	MCF 10A	161	1/2624	0/1	0	0	inf
SRX647367	TFs and others	ESR1	Breast	MCF 10A	424	26/2624	0/1	0	0	inf
SRX647369	TFs and others	ZBTB17	Breast	MCF 10A	351	40/2624	0/1	0	0	inf
SRX647370	TFs and others	ZBTB17	Breast	MCF 10A	319	38/2624	0/1	0	0	inf
SRX647371	TFs and others	ZBTB17	Breast	MCF 10A	521	46/2624	0/1	0	0	inf
SRX647372	TFs and others	ZBTB17	Breast	MCF 10A	365	38/2624	0/1	0	0	inf
SRX6476492	TFs and others	SMAD2	Cardiovascular	HUVEC	1950	133/2624	0/1	0	0	inf
SRX6476497	TFs and others	SMAD2	Cardiovascular	Aortic smooth muscle cells	248	2/2624	0/1	0	0	inf
SRX6476500	TFs and others	SMAD2	Cardiovascular	Aortic smooth muscle cells	309	1/2624	0/1	0	0	inf
SRX647703	TFs and others	TP53	Breast	MCF-7	407	2/2624	0/1	0	0	inf
SRX647704	TFs and others	TP53	Breast	MDA-MB-175-VII	950	1/2624	0/1	0	0	inf
SRX647705	TFs and others	TP53	Breast	MDA-MB-468	920	1/2624	0/1	0	0	inf
SRX647706	TFs and others	TP53	Breast	HCC70	734	1/2624	0/1	0	0	inf
SRX647707	TFs and others	TP53	Breast	BT-549	675	1/2624	0/1	0	0	inf
SRX6480757	TFs and others	Epitope tags	Kidney	293	463	3/2624	0/1	0	0	inf
SRX6480758	TFs and others	Epitope tags	Kidney	293	1811	62/2624	0/1	0	0	inf
SRX648242	TFs and others	ZBTB17	Digestive tract	LS-174T	3951	126/2624	0/1	0	0	inf
SRX648243	TFs and others	MYC	Digestive tract	LS-174T	259	7/2624	0/1	0	0	inf
SRX648245	TFs and others	ZBTB17	Digestive tract	LS-174T	766	57/2624	0/1	0	0	inf
SRX648246	TFs and others	MYC	Digestive tract	LS-174T	111	2/2624	0/1	0	0	inf
SRX6483125	TFs and others	SS18	Neural	NGP	1198	98/2624	0/1	0	0	inf
SRX6483126	TFs and others	SMARCA4	Neural	NGP	4915	299/2624	0/1	0	0	inf
SRX6483131	TFs and others	SS18	Neural	NGP	476	9/2624	0/1	0	0	inf
SRX6483132	TFs and others	SMARCA4	Neural	NGP	7689	790/2624	0/1	0	0	inf
SRX6483133	TFs and others	ARID2	Neural	NGP	1792	309/2624	0/1	0	0	inf
SRX6483137	TFs and others	SS18	Neural	NGP	475	4/2624	0/1	0	0	inf
SRX6483139	TFs and others	ARID2	Neural	NGP	4311	821/2624	0/1	0	0	inf
SRX6487035	TFs and others	FOXA1	Breast	MCF-7	3508	43/2624	0/1	0	0	inf
SRX6487036	TFs and others	FOXA1	Breast	MCF-7	1644	31/2624	0/1	0	0	inf
SRX6487037	TFs and others	FOXA1	Breast	MCF-7	1463	28/2624	0/1	0	0	inf
SRX6487038	TFs and others	FOXA1	Breast	MCF-7	2165	40/2624	0/1	0	0	inf
SRX6487039	TFs and others	FOXA1	Breast	MCF-7	3853	46/2624	0/1	0	0	inf
SRX6487040	TFs and others	FOXA1	Breast	MCF-7	663	11/2624	0/1	0	0	inf
SRX6487041	TFs and others	FOXA1	Breast	MCF-7	5592	56/2624	0/1	0	0	inf
SRX6487042	TFs and others	FOXA1	Breast	MCF-7	3653	46/2624	0/1	0	0	inf
SRX6487043	TFs and others	FOXA1	Breast	MCF-7	6746	60/2624	0/1	0	0	inf
SRX6487044	TFs and others	FOXA1	Breast	MCF-7	3603	39/2624	0/1	0	0	inf
SRX6487045	TFs and others	FOXA1	Breast	MCF-7	5241	47/2624	0/1	0	0	inf
SRX6487046	TFs and others	FOXA1	Breast	MCF-7	2206	27/2624	0/1	0	0	inf
SRX6487047	TFs and others	FOXA1	Breast	MCF-7	3293	39/2624	0/1	0	0	inf
SRX6487048	TFs and others	FOXA1	Breast	MCF-7	4570	53/2624	0/1	0	0	inf
SRX6487049	TFs and others	FOXA1	Breast	MCF-7	2459	35/2624	0/1	0	0	inf
SRX6487050	TFs and others	FOXA1	Breast	MCF-7	5431	49/2624	0/1	0	0	inf
SRX6487051	TFs and others	FOXA1	Breast	MCF-7	5992	56/2624	0/1	0	0	inf
SRX6487052	TFs and others	FOXA1	Breast	MCF-7	3969	38/2624	0/1	0	0	inf
SRX6487053	TFs and others	FOXA1	Breast	MCF-7	1126	22/2624	0/1	0	0	inf
SRX6487054	TFs and others	FOXA1	Breast	MCF-7	4702	47/2624	0/1	0	0	inf
SRX6487055	TFs and others	FOXA1	Breast	MCF-7	7769	67/2624	0/1	0	0	inf
SRX6487056	TFs and others	FOXA1	Breast	MCF-7	3150	42/2624	0/1	0	0	inf
SRX6487057	TFs and others	FOXA1	Breast	MCF-7	488	5/2624	0/1	0	0	inf
SRX6487058	TFs and others	FOXA1	Breast	MCF-7	3555	35/2624	0/1	0	0	inf
SRX6487059	TFs and others	FOXA1	Breast	MCF-7	2088	26/2624	0/1	0	0	inf
SRX6487060	TFs and others	FOXA1	Breast	MCF-7	1383	19/2624	0/1	0	0	inf
SRX6487061	TFs and others	FOXA1	Breast	MCF-7	877	12/2624	0/1	0	0	inf
SRX6487062	TFs and others	FOXA1	Breast	MCF-7	389	5/2624	0/1	0	0	inf
SRX6487063	TFs and others	FOXA1	Breast	MCF-7	1132	11/2624	0/1	0	0	inf
SRX6487064	TFs and others	FOXA1	Breast	MCF-7	3649	36/2624	0/1	0	0	inf
SRX6487065	TFs and others	FOXA1	Breast	MCF-7	1732	24/2624	0/1	0	0	inf
SRX6487066	TFs and others	FOXA1	Breast	MCF-7	754	10/2624	0/1	0	0	inf
SRX6487067	TFs and others	FOXA1	Breast	MCF-7	811	11/2624	0/1	0	0	inf
SRX6487068	TFs and others	FOXA1	Breast	MCF-7	639	6/2624	0/1	0	0	inf
SRX6487069	TFs and others	FOXA1	Breast	MCF-7	1848	25/2624	0/1	0	0	inf
SRX6487070	TFs and others	FOXA1	Breast	MCF-7	750	10/2624	0/1	0	0	inf
SRX656346	TFs and others	BCL6	Blood	ICN12	5179	39/2624	0/1	0	0	inf
SRX656347	TFs and others	TCF3	Blood	ICN12	20913	208/2624	0/1	0	0	inf
SRX656349	TFs and others	PBX1	Blood	ICN12	31875	663/2624	0/1	0	0	inf
SRX656350	TFs and others	EP300	Blood	ICN12	11656	68/2624	0/1	0	0	inf
SRX656428	TFs and others	BCL6	Blood	RS 411	2378	32/2624	0/1	0	0	inf
SRX6578928	TFs and others	CTCF	Blood	T cells	20781	532/2624	0/1	0	0	inf
SRX6578929	TFs and others	CTCF	Blood	T cells	27467	634/2624	0/1	0	0	inf
SRX6578934	TFs and others	CTCF	Blood	T-ALL	25218	396/2624	0/1	0	0	inf
SRX6578935	TFs and others	CTCF	Blood	T-ALL	26073	412/2624	0/1	0	0	inf
SRX6578937	TFs and others	CTCF	Blood	Jurkat	19596	335/2624	0/1	0	0	inf
SRX6578938	TFs and others	CTCF	Blood	Jurkat	28669	434/2624	0/1	0	0	inf
SRX6578941	TFs and others	CTCF	Blood	CUTLL1	22877	467/2624	0/1	0	0	inf
SRX6578942	TFs and others	CTCF	Blood	CUTLL1	12037	301/2624	0/1	0	0	inf
SRX6578943	TFs and others	CTCF	Blood	CUTLL1	15178	306/2624	0/1	0	0	inf
SRX6578944	TFs and others	CTCF	Blood	CUTLL1	13054	290/2624	0/1	0	0	inf
SRX6578946	TFs and others	CTCF	Blood	CUTLL1	15348	355/2624	0/1	0	0	inf
SRX6578947	TFs and others	CTCF	Blood	CUTLL1	18299	389/2624	0/1	0	0	inf
SRX6578948	TFs and others	CTCF	Blood	CUTLL1	23141	461/2624	0/1	0	0	inf
SRX6582163	TFs and others	JUN	Epidermis	BJ-5ta	24954	736/2624	0/1	0	0	inf
SRX6582164	TFs and others	JUN	Epidermis	BJ-5ta	24643	772/2624	0/1	0	0	inf
SRX6582165	TFs and others	JUN	Epidermis	BJ-5ta	36138	1178/2624	0/1	0	0	inf
SRX6582166	TFs and others	LMNA	Others	GM07492	1957	131/2624	0/1	0	0	inf
SRX6582170	TFs and others	LMNA	Others	GM07492	1168	49/2624	0/1	0	0	inf
SRX6582171	TFs and others	JUN	Others	GM07492	37936	555/2624	0/1	0	0	inf
SRX6582172	TFs and others	JUN	Others	Fibroblasts	26505	350/2624	0/1	0	0	inf
SRX6582173	TFs and others	LMNA	Others	Fibroblasts	623	17/2624	0/1	0	0	inf
SRX6582174	TFs and others	LMNA	Others	Fibroblasts	400	4/2624	0/1	0	0	inf
SRX658609	TFs and others	MED1	Blood	Jurkat	950	5/2624	0/1	0	0	inf
SRX658610	TFs and others	MYB	Blood	Jurkat	26768	1215/2624	0/1	0	0	inf
SRX6596842	TFs and others	EGR1	Others	Fibroblasts	423	7/2624	0/1	0	0	inf
SRX6596843	TFs and others	EGR1	Others	Fibroblasts	518	26/2624	0/1	0	0	inf
SRX6596844	TFs and others	EGR1	Others	Fibroblasts	703	44/2624	0/1	0	0	inf
SRX6596845	TFs and others	EGR1	Others	Fibroblasts	2566	274/2624	0/1	0	0	inf
SRX6596846	TFs and others	EGR1	Others	Fibroblasts	2683	282/2624	0/1	0	0	inf
SRX6596847	TFs and others	EGR1	Others	Fibroblasts	4338	495/2624	0/1	0	0	inf
SRX6596848	TFs and others	EGR1	Others	Fibroblasts	702	49/2624	0/1	0	0	inf
SRX6596849	TFs and others	EGR1	Others	Fibroblasts	3935	368/2624	0/1	0	0	inf
SRX6596850	TFs and others	EGR1	Others	Fibroblasts	3853	387/2624	0/1	0	0	inf
SRX6602360	TFs and others	ARNTL	Neural	Glioma stem cells	6718	832/2624	0/1	0	0	inf
SRX6602361	TFs and others	ARNTL	Neural	Glioma stem cells	5924	697/2624	0/1	0	0	inf
SRX6602363	TFs and others	ARNTL	Neural	Glioma stem cells	7860	939/2624	0/1	0	0	inf
SRX6602364	TFs and others	ARNTL	Neural	Glioma stem cells	3294	376/2624	0/1	0	0	inf
SRX6602366	TFs and others	ARNTL	Neural	Neural Stem Cells	1309	57/2624	0/1	0	0	inf
SRX6602367	TFs and others	ARNTL	Neural	Neural Stem Cells	535	10/2624	0/1	0	0	inf
SRX6602369	TFs and others	ARNTL	Neural	Neural Stem Cells	1583	36/2624	0/1	0	0	inf
SRX6602370	TFs and others	ARNTL	Neural	Neural Stem Cells	1311	48/2624	0/1	0	0	inf
SRX6605189	TFs and others	BrdU	Uterus	HeLa	394	1/2624	0/1	0	0	inf
SRX6605190	TFs and others	BrdU	Uterus	HeLa	566	1/2624	0/1	0	0	inf
SRX6605191	TFs and others	BrdU	Uterus	HeLa	164	1/2624	0/1	0	0	inf
SRX6605192	TFs and others	BrdU	Uterus	HeLa	104	1/2624	0/1	0	0	inf
SRX6605193	TFs and others	BrdU	Uterus	HeLa	415	1/2624	0/1	0	0	inf
SRX6605194	TFs and others	BrdU	Uterus	HeLa	410	1/2624	0/1	0	0	inf
SRX6605195	TFs and others	BrdU	Uterus	HeLa	555	1/2624	0/1	0	0	inf
SRX6605225	TFs and others	ORC1	Uterus	HeLa	86	1/2624	0/1	0	0	inf
SRX6605226	TFs and others	ORC1	Uterus	HeLa	91	1/2624	0/1	0	0	inf
SRX6605227	TFs and others	ORC1	Uterus	HeLa	351	1/2624	0/1	0	0	inf
SRX6605228	TFs and others	ORC1	Uterus	HeLa	224	1/2624	0/1	0	0	inf
SRX6605237	TFs and others	BrdU	Uterus	HeLa	270	1/2624	0/1	0	0	inf
SRX6605238	TFs and others	BrdU	Uterus	HeLa	112	1/2624	0/1	0	0	inf
SRX6605239	TFs and others	BrdU	Uterus	HeLa	407	1/2624	0/1	0	0	inf
SRX6608380	TFs and others	EZH2	Blood	THP-1	7875	60/2624	0/1	0	0	inf
SRX6608390	TFs and others	EZH2	Blood	RCH-ACV	4013	47/2624	0/1	0	0	inf
SRX6614728	TFs and others	CTCF	Lung	IMR-90	27166	424/2624	0/1	0	0	inf
SRX6614729	TFs and others	CTCF	Lung	IMR-90	32522	436/2624	0/1	0	0	inf
SRX6614732	TFs and others	CTCF	Lung	IMR-90	27957	438/2624	0/1	0	0	inf
SRX6614733	TFs and others	CTCF	Lung	IMR-90	34779	467/2624	0/1	0	0	inf
SRX6614736	TFs and others	CTCF	Lung	IMR-90	27608	417/2624	0/1	0	0	inf
SRX6614737	TFs and others	CTCF	Lung	IMR-90	36390	477/2624	0/1	0	0	inf
SRX6614740	TFs and others	RAD21	Lung	IMR-90	10869	108/2624	0/1	0	0	inf
SRX6614741	TFs and others	RAD21	Lung	IMR-90	9679	81/2624	0/1	0	0	inf
SRX6614742	TFs and others	RAD21	Lung	IMR-90	8213	54/2624	0/1	0	0	inf
SRX6614743	TFs and others	RAD21	Lung	IMR-90	13929	175/2624	0/1	0	0	inf
SRX6614744	TFs and others	RAD21	Lung	IMR-90	17189	158/2624	0/1	0	0	inf
SRX6614745	TFs and others	RAD21	Lung	IMR-90	6113	37/2624	0/1	0	0	inf
SRX6614746	TFs and others	RAD21	Lung	IMR-90	6132	41/2624	0/1	0	0	inf
SRX6614747	TFs and others	SMC3	Lung	IMR-90	8281	102/2624	0/1	0	0	inf
SRX6614748	TFs and others	SMC3	Lung	IMR-90	7837	62/2624	0/1	0	0	inf
SRX6614749	TFs and others	SMC3	Lung	IMR-90	19306	308/2624	0/1	0	0	inf
SRX6614750	TFs and others	SMC3	Lung	IMR-90	4819	48/2624	0/1	0	0	inf
SRX6614753	TFs and others	CTCF	Lung	IMR-90	26573	361/2624	0/1	0	0	inf
SRX6614754	TFs and others	CTCF	Lung	IMR-90	27799	402/2624	0/1	0	0	inf
SRX6614755	TFs and others	CTCF	Lung	IMR-90	26959	381/2624	0/1	0	0	inf
SRX6614756	TFs and others	CTCF	Lung	IMR-90	6185	161/2624	0/1	0	0	inf
SRX6614757	TFs and others	CTCF	Lung	IMR-90	10562	232/2624	0/1	0	0	inf
SRX6614759	TFs and others	CTCF	Lung	IMR-90	16012	286/2624	0/1	0	0	inf
SRX6614762	TFs and others	RAD21	Lung	IMR-90	9543	72/2624	0/1	0	0	inf
SRX6614763	TFs and others	RAD21	Lung	IMR-90	7999	66/2624	0/1	0	0	inf
SRX6614764	TFs and others	RAD21	Lung	IMR-90	12907	112/2624	0/1	0	0	inf
SRX6614765	TFs and others	RAD21	Lung	IMR-90	2064	24/2624	0/1	0	0	inf
SRX6614766	TFs and others	RAD21	Lung	IMR-90	1533	14/2624	0/1	0	0	inf
SRX6614767	TFs and others	RAD21	Lung	IMR-90	7023	70/2624	0/1	0	0	inf
SRX6614768	TFs and others	SMC3	Lung	IMR-90	7424	70/2624	0/1	0	0	inf
SRX6614769	TFs and others	SMC3	Lung	IMR-90	1340	15/2624	0/1	0	0	inf
SRX6614770	TFs and others	SMC3	Lung	IMR-90	7588	75/2624	0/1	0	0	inf
SRX6614771	TFs and others	SMC3	Lung	IMR-90	8180	69/2624	0/1	0	0	inf
SRX6614772	TFs and others	SMC3	Lung	IMR-90	529	2/2624	0/1	0	0	inf
SRX6614773	TFs and others	SMC3	Lung	IMR-90	538	4/2624	0/1	0	0	inf
SRX6614774	TFs and others	SMC3	Lung	IMR-90	643	2/2624	0/1	0	0	inf
SRX6614775	TFs and others	SMC3	Lung	IMR-90	1685	20/2624	0/1	0	0	inf
SRX6614776	TFs and others	SMC3	Lung	WI-38	2829	21/2624	0/1	0	0	inf
SRX6614777	TFs and others	SMC3	Lung	WI-38	878	6/2624	0/1	0	0	inf
SRX6616799	TFs and others	NR3C1	Lung	BEAS-2B	67	1/2624	0/1	0	0	inf
SRX6616800	TFs and others	NR3C1	Lung	BEAS-2B	56	1/2624	0/1	0	0	inf
SRX6616801	TFs and others	NR3C1	Lung	BEAS-2B	402	7/2624	0/1	0	0	inf
SRX6616802	TFs and others	NR3C1	Lung	BEAS-2B	342	7/2624	0/1	0	0	inf
SRX6635807	TFs and others	TP63	Uterus	ME-180	176	1/2624	0/1	0	0	inf
SRX6639037	TFs and others	GTF3C2	Breast	T-47D	817	1/2624	0/1	0	0	inf
SRX6639038	TFs and others	GTF3C2	Breast	T-47D	753	1/2624	0/1	0	0	inf
SRX6639324	TFs and others	SMAD1	Pluripotent stem cell	hESC H1	1296	5/2624	0/1	0	0	inf
SRX6639326	TFs and others	SMAD1	Pluripotent stem cell	hESC H1	1356	9/2624	0/1	0	0	inf
SRX6639328	TFs and others	GATA3	Pluripotent stem cell	hESC H1	2562	14/2624	0/1	0	0	inf
SRX6639330	TFs and others	GATA3	Pluripotent stem cell	hESC H1	3870	20/2624	0/1	0	0	inf
SRX6651671	TFs and others	NR3C1	Blood	697	233	1/2624	0/1	0	0	inf
SRX6651673	TFs and others	NR3C1	Blood	697	461	2/2624	0/1	0	0	inf
SRX6651675	TFs and others	NR3C1	Blood	697	325	1/2624	0/1	0	0	inf
SRX6651677	TFs and others	NR3C1	Blood	697	436	2/2624	0/1	0	0	inf
SRX666439	TFs and others	BCL6	Blood	CD4+ T cells	5173	491/2624	0/1	0	0	inf
SRX666558	TFs and others	Epitope tags	Breast	T-47D	14483	1221/2624	0/1	0	0	inf
SRX666560	TFs and others	Epitope tags	Breast	T-47D	1417	1/2624	0/1	0	0	inf
SRX6665793	TFs and others	Epitope tags	Kidney	HK-2	5470	1092/2624	0/1	0	0	inf
SRX6665795	TFs and others	Epitope tags	Kidney	HK-2	267	1/2624	0/1	0	0	inf
SRX666592	TFs and others	RBPJ	Epidermis	Dermal fibroblast	854	1/2624	0/1	0	0	inf
SRX666593	TFs and others	RBPJ	Epidermis	Dermal fibroblast	930	1/2624	0/1	0	0	inf
SRX667403	TFs and others	Epitope tags	Breast	MCF-7	105	1/2624	0/1	0	0	inf
SRX667404	TFs and others	Epitope tags	Breast	MCF-7	500	10/2624	0/1	0	0	inf
SRX667405	TFs and others	Epitope tags	Breast	MCF-7	789	104/2624	0/1	0	0	inf
SRX667406	TFs and others	Epitope tags	Breast	MCF-7	87	2/2624	0/1	0	0	inf
SRX667407	TFs and others	Epitope tags	Breast	MCF-7	2824	327/2624	0/1	0	0	inf
SRX667408	TFs and others	Epitope tags	Breast	MCF-7	1365	130/2624	0/1	0	0	inf
SRX667409	TFs and others	Epitope tags	Breast	MCF-7	6651	375/2624	0/1	0	0	inf
SRX667410	TFs and others	Epitope tags	Breast	MCF-7	6458	501/2624	0/1	0	0	inf
SRX667411	TFs and others	Epitope tags	Breast	MCF-7	13949	833/2624	0/1	0	0	inf
SRX667412	TFs and others	Epitope tags	Breast	MCF-7	9880	434/2624	0/1	0	0	inf
SRX667413	TFs and others	Epitope tags	Breast	MCF-7	27244	985/2624	0/1	0	0	inf
SRX667414	TFs and others	Epitope tags	Breast	MCF-7	20211	756/2624	0/1	0	0	inf
SRX667982	TFs and others	AR	Prostate	VCaP	37982	19/2624	0/1	0	0	inf
SRX667983	TFs and others	AR	Prostate	VCaP	39357	20/2624	0/1	0	0	inf
SRX667984	TFs and others	FOXA1	Prostate	VCaP	68933	90/2624	0/1	0	0	inf
SRX667985	TFs and others	FOXA1	Prostate	VCaP	80379	102/2624	0/1	0	0	inf
SRX667986	TFs and others	FOXA1	Prostate	VCaP	68445	84/2624	0/1	0	0	inf
SRX667987	TFs and others	FOXA1	Prostate	VCaP	80739	105/2624	0/1	0	0	inf
SRX6680391	TFs and others	CTCF	Bone	HT-1080	13007	202/2624	0/1	0	0	inf
SRX6680395	TFs and others	CBX5	Bone	HT-1080	562	1/2624	0/1	0	0	inf
SRX6680397	TFs and others	CTCF	Bone	HT-1080	857	31/2624	0/1	0	0	inf
SRX6680401	TFs and others	CBX5	Bone	HT-1080	574	1/2624	0/1	0	0	inf
SRX6680405	TFs and others	CBX5	Digestive tract	HCT 116	634	1/2624	0/1	0	0	inf
SRX6680407	TFs and others	CBX1	Digestive tract	HCT 116	1176	1/2624	0/1	0	0	inf
SRX6680411	TFs and others	CBX5	Digestive tract	DKO	542	1/2624	0/1	0	0	inf
SRX6680413	TFs and others	CBX1	Digestive tract	DKO	1006	1/2624	0/1	0	0	inf
SRX668216	TFs and others	CTCF	Neural	HRPEpiC	27859	407/2624	0/1	0	0	inf
SRX668217	TFs and others	E2F4	Neural	HRPEpiC	853	101/2624	0/1	0	0	inf
SRX668219	TFs and others	ZNF92	Neural	HRPEpiC	11932	27/2624	0/1	0	0	inf
SRX668234	TFs and others	MED1	Muscle	Myoblasts	10979	246/2624	0/1	0	0	inf
SRX668243	TFs and others	CDK7	Blood	Jurkat	1166	126/2624	0/1	0	0	inf
SRX668244	TFs and others	CDK7	Blood	Jurkat	1112	121/2624	0/1	0	0	inf
SRX668340	TFs and others	FOXM1	Kidney	293	604	80/2624	0/1	0	0	inf
SRX668341	TFs and others	FOXM1	Kidney	293	375	24/2624	0/1	0	0	inf
SRX668342	TFs and others	GFP	Kidney	293	1926	319/2624	0/1	0	0	inf
SRX668343	TFs and others	GFP	Kidney	293	2514	404/2624	0/1	0	0	inf
SRX668345	TFs and others	GFP	Kidney	293	1977	364/2624	0/1	0	0	inf
SRX668346	TFs and others	GFP	Kidney	293	278	9/2624	0/1	0	0	inf
SRX668348	TFs and others	GFP	Kidney	293	1610	321/2624	0/1	0	0	inf
SRX668349	TFs and others	GFP	Kidney	293	1474	266/2624	0/1	0	0	inf
SRX668350	TFs and others	GFP	Kidney	293	308	4/2624	0/1	0	0	inf
SRX668351	TFs and others	GFP	Kidney	293	355	13/2624	0/1	0	0	inf
SRX668352	TFs and others	GFP	Kidney	293	424	14/2624	0/1	0	0	inf
SRX668353	TFs and others	GFP	Kidney	293	467	10/2624	0/1	0	0	inf
SRX6686241	TFs and others	DDX39B	Blood	K-562	628	1/2624	0/1	0	0	inf
SRX6686243	TFs and others	DDX39B	Blood	K-562	317	1/2624	0/1	0	0	inf
SRX6686385	TFs and others	PHF19	Prostate	DU 145	309	2/2624	0/1	0	0	inf
SRX6686386	TFs and others	PHF19	Prostate	DU 145	163	1/2624	0/1	0	0	inf
SRX6686387	TFs and others	EZH2	Prostate	DU 145	672	1/2624	0/1	0	0	inf
SRX6686388	TFs and others	EZH2	Prostate	DU 145	627	1/2624	0/1	0	0	inf
SRX6686389	TFs and others	SUZ12	Prostate	DU 145	621	1/2624	0/1	0	0	inf
SRX6686390	TFs and others	SUZ12	Prostate	DU 145	584	1/2624	0/1	0	0	inf
SRX6686394	TFs and others	MTF2	Prostate	DU 145	581	1/2624	0/1	0	0	inf
SRX6686395	TFs and others	MTF2	Prostate	DU 145	2071	12/2624	0/1	0	0	inf
SRX6692564	TFs and others	Epitope tags	Epidermis	Keratinocytes	154	1/2624	0/1	0	0	inf
SRX6692565	TFs and others	Epitope tags	Epidermis	Keratinocytes	66	1/2624	0/1	0	0	inf
SRX6692568	TFs and others	Epitope tags	Epidermis	Keratinocytes	1247	29/2624	0/1	0	0	inf
SRX6692569	TFs and others	Epitope tags	Epidermis	Keratinocytes	1512	36/2624	0/1	0	0	inf
SRX6699759	TFs and others	CTNNB1	Liver	Hep G2	376	1/2624	0/1	0	0	inf
SRX6699760	TFs and others	CTNNB1	Liver	Hep G2	377	1/2624	0/1	0	0	inf
SRX6699761	TFs and others	Epitope tags	Liver	Hep G2	16739	14/2624	0/1	0	0	inf
SRX6704390	TFs and others	CTCF	Blood	BC-3	31209	434/2624	0/1	0	0	inf
SRX670629	TFs and others	ELK3	Cardiovascular	HUVEC	2130	425/2624	0/1	0	0	inf
SRX670813	TFs and others	BRD4	Pluripotent stem cell	hESC H9	1395	1/2624	0/1	0	0	inf
SRX670814	TFs and others	BRD4	Pluripotent stem cell	hESC H9	995	1/2624	0/1	0	0	inf
SRX670815	TFs and others	BRD2	Pluripotent stem cell	hESC H9	168	1/2624	0/1	0	0	inf
SRX670816	TFs and others	BRD2	Pluripotent stem cell	hESC H9	213	1/2624	0/1	0	0	inf
SRX670817	TFs and others	BRD3	Pluripotent stem cell	hESC H9	225	1/2624	0/1	0	0	inf
SRX670818	TFs and others	BRD3	Pluripotent stem cell	hESC H9	372	1/2624	0/1	0	0	inf
SRX671996	TFs and others	ZNF486	Pluripotent stem cell	ES cells	3085	1/2624	0/1	0	0	inf
SRX672002	TFs and others	TRIM28	Pluripotent stem cell	ES cells	122	2/2624	0/1	0	0	inf
SRX672731	TFs and others	TP53	Digestive tract	HCT 116	378	6/2624	0/1	0	0	inf
SRX672732	TFs and others	TP53	Digestive tract	HCT 116	247	4/2624	0/1	0	0	inf
SRX673709	TFs and others	ESR1	Breast	MCF-7	1605	10/2624	0/1	0	0	inf
SRX673710	TFs and others	ESR1	Breast	MCF-7	14704	61/2624	0/1	0	0	inf
SRX673711	TFs and others	Biotin	Breast	MCF-7	257	1/2624	0/1	0	0	inf
SRX673712	TFs and others	Biotin	Breast	MCF-7	1820	67/2624	0/1	0	0	inf
SRX673713	TFs and others	Biotin	Breast	MCF-7	194	2/2624	0/1	0	0	inf
SRX673714	TFs and others	Biotin	Breast	MCF-7	156	3/2624	0/1	0	0	inf
SRX673715	TFs and others	Biotin	Breast	MCF-7	942	27/2624	0/1	0	0	inf
SRX673716	TFs and others	Biotin	Breast	MCF-7	507	3/2624	0/1	0	0	inf
SRX673717	TFs and others	Biotin	Breast	MCF-7	425	2/2624	0/1	0	0	inf
SRX673718	TFs and others	Biotin	Breast	MCF-7	3454	134/2624	0/1	0	0	inf
SRX673719	TFs and others	Biotin	Breast	MCF-7	369	5/2624	0/1	0	0	inf
SRX673720	TFs and others	Biotin	Breast	MCF-7	512	17/2624	0/1	0	0	inf
SRX673721	TFs and others	Biotin	Breast	MCF-7	1278	78/2624	0/1	0	0	inf
SRX673722	TFs and others	GATA3	Breast	MCF-7	397	1/2624	0/1	0	0	inf
SRX673724	TFs and others	Biotin	Breast	MCF-7	1552	15/2624	0/1	0	0	inf
SRX673725	TFs and others	Biotin	Breast	MCF-7	1305	6/2624	0/1	0	0	inf
SRX673726	TFs and others	Biotin	Breast	MCF-7	891	3/2624	0/1	0	0	inf
SRX673727	TFs and others	TFAP2C	Breast	MCF-7	906	48/2624	0/1	0	0	inf
SRX673728	TFs and others	TFAP2C	Breast	MCF-7	6728	299/2624	0/1	0	0	inf
SRX673729	TFs and others	MED1	Breast	MCF-7	478	1/2624	0/1	0	0	inf
SRX673730	TFs and others	MED1	Breast	MCF-7	1704	19/2624	0/1	0	0	inf
SRX673731	TFs and others	PRKDC	Breast	MCF-7	365	1/2624	0/1	0	0	inf
SRX673732	TFs and others	PRKDC	Breast	MCF-7	360	1/2624	0/1	0	0	inf
SRX673733	TFs and others	PRKDC	Breast	MCF-7	393	1/2624	0/1	0	0	inf
SRX673734	TFs and others	PRKDC	Breast	MCF-7	332	2/2624	0/1	0	0	inf
SRX673735	TFs and others	PRKDC	Breast	MCF-7	173	1/2624	0/1	0	0	inf
SRX673736	TFs and others	PRKDC	Breast	MCF-7	60	1/2624	0/1	0	0	inf
SRX673737	TFs and others	ESR1	Breast	MCF-7	194	1/2624	0/1	0	0	inf
SRX673738	TFs and others	ESR1	Breast	MCF-7	244	3/2624	0/1	0	0	inf
SRX673739	TFs and others	ESR1	Breast	MCF-7	389	1/2624	0/1	0	0	inf
SRX673740	TFs and others	ESR1	Breast	MCF-7	174	1/2624	0/1	0	0	inf
SRX673741	TFs and others	ESR1	Breast	MCF-7	2159	22/2624	0/1	0	0	inf
SRX673742	TFs and others	ESR1	Breast	MCF-7	2635	21/2624	0/1	0	0	inf
SRX673743	TFs and others	EP300	Breast	MCF-7	6969	871/2624	0/1	0	0	inf
SRX673744	TFs and others	EP300	Breast	MCF-7	1748	90/2624	0/1	0	0	inf
SRX673747	TFs and others	MED1	Breast	MCF-7	1581	175/2624	0/1	0	0	inf
SRX673748	TFs and others	MED1	Breast	MCF-7	1001	44/2624	0/1	0	0	inf
SRX673749	TFs and others	MED1	Breast	MCF-7	2426	398/2624	0/1	0	0	inf
SRX673750	TFs and others	MED1	Breast	MCF-7	4106	669/2624	0/1	0	0	inf
SRX673751	TFs and others	ESR1	Breast	MCF-7	711	7/2624	0/1	0	0	inf
SRX673752	TFs and others	ESR1	Breast	MCF-7	1076	9/2624	0/1	0	0	inf
SRX673753	TFs and others	ESR1	Breast	MCF-7	5711	47/2624	0/1	0	0	inf
SRX673754	TFs and others	ESR1	Breast	MCF-7	585	6/2624	0/1	0	0	inf
SRX673755	TFs and others	FOXA1	Breast	MCF-7	4525	59/2624	0/1	0	0	inf
SRX673756	TFs and others	FOXA1	Breast	MCF-7	18652	181/2624	0/1	0	0	inf
SRX6742745	TFs and others	ZNF398	Pluripotent stem cell	hESC H9	180	2/2624	0/1	0	0	inf
SRX6742746	TFs and others	ZNF398	Pluripotent stem cell	hES BG01V	549	2/2624	0/1	0	0	inf
SRX6743046	TFs and others	AR	Prostate	VCaP	1398	1/2624	0/1	0	0	inf
SRX6743047	TFs and others	AR	Prostate	VCaP	595	1/2624	0/1	0	0	inf
SRX6743048	TFs and others	AR	Prostate	VCaP	34477	21/2624	0/1	0	0	inf
SRX6743049	TFs and others	AR	Prostate	VCaP	27927	16/2624	0/1	0	0	inf
SRX6743050	TFs and others	SMARCA4	Prostate	VCaP	21857	69/2624	0/1	0	0	inf
SRX6743051	TFs and others	SMARCA4	Prostate	VCaP	5477	11/2624	0/1	0	0	inf
SRX6743052	TFs and others	SMARCA4	Prostate	VCaP	44937	83/2624	0/1	0	0	inf
SRX6743053	TFs and others	SMARCA4	Prostate	VCaP	51467	107/2624	0/1	0	0	inf
SRX6743808	TFs and others	CHD6	Pluripotent stem cell	iPS cells	657	3/2624	0/1	0	0	inf
SRX6743809	TFs and others	CHD6	Pluripotent stem cell	iPS cells	465	3/2624	0/1	0	0	inf
SRX6743810	TFs and others	CHD6	Pluripotent stem cell	iPS cells	1110	138/2624	0/1	0	0	inf
SRX6743811	TFs and others	CHD6	Pluripotent stem cell	iPS derived neural cells	1034	26/2624	0/1	0	0	inf
SRX6743812	TFs and others	CHD6	Pluripotent stem cell	iPS derived neural cells	1480	162/2624	0/1	0	0	inf
SRX6743813	TFs and others	CHD6	Pluripotent stem cell	iPS derived neural cells	2929	446/2624	0/1	0	0	inf
SRX6743814	TFs and others	CHD6	Pluripotent stem cell	iPS derived cardiac cells	510	1/2624	0/1	0	0	inf
SRX6743815	TFs and others	CHD6	Pluripotent stem cell	iPS derived cardiac cells	535	8/2624	0/1	0	0	inf
SRX6747999	TFs and others	MECP2	Digestive tract	HCT 116	2602	4/2624	0/1	0	0	inf
SRX6748000	TFs and others	MECP2	Digestive tract	HCT 116	2624	2/2624	0/1	0	0	inf
SRX6748001	TFs and others	MECP2	Digestive tract	DKO-1	3298	1/2624	0/1	0	0	inf
SRX6748002	TFs and others	MECP2	Digestive tract	DKO-1	1869	1/2624	0/1	0	0	inf
SRX6748226	TFs and others	CXXC5	Prostate	Prostate cancer	3450	583/2624	0/1	0	0	inf
SRX6748227	TFs and others	CXXC5	Prostate	Prostate cancer	2899	489/2624	0/1	0	0	inf
SRX6748228	TFs and others	TET2	Prostate	Prostate cancer	1839	276/2624	0/1	0	0	inf
SRX6748229	TFs and others	TET2	Prostate	Prostate cancer	1942	306/2624	0/1	0	0	inf
SRX6748230	TFs and others	CXXC5	Prostate	Prostate cancer	219	1/2624	0/1	0	0	inf
SRX6748231	TFs and others	CXXC5	Prostate	Prostate cancer	227	1/2624	0/1	0	0	inf
SRX6748232	TFs and others	TET2	Prostate	Prostate cancer	233	6/2624	0/1	0	0	inf
SRX6748233	TFs and others	TET2	Prostate	Prostate cancer	237	7/2624	0/1	0	0	inf
SRX6748234	TFs and others	AR	Prostate	Prostate cancer	615	7/2624	0/1	0	0	inf
SRX6748235	TFs and others	AR	Prostate	Prostate cancer	704	6/2624	0/1	0	0	inf
SRX6748240	TFs and others	AR	Prostate	Prostate cancer	912	5/2624	0/1	0	0	inf
SRX6748241	TFs and others	AR	Prostate	Prostate cancer	1149	8/2624	0/1	0	0	inf
SRX6748242	TFs and others	AR	Prostate	Prostate cancer	453	17/2624	0/1	0	0	inf
SRX6748243	TFs and others	AR	Prostate	Prostate cancer	3037	15/2624	0/1	0	0	inf
SRX6748244	TFs and others	AR	Prostate	Prostate cancer	1575	11/2624	0/1	0	0	inf
SRX6748245	TFs and others	FOXA1	Prostate	Prostate cancer	8461	47/2624	0/1	0	0	inf
SRX6748246	TFs and others	FOXA1	Prostate	Prostate cancer	18772	94/2624	0/1	0	0	inf
SRX6748247	TFs and others	FOXA1	Prostate	Prostate cancer	19965	126/2624	0/1	0	0	inf
SRX6748251	TFs and others	AR	Prostate	Prostate cancer	11358	25/2624	0/1	0	0	inf
SRX6748252	TFs and others	AR	Prostate	Prostate cancer	12173	21/2624	0/1	0	0	inf
SRX6748253	TFs and others	AR	Prostate	Prostate cancer	7708	14/2624	0/1	0	0	inf
SRX6748254	TFs and others	FOXA1	Prostate	Prostate cancer	20063	77/2624	0/1	0	0	inf
SRX6748255	TFs and others	FOXA1	Prostate	Prostate cancer	20041	68/2624	0/1	0	0	inf
SRX6748256	TFs and others	FOXA1	Prostate	Prostate cancer	18185	66/2624	0/1	0	0	inf
SRX6750795	TFs and others	EZH2	Breast	MDA-MB-231	1037	1/2624	0/1	0	0	inf
SRX6750796	TFs and others	EZH2	Breast	MDA-MB-231	1512	1/2624	0/1	0	0	inf
SRX6750798	TFs and others	SOX2	Breast	MDA-MB-231	2246	288/2624	0/1	0	0	inf
SRX6753906	TFs and others	LMNB1	Pluripotent stem cell	iPS derived cardiac cells	347	1/2624	0/1	0	0	inf
SRX6753910	TFs and others	LMNB1	Pluripotent stem cell	iPS derived cardiac cells	460	1/2624	0/1	0	0	inf
SRX6753913	TFs and others	LMNB1	Pluripotent stem cell	iPS derived cardiac cells	497	1/2624	0/1	0	0	inf
SRX6753917	TFs and others	LMNB1	Pluripotent stem cell	iPS derived cardiac cells	358	1/2624	0/1	0	0	inf
SRX6753920	TFs and others	LMNB1	Pluripotent stem cell	iPS derived cardiac cells	360	1/2624	0/1	0	0	inf
SRX6753922	TFs and others	LMNB1	Pluripotent stem cell	iPS derived cardiac cells	536	1/2624	0/1	0	0	inf
SRX6753925	TFs and others	LMNB1	Pluripotent stem cell	iPS derived cardiac cells	467	1/2624	0/1	0	0	inf
SRX6753929	TFs and others	LMNB1	Pluripotent stem cell	iPS derived cardiac cells	506	1/2624	0/1	0	0	inf
SRX6753932	TFs and others	LMNB1	Pluripotent stem cell	iPS derived cardiac cells	427	1/2624	0/1	0	0	inf
SRX6753934	TFs and others	LMNB1	Pluripotent stem cell	iPS derived cardiac cells	468	1/2624	0/1	0	0	inf
SRX6753937	TFs and others	LMNB1	Pluripotent stem cell	iPS derived cardiac cells	484	1/2624	0/1	0	0	inf
SRX6753941	TFs and others	LMNB1	Pluripotent stem cell	iPS derived cardiac cells	506	1/2624	0/1	0	0	inf
SRX6753944	TFs and others	LMNB1	Pluripotent stem cell	iPS derived cardiac cells	545	1/2624	0/1	0	0	inf
SRX6753946	TFs and others	LMNB1	Pluripotent stem cell	iPS derived cardiac cells	169	1/2624	0/1	0	0	inf
SRX6753949	TFs and others	LMNB1	Pluripotent stem cell	iPS derived cardiac cells	270	1/2624	0/1	0	0	inf
SRX6753952	TFs and others	LMNB1	Pluripotent stem cell	iPSC derived hepatocytes	349	1/2624	0/1	0	0	inf
SRX6753955	TFs and others	LMNB1	Pluripotent stem cell	iPSC derived hepatocytes	353	1/2624	0/1	0	0	inf
SRX6753958	TFs and others	LMNB1	Pluripotent stem cell	iPSC derived hepatocytes	334	1/2624	0/1	0	0	inf
SRX6753961	TFs and others	LMNB1	Pluripotent stem cell	iPSC derived hepatocytes	409	1/2624	0/1	0	0	inf
SRX6757650	TFs and others	ESR1	Breast	MCF-7	4147	33/2624	0/1	0	0	inf
SRX6757651	TFs and others	ESR1	Breast	MCF-7	2496	11/2624	0/1	0	0	inf
SRX6757656	TFs and others	ESR1	Breast	MCF-7	1448	12/2624	0/1	0	0	inf
SRX6757657	TFs and others	ESR1	Breast	MCF-7	2924	19/2624	0/1	0	0	inf
SRX6763471	TFs and others	CHD4	Blood	Macrophages	339	1/2624	0/1	0	0	inf
SRX6763472	TFs and others	CHD4	Blood	Macrophages	372	1/2624	0/1	0	0	inf
SRX6763473	TFs and others	EGR1	Blood	Macrophages	192	6/2624	0/1	0	0	inf
SRX6763474	TFs and others	EGR1	Blood	Macrophages	236	1/2624	0/1	0	0	inf
SRX6763475	TFs and others	EGR1	Blood	Macrophages	545	52/2624	0/1	0	0	inf
SRX6763476	TFs and others	EGR1	Blood	Macrophages	673	74/2624	0/1	0	0	inf
SRX6763478	TFs and others	EGR1	Blood	Monocytes	182	3/2624	0/1	0	0	inf
SRX6764991	TFs and others	WDR5	Digestive tract	LoVo	1765	53/2624	0/1	0	0	inf
SRX6764992	TFs and others	WDR5	Digestive tract	LoVo	915	6/2624	0/1	0	0	inf
SRX6764996	TFs and others	WDR5	Neural	BE(2)-C	793	5/2624	0/1	0	0	inf
SRX6764997	TFs and others	WDR5	Neural	BE(2)-C	907	5/2624	0/1	0	0	inf
SRX6764998	TFs and others	WDR5	Neural	BE(2)-C	818	8/2624	0/1	0	0	inf
SRX6777396	TFs and others	ESR1	Breast	MCF-7	2088	22/2624	0/1	0	0	inf
SRX6777397	TFs and others	ESR1	Breast	MCF-7	1047	21/2624	0/1	0	0	inf
SRX6777399	TFs and others	ESR1	Breast	MCF-7	1627	20/2624	0/1	0	0	inf
SRX6777400	TFs and others	ESR1	Breast	MCF-7	1308	27/2624	0/1	0	0	inf
SRX6777951	TFs and others	RAD21	Blood	HAP1	21724	390/2624	0/1	0	0	inf
SRX6777953	TFs and others	CTCF	Blood	HAP1	44699	596/2624	0/1	0	0	inf
SRX6777954	TFs and others	CTCF	Blood	HAP1	51411	715/2624	0/1	0	0	inf
SRX6778343	TFs and others	ELF1	Lung	A549	7746	947/2624	0/1	0	0	inf
SRX6778344	TFs and others	ELF1	Lung	A549	10191	1133/2624	0/1	0	0	inf
SRX6780853	TFs and others	CREB1	Neural	Frontal cortex	1819	156/2624	0/1	0	0	inf
SRX6780854	TFs and others	CREB1	Neural	Frontal cortex	976	45/2624	0/1	0	0	inf
SRX6780855	TFs and others	CRTC1	Neural	Frontal cortex	3005	585/2624	0/1	0	0	inf
SRX6780856	TFs and others	CRTC1	Neural	Frontal cortex	770	12/2624	0/1	0	0	inf
SRX6780861	TFs and others	CREB1	Neural	Frontal cortex	1388	96/2624	0/1	0	0	inf
SRX6780862	TFs and others	CREB1	Neural	Frontal cortex	1071	66/2624	0/1	0	0	inf
SRX6780863	TFs and others	CREB1	Pluripotent stem cell	iPS derived neural cells	1013	44/2624	0/1	0	0	inf
SRX6780864	TFs and others	CREB1	Pluripotent stem cell	iPS derived neural cells	789	2/2624	0/1	0	0	inf
SRX6780867	TFs and others	CREB1	Pluripotent stem cell	iPS derived neural cells	3134	551/2624	0/1	0	0	inf
SRX6780868	TFs and others	CREB1	Pluripotent stem cell	iPS derived neural cells	2500	371/2624	0/1	0	0	inf
SRX6780869	TFs and others	CREB1	Pluripotent stem cell	iPS derived neural cells	2508	444/2624	0/1	0	0	inf
SRX6780871	TFs and others	CRTC1	Pluripotent stem cell	iPS derived neural cells	934	1/2624	0/1	0	0	inf
SRX6780872	TFs and others	CRTC1	Pluripotent stem cell	iPS derived neural cells	710	1/2624	0/1	0	0	inf
SRX6780873	TFs and others	CRTC1	Pluripotent stem cell	iPS derived neural cells	588	1/2624	0/1	0	0	inf
SRX6780874	TFs and others	CRTC1	Pluripotent stem cell	iPS derived neural cells	690	1/2624	0/1	0	0	inf
SRX6780875	TFs and others	CRTC1	Pluripotent stem cell	iPS derived neural cells	1022	43/2624	0/1	0	0	inf
SRX6780876	TFs and others	CRTC1	Pluripotent stem cell	iPS derived neural cells	3183	497/2624	0/1	0	0	inf
SRX6780877	TFs and others	CRTC1	Pluripotent stem cell	iPS derived neural cells	1055	44/2624	0/1	0	0	inf
SRX6780878	TFs and others	CRTC1	Pluripotent stem cell	iPS derived neural cells	3711	623/2624	0/1	0	0	inf
SRX6780891	TFs and others	CREB1	Pluripotent stem cell	iPS derived neural cells	2291	439/2624	0/1	0	0	inf
SRX6780892	TFs and others	CREB1	Pluripotent stem cell	iPS derived neural cells	5664	1090/2624	0/1	0	0	inf
SRX6780893	TFs and others	CREB1	Pluripotent stem cell	iPS derived neural cells	5266	979/2624	0/1	0	0	inf
SRX679118	TFs and others	MLLT3	Uterus	HeLa	340	2/2624	0/1	0	0	inf
SRX679119	TFs and others	Epitope tags	Uterus	HeLa	451	2/2624	0/1	0	0	inf
SRX6793426	TFs and others	Cas9	Blood	K-562	627	1/2624	0/1	0	0	inf
SRX6793427	TFs and others	Cas9	Blood	K-562	2007	3/2624	0/1	0	0	inf
SRX679419	TFs and others	PROX1	Digestive tract	SW 480	9009	584/2624	0/1	0	0	inf
SRX6800702	TFs and others	IRF4	Blood	CAR-T cells	8961	498/2624	0/1	0	0	inf
SRX6800703	TFs and others	JUN	Blood	CAR-T cells	553	11/2624	0/1	0	0	inf
SRX6800705	TFs and others	IRF4	Blood	CAR-T cells	9152	148/2624	0/1	0	0	inf
SRX6800706	TFs and others	JUN	Blood	CAR-T cells	632	1/2624	0/1	0	0	inf
SRX6800707	TFs and others	IRF4	Blood	CAR-T cells	7502	378/2624	0/1	0	0	inf
SRX6800708	TFs and others	JUN	Blood	CAR-T cells	1684	60/2624	0/1	0	0	inf
SRX6800709	TFs and others	JUN	Blood	CAR-T cells	567	1/2624	0/1	0	0	inf
SRX6800710	TFs and others	IRF4	Blood	CAR-T cells	7576	113/2624	0/1	0	0	inf
SRX6800711	TFs and others	JUN	Blood	CAR-T cells	1212	24/2624	0/1	0	0	inf
SRX680489	TFs and others	AUTS2	Kidney	293	125	1/2624	0/1	0	0	inf
SRX6813401	TFs and others	ATF4	Blood	THP-1	31469	342/2624	0/1	0	0	inf
SRX6813402	TFs and others	CEBPB	Blood	THP-1	39339	485/2624	0/1	0	0	inf
SRX6813404	TFs and others	ATF4	Uterus	HeLa	11485	460/2624	0/1	0	0	inf
SRX6813406	TFs and others	ATF4	Blood	CD4+ T cells	365	32/2624	0/1	0	0	inf
SRX6813408	TFs and others	ATF4	Blood	CD4+ T cells	10028	205/2624	0/1	0	0	inf
SRX6813410	TFs and others	CEBPB	Blood	CD4+ T cells	5353	233/2624	0/1	0	0	inf
SRX6818032	TFs and others	PML	Epidermis	NHDF	666	2/2624	0/1	0	0	inf
SRX682376	TFs and others	ERG	Blood	TSU-1621MT	30363	805/2624	0/1	0	0	inf
SRX682380	TFs and others	FLI1	Blood	TSU-1621MT	1655	170/2624	0/1	0	0	inf
SRX682381	TFs and others	RXRA	Blood	TSU-1621MT	924	36/2624	0/1	0	0	inf
SRX682382	TFs and others	FUS	Blood	TSU-1621MT	4080	53/2624	0/1	0	0	inf
SRX682383	TFs and others	FUS	Blood	TSU-1621MT	1329	12/2624	0/1	0	0	inf
SRX682384	TFs and others	RUNX1	Blood	TSU-1621MT	34054	906/2624	0/1	0	0	inf
SRX682385	TFs and others	LMO2	Blood	TSU-1621MT	11781	26/2624	0/1	0	0	inf
SRX682386	TFs and others	GATA2	Blood	TSU-1621MT	1129	3/2624	0/1	0	0	inf
SRX682387	TFs and others	LYL1	Blood	TSU-1621MT	2983	4/2624	0/1	0	0	inf
SRX682388	TFs and others	TAL1	Blood	TSU-1621MT	8453	23/2624	0/1	0	0	inf
SRX6824672	TFs and others	SNAI2	Unclassified	Unclassified	1955	65/2624	0/1	0	0	inf
SRX6824674	TFs and others	SNAI2	Unclassified	Unclassified	692	4/2624	0/1	0	0	inf
SRX6824676	TFs and others	SNAI2	Unclassified	Unclassified	988	15/2624	0/1	0	0	inf
SRX6824677	TFs and others	SNAI2	Unclassified	Unclassified	706	4/2624	0/1	0	0	inf
SRX6824678	TFs and others	MYOD1	Unclassified	Unclassified	11806	216/2624	0/1	0	0	inf
SRX6824679	TFs and others	MYOD1	Unclassified	Unclassified	12966	233/2624	0/1	0	0	inf
SRX6824681	TFs and others	SNAI2	Muscle	Rhabdomyosarcoma	159	10/2624	0/1	0	0	inf
SRX6824682	TFs and others	SNAI2	Muscle	Rhabdomyosarcoma	172	27/2624	0/1	0	0	inf
SRX6824683	TFs and others	MYOD1	Muscle	Rhabdomyosarcoma	7194	295/2624	0/1	0	0	inf
SRX6824684	TFs and others	MYOD1	Muscle	Rhabdomyosarcoma	5130	201/2624	0/1	0	0	inf
SRX6828388	TFs and others	CTCF	Blood	K-562	39140	479/2624	0/1	0	0	inf
SRX6828389	TFs and others	CTCF	Blood	K-562	26987	341/2624	0/1	0	0	inf
SRX6828391	TFs and others	CTCF	Blood	K-562	22059	252/2624	0/1	0	0	inf
SRX6828392	TFs and others	CTCF	Blood	K-562	22136	257/2624	0/1	0	0	inf
SRX6828393	TFs and others	CTCF	Blood	K-562	57181	677/2624	0/1	0	0	inf
SRX6828394	TFs and others	CTCF	Breast	MCF-7	49455	508/2624	0/1	0	0	inf
SRX6828395	TFs and others	CTCF	Breast	MCF-7	38239	370/2624	0/1	0	0	inf
SRX6828396	TFs and others	RAD21	Breast	MCF-7	33190	235/2624	0/1	0	0	inf
SRX6828397	TFs and others	RAD21	Breast	MCF-7	30473	220/2624	0/1	0	0	inf
SRX6831820	TFs and others	NCOA3	Breast	MCF 10A	940	6/2624	0/1	0	0	inf
SRX6831821	TFs and others	NCOA3	Breast	MCF 10A	1028	8/2624	0/1	0	0	inf
SRX6831822	TFs and others	NCOA3	Breast	MCF 10A	976	8/2624	0/1	0	0	inf
SRX6831823	TFs and others	TEAD4	Breast	MCF 10A	1891	25/2624	0/1	0	0	inf
SRX6831824	TFs and others	TEAD4	Breast	MCF 10A	4035	149/2624	0/1	0	0	inf
SRX6831825	TFs and others	TEAD4	Breast	MCF 10A	2732	48/2624	0/1	0	0	inf
SRX6840505	TFs and others	HAP1	Blood	KBM-7	9319	147/2624	0/1	0	0	inf
SRX6840506	TFs and others	HAP1	Blood	KBM-7	16920	228/2624	0/1	0	0	inf
SRX6840507	TFs and others	HAP1	Blood	KBM-7	15400	183/2624	0/1	0	0	inf
SRX6840508	TFs and others	HAP1	Blood	KBM-7	681	1/2624	0/1	0	0	inf
SRX684290	TFs and others	INTS3	Uterus	HeLa	7585	514/2624	0/1	0	0	inf
SRX684291	TFs and others	NELFE	Uterus	HeLa	13333	1218/2624	0/1	0	0	inf
SRX684293	TFs and others	ASUN	Uterus	HeLa	3941	304/2624	0/1	0	0	inf
SRX684297	TFs and others	CPSF3L	Uterus	HeLa	2864	128/2624	0/1	0	0	inf
SRX684516	TFs and others	T	Pluripotent stem cell	hESC derived endodermal cells	3080	40/2624	0/1	0	0	inf
SRX684517	TFs and others	T	Pluripotent stem cell	hESC derived mesodermal cells	3350	13/2624	0/1	0	0	inf
SRX684518	TFs and others	T	Pluripotent stem cell	hESC derived endodermal cells	114	1/2624	0/1	0	0	inf
SRX684519	TFs and others	T	Pluripotent stem cell	hESC derived mesodermal cells	114	1/2624	0/1	0	0	inf
SRX6852808	TFs and others	SOX2	Lung	LK-2	333	6/2624	0/1	0	0	inf
SRX6852809	TFs and others	SOX2	Lung	NCI-H520	206	6/2624	0/1	0	0	inf
SRX6852810	TFs and others	SOX2	Lung	HCC95	1415	18/2624	0/1	0	0	inf
SRX6852811	TFs and others	SOX2	Lung	KNS-62	162	7/2624	0/1	0	0	inf
SRX6852812	TFs and others	SOX2	Lung	HCC2814	137	4/2624	0/1	0	0	inf
SRX6852813	TFs and others	SOX2	Lung	LK-2	8425	146/2624	0/1	0	0	inf
SRX6852814	TFs and others	SOX2	Lung	LK-2	3343	45/2624	0/1	0	0	inf
SRX6852815	TFs and others	TP63	Lung	LK-2	227	5/2624	0/1	0	0	inf
SRX6852820	TFs and others	POU3F2	Lung	LK-2	360	109/2624	0/1	0	0	inf
SRX6852821	TFs and others	POU3F2	Lung	NCI-H520	64	9/2624	0/1	0	0	inf
SRX685340	TFs and others	MITF	Epidermis	Melanoma	46	3/2624	0/1	0	0	inf
SRX6853576	TFs and others	ARNT	Breast	MCF-7	776	115/2624	0/1	0	0	inf
SRX6853577	TFs and others	ARNT	Breast	MCF-7	244	15/2624	0/1	0	0	inf
SRX6853578	TFs and others	ARNT	Breast	MCF-7	332	41/2624	0/1	0	0	inf
SRX6853580	TFs and others	ARNT	Breast	MCF-7	454	39/2624	0/1	0	0	inf
SRX6853582	TFs and others	ARNT	Breast	MCF-7	2231	271/2624	0/1	0	0	inf
SRX6853583	TFs and others	ARNT	Kidney	RCC4	666	42/2624	0/1	0	0	inf
SRX6853584	TFs and others	ARNT	Epidermis	SK-MEL-28	6830	718/2624	0/1	0	0	inf
SRX6853585	TFs and others	ARNT	Epidermis	SK-MEL-28	12829	1053/2624	0/1	0	0	inf
SRX6853586	TFs and others	ARNT	Epidermis	SK-MEL-28	137	1/2624	0/1	0	0	inf
SRX6853587	TFs and others	ARNT	Epidermis	SK-MEL-28	471	40/2624	0/1	0	0	inf
SRX6853596	TFs and others	ARNT	Breast	MCF-7	875	89/2624	0/1	0	0	inf
SRX6853598	TFs and others	ARNT	Breast	MCF-7	4815	472/2624	0/1	0	0	inf
SRX6853600	TFs and others	ARNT	Breast	MCF-7	1922	246/2624	0/1	0	0	inf
SRX6853601	TFs and others	ARNT	Kidney	RCC4	129	1/2624	0/1	0	0	inf
SRX6853602	TFs and others	ARNT	Kidney	RCC4	145	3/2624	0/1	0	0	inf
SRX6854826	TFs and others	Epitope tags	Epidermis	501A	22096	133/2624	0/1	0	0	inf
SRX6854827	TFs and others	Epitope tags	Epidermis	501A	24632	154/2624	0/1	0	0	inf
SRX6854828	TFs and others	Epitope tags	Epidermis	501A	71706	192/2624	0/1	0	0	inf
SRX6854829	TFs and others	Epitope tags	Epidermis	501A	79264	200/2624	0/1	0	0	inf
SRX6854831	TFs and others	Epitope tags	Epidermis	501A	30894	163/2624	0/1	0	0	inf
SRX6854832	TFs and others	Epitope tags	Epidermis	501A	19458	149/2624	0/1	0	0	inf
SRX6854833	TFs and others	Epitope tags	Epidermis	501A	75048	185/2624	0/1	0	0	inf
SRX6854834	TFs and others	Epitope tags	Epidermis	501A	77926	189/2624	0/1	0	0	inf
SRX6854836	TFs and others	Epitope tags	Epidermis	501A	3338	68/2624	0/1	0	0	inf
SRX6854837	TFs and others	Epitope tags	Epidermis	501A	2813	54/2624	0/1	0	0	inf
SRX6854838	TFs and others	Epitope tags	Epidermis	501A	22883	130/2624	0/1	0	0	inf
SRX6854839	TFs and others	Epitope tags	Epidermis	501A	25664	136/2624	0/1	0	0	inf
SRX685530	TFs and others	DEK	Blood	U-937	1793	82/2624	0/1	0	0	inf
SRX685531	TFs and others	DEK	Blood	U-937	307	1/2624	0/1	0	0	inf
SRX6857971	TFs and others	PGR	Uterus	Myometrium	7240	1034/2624	0/1	0	0	inf
SRX6857972	TFs and others	PGR	Uterus	Myometrium	1450	22/2624	0/1	0	0	inf
SRX6857973	TFs and others	PGR	Uterus	Myometrium	1370	15/2624	0/1	0	0	inf
SRX6858247	TFs and others	HSF1	Breast	MCF-7	759	21/2624	0/1	0	0	inf
SRX6858248	TFs and others	HSF1	Breast	MCF-7	954	37/2624	0/1	0	0	inf
SRX6858249	TFs and others	HSF1	Breast	MCF-7	739	19/2624	0/1	0	0	inf
SRX6858250	TFs and others	HSF1	Breast	MCF-7	15886	215/2624	0/1	0	0	inf
SRX6860609	TFs and others	TFEB	Cardiovascular	Aortic smooth muscle cells	506	10/2624	0/1	0	0	inf
SRX6860622	TFs and others	RNF2	Breast	T-47D	603	1/2624	0/1	0	0	inf
SRX6860623	TFs and others	FOXA1	Breast	T-47D	14428	163/2624	0/1	0	0	inf
SRX6860624	TFs and others	ESR1	Breast	T-47D	771	1/2624	0/1	0	0	inf
SRX6860627	TFs and others	FOXA1	Breast	T-47D	22293	198/2624	0/1	0	0	inf
SRX6860628	TFs and others	ESR1	Breast	T-47D	818	1/2624	0/1	0	0	inf
SRX6860634	TFs and others	RNF2	Breast	T-47D	1074	5/2624	0/1	0	0	inf
SRX6860635	TFs and others	FOXA1	Breast	T-47D	33050	282/2624	0/1	0	0	inf
SRX6860636	TFs and others	ESR1	Breast	T-47D	1596	10/2624	0/1	0	0	inf
SRX6860639	TFs and others	RNF2	Breast	T-47D	813	3/2624	0/1	0	0	inf
SRX6860640	TFs and others	FOXA1	Breast	T-47D	20584	240/2624	0/1	0	0	inf
SRX6860641	TFs and others	ESR1	Breast	T-47D	1316	6/2624	0/1	0	0	inf
SRX6860645	TFs and others	RNF2	Breast	T-47D	850	4/2624	0/1	0	0	inf
SRX6860646	TFs and others	FOXA1	Breast	T-47D	25089	210/2624	0/1	0	0	inf
SRX6860647	TFs and others	ESR1	Breast	T-47D	950	5/2624	0/1	0	0	inf
SRX6860650	TFs and others	RNF2	Breast	T-47D	759	2/2624	0/1	0	0	inf
SRX6860651	TFs and others	FOXA1	Breast	T-47D	17054	145/2624	0/1	0	0	inf
SRX6860652	TFs and others	ESR1	Breast	T-47D	871	3/2624	0/1	0	0	inf
SRX6860689	TFs and others	RNF2	Breast	T-47D	570	1/2624	0/1	0	0	inf
SRX6860690	TFs and others	FOXA1	Breast	T-47D	19803	212/2624	0/1	0	0	inf
SRX6860691	TFs and others	ESR1	Breast	T-47D	637	1/2624	0/1	0	0	inf
SRX6860694	TFs and others	RNF2	Breast	T-47D	648	1/2624	0/1	0	0	inf
SRX6860695	TFs and others	FOXA1	Breast	T-47D	22841	230/2624	0/1	0	0	inf
SRX6860696	TFs and others	ESR1	Breast	T-47D	635	1/2624	0/1	0	0	inf
SRX6866208	TFs and others	PPARG	Blood	MKPL-1	518	2/2624	0/1	0	0	inf
SRX6866209	TFs and others	RXRA	Blood	MKPL-1	682	2/2624	0/1	0	0	inf
SRX6867660	TFs and others	RUNX1T1	Pluripotent stem cell	hESC H9	185	1/2624	0/1	0	0	inf
SRX6867661	TFs and others	RUNX1T1	Pluripotent stem cell	hESC H9	6676	919/2624	0/1	0	0	inf
SRX6867663	TFs and others	RUNX1	Pluripotent stem cell	hESC H9	2361	245/2624	0/1	0	0	inf
SRX6867664	TFs and others	RUNX1	Pluripotent stem cell	hESC H9	956	9/2624	0/1	0	0	inf
SRX687554	TFs and others	HDAC1	Blood	Erythroid progenitors	1422	103/2624	0/1	0	0	inf
SRX687555	TFs and others	HDAC2	Blood	Erythroid progenitors	1109	36/2624	0/1	0	0	inf
SRX687556	TFs and others	GATA2	Blood	Erythroid progenitors	1526	45/2624	0/1	0	0	inf
SRX687557	TFs and others	GATA2	Blood	Erythroid progenitors	5098	35/2624	0/1	0	0	inf
SRX687834	TFs and others	TP63	Epidermis	HaCaT	4479	31/2624	0/1	0	0	inf
SRX687835	TFs and others	TP63	Epidermis	HaCaT	3964	31/2624	0/1	0	0	inf
SRX687836	TFs and others	TP63	Epidermis	HaCaT	3906	35/2624	0/1	0	0	inf
SRX687837	TFs and others	TP63	Epidermis	HaCaT	1650	18/2624	0/1	0	0	inf
SRX6878591	TFs and others	AR	Prostate	LNCAP	40220	230/2624	0/1	0	0	inf
SRX6878592	TFs and others	AR	Prostate	LNCAP	44624	179/2624	0/1	0	0	inf
SRX6878593	TFs and others	AR	Prostate	LNCAP	4702	35/2624	0/1	0	0	inf
SRX6878594	TFs and others	AR	Prostate	LNCAP	11819	143/2624	0/1	0	0	inf
SRX6878595	TFs and others	CREB5	Prostate	LNCAP	1111	2/2624	0/1	0	0	inf
SRX6878596	TFs and others	CREB5	Prostate	LNCAP	7284	42/2624	0/1	0	0	inf
SRX6878597	TFs and others	CREB5	Prostate	LNCAP	840	1/2624	0/1	0	0	inf
SRX6878598	TFs and others	CREB5	Prostate	LNCAP	8947	35/2624	0/1	0	0	inf
SRX6878603	TFs and others	FOXA1	Prostate	LNCAP	74872	463/2624	0/1	0	0	inf
SRX6878604	TFs and others	FOXA1	Prostate	LNCAP	67570	228/2624	0/1	0	0	inf
SRX6878605	TFs and others	FOXA1	Prostate	LNCAP	46210	86/2624	0/1	0	0	inf
SRX6878606	TFs and others	FOXA1	Prostate	LNCAP	55008	125/2624	0/1	0	0	inf
SRX6888829	TFs and others	CTCF	Uterus	HeLa	41951	567/2624	0/1	0	0	inf
SRX6888830	TFs and others	CTCF	Uterus	HeLa	28625	457/2624	0/1	0	0	inf
SRX6888831	TFs and others	BHLHE40	Uterus	HeLa	1077	28/2624	0/1	0	0	inf
SRX6888832	TFs and others	BHLHE40	Uterus	HeLa	663	7/2624	0/1	0	0	inf
SRX6888833	TFs and others	BHLHE40	Uterus	HeLa	990	1/2624	0/1	0	0	inf
SRX6888834	TFs and others	BHLHE40	Uterus	HeLa	499	1/2624	0/1	0	0	inf
SRX6888836	TFs and others	Biotin	Uterus	HeLa	2218	169/2624	0/1	0	0	inf
SRX6888837	TFs and others	Biotin	Uterus	HeLa	720	1/2624	0/1	0	0	inf
SRX689357	TFs and others	Epitope tags	Kidney	293	830	1/2624	0/1	0	0	inf
SRX689358	TFs and others	Epitope tags	Kidney	293	709	1/2624	0/1	0	0	inf
SRX689359	TFs and others	Epitope tags	Kidney	293	806	1/2624	0/1	0	0	inf
SRX689360	TFs and others	Epitope tags	Kidney	293	622	1/2624	0/1	0	0	inf
SRX689361	TFs and others	Epitope tags	Kidney	293	1366	113/2624	0/1	0	0	inf
SRX689362	TFs and others	Epitope tags	Kidney	293	973	49/2624	0/1	0	0	inf
SRX689363	TFs and others	Epitope tags	Kidney	293	871	1/2624	0/1	0	0	inf
SRX689364	TFs and others	Epitope tags	Kidney	293	978	1/2624	0/1	0	0	inf
SRX689365	TFs and others	Epitope tags	Kidney	293	872	1/2624	0/1	0	0	inf
SRX6895232	TFs and others	8-Hydroxydeoxyguanosine	Breast	MCF 10A	19179	15/2624	0/1	0	0	inf
SRX6895233	TFs and others	8-Hydroxydeoxyguanosine	Breast	MCF 10A	18736	7/2624	0/1	0	0	inf
SRX6895234	TFs and others	8-Hydroxydeoxyguanosine	Breast	MCF 10A	18314	10/2624	0/1	0	0	inf
SRX6896406	TFs and others	FOXA1	Breast	T-47D	12235	122/2624	0/1	0	0	inf
SRX6896407	TFs and others	FOXA1	Breast	T-47D	13426	144/2624	0/1	0	0	inf
SRX6896408	TFs and others	GRHL2	Breast	T-47D	7873	86/2624	0/1	0	0	inf
SRX6896409	TFs and others	GRHL2	Breast	T-47D	13105	160/2624	0/1	0	0	inf
SRX6896410	TFs and others	RNF2	Breast	T-47D	228	1/2624	0/1	0	0	inf
SRX6896411	TFs and others	RNF2	Breast	T-47D	764	5/2624	0/1	0	0	inf
SRX6902857	TFs and others	CTCF	Blood	CD34+	42812	606/2624	0/1	0	0	inf
SRX6902858	TFs and others	CTCF	Blood	CD34+	19597	365/2624	0/1	0	0	inf
SRX6902859	TFs and others	CTCF	Blood	CD34+	11722	302/2624	0/1	0	0	inf
SRX6902860	TFs and others	GATA1	Blood	CD34+	3785	34/2624	0/1	0	0	inf
SRX6902861	TFs and others	GATA1	Blood	CD34+	819	9/2624	0/1	0	0	inf
SRX6902862	TFs and others	GATA1	Blood	CD34+	2993	45/2624	0/1	0	0	inf
SRX690823	TFs and others	HSF1	Bone	U2OS	5788	103/2624	0/1	0	0	inf
SRX690824	TFs and others	HSF1	Bone	U2OS	6073	84/2624	0/1	0	0	inf
SRX6909698	TFs and others	MED1	Blood	697	952	9/2624	0/1	0	0	inf
SRX6909699	TFs and others	EP300	Blood	697	9972	57/2624	0/1	0	0	inf
SRX6909700	TFs and others	PBX1	Blood	697	9903	636/2624	0/1	0	0	inf
SRX6909703	TFs and others	Epitope tags	Blood	697	464	1/2624	0/1	0	0	inf
SRX6909704	TFs and others	Epitope tags	Blood	697	2410	5/2624	0/1	0	0	inf
SRX6909705	TFs and others	Epitope tags	Blood	697	2045	3/2624	0/1	0	0	inf
SRX690997	TFs and others	PSIP1	Blood	CD4+ T cells	529	1/2624	0/1	0	0	inf
SRX6910062	TFs and others	PGR	Uterus	Uterin leiomyoma	5982	160/2624	0/1	0	0	inf
SRX6910063	TFs and others	PGR	Uterus	Uterin leiomyoma	10813	277/2624	0/1	0	0	inf
SRX6910070	TFs and others	PGR	Uterus	Uterin leiomyoma	1036	5/2624	0/1	0	0	inf
SRX6910071	TFs and others	PGR	Uterus	Uterin leiomyoma	3787	17/2624	0/1	0	0	inf
SRX6911600	TFs and others	ZMYND8	Neural	Glioblastoma	529	7/2624	0/1	0	0	inf
SRX6911606	TFs and others	ZMYND8	Neural	Glioblastoma	166	1/2624	0/1	0	0	inf
SRX6911627	TFs and others	WHSC1	Lung	IMR-90	1313	1/2624	0/1	0	0	inf
SRX6913039	TFs and others	BRD2	Blood	THP-1	1984	236/2624	0/1	0	0	inf
SRX6913041	TFs and others	BRD2	Blood	THP-1	1315	128/2624	0/1	0	0	inf
SRX6913042	TFs and others	BRD3	Blood	THP-1	5933	537/2624	0/1	0	0	inf
SRX6913043	TFs and others	BRD3	Blood	THP-1	491	13/2624	0/1	0	0	inf
SRX6913044	TFs and others	BRD3	Blood	THP-1	170	2/2624	0/1	0	0	inf
SRX6913045	TFs and others	BRD4	Blood	THP-1	6439	540/2624	0/1	0	0	inf
SRX6913046	TFs and others	BRD4	Blood	THP-1	3064	276/2624	0/1	0	0	inf
SRX6913047	TFs and others	BRD4	Blood	THP-1	286	5/2624	0/1	0	0	inf
SRX6913048	TFs and others	BRD4	Blood	THP-1	8230	661/2624	0/1	0	0	inf
SRX6913049	TFs and others	BRD4	Blood	THP-1	1892	157/2624	0/1	0	0	inf
SRX6913050	TFs and others	BRD4	Blood	THP-1	5499	460/2624	0/1	0	0	inf
SRX6913058	TFs and others	BRD3	Blood	THP-1	873	53/2624	0/1	0	0	inf
SRX6913059	TFs and others	BRD3	Blood	THP-1	447	1/2624	0/1	0	0	inf
SRX6913060	TFs and others	BRD3	Blood	THP-1	420	1/2624	0/1	0	0	inf
SRX6913061	TFs and others	BRD3	Blood	THP-1	985	52/2624	0/1	0	0	inf
SRX6913062	TFs and others	BRD4	Blood	THP-1	4438	366/2624	0/1	0	0	inf
SRX6913063	TFs and others	BRD4	Blood	THP-1	243	12/2624	0/1	0	0	inf
SRX6913064	TFs and others	BRD4	Blood	THP-1	397	36/2624	0/1	0	0	inf
SRX6913065	TFs and others	BRD4	Blood	THP-1	1717	168/2624	0/1	0	0	inf
SRX6913066	TFs and others	BRD4	Blood	THP-1	7915	590/2624	0/1	0	0	inf
SRX6913067	TFs and others	BRD4	Blood	THP-1	1381	118/2624	0/1	0	0	inf
SRX6913068	TFs and others	BRD4	Blood	THP-1	738	43/2624	0/1	0	0	inf
SRX6913069	TFs and others	BRD4	Blood	THP-1	14065	1212/2624	0/1	0	0	inf
SRX6913072	TFs and others	BRD2	Blood	K-562	10110	1104/2624	0/1	0	0	inf
SRX6913073	TFs and others	BRD2	Blood	K-562	3314	417/2624	0/1	0	0	inf
SRX6913074	TFs and others	BRD2	Blood	K-562	5230	607/2624	0/1	0	0	inf
SRX6913075	TFs and others	BRD2	Blood	K-562	4170	474/2624	0/1	0	0	inf
SRX6913076	TFs and others	BRD3	Blood	K-562	5282	547/2624	0/1	0	0	inf
SRX6913077	TFs and others	BRD3	Blood	K-562	1318	156/2624	0/1	0	0	inf
SRX6913078	TFs and others	BRD3	Blood	K-562	2094	242/2624	0/1	0	0	inf
SRX6913079	TFs and others	BRD3	Blood	K-562	3134	359/2624	0/1	0	0	inf
SRX6913080	TFs and others	BRD4	Blood	K-562	14740	965/2624	0/1	0	0	inf
SRX6913081	TFs and others	BRD4	Blood	K-562	9449	687/2624	0/1	0	0	inf
SRX6913082	TFs and others	BRD4	Blood	K-562	8600	774/2624	0/1	0	0	inf
SRX6913085	TFs and others	BRD2	Blood	K-562	9098	955/2624	0/1	0	0	inf
SRX6913089	TFs and others	BRD4	Blood	K-562	2291	239/2624	0/1	0	0	inf
SRX6913090	TFs and others	BRD4	Blood	K-562	1018	72/2624	0/1	0	0	inf
SRX6913091	TFs and others	BRD4	Blood	K-562	8374	738/2624	0/1	0	0	inf
SRX6913093	TFs and others	BRD2	Blood	CD4+ T cells	384	1/2624	0/1	0	0	inf
SRX6913094	TFs and others	BRD2	Blood	CD4+ T cells	277	1/2624	0/1	0	0	inf
SRX6913095	TFs and others	BRD2	Blood	CD4+ T cells	221	1/2624	0/1	0	0	inf
SRX6913096	TFs and others	BRD3	Blood	CD4+ T cells	433	3/2624	0/1	0	0	inf
SRX6913097	TFs and others	BRD3	Blood	CD4+ T cells	531	4/2624	0/1	0	0	inf
SRX6913098	TFs and others	BRD3	Blood	CD4+ T cells	356	4/2624	0/1	0	0	inf
SRX6913101	TFs and others	BRD4	Blood	CD4+ T cells	2080	268/2624	0/1	0	0	inf
SRX6913102	TFs and others	BRD4	Blood	CD4+ T cells	1276	136/2624	0/1	0	0	inf
SRX6916365	TFs and others	CTCF	Kidney	iSLK	28701	346/2624	0/1	0	0	inf
SRX6916366	TFs and others	RAD21	Kidney	iSLK	23265	222/2624	0/1	0	0	inf
SRX6916367	TFs and others	CTCF	Kidney	iSLK	10384	141/2624	0/1	0	0	inf
SRX6916368	TFs and others	RAD21	Kidney	iSLK	7682	106/2624	0/1	0	0	inf
SRX6916369	TFs and others	CTCF	Kidney	iSLK	21960	317/2624	0/1	0	0	inf
SRX6916370	TFs and others	RAD21	Kidney	iSLK	6319	46/2624	0/1	0	0	inf
SRX691802	TFs and others	Epitope tags	Kidney	293	178	1/2624	0/1	0	0	inf
SRX691803	TFs and others	Epitope tags	Kidney	293	47	1/2624	0/1	0	0	inf
SRX691804	TFs and others	Epitope tags	Kidney	293	206	1/2624	0/1	0	0	inf
SRX6927194	TFs and others	THAP11	Kidney	293	8957	1/2624	0/1	0	0	inf
SRX6927195	TFs and others	THAP11	Kidney	293	3070	247/2624	0/1	0	0	inf
SRX6927196	TFs and others	THAP11	Kidney	293	2978	247/2624	0/1	0	0	inf
SRX6927197	TFs and others	THAP11	Kidney	293	14679	2/2624	0/1	0	0	inf
SRX6927198	TFs and others	THAP11	Kidney	293	1681	152/2624	0/1	0	0	inf
SRX6927199	TFs and others	THAP11	Kidney	293	2070	167/2624	0/1	0	0	inf
SRX6927342	TFs and others	SOX1	Pluripotent stem cell	hESC derived neural cells	401	1/2624	0/1	0	0	inf
SRX6927344	TFs and others	SOX1	Pluripotent stem cell	hESC derived neural cells	443	1/2624	0/1	0	0	inf
SRX6927346	TFs and others	SOX1	Pluripotent stem cell	hESC derived neural cells	364	1/2624	0/1	0	0	inf
SRX6935372	TFs and others	MYC	Neural	KELLY	2723	370/2624	0/1	0	0	inf
SRX6935378	TFs and others	MYC	Neural	NB69	8797	936/2624	0/1	0	0	inf
SRX6935379	TFs and others	MYCN	Neural	NB69	540	1/2624	0/1	0	0	inf
SRX6935381	TFs and others	MYC	Neural	SK-N-AS	8746	1207/2624	0/1	0	0	inf
SRX6935383	TFs and others	MYC	Neural	SK-N-SH	3288	416/2624	0/1	0	0	inf
SRX6938333	TFs and others	Epitope tags	Neural	U-251 MG	334	2/2624	0/1	0	0	inf
SRX6938334	TFs and others	Epitope tags	Neural	U-251 MG	337	2/2624	0/1	0	0	inf
SRX6938335	TFs and others	Epitope tags	Neural	U-251 MG	281	2/2624	0/1	0	0	inf
SRX6944145	TFs and others	FOS	Blood	CD4+ T cells	84	1/2624	0/1	0	0	inf
SRX6944146	TFs and others	FOS	Blood	CD4+ T cells	53	1/2624	0/1	0	0	inf
SRX6944147	TFs and others	JUNB	Blood	CD4+ T cells	91	1/2624	0/1	0	0	inf
SRX6944148	TFs and others	JUNB	Blood	CD4+ T cells	45	1/2624	0/1	0	0	inf
SRX6944150	TFs and others	FOS	Blood	CD4+ T cells	88	1/2624	0/1	0	0	inf
SRX6944151	TFs and others	FOS	Blood	CD4+ T cells	56	1/2624	0/1	0	0	inf
SRX6944153	TFs and others	JUNB	Blood	CD4+ T cells	115	1/2624	0/1	0	0	inf
SRX6944154	TFs and others	JUNB	Blood	CD4+ T cells	68	1/2624	0/1	0	0	inf
SRX6944155	TFs and others	NFATC2	Blood	CD4+ T cells	149	4/2624	0/1	0	0	inf
SRX6944156	TFs and others	NFATC2	Blood	CD4+ T cells	1561	19/2624	0/1	0	0	inf
SRX6944157	TFs and others	NFATC2	Blood	CD4+ T cells	754	12/2624	0/1	0	0	inf
SRX694763	TFs and others	USP7	Kidney	293	531	1/2624	0/1	0	0	inf
SRX6949255	TFs and others	GFP	Uterus	HeLa	36469	262/2624	0/1	0	0	inf
SRX6949256	TFs and others	GFP	Uterus	HeLa	37796	384/2624	0/1	0	0	inf
SRX6949257	TFs and others	GFP	Uterus	HeLa	19110	182/2624	0/1	0	0	inf
SRX6949258	TFs and others	GFP	Uterus	HeLa	8920	116/2624	0/1	0	0	inf
SRX6949259	TFs and others	Epitope tags	Uterus	HeLa	30578	216/2624	0/1	0	0	inf
SRX6949260	TFs and others	Epitope tags	Uterus	HeLa	22549	317/2624	0/1	0	0	inf
SRX6949261	TFs and others	SMC3	Uterus	HeLa	5134	61/2624	0/1	0	0	inf
SRX6949262	TFs and others	SMC3	Uterus	HeLa	2677	35/2624	0/1	0	0	inf
SRX6949263	TFs and others	SMC3	Uterus	HeLa	21887	242/2624	0/1	0	0	inf
SRX6949264	TFs and others	SMC3	Uterus	HeLa	15151	160/2624	0/1	0	0	inf
SRX6957392	TFs and others	FOXL2	Kidney	HGrC1	311	1/2624	0/1	0	0	inf
SRX6957393	TFs and others	FOXL2	Kidney	HGrC1	7212	166/2624	0/1	0	0	inf
SRX6957394	TFs and others	FOXL2	Kidney	HGrC1	6929	133/2624	0/1	0	0	inf
SRX6957395	TFs and others	FOXL2	Kidney	HGrC1	334	1/2624	0/1	0	0	inf
SRX6957396	TFs and others	FOXL2	Kidney	HGrC1	3674	91/2624	0/1	0	0	inf
SRX6957397	TFs and others	FOXL2	Kidney	HGrC1	10305	137/2624	0/1	0	0	inf
SRX6957398	TFs and others	SMAD4	Kidney	HGrC1	436	2/2624	0/1	0	0	inf
SRX6957399	TFs and others	SMAD4	Kidney	HGrC1	336	2/2624	0/1	0	0	inf
SRX6957404	TFs and others	FOXL2	Kidney	HGrC1	37175	618/2624	0/1	0	0	inf
SRX6957405	TFs and others	SMAD4	Kidney	HGrC1	1107	14/2624	0/1	0	0	inf
SRX6957406	TFs and others	SMAD2	Kidney	HGrC1	1503	1/2624	0/1	0	0	inf
SRX6957408	TFs and others	SMAD4	Kidney	HGrC1	341	1/2624	0/1	0	0	inf
SRX6957409	TFs and others	SMAD4	Kidney	HGrC1	524	3/2624	0/1	0	0	inf
SRX6957410	TFs and others	SMAD4	Kidney	HGrC1	779	5/2624	0/1	0	0	inf
SRX6957411	TFs and others	SMAD4	Kidney	HGrC1	4319	30/2624	0/1	0	0	inf
SRX6957412	TFs and others	SMAD2	Kidney	HGrC1	260	1/2624	0/1	0	0	inf
SRX6957413	TFs and others	SMAD2	Kidney	HGrC1	192	1/2624	0/1	0	0	inf
SRX6957414	TFs and others	SMAD2	Kidney	HGrC1	344	1/2624	0/1	0	0	inf
SRX6957415	TFs and others	SMAD2	Kidney	HGrC1	580	5/2624	0/1	0	0	inf
SRX6957429	TFs and others	FOXL2	Gonad	KGN	5821	72/2624	0/1	0	0	inf
SRX6957430	TFs and others	FOXL2	Gonad	KGN	12337	138/2624	0/1	0	0	inf
SRX6957431	TFs and others	FOXL2	Gonad	KGN	58957	712/2624	0/1	0	0	inf
SRX6957432	TFs and others	FOXL2	Kidney	HGrC1	855	3/2624	0/1	0	0	inf
SRX6957433	TFs and others	FOXL2	Kidney	HGrC1	8151	118/2624	0/1	0	0	inf
SRX6957434	TFs and others	FOXL2	Kidney	HGrC1	3254	62/2624	0/1	0	0	inf
SRX6957435	TFs and others	FOXL2	Kidney	HGrC1	638	2/2624	0/1	0	0	inf
SRX6957436	TFs and others	SMAD2	Kidney	HGrC1	913	12/2624	0/1	0	0	inf
SRX6957437	TFs and others	SMAD2	Kidney	HGrC1	6783	51/2624	0/1	0	0	inf
SRX6957460	TFs and others	FOXL2	Kidney	HGrC1	10493	151/2624	0/1	0	0	inf
SRX6957461	TFs and others	FOXL2	Kidney	HGrC1	5625	62/2624	0/1	0	0	inf
SRX6957462	TFs and others	FOXL2	Kidney	HGrC1	335	1/2624	0/1	0	0	inf
SRX6957463	TFs and others	FOXL2	Kidney	HGrC1	13965	270/2624	0/1	0	0	inf
SRX6957464	TFs and others	FOXL2	Kidney	HGrC1	14541	259/2624	0/1	0	0	inf
SRX6957465	TFs and others	FOXL2	Kidney	HGrC1	331	1/2624	0/1	0	0	inf
SRX6957466	TFs and others	FOXL2	Kidney	HGrC1	9098	178/2624	0/1	0	0	inf
SRX6957467	TFs and others	FOXL2	Kidney	HGrC1	15833	174/2624	0/1	0	0	inf
SRX6957477	TFs and others	FOXL2	Gonad	KGN	32253	322/2624	0/1	0	0	inf
SRX6957478	TFs and others	SMAD4	Gonad	KGN	657	1/2624	0/1	0	0	inf
SRX6957479	TFs and others	SMAD2	Gonad	KGN	557	1/2624	0/1	0	0	inf
SRX6957481	TFs and others	FOXL2	Gonad	KGN	25937	220/2624	0/1	0	0	inf
SRX6957482	TFs and others	SMAD4	Gonad	KGN	727	2/2624	0/1	0	0	inf
SRX6957483	TFs and others	SMAD2	Gonad	KGN	1010	5/2624	0/1	0	0	inf
SRX6957484	TFs and others	FOXL2	Kidney	HGrC1	12935	189/2624	0/1	0	0	inf
SRX6957485	TFs and others	SMAD4	Kidney	HGrC1	1360	14/2624	0/1	0	0	inf
SRX6957486	TFs and others	SMAD2	Kidney	HGrC1	318	1/2624	0/1	0	0	inf
SRX6957489	TFs and others	FOXL2	Kidney	HGrC1	517	1/2624	0/1	0	0	inf
SRX6957490	TFs and others	SMAD4	Kidney	HGrC1	737	1/2624	0/1	0	0	inf
SRX6957491	TFs and others	SMAD2	Kidney	HGrC1	1791	10/2624	0/1	0	0	inf
SRX695881	TFs and others	ASCL1	Others	Tumor	2046	23/2624	0/1	0	0	inf
SRX695882	TFs and others	ASCL1	Others	Tumor	1805	11/2624	0/1	0	0	inf
SRX695883	TFs and others	ASCL1	Others	Tumor	969	14/2624	0/1	0	0	inf
SRX695884	TFs and others	ASCL1	Others	Tumor	4544	29/2624	0/1	0	0	inf
SRX695885	TFs and others	ASCL1	Others	Tumor	748	6/2624	0/1	0	0	inf
SRX695886	TFs and others	ASCL1	Others	Tumor	541	8/2624	0/1	0	0	inf
SRX695887	TFs and others	ASCL1	Others	Tumor	314	1/2624	0/1	0	0	inf
SRX695888	TFs and others	ASCL1	Others	Tumor	292	5/2624	0/1	0	0	inf
SRX695889	TFs and others	ASCL1	Others	Tumor	276	1/2624	0/1	0	0	inf
SRX695890	TFs and others	ASCL1	Others	Tumor	47	1/2624	0/1	0	0	inf
SRX695891	TFs and others	ASCL1	Others	Tumor	193	1/2624	0/1	0	0	inf
SRX6960080	TFs and others	CTCF	Uterus	HeLa	33518	399/2624	0/1	0	0	inf
SRX6960081	TFs and others	CTCF	Uterus	HeLa	30436	360/2624	0/1	0	0	inf
SRX6960082	TFs and others	CTCF	Uterus	HeLa	33071	409/2624	0/1	0	0	inf
SRX6960083	TFs and others	CTCF	Uterus	HeLa	31290	404/2624	0/1	0	0	inf
SRX6961667	TFs and others	SUPT5H	Digestive tract	HCT 116	376	1/2624	0/1	0	0	inf
SRX6961674	TFs and others	SUPT5H	Digestive tract	HCT 116	1411	1/2624	0/1	0	0	inf
SRX6961678	TFs and others	SUPT5H	Digestive tract	HCT 116	3716	337/2624	0/1	0	0	inf
SRX6961679	TFs and others	SUPT5H	Digestive tract	HCT 116	1260	1/2624	0/1	0	0	inf
SRX6961680	TFs and others	SUPT5H	Digestive tract	HCT 116	2519	144/2624	0/1	0	0	inf
SRX6969884	TFs and others	CHD6	Cardiovascular	Cardiomyocytes	840	142/2624	0/1	0	0	inf
SRX6969885	TFs and others	CHD6	Cardiovascular	Cardiomyocytes	731	123/2624	0/1	0	0	inf
SRX6973252	TFs and others	GFP	Pluripotent stem cell	ES cells	365	38/2624	0/1	0	0	inf
SRX6973253	TFs and others	GFP	Pluripotent stem cell	ES cells	362	17/2624	0/1	0	0	inf
SRX6973254	TFs and others	GFP	Gonad	Primordial germ cells	1241	91/2624	0/1	0	0	inf
SRX6976722	TFs and others	TEAD1	Epidermis	Keratinocytes	8484	100/2624	0/1	0	0	inf
SRX6976723	TFs and others	TEAD1	Epidermis	Keratinocytes	8133	99/2624	0/1	0	0	inf
SRX6977270	TFs and others	LIN28B	Neural	BE(2)-C	1932	337/2624	0/1	0	0	inf
SRX6977272	TFs and others	ZNF143	Neural	BE(2)-C	2427	346/2624	0/1	0	0	inf
SRX6977274	TFs and others	LIN28B	Neural	CHP-134	1285	163/2624	0/1	0	0	inf
SRX6977276	TFs and others	LIN28B	Neural	KELLY	1072	88/2624	0/1	0	0	inf
SRX6977278	TFs and others	Epitope tags	Neural	BE(2)-C	5261	1133/2624	0/1	0	0	inf
SRX697735	TFs and others	PRKCQ	Blood	CD4+ T cells	4787	2/2624	0/1	0	0	inf
SRX697736	TFs and others	PRKCQ	Blood	CD4+ T cells	3020	3/2624	0/1	0	0	inf
SRX697737	TFs and others	PRKCQ	Blood	CD4+ T cells	3048	2/2624	0/1	0	0	inf
SRX697738	TFs and others	PRKCQ	Blood	CD4+ T cells	2933	3/2624	0/1	0	0	inf
SRX697743	TFs and others	PRKCQ	Blood	Jurkat	758	13/2624	0/1	0	0	inf
SRX697744	TFs and others	PRKCQ	Blood	Jurkat	754	9/2624	0/1	0	0	inf
SRX697745	TFs and others	PRKCQ	Blood	Jurkat	747	10/2624	0/1	0	0	inf
SRX697746	TFs and others	PRKCQ	Blood	Jurkat	738	22/2624	0/1	0	0	inf
SRX6981282	TFs and others	TCF4	Liver	Hepatocellular carcinoma	457	3/2624	0/1	0	0	inf
SRX6981283	TFs and others	TCF4	Liver	Hepatocellular carcinoma	822	12/2624	0/1	0	0	inf
SRX698184	TFs and others	CEBPA	Blood	Kasumi-1	250	1/2624	0/1	0	0	inf
SRX698185	TFs and others	CEBPA	Blood	Kasumi-1	1447	4/2624	0/1	0	0	inf
SRX698186	TFs and others	LMO2	Blood	Kasumi-1	7380	114/2624	0/1	0	0	inf
SRX698187	TFs and others	LMO3	Blood	Kasumi-1	4362	65/2624	0/1	0	0	inf
SRX698188	TFs and others	SPI1	Blood	Kasumi-1	14566	131/2624	0/1	0	0	inf
SRX6986757	TFs and others	Epitope tags	Pluripotent stem cell	hESC H1	1904	2/2624	0/1	0	0	inf
SRX699732	TFs and others	TCF21	Cardiovascular	HCASMC	8043	105/2624	0/1	0	0	inf
SRX699733	TFs and others	TCF21	Cardiovascular	HCASMC	9957	159/2624	0/1	0	0	inf
SRX699734	TFs and others	TCF21	Cardiovascular	HCASMC	1233	5/2624	0/1	0	0	inf
SRX699735	TFs and others	TCF21	Cardiovascular	HCASMC	1250	14/2624	0/1	0	0	inf
SRX699737	TFs and others	JUN	Cardiovascular	HCASMC	26939	269/2624	0/1	0	0	inf
SRX699738	TFs and others	JUND	Cardiovascular	HCASMC	57413	362/2624	0/1	0	0	inf
SRX700518	TFs and others	BRD4	Epidermis	Dermal fibroblast	373	1/2624	0/1	0	0	inf
SRX700519	TFs and others	BRD4	Epidermis	Dermal fibroblast	497	1/2624	0/1	0	0	inf
SRX7015632	TFs and others	Epitope tags	Others	Fibroblasts	212	4/2624	0/1	0	0	inf
SRX7015633	TFs and others	Epitope tags	Others	Fibroblasts	430	4/2624	0/1	0	0	inf
SRX7015634	TFs and others	Epitope tags	Others	Fibroblasts	710	23/2624	0/1	0	0	inf
SRX7015635	TFs and others	Epitope tags	Others	Fibroblasts	267	2/2624	0/1	0	0	inf
SRX7015645	TFs and others	Epitope tags	Others	Fibroblasts	693	2/2624	0/1	0	0	inf
SRX7015647	TFs and others	Epitope tags	Others	Fibroblasts	947	2/2624	0/1	0	0	inf
SRX7015649	TFs and others	Epitope tags	Others	Fibroblasts	609	3/2624	0/1	0	0	inf
SRX7015651	TFs and others	Epitope tags	Others	Fibroblasts	1073	2/2624	0/1	0	0	inf
SRX7015654	TFs and others	SS18	Muscle	SYO-1	1339	10/2624	0/1	0	0	inf
SRX7015655	TFs and others	SS18	Muscle	SYO-1	35	1/2624	0/1	0	0	inf
SRX7015656	TFs and others	SMARCC1	Muscle	SYO-1	192	1/2624	0/1	0	0	inf
SRX7015657	TFs and others	SMARCC1	Muscle	SYO-1	155	1/2624	0/1	0	0	inf
SRX7015659	TFs and others	RING1	Muscle	SYO-1	202	9/2624	0/1	0	0	inf
SRX7015660	TFs and others	RNF2	Muscle	SYO-1	395	28/2624	0/1	0	0	inf
SRX7015661	TFs and others	RNF2	Muscle	SYO-1	205	5/2624	0/1	0	0	inf
SRX7015662	TFs and others	SUZ12	Muscle	SYO-1	159	1/2624	0/1	0	0	inf
SRX7015663	TFs and others	SUZ12	Muscle	SYO-1	344	1/2624	0/1	0	0	inf
SRX7015667	TFs and others	Epitope tags	Others	Fibroblasts	307	2/2624	0/1	0	0	inf
SRX7015669	TFs and others	Epitope tags	Others	Fibroblasts	435	2/2624	0/1	0	0	inf
SRX7015671	TFs and others	RNF2	Others	Fibroblasts	2863	184/2624	0/1	0	0	inf
SRX701956	TFs and others	CTCF	Pluripotent stem cell	hESC derived mesendodermal cells	13386	161/2624	0/1	0	0	inf
SRX701957	TFs and others	PRDM1	Pluripotent stem cell	hESC derived mesendodermal cells	41	1/2624	0/1	0	0	inf
SRX701958	TFs and others	PRDM1	Pluripotent stem cell	hESC derived mesendodermal cells	342	5/2624	0/1	0	0	inf
SRX701959	TFs and others	PRDM1	Pluripotent stem cell	hESC HUES64	176	9/2624	0/1	0	0	inf
SRX701960	TFs and others	PRDM1	Pluripotent stem cell	hESC derived mesendodermal cells	323	5/2624	0/1	0	0	inf
SRX701962	TFs and others	CTCF	Pluripotent stem cell	hESC HUES64	44513	526/2624	0/1	0	0	inf
SRX701963	TFs and others	CTCF	Pluripotent stem cell	hESC HUES64	27318	401/2624	0/1	0	0	inf
SRX701964	TFs and others	CTCF	Pluripotent stem cell	hESC HUES64	20856	322/2624	0/1	0	0	inf
SRX701965	TFs and others	CTCF	Pluripotent stem cell	hESC derived mesendodermal cells	6706	165/2624	0/1	0	0	inf
SRX701966	TFs and others	CTCF	Pluripotent stem cell	hESC derived mesendodermal cells	14149	217/2624	0/1	0	0	inf
SRX701967	TFs and others	CTCF	Pluripotent stem cell	hESC derived ectodermal cells	15925	300/2624	0/1	0	0	inf
SRX701968	TFs and others	EOMES	Pluripotent stem cell	hESC HUES64	210	1/2624	0/1	0	0	inf
SRX701969	TFs and others	EOMES	Pluripotent stem cell	hESC derived mesendodermal cells	63	1/2624	0/1	0	0	inf
SRX701970	TFs and others	EOMES	Pluripotent stem cell	hESC derived mesendodermal cells	626	1/2624	0/1	0	0	inf
SRX701971	TFs and others	EOMES	Pluripotent stem cell	hESC derived mesendodermal cells	2998	2/2624	0/1	0	0	inf
SRX701972	TFs and others	EOMES	Pluripotent stem cell	hESC derived mesendodermal cells	1078	1/2624	0/1	0	0	inf
SRX701973	TFs and others	FOXA1	Pluripotent stem cell	hESC derived mesendodermal cells	29452	96/2624	0/1	0	0	inf
SRX701974	TFs and others	FOXA1	Pluripotent stem cell	hESC HUES64	634	3/2624	0/1	0	0	inf
SRX701976	TFs and others	FOXA1	Pluripotent stem cell	hESC derived mesendodermal cells	287	2/2624	0/1	0	0	inf
SRX701977	TFs and others	FOXA1	Pluripotent stem cell	hESC derived mesendodermal cells	1325	11/2624	0/1	0	0	inf
SRX701978	TFs and others	FOXA2	Pluripotent stem cell	hESC derived mesendodermal cells	10238	43/2624	0/1	0	0	inf
SRX701980	TFs and others	FOXA2	Pluripotent stem cell	hESC derived mesendodermal cells	340	1/2624	0/1	0	0	inf
SRX701981	TFs and others	FOXA2	Pluripotent stem cell	hESC HUES64	540	11/2624	0/1	0	0	inf
SRX701982	TFs and others	FOXA2	Pluripotent stem cell	hESC derived mesendodermal cells	5512	21/2624	0/1	0	0	inf
SRX701983	TFs and others	GATA4	Pluripotent stem cell	hESC HUES64	152	15/2624	0/1	0	0	inf
SRX701986	TFs and others	GATA4	Pluripotent stem cell	hESC derived mesendodermal cells	686	4/2624	0/1	0	0	inf
SRX701987	TFs and others	GATA4	Pluripotent stem cell	hESC derived mesendodermal cells	354	2/2624	0/1	0	0	inf
SRX701988	TFs and others	GATA4	Pluripotent stem cell	hESC derived mesendodermal cells	1804	2/2624	0/1	0	0	inf
SRX701989	TFs and others	GATA4	Pluripotent stem cell	hESC derived endodermal cells	4445	17/2624	0/1	0	0	inf
SRX701990	TFs and others	GATA4	Pluripotent stem cell	hESC derived endodermal cells	3407	12/2624	0/1	0	0	inf
SRX701991	TFs and others	GATA4	Pluripotent stem cell	hESC derived endodermal cells	3616	9/2624	0/1	0	0	inf
SRX701992	TFs and others	GATA4	Pluripotent stem cell	hESC derived mesendodermal cells	2168	7/2624	0/1	0	0	inf
SRX701993	TFs and others	GATA4	Pluripotent stem cell	hESC derived mesendodermal cells	528	4/2624	0/1	0	0	inf
SRX701994	TFs and others	GATA4	Pluripotent stem cell	hESC derived mesendodermal cells	660	4/2624	0/1	0	0	inf
SRX701995	TFs and others	GATA4	Pluripotent stem cell	hESC derived mesendodermal cells	2722	8/2624	0/1	0	0	inf
SRX701996	TFs and others	GATA4	Pluripotent stem cell	hESC derived mesendodermal cells	763	13/2624	0/1	0	0	inf
SRX701997	TFs and others	GATA4	Pluripotent stem cell	hESC derived mesendodermal cells	414	2/2624	0/1	0	0	inf
SRX701998	TFs and others	GATA4	Pluripotent stem cell	hESC derived mesendodermal cells	1984	11/2624	0/1	0	0	inf
SRX701999	TFs and others	GATA6	Pluripotent stem cell	hESC derived mesendodermal cells	4015	1/2624	0/1	0	0	inf
SRX702000	TFs and others	GATA6	Pluripotent stem cell	hESC HUES64	48	1/2624	0/1	0	0	inf
SRX702001	TFs and others	GATA6	Pluripotent stem cell	hESC derived mesendodermal cells	1382	1/2624	0/1	0	0	inf
SRX702002	TFs and others	GATA6	Pluripotent stem cell	hESC derived mesendodermal cells	386	1/2624	0/1	0	0	inf
SRX702003	TFs and others	GATA6	Pluripotent stem cell	hESC derived mesendodermal cells	327	2/2624	0/1	0	0	inf
SRX702004	TFs and others	GATA6	Pluripotent stem cell	hESC derived mesendodermal cells	582	6/2624	0/1	0	0	inf
SRX702005	TFs and others	GATA6	Pluripotent stem cell	hESC derived mesendodermal cells	983	1/2624	0/1	0	0	inf
SRX702020	TFs and others	HEY1	Pluripotent stem cell	hESC derived mesendodermal cells	208	4/2624	0/1	0	0	inf
SRX702021	TFs and others	HNF1B	Pluripotent stem cell	hESC derived mesendodermal cells	358	2/2624	0/1	0	0	inf
SRX702022	TFs and others	HNF1B	Pluripotent stem cell	hESC HUES64	75	1/2624	0/1	0	0	inf
SRX702024	TFs and others	HNF1B	Pluripotent stem cell	hESC derived mesendodermal cells	236	7/2624	0/1	0	0	inf
SRX702027	TFs and others	HNF4A	Pluripotent stem cell	hESC derived mesendodermal cells	1543	47/2624	0/1	0	0	inf
SRX702028	TFs and others	HNF4A	Pluripotent stem cell	hESC HUES64	225	6/2624	0/1	0	0	inf
SRX702031	TFs and others	KLF5	Pluripotent stem cell	hESC HUES64	447	102/2624	0/1	0	0	inf
SRX702032	TFs and others	LEF1	Pluripotent stem cell	hESC derived mesendodermal cells	106	1/2624	0/1	0	0	inf
SRX702033	TFs and others	LEF1	Pluripotent stem cell	hESC derived mesendodermal cells	208	1/2624	0/1	0	0	inf
SRX702034	TFs and others	NR5A2	Pluripotent stem cell	hESC HUES64	227	8/2624	0/1	0	0	inf
SRX702035	TFs and others	NR5A2	Pluripotent stem cell	hESC derived mesendodermal cells	294	13/2624	0/1	0	0	inf
SRX702036	TFs and others	NANOG	Pluripotent stem cell	hESC HUES64	7228	10/2624	0/1	0	0	inf
SRX702037	TFs and others	NANOG	Pluripotent stem cell	hESC derived mesendodermal cells	13025	58/2624	0/1	0	0	inf
SRX702039	TFs and others	NANOG	Pluripotent stem cell	hESC HUES64	9477	10/2624	0/1	0	0	inf
SRX702040	TFs and others	NANOG	Pluripotent stem cell	hESC HUES64	13481	44/2624	0/1	0	0	inf
SRX702041	TFs and others	NANOG	Pluripotent stem cell	hESC HUES64	9335	15/2624	0/1	0	0	inf
SRX702042	TFs and others	NANOG	Pluripotent stem cell	hESC derived mesendodermal cells	5174	5/2624	0/1	0	0	inf
SRX702043	TFs and others	NANOG	Pluripotent stem cell	hESC derived mesendodermal cells	5564	7/2624	0/1	0	0	inf
SRX702044	TFs and others	NANOG	Pluripotent stem cell	hESC derived ectodermal cells	143	1/2624	0/1	0	0	inf
SRX702045	TFs and others	OTX2	Pluripotent stem cell	hESC HUES64	22621	480/2624	0/1	0	0	inf
SRX702046	TFs and others	OTX2	Pluripotent stem cell	hESC derived mesendodermal cells	226	16/2624	0/1	0	0	inf
SRX702047	TFs and others	OTX2	Pluripotent stem cell	hESC derived mesendodermal cells	2177	34/2624	0/1	0	0	inf
SRX702048	TFs and others	OTX2	Pluripotent stem cell	hESC derived ectodermal cells	302	7/2624	0/1	0	0	inf
SRX702049	TFs and others	OTX2	Pluripotent stem cell	hESC derived mesendodermal cells	628	2/2624	0/1	0	0	inf
SRX702050	TFs and others	OTX2	Pluripotent stem cell	hESC HUES64	884	15/2624	0/1	0	0	inf
SRX702051	TFs and others	OTX2	Pluripotent stem cell	hESC derived ectodermal cells	134	6/2624	0/1	0	0	inf
SRX702052	TFs and others	OTX2	Pluripotent stem cell	hESC HUES64	2184	35/2624	0/1	0	0	inf
SRX702053	TFs and others	OTX2	Pluripotent stem cell	hESC HUES64	2104	19/2624	0/1	0	0	inf
SRX702054	TFs and others	OTX2	Pluripotent stem cell	hESC derived mesendodermal cells	135	1/2624	0/1	0	0	inf
SRX702055	TFs and others	PAX6	Pluripotent stem cell	hESC derived mesendodermal cells	340	1/2624	0/1	0	0	inf
SRX702056	TFs and others	PAX6	Pluripotent stem cell	hESC derived ectodermal cells	3	1/2624	0/1	0	0	inf
SRX702063	TFs and others	POU5F1	Pluripotent stem cell	hESC derived mesendodermal cells	501	3/2624	0/1	0	0	inf
SRX702065	TFs and others	POU5F1	Pluripotent stem cell	hESC HUES64	227	7/2624	0/1	0	0	inf
SRX702066	TFs and others	POU5F1	Pluripotent stem cell	hESC HUES64	178	3/2624	0/1	0	0	inf
SRX702067	TFs and others	POU5F1	Pluripotent stem cell	hESC derived mesendodermal cells	314	1/2624	0/1	0	0	inf
SRX702068	TFs and others	POU5F1	Pluripotent stem cell	hESC derived ectodermal cells	140	2/2624	0/1	0	0	inf
SRX702069	TFs and others	POU5F1	Pluripotent stem cell	hESC HUES64	4794	28/2624	0/1	0	0	inf
SRX702070	TFs and others	ZFP42	Pluripotent stem cell	hESC derived mesendodermal cells	148	4/2624	0/1	0	0	inf
SRX702071	TFs and others	ZFP42	Pluripotent stem cell	hESC derived mesendodermal cells	605	82/2624	0/1	0	0	inf
SRX702072	TFs and others	ZFP42	Pluripotent stem cell	hESC HUES64	448	51/2624	0/1	0	0	inf
SRX702073	TFs and others	SALL4	Pluripotent stem cell	hESC HUES64	57	1/2624	0/1	0	0	inf
SRX702074	TFs and others	SALL4	Pluripotent stem cell	hESC derived mesendodermal cells	105	1/2624	0/1	0	0	inf
SRX702075	TFs and others	SMAD1	Pluripotent stem cell	hESC derived mesendodermal cells	158	12/2624	0/1	0	0	inf
SRX702076	TFs and others	SMAD1	Pluripotent stem cell	hESC derived mesendodermal cells	354	7/2624	0/1	0	0	inf
SRX702077	TFs and others	SMAD1	Pluripotent stem cell	hESC derived ectodermal cells	222	11/2624	0/1	0	0	inf
SRX702078	TFs and others	SMAD1	Pluripotent stem cell	hESC derived mesendodermal cells	131	1/2624	0/1	0	0	inf
SRX702079	TFs and others	SMAD1	Pluripotent stem cell	hESC derived endodermal cells	123	1/2624	0/1	0	0	inf
SRX702080	TFs and others	SMAD1	Pluripotent stem cell	hESC derived endodermal cells	148	1/2624	0/1	0	0	inf
SRX702081	TFs and others	SMAD1	Pluripotent stem cell	hESC derived endodermal cells	111	1/2624	0/1	0	0	inf
SRX702082	TFs and others	SMAD1	Pluripotent stem cell	hESC derived mesendodermal cells	131	1/2624	0/1	0	0	inf
SRX702083	TFs and others	SMAD1	Pluripotent stem cell	hESC derived mesendodermal cells	157	2/2624	0/1	0	0	inf
SRX702084	TFs and others	SMAD1	Pluripotent stem cell	hESC derived mesendodermal cells	116	1/2624	0/1	0	0	inf
SRX702085	TFs and others	SMAD1	Pluripotent stem cell	hESC derived mesendodermal cells	134	1/2624	0/1	0	0	inf
SRX702086	TFs and others	SMAD1	Pluripotent stem cell	hESC HUES64	528	8/2624	0/1	0	0	inf
SRX702087	TFs and others	SMAD1	Pluripotent stem cell	hESC derived mesendodermal cells	190	2/2624	0/1	0	0	inf
SRX702088	TFs and others	SMAD2	Pluripotent stem cell	hESC HUES64	21	2/2624	0/1	0	0	inf
SRX702089	TFs and others	SMAD2	Pluripotent stem cell	hESC derived ectodermal cells	80	1/2624	0/1	0	0	inf
SRX702090	TFs and others	SMAD2	Pluripotent stem cell	hESC derived mesendodermal cells	245	2/2624	0/1	0	0	inf
SRX702092	TFs and others	SMAD4	Pluripotent stem cell	hESC HUES64	158	2/2624	0/1	0	0	inf
SRX702095	TFs and others	SMAD4	Pluripotent stem cell	hESC derived mesendodermal cells	208	4/2624	0/1	0	0	inf
SRX702096	TFs and others	SMAD4	Pluripotent stem cell	hESC derived ectodermal cells	38	1/2624	0/1	0	0	inf
SRX702097	TFs and others	SMAD4	Pluripotent stem cell	hESC derived mesendodermal cells	229	2/2624	0/1	0	0	inf
SRX702100	TFs and others	SNAI2	Pluripotent stem cell	hESC derived mesendodermal cells	351	25/2624	0/1	0	0	inf
SRX702103	TFs and others	SOX17	Pluripotent stem cell	hESC derived mesendodermal cells	391	12/2624	0/1	0	0	inf
SRX702104	TFs and others	SOX17	Pluripotent stem cell	hESC derived mesendodermal cells	761	8/2624	0/1	0	0	inf
SRX702105	TFs and others	SOX2	Pluripotent stem cell	hESC derived mesendodermal cells	464	1/2624	0/1	0	0	inf
SRX702113	TFs and others	SRF	Pluripotent stem cell	hESC HUES64	32165	472/2624	0/1	0	0	inf
SRX702114	TFs and others	SRF	Pluripotent stem cell	hESC derived mesendodermal cells	8898	281/2624	0/1	0	0	inf
SRX702115	TFs and others	SRF	Pluripotent stem cell	hESC HUES64	8232	358/2624	0/1	0	0	inf
SRX702116	TFs and others	SRF	Pluripotent stem cell	hESC HUES64	9630	294/2624	0/1	0	0	inf
SRX702117	TFs and others	SRF	Pluripotent stem cell	hESC derived mesendodermal cells	1689	87/2624	0/1	0	0	inf
SRX702118	TFs and others	SRF	Pluripotent stem cell	hESC derived mesendodermal cells	2980	114/2624	0/1	0	0	inf
SRX702119	TFs and others	SRF	Pluripotent stem cell	hESC derived ectodermal cells	8525	203/2624	0/1	0	0	inf
SRX702120	TFs and others	STAT3	Pluripotent stem cell	hESC derived mesendodermal cells	275	26/2624	0/1	0	0	inf
SRX702122	TFs and others	STAT3	Pluripotent stem cell	hESC HUES64	380	29/2624	0/1	0	0	inf
SRX702123	TFs and others	T	Pluripotent stem cell	hESC HUES64	147	3/2624	0/1	0	0	inf
SRX702125	TFs and others	T	Pluripotent stem cell	hESC derived mesendodermal cells	282	4/2624	0/1	0	0	inf
SRX702126	TFs and others	TAL1	Pluripotent stem cell	hESC HUES64	403	56/2624	0/1	0	0	inf
SRX702127	TFs and others	TAL1	Pluripotent stem cell	hESC derived mesendodermal cells	601	66/2624	0/1	0	0	inf
SRX702131	TFs and others	TCF4	Pluripotent stem cell	hESC derived ectodermal cells	62	1/2624	0/1	0	0	inf
SRX702132	TFs and others	TCF4	Pluripotent stem cell	hESC HUES64	2422	32/2624	0/1	0	0	inf
SRX702133	TFs and others	THAP11	Pluripotent stem cell	hESC derived ectodermal cells	1035	186/2624	0/1	0	0	inf
SRX702134	TFs and others	THAP11	Pluripotent stem cell	hESC derived mesendodermal cells	1553	248/2624	0/1	0	0	inf
SRX702135	TFs and others	THAP11	Pluripotent stem cell	hESC derived mesendodermal cells	1689	267/2624	0/1	0	0	inf
SRX702136	TFs and others	THAP11	Pluripotent stem cell	hESC derived mesendodermal cells	1831	237/2624	0/1	0	0	inf
SRX702137	TFs and others	THAP11	Pluripotent stem cell	hESC HUES64	1247	234/2624	0/1	0	0	inf
SRX702138	TFs and others	TRIM28	Pluripotent stem cell	hESC derived ectodermal cells	184	1/2624	0/1	0	0	inf
SRX702139	TFs and others	TRIM28	Pluripotent stem cell	hESC derived mesendodermal cells	128	1/2624	0/1	0	0	inf
SRX702140	TFs and others	TRIM28	Pluripotent stem cell	hESC derived mesendodermal cells	245	1/2624	0/1	0	0	inf
SRX702141	TFs and others	TRIM28	Pluripotent stem cell	hESC derived mesendodermal cells	180	1/2624	0/1	0	0	inf
SRX702142	TFs and others	TRIM28	Pluripotent stem cell	hESC HUES64	248	1/2624	0/1	0	0	inf
SRX702147	TFs and others	MYC	Pluripotent stem cell	hESC derived mesendodermal cells	103	2/2624	0/1	0	0	inf
SRX702150	TFs and others	MYC	Pluripotent stem cell	hESC HUES64	637	66/2624	0/1	0	0	inf
SRX702151	TFs and others	MYC	Pluripotent stem cell	hESC derived mesendodermal cells	57	1/2624	0/1	0	0	inf
SRX702152	TFs and others	HAND2	Pluripotent stem cell	hESC derived mesendodermal cells	229	1/2624	0/1	0	0	inf
SRX702153	TFs and others	HAND1	Pluripotent stem cell	hESC derived mesendodermal cells	100	1/2624	0/1	0	0	inf
SRX702154	TFs and others	HAND1	Pluripotent stem cell	hESC HUES64	154	1/2624	0/1	0	0	inf
SRX702155	TFs and others	HAND1	Pluripotent stem cell	hESC derived mesendodermal cells	128	1/2624	0/1	0	0	inf
SRX702547	TFs and others	CHD8	Pluripotent stem cell	iPS derived neural cells	10564	993/2624	0/1	0	0	inf
SRX702548	TFs and others	CHD8	Pluripotent stem cell	iPS derived neural cells	10229	911/2624	0/1	0	0	inf
SRX702549	TFs and others	CHD7	Pluripotent stem cell	iPS derived neural cells	823	10/2624	0/1	0	0	inf
SRX7030878	TFs and others	CBX5	Breast	MCF-7	1215	1/2624	0/1	0	0	inf
SRX7030879	TFs and others	CBX5	Breast	MCF-7	716	1/2624	0/1	0	0	inf
SRX7030880	TFs and others	EHMT2	Breast	MCF-7	2305	20/2624	0/1	0	0	inf
SRX7030881	TFs and others	EHMT2	Breast	MCF-7	2203	21/2624	0/1	0	0	inf
SRX7030882	TFs and others	EHMT2	Breast	MCF-7	1645	10/2624	0/1	0	0	inf
SRX7030883	TFs and others	EHMT2	Breast	MCF-7	1395	7/2624	0/1	0	0	inf
SRX7030912	TFs and others	HEXIM1	Breast	MCF-7	10916	968/2624	0/1	0	0	inf
SRX7030913	TFs and others	HEXIM1	Breast	MCF-7	4217	355/2624	0/1	0	0	inf
SRX7030914	TFs and others	CBX5	Breast	MCF-7	1062	1/2624	0/1	0	0	inf
SRX7030915	TFs and others	CBX5	Breast	MCF-7	1341	1/2624	0/1	0	0	inf
SRX7030916	TFs and others	TRIM28	Breast	MCF-7	628	1/2624	0/1	0	0	inf
SRX7030917	TFs and others	TRIM28	Breast	MCF-7	970	9/2624	0/1	0	0	inf
SRX7030918	TFs and others	TRIM28	Breast	MCF-7	172	2/2624	0/1	0	0	inf
SRX7030919	TFs and others	TRIM28	Breast	MCF-7	569	2/2624	0/1	0	0	inf
SRX7030920	TFs and others	KDM4B	Breast	MCF-7	495	1/2624	0/1	0	0	inf
SRX7030921	TFs and others	KDM4B	Breast	MCF-7	365	1/2624	0/1	0	0	inf
SRX7030922	TFs and others	KDM4B	Breast	MCF-7	882	215/2624	0/1	0	0	inf
SRX7030923	TFs and others	KDM4B	Breast	MCF-7	613	4/2624	0/1	0	0	inf
SRX7030924	TFs and others	KDM4C	Breast	MCF-7	1916	430/2624	0/1	0	0	inf
SRX7030925	TFs and others	KDM4C	Breast	MCF-7	1585	410/2624	0/1	0	0	inf
SRX7030926	TFs and others	KDM4C	Breast	MCF-7	2905	621/2624	0/1	0	0	inf
SRX7030927	TFs and others	KDM4C	Breast	MCF-7	1640	376/2624	0/1	0	0	inf
SRX7030929	TFs and others	NELFA	Breast	MCF-7	396	1/2624	0/1	0	0	inf
SRX7030931	TFs and others	NELFA	Breast	MCF-7	1729	138/2624	0/1	0	0	inf
SRX7030932	TFs and others	NELFA	Breast	MCF-7	6058	814/2624	0/1	0	0	inf
SRX7030945	TFs and others	SUV39H1	Breast	MCF-7	438	1/2624	0/1	0	0	inf
SRX7030946	TFs and others	SUV39H1	Breast	MCF-7	472	1/2624	0/1	0	0	inf
SRX7030947	TFs and others	SUV39H1	Breast	MCF-7	497	1/2624	0/1	0	0	inf
SRX7030948	TFs and others	SUV39H1	Breast	MCF-7	418	1/2624	0/1	0	0	inf
SRX7031580	TFs and others	EGR1	Blood	CD34+	193	3/2624	0/1	0	0	inf
SRX7031581	TFs and others	EGR1	Blood	Monocytes	278	31/2624	0/1	0	0	inf
SRX7031582	TFs and others	EGR1	Blood	Monocytes	297	34/2624	0/1	0	0	inf
SRX7031583	TFs and others	EGR1	Blood	Monocytes	572	113/2624	0/1	0	0	inf
SRX7033135	TFs and others	XRN2	Kidney	293	310	2/2624	0/1	0	0	inf
SRX7033136	TFs and others	XRN2	Kidney	293	229	2/2624	0/1	0	0	inf
SRX7036324	TFs and others	ARID1A	Pluripotent stem cell	hESC H9	2225	6/2624	0/1	0	0	inf
SRX7044869	TFs and others	MAZ	Blood	Erythroid Cells	1769	448/2624	0/1	0	0	inf
SRX7050992	TFs and others	PPP1R10	Bone	U2OS	877	41/2624	0/1	0	0	inf
SRX7050993	TFs and others	PPP1R10	Bone	U2OS	266	1/2624	0/1	0	0	inf
SRX7054609	TFs and others	RELA	Cardiovascular	HAEC	20915	510/2624	0/1	0	0	inf
SRX7054610	TFs and others	RELA	Cardiovascular	HAEC	5375	134/2624	0/1	0	0	inf
SRX7054611	TFs and others	RELA	Cardiovascular	HAEC	20660	1101/2624	0/1	0	0	inf
SRX7054612	TFs and others	RELA	Cardiovascular	HAEC	2905	86/2624	0/1	0	0	inf
SRX7054613	TFs and others	RELA	Cardiovascular	HAEC	5165	164/2624	0/1	0	0	inf
SRX7054615	TFs and others	RELA	Cardiovascular	HAEC	26815	1038/2624	0/1	0	0	inf
SRX7054616	TFs and others	RELA	Cardiovascular	HAEC	19564	724/2624	0/1	0	0	inf
SRX7054617	TFs and others	RELA	Cardiovascular	HAEC	28033	668/2624	0/1	0	0	inf
SRX7054618	TFs and others	RELA	Cardiovascular	HAEC	22167	929/2624	0/1	0	0	inf
SRX7054619	TFs and others	RELA	Cardiovascular	HAEC	24325	933/2624	0/1	0	0	inf
SRX7054620	TFs and others	RELA	Cardiovascular	HAEC	1896	62/2624	0/1	0	0	inf
SRX7054621	TFs and others	RELA	Cardiovascular	HAEC	21605	899/2624	0/1	0	0	inf
SRX7054622	TFs and others	RELA	Cardiovascular	HAEC	14052	713/2624	0/1	0	0	inf
SRX7054623	TFs and others	RELA	Cardiovascular	HAEC	6128	115/2624	0/1	0	0	inf
SRX7054624	TFs and others	RELA	Cardiovascular	HAEC	4147	77/2624	0/1	0	0	inf
SRX7054657	TFs and others	RELA	Cardiovascular	HAEC	27476	916/2624	0/1	0	0	inf
SRX7054658	TFs and others	RELA	Cardiovascular	HAEC	4282	89/2624	0/1	0	0	inf
SRX7054659	TFs and others	RELA	Cardiovascular	HAEC	9633	357/2624	0/1	0	0	inf
SRX7054660	TFs and others	RELA	Cardiovascular	HAEC	3774	82/2624	0/1	0	0	inf
SRX7054662	TFs and others	RELA	Cardiovascular	HAEC	16040	623/2624	0/1	0	0	inf
SRX7054663	TFs and others	RELA	Cardiovascular	HAEC	22212	383/2624	0/1	0	0	inf
SRX7054664	TFs and others	RELA	Cardiovascular	HAEC	24303	1117/2624	0/1	0	0	inf
SRX7054665	TFs and others	RELA	Cardiovascular	HAEC	4760	170/2624	0/1	0	0	inf
SRX7054667	TFs and others	RELA	Cardiovascular	HAEC	12331	441/2624	0/1	0	0	inf
SRX7054668	TFs and others	RELA	Cardiovascular	HAEC	11424	594/2624	0/1	0	0	inf
SRX7054669	TFs and others	RELA	Cardiovascular	HAEC	2852	77/2624	0/1	0	0	inf
SRX7054670	TFs and others	RELA	Cardiovascular	HAEC	26005	1043/2624	0/1	0	0	inf
SRX7054672	TFs and others	RELA	Cardiovascular	HAEC	7638	243/2624	0/1	0	0	inf
SRX7054931	TFs and others	ERG	Cardiovascular	HAEC	694	33/2624	0/1	0	0	inf
SRX7054932	TFs and others	ERG	Cardiovascular	HAEC	677	29/2624	0/1	0	0	inf
SRX7054933	TFs and others	ERG	Cardiovascular	HAEC	4377	193/2624	0/1	0	0	inf
SRX7054934	TFs and others	ERG	Cardiovascular	HAEC	1059	51/2624	0/1	0	0	inf
SRX7054935	TFs and others	ERG	Cardiovascular	HAEC	704	35/2624	0/1	0	0	inf
SRX7054936	TFs and others	ERG	Cardiovascular	HAEC	1456	73/2624	0/1	0	0	inf
SRX7054937	TFs and others	ERG	Cardiovascular	HAEC	2067	133/2624	0/1	0	0	inf
SRX7054938	TFs and others	ERG	Cardiovascular	HAEC	7312	379/2624	0/1	0	0	inf
SRX7054939	TFs and others	ERG	Cardiovascular	HAEC	213	5/2624	0/1	0	0	inf
SRX7054940	TFs and others	ERG	Cardiovascular	HAEC	2537	116/2624	0/1	0	0	inf
SRX7054941	TFs and others	ERG	Cardiovascular	HAEC	1259	57/2624	0/1	0	0	inf
SRX7054942	TFs and others	ERG	Cardiovascular	HAEC	6357	286/2624	0/1	0	0	inf
SRX7054943	TFs and others	ERG	Cardiovascular	HAEC	597	19/2624	0/1	0	0	inf
SRX7054944	TFs and others	ERG	Cardiovascular	HAEC	3138	114/2624	0/1	0	0	inf
SRX7054993	TFs and others	ERG	Cardiovascular	HAEC	1074	27/2624	0/1	0	0	inf
SRX7054994	TFs and others	ERG	Cardiovascular	HAEC	4141	222/2624	0/1	0	0	inf
SRX7054995	TFs and others	ERG	Cardiovascular	HAEC	937	38/2624	0/1	0	0	inf
SRX7054996	TFs and others	ERG	Cardiovascular	HAEC	7258	299/2624	0/1	0	0	inf
SRX7054997	TFs and others	ERG	Cardiovascular	HAEC	3435	239/2624	0/1	0	0	inf
SRX7054998	TFs and others	ERG	Cardiovascular	HAEC	714	32/2624	0/1	0	0	inf
SRX7054999	TFs and others	ERG	Cardiovascular	HAEC	1322	20/2624	0/1	0	0	inf
SRX7055000	TFs and others	ERG	Cardiovascular	HAEC	3475	131/2624	0/1	0	0	inf
SRX7055001	TFs and others	ERG	Cardiovascular	HAEC	6123	263/2624	0/1	0	0	inf
SRX7055002	TFs and others	ERG	Cardiovascular	HAEC	4870	240/2624	0/1	0	0	inf
SRX7055003	TFs and others	ERG	Cardiovascular	HAEC	797	25/2624	0/1	0	0	inf
SRX7055004	TFs and others	RELA	Cardiovascular	HAEC	19981	709/2624	0/1	0	0	inf
SRX7055005	TFs and others	RELA	Cardiovascular	HAEC	7502	122/2624	0/1	0	0	inf
SRX7055006	TFs and others	RELA	Cardiovascular	HAEC	23009	819/2624	0/1	0	0	inf
SRX7055007	TFs and others	RELA	Cardiovascular	HAEC	43374	1159/2624	0/1	0	0	inf
SRX7055008	TFs and others	RELA	Cardiovascular	HAEC	17986	539/2624	0/1	0	0	inf
SRX7058946	TFs and others	CTCF	Neural	Glioblastoma	26707	473/2624	0/1	0	0	inf
SRX7058947	TFs and others	CTCF	Neural	GSC23	16758	388/2624	0/1	0	0	inf
SRX7061817	TFs and others	BRD2	Blood	SEM	24707	1162/2624	0/1	0	0	inf
SRX7061818	TFs and others	BRD3	Blood	SEM	4692	121/2624	0/1	0	0	inf
SRX7061822	TFs and others	MED26	Blood	SEM	3051	276/2624	0/1	0	0	inf
SRX7061824	TFs and others	RAD21	Blood	SEM	19572	212/2624	0/1	0	0	inf
SRX7061826	TFs and others	BRD4	Blood	SEM	5831	328/2624	0/1	0	0	inf
SRX7061828	TFs and others	BRD4	Blood	SEM	2806	118/2624	0/1	0	0	inf
SRX707368	TFs and others	EZH2	Neural	Neural Stem Cells	180	1/2624	0/1	0	0	inf
SRX707371	TFs and others	EZH2	Neural	SF7761	165	1/2624	0/1	0	0	inf
SRX7083389	TFs and others	IKZF3	Blood	RAMOS	133	1/2624	0/1	0	0	inf
SRX7083390	TFs and others	BCL6	Blood	RAMOS	150	1/2624	0/1	0	0	inf
SRX7083391	TFs and others	REL	Blood	RAMOS	152	1/2624	0/1	0	0	inf
SRX7083392	TFs and others	TCF3	Blood	RAMOS	575	2/2624	0/1	0	0	inf
SRX7083393	TFs and others	ELF1	Blood	RAMOS	150	1/2624	0/1	0	0	inf
SRX7083394	TFs and others	ELF2	Blood	RAMOS	158	1/2624	0/1	0	0	inf
SRX7083398	TFs and others	IKZF1	Blood	RAMOS	497	1/2624	0/1	0	0	inf
SRX7083401	TFs and others	IRF4	Blood	RAMOS	143	1/2624	0/1	0	0	inf
SRX7083402	TFs and others	IRF8	Blood	RAMOS	138	1/2624	0/1	0	0	inf
SRX7083403	TFs and others	MEF2B	Blood	RAMOS	149	1/2624	0/1	0	0	inf
SRX7083404	TFs and others	NFKB1	Blood	RAMOS	144	1/2624	0/1	0	0	inf
SRX7083406	TFs and others	RELA	Blood	RAMOS	131	1/2624	0/1	0	0	inf
SRX7083407	TFs and others	PAX5	Blood	RAMOS	155	1/2624	0/1	0	0	inf
SRX7083409	TFs and others	SPI1	Blood	RAMOS	150	2/2624	0/1	0	0	inf
SRX7083410	TFs and others	RAD21	Blood	RAMOS	150	1/2624	0/1	0	0	inf
SRX7083412	TFs and others	SUPT5H	Blood	RAMOS	455	1/2624	0/1	0	0	inf
SRX7083413	TFs and others	YY1	Blood	RAMOS	142	1/2624	0/1	0	0	inf
SRX7083414	TFs and others	YY2	Blood	RAMOS	162	1/2624	0/1	0	0	inf
SRX7083415	TFs and others	ZEB1	Blood	RAMOS	155	1/2624	0/1	0	0	inf
SRX7086149	TFs and others	HNF1A	Epidermis	Skin fibroblasts	69	2/2624	0/1	0	0	inf
SRX7086151	TFs and others	HNF1A	Pluripotent stem cell	hESC derived pancreatic cells	651	2/2624	0/1	0	0	inf
SRX7086153	TFs and others	HNF1A	Epidermis	Skin fibroblasts	741	2/2624	0/1	0	0	inf
SRX7088113	TFs and others	TP53	Cardiovascular	HPAEC	1793	16/2624	0/1	0	0	inf
SRX7088114	TFs and others	TP53	Cardiovascular	HPAEC	2731	41/2624	0/1	0	0	inf
SRX7088115	TFs and others	TP53	Cardiovascular	HPAEC	806	8/2624	0/1	0	0	inf
SRX7088116	TFs and others	TP53	Cardiovascular	HPAEC	758	7/2624	0/1	0	0	inf
SRX7088154	TFs and others	EPAS1	Breast	MDA-MB-231	1465	61/2624	0/1	0	0	inf
SRX7097954	TFs and others	FBXO44	Breast	MDA-MB-231	302	2/2624	0/1	0	0	inf
SRX7099470	TFs and others	Epitope tags	Kidney	293	18315	273/2624	0/1	0	0	inf
SRX7099471	TFs and others	Epitope tags	Kidney	293	4980	73/2624	0/1	0	0	inf
SRX7100371	TFs and others	KDM1A	Digestive tract	SW 480	680	5/2624	0/1	0	0	inf
SRX7100372	TFs and others	KDM1A	Digestive tract	SW 480	431	4/2624	0/1	0	0	inf
SRX7100373	TFs and others	KDM1A	Digestive tract	SW 480	251	1/2624	0/1	0	0	inf
SRX7101363	TFs and others	TEAD1	Breast	Breast cancer cells	430	1/2624	0/1	0	0	inf
SRX7101364	TFs and others	TEAD1	Breast	Breast cancer cells	330	1/2624	0/1	0	0	inf
SRX7101365	TFs and others	TEAD1	Breast	Breast cancer cells	414	1/2624	0/1	0	0	inf
SRX7101366	TFs and others	TEAD1	Breast	Breast cancer cells	374	1/2624	0/1	0	0	inf
SRX7101368	TFs and others	TEAD1	Digestive tract	Pharynx cancer cells	362	3/2624	0/1	0	0	inf
SRX7101369	TFs and others	TEAD1	Digestive tract	Pharynx cancer cells	385	2/2624	0/1	0	0	inf
SRX7101370	TFs and others	TEAD1	Digestive tract	Pharynx cancer cells	327	1/2624	0/1	0	0	inf
SRX7101371	TFs and others	TEAD1	Digestive tract	Pharynx cancer cells	376	1/2624	0/1	0	0	inf
SRX7106658	TFs and others	AR	Pluripotent stem cell	iPS derived neural cells	1042	1/2624	0/1	0	0	inf
SRX7106659	TFs and others	AR	Pluripotent stem cell	iPS derived neural cells	667	1/2624	0/1	0	0	inf
SRX7106660	TFs and others	AR	Pluripotent stem cell	iPS derived neural cells	833	1/2624	0/1	0	0	inf
SRX7106661	TFs and others	AR	Pluripotent stem cell	iPS derived neural cells	553	1/2624	0/1	0	0	inf
SRX7106662	TFs and others	AR	Pluripotent stem cell	iPS derived neural cells	622	1/2624	0/1	0	0	inf
SRX7106663	TFs and others	AR	Pluripotent stem cell	iPS derived neural cells	753	1/2624	0/1	0	0	inf
SRX7106664	TFs and others	AR	Pluripotent stem cell	iPS derived neural cells	798	1/2624	0/1	0	0	inf
SRX7106665	TFs and others	AR	Pluripotent stem cell	iPS derived neural cells	386	1/2624	0/1	0	0	inf
SRX7114558	TFs and others	Epitope tags	Breast	MCF-7	35142	507/2624	0/1	0	0	inf
SRX7114559	TFs and others	Epitope tags	Breast	MCF-7	48503	476/2624	0/1	0	0	inf
SRX7114560	TFs and others	Epitope tags	Breast	MCF-7	26757	260/2624	0/1	0	0	inf
SRX7114561	TFs and others	Epitope tags	Breast	MCF-7	46682	709/2624	0/1	0	0	inf
SRX7114562	TFs and others	Epitope tags	Breast	MCF-7	373	3/2624	0/1	0	0	inf
SRX7115505	TFs and others	Epitope tags	Muscle	RH-4	1950	8/2624	0/1	0	0	inf
SRX7115506	TFs and others	Epitope tags	Muscle	RH-4	172	2/2624	0/1	0	0	inf
SRX7121993	TFs and others	SMARCC1	Breast	MCF-7	225	3/2624	0/1	0	0	inf
SRX7121994	TFs and others	SMARCA4	Breast	MCF-7	5825	67/2624	0/1	0	0	inf
SRX7121996	TFs and others	SMARCC1	Breast	MCF-7	120	1/2624	0/1	0	0	inf
SRX7121997	TFs and others	SMARCA4	Breast	MCF-7	923	11/2624	0/1	0	0	inf
SRX7122000	TFs and others	FOXA1	Breast	MCF-7	5773	61/2624	0/1	0	0	inf
SRX7122001	TFs and others	FOXA1	Breast	MCF-7	2895	36/2624	0/1	0	0	inf
SRX7122002	TFs and others	GRHL1	Breast	MCF-7	4875	49/2624	0/1	0	0	inf
SRX7122005	TFs and others	FOXA1	Breast	MCF-7	2531	42/2624	0/1	0	0	inf
SRX7122006	TFs and others	FOXA1	Breast	MCF-7	1009	18/2624	0/1	0	0	inf
SRX7122007	TFs and others	GRHL1	Breast	MCF-7	2060	28/2624	0/1	0	0	inf
SRX7130716	TFs and others	CTCF	Breast	MCF 10A	2955	89/2624	0/1	0	0	inf
SRX7130718	TFs and others	TP53	Breast	MCF 10A	721	1/2624	0/1	0	0	inf
SRX7130720	TFs and others	TP53	Breast	MCF 10A	369	1/2624	0/1	0	0	inf
SRX7130722	TFs and others	TP53	Breast	MCF 10A	1890	13/2624	0/1	0	0	inf
SRX7130725	TFs and others	CTCF	Breast	MCF 10A	7458	161/2624	0/1	0	0	inf
SRX7130727	TFs and others	CTCF	Breast	MCF 10A	868	30/2624	0/1	0	0	inf
SRX7130729	TFs and others	CTCF	Breast	MCF 10A	15396	246/2624	0/1	0	0	inf
SRX7130731	TFs and others	TP53	Breast	MCF 10A	1026	3/2624	0/1	0	0	inf
SRX7135363	TFs and others	HDAC2	Blood	K-562	3766	527/2624	0/1	0	0	inf
SRX7135364	TFs and others	HDAC1	Blood	K-562	241	49/2624	0/1	0	0	inf
SRX7135365	TFs and others	BRD2	Blood	K-562	3061	561/2624	0/1	0	0	inf
SRX7135366	TFs and others	BRD3	Blood	K-562	612	66/2624	0/1	0	0	inf
SRX7135367	TFs and others	HDAC1	Blood	K-562	6839	959/2624	0/1	0	0	inf
SRX7135368	TFs and others	BRD4	Blood	K-562	3115	455/2624	0/1	0	0	inf
SRX7135369	TFs and others	BRD4	Blood	K-562	1554	193/2624	0/1	0	0	inf
SRX7135370	TFs and others	BRD3	Blood	K-562	1429	207/2624	0/1	0	0	inf
SRX7135371	TFs and others	BRD2	Blood	K-562	848	158/2624	0/1	0	0	inf
SRX7135406	TFs and others	TP63	Blood	K-562	995	12/2624	0/1	0	0	inf
SRX7135407	TFs and others	TP63	Blood	K-562	4427	27/2624	0/1	0	0	inf
SRX7135408	TFs and others	TP63	Blood	K-562	582	2/2624	0/1	0	0	inf
SRX7135409	TFs and others	TP63	Blood	K-562	317	2/2624	0/1	0	0	inf
SRX7135410	TFs and others	TP63	Liver	Hep G2	299	2/2624	0/1	0	0	inf
SRX7135411	TFs and others	TP63	Liver	Hep G2	365	1/2624	0/1	0	0	inf
SRX7135460	TFs and others	SOX17	Adipocyte	hESC derived hemogenic cells	1186	29/2624	0/1	0	0	inf
SRX713891	TFs and others	AR	Prostate	R1-AD1	666	1/2624	0/1	0	0	inf
SRX713892	TFs and others	AR	Prostate	R1-AD1	526	1/2624	0/1	0	0	inf
SRX713893	TFs and others	AR	Prostate	R1-AD1	524	1/2624	0/1	0	0	inf
SRX713894	TFs and others	AR	Prostate	R1-AD1	3305	12/2624	0/1	0	0	inf
SRX713895	TFs and others	AR	Prostate	R1-AD1	4065	16/2624	0/1	0	0	inf
SRX713896	TFs and others	AR	Prostate	R1-AD1	2252	7/2624	0/1	0	0	inf
SRX713897	TFs and others	AR	Prostate	R1-AD567	407	1/2624	0/1	0	0	inf
SRX713898	TFs and others	AR	Prostate	R1-AD567	528	1/2624	0/1	0	0	inf
SRX713899	TFs and others	AR	Prostate	R1-AD567	416	1/2624	0/1	0	0	inf
SRX7141987	TFs and others	O-GlcNAc	Adipocyte	Adipocytes	2648	316/2624	0/1	0	0	inf
SRX7141989	TFs and others	O-GlcNAc	Adipocyte	Adipocytes	4052	417/2624	0/1	0	0	inf
SRX7141990	TFs and others	O-GlcNAc	Adipocyte	Adipocytes	991	129/2624	0/1	0	0	inf
SRX7141991	TFs and others	O-GlcNAc	Adipocyte	Adipocytes	1301	203/2624	0/1	0	0	inf
SRX7141992	TFs and others	O-GlcNAc	Adipocyte	Adipocytes	1132	166/2624	0/1	0	0	inf
SRX716555	TFs and others	YAP1	Neural	SF268	16370	327/2624	0/1	0	0	inf
SRX716556	TFs and others	YAP1	Neural	SF268	9209	321/2624	0/1	0	0	inf
SRX716558	TFs and others	TEAD1	Neural	SF268	20157	99/2624	0/1	0	0	inf
SRX716559	TFs and others	TEAD1	Neural	SF268	15126	30/2624	0/1	0	0	inf
SRX716944	TFs and others	NR3C1	Blood	Macrophages	1949	2/2624	0/1	0	0	inf
SRX7175123	TFs and others	FOXA1	Digestive tract	LS-180	632	40/2624	0/1	0	0	inf
SRX7175126	TFs and others	FOXA1	Digestive tract	LS-180	2132	42/2624	0/1	0	0	inf
SRX717857	TFs and others	EP300	Uterus	HeLa	13009	312/2624	0/1	0	0	inf
SRX717858	TFs and others	EP300	Uterus	HeLa	7080	134/2624	0/1	0	0	inf
SRX717859	TFs and others	EP300	Uterus	HeLa	14403	261/2624	0/1	0	0	inf
SRX717860	TFs and others	EP300	Uterus	HeLa	16121	415/2624	0/1	0	0	inf
SRX718108	TFs and others	SOX9	Pluripotent stem cell	hESC derived pancreatic cells	1382	1/2624	0/1	0	0	inf
SRX718117	TFs and others	FLI1	Bone	SKMNC	1344	29/2624	0/1	0	0	inf
SRX718122	TFs and others	WDR5	Bone	SKMNC	3551	547/2624	0/1	0	0	inf
SRX718420	TFs and others	Epitope tags	Epidermis	501A	33615	363/2624	0/1	0	0	inf
SRX718421	TFs and others	SOX10	Epidermis	501A	1262	2/2624	0/1	0	0	inf
SRX718422	TFs and others	SMARCA4	Epidermis	501A	3122	29/2624	0/1	0	0	inf
SRX718423	TFs and others	SMARCA4	Epidermis	501A	324	1/2624	0/1	0	0	inf
SRX718424	TFs and others	GFP	Epidermis	501A	251	1/2624	0/1	0	0	inf
SRX7196718	TFs and others	BMI1	Neural	SU-DIPG-IV	1135	2/2624	0/1	0	0	inf
SRX7196724	TFs and others	BMI1	Neural	SF8628	3487	82/2624	0/1	0	0	inf
SRX719732	TFs and others	SMARCA4	Epidermis	501A	926	52/2624	0/1	0	0	inf
SRX7202533	TFs and others	CTCF	Uterus	HEC-1-B	8137	157/2624	0/1	0	0	inf
SRX7202534	TFs and others	CTCF	Uterus	HEC-1-B	18752	215/2624	0/1	0	0	inf
SRX7202535	TFs and others	RAD21	Uterus	HEC-1-B	4624	27/2624	0/1	0	0	inf
SRX7202536	TFs and others	CTCF	Uterus	HEC-1-B	156	3/2624	0/1	0	0	inf
SRX7202537	TFs and others	RAD21	Uterus	HEC-1-B	451	5/2624	0/1	0	0	inf
SRX7202538	TFs and others	CTCF	Uterus	HEC-1-B	356	3/2624	0/1	0	0	inf
SRX7202539	TFs and others	CTCF	Uterus	HEC-1-B	45	1/2624	0/1	0	0	inf
SRX7202540	TFs and others	RAD21	Uterus	HEC-1-B	451	6/2624	0/1	0	0	inf
SRX7202541	TFs and others	CTCF	Uterus	HEC-1-B	22702	278/2624	0/1	0	0	inf
SRX7202542	TFs and others	CTCF	Uterus	HEC-1-B	15189	188/2624	0/1	0	0	inf
SRX7202543	TFs and others	CTCF	Uterus	HEC-1-B	14117	186/2624	0/1	0	0	inf
SRX7202544	TFs and others	CTCF	Uterus	HEC-1-B	8594	120/2624	0/1	0	0	inf
SRX7202545	TFs and others	RAD21	Uterus	HEC-1-B	4554	49/2624	0/1	0	0	inf
SRX7202546	TFs and others	CTCF	Uterus	HEC-1-B	14199	179/2624	0/1	0	0	inf
SRX7202547	TFs and others	CTCF	Uterus	HEC-1-B	20672	308/2624	0/1	0	0	inf
SRX7202548	TFs and others	RAD21	Uterus	HEC-1-B	10323	85/2624	0/1	0	0	inf
SRX7202549	TFs and others	CTCF	Uterus	HEC-1-B	17671	201/2624	0/1	0	0	inf
SRX7202550	TFs and others	CTCF	Uterus	HEC-1-B	25206	284/2624	0/1	0	0	inf
SRX7202551	TFs and others	RAD21	Uterus	HEC-1-B	10855	89/2624	0/1	0	0	inf
SRX7202552	TFs and others	CTCF	Uterus	HEC-1-B	606	4/2624	0/1	0	0	inf
SRX7202553	TFs and others	RAD21	Uterus	HEC-1-B	1935	14/2624	0/1	0	0	inf
SRX7202554	TFs and others	CTCF	Uterus	HEC-1-B	30437	395/2624	0/1	0	0	inf
SRX7202555	TFs and others	CTCF	Uterus	HEC-1-B	20632	238/2624	0/1	0	0	inf
SRX7202556	TFs and others	CTCF	Uterus	HEC-1-B	10146	83/2624	0/1	0	0	inf
SRX7202557	TFs and others	CTCF	Uterus	HEC-1-B	11963	164/2624	0/1	0	0	inf
SRX7202558	TFs and others	CTCF	Uterus	HEC-1-B	24761	311/2624	0/1	0	0	inf
SRX7202559	TFs and others	CTCF	Blood	K-562	27861	355/2624	0/1	0	0	inf
SRX7202560	TFs and others	CTCF	Blood	K-562	26370	415/2624	0/1	0	0	inf
SRX7202561	TFs and others	RAD21	Blood	K-562	20225	204/2624	0/1	0	0	inf
SRX7202562	TFs and others	CTCF	Blood	K-562	21977	293/2624	0/1	0	0	inf
SRX7213063	TFs and others	PAF1	Bone	U2OS	1020	55/2624	0/1	0	0	inf
SRX7213064	TFs and others	PAF1	Bone	U2OS	378	14/2624	0/1	0	0	inf
SRX7213065	TFs and others	PAF1	Bone	U2OS	3211	312/2624	0/1	0	0	inf
SRX7213066	TFs and others	PAF1	Bone	U2OS	286	12/2624	0/1	0	0	inf
SRX7213067	TFs and others	PAF1	Bone	U2OS	781	63/2624	0/1	0	0	inf
SRX7213076	TFs and others	PAF1	Bone	U2OS	260	12/2624	0/1	0	0	inf
SRX7213077	TFs and others	PAF1	Bone	U2OS	99	8/2624	0/1	0	0	inf
SRX7213078	TFs and others	PAF1	Bone	U2OS	132	4/2624	0/1	0	0	inf
SRX7213079	TFs and others	PAF1	Bone	U2OS	281	7/2624	0/1	0	0	inf
SRX7213080	TFs and others	PAF1	Bone	U2OS	277	13/2624	0/1	0	0	inf
SRX7213081	TFs and others	PAF1	Bone	U2OS	226	7/2624	0/1	0	0	inf
SRX7213082	TFs and others	PAF1	Bone	U2OS	1962	128/2624	0/1	0	0	inf
SRX7213083	TFs and others	PAF1	Bone	U2OS	615	26/2624	0/1	0	0	inf
SRX7214024	TFs and others	CREBBP	Epidermis	Keratinocytes	8268	199/2624	0/1	0	0	inf
SRX7214025	TFs and others	CREBBP	Epidermis	Keratinocytes	14607	356/2624	0/1	0	0	inf
SRX7214026	TFs and others	CREBBP	Epidermis	Keratinocytes	3597	73/2624	0/1	0	0	inf
SRX7214027	TFs and others	CREBBP	Epidermis	Keratinocytes	6617	164/2624	0/1	0	0	inf
SRX7223095	TFs and others	EGR1	Uterus	Endometrial stromal cells	2440	275/2624	0/1	0	0	inf
SRX722348	TFs and others	NIPBL	Blood	RAMOS	4997	277/2624	0/1	0	0	inf
SRX722349	TFs and others	NIPBL	Blood	RAMOS	3773	138/2624	0/1	0	0	inf
SRX7223840	TFs and others	CTCF	Bone	U2OS	11308	185/2624	0/1	0	0	inf
SRX7223841	TFs and others	CTCF	Bone	U2OS	183	1/2624	0/1	0	0	inf
SRX7223842	TFs and others	CTCF	Bone	U2OS	565	1/2624	0/1	0	0	inf
SRX7223843	TFs and others	CTCF	Bone	U2OS	701	1/2624	0/1	0	0	inf
SRX7223844	TFs and others	CTCF	Bone	U2OS	5423	127/2624	0/1	0	0	inf
SRX7223845	TFs and others	CTCF	Bone	U2OS	917	2/2624	0/1	0	0	inf
SRX7223926	TFs and others	Epitope tags	Pluripotent stem cell	hESC derived neural cells	438	1/2624	0/1	0	0	inf
SRX7223927	TFs and others	CHD8	Pluripotent stem cell	hESC derived neural cells	497	1/2624	0/1	0	0	inf
SRX7228373	TFs and others	FANCD2	Digestive tract	HCT 116	879	12/2624	0/1	0	0	inf
SRX7228374	TFs and others	FANCD2	Digestive tract	HCT 116	851	35/2624	0/1	0	0	inf
SRX725586	TFs and others	MYB	Blood	T-ALL	20943	1151/2624	0/1	0	0	inf
SRX725589	TFs and others	TAL1	Blood	T-ALL	22746	148/2624	0/1	0	0	inf
SRX7262405	TFs and others	FOXA1	Others	Bladder cancer	1510	23/2624	0/1	0	0	inf
SRX7262406	TFs and others	FOXA1	Others	Bladder cancer	11986	216/2624	0/1	0	0	inf
SRX7262407	TFs and others	FOXA1	Others	Bladder cancer	9214	177/2624	0/1	0	0	inf
SRX7262408	TFs and others	FOXA1	Others	Bladder cancer	7178	135/2624	0/1	0	0	inf
SRX7262409	TFs and others	FOXA1	Others	Bladder cancer	9702	157/2624	0/1	0	0	inf
SRX7262410	TFs and others	FOXA1	Others	Bladder cancer	5048	87/2624	0/1	0	0	inf
SRX7262411	TFs and others	FOXA1	Others	Bladder cancer	6941	145/2624	0/1	0	0	inf
SRX7262412	TFs and others	FOXA1	Others	Bladder cancer	9203	244/2624	0/1	0	0	inf
SRX7262415	TFs and others	FOXA1	Others	Bladder cancer	7449	148/2624	0/1	0	0	inf
SRX7262416	TFs and others	FOXA1	Others	Bladder cancer	10367	210/2624	0/1	0	0	inf
SRX7262417	TFs and others	FOXA1	Others	Bladder cancer	7581	152/2624	0/1	0	0	inf
SRX7262418	TFs and others	FOXA1	Others	Bladder cancer	7292	175/2624	0/1	0	0	inf
SRX7262419	TFs and others	FOXA1	Others	Bladder cancer	3996	84/2624	0/1	0	0	inf
SRX7262420	TFs and others	FOXA1	Others	Bladder cancer	12453	228/2624	0/1	0	0	inf
SRX7262421	TFs and others	FOXA1	Others	Bladder cancer	4186	76/2624	0/1	0	0	inf
SRX7262422	TFs and others	FOXA1	Others	Bladder cancer	10756	196/2624	0/1	0	0	inf
SRX7262856	TFs and others	AR	Breast	Breast cancer cells	1133	1/2624	0/1	0	0	inf
SRX7262857	TFs and others	AR	Breast	Breast cancer cells	11534	33/2624	0/1	0	0	inf
SRX7262858	TFs and others	AR	Breast	Breast cancer cells	8348	24/2624	0/1	0	0	inf
SRX7262874	TFs and others	EP300	Breast	ZR-75-1	8783	51/2624	0/1	0	0	inf
SRX7262875	TFs and others	EP300	Breast	ZR-75-1	11606	75/2624	0/1	0	0	inf
SRX7262876	TFs and others	EP300	Breast	ZR-75-1	10125	12/2624	0/1	0	0	inf
SRX7268458	TFs and others	KLF15	Bone	A-673	589	54/2624	0/1	0	0	inf
SRX7268459	TFs and others	NKX2-2	Bone	A-673	3413	110/2624	0/1	0	0	inf
SRX7268460	TFs and others	TCF4	Bone	A-673	4148	115/2624	0/1	0	0	inf
SRX7268483	TFs and others	NFE2L2	Lung	A549	290	2/2624	0/1	0	0	inf
SRX7276675	TFs and others	Epitope tags	Kidney	293	27996	125/2624	0/1	0	0	inf
SRX7276677	TFs and others	Epitope tags	Kidney	293	25291	181/2624	0/1	0	0	inf
SRX7276679	TFs and others	Epitope tags	Kidney	293	15177	66/2624	0/1	0	0	inf
SRX7276892	TFs and others	TOP2B	Breast	MCF-7	625	7/2624	0/1	0	0	inf
SRX7276893	TFs and others	TOP2B	Breast	MCF-7	426	3/2624	0/1	0	0	inf
SRX7277171	TFs and others	LMNA	Others	GM07492	352	1/2624	0/1	0	0	inf
SRX7277172	TFs and others	LMNA	Others	Fibroblasts	674	1/2624	0/1	0	0	inf
SRX7277173	TFs and others	LMNA	Others	GM07492	376	1/2624	0/1	0	0	inf
SRX7277174	TFs and others	LMNA	Others	Fibroblasts	420	1/2624	0/1	0	0	inf
SRX7277179	TFs and others	JUN	Others	Fibroblasts	2519	42/2624	0/1	0	0	inf
SRX7277180	TFs and others	JUN	Others	GM07492	17042	167/2624	0/1	0	0	inf
SRX7277181	TFs and others	LMNA	Unclassified	Unclassified	465	1/2624	0/1	0	0	inf
SRX7277182	TFs and others	LMNA	Unclassified	Unclassified	521	1/2624	0/1	0	0	inf
SRX7277183	TFs and others	LMNA	Unclassified	Unclassified	410	1/2624	0/1	0	0	inf
SRX7277184	TFs and others	LMNA	Unclassified	Unclassified	471	1/2624	0/1	0	0	inf
SRX7277185	TFs and others	LMNA	Unclassified	Unclassified	449	1/2624	0/1	0	0	inf
SRX7277186	TFs and others	LMNA	Unclassified	Unclassified	1517	14/2624	0/1	0	0	inf
SRX7277187	TFs and others	LMNA	Unclassified	Unclassified	554	1/2624	0/1	0	0	inf
SRX7277188	TFs and others	LMNA	Unclassified	Unclassified	513	1/2624	0/1	0	0	inf
SRX7277189	TFs and others	LMNA	Unclassified	Unclassified	470	1/2624	0/1	0	0	inf
SRX7277190	TFs and others	LMNA	Unclassified	Unclassified	556	1/2624	0/1	0	0	inf
SRX7277191	TFs and others	LMNA	Unclassified	Unclassified	486	1/2624	0/1	0	0	inf
SRX7277192	TFs and others	LMNA	Unclassified	Unclassified	441	1/2624	0/1	0	0	inf
SRX7277193	TFs and others	LMNA	Unclassified	Unclassified	443	1/2624	0/1	0	0	inf
SRX7277194	TFs and others	LMNA	Unclassified	Unclassified	469	1/2624	0/1	0	0	inf
SRX7277197	TFs and others	LMNA	Unclassified	Unclassified	431	1/2624	0/1	0	0	inf
SRX7277198	TFs and others	LMNA	Unclassified	Unclassified	427	1/2624	0/1	0	0	inf
SRX7277199	TFs and others	LMNA	Unclassified	Unclassified	412	1/2624	0/1	0	0	inf
SRX7277200	TFs and others	LMNA	Unclassified	Unclassified	406	1/2624	0/1	0	0	inf
SRX7280994	TFs and others	IKZF1	Blood	JM1	337	5/2624	0/1	0	0	inf
SRX7280995	TFs and others	IKZF1	Blood	JM1	1424	237/2624	0/1	0	0	inf
SRX7280996	TFs and others	IKZF1	Blood	REH	1837	186/2624	0/1	0	0	inf
SRX7280997	TFs and others	IKZF1	Blood	697	550	2/2624	0/1	0	0	inf
SRX7282934	TFs and others	ESR1	Breast	ZR-75-1	3257	19/2624	0/1	0	0	inf
SRX7282935	TFs and others	ESR1	Breast	ZR-75-1	3341	18/2624	0/1	0	0	inf
SRX7282936	TFs and others	ESR1	Breast	ZR-75-1	3035	15/2624	0/1	0	0	inf
SRX7283264	TFs and others	ZBED2	Pancreas	SUIT-2	376	1/2624	0/1	0	0	inf
SRX7283265	TFs and others	ZBED2	Pancreas	SUIT-2	2109	235/2624	0/1	0	0	inf
SRX7283267	TFs and others	IRF1	Pancreas	AsPC-1	2516	47/2624	0/1	0	0	inf
SRX7283269	TFs and others	IRF1	Pancreas	AsPC-1	3903	66/2624	0/1	0	0	inf
SRX7283270	TFs and others	ZBED2	Pancreas	AsPC-1	546	1/2624	0/1	0	0	inf
SRX7283271	TFs and others	IRF1	Pancreas	AsPC-1	3067	61/2624	0/1	0	0	inf
SRX728762	TFs and others	PAF1	Blood	THP-1	797	22/2624	0/1	0	0	inf
SRX728768	TFs and others	PAF1	Blood	THP-1	579	3/2624	0/1	0	0	inf
SRX728769	TFs and others	CDC73	Blood	THP-1	980	36/2624	0/1	0	0	inf
SRX728770	TFs and others	LEO1	Blood	THP-1	1086	19/2624	0/1	0	0	inf
SRX728771	TFs and others	CTR9	Blood	THP-1	392	1/2624	0/1	0	0	inf
SRX728775	TFs and others	LEO1	Blood	THP-1	461	3/2624	0/1	0	0	inf
SRX728776	TFs and others	LEO1	Blood	THP-1	442	1/2624	0/1	0	0	inf
SRX728777	TFs and others	PAF1	Blood	THP-1	905	31/2624	0/1	0	0	inf
SRX728779	TFs and others	CDK9	Blood	THP-1	5867	493/2624	0/1	0	0	inf
SRX728780	TFs and others	CDK9	Blood	THP-1	5777	488/2624	0/1	0	0	inf
SRX728785	TFs and others	PAF1	Blood	CCRF-CEM	449	1/2624	0/1	0	0	inf
SRX728786	TFs and others	PAF1	Blood	CCRF-CEM	213	1/2624	0/1	0	0	inf
SRX728789	TFs and others	CDK12	Blood	THP-1	627	1/2624	0/1	0	0	inf
SRX728790	TFs and others	CDK12	Blood	THP-1	526	1/2624	0/1	0	0	inf
SRX729712	TFs and others	OTX2	Pluripotent stem cell	hESC derived neural cells	312	9/2624	0/1	0	0	inf
SRX729713	TFs and others	OTX2	Pluripotent stem cell	hESC derived neural cells	37	1/2624	0/1	0	0	inf
SRX7299247	TFs and others	NFE2L2	Kidney	WT 9-12	461	3/2624	0/1	0	0	inf
SRX7299248	TFs and others	EP300	Kidney	WT 9-12	224	3/2624	0/1	0	0	inf
SRX7299255	TFs and others	NFE2L2	Kidney	WT 9-12	850	5/2624	0/1	0	0	inf
SRX7299256	TFs and others	EP300	Kidney	WT 9-12	334	7/2624	0/1	0	0	inf
SRX7299258	TFs and others	EP300	Kidney	WT 9-12	174	1/2624	0/1	0	0	inf
SRX7299332	TFs and others	TCF21	Cardiovascular	Coronary artery smooth muscle	29997	631/2624	0/1	0	0	inf
SRX7299431	TFs and others	Epitope tags	Uterus	HeLa	434	1/2624	0/1	0	0	inf
SRX730425	TFs and others	ESR1	Breast	MCF-7	851	8/2624	0/1	0	0	inf
SRX730426	TFs and others	ESR1	Breast	MCF-7	4723	33/2624	0/1	0	0	inf
SRX730427	TFs and others	NCAPG	Breast	MCF-7	258	1/2624	0/1	0	0	inf
SRX730428	TFs and others	NCAPG	Breast	MCF-7	1659	11/2624	0/1	0	0	inf
SRX730429	TFs and others	NCAPG	Breast	MCF-7	301	1/2624	0/1	0	0	inf
SRX730430	TFs and others	NCAPG	Breast	MCF-7	1571	8/2624	0/1	0	0	inf
SRX730431	TFs and others	NCAPG	Breast	MCF-7	64	1/2624	0/1	0	0	inf
SRX730432	TFs and others	NCAPG	Breast	MCF-7	254	1/2624	0/1	0	0	inf
SRX730433	TFs and others	NCAPG	Breast	MCF-7	128	1/2624	0/1	0	0	inf
SRX730434	TFs and others	NCAPG	Breast	MCF-7	278	1/2624	0/1	0	0	inf
SRX730435	TFs and others	NCAPG2	Breast	MCF-7	355	1/2624	0/1	0	0	inf
SRX730436	TFs and others	NCAPG2	Breast	MCF-7	3222	21/2624	0/1	0	0	inf
SRX730437	TFs and others	NCAPG	Breast	MCF-7	771	47/2624	0/1	0	0	inf
SRX730438	TFs and others	NCAPG	Breast	MCF-7	1143	49/2624	0/1	0	0	inf
SRX730439	TFs and others	HECTD1	Breast	MCF-7	137	6/2624	0/1	0	0	inf
SRX730440	TFs and others	HECTD1	Breast	MCF-7	488	1/2624	0/1	0	0	inf
SRX730441	TFs and others	EP300	Breast	MCF-7	412	20/2624	0/1	0	0	inf
SRX730443	TFs and others	EP300	Breast	MCF-7	276	1/2624	0/1	0	0	inf
SRX730444	TFs and others	EP300	Breast	MCF-7	884	13/2624	0/1	0	0	inf
SRX730445	TFs and others	EP300	Breast	MCF-7	465	5/2624	0/1	0	0	inf
SRX730450	TFs and others	ESR1	Breast	MCF-7	8251	53/2624	0/1	0	0	inf
SRX730451	TFs and others	ESR1	Breast	MCF-7	4338	32/2624	0/1	0	0	inf
SRX730452	TFs and others	ESR1	Breast	MCF-7	1057	5/2624	0/1	0	0	inf
SRX730453	TFs and others	ESR1	Breast	MCF-7	1531	7/2624	0/1	0	0	inf
SRX730454	TFs and others	NCAPG	Breast	MCF-7	261	1/2624	0/1	0	0	inf
SRX730455	TFs and others	NCAPG	Breast	MCF-7	232	1/2624	0/1	0	0	inf
SRX731025	TFs and others	TLX1	Blood	ALL-SIL	6525	92/2624	0/1	0	0	inf
SRX731134	TFs and others	YAP1	Liver	CC-LP-1	139	1/2624	0/1	0	0	inf
SRX731135	TFs and others	TEAD1	Liver	CC-LP-1	1014	16/2624	0/1	0	0	inf
SRX731138	TFs and others	Biotin	Liver	CC-LP-1	889	1/2624	0/1	0	0	inf
SRX731139	TFs and others	YAP1	Liver	CC-LP-1	815	1/2624	0/1	0	0	inf
SRX731141	TFs and others	YAP1	Lung	NCI-H69	394	1/2624	0/1	0	0	inf
SRX731142	TFs and others	YAP1	Lung	NCI-H69	346	1/2624	0/1	0	0	inf
SRX731143	TFs and others	TEAD1	Lung	NCI-H69	2117	25/2624	0/1	0	0	inf
SRX732509	TFs and others	KDM3A	Blood	Jurkat	6080	1/2624	0/1	0	0	inf
SRX732510	TFs and others	KDM3A	Blood	Jurkat	10821	1/2624	0/1	0	0	inf
SRX732511	TFs and others	KDM3A	Blood	Jurkat	9071	1/2624	0/1	0	0	inf
SRX7341865	TFs and others	TOP2A	Others	hTERT RPE-1	531	1/2624	0/1	0	0	inf
SRX7341866	TFs and others	TOP2A	Others	hTERT RPE-1	463	1/2624	0/1	0	0	inf
SRX734307	TFs and others	FOXM1	Breast	HMEC	186	2/2624	0/1	0	0	inf
SRX734308	TFs and others	MYBL2	Breast	HMEC	172	2/2624	0/1	0	0	inf
SRX734338	TFs and others	CHD8	Breast	T-47D	704	78/2624	0/1	0	0	inf
SRX734339	TFs and others	CHD8	Breast	T-47D	19427	2/2624	0/1	0	0	inf
SRX734340	TFs and others	CHD8	Breast	T-47D	59566	7/2624	0/1	0	0	inf
SRX734341	TFs and others	CHD8	Breast	T-47D	25557	4/2624	0/1	0	0	inf
SRX734342	TFs and others	CHD8	Breast	T-47D	47130	4/2624	0/1	0	0	inf
SRX735139	TFs and others	Epitope tags	Uterus	Endometrial stromal cells	1943	6/2624	0/1	0	0	inf
SRX735289	TFs and others	TBX21	Blood	Th1 Cells	9640	474/2624	0/1	0	0	inf
SRX7359956	TFs and others	TWIST1	Liver	PLC/PRF/5	257	1/2624	0/1	0	0	inf
SRX7359957	TFs and others	TWIST1	Liver	PLC/PRF/5	233	2/2624	0/1	0	0	inf
SRX7359958	TFs and others	TWIST1	Liver	PLC/PRF/5	147	1/2624	0/1	0	0	inf
SRX7359959	TFs and others	YY1	Liver	PLC/PRF/5	131	1/2624	0/1	0	0	inf
SRX736053	TFs and others	AR	Prostate	LNCAP	225	3/2624	0/1	0	0	inf
SRX736054	TFs and others	AR	Prostate	LNCAP	6890	13/2624	0/1	0	0	inf
SRX736065	TFs and others	AR	Prostate	LNCAP	18339	23/2624	0/1	0	0	inf
SRX736066	TFs and others	AR	Prostate	LNCAP	13322	16/2624	0/1	0	0	inf
SRX736067	TFs and others	FOXP1	Prostate	LNCAP	2583	9/2624	0/1	0	0	inf
SRX736068	TFs and others	FOXP1	Prostate	LNCAP	1159	5/2624	0/1	0	0	inf
SRX736070	TFs and others	RUNX1	Prostate	LNCAP	440	1/2624	0/1	0	0	inf
SRX736071	TFs and others	RUNX1	Prostate	LNCAP	477	1/2624	0/1	0	0	inf
SRX736072	TFs and others	EZH2	Prostate	LNCAP	503	1/2624	0/1	0	0	inf
SRX736074	TFs and others	AR	Prostate	LNCAP	7170	11/2624	0/1	0	0	inf
SRX736075	TFs and others	AR	Prostate	LNCAP	3482	5/2624	0/1	0	0	inf
SRX736201	TFs and others	BRD4	Neural	90-8TL	11473	193/2624	0/1	0	0	inf
SRX736204	TFs and others	BRD4	Neural	90-8TL	3508	219/2624	0/1	0	0	inf
SRX7366775	TFs and others	KDM5C	Breast	MCF-7	317	3/2624	0/1	0	0	inf
SRX7366776	TFs and others	KDM5C	Breast	MCF-7	341	2/2624	0/1	0	0	inf
SRX7366777	TFs and others	ZMYND8	Breast	MCF-7	4200	331/2624	0/1	0	0	inf
SRX7366778	TFs and others	ZMYND8	Breast	MCF-7	5309	431/2624	0/1	0	0	inf
SRX7366779	TFs and others	CDK9	Breast	MCF-7	376	2/2624	0/1	0	0	inf
SRX7366780	TFs and others	CDK9	Breast	MCF-7	327	1/2624	0/1	0	0	inf
SRX7366781	TFs and others	CDK9	Breast	MCF-7	437	2/2624	0/1	0	0	inf
SRX7366782	TFs and others	CDK9	Breast	MCF-7	305	2/2624	0/1	0	0	inf
SRX7366783	TFs and others	CDK9	Breast	MCF-7	436	2/2624	0/1	0	0	inf
SRX7366784	TFs and others	CDK9	Breast	MCF-7	352	1/2624	0/1	0	0	inf
SRX7368251	TFs and others	MITF	Epidermis	Hermes 3C	5111	125/2624	0/1	0	0	inf
SRX7368252	TFs and others	MITF	Epidermis	Hermes 3C	27536	787/2624	0/1	0	0	inf
SRX7368255	TFs and others	MITF	Epidermis	Hermes 3C	69558	900/2624	0/1	0	0	inf
SRX7368256	TFs and others	MITF	Epidermis	Hermes 3C	48664	794/2624	0/1	0	0	inf
SRX7371434	TFs and others	TP53	Pluripotent stem cell	hESC derived endodermal cells	3206	16/2624	0/1	0	0	inf
SRX7371435	TFs and others	TP53	Pluripotent stem cell	hESC derived endodermal cells	3490	15/2624	0/1	0	0	inf
SRX7371436	TFs and others	TP53	Pluripotent stem cell	hESC derived endodermal cells	501	2/2624	0/1	0	0	inf
SRX7371437	TFs and others	TP53	Pluripotent stem cell	hESC derived endodermal cells	485	1/2624	0/1	0	0	inf
SRX7371438	TFs and others	TP53	Pluripotent stem cell	hESC derived mesodermal cells	3875	23/2624	0/1	0	0	inf
SRX7371439	TFs and others	TP53	Pluripotent stem cell	hESC derived mesodermal cells	1064	6/2624	0/1	0	0	inf
SRX7371440	TFs and others	TP53	Pluripotent stem cell	hESC derived mesodermal cells	497	2/2624	0/1	0	0	inf
SRX7371441	TFs and others	TP53	Pluripotent stem cell	hESC derived mesodermal cells	444	2/2624	0/1	0	0	inf
SRX7371442	TFs and others	TP53	Pluripotent stem cell	hESC derived ectodermal cells	1953	12/2624	0/1	0	0	inf
SRX7371443	TFs and others	TP53	Pluripotent stem cell	hESC derived ectodermal cells	1914	11/2624	0/1	0	0	inf
SRX7371444	TFs and others	TP53	Pluripotent stem cell	hESC derived ectodermal cells	1461	5/2624	0/1	0	0	inf
SRX7371445	TFs and others	TP53	Pluripotent stem cell	hESC derived ectodermal cells	1396	5/2624	0/1	0	0	inf
SRX738218	TFs and others	HOXA9	Kidney	293	81	1/2624	0/1	0	0	inf
SRX738220	TFs and others	NUP98	Kidney	293	631	1/2624	0/1	0	0	inf
SRX7396389	TFs and others	CTCF	Blood	BLaER1	30930	515/2624	0/1	0	0	inf
SRX7396390	TFs and others	CTCF	Blood	BLaER1	27760	503/2624	0/1	0	0	inf
SRX7396391	TFs and others	CTCF	Blood	BLaER1	29097	512/2624	0/1	0	0	inf
SRX7396392	TFs and others	CTCF	Blood	BLaER1	32912	544/2624	0/1	0	0	inf
SRX7396393	TFs and others	CTCF	Blood	BLaER1	34214	579/2624	0/1	0	0	inf
SRX7396394	TFs and others	CTCF	Blood	BLaER1	32492	557/2624	0/1	0	0	inf
SRX7396395	TFs and others	CTCF	Blood	BLaER1	21948	428/2624	0/1	0	0	inf
SRX7396396	TFs and others	CTCF	Blood	BLaER1	25987	485/2624	0/1	0	0	inf
SRX7396397	TFs and others	CTCF	Blood	Leukemia cell line	12684	336/2624	0/1	0	0	inf
SRX7396398	TFs and others	CTCF	Blood	Leukemia cell line	4907	95/2624	0/1	0	0	inf
SRX7397470	TFs and others	CEBPB	Blood	U-937	153	3/2624	0/1	0	0	inf
SRX7397471	TFs and others	CEBPB	Blood	U-937	141	3/2624	0/1	0	0	inf
SRX7397472	TFs and others	IRF1	Blood	U-937	169	23/2624	0/1	0	0	inf
SRX7397473	TFs and others	IRF1	Blood	U-937	147	26/2624	0/1	0	0	inf
SRX7398045	TFs and others	STAT2	Prostate	LNCAP	196	1/2624	0/1	0	0	inf
SRX7398053	TFs and others	STAT2	Prostate	LNCAP	232	2/2624	0/1	0	0	inf
SRX7398059	TFs and others	FOXA1	Prostate	LNCAP	36904	171/2624	0/1	0	0	inf
SRX7398280	TFs and others	LDB1	Blood	K-562	3020	4/2624	0/1	0	0	inf
SRX7398281	TFs and others	CBFA2T3	Blood	K-562	3123	5/2624	0/1	0	0	inf
SRX7398283	TFs and others	LDB1	Blood	K-562	7588	10/2624	0/1	0	0	inf
SRX7398284	TFs and others	CBFA2T3	Blood	K-562	2878	4/2624	0/1	0	0	inf
SRX7405963	TFs and others	ESR1	Breast	ZR-75-1	1087	3/2624	0/1	0	0	inf
SRX7405964	TFs and others	ESR1	Breast	ZR-75-1	1185	4/2624	0/1	0	0	inf
SRX7415623	TFs and others	NEIL1	Digestive tract	HCT 116	422	1/2624	0/1	0	0	inf
SRX7415624	TFs and others	NEIL1	Digestive tract	HCT 116	408	1/2624	0/1	0	0	inf
SRX7415625	TFs and others	NEIL1	Digestive tract	HCT 116	435	1/2624	0/1	0	0	inf
SRX7427135	TFs and others	SMC3	Blood	CUTLL1	14389	112/2624	0/1	0	0	inf
SRX7427136	TFs and others	SMC3	Blood	CUTLL1	13296	106/2624	0/1	0	0	inf
SRX7427506	TFs and others	ESR1	Breast	MCF-7	7834	161/2624	0/1	0	0	inf
SRX7427508	TFs and others	ESR1	Breast	MCF-7	16958	192/2624	0/1	0	0	inf
SRX7427510	TFs and others	ESR1	Breast	MCF-7	13067	421/2624	0/1	0	0	inf
SRX7427512	TFs and others	ESR1	Breast	MCF-7	32239	321/2624	0/1	0	0	inf
SRX7428070	TFs and others	XBP1	Blood	Plasmablasts	662	107/2624	0/1	0	0	inf
SRX7428073	TFs and others	CTCF	Blood	Memory B cells	35862	710/2624	0/1	0	0	inf
SRX7428079	TFs and others	IRF4	Blood	Memory B cells	2013	159/2624	0/1	0	0	inf
SRX743524	TFs and others	FOXP1	Neural	OF4155	937	1/2624	0/1	0	0	inf
SRX743525	TFs and others	Epitope tags	Neural	OF4155	581	1/2624	0/1	0	0	inf
SRX7435326	TFs and others	AR	Digestive tract	KYSE-410	487	1/2624	0/1	0	0	inf
SRX7435327	TFs and others	AR	Digestive tract	KYSE-410	511	1/2624	0/1	0	0	inf
SRX7435328	TFs and others	AR	Digestive tract	KYSE-410	481	1/2624	0/1	0	0	inf
SRX7435329	TFs and others	AR	Digestive tract	KYSE-410	494	1/2624	0/1	0	0	inf
SRX7435330	TFs and others	AR	Digestive tract	KYSE-410	476	1/2624	0/1	0	0	inf
SRX7435331	TFs and others	AR	Digestive tract	KYSE-410	506	1/2624	0/1	0	0	inf
SRX7435332	TFs and others	AR	Digestive tract	KYSE-410	458	1/2624	0/1	0	0	inf
SRX7435333	TFs and others	AR	Digestive tract	KYSE-410	520	1/2624	0/1	0	0	inf
SRX7450581	TFs and others	CTSG	Blood	U-937	836	1/2624	0/1	0	0	inf
SRX7450582	TFs and others	PRTN3	Blood	U-937	640	1/2624	0/1	0	0	inf
SRX7450583	TFs and others	ELANE	Blood	U-937	811	1/2624	0/1	0	0	inf
SRX7451118	TFs and others	Epitope tags	Lung	A549	1279	1/2624	0/1	0	0	inf
SRX7451120	TFs and others	EZH2	Lung	A549	689	1/2624	0/1	0	0	inf
SRX7451121	TFs and others	EZH2	Lung	A549	837	1/2624	0/1	0	0	inf
SRX747571	TFs and others	RUNX1	Blood	Kasumi-1	8404	345/2624	0/1	0	0	inf
SRX747572	TFs and others	RUNX1T1	Blood	Kasumi-1	15203	452/2624	0/1	0	0	inf
SRX747573	TFs and others	NCOR1	Blood	Kasumi-1	7397	166/2624	0/1	0	0	inf
SRX747574	TFs and others	EP300	Blood	Kasumi-1	8096	852/2624	0/1	0	0	inf
SRX747775	TFs and others	ESR1	Breast	MCF-7	353	3/2624	0/1	0	0	inf
SRX747776	TFs and others	ESR1	Breast	MCF-7	393	1/2624	0/1	0	0	inf
SRX747777	TFs and others	ESR1	Breast	MCF-7	7454	34/2624	0/1	0	0	inf
SRX747778	TFs and others	ESR1	Breast	MCF-7	8209	35/2624	0/1	0	0	inf
SRX747779	TFs and others	ESR1	Breast	MCF-7	273	2/2624	0/1	0	0	inf
SRX747780	TFs and others	ESR1	Breast	MCF-7	406	4/2624	0/1	0	0	inf
SRX747781	TFs and others	ESR1	Breast	MCF-7	5626	34/2624	0/1	0	0	inf
SRX747782	TFs and others	ESR1	Breast	MCF-7	7005	37/2624	0/1	0	0	inf
SRX747783	TFs and others	RELA	Breast	MCF-7	436	65/2624	0/1	0	0	inf
SRX747789	TFs and others	RELA	Breast	MCF-7	414	50/2624	0/1	0	0	inf
SRX747790	TFs and others	RELA	Breast	MCF-7	567	66/2624	0/1	0	0	inf
SRX747791	TFs and others	FOXA1	Breast	MCF-7	5372	54/2624	0/1	0	0	inf
SRX747792	TFs and others	FOXA1	Breast	MCF-7	7010	88/2624	0/1	0	0	inf
SRX747793	TFs and others	FOXA1	Breast	MCF-7	5693	52/2624	0/1	0	0	inf
SRX747794	TFs and others	FOXA1	Breast	MCF-7	8537	91/2624	0/1	0	0	inf
SRX747795	TFs and others	FOXA1	Breast	MCF-7	7697	83/2624	0/1	0	0	inf
SRX747796	TFs and others	FOXA1	Breast	MCF-7	6199	83/2624	0/1	0	0	inf
SRX747797	TFs and others	FOXA1	Breast	MCF-7	3820	36/2624	0/1	0	0	inf
SRX747798	TFs and others	FOXA1	Breast	MCF-7	7263	72/2624	0/1	0	0	inf
SRX747801	TFs and others	ESR1	Breast	MCF-7	7462	78/2624	0/1	0	0	inf
SRX747802	TFs and others	ESR1	Breast	MCF-7	3344	21/2624	0/1	0	0	inf
SRX747805	TFs and others	ESR1	Breast	MCF-7	7928	34/2624	0/1	0	0	inf
SRX747806	TFs and others	ESR1	Breast	MCF-7	3016	15/2624	0/1	0	0	inf
SRX748420	TFs and others	HNF4A	Digestive tract	HCT 116	353	6/2624	0/1	0	0	inf
SRX748421	TFs and others	TCF7L2	Digestive tract	HCT 116	1387	23/2624	0/1	0	0	inf
SRX748422	TFs and others	TCF7L2	Digestive tract	HCT 116	321	4/2624	0/1	0	0	inf
SRX748423	TFs and others	TCF7L2	Digestive tract	HCT 116	584	8/2624	0/1	0	0	inf
SRX748424	TFs and others	TCF7L2	Digestive tract	HCT 116	655	9/2624	0/1	0	0	inf
SRX748425	TFs and others	HNF4A	Digestive tract	HCT 116	515	13/2624	0/1	0	0	inf
SRX748426	TFs and others	HNF4A	Digestive tract	HCT 116	599	8/2624	0/1	0	0	inf
SRX748427	TFs and others	TCF7L2	Digestive tract	HCT 116	1145	19/2624	0/1	0	0	inf
SRX748428	TFs and others	TCF7L2	Digestive tract	HCT 116	349	6/2624	0/1	0	0	inf
SRX748429	TFs and others	TCF7L2	Digestive tract	HCT 116	718	13/2624	0/1	0	0	inf
SRX748430	TFs and others	TCF7L2	Digestive tract	HCT 116	475	6/2624	0/1	0	0	inf
SRX748433	TFs and others	HNF4A	Digestive tract	HCT 116	6924	119/2624	0/1	0	0	inf
SRX748434	TFs and others	HNF4A	Digestive tract	HCT 116	2991	50/2624	0/1	0	0	inf
SRX749133	TFs and others	BRD4	Blood	GM12878	273	3/2624	0/1	0	0	inf
SRX7493847	TFs and others	DLX5	Digestive tract	KYSE-140	506	19/2624	0/1	0	0	inf
SRX7493848	TFs and others	TP63	Digestive tract	KYSE-140	11176	84/2624	0/1	0	0	inf
SRX7493850	TFs and others	DLX5	Others	CAL 27	2402	220/2624	0/1	0	0	inf
SRX7494161	TFs and others	HIF1A	Blood	K-562	379	2/2624	0/1	0	0	inf
SRX7494162	TFs and others	HIF1A	Blood	K-562	753	4/2624	0/1	0	0	inf
SRX7494163	TFs and others	HIF1A	Blood	K-562	1161	16/2624	0/1	0	0	inf
SRX7494164	TFs and others	HIF1A	Blood	K-562	950	20/2624	0/1	0	0	inf
SRX7498494	TFs and others	CTCF	Others	93-VU147T	21445	197/2624	0/1	0	0	inf
SRX7498495	TFs and others	CTCF	Uterus	Ca Ski	835	5/2624	0/1	0	0	inf
SRX7498496	TFs and others	CTCF	Others	HMS001	7218	94/2624	0/1	0	0	inf
SRX7498497	TFs and others	CTCF	Others	SCC090	316	1/2624	0/1	0	0	inf
SRX7498498	TFs and others	CTCF	Uterus	SiHa	28499	239/2624	0/1	0	0	inf
SRX7498500	TFs and others	CTCF	Others	93-VU147T	2864	20/2624	0/1	0	0	inf
SRX7498502	TFs and others	CTCF	Uterus	Ca Ski	17898	127/2624	0/1	0	0	inf
SRX7498504	TFs and others	CTCF	Others	HMS001	4906	57/2624	0/1	0	0	inf
SRX7498506	TFs and others	CTCF	Others	SCC090	26520	262/2624	0/1	0	0	inf
SRX7498508	TFs and others	CTCF	Uterus	SiHa	678	4/2624	0/1	0	0	inf
SRX7498509	TFs and others	CTCF	Others	93-VU147T	27581	269/2624	0/1	0	0	inf
SRX7498510	TFs and others	CTCF	Uterus	Ca Ski	19928	166/2624	0/1	0	0	inf
SRX7498511	TFs and others	CTCF	Others	HMS001	31275	312/2624	0/1	0	0	inf
SRX7498512	TFs and others	CTCF	Others	SCC090	26321	238/2624	0/1	0	0	inf
SRX7498513	TFs and others	CTCF	Uterus	SiHa	10926	79/2624	0/1	0	0	inf
SRX7512710	TFs and others	AR	Prostate	VCaP	1214	2/2624	0/1	0	0	inf
SRX7512711	TFs and others	AR	Prostate	VCaP	1199	1/2624	0/1	0	0	inf
SRX7512712	TFs and others	AR	Prostate	VCaP	37706	20/2624	0/1	0	0	inf
SRX7512713	TFs and others	AR	Prostate	VCaP	33198	14/2624	0/1	0	0	inf
SRX7512714	TFs and others	AR	Prostate	VCaP	2119	2/2624	0/1	0	0	inf
SRX7512715	TFs and others	AR	Prostate	VCaP	1159	1/2624	0/1	0	0	inf
SRX7512716	TFs and others	AR	Prostate	VCaP	56565	31/2624	0/1	0	0	inf
SRX7512717	TFs and others	AR	Prostate	VCaP	59756	44/2624	0/1	0	0	inf
SRX751297	TFs and others	MED1	Adipocyte	Adipose-Derived Mesenchymal Stem Cells	2886	16/2624	0/1	0	0	inf
SRX751298	TFs and others	MED1	Adipocyte	Adipose-Derived Mesenchymal Stem Cells	8292	33/2624	0/1	0	0	inf
SRX751299	TFs and others	MED1	Adipocyte	Adipose-Derived Mesenchymal Stem Cells	7341	62/2624	0/1	0	0	inf
SRX751300	TFs and others	MED1	Adipocyte	Adipose-Derived Mesenchymal Stem Cells	8536	45/2624	0/1	0	0	inf
SRX751541	TFs and others	NOTCH1	Blood	CD34 Hematopoietic stem cells	540	92/2624	0/1	0	0	inf
SRX7522850	TFs and others	STAT3	Breast	MCF10DCIS.com	1084	36/2624	0/1	0	0	inf
SRX7522851	TFs and others	STAT3	Breast	MCF10DCIS.com	344	11/2624	0/1	0	0	inf
SRX7522852	TFs and others	STAT3	Breast	MCF10DCIS.com	1558	54/2624	0/1	0	0	inf
SRX7522853	TFs and others	BCL9	Breast	MCF10DCIS.com	128	11/2624	0/1	0	0	inf
SRX7522854	TFs and others	BCL9	Breast	MCF10DCIS.com	242	10/2624	0/1	0	0	inf
SRX7522855	TFs and others	BCL9	Breast	MCF10DCIS.com	499	19/2624	0/1	0	0	inf
SRX7522856	TFs and others	STAT3	Breast	MCF10DCIS.com	2671	67/2624	0/1	0	0	inf
SRX7522857	TFs and others	STAT3	Breast	MCF10DCIS.com	2787	69/2624	0/1	0	0	inf
SRX7522858	TFs and others	BCL9	Breast	MCF10DCIS.com	372	22/2624	0/1	0	0	inf
SRX7522859	TFs and others	BCL9	Breast	MCF10DCIS.com	313	21/2624	0/1	0	0	inf
SRX7522861	TFs and others	CTCF	Breast	MCF10DCIS.com	21492	215/2624	0/1	0	0	inf
SRX752908	TFs and others	FOXA1	Prostate	LNCAP	53177	210/2624	0/1	0	0	inf
SRX753133	TFs and others	GTF2I	Pluripotent stem cell	iPS cells	423	1/2624	0/1	0	0	inf
SRX753134	TFs and others	GTF2I	Pluripotent stem cell	iPS cells	786	3/2624	0/1	0	0	inf
SRX753136	TFs and others	GTF2I	Pluripotent stem cell	iPS cells	962	1/2624	0/1	0	0	inf
SRX753137	TFs and others	GTF2I	Pluripotent stem cell	iPS cells	4124	66/2624	0/1	0	0	inf
SRX753138	TFs and others	GTF2I	Pluripotent stem cell	iPS cells	713	2/2624	0/1	0	0	inf
SRX753139	TFs and others	GTF2I	Pluripotent stem cell	iPS cells	1652	17/2624	0/1	0	0	inf
SRX753141	TFs and others	GTF2I	Pluripotent stem cell	iPS cells	5411	23/2624	0/1	0	0	inf
SRX753142	TFs and others	GTF2I	Pluripotent stem cell	iPS cells	8201	27/2624	0/1	0	0	inf
SRX753143	TFs and others	GTF2I	Pluripotent stem cell	iPS cells	7116	18/2624	0/1	0	0	inf
SRX753146	TFs and others	KDM1A	Pluripotent stem cell	iPS cells	203	4/2624	0/1	0	0	inf
SRX753147	TFs and others	GTF2I	Pluripotent stem cell	iPS cells	889	8/2624	0/1	0	0	inf
SRX753148	TFs and others	GTF2I	Pluripotent stem cell	iPS cells	2025	12/2624	0/1	0	0	inf
SRX753151	TFs and others	GTF2I	Pluripotent stem cell	iPS cells	1678	7/2624	0/1	0	0	inf
SRX753152	TFs and others	GTF2I	Pluripotent stem cell	iPS cells	525	1/2624	0/1	0	0	inf
SRX753153	TFs and others	GTF2I	Pluripotent stem cell	iPS cells	809	4/2624	0/1	0	0	inf
SRX753154	TFs and others	GTF2I	Pluripotent stem cell	iPS cells	427	2/2624	0/1	0	0	inf
SRX753312	TFs and others	JUNB	Epidermis	Keratinocytes	86	1/2624	0/1	0	0	inf
SRX7540321	TFs and others	ESR1	Breast	MCF-7	322	2/2624	0/1	0	0	inf
SRX7540322	TFs and others	ESR1	Breast	MCF-7	3902	18/2624	0/1	0	0	inf
SRX7540326	TFs and others	BRD4	Breast	MCF-7	953	33/2624	0/1	0	0	inf
SRX7540327	TFs and others	BRD4	Breast	MCF-7	1368	12/2624	0/1	0	0	inf
SRX7540328	TFs and others	BRD4	Breast	MCF-7	1163	16/2624	0/1	0	0	inf
SRX7544087	TFs and others	ESR1	Uterus	Ishikawa	17282	712/2624	0/1	0	0	inf
SRX7544088	TFs and others	ESR1	Uterus	Ishikawa	10977	279/2624	0/1	0	0	inf
SRX7544089	TFs and others	ESR1	Uterus	Ishikawa	14201	584/2624	0/1	0	0	inf
SRX7544090	TFs and others	ESR1	Uterus	Ishikawa	17830	1062/2624	0/1	0	0	inf
SRX7544092	TFs and others	ESR1	Uterus	Ishikawa	17708	972/2624	0/1	0	0	inf
SRX7544093	TFs and others	ESR1	Uterus	Ishikawa	4910	40/2624	0/1	0	0	inf
SRX754605	TFs and others	LMNB1	Uterus	HeLa	324	1/2624	0/1	0	0	inf
SRX7549660	TFs and others	TFAP2C	Pluripotent stem cell	hESC UCLA1	10942	517/2624	0/1	0	0	inf
SRX7549662	TFs and others	TFAP2C	Pluripotent stem cell	hESC UCLA1	29676	1180/2624	0/1	0	0	inf
SRX7549663	TFs and others	TFAP2C	Pluripotent stem cell	hESC UCLA2	3683	284/2624	0/1	0	0	inf
SRX7549664	TFs and others	TFAP2C	Pluripotent stem cell	hESC UCLA2	7741	588/2624	0/1	0	0	inf
SRX7551093	TFs and others	MRE11A	Uterus	HeLa	571	4/2624	0/1	0	0	inf
SRX7551094	TFs and others	SETD1A	Uterus	HeLa	602	1/2624	0/1	0	0	inf
SRX7551100	TFs and others	MRE11A	Uterus	HeLa	110	2/2624	0/1	0	0	inf
SRX7551101	TFs and others	SETD1A	Uterus	HeLa	1100	5/2624	0/1	0	0	inf
SRX7551103	TFs and others	MRE11A	Uterus	HeLa	453	2/2624	0/1	0	0	inf
SRX7551104	TFs and others	SETD1A	Uterus	HeLa	1348	1/2624	0/1	0	0	inf
SRX7551106	TFs and others	MRE11A	Uterus	HeLa	899	1/2624	0/1	0	0	inf
SRX7551107	TFs and others	SETD1A	Uterus	HeLa	470	3/2624	0/1	0	0	inf
SRX7551108	TFs and others	SETD1A	Uterus	HeLa	1117	1/2624	0/1	0	0	inf
SRX7551109	TFs and others	MRE11A	Uterus	HeLa	1183	3/2624	0/1	0	0	inf
SRX7551111	TFs and others	SETD1A	Uterus	HeLa	2723	1/2624	0/1	0	0	inf
SRX7551112	TFs and others	MRE11A	Uterus	HeLa	1210	1/2624	0/1	0	0	inf
SRX7551115	TFs and others	SETD1A	Uterus	HeLa	657	1/2624	0/1	0	0	inf
SRX7551121	TFs and others	SETD1A	Uterus	HeLa	1509	1/2624	0/1	0	0	inf
SRX7563487	TFs and others	RUNX1	Pluripotent stem cell	iPS cells	608	3/2624	0/1	0	0	inf
SRX7563488	TFs and others	RUNX1	Pluripotent stem cell	iPS cells	799	5/2624	0/1	0	0	inf
SRX7563489	TFs and others	RUNX1	Pluripotent stem cell	iPS cells	404	2/2624	0/1	0	0	inf
SRX7563490	TFs and others	RUNX1	Pluripotent stem cell	iPS cells	637	5/2624	0/1	0	0	inf
SRX7565921	TFs and others	CTCF	Gonad	A2780	1568	59/2624	0/1	0	0	inf
SRX7565922	TFs and others	CTCF	Gonad	A2780	4579	148/2624	0/1	0	0	inf
SRX757045	TFs and others	KDM1A	Neural	SH-SY5Y	1195	204/2624	0/1	0	0	inf
SRX757046	TFs and others	KDM1A	Neural	SH-SY5Y	4810	125/2624	0/1	0	0	inf
SRX757047	TFs and others	SVIL	Neural	SH-SY5Y	374	1/2624	0/1	0	0	inf
SRX757048	TFs and others	SVIL	Neural	SH-SY5Y	616	1/2624	0/1	0	0	inf
SRX7570799	TFs and others	FOXO1	Blood	SU-DHL-4	4448	130/2624	0/1	0	0	inf
SRX7570800	TFs and others	FOXO1	Blood	SU-DHL-4	4402	125/2624	0/1	0	0	inf
SRX7570801	TFs and others	FOXO1	Blood	SU-DHL-4	3456	104/2624	0/1	0	0	inf
SRX7572083	TFs and others	SREBF1	Digestive tract	KYSE-150	1160	70/2624	0/1	0	0	inf
SRX7572085	TFs and others	SREBF1	Digestive tract	TE-5	944	52/2624	0/1	0	0	inf
SRX7572095	TFs and others	KLF5	Digestive tract	TE-5	345	5/2624	0/1	0	0	inf
SRX7572096	TFs and others	MYC	Pancreas	MIA Paca-2	508	1/2624	0/1	0	0	inf
SRX7572097	TFs and others	MYC	Pancreas	MIA Paca-2	947	27/2624	0/1	0	0	inf
SRX7572098	TFs and others	MYC	Pancreas	MIA Paca-2	1044	43/2624	0/1	0	0	inf
SRX7572099	TFs and others	MYC	Pancreas	MIA Paca-2	538	1/2624	0/1	0	0	inf
SRX7572100	TFs and others	MYC	Pancreas	MIA Paca-2	521	1/2624	0/1	0	0	inf
SRX7572101	TFs and others	MYC	Pancreas	MIA Paca-2	763	15/2624	0/1	0	0	inf
SRX757325	TFs and others	YAP1	Lung	H2052	56147	411/2624	0/1	0	0	inf
SRX757326	TFs and others	YAP1	Lung	H2052	49213	275/2624	0/1	0	0	inf
SRX7575886	TFs and others	MYC	Blood	RAJI	760	11/2624	0/1	0	0	inf
SRX7575887	TFs and others	MYC	Blood	RAJI	1131	91/2624	0/1	0	0	inf
SRX758011	TFs and others	AR	Prostate	LNCAP	3209	4/2624	0/1	0	0	inf
SRX758012	TFs and others	MRE11A	Prostate	LNCAP	487	21/2624	0/1	0	0	inf
SRX758013	TFs and others	MRE11A	Prostate	LNCAP	493	21/2624	0/1	0	0	inf
SRX758028	TFs and others	TOP1	Prostate	LNCAP	3314	25/2624	0/1	0	0	inf
SRX758029	TFs and others	TOP1	Prostate	LNCAP	2561	30/2624	0/1	0	0	inf
SRX7580946	TFs and others	AR	Prostate	LNCAP	33981	20/2624	0/1	0	0	inf
SRX7580947	TFs and others	AR	Prostate	LNCAP	13122	189/2624	0/1	0	0	inf
SRX758132	TFs and others	NR3C1	Blood	MM.1S	331	1/2624	0/1	0	0	inf
SRX758133	TFs and others	NR3C1	Blood	MM.1S	2254	19/2624	0/1	0	0	inf
SRX758134	TFs and others	NR3C1	Blood	MM1.RL	351	1/2624	0/1	0	0	inf
SRX758135	TFs and others	NR3C1	Blood	MM1.RL	389	1/2624	0/1	0	0	inf
SRX7582520	TFs and others	BRD4	Muscle	RH-4	1864	42/2624	0/1	0	0	inf
SRX7582521	TFs and others	BRD4	Muscle	RH-4	2133	154/2624	0/1	0	0	inf
SRX758323	TFs and others	MBD2	Breast	HMEC	1028	1/2624	0/1	0	0	inf
SRX758326	TFs and others	MBD2	Breast	HMLE	1018	1/2624	0/1	0	0	inf
SRX7584811	TFs and others	ATF4	Blood	HUDEP-2	2024	24/2624	0/1	0	0	inf
SRX7584812	TFs and others	ATF4	Blood	HUDEP-2	1325	19/2624	0/1	0	0	inf
SRX7584814	TFs and others	ATF4	Blood	HUDEP-2	1292	18/2624	0/1	0	0	inf
SRX7584815	TFs and others	ATF4	Blood	HUDEP-2	1079	15/2624	0/1	0	0	inf
SRX7584817	TFs and others	ATF4	Blood	Erythroblasts	1461	28/2624	0/1	0	0	inf
SRX7584818	TFs and others	ATF4	Blood	Erythroblasts	1587	30/2624	0/1	0	0	inf
SRX758607	TFs and others	FOXP1	Blood	BJAB	1908	1/2624	0/1	0	0	inf
SRX758611	TFs and others	FOXP1	Blood	HT	2212	3/2624	0/1	0	0	inf
SRX758613	TFs and others	FOXP1	Blood	OCI-LY8	990	1/2624	0/1	0	0	inf
SRX758615	TFs and others	FOXP1	Blood	OCI-LY-10	2114	1/2624	0/1	0	0	inf
SRX758617	TFs and others	FOXP1	Blood	OCI-LY-19	1660	1/2624	0/1	0	0	inf
SRX7586660	TFs and others	SOX4	Breast	BT-549	88	6/2624	0/1	0	0	inf
SRX7586661	TFs and others	SOX4	Breast	BT-549	100	2/2624	0/1	0	0	inf
SRX7586662	TFs and others	SOX4	Breast	BT-549	75	2/2624	0/1	0	0	inf
SRX7587157	TFs and others	FOXO1	Bone	Chondrocytes	249	1/2624	0/1	0	0	inf
SRX7587158	TFs and others	FOXO1	Bone	Chondrocytes	450	1/2624	0/1	0	0	inf
SRX7587159	TFs and others	FOXO1	Bone	Chondrocytes	488	2/2624	0/1	0	0	inf
SRX760969	TFs and others	LMNA	Adipocyte	Pre-adipocytes	634	1/2624	0/1	0	0	inf
SRX760970	TFs and others	LMNA	Adipocyte	Pre-adipocytes	381	1/2624	0/1	0	0	inf
SRX760971	TFs and others	LMNA	Adipocyte	Pre-adipocytes	875	1/2624	0/1	0	0	inf
SRX761562	TFs and others	EHF	Lung	Calu-3	189	1/2624	0/1	0	0	inf
SRX761563	TFs and others	EHF	Lung	Calu-3	178	3/2624	0/1	0	0	inf
SRX7615734	TFs and others	AFF4	Breast	MCF-7	1151	39/2624	0/1	0	0	inf
SRX7624146	TFs and others	NR2F2	Breast	MCF-7	5238	70/2624	0/1	0	0	inf
SRX7624147	TFs and others	NR2F2	Breast	MCF-7	4533	60/2624	0/1	0	0	inf
SRX7624156	TFs and others	ESR1	Breast	MCF-7	48122	634/2624	0/1	0	0	inf
SRX7624157	TFs and others	ESR1	Breast	MCF-7	72498	1086/2624	0/1	0	0	inf
SRX7624159	TFs and others	NR2F2	Breast	T-47D	314	2/2624	0/1	0	0	inf
SRX7624160	TFs and others	NR2F2	Breast	T-47D	528	2/2624	0/1	0	0	inf
SRX7624161	TFs and others	ESR1	Breast	T-47D	21300	674/2624	0/1	0	0	inf
SRX7624162	TFs and others	ESR1	Breast	T-47D	21278	572/2624	0/1	0	0	inf
SRX7625874	TFs and others	HIF1A	Kidney	293	264	1/2624	0/1	0	0	inf
SRX7625875	TFs and others	HIF1A	Kidney	293	423	1/2624	0/1	0	0	inf
SRX7625876	TFs and others	HIF1A	Kidney	293	278	1/2624	0/1	0	0	inf
SRX7625879	TFs and others	HIF1A	Kidney	293	280	1/2624	0/1	0	0	inf
SRX7625880	TFs and others	HIF1A	Kidney	293	338	1/2624	0/1	0	0	inf
SRX7625881	TFs and others	HIF1A	Kidney	293	173	1/2624	0/1	0	0	inf
SRX7626336	TFs and others	CTCF	Others	Mesenchymal Stromal Cells	14512	331/2624	0/1	0	0	inf
SRX7626337	TFs and others	CTCF	Others	Mesenchymal Stromal Cells	20662	467/2624	0/1	0	0	inf
SRX7626338	TFs and others	CTCF	Others	Mesenchymal Stromal Cells	20004	425/2624	0/1	0	0	inf
SRX7626339	TFs and others	CTCF	Others	Mesenchymal Stromal Cells	363	11/2624	0/1	0	0	inf
SRX7626340	TFs and others	CTCF	Others	Mesenchymal Stromal Cells	13684	321/2624	0/1	0	0	inf
SRX7626341	TFs and others	CTCF	Others	Mesenchymal Stromal Cells	10752	293/2624	0/1	0	0	inf
SRX7627555	TFs and others	ESRRG	Breast	BT-474	4233	53/2624	0/1	0	0	inf
SRX7627556	TFs and others	ESRRG	Breast	BT-474	2579	32/2624	0/1	0	0	inf
SRX7627558	TFs and others	REST	Neural	Hippocampus	1804	3/2624	0/1	0	0	inf
SRX7627560	TFs and others	REST	Neural	Hippocampus	1155	1/2624	0/1	0	0	inf
SRX7627562	TFs and others	REST	Neural	Hippocampus	3162	532/2624	0/1	0	0	inf
SRX763970	TFs and others	JMJD1C	Blood	Kasumi-1	7965	221/2624	0/1	0	0	inf
SRX7642859	TFs and others	RBM39	Breast	Mammary epithelial cells	67	1/2624	0/1	0	0	inf
SRX7642860	TFs and others	RBM39	Breast	Mammary epithelial cells	68	2/2624	0/1	0	0	inf
SRX7642861	TFs and others	KMT2A	Breast	Mammary epithelial cells	62	1/2624	0/1	0	0	inf
SRX7642862	TFs and others	KMT2A	Breast	Mammary epithelial cells	60	1/2624	0/1	0	0	inf
SRX7643943	TFs and others	HDAC2	Neural	U-87 MG	387	1/2624	0/1	0	0	inf
SRX764805	TFs and others	FOXA1	Pluripotent stem cell	hESC derived mesendodermal cells	2291	5/2624	0/1	0	0	inf
SRX764806	TFs and others	FOXA1	Pluripotent stem cell	hESC derived mesendodermal cells	8102	37/2624	0/1	0	0	inf
SRX764807	TFs and others	FOXA1	Pluripotent stem cell	hESC derived mesendodermal cells	4685	19/2624	0/1	0	0	inf
SRX764808	TFs and others	FOXA1	Pluripotent stem cell	hESC derived mesendodermal cells	5101	52/2624	0/1	0	0	inf
SRX764809	TFs and others	FOXA2	Pluripotent stem cell	hESC derived mesendodermal cells	10506	215/2624	0/1	0	0	inf
SRX764810	TFs and others	FOXA2	Pluripotent stem cell	hESC derived mesendodermal cells	12207	416/2624	0/1	0	0	inf
SRX764811	TFs and others	FOXA2	Pluripotent stem cell	hESC derived mesendodermal cells	7441	370/2624	0/1	0	0	inf
SRX764812	TFs and others	FOXA2	Pluripotent stem cell	hESC derived mesendodermal cells	6555	232/2624	0/1	0	0	inf
SRX7654166	TFs and others	PHF19	Prostate	DU 145	803	1/2624	0/1	0	0	inf
SRX7654167	TFs and others	PHF19	Prostate	DU 145	721	1/2624	0/1	0	0	inf
SRX7654168	TFs and others	EZH2	Prostate	DU 145	589	1/2624	0/1	0	0	inf
SRX7654169	TFs and others	EZH2	Prostate	DU 145	586	1/2624	0/1	0	0	inf
SRX7654170	TFs and others	SUZ12	Prostate	DU 145	600	1/2624	0/1	0	0	inf
SRX7654171	TFs and others	SUZ12	Prostate	DU 145	561	1/2624	0/1	0	0	inf
SRX7654176	TFs and others	MTF2	Prostate	DU 145	1582	11/2624	0/1	0	0	inf
SRX7654177	TFs and others	MTF2	Prostate	DU 145	3604	29/2624	0/1	0	0	inf
SRX7657045	TFs and others	NCOA3	Breast	MCF 10A	414	2/2624	0/1	0	0	inf
SRX7657046	TFs and others	NCOA3	Breast	MCF 10A	535	1/2624	0/1	0	0	inf
SRX7657047	TFs and others	NCOA3	Breast	MCF 10A	445	1/2624	0/1	0	0	inf
SRX7657048	TFs and others	NCOA3	Breast	MCF 10A	532	1/2624	0/1	0	0	inf
SRX7657049	TFs and others	NCOA3	Breast	MCF 10A	592	1/2624	0/1	0	0	inf
SRX7657050	TFs and others	NCOA3	Breast	MCF 10A	480	1/2624	0/1	0	0	inf
SRX7659598	TFs and others	C17orf49	Breast	MCF-7	236	14/2624	0/1	0	0	inf
SRX7659599	TFs and others	C17orf49	Breast	MCF-7	245	1/2624	0/1	0	0	inf
SRX7668888	TFs and others	EBF1	Digestive tract	AGS	779	1/2624	0/1	0	0	inf
SRX7668889	TFs and others	EBF1	Digestive tract	HGC-27	5065	111/2624	0/1	0	0	inf
SRX7668890	TFs and others	EBF1	Digestive tract	AGS	132	1/2624	0/1	0	0	inf
SRX7671888	TFs and others	QKI	Others	B-3	417	4/2624	0/1	0	0	inf
SRX7671889	TFs and others	SREBF2	Others	B-3	1034	5/2624	0/1	0	0	inf
SRX7671890	TFs and others	SREBF2	Others	B-3	1370	2/2624	0/1	0	0	inf
SRX7677720	TFs and others	NELFCD	Digestive tract	DLD-1	2356	145/2624	0/1	0	0	inf
SRX7677722	TFs and others	NELFE	Digestive tract	DLD-1	660	17/2624	0/1	0	0	inf
SRX7677725	TFs and others	NELFCD	Digestive tract	DLD-1	953	11/2624	0/1	0	0	inf
SRX7677726	TFs and others	NELFCD	Digestive tract	DLD-1	537	1/2624	0/1	0	0	inf
SRX7677727	TFs and others	NELFE	Digestive tract	DLD-1	3476	330/2624	0/1	0	0	inf
SRX7677728	TFs and others	NELFE	Digestive tract	DLD-1	534	1/2624	0/1	0	0	inf
SRX7677730	TFs and others	SUPT5H	Digestive tract	DLD-1	4399	318/2624	0/1	0	0	inf
SRX7677737	TFs and others	NCBP1	Digestive tract	DLD-1	587	4/2624	0/1	0	0	inf
SRX7677739	TFs and others	NCBP1	Digestive tract	DLD-1	895	40/2624	0/1	0	0	inf
SRX7677740	TFs and others	XRN2	Digestive tract	DLD-1	805	26/2624	0/1	0	0	inf
SRX7677741	TFs and others	XRN2	Digestive tract	DLD-1	942	10/2624	0/1	0	0	inf
SRX7677742	TFs and others	XRN2	Digestive tract	DLD-1	635	4/2624	0/1	0	0	inf
SRX7677759	TFs and others	XRN2	Digestive tract	DLD-1	3023	120/2624	0/1	0	0	inf
SRX7677760	TFs and others	DCP2	Digestive tract	DLD-1	2212	142/2624	0/1	0	0	inf
SRX7677761	TFs and others	DCP2	Digestive tract	DLD-1	2031	123/2624	0/1	0	0	inf
SRX7677762	TFs and others	DCP2	Digestive tract	DLD-1	2611	185/2624	0/1	0	0	inf
SRX7677763	TFs and others	DCP2	Digestive tract	DLD-1	2423	194/2624	0/1	0	0	inf
SRX7680922	TFs and others	TEAD4	Unclassified	Unclassified	315	1/2624	0/1	0	0	inf
SRX7680923	TFs and others	TEAD4	Unclassified	Unclassified	553	1/2624	0/1	0	0	inf
SRX7680924	TFs and others	TEAD4	Unclassified	Unclassified	380	1/2624	0/1	0	0	inf
SRX7680925	TFs and others	TEAD4	Unclassified	Unclassified	1031	1/2624	0/1	0	0	inf
SRX768290	TFs and others	SOX9	Digestive tract	HT-29	4638	682/2624	0/1	0	0	inf
SRX7692224	TFs and others	ARID1B	Breast	MCF-7	290	2/2624	0/1	0	0	inf
SRX7692225	TFs and others	ARID1B	Breast	MCF-7	2584	20/2624	0/1	0	0	inf
SRX7692227	TFs and others	Epitope tags	Kidney	293	962	40/2624	0/1	0	0	inf
SRX7692442	TFs and others	POLR2C	Breast	MCF-7	623	1/2624	0/1	0	0	inf
SRX7692445	TFs and others	POLR2C	Breast	MCF-7	668	1/2624	0/1	0	0	inf
SRX7693106	TFs and others	CRY1	Prostate	C4-2	1995	53/2624	0/1	0	0	inf
SRX7693107	TFs and others	CRY1	Prostate	C4-2	1253	8/2624	0/1	0	0	inf
SRX7695532	TFs and others	TEAD4	Neural	Y79	582	1/2624	0/1	0	0	inf
SRX7695533	TFs and others	TEAD4	Neural	Y79	766	1/2624	0/1	0	0	inf
SRX7695536	TFs and others	TEAD4	Neural	Y79	687	2/2624	0/1	0	0	inf
SRX7695537	TFs and others	TEAD4	Neural	Y79	2481	37/2624	0/1	0	0	inf
SRX7695540	TFs and others	TEAD4	Others	WERI-Rb-1	2485	4/2624	0/1	0	0	inf
SRX7695541	TFs and others	TEAD4	Others	WERI-Rb-1	1795	3/2624	0/1	0	0	inf
SRX7695544	TFs and others	TEAD4	Others	WERI-Rb-1	1499	2/2624	0/1	0	0	inf
SRX7695545	TFs and others	TEAD4	Others	WERI-Rb-1	2975	10/2624	0/1	0	0	inf
SRX7695548	TFs and others	TEAD4	Lung	NCI-H209	1602	6/2624	0/1	0	0	inf
SRX7695549	TFs and others	TEAD4	Lung	NCI-H209	948	2/2624	0/1	0	0	inf
SRX7695552	TFs and others	TEAD4	Lung	NCI-H209	6501	34/2624	0/1	0	0	inf
SRX7695553	TFs and others	TEAD4	Lung	NCI-H209	5122	23/2624	0/1	0	0	inf
SRX7695556	TFs and others	TEAD4	Lung	NCI-H2171	936	5/2624	0/1	0	0	inf
SRX7695557	TFs and others	TEAD4	Lung	NCI-H2171	1109	7/2624	0/1	0	0	inf
SRX7695560	TFs and others	TEAD4	Lung	NCI-H2171	6511	41/2624	0/1	0	0	inf
SRX7695561	TFs and others	TEAD4	Lung	NCI-H2171	1277	6/2624	0/1	0	0	inf
SRX769725	TFs and others	SUMO2	Prostate	VCaP	2226	31/2624	0/1	0	0	inf
SRX769726	TFs and others	SUMO2	Prostate	VCaP	13339	475/2624	0/1	0	0	inf
SRX769727	TFs and others	SUMO2	Prostate	VCaP	1105	3/2624	0/1	0	0	inf
SRX769728	TFs and others	SUMO2	Prostate	VCaP	13380	97/2624	0/1	0	0	inf
SRX7700193	TFs and others	TP63	Breast	MCF10DCIS.com	13810	208/2624	0/1	0	0	inf
SRX7701200	TFs and others	ASXL3	Lung	NCI-H1963	1587	204/2624	0/1	0	0	inf
SRX7701201	TFs and others	ASXL3	Lung	NCI-H1963	788	113/2624	0/1	0	0	inf
SRX7701212	TFs and others	BRD4	Lung	NCI-H1963	7185	1156/2624	0/1	0	0	inf
SRX7701213	TFs and others	BRD4	Lung	NCI-H1963	4282	696/2624	0/1	0	0	inf
SRX7701214	TFs and others	BRD4	Lung	NCI-H1963	3055	495/2624	0/1	0	0	inf
SRX7701215	TFs and others	BRD4	Lung	NCI-H1963	4159	646/2624	0/1	0	0	inf
SRX7707491	TFs and others	U2AF2	Kidney	293	504	1/2624	0/1	0	0	inf
SRX7712484	TFs and others	HIF1A	Digestive tract	HCT 116	266	2/2624	0/1	0	0	inf
SRX7712485	TFs and others	HIF1A	Digestive tract	HCT 116	353	1/2624	0/1	0	0	inf
SRX7712486	TFs and others	HIF1A	Digestive tract	HCT 116	978	66/2624	0/1	0	0	inf
SRX7712487	TFs and others	HIF1A	Digestive tract	HCT 116	372	11/2624	0/1	0	0	inf
SRX7712488	TFs and others	HIF1A	Digestive tract	RKO	347	2/2624	0/1	0	0	inf
SRX7712489	TFs and others	HIF1A	Digestive tract	RKO	323	1/2624	0/1	0	0	inf
SRX7712490	TFs and others	HIF1A	Digestive tract	RKO	415	8/2624	0/1	0	0	inf
SRX7712491	TFs and others	HIF1A	Digestive tract	RKO	412	4/2624	0/1	0	0	inf
SRX7712492	TFs and others	HIF1A	Lung	A549	310	1/2624	0/1	0	0	inf
SRX7712493	TFs and others	HIF1A	Lung	A549	333	2/2624	0/1	0	0	inf
SRX7712494	TFs and others	HIF1A	Lung	A549	579	27/2624	0/1	0	0	inf
SRX7712495	TFs and others	HIF1A	Lung	A549	918	59/2624	0/1	0	0	inf
SRX7712496	TFs and others	HIF1A	Lung	NCI-H460	323	1/2624	0/1	0	0	inf
SRX7712497	TFs and others	HIF1A	Lung	NCI-H460	319	1/2624	0/1	0	0	inf
SRX7712498	TFs and others	HIF1A	Lung	NCI-H460	1565	104/2624	0/1	0	0	inf
SRX7712499	TFs and others	HIF1A	Lung	NCI-H460	419	18/2624	0/1	0	0	inf
SRX7719077	TFs and others	SMAD3	Others	H69	10619	957/2624	0/1	0	0	inf
SRX7719078	TFs and others	SMAD3	Others	H69	12184	1101/2624	0/1	0	0	inf
SRX7719080	TFs and others	SMAD3	Others	H69	10951	987/2624	0/1	0	0	inf
SRX7719081	TFs and others	SMAD3	Others	H69	11378	991/2624	0/1	0	0	inf
SRX7728609	TFs and others	TWIST1	Pluripotent stem cell	hESC derived neural crests	17700	161/2624	0/1	0	0	inf
SRX7728610	TFs and others	TWIST1	Pluripotent stem cell	hESC derived neural crests	25576	336/2624	0/1	0	0	inf
SRX7728611	TFs and others	RAD21	Pluripotent stem cell	hESC derived neural crests	11131	214/2624	0/1	0	0	inf
SRX7728612	TFs and others	RAD21	Pluripotent stem cell	hESC derived neural crests	9149	149/2624	0/1	0	0	inf
SRX7728613	TFs and others	CTCF	Pluripotent stem cell	hESC derived neural crests	30560	530/2624	0/1	0	0	inf
SRX7728614	TFs and others	CTCF	Pluripotent stem cell	hESC derived neural crests	30255	536/2624	0/1	0	0	inf
SRX7730331	TFs and others	IKZF1	Blood	NALM-6	812	2/2624	0/1	0	0	inf
SRX7730332	TFs and others	IKZF1	Blood	NALM-6	317	4/2624	0/1	0	0	inf
SRX7732851	TFs and others	TCEB3	Digestive tract	DLD-1	367	16/2624	0/1	0	0	inf
SRX7735437	TFs and others	KDM1A	Blood	HEL	3030	26/2624	0/1	0	0	inf
SRX7748767	TFs and others	BRD2	Digestive tract	DLD-1	5598	324/2624	0/1	0	0	inf
SRX7748768	TFs and others	BRD3	Digestive tract	DLD-1	336	1/2624	0/1	0	0	inf
SRX7748769	TFs and others	BRD3	Digestive tract	DLD-1	320	1/2624	0/1	0	0	inf
SRX7748785	TFs and others	AFF1	Digestive tract	DLD-1	374	1/2624	0/1	0	0	inf
SRX7748786	TFs and others	AFF1	Digestive tract	DLD-1	314	1/2624	0/1	0	0	inf
SRX7748787	TFs and others	AFF1	Digestive tract	DLD-1	265	1/2624	0/1	0	0	inf
SRX7748788	TFs and others	AFF1	Digestive tract	DLD-1	381	1/2624	0/1	0	0	inf
SRX7748789	TFs and others	AFF4	Digestive tract	DLD-1	435	1/2624	0/1	0	0	inf
SRX7748790	TFs and others	AFF4	Digestive tract	DLD-1	443	1/2624	0/1	0	0	inf
SRX7748791	TFs and others	AFF4	Digestive tract	DLD-1	410	1/2624	0/1	0	0	inf
SRX7748792	TFs and others	AFF4	Digestive tract	DLD-1	368	1/2624	0/1	0	0	inf
SRX7749560	TFs and others	Cas9	Lung	NCI-H441	448	3/2624	0/1	0	0	inf
SRX7749561	TFs and others	Cas9	Lung	NCI-H441	456	6/2624	0/1	0	0	inf
SRX7749566	TFs and others	Cas9	Lung	NCI-H441	390	5/2624	0/1	0	0	inf
SRX7749567	TFs and others	Cas9	Lung	NCI-H441	319	2/2624	0/1	0	0	inf
SRX7749593	TFs and others	G-quadruplex	Adipocyte	93T449	406	17/2624	0/1	0	0	inf
SRX7749595	TFs and others	G-quadruplex	Adipocyte	93T449	284	7/2624	0/1	0	0	inf
SRX7760058	TFs and others	MYRF	Pancreas	CFPAC-1	1336	43/2624	0/1	0	0	inf
SRX7760059	TFs and others	MYRF	Pancreas	CFPAC-1	988	8/2624	0/1	0	0	inf
SRX7760060	TFs and others	MYRF	Pancreas	HPAF-II	1275	34/2624	0/1	0	0	inf
SRX7760061	TFs and others	MYRF	Pancreas	HPAF-II	1352	39/2624	0/1	0	0	inf
SRX7760063	TFs and others	FOS	Pancreas	CFPAC-1	13879	212/2624	0/1	0	0	inf
SRX7760064	TFs and others	FOS	Pancreas	CFPAC-1	16204	225/2624	0/1	0	0	inf
SRX7767644	TFs and others	GATA2	Uterus	Endometrial stromal cells	8105	42/2624	0/1	0	0	inf
SRX7767645	TFs and others	GATA2	Uterus	Endometrial stromal cells	11075	53/2624	0/1	0	0	inf
SRX7767647	TFs and others	GATA2	Uterus	Endometrial stromal cells	5479	27/2624	0/1	0	0	inf
SRX7767648	TFs and others	GATA2	Uterus	Endometrial stromal cells	14224	63/2624	0/1	0	0	inf
SRX7785390	TFs and others	ATF4	Blood	Jurkat	4052	48/2624	0/1	0	0	inf
SRX7785391	TFs and others	Epitope tags	Blood	Jurkat	1808	53/2624	0/1	0	0	inf
SRX7785395	TFs and others	ATF4	Blood	Jurkat	936	15/2624	0/1	0	0	inf
SRX7785396	TFs and others	Epitope tags	Blood	Jurkat	3157	111/2624	0/1	0	0	inf
SRX7785400	TFs and others	ATF4	Blood	Jurkat	6658	63/2624	0/1	0	0	inf
SRX7785401	TFs and others	Epitope tags	Blood	Jurkat	14221	298/2624	0/1	0	0	inf
SRX7785405	TFs and others	ATF4	Blood	Jurkat	1498	14/2624	0/1	0	0	inf
SRX7785413	TFs and others	Epitope tags	Blood	Jurkat	13826	181/2624	0/1	0	0	inf
SRX7794485	TFs and others	NFE2L2	Lung	BEAS-2B	1404	51/2624	0/1	0	0	inf
SRX7794486	TFs and others	NFE2L2	Lung	BEAS-2B	2771	93/2624	0/1	0	0	inf
SRX7794487	TFs and others	HIF1A	Lung	BEAS-2B	1526	146/2624	0/1	0	0	inf
SRX7794488	TFs and others	HIF1A	Lung	BEAS-2B	2070	272/2624	0/1	0	0	inf
SRX7805361	TFs and others	ZFX	Kidney	293	8024	1033/2624	0/1	0	0	inf
SRX7805364	TFs and others	ZFX	Prostate	22Rv1	1715	119/2624	0/1	0	0	inf
SRX7805366	TFs and others	ZFY	Prostate	22Rv1	411	1/2624	0/1	0	0	inf
SRX7805367	TFs and others	ZFY	Prostate	22Rv1	4941	479/2624	0/1	0	0	inf
SRX7805368	TFs and others	ZNF711	Prostate	22Rv1	391	1/2624	0/1	0	0	inf
SRX7805369	TFs and others	ZNF711	Prostate	22Rv1	3620	329/2624	0/1	0	0	inf
SRX7805371	TFs and others	ZFX	Kidney	293	383	1/2624	0/1	0	0	inf
SRX7805375	TFs and others	SALL2	Kidney	293	498	1/2624	0/1	0	0	inf
SRX7805376	TFs and others	SALL2	Kidney	293	212	1/2624	0/1	0	0	inf
SRX7805377	TFs and others	SALL2	Kidney	293	183	1/2624	0/1	0	0	inf
SRX7805893	TFs and others	SMC1A	Epidermis	Dermal fibroblast	6727	86/2624	0/1	0	0	inf
SRX7805895	TFs and others	SMC1A	Epidermis	Dermal fibroblast	1818	47/2624	0/1	0	0	inf
SRX7805897	TFs and others	SMC1A	Epidermis	Dermal fibroblast	2570	49/2624	0/1	0	0	inf
SRX7805901	TFs and others	NIPBL	Epidermis	Dermal fibroblast	376	19/2624	0/1	0	0	inf
SRX7807100	TFs and others	CEBPB	Unclassified	Unclassified	13626	86/2624	0/1	0	0	inf
SRX7807101	TFs and others	CEBPB	Unclassified	Unclassified	27689	150/2624	0/1	0	0	inf
SRX7807102	TFs and others	CEBPB	Adipocyte	Adipocytes	22791	97/2624	0/1	0	0	inf
SRX7807103	TFs and others	CEBPB	Adipocyte	Adipocytes	34210	158/2624	0/1	0	0	inf
SRX7807104	TFs and others	CTCF	Unclassified	Unclassified	38396	696/2624	0/1	0	0	inf
SRX7807105	TFs and others	CTCF	Unclassified	Unclassified	43877	917/2624	0/1	0	0	inf
SRX7807106	TFs and others	CTCF	Adipocyte	Adipocytes	38168	731/2624	0/1	0	0	inf
SRX7807108	TFs and others	TEAD4	Unclassified	Unclassified	1827	94/2624	0/1	0	0	inf
SRX7807109	TFs and others	TEAD4	Unclassified	Unclassified	1860	83/2624	0/1	0	0	inf
SRX7807112	TFs and others	RUNX2	Unclassified	Unclassified	15418	907/2624	0/1	0	0	inf
SRX7807113	TFs and others	RUNX2	Unclassified	Unclassified	15870	528/2624	0/1	0	0	inf
SRX7807114	TFs and others	TEAD1	Unclassified	Unclassified	14882	165/2624	0/1	0	0	inf
SRX7807115	TFs and others	TEAD1	Unclassified	Unclassified	8109	93/2624	0/1	0	0	inf
SRX7807126	TFs and others	TEAD1	Adipocyte	Adipocytes	5298	72/2624	0/1	0	0	inf
SRX7807127	TFs and others	TEAD1	Adipocyte	Adipocytes	4511	69/2624	0/1	0	0	inf
SRX7807128	TFs and others	MED1	Adipocyte	Adipocytes	860	4/2624	0/1	0	0	inf
SRX7807129	TFs and others	MED1	Adipocyte	Adipocytes	839	3/2624	0/1	0	0	inf
SRX7807558	TFs and others	GATA3	Blood	GM12878	4928	113/2624	0/1	0	0	inf
SRX7807559	TFs and others	GATA3	Blood	GM12878	6906	316/2624	0/1	0	0	inf
SRX7807560	TFs and others	GATA3	Blood	GM12878	877	17/2624	0/1	0	0	inf
SRX7807561	TFs and others	GATA3	Blood	GM12878	88	2/2624	0/1	0	0	inf
SRX7807562	TFs and others	GATA3	Unclassified	Unclassified	20050	99/2624	0/1	0	0	inf
SRX7807563	TFs and others	GATA3	Unclassified	Unclassified	11184	111/2624	0/1	0	0	inf
SRX7807603	TFs and others	GATA3	Unclassified	Unclassified	875	22/2624	0/1	0	0	inf
SRX7807604	TFs and others	GATA3	Unclassified	Unclassified	2443	55/2624	0/1	0	0	inf
SRX7807605	TFs and others	GATA3	Unclassified	Unclassified	567	6/2624	0/1	0	0	inf
SRX7807606	TFs and others	GATA3	Unclassified	Unclassified	504	6/2624	0/1	0	0	inf
SRX7807607	TFs and others	GATA3	Unclassified	Unclassified	475	2/2624	0/1	0	0	inf
SRX7807608	TFs and others	GATA3	Unclassified	Unclassified	395	1/2624	0/1	0	0	inf
SRX7807609	TFs and others	GATA3	Unclassified	Unclassified	866	7/2624	0/1	0	0	inf
SRX7818472	TFs and others	Epitope tags	Neural	hTERT RPE-1	668	1/2624	0/1	0	0	inf
SRX7818473	TFs and others	Epitope tags	Neural	hTERT RPE-1	436	1/2624	0/1	0	0	inf
SRX7818474	TFs and others	Epitope tags	Neural	hTERT RPE-1	2609	41/2624	0/1	0	0	inf
SRX7846776	TFs and others	ESR1	Breast	MCF-7	1279	16/2624	0/1	0	0	inf
SRX7846777	TFs and others	ESR1	Breast	MCF-7	572	2/2624	0/1	0	0	inf
SRX7846778	TFs and others	ESR1	Breast	MCF-7	4546	33/2624	0/1	0	0	inf
SRX7846779	TFs and others	ESR1	Breast	MCF-7	1166	7/2624	0/1	0	0	inf
SRX7865930	TFs and others	BRD4	Breast	MDA-MB-231	806	1/2624	0/1	0	0	inf
SRX7865931	TFs and others	BRD4	Breast	MDA-MB-231	736	1/2624	0/1	0	0	inf
SRX7865932	TFs and others	BRD4	Breast	MDA-MB-231	7054	200/2624	0/1	0	0	inf
SRX7865933	TFs and others	BRD4	Breast	MDA-MB-231	2079	95/2624	0/1	0	0	inf
SRX7865936	TFs and others	BRD4	Breast	MDA-MB-231	10200	209/2624	0/1	0	0	inf
SRX7865937	TFs and others	BRD4	Breast	MDA-MB-231	2742	4/2624	0/1	0	0	inf
SRX7865938	TFs and others	EN1	Breast	MDA-MB-231	647	1/2624	0/1	0	0	inf
SRX7865941	TFs and others	EN1	Breast	MDA-MB-231	722	1/2624	0/1	0	0	inf
SRX7875098	TFs and others	BRD4	Prostate	LNCAP	999	1/2624	0/1	0	0	inf
SRX7875099	TFs and others	BRD9	Prostate	LNCAP	715	1/2624	0/1	0	0	inf
SRX7875101	TFs and others	BRD9	Prostate	LNCAP	713	1/2624	0/1	0	0	inf
SRX7879084	TFs and others	Epitope tags	Breast	MDA-MB-231	533	1/2624	0/1	0	0	inf
SRX7879086	TFs and others	Epitope tags	Breast	MDA-MB-231	815	1/2624	0/1	0	0	inf
SRX7884351	TFs and others	AICDA	Blood	U-2932	909	2/2624	0/1	0	0	inf
SRX7884417	TFs and others	MED1	Kidney	WT 9-12	224	2/2624	0/1	0	0	inf
SRX7884419	TFs and others	MED1	Kidney	WT 9-12	119	1/2624	0/1	0	0	inf
SRX7884422	TFs and others	MED1	Kidney	WT 9-12	142	1/2624	0/1	0	0	inf
SRX7887593	TFs and others	YBX1	Blood	HEL	3628	2/2624	0/1	0	0	inf
SRX7887594	TFs and others	YBX1	Blood	HEL	2169	1/2624	0/1	0	0	inf
SRX7890964	TFs and others	SMC1A	Neural	hTERT RPE-1	20179	323/2624	0/1	0	0	inf
SRX7890965	TFs and others	SMC1A	Neural	hTERT RPE-1	16085	231/2624	0/1	0	0	inf
SRX7890966	TFs and others	SMC1A	Neural	hTERT RPE-1	19645	297/2624	0/1	0	0	inf
SRX7890967	TFs and others	SMC1A	Neural	hTERT RPE-1	26519	477/2624	0/1	0	0	inf
SRX7894794	TFs and others	ETS1	Blood	CD4+ T cells	4261	737/2624	0/1	0	0	inf
SRX7897894	TFs and others	EP300	Breast	MDA-MB-231	3179	73/2624	0/1	0	0	inf
SRX7897897	TFs and others	CTCF	Breast	MDA-MB-231	27002	300/2624	0/1	0	0	inf
SRX7897898	TFs and others	CTCF	Breast	MDA-MB-231	27451	317/2624	0/1	0	0	inf
SRX7897936	TFs and others	CTCF	Blood	K-562	3149	169/2624	0/1	0	0	inf
SRX7897937	TFs and others	CTCF	Blood	K-562	7540	325/2624	0/1	0	0	inf
SRX7897938	TFs and others	CTCF	Blood	K-562	2353	109/2624	0/1	0	0	inf
SRX7898176	TFs and others	QRICH1	Digestive tract	HT-29	2045	223/2624	0/1	0	0	inf
SRX7898177	TFs and others	QRICH1	Digestive tract	HT-29	774	46/2624	0/1	0	0	inf
SRX7898178	TFs and others	ATF4	Digestive tract	HT-29	753	15/2624	0/1	0	0	inf
SRX7902018	TFs and others	POU5F1	Prostate	LNCAP	471	1/2624	0/1	0	0	inf
SRX7902020	TFs and others	POU5F1	Prostate	LNCAP	447	1/2624	0/1	0	0	inf
SRX7902022	TFs and others	POU5F1	Prostate	22Rv1	1834	251/2624	0/1	0	0	inf
SRX7902023	TFs and others	POU5F1	Prostate	22Rv1	2518	351/2624	0/1	0	0	inf
SRX7902030	TFs and others	FOXM1	Prostate	22Rv1	184	4/2624	0/1	0	0	inf
SRX7902031	TFs and others	POU5F1	Prostate	22Rv1	317	1/2624	0/1	0	0	inf
SRX7902032	TFs and others	POU5F1	Prostate	22Rv1	350	1/2624	0/1	0	0	inf
SRX7902033	TFs and others	POU5F1	Prostate	22Rv1	1878	43/2624	0/1	0	0	inf
SRX7902038	TFs and others	POU5F1	Prostate	DU 145	301	1/2624	0/1	0	0	inf
SRX7902042	TFs and others	POU5F1	Prostate	DU 145	288	1/2624	0/1	0	0	inf
SRX7902044	TFs and others	POU5F1	Prostate	DU 145	54	1/2624	0/1	0	0	inf
SRX7902047	TFs and others	NRF1	Prostate	DU 145	2689	428/2624	0/1	0	0	inf
SRX7902048	TFs and others	NFE2L2	Prostate	DU 145	112	1/2624	0/1	0	0	inf
SRX7902049	TFs and others	NRF1	Prostate	DU 145	99	1/2624	0/1	0	0	inf
SRX7902050	TFs and others	NFE2L2	Prostate	DU 145	3096	515/2624	0/1	0	0	inf
SRX7902971	TFs and others	Epitope tags	Kidney	293	1736	32/2624	0/1	0	0	inf
SRX7902972	TFs and others	Epitope tags	Kidney	293	2006	32/2624	0/1	0	0	inf
SRX7902973	TFs and others	Epitope tags	Kidney	293	942	16/2624	0/1	0	0	inf
SRX7902977	TFs and others	EGR1	Blood	Monocytes	38	1/2624	0/1	0	0	inf
SRX7902978	TFs and others	EGR1	Blood	Macrophages	145	22/2624	0/1	0	0	inf
SRX7902979	TFs and others	EGR1	Blood	Macrophages	458	80/2624	0/1	0	0	inf
SRX7902980	TFs and others	EGR1	Blood	Macrophages	362	71/2624	0/1	0	0	inf
SRX7902981	TFs and others	EGR1	Blood	Macrophages	1096	288/2624	0/1	0	0	inf
SRX7902982	TFs and others	EGR1	Blood	Macrophages	58	1/2624	0/1	0	0	inf
SRX7902983	TFs and others	EGR1	Blood	CD34+	128	1/2624	0/1	0	0	inf
SRX7902984	TFs and others	EGR1	Blood	Monocytes	470	94/2624	0/1	0	0	inf
SRX7902985	TFs and others	EGR1	Blood	Monocytes	167	1/2624	0/1	0	0	inf
SRX790965	TFs and others	RELA	Blood	L-1236	455	2/2624	0/1	0	0	inf
SRX790966	TFs and others	RELA	Blood	L-1236	263	1/2624	0/1	0	0	inf
SRX790967	TFs and others	RELB	Blood	L-1236	1234	9/2624	0/1	0	0	inf
SRX790968	TFs and others	RELB	Blood	L-1236	2087	18/2624	0/1	0	0	inf
SRX790969	TFs and others	NFKB1	Blood	L-1236	11026	183/2624	0/1	0	0	inf
SRX790970	TFs and others	NFKB1	Blood	L-1236	16380	661/2624	0/1	0	0	inf
SRX790971	TFs and others	NFKB2	Blood	L-1236	10149	105/2624	0/1	0	0	inf
SRX790972	TFs and others	NFKB2	Blood	L-1236	11172	165/2624	0/1	0	0	inf
SRX7944498	TFs and others	ESR1	Uterus	Ishikawa	10295	557/2624	0/1	0	0	inf
SRX7944499	TFs and others	ESR1	Uterus	Ishikawa	8520	304/2624	0/1	0	0	inf
SRX7944500	TFs and others	ESR1	Uterus	Ishikawa	12272	464/2624	0/1	0	0	inf
SRX7944501	TFs and others	ESR1	Uterus	Ishikawa	12110	671/2624	0/1	0	0	inf
SRX7944502	TFs and others	ESR1	Uterus	Ishikawa	7822	268/2624	0/1	0	0	inf
SRX7944503	TFs and others	ESR1	Uterus	Ishikawa	6308	191/2624	0/1	0	0	inf
SRX7944504	TFs and others	ESR1	Uterus	Ishikawa	9907	458/2624	0/1	0	0	inf
SRX7944505	TFs and others	ESR1	Uterus	Ishikawa	7806	327/2624	0/1	0	0	inf
SRX7950043	TFs and others	BRD4	Neural	Neuroblastoma	736	1/2624	0/1	0	0	inf
SRX7951322	TFs and others	SMARCA2	Lung	NCI-H1944	1079	34/2624	0/1	0	0	inf
SRX7951323	TFs and others	SMARCA2	Lung	NCI-H1944	5770	132/2624	0/1	0	0	inf
SRX7951324	TFs and others	SMARCA4	Lung	NCI-H1944	529	1/2624	0/1	0	0	inf
SRX7951325	TFs and others	SMARCA4	Lung	NCI-H1944	521	1/2624	0/1	0	0	inf
SRX7951327	TFs and others	SMARCA4	Lung	NCI-H1944	939	34/2624	0/1	0	0	inf
SRX7951328	TFs and others	SMARCA4	Lung	NCI-H1944	2062	55/2624	0/1	0	0	inf
SRX7951330	TFs and others	SMARCA4	Lung	NCI-H1944	1353	82/2624	0/1	0	0	inf
SRX7951331	TFs and others	SMARCA4	Lung	NCI-H1944	4782	389/2624	0/1	0	0	inf
SRX795223	TFs and others	BRD4	Breast	SUM 159PT	2547	121/2624	0/1	0	0	inf
SRX7971771	TFs and others	STAT3	Blood	Th2 Cells	509	8/2624	0/1	0	0	inf
SRX7971773	TFs and others	STAT3	Blood	Th2 Cells	832	18/2624	0/1	0	0	inf
SRX7971775	TFs and others	STAT3	Blood	Th2 Cells	196	2/2624	0/1	0	0	inf
SRX7971776	TFs and others	STAT3	Blood	Th2 Cells	1359	25/2624	0/1	0	0	inf
SRX7971779	TFs and others	STAT3	Blood	Th2 Cells	348	3/2624	0/1	0	0	inf
SRX7971781	TFs and others	STAT3	Blood	Th2 Cells	1866	54/2624	0/1	0	0	inf
SRX7972420	TFs and others	MKL1	Epidermis	MKL-1	591	1/2624	0/1	0	0	inf
SRX7972421	TFs and others	MKL2	Epidermis	MKL-2	532	1/2624	0/1	0	0	inf
SRX7972427	TFs and others	MKL1	Epidermis	MKL-1	27136	740/2624	0/1	0	0	inf
SRX7972428	TFs and others	MKL2	Epidermis	MKL-2	31883	941/2624	0/1	0	0	inf
SRX7972439	TFs and others	MKL1	Epidermis	MKL-1	925	1/2624	0/1	0	0	inf
SRX7972440	TFs and others	MKL1	Epidermis	MKL-1	460	11/2624	0/1	0	0	inf
SRX7972441	TFs and others	MKL2	Epidermis	MKL-2	372	1/2624	0/1	0	0	inf
SRX7972442	TFs and others	MKL2	Epidermis	MKL-2	487	38/2624	0/1	0	0	inf
SRX7972447	TFs and others	MKL1	Epidermis	MKL-1	2975	53/2624	0/1	0	0	inf
SRX7972448	TFs and others	MKL1	Epidermis	MKL-1	588	1/2624	0/1	0	0	inf
SRX7972449	TFs and others	MKL1	Epidermis	MKL-1	11935	194/2624	0/1	0	0	inf
SRX7972450	TFs and others	MKL1	Epidermis	MKL-1	12318	45/2624	0/1	0	0	inf
SRX7972451	TFs and others	MKL1	Epidermis	MKL-1	638	1/2624	0/1	0	0	inf
SRX7972452	TFs and others	MKL1	Epidermis	MKL-1	773	14/2624	0/1	0	0	inf
SRX7972453	TFs and others	MKL2	Epidermis	MKL-2	5074	78/2624	0/1	0	0	inf
SRX7972454	TFs and others	MKL2	Epidermis	MKL-2	442	1/2624	0/1	0	0	inf
SRX7972455	TFs and others	MKL2	Epidermis	MKL-2	9484	55/2624	0/1	0	0	inf
SRX7972456	TFs and others	MKL2	Epidermis	MKL-2	15748	25/2624	0/1	0	0	inf
SRX7972457	TFs and others	MKL2	Epidermis	MKL-2	368	1/2624	0/1	0	0	inf
SRX7972458	TFs and others	MKL2	Epidermis	MKL-2	1825	14/2624	0/1	0	0	inf
SRX7981729	TFs and others	CREBBP	Prostate	Prostate cancer	101	3/2624	0/1	0	0	inf
SRX7981730	TFs and others	CREBBP	Prostate	Prostate cancer	202	9/2624	0/1	0	0	inf
SRX7981731	TFs and others	CREBBP	Prostate	Prostate cancer	263	19/2624	0/1	0	0	inf
SRX7981732	TFs and others	CREBBP	Prostate	Prostate cancer	522	27/2624	0/1	0	0	inf
SRX7981733	TFs and others	EP300	Prostate	Prostate cancer	241	8/2624	0/1	0	0	inf
SRX7981734	TFs and others	EP300	Prostate	Prostate cancer	142	6/2624	0/1	0	0	inf
SRX7981735	TFs and others	EP300	Prostate	Prostate cancer	593	31/2624	0/1	0	0	inf
SRX7981736	TFs and others	EP300	Prostate	Prostate cancer	2074	83/2624	0/1	0	0	inf
SRX7981737	TFs and others	HDAC1	Prostate	Prostate cancer	122	4/2624	0/1	0	0	inf
SRX7981738	TFs and others	HDAC1	Prostate	Prostate cancer	103	1/2624	0/1	0	0	inf
SRX7981739	TFs and others	HDAC1	Prostate	Prostate cancer	100	1/2624	0/1	0	0	inf
SRX7981740	TFs and others	HDAC1	Prostate	Prostate cancer	98	1/2624	0/1	0	0	inf
SRX7981741	TFs and others	HDAC2	Prostate	Prostate cancer	1229	65/2624	0/1	0	0	inf
SRX7981742	TFs and others	HDAC2	Prostate	Prostate cancer	428	26/2624	0/1	0	0	inf
SRX7981743	TFs and others	HDAC2	Prostate	Prostate cancer	111	3/2624	0/1	0	0	inf
SRX7981744	TFs and others	HDAC2	Prostate	Prostate cancer	126	5/2624	0/1	0	0	inf
SRX8013009	TFs and others	Epitope tags	Kidney	293	453	1/2624	0/1	0	0	inf
SRX8013010	TFs and others	Epitope tags	Kidney	293	51071	2/2624	0/1	0	0	inf
SRX8018228	TFs and others	CPSF3	Kidney	293	3897	234/2624	0/1	0	0	inf
SRX8018229	TFs and others	CPSF3	Kidney	293	219	1/2624	0/1	0	0	inf
SRX8018230	TFs and others	CPSF3	Kidney	293	2364	225/2624	0/1	0	0	inf
SRX8018231	TFs and others	CPSF3	Kidney	293	222	1/2624	0/1	0	0	inf
SRX8018254	TFs and others	SUPT6H	Kidney	293	319	1/2624	0/1	0	0	inf
SRX8018255	TFs and others	SUPT6H	Kidney	293	412	1/2624	0/1	0	0	inf
SRX8018256	TFs and others	SUPT6H	Kidney	293	699	1/2624	0/1	0	0	inf
SRX8018257	TFs and others	SUPT6H	Kidney	293	407	1/2624	0/1	0	0	inf
SRX8023111	TFs and others	TP53	Breast	MCF 10A	598	3/2624	0/1	0	0	inf
SRX8023112	TFs and others	TP53	Breast	MCF 10A	1081	5/2624	0/1	0	0	inf
SRX8023115	TFs and others	TP53	Breast	MCF 10A	1362	8/2624	0/1	0	0	inf
SRX8023116	TFs and others	TP53	Breast	MCF 10A	1337	10/2624	0/1	0	0	inf
SRX8023120	TFs and others	TP53	Breast	MCF 10A	340	2/2624	0/1	0	0	inf
SRX8023121	TFs and others	TP53	Breast	MCF 10A	172	3/2624	0/1	0	0	inf
SRX8023122	TFs and others	TP53	Breast	MCF 10A	986	4/2624	0/1	0	0	inf
SRX8023126	TFs and others	TP53	Breast	MCF 10A	500	6/2624	0/1	0	0	inf
SRX8023127	TFs and others	TP53	Breast	MCF 10A	2229	1/2624	0/1	0	0	inf
SRX8023128	TFs and others	TP53	Breast	MCF 10A	1142	7/2624	0/1	0	0	inf
SRX8023132	TFs and others	TP53	Breast	MCF 10A	153	2/2624	0/1	0	0	inf
SRX8023133	TFs and others	TP53	Breast	MCF 10A	229	2/2624	0/1	0	0	inf
SRX8023134	TFs and others	TP53	Breast	MCF 10A	618	2/2624	0/1	0	0	inf
SRX8023138	TFs and others	TP53	Breast	MCF 10A	370	2/2624	0/1	0	0	inf
SRX8023140	TFs and others	TP53	Breast	MCF 10A	2000	13/2624	0/1	0	0	inf
SRX8026053	TFs and others	SOX2	Pluripotent stem cell	hESC WIBR3	636	1/2624	0/1	0	0	inf
SRX8026055	TFs and others	SOX2	Pluripotent stem cell	hESC WIBR3	1484	4/2624	0/1	0	0	inf
SRX8026058	TFs and others	SMARCA4	Pluripotent stem cell	hESC WIBR3	3274	29/2624	0/1	0	0	inf
SRX8026060	TFs and others	SMARCA4	Pluripotent stem cell	hESC WIBR3	1317	4/2624	0/1	0	0	inf
SRX8026062	TFs and others	SMARCA2	Pluripotent stem cell	hESC WIBR3	889	2/2624	0/1	0	0	inf
SRX8030141	TFs and others	Epitope tags	Cardiovascular	HUVEC	662	1/2624	0/1	0	0	inf
SRX8030142	TFs and others	Epitope tags	Cardiovascular	HUVEC	480	1/2624	0/1	0	0	inf
SRX8030652	TFs and others	SUZ12	Neural	BT 245	890	1/2624	0/1	0	0	inf
SRX8030657	TFs and others	SUZ12	Neural	BT 245	885	5/2624	0/1	0	0	inf
SRX8030662	TFs and others	SUZ12	Neural	BT 245	1219	2/2624	0/1	0	0	inf
SRX8030677	TFs and others	SUZ12	Neural	BT 245	869	1/2624	0/1	0	0	inf
SRX8030678	TFs and others	SUZ12	Neural	BT 245	589	1/2624	0/1	0	0	inf
SRX8030692	TFs and others	SUZ12	Neural	SU-DIPG-XIII	1285	6/2624	0/1	0	0	inf
SRX8030705	TFs and others	SUZ12	Neural	SU-DIPG-XIII	743	1/2624	0/1	0	0	inf
SRX8030715	TFs and others	SUZ12	Neural	G477	645	1/2624	0/1	0	0	inf
SRX8037072	TFs and others	KLF5	Digestive tract	AGS	5122	273/2624	0/1	0	0	inf
SRX8037073	TFs and others	KLF5	Others	BICR 31	8584	802/2624	0/1	0	0	inf
SRX8037074	TFs and others	KLF5	Digestive tract	NCI-H508	8889	1043/2624	0/1	0	0	inf
SRX8037075	TFs and others	KLF5	Lung	HARA	12247	1180/2624	0/1	0	0	inf
SRX8037076	TFs and others	KLF5	Lung	HARA	10215	914/2624	0/1	0	0	inf
SRX8037078	TFs and others	KLF5	Digestive tract	HT-55	4408	384/2624	0/1	0	0	inf
SRX8037079	TFs and others	KLF5	Digestive tract	HT-55	13759	995/2624	0/1	0	0	inf
SRX8037080	TFs and others	KLF5	Digestive tract	KATO III	1863	133/2624	0/1	0	0	inf
SRX8037081	TFs and others	KLF5	Lung	KNS-62	2797	217/2624	0/1	0	0	inf
SRX8037083	TFs and others	KLF5	Digestive tract	TE-10	6042	531/2624	0/1	0	0	inf
SRX8037084	TFs and others	KLF5	Digestive tract	T.T	13060	1015/2624	0/1	0	0	inf
SRX8041957	TFs and others	BRD4	Prostate	MR42D	922	1/2624	0/1	0	0	inf
SRX8041958	TFs and others	BRD4	Prostate	MR42D	1376	71/2624	0/1	0	0	inf
SRX8041959	TFs and others	AR	Prostate	MR42D	7205	39/2624	0/1	0	0	inf
SRX8041960	TFs and others	AR	Prostate	MR42D	3265	19/2624	0/1	0	0	inf
SRX8044290	TFs and others	AR	Others	UM-UC-3	1754	11/2624	0/1	0	0	inf
SRX8044291	TFs and others	AR	Others	UM-UC-3	1209	8/2624	0/1	0	0	inf
SRX8044292	TFs and others	AR	Others	UM-UC-3	1443	8/2624	0/1	0	0	inf
SRX8044293	TFs and others	AR	Others	UM-UC-3	899	5/2624	0/1	0	0	inf
SRX8044294	TFs and others	AR	Others	UM-UC-3	468	1/2624	0/1	0	0	inf
SRX8055114	TFs and others	GATA3	Unclassified	Unclassified	6384	39/2624	0/1	0	0	inf
SRX8064814	TFs and others	E2F6	Blood	Lymphoblastoid cell line	421	1/2624	0/1	0	0	inf
SRX8064815	TFs and others	E2F6	Blood	Lymphoblastoid cell line	3299	1/2624	0/1	0	0	inf
SRX8064816	TFs and others	E2F1	Blood	Lymphoblastoid cell line	2511	1/2624	0/1	0	0	inf
SRX8064817	TFs and others	E2F1	Blood	Lymphoblastoid cell line	4640	1/2624	0/1	0	0	inf
SRX8064820	TFs and others	RB1	Blood	Lymphoblastoid cell line	2311	1/2624	0/1	0	0	inf
SRX8064821	TFs and others	HDAC1	Blood	Lymphoblastoid cell line	3483	1/2624	0/1	0	0	inf
SRX8064822	TFs and others	HDAC1	Blood	Lymphoblastoid cell line	5323	2/2624	0/1	0	0	inf
SRX8064823	TFs and others	HDAC2	Blood	Lymphoblastoid cell line	7041	1/2624	0/1	0	0	inf
SRX8064824	TFs and others	HDAC2	Blood	Lymphoblastoid cell line	8021	3/2624	0/1	0	0	inf
SRX8066530	TFs and others	CTCF	Blood	GM06077	38874	593/2624	0/1	0	0	inf
SRX8066531	TFs and others	CTCF	Blood	GM06077	594	1/2624	0/1	0	0	inf
SRX8066532	TFs and others	CTCF	Blood	GM04648	45529	651/2624	0/1	0	0	inf
SRX8066533	TFs and others	CTCF	Blood	GM04648	864	1/2624	0/1	0	0	inf
SRX8066534	TFs and others	CTCF	Blood	GM04604	43681	649/2624	0/1	0	0	inf
SRX8066535	TFs and others	CTCF	Blood	GM04604	585	1/2624	0/1	0	0	inf
SRX8068086	TFs and others	RUNX1	Blood	NALM-6	330	6/2624	0/1	0	0	inf
SRX8068087	TFs and others	RUNX1	Blood	NALM-6	964	32/2624	0/1	0	0	inf
SRX8068151	TFs and others	RUNX1	Blood	RS4-11	2017	16/2624	0/1	0	0	inf
SRX8068152	TFs and others	RUNX1	Blood	RS4-11	631	6/2624	0/1	0	0	inf
SRX8073481	TFs and others	TBL1Y	Blood	DLBCL	1790	315/2624	0/1	0	0	inf
SRX8073482	TFs and others	TBL1Y	Blood	DLBCL	1524	278/2624	0/1	0	0	inf
SRX8073483	TFs and others	TBL1Y	Blood	DLBCL	778	104/2624	0/1	0	0	inf
SRX8073484	TFs and others	TBL1Y	Blood	DLBCL	975	151/2624	0/1	0	0	inf
SRX807620	TFs and others	Epitope tags	Epidermis	501A	457	1/2624	0/1	0	0	inf
SRX807621	TFs and others	Epitope tags	Epidermis	501A	309	1/2624	0/1	0	0	inf
SRX8080542	TFs and others	Epitope tags	Breast	Mammary gland ductal carcinoma	279	6/2624	0/1	0	0	inf
SRX8080543	TFs and others	Epitope tags	Breast	Mammary gland ductal carcinoma	2893	312/2624	0/1	0	0	inf
SRX8080545	TFs and others	Epitope tags	Breast	Mammary gland ductal carcinoma	8148	372/2624	0/1	0	0	inf
SRX8080546	TFs and others	Epitope tags	Breast	Mammary gland ductal carcinoma	6615	72/2624	0/1	0	0	inf
SRX8080547	TFs and others	Epitope tags	Breast	Mammary gland ductal carcinoma	4602	315/2624	0/1	0	0	inf
SRX8080548	TFs and others	Epitope tags	Breast	Mammary gland ductal carcinoma	3184	71/2624	0/1	0	0	inf
SRX8080549	TFs and others	Epitope tags	Breast	Mammary gland ductal carcinoma	20209	361/2624	0/1	0	0	inf
SRX8080550	TFs and others	Epitope tags	Breast	Mammary gland ductal carcinoma	19838	644/2624	0/1	0	0	inf
SRX8080551	TFs and others	Epitope tags	Breast	Mammary gland ductal carcinoma	18657	938/2624	0/1	0	0	inf
SRX8080552	TFs and others	Epitope tags	Breast	Mammary gland ductal carcinoma	17435	177/2624	0/1	0	0	inf
SRX8080553	TFs and others	Epitope tags	Breast	Mammary gland ductal carcinoma	19497	1053/2624	0/1	0	0	inf
SRX8080554	TFs and others	Epitope tags	Breast	Mammary gland adenocarcinoma	2684	24/2624	0/1	0	0	inf
SRX8080555	TFs and others	Epitope tags	Breast	Mammary gland adenocarcinoma	2717	15/2624	0/1	0	0	inf
SRX8080556	TFs and others	Epitope tags	Breast	Mammary gland adenocarcinoma	4615	121/2624	0/1	0	0	inf
SRX8080557	TFs and others	Epitope tags	Breast	Mammary gland adenocarcinoma	4974	110/2624	0/1	0	0	inf
SRX8080558	TFs and others	Epitope tags	Breast	Mammary gland adenocarcinoma	13314	81/2624	0/1	0	0	inf
SRX8080559	TFs and others	Epitope tags	Breast	Mammary gland adenocarcinoma	11761	327/2624	0/1	0	0	inf
SRX8080560	TFs and others	Epitope tags	Breast	Mammary gland adenocarcinoma	10234	239/2624	0/1	0	0	inf
SRX8080561	TFs and others	Epitope tags	Breast	Mammary gland adenocarcinoma	8104	69/2624	0/1	0	0	inf
SRX8080562	TFs and others	Epitope tags	Breast	Mammary gland adenocarcinoma	14354	571/2624	0/1	0	0	inf
SRX8080563	TFs and others	Epitope tags	Breast	Mammary gland adenocarcinoma	12001	257/2624	0/1	0	0	inf
SRX8080564	TFs and others	Epitope tags	Breast	Mammary gland adenocarcinoma	11329	354/2624	0/1	0	0	inf
SRX8080565	TFs and others	Epitope tags	Breast	Mammary gland adenocarcinoma	14496	166/2624	0/1	0	0	inf
SRX8080566	TFs and others	POU2F1	Breast	Mammary gland ductal carcinoma	9424	1296/2624	0/1	0	0	inf
SRX8080567	TFs and others	POU2F1	Breast	Mammary gland ductal carcinoma	7457	1068/2624	0/1	0	0	inf
SRX8080572	TFs and others	CTCF	Breast	Mammary gland ductal carcinoma	23899	627/2624	0/1	0	0	inf
SRX8080574	TFs and others	CTCF	Breast	Mammary gland ductal carcinoma	4180	71/2624	0/1	0	0	inf
SRX8082232	TFs and others	BRD4	Epidermis	Keratinocytes	5590	273/2624	0/1	0	0	inf
SRX8082233	TFs and others	BRD4	Epidermis	Keratinocytes	11652	807/2624	0/1	0	0	inf
SRX8083043	TFs and others	DMC1	Gonad	Testis	2503	2/2624	0/1	0	0	inf
SRX8083045	TFs and others	DMC1	Gonad	Testis	6458	2/2624	0/1	0	0	inf
SRX8083047	TFs and others	DMC1	Gonad	Testis	738	1/2624	0/1	0	0	inf
SRX8083086	TFs and others	FGFR1	Breast	CAMA-1	848	16/2624	0/1	0	0	inf
SRX8083087	TFs and others	FGFR1	Breast	CAMA-1	1730	133/2624	0/1	0	0	inf
SRX8083098	TFs and others	FOXA1	Breast	CAMA-1	40049	283/2624	0/1	0	0	inf
SRX8083099	TFs and others	FOXA1	Breast	CAMA-1	44044	334/2624	0/1	0	0	inf
SRX8083101	TFs and others	FGFR1	Breast	CAMA-1	670	11/2624	0/1	0	0	inf
SRX8083102	TFs and others	FGFR1	Breast	CAMA-1	702	13/2624	0/1	0	0	inf
SRX8083104	TFs and others	FGFR1	Breast	CAMA-1	555	4/2624	0/1	0	0	inf
SRX8083105	TFs and others	FGFR1	Breast	CAMA-1	667	6/2624	0/1	0	0	inf
SRX8083148	TFs and others	Epitope tags	Kidney	293	149	1/2624	0/1	0	0	inf
SRX8083149	TFs and others	Epitope tags	Kidney	293	167	2/2624	0/1	0	0	inf
SRX8084739	TFs and others	Epitope tags	Breast	SUM 159PT	977	78/2624	0/1	0	0	inf
SRX8084741	TFs and others	Epitope tags	Breast	SUM 159PT	510	4/2624	0/1	0	0	inf
SRX8084743	TFs and others	Epitope tags	Breast	WHIM12	1077	17/2624	0/1	0	0	inf
SRX8084745	TFs and others	Epitope tags	Breast	WHIM12	1001	15/2624	0/1	0	0	inf
SRX8084747	TFs and others	Epitope tags	Breast	SUM 159PT	883	53/2624	0/1	0	0	inf
SRX8084748	TFs and others	Epitope tags	Breast	SUM 159PT	921	36/2624	0/1	0	0	inf
SRX8089613	TFs and others	AR	Prostate	VCaP	3192	11/2624	0/1	0	0	inf
SRX8089614	TFs and others	AR	Prostate	VCaP	4251	16/2624	0/1	0	0	inf
SRX8089615	TFs and others	AR	Prostate	VCaP	3144	12/2624	0/1	0	0	inf
SRX8089616	TFs and others	AR	Prostate	VCaP	2210	3/2624	0/1	0	0	inf
SRX8089617	TFs and others	AR	Prostate	VCaP	2422	3/2624	0/1	0	0	inf
SRX8089618	TFs and others	AR	Prostate	VCaP	3419	3/2624	0/1	0	0	inf
SRX8089619	TFs and others	AR	Prostate	VCaP	13247	12/2624	0/1	0	0	inf
SRX8089620	TFs and others	AR	Prostate	VCaP	20494	33/2624	0/1	0	0	inf
SRX8089621	TFs and others	AR	Prostate	VCaP	15023	17/2624	0/1	0	0	inf
SRX8089622	TFs and others	BRD4	Prostate	VCaP	295	3/2624	0/1	0	0	inf
SRX8089623	TFs and others	BRD4	Prostate	VCaP	450	1/2624	0/1	0	0	inf
SRX8089624	TFs and others	BRD4	Prostate	VCaP	632	27/2624	0/1	0	0	inf
SRX8089625	TFs and others	BRD4	Prostate	VCaP	535	17/2624	0/1	0	0	inf
SRX8089626	TFs and others	BRD4	Prostate	VCaP	257	1/2624	0/1	0	0	inf
SRX8089627	TFs and others	BRD4	Prostate	VCaP	304	1/2624	0/1	0	0	inf
SRX8089628	TFs and others	BRD4	Prostate	VCaP	386	1/2624	0/1	0	0	inf
SRX8089629	TFs and others	BRD4	Prostate	VCaP	443	13/2624	0/1	0	0	inf
SRX8089630	TFs and others	BRD4	Prostate	VCaP	367	7/2624	0/1	0	0	inf
SRX8089631	TFs and others	FOXA1	Prostate	VCaP	25703	131/2624	0/1	0	0	inf
SRX8089632	TFs and others	FOXA1	Prostate	VCaP	25285	142/2624	0/1	0	0	inf
SRX8089633	TFs and others	FOXA1	Prostate	VCaP	35305	192/2624	0/1	0	0	inf
SRX8089634	TFs and others	FOXA1	Prostate	VCaP	8301	48/2624	0/1	0	0	inf
SRX8089635	TFs and others	FOXA1	Prostate	VCaP	15767	82/2624	0/1	0	0	inf
SRX8089636	TFs and others	FOXA1	Prostate	VCaP	7732	45/2624	0/1	0	0	inf
SRX8089637	TFs and others	FOXA1	Prostate	VCaP	30080	112/2624	0/1	0	0	inf
SRX8089638	TFs and others	FOXA1	Prostate	VCaP	30582	128/2624	0/1	0	0	inf
SRX8089639	TFs and others	FOXA1	Prostate	VCaP	28921	112/2624	0/1	0	0	inf
SRX8089673	TFs and others	MED1	Prostate	VCaP	986	128/2624	0/1	0	0	inf
SRX8089674	TFs and others	MED1	Prostate	VCaP	2498	203/2624	0/1	0	0	inf
SRX8089675	TFs and others	MED1	Prostate	VCaP	1589	172/2624	0/1	0	0	inf
SRX8089676	TFs and others	MED1	Prostate	VCaP	1873	166/2624	0/1	0	0	inf
SRX8089677	TFs and others	MED1	Prostate	VCaP	771	50/2624	0/1	0	0	inf
SRX8089678	TFs and others	MED1	Prostate	VCaP	613	25/2624	0/1	0	0	inf
SRX8089679	TFs and others	MED1	Prostate	VCaP	2854	167/2624	0/1	0	0	inf
SRX8089680	TFs and others	MED1	Prostate	VCaP	1844	132/2624	0/1	0	0	inf
SRX8089681	TFs and others	MED1	Prostate	VCaP	2506	156/2624	0/1	0	0	inf
SRX8089691	TFs and others	AR	Prostate	LAPC-4	357	1/2624	0/1	0	0	inf
SRX8089692	TFs and others	AR	Prostate	LAPC-4	303	1/2624	0/1	0	0	inf
SRX8089693	TFs and others	AR	Prostate	LAPC-4	425	1/2624	0/1	0	0	inf
SRX8089694	TFs and others	AR	Prostate	LAPC-4	2946	2/2624	0/1	0	0	inf
SRX8089695	TFs and others	AR	Prostate	LAPC-4	1697	1/2624	0/1	0	0	inf
SRX8089696	TFs and others	AR	Prostate	LAPC-4	883	1/2624	0/1	0	0	inf
SRX8089697	TFs and others	AR	Prostate	LAPC-4	303	1/2624	0/1	0	0	inf
SRX8089698	TFs and others	AR	Prostate	LAPC-4	334	1/2624	0/1	0	0	inf
SRX8089699	TFs and others	AR	Prostate	LAPC-4	353	1/2624	0/1	0	0	inf
SRX8090643	TFs and others	BRD4	Others	Synoviocytes	1186	34/2624	0/1	0	0	inf
SRX8090645	TFs and others	BRD2	Others	Synoviocytes	9188	1139/2624	0/1	0	0	inf
SRX8090646	TFs and others	BRD4	Others	Synoviocytes	4712	339/2624	0/1	0	0	inf
SRX8090649	TFs and others	BRD2	Others	Synoviocytes	2203	170/2624	0/1	0	0	inf
SRX8090650	TFs and others	BRD4	Others	Synoviocytes	1061	23/2624	0/1	0	0	inf
SRX8090652	TFs and others	BRD2	Others	Synoviocytes	8156	857/2624	0/1	0	0	inf
SRX8090653	TFs and others	BRD4	Others	Synoviocytes	1510	41/2624	0/1	0	0	inf
SRX8108988	TFs and others	G-quadruplex	Liver	Hep G2	1141	266/2624	0/1	0	0	inf
SRX8108989	TFs and others	G-quadruplex	Liver	Hep G2	1376	354/2624	0/1	0	0	inf
SRX8108990	TFs and others	G-quadruplex	Liver	Hep G2	1102	270/2624	0/1	0	0	inf
SRX8119674	TFs and others	SMARCA2	Lung	MRC-5	39681	728/2624	0/1	0	0	inf
SRX8119677	TFs and others	SMARCA2	Others	MeT-5A	40107	581/2624	0/1	0	0	inf
SRX8122234	TFs and others	LMO2	Pluripotent stem cell	hESC H9	142	1/2624	0/1	0	0	inf
SRX8122235	TFs and others	LMO2	Pluripotent stem cell	hESC H9	1317	9/2624	0/1	0	0	inf
SRX8122236	TFs and others	LDB1	Pluripotent stem cell	hESC H9	525	11/2624	0/1	0	0	inf
SRX8122237	TFs and others	LDB1	Pluripotent stem cell	hESC H9	430	1/2624	0/1	0	0	inf
SRX813768	TFs and others	MED1	Adipocyte	SGBS	15973	176/2624	0/1	0	0	inf
SRX813769	TFs and others	MED1	Adipocyte	SGBS	12629	994/2624	0/1	0	0	inf
SRX813770	TFs and others	MED1	Adipocyte	SGBS	9920	1023/2624	0/1	0	0	inf
SRX813771	TFs and others	MED1	Adipocyte	SGBS	3968	17/2624	0/1	0	0	inf
SRX813772	TFs and others	RELA	Adipocyte	SGBS	3900	36/2624	0/1	0	0	inf
SRX813773	TFs and others	RELA	Adipocyte	SGBS	5572	82/2624	0/1	0	0	inf
SRX813774	TFs and others	RELA	Adipocyte	SGBS	21910	79/2624	0/1	0	0	inf
SRX8142108	TFs and others	TP63	Digestive tract	TE-5	6209	71/2624	0/1	0	0	inf
SRX8142110	TFs and others	TP63	Digestive tract	TE-5	2118	19/2624	0/1	0	0	inf
SRX814231	TFs and others	OTX2	Neural	HRPEpiC	1802	13/2624	0/1	0	0	inf
SRX814234	TFs and others	LHX2	Neural	HRPEpiC	3639	28/2624	0/1	0	0	inf
SRX8147138	TFs and others	FOXA2	Prostate	LNCAP	1149	3/2624	0/1	0	0	inf
SRX8147139	TFs and others	FOXA2	Prostate	LNCAP	1186	3/2624	0/1	0	0	inf
SRX8147140	TFs and others	FOXA2	Prostate	LNCAP	28394	108/2624	0/1	0	0	inf
SRX8147141	TFs and others	FOXA2	Prostate	LNCAP	28703	105/2624	0/1	0	0	inf
SRX8147142	TFs and others	HOXB13	Prostate	LNCAP	1285	7/2624	0/1	0	0	inf
SRX8147143	TFs and others	HOXB13	Prostate	LNCAP	1310	7/2624	0/1	0	0	inf
SRX8147144	TFs and others	HOXB13	Prostate	LNCAP	55	1/2624	0/1	0	0	inf
SRX8147145	TFs and others	HOXB13	Prostate	LNCAP	59	1/2624	0/1	0	0	inf
SRX8148230	TFs and others	Epitope tags	Pluripotent stem cell	iPS cells	545	1/2624	0/1	0	0	inf
SRX8148231	TFs and others	Epitope tags	Pluripotent stem cell	iPS cells	533	2/2624	0/1	0	0	inf
SRX8148232	TFs and others	Epitope tags	Pluripotent stem cell	iPS cells	747	4/2624	0/1	0	0	inf
SRX8148233	TFs and others	Epitope tags	Pluripotent stem cell	iPS cells	602	1/2624	0/1	0	0	inf
SRX8148234	TFs and others	Epitope tags	Pluripotent stem cell	iPS cells	551	1/2624	0/1	0	0	inf
SRX8148235	TFs and others	Epitope tags	Pluripotent stem cell	iPS cells	600	2/2624	0/1	0	0	inf
SRX8148342	TFs and others	Epitope tags	Pluripotent stem cell	iPS cells	504	2/2624	0/1	0	0	inf
SRX8148343	TFs and others	Epitope tags	Pluripotent stem cell	iPS cells	711	2/2624	0/1	0	0	inf
SRX8149389	TFs and others	BRD4	Blood	KMS-27	432	4/2624	0/1	0	0	inf
SRX8149390	TFs and others	BRD4	Blood	KMS-27	303	2/2624	0/1	0	0	inf
SRX8149391	TFs and others	HDAC1	Blood	KMS-27	376	2/2624	0/1	0	0	inf
SRX8149392	TFs and others	HDAC1	Blood	KMS-27	373	1/2624	0/1	0	0	inf
SRX8151644	TFs and others	ARNTL	Adipocyte	Preadipocytes	1341	64/2624	0/1	0	0	inf
SRX8151645	TFs and others	ARNTL	Adipocyte	Preadipocytes	1859	90/2624	0/1	0	0	inf
SRX8151646	TFs and others	ARNTL	Adipocyte	Preadipocytes	2025	106/2624	0/1	0	0	inf
SRX8151647	TFs and others	ARNTL	Adipocyte	Preadipocytes	1527	98/2624	0/1	0	0	inf
SRX8151648	TFs and others	ARNTL	Adipocyte	Preadipocytes	1197	60/2624	0/1	0	0	inf
SRX8151649	TFs and others	ARNTL	Adipocyte	Preadipocytes	1840	86/2624	0/1	0	0	inf
SRX8155173	TFs and others	MED1	Digestive tract	HCT 116	280	1/2624	0/1	0	0	inf
SRX8155174	TFs and others	MED1	Digestive tract	HCT 116	428	1/2624	0/1	0	0	inf
SRX8155175	TFs and others	MED1	Digestive tract	HCT 116	411	1/2624	0/1	0	0	inf
SRX8155176	TFs and others	MED1	Digestive tract	HCT 116	528	1/2624	0/1	0	0	inf
SRX8162311	TFs and others	DOT1L	Blood	MOLM-13	282	3/2624	0/1	0	0	inf
SRX8162312	TFs and others	DOT1L	Blood	MOLM-13	424	18/2624	0/1	0	0	inf
SRX8162313	TFs and others	DOT1L	Blood	MOLM-13	428	14/2624	0/1	0	0	inf
SRX8162314	TFs and others	DOT1L	Blood	MOLM-13	407	7/2624	0/1	0	0	inf
SRX8162315	TFs and others	DOT1L	Blood	MOLM-13	713	20/2624	0/1	0	0	inf
SRX8162316	TFs and others	MEN1	Blood	MOLM-13	154	1/2624	0/1	0	0	inf
SRX8162317	TFs and others	MEN1	Blood	MOLM-13	179	1/2624	0/1	0	0	inf
SRX8162318	TFs and others	MEN1	Blood	MOLM-13	176	1/2624	0/1	0	0	inf
SRX8162319	TFs and others	MEN1	Blood	MOLM-13	152	1/2624	0/1	0	0	inf
SRX8162320	TFs and others	MEN1	Blood	MOLM-13	148	1/2624	0/1	0	0	inf
SRX8171698	TFs and others	JARID2	Pluripotent stem cell	ES cells	829	5/2624	0/1	0	0	inf
SRX8171699	TFs and others	JARID2	Pluripotent stem cell	ES cells	2477	6/2624	0/1	0	0	inf
SRX8171720	TFs and others	MYBBP1A	Pancreas	Hs 766T	92	3/2624	0/1	0	0	inf
SRX8171721	TFs and others	MYBBP1A	Pancreas	Hs 766T	93	2/2624	0/1	0	0	inf
SRX8171722	TFs and others	MYBBP1A	Pancreas	Hs 766T	129	2/2624	0/1	0	0	inf
SRX8171726	TFs and others	MYBBP1A	Pancreas	Hs 766T	139	13/2624	0/1	0	0	inf
SRX8171727	TFs and others	MYBBP1A	Pancreas	Hs 766T	68	1/2624	0/1	0	0	inf
SRX8171728	TFs and others	MYBBP1A	Pancreas	Hs 766T	84	3/2624	0/1	0	0	inf
SRX8171731	TFs and others	MYBBP1A	Pancreas	PANC-1	3261	514/2624	0/1	0	0	inf
SRX8171732	TFs and others	MYBBP1A	Pancreas	PANC-1	2941	456/2624	0/1	0	0	inf
SRX8171735	TFs and others	MYBBP1A	Pancreas	PDAC	345	61/2624	0/1	0	0	inf
SRX8171736	TFs and others	MYBBP1A	Pancreas	PDAC	1201	135/2624	0/1	0	0	inf
SRX8171739	TFs and others	MYBBP1A	Pancreas	BxPC-3	218	38/2624	0/1	0	0	inf
SRX8171740	TFs and others	MYBBP1A	Pancreas	BxPC-3	389	33/2624	0/1	0	0	inf
SRX8171743	TFs and others	MYBBP1A	Epidermis	BJ	1105	174/2624	0/1	0	0	inf
SRX8171744	TFs and others	MYBBP1A	Epidermis	BJ	2291	347/2624	0/1	0	0	inf
SRX8173500	TFs and others	EED	Pluripotent stem cell	iPS cells	1510	4/2624	0/1	0	0	inf
SRX8173501	TFs and others	EED	Pluripotent stem cell	iPS cells	2374	9/2624	0/1	0	0	inf
SRX8173502	TFs and others	EED	Pluripotent stem cell	iPS cells	2962	6/2624	0/1	0	0	inf
SRX8175103	TFs and others	EED	Pluripotent stem cell	ES cells	21528	144/2624	0/1	0	0	inf
SRX8180617	TFs and others	HIF1A	Blood	BC-3	1497	1/2624	0/1	0	0	inf
SRX8180621	TFs and others	HIF1A	Blood	Peripheral blood mononuclear cells	945	1/2624	0/1	0	0	inf
SRX8180623	TFs and others	HIF1A	Blood	BC-3	1047	1/2624	0/1	0	0	inf
SRX818632	TFs and others	SUMO2	Kidney	293	25904	708/2624	0/1	0	0	inf
SRX818633	TFs and others	SUMO2	Kidney	293	449	1/2624	0/1	0	0	inf
SRX818634	TFs and others	PIAS1	Kidney	293	2369	81/2624	0/1	0	0	inf
SRX818635	TFs and others	PIAS1	Kidney	293	4270	165/2624	0/1	0	0	inf
SRX818636	TFs and others	PIAS1	Kidney	293	11004	203/2624	0/1	0	0	inf
SRX818637	TFs and others	PIAS1	Kidney	293	8211	105/2624	0/1	0	0	inf
SRX818641	TFs and others	SUMO2	Kidney	293	12389	72/2624	0/1	0	0	inf
SRX818642	TFs and others	SUMO2	Kidney	293	60250	518/2624	0/1	0	0	inf
SRX818643	TFs and others	PIAS1	Kidney	293	1144	8/2624	0/1	0	0	inf
SRX818644	TFs and others	PIAS1	Kidney	293	4913	60/2624	0/1	0	0	inf
SRX8202281	TFs and others	CDK7	Breast	MCF-7	825	1/2624	0/1	0	0	inf
SRX8213853	TFs and others	HDAC4	Others	SK-LMS-1	1413	17/2624	0/1	0	0	inf
SRX821806	TFs and others	PPARG	Adipocyte	Adipose Tissue	284	2/2624	0/1	0	0	inf
SRX821808	TFs and others	PPARG	Adipocyte	Adipose Tissue, White	638	11/2624	0/1	0	0	inf
SRX821809	TFs and others	PPARG	Adipocyte	Adipose Tissue, White	294	2/2624	0/1	0	0	inf
SRX821810	TFs and others	PPARG	Adipocyte	Adipose Tissue, White	231	5/2624	0/1	0	0	inf
SRX821811	TFs and others	PPARG	Adipocyte	Adipose Tissue, White	363	7/2624	0/1	0	0	inf
SRX821812	TFs and others	PPARG	Adipocyte	Adipose Tissue, White	462	4/2624	0/1	0	0	inf
SRX821813	TFs and others	PPARG	Adipocyte	Adipose Tissue, White	435	14/2624	0/1	0	0	inf
SRX821814	TFs and others	PPARG	Adipocyte	Adipose Tissue, White	702	21/2624	0/1	0	0	inf
SRX821815	TFs and others	PPARG	Adipocyte	Adipose Tissue, White	370	2/2624	0/1	0	0	inf
SRX821818	TFs and others	PPARG	Adipocyte	Adipose Tissue	1001	18/2624	0/1	0	0	inf
SRX821819	TFs and others	PPARG	Adipocyte	Adipose Tissue	673	11/2624	0/1	0	0	inf
SRX821821	TFs and others	PPARG	Adipocyte	Adipose Tissue, White	256	2/2624	0/1	0	0	inf
SRX8246294	TFs and others	FGFR1	Breast	MCF-7	6424	380/2624	0/1	0	0	inf
SRX8246295	TFs and others	FGFR1	Breast	MCF-7	775	49/2624	0/1	0	0	inf
SRX8246296	TFs and others	FGFR1	Breast	MCF-7	653	31/2624	0/1	0	0	inf
SRX825394	TFs and others	ELF3	Pancreas	CFPAC-1	29912	1114/2624	0/1	0	0	inf
SRX825395	TFs and others	FOXA1	Pancreas	CFPAC-1	25013	309/2624	0/1	0	0	inf
SRX825396	TFs and others	HNF1B	Pancreas	CFPAC-1	8240	92/2624	0/1	0	0	inf
SRX825397	TFs and others	IRF1	Pancreas	CFPAC-1	8329	423/2624	0/1	0	0	inf
SRX825398	TFs and others	KLF5	Pancreas	CFPAC-1	8706	758/2624	0/1	0	0	inf
SRX825399	TFs and others	ZEB1	Pancreas	PANC-1	619	25/2624	0/1	0	0	inf
SRX8257413	TFs and others	DDX21	Epidermis	A-375	563	1/2624	0/1	0	0	inf
SRX8257414	TFs and others	DDX21	Epidermis	A-375	547	1/2624	0/1	0	0	inf
SRX8257415	TFs and others	DDX21	Epidermis	A-375	8629	84/2624	0/1	0	0	inf
SRX8257416	TFs and others	DDX21	Epidermis	A-375	599	1/2624	0/1	0	0	inf
SRX8257421	TFs and others	MITF	Epidermis	A-375	1183	18/2624	0/1	0	0	inf
SRX8257422	TFs and others	MITF	Epidermis	A-375	3982	115/2624	0/1	0	0	inf
SRX8257423	TFs and others	MITF	Epidermis	A-375	1469	15/2624	0/1	0	0	inf
SRX8257424	TFs and others	MITF	Epidermis	A-375	2781	56/2624	0/1	0	0	inf
SRX825988	TFs and others	EZH2	Digestive tract	HCT 116	290	1/2624	0/1	0	0	inf
SRX8272747	TFs and others	ESR2	Digestive tract	SW 480	819	1/2624	0/1	0	0	inf
SRX8272748	TFs and others	ESR2	Digestive tract	HT-29	8835	82/2624	0/1	0	0	inf
SRX8272749	TFs and others	ESR2	Digestive tract	HT-29	549	1/2624	0/1	0	0	inf
SRX8272750	TFs and others	ESR2	Digestive tract	HT-29	3206	14/2624	0/1	0	0	inf
SRX8272751	TFs and others	ESR2	Digestive tract	HT-29	930	1/2624	0/1	0	0	inf
SRX8272752	TFs and others	ESR2	Breast	MCF-7	9791	88/2624	0/1	0	0	inf
SRX8272753	TFs and others	ESR2	Breast	MCF-7	6632	68/2624	0/1	0	0	inf
SRX8272754	TFs and others	ESR2	Breast	MCF-7	564	1/2624	0/1	0	0	inf
SRX8272755	TFs and others	ESR2	Digestive tract	SW 480	2006	23/2624	0/1	0	0	inf
SRX8272756	TFs and others	ESR2	Digestive tract	SW 480	1520	16/2624	0/1	0	0	inf
SRX8272757	TFs and others	ESR2	Digestive tract	SW 480	1562	17/2624	0/1	0	0	inf
SRX8272873	TFs and others	CEBPA	Blood	BLaER1	312	2/2624	0/1	0	0	inf
SRX8272874	TFs and others	CEBPA	Blood	BLaER1	286	2/2624	0/1	0	0	inf
SRX8272875	TFs and others	CEBPA	Blood	BLaER1	1300	13/2624	0/1	0	0	inf
SRX8272876	TFs and others	CEBPA	Blood	BLaER1	5474	35/2624	0/1	0	0	inf
SRX8272877	TFs and others	CEBPA	Blood	BLaER1	1190	9/2624	0/1	0	0	inf
SRX8272878	TFs and others	CEBPA	Blood	BLaER1	752	8/2624	0/1	0	0	inf
SRX8272879	TFs and others	CEBPA	Blood	BLaER1	315	2/2624	0/1	0	0	inf
SRX8272880	TFs and others	CEBPA	Blood	BLaER1	357	1/2624	0/1	0	0	inf
SRX8272897	TFs and others	CEBPA	Blood	BLaER1	379	2/2624	0/1	0	0	inf
SRX8272898	TFs and others	CEBPA	Blood	BLaER1	363	4/2624	0/1	0	0	inf
SRX8272901	TFs and others	BRD4	Blood	BLaER1	3637	274/2624	0/1	0	0	inf
SRX8272933	TFs and others	BRD4	Blood	BLaER1	1020	39/2624	0/1	0	0	inf
SRX8272934	TFs and others	BRD4	Blood	BLaER1	474	2/2624	0/1	0	0	inf
SRX8272935	TFs and others	BRD4	Blood	BLaER1	541	1/2624	0/1	0	0	inf
SRX8272936	TFs and others	BRD4	Blood	BLaER1	498	4/2624	0/1	0	0	inf
SRX8272938	TFs and others	BRD4	Blood	BLaER1	605	19/2624	0/1	0	0	inf
SRX8272939	TFs and others	BRD4	Blood	BLaER1	398	1/2624	0/1	0	0	inf
SRX8299188	TFs and others	Epitope tags	Uterus	HeLa	1433	1/2624	0/1	0	0	inf
SRX8299189	TFs and others	Epitope tags	Uterus	HeLa	1329	1/2624	0/1	0	0	inf
SRX8299190	TFs and others	Epitope tags	Uterus	HeLa	1431	2/2624	0/1	0	0	inf
SRX8299191	TFs and others	Epitope tags	Uterus	HeLa	1498	2/2624	0/1	0	0	inf
SRX8299777	TFs and others	CDC73	Blood	K-562	1497	6/2624	0/1	0	0	inf
SRX8299778	TFs and others	CDC73	Blood	K-562	1559	6/2624	0/1	0	0	inf
SRX8299779	TFs and others	CDC73	Blood	K-562	1920	4/2624	0/1	0	0	inf
SRX8299780	TFs and others	CDC73	Blood	K-562	2611	12/2624	0/1	0	0	inf
SRX8299781	TFs and others	CDC73	Blood	K-562	537	1/2624	0/1	0	0	inf
SRX8299784	TFs and others	MYC	Bone	U2OS	7263	701/2624	0/1	0	0	inf
SRX8299785	TFs and others	MYC	Bone	U2OS	10874	993/2624	0/1	0	0	inf
SRX8299800	TFs and others	CDC73	Bone	U2OS	511	1/2624	0/1	0	0	inf
SRX8299801	TFs and others	CDC73	Bone	U2OS	479	1/2624	0/1	0	0	inf
SRX8299802	TFs and others	CDC73	Bone	U2OS	583	1/2624	0/1	0	0	inf
SRX8299803	TFs and others	CDC73	Bone	U2OS	509	1/2624	0/1	0	0	inf
SRX8299804	TFs and others	CDC73	Bone	U2OS	457	1/2624	0/1	0	0	inf
SRX8299805	TFs and others	CDC73	Bone	U2OS	578	1/2624	0/1	0	0	inf
SRX8299812	TFs and others	MYC	Bone	U2OS	11010	1042/2624	0/1	0	0	inf
SRX8299814	TFs and others	CTR9	Bone	U2OS	839	110/2624	0/1	0	0	inf
SRX8299815	TFs and others	CTR9	Bone	U2OS	1008	148/2624	0/1	0	0	inf
SRX8299816	TFs and others	CTR9	Bone	U2OS	1333	181/2624	0/1	0	0	inf
SRX8299817	TFs and others	CTR9	Bone	U2OS	1115	123/2624	0/1	0	0	inf
SRX8299818	TFs and others	CTR9	Bone	U2OS	890	129/2624	0/1	0	0	inf
SRX8299819	TFs and others	CTR9	Bone	U2OS	628	82/2624	0/1	0	0	inf
SRX8299823	TFs and others	CDC73	Bone	U2OS	467	1/2624	0/1	0	0	inf
SRX8299824	TFs and others	CDC73	Bone	U2OS	479	1/2624	0/1	0	0	inf
SRX8299825	TFs and others	CTR9	Bone	U2OS	612	33/2624	0/1	0	0	inf
SRX8299826	TFs and others	CTR9	Bone	U2OS	626	40/2624	0/1	0	0	inf
SRX8299859	TFs and others	CTR9	Bone	U2OS	526	9/2624	0/1	0	0	inf
SRX8299860	TFs and others	CTR9	Bone	U2OS	330	2/2624	0/1	0	0	inf
SRX8299861	TFs and others	CTR9	Bone	U2OS	410	10/2624	0/1	0	0	inf
SRX8299862	TFs and others	CTR9	Bone	U2OS	394	6/2624	0/1	0	0	inf
SRX8299863	TFs and others	MYC	Bone	U2OS	1492	90/2624	0/1	0	0	inf
SRX8299864	TFs and others	MYC	Bone	U2OS	6703	573/2624	0/1	0	0	inf
SRX8299865	TFs and others	MYC	Bone	U2OS	2066	126/2624	0/1	0	0	inf
SRX8299866	TFs and others	MYC	Bone	U2OS	7502	654/2624	0/1	0	0	inf
SRX831872	TFs and others	STAT5B	Blood	CD8+ T cells	149	2/2624	0/1	0	0	inf
SRX831873	TFs and others	STAT5B	Blood	CD8+ T cells	6722	123/2624	0/1	0	0	inf
SRX831874	TFs and others	STAT5B	Blood	CD8+ T cells	5634	152/2624	0/1	0	0	inf
SRX831875	TFs and others	STAT5B	Blood	CD8+ T cells	1528	32/2624	0/1	0	0	inf
SRX831876	TFs and others	STAT5B	Blood	CD8+ T cells	318	7/2624	0/1	0	0	inf
SRX831877	TFs and others	STAT5B	Blood	CD8+ T cells	217	1/2624	0/1	0	0	inf
SRX831878	TFs and others	STAT5B	Blood	CD8+ T cells	2243	46/2624	0/1	0	0	inf
SRX831879	TFs and others	STAT5B	Blood	CD8+ T cells	2887	29/2624	0/1	0	0	inf
SRX831880	TFs and others	STAT5B	Blood	CD8+ T cells	295	2/2624	0/1	0	0	inf
SRX831881	TFs and others	STAT5B	Blood	CD8+ T cells	702	1/2624	0/1	0	0	inf
SRX8321474	TFs and others	REST	Uterus	HEC-1-B	68	4/2624	0/1	0	0	inf
SRX8333285	TFs and others	BAP1	Lung	NCI-H1963	344	28/2624	0/1	0	0	inf
SRX8333286	TFs and others	BAP1	Lung	NCI-H1963	569	21/2624	0/1	0	0	inf
SRX833400	TFs and others	LEF1	Pluripotent stem cell	hESC H1	91	1/2624	0/1	0	0	inf
SRX833403	TFs and others	CTNNB1	Pluripotent stem cell	hESC H1	14074	33/2624	0/1	0	0	inf
SRX833420	TFs and others	NIPBL	Pluripotent stem cell	hESC H1	11150	1058/2624	0/1	0	0	inf
SRX833421	TFs and others	NIPBL	Pluripotent stem cell	hESC H1	3714	196/2624	0/1	0	0	inf
SRX833422	TFs and others	NIPBL	Pluripotent stem cell	hESC H1	4807	411/2624	0/1	0	0	inf
SRX833423	TFs and others	NIPBL	Pluripotent stem cell	hESC H1	4259	433/2624	0/1	0	0	inf
SRX8336463	TFs and others	GATA4	Pluripotent stem cell	hESC derived pancreatic cells	4276	32/2624	0/1	0	0	inf
SRX8336464	TFs and others	GATA4	Pluripotent stem cell	hESC derived pancreatic cells	8154	52/2624	0/1	0	0	inf
SRX8336465	TFs and others	GATA6	Pluripotent stem cell	hESC derived pancreatic cells	5165	68/2624	0/1	0	0	inf
SRX8336466	TFs and others	GATA6	Pluripotent stem cell	hESC derived pancreatic cells	1264	5/2624	0/1	0	0	inf
SRX8337456	TFs and others	NFYA	Blood	HUDEP-2	3712	842/2624	0/1	0	0	inf
SRX8337457	TFs and others	NFYA	Blood	HUDEP-2	4536	1010/2624	0/1	0	0	inf
SRX8337458	TFs and others	NFYA	Blood	HUDEP-1	4774	990/2624	0/1	0	0	inf
SRX8341012	TFs and others	FANCM	Uterus	HeLa	1518	1/2624	0/1	0	0	inf
SRX8341014	TFs and others	DONSON	Uterus	HeLa	1646	1/2624	0/1	0	0	inf
SRX8342551	TFs and others	SUZ12	Pluripotent stem cell	iPS cells	858	1/2624	0/1	0	0	inf
SRX8342552	TFs and others	SUZ12	Pluripotent stem cell	iPS cells	784	1/2624	0/1	0	0	inf
SRX8342553	TFs and others	SUZ12	Pluripotent stem cell	iPS cells	588	1/2624	0/1	0	0	inf
SRX8342554	TFs and others	SUZ12	Pluripotent stem cell	iPS cells	553	1/2624	0/1	0	0	inf
SRX8342555	TFs and others	SUZ12	Pluripotent stem cell	iPS cells	673	1/2624	0/1	0	0	inf
SRX8342556	TFs and others	SUZ12	Pluripotent stem cell	iPS cells	820	1/2624	0/1	0	0	inf
SRX8342557	TFs and others	SUZ12	Pluripotent stem cell	iPS cells	747	2/2624	0/1	0	0	inf
SRX8342558	TFs and others	SUZ12	Pluripotent stem cell	iPS cells	829	1/2624	0/1	0	0	inf
SRX8342559	TFs and others	Epitope tags	Pluripotent stem cell	iPS cells	860	1/2624	0/1	0	0	inf
SRX8342560	TFs and others	Epitope tags	Pluripotent stem cell	iPS cells	905	1/2624	0/1	0	0	inf
SRX8342561	TFs and others	Epitope tags	Pluripotent stem cell	iPS cells	697	1/2624	0/1	0	0	inf
SRX8342562	TFs and others	Epitope tags	Pluripotent stem cell	iPS cells	637	1/2624	0/1	0	0	inf
SRX8342563	TFs and others	Epitope tags	Pluripotent stem cell	iPS cells	688	1/2624	0/1	0	0	inf
SRX8342564	TFs and others	Epitope tags	Pluripotent stem cell	iPS cells	886	1/2624	0/1	0	0	inf
SRX8342565	TFs and others	Epitope tags	Pluripotent stem cell	iPS cells	896	2/2624	0/1	0	0	inf
SRX8342566	TFs and others	Epitope tags	Pluripotent stem cell	iPS cells	846	2/2624	0/1	0	0	inf
SRX8353664	TFs and others	LMNA	Breast	MDA-MB-231	218	1/2624	0/1	0	0	inf
SRX8353665	TFs and others	LMNA	Breast	MDA-MB-231	195	1/2624	0/1	0	0	inf
SRX8353666	TFs and others	LMNA	Breast	MDA-MB-231	272	1/2624	0/1	0	0	inf
SRX8353667	TFs and others	LMNA	Breast	MDA-MB-231	283	1/2624	0/1	0	0	inf
SRX8353668	TFs and others	LMNA	Breast	MDA-MB-231	274	1/2624	0/1	0	0	inf
SRX8353669	TFs and others	LMNA	Breast	MDA-MB-231	222	1/2624	0/1	0	0	inf
SRX8353670	TFs and others	LMNA	Breast	MDA-MB-231	297	1/2624	0/1	0	0	inf
SRX8353671	TFs and others	LMNA	Breast	MDA-MB-231	268	1/2624	0/1	0	0	inf
SRX8357709	TFs and others	MECP2	Kidney	293	547	1/2624	0/1	0	0	inf
SRX8357710	TFs and others	MECP2	Kidney	293	498	1/2624	0/1	0	0	inf
SRX8358264	TFs and others	TCF21	Cardiovascular	HCASMC	2037	75/2624	0/1	0	0	inf
SRX8359003	TFs and others	FLI1	Others	Mesenchymal stem cells	582	1/2624	0/1	0	0	inf
SRX8359006	TFs and others	FLI1	Others	Mesenchymal stem cells	5089	15/2624	0/1	0	0	inf
SRX8360018	TFs and others	NETO2	Blood	U-937	2962	37/2624	0/1	0	0	inf
SRX8363485	TFs and others	ARID1A	Neural	NGP	8397	686/2624	0/1	0	0	inf
SRX8363487	TFs and others	SMARCA4	Neural	NGP	4104	773/2624	0/1	0	0	inf
SRX8376347	TFs and others	PDX1	Pluripotent stem cell	hESC derived pancreatic cells	1417	67/2624	0/1	0	0	inf
SRX8376360	TFs and others	FOXA1	Pluripotent stem cell	hESC derived pancreatic cells	6880	44/2624	0/1	0	0	inf
SRX8376361	TFs and others	FOXA1	Pluripotent stem cell	hESC derived pancreatic cells	22286	668/2624	0/1	0	0	inf
SRX8376362	TFs and others	FOXA2	Pluripotent stem cell	hESC derived pancreatic cells	3712	31/2624	0/1	0	0	inf
SRX8376363	TFs and others	FOXA2	Pluripotent stem cell	hESC derived pancreatic cells	9626	84/2624	0/1	0	0	inf
SRX8376366	TFs and others	ONECUT1	Pluripotent stem cell	hESC derived pancreatic cells	13387	75/2624	0/1	0	0	inf
SRX8376367	TFs and others	ONECUT1	Pluripotent stem cell	hESC derived pancreatic cells	20455	118/2624	0/1	0	0	inf
SRX8379085	TFs and others	SMARCA4	Gonad	BIN-67	157	2/2624	0/1	0	0	inf
SRX8379086	TFs and others	SMARCA4	Gonad	BIN-67	114	2/2624	0/1	0	0	inf
SRX8379087	TFs and others	SMARCA4	Gonad	BIN-67	450	2/2624	0/1	0	0	inf
SRX8379091	TFs and others	SMARCA4	Gonad	BIN-67	142	2/2624	0/1	0	0	inf
SRX8379092	TFs and others	SMARCA4	Gonad	BIN-67	70	2/2624	0/1	0	0	inf
SRX8379093	TFs and others	SMARCA4	Gonad	BIN-67	173	2/2624	0/1	0	0	inf
SRX8379094	TFs and others	SMARCA4	Gonad	BIN-67	582	2/2624	0/1	0	0	inf
SRX8380459	TFs and others	BRD4	Uterus	HeLa	600	88/2624	0/1	0	0	inf
SRX8380644	TFs and others	ESR1	Bone	U2OS	12394	36/2624	0/1	0	0	inf
SRX8380645	TFs and others	ESR1	Bone	U2OS	10592	23/2624	0/1	0	0	inf
SRX8380646	TFs and others	ESR1	Bone	U2OS	14354	50/2624	0/1	0	0	inf
SRX8380647	TFs and others	ESR1	Bone	U2OS	7612	18/2624	0/1	0	0	inf
SRX8380648	TFs and others	ESR1	Bone	U2OS	11028	25/2624	0/1	0	0	inf
SRX8380649	TFs and others	ESR1	Bone	U2OS	12719	38/2624	0/1	0	0	inf
SRX8380650	TFs and others	ESR1	Bone	U2OS	10569	30/2624	0/1	0	0	inf
SRX8380651	TFs and others	ESR1	Bone	U2OS	4848	19/2624	0/1	0	0	inf
SRX8380652	TFs and others	ESR1	Bone	U2OS	1955	7/2624	0/1	0	0	inf
SRX8380653	TFs and others	ESR1	Bone	U2OS	2803	6/2624	0/1	0	0	inf
SRX8380668	TFs and others	ESR1	Bone	U2OS	13169	35/2624	0/1	0	0	inf
SRX8380669	TFs and others	ESR1	Bone	U2OS	4241	13/2624	0/1	0	0	inf
SRX8391104	TFs and others	MED1	Others	Head and neck squamous cell carcinoma 	633	4/2624	0/1	0	0	inf
SRX8391105	TFs and others	MED1	Others	Head and neck squamous cell carcinoma 	97	1/2624	0/1	0	0	inf
SRX8391106	TFs and others	FOSL1	Others	Head and neck squamous cell carcinoma 	1809	113/2624	0/1	0	0	inf
SRX8391107	TFs and others	FOSL1	Others	Head and neck squamous cell carcinoma 	316	15/2624	0/1	0	0	inf
SRX8400466	TFs and others	TP63	Others	CAL 27	805	11/2624	0/1	0	0	inf
SRX8400470	TFs and others	YAP1	Lung	NCI-H1299	2156	1/2624	0/1	0	0	inf
SRX8400471	TFs and others	YAP1	Lung	NCI-H1299	836	1/2624	0/1	0	0	inf
SRX8400472	TFs and others	TAZ	Lung	NCI-H1299	605	1/2624	0/1	0	0	inf
SRX8400473	TFs and others	TAZ	Lung	NCI-H1299	589	1/2624	0/1	0	0	inf
SRX8401245	TFs and others	TCF7L2	Pluripotent stem cell	hESC derived cardiac cells	41	1/2624	0/1	0	0	inf
SRX8401246	TFs and others	TCF7L2	Pluripotent stem cell	hESC derived cardiac cells	114	1/2624	0/1	0	0	inf
SRX8406299	TFs and others	HOXB13	Prostate	Prostate	15140	110/2624	0/1	0	0	inf
SRX8406300	TFs and others	HOXB13	Prostate	Prostate	8195	62/2624	0/1	0	0	inf
SRX8406301	TFs and others	HOXB13	Prostate	Prostate	16048	37/2624	0/1	0	0	inf
SRX8406302	TFs and others	HOXB13	Prostate	Prostate	16087	40/2624	0/1	0	0	inf
SRX8406303	TFs and others	HOXB13	Prostate	Prostate	25880	166/2624	0/1	0	0	inf
SRX8406304	TFs and others	HOXB13	Prostate	Prostate	17320	58/2624	0/1	0	0	inf
SRX8406305	TFs and others	HOXB13	Prostate	Prostate	8773	110/2624	0/1	0	0	inf
SRX8406306	TFs and others	HOXB13	Prostate	Prostate	10781	41/2624	0/1	0	0	inf
SRX8406307	TFs and others	HOXB13	Prostate	Prostate	15747	43/2624	0/1	0	0	inf
SRX8406308	TFs and others	HOXB13	Prostate	Prostate	17943	97/2624	0/1	0	0	inf
SRX8406309	TFs and others	HOXB13	Prostate	Prostatic Neoplasms, Castration-Resistant	8035	23/2624	0/1	0	0	inf
SRX8406310	TFs and others	HOXB13	Prostate	Prostatic Neoplasms, Castration-Resistant	11952	268/2624	0/1	0	0	inf
SRX8406311	TFs and others	HOXB13	Prostate	Prostatic Neoplasms, Castration-Resistant	20606	51/2624	0/1	0	0	inf
SRX8406312	TFs and others	HOXB13	Prostate	Prostatic Neoplasms, Castration-Resistant	15650	36/2624	0/1	0	0	inf
SRX8406313	TFs and others	HOXB13	Prostate	Prostatic Neoplasms, Castration-Resistant	17320	27/2624	0/1	0	0	inf
SRX8406314	TFs and others	HOXB13	Prostate	Prostatic Neoplasms, Castration-Resistant	11354	19/2624	0/1	0	0	inf
SRX8406315	TFs and others	AR	Prostate	Prostate	836	2/2624	0/1	0	0	inf
SRX8406316	TFs and others	AR	Prostate	Prostate	501	1/2624	0/1	0	0	inf
SRX8406317	TFs and others	HOXB13	Prostate	Prostatic Neoplasms, Castration-Resistant	456	1/2624	0/1	0	0	inf
SRX8406318	TFs and others	HOXB13	Prostate	Prostatic Neoplasms, Castration-Resistant	10764	38/2624	0/1	0	0	inf
SRX8406319	TFs and others	HOXB13	Prostate	Prostatic Neoplasms, Castration-Resistant	386	3/2624	0/1	0	0	inf
SRX8406320	TFs and others	HOXB13	Prostate	Prostatic Neoplasms, Castration-Resistant	7049	31/2624	0/1	0	0	inf
SRX8406321	TFs and others	HOXB13	Prostate	Prostatic Neoplasms, Castration-Resistant	7564	30/2624	0/1	0	0	inf
SRX8406322	TFs and others	HOXB13	Prostate	Prostatic Neoplasms, Castration-Resistant	4278	15/2624	0/1	0	0	inf
SRX8406323	TFs and others	HOXB13	Prostate	Prostatic Neoplasms, Castration-Resistant	10024	27/2624	0/1	0	0	inf
SRX8406324	TFs and others	HOXB13	Prostate	Prostatic Neoplasms, Castration-Resistant	23427	279/2624	0/1	0	0	inf
SRX8406325	TFs and others	HOXB13	Prostate	Prostatic Neoplasms, Castration-Resistant	6346	18/2624	0/1	0	0	inf
SRX8406413	TFs and others	AR	Prostate	Prostate	510	1/2624	0/1	0	0	inf
SRX8406414	TFs and others	AR	Prostate	Prostate	466	1/2624	0/1	0	0	inf
SRX8406415	TFs and others	AR	Prostate	Prostate	5355	19/2624	0/1	0	0	inf
SRX8406416	TFs and others	AR	Prostate	Prostate	2172	9/2624	0/1	0	0	inf
SRX8406417	TFs and others	AR	Prostate	Prostate	4158	83/2624	0/1	0	0	inf
SRX8406418	TFs and others	AR	Prostate	Prostate	2270	13/2624	0/1	0	0	inf
SRX8406419	TFs and others	AR	Prostate	Prostate	3938	194/2624	0/1	0	0	inf
SRX8406420	TFs and others	AR	Prostate	Prostate	6354	185/2624	0/1	0	0	inf
SRX8406421	TFs and others	AR	Prostate	Prostate	15165	421/2624	0/1	0	0	inf
SRX8406422	TFs and others	AR	Prostate	Prostate	2754	7/2624	0/1	0	0	inf
SRX8406423	TFs and others	AR	Prostate	Prostate	2827	7/2624	0/1	0	0	inf
SRX8406424	TFs and others	AR	Prostate	Prostate	11126	74/2624	0/1	0	0	inf
SRX8406425	TFs and others	AR	Prostate	Prostate	12003	100/2624	0/1	0	0	inf
SRX8406426	TFs and others	AR	Prostate	Prostate	12851	168/2624	0/1	0	0	inf
SRX8406427	TFs and others	AR	Prostate	Prostate	2520	10/2624	0/1	0	0	inf
SRX8406428	TFs and others	AR	Prostate	Prostate	1396	3/2624	0/1	0	0	inf
SRX8406445	TFs and others	AR	Prostate	Prostate	4958	8/2624	0/1	0	0	inf
SRX8406446	TFs and others	AR	Prostate	Prostate	1724	10/2624	0/1	0	0	inf
SRX8406447	TFs and others	AR	Prostate	Prostate	459	1/2624	0/1	0	0	inf
SRX8406448	TFs and others	AR	Prostate	Prostate	7072	32/2624	0/1	0	0	inf
SRX8406449	TFs and others	AR	Prostate	Prostate	4287	14/2624	0/1	0	0	inf
SRX8406450	TFs and others	AR	Prostate	Prostate	871	4/2624	0/1	0	0	inf
SRX8406451	TFs and others	AR	Prostate	Prostatic Neoplasms, Castration-Resistant	8273	35/2624	0/1	0	0	inf
SRX8406452	TFs and others	AR	Prostate	Prostatic Neoplasms, Castration-Resistant	3265	9/2624	0/1	0	0	inf
SRX8406453	TFs and others	AR	Prostate	Prostatic Neoplasms, Castration-Resistant	20073	27/2624	0/1	0	0	inf
SRX8406454	TFs and others	AR	Prostate	Prostatic Neoplasms, Castration-Resistant	3939	14/2624	0/1	0	0	inf
SRX8406455	TFs and others	AR	Prostate	Prostatic Neoplasms, Castration-Resistant	7037	11/2624	0/1	0	0	inf
SRX8406456	TFs and others	AR	Prostate	Prostatic Neoplasms, Castration-Resistant	3027	7/2624	0/1	0	0	inf
SRX8406457	TFs and others	AR	Prostate	Prostatic Neoplasms, Castration-Resistant	5369	4/2624	0/1	0	0	inf
SRX8406458	TFs and others	AR	Prostate	Prostatic Neoplasms, Castration-Resistant	12103	18/2624	0/1	0	0	inf
SRX8406459	TFs and others	AR	Prostate	Prostatic Neoplasms, Castration-Resistant	1337	3/2624	0/1	0	0	inf
SRX8406460	TFs and others	AR	Prostate	Prostatic Neoplasms, Castration-Resistant	1663	8/2624	0/1	0	0	inf
SRX8406477	TFs and others	AR	Prostate	Prostatic Neoplasms, Castration-Resistant	5597	11/2624	0/1	0	0	inf
SRX8406478	TFs and others	AR	Prostate	Prostatic Neoplasms, Castration-Resistant	6897	12/2624	0/1	0	0	inf
SRX8406479	TFs and others	AR	Prostate	Prostatic Neoplasms, Castration-Resistant	5344	10/2624	0/1	0	0	inf
SRX8406480	TFs and others	AR	Prostate	Prostatic Neoplasms, Castration-Resistant	23918	208/2624	0/1	0	0	inf
SRX8406481	TFs and others	AR	Prostate	Prostatic Neoplasms, Castration-Resistant	9168	15/2624	0/1	0	0	inf
SRX8406482	TFs and others	FOXA1	Prostate	Prostate	1878	40/2624	0/1	0	0	inf
SRX8406483	TFs and others	FOXA1	Prostate	Prostate	15423	636/2624	0/1	0	0	inf
SRX8406484	TFs and others	FOXA1	Prostate	Prostate	3643	24/2624	0/1	0	0	inf
SRX8406485	TFs and others	FOXA1	Prostate	Prostate	2149	20/2624	0/1	0	0	inf
SRX8406486	TFs and others	FOXA1	Prostate	Prostate	4260	64/2624	0/1	0	0	inf
SRX8406487	TFs and others	FOXA1	Prostate	Prostate	1217	5/2624	0/1	0	0	inf
SRX8406488	TFs and others	FOXA1	Prostate	Prostate	727	1/2624	0/1	0	0	inf
SRX8406489	TFs and others	FOXA1	Prostate	Prostate	619	2/2624	0/1	0	0	inf
SRX8406490	TFs and others	FOXA1	Prostate	Prostate	563	2/2624	0/1	0	0	inf
SRX8406491	TFs and others	FOXA1	Prostate	Prostate	3161	14/2624	0/1	0	0	inf
SRX8406492	TFs and others	FOXA1	Prostate	Prostate	586	2/2624	0/1	0	0	inf
SRX8406500	TFs and others	FOXA1	Prostate	Prostate	444	1/2624	0/1	0	0	inf
SRX8406501	TFs and others	FOXA1	Prostate	Prostate	393	2/2624	0/1	0	0	inf
SRX8406502	TFs and others	FOXA1	Prostate	Prostate	1594	9/2624	0/1	0	0	inf
SRX8406503	TFs and others	FOXA1	Prostate	Prostate	3951	13/2624	0/1	0	0	inf
SRX8406504	TFs and others	FOXA1	Prostate	Prostate	20421	86/2624	0/1	0	0	inf
SRX8406505	TFs and others	FOXA1	Prostate	Prostate	13009	71/2624	0/1	0	0	inf
SRX8406506	TFs and others	FOXA1	Prostate	Prostate	5083	53/2624	0/1	0	0	inf
SRX8406507	TFs and others	FOXA1	Prostate	Prostate	3194	13/2624	0/1	0	0	inf
SRX8406508	TFs and others	FOXA1	Prostate	Prostate	13196	88/2624	0/1	0	0	inf
SRX8406509	TFs and others	FOXA1	Prostate	Prostate	8080	41/2624	0/1	0	0	inf
SRX8406510	TFs and others	FOXA1	Prostate	Prostate	1936	15/2624	0/1	0	0	inf
SRX8406511	TFs and others	FOXA1	Prostate	Prostate	7829	75/2624	0/1	0	0	inf
SRX8406512	TFs and others	FOXA1	Prostate	Prostate	19737	371/2624	0/1	0	0	inf
SRX8406513	TFs and others	FOXA1	Prostate	Prostate	7375	65/2624	0/1	0	0	inf
SRX8406514	TFs and others	FOXA1	Prostate	Prostate	945	3/2624	0/1	0	0	inf
SRX8406515	TFs and others	FOXA1	Prostate	Prostate	26434	632/2624	0/1	0	0	inf
SRX8406516	TFs and others	FOXA1	Prostate	Prostatic Neoplasms, Castration-Resistant	17190	544/2624	0/1	0	0	inf
SRX8406517	TFs and others	FOXA1	Prostate	Prostatic Neoplasms, Castration-Resistant	21683	98/2624	0/1	0	0	inf
SRX8406518	TFs and others	FOXA1	Prostate	Prostatic Neoplasms, Castration-Resistant	16396	64/2624	0/1	0	0	inf
SRX8406519	TFs and others	FOXA1	Prostate	Prostatic Neoplasms, Castration-Resistant	27615	99/2624	0/1	0	0	inf
SRX8406520	TFs and others	FOXA1	Prostate	Prostatic Neoplasms, Castration-Resistant	29924	93/2624	0/1	0	0	inf
SRX8406521	TFs and others	FOXA1	Prostate	Prostatic Neoplasms, Castration-Resistant	24806	106/2624	0/1	0	0	inf
SRX8406522	TFs and others	FOXA1	Prostate	Prostatic Neoplasms, Castration-Resistant	19137	75/2624	0/1	0	0	inf
SRX8406523	TFs and others	FOXA1	Prostate	Prostatic Neoplasms, Castration-Resistant	5215	38/2624	0/1	0	0	inf
SRX8406524	TFs and others	FOXA1	Prostate	Prostatic Neoplasms, Castration-Resistant	15088	102/2624	0/1	0	0	inf
SRX8406525	TFs and others	FOXA1	Prostate	Prostatic Neoplasms, Castration-Resistant	20547	89/2624	0/1	0	0	inf
SRX8406526	TFs and others	FOXA1	Prostate	Prostatic Neoplasms, Castration-Resistant	13989	54/2624	0/1	0	0	inf
SRX8406527	TFs and others	FOXA1	Prostate	Prostatic Neoplasms, Castration-Resistant	18361	76/2624	0/1	0	0	inf
SRX8406528	TFs and others	FOXA1	Prostate	Prostatic Neoplasms, Castration-Resistant	14641	85/2624	0/1	0	0	inf
SRX8406529	TFs and others	FOXA1	Prostate	Prostatic Neoplasms, Castration-Resistant	20926	75/2624	0/1	0	0	inf
SRX8406530	TFs and others	FOXA1	Prostate	Prostatic Neoplasms, Castration-Resistant	6111	24/2624	0/1	0	0	inf
SRX8406531	TFs and others	HOXB13	Prostate	Prostate	3965	87/2624	0/1	0	0	inf
SRX8406532	TFs and others	HOXB13	Prostate	Prostate	1393	38/2624	0/1	0	0	inf
SRX8406533	TFs and others	HOXB13	Prostate	Prostate	12559	250/2624	0/1	0	0	inf
SRX8406534	TFs and others	HOXB13	Prostate	Prostate	21782	577/2624	0/1	0	0	inf
SRX8406535	TFs and others	HOXB13	Prostate	Prostate	5542	44/2624	0/1	0	0	inf
SRX8406536	TFs and others	HOXB13	Prostate	Prostate	1791	2/2624	0/1	0	0	inf
SRX8406537	TFs and others	HOXB13	Prostate	Prostate	738	1/2624	0/1	0	0	inf
SRX8406538	TFs and others	HOXB13	Prostate	Prostate	2178	4/2624	0/1	0	0	inf
SRX8406539	TFs and others	HOXB13	Prostate	Prostate	4653	12/2624	0/1	0	0	inf
SRX8406540	TFs and others	HOXB13	Prostate	Prostate	9894	43/2624	0/1	0	0	inf
SRX8406541	TFs and others	HOXB13	Prostate	Prostate	3757	9/2624	0/1	0	0	inf
SRX8406542	TFs and others	HOXB13	Prostate	Prostate	14322	148/2624	0/1	0	0	inf
SRX8406543	TFs and others	HOXB13	Prostate	Prostate	3590	14/2624	0/1	0	0	inf
SRX8406544	TFs and others	HOXB13	Prostate	Prostate	3951	19/2624	0/1	0	0	inf
SRX8406545	TFs and others	HOXB13	Prostate	Prostate	8834	84/2624	0/1	0	0	inf
SRX8406546	TFs and others	HOXB13	Prostate	Prostate	16109	235/2624	0/1	0	0	inf
SRX8406547	TFs and others	HOXB13	Prostate	Prostate	14331	495/2624	0/1	0	0	inf
SRX8418556	TFs and others	MAZ	Blood	SEM	4369	519/2624	0/1	0	0	inf
SRX8418557	TFs and others	AFF1	Blood	Bone Marrow Cells	6243	308/2624	0/1	0	0	inf
SRX8418558	TFs and others	AFF1	Blood	Bone Marrow Cells	262	2/2624	0/1	0	0	inf
SRX8418755	TFs and others	ESR1	Uterus	Endometrial stromal cells	119	9/2624	0/1	0	0	inf
SRX8419454	TFs and others	GLIS3	Pancreas	Pancreatic islets	47	2/2624	0/1	0	0	inf
SRX8420195	TFs and others	JUNB	Blood	KARPAS-299	1099	70/2624	0/1	0	0	inf
SRX8420196	TFs and others	JUN	Blood	KARPAS-299	12874	684/2624	0/1	0	0	inf
SRX8432557	TFs and others	EZH2	Pluripotent stem cell	iPS cells	244	1/2624	0/1	0	0	inf
SRX8432558	TFs and others	EZH2	Pluripotent stem cell	iPS cells	258	1/2624	0/1	0	0	inf
SRX8432559	TFs and others	EZH2	Pluripotent stem cell	iPS cells	271	1/2624	0/1	0	0	inf
SRX8432560	TFs and others	EZH2	Pluripotent stem cell	iPS cells	575	1/2624	0/1	0	0	inf
SRX8432561	TFs and others	EZH2	Pluripotent stem cell	iPS cells	462	1/2624	0/1	0	0	inf
SRX8432562	TFs and others	SUZ12	Pluripotent stem cell	iPS cells	350	1/2624	0/1	0	0	inf
SRX8432563	TFs and others	SUZ12	Pluripotent stem cell	iPS cells	351	1/2624	0/1	0	0	inf
SRX8432564	TFs and others	SUZ12	Pluripotent stem cell	iPS cells	219	1/2624	0/1	0	0	inf
SRX8432565	TFs and others	SUZ12	Pluripotent stem cell	iPS cells	232	1/2624	0/1	0	0	inf
SRX8432566	TFs and others	SUZ12	Pluripotent stem cell	iPS cells	317	1/2624	0/1	0	0	inf
SRX8432567	TFs and others	SUZ12	Pluripotent stem cell	iPS cells	372	1/2624	0/1	0	0	inf
SRX8432568	TFs and others	SUZ12	Pluripotent stem cell	iPS cells	222	1/2624	0/1	0	0	inf
SRX8432569	TFs and others	SUZ12	Pluripotent stem cell	iPS cells	285	1/2624	0/1	0	0	inf
SRX8432572	TFs and others	EZH2	Pluripotent stem cell	iPS cells	397	1/2624	0/1	0	0	inf
SRX8432573	TFs and others	EZH2	Pluripotent stem cell	iPS cells	338	1/2624	0/1	0	0	inf
SRX8432574	TFs and others	EZH2	Pluripotent stem cell	iPS cells	405	1/2624	0/1	0	0	inf
SRX8432575	TFs and others	EZH2	Pluripotent stem cell	iPS cells	374	1/2624	0/1	0	0	inf
SRX8432576	TFs and others	TBP	Pluripotent stem cell	iPS cells	1184	35/2624	0/1	0	0	inf
SRX8432577	TFs and others	TBP	Pluripotent stem cell	iPS cells	1219	36/2624	0/1	0	0	inf
SRX8432578	TFs and others	TBP	Pluripotent stem cell	iPS cells	1146	39/2624	0/1	0	0	inf
SRX8432579	TFs and others	TBP	Pluripotent stem cell	iPS cells	976	15/2624	0/1	0	0	inf
SRX8432580	TFs and others	TBP	Pluripotent stem cell	iPS cells	986	12/2624	0/1	0	0	inf
SRX8432581	TFs and others	EZH2	Pluripotent stem cell	iPS cells	370	1/2624	0/1	0	0	inf
SRX8432582	TFs and others	EZH2	Pluripotent stem cell	iPS cells	357	1/2624	0/1	0	0	inf
SRX8432583	TFs and others	EZH2	Pluripotent stem cell	iPS cells	291	1/2624	0/1	0	0	inf
SRX8432584	TFs and others	TBP	Pluripotent stem cell	iPS cells	986	13/2624	0/1	0	0	inf
SRX8432585	TFs and others	TBP	Pluripotent stem cell	iPS cells	1120	38/2624	0/1	0	0	inf
SRX8432586	TFs and others	TBP	Pluripotent stem cell	iPS cells	1142	33/2624	0/1	0	0	inf
SRX8449944	TFs and others	Epitope tags	Blood	Jurkat	542	1/2624	0/1	0	0	inf
SRX8449946	TFs and others	BAHCC1	Blood	Jurkat	872	6/2624	0/1	0	0	inf
SRX8453140	TFs and others	AR	Blood	Lymph Nodes	34586	307/2624	0/1	0	0	inf
SRX8453141	TFs and others	AR	Lung	Lung	29964	146/2624	0/1	0	0	inf
SRX8453142	TFs and others	AR	Blood	Lymph Nodes	23863	269/2624	0/1	0	0	inf
SRX8453143	TFs and others	AR	Liver	Liver	31901	154/2624	0/1	0	0	inf
SRX8453144	TFs and others	CTCF	Blood	Lymph Nodes	1333	29/2624	0/1	0	0	inf
SRX8453145	TFs and others	CTCF	Blood	Lymph Nodes	2313	91/2624	0/1	0	0	inf
SRX8453146	TFs and others	CTCF	Liver	Liver	606	16/2624	0/1	0	0	inf
SRX8453147	TFs and others	FOXA1	Blood	Lymph Nodes	11741	110/2624	0/1	0	0	inf
SRX8453148	TFs and others	FOXA1	Lung	Lung	13977	97/2624	0/1	0	0	inf
SRX8453149	TFs and others	FOXA1	Blood	Lymph Nodes	2472	22/2624	0/1	0	0	inf
SRX8453150	TFs and others	FOXA1	Liver	Liver	4018	26/2624	0/1	0	0	inf
SRX8466173	TFs and others	CTCF	Uterus	HeLa	37178	580/2624	0/1	0	0	inf
SRX8466174	TFs and others	CTCF	Uterus	HeLa	9886	296/2624	0/1	0	0	inf
SRX8468589	TFs and others	BRD4	Liver	HuH-7	3302	195/2624	0/1	0	0	inf
SRX8468590	TFs and others	BRD4	Liver	HuH-7	2262	74/2624	0/1	0	0	inf
SRX8468591	TFs and others	BRD4	Liver	HuH-7	2466	84/2624	0/1	0	0	inf
SRX8468592	TFs and others	BRD4	Liver	HuH-7	2643	111/2624	0/1	0	0	inf
SRX8468593	TFs and others	BRD4	Liver	HuH-7	2675	137/2624	0/1	0	0	inf
SRX8468846	TFs and others	IRF4	Blood	B cells	2455	14/2624	0/1	0	0	inf
SRX8468848	TFs and others	IRF4	Blood	B cells	3468	20/2624	0/1	0	0	inf
SRX8468926	TFs and others	FANCM	Uterus	HeLa	1392	1/2624	0/1	0	0	inf
SRX8470138	TFs and others	ZMYND8	Digestive tract	HCT 116	3527	273/2624	0/1	0	0	inf
SRX8470139	TFs and others	ZMYND8	Digestive tract	HCT 116	1055	40/2624	0/1	0	0	inf
SRX847028	TFs and others	AR	Prostate	C4-2	1618	2/2624	0/1	0	0	inf
SRX847030	TFs and others	AR	Prostate	C4-2	21106	25/2624	0/1	0	0	inf
SRX847032	TFs and others	AR	Prostate	LNCAP	145	1/2624	0/1	0	0	inf
SRX847034	TFs and others	AR	Prostate	LNCAP	30100	33/2624	0/1	0	0	inf
SRX8472389	TFs and others	RUNX2	Blood	KARPAS-45	13535	669/2624	0/1	0	0	inf
SRX8472392	TFs and others	RUNX2	Blood	PER-117	5624	274/2624	0/1	0	0	inf
SRX848603	TFs and others	MIF	Uterus	HeLa	331	1/2624	0/1	0	0	inf
SRX848605	TFs and others	MIF	Uterus	HeLa	224	21/2624	0/1	0	0	inf
SRX8488022	TFs and others	Epitope tags	Breast	MDA-MB-231	163	1/2624	0/1	0	0	inf
SRX8488023	TFs and others	Epitope tags	Breast	MDA-MB-231	639	1/2624	0/1	0	0	inf
SRX8488024	TFs and others	Epitope tags	Breast	MDA-MB-231	462	1/2624	0/1	0	0	inf
SRX8488025	TFs and others	Epitope tags	Breast	MDA-MB-231	379	1/2624	0/1	0	0	inf
SRX8488026	TFs and others	Epitope tags	Breast	MDA-MB-231	416	1/2624	0/1	0	0	inf
SRX849394	TFs and others	CDK8	Blood	SET-2	2259	181/2624	0/1	0	0	inf
SRX849396	TFs and others	CDK8	Blood	SET-2	3418	264/2624	0/1	0	0	inf
SRX849400	TFs and others	CDK8	Blood	MV-4-11	2633	208/2624	0/1	0	0	inf
SRX849404	TFs and others	CDK8	Blood	K-562	3067	345/2624	0/1	0	0	inf
SRX8494530	TFs and others	WWTR1	Neural	GBM	466	1/2624	0/1	0	0	inf
SRX8494531	TFs and others	WWTR1	Neural	GBM	502	1/2624	0/1	0	0	inf
SRX8494532	TFs and others	WWTR1	Neural	GBM	351	1/2624	0/1	0	0	inf
SRX8494533	TFs and others	WWTR1	Neural	GBM	374	1/2624	0/1	0	0	inf
SRX850667	TFs and others	BCL6	Blood	CD4+ T cells	3934	362/2624	0/1	0	0	inf
SRX8510435	TFs and others	ATF4	Pancreas	L3.6	1744	28/2624	0/1	0	0	inf
SRX8510436	TFs and others	ATF4	Pancreas	L3.6	1300	20/2624	0/1	0	0	inf
SRX8512550	TFs and others	RELA	Kidney	293	287	1/2624	0/1	0	0	inf
SRX8512723	TFs and others	BACH1	Digestive tract	HCT 116	718	9/2624	0/1	0	0	inf
SRX8512733	TFs and others	BACH1	Digestive tract	HCT 116	254	2/2624	0/1	0	0	inf
SRX8512734	TFs and others	BMI1	Digestive tract	HCT 116	221	1/2624	0/1	0	0	inf
SRX8512735	TFs and others	BMI1	Digestive tract	HCT 116	256	1/2624	0/1	0	0	inf
SRX8512736	TFs and others	BRD1	Digestive tract	HCT 116	117	1/2624	0/1	0	0	inf
SRX8512737	TFs and others	BRD1	Digestive tract	HCT 116	322	1/2624	0/1	0	0	inf
SRX8512738	TFs and others	BRD1	Digestive tract	HCT 116	86	1/2624	0/1	0	0	inf
SRX8512739	TFs and others	BRD3	Digestive tract	HCT 116	349	1/2624	0/1	0	0	inf
SRX8512740	TFs and others	BRD3	Digestive tract	HCT 116	240	1/2624	0/1	0	0	inf
SRX8512741	TFs and others	BRD9	Digestive tract	HCT 116	317	1/2624	0/1	0	0	inf
SRX8512742	TFs and others	BRPF1	Digestive tract	HCT 116	13	1/2624	0/1	0	0	inf
SRX8512743	TFs and others	BRPF1	Digestive tract	HCT 116	139	1/2624	0/1	0	0	inf
SRX8512744	TFs and others	BRPF1	Digestive tract	HCT 116	39	1/2624	0/1	0	0	inf
SRX8512745	TFs and others	BRWD1	Digestive tract	HCT 116	342	1/2624	0/1	0	0	inf
SRX8512746	TFs and others	BRWD1	Digestive tract	HCT 116	329	1/2624	0/1	0	0	inf
SRX8512747	TFs and others	CBX1	Digestive tract	HCT 116	372	1/2624	0/1	0	0	inf
SRX8512748	TFs and others	CBX3	Digestive tract	HCT 116	353	1/2624	0/1	0	0	inf
SRX8512749	TFs and others	CBX5	Digestive tract	HCT 116	504	1/2624	0/1	0	0	inf
SRX8512750	TFs and others	CBX5	Digestive tract	HCT 116	355	1/2624	0/1	0	0	inf
SRX8512751	TFs and others	CIZ1	Digestive tract	HCT 116	161	1/2624	0/1	0	0	inf
SRX8512752	TFs and others	CXXC1	Digestive tract	HCT 116	407	1/2624	0/1	0	0	inf
SRX8512753	TFs and others	CXXC1	Digestive tract	HCT 116	314	1/2624	0/1	0	0	inf
SRX8512754	TFs and others	CXXC1	Digestive tract	HCT 116	351	1/2624	0/1	0	0	inf
SRX8512755	TFs and others	CXXC1	Digestive tract	HCT 116	393	1/2624	0/1	0	0	inf
SRX8512756	TFs and others	CXXC1	Digestive tract	HCT 116	346	1/2624	0/1	0	0	inf
SRX8512757	TFs and others	CXXC1	Digestive tract	HCT 116	352	1/2624	0/1	0	0	inf
SRX8512758	TFs and others	CXXC1	Digestive tract	HCT 116	306	1/2624	0/1	0	0	inf
SRX8512760	TFs and others	DNMT3A	Digestive tract	HCT 116	225	1/2624	0/1	0	0	inf
SRX8512761	TFs and others	DNMT3L	Digestive tract	HCT 116	241	1/2624	0/1	0	0	inf
SRX8512762	TFs and others	DPF1	Digestive tract	HCT 116	453	1/2624	0/1	0	0	inf
SRX8512763	TFs and others	DPF1	Digestive tract	HCT 116	531	1/2624	0/1	0	0	inf
SRX8512764	TFs and others	DPF1	Digestive tract	HCT 116	443	1/2624	0/1	0	0	inf
SRX8512765	TFs and others	DPF1	Digestive tract	HCT 116	367	1/2624	0/1	0	0	inf
SRX8512766	TFs and others	EZH2	Digestive tract	HCT 116	331	1/2624	0/1	0	0	inf
SRX8512767	TFs and others	FOS	Digestive tract	HCT 116	4012	394/2624	0/1	0	0	inf
SRX8512768	TFs and others	GTF2F2	Digestive tract	HCT 116	367	1/2624	0/1	0	0	inf
SRX8512769	TFs and others	GTF2F2	Digestive tract	HCT 116	273	1/2624	0/1	0	0	inf
SRX8512770	TFs and others	GTF2H2	Digestive tract	HCT 116	354	1/2624	0/1	0	0	inf
SRX8512771	TFs and others	GTF2H2C	Digestive tract	HCT 116	398	1/2624	0/1	0	0	inf
SRX8512772	TFs and others	HMG20B	Digestive tract	HCT 116	311	1/2624	0/1	0	0	inf
SRX8512773	TFs and others	HSF1	Digestive tract	HCT 116	336	2/2624	0/1	0	0	inf
SRX8512774	TFs and others	HSF1	Digestive tract	HCT 116	2234	52/2624	0/1	0	0	inf
SRX8512775	TFs and others	HSF1	Digestive tract	HCT 116	314	1/2624	0/1	0	0	inf
SRX8512776	TFs and others	HSF1	Digestive tract	HCT 116	332	1/2624	0/1	0	0	inf
SRX8512777	TFs and others	HSF1	Digestive tract	HCT 116	232	2/2624	0/1	0	0	inf
SRX8512778	TFs and others	HSF1	Digestive tract	HCT 116	2677	68/2624	0/1	0	0	inf
SRX8512779	TFs and others	HSF1	Digestive tract	HCT 116	299	1/2624	0/1	0	0	inf
SRX8512780	TFs and others	HSF1	Digestive tract	HCT 116	343	7/2624	0/1	0	0	inf
SRX8512781	TFs and others	HSF1	Digestive tract	HCT 116	331	2/2624	0/1	0	0	inf
SRX8512782	TFs and others	HSF1	Digestive tract	HCT 116	295	1/2624	0/1	0	0	inf
SRX8512783	TFs and others	HSF1	Digestive tract	HCT 116	227	1/2624	0/1	0	0	inf
SRX8512784	TFs and others	HSF1	Digestive tract	HCT 116	217	1/2624	0/1	0	0	inf
SRX8512785	TFs and others	HSF2	Digestive tract	HCT 116	300	1/2624	0/1	0	0	inf
SRX8512786	TFs and others	HSF2	Digestive tract	HCT 116	192	1/2624	0/1	0	0	inf
SRX8512787	TFs and others	JAZF1	Digestive tract	HCT 116	110	1/2624	0/1	0	0	inf
SRX8512788	TFs and others	JAZF1	Digestive tract	HCT 116	130	1/2624	0/1	0	0	inf
SRX8512789	TFs and others	JAZF1	Digestive tract	HCT 116	152	1/2624	0/1	0	0	inf
SRX8512790	TFs and others	JAZF1	Digestive tract	HCT 116	2263	270/2624	0/1	0	0	inf
SRX8512791	TFs and others	KDM1A	Digestive tract	HCT 116	306	1/2624	0/1	0	0	inf
SRX8512792	TFs and others	KDM1A	Digestive tract	HCT 116	356	1/2624	0/1	0	0	inf
SRX8512793	TFs and others	KDM1A	Digestive tract	HCT 116	309	1/2624	0/1	0	0	inf
SRX8512794	TFs and others	LDB1	Digestive tract	HCT 116	419	1/2624	0/1	0	0	inf
SRX8512795	TFs and others	MED1	Digestive tract	HCT 116	400	1/2624	0/1	0	0	inf
SRX8512796	TFs and others	MED1	Digestive tract	HCT 116	372	1/2624	0/1	0	0	inf
SRX8512797	TFs and others	MED21	Digestive tract	HCT 116	516	1/2624	0/1	0	0	inf
SRX8512798	TFs and others	MED21	Digestive tract	HCT 116	412	1/2624	0/1	0	0	inf
SRX8512799	TFs and others	MED22	Digestive tract	HCT 116	398	1/2624	0/1	0	0	inf
SRX8512800	TFs and others	MED22	Digestive tract	HCT 116	346	1/2624	0/1	0	0	inf
SRX8512801	TFs and others	MED30	Digestive tract	HCT 116	267	2/2624	0/1	0	0	inf
SRX8512802	TFs and others	MED30	Digestive tract	HCT 116	292	1/2624	0/1	0	0	inf
SRX8512803	TFs and others	MED4	Digestive tract	HCT 116	360	1/2624	0/1	0	0	inf
SRX8512804	TFs and others	MED6	Digestive tract	HCT 116	411	1/2624	0/1	0	0	inf
SRX8512805	TFs and others	MED7	Digestive tract	HCT 116	490	1/2624	0/1	0	0	inf
SRX8512806	TFs and others	MED7	Digestive tract	HCT 116	262	1/2624	0/1	0	0	inf
SRX8512807	TFs and others	MED8	Digestive tract	HCT 116	508	1/2624	0/1	0	0	inf
SRX8512808	TFs and others	MED8	Digestive tract	HCT 116	607	1/2624	0/1	0	0	inf
SRX8512809	TFs and others	MED9	Digestive tract	HCT 116	435	1/2624	0/1	0	0	inf
SRX8512810	TFs and others	MEN1	Digestive tract	HCT 116	334	1/2624	0/1	0	0	inf
SRX8512811	TFs and others	MEN1	Digestive tract	HCT 116	324	1/2624	0/1	0	0	inf
SRX8512815	TFs and others	NFE2L2	Digestive tract	HCT 116	352	1/2624	0/1	0	0	inf
SRX8512816	TFs and others	NFE2L2	Digestive tract	HCT 116	339	1/2624	0/1	0	0	inf
SRX8512817	TFs and others	NRF1	Digestive tract	HCT 116	252	3/2624	0/1	0	0	inf
SRX8512818	TFs and others	NRF1	Digestive tract	HCT 116	311	2/2624	0/1	0	0	inf
SRX8512819	TFs and others	NRF1	Digestive tract	HCT 116	319	1/2624	0/1	0	0	inf
SRX8512820	TFs and others	NRF1	Digestive tract	HCT 116	1042	202/2624	0/1	0	0	inf
SRX8512821	TFs and others	NRF1	Digestive tract	HCT 116	271	3/2624	0/1	0	0	inf
SRX8512822	TFs and others	NRF1	Digestive tract	HCT 116	342	3/2624	0/1	0	0	inf
SRX8512823	TFs and others	NRF1	Digestive tract	HCT 116	383	1/2624	0/1	0	0	inf
SRX8512824	TFs and others	PCGF3	Digestive tract	HCT 116	294	1/2624	0/1	0	0	inf
SRX8512825	TFs and others	PCGF3	Digestive tract	HCT 116	194	1/2624	0/1	0	0	inf
SRX8512826	TFs and others	PCGF6	Digestive tract	HCT 116	197	1/2624	0/1	0	0	inf
SRX8512827	TFs and others	PCGF6	Digestive tract	HCT 116	255	1/2624	0/1	0	0	inf
SRX8512828	TFs and others	PRDM1	Digestive tract	HCT 116	196	1/2624	0/1	0	0	inf
SRX8512829	TFs and others	PRDM1	Digestive tract	HCT 116	193	1/2624	0/1	0	0	inf
SRX8512830	TFs and others	PRDM2	Digestive tract	HCT 116	104	1/2624	0/1	0	0	inf
SRX8512831	TFs and others	PRDM2	Digestive tract	HCT 116	137	1/2624	0/1	0	0	inf
SRX8512832	TFs and others	PRDM4	Digestive tract	HCT 116	317	6/2624	0/1	0	0	inf
SRX8512833	TFs and others	PRDM4	Digestive tract	HCT 116	370	3/2624	0/1	0	0	inf
SRX8512834	TFs and others	PRDM4	Digestive tract	HCT 116	198	2/2624	0/1	0	0	inf
SRX8512835	TFs and others	RCOR2	Digestive tract	HCT 116	166	1/2624	0/1	0	0	inf
SRX8512836	TFs and others	RCOR2	Digestive tract	HCT 116	156	1/2624	0/1	0	0	inf
SRX8512837	TFs and others	RCOR3	Digestive tract	HCT 116	166	1/2624	0/1	0	0	inf
SRX8512838	TFs and others	RCOR3	Digestive tract	HCT 116	219	1/2624	0/1	0	0	inf
SRX8512839	TFs and others	RNF20	Digestive tract	HCT 116	100	1/2624	0/1	0	0	inf
SRX8512840	TFs and others	SCML4	Digestive tract	HCT 116	301	1/2624	0/1	0	0	inf
SRX8512841	TFs and others	SCML4	Digestive tract	HCT 116	333	1/2624	0/1	0	0	inf
SRX8512842	TFs and others	SIRT1	Digestive tract	HCT 116	170	1/2624	0/1	0	0	inf
SRX8512843	TFs and others	SIRT1	Digestive tract	HCT 116	231	1/2624	0/1	0	0	inf
SRX8512844	TFs and others	SKIL	Digestive tract	HCT 116	174	1/2624	0/1	0	0	inf
SRX8512845	TFs and others	SMAD2	Digestive tract	HCT 116	4289	502/2624	0/1	0	0	inf
SRX8512846	TFs and others	SMAD2	Digestive tract	HCT 116	143	1/2624	0/1	0	0	inf
SRX8512847	TFs and others	SMAD4	Digestive tract	HCT 116	141	1/2624	0/1	0	0	inf
SRX8512848	TFs and others	SMAD4	Digestive tract	HCT 116	171	1/2624	0/1	0	0	inf
SRX8512849	TFs and others	SMAD4	Digestive tract	HCT 116	151	1/2624	0/1	0	0	inf
SRX8512850	TFs and others	SMAD4	Digestive tract	HCT 116	97	1/2624	0/1	0	0	inf
SRX8512851	TFs and others	SMAD4	Digestive tract	HCT 116	139	1/2624	0/1	0	0	inf
SRX8512852	TFs and others	SMAD4	Digestive tract	HCT 116	141	1/2624	0/1	0	0	inf
SRX8512853	TFs and others	SMAD4	Digestive tract	HCT 116	144	1/2624	0/1	0	0	inf
SRX8512854	TFs and others	SMAD4	Digestive tract	HCT 116	211	1/2624	0/1	0	0	inf
SRX8512855	TFs and others	SMAD4	Digestive tract	HCT 116	144	1/2624	0/1	0	0	inf
SRX8512856	TFs and others	SMARCAL1	Digestive tract	HCT 116	468	1/2624	0/1	0	0	inf
SRX8512857	TFs and others	SMARCAL1	Digestive tract	HCT 116	465	1/2624	0/1	0	0	inf
SRX8512858	TFs and others	SMARCAL1	Digestive tract	HCT 116	548	1/2624	0/1	0	0	inf
SRX8512859	TFs and others	SMARCB1	Digestive tract	HCT 116	420	1/2624	0/1	0	0	inf
SRX8512860	TFs and others	SMARCC1	Digestive tract	HCT 116	1944	320/2624	0/1	0	0	inf
SRX8512861	TFs and others	SMARCC2	Digestive tract	HCT 116	169	1/2624	0/1	0	0	inf
SRX8512862	TFs and others	SMARCC2	Digestive tract	HCT 116	346	1/2624	0/1	0	0	inf
SRX8512863	TFs and others	SMARCD1	Digestive tract	HCT 116	232	1/2624	0/1	0	0	inf
SRX8512864	TFs and others	SMARCD1	Digestive tract	HCT 116	521	1/2624	0/1	0	0	inf
SRX8512865	TFs and others	SMARCE1	Digestive tract	HCT 116	232	1/2624	0/1	0	0	inf
SRX8512866	TFs and others	SMARCE1	Digestive tract	HCT 116	384	1/2624	0/1	0	0	inf
SRX8512867	TFs and others	SMARCE1	Digestive tract	HCT 116	284	1/2624	0/1	0	0	inf
SRX8512868	TFs and others	SNAPC4	Digestive tract	HCT 116	303	1/2624	0/1	0	0	inf
SRX8512869	TFs and others	SNAPC4	Digestive tract	HCT 116	265	1/2624	0/1	0	0	inf
SRX8512870	TFs and others	TCEAL8	Digestive tract	HCT 116	268	1/2624	0/1	0	0	inf
SRX8512871	TFs and others	TEAD3	Digestive tract	HCT 116	115	1/2624	0/1	0	0	inf
SRX8512872	TFs and others	TEAD4	Digestive tract	HCT 116	37	1/2624	0/1	0	0	inf
SRX8512873	TFs and others	TEAD4	Digestive tract	HCT 116	147	7/2624	0/1	0	0	inf
SRX8512874	TFs and others	TRIM24	Digestive tract	HCT 116	55	1/2624	0/1	0	0	inf
SRX8512875	TFs and others	USP7	Digestive tract	HCT 116	77	1/2624	0/1	0	0	inf
SRX8512876	TFs and others	WHSC1	Digestive tract	HCT 116	293	1/2624	0/1	0	0	inf
SRX8512877	TFs and others	WHSC1	Digestive tract	HCT 116	125	1/2624	0/1	0	0	inf
SRX8512878	TFs and others	YEATS2	Digestive tract	HCT 116	180	1/2624	0/1	0	0	inf
SRX8512879	TFs and others	YEATS4	Digestive tract	HCT 116	194	1/2624	0/1	0	0	inf
SRX8520792	TFs and others	STAT3	Breast	BT-474	2634	99/2624	0/1	0	0	inf
SRX8520793	TFs and others	STAT3	Breast	HCC1187	10646	173/2624	0/1	0	0	inf
SRX8520794	TFs and others	STAT3	Breast	HCC1937	1683	54/2624	0/1	0	0	inf
SRX8520795	TFs and others	STAT3	Breast	HCC70	6644	222/2624	0/1	0	0	inf
SRX8520796	TFs and others	STAT3	Breast	MCF-7	2531	104/2624	0/1	0	0	inf
SRX8520797	TFs and others	STAT3	Breast	MDA-MB-231	4070	117/2624	0/1	0	0	inf
SRX8520798	TFs and others	STAT3	Breast	MDA-MB-361	429	10/2624	0/1	0	0	inf
SRX8520799	TFs and others	STAT3	Breast	MDA-MB-453	2783	80/2624	0/1	0	0	inf
SRX8520800	TFs and others	STAT3	Breast	SUM 159PT	12908	318/2624	0/1	0	0	inf
SRX8520801	TFs and others	NR3C1	Breast	BT-474	213	2/2624	0/1	0	0	inf
SRX8520802	TFs and others	NR3C1	Breast	HCC1187	27749	119/2624	0/1	0	0	inf
SRX8520803	TFs and others	NR3C1	Breast	HCC1937	7305	60/2624	0/1	0	0	inf
SRX8520804	TFs and others	NR3C1	Breast	HCC70	3083	39/2624	0/1	0	0	inf
SRX8520805	TFs and others	NR3C1	Breast	MCF-7	7992	60/2624	0/1	0	0	inf
SRX8520806	TFs and others	NR3C1	Breast	MDA-MB-231	9156	107/2624	0/1	0	0	inf
SRX8520807	TFs and others	NR3C1	Breast	MDA-MB-361	1773	8/2624	0/1	0	0	inf
SRX8520808	TFs and others	NR3C1	Breast	MDA-MB-453	5432	23/2624	0/1	0	0	inf
SRX8520809	TFs and others	NR3C1	Breast	SUM 159PT	25456	180/2624	0/1	0	0	inf
SRX8528440	TFs and others	RAD21	Uterus	HeLa	10901	136/2624	0/1	0	0	inf
SRX8528441	TFs and others	RAD21	Uterus	HeLa	874	1/2624	0/1	0	0	inf
SRX8528442	TFs and others	RAD21	Uterus	HeLa	12384	146/2624	0/1	0	0	inf
SRX8528443	TFs and others	RAD21	Uterus	HeLa	15067	197/2624	0/1	0	0	inf
SRX852985	TFs and others	RUNX1	Breast	MCF-7	261	14/2624	0/1	0	0	inf
SRX852986	TFs and others	RUNX1	Breast	MCF-7	771	2/2624	0/1	0	0	inf
SRX853214	TFs and others	EGFR	Uterus	HeLa	664	1/2624	0/1	0	0	inf
SRX853215	TFs and others	EGFR	Uterus	HeLa	665	1/2624	0/1	0	0	inf
SRX853216	TFs and others	EGFR	Uterus	HeLa	693	1/2624	0/1	0	0	inf
SRX853217	TFs and others	EGFR	Uterus	HeLa	805	1/2624	0/1	0	0	inf
SRX853218	TFs and others	MAPK1	Uterus	HeLa	913	1/2624	0/1	0	0	inf
SRX853219	TFs and others	MAPK1	Uterus	HeLa	739	1/2624	0/1	0	0	inf
SRX853220	TFs and others	MAPK1	Uterus	HeLa	777	1/2624	0/1	0	0	inf
SRX853221	TFs and others	MAPK1	Uterus	HeLa	798	1/2624	0/1	0	0	inf
SRX853224	TFs and others	MAP2K1	Uterus	HeLa	729	1/2624	0/1	0	0	inf
SRX853225	TFs and others	MAP2K1	Uterus	HeLa	765	1/2624	0/1	0	0	inf
SRX853226	TFs and others	MAP2K1	Uterus	HeLa	777	1/2624	0/1	0	0	inf
SRX853227	TFs and others	MAP2K1	Uterus	HeLa	786	1/2624	0/1	0	0	inf
SRX8536088	TFs and others	RUNX1	Blood	CD34+	1788	4/2624	0/1	0	0	inf
SRX8536089	TFs and others	RUNX1T1	Blood	CD34+	13270	871/2624	0/1	0	0	inf
SRX8536090	TFs and others	RUNX1T1	Blood	CD34+	2075	113/2624	0/1	0	0	inf
SRX8536091	TFs and others	JUND	Blood	CD34+	1385	166/2624	0/1	0	0	inf
SRX8536092	TFs and others	JUND	Blood	CD34+	4808	472/2624	0/1	0	0	inf
SRX8536093	TFs and others	GATA2	Blood	CD34+	4451	48/2624	0/1	0	0	inf
SRX8536094	TFs and others	GATA2	Blood	CD34+	3471	39/2624	0/1	0	0	inf
SRX8536095	TFs and others	RUNX1	Blood	CD34+	235	3/2624	0/1	0	0	inf
SRX8536106	TFs and others	GATA1	Blood	HUDEP-2	14513	254/2624	0/1	0	0	inf
SRX8536107	TFs and others	GATA1	Blood	HUDEP-2	18839	263/2624	0/1	0	0	inf
SRX8536108	TFs and others	GATA1	Blood	HUDEP-2	23613	545/2624	0/1	0	0	inf
SRX8536109	TFs and others	GATA1	Blood	HUDEP-2	28891	761/2624	0/1	0	0	inf
SRX8536111	TFs and others	GATA1	Blood	HUDEP-2	7431	77/2624	0/1	0	0	inf
SRX8536112	TFs and others	GATA1	Blood	HUDEP-2	12880	177/2624	0/1	0	0	inf
SRX8536113	TFs and others	GATA1	Blood	HUDEP-2	16619	296/2624	0/1	0	0	inf
SRX8536114	TFs and others	GATA1	Blood	HUDEP-2	12519	127/2624	0/1	0	0	inf
SRX8536115	TFs and others	GATA1	Blood	HUDEP-2	9480	139/2624	0/1	0	0	inf
SRX8536116	TFs and others	GATA1	Blood	HUDEP-2	15150	160/2624	0/1	0	0	inf
SRX8536119	TFs and others	NFYB	Blood	HUDEP-2	8252	1103/2624	0/1	0	0	inf
SRX8536120	TFs and others	NFYB	Blood	HUDEP-2	7952	1165/2624	0/1	0	0	inf
SRX8536121	TFs and others	NFYB	Blood	HUDEP-2	6206	1075/2624	0/1	0	0	inf
SRX8536123	TFs and others	GATA1	Blood	HUDEP-2	26315	325/2624	0/1	0	0	inf
SRX8536124	TFs and others	GATA1	Blood	HUDEP-2	16034	229/2624	0/1	0	0	inf
SRX8536125	TFs and others	GATA1	Blood	HUDEP-2	15866	161/2624	0/1	0	0	inf
SRX8536126	TFs and others	GATA1	Blood	HUDEP-2	17090	141/2624	0/1	0	0	inf
SRX8536128	TFs and others	NFYB	Blood	HUDEP-2	4143	641/2624	0/1	0	0	inf
SRX8536129	TFs and others	NFYB	Blood	HUDEP-2	3404	646/2624	0/1	0	0	inf
SRX8536130	TFs and others	NFYB	Blood	HUDEP-2	8287	944/2624	0/1	0	0	inf
SRX8536131	TFs and others	NFYB	Blood	HUDEP-2	6411	743/2624	0/1	0	0	inf
SRX8537471	TFs and others	SNAI1	Muscle	RH-30	239	2/2624	0/1	0	0	inf
SRX8538460	TFs and others	HCFC1	Blood	RAMOS	1362	64/2624	0/1	0	0	inf
SRX8538461	TFs and others	HCFC1	Blood	RAMOS	1506	94/2624	0/1	0	0	inf
SRX8538462	TFs and others	HCFC1	Blood	RAMOS	1943	171/2624	0/1	0	0	inf
SRX8538839	TFs and others	KDM5A	Blood	NB-4	1216	149/2624	0/1	0	0	inf
SRX8538895	TFs and others	ASCL1	Neural	Glioma	1456	11/2624	0/1	0	0	inf
SRX8538897	TFs and others	ASCL1	Neural	Glioma	1816	39/2624	0/1	0	0	inf
SRX8550417	TFs and others	BMI1	Bone	A-673	609	1/2624	0/1	0	0	inf
SRX8550419	TFs and others	FLI1	Bone	A-673	933	2/2624	0/1	0	0	inf
SRX8550421	TFs and others	RNF2	Bone	A-673	652	3/2624	0/1	0	0	inf
SRX8550422	TFs and others	FLI1	Bone	A-673	9016	61/2624	0/1	0	0	inf
SRX8550424	TFs and others	RNF2	Bone	A-673	664	2/2624	0/1	0	0	inf
SRX8550425	TFs and others	FLI1	Bone	A-673	3845	27/2624	0/1	0	0	inf
SRX8564263	TFs and others	SMARCA4	Others	12Z	732	1/2624	0/1	0	0	inf
SRX8564264	TFs and others	SMARCA4	Others	12Z	665	1/2624	0/1	0	0	inf
SRX8570841	TFs and others	HAP1	Blood	KBM-7	30100	669/2624	0/1	0	0	inf
SRX8570842	TFs and others	HAP1	Blood	KBM-7	26302	459/2624	0/1	0	0	inf
SRX8570843	TFs and others	HAP1	Blood	KBM-7	23581	450/2624	0/1	0	0	inf
SRX8570844	TFs and others	HAP1	Blood	KBM-7	30809	775/2624	0/1	0	0	inf
SRX8570845	TFs and others	HAP1	Blood	KBM-7	32790	935/2624	0/1	0	0	inf
SRX8570918	TFs and others	HAP1	Blood	KBM-7	38247	541/2624	0/1	0	0	inf
SRX8570919	TFs and others	HAP1	Blood	KBM-7	26508	285/2624	0/1	0	0	inf
SRX8570920	TFs and others	HAP1	Blood	KBM-7	36907	431/2624	0/1	0	0	inf
SRX8570921	TFs and others	HAP1	Blood	KBM-7	27217	292/2624	0/1	0	0	inf
SRX8570922	TFs and others	HAP1	Blood	KBM-7	35554	433/2624	0/1	0	0	inf
SRX8570923	TFs and others	HAP1	Blood	KBM-7	26667	267/2624	0/1	0	0	inf
SRX8570924	TFs and others	HAP1	Blood	KBM-7	34901	432/2624	0/1	0	0	inf
SRX8570925	TFs and others	HAP1	Blood	KBM-7	28920	299/2624	0/1	0	0	inf
SRX8570926	TFs and others	HAP1	Blood	KBM-7	29896	390/2624	0/1	0	0	inf
SRX8570927	TFs and others	HAP1	Blood	KBM-7	21344	218/2624	0/1	0	0	inf
SRX8570928	TFs and others	HAP1	Blood	KBM-7	37191	488/2624	0/1	0	0	inf
SRX8570929	TFs and others	HAP1	Blood	KBM-7	15684	141/2624	0/1	0	0	inf
SRX8570930	TFs and others	HAP1	Blood	KBM-7	38096	498/2624	0/1	0	0	inf
SRX8570931	TFs and others	HAP1	Blood	KBM-7	32571	406/2624	0/1	0	0	inf
SRX8570932	TFs and others	HAP1	Blood	KBM-7	28183	316/2624	0/1	0	0	inf
SRX8570933	TFs and others	HAP1	Blood	KBM-7	37739	519/2624	0/1	0	0	inf
SRX8570934	TFs and others	HAP1	Blood	KBM-7	40391	523/2624	0/1	0	0	inf
SRX8570935	TFs and others	HAP1	Blood	KBM-7	30037	333/2624	0/1	0	0	inf
SRX8570936	TFs and others	HAP1	Blood	KBM-7	41777	539/2624	0/1	0	0	inf
SRX8570937	TFs and others	HAP1	Blood	KBM-7	33337	361/2624	0/1	0	0	inf
SRX8570938	TFs and others	HAP1	Blood	KBM-7	39221	548/2624	0/1	0	0	inf
SRX8570939	TFs and others	HAP1	Blood	KBM-7	33349	456/2624	0/1	0	0	inf
SRX8570940	TFs and others	HAP1	Blood	KBM-7	37658	528/2624	0/1	0	0	inf
SRX8570941	TFs and others	HAP1	Blood	KBM-7	33928	471/2624	0/1	0	0	inf
SRX8570942	TFs and others	HAP1	Blood	KBM-7	39445	517/2624	0/1	0	0	inf
SRX8570943	TFs and others	HAP1	Blood	KBM-7	32497	384/2624	0/1	0	0	inf
SRX8570944	TFs and others	HAP1	Blood	KBM-7	38361	481/2624	0/1	0	0	inf
SRX8570945	TFs and others	HAP1	Blood	KBM-7	31054	352/2624	0/1	0	0	inf
SRX8570946	TFs and others	HAP1	Blood	KBM-7	35966	420/2624	0/1	0	0	inf
SRX8570947	TFs and others	HAP1	Blood	KBM-7	29427	309/2624	0/1	0	0	inf
SRX8570948	TFs and others	HAP1	Blood	KBM-7	33910	408/2624	0/1	0	0	inf
SRX8570949	TFs and others	HAP1	Blood	KBM-7	35371	466/2624	0/1	0	0	inf
SRX8582167	TFs and others	CTCF	Digestive tract	HCT 116	33422	434/2624	0/1	0	0	inf
SRX8582170	TFs and others	SMC3	Digestive tract	HCT 116	18764	217/2624	0/1	0	0	inf
SRX8582171	TFs and others	CTCF	Digestive tract	HCT 116	32273	436/2624	0/1	0	0	inf
SRX8582174	TFs and others	SMC3	Digestive tract	HCT 116	18349	202/2624	0/1	0	0	inf
SRX8582629	TFs and others	CBFA2T3	Blood	REH	861	1/2624	0/1	0	0	inf
SRX8582630	TFs and others	CBFA2T3	Blood	NALM-6	855	1/2624	0/1	0	0	inf
SRX858324	TFs and others	RUNX1	Blood	Kasumi-1	7801	171/2624	0/1	0	0	inf
SRX858325	TFs and others	RUNX1T1	Blood	Kasumi-1	4713	98/2624	0/1	0	0	inf
SRX8588596	TFs and others	MECOM	Gonad	KURAMOCHI	3362	36/2624	0/1	0	0	inf
SRX8588598	TFs and others	PAX8	Gonad	KURAMOCHI	6169	61/2624	0/1	0	0	inf
SRX8588599	TFs and others	SOX17	Gonad	KURAMOCHI	5512	68/2624	0/1	0	0	inf
SRX8588600	TFs and others	CTCF	Gonad	KURAMOCHI	26909	417/2624	0/1	0	0	inf
SRX8588601	TFs and others	CTCF	Gonad	KURAMOCHI	21890	378/2624	0/1	0	0	inf
SRX8588623	TFs and others	SMARCA4	Cardiovascular	Pulmonary artery endothelial cells	24455	134/2624	0/1	0	0	inf
SRX8588624	TFs and others	SMARCA4	Cardiovascular	Pulmonary artery endothelial cells	32339	176/2624	0/1	0	0	inf
SRX8588625	TFs and others	SMARCA4	Cardiovascular	Pulmonary artery endothelial cells	21688	112/2624	0/1	0	0	inf
SRX8588626	TFs and others	SMARCA4	Cardiovascular	Pulmonary artery endothelial cells	26830	138/2624	0/1	0	0	inf
SRX8588641	TFs and others	KLF4	Cardiovascular	Pulmonary artery endothelial cells	2135	53/2624	0/1	0	0	inf
SRX8588642	TFs and others	KLF4	Cardiovascular	Pulmonary artery endothelial cells	1718	45/2624	0/1	0	0	inf
SRX8602199	TFs and others	IRF4	Blood	NCI-H929	5345	312/2624	0/1	0	0	inf
SRX8602201	TFs and others	IRF4	Blood	OCI-LY-3	537	15/2624	0/1	0	0	inf
SRX8602202	TFs and others	IRF4	Blood	OCI-LY-3	831	1/2624	0/1	0	0	inf
SRX8602203	TFs and others	IRF4	Blood	OCI-LY-3	1575	24/2624	0/1	0	0	inf
SRX8602204	TFs and others	IRF4	Blood	OCI-LY-3	1056	44/2624	0/1	0	0	inf
SRX8602205	TFs and others	IRF4	Blood	OCI-LY-10	2369	31/2624	0/1	0	0	inf
SRX8602206	TFs and others	IRF4	Blood	OCI-LY-10	3910	1/2624	0/1	0	0	inf
SRX8602207	TFs and others	IRF4	Blood	OCI-LY-10	7733	75/2624	0/1	0	0	inf
SRX8602208	TFs and others	IRF4	Blood	OCI-LY-10	160	5/2624	0/1	0	0	inf
SRX8602209	TFs and others	IRF4	Blood	U-266	3597	401/2624	0/1	0	0	inf
SRX8602210	TFs and others	IRF4	Blood	U-266	122	1/2624	0/1	0	0	inf
SRX8607604	TFs and others	SUPT6H	Epidermis	Keratinocytes	697	1/2624	0/1	0	0	inf
SRX8607605	TFs and others	SUPT6H	Epidermis	Keratinocytes	492	1/2624	0/1	0	0	inf
SRX8616351	TFs and others	KSHV LANA	Blood	BCBL1	214	9/2624	0/1	0	0	inf
SRX8616353	TFs and others	KSHV LANA	Blood	BCBL1	174	1/2624	0/1	0	0	inf
SRX8616355	TFs and others	KSHV LANA	Blood	BCBL1	51	1/2624	0/1	0	0	inf
SRX8616357	TFs and others	KSHV LANA	Blood	BCBL1	66	1/2624	0/1	0	0	inf
SRX8616359	TFs and others	KSHV LANA	Blood	BJAB	1251	68/2624	0/1	0	0	inf
SRX8616361	TFs and others	KSHV LANA	Blood	BJAB	818	40/2624	0/1	0	0	inf
SRX8616363	TFs and others	KSHV LANA	Blood	BJAB	520	25/2624	0/1	0	0	inf
SRX8616365	TFs and others	KSHV LANA	Blood	BJAB	440	21/2624	0/1	0	0	inf
SRX8616367	TFs and others	KSHV LANA	Blood	BJAB	286	1/2624	0/1	0	0	inf
SRX8616369	TFs and others	KSHV LANA	Blood	BJAB	278	1/2624	0/1	0	0	inf
SRX8616371	TFs and others	KSHV LANA	Blood	BJAB	104	1/2624	0/1	0	0	inf
SRX8616373	TFs and others	KSHV LANA	Blood	BJAB	144	1/2624	0/1	0	0	inf
SRX8616375	TFs and others	BRD2	Blood	BCBL1	1501	38/2624	0/1	0	0	inf
SRX8616376	TFs and others	BRD4	Blood	BCBL1	151	1/2624	0/1	0	0	inf
SRX8616378	TFs and others	BRD2	Blood	BCBL1	545	23/2624	0/1	0	0	inf
SRX8616379	TFs and others	BRD4	Blood	BCBL1	68	1/2624	0/1	0	0	inf
SRX861678	TFs and others	AR	Prostate	Prostate cancer	301	1/2624	0/1	0	0	inf
SRX8616797	TFs and others	JUN	Lung	A549	9036	370/2624	0/1	0	0	inf
SRX8616798	TFs and others	JUN	Lung	A549	14319	454/2624	0/1	0	0	inf
SRX8616799	TFs and others	JUN	Lung	A549	2929	106/2624	0/1	0	0	inf
SRX8616800	TFs and others	JUN	Lung	A549	1421	61/2624	0/1	0	0	inf
SRX8616801	TFs and others	JUN	Lung	A549	3490	117/2624	0/1	0	0	inf
SRX8616802	TFs and others	JUN	Lung	A549	2331	91/2624	0/1	0	0	inf
SRX8616803	TFs and others	JUN	Lung	A549	1336	54/2624	0/1	0	0	inf
SRX8616804	TFs and others	JUN	Lung	A549	1483	58/2624	0/1	0	0	inf
SRX8616805	TFs and others	JUN	Lung	A549	117	3/2624	0/1	0	0	inf
SRX8616806	TFs and others	JUN	Lung	A549	92	2/2624	0/1	0	0	inf
SRX8616807	TFs and others	JUN	Lung	A549	2146	107/2624	0/1	0	0	inf
SRX8616808	TFs and others	JUN	Lung	A549	156	4/2624	0/1	0	0	inf
SRX8616809	TFs and others	JUN	Lung	A549	365	19/2624	0/1	0	0	inf
SRX861680	TFs and others	AR	Prostate	Prostate cancer	4268	22/2624	0/1	0	0	inf
SRX8616810	TFs and others	FOSL1	Lung	A549	437	1/2624	0/1	0	0	inf
SRX8616811	TFs and others	FOSL1	Lung	A549	761	33/2624	0/1	0	0	inf
SRX8616812	TFs and others	FOSL1	Lung	A549	383	16/2624	0/1	0	0	inf
SRX8616813	TFs and others	FOSL1	Lung	A549	448	1/2624	0/1	0	0	inf
SRX8616814	TFs and others	FOSL1	Lung	A549	2041	67/2624	0/1	0	0	inf
SRX8616815	TFs and others	FOSL1	Lung	A549	1442	50/2624	0/1	0	0	inf
SRX8616816	TFs and others	FOSL1	Lung	A549	238	1/2624	0/1	0	0	inf
SRX8616817	TFs and others	FOSL1	Lung	A549	658	37/2624	0/1	0	0	inf
SRX8616818	TFs and others	FOSL1	Lung	A549	1478	56/2624	0/1	0	0	inf
SRX8616819	TFs and others	FOSL1	Lung	A549	350	1/2624	0/1	0	0	inf
SRX861681	TFs and others	AR	Prostate	Prostate cancer	282	1/2624	0/1	0	0	inf
SRX8616820	TFs and others	FOSL1	Lung	A549	1035	39/2624	0/1	0	0	inf
SRX8616821	TFs and others	FOSL1	Lung	A549	229	7/2624	0/1	0	0	inf
SRX8616822	TFs and others	FOSL1	Lung	A549	420	18/2624	0/1	0	0	inf
SRX8616823	TFs and others	FOSL1	Lung	A549	633	27/2624	0/1	0	0	inf
SRX8616824	TFs and others	FOSL2	Lung	A549	7985	189/2624	0/1	0	0	inf
SRX8616825	TFs and others	FOSL2	Lung	A549	15824	495/2624	0/1	0	0	inf
SRX8616827	TFs and others	FOSL2	Lung	A549	13920	1024/2624	0/1	0	0	inf
SRX8616828	TFs and others	FOSL2	Lung	A549	16936	576/2624	0/1	0	0	inf
SRX8616829	TFs and others	FOSL2	Lung	A549	21291	678/2624	0/1	0	0	inf
SRX861682	TFs and others	AR	Prostate	Prostate cancer	1024	2/2624	0/1	0	0	inf
SRX8616830	TFs and others	FOSL2	Lung	A549	8580	239/2624	0/1	0	0	inf
SRX8616831	TFs and others	FOSL2	Lung	A549	12763	485/2624	0/1	0	0	inf
SRX8616832	TFs and others	FOSL2	Lung	A549	15092	435/2624	0/1	0	0	inf
SRX8616833	TFs and others	FOSL2	Lung	A549	4529	136/2624	0/1	0	0	inf
SRX8616834	TFs and others	FOSL2	Lung	A549	29257	1296/2624	0/1	0	0	inf
SRX8616835	TFs and others	FOSL2	Lung	A549	14559	469/2624	0/1	0	0	inf
SRX8616836	TFs and others	FOSL2	Lung	A549	4286	117/2624	0/1	0	0	inf
SRX8616837	TFs and others	FOSL2	Lung	A549	13286	381/2624	0/1	0	0	inf
SRX8616838	TFs and others	FOSL2	Lung	A549	11165	305/2624	0/1	0	0	inf
SRX8616839	TFs and others	JUNB	Lung	A549	13556	334/2624	0/1	0	0	inf
SRX861683	TFs and others	AR	Prostate	Prostate cancer	400	1/2624	0/1	0	0	inf
SRX8616840	TFs and others	JUNB	Lung	A549	5606	141/2624	0/1	0	0	inf
SRX8616841	TFs and others	JUNB	Lung	A549	10406	228/2624	0/1	0	0	inf
SRX8616842	TFs and others	JUNB	Lung	A549	579	31/2624	0/1	0	0	inf
SRX8616843	TFs and others	JUNB	Lung	A549	9403	187/2624	0/1	0	0	inf
SRX8616844	TFs and others	JUNB	Lung	A549	313	18/2624	0/1	0	0	inf
SRX8616845	TFs and others	JUNB	Lung	A549	535	28/2624	0/1	0	0	inf
SRX8616846	TFs and others	JUNB	Lung	A549	13670	306/2624	0/1	0	0	inf
SRX8616847	TFs and others	JUNB	Lung	A549	679	38/2624	0/1	0	0	inf
SRX8616848	TFs and others	JUNB	Lung	A549	2931	86/2624	0/1	0	0	inf
SRX8616849	TFs and others	JUNB	Lung	A549	5420	109/2624	0/1	0	0	inf
SRX861684	TFs and others	AR	Prostate	Prostate cancer	343	1/2624	0/1	0	0	inf
SRX8616850	TFs and others	JUNB	Lung	A549	1656	61/2624	0/1	0	0	inf
SRX8616851	TFs and others	JUNB	Lung	A549	5075	121/2624	0/1	0	0	inf
SRX8616852	TFs and others	JUNB	Lung	A549	2350	68/2624	0/1	0	0	inf
SRX8616853	TFs and others	JUNB	Lung	A549	1474	57/2624	0/1	0	0	inf
SRX8616854	TFs and others	JUND	Lung	A549	558	33/2624	0/1	0	0	inf
SRX8616855	TFs and others	JUND	Lung	A549	419	21/2624	0/1	0	0	inf
SRX8616856	TFs and others	JUND	Lung	A549	1565	66/2624	0/1	0	0	inf
SRX8616857	TFs and others	JUND	Lung	A549	3242	152/2624	0/1	0	0	inf
SRX8616858	TFs and others	JUND	Lung	A549	378	17/2624	0/1	0	0	inf
SRX8616859	TFs and others	JUND	Lung	A549	1076	60/2624	0/1	0	0	inf
SRX861685	TFs and others	AR	Prostate	Prostate cancer	324	1/2624	0/1	0	0	inf
SRX8616860	TFs and others	JUND	Lung	A549	202	7/2624	0/1	0	0	inf
SRX8616861	TFs and others	JUND	Lung	A549	312	13/2624	0/1	0	0	inf
SRX8616862	TFs and others	JUND	Lung	A549	437	24/2624	0/1	0	0	inf
SRX8616863	TFs and others	JUND	Lung	A549	215	10/2624	0/1	0	0	inf
SRX8616864	TFs and others	JUND	Lung	A549	713	33/2624	0/1	0	0	inf
SRX8616865	TFs and others	JUND	Lung	A549	231	1/2624	0/1	0	0	inf
SRX8616961	TFs and others	ESR1	Breast	MCF-7	2889	61/2624	0/1	0	0	inf
SRX8616962	TFs and others	ESR1	Breast	MCF-7	3876	55/2624	0/1	0	0	inf
SRX8616963	TFs and others	TET2	Breast	MCF-7	2243	33/2624	0/1	0	0	inf
SRX8616964	TFs and others	TET2	Breast	MCF-7	1134	13/2624	0/1	0	0	inf
SRX8616965	TFs and others	TET2	Breast	MCF-7	2113	36/2624	0/1	0	0	inf
SRX8616966	TFs and others	TET2	Breast	MCF-7	649	6/2624	0/1	0	0	inf
SRX8616967	TFs and others	TET2	Breast	MCF-7	2180	30/2624	0/1	0	0	inf
SRX8616968	TFs and others	TET2	Breast	MCF-7	879	10/2624	0/1	0	0	inf
SRX8616977	TFs and others	ESR1	Breast	ZR-75-1	5410	84/2624	0/1	0	0	inf
SRX8616978	TFs and others	TET2	Breast	ZR-75-1	1466	11/2624	0/1	0	0	inf
SRX8616979	TFs and others	ESR1	Breast	ZR-75-1	4880	56/2624	0/1	0	0	inf
SRX8616980	TFs and others	TET2	Breast	ZR-75-1	1327	11/2624	0/1	0	0	inf
SRX8616981	TFs and others	ESR1	Breast	ZR-75-1	3178	42/2624	0/1	0	0	inf
SRX8616982	TFs and others	TET2	Breast	ZR-75-1	1639	13/2624	0/1	0	0	inf
SRX8616985	TFs and others	ESR1	Breast	STG195	5234	81/2624	0/1	0	0	inf
SRX8616986	TFs and others	ESR1	Breast	AB555	5710	90/2624	0/1	0	0	inf
SRX8616987	TFs and others	TET2	Breast	STG195	1663	15/2624	0/1	0	0	inf
SRX8616988	TFs and others	TET2	Breast	AB555	1947	16/2624	0/1	0	0	inf
SRX8616989	TFs and others	ESR1	Breast	MCF-7	7676	104/2624	0/1	0	0	inf
SRX8616990	TFs and others	ESR1	Breast	MCF-7	5400	103/2624	0/1	0	0	inf
SRX8616991	TFs and others	ESR1	Breast	MCF-7	5766	103/2624	0/1	0	0	inf
SRX8616992	TFs and others	ESR1	Breast	MCF-7	4379	70/2624	0/1	0	0	inf
SRX8616997	TFs and others	TET2	Breast	MCF-7	6676	133/2624	0/1	0	0	inf
SRX8616999	TFs and others	TET2	Breast	MCF-7	9520	157/2624	0/1	0	0	inf
SRX8617000	TFs and others	TET2	Breast	MCF-7	9090	171/2624	0/1	0	0	inf
SRX8617001	TFs and others	TET2	Breast	MCF-7	17046	302/2624	0/1	0	0	inf
SRX8617002	TFs and others	TET2	Breast	MCF-7	5591	104/2624	0/1	0	0	inf
SRX8617003	TFs and others	TET2	Breast	MCF-7	11316	163/2624	0/1	0	0	inf
SRX8617004	TFs and others	TET2	Breast	MCF-7	8229	160/2624	0/1	0	0	inf
SRX8617015	TFs and others	ESR1	Breast	MCF-7	6963	108/2624	0/1	0	0	inf
SRX8617016	TFs and others	TET2	Breast	MCF-7	3854	68/2624	0/1	0	0	inf
SRX8617017	TFs and others	ESR1	Breast	MCF-7	8640	122/2624	0/1	0	0	inf
SRX8617018	TFs and others	TET2	Breast	MCF-7	3230	42/2624	0/1	0	0	inf
SRX8617019	TFs and others	ESR1	Breast	MCF-7	8834	111/2624	0/1	0	0	inf
SRX8617020	TFs and others	TET2	Breast	MCF-7	737	5/2624	0/1	0	0	inf
SRX8617021	TFs and others	ESR1	Breast	MCF-7	5219	75/2624	0/1	0	0	inf
SRX8617022	TFs and others	TET2	Breast	MCF-7	1750	19/2624	0/1	0	0	inf
SRX8617023	TFs and others	ESR1	Breast	ZR-75-1	10399	155/2624	0/1	0	0	inf
SRX8617024	TFs and others	TET2	Breast	ZR-75-1	1309	11/2624	0/1	0	0	inf
SRX8617941	TFs and others	FGFR1	Breast	CAMA-1	833	10/2624	0/1	0	0	inf
SRX8617942	TFs and others	FGFR1	Breast	CAMA-1	1010	17/2624	0/1	0	0	inf
SRX8617944	TFs and others	FGFR1	Breast	CAMA-1	943	20/2624	0/1	0	0	inf
SRX8617945	TFs and others	FGFR1	Breast	CAMA-1	1058	20/2624	0/1	0	0	inf
SRX8621693	TFs and others	CEBPA	Blood	MOLM-1	9590	108/2624	0/1	0	0	inf
SRX8631024	TFs and others	SMARCA4	Cardiovascular	Aortic smooth muscle cells	270	1/2624	0/1	0	0	inf
SRX8631029	TFs and others	SMARCA4	Cardiovascular	Aortic smooth muscle cells	263	1/2624	0/1	0	0	inf
SRX864094	TFs and others	MYC	Epidermis	Dermal fibroblast	181	3/2624	0/1	0	0	inf
SRX864095	TFs and others	MYC	Epidermis	Dermal fibroblast	202	2/2624	0/1	0	0	inf
SRX864826	TFs and others	GATA2	Prostate	LNCAP	23267	131/2624	0/1	0	0	inf
SRX8664952	TFs and others	ATF4	Blood	HUDEP-2	831	1/2624	0/1	0	0	inf
SRX8664953	TFs and others	ATF4	Blood	HUDEP-2	1098	10/2624	0/1	0	0	inf
SRX8664954	TFs and others	ATF4	Blood	HUDEP-2	509	3/2624	0/1	0	0	inf
SRX8664956	TFs and others	ATF4	Blood	HUDEP-2	1176	14/2624	0/1	0	0	inf
SRX8664957	TFs and others	ATF4	Blood	HUDEP-2	979	9/2624	0/1	0	0	inf
SRX8664958	TFs and others	ATF4	Blood	HUDEP-2	1043	21/2624	0/1	0	0	inf
SRX8664961	TFs and others	ATF4	Blood	Erythroblasts	485	4/2624	0/1	0	0	inf
SRX8664962	TFs and others	ATF4	Blood	Erythroblasts	464	2/2624	0/1	0	0	inf
SRX8664964	TFs and others	ATF4	Blood	HUDEP-2	759	3/2624	0/1	0	0	inf
SRX866612	TFs and others	GATA3	Neural	KELLY	5267	15/2624	0/1	0	0	inf
SRX866613	TFs and others	GATA3	Neural	SH-SY5Y	3695	8/2624	0/1	0	0	inf
SRX866614	TFs and others	GATA3	Neural	BE(2)-C	176	1/2624	0/1	0	0	inf
SRX8670123	TFs and others	ASCL1	Neural	SH-SY5Y	57262	530/2624	0/1	0	0	inf
SRX8670124	TFs and others	ASCL1	Neural	SH-SY5Y	68252	718/2624	0/1	0	0	inf
SRX8670125	TFs and others	ASCL1	Neural	SH-SY5Y	76052	881/2624	0/1	0	0	inf
SRX8670126	TFs and others	ASCL1	Neural	SH-SY5Y	50406	626/2624	0/1	0	0	inf
SRX8670127	TFs and others	ASCL1	Neural	SH-SY5Y	92145	1124/2624	0/1	0	0	inf
SRX8670129	TFs and others	ASCL1	Neural	SH-SY5Y	69202	896/2624	0/1	0	0	inf
SRX8670134	TFs and others	ASCL1	Neural	SH-SY5Y	303	1/2624	0/1	0	0	inf
SRX8670135	TFs and others	ASCL1	Neural	SH-SY5Y	214	1/2624	0/1	0	0	inf
SRX8670136	TFs and others	ASCL1	Neural	SH-SY5Y	162	1/2624	0/1	0	0	inf
SRX8673355	TFs and others	EGR1	Blood	Kasumi-1	3904	357/2624	0/1	0	0	inf
SRX8673356	TFs and others	EGR1	Blood	Kasumi-1	6882	358/2624	0/1	0	0	inf
SRX8673357	TFs and others	EGR1	Blood	Kasumi-1	6763	774/2624	0/1	0	0	inf
SRX8673360	TFs and others	EGR1	Blood	Kasumi-1	1572	125/2624	0/1	0	0	inf
SRX8673361	TFs and others	RUNX1T1	Blood	Kasumi-1	10726	996/2624	0/1	0	0	inf
SRX8673362	TFs and others	RUNX1T1	Blood	Kasumi-1	14214	783/2624	0/1	0	0	inf
SRX8673363	TFs and others	RUNX1T1	Blood	Kasumi-1	6840	445/2624	0/1	0	0	inf
SRX8673364	TFs and others	SP1	Blood	Kasumi-1	2091	497/2624	0/1	0	0	inf
SRX8673471	TFs and others	CTCF	Bone	HT-1080	63935	882/2624	0/1	0	0	inf
SRX8673472	TFs and others	DDIT3	Bone	HT-1080	4414	749/2624	0/1	0	0	inf
SRX8673475	TFs and others	CTCF	Bone	HT-1080	59657	686/2624	0/1	0	0	inf
SRX8673476	TFs and others	DDIT3	Bone	HT-1080	519	9/2624	0/1	0	0	inf
SRX8673479	TFs and others	CTCF	Bone	HT-1080	58425	866/2624	0/1	0	0	inf
SRX8673482	TFs and others	CTCF	Bone	HT-1080	63962	762/2624	0/1	0	0	inf
SRX8673485	TFs and others	CTCF	Bone	HT-1080	72304	998/2624	0/1	0	0	inf
SRX8673486	TFs and others	CTCF	Bone	HT-1080	67013	733/2624	0/1	0	0	inf
SRX8673489	TFs and others	DDIT3	Bone	HT-1080	1512	109/2624	0/1	0	0	inf
SRX8673492	TFs and others	DDIT3	Bone	HT-1080	1718	26/2624	0/1	0	0	inf
SRX8673493	TFs and others	CTCF	Bone	HT-1080	64049	838/2624	0/1	0	0	inf
SRX8673495	TFs and others	DDIT3	Bone	HT-1080	238	1/2624	0/1	0	0	inf
SRX8673496	TFs and others	DDIT3	Bone	HT-1080	187	7/2624	0/1	0	0	inf
SRX8673498	TFs and others	CTCF	Bone	HT-1080	63445	940/2624	0/1	0	0	inf
SRX8699643	TFs and others	INTS3	Digestive tract	DLD-1	1677	140/2624	0/1	0	0	inf
SRX8699644	TFs and others	INTS3	Digestive tract	DLD-1	396	3/2624	0/1	0	0	inf
SRX8699646	TFs and others	INTS5	Digestive tract	DLD-1	661	9/2624	0/1	0	0	inf
SRX8699647	TFs and others	INTS5	Digestive tract	DLD-1	273	1/2624	0/1	0	0	inf
SRX8699660	TFs and others	PPP2R1A	Digestive tract	DLD-1	583	1/2624	0/1	0	0	inf
SRX8699662	TFs and others	PPP2R1A	Digestive tract	DLD-1	499	1/2624	0/1	0	0	inf
SRX8699663	TFs and others	PPP2R1A	Digestive tract	DLD-1	298	1/2624	0/1	0	0	inf
SRX8699664	TFs and others	PPP2R1A	Digestive tract	DLD-1	558	1/2624	0/1	0	0	inf
SRX8699666	TFs and others	PPP2R1A	Digestive tract	DLD-1	508	1/2624	0/1	0	0	inf
SRX8699668	TFs and others	PPP2CA	Digestive tract	DLD-1	591	14/2624	0/1	0	0	inf
SRX8699669	TFs and others	PPP2CA	Digestive tract	DLD-1	250	1/2624	0/1	0	0	inf
SRX8699670	TFs and others	PPP2CA	Digestive tract	DLD-1	535	7/2624	0/1	0	0	inf
SRX8699672	TFs and others	PPP2CA	Digestive tract	DLD-1	689	7/2624	0/1	0	0	inf
SRX8699674	TFs and others	PPP2CA	Digestive tract	DLD-1	610	5/2624	0/1	0	0	inf
SRX8699708	TFs and others	CPSF3L	Digestive tract	DLD-1	467	4/2624	0/1	0	0	inf
SRX8699710	TFs and others	INTS3	Digestive tract	DLD-1	2975	228/2624	0/1	0	0	inf
SRX8699711	TFs and others	INTS3	Digestive tract	DLD-1	300	4/2624	0/1	0	0	inf
SRX8699712	TFs and others	INTS3	Digestive tract	DLD-1	1391	42/2624	0/1	0	0	inf
SRX8699713	TFs and others	INTS3	Digestive tract	DLD-1	189	1/2624	0/1	0	0	inf
SRX8699714	TFs and others	INTS3	Digestive tract	DLD-1	1360	35/2624	0/1	0	0	inf
SRX8699715	TFs and others	INTS3	Digestive tract	DLD-1	294	2/2624	0/1	0	0	inf
SRX8699800	TFs and others	TP53	Kidney	293	1252	11/2624	0/1	0	0	inf
SRX8699801	TFs and others	TP53	Kidney	293	913	6/2624	0/1	0	0	inf
SRX8699802	TFs and others	TP53	Kidney	293	1106	14/2624	0/1	0	0	inf
SRX8699803	TFs and others	TP53	Kidney	293	970	7/2624	0/1	0	0	inf
SRX8706939	TFs and others	E2F1	Prostate	C4-2	36822	61/2624	0/1	0	0	inf
SRX8707932	TFs and others	ERH	Epidermis	BJ	195	1/2624	0/1	0	0	inf
SRX8707933	TFs and others	ERH	Epidermis	BJ	208	1/2624	0/1	0	0	inf
SRX8707935	TFs and others	CTCF	Epidermis	Keratinocytes	30816	419/2624	0/1	0	0	inf
SRX8707936	TFs and others	CTCF	Epidermis	Keratinocytes	46962	687/2624	0/1	0	0	inf
SRX8707938	TFs and others	MED1	Epidermis	Keratinocytes	1707	90/2624	0/1	0	0	inf
SRX8707939	TFs and others	MED1	Epidermis	Keratinocytes	3255	97/2624	0/1	0	0	inf
SRX8713962	TFs and others	Epitope tags	Neural	Neural Stem Cells	512	1/2624	0/1	0	0	inf
SRX8713992	TFs and others	SUZ12	Neural	Neural Stem Cells	648	41/2624	0/1	0	0	inf
SRX8713993	TFs and others	SUZ12	Neural	Neural Stem Cells	535	23/2624	0/1	0	0	inf
SRX8713994	TFs and others	SUZ12	Neural	Neural Stem Cells	511	15/2624	0/1	0	0	inf
SRX8713995	TFs and others	SUZ12	Neural	Neural Stem Cells	540	26/2624	0/1	0	0	inf
SRX8714000	TFs and others	Epitope tags	Neural	Neural Stem Cells	156	1/2624	0/1	0	0	inf
SRX8714001	TFs and others	Epitope tags	Neural	Neural Stem Cells	346	1/2624	0/1	0	0	inf
SRX8714002	TFs and others	Epitope tags	Neural	Neural Stem Cells	208	1/2624	0/1	0	0	inf
SRX8714170	TFs and others	GFI1	Blood	Acute myeloid leukemia	1517	23/2624	0/1	0	0	inf
SRX8716242	TFs and others	AGO1	Breast	MCF-7	1070	2/2624	0/1	0	0	inf
SRX8716243	TFs and others	AGO1	Breast	MCF-7	800	1/2624	0/1	0	0	inf
SRX8716244	TFs and others	AGO1	Breast	MCF-7	1889	9/2624	0/1	0	0	inf
SRX8716245	TFs and others	AGO1	Breast	MCF-7	1187	3/2624	0/1	0	0	inf
SRX8726280	TFs and others	BMI1	Others	Tumor	1190	43/2624	0/1	0	0	inf
SRX8726281	TFs and others	BMI1	Others	Tumor	719	22/2624	0/1	0	0	inf
SRX8726289	TFs and others	BMI1	Others	Tumor	101	2/2624	0/1	0	0	inf
SRX8726294	TFs and others	BMI1	Others	Tumor	542	6/2624	0/1	0	0	inf
SRX8726304	TFs and others	BMI1	Others	Tumor	423	1/2624	0/1	0	0	inf
SRX8726306	TFs and others	BMI1	Others	Tumor	311	1/2624	0/1	0	0	inf
SRX8736983	TFs and others	TCF3	Pluripotent stem cell	hESC H1	341	2/2624	0/1	0	0	inf
SRX8736984	TFs and others	TCF3	Pluripotent stem cell	hESC derived neural cells	1608	13/2624	0/1	0	0	inf
SRX873804	TFs and others	DNMT3A	Epidermis	Epidermal stem cells	697	1/2624	0/1	0	0	inf
SRX873805	TFs and others	DNMT3B	Epidermis	Epidermal stem cells	1342	54/2624	0/1	0	0	inf
SRX873813	TFs and others	DNMT3A	Epidermis	Keratinocytes	704	6/2624	0/1	0	0	inf
SRX873814	TFs and others	DNMT3B	Epidermis	Keratinocytes	688	2/2624	0/1	0	0	inf
SRX8772693	TFs and others	CTCF	Epidermis	OCM-1	865	1/2624	0/1	0	0	inf
SRX8772695	TFs and others	CTCF	Epidermis	OCM-1	889	1/2624	0/1	0	0	inf
SRX8772697	TFs and others	CTCF	Epidermis	OCM-1	406	1/2624	0/1	0	0	inf
SRX877859	TFs and others	ZNF165	Breast	WHIM12	486	3/2624	0/1	0	0	inf
SRX878830	TFs and others	Epitope tags	Kidney	293	348	1/2624	0/1	0	0	inf
SRX878831	TFs and others	Epitope tags	Kidney	293	311	1/2624	0/1	0	0	inf
SRX8803194	TFs and others	MYC	Gonad	OVCAR-3	1212	132/2624	0/1	0	0	inf
SRX8803196	TFs and others	MYC	Breast	MCF-7	1238	103/2624	0/1	0	0	inf
SRX8806002	TFs and others	ZNF410	Blood	HUDEP-2	806	1/2624	0/1	0	0	inf
SRX8806003	TFs and others	ZNF410	Blood	HUDEP-2	882	1/2624	0/1	0	0	inf
SRX8806004	TFs and others	Epitope tags	Blood	HUDEP-2	778	1/2624	0/1	0	0	inf
SRX8806005	TFs and others	Epitope tags	Blood	HUDEP-2	816	5/2624	0/1	0	0	inf
SRX8806006	TFs and others	ZNF410	Blood	HUDEP-2	519	2/2624	0/1	0	0	inf
SRX8806007	TFs and others	ZNF410	Blood	HUDEP-2	580	1/2624	0/1	0	0	inf
SRX8806008	TFs and others	Epitope tags	Blood	HUDEP-2	680	1/2624	0/1	0	0	inf
SRX8806009	TFs and others	Epitope tags	Blood	HUDEP-2	586	7/2624	0/1	0	0	inf
SRX8806010	TFs and others	ZNF410	Blood	CD34+	555	2/2624	0/1	0	0	inf
SRX8806011	TFs and others	ZNF410	Blood	CD34+	578	2/2624	0/1	0	0	inf
SRX8806016	TFs and others	ZNF410	Blood	HUDEP-2	743	1/2624	0/1	0	0	inf
SRX8806017	TFs and others	Epitope tags	Blood	HUDEP-2	710	1/2624	0/1	0	0	inf
SRX8806018	TFs and others	ZNF410	Blood	HUDEP-2	849	1/2624	0/1	0	0	inf
SRX8806019	TFs and others	Epitope tags	Blood	HUDEP-2	758	1/2624	0/1	0	0	inf
SRX8807165	TFs and others	MED1	Blood	MOLM-13	4025	108/2624	0/1	0	0	inf
SRX8807170	TFs and others	MED1	Blood	Mono-Mac-6	1472	11/2624	0/1	0	0	inf
SRX8814972	TFs and others	LMNB1	Pluripotent stem cell	iPS derived cardiac cells	367	1/2624	0/1	0	0	inf
SRX8814975	TFs and others	LMNB1	Pluripotent stem cell	iPS derived cardiac cells	603	1/2624	0/1	0	0	inf
SRX8814978	TFs and others	LMNB1	Pluripotent stem cell	iPS derived adipocytes	474	1/2624	0/1	0	0	inf
SRX8814981	TFs and others	LMNB1	Pluripotent stem cell	iPS derived adipocytes	458	1/2624	0/1	0	0	inf
SRX8814984	TFs and others	LMNB1	Pluripotent stem cell	iPS derived adipocytes	446	1/2624	0/1	0	0	inf
SRX8814987	TFs and others	LMNB1	Pluripotent stem cell	iPS derived adipocytes	823	1/2624	0/1	0	0	inf
SRX8814990	TFs and others	LMNB1	Pluripotent stem cell	iPS derived adipocytes	498	1/2624	0/1	0	0	inf
SRX8814993	TFs and others	LMNB1	Pluripotent stem cell	iPS derived adipocytes	271	1/2624	0/1	0	0	inf
SRX8814996	TFs and others	LMNB1	Pluripotent stem cell	iPSC derived hepatocytes	108	1/2624	0/1	0	0	inf
SRX8814999	TFs and others	LMNB1	Pluripotent stem cell	iPSC derived hepatocytes	433	1/2624	0/1	0	0	inf
SRX8815002	TFs and others	LMNB1	Pluripotent stem cell	iPS derived cardiac cells	260	1/2624	0/1	0	0	inf
SRX8815006	TFs and others	LMNB1	Pluripotent stem cell	iPSC derived hepatocytes	327	1/2624	0/1	0	0	inf
SRX8823214	TFs and others	ARID1A	Lung	A549	313	3/2624	0/1	0	0	inf
SRX8823215	TFs and others	ZMYND8	Lung	A549	760	39/2624	0/1	0	0	inf
SRX8823217	TFs and others	DOT1L	Lung	A549	603	12/2624	0/1	0	0	inf
SRX8827511	TFs and others	SMARCA4	Lung	NCI-H1299	859	5/2624	0/1	0	0	inf
SRX8827512	TFs and others	SMARCA4	Lung	NCI-H1299	616	12/2624	0/1	0	0	inf
SRX8827539	TFs and others	SMARCA4	Lung	NCI-H1299	684	20/2624	0/1	0	0	inf
SRX8827540	TFs and others	SMARCA4	Lung	NCI-H1299	85	2/2624	0/1	0	0	inf
SRX882952	TFs and others	AR	Prostate	LNCAP	42	1/2624	0/1	0	0	inf
SRX882958	TFs and others	AR	Prostate	LNCAP	565	1/2624	0/1	0	0	inf
SRX882962	TFs and others	AR	Prostate	LNCAP	544	1/2624	0/1	0	0	inf
SRX882964	TFs and others	TET2	Prostate	LNCAP	307	1/2624	0/1	0	0	inf
SRX882965	TFs and others	5-mC	Prostate	LNCAP	67065	95/2624	0/1	0	0	inf
SRX882966	TFs and others	5-hmC	Prostate	LNCAP	1618	1/2624	0/1	0	0	inf
SRX882968	TFs and others	5-mC	Prostate	LNCAP	90216	126/2624	0/1	0	0	inf
SRX882969	TFs and others	5-hmC	Prostate	LNCAP	1511	1/2624	0/1	0	0	inf
SRX882970	TFs and others	5-mC	Prostate	LNCAP	86663	123/2624	0/1	0	0	inf
SRX882971	TFs and others	5-hmC	Prostate	LNCAP	1904	1/2624	0/1	0	0	inf
SRX8830084	TFs and others	TFAP2A	Digestive tract	Colorectal carcinoma	1144	1/2624	0/1	0	0	inf
SRX8830085	TFs and others	TFAP2A	Digestive tract	Colorectal carcinoma	1305	1/2624	0/1	0	0	inf
SRX8830086	TFs and others	TFAP2A	Digestive tract	Colorectal carcinoma	1033	1/2624	0/1	0	0	inf
SRX8831614	TFs and others	BRDT	Digestive tract	KYSE-180	165	2/2624	0/1	0	0	inf
SRX8831615	TFs and others	BRD4	Digestive tract	KYSE-180	1834	34/2624	0/1	0	0	inf
SRX8831616	TFs and others	TP63	Digestive tract	KYSE-180	21130	159/2624	0/1	0	0	inf
SRX8841617	TFs and others	CTCF	Blood	Lymphoblasts	16395	278/2624	0/1	0	0	inf
SRX8841619	TFs and others	CTCF	Blood	Lymphoblasts	6221	195/2624	0/1	0	0	inf
SRX8841621	TFs and others	CTCF	Blood	Lymphoblasts	4609	144/2624	0/1	0	0	inf
SRX8841623	TFs and others	CTCF	Blood	Lymphoblasts	2409	111/2624	0/1	0	0	inf
SRX8841625	TFs and others	RAD21	Blood	Lymphoblasts	22134	505/2624	0/1	0	0	inf
SRX8841627	TFs and others	RAD21	Blood	Lymphoblasts	17999	298/2624	0/1	0	0	inf
SRX8841631	TFs and others	RAD21	Blood	Lymphoblasts	16815	392/2624	0/1	0	0	inf
SRX8850928	TFs and others	Epitope tags	Breast	MCF 10A	741	98/2624	0/1	0	0	inf
SRX8850929	TFs and others	Epitope tags	Breast	MCF 10A	778	103/2624	0/1	0	0	inf
SRX8850930	TFs and others	Epitope tags	Breast	MCF 10A	387	4/2624	0/1	0	0	inf
SRX8850931	TFs and others	Epitope tags	Breast	MCF 10A	447	5/2624	0/1	0	0	inf
SRX8850932	TFs and others	Epitope tags	Breast	MCF 10A	386	3/2624	0/1	0	0	inf
SRX8850933	TFs and others	Epitope tags	Breast	MCF 10A	1125	137/2624	0/1	0	0	inf
SRX8850934	TFs and others	Epitope tags	Breast	MCF 10A	2621	334/2624	0/1	0	0	inf
SRX8850935	TFs and others	Epitope tags	Breast	MCF 10A	6987	729/2624	0/1	0	0	inf
SRX8850949	TFs and others	Epitope tags	Breast	MCF 10A	411	9/2624	0/1	0	0	inf
SRX8850950	TFs and others	Epitope tags	Breast	MCF 10A	423	12/2624	0/1	0	0	inf
SRX8850951	TFs and others	Epitope tags	Breast	MCF 10A	537	50/2624	0/1	0	0	inf
SRX8861813	TFs and others	ESR1	Breast	T-47D	2358	25/2624	0/1	0	0	inf
SRX8861814	TFs and others	ESR1	Breast	T-47D	7811	131/2624	0/1	0	0	inf
SRX8861815	TFs and others	ESR1	Breast	T-47D	5318	63/2624	0/1	0	0	inf
SRX8861816	TFs and others	ESR1	Breast	T-47D	2822	43/2624	0/1	0	0	inf
SRX8861817	TFs and others	ESR1	Breast	T-47D	10454	249/2624	0/1	0	0	inf
SRX8861818	TFs and others	ESR1	Breast	T-47D	21187	705/2624	0/1	0	0	inf
SRX8861819	TFs and others	ESR1	Breast	T-47D	3116	42/2624	0/1	0	0	inf
SRX8861820	TFs and others	ESR1	Breast	T-47D	4520	63/2624	0/1	0	0	inf
SRX8861821	TFs and others	ESR1	Breast	T-47D	6715	112/2624	0/1	0	0	inf
SRX8861822	TFs and others	ESR1	Breast	T-47D	2574	44/2624	0/1	0	0	inf
SRX8861823	TFs and others	ESR1	Breast	T-47D	11574	283/2624	0/1	0	0	inf
SRX8861824	TFs and others	ESR1	Breast	T-47D	2827	32/2624	0/1	0	0	inf
SRX8873455	TFs and others	BANP	Digestive tract	HCT 116	6453	830/2624	0/1	0	0	inf
SRX8873456	TFs and others	BANP	Digestive tract	HCT 116	4804	549/2624	0/1	0	0	inf
SRX8873457	TFs and others	BANP	Breast	HCC1954	5335	513/2624	0/1	0	0	inf
SRX8873458	TFs and others	BANP	Breast	HCC1954	5178	474/2624	0/1	0	0	inf
SRX8886222	TFs and others	NFKB1	Breast	MDA-MB-231	167	1/2624	0/1	0	0	inf
SRX8886223	TFs and others	NFKB1	Breast	MDA-MB-231	204	1/2624	0/1	0	0	inf
SRX8886224	TFs and others	NFKB1	Breast	MDA-MB-231	231	1/2624	0/1	0	0	inf
SRX8886225	TFs and others	NFKB1	Breast	MDA-MB-231	242	1/2624	0/1	0	0	inf
SRX8886226	TFs and others	NFKB1	Breast	MDA-MB-231	260	1/2624	0/1	0	0	inf
SRX8886227	TFs and others	NFKB1	Breast	MDA-MB-231	288	5/2624	0/1	0	0	inf
SRX8886228	TFs and others	NFKB1	Breast	MDA-MB-231	287	3/2624	0/1	0	0	inf
SRX8886229	TFs and others	NFKB1	Breast	MDA-MB-231	265	2/2624	0/1	0	0	inf
SRX8886230	TFs and others	NFKB1	Breast	MDA-MB-231	213	1/2624	0/1	0	0	inf
SRX8886349	TFs and others	FAM208A	Uterus	HeLa	54	3/2624	0/1	0	0	inf
SRX8886350	TFs and others	FAM208A	Uterus	HeLa	73	10/2624	0/1	0	0	inf
SRX8886352	TFs and others	FAM208A	Uterus	HeLa	32	1/2624	0/1	0	0	inf
SRX8894991	TFs and others	FOXC1	Others	Limbal stem cells	7376	196/2624	0/1	0	0	inf
SRX8894992	TFs and others	FOXC1	Others	Limbal stem cells	7575	215/2624	0/1	0	0	inf
SRX889798	TFs and others	Epitope tags	Unclassified	Unclassified	1869	107/2624	0/1	0	0	inf
SRX8898037	TFs and others	SUZ12	Others	Tumor-derived cell line	54	1/2624	0/1	0	0	inf
SRX8898038	TFs and others	SUZ12	Others	Tumor-derived cell line	142	1/2624	0/1	0	0	inf
SRX8898041	TFs and others	SUZ12	Others	Tumor-derived cell line	292	1/2624	0/1	0	0	inf
SRX8898042	TFs and others	SUZ12	Others	Tumor-derived cell line	119	1/2624	0/1	0	0	inf
SRX8901400	TFs and others	RAD21	Neural	hTERT RPE-1	669	1/2624	0/1	0	0	inf
SRX8901405	TFs and others	RAD21	Neural	hTERT RPE-1	620	1/2624	0/1	0	0	inf
SRX8901410	TFs and others	RAD21	Neural	hTERT RPE-1	1785	16/2624	0/1	0	0	inf
SRX8901414	TFs and others	RAD21	Neural	hTERT RPE-1	9309	139/2624	0/1	0	0	inf
SRX890395	TFs and others	KDM1A	Lung	NCI-H526	1256	7/2624	0/1	0	0	inf
SRX890396	TFs and others	KDM1A	Lung	NCI-H526	4861	197/2624	0/1	0	0	inf
SRX8907431	TFs and others	MTA2	Muscle	RH-4	13550	621/2624	0/1	0	0	inf
SRX8907433	TFs and others	CHD4	Muscle	Rh-5	58	1/2624	0/1	0	0	inf
SRX8907434	TFs and others	RBBP4	Muscle	Rh-5	296	1/2624	0/1	0	0	inf
SRX8907435	TFs and others	MTA2	Muscle	Rh-5	9410	506/2624	0/1	0	0	inf
SRX8907438	TFs and others	CHD4	Muscle	SCMC	337	14/2624	0/1	0	0	inf
SRX8907439	TFs and others	RBBP4	Muscle	SCMC	1130	37/2624	0/1	0	0	inf
SRX8907440	TFs and others	MTA2	Muscle	SCMC	11704	540/2624	0/1	0	0	inf
SRX8929135	TFs and others	CTNNB1	Digestive tract	DLD-1	2249	37/2624	0/1	0	0	inf
SRX8929136	TFs and others	CTNNB1	Digestive tract	DLD-1	7230	89/2624	0/1	0	0	inf
SRX8929141	TFs and others	CTNNB1	Digestive tract	SW 480	4487	383/2624	0/1	0	0	inf
SRX8929142	TFs and others	CTNNB1	Digestive tract	SW 480	3406	161/2624	0/1	0	0	inf
SRX8939702	TFs and others	ELF3	Digestive tract	HBDEC2	718	2/2624	0/1	0	0	inf
SRX8945049	TFs and others	CPSF1	Bone	U2OS	1253	1/2624	0/1	0	0	inf
SRX8945050	TFs and others	CPSF6	Bone	U2OS	1046	1/2624	0/1	0	0	inf
SRX8945051	TFs and others	CPSF3	Bone	U2OS	1268	1/2624	0/1	0	0	inf
SRX8945055	TFs and others	CPSF1	Bone	U2OS	1183	1/2624	0/1	0	0	inf
SRX8945056	TFs and others	CPSF6	Bone	U2OS	875	1/2624	0/1	0	0	inf
SRX8945057	TFs and others	CPSF3	Bone	U2OS	995	1/2624	0/1	0	0	inf
SRX8949170	TFs and others	EWSR1	Bone	JN-DSRCT-1	848	1/2624	0/1	0	0	inf
SRX8949171	TFs and others	EWSR1	Bone	JN-DSRCT-1	646	1/2624	0/1	0	0	inf
SRX8949172	TFs and others	EWSR1	Bone	JN-DSRCT-1	944	1/2624	0/1	0	0	inf
SRX8949279	TFs and others	NCOA3	Breast	ZR-75-1	47409	390/2624	0/1	0	0	inf
SRX8949280	TFs and others	NCOA3	Breast	ZR-75-1	38064	254/2624	0/1	0	0	inf
SRX8949281	TFs and others	NCOA3	Breast	ZR-75-1	38823	267/2624	0/1	0	0	inf
SRX895429	TFs and others	SUMO2	Blood	K-562	2977	393/2624	0/1	0	0	inf
SRX895430	TFs and others	SUMO2	Blood	K-562	718	69/2624	0/1	0	0	inf
SRX895431	TFs and others	SUMO2	Blood	K-562	1043	8/2624	0/1	0	0	inf
SRX895432	TFs and others	SUMO2	Blood	K-562	3107	29/2624	0/1	0	0	inf
SRX895433	TFs and others	SUMO2	Blood	K-562	1586	204/2624	0/1	0	0	inf
SRX895434	TFs and others	SUMO2	Blood	K-562	1032	94/2624	0/1	0	0	inf
SRX895435	TFs and others	SUMO2	Prostate	VCaP	5373	260/2624	0/1	0	0	inf
SRX895436	TFs and others	SUMO2	Prostate	VCaP	13472	633/2624	0/1	0	0	inf
SRX895437	TFs and others	SUMO2	Prostate	VCaP	11098	701/2624	0/1	0	0	inf
SRX895438	TFs and others	SUMO2	Prostate	VCaP	7754	552/2624	0/1	0	0	inf
SRX895439	TFs and others	PIAS1	Prostate	VCaP	7050	253/2624	0/1	0	0	inf
SRX895440	TFs and others	PIAS1	Prostate	VCaP	5899	191/2624	0/1	0	0	inf
SRX895441	TFs and others	PIAS1	Prostate	VCaP	250	2/2624	0/1	0	0	inf
SRX895442	TFs and others	PIAS1	Prostate	VCaP	950	3/2624	0/1	0	0	inf
SRX8957553	TFs and others	YTHDC1	Breast	MCF-7	194	2/2624	0/1	0	0	inf
SRX8961847	TFs and others	TBP	Others	Mesenchymal stem cells	1145	75/2624	0/1	0	0	inf
SRX8961858	TFs and others	TBP	Others	Mesenchymal stem cells	985	62/2624	0/1	0	0	inf
SRX8970969	TFs and others	MAML1	Others	Squamous cell carcinoma 	26604	556/2624	0/1	0	0	inf
SRX8976672	TFs and others	HDAC3	Digestive tract	KYSE-410	674	35/2624	0/1	0	0	inf
SRX8976673	TFs and others	HDAC3	Digestive tract	KYSE-410	1317	54/2624	0/1	0	0	inf
SRX8976674	TFs and others	HDAC3	Digestive tract	KYSE-410	1328	51/2624	0/1	0	0	inf
SRX8976675	TFs and others	HDAC3	Digestive tract	KYSE-410	1479	66/2624	0/1	0	0	inf
SRX8976676	TFs and others	HDAC3	Digestive tract	KYSE-410	1451	63/2624	0/1	0	0	inf
SRX8976677	TFs and others	HDAC3	Digestive tract	KYSE-410	2574	94/2624	0/1	0	0	inf
SRX8976678	TFs and others	HDAC3	Digestive tract	KYSE-410	2535	97/2624	0/1	0	0	inf
SRX8976679	TFs and others	NCOR2	Digestive tract	KYSE-410	391	60/2624	0/1	0	0	inf
SRX8976680	TFs and others	HDAC3	Digestive tract	KYSE-410	684	33/2624	0/1	0	0	inf
SRX8976681	TFs and others	NCOR2	Digestive tract	KYSE-410	377	64/2624	0/1	0	0	inf
SRX8976682	TFs and others	NCOR2	Digestive tract	KYSE-410	816	88/2624	0/1	0	0	inf
SRX8976683	TFs and others	NCOR2	Digestive tract	KYSE-410	824	88/2624	0/1	0	0	inf
SRX8976684	TFs and others	NCOR2	Digestive tract	KYSE-410	465	58/2624	0/1	0	0	inf
SRX8976685	TFs and others	NCOR2	Digestive tract	KYSE-410	476	58/2624	0/1	0	0	inf
SRX8976686	TFs and others	NCOR2	Digestive tract	KYSE-410	1267	103/2624	0/1	0	0	inf
SRX8976687	TFs and others	NCOR2	Digestive tract	KYSE-410	1220	105/2624	0/1	0	0	inf
SRX8984309	TFs and others	FLI1	Bone	A-673	8470	44/2624	0/1	0	0	inf
SRX8984310	TFs and others	FLI1	Bone	A-673	8342	54/2624	0/1	0	0	inf
SRX8984311	TFs and others	FLI1	Bone	A-673	12529	98/2624	0/1	0	0	inf
SRX8984312	TFs and others	CTCF	Bone	A-673	48551	541/2624	0/1	0	0	inf
SRX8984313	TFs and others	FLI1	Bone	A-673	3490	10/2624	0/1	0	0	inf
SRX8984315	TFs and others	RAD21	Bone	A-673	24143	186/2624	0/1	0	0	inf
SRX8984316	TFs and others	SMC1A	Bone	A-673	6121	37/2624	0/1	0	0	inf
SRX8984317	TFs and others	STAG1	Bone	A-673	836	4/2624	0/1	0	0	inf
SRX8984318	TFs and others	STAG2	Bone	A-673	604	2/2624	0/1	0	0	inf
SRX8984319	TFs and others	SMC1A	Bone	A-673	2911	20/2624	0/1	0	0	inf
SRX8984320	TFs and others	STAG1	Bone	A-673	6366	36/2624	0/1	0	0	inf
SRX8984321	TFs and others	STAG2	Bone	A-673	345	2/2624	0/1	0	0	inf
SRX8984322	TFs and others	RAD21	Bone	A-673	24598	184/2624	0/1	0	0	inf
SRX8984323	TFs and others	CTCF	Bone	A-673	46853	524/2624	0/1	0	0	inf
SRX8984324	TFs and others	FLI1	Bone	A-673	6894	29/2624	0/1	0	0	inf
SRX8984326	TFs and others	SMC1A	Bone	A-673	4022	29/2624	0/1	0	0	inf
SRX8984327	TFs and others	STAG1	Bone	A-673	1991	11/2624	0/1	0	0	inf
SRX8984328	TFs and others	STAG2	Bone	A-673	788	1/2624	0/1	0	0	inf
SRX8984329	TFs and others	RAD21	Bone	A-673	16344	114/2624	0/1	0	0	inf
SRX8984330	TFs and others	CTCF	Bone	A-673	45370	518/2624	0/1	0	0	inf
SRX8984331	TFs and others	FLI1	Bone	A-673	4374	15/2624	0/1	0	0	inf
SRX899076	TFs and others	TP53	Breast	Breast cancer cells	330	2/2624	0/1	0	0	inf
SRX9004381	TFs and others	USF2	Blood	SEM	11319	615/2624	0/1	0	0	inf
SRX9004382	TFs and others	USF2	Blood	SEM	7143	428/2624	0/1	0	0	inf
SRX9004383	TFs and others	USF2	Blood	SEM	8585	379/2624	0/1	0	0	inf
SRX9004384	TFs and others	USF2	Blood	SEM	3806	438/2624	0/1	0	0	inf
SRX9004385	TFs and others	USF2	Blood	SEM	3121	251/2624	0/1	0	0	inf
SRX9004386	TFs and others	USF2	Blood	SEM	1430	136/2624	0/1	0	0	inf
SRX9004387	TFs and others	USF2	Blood	SEM	1101	108/2624	0/1	0	0	inf
SRX9005594	TFs and others	Epitope tags	Others	TM5	4830	205/2624	0/1	0	0	inf
SRX9006850	TFs and others	FOXA1	Prostate	22Rv1	21987	203/2624	0/1	0	0	inf
SRX9006851	TFs and others	FOXA1	Prostate	22Rv1	13077	129/2624	0/1	0	0	inf
SRX9006852	TFs and others	FOXA1	Prostate	22Rv1	8735	58/2624	0/1	0	0	inf
SRX9006853	TFs and others	FOXA1	Prostate	22Rv1	13898	97/2624	0/1	0	0	inf
SRX9012289	TFs and others	GPS2	Adipocyte	Adipose-Derived Mesenchymal Stem Cells	2022	19/2624	0/1	0	0	inf
SRX9012290	TFs and others	GPS2	Adipocyte	Adipose-Derived Mesenchymal Stem Cells	696	3/2624	0/1	0	0	inf
SRX9012291	TFs and others	GPS2	Adipocyte	Adipose-Derived Mesenchymal Stem Cells	381	1/2624	0/1	0	0	inf
SRX9012292	TFs and others	GPS2	Adipocyte	Adipose-Derived Mesenchymal Stem Cells	395	1/2624	0/1	0	0	inf
SRX9029194	TFs and others	CEBPB	Blood	Neutrophils	5348	137/2624	0/1	0	0	inf
SRX9029195	TFs and others	CEBPB	Blood	Neutrophils	8426	242/2624	0/1	0	0	inf
SRX9029196	TFs and others	SPI1	Blood	Neutrophils	13309	831/2624	0/1	0	0	inf
SRX9029197	TFs and others	SPI1	Blood	Neutrophils	20003	1072/2624	0/1	0	0	inf
SRX9029198	TFs and others	POU2F2	Blood	Neutrophils	3977	571/2624	0/1	0	0	inf
SRX9029199	TFs and others	POU2F2	Blood	Neutrophils	9569	918/2624	0/1	0	0	inf
SRX9029200	TFs and others	POU2F2	Blood	Monocytes-CD14+	2981	519/2624	0/1	0	0	inf
SRX9029201	TFs and others	POU2F2	Blood	Monocytes-CD14+	5330	243/2624	0/1	0	0	inf
SRX9029206	TFs and others	CEBPB	Blood	Neutrophils	18500	368/2624	0/1	0	0	inf
SRX9029207	TFs and others	CEBPB	Blood	Neutrophils	23390	412/2624	0/1	0	0	inf
SRX9029208	TFs and others	SPI1	Blood	Neutrophils	36069	874/2624	0/1	0	0	inf
SRX9029209	TFs and others	SPI1	Blood	Neutrophils	33200	856/2624	0/1	0	0	inf
SRX9029210	TFs and others	POU2F2	Blood	Neutrophils	523	1/2624	0/1	0	0	inf
SRX9029211	TFs and others	POU2F2	Blood	Neutrophils	2828	120/2624	0/1	0	0	inf
SRX9029212	TFs and others	POU2F2	Blood	Monocytes-CD14+	551	4/2624	0/1	0	0	inf
SRX9029213	TFs and others	POU2F2	Blood	Monocytes-CD14+	2190	29/2624	0/1	0	0	inf
SRX9031537	TFs and others	KDM6A	Others	UM-UC-1	910	1/2624	0/1	0	0	inf
SRX9031538	TFs and others	KDM6A	Others	UM-UC-1	1004	4/2624	0/1	0	0	inf
SRX9031539	TFs and others	KDM6A	Others	UM-UC-1	963	5/2624	0/1	0	0	inf
SRX9031540	TFs and others	KMT2D	Others	UM-UC-1	438	1/2624	0/1	0	0	inf
SRX9031541	TFs and others	KMT2D	Others	UM-UC-1	547	1/2624	0/1	0	0	inf
SRX9031542	TFs and others	KMT2D	Others	UM-UC-1	420	1/2624	0/1	0	0	inf
SRX9045664	TFs and others	TP53	Blood	Erythroblasts	1235	9/2624	0/1	0	0	inf
SRX9045665	TFs and others	TP53	Blood	Erythroblasts	1022	7/2624	0/1	0	0	inf
SRX9045668	TFs and others	ESR1	Breast	MCF-7	439	7/2624	0/1	0	0	inf
SRX9045669	TFs and others	ESR1	Breast	MCF-7	1515	40/2624	0/1	0	0	inf
SRX9046258	TFs and others	FOSL2	Breast	MCF-7	246	11/2624	0/1	0	0	inf
SRX9046259	TFs and others	FOSL2	Breast	MCF-7	392	19/2624	0/1	0	0	inf
SRX9046306	TFs and others	JUNB	Breast	MCF-7	645	25/2624	0/1	0	0	inf
SRX9046307	TFs and others	JUNB	Breast	MCF-7	1157	53/2624	0/1	0	0	inf
SRX9046308	TFs and others	ETS1	Blood	THP-1	480	2/2624	0/1	0	0	inf
SRX9046309	TFs and others	ETS1	Blood	THP-1	1329	24/2624	0/1	0	0	inf
SRX9046310	TFs and others	ETS1	Blood	THP-1	656	48/2624	0/1	0	0	inf
SRX9046311	TFs and others	ETS1	Blood	THP-1	4606	99/2624	0/1	0	0	inf
SRX905366	TFs and others	ARID3B	Others	OECM-1	363	1/2624	0/1	0	0	inf
SRX905367	TFs and others	ARID3B	Others	OECM-1	428	1/2624	0/1	0	0	inf
SRX905368	TFs and others	KDM4C	Others	OECM-1	332	1/2624	0/1	0	0	inf
SRX905369	TFs and others	KDM4C	Others	OECM-1	351	1/2624	0/1	0	0	inf
SRX9055413	TFs and others	GATA1	Blood	HUDEP-2	3635	27/2624	0/1	0	0	inf
SRX9055414	TFs and others	GATA1	Blood	HUDEP-2	3887	24/2624	0/1	0	0	inf
SRX9055415	TFs and others	LDB1	Blood	HUDEP-2	2793	13/2624	0/1	0	0	inf
SRX9055416	TFs and others	LDB1	Blood	HUDEP-2	2629	9/2624	0/1	0	0	inf
SRX9055417	TFs and others	TAL1	Blood	HUDEP-2	10614	146/2624	0/1	0	0	inf
SRX9055418	TFs and others	TAL1	Blood	HUDEP-2	1590	2/2624	0/1	0	0	inf
SRX9063419	TFs and others	JUN	Breast	MCF-7	6477	646/2624	0/1	0	0	inf
SRX9063420	TFs and others	JUN	Breast	MCF-7	3860	163/2624	0/1	0	0	inf
SRX9071225	TFs and others	BRD4	Blood	SEM	1453	55/2624	0/1	0	0	inf
SRX9071226	TFs and others	MED1	Blood	SEM	459	3/2624	0/1	0	0	inf
SRX9071228	TFs and others	BRD4	Blood	SEM	489	9/2624	0/1	0	0	inf
SRX9071229	TFs and others	MED1	Blood	SEM	467	3/2624	0/1	0	0	inf
SRX9071231	TFs and others	BRD4	Blood	SEM	1582	51/2624	0/1	0	0	inf
SRX9071232	TFs and others	MED1	Blood	SEM	855	15/2624	0/1	0	0	inf
SRX9071234	TFs and others	BRD4	Blood	SEM	5434	382/2624	0/1	0	0	inf
SRX9071235	TFs and others	MED1	Blood	SEM	716	15/2624	0/1	0	0	inf
SRX9071237	TFs and others	BRD4	Blood	SEM	5831	328/2624	0/1	0	0	inf
SRX9075672	TFs and others	REST	Pluripotent stem cell	iPS derived neural cells	528	1/2624	0/1	0	0	inf
SRX9081916	TFs and others	Epitope tags	Gonad	A2780	63	1/2624	0/1	0	0	inf
SRX9090622	TFs and others	IRF8	Blood	MOLM-13	19349	65/2624	0/1	0	0	inf
SRX9095261	TFs and others	CTCF	Pluripotent stem cell	hESC H9	49639	564/2624	0/1	0	0	inf
SRX9095263	TFs and others	RAD21	Pluripotent stem cell	hESC H9	26029	282/2624	0/1	0	0	inf
SRX9095264	TFs and others	CTCF	Pluripotent stem cell	hESC H9	58361	636/2624	0/1	0	0	inf
SRX9095269	TFs and others	CTCF	Pluripotent stem cell	hESC derived neural crests	16608	293/2624	0/1	0	0	inf
SRX9101664	TFs and others	SREBF2	Epidermis	Melanoma cell line	11822	929/2624	0/1	0	0	inf
SRX9124104	TFs and others	TP53	Digestive tract	HCT 116	298	2/2624	0/1	0	0	inf
SRX9124105	TFs and others	TP53	Digestive tract	HCT 116	967	10/2624	0/1	0	0	inf
SRX9135090	TFs and others	AR	Prostate	VCaP	727	1/2624	0/1	0	0	inf
SRX9135091	TFs and others	AR	Prostate	VCaP	1030	2/2624	0/1	0	0	inf
SRX9135092	TFs and others	AR	Prostate	VCaP	16938	13/2624	0/1	0	0	inf
SRX9135093	TFs and others	AR	Prostate	VCaP	10527	10/2624	0/1	0	0	inf
SRX9135094	TFs and others	AR	Prostate	VCaP	539	1/2624	0/1	0	0	inf
SRX9135095	TFs and others	AR	Prostate	VCaP	2010	5/2624	0/1	0	0	inf
SRX9135096	TFs and others	AR	Prostate	VCaP	1468	2/2624	0/1	0	0	inf
SRX9135097	TFs and others	AR	Prostate	VCaP	26375	17/2624	0/1	0	0	inf
SRX9135100	TFs and others	AR	Prostate	VCaP	37586	24/2624	0/1	0	0	inf
SRX9135101	TFs and others	AR	Prostate	VCaP	39394	21/2624	0/1	0	0	inf
SRX9135102	TFs and others	AR	Prostate	VCaP	33418	19/2624	0/1	0	0	inf
SRX9135103	TFs and others	AR	Prostate	VCaP	33726	19/2624	0/1	0	0	inf
SRX9163074	TFs and others	TEAD1	Lung	Bronchial epithelial cells	1103	11/2624	0/1	0	0	inf
SRX9163075	TFs and others	TEAD1	Lung	Bronchial epithelial cells	2304	50/2624	0/1	0	0	inf
SRX9178807	TFs and others	HAP1	Blood	HAP1	1144	4/2624	0/1	0	0	inf
SRX9178808	TFs and others	HAP1	Blood	HAP1	243	1/2624	0/1	0	0	inf
SRX9178809	TFs and others	HAP1	Blood	HAP1	7923	232/2624	0/1	0	0	inf
SRX9178810	TFs and others	HAP1	Blood	HAP1	304	1/2624	0/1	0	0	inf
SRX9178811	TFs and others	HAP1	Blood	HAP1	7183	220/2624	0/1	0	0	inf
SRX9178812	TFs and others	HAP1	Blood	HAP1	274	1/2624	0/1	0	0	inf
SRX9178813	TFs and others	HAP1	Blood	HAP1	6985	219/2624	0/1	0	0	inf
SRX9178814	TFs and others	HAP1	Blood	HAP1	222	1/2624	0/1	0	0	inf
SRX9178815	TFs and others	HAP1	Blood	HAP1	286	1/2624	0/1	0	0	inf
SRX9178816	TFs and others	HAP1	Blood	HAP1	1273	19/2624	0/1	0	0	inf
SRX9178817	TFs and others	HAP1	Blood	HAP1	304	1/2624	0/1	0	0	inf
SRX9178818	TFs and others	HAP1	Blood	HAP1	12304	654/2624	0/1	0	0	inf
SRX9178819	TFs and others	HAP1	Blood	HAP1	4079	91/2624	0/1	0	0	inf
SRX9178820	TFs and others	HAP1	Blood	HAP1	309	1/2624	0/1	0	0	inf
SRX9178821	TFs and others	HAP1	Blood	HAP1	5976	180/2624	0/1	0	0	inf
SRX9178822	TFs and others	HAP1	Blood	HAP1	398	1/2624	0/1	0	0	inf
SRX9178823	TFs and others	HAP1	Blood	HAP1	255	1/2624	0/1	0	0	inf
SRX9178824	TFs and others	HAP1	Blood	HAP1	7969	289/2624	0/1	0	0	inf
SRX9178825	TFs and others	HAP1	Blood	HAP1	311	1/2624	0/1	0	0	inf
SRX9178826	TFs and others	HAP1	Blood	HAP1	14614	854/2624	0/1	0	0	inf
SRX9178827	TFs and others	HAP1	Blood	HAP1	1621	23/2624	0/1	0	0	inf
SRX9178828	TFs and others	HAP1	Blood	HAP1	337	1/2624	0/1	0	0	inf
SRX9178829	TFs and others	HAP1	Blood	HAP1	298	1/2624	0/1	0	0	inf
SRX9178830	TFs and others	HAP1	Blood	HAP1	2767	69/2624	0/1	0	0	inf
SRX9178831	TFs and others	HAP1	Blood	HAP1	249	1/2624	0/1	0	0	inf
SRX9178832	TFs and others	HAP1	Blood	HAP1	15452	946/2624	0/1	0	0	inf
SRX9178833	TFs and others	HAP1	Blood	HAP1	1586	4/2624	0/1	0	0	inf
SRX9178834	TFs and others	HAP1	Blood	HAP1	6164	228/2624	0/1	0	0	inf
SRX9178835	TFs and others	HAP1	Blood	HAP1	262	1/2624	0/1	0	0	inf
SRX9178836	TFs and others	HAP1	Blood	HAP1	8680	384/2624	0/1	0	0	inf
SRX9178837	TFs and others	HAP1	Blood	HAP1	5798	166/2624	0/1	0	0	inf
SRX9178838	TFs and others	HAP1	Blood	HAP1	108	1/2624	0/1	0	0	inf
SRX9178839	TFs and others	HAP1	Blood	HAP1	6242	195/2624	0/1	0	0	inf
SRX9178840	TFs and others	HAP1	Blood	HAP1	122	1/2624	0/1	0	0	inf
SRX9178841	TFs and others	HAP1	Blood	HAP1	9141	315/2624	0/1	0	0	inf
SRX9178842	TFs and others	HAP1	Blood	HAP1	152	1/2624	0/1	0	0	inf
SRX9178843	TFs and others	HAP1	Blood	HAP1	496	6/2624	0/1	0	0	inf
SRX9178844	TFs and others	HAP1	Blood	HAP1	113	1/2624	0/1	0	0	inf
SRX9178845	TFs and others	HAP1	Blood	HAP1	3175	84/2624	0/1	0	0	inf
SRX9178846	TFs and others	HAP1	Blood	HAP1	227	1/2624	0/1	0	0	inf
SRX9178847	TFs and others	HAP1	Blood	HAP1	181	1/2624	0/1	0	0	inf
SRX9178848	TFs and others	HAP1	Blood	HAP1	4794	123/2624	0/1	0	0	inf
SRX9178849	TFs and others	HAP1	Blood	HAP1	234	1/2624	0/1	0	0	inf
SRX9178850	TFs and others	HAP1	Blood	HAP1	11020	515/2624	0/1	0	0	inf
SRX9178851	TFs and others	HAP1	Blood	HAP1	173	1/2624	0/1	0	0	inf
SRX9178852	TFs and others	HAP1	Blood	HAP1	3235	63/2624	0/1	0	0	inf
SRX9178853	TFs and others	HAP1	Blood	HAP1	252	1/2624	0/1	0	0	inf
SRX9178854	TFs and others	HAP1	Blood	HAP1	2625	51/2624	0/1	0	0	inf
SRX9178855	TFs and others	HAP1	Blood	HAP1	6448	151/2624	0/1	0	0	inf
SRX9178856	TFs and others	HAP1	Blood	HAP1	436	1/2624	0/1	0	0	inf
SRX9187410	TFs and others	HDAC1	Pancreas	MIA Paca-2	513	1/2624	0/1	0	0	inf
SRX9187411	TFs and others	HDAC1	Pancreas	MIA Paca-2	2028	120/2624	0/1	0	0	inf
SRX9187412	TFs and others	HDAC1	Pancreas	MIA Paca-2	1770	95/2624	0/1	0	0	inf
SRX9187413	TFs and others	HDAC1	Pancreas	MIA Paca-2	1208	18/2624	0/1	0	0	inf
SRX9187414	TFs and others	HDAC1	Pancreas	MIA Paca-2	738	3/2624	0/1	0	0	inf
SRX9187415	TFs and others	HDAC1	Pancreas	MIA Paca-2	787	2/2624	0/1	0	0	inf
SRX9206191	TFs and others	KDM6A	Digestive tract	HCT 116	1331	118/2624	0/1	0	0	inf
SRX9206192	TFs and others	KDM6A	Digestive tract	HCT 116	4927	648/2624	0/1	0	0	inf
SRX9206193	TFs and others	KDM6A	Digestive tract	HCT 116	4800	641/2624	0/1	0	0	inf
SRX9206197	TFs and others	GFP	Digestive tract	HCT 116	154	1/2624	0/1	0	0	inf
SRX9206313	TFs and others	BRD8	Lung	Calu-3	4870	147/2624	0/1	0	0	inf
SRX9206314	TFs and others	BRD8	Lung	Calu-3	491	1/2624	0/1	0	0	inf
SRX9206315	TFs and others	CTCF	Lung	Calu-3	5186	119/2624	0/1	0	0	inf
SRX9206316	TFs and others	CTCF	Lung	Calu-3	7576	467/2624	0/1	0	0	inf
SRX9206317	TFs and others	BRD8	Others	16HBE14o-	2386	104/2624	0/1	0	0	inf
SRX9206318	TFs and others	BRD8	Others	16HBE14o-	621	1/2624	0/1	0	0	inf
SRX9213096	TFs and others	KANSL3	Blood	THP-1	578	2/2624	0/1	0	0	inf
SRX9213097	TFs and others	KANSL3	Blood	THP-1	692	2/2624	0/1	0	0	inf
SRX9213133	TFs and others	KAT8	Blood	THP-1	725	7/2624	0/1	0	0	inf
SRX9213134	TFs and others	KAT8	Blood	THP-1	521	1/2624	0/1	0	0	inf
SRX9221932	TFs and others	ESR1	Liver	Hepatocytes	1250	145/2624	0/1	0	0	inf
SRX9221933	TFs and others	ESR1	Liver	Hepatocytes	1414	199/2624	0/1	0	0	inf
SRX9221935	TFs and others	ESR1	Liver	Liver	1053	137/2624	0/1	0	0	inf
SRX9234587	TFs and others	BATF3	Blood	KARPAS-299	14068	163/2624	0/1	0	0	inf
SRX9234590	TFs and others	BATF3	Blood	Mac-1	10450	85/2624	0/1	0	0	inf
SRX9237231	TFs and others	SUPT5H	Blood	K-562	9961	1211/2624	0/1	0	0	inf
SRX9237232	TFs and others	SUPT5H	Blood	K-562	10020	1248/2624	0/1	0	0	inf
SRX9237233	TFs and others	SUPT5H	Blood	K-562	9971	1301/2624	0/1	0	0	inf
SRX9237235	TFs and others	PAF1	Blood	K-562	2325	22/2624	0/1	0	0	inf
SRX9237236	TFs and others	PAF1	Blood	K-562	2744	62/2624	0/1	0	0	inf
SRX9237237	TFs and others	PAF1	Blood	K-562	2588	21/2624	0/1	0	0	inf
SRX9237238	TFs and others	PAF1	Blood	K-562	2657	89/2624	0/1	0	0	inf
SRX9237239	TFs and others	FIP1L1	Blood	K-562	1106	1/2624	0/1	0	0	inf
SRX9237240	TFs and others	FIP1L1	Blood	K-562	1444	4/2624	0/1	0	0	inf
SRX9237241	TFs and others	FIP1L1	Blood	K-562	1242	1/2624	0/1	0	0	inf
SRX9237242	TFs and others	FIP1L1	Blood	K-562	2598	10/2624	0/1	0	0	inf
SRX9237243	TFs and others	CPSF3	Blood	K-562	1313	2/2624	0/1	0	0	inf
SRX9237244	TFs and others	CPSF3	Blood	K-562	1579	4/2624	0/1	0	0	inf
SRX9237245	TFs and others	CPSF3	Blood	K-562	1093	5/2624	0/1	0	0	inf
SRX9237246	TFs and others	CPSF3	Blood	K-562	2351	5/2624	0/1	0	0	inf
SRX9237247	TFs and others	CSTF2	Blood	K-562	1664	11/2624	0/1	0	0	inf
SRX9237248	TFs and others	CSTF2	Blood	K-562	2896	44/2624	0/1	0	0	inf
SRX9237249	TFs and others	CSTF2	Blood	K-562	1545	12/2624	0/1	0	0	inf
SRX9237250	TFs and others	CSTF2	Blood	K-562	2276	22/2624	0/1	0	0	inf
SRX9258677	TFs and others	CPSF3L	Kidney	293	1822	124/2624	0/1	0	0	inf
SRX9258678	TFs and others	CPSF3L	Kidney	293	733	12/2624	0/1	0	0	inf
SRX9258681	TFs and others	CPSF3L	Kidney	293	581	1/2624	0/1	0	0	inf
SRX9258682	TFs and others	CPSF3L	Kidney	293	625	1/2624	0/1	0	0	inf
SRX9258685	TFs and others	INTS3	Kidney	293	842	4/2624	0/1	0	0	inf
SRX9258686	TFs and others	INTS3	Kidney	293	871	1/2624	0/1	0	0	inf
SRX9279198	TFs and others	KANSL1	Uterus	HeLa	667	18/2624	0/1	0	0	inf
SRX9279232	TFs and others	EGR1	Blood	Macrophages	462	8/2624	0/1	0	0	inf
SRX9281780	TFs and others	RNF2	Kidney	293	655	2/2624	0/1	0	0	inf
SRX9281781	TFs and others	RNF2	Kidney	293	741	5/2624	0/1	0	0	inf
SRX9281782	TFs and others	RNF2	Kidney	293	621	3/2624	0/1	0	0	inf
SRX9281784	TFs and others	RNF2	Kidney	293	84	1/2624	0/1	0	0	inf
SRX9281785	TFs and others	RNF2	Kidney	293	43	1/2624	0/1	0	0	inf
SRX9281786	TFs and others	RNF2	Kidney	293	47	1/2624	0/1	0	0	inf
SRX9281787	TFs and others	RNF2	Kidney	293	45	1/2624	0/1	0	0	inf
SRX9281788	TFs and others	RNF2	Kidney	293	45	1/2624	0/1	0	0	inf
SRX9281789	TFs and others	SUZ12	Kidney	293	609	2/2624	0/1	0	0	inf
SRX9281790	TFs and others	SUZ12	Kidney	293	727	2/2624	0/1	0	0	inf
SRX9281791	TFs and others	SUZ12	Kidney	293	1176	6/2624	0/1	0	0	inf
SRX9281793	TFs and others	SUZ12	Kidney	293	466	2/2624	0/1	0	0	inf
SRX9281799	TFs and others	SUZ12	Kidney	293	257	1/2624	0/1	0	0	inf
SRX9281800	TFs and others	SUZ12	Kidney	293	387	2/2624	0/1	0	0	inf
SRX9281802	TFs and others	SUZ12	Kidney	293	419	1/2624	0/1	0	0	inf
SRX9286283	TFs and others	ERG	Prostate	VCaP	406	1/2624	0/1	0	0	inf
SRX9298942	TFs and others	NR3C1	Lung	Lung cancer cell line	23	1/2624	0/1	0	0	inf
SRX9298943	TFs and others	NR3C1	Lung	Lung cancer cell line	2450	33/2624	0/1	0	0	inf
SRX9298945	TFs and others	NR3C1	Lung	Lung cancer cell line	4460	62/2624	0/1	0	0	inf
SRX9298946	TFs and others	NR3C1	Lung	Lung cancer cell line	86	1/2624	0/1	0	0	inf
SRX9298947	TFs and others	NR3C1	Lung	Lung cancer cell line	6100	58/2624	0/1	0	0	inf
SRX9298948	TFs and others	NR3C1	Lung	Lung cancer cell line	598	1/2624	0/1	0	0	inf
SRX9298949	TFs and others	NR3C1	Lung	Lung cancer cell line	5265	44/2624	0/1	0	0	inf
SRX9298950	TFs and others	NR3C1	Lung	Lung cancer cell line	626	1/2624	0/1	0	0	inf
SRX9298951	TFs and others	NR3C1	Lung	Lung cancer cell line	18478	176/2624	0/1	0	0	inf
SRX9298952	TFs and others	NR3C1	Lung	Lung cancer cell line	369	1/2624	0/1	0	0	inf
SRX9298953	TFs and others	NR3C1	Lung	Lung cancer cell line	492	2/2624	0/1	0	0	inf
SRX9298954	TFs and others	NR3C1	Lung	Lung cancer cell line	295	1/2624	0/1	0	0	inf
SRX9298955	TFs and others	NR3C1	Lung	Lung cancer cell line	9614	104/2624	0/1	0	0	inf
SRX9298956	TFs and others	NR3C1	Lung	Lung cancer cell line	458	1/2624	0/1	0	0	inf
SRX9298957	TFs and others	NR3C1	Lung	Lung cancer cell line	4961	45/2624	0/1	0	0	inf
SRX9309766	TFs and others	BRD4	Blood	HL-60	815	1/2624	0/1	0	0	inf
SRX9309767	TFs and others	BRD4	Blood	HL-60	1033	1/2624	0/1	0	0	inf
SRX9309768	TFs and others	BRD4	Blood	HL-60	1106	1/2624	0/1	0	0	inf
SRX9309769	TFs and others	BRD4	Blood	HL-60	907	1/2624	0/1	0	0	inf
SRX9317668	TFs and others	FOXC1	Blood	Acute myeloid leukemia	26321	377/2624	0/1	0	0	inf
SRX9317675	TFs and others	FOXC1	Blood	Fujioka	10724	93/2624	0/1	0	0	inf
SRX9317678	TFs and others	SPI1	Blood	Fujioka	29332	221/2624	0/1	0	0	inf
SRX9317680	TFs and others	HDAC1	Blood	Fujioka	3380	200/2624	0/1	0	0	inf
SRX9317681	TFs and others	RUNX1	Blood	Fujioka	29984	1215/2624	0/1	0	0	inf
SRX9317682	TFs and others	RUNX1	Blood	Fujioka	3860	214/2624	0/1	0	0	inf
SRX9317683	TFs and others	CEBPA	Blood	Fujioka	11788	109/2624	0/1	0	0	inf
SRX9317684	TFs and others	CEBPA	Blood	Fujioka	16786	128/2624	0/1	0	0	inf
SRX9317686	TFs and others	EP300	Blood	Fujioka	4112	222/2624	0/1	0	0	inf
SRX9317687	TFs and others	SMARCC2	Blood	Fujioka	5997	156/2624	0/1	0	0	inf
SRX9317688	TFs and others	SMARCC2	Blood	Fujioka	4328	138/2624	0/1	0	0	inf
SRX9317689	TFs and others	TLE3	Blood	Fujioka	21204	408/2624	0/1	0	0	inf
SRX9317690	TFs and others	TLE3	Blood	Fujioka	7070	255/2624	0/1	0	0	inf
SRX9318375	TFs and others	TOP2B	Neural	Glioma	646	51/2624	0/1	0	0	inf
SRX9318376	TFs and others	TOP2B	Neural	Glioma	959	103/2624	0/1	0	0	inf
SRX9318377	TFs and others	TOP2B	Neural	Glioma	97	1/2624	0/1	0	0	inf
SRX9318378	TFs and others	TOP2B	Neural	Glioma	407	1/2624	0/1	0	0	inf
SRX9318379	TFs and others	TOP2B	Neural	Glioma	1804	334/2624	0/1	0	0	inf
SRX9318380	TFs and others	TOP2B	Neural	Glioma	351	22/2624	0/1	0	0	inf
SRX9318381	TFs and others	TOP2B	Neural	Glioma	81	1/2624	0/1	0	0	inf
SRX9318383	TFs and others	TOP2B	Neural	Glioma	395	1/2624	0/1	0	0	inf
SRX9318386	TFs and others	TOP2B	Neural	Glioma	18	1/2624	0/1	0	0	inf
SRX9318390	TFs and others	TOP2B	Neural	Glioma	16	1/2624	0/1	0	0	inf
SRX9318392	TFs and others	TOP2B	Neural	Glioma	41	1/2624	0/1	0	0	inf
SRX9318394	TFs and others	TOP2B	Neural	Glioma	33	1/2624	0/1	0	0	inf
SRX9345714	TFs and others	CTCF	Blood	Erythroid Cells	28407	643/2624	0/1	0	0	inf
SRX9345715	TFs and others	CTCF	Blood	Erythroid Cells	26861	640/2624	0/1	0	0	inf
SRX9345716	TFs and others	CTCF	Blood	Erythroid Cells	28012	699/2624	0/1	0	0	inf
SRX9345717	TFs and others	CTCF	Blood	Erythroid Cells	33304	724/2624	0/1	0	0	inf
SRX9345718	TFs and others	CTCF	Blood	Erythroid Cells	30924	636/2624	0/1	0	0	inf
SRX9345719	TFs and others	CTCF	Blood	Erythroid Cells	29923	627/2624	0/1	0	0	inf
SRX9350044	TFs and others	TP53	Lung	NCI-H1299	357	7/2624	0/1	0	0	inf
SRX9350045	TFs and others	TP53	Lung	NCI-H1299	2141	16/2624	0/1	0	0	inf
SRX9350046	TFs and others	TP53	Lung	NCI-H1299	223	1/2624	0/1	0	0	inf
SRX9350047	TFs and others	TP53	Lung	NCI-H1299	1183	13/2624	0/1	0	0	inf
SRX9350645	TFs and others	FOS	Epidermis	Melanoma cell line	5017	119/2624	0/1	0	0	inf
SRX9350646	TFs and others	JUN	Epidermis	Melanoma cell line	30529	358/2624	0/1	0	0	inf
SRX9350647	TFs and others	FOSL1	Epidermis	Melanoma cell line	14945	250/2624	0/1	0	0	inf
SRX9350648	TFs and others	JUNB	Epidermis	Melanoma cell line	123	2/2624	0/1	0	0	inf
SRX9350919	TFs and others	BRD4	Digestive tract	COLO 320DM	3496	189/2624	0/1	0	0	inf
SRX9350920	TFs and others	BRD4	Digestive tract	COLO 320DM	2441	88/2624	0/1	0	0	inf
SRX9350922	TFs and others	BRD4	Digestive tract	COLO 320DM	1043	6/2624	0/1	0	0	inf
SRX9350923	TFs and others	BRD4	Digestive tract	COLO 320DM	1230	11/2624	0/1	0	0	inf
SRX9350927	TFs and others	BRD4	Digestive tract	COLO 320HSR	1297	20/2624	0/1	0	0	inf
SRX9350928	TFs and others	BRD4	Digestive tract	COLO 320HSR	1456	47/2624	0/1	0	0	inf
SRX9350930	TFs and others	BRD4	Digestive tract	COLO 320HSR	1128	4/2624	0/1	0	0	inf
SRX9350931	TFs and others	BRD4	Digestive tract	COLO 320HSR	1174	2/2624	0/1	0	0	inf
SRX9350935	TFs and others	BRD4	Digestive tract	SNU-16	1037	13/2624	0/1	0	0	inf
SRX9350936	TFs and others	BRD4	Digestive tract	SNU-16	648	4/2624	0/1	0	0	inf
SRX9370421	TFs and others	ING5	Liver	Hep G2	413	1/2624	0/1	0	0	inf
SRX9390333	TFs and others	CREBBP	Blood	MM.1S	102	1/2624	0/1	0	0	inf
SRX9390334	TFs and others	EP300	Blood	MM.1S	286	38/2624	0/1	0	0	inf
SRX9390934	TFs and others	BRD4	Digestive tract	Colorectal cancer	2258	272/2624	0/1	0	0	inf
SRX9390935	TFs and others	BRD4	Digestive tract	Colorectal cancer	788	2/2624	0/1	0	0	inf
SRX9390936	TFs and others	STAT3	Digestive tract	Colorectal cancer	131	1/2624	0/1	0	0	inf
SRX9390938	TFs and others	BRD4	Digestive tract	Colorectal cancer	4429	652/2624	0/1	0	0	inf
SRX9390939	TFs and others	BRD4	Digestive tract	Colorectal cancer	720	2/2624	0/1	0	0	inf
SRX9390940	TFs and others	STAT3	Digestive tract	Colorectal cancer	337	13/2624	0/1	0	0	inf
SRX9410502	TFs and others	RAD21	Pluripotent stem cell	hESC H9	2524	43/2624	0/1	0	0	inf
SRX9410586	TFs and others	RAD21	Digestive tract	HCT 116	15788	181/2624	0/1	0	0	inf
SRX9415789	TFs and others	ERF	Blood	HUDEP-2	355	1/2624	0/1	0	0	inf
SRX9415791	TFs and others	ERF	Blood	HUDEP-2	326	1/2624	0/1	0	0	inf
SRX9419934	TFs and others	MED1	Breast	SK-BR-3	10517	715/2624	0/1	0	0	inf
SRX9419935	TFs and others	BRD4	Breast	BT-474	8979	2/2624	0/1	0	0	inf
SRX9419936	TFs and others	BRD4	Breast	BT-474	10187	1/2624	0/1	0	0	inf
SRX9419937	TFs and others	BRD4	Breast	BT-474	9482	1/2624	0/1	0	0	inf
SRX9419938	TFs and others	BRD4	Breast	BT-474	10130	1/2624	0/1	0	0	inf
SRX9419946	TFs and others	MED1	Breast	BT-474	10367	1/2624	0/1	0	0	inf
SRX9419947	TFs and others	MED1	Breast	BT-474	9891	2/2624	0/1	0	0	inf
SRX9419949	TFs and others	FOXA1	Breast	SK-BR-3	42297	419/2624	0/1	0	0	inf
SRX9419950	TFs and others	FOXA1	Breast	SK-BR-3	44087	592/2624	0/1	0	0	inf
SRX9419951	TFs and others	FOXA1	Breast	SK-BR-3	38999	523/2624	0/1	0	0	inf
SRX9419952	TFs and others	FOXA1	Breast	SK-BR-3	29297	389/2624	0/1	0	0	inf
SRX9426421	TFs and others	HCFC1	Blood	RAMOS	1891	165/2624	0/1	0	0	inf
SRX9426422	TFs and others	HCFC1	Blood	RAMOS	1256	51/2624	0/1	0	0	inf
SRX9426423	TFs and others	HCFC1	Blood	RAMOS	2538	281/2624	0/1	0	0	inf
SRX9426424	TFs and others	HCFC1	Blood	RAMOS	1786	164/2624	0/1	0	0	inf
SRX9426425	TFs and others	HCFC1	Blood	RAMOS	1884	200/2624	0/1	0	0	inf
SRX9426426	TFs and others	HCFC1	Blood	RAMOS	1214	37/2624	0/1	0	0	inf
SRX9426427	TFs and others	Epitope tags	Blood	RAMOS	846	1/2624	0/1	0	0	inf
SRX9426428	TFs and others	Epitope tags	Blood	RAMOS	1084	1/2624	0/1	0	0	inf
SRX9426429	TFs and others	Epitope tags	Blood	RAMOS	1162	1/2624	0/1	0	0	inf
SRX9426430	TFs and others	Epitope tags	Blood	RAMOS	2180	13/2624	0/1	0	0	inf
SRX9426431	TFs and others	Epitope tags	Blood	RAMOS	3581	25/2624	0/1	0	0	inf
SRX9426432	TFs and others	Epitope tags	Blood	RAMOS	1644	9/2624	0/1	0	0	inf
SRX9426433	TFs and others	Epitope tags	Blood	RAMOS	1903	23/2624	0/1	0	0	inf
SRX9426435	TFs and others	Epitope tags	Blood	RAMOS	2394	46/2624	0/1	0	0	inf
SRX9426436	TFs and others	Epitope tags	Blood	RAMOS	3367	126/2624	0/1	0	0	inf
SRX9426437	TFs and others	Epitope tags	Blood	RAMOS	4473	220/2624	0/1	0	0	inf
SRX9426438	TFs and others	Epitope tags	Blood	RAMOS	3846	121/2624	0/1	0	0	inf
SRX9426439	TFs and others	Epitope tags	Blood	RAMOS	3372	137/2624	0/1	0	0	inf
SRX9433099	TFs and others	CTR9	Bone	U2OS	322	1/2624	0/1	0	0	inf
SRX9433100	TFs and others	CTR9	Bone	U2OS	439	7/2624	0/1	0	0	inf
SRX9433101	TFs and others	CTR9	Bone	U2OS	423	2/2624	0/1	0	0	inf
SRX9433102	TFs and others	MYC	Bone	U2OS	5488	593/2624	0/1	0	0	inf
SRX9433103	TFs and others	MYC	Bone	U2OS	15879	1167/2624	0/1	0	0	inf
SRX9433104	TFs and others	MYC	Bone	U2OS	7861	524/2624	0/1	0	0	inf
SRX9433106	TFs and others	CTR9	Bone	U2OS	348	3/2624	0/1	0	0	inf
SRX9433107	TFs and others	CTR9	Bone	U2OS	379	6/2624	0/1	0	0	inf
SRX9433108	TFs and others	CTR9	Bone	U2OS	316	8/2624	0/1	0	0	inf
SRX9433117	TFs and others	CTR9	Bone	U2OS	378	2/2624	0/1	0	0	inf
SRX9433118	TFs and others	CTR9	Bone	U2OS	363	1/2624	0/1	0	0	inf
SRX9433119	TFs and others	CTR9	Bone	U2OS	351	1/2624	0/1	0	0	inf
SRX9433120	TFs and others	CTR9	Bone	U2OS	305	1/2624	0/1	0	0	inf
SRX9433121	TFs and others	MYC	Bone	U2OS	103	1/2624	0/1	0	0	inf
SRX9434353	TFs and others	RELA	Digestive tract	SW 480	1163	36/2624	0/1	0	0	inf
SRX9434354	TFs and others	RELA	Digestive tract	SW 480	2364	84/2624	0/1	0	0	inf
SRX9434355	TFs and others	RELA	Digestive tract	SW 480	2343	83/2624	0/1	0	0	inf
SRX9434356	TFs and others	RELA	Digestive tract	SW 480	844	1/2624	0/1	0	0	inf
SRX9434357	TFs and others	RELA	Digestive tract	SW 480	882	23/2624	0/1	0	0	inf
SRX9434358	TFs and others	RELA	Digestive tract	SW 480	844	17/2624	0/1	0	0	inf
SRX9434359	TFs and others	RELA	Digestive tract	SW 480	573	8/2624	0/1	0	0	inf
SRX9434360	TFs and others	RELA	Digestive tract	SW 480	686	1/2624	0/1	0	0	inf
SRX9434361	TFs and others	RELA	Digestive tract	HT-29	1811	75/2624	0/1	0	0	inf
SRX9434362	TFs and others	RELA	Digestive tract	HT-29	558	3/2624	0/1	0	0	inf
SRX9434363	TFs and others	RELA	Digestive tract	HT-29	601	3/2624	0/1	0	0	inf
SRX9434364	TFs and others	RELA	Digestive tract	HT-29	925	1/2624	0/1	0	0	inf
SRX9434365	TFs and others	RELA	Digestive tract	HT-29	2871	96/2624	0/1	0	0	inf
SRX9434366	TFs and others	RELA	Digestive tract	HT-29	724	7/2624	0/1	0	0	inf
SRX9434367	TFs and others	RELA	Digestive tract	HT-29	858	13/2624	0/1	0	0	inf
SRX9434368	TFs and others	RELA	Digestive tract	HT-29	612	1/2624	0/1	0	0	inf
SRX9450685	TFs and others	AHR	Pluripotent stem cell	hESC derived endodermal cells	404	1/2624	0/1	0	0	inf
SRX9450686	TFs and others	AHR	Pluripotent stem cell	hESC derived endodermal cells	329	2/2624	0/1	0	0	inf
SRX9450689	TFs and others	AHR	Pluripotent stem cell	hESC derived endodermal cells	402	1/2624	0/1	0	0	inf
SRX9450690	TFs and others	AHR	Pluripotent stem cell	hESC derived endodermal cells	374	1/2624	0/1	0	0	inf
SRX9450693	TFs and others	AHR	Pluripotent stem cell	hESC H9	130	1/2624	0/1	0	0	inf
SRX9450694	TFs and others	AHR	Pluripotent stem cell	hESC H9	162	1/2624	0/1	0	0	inf
SRX9450697	TFs and others	AHR	Pluripotent stem cell	hESC H9	264	2/2624	0/1	0	0	inf
SRX9450698	TFs and others	AHR	Pluripotent stem cell	hESC H9	395	1/2624	0/1	0	0	inf
SRX9450702	TFs and others	AHR	Pluripotent stem cell	hESC derived neural cells	380	1/2624	0/1	0	0	inf
SRX9450703	TFs and others	AHR	Pluripotent stem cell	hESC derived neural cells	394	1/2624	0/1	0	0	inf
SRX9450706	TFs and others	AHR	Pluripotent stem cell	hESC derived neural cells	417	2/2624	0/1	0	0	inf
SRX9450707	TFs and others	AHR	Pluripotent stem cell	hESC derived neural cells	438	1/2624	0/1	0	0	inf
SRX9468649	TFs and others	AR	Prostate	LNCAP	39805	55/2624	0/1	0	0	inf
SRX9468650	TFs and others	AR	Prostate	LNCAP	50785	105/2624	0/1	0	0	inf
SRX9468651	TFs and others	AR	Prostate	LNCAP	54326	591/2624	0/1	0	0	inf
SRX9468652	TFs and others	AR	Prostate	LNCAP	86908	91/2624	0/1	0	0	inf
SRX9468653	TFs and others	AR	Prostate	LNCAP	17902	18/2624	0/1	0	0	inf
SRX9468654	TFs and others	AR	Prostate	LNCAP	88457	186/2624	0/1	0	0	inf
SRX9468655	TFs and others	AR	Prostate	LNCAP	47541	127/2624	0/1	0	0	inf
SRX9468656	TFs and others	AR	Prostate	LNCAP	36694	63/2624	0/1	0	0	inf
SRX9468661	TFs and others	AR	Prostate	LNCAP	49648	1073/2624	0/1	0	0	inf
SRX9468662	TFs and others	AR	Prostate	LNCAP	89863	138/2624	0/1	0	0	inf
SRX9468663	TFs and others	AR	Prostate	LNCAP	94132	189/2624	0/1	0	0	inf
SRX9468664	TFs and others	AR	Prostate	LNCAP	90438	410/2624	0/1	0	0	inf
SRX9468665	TFs and others	Epitope tags	Prostate	LNCAP	459	1/2624	0/1	0	0	inf
SRX9468666	TFs and others	Epitope tags	Prostate	LNCAP	465	1/2624	0/1	0	0	inf
SRX9468667	TFs and others	Epitope tags	Prostate	LNCAP	390	1/2624	0/1	0	0	inf
SRX9468668	TFs and others	Epitope tags	Prostate	LNCAP	403	1/2624	0/1	0	0	inf
SRX9468669	TFs and others	Epitope tags	Prostate	LNCAP	331	1/2624	0/1	0	0	inf
SRX9468670	TFs and others	Epitope tags	Prostate	LNCAP	295	1/2624	0/1	0	0	inf
SRX9468671	TFs and others	Epitope tags	Prostate	LNCAP	1827	11/2624	0/1	0	0	inf
SRX9468672	TFs and others	Epitope tags	Prostate	LNCAP	619	4/2624	0/1	0	0	inf
SRX9468673	TFs and others	Epitope tags	Prostate	LNCAP	2408	38/2624	0/1	0	0	inf
SRX9468674	TFs and others	Epitope tags	Prostate	LNCAP	4892	41/2624	0/1	0	0	inf
SRX9468675	TFs and others	Epitope tags	Prostate	LNCAP	4209	41/2624	0/1	0	0	inf
SRX9468676	TFs and others	Epitope tags	Prostate	LNCAP	8178	685/2624	0/1	0	0	inf
SRX9469981	TFs and others	KLF4	Prostate	LAPC-4	8956	144/2624	0/1	0	0	inf
SRX9469982	TFs and others	KLF4	Prostate	LAPC-4	7261	106/2624	0/1	0	0	inf
SRX9469983	TFs and others	KLF4	Prostate	LAPC-4	18906	541/2624	0/1	0	0	inf
SRX9469984	TFs and others	KLF4	Prostate	LAPC-4	16867	311/2624	0/1	0	0	inf
SRX9469985	TFs and others	AR	Prostate	LAPC-4	11794	38/2624	0/1	0	0	inf
SRX9469986	TFs and others	AR	Prostate	LAPC-4	9184	40/2624	0/1	0	0	inf
SRX9469987	TFs and others	AR	Prostate	LAPC-4	45228	66/2624	0/1	0	0	inf
SRX9469988	TFs and others	AR	Prostate	LAPC-4	90683	384/2624	0/1	0	0	inf
SRX9498683	TFs and others	TBP	Blood	K-562	4918	931/2624	0/1	0	0	inf
SRX9498684	TFs and others	TBP	Blood	K-562	4525	715/2624	0/1	0	0	inf
SRX9498685	TFs and others	TBP	Blood	K-562	3074	470/2624	0/1	0	0	inf
SRX9498686	TFs and others	TBP	Blood	K-562	2501	363/2624	0/1	0	0	inf
SRX9498731	TFs and others	TBP	Blood	K-562	5074	828/2624	0/1	0	0	inf
SRX9498732	TFs and others	TBP	Blood	K-562	6943	1185/2624	0/1	0	0	inf
SRX9498733	TFs and others	TBP	Blood	K-562	2413	229/2624	0/1	0	0	inf
SRX9498734	TFs and others	GTF2A2	Blood	K-562	3567	691/2624	0/1	0	0	inf
SRX9498735	TFs and others	GTF2A2	Blood	K-562	1768	246/2624	0/1	0	0	inf
SRX9498736	TFs and others	GTF2A2	Blood	K-562	1415	58/2624	0/1	0	0	inf
SRX9498737	TFs and others	GTF2A2	Blood	K-562	1214	84/2624	0/1	0	0	inf
SRX9498738	TFs and others	GTF2B	Blood	K-562	3858	696/2624	0/1	0	0	inf
SRX9498739	TFs and others	GTF2B	Blood	K-562	1013	62/2624	0/1	0	0	inf
SRX9498740	TFs and others	GTF2B	Blood	K-562	1967	210/2624	0/1	0	0	inf
SRX9498741	TFs and others	GTF2B	Blood	K-562	1400	104/2624	0/1	0	0	inf
SRX9498742	TFs and others	KAT2A	Blood	K-562	644	1/2624	0/1	0	0	inf
SRX9498743	TFs and others	KAT2A	Blood	K-562	601	4/2624	0/1	0	0	inf
SRX9505510	TFs and others	ZNF416	Lung	IMR-90	575	1/2624	0/1	0	0	inf
SRX9505511	TFs and others	ZNF416	Lung	IMR-90	620	2/2624	0/1	0	0	inf
SRX950754	TFs and others	TOP2B	Breast	MCF-7	184	1/2624	0/1	0	0	inf
SRX950756	TFs and others	TOP2B	Breast	MCF-7	400	1/2624	0/1	0	0	inf
SRX9513900	TFs and others	FOXA1	Prostate	LNCAP	17889	152/2624	0/1	0	0	inf
SRX9513901	TFs and others	FOXA1	Prostate	LNCAP	23613	269/2624	0/1	0	0	inf
SRX9513902	TFs and others	FOXA1	Prostate	LNCAP	18899	185/2624	0/1	0	0	inf
SRX9513903	TFs and others	FOXA1	Prostate	LNCAP	3492	50/2624	0/1	0	0	inf
SRX9513904	TFs and others	FOXA1	Prostate	LNCAP	22112	173/2624	0/1	0	0	inf
SRX9513905	TFs and others	FOXA1	Prostate	LNCAP	17638	169/2624	0/1	0	0	inf
SRX9513906	TFs and others	FOXA1	Prostate	LNCAP	21331	181/2624	0/1	0	0	inf
SRX9513907	TFs and others	FOXA1	Prostate	LNCAP	17088	159/2624	0/1	0	0	inf
SRX9522727	TFs and others	MPHOSPH8	Blood	MOLM-13	395	1/2624	0/1	0	0	inf
SRX9522728	TFs and others	MPHOSPH8	Blood	MOLM-13	462	1/2624	0/1	0	0	inf
SRX9522729	TFs and others	MPHOSPH8	Blood	MOLM-13	369	1/2624	0/1	0	0	inf
SRX9522730	TFs and others	MPHOSPH8	Blood	MOLM-13	452	1/2624	0/1	0	0	inf
SRX9522731	TFs and others	MPHOSPH8	Blood	MOLM-13	523	1/2624	0/1	0	0	inf
SRX9522732	TFs and others	MPHOSPH8	Blood	MOLM-13	534	1/2624	0/1	0	0	inf
SRX9522733	TFs and others	MPHOSPH8	Blood	MOLM-13	294	1/2624	0/1	0	0	inf
SRX9522734	TFs and others	MPHOSPH8	Blood	MOLM-13	304	1/2624	0/1	0	0	inf
SRX9522735	TFs and others	MPHOSPH8	Blood	MOLM-13	222	1/2624	0/1	0	0	inf
SRX9523537	TFs and others	NABP2	Bone	HT-1080	649	26/2624	0/1	0	0	inf
SRX952434	TFs and others	RUNX1	Blood	U-937	3818	53/2624	0/1	0	0	inf
SRX9528950	TFs and others	Epitope tags	Breast	MCF-7	575	2/2624	0/1	0	0	inf
SRX9534426	TFs and others	POU2AF1	Blood	Tonsil germinal center cells	12453	742/2624	0/1	0	0	inf
SRX9534427	TFs and others	POU2AF1	Blood	Tonsil germinal center cells	15303	896/2624	0/1	0	0	inf
SRX9548655	TFs and others	QKI	Blood	THP-1	249	1/2624	0/1	0	0	inf
SRX9548657	TFs and others	SETD1A	Blood	THP-1	1136	134/2624	0/1	0	0	inf
SRX9548658	TFs and others	SETD1A	Blood	THP-1	547	38/2624	0/1	0	0	inf
SRX9550856	TFs and others	FOXA1	Prostate	Prostate cancer	28991	210/2624	0/1	0	0	inf
SRX9550857	TFs and others	FOXA1	Prostate	Prostate cancer	11871	190/2624	0/1	0	0	inf
SRX9550858	TFs and others	FOXA1	Prostate	Prostate cancer	39677	630/2624	0/1	0	0	inf
SRX9550859	TFs and others	FOXA1	Prostate	Prostate cancer	34888	1307/2624	0/1	0	0	inf
SRX9550861	TFs and others	FOXA1	Prostate	Prostate cancer	35725	317/2624	0/1	0	0	inf
SRX9550862	TFs and others	FOXA1	Prostate	Prostate cancer	2959	16/2624	0/1	0	0	inf
SRX9550863	TFs and others	FOXA1	Prostate	Prostate cancer	61591	727/2624	0/1	0	0	inf
SRX9550864	TFs and others	FOXA1	Prostate	Prostate cancer	41047	1159/2624	0/1	0	0	inf
SRX9550865	TFs and others	FOXA1	Prostate	Prostate cancer	61321	945/2624	0/1	0	0	inf
SRX9550866	TFs and others	FOXA1	Prostate	Prostate cancer	22500	122/2624	0/1	0	0	inf
SRX9550867	TFs and others	FOXA1	Prostate	Prostate cancer	37082	434/2624	0/1	0	0	inf
SRX9550868	TFs and others	FOXA1	Prostate	Prostate cancer	31162	466/2624	0/1	0	0	inf
SRX9550893	TFs and others	FOXA1	Prostate	Prostate cancer	41021	694/2624	0/1	0	0	inf
SRX9550894	TFs and others	FOXA1	Prostate	Prostate cancer	32421	206/2624	0/1	0	0	inf
SRX9550895	TFs and others	FOXA1	Prostate	Prostate cancer	45455	435/2624	0/1	0	0	inf
SRX9550896	TFs and others	FOXA1	Prostate	Prostate cancer	9151	88/2624	0/1	0	0	inf
SRX9550897	TFs and others	FOXA1	Prostate	Prostate cancer	23247	206/2624	0/1	0	0	inf
SRX9550898	TFs and others	FOXA1	Prostate	Prostate cancer	29683	222/2624	0/1	0	0	inf
SRX9550899	TFs and others	FOXA1	Prostate	Prostate cancer	16606	125/2624	0/1	0	0	inf
SRX9550900	TFs and others	FOXA1	Prostate	Prostate cancer	30148	277/2624	0/1	0	0	inf
SRX9550925	TFs and others	FOXA1	Prostate	Prostate cancer	6855	63/2624	0/1	0	0	inf
SRX9550927	TFs and others	FOXA1	Prostate	Prostate cancer	9404	143/2624	0/1	0	0	inf
SRX9550928	TFs and others	FOXA1	Prostate	Prostate cancer	52172	625/2624	0/1	0	0	inf
SRX9550929	TFs and others	FOXA1	Prostate	Prostate cancer	40462	630/2624	0/1	0	0	inf
SRX9550931	TFs and others	FOXA1	Prostate	Prostate cancer	38852	251/2624	0/1	0	0	inf
SRX9550932	TFs and others	FOXA1	Prostate	Prostate cancer	52017	657/2624	0/1	0	0	inf
SRX9555210	TFs and others	RNF2	Kidney	293	1101	6/2624	0/1	0	0	inf
SRX9555211	TFs and others	RNF2	Kidney	293	1050	4/2624	0/1	0	0	inf
SRX9555212	TFs and others	RNF2	Kidney	293	1184	4/2624	0/1	0	0	inf
SRX9555213	TFs and others	RNF2	Kidney	293	1032	6/2624	0/1	0	0	inf
SRX9555214	TFs and others	RNF2	Kidney	293	1162	4/2624	0/1	0	0	inf
SRX9555215	TFs and others	RNF2	Kidney	293	1055	4/2624	0/1	0	0	inf
SRX9555216	TFs and others	SUZ12	Kidney	293	796	2/2624	0/1	0	0	inf
SRX9555217	TFs and others	SUZ12	Kidney	293	827	2/2624	0/1	0	0	inf
SRX9555218	TFs and others	SUZ12	Kidney	293	762	3/2624	0/1	0	0	inf
SRX9555220	TFs and others	SUZ12	Kidney	293	781	1/2624	0/1	0	0	inf
SRX9556495	TFs and others	GATA3	Breast	MDA-MB-231	13714	335/2624	0/1	0	0	inf
SRX9556496	TFs and others	GATA3	Breast	MDA-MB-231	13598	277/2624	0/1	0	0	inf
SRX9556497	TFs and others	GATA3	Breast	MDA-MB-231	21644	607/2624	0/1	0	0	inf
SRX9556498	TFs and others	GATA3	Breast	MDA-MB-231	20430	484/2624	0/1	0	0	inf
SRX9556499	TFs and others	GATA3	Breast	MDA-MB-231	16277	478/2624	0/1	0	0	inf
SRX9556500	TFs and others	GATA3	Breast	MDA-MB-231	15385	342/2624	0/1	0	0	inf
SRX9556501	TFs and others	GATA3	Breast	MDA-MB-231	17696	522/2624	0/1	0	0	inf
SRX9556503	TFs and others	GATA3	Breast	MDA-MB-231	17166	355/2624	0/1	0	0	inf
SRX9556504	TFs and others	GATA3	Breast	MDA-MB-231	18467	276/2624	0/1	0	0	inf
SRX9556505	TFs and others	GATA3	Breast	MDA-MB-231	17819	578/2624	0/1	0	0	inf
SRX9556506	TFs and others	GATA3	Breast	MDA-MB-231	19539	493/2624	0/1	0	0	inf
SRX9556507	TFs and others	GATA3	Breast	MDA-MB-231	1339	54/2624	0/1	0	0	inf
SRX9556508	TFs and others	GATA3	Breast	MDA-MB-231	1288	58/2624	0/1	0	0	inf
SRX9562886	TFs and others	SMARCA4	Muscle	RH-4	7405	472/2624	0/1	0	0	inf
SRX9562887	TFs and others	SMARCA4	Muscle	RH-4	14459	913/2624	0/1	0	0	inf
SRX9562888	TFs and others	PBRM1	Muscle	RH-4	4781	228/2624	0/1	0	0	inf
SRX9562889	TFs and others	PBRM1	Muscle	RH-4	2650	127/2624	0/1	0	0	inf
SRX9562891	TFs and others	SMARCA4	Muscle	RH-4	24213	137/2624	0/1	0	0	inf
SRX9562892	TFs and others	HDAC2	Muscle	RH-4	11536	240/2624	0/1	0	0	inf
SRX9562896	TFs and others	SMARCA4	Muscle	RH-4	921	4/2624	0/1	0	0	inf
SRX9562897	TFs and others	HDAC2	Muscle	RH-4	605	2/2624	0/1	0	0	inf
SRX9562900	TFs and others	BRD9	Muscle	RH-4	1694	49/2624	0/1	0	0	inf
SRX9562901	TFs and others	DPF2	Muscle	RH-4	1019	27/2624	0/1	0	0	inf
SRX9562902	TFs and others	SMARCA4	Muscle	RH-4	1259	8/2624	0/1	0	0	inf
SRX9562903	TFs and others	SMARCC1	Muscle	RH-4	667	72/2624	0/1	0	0	inf
SRX9562905	TFs and others	SMARCA4	Muscle	RH-4	124	3/2624	0/1	0	0	inf
SRX9562906	TFs and others	SMARCC1	Muscle	RH-4	635	84/2624	0/1	0	0	inf
SRX9562908	TFs and others	SMARCC1	Muscle	RH-4	1018	119/2624	0/1	0	0	inf
SRX9562909	TFs and others	SMARCC1	Muscle	RH-4	898	120/2624	0/1	0	0	inf
SRX9562910	TFs and others	MYCN	Muscle	RH-4	623	19/2624	0/1	0	0	inf
SRX9562911	TFs and others	MYCN	Muscle	RH-4	696	21/2624	0/1	0	0	inf
SRX9562912	TFs and others	MYCN	Muscle	RH-4	546	15/2624	0/1	0	0	inf
SRX9562913	TFs and others	MYCN	Muscle	RH-4	685	25/2624	0/1	0	0	inf
SRX9565526	TFs and others	Epitope tags	Kidney	293	1170	193/2624	0/1	0	0	inf
SRX9565527	TFs and others	Epitope tags	Kidney	293	1136	175/2624	0/1	0	0	inf
SRX9565528	TFs and others	Epitope tags	Kidney	293	166	18/2624	0/1	0	0	inf
SRX9565529	TFs and others	Epitope tags	Kidney	293	186	16/2624	0/1	0	0	inf
SRX9567089	TFs and others	EZH2	Neural	IMR-32	690	2/2624	0/1	0	0	inf
SRX9567093	TFs and others	MYCN	Neural	IMR-32	1515	71/2624	0/1	0	0	inf
SRX9571472	TFs and others	Epitope tags	Blood	K-562	428	10/2624	0/1	0	0	inf
SRX9571478	TFs and others	Epitope tags	Blood	K-562	4895	61/2624	0/1	0	0	inf
SRX959099	TFs and others	NR3C1	Blood	NALM-6	8091	14/2624	0/1	0	0	inf
SRX959100	TFs and others	NR3C1	Blood	NALM-6	11570	23/2624	0/1	0	0	inf
SRX959102	TFs and others	NR3C1	Blood	NALM-6	1403	5/2624	0/1	0	0	inf
SRX959103	TFs and others	NR3C1	Blood	NALM-6	1832	5/2624	0/1	0	0	inf
SRX9598416	TFs and others	SUPT6H	Bone	U2OS	815	25/2624	0/1	0	0	inf
SRX9598417	TFs and others	SUPT6H	Bone	U2OS	556	7/2624	0/1	0	0	inf
SRX9599272	TFs and others	REST	Uterus	HEC-1-B	4009	293/2624	0/1	0	0	inf
SRX9599273	TFs and others	REST	Uterus	HEC-1-B	2454	297/2624	0/1	0	0	inf
SRX9599278	TFs and others	REST	Uterus	HEC-1-B	4890	381/2624	0/1	0	0	inf
SRX9599279	TFs and others	REST	Uterus	HEC-1-B	5152	445/2624	0/1	0	0	inf
SRX9599280	TFs and others	REST	Uterus	HEC-1-B	5433	422/2624	0/1	0	0	inf
SRX9599287	TFs and others	REST	Kidney	293	2123	196/2624	0/1	0	0	inf
SRX9599288	TFs and others	REST	Kidney	293	1531	187/2624	0/1	0	0	inf
SRX9599293	TFs and others	REST	Kidney	293	2945	256/2624	0/1	0	0	inf
SRX9599294	TFs and others	REST	Kidney	293	2765	213/2624	0/1	0	0	inf
SRX9599295	TFs and others	REST	Kidney	293	3121	228/2624	0/1	0	0	inf
SRX9600566	TFs and others	G-quadruplex	Blood	K-562	249	17/2624	0/1	0	0	inf
SRX9600567	TFs and others	G-quadruplex	Blood	K-562	202	6/2624	0/1	0	0	inf
SRX9600568	TFs and others	G-quadruplex	Blood	K-562	129	1/2624	0/1	0	0	inf
SRX9600569	TFs and others	G-quadruplex	Blood	K-562	188	2/2624	0/1	0	0	inf
SRX9600570	TFs and others	G-quadruplex	Blood	K-562	242	16/2624	0/1	0	0	inf
SRX9600571	TFs and others	G-quadruplex	Blood	K-562	176	1/2624	0/1	0	0	inf
SRX9600604	TFs and others	G-quadruplex	Blood	K-562	134	1/2624	0/1	0	0	inf
SRX9600605	TFs and others	G-quadruplex	Blood	K-562	212	1/2624	0/1	0	0	inf
SRX9600606	TFs and others	G-quadruplex	Blood	K-562	176	3/2624	0/1	0	0	inf
SRX9600607	TFs and others	G-quadruplex	Blood	K-562	207	1/2624	0/1	0	0	inf
SRX9600608	TFs and others	G-quadruplex	Blood	K-562	157	2/2624	0/1	0	0	inf
SRX9600609	TFs and others	G-quadruplex	Blood	K-562	209	1/2624	0/1	0	0	inf
SRX9600610	TFs and others	G-quadruplex	Blood	K-562	156	1/2624	0/1	0	0	inf
SRX9600611	TFs and others	G-quadruplex	Blood	K-562	228	8/2624	0/1	0	0	inf
SRX9600612	TFs and others	G-quadruplex	Blood	K-562	205	2/2624	0/1	0	0	inf
SRX9600613	TFs and others	G-quadruplex	Blood	K-562	317	24/2624	0/1	0	0	inf
SRX9600614	TFs and others	G-quadruplex	Blood	K-562	270	13/2624	0/1	0	0	inf
SRX9600615	TFs and others	G-quadruplex	Blood	K-562	293	16/2624	0/1	0	0	inf
SRX9600616	TFs and others	G-quadruplex	Blood	K-562	368	44/2624	0/1	0	0	inf
SRX9600617	TFs and others	G-quadruplex	Blood	K-562	333	20/2624	0/1	0	0	inf
SRX9600618	TFs and others	G-quadruplex	Blood	K-562	353	25/2624	0/1	0	0	inf
SRX9600619	TFs and others	G-quadruplex	Blood	K-562	320	36/2624	0/1	0	0	inf
SRX9600620	TFs and others	G-quadruplex	Blood	K-562	322	41/2624	0/1	0	0	inf
SRX9600621	TFs and others	G-quadruplex	Blood	K-562	368	47/2624	0/1	0	0	inf
SRX9600622	TFs and others	G-quadruplex	Blood	K-562	412	69/2624	0/1	0	0	inf
SRX9600623	TFs and others	G-quadruplex	Blood	K-562	436	54/2624	0/1	0	0	inf
SRX9600624	TFs and others	G-quadruplex	Blood	K-562	618	120/2624	0/1	0	0	inf
SRX9600633	TFs and others	G-quadruplex	Blood	K-562	275	1/2624	0/1	0	0	inf
SRX9600634	TFs and others	G-quadruplex	Blood	K-562	277	2/2624	0/1	0	0	inf
SRX9600635	TFs and others	G-quadruplex	Blood	K-562	331	2/2624	0/1	0	0	inf
SRX9600636	TFs and others	G-quadruplex	Blood	K-562	261	1/2624	0/1	0	0	inf
SRX9600637	TFs and others	G-quadruplex	Blood	K-562	353	3/2624	0/1	0	0	inf
SRX9600638	TFs and others	G-quadruplex	Blood	K-562	326	1/2624	0/1	0	0	inf
SRX9600639	TFs and others	G-quadruplex	Blood	K-562	64	1/2624	0/1	0	0	inf
SRX9600640	TFs and others	G-quadruplex	Blood	K-562	146	1/2624	0/1	0	0	inf
SRX9600641	TFs and others	G-quadruplex	Blood	K-562	187	9/2624	0/1	0	0	inf
SRX9600642	TFs and others	G-quadruplex	Blood	K-562	137	1/2624	0/1	0	0	inf
SRX9600643	TFs and others	G-quadruplex	Blood	K-562	255	33/2624	0/1	0	0	inf
SRX9600644	TFs and others	G-quadruplex	Blood	K-562	133	1/2624	0/1	0	0	inf
SRX9600645	TFs and others	G-quadruplex	Blood	K-562	245	2/2624	0/1	0	0	inf
SRX9600646	TFs and others	G-quadruplex	Blood	K-562	256	12/2624	0/1	0	0	inf
SRX9600647	TFs and others	G-quadruplex	Blood	K-562	181	1/2624	0/1	0	0	inf
SRX9600648	TFs and others	G-quadruplex	Blood	K-562	97	1/2624	0/1	0	0	inf
SRX9600649	TFs and others	G-quadruplex	Blood	K-562	389	63/2624	0/1	0	0	inf
SRX9600650	TFs and others	G-quadruplex	Blood	K-562	123	1/2624	0/1	0	0	inf
SRX9600651	TFs and others	G-quadruplex	Blood	K-562	309	33/2624	0/1	0	0	inf
SRX9600652	TFs and others	G-quadruplex	Blood	K-562	265	21/2624	0/1	0	0	inf
SRX9600653	TFs and others	G-quadruplex	Blood	K-562	331	37/2624	0/1	0	0	inf
SRX9600654	TFs and others	G-quadruplex	Blood	K-562	268	18/2624	0/1	0	0	inf
SRX9600655	TFs and others	G-quadruplex	Blood	K-562	222	7/2624	0/1	0	0	inf
SRX9600656	TFs and others	G-quadruplex	Blood	K-562	169	1/2624	0/1	0	0	inf
SRX9600657	TFs and others	G-quadruplex	Blood	K-562	441	92/2624	0/1	0	0	inf
SRX9600658	TFs and others	G-quadruplex	Blood	K-562	315	24/2624	0/1	0	0	inf
SRX9600659	TFs and others	G-quadruplex	Blood	K-562	394	47/2624	0/1	0	0	inf
SRX9600660	TFs and others	G-quadruplex	Blood	K-562	424	80/2624	0/1	0	0	inf
SRX9600661	TFs and others	G-quadruplex	Blood	K-562	434	74/2624	0/1	0	0	inf
SRX9600662	TFs and others	G-quadruplex	Blood	K-562	373	57/2624	0/1	0	0	inf
SRX9600663	TFs and others	G-quadruplex	Blood	K-562	603	147/2624	0/1	0	0	inf
SRX9600664	TFs and others	G-quadruplex	Blood	K-562	417	62/2624	0/1	0	0	inf
SRX9600665	TFs and others	G-quadruplex	Blood	K-562	659	152/2624	0/1	0	0	inf
SRX9604645	TFs and others	FOXA1	Prostate	LNCAP	77814	354/2624	0/1	0	0	inf
SRX9604646	TFs and others	FOXA1	Prostate	LNCAP	79653	312/2624	0/1	0	0	inf
SRX9604647	TFs and others	FOXA1	Prostate	LNCAP	83226	388/2624	0/1	0	0	inf
SRX9604648	TFs and others	FOXA1	Prostate	LNCAP	82871	402/2624	0/1	0	0	inf
SRX9604649	TFs and others	FOXA1	Prostate	LNCAP	79369	433/2624	0/1	0	0	inf
SRX9604650	TFs and others	FOXA1	Prostate	LNCAP	80325	401/2624	0/1	0	0	inf
SRX9607665	TFs and others	RARA	Pluripotent stem cell	NTERA-2	2670	22/2624	0/1	0	0	inf
SRX9607666	TFs and others	RARA	Pluripotent stem cell	NTERA-2	1836	4/2624	0/1	0	0	inf
SRX9607667	TFs and others	Biotin	Pluripotent stem cell	NTERA-2	1341	82/2624	0/1	0	0	inf
SRX9607668	TFs and others	Biotin	Pluripotent stem cell	NTERA-2	261	9/2624	0/1	0	0	inf
SRX9607922	TFs and others	TFAP2A	Epidermis	A-375	1094	1/2624	0/1	0	0	inf
SRX9607923	TFs and others	TFAP2A	Epidermis	A-375	2094	88/2624	0/1	0	0	inf
SRX9607924	TFs and others	TFAP2A	Epidermis	M21	17555	894/2624	0/1	0	0	inf
SRX961218	TFs and others	VSV-G	Digestive tract	SW 480	1288	6/2624	0/1	0	0	inf
SRX961219	TFs and others	VSV-G	Digestive tract	SW 480	330	1/2624	0/1	0	0	inf
SRX9621853	TFs and others	GFP	Kidney	293	2864	10/2624	0/1	0	0	inf
SRX9621854	TFs and others	GFP	Kidney	293	7188	193/2624	0/1	0	0	inf
SRX9624510	TFs and others	MLLT1	Blood	MV-4-11	561	6/2624	0/1	0	0	inf
SRX9624511	TFs and others	MLLT1	Blood	MV-4-11	462	2/2624	0/1	0	0	inf
SRX9624512	TFs and others	MLLT1	Blood	MV-4-11	794	4/2624	0/1	0	0	inf
SRX9628163	TFs and others	NR3C1	Kidney	293	369	1/2624	0/1	0	0	inf
SRX9628164	TFs and others	NR3C1	Kidney	293	422	1/2624	0/1	0	0	inf
SRX9628165	TFs and others	NR3C1	Kidney	293	2955	4/2624	0/1	0	0	inf
SRX9628166	TFs and others	NR3C1	Kidney	293	6205	10/2624	0/1	0	0	inf
SRX9628167	TFs and others	NR3C1	Kidney	293	490	1/2624	0/1	0	0	inf
SRX9628168	TFs and others	NR3C1	Kidney	293	479	1/2624	0/1	0	0	inf
SRX9628169	TFs and others	NR3C1	Kidney	293	16852	20/2624	0/1	0	0	inf
SRX9628170	TFs and others	NR3C1	Kidney	293	8093	8/2624	0/1	0	0	inf
SRX9628171	TFs and others	NR3C1	Kidney	293	546	1/2624	0/1	0	0	inf
SRX9628172	TFs and others	NR3C1	Kidney	293	602	1/2624	0/1	0	0	inf
SRX9628173	TFs and others	NR3C1	Kidney	293	11071	16/2624	0/1	0	0	inf
SRX9628174	TFs and others	NR3C1	Kidney	293	6706	13/2624	0/1	0	0	inf
SRX9628175	TFs and others	NR3C1	Kidney	293	410	1/2624	0/1	0	0	inf
SRX9628176	TFs and others	NR3C1	Kidney	293	460	1/2624	0/1	0	0	inf
SRX9628177	TFs and others	NR3C1	Kidney	293	4259	5/2624	0/1	0	0	inf
SRX9628178	TFs and others	NR3C1	Kidney	293	6571	9/2624	0/1	0	0	inf
SRX9628491	TFs and others	SMARCA4	Gonad	SCCOHT-1	222	1/2624	0/1	0	0	inf
SRX9628492	TFs and others	JUN	Gonad	SCCOHT-1	509	38/2624	0/1	0	0	inf
SRX9628494	TFs and others	SMARCA4	Gonad	SCCOHT-1	159	2/2624	0/1	0	0	inf
SRX9628495	TFs and others	JUN	Gonad	SCCOHT-1	317	5/2624	0/1	0	0	inf
SRX9628497	TFs and others	JUN	Gonad	SCCOHT-1	1162	154/2624	0/1	0	0	inf
SRX9628498	TFs and others	JUN	Gonad	SCCOHT-1	308	7/2624	0/1	0	0	inf
SRX9628499	TFs and others	SMARCA4	Gonad	SCCOHT-1	143	2/2624	0/1	0	0	inf
SRX9628501	TFs and others	SMARCA4	Gonad	SCCOHT-1	212	2/2624	0/1	0	0	inf
SRX9628503	TFs and others	SMARCA4	Gonad	BIN-67	168	1/2624	0/1	0	0	inf
SRX9628504	TFs and others	JUN	Gonad	BIN-67	239	3/2624	0/1	0	0	inf
SRX9628505	TFs and others	JUN	Gonad	BIN-67	237	3/2624	0/1	0	0	inf
SRX9628507	TFs and others	SMARCA4	Gonad	BIN-67	269	1/2624	0/1	0	0	inf
SRX9628508	TFs and others	JUN	Gonad	BIN-67	578	32/2624	0/1	0	0	inf
SRX9628509	TFs and others	JUN	Gonad	BIN-67	799	55/2624	0/1	0	0	inf
SRX9628511	TFs and others	SMARCA4	Gonad	BIN-67	217	1/2624	0/1	0	0	inf
SRX9628513	TFs and others	SMARCA4	Gonad	BIN-67	87	2/2624	0/1	0	0	inf
SRX9632849	TFs and others	CTCF	Uterus	HeLa	37279	485/2624	0/1	0	0	inf
SRX9632850	TFs and others	CTCF	Uterus	HeLa	29286	388/2624	0/1	0	0	inf
SRX9640708	TFs and others	AR	Prostate	Prostate cancer	566	1/2624	0/1	0	0	inf
SRX9640709	TFs and others	AR	Prostate	Prostate cancer	651	1/2624	0/1	0	0	inf
SRX9648512	TFs and others	BMI1	Neural	Neural Stem Cells	233	1/2624	0/1	0	0	inf
SRX9648513	TFs and others	BMI1	Neural	Neural Stem Cells	332	1/2624	0/1	0	0	inf
SRX9648514	TFs and others	BMI1	Neural	Neural Stem Cells	249	1/2624	0/1	0	0	inf
SRX9648515	TFs and others	BMI1	Neural	Neural Stem Cells	314	1/2624	0/1	0	0	inf
SRX965494	TFs and others	STAT3	Blood	Th17 Cells	556	22/2624	0/1	0	0	inf
SRX9671285	TFs and others	CCNT1	Blood	K-562	234	1/2624	0/1	0	0	inf
SRX9671286	TFs and others	CCNT1	Blood	K-562	265	1/2624	0/1	0	0	inf
SRX9671287	TFs and others	CCNT1	Blood	K-562	340	1/2624	0/1	0	0	inf
SRX9671288	TFs and others	CCNT1	Blood	K-562	314	1/2624	0/1	0	0	inf
SRX9671289	TFs and others	CCNT1	Blood	K-562	616	5/2624	0/1	0	0	inf
SRX9671290	TFs and others	CCNT1	Blood	K-562	514	8/2624	0/1	0	0	inf
SRX9671291	TFs and others	CCNT1	Blood	K-562	491	3/2624	0/1	0	0	inf
SRX9671292	TFs and others	CCNT1	Blood	K-562	352	3/2624	0/1	0	0	inf
SRX9671329	TFs and others	ZC3H4	Digestive tract	HCT 116	494	1/2624	0/1	0	0	inf
SRX9671330	TFs and others	ZC3H4	Digestive tract	HCT 116	901	1/2624	0/1	0	0	inf
SRX9673822	TFs and others	BCOR	Kidney	293	1094	7/2624	0/1	0	0	inf
SRX9673823	TFs and others	BCOR	Kidney	293	490	1/2624	0/1	0	0	inf
SRX9673824	TFs and others	BCOR	Kidney	293	1387	5/2624	0/1	0	0	inf
SRX9673825	TFs and others	BCOR	Kidney	293	833	2/2624	0/1	0	0	inf
SRX9674296	TFs and others	NR3C1	Pluripotent stem cell	iPSC derived hepatocytes	5238	16/2624	0/1	0	0	inf
SRX9674297	TFs and others	NR3C1	Pluripotent stem cell	iPSC derived hepatocytes	4273	17/2624	0/1	0	0	inf
SRX9674298	TFs and others	NR3C1	Pluripotent stem cell	iPSC derived hepatocytes	2151	10/2624	0/1	0	0	inf
SRX9674299	TFs and others	NR3C1	Pluripotent stem cell	iPSC derived hepatocytes	4324	13/2624	0/1	0	0	inf
SRX9674300	TFs and others	NR3C1	Pluripotent stem cell	iPSC derived hepatocytes	9857	45/2624	0/1	0	0	inf
SRX9674301	TFs and others	NR3C1	Pluripotent stem cell	iPSC derived hepatocytes	7516	28/2624	0/1	0	0	inf
SRX9674302	TFs and others	NR3C1	Pluripotent stem cell	iPSC derived hepatocytes	1714	7/2624	0/1	0	0	inf
SRX9674303	TFs and others	NR3C1	Pluripotent stem cell	iPSC derived hepatocytes	2960	10/2624	0/1	0	0	inf
SRX9674304	TFs and others	NR3C1	Pluripotent stem cell	iPSC derived hepatocytes	10225	27/2624	0/1	0	0	inf
SRX9674305	TFs and others	NR3C1	Pluripotent stem cell	iPSC derived hepatocytes	7558	16/2624	0/1	0	0	inf
SRX9674306	TFs and others	NR3C1	Pluripotent stem cell	iPSC derived hepatocytes	5053	17/2624	0/1	0	0	inf
SRX9674307	TFs and others	NR3C1	Pluripotent stem cell	iPSC derived hepatocytes	3045	13/2624	0/1	0	0	inf
SRX9674308	TFs and others	NR3C1	Pluripotent stem cell	iPSC derived hepatocytes	5837	22/2624	0/1	0	0	inf
SRX9674309	TFs and others	NR3C1	Pluripotent stem cell	iPSC derived hepatocytes	4838	16/2624	0/1	0	0	inf
SRX9674310	TFs and others	NR3C1	Pluripotent stem cell	iPSC derived hepatocytes	1780	10/2624	0/1	0	0	inf
SRX9674311	TFs and others	NR3C1	Pluripotent stem cell	iPSC derived hepatocytes	1789	10/2624	0/1	0	0	inf
SRX9674313	TFs and others	NR3C1	Pluripotent stem cell	iPSC derived hepatocytes	5287	19/2624	0/1	0	0	inf
SRX9674314	TFs and others	NR3C1	Pluripotent stem cell	iPSC derived hepatocytes	4545	18/2624	0/1	0	0	inf
SRX9674315	TFs and others	NR3C1	Pluripotent stem cell	iPSC derived hepatocytes	3420	11/2624	0/1	0	0	inf
SRX9674316	TFs and others	NR3C1	Pluripotent stem cell	iPSC derived hepatocytes	1722	11/2624	0/1	0	0	inf
SRX9674317	TFs and others	NR3C1	Pluripotent stem cell	iPSC derived hepatocytes	5884	44/2624	0/1	0	0	inf
SRX9674318	TFs and others	NR3C1	Pluripotent stem cell	iPSC derived hepatocytes	5978	62/2624	0/1	0	0	inf
SRX9674319	TFs and others	NR3C1	Pluripotent stem cell	iPSC derived hepatocytes	365	1/2624	0/1	0	0	inf
SRX9674320	TFs and others	NR3C1	Pluripotent stem cell	iPSC derived hepatocytes	268	1/2624	0/1	0	0	inf
SRX9674321	TFs and others	NR3C1	Pluripotent stem cell	iPSC derived hepatocytes	475	1/2624	0/1	0	0	inf
SRX9674611	TFs and others	FOXO1	Muscle	Rh-4	5529	87/2624	0/1	0	0	inf
SRX9674613	TFs and others	FOXO1	Muscle	Rh-4	3259	39/2624	0/1	0	0	inf
SRX9674615	TFs and others	FOXO1	Muscle	RH-30	1905	30/2624	0/1	0	0	inf
SRX9674617	TFs and others	FOXO1	Unclassified	Unclassified	356	1/2624	0/1	0	0	inf
SRX9674619	TFs and others	FOXO1	Muscle	RMS	381	1/2624	0/1	0	0	inf
SRX9674621	TFs and others	FOXO1	Muscle	Myoblasts	519	6/2624	0/1	0	0	inf
SRX9674623	TFs and others	FOXO1	Muscle	Myoblasts	17392	393/2624	0/1	0	0	inf
SRX9674625	TFs and others	FOXO1	Muscle	Myoblasts	8697	152/2624	0/1	0	0	inf
SRX9674626	TFs and others	DPF2	Muscle	Rh-4	1030	28/2624	0/1	0	0	inf
SRX9674627	TFs and others	BRD9	Muscle	Rh-4	1632	50/2624	0/1	0	0	inf
SRX968127	TFs and others	Epitope tags	Uterus	HeLa	527	1/2624	0/1	0	0	inf
SRX9683838	TFs and others	NR3C1	Adipocyte	Adipocytes	2365	6/2624	0/1	0	0	inf
SRX9683839	TFs and others	NR3C1	Adipocyte	Adipocytes	1348	3/2624	0/1	0	0	inf
SRX9683840	TFs and others	NR3C1	Adipocyte	Adipocytes	3432	7/2624	0/1	0	0	inf
SRX9683841	TFs and others	NR3C1	Adipocyte	Adipocytes	743	2/2624	0/1	0	0	inf
SRX9683842	TFs and others	NR3C1	Adipocyte	Adipocytes	2003	6/2624	0/1	0	0	inf
SRX9683843	TFs and others	NR3C1	Adipocyte	Adipocytes	5530	10/2624	0/1	0	0	inf
SRX9683844	TFs and others	NR3C1	Adipocyte	Adipocytes	1972	5/2624	0/1	0	0	inf
SRX9683845	TFs and others	NR3C1	Adipocyte	Adipocytes	1573	2/2624	0/1	0	0	inf
SRX9683846	TFs and others	NR3C1	Adipocyte	Adipocytes	3168	8/2624	0/1	0	0	inf
SRX9683847	TFs and others	NR3C1	Adipocyte	Adipocytes	1578	4/2624	0/1	0	0	inf
SRX9683848	TFs and others	NR3C1	Adipocyte	Adipocytes	2111	7/2624	0/1	0	0	inf
SRX9683849	TFs and others	NR3C1	Adipocyte	Adipocytes	1827	5/2624	0/1	0	0	inf
SRX9683850	TFs and others	NR3C1	Adipocyte	Adipocytes	3233	8/2624	0/1	0	0	inf
SRX9683851	TFs and others	NR3C1	Adipocyte	Adipocytes	6484	12/2624	0/1	0	0	inf
SRX9683852	TFs and others	NR3C1	Adipocyte	Adipocytes	4687	12/2624	0/1	0	0	inf
SRX9683853	TFs and others	NR3C1	Adipocyte	Adipocytes	5194	10/2624	0/1	0	0	inf
SRX9683854	TFs and others	NR3C1	Adipocyte	Adipocytes	197	1/2624	0/1	0	0	inf
SRX9683970	TFs and others	ESRRA	Breast	MDA-MB-231	3385	36/2624	0/1	0	0	inf
SRX9683971	TFs and others	ESRRA	Breast	MDA-MB-231	3014	41/2624	0/1	0	0	inf
SRX9683990	TFs and others	MLLT10	Blood	MOLM-13	197	3/2624	0/1	0	0	inf
SRX968414	TFs and others	ARNT	Kidney	786-O	2650	111/2624	0/1	0	0	inf
SRX968415	TFs and others	EPAS1	Kidney	786-O	141	4/2624	0/1	0	0	inf
SRX968417	TFs and others	HIF1A	Kidney	786-O	346	39/2624	0/1	0	0	inf
SRX968418	TFs and others	ARNT	Kidney	786-O	411	57/2624	0/1	0	0	inf
SRX968419	TFs and others	EPAS1	Kidney	786-O	99	2/2624	0/1	0	0	inf
SRX968421	TFs and others	ARNT	Kidney	786-O	316	11/2624	0/1	0	0	inf
SRX9684229	TFs and others	Epitope tags	Muscle	Gastrocnemius muscle	444	1/2624	0/1	0	0	inf
SRX968422	TFs and others	EPAS1	Kidney	786-O	1345	28/2624	0/1	0	0	inf
SRX9684230	TFs and others	Epitope tags	Muscle	Gastrocnemius muscle	436	1/2624	0/1	0	0	inf
SRX9684239	TFs and others	Epitope tags	Muscle	Gastrocnemius muscle	525	1/2624	0/1	0	0	inf
SRX9684240	TFs and others	Epitope tags	Muscle	Gastrocnemius muscle	564	1/2624	0/1	0	0	inf
SRX9688332	TFs and others	ESR1	Breast	ZR-75-1	559	1/2624	0/1	0	0	inf
SRX9688333	TFs and others	ESR1	Breast	ZR-75-1	285	1/2624	0/1	0	0	inf
SRX9688334	TFs and others	ESR1	Breast	ZR-75-1	115	1/2624	0/1	0	0	inf
SRX9688335	TFs and others	ESR1	Breast	ZR-75-1	563	1/2624	0/1	0	0	inf
SRX9688336	TFs and others	SP1	Breast	ZR-75-1	410	2/2624	0/1	0	0	inf
SRX9688337	TFs and others	SP1	Breast	ZR-75-1	570	6/2624	0/1	0	0	inf
SRX9688338	TFs and others	SP1	Breast	ZR-75-1	683	1/2624	0/1	0	0	inf
SRX9688339	TFs and others	SP1	Breast	ZR-75-1	586	1/2624	0/1	0	0	inf
SRX968908	TFs and others	SOX2	Pluripotent stem cell	iPS derived neural cells	341	2/2624	0/1	0	0	inf
SRX968909	TFs and others	SOX2	Pluripotent stem cell	iPS derived neural cells	981	3/2624	0/1	0	0	inf
SRX968910	TFs and others	SOX2	Pluripotent stem cell	iPS derived neural cells	268	2/2624	0/1	0	0	inf
SRX968911	TFs and others	SOX2	Pluripotent stem cell	iPS derived neural cells	491	2/2624	0/1	0	0	inf
SRX968912	TFs and others	SOX2	Pluripotent stem cell	iPS derived neural cells	729	3/2624	0/1	0	0	inf
SRX968961	TFs and others	ESR1	Breast	MCF-7	145	1/2624	0/1	0	0	inf
SRX968962	TFs and others	ESR1	Breast	MCF-7	3464	288/2624	0/1	0	0	inf
SRX968963	TFs and others	ESR1	Breast	MCF-7	16188	118/2624	0/1	0	0	inf
SRX968964	TFs and others	ESR1	Breast	MCF-7	7990	147/2624	0/1	0	0	inf
SRX968965	TFs and others	ESR1	Breast	MCF-7	4710	61/2624	0/1	0	0	inf
SRX968966	TFs and others	ESR1	Breast	MCF-7	1786	72/2624	0/1	0	0	inf
SRX968967	TFs and others	ESR1	Breast	MCF-7	6390	59/2624	0/1	0	0	inf
SRX968968	TFs and others	ESR1	Breast	MCF-7	643	28/2624	0/1	0	0	inf
SRX968969	TFs and others	ESR1	Breast	MCF-7	686	22/2624	0/1	0	0	inf
SRX968970	TFs and others	ESR1	Breast	MCF-7	205	2/2624	0/1	0	0	inf
SRX968971	TFs and others	RELA	Breast	MCF-7	7800	39/2624	0/1	0	0	inf
SRX968972	TFs and others	RELA	Breast	MCF-7	75	1/2624	0/1	0	0	inf
SRX968973	TFs and others	RELA	Breast	MCF-7	31	2/2624	0/1	0	0	inf
SRX968974	TFs and others	RELA	Breast	MCF-7	111	2/2624	0/1	0	0	inf
SRX968975	TFs and others	RELA	Breast	MCF-7	155	1/2624	0/1	0	0	inf
SRX968976	TFs and others	RELA	Breast	MCF-7	3317	160/2624	0/1	0	0	inf
SRX968977	TFs and others	RELA	Breast	MCF-7	1493	37/2624	0/1	0	0	inf
SRX968978	TFs and others	RELA	Breast	MCF-7	1237	59/2624	0/1	0	0	inf
SRX969013	TFs and others	ESR1	Breast	MCF-7	1044	22/2624	0/1	0	0	inf
SRX969014	TFs and others	ESR1	Breast	MCF-7	2016	44/2624	0/1	0	0	inf
SRX969015	TFs and others	ESR1	Breast	MCF-7	343	2/2624	0/1	0	0	inf
SRX969016	TFs and others	ESR1	Breast	MCF-7	1563	46/2624	0/1	0	0	inf
SRX9690615	TFs and others	SIRT1	Pancreas	PANC-1	442	1/2624	0/1	0	0	inf
SRX9690616	TFs and others	CUL4B	Pancreas	PANC-1	1023	1/2624	0/1	0	0	inf
SRX9697301	TFs and others	NR3C1	Lung	A549	4652	35/2624	0/1	0	0	inf
SRX9697302	TFs and others	NR3C1	Lung	A549	726	1/2624	0/1	0	0	inf
SRX9697303	TFs and others	NR3C1	Bone	U2OS	12569	40/2624	0/1	0	0	inf
SRX9697304	TFs and others	NR3C1	Bone	U2OS	849	1/2624	0/1	0	0	inf
SRX9698443	TFs and others	BRF1	Blood	THP-1	2767	41/2624	0/1	0	0	inf
SRX9711149	TFs and others	AR	Lung	A549	494	1/2624	0/1	0	0	inf
SRX9711150	TFs and others	AR	Lung	NCI-H2126	482	2/2624	0/1	0	0	inf
SRX9711151	TFs and others	AR	Lung	NCI-H1437	682	2/2624	0/1	0	0	inf
SRX9711152	TFs and others	AR	Prostate	LNCAP	4415	3/2624	0/1	0	0	inf
SRX971582	TFs and others	SMARCA4	Epidermis	Keratinocytes	1383	9/2624	0/1	0	0	inf
SRX971583	TFs and others	SMARCA4	Epidermis	Keratinocytes	383	1/2624	0/1	0	0	inf
SRX971584	TFs and others	SMARCA4	Epidermis	Keratinocytes	233	1/2624	0/1	0	0	inf
SRX971585	TFs and others	TP63	Epidermis	Keratinocytes	8349	32/2624	0/1	0	0	inf
SRX971586	TFs and others	TP63	Epidermis	Keratinocytes	12496	39/2624	0/1	0	0	inf
SRX971589	TFs and others	EP300	Epidermis	Keratinocytes	503	1/2624	0/1	0	0	inf
SRX971590	TFs and others	EP300	Epidermis	Keratinocytes	609	8/2624	0/1	0	0	inf
SRX9719167	TFs and others	ESR1	Breast	MCF-7	13606	210/2624	0/1	0	0	inf
SRX9719168	TFs and others	ESR1	Breast	MCF-7	10830	147/2624	0/1	0	0	inf
SRX9719169	TFs and others	ESR1	Breast	MCF-7	11259	158/2624	0/1	0	0	inf
SRX9719170	TFs and others	ESR1	Breast	MCF-7	1201	18/2624	0/1	0	0	inf
SRX9719171	TFs and others	ESR1	Breast	MCF-7	8895	141/2624	0/1	0	0	inf
SRX9719172	TFs and others	ESR1	Breast	MCF-7	1242	25/2624	0/1	0	0	inf
SRX9719173	TFs and others	TET2	Breast	MCF-7	4322	77/2624	0/1	0	0	inf
SRX9719174	TFs and others	TET2	Breast	MCF-7	3130	49/2624	0/1	0	0	inf
SRX9719175	TFs and others	TET2	Breast	MCF-7	3293	58/2624	0/1	0	0	inf
SRX9719176	TFs and others	TET2	Breast	MCF-7	2349	37/2624	0/1	0	0	inf
SRX9719177	TFs and others	TET2	Breast	MCF-7	2840	53/2624	0/1	0	0	inf
SRX9719178	TFs and others	TET2	Breast	MCF-7	2409	45/2624	0/1	0	0	inf
SRX9719179	TFs and others	GATA3	Breast	MCF-7	9711	69/2624	0/1	0	0	inf
SRX9719180	TFs and others	GATA3	Breast	MCF-7	4310	25/2624	0/1	0	0	inf
SRX9719181	TFs and others	GATA3	Breast	MCF-7	4781	32/2624	0/1	0	0	inf
SRX9719182	TFs and others	GATA3	Breast	MCF-7	7665	44/2624	0/1	0	0	inf
SRX9719183	TFs and others	GATA3	Breast	MCF-7	7031	52/2624	0/1	0	0	inf
SRX9719184	TFs and others	GATA3	Breast	MCF-7	9795	73/2624	0/1	0	0	inf
SRX9725178	TFs and others	IRF8	Blood	MV-4-11	1228	17/2624	0/1	0	0	inf
SRX9725179	TFs and others	IRF8	Blood	MV-4-11	587	3/2624	0/1	0	0	inf
SRX9730732	TFs and others	CDK9	Blood	THP-1	540	1/2624	0/1	0	0	inf
SRX9730733	TFs and others	CDK9	Blood	THP-1	9811	601/2624	0/1	0	0	inf
SRX9730734	TFs and others	CDK9	Blood	THP-1	634	5/2624	0/1	0	0	inf
SRX9730735	TFs and others	CDK9	Blood	THP-1	5251	228/2624	0/1	0	0	inf
SRX9730738	TFs and others	INTS6	Blood	THP-1	4828	338/2624	0/1	0	0	inf
SRX9730739	TFs and others	INTS6	Blood	THP-1	960	45/2624	0/1	0	0	inf
SRX973412	TFs and others	EHMT2	Kidney	293	1105	3/2624	0/1	0	0	inf
SRX973413	TFs and others	EHMT2	Kidney	293	1066	1/2624	0/1	0	0	inf
SRX973414	TFs and others	EHMT2	Kidney	293	1047	1/2624	0/1	0	0	inf
SRX973415	TFs and others	EHMT2	Kidney	293	694	1/2624	0/1	0	0	inf
SRX973420	TFs and others	EHMT2	Kidney	293	1208	6/2624	0/1	0	0	inf
SRX973421	TFs and others	EHMT2	Kidney	293	874	1/2624	0/1	0	0	inf
SRX973422	TFs and others	EHMT2	Kidney	293	698	1/2624	0/1	0	0	inf
SRX973423	TFs and others	EHMT2	Kidney	293	969	2/2624	0/1	0	0	inf
SRX973428	TFs and others	EHMT2	Kidney	293	1188	2/2624	0/1	0	0	inf
SRX973429	TFs and others	EHMT2	Kidney	293	1776	71/2624	0/1	0	0	inf
SRX973432	TFs and others	EHMT2	Kidney	293	819	3/2624	0/1	0	0	inf
SRX973433	TFs and others	EHMT2	Kidney	293	1274	144/2624	0/1	0	0	inf
SRX9741170	TFs and others	ATF4	Blood	MV-4-11	27040	187/2624	0/1	0	0	inf
SRX9741171	TFs and others	ATF4	Blood	MV-4-11	527	3/2624	0/1	0	0	inf
SRX9741172	TFs and others	ATF4	Blood	OCI-AML3	6783	74/2624	0/1	0	0	inf
SRX9741173	TFs and others	ATF4	Blood	OCI-AML3	9675	73/2624	0/1	0	0	inf
SRX974290	TFs and others	MEF2B	Kidney	293	6201	67/2624	0/1	0	0	inf
SRX974291	TFs and others	MEF2B	Kidney	293	15043	145/2624	0/1	0	0	inf
SRX974292	TFs and others	MEF2B	Kidney	293	664	6/2624	0/1	0	0	inf
SRX974293	TFs and others	MEF2B	Kidney	293	603	4/2624	0/1	0	0	inf
SRX974294	TFs and others	MEF2B	Kidney	293	6504	72/2624	0/1	0	0	inf
SRX974295	TFs and others	MEF2B	Kidney	293	2288	30/2624	0/1	0	0	inf
SRX974395	TFs and others	CTCF	Blood	K-562	4078	216/2624	0/1	0	0	inf
SRX9755056	TFs and others	BRD4	Blood	REH	552	17/2624	0/1	0	0	inf
SRX9755057	TFs and others	BRD4	Blood	REH	708	38/2624	0/1	0	0	inf
SRX9755058	TFs and others	BRD4	Blood	REH	638	35/2624	0/1	0	0	inf
SRX976241	TFs and others	KMT2D	Blood	B cells	2737	373/2624	0/1	0	0	inf
SRX976244	TFs and others	KMT2D	Blood	B cells	1431	125/2624	0/1	0	0	inf
SRX9763742	TFs and others	AFF1	Lung	A549	1032	10/2624	0/1	0	0	inf
SRX9779494	TFs and others	PAX9	Lung	NCI-H1963	2419	24/2624	0/1	0	0	inf
SRX9779515	TFs and others	PAX9	Lung	NCI-H1963	2303	12/2624	0/1	0	0	inf
SRX9779519	TFs and others	HDAC1	Lung	NCI-H1963	6872	810/2624	0/1	0	0	inf
SRX9779520	TFs and others	HDAC2	Lung	NCI-H1963	2913	117/2624	0/1	0	0	inf
SRX9779521	TFs and others	MTA2	Lung	NCI-H1963	2123	114/2624	0/1	0	0	inf
SRX9794645	TFs and others	EZH2	Others	Tumor	88	1/2624	0/1	0	0	inf
SRX9794646	TFs and others	EZH2	Others	Tumor	283	1/2624	0/1	0	0	inf
SRX9799512	TFs and others	NR3C1	Kidney	Podocytes	678	2/2624	0/1	0	0	inf
SRX9823127	TFs and others	TRIM28	Blood	GM12878	246	6/2624	0/1	0	0	inf
SRX9823128	TFs and others	TRIM28	Blood	GM12878	351	21/2624	0/1	0	0	inf
SRX9843988	TFs and others	ESR1	Unclassified	Unclassified	965	1/2624	0/1	0	0	inf
SRX9843992	TFs and others	ESR1	Unclassified	Unclassified	1889	6/2624	0/1	0	0	inf
SRX9849092	TFs and others	PHF19	Blood	K-562	360	1/2624	0/1	0	0	inf
SRX9849093	TFs and others	PHF19	Blood	K-562	528	1/2624	0/1	0	0	inf
SRX9849094	TFs and others	PHF19	Blood	K-562	715	1/2624	0/1	0	0	inf
SRX9849095	TFs and others	MTF2	Blood	K-562	591	1/2624	0/1	0	0	inf
SRX9849096	TFs and others	MTF2	Blood	K-562	851	5/2624	0/1	0	0	inf
SRX9849967	TFs and others	BRD4	Prostate	LNCAP	605	1/2624	0/1	0	0	inf
SRX9849968	TFs and others	BRD9	Prostate	LNCAP	683	1/2624	0/1	0	0	inf
SRX9849969	TFs and others	BRD9	Prostate	LNCAP	706	1/2624	0/1	0	0	inf
SRX9852029	TFs and others	MAPK1	Prostate	RWPE-1	284	1/2624	0/1	0	0	inf
SRX9852030	TFs and others	MAPK1	Prostate	RWPE-1	384	1/2624	0/1	0	0	inf
SRX9852031	TFs and others	ERG	Prostate	RWPE-1	335	1/2624	0/1	0	0	inf
SRX9857615	TFs and others	MYC	Kidney	G-401	1093	10/2624	0/1	0	0	inf
SRX9857616	TFs and others	MYC	Kidney	G-401	521	2/2624	0/1	0	0	inf
SRX9857617	TFs and others	MYC	Kidney	G-401	899	1/2624	0/1	0	0	inf
SRX9857618	TFs and others	MYC	Kidney	G-401	621	1/2624	0/1	0	0	inf
SRX9857619	TFs and others	MYC	Kidney	G-401	666	1/2624	0/1	0	0	inf
SRX986358	TFs and others	HNF1A	Digestive tract	Caco-2	872	4/2624	0/1	0	0	inf
SRX9867021	TFs and others	BCL11B	Blood	DND-41	9534	728/2624	0/1	0	0	inf
SRX9867029	TFs and others	CTCF	Blood	CD4+ T cells	20189	824/2624	0/1	0	0	inf
SRX9867030	TFs and others	CTCF	Blood	CD8+ T cells	14879	584/2624	0/1	0	0	inf
SRX9867031	TFs and others	CTCF	Blood	CD8+ T cells	13630	471/2624	0/1	0	0	inf
SRX9867032	TFs and others	CTCF	Unclassified	Unclassified	19971	785/2624	0/1	0	0	inf
SRX9867033	TFs and others	CTCF	Unclassified	Unclassified	20634	852/2624	0/1	0	0	inf
SRX9867034	TFs and others	CTCF	Blood	Monocytes	15310	540/2624	0/1	0	0	inf
SRX9867035	TFs and others	CTCF	Blood	Monocytes	16061	547/2624	0/1	0	0	inf
SRX9898532	TFs and others	SMARCA4	Blood	K-562	3071	59/2624	0/1	0	0	inf
SRX9898534	TFs and others	SMARCA4	Blood	K-562	6357	231/2624	0/1	0	0	inf
SRX9898536	TFs and others	SMARCA4	Blood	K-562	5717	216/2624	0/1	0	0	inf
SRX9912225	TFs and others	SREBF2	Digestive tract	HCT 116	2056	250/2624	0/1	0	0	inf
SRX9932042	TFs and others	STAT5A	Breast	MCF-7	2343	558/2624	0/1	0	0	inf
SRX9932043	TFs and others	STAT5A	Breast	MCF-7	8189	1242/2624	0/1	0	0	inf
SRX9932044	TFs and others	STAT5A	Breast	MCF-7	2447	579/2624	0/1	0	0	inf
SRX9932045	TFs and others	STAT5A	Breast	MCF-7	8210	1232/2624	0/1	0	0	inf
SRX9932050	TFs and others	STAT5A	Breast	MCF-7	2544	589/2624	0/1	0	0	inf
SRX9932052	TFs and others	STAT5A	Breast	MCF-7	3450	730/2624	0/1	0	0	inf
SRX9932054	TFs and others	STAT5A	Breast	MCF-7	2334	542/2624	0/1	0	0	inf
SRX9932055	TFs and others	STAT5A	Breast	MCF-7	6509	1135/2624	0/1	0	0	inf
SRX9932056	TFs and others	STAT5A	Breast	MCF-7	1752	396/2624	0/1	0	0	inf
SRX9932057	TFs and others	STAT5A	Breast	MCF-7	4751	816/2624	0/1	0	0	inf
SRX9932058	TFs and others	STAT5A	Breast	MCF-7	983	236/2624	0/1	0	0	inf
SRX9932059	TFs and others	STAT5A	Breast	MCF-7	3585	733/2624	0/1	0	0	inf
SRX9932060	TFs and others	STAT5A	Breast	MCF-7	2277	562/2624	0/1	0	0	inf
SRX9932061	TFs and others	STAT5A	Breast	MCF-7	6722	1165/2624	0/1	0	0	inf
SRX9932062	TFs and others	HDAC6	Breast	MCF-7	1542	13/2624	0/1	0	0	inf
SRX9932063	TFs and others	HDAC6	Breast	MCF-7	4110	25/2624	0/1	0	0	inf
SRX9932064	TFs and others	HDAC6	Breast	MCF-7	917	7/2624	0/1	0	0	inf
SRX9932065	TFs and others	HDAC6	Breast	MCF-7	2886	23/2624	0/1	0	0	inf
SRX9932066	TFs and others	HDAC6	Breast	MCF-7	549	5/2624	0/1	0	0	inf
SRX9932067	TFs and others	HDAC6	Breast	MCF-7	1868	16/2624	0/1	0	0	inf
SRX9932068	TFs and others	HDAC6	Breast	MCF-7	894	6/2624	0/1	0	0	inf
SRX9932069	TFs and others	HDAC6	Breast	MCF-7	2731	24/2624	0/1	0	0	inf
SRX9932070	TFs and others	HDAC6	Breast	MCF-7	489	2/2624	0/1	0	0	inf
SRX9932071	TFs and others	HDAC6	Breast	MCF-7	1728	17/2624	0/1	0	0	inf
SRX9932072	TFs and others	HDAC6	Breast	MCF-7	831	9/2624	0/1	0	0	inf
SRX9932073	TFs and others	HDAC6	Breast	MCF-7	2393	22/2624	0/1	0	0	inf
SRX9932075	TFs and others	HDAC6	Breast	MCF-7	1266	10/2624	0/1	0	0	inf
SRX9932076	TFs and others	HDAC6	Breast	MCF-7	736	6/2624	0/1	0	0	inf
SRX9932077	TFs and others	HDAC6	Breast	MCF-7	2158	18/2624	0/1	0	0	inf
SRX9932079	TFs and others	HMGN2	Breast	MCF-7	1309	2/2624	0/1	0	0	inf
SRX9932081	TFs and others	HMGN2	Breast	MCF-7	1029	2/2624	0/1	0	0	inf
SRX995496	TFs and others	CTCF	Blood	Hematopoietic Stem Cells	13727	387/2624	0/1	0	0	inf
SRX995497	TFs and others	STAG1	Blood	Hematopoietic Stem Cells	7266	280/2624	0/1	0	0	inf
SRX995500	TFs and others	CTCF	Blood	Erythroid Cells	10820	423/2624	0/1	0	0	inf
SRX9964512	TFs and others	CDX2	Digestive tract	Caco-2	2485	2/2624	0/1	0	0	inf
SRX9964513	TFs and others	CDX2	Digestive tract	Caco-2	2491	4/2624	0/1	0	0	inf
SRX9973288	TFs and others	QKI	Others	B-3	338	1/2624	0/1	0	0	inf
SRX9975595	TFs and others	PPP2R1A	Uterus	HeLa	429	13/2624	0/1	0	0	inf
SRX9975597	TFs and others	PPP2CA	Uterus	HeLa	391	3/2624	0/1	0	0	inf
SRX9975598	TFs and others	PPP2CA	Uterus	HeLa	373	3/2624	0/1	0	0	inf
SRX9975599	TFs and others	PPP2R1A	Uterus	HeLa	1650	9/2624	0/1	0	0	inf
SRX9975600	TFs and others	PPP2R1A	Uterus	HeLa	942	3/2624	0/1	0	0	inf
SRX9975607	TFs and others	FLI1	Bone	A-673	22367	777/2624	0/1	0	0	inf
SRX9975609	TFs and others	FLI1	Bone	A-673	4572	144/2624	0/1	0	0	inf
SRX9975610	TFs and others	FLI1	Bone	A-673	6563	281/2624	0/1	0	0	inf
SRX9975611	TFs and others	STAG1	Bone	A-673	14156	151/2624	0/1	0	0	inf
SRX9975614	TFs and others	STAG2	Bone	A-673	5338	320/2624	0/1	0	0	inf
