Query_ID	Target_ID	Optimal_offset	p-value	E-value	q-value	Overlap	Query_consensus	Target_consensus	Orientation
2-GGCCCCCGSMGSC	PLAL1_HUMAN.H11MO.0.D	1	5.39104e-05	0.0414571	0.0819877	9	GGCCCCCGCAGCC	GGGCCCCCCG	-
2-GGCCCCCGSMGSC	CTCFL_HUMAN.H11MO.0.A	4	0.000376412	0.289461	0.225852	13	GGCCCCCGCAGCC	CGGCGCCCCCTGGCGGC	-
2-GGCCCCCGSMGSC	PRDM4_HUMAN.H11MO.0.D	6	0.000570712	0.438877	0.225852	10	GGCCCCCGCAGCC	TTTCAAGGCCCCCCAC	-
2-GGCCCCCGSMGSC	AP2B_HUMAN.H11MO.0.B	-3	0.000599896	0.46132	0.225852	10	GGCCCCCGCAGCC	GCCCCCGGGC	-
2-GGCCCCCGSMGSC	ZN320_HUMAN.H11MO.0.C	4	0.000742536	0.57101	0.225852	13	GGCCCCCGCAGCC	CACTGGCCCCCTGGTCCCAC	-
2-GGCCCCCGSMGSC	ZIC4_HUMAN.H11MO.0.D	1	0.00128471	0.987944	0.325634	13	GGCCCCCGCAGCC	GACCCCCCGCTGTGC	-
2-GGCCCCCGSMGSC	SP2_HUMAN.H11MO.0.A	4	0.00236267	1.81689	0.485087	13	GGCCCCCGCAGCC	CCCCCGGCCCCGCCCCCCCCCC	-
2-GGCCCCCGSMGSC	EGR1_HUMAN.H11MO.0.A	4	0.00289324	2.2249	0.485087	13	GGCCCCCGCAGCC	CCCCCGCCCACGCCCTC	-
2-GGCCCCCGSMGSC	ZFX_HUMAN.H11MO.1.A	4	0.00307145	2.36195	0.485087	13	GGCCCCCGCAGCC	CCCCGGCCTCCGCCCCC	-
2-GGCCCCCGSMGSC	ZF64A_HUMAN.H11MO.0.D	1	0.00348946	2.6834	0.485087	13	GGCCCCCGCAGCC	GGGGCCCGGGAACCTG	+
2-GGCCCCCGSMGSC	RFX1_HUMAN.H11MO.0.B	10	0.00407823	3.13616	0.485087	12	GGCCCCCGCAGCC	CCGTCGCCATGGCAACCGGGGC	-
2-GGCCCCCGSMGSC	HIC1_HUMAN.H11MO.0.C	1	0.00427846	3.29014	0.485087	8	GGCCCCCGCAGCC	GGGCAACCC	-
2-GGCCCCCGSMGSC	GLIS3_HUMAN.H11MO.0.D	1	0.00443626	3.41148	0.485087	9	GGCCCCCGCAGCC	TACCCCCCAC	-
2-GGCCCCCGSMGSC	ZN148_HUMAN.H11MO.0.D	3	0.00484337	3.72455	0.485087	12	GGCCCCCGCAGCC	CCCCTCCCCCACCCC	-
2-GGCCCCCGSMGSC	NR0B1_HUMAN.H11MO.0.D	1	0.00540559	4.1569	0.485087	9	GGCCCCCGCAGCC	TCTCCCACGC	-
2-GGCCCCCGSMGSC	SP1_HUMAN.H11MO.0.A	-1	0.00547619	4.21119	0.485087	12	GGCCCCCGCAGCC	CCCCCCCCCGGCCCCGCCCCCC	-
2-GGCCCCCGSMGSC	MBD2_HUMAN.H11MO.0.B	-2	0.00570967	4.39073	0.485087	11	GGCCCCCGCAGCC	CCTCCGGCCCC	-
2-GGCCCCCGSMGSC	SP1_HUMAN.H11MO.1.A	0	0.00605699	4.65782	0.485087	13	GGCCCCCGCAGCC	CGGCCCCGCCCCCC	-
2-GGCCCCCGSMGSC	CTCF_HUMAN.H11MO.0.A	4	0.00606035	4.66041	0.485087	13	GGCCCCCGCAGCC	TGGCGCCCCCTGGTGGCCA	-
3-SGGGGMGGGAMSC	E2F4_HUMAN.H11MO.0.A	0	8.65206e-06	0.00665343	0.00462429	13	CGGGGAGGGAACC	GGGGGCGGGAAAT	+
3-SGGGGMGGGAMSC	SP1_HUMAN.H11MO.1.A	1	1.07062e-05	0.00823307	0.00462429	13	CGGGGAGGGAACC	GGGGGGCGGGGCCG	+
3-SGGGGMGGGAMSC	SP3_HUMAN.H11MO.0.B	4	1.13347e-05	0.00871636	0.00462429	13	CGGGGAGGGAACC	GGGGGGGGGCGGGGCCGGGG	+
3-SGGGGMGGGAMSC	ZN281_HUMAN.H11MO.0.A	4	1.7584e-05	0.0135221	0.00462429	11	CGGGGAGGGAACC	GGGTGGGGGAGGGGA	+
3-SGGGGMGGGAMSC	MAZ_HUMAN.H11MO.1.A	0	1.80097e-05	0.0138494	0.00462429	11	CGGGGAGGGAACC	GAGGGAGGGGG	+
3-SGGGGMGGGAMSC	SALL4_HUMAN.H11MO.0.B	1	1.86352e-05	0.0143305	0.00462429	9	CGGGGAGGGAACC	GGAGGGTGGG	+
3-SGGGGMGGGAMSC	KLF12_HUMAN.H11MO.0.C	0	2.80348e-05	0.0215587	0.00596295	11	CGGGGAGGGAACC	AGGGGCGGGGC	+
3-SGGGGMGGGAMSC	SP4_HUMAN.H11MO.1.A	3	3.2475e-05	0.0249733	0.00604395	13	CGGGGAGGGAACC	GGAGGGGGCGGGGCCG	+
3-SGGGGMGGGAMSC	TFDP1_HUMAN.H11MO.0.C	1	4.5955e-05	0.0353394	0.00760244	13	CGGGGAGGGAACC	GGGGGGCGGGAAAA	+
3-SGGGGMGGGAMSC	ZN740_HUMAN.H11MO.0.D	1	6.36185e-05	0.0489226	0.00802699	13	CGGGGAGGGAACC	GGGGGGGGGGTGGG	+
3-SGGGGMGGGAMSC	SP2_HUMAN.H11MO.1.B	1	6.48191e-05	0.0498459	0.00802699	11	CGGGGAGGGAACC	AGGGGGCGGGGC	+
3-SGGGGMGGGAMSC	KLF3_HUMAN.H11MO.0.B	4	6.78614e-05	0.0521854	0.00802699	13	CGGGGAGGGAACC	GGGGAGGGGCGGGGCCGGG	+
3-SGGGGMGGGAMSC	E2F6_HUMAN.H11MO.0.A	-1	7.27053e-05	0.0559104	0.00802699	12	CGGGGAGGGAACC	GGGGCGGGAAGGG	+
3-SGGGGMGGGAMSC	E2F1_HUMAN.H11MO.0.A	1	8.75275e-05	0.0673086	0.00802699	13	CGGGGAGGGAACC	GGGGGGCGGGAAAG	+
3-SGGGGMGGGAMSC	ZN148_HUMAN.H11MO.0.D	5	9.2259e-05	0.0709471	0.00802699	10	CGGGGAGGGAACC	GGGGTGGGGGAGGGG	+
3-SGGGGMGGGAMSC	SP1_HUMAN.H11MO.0.A	1	9.79923e-05	0.0753561	0.00802699	13	CGGGGAGGGAACC	GGGGGGCGGGGCCGGGGGGGGG	+
3-SGGGGMGGGAMSC	SP2_HUMAN.H11MO.0.A	5	9.79923e-05	0.0753561	0.00802699	13	CGGGGAGGGAACC	GGGGGGGGGGCGGGGCCGGGGG	+
3-SGGGGMGGGAMSC	E2F7_HUMAN.H11MO.0.B	-1	9.98107e-05	0.0767544	0.00802699	12	CGGGGAGGGAACC	GGGGCGGGAAAGG	+
3-SGGGGMGGGAMSC	KLF1_HUMAN.H11MO.0.A	-1	0.000102434	0.0787718	0.00802699	12	CGGGGAGGGAACC	GGGGCGGGGCCGGG	+
3-SGGGGMGGGAMSC	KLF16_HUMAN.H11MO.0.D	0	0.000109925	0.084532	0.00818327	13	CGGGGAGGGAACC	GGGGGCGGGGGGGGGGGGG	+
3-SGGGGMGGGAMSC	TBX15_HUMAN.H11MO.0.D	8	0.000118964	0.0914834	0.00843449	11	CGGGGAGGGAACC	GGGGGGGGGGGGGTGGGGG	+
3-SGGGGMGGGAMSC	KLF6_HUMAN.H11MO.0.A	2	0.000175619	0.135051	0.0118854	13	CGGGGAGGGAACC	GGAAGGGCGGGGCCGGGGG	+
3-SGGGGMGGGAMSC	ZBT17_HUMAN.H11MO.0.A	6	0.000204699	0.157414	0.013251	13	CGGGGAGGGAACC	GAGGGTGGGGGAGGGGAAG	+
3-SGGGGMGGGAMSC	KLF15_HUMAN.H11MO.0.A	-1	0.000321388	0.247148	0.0196598	12	CGGGGAGGGAACC	GGGGAGGAGCAGGGGGGGG	+
3-SGGGGMGGGAMSC	TBX1_HUMAN.H11MO.0.D	8	0.000330108	0.253853	0.0196598	12	CGGGGAGGGAACC	GGGTGGGCAGGGGTGGGCGG	+
3-SGGGGMGGGAMSC	KLF9_HUMAN.H11MO.0.C	3	0.000447272	0.343952	0.0251969	12	CGGGGAGGGAACC	GGAGGGGGCGTGGCC	+
3-SGGGGMGGGAMSC	E2F3_HUMAN.H11MO.0.A	-1	0.00045693	0.351379	0.0251969	11	CGGGGAGGGAACC	AGGGCGGGAAA	+
3-SGGGGMGGGAMSC	ZN467_HUMAN.H11MO.0.C	-1	0.000490623	0.377289	0.0260887	12	CGGGGAGGGAACC	GGGGAGGGGAGGGGGGGGGGGG	+
3-SGGGGMGGGAMSC	WT1_HUMAN.H11MO.1.B	0	0.000528383	0.406327	0.0271277	11	CGGGGAGGGAACC	GTGGGAGGAGG	+
3-SGGGGMGGGAMSC	PATZ1_HUMAN.H11MO.1.C	-1	0.000572274	0.440078	0.0284017	9	CGGGGAGGGAACC	AGGGAGGGG	+
3-SGGGGMGGGAMSC	KLF4_HUMAN.H11MO.0.A	-1	0.000604007	0.464481	0.0290096	10	CGGGGAGGGAACC	AGGGTGTGGC	+
3-SGGGGMGGGAMSC	KLF5_HUMAN.H11MO.0.A	-1	0.000696988	0.535983	0.0321383	12	CGGGGAGGGAACC	AGGGTGGGGCTGGG	+
3-SGGGGMGGGAMSC	EGR1_HUMAN.H11MO.0.A	6	0.00074743	0.574774	0.0321383	11	CGGGGAGGGAACC	GAGGGCGTGGGCGGGGG	+
3-SGGGGMGGGAMSC	MAZ_HUMAN.H11MO.0.A	0	0.00075549	0.580972	0.0321383	13	CGGGGAGGGAACC	GGGGGAGGGGGGGGGGGGGGGG	+
3-SGGGGMGGGAMSC	PATZ1_HUMAN.H11MO.0.C	5	0.00075549	0.580972	0.0321383	13	CGGGGAGGGAACC	GGGGAGGGGGCGGGGGGGGAGG	+
3-SGGGGMGGGAMSC	VEZF1_HUMAN.H11MO.1.C	1	0.000829498	0.637884	0.0343064	11	CGGGGAGGGAACC	AGGGGGAGGGGG	+
3-SGGGGMGGGAMSC	ZIC1_HUMAN.H11MO.0.B	-1	0.000886691	0.681866	0.0354053	9	CGGGGAGGGAACC	GGGGTGGTC	+
3-SGGGGMGGGAMSC	SP4_HUMAN.H11MO.0.A	5	0.000903629	0.69489	0.0354053	13	CGGGGAGGGAACC	GGGAAGGGGGCGGGGCCGGG	+
3-SGGGGMGGGAMSC	WT1_HUMAN.H11MO.0.C	4	0.00103802	0.798236	0.0396281	13	CGGGGAGGGAACC	GGGCGGGGGAGGAGGGGGGG	+
3-SGGGGMGGGAMSC	SRBP2_HUMAN.H11MO.0.B	1	0.00117933	0.906902	0.0428265	12	CGGGGAGGGAACC	GGGTGGGGTGAGG	+
3-SGGGGMGGGAMSC	KLF14_HUMAN.H11MO.0.D	2	0.00117933	0.906902	0.0428265	11	CGGGGAGGGAACC	AGGGGGGCGTGGC	+
3-SGGGGMGGGAMSC	ZN219_HUMAN.H11MO.0.D	1	0.0012495	0.960862	0.0442943	11	CGGGGAGGGAACC	GAGGGGGGCGGA	+
3-SGGGGMGGGAMSC	EGR4_HUMAN.H11MO.0.D	0	0.0017213	1.32368	0.0589882	11	CGGGGAGGGAACC	GGCGGCAGGGC	+
3-SGGGGMGGGAMSC	E2F8_HUMAN.H11MO.0.D	0	0.00174323	1.34055	0.0589882	12	CGGGGAGGGAACC	TTTGGCGGGAAA	+
3-SGGGGMGGGAMSC	ZN341_HUMAN.H11MO.0.C	7	0.0018498	1.4225	0.0612032	13	CGGGGAGGGAACC	GGGGGGGGGGGGAGGGAAGAGC	+
3-SGGGGMGGGAMSC	EGR2_HUMAN.H11MO.1.A	5	0.00205039	1.57675	0.0663652	11	CGGGGAGGGAACC	GGGGCGTGGGCGGGGG	+
3-SGGGGMGGGAMSC	GLIS1_HUMAN.H11MO.0.D	1	0.00213386	1.64094	0.0671895	12	CGGGGAGGGAACC	TCGTGGGGGGTCT	+
3-SGGGGMGGGAMSC	EGR2_HUMAN.H11MO.0.A	8	0.00216611	1.66574	0.0671895	10	CGGGGAGGGAACC	GGGGGGGTGTGGGAGGGG	+
3-SGGGGMGGGAMSC	E2F4_HUMAN.H11MO.1.A	-3	0.00263557	2.02675	0.080083	10	CGGGGAGGGAACC	GGCGGGAAATTTGA	+
3-SGGGGMGGGAMSC	SUH_HUMAN.H11MO.0.A	-1	0.00352088	2.70756	0.104844	11	CGGGGAGGGAACC	GGCGTGGGAAA	+
3-SGGGGMGGGAMSC	GLIS2_HUMAN.H11MO.0.D	3	0.00360969	2.77585	0.105381	11	CGGGGAGGGAACC	CTTCGCGGGGGGTC	+
3-SGGGGMGGGAMSC	TBX3_HUMAN.H11MO.0.C	0	0.00375083	2.88439	0.107396	11	CGGGGAGGGAACC	GGAGGTGGGAA	+
3-SGGGGMGGGAMSC	VEZF1_HUMAN.H11MO.0.C	6	0.00487682	3.75027	0.137001	13	CGGGGAGGGAACC	GGGGAGGGGGGAGGGGGAGGGG	+
3-SGGGGMGGGAMSC	ZN770_HUMAN.H11MO.0.C	7	0.0051903	3.99134	0.143107	13	CGGGGAGGGAACC	GGGAGGCTGAGGCGGGAGGATC	+
3-SGGGGMGGGAMSC	KLF13_HUMAN.H11MO.0.D	2	0.00615793	4.73545	0.166699	9	CGGGGAGGGAACC	AGGGGGGCGTG	+
3-SGGGGMGGGAMSC	E2F2_HUMAN.H11MO.0.B	-3	0.00665186	5.11528	0.176855	10	CGGGGAGGGAACC	GGCGCGAAAC	+
3-SGGGGMGGGAMSC	ZBTB6_HUMAN.H11MO.0.C	-1	0.00692055	5.3219	0.180771	12	CGGGGAGGGAACC	GGTGCTGGAGCCG	+
3-SGGGGMGGGAMSC	SPIC_HUMAN.H11MO.0.D	0	0.00825881	6.35102	0.211771	13	CGGGGAGGGAACC	GAGGAAGGGGAGG	+
3-SGGGGMGGGAMSC	GLIS3_HUMAN.H11MO.0.D	-1	0.00848076	6.5217	0.211771	10	CGGGGAGGGAACC	GTGGGGGGTA	+
3-SGGGGMGGGAMSC	IKZF1_HUMAN.H11MO.0.C	0	0.00853407	6.5627	0.211771	8	CGGGGAGGGAACC	TTGGGAGA	+
3-SGGGGMGGGAMSC	ARNT2_HUMAN.H11MO.0.D	-1	0.00929611	7.14871	0.226899	12	CGGGGAGGGAACC	GGCGTGGGAGGC	+
3-SGGGGMGGGAMSC	ZF64A_HUMAN.H11MO.0.D	1	0.00954002	7.33628	0.229097	13	CGGGGAGGGAACC	GGGGCCCGGGAACCTG	+
3-SGGGGMGGGAMSC	MZF1_HUMAN.H11MO.0.B	2	0.00983236	7.56109	0.231035	11	CGGGGAGGGAACC	GGAGGGGATTGGG	+
3-SGGGGMGGGAMSC	ZN263_HUMAN.H11MO.1.A	0	0.00993106	7.63698	0.231035	11	CGGGGAGGGAACC	GAGGGAGGAGG	+
3-SGGGGMGGGAMSC	ZSC22_HUMAN.H11MO.0.C	8	0.0107094	8.23555	0.24531	8	CGGGGAGGGAACC	GGTCTGAGGGAGGAGG	+
3-SGGGGMGGGAMSC	KLF8_HUMAN.H11MO.0.C	0	0.0129904	9.98964	0.29305	9	CGGGGAGGGAACC	CAGGGGGTG	+
3-SGGGGMGGGAMSC	AP2D_HUMAN.H11MO.0.D	4	0.0148627	11.4294	0.330282	10	CGGGGAGGGAACC	CGCCCGAGGCGCGT	+
3-SGGGGMGGGAMSC	FLI1_HUMAN.H11MO.0.A	0	0.0151084	11.6183	0.330804	13	CGGGGAGGGAACC	GGAGGAAGGAAGGAGGGA	+
3-SGGGGMGGGAMSC	ZIC4_HUMAN.H11MO.0.D	6	0.0155376	11.9485	0.335273	9	CGGGGAGGGAACC	GCACAGCGGGGGGTC	+
3-SGGGGMGGGAMSC	ZN784_HUMAN.H11MO.0.D	0	0.0176185	13.5486	0.374743	11	CGGGGAGGGAACC	GAGGTAGGTAC	+
3-SGGGGMGGGAMSC	NFIC_HUMAN.H11MO.0.A	0	0.017938	13.7943	0.376164	13	CGGGGAGGGAACC	CTTGGCAGGGAGCCAAG	-
3-SGGGGMGGGAMSC	PROX1_HUMAN.H11MO.0.D	3	0.0200246	15.3989	0.41409	13	CGGGGAGGGAACC	GGGTAAGGCGGGTTGGG	+
3-SGGGGMGGGAMSC	PURA_HUMAN.H11MO.0.D	3	0.0211488	16.2634	0.431346	13	CGGGGAGGGAACC	GGAAGGGGGGGGCAGGG	+
3-SGGGGMGGGAMSC	TBX21_HUMAN.H11MO.0.A	2	0.0215113	16.5422	0.432811	11	CGGGGAGGGAACC	GTGGAGGTGTGAA	+
3-SGGGGMGGGAMSC	NR0B1_HUMAN.H11MO.0.D	-2	0.0226825	17.4429	0.44471	10	CGGGGAGGGAACC	GCGTGGGAGA	+
3-SGGGGMGGGAMSC	ZN263_HUMAN.H11MO.0.A	1	0.0227001	17.4564	0.44471	13	CGGGGAGGGAACC	GGGAGGAGGGAGAGGAGGAG	+
3-SGGGGMGGGAMSC	ZNF18_HUMAN.H11MO.0.C	-3	0.0254433	19.5659	0.491978	10	CGGGGAGGGAACC	GGTGTGAACTGG	+
4-AGTCACTTC	ZN528_HUMAN.H11MO.0.C	8	0.000318401	0.24485	0.438674	9	AGTCACTTC	CCCAGGGAAGCCATTTCTGA	+
4-AGTCACTTC	SPI1_HUMAN.H11MO.0.A	0	0.000863394	0.66395	0.438674	9	AGTCACTTC	TTTCACTTCCTCTTTTT	-
4-AGTCACTTC	SPIB_HUMAN.H11MO.0.A	0	0.000863394	0.66395	0.438674	9	AGTCACTTC	TTTCACTTCCTCTTTTT	-
4-AGTCACTTC	TFE3_HUMAN.H11MO.0.B	0	0.00146183	1.12414	0.457689	9	AGTCACTTC	GGTCACGTGA	+
4-AGTCACTTC	ELK1_HUMAN.H11MO.0.B	-2	0.00223937	1.72207	0.457689	7	AGTCACTTC	CCACTTCCGGT	-
4-AGTCACTTC	FOS_HUMAN.H11MO.0.A	3	0.00241473	1.85692	0.457689	6	AGTCACTTC	GTGAGTCAC	+
4-AGTCACTTC	JUND_HUMAN.H11MO.0.A	4	0.00321164	2.46975	0.457689	7	AGTCACTTC	GATGAGTCATC	+
4-AGTCACTTC	NR2E1_HUMAN.H11MO.0.D	9	0.00354885	2.72907	0.457689	8	AGTCACTTC	AAGTCAAAAAGTCAATT	+
4-AGTCACTTC	XBP1_HUMAN.H11MO.0.D	-1	0.00361437	2.77945	0.457689	8	AGTCACTTC	GCCACGTCAGC	-
4-AGTCACTTC	IRF4_HUMAN.H11MO.0.A	2	0.00368052	2.83032	0.457689	9	AGTCACTTC	AGTTTCACTTCCTCTTTT	-
4-AGTCACTTC	NKX23_HUMAN.H11MO.0.D	0	0.00406331	3.12468	0.457689	9	AGTCACTTC	AACCACTTAAC	-
4-AGTCACTTC	MITF_HUMAN.H11MO.0.A	0	0.00407322	3.1323	0.457689	9	AGTCACTTC	GGTCACGTGA	-
4-AGTCACTTC	JUNB_HUMAN.H11MO.0.A	4	0.00430655	3.31174	0.457689	7	AGTCACTTC	TCTGAGTCACC	+
4-AGTCACTTC	NKX31_HUMAN.H11MO.0.C	1	0.00480279	3.69334	0.457689	9	AGTCACTTC	AAAGCACTTAAC	-
4-AGTCACTTC	JUN_HUMAN.H11MO.0.A	4	0.00483375	3.71715	0.457689	7	AGTCACTTC	GATGAGTCATC	+
4-AGTCACTTC	NKX32_HUMAN.H11MO.0.C	0	0.00512677	3.94249	0.457689	9	AGTCACTTC	AAACACTTAA	-
4-AGTCACTTC	FOSB_HUMAN.H11MO.0.A	3	0.00550305	4.23184	0.457689	6	AGTCACTTC	ATGAGTCAT	+
4-AGTCACTTC	BC11A_HUMAN.H11MO.0.A	1	0.00608198	4.67704	0.457689	9	AGTCACTTC	TTTTCACTTCCTCTTTT	-
4-AGTCACTTC	USF1_HUMAN.H11MO.0.A	0	0.00639338	4.91651	0.457689	9	AGTCACTTC	GGTCACGTGACC	+
4-AGTCACTTC	TFEB_HUMAN.H11MO.0.C	0	0.006525	5.01772	0.457689	9	AGTCACTTC	GGTCACGTG	+
4-AGTCACTTC	FOSL1_HUMAN.H11MO.0.A	5	0.00676448	5.20188	0.457689	7	AGTCACTTC	GGATGAGTCACC	+
4-AGTCACTTC	GABPA_HUMAN.H11MO.0.A	-2	0.00713507	5.48687	0.457689	7	AGTCACTTC	CCACTTCCGGTTCC	-
4-AGTCACTTC	IRF8_HUMAN.H11MO.0.B	4	0.00747803	5.75061	0.457689	9	AGTCACTTC	TTACTTTCACTTCCTCTTTT	-
4-AGTCACTTC	NFE2_HUMAN.H11MO.0.A	5	0.00766608	5.89522	0.457689	8	AGTCACTTC	TGCTGAGTCATGC	-
4-AGTCACTTC	FOSL2_HUMAN.H11MO.0.A	5	0.00799961	6.1517	0.457689	7	AGTCACTTC	GGATGAGTCATC	+
4-AGTCACTTC	ELF2_HUMAN.H11MO.0.C	-2	0.00810738	6.23458	0.457689	7	AGTCACTTC	CCACTTCCGGGTT	-
4-AGTCACTTC	E4F1_HUMAN.H11MO.0.D	0	0.0086353	6.64055	0.470082	9	AGTCACTTC	CGTGACGTC	+
4-AGTCACTTC	EHF_HUMAN.H11MO.0.B	-1	0.00912926	7.0204	0.479834	8	AGTCACTTC	GCCACTTCCTGGTTC	-
5-CCCCCCACC	GLIS1_HUMAN.H11MO.0.D	3	9.79469e-07	0.000753212	0.0014603	9	CCCCCCACC	AGACCCCCCACGA	-
5-CCCCCCACC	GLIS3_HUMAN.H11MO.0.D	2	3.74189e-05	0.0287751	0.0205593	8	CCCCCCACC	TACCCCCCAC	-
5-CCCCCCACC	ZN740_HUMAN.H11MO.0.D	5	4.35817e-05	0.0335143	0.0205593	9	CCCCCCACC	CCCACCCCCCCCCC	-
5-CCCCCCACC	ZN219_HUMAN.H11MO.0.D	1	5.51592e-05	0.0424174	0.0205593	9	CCCCCCACC	TCCGCCCCCCTC	-
5-CCCCCCACC	GLIS2_HUMAN.H11MO.0.D	2	6.92769e-05	0.0532739	0.0206571	9	CCCCCCACC	GACCCCCCGCGAAG	-
5-CCCCCCACC	ZN281_HUMAN.H11MO.0.A	5	0.000298383	0.229456	0.0606921	9	CCCCCCACC	TCCCCTCCCCCACCC	-
5-CCCCCCACC	ZN148_HUMAN.H11MO.0.D	4	0.00034291	0.263698	0.0606921	9	CCCCCCACC	CCCCTCCCCCACCCC	-
5-CCCCCCACC	EGR4_HUMAN.H11MO.0.D	2	0.000387836	0.298246	0.0606921	9	CCCCCCACC	GCCCTGCCGCC	-
5-CCCCCCACC	KLF16_HUMAN.H11MO.0.D	2	0.000427508	0.328753	0.0606921	9	CCCCCCACC	CCCCCCCCCCCCCGCCCCC	-
5-CCCCCCACC	MAZ_HUMAN.H11MO.1.A	-1	0.000442686	0.340426	0.0606921	8	CCCCCCACC	CCCCCTCCCTC	-
5-CCCCCCACC	KLF5_HUMAN.H11MO.0.A	3	0.000447789	0.34435	0.0606921	9	CCCCCCACC	CCCAGCCCCACCCT	-
5-CCCCCCACC	TBX15_HUMAN.H11MO.0.D	-1	0.000526353	0.404766	0.0653954	8	CCCCCCACC	CCCCCACCCCCCCCCCCCC	-
5-CCCCCCACC	GLI2_HUMAN.H11MO.0.D	3	0.000574947	0.442134	0.065938	8	CCCCCCACC	AGACCACCCAC	-
5-CCCCCCACC	PRDM4_HUMAN.H11MO.0.D	8	0.000625582	0.481073	0.0665904	8	CCCCCCACC	TTTCAAGGCCCCCCAC	-
5-CCCCCCACC	ZIC4_HUMAN.H11MO.0.D	2	0.000674245	0.518495	0.0665904	9	CCCCCCACC	GACCCCCCGCTGTGC	-
5-CCCCCCACC	EGR2_HUMAN.H11MO.1.A	3	0.000714629	0.54955	0.0665904	9	CCCCCCACC	CCCCCGCCCACGCCCC	-
5-CCCCCCACC	SP2_HUMAN.H11MO.1.B	2	0.000781761	0.601174	0.0679451	9	CCCCCCACC	GCCCCGCCCCCT	-
5-CCCCCCACC	GLI1_HUMAN.H11MO.0.D	3	0.0008334	0.640884	0.0679451	9	CCCCCCACC	AGACCACCCAGG	-
5-CCCCCCACC	SP1_HUMAN.H11MO.1.A	3	0.000865885	0.665866	0.0679451	9	CCCCCCACC	CGGCCCCGCCCCCC	-
5-CCCCCCACC	SRBP2_HUMAN.H11MO.0.B	3	0.00101247	0.778589	0.075475	9	CCCCCCACC	CCTCACCCCACCC	-
5-CCCCCCACC	MAZ_HUMAN.H11MO.0.A	10	0.00106531	0.819225	0.0756325	9	CCCCCCACC	CCCCCCCCCCCCCCCCTCCCCC	-
5-CCCCCCACC	SALL4_HUMAN.H11MO.0.B	1	0.00116023	0.892217	0.0774372	9	CCCCCCACC	CCCACCCTCC	-
5-CCCCCCACC	KLF12_HUMAN.H11MO.0.C	1	0.0012313	0.946867	0.0774372	9	CCCCCCACC	GCCCCGCCCCT	-
5-CCCCCCACC	EGR1_HUMAN.H11MO.0.A	3	0.00125885	0.968058	0.0774372	9	CCCCCCACC	CCCCCGCCCACGCCCTC	-
5-CCCCCCACC	SP1_HUMAN.H11MO.0.A	11	0.00129849	0.998539	0.0774372	9	CCCCCCACC	CCCCCCCCCGGCCCCGCCCCCC	-
5-CCCCCCACC	EGR2_HUMAN.H11MO.0.A	2	0.00138981	1.06876	0.0796953	9	CCCCCCACC	CCCCTCCCACACCCCCCC	-
5-CCCCCCACC	KLF4_HUMAN.H11MO.0.A	-1	0.00148401	1.1412	0.0819453	8	CCCCCCACC	GCCACACCCT	-
5-CCCCCCACC	GLI3_HUMAN.H11MO.0.B	3	0.00157456	1.21083	0.0838401	8	CCCCCCACC	GGACCACCCAG	-
5-CCCCCCACC	SP2_HUMAN.H11MO.0.A	8	0.00191346	1.47145	0.0983721	9	CCCCCCACC	CCCCCGGCCCCGCCCCCCCCCC	-
5-CCCCCCACC	SP3_HUMAN.H11MO.0.B	4	0.00241082	1.85392	0.11416	9	CCCCCCACC	CCCCGGCCCCGCCCCCCCCC	-
5-CCCCCCACC	TBX1_HUMAN.H11MO.0.D	0	0.00241082	1.85392	0.11416	9	CCCCCCACC	CCGCCCACCCCTGCCCACCC	-
5-CCCCCCACC	TFDP1_HUMAN.H11MO.0.C	4	0.00249842	1.92129	0.11416	9	CCCCCCACC	TTTTCCCGCCCCCC	-
5-CCCCCCACC	ARNT2_HUMAN.H11MO.0.D	1	0.00252682	1.94313	0.11416	9	CCCCCCACC	GCCTCCCACGCC	-
5-CCCCCCACC	KLF1_HUMAN.H11MO.0.A	3	0.00281651	2.16589	0.122196	9	CCCCCCACC	CCCGGCCCCGCCCC	-
5-CCCCCCACC	SP4_HUMAN.H11MO.1.A	1	0.00286862	2.20597	0.122196	9	CCCCCCACC	CGGCCCCGCCCCCTCC	-
5-CCCCCCACC	KLF13_HUMAN.H11MO.0.D	1	0.00303334	2.33264	0.125623	9	CCCCCCACC	CACGCCCCCCT	-
5-CCCCCCACC	WT1_HUMAN.H11MO.1.B	3	0.00340624	2.6194	0.137254	8	CCCCCCACC	CCTCCTCCCAC	-
5-CCCCCCACC	KLF6_HUMAN.H11MO.0.A	5	0.0036252	2.78778	0.139623	9	CCCCCCACC	CCCCCGGCCCCGCCCTTCC	-
5-CCCCCCACC	WT1_HUMAN.H11MO.0.C	4	0.00370322	2.84778	0.139623	9	CCCCCCACC	CCCCCCCTCCTCCCCCGCCC	-
5-CCCCCCACC	E2F4_HUMAN.H11MO.0.A	4	0.00385065	2.96115	0.139623	9	CCCCCCACC	ATTTCCCGCCCCC	-
5-CCCCCCACC	ZSC22_HUMAN.H11MO.0.C	-1	0.00386563	2.97267	0.139623	8	CCCCCCACC	CCTCCTCCCTCAGACC	-
5-CCCCCCACC	ZN331_HUMAN.H11MO.0.C	0	0.00393328	3.02469	0.139623	9	CCCCCCACC	CCACCCAGCTGAGCCCAGCC	-
5-CCCCCCACC	EGR3_HUMAN.H11MO.0.D	0	0.00428247	3.29322	0.148483	9	CCCCCCACC	ACACCCACTCT	-
5-CCCCCCACC	IKZF1_HUMAN.H11MO.0.C	0	0.00450833	3.4669	0.149188	8	CCCCCCACC	TCTCCCAA	-
5-CCCCCCACC	MESP1_HUMAN.H11MO.0.D	-1	0.00453194	3.48506	0.149188	8	CCCCCCACC	TCCACACCTGC	-
5-CCCCCCACC	KLF15_HUMAN.H11MO.0.A	8	0.004603	3.5397	0.149188	9	CCCCCCACC	CCCCCCCCTGCTCCTCCCC	-
5-CCCCCCACC	KLF3_HUMAN.H11MO.0.B	3	0.00488299	3.75502	0.154896	9	CCCCCCACC	CCCGGCCCCGCCCCTCCCC	-
5-CCCCCCACC	ZN467_HUMAN.H11MO.0.C	11	0.00512653	3.9423	0.157571	9	CCCCCCACC	CCCCCCCCCCCCTCCCCTCCCC	-
5-CCCCCCACC	ZBT17_HUMAN.H11MO.0.A	7	0.00517869	3.98241	0.157571	9	CCCCCCACC	CTTCCCCTCCCCCACCCTC	-
5-CCCCCCACC	E2F1_HUMAN.H11MO.0.A	4	0.00534721	4.112	0.159444	9	CCCCCCACC	CTTTCCCGCCCCCC	-
5-CCCCCCACC	PLAL1_HUMAN.H11MO.0.D	3	0.00565466	4.34843	0.165306	7	CCCCCCACC	GGGCCCCCCG	-
5-CCCCCCACC	ZBTB4_HUMAN.H11MO.0.D	-3	0.006099	4.69013	0.172082	6	CCCCCCACC	CCCACCTGCCATCTAGG	-
5-CCCCCCACC	KLF9_HUMAN.H11MO.0.C	6	0.0061173	4.7042	0.172082	9	CCCCCCACC	GGCCACGCCCCCTCC	-
5-CCCCCCACC	TBX3_HUMAN.H11MO.0.C	-1	0.00669146	5.14574	0.184747	8	CCCCCCACC	TTCCCACCTCC	-
5-CCCCCCACC	ZN784_HUMAN.H11MO.0.D	0	0.00706798	5.43527	0.191595	9	CCCCCCACC	GTACCTACCTC	-
5-CCCCCCACC	SRBP1_HUMAN.H11MO.0.A	2	0.0078805	6.0601	0.208691	9	CCCCCCACC	CTCACCCCACC	-
5-CCCCCCACC	ZIC1_HUMAN.H11MO.0.B	2	0.00797861	6.13555	0.208691	7	CCCCCCACC	GACCACCCC	-
5-CCCCCCACC	E2F8_HUMAN.H11MO.0.D	3	0.00832127	6.39906	0.213901	9	CCCCCCACC	TTTCCCGCCAAA	-
5-CCCCCCACC	RREB1_HUMAN.H11MO.0.D	1	0.00866418	6.66276	0.215292	9	CCCCCCACC	ACCCCAAACCACCCCCCCCCCC	-
5-CCCCCCACC	ZN770_HUMAN.H11MO.0.C	3	0.00866418	6.66276	0.215292	9	CCCCCCACC	GATCCTCCCGCCTCAGCCTCCC	-
5-CCCCCCACC	INSM1_HUMAN.H11MO.0.C	2	0.00927006	7.12867	0.226001	9	CCCCCCACC	TGCCCCCTGACA	-
5-CCCCCCACC	PATZ1_HUMAN.H11MO.1.C	-2	0.00939834	7.22732	0.226001	7	CCCCCCACC	CCCCTCCCT	-
5-CCCCCCACC	E2F6_HUMAN.H11MO.0.A	2	0.0116778	8.98023	0.276358	9	CCCCCCACC	CCCTTCCCGCCCC	-
5-CCCCCCACC	SP4_HUMAN.H11MO.0.A	6	0.0124328	9.56081	0.289627	9	CCCCCCACC	CCCGGCCCCGCCCCCTTCCC	-
5-CCCCCCACC	VEZF1_HUMAN.H11MO.0.C	4	0.0135703	10.4356	0.309028	9	CCCCCCACC	CCCCTCCCCCTCCCCCCTCCCC	-
5-CCCCCCACC	E2F7_HUMAN.H11MO.0.B	5	0.0136801	10.52	0.309028	8	CCCCCCACC	CCTTTCCCGCCCC	-
5-CCCCCCACC	CTCFL_HUMAN.H11MO.0.A	5	0.0140079	10.7721	0.309771	9	CCCCCCACC	CGGCGCCCCCTGGCGGC	-
5-CCCCCCACC	SNAI1_HUMAN.H11MO.0.C	-4	0.0141784	10.9032	0.309771	5	CCCCCCACC	CCACCTGG	-
5-CCCCCCACC	PATZ1_HUMAN.H11MO.0.C	11	0.0143363	11.0246	0.309771	9	CCCCCCACC	CCTCCCCCCCCGCCCCCTCCCC	-
5-CCCCCCACC	ZN449_HUMAN.H11MO.0.C	1	0.0156712	12.0512	0.333777	9	CCCCCCACC	AAGCCCAACCA	-
5-CCCCCCACC	KLF14_HUMAN.H11MO.0.D	6	0.0159952	12.3003	0.33588	7	CCCCCCACC	GCCACGCCCCCCT	-
5-CCCCCCACC	VEZF1_HUMAN.H11MO.1.C	-1	0.0174046	13.3841	0.360398	8	CCCCCCACC	CCCCCTCCCCCT	-
5-CCCCCCACC	ZN436_HUMAN.H11MO.0.C	-1	0.0201596	15.5027	0.406494	8	CCCCCCACC	CCTCCTCCAGGAAGCCTTCCCTGA	-
5-CCCCCCACC	ZN263_HUMAN.H11MO.0.A	10	0.020176	15.5153	0.406494	9	CCCCCCACC	CTCCTCCTCTCCCTCCTCCC	-
5-CCCCCCACC	E2F3_HUMAN.H11MO.0.A	3	0.0212594	16.3485	0.42261	8	CCCCCCACC	TTTCCCGCCCT	-
5-CCCCCCACC	ZN263_HUMAN.H11MO.1.A	3	0.0223504	17.1875	0.438453	8	CCCCCCACC	CCTCCTCCCTC	-
5-CCCCCCACC	TBX5_HUMAN.H11MO.0.D	-2	0.0228992	17.6095	0.443384	7	CCCCCCACC	TCACACCT	-
8-CCCGGCCCGGC	SP1_HUMAN.H11MO.0.A	6	1.54686e-05	0.0118954	0.023572	11	CCCGGCCCGGC	CCCCCCCCCGGCCCCGCCCCCC	-
8-CCCGGCCCGGC	KLF12_HUMAN.H11MO.0.C	1	0.000476189	0.366189	0.251334	10	CCCGGCCCGGC	GCCCCGCCCCT	-
8-CCCGGCCCGGC	SP1_HUMAN.H11MO.1.A	3	0.000494799	0.3805	0.251334	11	CCCGGCCCGGC	CGGCCCCGCCCCCC	-
8-CCCGGCCCGGC	SP2_HUMAN.H11MO.0.A	2	0.00109567	0.842569	0.396518	11	CCCGGCCCGGC	CCCCCGGCCCCGCCCCCCCCCC	-
8-CCCGGCCCGGC	KLF1_HUMAN.H11MO.0.A	0	0.00132262	1.01709	0.396518	11	CCCGGCCCGGC	CCCGGCCCCGCCCC	-
8-CCCGGCCCGGC	TBX1_HUMAN.H11MO.0.D	8	0.00156124	1.20059	0.396518	11	CCCGGCCCGGC	CCGCCCACCCCTGCCCACCC	-
8-CCCGGCCCGGC	ZSC31_HUMAN.H11MO.0.C	3	0.00200653	1.54302	0.436809	11	CCCGGCCCGGC	CATAACTGCCCTGCTGCC	-
8-CCCGGCCCGGC	KLF3_HUMAN.H11MO.0.B	5	0.00278046	2.13817	0.489018	11	CCCGGCCCGGC	CCCGGCCCCGCCCCTCCCC	-
8-CCCGGCCCGGC	SP3_HUMAN.H11MO.0.B	7	0.00340905	2.62156	0.489018	11	CCCGGCCCGGC	CCCCGGCCCCGCCCCCCCCC	-
8-CCCGGCCCGGC	MBD2_HUMAN.H11MO.0.B	2	0.0036026	2.7704	0.489018	9	CCCGGCCCGGC	CCTCCGGCCCC	-
8-CCCGGCCCGGC	ZN770_HUMAN.H11MO.0.C	6	0.00360849	2.77493	0.489018	11	CCCGGCCCGGC	GATCCTCCCGCCTCAGCCTCCC	-
8-CCCGGCCCGGC	KLF16_HUMAN.H11MO.0.D	5	0.00385089	2.96134	0.489018	11	CCCGGCCCGGC	CCCCCCCCCCCCCGCCCCC	-
8-CCCGGCCCGGC	ZFX_HUMAN.H11MO.0.A	0	0.00438383	3.37116	0.498444	10	CCCGGCCCGGC	CCAGGCCCCG	+
8-CCCGGCCCGGC	KLF6_HUMAN.H11MO.0.A	2	0.00502431	3.86369	0.498444	11	CCCGGCCCGGC	CCCCCGGCCCCGCCCTTCC	-
8-CCCGGCCCGGC	SP4_HUMAN.H11MO.0.A	0	0.00523349	4.02456	0.498444	11	CCCGGCCCGGC	CCCGGCCCCGCCCCCTTCCC	-
9-GGACTSGA	ZN502_HUMAN.H11MO.0.C	4	8.41478e-05	0.0647097	0.129419	8	GGACTGGA	GAATGGAATCGAATGGAATC	+
11-ATTAATGG	PO4F3_HUMAN.H11MO.0.D	7	0.000186882	0.143713	0.164205	8	ATTAATGG	ATGAATAATTAATGA	-
11-ATTAATGG	HXB8_HUMAN.H11MO.0.C	3	0.00031658	0.24345	0.164205	8	ATTAATGG	TTGATTAATGC	+
11-ATTAATGG	PO4F1_HUMAN.H11MO.0.D	7	0.000366071	0.281509	0.164205	7	ATTAATGG	ATGAATAATTAATG	-
11-ATTAATGG	HXA5_HUMAN.H11MO.0.D	3	0.000478989	0.368342	0.164205	7	ATTAATGG	TTGATTAATG	+
11-ATTAATGG	MEIS1_HUMAN.H11MO.0.A	3	0.000707252	0.543877	0.164205	8	ATTAATGG	ATGATTTATGGC	+
11-ATTAATGG	HXB7_HUMAN.H11MO.0.C	3	0.000741756	0.57041	0.164205	7	ATTAATGG	TTGATTAATG	+
11-ATTAATGG	BARX2_HUMAN.H11MO.0.D	2	0.000918311	0.706182	0.164205	8	ATTAATGG	TCATTAATTG	+
11-ATTAATGG	HXA9_HUMAN.H11MO.0.B	3	0.000955716	0.734946	0.164205	8	ATTAATGG	ATGATTTATGG	+
11-ATTAATGG	PDX1_HUMAN.H11MO.1.A	0	0.00100219	0.770686	0.164205	8	ATTAATGG	ATTAATTAT	+
11-ATTAATGG	PO4F2_HUMAN.H11MO.0.D	1	0.00120125	0.923765	0.177138	8	ATTAATGG	TATTAATGAGCTG	+
11-ATTAATGG	HXB1_HUMAN.H11MO.0.D	2	0.00159544	1.2269	0.196055	8	ATTAATGG	TGATGGATGG	+
11-ATTAATGG	HXC9_HUMAN.H11MO.0.C	0	0.00159544	1.2269	0.196055	8	ATTAATGG	TTTTATTGCC	+
11-ATTAATGG	HXB4_HUMAN.H11MO.0.B	-1	0.00224075	1.72313	0.217671	7	ATTAATGG	TTAATGGC	+
11-ATTAATGG	HMX3_HUMAN.H11MO.0.D	1	0.00232992	1.79171	0.217671	8	ATTAATGG	CGTTAATTGCT	+
11-ATTAATGG	NKX62_HUMAN.H11MO.0.D	1	0.00248858	1.91372	0.217671	8	ATTAATGG	AATTAATTACC	+
11-ATTAATGG	HXB6_HUMAN.H11MO.0.D	4	0.00256376	1.97153	0.217671	8	ATTAATGG	AATGATTGATGCA	+
11-ATTAATGG	HMX2_HUMAN.H11MO.0.D	0	0.00265703	2.04325	0.217671	8	ATTAATGG	TTTAATTGGTT	+
11-ATTAATGG	NANOG_HUMAN.H11MO.1.B	0	0.00283579	2.18072	0.220089	8	ATTAATGG	CTTGATGGCTC	-
11-ATTAATGG	CDX1_HUMAN.H11MO.0.C	0	0.00351706	2.70462	0.246966	8	ATTAATGG	ATTTATGT	+
11-ATTAATGG	LMX1A_HUMAN.H11MO.0.D	2	0.00523485	4.0256	0.29212	8	ATTAATGG	TAATTAATTATGTAATTAA	+
11-ATTAATGG	NKX61_HUMAN.H11MO.1.B	-2	0.00529319	4.07046	0.29212	6	ATTAATGG	TAATGAA	+
11-ATTAATGG	LMX1B_HUMAN.H11MO.0.D	2	0.00549197	4.22333	0.29212	8	ATTAATGG	TAATTAATTGATTTATTT	+
11-ATTAATGG	HXC8_HUMAN.H11MO.0.D	4	0.0056424	4.33901	0.29212	8	ATTAATGG	TTTGATTGATGCCC	+
11-ATTAATGG	PDX1_HUMAN.H11MO.0.A	2	0.00574489	4.41782	0.29212	7	ATTAATGG	TGATTGATG	+
11-ATTAATGG	ARI3A_HUMAN.H11MO.0.D	1	0.00606838	4.66658	0.297844	8	ATTAATGG	AATTAATCGAAATCAAATTAAA	+
11-ATTAATGG	PBX1_HUMAN.H11MO.1.C	6	0.0063755	4.90276	0.297844	8	ATTAATGG	AATTTGATTGATGGG	+
11-ATTAATGG	HXD9_HUMAN.H11MO.0.D	2	0.00646341	4.97036	0.297844	8	ATTAATGG	AGTTTTATGG	+
11-ATTAATGG	ISL2_HUMAN.H11MO.0.D	1	0.00680345	5.23186	0.304014	8	ATTAATGG	CGTTAATTGCT	+
11-ATTAATGG	SOX1_HUMAN.H11MO.0.D	1	0.00756541	5.8178	0.307125	8	ATTAATGG	GATGAATGTTATTCAT	+
11-ATTAATGG	DLX5_HUMAN.H11MO.0.D	2	0.00767177	5.89959	0.307125	8	ATTAATGG	TAATTATAGGT	+
11-ATTAATGG	LHX3_HUMAN.H11MO.0.C	4	0.00804357	6.18551	0.312135	8	ATTAATGG	ATTAATTAATTTT	-
11-ATTAATGG	NKX61_HUMAN.H11MO.0.B	1	0.00873987	6.72096	0.317744	8	ATTAATGG	GATTAATGGGAATTTAATG	+
11-ATTAATGG	PRRX2_HUMAN.H11MO.0.C	-1	0.00883452	6.79375	0.317744	7	ATTAATGG	TTAATTG	+
11-ATTAATGG	HXA10_HUMAN.H11MO.0.C	4	0.00925662	7.11834	0.324998	8	ATTAATGG	GATGATTTATGA	+
11-ATTAATGG	ISL1_HUMAN.H11MO.0.A	0	0.00983939	7.56649	0.331945	8	ATTAATGG	GCTAATGGA	+
11-ATTAATGG	ZN410_HUMAN.H11MO.0.D	1	0.0102172	7.857	0.331945	8	ATTAATGG	TATTATGGGATGG	+
11-ATTAATGG	LHX4_HUMAN.H11MO.0.D	2	0.0103134	7.93103	0.331945	8	ATTAATGG	AAGTTAATTAG	+
11-ATTAATGG	OVOL2_HUMAN.H11MO.0.D	-1	0.0106164	8.16405	0.331945	7	ATTAATGG	ATAACGGA	+
11-ATTAATGG	OZF_HUMAN.H11MO.0.C	1	0.0107381	8.25759	0.331945	8	ATTAATGG	TTTTCATGGCTGCATAGTATTCCA	+
11-ATTAATGG	TYY2_HUMAN.H11MO.0.D	-1	0.0109338	8.40808	0.331945	7	ATTAATGG	AAAATGGCGGC	+
11-ATTAATGG	HXD4_HUMAN.H11MO.0.D	-1	0.0112553	8.65535	0.331945	7	ATTAATGG	TTAATTGA	+
11-ATTAATGG	VAX2_HUMAN.H11MO.0.D	9	0.0123054	9.46286	0.348956	7	ATTAATGG	ATTAGGGTAATTAGTG	+
11-ATTAATGG	CDX2_HUMAN.H11MO.0.A	0	0.01315	10.1123	0.359538	8	ATTAATGG	TTTTATTGCTGT	+
11-ATTAATGG	PAX3_HUMAN.H11MO.0.D	0	0.0136907	10.5281	0.359538	8	ATTAATGG	GATAATCGATTAA	+
11-ATTAATGG	HNF1B_HUMAN.H11MO.1.A	1	0.0137742	10.5924	0.359538	8	ATTAATGG	AGTTAATGATT	+
11-ATTAATGG	HXA2_HUMAN.H11MO.0.D	4	0.0137742	10.5924	0.359538	7	ATTAATGG	GGTAATTAGCG	+
11-ATTAATGG	NOBOX_HUMAN.H11MO.0.C	-1	0.0138977	10.6873	0.359538	7	ATTAATGG	CTAATTGGT	+
11-ATTAATGG	HXA13_HUMAN.H11MO.0.C	3	0.0145825	11.2139	0.363473	8	ATTAATGG	GGTTTTATTGG	+
11-ATTAATGG	ZBT49_HUMAN.H11MO.0.D	3	0.0145825	11.2139	0.363473	8	ATTAATGG	CCAATTAGCGC	-
11-ATTAATGG	BSH_HUMAN.H11MO.0.D	6	0.0147892	11.3729	0.363473	8	ATTAATGG	TAATGAGTTAATTG	+
11-ATTAATGG	HXA1_HUMAN.H11MO.0.C	-1	0.0155141	11.9303	0.368988	7	ATTAATGG	TTGATGGATG	+
11-ATTAATGG	HMX1_HUMAN.H11MO.0.D	0	0.0161735	12.4374	0.374012	8	ATTAATGG	GTTAATTGCTTTTTAAT	+
11-ATTAATGG	CUX2_HUMAN.H11MO.0.D	2	0.016329	12.557	0.374012	8	ATTAATGG	AAATCAATGAA	+
11-ATTAATGG	HNF1B_HUMAN.H11MO.0.A	1	0.0166555	12.8081	0.374012	8	ATTAATGG	GGTTAATGATTAACC	+
11-ATTAATGG	HXD3_HUMAN.H11MO.0.D	4	0.0172712	13.2815	0.374012	7	ATTAATGG	CCTAATTAACC	-
11-ATTAATGG	NOTO_HUMAN.H11MO.0.D	5	0.0172712	13.2815	0.374012	6	ATTAATGG	ACCTAATTAAC	-
11-ATTAATGG	PITX3_HUMAN.H11MO.0.D	5	0.0176569	13.5782	0.374012	8	ATTAATGG	GGGGGATTAAGGGATTAA	+
11-ATTAATGG	VENTX_HUMAN.H11MO.0.D	1	0.018055	13.8843	0.374012	8	ATTAATGG	CGCTAATTGGTTTCTAATT	+
11-ATTAATGG	ZFHX3_HUMAN.H11MO.0.D	5	0.0182621	14.0435	0.374012	6	ATTAATGG	TAATTATTAAT	-
11-ATTAATGG	HBP1_HUMAN.H11MO.0.D	-1	0.018382	14.1357	0.374012	7	ATTAATGG	TCAATGAGT	-
11-ATTAATGG	ZN136_HUMAN.H11MO.0.C	13	0.0186466	14.3392	0.374012	8	ATTAATGG	TGCTGGATATAGTATTCTTGGTTG	+
11-ATTAATGG	SOX17_HUMAN.H11MO.0.C	2	0.0203993	15.687	0.390846	8	ATTAATGG	AAAACAATGGC	-
11-ATTAATGG	DMBX1_HUMAN.H11MO.0.D	1	0.0206172	15.8546	0.390846	8	ATTAATGG	ACTTAATTAGATTATAATTA	-
11-ATTAATGG	MEF2D_HUMAN.H11MO.0.A	4	0.0206739	15.8982	0.390846	8	ATTAATGG	TGCTATTTTTAG	+
11-ATTAATGG	TF7L2_HUMAN.H11MO.0.A	4	0.0215496	16.5716	0.391447	8	ATTAATGG	CCACATCAAAGGG	-
11-ATTAATGG	MSX2_HUMAN.H11MO.0.D	-2	0.0215783	16.5937	0.391447	6	ATTAATGG	TAATTGT	+
11-ATTAATGG	PAX4_HUMAN.H11MO.0.D	4	0.0230793	17.748	0.391447	8	ATTAATGG	GCGAATTAGTTA	-
11-ATTAATGG	MSX1_HUMAN.H11MO.0.D	9	0.0235336	18.0974	0.391447	8	ATTAATGG	TAATTGGTTTTTAATTGG	+
11-ATTAATGG	PAX7_HUMAN.H11MO.0.D	-2	0.0240295	18.4787	0.391447	6	ATTAATGG	TAATTGATTAT	+
11-ATTAATGG	PO6F1_HUMAN.H11MO.0.D	4	0.0240648	18.5059	0.391447	8	ATTAATGG	CATAATTTATGCA	+
11-ATTAATGG	PO3F2_HUMAN.H11MO.0.A	8	0.0241567	18.5765	0.391447	8	ATTAATGG	GAATGAATATGCATGAA	-
11-ATTAATGG	ZN232_HUMAN.H11MO.0.D	12	0.0254904	19.6021	0.404177	7	ATTAATGG	TGTTAAATGTAGATTAAGT	+
11-ATTAATGG	SOX8_HUMAN.H11MO.0.D	8	0.0259839	19.9816	0.407619	8	ATTAATGG	TCACTGCAATTGATGC	+
11-ATTAATGG	PBX2_HUMAN.H11MO.0.C	7	0.0276277	21.2457	0.428843	8	ATTAATGG	TAAATTGATTGATGG	+
11-ATTAATGG	HNF6_HUMAN.H11MO.0.B	2	0.0282294	21.7084	0.433619	8	ATTAATGG	AAATCAATAAA	-
11-ATTAATGG	MEOX1_HUMAN.H11MO.0.D	4	0.0290191	22.3157	0.43543	8	ATTAATGG	GGTAATTAGCGTTAAT	+
11-ATTAATGG	TBP_HUMAN.H11MO.0.A	2	0.0298048	22.9199	0.43543	8	ATTAATGG	CTATAAAAGG	+
11-ATTAATGG	HXB13_HUMAN.H11MO.0.A	0	0.0314087	24.1533	0.43543	8	ATTAATGG	TTTTATTGGC	+
11-ATTAATGG	ZN394_HUMAN.H11MO.1.D	-2	0.0314228	24.1641	0.43543	6	ATTAATGG	GAATGGAAT	+
11-ATTAATGG	EMX2_HUMAN.H11MO.0.D	2	0.0318764	24.5129	0.43543	8	ATTAATGG	TAATTAGCTAAT	+
11-ATTAATGG	SOX21_HUMAN.H11MO.0.D	1	0.0323675	24.8906	0.43543	8	ATTAATGG	AAACAATGGTATTGTT	+
11-ATTAATGG	HNF1A_HUMAN.H11MO.0.C	1	0.0325229	25.0101	0.43543	8	ATTAATGG	GGTTAATGATTAACT	+
11-ATTAATGG	LBX2_HUMAN.H11MO.0.D	0	0.0330719	25.4323	0.43543	8	ATTAATGG	GTTAATTAGGT	+
11-ATTAATGG	ZN502_HUMAN.H11MO.0.C	-2	0.0343035	26.3794	0.446772	6	ATTAATGG	GAATGGAATCGAATGGAATC	+
11-ATTAATGG	MEOX2_HUMAN.H11MO.0.D	6	0.0348422	26.7937	0.446772	5	ATTAATGG	ATCATAATTAA	-
11-ATTAATGG	CUX1_HUMAN.H11MO.0.C	6	0.0359032	27.6096	0.454428	8	ATTAATGG	AGGGGGATCGATGG	+
11-ATTAATGG	GSX2_HUMAN.H11MO.0.D	-1	0.0360556	27.7268	0.454428	7	ATTAATGG	TTAATTAGTTTTTAAT	+
11-ATTAATGG	RX_HUMAN.H11MO.0.D	6	0.0386357	29.7108	0.474771	5	ATTAATGG	TTGCTAATTAA	-
11-ATTAATGG	LHX2_HUMAN.H11MO.0.A	1	0.0392904	30.2143	0.475745	8	ATTAATGG	TTTTAATTAGTT	+
11-ATTAATGG	ZN264_HUMAN.H11MO.0.C	6	0.0393601	30.2679	0.475745	8	ATTAATGG	AATGGGATTAGTGCCCTTATAAGA	-
11-ATTAATGG	BARX1_HUMAN.H11MO.0.D	-1	0.0413663	31.8107	0.491929	7	ATTAATGG	CTAATTGTTTTT	+
11-ATTAATGG	MIXL1_HUMAN.H11MO.0.D	5	0.0427877	32.9037	0.492479	6	ATTAATGG	ATCTAATTAAC	-
11-ATTAATGG	LHX8_HUMAN.H11MO.0.D	1	0.0430824	33.1304	0.492479	8	ATTAATGG	AATTAATTGTAATTAGCG	-
19-CCACCGCCC	ZN219_HUMAN.H11MO.0.D	1	8.85214e-05	0.068073	0.097559	9	CCACCGCCC	TCCGCCCCCCTC	-
19-CCACCGCCC	SP1_HUMAN.H11MO.1.A	2	0.000160548	0.123461	0.097559	9	CCACCGCCC	CGGCCCCGCCCCCC	-
19-CCACCGCCC	KLF12_HUMAN.H11MO.0.C	0	0.000215946	0.166062	0.097559	9	CCACCGCCC	GCCCCGCCCCT	-
19-CCACCGCCC	ZSC22_HUMAN.H11MO.0.C	0	0.000301063	0.231517	0.097559	9	CCACCGCCC	CCTCCTCCCTCAGACC	-
19-CCACCGCCC	MAZ_HUMAN.H11MO.1.A	0	0.000325307	0.250161	0.097559	9	CCACCGCCC	CCCCCTCCCTC	-
19-CCACCGCCC	TBX15_HUMAN.H11MO.0.D	3	0.00057732	0.443959	0.110163	9	CCACCGCCC	CCCCCACCCCCCCCCCCCC	-
19-CCACCGCCC	SP1_HUMAN.H11MO.0.A	10	0.000634518	0.487944	0.110163	9	CCACCGCCC	CCCCCCCCCGGCCCCGCCCCCC	-
19-CCACCGCCC	GLIS1_HUMAN.H11MO.0.D	0	0.000661519	0.508708	0.110163	9	CCACCGCCC	AGACCCCCCACGA	-
19-CCACCGCCC	SP3_HUMAN.H11MO.0.B	5	0.00067198	0.516753	0.110163	9	CCACCGCCC	CCCCGGCCCCGCCCCCCCCC	-
19-CCACCGCCC	ZBTB4_HUMAN.H11MO.0.D	1	0.000765406	0.588597	0.110163	9	CCACCGCCC	CCCACCTGCCATCTAGG	-
19-CCACCGCCC	EGR2_HUMAN.H11MO.1.A	0	0.000892238	0.686131	0.110163	9	CCACCGCCC	CCCCCGCCCACGCCCC	-
19-CCACCGCCC	SP4_HUMAN.H11MO.1.A	2	0.000952397	0.732394	0.110163	9	CCACCGCCC	CGGCCCCGCCCCCTCC	-
19-CCACCGCCC	EGR1_HUMAN.H11MO.0.A	0	0.000996252	0.766118	0.110163	9	CCACCGCCC	CCCCCGCCCACGCCCTC	-
19-CCACCGCCC	SP2_HUMAN.H11MO.0.A	6	0.00116629	0.896881	0.110163	9	CCACCGCCC	CCCCCGGCCCCGCCCCCCCCCC	-
19-CCACCGCCC	EGR4_HUMAN.H11MO.0.D	3	0.00118773	0.913365	0.110163	8	CCACCGCCC	GCCCTGCCGCC	-
19-CCACCGCCC	KLF3_HUMAN.H11MO.0.B	4	0.00120425	0.926066	0.110163	9	CCACCGCCC	CCCGGCCCCGCCCCTCCCC	-
19-CCACCGCCC	SP2_HUMAN.H11MO.1.B	0	0.00124894	0.960433	0.110163	9	CCACCGCCC	GCCCCGCCCCCT	-
19-CCACCGCCC	SP4_HUMAN.H11MO.0.A	4	0.00158814	1.22128	0.1323	9	CCACCGCCC	CCCGGCCCCGCCCCCTTCCC	-
19-CCACCGCCC	ZIC1_HUMAN.H11MO.0.B	-1	0.0018366	1.41234	0.141438	8	CCACCGCCC	GACCACCCC	-
19-CCACCGCCC	KLF15_HUMAN.H11MO.0.A	9	0.00188648	1.4507	0.141438	9	CCACCGCCC	CCCCCCCCTGCTCCTCCCC	-
19-CCACCGCCC	ZN740_HUMAN.H11MO.0.D	1	0.00201102	1.54647	0.143596	9	CCACCGCCC	CCCACCCCCCCCCC	-
19-CCACCGCCC	KLF6_HUMAN.H11MO.0.A	6	0.00213931	1.64513	0.145813	9	CCACCGCCC	CCCCCGGCCCCGCCCTTCC	-
19-CCACCGCCC	GLI3_HUMAN.H11MO.0.B	0	0.00311563	2.39592	0.195128	9	CCACCGCCC	GGACCACCCAG	-
19-CCACCGCCC	ZN148_HUMAN.H11MO.0.D	2	0.00312311	2.40167	0.195128	9	CCACCGCCC	CCCCTCCCCCACCCC	-
19-CCACCGCCC	WT1_HUMAN.H11MO.0.C	5	0.00336457	2.58735	0.198491	9	CCACCGCCC	CCCCCCCTCCTCCCCCGCCC	-
19-CCACCGCCC	GLIS3_HUMAN.H11MO.0.D	-1	0.00349623	2.6886	0.198491	8	CCACCGCCC	TACCCCCCAC	-
19-CCACCGCCC	KLF1_HUMAN.H11MO.0.A	4	0.003663	2.81685	0.198491	9	CCACCGCCC	CCCGGCCCCGCCCC	-
19-CCACCGCCC	WT1_HUMAN.H11MO.1.B	0	0.00370642	2.85024	0.198491	9	CCACCGCCC	CCTCCTCCCAC	-
19-CCACCGCCC	KLF4_HUMAN.H11MO.0.A	0	0.00392079	3.01509	0.202731	9	CCACCGCCC	GCCACACCCT	-
19-CCACCGCCC	ZN281_HUMAN.H11MO.0.A	0	0.00444911	3.42136	0.22238	9	CCACCGCCC	TCCCCTCCCCCACCC	-
19-CCACCGCCC	GLIS2_HUMAN.H11MO.0.D	-1	0.00489679	3.76563	0.226723	8	CCACCGCCC	GACCCCCCGCGAAG	-
19-CCACCGCCC	KLF16_HUMAN.H11MO.0.D	8	0.00501045	3.85303	0.226723	9	CCACCGCCC	CCCCCCCCCCCCCGCCCCC	-
19-CCACCGCCC	PATZ1_HUMAN.H11MO.1.C	-1	0.00525459	4.04078	0.226723	8	CCACCGCCC	CCCCTCCCT	-
19-CCACCGCCC	KLF14_HUMAN.H11MO.0.D	1	0.00526615	4.04967	0.226723	9	CCACCGCCC	GCCACGCCCCCCT	-
19-CCACCGCCC	KLF9_HUMAN.H11MO.0.C	2	0.005292	4.06955	0.226723	9	CCACCGCCC	GGCCACGCCCCCTCC	-
19-CCACCGCCC	TAF1_HUMAN.H11MO.0.A	3	0.00562815	4.32804	0.234427	9	CCACCGCCC	CCGCCGCCGCCATCTT	-
19-CCACCGCCC	KLF13_HUMAN.H11MO.0.D	-2	0.00582581	4.48005	0.236102	7	CCACCGCCC	CACGCCCCCCT	-
19-CCACCGCCC	SALL4_HUMAN.H11MO.0.B	1	0.00614351	4.72436	0.242425	9	CCACCGCCC	CCCACCCTCC	-
19-CCACCGCCC	MAZ_HUMAN.H11MO.0.A	11	0.00705923	5.42855	0.271417	9	CCACCGCCC	CCCCCCCCCCCCCCCCTCCCCC	-
19-CCACCGCCC	TBX1_HUMAN.H11MO.0.D	7	0.0076999	5.92122	0.276417	9	CCACCGCCC	CCGCCCACCCCTGCCCACCC	-
19-CCACCGCCC	EGR2_HUMAN.H11MO.0.A	-1	0.00772335	5.93925	0.276417	8	CCACCGCCC	CCCCTCCCACACCCCCCC	-
19-CCACCGCCC	E2F4_HUMAN.H11MO.0.A	2	0.0077851	5.98674	0.276417	9	CCACCGCCC	ATTTCCCGCCCCC	-
19-CCACCGCCC	RREB1_HUMAN.H11MO.0.D	8	0.00792662	6.09557	0.276417	9	CCACCGCCC	ACCCCAAACCACCCCCCCCCCC	-
19-CCACCGCCC	ZN263_HUMAN.H11MO.0.A	11	0.00913361	7.02375	0.310288	9	CCACCGCCC	CTCCTCCTCTCCCTCCTCCC	-
19-CCACCGCCC	ZN467_HUMAN.H11MO.0.C	12	0.00941303	7.23862	0.310288	9	CCACCGCCC	CCCCCCCCCCCCTCCCCTCCCC	-
19-CCACCGCCC	GLI2_HUMAN.H11MO.0.D	0	0.00951873	7.3199	0.310288	9	CCACCGCCC	AGACCACCCAC	-
19-CCACCGCCC	CTCFL_HUMAN.H11MO.0.A	-1	0.00982482	7.55529	0.313452	8	CCACCGCCC	CGGCGCCCCCTGGCGGC	-
19-CCACCGCCC	PATZ1_HUMAN.H11MO.0.C	12	0.0105419	8.1067	0.313848	9	CCACCGCCC	CCTCCCCCCCCGCCCCCTCCCC	-
19-CCACCGCCC	ZN263_HUMAN.H11MO.1.A	0	0.0105918	8.14509	0.313848	9	CCACCGCCC	CCTCCTCCCTC	-
19-CCACCGCCC	KLF5_HUMAN.H11MO.0.A	4	0.0106744	8.20865	0.313848	9	CCACCGCCC	CCCAGCCCCACCCT	-
19-CCACCGCCC	RUNX2_HUMAN.H11MO.0.A	5	0.0106744	8.20865	0.313848	9	CCACCGCCC	ACAAACCACAGACA	-
19-CCACCGCCC	TBX3_HUMAN.H11MO.0.C	3	0.0117768	9.05634	0.33809	8	CCACCGCCC	TTCCCACCTCC	-
19-CCACCGCCC	E2F7_HUMAN.H11MO.0.B	3	0.0119942	9.22356	0.33809	9	CCACCGCCC	CCTTTCCCGCCCC	-
19-CCACCGCCC	ZIC4_HUMAN.H11MO.0.D	-1	0.0121754	9.36286	0.33809	8	CCACCGCCC	GACCCCCCGCTGTGC	-
19-CCACCGCCC	XBP1_HUMAN.H11MO.0.D	1	0.0130836	10.0613	0.356705	9	CCACCGCCC	GCCACGTCAGC	-
19-CCACCGCCC	ZBTB6_HUMAN.H11MO.0.C	5	0.013332	10.2523	0.356986	8	CCACCGCCC	CGGCTCCAGCACC	-
19-CCACCGCCC	ZN784_HUMAN.H11MO.0.D	0	0.013786	10.6014	0.357491	9	CCACCGCCC	GTACCTACCTC	-
19-CCACCGCCC	TFDP1_HUMAN.H11MO.0.C	5	0.0139368	10.7174	0.357491	9	CCACCGCCC	TTTTCCCGCCCCCC	-
19-CCACCGCCC	ZBTB4_HUMAN.H11MO.1.D	3	0.0142871	10.9868	0.357491	9	CCACCGCCC	CCACCACCGCTATTG	-
19-CCACCGCCC	GLI1_HUMAN.H11MO.0.D	0	0.0145429	11.1835	0.357491	9	CCACCGCCC	AGACCACCCAGG	-
19-CCACCGCCC	ARNT2_HUMAN.H11MO.0.D	5	0.0145429	11.1835	0.357491	7	CCACCGCCC	GCCTCCCACGCC	-
19-CCACCGCCC	MYBA_HUMAN.H11MO.0.D	4	0.0150622	11.5828	0.364284	9	CCACCGCCC	TCTCCAACTGCCACT	-
19-CCACCGCCC	KLF8_HUMAN.H11MO.0.C	-1	0.0156194	12.0113	0.371765	8	CCACCGCCC	CACCCCCTG	-
19-CCACCGCCC	MBD2_HUMAN.H11MO.0.B	0	0.0178449	13.7227	0.418098	9	CCACCGCCC	CCTCCGGCCCC	-
19-CCACCGCCC	ZSC31_HUMAN.H11MO.0.C	2	0.018524	14.245	0.420247	9	CCACCGCCC	CATAACTGCCCTGCTGCC	-
19-CCACCGCCC	AP2B_HUMAN.H11MO.0.B	2	0.0187563	14.4236	0.420247	8	CCACCGCCC	GCCCCCGGGC	-
19-CCACCGCCC	TYY2_HUMAN.H11MO.0.D	-2	0.0187774	14.4398	0.420247	7	CCACCGCCC	GCCGCCATTTT	-
19-CCACCGCCC	ZBT17_HUMAN.H11MO.0.A	8	0.0201769	15.5161	0.438482	9	CCACCGCCC	CTTCCCCTCCCCCACCCTC	-
19-CCACCGCCC	E2F6_HUMAN.H11MO.0.A	3	0.020177	15.5161	0.438482	9	CCACCGCCC	CCCTTCCCGCCCC	-
19-CCACCGCCC	E2F1_HUMAN.H11MO.0.A	2	0.021103	16.2282	0.452054	9	CCACCGCCC	CTTTCCCGCCCCCC	-
19-CCACCGCCC	VEZF1_HUMAN.H11MO.1.C	0	0.0219058	16.8455	0.462427	9	CCACCGCCC	CCCCCTCCCCCT	-
19-CCACCGCCC	AP2D_HUMAN.H11MO.0.D	5	0.022204	17.0749	0.462427	9	CCACCGCCC	ACGCGCCTCGGGCG	-
19-CCACCGCCC	VEZF1_HUMAN.H11MO.0.C	5	0.0238389	18.3321	0.489675	9	CCACCGCCC	CCCCTCCCCCTCCCCCCTCCCC	-
21-CCAACTTCC	EHF_HUMAN.H11MO.0.B	0	0.000666812	0.512779	0.321908	9	CCAACTTCC	GCCACTTCCTGGTTC	-
21-CCAACTTCC	ZBTB4_HUMAN.H11MO.0.D	1	0.0009666	0.743315	0.321908	9	CCAACTTCC	CCCACCTGCCATCTAGG	-
21-CCAACTTCC	ELK1_HUMAN.H11MO.0.B	-1	0.00097178	0.747299	0.321908	8	CCAACTTCC	CCACTTCCGGT	-
21-CCAACTTCC	ETS1_HUMAN.H11MO.0.A	-1	0.00108961	0.837908	0.321908	8	CCAACTTCC	CCACTTCCTGTCT	-
21-CCAACTTCC	ELF2_HUMAN.H11MO.0.C	-1	0.00159978	1.23023	0.321908	8	CCAACTTCC	CCACTTCCGGGTT	-
21-CCAACTTCC	ELF3_HUMAN.H11MO.0.A	-1	0.00188137	1.44677	0.321908	8	CCAACTTCC	CCACTTCCTGGTTC	-
21-CCAACTTCC	GABPA_HUMAN.H11MO.0.A	-1	0.00200333	1.54056	0.321908	8	CCAACTTCC	CCACTTCCGGTTCC	-
21-CCAACTTCC	ELF1_HUMAN.H11MO.0.A	-1	0.00213267	1.64002	0.321908	8	CCAACTTCC	CCACTTCCGGGTTC	-
21-CCAACTTCC	ELK4_HUMAN.H11MO.0.A	-1	0.00231325	1.77889	0.321908	8	CCAACTTCC	CCACTTCCGGTC	-
21-CCAACTTCC	SPI1_HUMAN.H11MO.0.A	1	0.0024044	1.84898	0.321908	9	CCAACTTCC	TTTCACTTCCTCTTTTT	-
21-CCAACTTCC	ETV2_HUMAN.H11MO.0.B	0	0.00244431	1.87967	0.321908	9	CCAACTTCC	CCCACTTCCTGTTTCC	-
21-CCAACTTCC	ERG_HUMAN.H11MO.0.A	-1	0.00279688	2.1508	0.321908	8	CCAACTTCC	CCACTTCCTGCCC	-
21-CCAACTTCC	FLI1_HUMAN.H11MO.0.A	2	0.00282486	2.17231	0.321908	9	CCAACTTCC	TCCCTCCTTCCTTCCTCC	-
21-CCAACTTCC	ELF5_HUMAN.H11MO.0.A	-1	0.00295012	2.26864	0.321908	8	CCAACTTCC	CCACTTCCTCCTTCC	-
21-CCAACTTCC	PTF1A_HUMAN.H11MO.1.B	0	0.00360628	2.77323	0.353326	9	CCAACTTCC	CCAGCTGCT	-
21-CCAACTTCC	ETV5_HUMAN.H11MO.0.C	0	0.00370062	2.84578	0.353326	9	CCAACTTCC	CTCACTTCCTGCTC	-
21-CCAACTTCC	FLI1_HUMAN.H11MO.1.A	-1	0.00425458	3.27177	0.382293	8	CCAACTTCC	CCACTTCCTGCCT	-
21-CCAACTTCC	MYBA_HUMAN.H11MO.0.D	3	0.00450451	3.46397	0.382293	9	CCAACTTCC	TCTCCAACTGCCACT	-
21-CCAACTTCC	SPIB_HUMAN.H11MO.0.A	1	0.00565458	4.34837	0.435943	9	CCAACTTCC	TTTCACTTCCTCTTTTT	-
21-CCAACTTCC	ETV7_HUMAN.H11MO.0.D	-4	0.00596489	4.587	0.435943	5	CCAACTTCC	CTTCCTG	-
21-CCAACTTCC	ETV1_HUMAN.H11MO.0.A	-2	0.00599278	4.60844	0.435943	7	CCAACTTCC	CACTTCCGGCC	-
21-CCAACTTCC	ITF2_HUMAN.H11MO.0.C	1	0.00671057	5.16043	0.465969	9	CCAACTTCC	CCCAGCTGCC	-
23-AAGAAGCTGA	PTF1A_HUMAN.H11MO.1.B	-1	0.000236186	0.181627	0.345103	9	AAGAAGCTGA	AGCAGCTGG	+
23-AAGAAGCTGA	ASCL2_HUMAN.H11MO.0.D	-1	0.000531139	0.408446	0.345103	9	AAGAAGCTGA	AGCAGCTGG	-
23-AAGAAGCTGA	BHA15_HUMAN.H11MO.0.B	1	0.000855639	0.657986	0.345103	10	AAGAAGCTGA	GCAGCAGCTGG	+
23-AAGAAGCTGA	MYF6_HUMAN.H11MO.0.C	-2	0.000902052	0.693678	0.345103	7	AAGAAGCTGA	GCAGCTG	-
24-CTGTCAGAGA	MEIS1_HUMAN.H11MO.1.B	1	5.0123e-05	0.0385446	0.0714327	8	CTGTCAGAGA	GCTGTCAGC	-
24-CTGTCAGAGA	TGIF1_HUMAN.H11MO.0.A	1	9.29093e-05	0.0714472	0.0714327	6	CTGTCAGAGA	GCTGTCA	-
24-CTGTCAGAGA	MEIS3_HUMAN.H11MO.0.D	3	0.000149294	0.114807	0.0765225	8	CTGTCAGAGA	CACCTGTCAAA	-
24-CTGTCAGAGA	TGIF2_HUMAN.H11MO.0.D	4	0.000556813	0.428189	0.20168	7	CTGTCAGAGA	ACAGCTGTCAT	-
24-CTGTCAGAGA	MEIS2_HUMAN.H11MO.0.B	6	0.000655791	0.504303	0.20168	7	CTGTCAGAGA	TGACAGCTGTCAA	-
24-CTGTCAGAGA	TF2LX_HUMAN.H11MO.0.D	5	0.0013879	1.06729	0.355693	10	CTGTCAGAGA	GACAGCTGTCATAGT	-
25-CCCCGCACCC	SP1_HUMAN.H11MO.0.A	11	8.64851e-06	0.00665071	0.00755635	10	CCCCGCACCC	CCCCCCCCCGGCCCCGCCCCCC	-
25-CCCCGCACCC	SP1_HUMAN.H11MO.1.A	3	1.00114e-05	0.00769878	0.00755635	10	CCCCGCACCC	CGGCCCCGCCCCCC	-
25-CCCCGCACCC	KLF12_HUMAN.H11MO.0.C	1	4.06277e-05	0.0312427	0.0204432	10	CCCCGCACCC	GCCCCGCCCCT	-
25-CCCCGCACCC	KLF9_HUMAN.H11MO.0.C	2	0.000103974	0.0799562	0.0312058	10	CCCCGCACCC	GGCCACGCCCCCTCC	-
25-CCCCGCACCC	ZN281_HUMAN.H11MO.0.A	1	0.000128205	0.0985899	0.0312058	10	CCCCGCACCC	TCCCCTCCCCCACCC	-
25-CCCCGCACCC	SP2_HUMAN.H11MO.1.B	1	0.000139325	0.107141	0.0312058	10	CCCCGCACCC	GCCCCGCCCCCT	-
25-CCCCGCACCC	KLF14_HUMAN.H11MO.0.D	1	0.000144706	0.111279	0.0312058	10	CCCCGCACCC	GCCACGCCCCCCT	-
25-CCCCGCACCC	ZN148_HUMAN.H11MO.0.D	0	0.00019344	0.148755	0.0365009	10	CCCCGCACCC	CCCCTCCCCCACCCC	-
25-CCCCGCACCC	EGR4_HUMAN.H11MO.0.D	1	0.000275935	0.212194	0.0423555	10	CCCCGCACCC	GCCCTGCCGCC	-
25-CCCCGCACCC	KLF5_HUMAN.H11MO.0.A	3	0.000280584	0.215769	0.0423555	10	CCCCGCACCC	CCCAGCCCCACCCT	-
25-CCCCGCACCC	ZN524_HUMAN.H11MO.0.D	0	0.00034327	0.263975	0.043686	10	CCCCGCACCC	ACTCGAACCCTCGAACCC	-
25-CCCCGCACCC	SP2_HUMAN.H11MO.0.A	7	0.000347278	0.267056	0.043686	10	CCCCGCACCC	CCCCCGGCCCCGCCCCCCCCCC	-
25-CCCCGCACCC	SP3_HUMAN.H11MO.0.B	6	0.000414288	0.318588	0.0477515	10	CCCCGCACCC	CCCCGGCCCCGCCCCCCCCC	-
25-CCCCGCACCC	KLF4_HUMAN.H11MO.0.A	-1	0.000442862	0.340561	0.0477515	9	CCCCGCACCC	GCCACACCCT	-
25-CCCCGCACCC	KLF16_HUMAN.H11MO.0.D	7	0.000493014	0.379128	0.0496152	10	CCCCGCACCC	CCCCCCCCCCCCCGCCCCC	-
25-CCCCGCACCC	KLF3_HUMAN.H11MO.0.B	5	0.000561578	0.431854	0.0529831	10	CCCCGCACCC	CCCGGCCCCGCCCCTCCCC	-
25-CCCCGCACCC	SP4_HUMAN.H11MO.1.A	3	0.000634294	0.487772	0.0563233	10	CCCCGCACCC	CGGCCCCGCCCCCTCC	-
25-CCCCGCACCC	KLF13_HUMAN.H11MO.0.D	-1	0.00096505	0.742123	0.0809327	9	CCCCGCACCC	CACGCCCCCCT	-
25-CCCCGCACCC	MAZ_HUMAN.H11MO.1.A	1	0.00108837	0.83696	0.0864712	10	CCCCGCACCC	CCCCCTCCCTC	-
25-CCCCGCACCC	KLF1_HUMAN.H11MO.0.A	3	0.00119533	0.919211	0.0902206	10	CCCCGCACCC	CCCGGCCCCGCCCC	-
25-CCCCGCACCC	E2F4_HUMAN.H11MO.0.A	3	0.00126464	0.972504	0.0909061	10	CCCCGCACCC	ATTTCCCGCCCCC	-
25-CCCCGCACCC	GLIS3_HUMAN.H11MO.0.D	2	0.00134065	1.03096	0.0919897	8	CCCCGCACCC	TACCCCCCAC	-
25-CCCCGCACCC	GCM2_HUMAN.H11MO.0.D	2	0.00164655	1.2662	0.106934	9	CCCCGCACCC	ATACCCGCATC	-
25-CCCCGCACCC	GLIS1_HUMAN.H11MO.0.D	3	0.00170012	1.30739	0.106934	10	CCCCGCACCC	AGACCCCCCACGA	-
25-CCCCGCACCC	ZN423_HUMAN.H11MO.0.D	-4	0.00177229	1.36289	0.107014	6	CCCCGCACCC	GCACCCTTGGGTGCC	-
25-CCCCGCACCC	SP4_HUMAN.H11MO.0.A	5	0.00213253	1.63991	0.123813	10	CCCCGCACCC	CCCGGCCCCGCCCCCTTCCC	-
25-CCCCGCACCC	TBX15_HUMAN.H11MO.0.D	-1	0.00233583	1.79626	0.125712	9	CCCCGCACCC	CCCCCACCCCCCCCCCCCC	-
25-CCCCGCACCC	ZN320_HUMAN.H11MO.0.C	8	0.00240239	1.84744	0.125712	10	CCCCGCACCC	CACTGGCCCCCTGGTCCCAC	-
25-CCCCGCACCC	EGR2_HUMAN.H11MO.1.A	1	0.00241505	1.85717	0.125712	10	CCCCGCACCC	CCCCCGCCCACGCCCC	-
25-CCCCGCACCC	EGR2_HUMAN.H11MO.0.A	6	0.00284698	2.18933	0.143255	10	CCCCGCACCC	CCCCTCCCACACCCCCCC	-
25-CCCCGCACCC	ZBT14_HUMAN.H11MO.0.C	0	0.00296997	2.28391	0.143421	9	CCCCGCACCC	GCGCGCTCC	-
25-CCCCGCACCC	TBX1_HUMAN.H11MO.0.D	0	0.00304029	2.33799	0.143421	10	CCCCGCACCC	CCGCCCACCCCTGCCCACCC	-
25-CCCCGCACCC	EGR1_HUMAN.H11MO.0.A	7	0.00362034	2.78404	0.165608	10	CCCCGCACCC	CCCCCGCCCACGCCCTC	-
25-CCCCGCACCC	ZN219_HUMAN.H11MO.0.D	1	0.0038181	2.93612	0.169518	10	CCCCGCACCC	TCCGCCCCCCTC	-
25-CCCCGCACCC	SALL4_HUMAN.H11MO.0.B	-3	0.00400089	3.07669	0.172558	7	CCCCGCACCC	CCCACCCTCC	-
25-CCCCGCACCC	ZN740_HUMAN.H11MO.0.D	-1	0.00476144	3.66155	0.199656	9	CCCCGCACCC	CCCACCCCCCCCCC	-
25-CCCCGCACCC	E2F1_HUMAN.H11MO.0.A	3	0.00592226	4.55422	0.24162	10	CCCCGCACCC	CTTTCCCGCCCCCC	-
25-CCCCGCACCC	KLF6_HUMAN.H11MO.0.A	7	0.00689969	5.30586	0.271005	10	CCCCGCACCC	CCCCCGGCCCCGCCCTTCC	-
25-CCCCGCACCC	AHR_HUMAN.H11MO.0.B	0	0.00700156	5.3842	0.271005	9	CCCCGCACCC	GCACGCAAC	-
25-CCCCGCACCC	TFDP1_HUMAN.H11MO.0.C	3	0.00734126	5.64543	0.27705	10	CCCCGCACCC	TTTTCCCGCCCCCC	-
25-CCCCGCACCC	ZBT17_HUMAN.H11MO.0.A	3	0.00955055	7.34437	0.343262	10	CCCCGCACCC	CTTCCCCTCCCCCACCCTC	-
25-CCCCGCACCC	GLIS2_HUMAN.H11MO.0.D	4	0.0100685	7.74271	0.346803	10	CCCCGCACCC	GACCCCCCGCGAAG	-
25-CCCCGCACCC	GLI2_HUMAN.H11MO.0.D	3	0.0101085	7.77347	0.346803	8	CCCCGCACCC	AGACCACCCAC	-
25-CCCCGCACCC	HIC1_HUMAN.H11MO.0.C	-2	0.0120518	9.26783	0.403011	8	CCCCGCACCC	GGGCAACCC	-
25-CCCCGCACCC	NR2C2_HUMAN.H11MO.0.B	3	0.0122808	9.44396	0.403011	9	CCCCGCACCC	TGACCCGGAACC	-
25-CCCCGCACCC	CTCFL_HUMAN.H11MO.0.A	0	0.0133134	10.238	0.41919	10	CCCCGCACCC	CGGCGCCCCCTGGCGGC	-
25-CCCCGCACCC	WT1_HUMAN.H11MO.0.C	6	0.0135406	10.4127	0.41919	10	CCCCGCACCC	CCCCCCCTCCTCCCCCGCCC	-
25-CCCCGCACCC	EGR3_HUMAN.H11MO.0.D	0	0.0137367	10.5635	0.41919	10	CCCCGCACCC	ACACCCACTCT	-
25-CCCCGCACCC	KLF8_HUMAN.H11MO.0.C	-3	0.014121	10.859	0.41919	7	CCCCGCACCC	CACCCCCTG	-
25-CCCCGCACCC	MAZ_HUMAN.H11MO.0.A	6	0.0141623	10.8908	0.41919	10	CCCCGCACCC	CCCCCCCCCCCCCCCCTCCCCC	-
25-CCCCGCACCC	MESP1_HUMAN.H11MO.0.D	-1	0.015191	11.6819	0.432671	9	CCCCGCACCC	TCCACACCTGC	-
25-CCCCGCACCC	TBX3_HUMAN.H11MO.0.C	-1	0.015191	11.6819	0.432671	9	CCCCGCACCC	TTCCCACCTCC	-
25-CCCCGCACCC	ZSC31_HUMAN.H11MO.0.C	8	0.0154999	11.9194	0.433293	10	CCCCGCACCC	CATAACTGCCCTGCTGCC	-
25-CCCCGCACCC	INSM1_HUMAN.H11MO.0.C	-3	0.0158009	12.1509	0.433676	7	CCCCGCACCC	TGCCCCCTGACA	-
25-CCCCGCACCC	KLF15_HUMAN.H11MO.0.A	5	0.0161323	12.4057	0.434866	10	CCCCGCACCC	CCCCCCCCTGCTCCTCCCC	-
25-CCCCGCACCC	ZIC1_HUMAN.H11MO.0.B	-2	0.016512	12.6977	0.437291	8	CCCCGCACCC	GACCACCCC	-
25-CCCCGCACCC	GLI1_HUMAN.H11MO.0.D	3	0.0174521	13.4207	0.451314	9	CCCCGCACCC	AGACCACCCAGG	-
25-CCCCGCACCC	GLI3_HUMAN.H11MO.0.B	3	0.0176394	13.5647	0.451314	8	CCCCGCACCC	GGACCACCCAG	-
25-CCCCGCACCC	PURA_HUMAN.H11MO.0.D	0	0.0180796	13.9032	0.454867	10	CCCCGCACCC	CCCTGCCCCCCCCTTCC	-
25-CCCCGCACCC	MBD2_HUMAN.H11MO.0.B	1	0.0194673	14.9704	0.481752	10	CCCCGCACCC	CCTCCGGCCCC	-
25-CCCCGCACCC	PATZ1_HUMAN.H11MO.1.C	-2	0.0202777	15.5935	0.489881	8	CCCCGCACCC	CCCCTCCCT	-
25-CCCCGCACCC	WT1_HUMAN.H11MO.1.B	-1	0.0204449	15.7221	0.489881	9	CCCCGCACCC	CCTCCTCCCAC	-
25-CCCCGCACCC	E2F7_HUMAN.H11MO.0.B	4	0.0211536	16.2671	0.492015	9	CCCCGCACCC	CCTTTCCCGCCCC	-
25-CCCCGCACCC	ZBT48_HUMAN.H11MO.0.C	-1	0.0212385	16.3324	0.492015	9	CCCCGCACCC	CACGGTCCCTAA	-
25-CCCCGCACCC	ZF64A_HUMAN.H11MO.0.D	4	0.0218377	16.7932	0.492015	10	CCCCGCACCC	GGGGCCCGGGAACCTG	+
25-CCCCGCACCC	TAF1_HUMAN.H11MO.0.A	1	0.0218377	16.7932	0.492015	10	CCCCGCACCC	CCGCCGCCGCCATCTT	-
25-CCCCGCACCC	PATZ1_HUMAN.H11MO.0.C	7	0.0225186	17.3168	0.493026	10	CCCCGCACCC	CCTCCCCCCCCGCCCCCTCCCC	-
25-CCCCGCACCC	ZN770_HUMAN.H11MO.1.C	0	0.0225357	17.33	0.493026	10	CCCCGCACCC	CTCAGCCTCCC	-
27-CCCCACGCCC	KLF14_HUMAN.H11MO.0.D	-1	3.09359e-05	0.0237897	0.0464975	9	CCCCACGCCC	GCCACGCCCCCCT	-
27-CCCCACGCCC	ZN281_HUMAN.H11MO.0.A	1	9.31902e-05	0.0716633	0.0700338	10	CCCCACGCCC	TCCCCTCCCCCACCC	-
27-CCCCACGCCC	KLF9_HUMAN.H11MO.0.C	0	0.000216217	0.166271	0.0875773	10	CCCCACGCCC	GGCCACGCCCCCTCC	-
27-CCCCACGCCC	KLF4_HUMAN.H11MO.0.A	-1	0.00023384	0.179823	0.0875773	9	CCCCACGCCC	GCCACACCCT	-
27-CCCCACGCCC	SP2_HUMAN.H11MO.1.B	1	0.00034967	0.268896	0.0875773	10	CCCCACGCCC	GCCCCGCCCCCT	-
27-CCCCACGCCC	ZN148_HUMAN.H11MO.0.D	0	0.000395689	0.304285	0.0875773	10	CCCCACGCCC	CCCCTCCCCCACCCC	-
27-CCCCACGCCC	KLF12_HUMAN.H11MO.0.C	-1	0.00040787	0.313652	0.0875773	9	CCCCACGCCC	GCCCCGCCCCT	-
27-CCCCACGCCC	KLF16_HUMAN.H11MO.0.D	7	0.000516923	0.397513	0.0948017	10	CCCCACGCCC	CCCCCCCCCCCCCGCCCCC	-
27-CCCCACGCCC	KLF1_HUMAN.H11MO.0.A	3	0.000567664	0.436533	0.0948017	10	CCCCACGCCC	CCCGGCCCCGCCCC	-
27-CCCCACGCCC	TBX15_HUMAN.H11MO.0.D	1	0.000672227	0.516942	0.0961552	10	CCCCACGCCC	CCCCCACCCCCCCCCCCCC	-
27-CCCCACGCCC	ARNT2_HUMAN.H11MO.0.D	3	0.000751223	0.577691	0.0961552	9	CCCCACGCCC	GCCTCCCACGCC	-
27-CCCCACGCCC	SP1_HUMAN.H11MO.1.A	1	0.000830052	0.63831	0.0961552	10	CCCCACGCCC	CGGCCCCGCCCCCC	-
27-CCCCACGCCC	GLIS1_HUMAN.H11MO.0.D	5	0.000831665	0.639551	0.0961552	8	CCCCACGCCC	AGACCCCCCACGA	-
27-CCCCACGCCC	EGR1_HUMAN.H11MO.0.A	5	0.000915523	0.704037	0.0981037	10	CCCCACGCCC	CCCCCGCCCACGCCCTC	-
27-CCCCACGCCC	EGR4_HUMAN.H11MO.0.D	1	0.000981225	0.754562	0.0981037	10	CCCCACGCCC	GCCCTGCCGCC	-
27-CCCCACGCCC	EGR2_HUMAN.H11MO.1.A	5	0.00104433	0.80309	0.0981037	10	CCCCACGCCC	CCCCCGCCCACGCCCC	-
27-CCCCACGCCC	SP1_HUMAN.H11MO.0.A	4	0.00126278	0.971075	0.111647	10	CCCCACGCCC	CCCCCCCCCGGCCCCGCCCCCC	-
27-CCCCACGCCC	KLF5_HUMAN.H11MO.0.A	3	0.00135863	1.04479	0.113448	10	CCCCACGCCC	CCCAGCCCCACCCT	-
27-CCCCACGCCC	SP4_HUMAN.H11MO.1.A	3	0.00151159	1.16241	0.119577	10	CCCCACGCCC	CGGCCCCGCCCCCTCC	-
27-CCCCACGCCC	ZN320_HUMAN.H11MO.0.C	7	0.00167388	1.28722	0.125795	10	CCCCACGCCC	CACTGGCCCCCTGGTCCCAC	-
27-CCCCACGCCC	KLF3_HUMAN.H11MO.0.B	3	0.00195902	1.50649	0.137335	10	CCCCACGCCC	CCCGGCCCCGCCCCTCCCC	-
27-CCCCACGCCC	MAZ_HUMAN.H11MO.1.A	1	0.00201018	1.54583	0.137335	10	CCCCACGCCC	CCCCCTCCCTC	-
27-CCCCACGCCC	SP2_HUMAN.H11MO.0.A	7	0.00220995	1.69945	0.144418	10	CCCCACGCCC	CCCCCGGCCCCGCCCCCCCCCC	-
27-CCCCACGCCC	EGR2_HUMAN.H11MO.0.A	6	0.00240582	1.85008	0.150668	10	CCCCACGCCC	CCCCTCCCACACCCCCCC	-
27-CCCCACGCCC	GLIS3_HUMAN.H11MO.0.D	2	0.00296608	2.28091	0.174295	8	CCCCACGCCC	TACCCCCCAC	-
27-CCCCACGCCC	HIF1A_HUMAN.H11MO.0.C	-2	0.00301502	2.31855	0.174295	8	CCCCACGCCC	GCACGTCC	-
27-CCCCACGCCC	ATF6A_HUMAN.H11MO.0.B	-2	0.0031338	2.40989	0.174434	8	CCCCACGCCC	CCACGTCACCAC	-
27-CCCCACGCCC	SP3_HUMAN.H11MO.0.B	6	0.00324954	2.4989	0.174434	10	CCCCACGCCC	CCCCGGCCCCGCCCCCCCCC	-
27-CCCCACGCCC	ZBT17_HUMAN.H11MO.0.A	3	0.00399091	3.06901	0.200008	10	CCCCACGCCC	CTTCCCCTCCCCCACCCTC	-
27-CCCCACGCCC	XBP1_HUMAN.H11MO.0.D	-1	0.00399209	3.06992	0.200008	9	CCCCACGCCC	GCCACGTCAGC	-
27-CCCCACGCCC	KLF13_HUMAN.H11MO.0.D	-3	0.00446233	3.43153	0.212586	7	CCCCACGCCC	CACGCCCCCCT	-
27-CCCCACGCCC	ZIC4_HUMAN.H11MO.0.D	2	0.00452602	3.48051	0.212586	10	CCCCACGCCC	GACCCCCCGCTGTGC	-
27-CCCCACGCCC	MAZ_HUMAN.H11MO.0.A	12	0.00506976	3.89865	0.228479	10	CCCCACGCCC	CCCCCCCCCCCCCCCCTCCCCC	-
27-CCCCACGCCC	WT1_HUMAN.H11MO.0.C	6	0.00516842	3.97451	0.228479	10	CCCCACGCCC	CCCCCCCTCCTCCCCCGCCC	-
27-CCCCACGCCC	GLIS2_HUMAN.H11MO.0.D	4	0.00544949	4.19066	0.234022	10	CCCCACGCCC	GACCCCCCGCGAAG	-
27-CCCCACGCCC	EGR3_HUMAN.H11MO.0.D	2	0.00587302	4.51635	0.240444	9	CCCCACGCCC	ACACCCACTCT	-
27-CCCCACGCCC	ARNT_HUMAN.H11MO.0.B	-1	0.00591899	4.5517	0.240444	9	CCCCACGCCC	GGCACGTAC	-
27-CCCCACGCCC	KLF6_HUMAN.H11MO.0.A	5	0.00629299	4.83931	0.248909	10	CCCCACGCCC	CCCCCGGCCCCGCCCTTCC	-
27-CCCCACGCCC	TBX1_HUMAN.H11MO.0.D	2	0.00685473	5.27129	0.25957	10	CCCCACGCCC	CCGCCCACCCCTGCCCACCC	-
27-CCCCACGCCC	MXI1_HUMAN.H11MO.1.A	-1	0.00690792	5.31219	0.25957	9	CCCCACGCCC	CCCACGTGCTC	+
27-CCCCACGCCC	ZN740_HUMAN.H11MO.0.D	5	0.00716182	5.50744	0.262547	9	CCCCACGCCC	CCCACCCCCCCCCC	-
27-CCCCACGCCC	E2F4_HUMAN.H11MO.0.A	3	0.00749183	5.76122	0.268106	10	CCCCACGCCC	ATTTCCCGCCCCC	-
27-CCCCACGCCC	AP2C_HUMAN.H11MO.0.A	3	0.00797675	6.13412	0.274932	10	CCCCACGCCC	TGGCCTCAGGGCAT	-
27-CCCCACGCCC	PROX1_HUMAN.H11MO.0.D	2	0.00804841	6.18923	0.274932	10	CCCCACGCCC	CCCAACCCGCCTTACCC	-
27-CCCCACGCCC	AHR_HUMAN.H11MO.0.B	-2	0.00828408	6.37046	0.276694	8	CCCCACGCCC	GCACGCAAC	-
27-CCCCACGCCC	SP4_HUMAN.H11MO.0.A	5	0.00855617	6.5797	0.279569	10	CCCCACGCCC	CCCGGCCCCGCCCCCTTCCC	-
27-CCCCACGCCC	CREB3_HUMAN.H11MO.0.D	0	0.0087921	6.76113	0.281166	10	CCCCACGCCC	TGCCACGTCACCA	-
27-CCCCACGCCC	KLF8_HUMAN.H11MO.0.C	-3	0.00925015	7.11337	0.284346	7	CCCCACGCCC	CACCCCCTG	-
27-CCCCACGCCC	CR3L2_HUMAN.H11MO.0.D	0	0.0092699	7.12855	0.284346	10	CCCCACGCCC	TGCCACGTCATCA	-
27-CCCCACGCCC	NR0B1_HUMAN.H11MO.0.D	2	0.00996821	7.66556	0.299651	8	CCCCACGCCC	TCTCCCACGC	-
27-CCCCACGCCC	EPAS1_HUMAN.H11MO.0.B	-1	0.0108963	8.37928	0.321128	9	CCCCACGCCC	GGCACGTAC	-
27-CCCCACGCCC	SALL4_HUMAN.H11MO.0.B	-1	0.0116698	8.97407	0.337309	9	CCCCACGCCC	CCCACCCTCC	-
27-CCCCACGCCC	SRBP2_HUMAN.H11MO.0.B	5	0.0120391	9.2581	0.341419	8	CCCCACGCCC	CCTCACCCCACCC	-
27-CCCCACGCCC	SUH_HUMAN.H11MO.0.A	2	0.0123267	9.47927	0.343101	9	CCCCACGCCC	TTTCCCACGCC	-
27-CCCCACGCCC	ZN219_HUMAN.H11MO.0.D	-1	0.0127876	9.83366	0.349457	9	CCCCACGCCC	TCCGCCCCCCTC	-
27-CCCCACGCCC	AP2B_HUMAN.H11MO.0.B	0	0.0136375	10.4872	0.366028	10	CCCCACGCCC	GCCCCCGGGC	-
27-CCCCACGCCC	KLF15_HUMAN.H11MO.0.A	3	0.015772	12.1286	0.401531	10	CCCCACGCCC	CCCCCCCCTGCTCCTCCCC	-
27-CCCCACGCCC	PLAL1_HUMAN.H11MO.0.D	3	0.0159079	12.2332	0.401531	7	CCCCACGCCC	GGGCCCCCCG	-
27-CCCCACGCCC	HEY2_HUMAN.H11MO.0.D	3	0.0160289	12.3262	0.401531	10	CCCCACGCCC	TAATGCCACGTGCCCCC	-
27-CCCCACGCCC	ZBTB4_HUMAN.H11MO.0.D	-1	0.0160289	12.3262	0.401531	9	CCCCACGCCC	CCCACCTGCCATCTAGG	-
27-CCCCACGCCC	MYC_HUMAN.H11MO.0.A	-1	0.0175937	13.5295	0.433506	9	CCCCACGCCC	GCCACGTGCTC	+
27-CCCCACGCCC	MTF1_HUMAN.H11MO.0.C	5	0.0196629	15.1207	0.476676	10	CCCCACGCCC	GTTTTGCACACGGCACT	-
27-CCCCACGCCC	HES5_HUMAN.H11MO.0.D	0	0.0201301	15.48	0.480256	10	CCCCACGCCC	CGGCACGTGCCA	-
27-CCCCACGCCC	AP2A_HUMAN.H11MO.0.A	4	0.0210593	16.1946	0.494574	10	CCCCACGCCC	ATGGCCTCAGGGCAT	-
27-CCCCACGCCC	MAX_HUMAN.H11MO.0.A	-2	0.0215267	16.554	0.496858	8	CCCCACGCCC	CCACGTGCTC	-
27-CCCCACGCCC	HES1_HUMAN.H11MO.0.D	1	0.0220614	16.9652	0.496858	10	CCCCACGCCC	CCGCCACGAGCCC	+
27-CCCCACGCCC	HEY1_HUMAN.H11MO.0.D	0	0.0233309	17.9414	0.496858	10	CCCCACGCCC	CGACACGTGCCA	-
27-CCCCACGCCC	MYCN_HUMAN.H11MO.0.A	0	0.0233309	17.9414	0.496858	10	CCCCACGCCC	GCCCACGTGGCC	-
27-CCCCACGCCC	TFDP1_HUMAN.H11MO.0.C	3	0.0234706	18.0489	0.496858	10	CCCCACGCCC	TTTTCCCGCCCCCC	-
27-CCCCACGCCC	BHE40_HUMAN.H11MO.0.A	-1	0.0237709	18.2798	0.496858	9	CCCCACGCCC	GTCACGTGCC	-
27-CCCCACGCCC	ZF64A_HUMAN.H11MO.0.D	5	0.0238011	18.303	0.496858	10	CCCCACGCCC	CAGGTTCCCGGGCCCC	-
27-CCCCACGCCC	HINFP_HUMAN.H11MO.0.C	-2	0.0238011	18.303	0.496858	8	CCCCACGCCC	TAACGTCCGCTAGCGC	-
28-CAGCCGGGAG	ZN331_HUMAN.H11MO.0.C	9	0.000115993	0.0891987	0.177662	10	CAGCCGGGAG	GGCTGGGCTCAGCTGGGTGG	+
28-CAGCCGGGAG	ZIC3_HUMAN.H11MO.0.B	3	0.000276835	0.212886	0.212008	10	CAGCCGGGAG	TCACAGCAGGGGGCC	-
28-CAGCCGGGAG	ZIC4_HUMAN.H11MO.0.D	3	0.000436462	0.33564	0.222837	10	CAGCCGGGAG	GCACAGCGGGGGGTC	+
28-CAGCCGGGAG	ZIC2_HUMAN.H11MO.0.D	3	0.00063848	0.490991	0.244483	10	CAGCCGGGAG	TCACAGCAGGGGGCC	-
28-CAGCCGGGAG	GABPA_HUMAN.H11MO.0.A	1	0.00322078	2.47678	0.491075	10	CAGCCGGGAG	GGAACCGGAAGTGG	+
28-CAGCCGGGAG	ETV1_HUMAN.H11MO.0.A	-1	0.0033713	2.59253	0.491075	9	CAGCCGGGAG	GGCCGGAAGTG	+
28-CAGCCGGGAG	ELF2_HUMAN.H11MO.0.C	0	0.00375255	2.88571	0.491075	10	CAGCCGGGAG	AACCCGGAAGTGG	+
28-CAGCCGGGAG	ELK4_HUMAN.H11MO.0.A	-1	0.00397408	3.05607	0.491075	9	CAGCCGGGAG	GACCGGAAGTGG	+
28-CAGCCGGGAG	MECP2_HUMAN.H11MO.0.C	-2	0.00409362	3.14799	0.491075	7	CAGCCGGGAG	CCCGGAG	+
28-CAGCCGGGAG	PTF1A_HUMAN.H11MO.1.B	2	0.0041049	3.15667	0.491075	7	CAGCCGGGAG	AGCAGCTGG	+
28-CAGCCGGGAG	ZSC31_HUMAN.H11MO.0.C	2	0.004289	3.29824	0.491075	10	CAGCCGGGAG	GGCAGCAGGGCAGTTATG	+
28-CAGCCGGGAG	E2F6_HUMAN.H11MO.0.A	0	0.00442282	3.40115	0.491075	10	CAGCCGGGAG	GGGGCGGGAAGGG	+
28-CAGCCGGGAG	E2F1_HUMAN.H11MO.0.A	2	0.00448863	3.45176	0.491075	10	CAGCCGGGAG	GGGGGGCGGGAAAG	+
28-CAGCCGGGAG	TFDP1_HUMAN.H11MO.0.C	2	0.00448863	3.45176	0.491075	10	CAGCCGGGAG	GGGGGGCGGGAAAA	+
30-ACCTCGCCCG	KLF12_HUMAN.H11MO.0.C	0	0.000562541	0.432594	0.440706	10	ACCTCGCCCG	GCCCCGCCCCT	-
30-ACCTCGCCCG	KLF4_HUMAN.H11MO.0.A	0	0.00072759	0.559516	0.440706	10	ACCTCGCCCG	GCCACACCCT	-
30-ACCTCGCCCG	SP1_HUMAN.H11MO.1.A	2	0.00109001	0.838219	0.440706	10	ACCTCGCCCG	CGGCCCCGCCCCCC	-
30-ACCTCGCCCG	KLF14_HUMAN.H11MO.0.D	0	0.00115093	0.885062	0.440706	10	ACCTCGCCCG	GCCACGCCCCCCT	-
31-CAGTGGGAGC	IKZF1_HUMAN.H11MO.0.C	-2	0.000815592	0.62719	0.495298	8	CAGTGGGAGC	TTGGGAGA	+
31-CAGTGGGAGC	KLF8_HUMAN.H11MO.0.C	0	0.00102646	0.789349	0.495298	9	CAGTGGGAGC	CAGGGGGTG	+
31-CAGTGGGAGC	CTCFL_HUMAN.H11MO.0.A	5	0.00110465	0.849475	0.495298	10	CAGTGGGAGC	GCCGCCAGGGGGCGCCG	+
31-CAGTGGGAGC	EGR3_HUMAN.H11MO.0.D	1	0.00143161	1.10091	0.495298	10	CAGTGGGAGC	AGAGTGGGTGT	+
31-CAGTGGGAGC	WT1_HUMAN.H11MO.1.B	-2	0.00161053	1.2385	0.495298	8	CAGTGGGAGC	GTGGGAGGAGG	+
32-GAAACTTCAA	HXB2_HUMAN.H11MO.0.D	2	0.000292706	0.225091	0.31891	10	GAAACTTCAA	TAGAACATTCTAGAA	+
32-GAAACTTCAA	HSF4_HUMAN.H11MO.0.D	2	0.000787151	0.605319	0.31891	10	GAAACTTCAA	TAGAACGTTCTAGAA	+
32-GAAACTTCAA	MGAP_HUMAN.H11MO.0.D	2	0.00102703	0.789783	0.31891	10	GAAACTTCAA	GTGAAAATTCACACCT	-
32-GAAACTTCAA	HSF1_HUMAN.H11MO.0.A	2	0.0010798	0.830363	0.31891	10	GAAACTTCAA	TGGAAGGTTCTAGAA	+
32-GAAACTTCAA	STAT2_HUMAN.H11MO.0.A	8	0.00133916	1.02981	0.31891	10	GAAACTTCAA	AGGAAAATGAAACTGAAAG	+
32-GAAACTTCAA	STAT1_HUMAN.H11MO.1.A	8	0.00263626	2.02729	0.449534	10	GAAACTTCAA	AAGAAAATGAAACTGAAAG	+
32-GAAACTTCAA	NR6A1_HUMAN.H11MO.0.B	-2	0.00321807	2.47469	0.493868	8	GAAACTTCAA	AAGTTCAAGGTCA	+
34-GGCCCGACCA	ZN449_HUMAN.H11MO.0.C	1	0.000244711	0.188183	0.376365	10	GGCCCGACCA	AAGCCCAACCA	-
38-AGCCCCCGGGS	AP2B_HUMAN.H11MO.0.B	-1	0.000310088	0.238458	0.476818	10	AGCCCCCGGGG	GCCCCCGGGC	-
42-CCCCGCASCGY	ZIC4_HUMAN.H11MO.0.D	4	6.07576e-05	0.0467226	0.0886735	11	CCCCGCAGCGC	GACCCCCCGCTGTGC	-
42-CCCCGCASCGY	GLIS2_HUMAN.H11MO.0.D	4	0.000115864	0.0890992	0.0886735	10	CCCCGCAGCGC	GACCCCCCGCGAAG	-
42-CCCCGCASCGY	SP1_HUMAN.H11MO.1.A	3	0.000210853	0.162146	0.107581	11	CCCCGCAGCGC	CGGCCCCGCCCCCC	-
42-CCCCGCASCGY	KLF12_HUMAN.H11MO.0.C	1	0.000467926	0.359835	0.155775	10	CCCCGCAGCGC	GCCCCGCCCCT	-
42-CCCCGCASCGY	SP1_HUMAN.H11MO.0.A	11	0.00050885	0.391306	0.155775	11	CCCCGCAGCGC	CCCCCCCCCGGCCCCGCCCCCC	-
42-CCCCGCASCGY	SP2_HUMAN.H11MO.1.B	1	0.000752998	0.579056	0.188357	11	CCCCGCAGCGC	GCCCCGCCCCCT	-
42-CCCCGCASCGY	GCM2_HUMAN.H11MO.0.D	2	0.000861396	0.662414	0.188357	9	CCCCGCAGCGC	ATACCCGCATC	-
42-CCCCGCASCGY	SP2_HUMAN.H11MO.0.A	7	0.00176038	1.35373	0.314003	11	CCCCGCAGCGC	CCCCCGGCCCCGCCCCCCCCCC	-
42-CCCCGCASCGY	EGR4_HUMAN.H11MO.0.D	1	0.00184629	1.4198	0.314003	10	CCCCGCAGCGC	GCCCTGCCGCC	-
42-CCCCGCASCGY	E2F4_HUMAN.H11MO.0.A	3	0.00275251	2.11668	0.421314	10	CCCCGCAGCGC	ATTTCCCGCCCCC	-
42-CCCCGCASCGY	SP4_HUMAN.H11MO.1.A	3	0.00385822	2.96697	0.482911	11	CCCCGCAGCGC	CGGCCCCGCCCCCTCC	-
42-CCCCGCASCGY	GLIS1_HUMAN.H11MO.0.D	3	0.00404567	3.11112	0.482911	10	CCCCGCAGCGC	AGACCCCCCACGA	-
42-CCCCGCASCGY	ZSC31_HUMAN.H11MO.0.C	8	0.00413433	3.1793	0.482911	10	CCCCGCAGCGC	CATAACTGCCCTGCTGCC	-
42-CCCCGCASCGY	E2F1_HUMAN.H11MO.0.A	3	0.00465077	3.57644	0.482911	11	CCCCGCAGCGC	CTTTCCCGCCCCCC	-
42-CCCCGCASCGY	SP3_HUMAN.H11MO.0.B	6	0.0047324	3.63922	0.482911	11	CCCCGCAGCGC	CCCCGGCCCCGCCCCCCCCC	-
43-CCCCGGGACGC	ZF64A_HUMAN.H11MO.0.D	3	0.0001266	0.0973558	0.194545	11	CCCCGGGACGC	GGGGCCCGGGAACCTG	+
43-CCCCGGGACGC	ZN320_HUMAN.H11MO.0.C	7	0.000752928	0.579002	0.385671	11	CCCCGGGACGC	CACTGGCCCCCTGGTCCCAC	-
43-CCCCGGGACGC	MECP2_HUMAN.H11MO.0.C	0	0.001118	0.859746	0.397134	7	CCCCGGGACGC	CTCCGGG	-
43-CCCCGGGACGC	GLIS2_HUMAN.H11MO.0.D	4	0.00129218	0.993685	0.397134	10	CCCCGGGACGC	GACCCCCCGCGAAG	-
43-CCCCGGGACGC	ZN436_HUMAN.H11MO.0.C	4	0.00185535	1.42676	0.465422	11	CCCCGGGACGC	CCTCCTCCAGGAAGCCTTCCCTGA	-
44-CGCCCTCCCGC	EGR4_HUMAN.H11MO.0.D	-1	7.05475e-05	0.054251	0.0782636	10	CGCCCTCCCGC	GCCCTGCCGCC	-
44-CGCCCTCCCGC	MAZ_HUMAN.H11MO.1.A	0	0.000104775	0.0805719	0.0782636	11	CGCCCTCCCGC	CCCCCTCCCTC	-
44-CGCCCTCCCGC	ZN281_HUMAN.H11MO.0.A	0	0.000219867	0.169078	0.0875455	11	CGCCCTCCCGC	TCCCCTCCCCCACCC	-
44-CGCCCTCCCGC	E2F6_HUMAN.H11MO.0.A	-1	0.000303786	0.233612	0.0875455	10	CGCCCTCCCGC	CCCTTCCCGCCCC	-
44-CGCCCTCCCGC	WT1_HUMAN.H11MO.1.B	0	0.00032753	0.25187	0.0875455	11	CGCCCTCCCGC	CCTCCTCCCAC	-
44-CGCCCTCCCGC	WT1_HUMAN.H11MO.0.C	5	0.000562271	0.432386	0.0875455	11	CGCCCTCCCGC	CCCCCCCTCCTCCCCCGCCC	-
44-CGCCCTCCCGC	TBX15_HUMAN.H11MO.0.D	0	0.000612931	0.471344	0.0875455	11	CGCCCTCCCGC	CCCCCACCCCCCCCCCCCC	-
44-CGCCCTCCCGC	E2F1_HUMAN.H11MO.0.A	-2	0.000658059	0.506047	0.0875455	9	CGCCCTCCCGC	CTTTCCCGCCCCCC	-
44-CGCCCTCCCGC	VEZF1_HUMAN.H11MO.1.C	0	0.000666628	0.512637	0.0875455	11	CGCCCTCCCGC	CCCCCTCCCCCT	-
44-CGCCCTCCCGC	PATZ1_HUMAN.H11MO.1.C	-1	0.000740386	0.569357	0.0875455	9	CGCCCTCCCGC	CCCCTCCCT	-
44-CGCCCTCCCGC	EGR2_HUMAN.H11MO.1.A	0	0.000823536	0.633299	0.0875455	11	CGCCCTCCCGC	CCCCCGCCCACGCCCC	-
44-CGCCCTCCCGC	ZN263_HUMAN.H11MO.1.A	0	0.000853616	0.656431	0.0875455	11	CGCCCTCCCGC	CCTCCTCCCTC	-
44-CGCCCTCCCGC	ZSC31_HUMAN.H11MO.0.C	6	0.00100197	0.770517	0.0875455	11	CGCCCTCCCGC	CATAACTGCCCTGCTGCC	-
44-CGCCCTCCCGC	KLF13_HUMAN.H11MO.0.D	2	0.00101571	0.781085	0.0875455	9	CGCCCTCCCGC	CACGCCCCCCT	-
44-CGCCCTCCCGC	SALL4_HUMAN.H11MO.0.B	-2	0.00106348	0.817815	0.0875455	9	CGCCCTCCCGC	CCCACCCTCC	-
44-CGCCCTCCCGC	GLIS2_HUMAN.H11MO.0.D	-1	0.00117657	0.904782	0.0875455	10	CGCCCTCCCGC	GACCCCCCGCGAAG	-
44-CGCCCTCCCGC	KLF3_HUMAN.H11MO.0.B	8	0.00118209	0.909031	0.0875455	11	CGCCCTCCCGC	CCCGGCCCCGCCCCTCCCC	-
44-CGCCCTCCCGC	ZN148_HUMAN.H11MO.0.D	-1	0.00118936	0.914621	0.0875455	10	CGCCCTCCCGC	CCCCTCCCCCACCCC	-
44-CGCCCTCCCGC	ZIC4_HUMAN.H11MO.0.D	-1	0.00125943	0.968503	0.0875455	10	CGCCCTCCCGC	GACCCCCCGCTGTGC	-
44-CGCCCTCCCGC	SP2_HUMAN.H11MO.0.A	10	0.00129216	0.99367	0.0875455	11	CGCCCTCCCGC	CCCCCGGCCCCGCCCCCCCCCC	-
44-CGCCCTCCCGC	EGR1_HUMAN.H11MO.0.A	4	0.00133677	1.02797	0.0875455	11	CGCCCTCCCGC	CCCCCGCCCACGCCCTC	-
44-CGCCCTCCCGC	ZN740_HUMAN.H11MO.0.D	2	0.00139513	1.07286	0.0875455	11	CGCCCTCCCGC	CCCACCCCCCCCCC	-
44-CGCCCTCCCGC	GLIS1_HUMAN.H11MO.0.D	0	0.00140289	1.07882	0.0875455	11	CGCCCTCCCGC	AGACCCCCCACGA	-
44-CGCCCTCCCGC	ZN219_HUMAN.H11MO.0.D	2	0.00140641	1.08153	0.0875455	10	CGCCCTCCCGC	TCCGCCCCCCTC	-
44-CGCCCTCCCGC	MAZ_HUMAN.H11MO.0.A	11	0.00154052	1.18466	0.0885173	11	CGCCCTCCCGC	CCCCCCCCCCCCCCCCTCCCCC	-
44-CGCCCTCCCGC	VEZF1_HUMAN.H11MO.0.C	5	0.00154052	1.18466	0.0885173	11	CGCCCTCCCGC	CCCCTCCCCCTCCCCCCTCCCC	-
44-CGCCCTCCCGC	E2F4_HUMAN.H11MO.0.A	-2	0.00165927	1.27598	0.0898149	9	CGCCCTCCCGC	ATTTCCCGCCCCC	-
44-CGCCCTCCCGC	ZBT14_HUMAN.H11MO.0.C	1	0.00168335	1.29449	0.0898149	8	CGCCCTCCCGC	GCGCGCTCC	-
44-CGCCCTCCCGC	ZSC22_HUMAN.H11MO.0.C	4	0.00184215	1.41661	0.0948985	11	CGCCCTCCCGC	CCTCCTCCCTCAGACC	-
44-CGCCCTCCCGC	TFDP1_HUMAN.H11MO.0.C	-2	0.00195111	1.5004	0.096628	9	CGCCCTCCCGC	TTTTCCCGCCCCCC	-
44-CGCCCTCCCGC	TBX1_HUMAN.H11MO.0.D	7	0.00206308	1.58651	0.096628	11	CGCCCTCCCGC	CCGCCCACCCCTGCCCACCC	-
44-CGCCCTCCCGC	KLF14_HUMAN.H11MO.0.D	4	0.00206976	1.59165	0.096628	9	CGCCCTCCCGC	GCCACGCCCCCCT	-
44-CGCCCTCCCGC	GLIS3_HUMAN.H11MO.0.D	-1	0.00214518	1.64964	0.0971141	10	CGCCCTCCCGC	TACCCCCCAC	-
44-CGCCCTCCCGC	KLF16_HUMAN.H11MO.0.D	4	0.00222164	1.70844	0.0976175	11	CGCCCTCCCGC	CCCCCCCCCCCCCGCCCCC	-
44-CGCCCTCCCGC	SP3_HUMAN.H11MO.0.B	9	0.00231001	1.7764	0.0986004	11	CGCCCTCCCGC	CCCCGGCCCCGCCCCCCCCC	-
44-CGCCCTCCCGC	E2F4_HUMAN.H11MO.1.A	2	0.00256632	1.9735	0.106498	11	CGCCCTCCCGC	TCAAATTTCCCGCC	-
44-CGCCCTCCCGC	ZN467_HUMAN.H11MO.0.C	12	0.00322786	2.48223	0.129453	10	CGCCCTCCCGC	CCCCCCCCCCCCTCCCCTCCCC	-
44-CGCCCTCCCGC	EGR2_HUMAN.H11MO.0.A	3	0.00329279	2.53216	0.129453	11	CGCCCTCCCGC	CCCCTCCCACACCCCCCC	-
44-CGCCCTCCCGC	ZIC1_HUMAN.H11MO.0.B	-1	0.00345736	2.65871	0.132438	9	CGCCCTCCCGC	GACCACCCC	-
44-CGCCCTCCCGC	ZN770_HUMAN.H11MO.1.C	2	0.00363683	2.79672	0.13583	9	CGCCCTCCCGC	CTCAGCCTCCC	-
44-CGCCCTCCCGC	E2F7_HUMAN.H11MO.0.B	-1	0.00374147	2.87719	0.13633	10	CGCCCTCCCGC	CCTTTCCCGCCCC	-
44-CGCCCTCCCGC	KLF9_HUMAN.H11MO.0.C	5	0.00468641	3.60385	0.166695	10	CGCCCTCCCGC	GGCCACGCCCCCTCC	-
44-CGCCCTCCCGC	ZBTB4_HUMAN.H11MO.0.D	-2	0.00501347	3.85536	0.174182	9	CGCCCTCCCGC	CCCACCTGCCATCTAGG	-
44-CGCCCTCCCGC	AP2B_HUMAN.H11MO.0.B	-1	0.00551284	4.23938	0.178295	10	CGCCCTCCCGC	GCCCCCGGGC	-
44-CGCCCTCCCGC	E2F3_HUMAN.H11MO.0.A	-3	0.005542	4.2618	0.178295	8	CGCCCTCCCGC	TTTCCCGCCCT	-
44-CGCCCTCCCGC	ZN770_HUMAN.H11MO.0.C	13	0.00556712	4.28112	0.178295	9	CGCCCTCCCGC	GATCCTCCCGCCTCAGCCTCCC	-
44-CGCCCTCCCGC	ZBT17_HUMAN.H11MO.0.A	2	0.00560924	4.3135	0.178295	11	CGCCCTCCCGC	CTTCCCCTCCCCCACCCTC	-
44-CGCCCTCCCGC	GLI1_HUMAN.H11MO.0.D	0	0.00598198	4.60015	0.181022	11	CGCCCTCCCGC	AGACCACCCAGG	-
44-CGCCCTCCCGC	SP2_HUMAN.H11MO.1.B	0	0.00598198	4.60015	0.181022	11	CGCCCTCCCGC	GCCCCGCCCCCT	-
44-CGCCCTCCCGC	ZN784_HUMAN.H11MO.0.D	0	0.00614634	4.72654	0.181022	11	CGCCCTCCCGC	GTACCTACCTC	-
44-CGCCCTCCCGC	CTCFL_HUMAN.H11MO.0.A	3	0.00617971	4.7522	0.181022	11	CGCCCTCCCGC	CGGCGCCCCCTGGCGGC	-
44-CGCCCTCCCGC	SP1_HUMAN.H11MO.1.A	2	0.00696038	5.35253	0.199969	11	CGCCCTCCCGC	CGGCCCCGCCCCCC	-
44-CGCCCTCCCGC	PLAL1_HUMAN.H11MO.0.D	0	0.00758274	5.83113	0.20997	10	CGCCCTCCCGC	GGGCCCCCCG	-
44-CGCCCTCCCGC	ZN263_HUMAN.H11MO.0.A	11	0.00758959	5.83639	0.20997	9	CGCCCTCCCGC	CTCCTCCTCTCCCTCCTCCC	-
44-CGCCCTCCCGC	SP4_HUMAN.H11MO.1.A	2	0.00778851	5.98936	0.211556	11	CGCCCTCCCGC	CGGCCCCGCCCCCTCC	-
44-CGCCCTCCCGC	ZN436_HUMAN.H11MO.0.C	12	0.00879877	6.76625	0.234729	11	CGCCCTCCCGC	CCTCCTCCAGGAAGCCTTCCCTGA	-
44-CGCCCTCCCGC	KAISO_HUMAN.H11MO.2.A	-2	0.00895791	6.88863	0.234782	9	CGCCCTCCCGC	TCTTCCTGCGAG	-
44-CGCCCTCCCGC	KLF6_HUMAN.H11MO.0.A	10	0.0099027	7.61517	0.251206	9	CGCCCTCCCGC	CCCCCGGCCCCGCCCTTCC	-
44-CGCCCTCCCGC	IKZF1_HUMAN.H11MO.0.C	-3	0.00992084	7.62913	0.251206	8	CGCCCTCCCGC	TCTCCCAA	-
44-CGCCCTCCCGC	KLF12_HUMAN.H11MO.0.C	-1	0.0107202	8.24382	0.266922	10	CGCCCTCCCGC	GCCCCGCCCCT	-
44-CGCCCTCCCGC	ZIC3_HUMAN.H11MO.0.B	-1	0.011675	8.97807	0.280595	10	CGCCCTCCCGC	GGCCCCCTGCTGTGA	+
44-CGCCCTCCCGC	GLI2_HUMAN.H11MO.0.D	0	0.0118328	9.09941	0.280595	11	CGCCCTCCCGC	AGACCACCCAC	-
44-CGCCCTCCCGC	ZN449_HUMAN.H11MO.0.C	1	0.0118328	9.09941	0.280595	10	CGCCCTCCCGC	AAGCCCAACCA	-
44-CGCCCTCCCGC	SP1_HUMAN.H11MO.0.A	1	0.0127633	9.81501	0.297932	11	CGCCCTCCCGC	CCCCCCCCCGGCCCCGCCCCCC	-
44-CGCCCTCCCGC	ZFX_HUMAN.H11MO.1.A	3	0.0131714	10.1288	0.300241	11	CGCCCTCCCGC	CCCCGGCCTCCGCCCCC	-
44-CGCCCTCCCGC	SP4_HUMAN.H11MO.0.A	8	0.0132642	10.2002	0.300241	11	CGCCCTCCCGC	CCCGGCCCCGCCCCCTTCCC	-
44-CGCCCTCCCGC	EGR3_HUMAN.H11MO.0.D	1	0.0137029	10.5375	0.305542	10	CGCCCTCCCGC	ACACCCACTCT	-
44-CGCCCTCCCGC	PROX1_HUMAN.H11MO.0.D	7	0.0160003	12.3042	0.351522	10	CGCCCTCCCGC	CCCAACCCGCCTTACCC	-
44-CGCCCTCCCGC	ZIC2_HUMAN.H11MO.0.D	-1	0.0171804	13.2117	0.371978	10	CGCCCTCCCGC	GGCCCCCTGCTGTGA	+
44-CGCCCTCCCGC	FEV_HUMAN.H11MO.0.B	-1	0.0188824	14.5205	0.402987	10	CGCCCTCCCGC	CGCTTCCCGC	-
44-CGCCCTCCCGC	KLF15_HUMAN.H11MO.0.A	3	0.0197258	15.1691	0.411362	11	CGCCCTCCCGC	CCCCCCCCTGCTCCTCCCC	-
44-CGCCCTCCCGC	NR0B1_HUMAN.H11MO.0.D	-3	0.0198283	15.248	0.411362	8	CGCCCTCCCGC	TCTCCCACGC	-
44-CGCCCTCCCGC	MESP1_HUMAN.H11MO.0.D	0	0.0201008	15.4575	0.411362	11	CGCCCTCCCGC	TCCACACCTGC	-
44-CGCCCTCCCGC	THAP1_HUMAN.H11MO.0.C	3	0.0208841	16.0599	0.419687	11	CGCCCTCCCGC	CGCCGCCATCTTGGCTGCGGGC	+
44-CGCCCTCCCGC	GLI3_HUMAN.H11MO.0.B	0	0.0210695	16.2024	0.419687	11	CGCCCTCCCGC	GGACCACCCAG	-
44-CGCCCTCCCGC	PRDM4_HUMAN.H11MO.0.D	5	0.0238231	18.3199	0.461018	11	CGCCCTCCCGC	TTTCAAGGCCCCCCAC	-
44-CGCCCTCCCGC	ELK1_HUMAN.H11MO.0.B	-1	0.0242385	18.6394	0.461018	10	CGCCCTCCCGC	CCACTTCCGGT	-
44-CGCCCTCCCGC	GCM2_HUMAN.H11MO.0.D	-3	0.0242385	18.6394	0.461018	8	CGCCCTCCCGC	ATACCCGCATC	-
44-CGCCCTCCCGC	KLF5_HUMAN.H11MO.0.A	4	0.024474	18.8205	0.461018	10	CGCCCTCCCGC	CCCAGCCCCACCCT	-
44-CGCCCTCCCGC	ZF64A_HUMAN.H11MO.0.D	0	0.0249525	19.1885	0.461018	11	CGCCCTCCCGC	CAGGTTCCCGGGCCCC	-
44-CGCCCTCCCGC	CTCF_HUMAN.H11MO.0.A	3	0.024996	19.2219	0.461018	11	CGCCCTCCCGC	TGGCGCCCCCTGGTGGCCA	-
44-CGCCCTCCCGC	KLF1_HUMAN.H11MO.0.A	2	0.025622	19.7033	0.466802	11	CGCCCTCCCGC	CCCGGCCCCGCCCC	-
44-CGCCCTCCCGC	PATZ1_HUMAN.H11MO.0.C	6	0.026513	20.3885	0.47136	11	CGCCCTCCCGC	CCTCCCCCCCCGCCCCCTCCCC	-
44-CGCCCTCCCGC	ELF2_HUMAN.H11MO.0.C	-1	0.0267309	20.556	0.47136	10	CGCCCTCCCGC	CCACTTCCGGGTT	-
44-CGCCCTCCCGC	GABPA_HUMAN.H11MO.0.A	-1	0.0268188	20.6236	0.47136	10	CGCCCTCCCGC	CCACTTCCGGTTCC	-
45-CTGGCGGGCGCG	KLF13_HUMAN.H11MO.0.D	-1	0.000316665	0.243515	0.483314	11	CTGGCGGGCGCG	AGGGGGGCGTG	+
50-CCAAGCCAAMCCC	RREB1_HUMAN.H11MO.0.D	3	0.000282681	0.217381	0.392711	13	CCAAGCCAAACCC	ACCCCAAACCACCCCCCCCCCC	-
50-CCAAGCCAAMCCC	ATF6A_HUMAN.H11MO.0.B	0	0.00051145	0.393305	0.392711	12	CCAAGCCAAACCC	CCACGTCACCAC	-
51-AGGCAYGGGCGVC	HES7_HUMAN.H11MO.0.D	0	0.000185094	0.142338	0.153801	12	AGGCACGGGCGCC	TGGCACGTGCCG	+
51-AGGCAYGGGCGVC	HES5_HUMAN.H11MO.0.D	0	0.000302109	0.232322	0.153801	12	AGGCACGGGCGCC	TGGCACGTGCCG	+
51-AGGCAYGGGCGVC	HEY2_HUMAN.H11MO.0.D	3	0.000712065	0.547578	0.223357	13	AGGCACGGGCGCC	TAATGCCACGTGCCCCC	-
51-AGGCAYGGGCGVC	ZN257_HUMAN.H11MO.0.C	2	0.00143795	1.10578	0.366023	10	AGGCACGGGCGCC	AGAGGCAAGAGC	-
51-AGGCAYGGGCGVC	ZN708_HUMAN.H11MO.1.D	0	0.00232292	1.78632	0.403125	9	AGGCACGGGCGCC	AGGTACAGC	+
51-AGGCAYGGGCGVC	MYCN_HUMAN.H11MO.0.A	0	0.00234683	1.80471	0.403125	12	AGGCACGGGCGCC	GGCCACGTGGGC	+
51-AGGCAYGGGCGVC	HES1_HUMAN.H11MO.0.D	1	0.00237556	1.8268	0.403125	12	AGGCACGGGCGCC	CCGCCACGAGCCC	+
51-AGGCAYGGGCGVC	HEY1_HUMAN.H11MO.0.D	0	0.00275413	2.11793	0.420631	12	AGGCACGGGCGCC	CGACACGTGCCA	-
51-AGGCAYGGGCGVC	BHE40_HUMAN.H11MO.0.A	-1	0.00315576	2.42678	0.438155	10	AGGCACGGGCGCC	GGCACGTGAC	+
51-AGGCAYGGGCGVC	MAX_HUMAN.H11MO.0.A	0	0.00441056	3.39172	0.477541	10	AGGCACGGGCGCC	GAGCACGTGG	+
51-AGGCAYGGGCGVC	MYC_HUMAN.H11MO.0.A	-1	0.0046606	3.584	0.477541	11	AGGCACGGGCGCC	GCCACGTGCTC	+
51-AGGCAYGGGCGVC	MXI1_HUMAN.H11MO.1.A	0	0.00491197	3.7773	0.477541	11	AGGCACGGGCGCC	GAGCACGTGGG	-
51-AGGCAYGGGCGVC	ZN335_HUMAN.H11MO.1.A	2	0.00506925	3.89825	0.477541	5	AGGCACGGGCGCC	TCAGGCA	-
51-AGGCAYGGGCGVC	PATZ1_HUMAN.H11MO.1.C	0	0.00565404	4.34795	0.477541	9	AGGCACGGGCGCC	AGGGAGGGG	+
51-AGGCAYGGGCGVC	ZF64A_HUMAN.H11MO.0.D	3	0.00572537	4.40281	0.477541	13	AGGCACGGGCGCC	CAGGTTCCCGGGCCCC	-
51-AGGCAYGGGCGVC	CLOCK_HUMAN.H11MO.0.C	1	0.00647763	4.9813	0.477541	13	AGGCACGGGCGCC	CAGACACGTGAACA	+
51-AGGCAYGGGCGVC	BMAL1_HUMAN.H11MO.0.A	-1	0.00670623	5.15709	0.477541	11	AGGCACGGGCGCC	GCCACGTGACT	+
51-AGGCAYGGGCGVC	ZN335_HUMAN.H11MO.0.A	2	0.00714542	5.49483	0.477541	13	AGGCACGGGCGCC	TCAGGCAGCGCCGAGGACAGCC	-
51-AGGCAYGGGCGVC	TBX1_HUMAN.H11MO.0.D	4	0.00757514	5.82528	0.477541	13	AGGCACGGGCGCC	GGGTGGGCAGGGGTGGGCGG	+
51-AGGCAYGGGCGVC	EGR1_HUMAN.H11MO.0.A	2	0.00775345	5.9624	0.477541	13	AGGCACGGGCGCC	GAGGGCGTGGGCGGGGG	+
51-AGGCAYGGGCGVC	MAZ_HUMAN.H11MO.1.A	1	0.00781689	6.01119	0.477541	10	AGGCACGGGCGCC	GAGGGAGGGGG	+
52-AAGTCCCGCGCCT	SP1_HUMAN.H11MO.1.A	0	0.000323689	0.248917	0.168466	13	AAGTCCCGCGCCT	CGGCCCCGCCCCCC	-
52-AAGTCCCGCGCCT	E2F4_HUMAN.H11MO.0.A	0	0.000413866	0.318263	0.168466	13	AAGTCCCGCGCCT	ATTTCCCGCCCCC	-
52-AAGTCCCGCGCCT	E2F2_HUMAN.H11MO.0.B	-2	0.000417805	0.321292	0.168466	10	AAGTCCCGCGCCT	GTTTCGCGCC	-
52-AAGTCCCGCGCCT	KLF12_HUMAN.H11MO.0.C	-2	0.000440928	0.339073	0.168466	11	AAGTCCCGCGCCT	GCCCCGCCCCT	-
52-AAGTCCCGCGCCT	TFDP1_HUMAN.H11MO.0.C	0	0.00107316	0.825257	0.328017	13	AAGTCCCGCGCCT	TTTTCCCGCCCCCC	-
52-AAGTCCCGCGCCT	E2F1_HUMAN.H11MO.0.A	0	0.00162772	1.25172	0.336245	13	AAGTCCCGCGCCT	CTTTCCCGCCCCCC	-
52-AAGTCCCGCGCCT	SP1_HUMAN.H11MO.0.A	8	0.00174743	1.34377	0.336245	13	AAGTCCCGCGCCT	CCCCCCCCCGGCCCCGCCCCCC	-
52-AAGTCCCGCGCCT	SP2_HUMAN.H11MO.1.B	-2	0.00176012	1.35353	0.336245	11	AAGTCCCGCGCCT	GCCCCGCCCCCT	-
52-AAGTCCCGCGCCT	ZF64A_HUMAN.H11MO.0.D	2	0.00312304	2.40162	0.481091	13	AAGTCCCGCGCCT	CAGGTTCCCGGGCCCC	-
52-AAGTCCCGCGCCT	E2F6_HUMAN.H11MO.0.A	1	0.00340575	2.61902	0.481091	12	AAGTCCCGCGCCT	CCCTTCCCGCCCC	-
52-AAGTCCCGCGCCT	E2F7_HUMAN.H11MO.0.B	1	0.00357864	2.75197	0.481091	12	AAGTCCCGCGCCT	CCTTTCCCGCCCC	-
52-AAGTCCCGCGCCT	SP2_HUMAN.H11MO.0.A	4	0.0037775	2.9049	0.481091	13	AAGTCCCGCGCCT	CCCCCGGCCCCGCCCCCCCCCC	-
52-AAGTCCCGCGCCT	TBX1_HUMAN.H11MO.0.D	-1	0.00487199	3.74656	0.493278	12	AAGTCCCGCGCCT	CCGCCCACCCCTGCCCACCC	-
52-AAGTCCCGCGCCT	NR0B1_HUMAN.H11MO.0.D	-1	0.00550489	4.23326	0.493278	10	AAGTCCCGCGCCT	TCTCCCACGC	-
52-AAGTCCCGCGCCT	E2F3_HUMAN.H11MO.0.A	-1	0.00567547	4.36444	0.493278	11	AAGTCCCGCGCCT	TTTCCCGCCCT	-
52-AAGTCCCGCGCCT	KAISO_HUMAN.H11MO.1.A	-2	0.00567547	4.36444	0.493278	11	AAGTCCCGCGCCT	TTCTCGCGAGA	-
52-AAGTCCCGCGCCT	HES5_HUMAN.H11MO.0.D	-1	0.00570979	4.39083	0.493278	12	AAGTCCCGCGCCT	CGGCACGTGCCA	-
52-AAGTCCCGCGCCT	SP4_HUMAN.H11MO.1.A	0	0.00615691	4.73466	0.493278	13	AAGTCCCGCGCCT	CGGCCCCGCCCCCTCC	-
52-AAGTCCCGCGCCT	HEY2_HUMAN.H11MO.0.D	2	0.00627349	4.82431	0.493278	13	AAGTCCCGCGCCT	TAATGCCACGTGCCCCC	-
52-AAGTCCCGCGCCT	PRDM4_HUMAN.H11MO.0.D	4	0.00645532	4.96414	0.493278	12	AAGTCCCGCGCCT	TTTCAAGGCCCCCCAC	-
54-GGGACTGGGAGCBG	IKZF1_HUMAN.H11MO.0.C	-4	0.000517911	0.398273	0.43678	8	GGGACTGGGAGCCG	TTGGGAGA	+
54-GGGACTGGGAGCBG	ZN320_HUMAN.H11MO.0.C	3	0.00091577	0.704227	0.43678	14	GGGACTGGGAGCCG	GTGGGACCAGGGGGCCAGTG	+
54-GGGACTGGGAGCBG	SP1_HUMAN.H11MO.0.A	7	0.00174474	1.3417	0.43678	14	GGGACTGGGAGCCG	GGGGGGCGGGGCCGGGGGGGGG	+
54-GGGACTGGGAGCBG	EGR2_HUMAN.H11MO.1.A	1	0.00176936	1.36064	0.43678	14	GGGACTGGGAGCCG	GGGGCGTGGGCGGGGG	+
54-GGGACTGGGAGCBG	ZBTB6_HUMAN.H11MO.0.C	-1	0.00195093	1.50027	0.43678	13	GGGACTGGGAGCCG	GGTGCTGGAGCCG	+
54-GGGACTGGGAGCBG	ZF64A_HUMAN.H11MO.0.D	1	0.00197061	1.5154	0.43678	14	GGGACTGGGAGCCG	GGGGCCCGGGAACCTG	+
54-GGGACTGGGAGCBG	ZN143_HUMAN.H11MO.0.A	8	0.002421	1.86175	0.43678	14	GGGACTGGGAGCCG	GGCATTCTGGGAATTGTAGTTC	+
54-GGGACTGGGAGCBG	EGR2_HUMAN.H11MO.0.A	4	0.00268714	2.06641	0.43678	14	GGGACTGGGAGCCG	GGGGGGGTGTGGGAGGGG	+
54-GGGACTGGGAGCBG	EGR1_HUMAN.H11MO.0.A	2	0.00303299	2.33237	0.43678	14	GGGACTGGGAGCCG	GAGGGCGTGGGCGGGGG	+
54-GGGACTGGGAGCBG	WT1_HUMAN.H11MO.0.C	0	0.00322875	2.48291	0.43678	14	GGGACTGGGAGCCG	GGGCGGGGGAGGAGGGGGGG	+
54-GGGACTGGGAGCBG	KLF5_HUMAN.H11MO.0.A	1	0.00329406	2.53313	0.43678	13	GGGACTGGGAGCCG	AGGGTGGGGCTGGG	+
54-GGGACTGGGAGCBG	HAND1_HUMAN.H11MO.1.D	-1	0.00362502	2.78764	0.43678	7	GGGACTGGGAGCCG	GGCCTGG	+
54-GGGACTGGGAGCBG	ZNF76_HUMAN.H11MO.0.C	10	0.00411865	3.16724	0.43678	12	GGGACTGGGAGCCG	GGGGCATTCTGGGAATTGTAGT	+
54-GGGACTGGGAGCBG	SUH_HUMAN.H11MO.0.A	-1	0.0048787	3.75172	0.43678	11	GGGACTGGGAGCCG	GGCGTGGGAAA	+
54-GGGACTGGGAGCBG	THA11_HUMAN.H11MO.0.B	8	0.00533579	4.10322	0.43678	14	GGGACTGGGAGCCG	GGCATGCTGGGAGTTGTAGTTC	+
54-GGGACTGGGAGCBG	KLF12_HUMAN.H11MO.0.C	1	0.00543231	4.17744	0.43678	10	GGGACTGGGAGCCG	AGGGGCGGGGC	+
54-GGGACTGGGAGCBG	WT1_HUMAN.H11MO.1.B	-4	0.00573056	4.4068	0.43678	10	GGGACTGGGAGCCG	GTGGGAGGAGG	+
54-GGGACTGGGAGCBG	KLF1_HUMAN.H11MO.0.A	1	0.00578446	4.44825	0.43678	13	GGGACTGGGAGCCG	GGGGCGGGGCCGGG	+
54-GGGACTGGGAGCBG	EGR4_HUMAN.H11MO.0.D	1	0.00604401	4.64784	0.43678	10	GGGACTGGGAGCCG	GGCGGCAGGGC	+
54-GGGACTGGGAGCBG	ZN816_HUMAN.H11MO.0.C	8	0.00629268	4.83907	0.43678	13	GGGACTGGGAGCCG	AAAAAAGGGGGACATGCAGGG	+
54-GGGACTGGGAGCBG	ZN281_HUMAN.H11MO.0.A	5	0.00689189	5.29986	0.43678	10	GGGACTGGGAGCCG	GGGTGGGGGAGGGGA	+
54-GGGACTGGGAGCBG	ZN148_HUMAN.H11MO.0.D	1	0.00724106	5.56838	0.43678	14	GGGACTGGGAGCCG	GGGGTGGGGGAGGGG	+
54-GGGACTGGGAGCBG	SP1_HUMAN.H11MO.1.A	2	0.00742123	5.70693	0.43678	12	GGGACTGGGAGCCG	GGGGGGCGGGGCCG	+
54-GGGACTGGGAGCBG	HNF4A_HUMAN.H11MO.0.A	0	0.00779649	5.9955	0.43678	14	GGGACTGGGAGCCG	TGGACTTTGGACTC	-
54-GGGACTGGGAGCBG	SP3_HUMAN.H11MO.0.B	5	0.00810091	6.2296	0.43678	14	GGGACTGGGAGCCG	GGGGGGGGGCGGGGCCGGGG	+
54-GGGACTGGGAGCBG	ERG_HUMAN.H11MO.0.A	-1	0.00835582	6.42563	0.43678	13	GGGACTGGGAGCCG	GGGCAGGAAGTGG	+
54-GGGACTGGGAGCBG	GABPA_HUMAN.H11MO.0.A	0	0.00903088	6.94475	0.43678	14	GGGACTGGGAGCCG	GGAACCGGAAGTGG	+
54-GGGACTGGGAGCBG	FLI1_HUMAN.H11MO.1.A	-1	0.00922264	7.09221	0.43678	13	GGGACTGGGAGCCG	AGGCAGGAAGTGG	+
54-GGGACTGGGAGCBG	KLF16_HUMAN.H11MO.0.D	2	0.00930664	7.1568	0.43678	14	GGGACTGGGAGCCG	GGGGGCGGGGGGGGGGGGG	+
54-GGGACTGGGAGCBG	EGR3_HUMAN.H11MO.0.D	-1	0.00967522	7.44025	0.43678	11	GGGACTGGGAGCCG	AGAGTGGGTGT	+
54-GGGACTGGGAGCBG	KLF4_HUMAN.H11MO.0.A	1	0.00981849	7.55042	0.43678	9	GGGACTGGGAGCCG	AGGGTGTGGC	+
54-GGGACTGGGAGCBG	ETS1_HUMAN.H11MO.0.A	-1	0.0101724	7.82257	0.43678	13	GGGACTGGGAGCCG	AGACAGGAAGTGG	+
54-GGGACTGGGAGCBG	PATZ1_HUMAN.H11MO.0.C	1	0.0102445	7.87801	0.43678	14	GGGACTGGGAGCCG	GGGGAGGGGGCGGGGGGGGAGG	+
54-GGGACTGGGAGCBG	KLF15_HUMAN.H11MO.0.A	5	0.0102585	7.88876	0.43678	14	GGGACTGGGAGCCG	GGGGAGGAGCAGGGGGGGG	+
54-GGGACTGGGAGCBG	MAZ_HUMAN.H11MO.1.A	2	0.0112784	8.67306	0.43678	9	GGGACTGGGAGCCG	GAGGGAGGGGG	+
54-GGGACTGGGAGCBG	ZN467_HUMAN.H11MO.0.C	1	0.0112957	8.68643	0.43678	14	GGGACTGGGAGCCG	GGGGAGGGGAGGGGGGGGGGGG	+
54-GGGACTGGGAGCBG	PATZ1_HUMAN.H11MO.1.C	-5	0.0116065	8.92539	0.43678	9	GGGACTGGGAGCCG	AGGGAGGGG	+
54-GGGACTGGGAGCBG	CTCFL_HUMAN.H11MO.0.A	3	0.01172	9.01264	0.43678	14	GGGACTGGGAGCCG	GCCGCCAGGGGGCGCCG	+
54-GGGACTGGGAGCBG	HAND1_HUMAN.H11MO.0.D	0	0.01172	9.01264	0.43678	14	GGGACTGGGAGCCG	GGGTCTGGTTTTTGTCA	+
54-GGGACTGGGAGCBG	SP2_HUMAN.H11MO.0.A	6	0.011858	9.1188	0.43678	14	GGGACTGGGAGCCG	GGGGGGGGGGCGGGGCCGGGGG	+
54-GGGACTGGGAGCBG	VEZF1_HUMAN.H11MO.0.C	8	0.011858	9.1188	0.43678	14	GGGACTGGGAGCCG	GGGGAGGGGGGAGGGGGAGGGG	+
54-GGGACTGGGAGCBG	ZBT48_HUMAN.H11MO.0.C	3	0.0126076	9.69524	0.440442	9	GGGACTGGGAGCCG	TTAGGGACCGTG	+
54-GGGACTGGGAGCBG	KLF3_HUMAN.H11MO.0.B	0	0.0130462	10.0325	0.440442	14	GGGACTGGGAGCCG	GGGGAGGGGCGGGGCCGGG	+
54-GGGACTGGGAGCBG	MAZ_HUMAN.H11MO.0.A	2	0.0130609	10.0438	0.440442	14	GGGACTGGGAGCCG	GGGGGAGGGGGGGGGGGGGGGG	+
54-GGGACTGGGAGCBG	ETV1_HUMAN.H11MO.0.A	-2	0.013124	10.0923	0.440442	11	GGGACTGGGAGCCG	GGCCGGAAGTG	+
54-GGGACTGGGAGCBG	ZN816_HUMAN.H11MO.1.C	4	0.0139084	10.6956	0.45662	10	GGGACTGGGAGCCG	AAGGGGGACATGCA	+
54-GGGACTGGGAGCBG	SP2_HUMAN.H11MO.1.B	2	0.0145865	11.217	0.461546	10	GGGACTGGGAGCCG	AGGGGGCGGGGC	+
54-GGGACTGGGAGCBG	KLF6_HUMAN.H11MO.0.A	4	0.0150388	11.5649	0.461546	14	GGGACTGGGAGCCG	GGAAGGGCGGGGCCGGGGG	+
54-GGGACTGGGAGCBG	TBX1_HUMAN.H11MO.0.D	4	0.0151945	11.6846	0.461546	14	GGGACTGGGAGCCG	GGGTGGGCAGGGGTGGGCGG	+
54-GGGACTGGGAGCBG	HNF4G_HUMAN.H11MO.0.B	0	0.0152809	11.751	0.461546	14	GGGACTGGGAGCCG	TGGACTTTGGACTC	-
54-GGGACTGGGAGCBG	TBX15_HUMAN.H11MO.0.D	4	0.015763	12.1218	0.464472	14	GGGACTGGGAGCCG	GGGGGGGGGGGGGTGGGGG	+
54-GGGACTGGGAGCBG	ELK4_HUMAN.H11MO.0.A	-2	0.0160611	12.351	0.464472	12	GGGACTGGGAGCCG	GACCGGAAGTGG	+
54-GGGACTGGGAGCBG	PKNX1_HUMAN.H11MO.0.B	-1	0.0168289	12.9414	0.464472	11	GGGACTGGGAGCCG	TGATTGACAGG	+
54-GGGACTGGGAGCBG	INSM1_HUMAN.H11MO.0.C	-1	0.0168488	12.9567	0.464472	12	GGGACTGGGAGCCG	TGTCAGGGGGCA	+
54-GGGACTGGGAGCBG	ETV2_HUMAN.H11MO.0.B	1	0.0169156	13.0081	0.464472	14	GGGACTGGGAGCCG	GGAAACAGGAAGTGGG	+
54-GGGACTGGGAGCBG	ZIC1_HUMAN.H11MO.0.B	-5	0.0179213	13.7815	0.483301	9	GGGACTGGGAGCCG	GGGGTGGTC	+
55-AGCGCGCATGCKCA	NRF1_HUMAN.H11MO.0.A	0	1.0929e-06	0.000840437	0.00123227	14	AGCGCGCATGCTCA	CCTGCGCATGCGCAGTG	-
56-GAAGGCGAGAGTGG	PRDM1_HUMAN.H11MO.0.A	0	0.000307603	0.236547	0.470305	14	GAAGGCGAGAGTGG	GAAAGTGAAAGTGA	+
57-GCCTCCGCSTCCRS	ZN770_HUMAN.H11MO.0.C	9	4.39212e-05	0.0337754	0.0665916	13	GCCTCCGCCTCCGC	GATCCTCCCGCCTCAGCCTCCC	-
57-GCCTCCGCSTCCRS	ZN770_HUMAN.H11MO.1.C	-2	0.000170589	0.131183	0.12932	11	GCCTCCGCCTCCGC	CTCAGCCTCCC	-
57-GCCTCCGCSTCCRS	ZSC22_HUMAN.H11MO.0.C	-1	0.000321778	0.247447	0.15294	13	GCCTCCGCCTCCGC	CCTCCTCCCTCAGACC	-
57-GCCTCCGCSTCCRS	ZFX_HUMAN.H11MO.1.A	5	0.000403494	0.310287	0.15294	12	GCCTCCGCCTCCGC	CCCCGGCCTCCGCCCCC	-
57-GCCTCCGCSTCCRS	SP2_HUMAN.H11MO.0.A	5	0.000714746	0.54964	0.210137	14	GCCTCCGCCTCCGC	CCCCCGGCCCCGCCCCCCCCCC	-
57-GCCTCCGCSTCCRS	WT1_HUMAN.H11MO.0.C	7	0.000831588	0.639491	0.210137	13	GCCTCCGCCTCCGC	CCCCCCCTCCTCCCCCGCCC	-
57-GCCTCCGCSTCCRS	TAF1_HUMAN.H11MO.0.A	-1	0.00164025	1.26135	0.269533	13	GCCTCCGCCTCCGC	CCGCCGCCGCCATCTT	-
57-GCCTCCGCSTCCRS	SP1_HUMAN.H11MO.1.A	1	0.00166308	1.27891	0.269533	13	GCCTCCGCCTCCGC	CGGCCCCGCCCCCC	-
57-GCCTCCGCSTCCRS	ZN554_HUMAN.H11MO.1.D	1	0.00168379	1.29484	0.269533	8	GCCTCCGCCTCCGC	TGGCTCTGC	-
57-GCCTCCGCSTCCRS	ZN281_HUMAN.H11MO.0.A	2	0.00177773	1.36708	0.269533	13	GCCTCCGCCTCCGC	TCCCCTCCCCCACCC	-
57-GCCTCCGCSTCCRS	SP4_HUMAN.H11MO.0.A	3	0.00291217	2.23946	0.38815	14	GCCTCCGCCTCCGC	CCCGGCCCCGCCCCCTTCCC	-
57-GCCTCCGCSTCCRS	ZBTB6_HUMAN.H11MO.0.C	1	0.0030721	2.36244	0.38815	12	GCCTCCGCCTCCGC	CGGCTCCAGCACC	-
57-GCCTCCGCSTCCRS	SP4_HUMAN.H11MO.1.A	4	0.00359572	2.76511	0.390847	12	GCCTCCGCCTCCGC	CGGCCCCGCCCCCTCC	-
57-GCCTCCGCSTCCRS	SP2_HUMAN.H11MO.1.B	-1	0.00360902	2.77534	0.390847	12	GCCTCCGCCTCCGC	GCCCCGCCCCCT	-
57-GCCTCCGCSTCCRS	SP1_HUMAN.H11MO.0.A	9	0.00388656	2.98876	0.392843	13	GCCTCCGCCTCCGC	CCCCCCCCCGGCCCCGCCCCCC	-
57-GCCTCCGCSTCCRS	ZN148_HUMAN.H11MO.0.D	1	0.0042897	3.29878	0.397665	14	GCCTCCGCCTCCGC	CCCCTCCCCCACCCC	-
57-GCCTCCGCSTCCRS	GABPA_HUMAN.H11MO.0.A	2	0.00492871	3.79018	0.397665	12	GCCTCCGCCTCCGC	CCACTTCCGGTTCC	-
57-GCCTCCGCSTCCRS	SP3_HUMAN.H11MO.0.B	4	0.00539657	4.14996	0.397665	14	GCCTCCGCCTCCGC	CCCCGGCCCCGCCCCCCCCC	-
57-GCCTCCGCSTCCRS	ELF5_HUMAN.H11MO.0.A	2	0.00550816	4.23578	0.397665	13	GCCTCCGCCTCCGC	CCACTTCCTCCTTCC	-
57-GCCTCCGCSTCCRS	EGR2_HUMAN.H11MO.0.A	4	0.0058425	4.49288	0.397665	14	GCCTCCGCCTCCGC	CCCCTCCCACACCCCCCC	-
57-GCCTCCGCSTCCRS	ZN467_HUMAN.H11MO.0.C	8	0.00585141	4.49973	0.397665	14	GCCTCCGCCTCCGC	CCCCCCCCCCCCTCCCCTCCCC	-
57-GCCTCCGCSTCCRS	ZN263_HUMAN.H11MO.0.A	4	0.00627203	4.82319	0.397665	14	GCCTCCGCCTCCGC	CTCCTCCTCTCCCTCCTCCC	-
57-GCCTCCGCSTCCRS	ZN320_HUMAN.H11MO.0.C	5	0.00659208	5.06931	0.397665	14	GCCTCCGCCTCCGC	CACTGGCCCCCTGGTCCCAC	-
57-GCCTCCGCSTCCRS	VEZF1_HUMAN.H11MO.0.C	1	0.00680216	5.23086	0.397665	14	GCCTCCGCCTCCGC	CCCCTCCCCCTCCCCCCTCCCC	-
57-GCCTCCGCSTCCRS	HINFP_HUMAN.H11MO.0.C	2	0.00688652	5.29573	0.397665	14	GCCTCCGCCTCCGC	TAACGTCCGCTAGCGC	-
57-GCCTCCGCSTCCRS	EGR2_HUMAN.H11MO.1.A	-1	0.00688652	5.29573	0.397665	13	GCCTCCGCCTCCGC	CCCCCGCCCACGCCCC	-
57-GCCTCCGCSTCCRS	ZN263_HUMAN.H11MO.1.A	-1	0.00708167	5.44581	0.397665	11	GCCTCCGCCTCCGC	CCTCCTCCCTC	-
57-GCCTCCGCSTCCRS	EGR4_HUMAN.H11MO.0.D	-1	0.00745823	5.73538	0.399775	11	GCCTCCGCCTCCGC	GCCCTGCCGCC	-
57-GCCTCCGCSTCCRS	ELF2_HUMAN.H11MO.0.C	2	0.00799294	6.14657	0.399775	11	GCCTCCGCCTCCGC	CCACTTCCGGGTT	-
57-GCCTCCGCSTCCRS	EGR1_HUMAN.H11MO.0.A	5	0.00879511	6.76344	0.399775	12	GCCTCCGCCTCCGC	CCCCCGCCCACGCCCTC	-
57-GCCTCCGCSTCCRS	TBX15_HUMAN.H11MO.0.D	2	0.00880392	6.77021	0.399775	14	GCCTCCGCCTCCGC	CCCCCACCCCCCCCCCCCC	-
57-GCCTCCGCSTCCRS	E2F4_HUMAN.H11MO.0.A	1	0.00880929	6.77434	0.399775	12	GCCTCCGCCTCCGC	ATTTCCCGCCCCC	-
57-GCCTCCGCSTCCRS	THAP1_HUMAN.H11MO.0.C	1	0.00914927	7.03579	0.399775	14	GCCTCCGCCTCCGC	CGCCGCCATCTTGGCTGCGGGC	+
57-GCCTCCGCSTCCRS	PATZ1_HUMAN.H11MO.0.C	8	0.00914927	7.03579	0.399775	14	GCCTCCGCCTCCGC	CCTCCCCCCCCGCCCCCTCCCC	-
57-GCCTCCGCSTCCRS	ELF1_HUMAN.H11MO.0.A	2	0.00931698	7.16476	0.399775	12	GCCTCCGCCTCCGC	CCACTTCCGGGTTC	-
57-GCCTCCGCSTCCRS	KLF15_HUMAN.H11MO.0.A	5	0.00969767	7.4575	0.399775	14	GCCTCCGCCTCCGC	CCCCCCCCTGCTCCTCCCC	-
57-GCCTCCGCSTCCRS	TBX1_HUMAN.H11MO.0.D	8	0.00975601	7.50237	0.399775	12	GCCTCCGCCTCCGC	CCGCCCACCCCTGCCCACCC	-
57-GCCTCCGCSTCCRS	ZBT17_HUMAN.H11MO.0.A	4	0.0101754	7.82492	0.40599	14	GCCTCCGCCTCCGC	CTTCCCCTCCCCCACCCTC	-
57-GCCTCCGCSTCCRS	AP2C_HUMAN.H11MO.0.A	2	0.0123858	9.52466	0.481508	12	GCCTCCGCCTCCGC	TGGCCTCAGGGCAT	-
57-GCCTCCGCSTCCRS	VEZF1_HUMAN.H11MO.1.C	2	0.0132587	10.196	0.498578	10	GCCTCCGCCTCCGC	CCCCCTCCCCCT	-
57-GCCTCCGCSTCCRS	PURA_HUMAN.H11MO.0.D	5	0.0134825	10.3681	0.498578	12	GCCTCCGCCTCCGC	CCCTGCCCCCCCCTTCC	-
58-CCGNCGCCCGGGSTC	ZF64A_HUMAN.H11MO.0.D	0	2.2556e-05	0.0173456	0.0346615	15	CCGGCGCCCGGGCTC	CAGGTTCCCGGGCCCC	-
59-RKTGGGGCGGTGCGA	SP1_HUMAN.H11MO.1.A	-1	1.19191e-05	0.00916577	0.0111624	14	ATTGGGGCGGTGCGA	GGGGGGCGGGGCCG	+
59-RKTGGGGCGGTGCGA	KLF12_HUMAN.H11MO.0.C	-2	1.4701e-05	0.0113051	0.0111624	11	ATTGGGGCGGTGCGA	AGGGGCGGGGC	+
59-RKTGGGGCGGTGCGA	SP1_HUMAN.H11MO.0.A	-1	5.8788e-05	0.045208	0.0286461	14	ATTGGGGCGGTGCGA	GGGGGGCGGGGCCGGGGGGGGG	+
59-RKTGGGGCGGTGCGA	SP3_HUMAN.H11MO.0.B	2	7.54543e-05	0.0580243	0.0286461	15	ATTGGGGCGGTGCGA	GGGGGGGGGCGGGGCCGGGG	+
59-RKTGGGGCGGTGCGA	ZN740_HUMAN.H11MO.0.D	0	0.000107632	0.0827687	0.0290593	14	ATTGGGGCGGTGCGA	GGGGGGGGGGTGGG	+
59-RKTGGGGCGGTGCGA	SP2_HUMAN.H11MO.1.B	-1	0.000124601	0.0958179	0.0290593	12	ATTGGGGCGGTGCGA	AGGGGGCGGGGC	+
59-RKTGGGGCGGTGCGA	SP4_HUMAN.H11MO.1.A	1	0.00013395	0.103007	0.0290593	15	ATTGGGGCGGTGCGA	GGAGGGGGCGGGGCCG	+
59-RKTGGGGCGGTGCGA	KLF3_HUMAN.H11MO.0.B	2	0.000226053	0.173835	0.0429104	15	ATTGGGGCGGTGCGA	GGGGAGGGGCGGGGCCGGG	+
59-RKTGGGGCGGTGCGA	SP2_HUMAN.H11MO.0.A	3	0.000338483	0.260294	0.0571131	15	ATTGGGGCGGTGCGA	GGGGGGGGGGCGGGGCCGGGGG	+
59-RKTGGGGCGGTGCGA	SP4_HUMAN.H11MO.0.A	3	0.000395263	0.303957	0.0600244	15	ATTGGGGCGGTGCGA	GGGAAGGGGGCGGGGCCGGG	+
59-RKTGGGGCGGTGCGA	KLF4_HUMAN.H11MO.0.A	-3	0.000561522	0.43181	0.0775203	10	ATTGGGGCGGTGCGA	AGGGTGTGGC	+
59-RKTGGGGCGGTGCGA	KLF9_HUMAN.H11MO.0.C	1	0.000656189	0.504609	0.0830403	14	ATTGGGGCGGTGCGA	GGAGGGGGCGTGGCC	+
59-RKTGGGGCGGTGCGA	KLF14_HUMAN.H11MO.0.D	0	0.000753211	0.579219	0.0877425	13	ATTGGGGCGGTGCGA	AGGGGGGCGTGGC	+
59-RKTGGGGCGGTGCGA	TBX1_HUMAN.H11MO.0.D	1	0.000808903	0.622047	0.0877425	15	ATTGGGGCGGTGCGA	GGGTGGGCAGGGGTGGGCGG	+
59-RKTGGGGCGGTGCGA	TBX15_HUMAN.H11MO.0.D	3	0.000902999	0.694406	0.0879665	15	ATTGGGGCGGTGCGA	GGGGGGGGGGGGGTGGGGG	+
59-RKTGGGGCGGTGCGA	ZIC1_HUMAN.H11MO.0.B	-3	0.000954945	0.734353	0.0879665	9	ATTGGGGCGGTGCGA	GGGGTGGTC	+
59-RKTGGGGCGGTGCGA	NFIA_HUMAN.H11MO.0.C	-1	0.000984747	0.757271	0.0879665	14	ATTGGGGCGGTGCGA	TTGGCACGGTGCCAA	+
59-RKTGGGGCGGTGCGA	KLF13_HUMAN.H11MO.0.D	0	0.00109718	0.84373	0.0925649	11	ATTGGGGCGGTGCGA	AGGGGGGCGTG	+
59-RKTGGGGCGGTGCGA	KLF1_HUMAN.H11MO.0.A	-3	0.00116476	0.895697	0.0930942	12	ATTGGGGCGGTGCGA	GGGGCGGGGCCGGG	+
59-RKTGGGGCGGTGCGA	MAZ_HUMAN.H11MO.1.A	-2	0.00140983	1.08416	0.107048	11	ATTGGGGCGGTGCGA	GAGGGAGGGGG	+
59-RKTGGGGCGGTGCGA	ZN219_HUMAN.H11MO.0.D	1	0.00188492	1.4495	0.136306	11	ATTGGGGCGGTGCGA	GAGGGGGGCGGA	+
59-RKTGGGGCGGTGCGA	KLF16_HUMAN.H11MO.0.D	-2	0.00361803	2.78227	0.249742	13	ATTGGGGCGGTGCGA	GGGGGCGGGGGGGGGGGGG	+
59-RKTGGGGCGGTGCGA	ZN148_HUMAN.H11MO.0.D	3	0.0038973	2.99703	0.257322	12	ATTGGGGCGGTGCGA	GGGGTGGGGGAGGGG	+
59-RKTGGGGCGGTGCGA	KLF6_HUMAN.H11MO.0.A	0	0.00424036	3.26084	0.264315	15	ATTGGGGCGGTGCGA	GGAAGGGCGGGGCCGGGGG	+
59-RKTGGGGCGGTGCGA	E2F4_HUMAN.H11MO.0.A	-2	0.00435131	3.34615	0.264315	13	ATTGGGGCGGTGCGA	GGGGGCGGGAAAT	+
59-RKTGGGGCGGTGCGA	SRBP2_HUMAN.H11MO.0.B	1	0.00459061	3.53018	0.268126	12	ATTGGGGCGGTGCGA	GGGTGGGGTGAGG	+
59-RKTGGGGCGGTGCGA	KLF15_HUMAN.H11MO.0.A	-3	0.00496156	3.81544	0.279059	12	ATTGGGGCGGTGCGA	GGGGAGGAGCAGGGGGGGG	+
59-RKTGGGGCGGTGCGA	ZN281_HUMAN.H11MO.0.A	2	0.00622146	4.7843	0.328894	13	ATTGGGGCGGTGCGA	GGGTGGGGGAGGGGA	+
59-RKTGGGGCGGTGCGA	KLF5_HUMAN.H11MO.0.A	-3	0.00628077	4.82991	0.328894	12	ATTGGGGCGGTGCGA	AGGGTGGGGCTGGG	+
59-RKTGGGGCGGTGCGA	SALL4_HUMAN.H11MO.0.B	-1	0.0066814	5.138	0.338211	10	ATTGGGGCGGTGCGA	GGAGGGTGGG	+
59-RKTGGGGCGGTGCGA	ZN524_HUMAN.H11MO.0.D	1	0.00729168	5.60731	0.357197	15	ATTGGGGCGGTGCGA	GGGTTCGAGGGTTCGAGT	+
59-RKTGGGGCGGTGCGA	PROX1_HUMAN.H11MO.0.D	1	0.0085362	6.56434	0.405094	15	ATTGGGGCGGTGCGA	GGGTAAGGCGGGTTGGG	+
59-RKTGGGGCGGTGCGA	E2F7_HUMAN.H11MO.0.B	-3	0.0095257	7.32526	0.438353	12	ATTGGGGCGGTGCGA	GGGGCGGGAAAGG	+
59-RKTGGGGCGGTGCGA	PRDM4_HUMAN.H11MO.0.D	-1	0.0107623	8.2762	0.480692	14	ATTGGGGCGGTGCGA	GTGGGGGGCCTTGAAA	+
60-CCACCTCCTCMCCT	EGR2_HUMAN.H11MO.0.A	2	2.46871e-05	0.0189844	0.0194499	14	CCACCTCCTCCCCT	CCCCTCCCACACCCCCCC	-
60-CCACCTCCTCMCCT	TBX15_HUMAN.H11MO.0.D	3	3.60952e-05	0.0277572	0.0194499	14	CCACCTCCTCCCCT	CCCCCACCCCCCCCCCCCC	-
60-CCACCTCCTCMCCT	ZN148_HUMAN.H11MO.0.D	2	5.01696e-05	0.0385805	0.0194499	13	CCACCTCCTCCCCT	CCCCTCCCCCACCCC	-
60-CCACCTCCTCMCCT	WT1_HUMAN.H11MO.0.C	5	6.40399e-05	0.0492467	0.0194499	14	CCACCTCCTCCCCT	CCCCCCCTCCTCCCCCGCCC	-
60-CCACCTCCTCMCCT	EGR2_HUMAN.H11MO.1.A	3	7.61899e-05	0.05859	0.0194499	13	CCACCTCCTCCCCT	CCCCCGCCCACGCCCC	-
60-CCACCTCCTCMCCT	SP2_HUMAN.H11MO.0.A	9	7.99925e-05	0.0615142	0.0194499	13	CCACCTCCTCCCCT	CCCCCGGCCCCGCCCCCCCCCC	-
60-CCACCTCCTCMCCT	ETS1_HUMAN.H11MO.0.A	0	9.43446e-05	0.072551	0.0196625	13	CCACCTCCTCCCCT	CCACTTCCTGTCT	-
60-CCACCTCCTCMCCT	EGR1_HUMAN.H11MO.0.A	3	0.000124663	0.0958656	0.0203411	14	CCACCTCCTCCCCT	CCCCCGCCCACGCCCTC	-
60-CCACCTCCTCMCCT	XBP1_HUMAN.H11MO.0.D	1	0.000125486	0.096499	0.0203411	10	CCACCTCCTCCCCT	GCCACGTCAGC	-
60-CCACCTCCTCMCCT	KLF15_HUMAN.H11MO.0.A	6	0.000140499	0.108044	0.0204972	13	CCACCTCCTCCCCT	CCCCCCCCTGCTCCTCCCC	-
60-CCACCTCCTCMCCT	PATZ1_HUMAN.H11MO.0.C	9	0.000162098	0.124653	0.0214983	13	CCACCTCCTCCCCT	CCTCCCCCCCCGCCCCCTCCCC	-
60-CCACCTCCTCMCCT	VEZF1_HUMAN.H11MO.1.C	0	0.000236362	0.181762	0.0271927	12	CCACCTCCTCCCCT	CCCCCTCCCCCT	-
60-CCACCTCCTCMCCT	ATF6A_HUMAN.H11MO.0.B	0	0.000272891	0.209853	0.0271927	12	CCACCTCCTCCCCT	CCACGTCACCAC	-
60-CCACCTCCTCMCCT	SP4_HUMAN.H11MO.0.A	7	0.000274992	0.211469	0.0271927	13	CCACCTCCTCCCCT	CCCGGCCCCGCCCCCTTCCC	-
60-CCACCTCCTCMCCT	MAZ_HUMAN.H11MO.0.A	8	0.000279591	0.215005	0.0271927	14	CCACCTCCTCCCCT	CCCCCCCCCCCCCCCCTCCCCC	-
60-CCACCTCCTCMCCT	VEZF1_HUMAN.H11MO.0.C	5	0.000389724	0.299698	0.0355351	14	CCACCTCCTCCCCT	CCCCTCCCCCTCCCCCCTCCCC	-
60-CCACCTCCTCMCCT	TBX1_HUMAN.H11MO.0.D	6	0.000435542	0.334932	0.0373768	14	CCACCTCCTCCCCT	CCGCCCACCCCTGCCCACCC	-
60-CCACCTCCTCMCCT	ZN263_HUMAN.H11MO.0.A	8	0.000600383	0.461694	0.0486605	12	CCACCTCCTCCCCT	CTCCTCCTCTCCCTCCTCCC	-
60-CCACCTCCTCMCCT	ZN263_HUMAN.H11MO.1.A	0	0.000653142	0.502266	0.0501504	11	CCACCTCCTCCCCT	CCTCCTCCCTC	-
60-CCACCTCCTCMCCT	ERG_HUMAN.H11MO.0.A	0	0.000722079	0.555279	0.0504171	13	CCACCTCCTCCCCT	CCACTTCCTGCCC	-
60-CCACCTCCTCMCCT	ZBT17_HUMAN.H11MO.0.A	5	0.000725733	0.558089	0.0504171	14	CCACCTCCTCCCCT	CTTCCCCTCCCCCACCCTC	-
60-CCACCTCCTCMCCT	ZN740_HUMAN.H11MO.0.D	1	0.000868902	0.668186	0.0576194	13	CCACCTCCTCCCCT	CCCACCCCCCCCCC	-
60-CCACCTCCTCMCCT	ZN467_HUMAN.H11MO.0.C	9	0.000955014	0.734406	0.0577454	13	CCACCTCCTCCCCT	CCCCCCCCCCCCTCCCCTCCCC	-
60-CCACCTCCTCMCCT	KLF9_HUMAN.H11MO.0.C	2	0.000983892	0.756613	0.0577454	13	CCACCTCCTCCCCT	GGCCACGCCCCCTCC	-
60-CCACCTCCTCMCCT	KLF6_HUMAN.H11MO.0.A	3	0.000989549	0.760963	0.0577454	14	CCACCTCCTCCCCT	CCCCCGGCCCCGCCCTTCC	-
60-CCACCTCCTCMCCT	SPI1_HUMAN.H11MO.0.A	2	0.00105236	0.809266	0.0590489	14	CCACCTCCTCCCCT	TTTCACTTCCTCTTTTT	-
60-CCACCTCCTCMCCT	ZN281_HUMAN.H11MO.0.A	3	0.00111094	0.854312	0.0599204	12	CCACCTCCTCCCCT	TCCCCTCCCCCACCC	-
60-CCACCTCCTCMCCT	RREB1_HUMAN.H11MO.0.D	8	0.00115004	0.884379	0.0599204	14	CCACCTCCTCCCCT	ACCCCAAACCACCCCCCCCCCC	-
60-CCACCTCCTCMCCT	ASCL1_HUMAN.H11MO.0.A	2	0.00133251	1.0247	0.0653947	12	CCACCTCCTCCCCT	CTGCACCTGCTCCC	+
60-CCACCTCCTCMCCT	SP3_HUMAN.H11MO.0.B	8	0.00134476	1.03412	0.0653947	12	CCACCTCCTCCCCT	CCCCGGCCCCGCCCCCCCCC	-
60-CCACCTCCTCMCCT	KLF16_HUMAN.H11MO.0.D	3	0.00151267	1.16325	0.0711875	14	CCACCTCCTCCCCT	CCCCCCCCCCCCCGCCCCC	-
60-CCACCTCCTCMCCT	SP2_HUMAN.H11MO.1.B	3	0.0015868	1.22025	0.0723423	9	CCACCTCCTCCCCT	GCCCCGCCCCCT	-
60-CCACCTCCTCMCCT	MAX_HUMAN.H11MO.0.A	0	0.00170981	1.31485	0.0755884	10	CCACCTCCTCCCCT	CCACGTGCTC	-
60-CCACCTCCTCMCCT	ZN219_HUMAN.H11MO.0.D	1	0.0019204	1.47679	0.0797559	11	CCACCTCCTCCCCT	TCCGCCCCCCTC	-
60-CCACCTCCTCMCCT	ZN341_HUMAN.H11MO.0.C	7	0.00198285	1.52481	0.0797559	14	CCACCTCCTCCCCT	GCTCTTCCCTCCCCCCCCCCCC	-
60-CCACCTCCTCMCCT	SPIB_HUMAN.H11MO.0.A	2	0.00202625	1.55818	0.0797559	14	CCACCTCCTCCCCT	TTTCACTTCCTCTTTTT	-
60-CCACCTCCTCMCCT	ZFX_HUMAN.H11MO.1.A	3	0.00202625	1.55818	0.0797559	14	CCACCTCCTCCCCT	CCCCGGCCTCCGCCCCC	-
60-CCACCTCCTCMCCT	FLI1_HUMAN.H11MO.1.A	0	0.00207743	1.59754	0.0797559	13	CCACCTCCTCCCCT	CCACTTCCTGCCT	-
60-CCACCTCCTCMCCT	BC11A_HUMAN.H11MO.0.A	3	0.0021478	1.65166	0.0803433	14	CCACCTCCTCCCCT	TTTTCACTTCCTCTTTT	-
60-CCACCTCCTCMCCT	ELF5_HUMAN.H11MO.0.A	0	0.00226149	1.73909	0.0804847	14	CCACCTCCTCCCCT	CCACTTCCTCCTTCC	-
60-CCACCTCCTCMCCT	PTF1A_HUMAN.H11MO.1.B	0	0.00232357	1.78682	0.0804847	9	CCACCTCCTCCCCT	CCAGCTGCT	-
60-CCACCTCCTCMCCT	MAZ_HUMAN.H11MO.1.A	0	0.00237226	1.82426	0.0804847	11	CCACCTCCTCCCCT	CCCCCTCCCTC	-
60-CCACCTCCTCMCCT	WT1_HUMAN.H11MO.1.B	0	0.00237226	1.82426	0.0804847	11	CCACCTCCTCCCCT	CCTCCTCCCAC	-
60-CCACCTCCTCMCCT	CREB3_HUMAN.H11MO.0.D	2	0.00279921	2.15259	0.0917259	11	CCACCTCCTCCCCT	TGCCACGTCACCA	-
60-CCACCTCCTCMCCT	ZSC22_HUMAN.H11MO.0.C	3	0.00282933	2.17576	0.0917259	13	CCACCTCCTCCCCT	CCTCCTCCCTCAGACC	-
60-CCACCTCCTCMCCT	CR3L2_HUMAN.H11MO.0.D	2	0.00296923	2.28333	0.0923183	11	CCACCTCCTCCCCT	TGCCACGTCATCA	-
60-CCACCTCCTCMCCT	OLIG2_HUMAN.H11MO.0.B	0	0.00298778	2.2976	0.0923183	14	CCACCTCCTCCCCT	CCAGCTGTTTCCCTTCTG	+
60-CCACCTCCTCMCCT	GABPA_HUMAN.H11MO.0.A	0	0.00303744	2.33579	0.0923183	14	CCACCTCCTCCCCT	CCACTTCCGGTTCC	-
60-CCACCTCCTCMCCT	ELF2_HUMAN.H11MO.0.C	0	0.00314887	2.42148	0.0924953	13	CCACCTCCTCCCCT	CCACTTCCGGGTT	-
60-CCACCTCCTCMCCT	SP4_HUMAN.H11MO.1.A	5	0.00317007	2.43778	0.0924953	11	CCACCTCCTCCCCT	CGGCCCCGCCCCCTCC	-
60-CCACCTCCTCMCCT	PATZ1_HUMAN.H11MO.1.C	-1	0.00329109	2.53084	0.0941433	9	CCACCTCCTCCCCT	CCCCTCCCT	-
60-CCACCTCCTCMCCT	FEV_HUMAN.H11MO.0.B	-1	0.00356841	2.7441	0.100113	10	CCACCTCCTCCCCT	CGCTTCCCGC	-
60-CCACCTCCTCMCCT	PURA_HUMAN.H11MO.0.D	0	0.00380129	2.92319	0.104635	14	CCACCTCCTCCCCT	CCCTGCCCCCCCCTTCC	-
60-CCACCTCCTCMCCT	EOMES_HUMAN.H11MO.0.D	3	0.0040224	3.09323	0.107606	9	CCACCTCCTCCCCT	TTAACACCTCCT	-
60-CCACCTCCTCMCCT	SNAI1_HUMAN.H11MO.0.C	0	0.00412821	3.1746	0.107606	8	CCACCTCCTCCCCT	CCACCTGG	-
60-CCACCTCCTCMCCT	BHA15_HUMAN.H11MO.0.B	0	0.00420428	3.23309	0.107606	11	CCACCTCCTCCCCT	CCAGCTGCTGC	-
60-CCACCTCCTCMCCT	ZN770_HUMAN.H11MO.1.C	2	0.00420428	3.23309	0.107606	9	CCACCTCCTCCCCT	CTCAGCCTCCC	-
60-CCACCTCCTCMCCT	TAF1_HUMAN.H11MO.0.A	0	0.00443677	3.41187	0.10981	14	CCACCTCCTCCCCT	CCGCCGCCGCCATCTT	-
60-CCACCTCCTCMCCT	TBX3_HUMAN.H11MO.0.C	3	0.00447378	3.44033	0.10981	8	CCACCTCCTCCCCT	TTCCCACCTCC	-
60-CCACCTCCTCMCCT	ELF1_HUMAN.H11MO.0.A	0	0.00451621	3.47296	0.10981	14	CCACCTCCTCCCCT	CCACTTCCGGGTTC	-
60-CCACCTCCTCMCCT	IRF4_HUMAN.H11MO.0.A	4	0.00468498	3.60275	0.110587	14	CCACCTCCTCCCCT	AGTTTCACTTCCTCTTTT	-
60-CCACCTCCTCMCCT	ETS2_HUMAN.H11MO.0.B	1	0.00472093	3.63039	0.110587	12	CCACCTCCTCCCCT	TCCTCTTCCTTCC	-
60-CCACCTCCTCMCCT	LYL1_HUMAN.H11MO.0.A	0	0.00477557	3.67241	0.110587	14	CCACCTCCTCCCCT	CCAGCTGTTTCCTG	+
60-CCACCTCCTCMCCT	ASCL2_HUMAN.H11MO.0.D	0	0.0049349	3.79494	0.112491	9	CCACCTCCTCCCCT	CCAGCTGCT	+
60-CCACCTCCTCMCCT	ETV5_HUMAN.H11MO.0.C	1	0.00504879	3.88252	0.113317	13	CCACCTCCTCCCCT	CTCACTTCCTGCTC	-
60-CCACCTCCTCMCCT	THAP1_HUMAN.H11MO.0.C	2	0.00589539	4.53356	0.130314	14	CCACCTCCTCCCCT	CGCCGCCATCTTGGCTGCGGGC	+
60-CCACCTCCTCMCCT	NDF2_HUMAN.H11MO.0.B	0	0.00684679	5.26518	0.14545	9	CCACCTCCTCCCCT	CCATCTGTT	-
60-CCACCTCCTCMCCT	ETV1_HUMAN.H11MO.0.A	-1	0.00685548	5.27186	0.14545	11	CCACCTCCTCCCCT	CACTTCCGGCC	-
60-CCACCTCCTCMCCT	ITF2_HUMAN.H11MO.0.C	1	0.00716279	5.50818	0.14545	9	CCACCTCCTCCCCT	CCCAGCTGCC	-
60-CCACCTCCTCMCCT	ELK4_HUMAN.H11MO.0.A	0	0.00724212	5.56919	0.14545	12	CCACCTCCTCCCCT	CCACTTCCGGTC	-
60-CCACCTCCTCMCCT	NGN2_HUMAN.H11MO.0.D	1	0.00724212	5.56919	0.14545	11	CCACCTCCTCCCCT	GCCATCTGCTCC	-
60-CCACCTCCTCMCCT	MXI1_HUMAN.H11MO.1.A	1	0.00727808	5.59684	0.14545	10	CCACCTCCTCCCCT	CCCACGTGCTC	+
60-CCACCTCCTCMCCT	FIGLA_HUMAN.H11MO.0.D	1	0.00727808	5.59684	0.14545	10	CCACCTCCTCCCCT	AACACCTGTTA	-
60-CCACCTCCTCMCCT	PTF1A_HUMAN.H11MO.0.B	0	0.00764718	5.88068	0.150761	14	CCACCTCCTCCCCT	CCAGCTGCCCCCTTTCCC	+
60-CCACCTCCTCMCCT	RXRA_HUMAN.H11MO.0.A	6	0.0078874	6.06541	0.153424	14	CCACCTCCTCCCCT	CTCTGACCTCTGCCTCCCCC	-
60-CCACCTCCTCMCCT	KLF14_HUMAN.H11MO.0.D	1	0.00826415	6.35513	0.156846	12	CCACCTCCTCCCCT	GCCACGCCCCCCT	-
60-CCACCTCCTCMCCT	ZIC1_HUMAN.H11MO.0.B	-1	0.00829765	6.38089	0.156846	9	CCACCTCCTCCCCT	GACCACCCC	-
60-CCACCTCCTCMCCT	FLI1_HUMAN.H11MO.0.A	3	0.00850734	6.54214	0.156846	14	CCACCTCCTCCCCT	TCCCTCCTTCCTTCCTCC	-
60-CCACCTCCTCMCCT	SNAI2_HUMAN.H11MO.0.A	1	0.00860492	6.61719	0.156846	9	CCACCTCCTCCCCT	TGCACCTGCC	-
60-CCACCTCCTCMCCT	ZN140_HUMAN.H11MO.0.C	9	0.00866583	6.66402	0.156846	14	CCACCTCCTCCCCT	TATGACCCAGCAATTCCGCTCCTA	+
60-CCACCTCCTCMCCT	ZN816_HUMAN.H11MO.1.C	1	0.00870841	6.69677	0.156846	13	CCACCTCCTCCCCT	TGCATGTCCCCCTT	-
60-CCACCTCCTCMCCT	ATOH1_HUMAN.H11MO.0.B	0	0.00941559	7.24059	0.167515	9	CCACCTCCTCCCCT	CCATCTGCT	-
60-CCACCTCCTCMCCT	MYF6_HUMAN.H11MO.0.C	-1	0.00973889	7.4892	0.17118	7	CCACCTCCTCCCCT	CAGCTGC	+
60-CCACCTCCTCMCCT	TAL1_HUMAN.H11MO.1.A	1	0.010041	7.72152	0.173696	14	CCACCTCCTCCCCT	CACATCTGCTTCCTG	-
60-CCACCTCCTCMCCT	IRF8_HUMAN.H11MO.0.B	6	0.0102901	7.91308	0.173696	14	CCACCTCCTCCCCT	TTACTTTCACTTCCTCTTTT	-
60-CCACCTCCTCMCCT	MYC_HUMAN.H11MO.0.A	1	0.0103583	7.96553	0.173696	10	CCACCTCCTCCCCT	GCCACGTGCTC	+
60-CCACCTCCTCMCCT	ID4_HUMAN.H11MO.0.D	2	0.0103583	7.96553	0.173696	9	CCACCTCCTCCCCT	TTACACCTGTC	-
60-CCACCTCCTCMCCT	PROX1_HUMAN.H11MO.0.D	4	0.0111865	8.60241	0.183991	13	CCACCTCCTCCCCT	CCCAACCCGCCTTACCC	-
60-CCACCTCCTCMCCT	KLF3_HUMAN.H11MO.0.B	1	0.0113248	8.70878	0.183991	14	CCACCTCCTCCCCT	CCCGGCCCCGCCCCTCCCC	-
60-CCACCTCCTCMCCT	ELF3_HUMAN.H11MO.0.A	0	0.0113506	8.72861	0.183991	14	CCACCTCCTCCCCT	CCACTTCCTGGTTC	-
60-CCACCTCCTCMCCT	EHF_HUMAN.H11MO.0.B	1	0.0117425	9.02998	0.188252	14	CCACCTCCTCCCCT	GCCACTTCCTGGTTC	-
60-CCACCTCCTCMCCT	MZF1_HUMAN.H11MO.0.B	0	0.0120733	9.28436	0.189393	13	CCACCTCCTCCCCT	CCCAATCCCCTCC	-
60-CCACCTCCTCMCCT	SRBP2_HUMAN.H11MO.0.B	-1	0.0120733	9.28436	0.189393	13	CCACCTCCTCCCCT	CCTCACCCCACCC	-
60-CCACCTCCTCMCCT	ZN770_HUMAN.H11MO.0.C	4	0.0125086	9.61908	0.194133	14	CCACCTCCTCCCCT	GATCCTCCCGCCTCAGCCTCCC	-
60-CCACCTCCTCMCCT	ELK1_HUMAN.H11MO.0.B	0	0.013032	10.0216	0.200128	11	CCACCTCCTCCCCT	CCACTTCCGGT	-
60-CCACCTCCTCMCCT	TFDP1_HUMAN.H11MO.0.C	5	0.0139797	10.7504	0.212446	9	CCACCTCCTCCCCT	TTTTCCCGCCCCCC	-
60-CCACCTCCTCMCCT	KLF8_HUMAN.H11MO.0.C	-1	0.0145013	11.1515	0.214078	9	CCACCTCCTCCCCT	CACCCCCTG	-
60-CCACCTCCTCMCCT	MESP1_HUMAN.H11MO.0.D	3	0.0145928	11.2218	0.214078	8	CCACCTCCTCCCCT	TCCACACCTGC	-
60-CCACCTCCTCMCCT	HIF1A_HUMAN.H11MO.0.C	0	0.0145931	11.2221	0.214078	8	CCACCTCCTCCCCT	GCACGTCC	-
60-CCACCTCCTCMCCT	KLF4_HUMAN.H11MO.0.A	1	0.0146741	11.2844	0.214078	9	CCACCTCCTCCCCT	GCCACACCCT	-
60-CCACCTCCTCMCCT	SPIC_HUMAN.H11MO.0.D	0	0.0149216	11.4747	0.215533	13	CCACCTCCTCCCCT	CCTCCCCTTCCTC	-
60-CCACCTCCTCMCCT	EGR4_HUMAN.H11MO.0.D	3	0.0154354	11.8698	0.220769	8	CCACCTCCTCCCCT	GCCCTGCCGCC	-
60-CCACCTCCTCMCCT	HEY2_HUMAN.H11MO.0.D	5	0.0160083	12.3104	0.226741	12	CCACCTCCTCCCCT	TAATGCCACGTGCCCCC	-
60-CCACCTCCTCMCCT	SALL4_HUMAN.H11MO.0.B	1	0.0174368	13.4089	0.244598	9	CCACCTCCTCCCCT	CCCACCCTCC	-
60-CCACCTCCTCMCCT	E2F6_HUMAN.H11MO.0.A	-1	0.0183767	14.1317	0.255329	13	CCACCTCCTCCCCT	CCCTTCCCGCCCC	-
60-CCACCTCCTCMCCT	SP1_HUMAN.H11MO.1.A	5	0.0189912	14.6043	0.261377	9	CCACCTCCTCCCCT	CGGCCCCGCCCCCC	-
60-CCACCTCCTCMCCT	TBX21_HUMAN.H11MO.0.A	1	0.0193482	14.8788	0.263802	12	CCACCTCCTCCCCT	TTCACACCTCCAC	-
60-CCACCTCCTCMCCT	KLF5_HUMAN.H11MO.0.A	-1	0.0199716	15.3582	0.267482	13	CCACCTCCTCCCCT	CCCAGCCCCACCCT	-
60-CCACCTCCTCMCCT	ZN816_HUMAN.H11MO.0.C	4	0.0200305	15.4034	0.267482	14	CCACCTCCTCCCCT	CCCTGCATGTCCCCCTTTTTT	-
60-CCACCTCCTCMCCT	EGR3_HUMAN.H11MO.0.D	0	0.0203515	15.6503	0.267482	11	CCACCTCCTCCCCT	ACACCCACTCT	-
60-CCACCTCCTCMCCT	ETV4_HUMAN.H11MO.0.B	-1	0.0203515	15.6503	0.267482	11	CCACCTCCTCCCCT	CCCTTCCTGTT	-
60-CCACCTCCTCMCCT	CTCF_HUMAN.H11MO.0.A	5	0.0208451	16.0299	0.271523	14	CCACCTCCTCCCCT	TGGCGCCCCCTGGTGGCCA	-
60-CCACCTCCTCMCCT	TBX5_HUMAN.H11MO.0.D	2	0.0211538	16.2673	0.273106	6	CCACCTCCTCCCCT	TCACACCT	-
60-CCACCTCCTCMCCT	ZN784_HUMAN.H11MO.0.D	0	0.0214906	16.5263	0.27502	11	CCACCTCCTCCCCT	GTACCTACCTC	-
60-CCACCTCCTCMCCT	OLIG2_HUMAN.H11MO.1.B	0	0.0231085	17.7704	0.292462	10	CCACCTCCTCCCCT	CCATCTGTTT	+
60-CCACCTCCTCMCCT	HEN1_HUMAN.H11MO.0.C	6	0.0232545	17.8827	0.292462	14	CCACCTCCTCCCCT	AGGGACGCAGCTGCTCCCCA	-
60-CCACCTCCTCMCCT	Z324A_HUMAN.H11MO.0.C	5	0.0238209	18.3183	0.297025	14	CCACCTCCTCCCCT	TATCAAACCATCCTTTGCTGCCA	+
60-CCACCTCCTCMCCT	ETV7_HUMAN.H11MO.0.D	-3	0.0243091	18.6937	0.300544	7	CCACCTCCTCCCCT	CTTCCTG	-
60-CCACCTCCTCMCCT	ZN350_HUMAN.H11MO.1.D	9	0.0270114	20.7718	0.331147	14	CCACCTCCTCCCCT	GGGCAACAAATCCCTGCGCCCCGT	-
60-CCACCTCCTCMCCT	SP1_HUMAN.H11MO.0.A	7	0.0280556	21.5748	0.341083	14	CCACCTCCTCCCCT	CCCCCCCCCGGCCCCGCCCCCC	-
60-CCACCTCCTCMCCT	ZBTB4_HUMAN.H11MO.0.D	1	0.0289077	22.23	0.348537	14	CCACCTCCTCCCCT	CCCACCTGCCATCTAGG	-
60-CCACCTCCTCMCCT	MYOD1_HUMAN.H11MO.0.A	0	0.0303367	23.3289	0.362768	14	CCACCTCCTCCCCT	GCAGCTGTTCCTGCC	+
60-CCACCTCCTCMCCT	KLF1_HUMAN.H11MO.0.A	1	0.0311197	23.931	0.369105	13	CCACCTCCTCCCCT	CCCGGCCCCGCCCC	-
60-CCACCTCCTCMCCT	ZBTB4_HUMAN.H11MO.1.D	0	0.0318247	24.4732	0.371317	14	CCACCTCCTCCCCT	CCACCACCGCTATTG	-
60-CCACCTCCTCMCCT	ZIC2_HUMAN.H11MO.0.D	2	0.0318247	24.4732	0.371317	13	CCACCTCCTCCCCT	GGCCCCCTGCTGTGA	+
60-CCACCTCCTCMCCT	NKX25_HUMAN.H11MO.0.B	-3	0.0320697	24.6616	0.371317	8	CCACCTCCTCCCCT	CCTCTCCA	-
60-CCACCTCCTCMCCT	COT1_HUMAN.H11MO.0.C	3	0.0333532	25.6486	0.383137	14	CCACCTCCTCCCCT	CCCTGACCTCTGACCCC	-
60-CCACCTCCTCMCCT	RARA_HUMAN.H11MO.0.A	3	0.0342483	26.337	0.390346	14	CCACCTCCTCCCCT	CCTTGACCTCTTGATCCCCC	-
60-CCACCTCCTCMCCT	MCR_HUMAN.H11MO.0.D	2	0.0366512	28.1847	0.414494	14	CCACCTCCTCCCCT	TACAACAACCTGTTCTT	-
60-CCACCTCCTCMCCT	E2F1_HUMAN.H11MO.0.A	5	0.0376891	28.9829	0.41997	9	CCACCTCCTCCCCT	CTTTCCCGCCCCCC	-
60-CCACCTCCTCMCCT	COT2_HUMAN.H11MO.1.A	3	0.038408	29.5358	0.41997	14	CCACCTCCTCCCCT	CCCTGACCTTTGACCCC	-
60-CCACCTCCTCMCCT	MBD2_HUMAN.H11MO.0.B	-3	0.0384122	29.539	0.41997	11	CCACCTCCTCCCCT	CCTCCGGCCCC	-
60-CCACCTCCTCMCCT	E2F7_HUMAN.H11MO.0.B	0	0.0388626	29.8853	0.41997	13	CCACCTCCTCCCCT	CCTTTCCCGCCCC	-
60-CCACCTCCTCMCCT	E2F4_HUMAN.H11MO.0.A	5	0.0388626	29.8853	0.41997	8	CCACCTCCTCCCCT	ATTTCCCGCCCCC	-
60-CCACCTCCTCMCCT	ZBTB6_HUMAN.H11MO.0.C	5	0.0388626	29.8853	0.41997	8	CCACCTCCTCCCCT	CGGCTCCAGCACC	-
60-CCACCTCCTCMCCT	ETV2_HUMAN.H11MO.0.B	1	0.0398197	30.6213	0.427149	14	CCACCTCCTCCCCT	CCCACTTCCTGTTTCC	-
60-CCACCTCCTCMCCT	RARA_HUMAN.H11MO.2.A	3	0.0402404	30.9449	0.427382	14	CCACCTCCTCCCCT	TGACCTCTCGGTGACCT	-
60-CCACCTCCTCMCCT	NFAT5_HUMAN.H11MO.0.D	0	0.0404273	31.0886	0.427382	11	CCACCTCCTCCCCT	CCTTTTCCTCT	-
60-CCACCTCCTCMCCT	TFE2_HUMAN.H11MO.0.A	1	0.0425361	32.7103	0.446114	10	CCACCTCCTCCCCT	CACAGCTGCAG	+
60-CCACCTCCTCMCCT	IRX2_HUMAN.H11MO.0.D	3	0.0428108	32.9215	0.446114	14	CCACCTCCTCCCCT	CCAACATGCCCACCCATGT	-
60-CCACCTCCTCMCCT	PLAG1_HUMAN.H11MO.0.D	2	0.0462179	35.5415	0.478202	14	CCACCTCCTCCCCT	CCCCTCCTGATGCCCCC	-
60-CCACCTCCTCMCCT	SRBP1_HUMAN.H11MO.0.A	1	0.0470495	36.181	0.483378	10	CCACCTCCTCCCCT	CTCACCCCACC	-
60-CCACCTCCTCMCCT	ZN320_HUMAN.H11MO.0.C	6	0.0475048	36.5312	0.484643	14	CCACCTCCTCCCCT	CACTGGCCCCCTGGTCCCAC	-
60-CCACCTCCTCMCCT	CTCFL_HUMAN.H11MO.0.A	5	0.0483801	37.2043	0.490145	12	CCACCTCCTCCCCT	CGGCGCCCCCTGGCGGC	-
60-CCACCTCCTCMCCT	ELK3_HUMAN.H11MO.0.D	0	0.0488487	37.5647	0.49148	12	CCACCTCCTCCCCT	GCACTTCCTGGG	-
60-CCACCTCCTCMCCT	E2F4_HUMAN.H11MO.1.A	1	0.0498993	38.3725	0.498611	13	CCACCTCCTCCCCT	TCAAATTTCCCGCC	-
61-CCCTCTCCCAG	IKZF1_HUMAN.H11MO.0.C	-3	7.98039e-05	0.0613692	0.062421	8	CCCTCTCCCAG	TCTCCCAA	-
61-CCCTCTCCCAG	ZN281_HUMAN.H11MO.0.A	2	8.2166e-05	0.0631857	0.062421	11	CCCTCTCCCAG	TCCCCTCCCCCACCC	-
61-CCCTCTCCCAG	ZN148_HUMAN.H11MO.0.D	1	0.000282947	0.217587	0.111192	11	CCCTCTCCCAG	CCCCTCCCCCACCCC	-
61-CCCTCTCCCAG	PATZ1_HUMAN.H11MO.1.C	-1	0.000327442	0.251803	0.111192	9	CCCTCTCCCAG	CCCCTCCCT	-
61-CCCTCTCCCAG	ZNF76_HUMAN.H11MO.0.C	3	0.000440064	0.338409	0.111192	11	CCCTCTCCCAG	ACTACAATTCCCAGAATGCCCC	-
61-CCCTCTCCCAG	MAZ_HUMAN.H11MO.1.A	0	0.000447784	0.344346	0.111192	11	CCCTCTCCCAG	CCCCCTCCCTC	-
61-CCCTCTCCCAG	WT1_HUMAN.H11MO.1.B	0	0.000512275	0.393939	0.111192	11	CCCTCTCCCAG	CCTCCTCCCAC	-
61-CCCTCTCCCAG	ZN436_HUMAN.H11MO.0.C	-1	0.000772865	0.594333	0.143099	10	CCCTCTCCCAG	CCTCCTCCAGGAAGCCTTCCCTGA	-
61-CCCTCTCCCAG	ZN143_HUMAN.H11MO.0.A	5	0.000878171	0.675314	0.143099	11	CCCTCTCCCAG	GAACTACAATTCCCAGAATGCC	-
61-CCCTCTCCCAG	ZBT17_HUMAN.H11MO.0.A	4	0.000941817	0.724257	0.143099	11	CCCTCTCCCAG	CTTCCCCTCCCCCACCCTC	-
61-CCCTCTCCCAG	THA11_HUMAN.H11MO.0.B	5	0.00107411	0.825989	0.148362	11	CCCTCTCCCAG	GAACTACAACTCCCAGCATGCC	-
61-CCCTCTCCCAG	ZN768_HUMAN.H11MO.0.C	5	0.00288812	2.22097	0.365682	11	CCCTCTCCCAG	ACTTAACCTCTCTGAGCCTC	-
61-CCCTCTCCCAG	KLF4_HUMAN.H11MO.0.A	0	0.00382746	2.94332	0.447338	10	CCCTCTCCCAG	GCCACACCCT	-
61-CCCTCTCCCAG	EGR2_HUMAN.H11MO.1.A	0	0.00458566	3.52637	0.482922	11	CCCTCTCCCAG	CCCCCGCCCACGCCCC	-
61-CCCTCTCCCAG	VEZF1_HUMAN.H11MO.1.C	0	0.0047676	3.66629	0.482922	11	CCCTCTCCCAG	CCCCCTCCCCCT	-
64-CAGGAATG	TEAD2_HUMAN.H11MO.0.D	1	4.61435e-05	0.0354843	0.0709543	8	CAGGAATG	CCTGGAATGTGG	-
64-CAGGAATG	TEAD1_HUMAN.H11MO.0.A	3	0.000117746	0.0905467	0.0780835	8	CAGGAATG	TGGCTGGAATGT	-
64-CAGGAATG	TEAD4_HUMAN.H11MO.0.A	4	0.000152339	0.117149	0.0780835	8	CAGGAATG	ATGCCAGGAATGT	-
64-CAGGAATG	ETV6_HUMAN.H11MO.0.D	1	0.00131701	1.01278	0.423188	8	CAGGAATG	ACAGGAAGT	+
64-CAGGAATG	ETV4_HUMAN.H11MO.0.B	2	0.00137605	1.05819	0.423188	8	CAGGAATG	AACAGGAAGGG	+
70-CCTCGGTGC	REST_HUMAN.H11MO.0.A	9	0.000129099	0.0992769	0.198554	9	CCTCGGTGC	GGGCGCTGTCCATGGTGCTGAA	-
71-GAGCCTAGC	ZN331_HUMAN.H11MO.0.C	10	0.000261257	0.200907	0.401813	9	GAGCCTAGC	CCACCCAGCTGAGCCCAGCC	-
72-CGCCGCCCA	KLF12_HUMAN.H11MO.0.C	1	0.000134933	0.103763	0.132916	9	CGCCGCCCA	GCCCCGCCCCT	-
72-CGCCGCCCA	SP1_HUMAN.H11MO.1.A	3	0.00017545	0.134921	0.132916	9	CGCCGCCCA	CGGCCCCGCCCCCC	-
72-CGCCGCCCA	SP1_HUMAN.H11MO.0.A	11	0.000488508	0.375662	0.191188	9	CGCCGCCCA	CCCCCCCCCGGCCCCGCCCCCC	-
72-CGCCGCCCA	KLF3_HUMAN.H11MO.0.B	5	0.000831654	0.639542	0.191188	9	CGCCGCCCA	CCCGGCCCCGCCCCTCCCC	-
72-CGCCGCCCA	EGR1_HUMAN.H11MO.0.A	1	0.000841532	0.647138	0.191188	9	CGCCGCCCA	CCCCCGCCCACGCCCTC	-
72-CGCCGCCCA	EGR2_HUMAN.H11MO.1.A	1	0.000861072	0.662164	0.191188	9	CGCCGCCCA	CCCCCGCCCACGCCCC	-
72-CGCCGCCCA	SP3_HUMAN.H11MO.0.B	6	0.000966746	0.743427	0.191188	9	CGCCGCCCA	CCCCGGCCCCGCCCCCCCCC	-
72-CGCCGCCCA	ZN219_HUMAN.H11MO.0.D	2	0.00100948	0.776286	0.191188	9	CGCCGCCCA	TCCGCCCCCCTC	-
72-CGCCGCCCA	SP4_HUMAN.H11MO.1.A	3	0.0011953	0.919182	0.201228	9	CGCCGCCCA	CGGCCCCGCCCCCTCC	-
72-CGCCGCCCA	SP2_HUMAN.H11MO.1.B	1	0.00147514	1.13438	0.204736	9	CGCCGCCCA	GCCCCGCCCCCT	-
72-CGCCGCCCA	MAZ_HUMAN.H11MO.1.A	1	0.00149623	1.1506	0.204736	9	CGCCGCCCA	CCCCCTCCCTC	-
72-CGCCGCCCA	SP2_HUMAN.H11MO.0.A	7	0.00178002	1.36884	0.204736	9	CGCCGCCCA	CCCCCGGCCCCGCCCCCCCCCC	-
72-CGCCGCCCA	KLF4_HUMAN.H11MO.0.A	1	0.00181113	1.39276	0.204736	9	CGCCGCCCA	GCCACACCCT	-
72-CGCCGCCCA	SP4_HUMAN.H11MO.0.A	5	0.00198884	1.52942	0.204736	9	CGCCGCCCA	CCCGGCCCCGCCCCCTTCCC	-
72-CGCCGCCCA	EGR2_HUMAN.H11MO.0.A	0	0.00202688	1.55867	0.204736	9	CGCCGCCCA	CCCCTCCCACACCCCCCC	-
72-CGCCGCCCA	KLF13_HUMAN.H11MO.0.D	2	0.00243711	1.87414	0.217581	9	CGCCGCCCA	CACGCCCCCCT	-
72-CGCCGCCCA	KLF6_HUMAN.H11MO.0.A	7	0.00251375	1.93307	0.217581	9	CGCCGCCCA	CCCCCGGCCCCGCCCTTCC	-
72-CGCCGCCCA	KLF1_HUMAN.H11MO.0.A	5	0.00267618	2.05798	0.217581	9	CGCCGCCCA	CCCGGCCCCGCCCC	-
72-CGCCGCCCA	ZN549_HUMAN.H11MO.0.C	1	0.00272846	2.09819	0.217581	9	CGCCGCCCA	GTGCTGCCCAATTCATGAAT	-
72-CGCCGCCCA	KLF14_HUMAN.H11MO.0.D	4	0.00290766	2.23599	0.220278	9	CGCCGCCCA	GCCACGCCCCCCT	-
72-CGCCGCCCA	KLF15_HUMAN.H11MO.0.A	10	0.0041133	3.16313	0.296775	9	CGCCGCCCA	CCCCCCCCTGCTCCTCCCC	-
72-CGCCGCCCA	EGR4_HUMAN.H11MO.0.D	4	0.00438119	3.36914	0.297665	7	CGCCGCCCA	GCCCTGCCGCC	-
72-CGCCGCCCA	GLI1_HUMAN.H11MO.0.D	1	0.00460981	3.54494	0.297665	9	CGCCGCCCA	AGACCACCCAGG	-
72-CGCCGCCCA	KLF5_HUMAN.H11MO.0.A	5	0.00484645	3.72692	0.297665	9	CGCCGCCCA	CCCAGCCCCACCCT	-
72-CGCCGCCCA	WT1_HUMAN.H11MO.1.B	1	0.00491147	3.77692	0.297665	9	CGCCGCCCA	CCTCCTCCCAC	-
72-CGCCGCCCA	PATZ1_HUMAN.H11MO.1.C	0	0.00528927	4.06745	0.308232	9	CGCCGCCCA	CCCCTCCCT	-
72-CGCCGCCCA	GLIS1_HUMAN.H11MO.0.D	1	0.00620073	4.76836	0.33789	9	CGCCGCCCA	AGACCCCCCACGA	-
72-CGCCGCCCA	ZSC22_HUMAN.H11MO.0.C	1	0.00624421	4.8018	0.33789	9	CGCCGCCCA	CCTCCTCCCTCAGACC	-
72-CGCCGCCCA	ZIC1_HUMAN.H11MO.0.B	0	0.00663388	5.10146	0.346598	9	CGCCGCCCA	GACCACCCC	-
72-CGCCGCCCA	GLIS3_HUMAN.H11MO.0.D	0	0.00727708	5.59607	0.367529	9	CGCCGCCCA	TACCCCCCAC	-
72-CGCCGCCCA	TFDP1_HUMAN.H11MO.0.C	6	0.00764886	5.88197	0.371532	8	CGCCGCCCA	TTTTCCCGCCCCCC	-
72-CGCCGCCCA	GLI3_HUMAN.H11MO.0.B	1	0.0081145	6.24005	0.371532	9	CGCCGCCCA	GGACCACCCAG	-
72-CGCCGCCCA	THAP1_HUMAN.H11MO.0.C	0	0.00828163	6.36858	0.371532	9	CGCCGCCCA	CGCCGCCATCTTGGCTGCGGGC	+
72-CGCCGCCCA	KLF16_HUMAN.H11MO.0.D	9	0.00833718	6.41129	0.371532	9	CGCCGCCCA	CCCCCCCCCCCCCGCCCCC	-
72-CGCCGCCCA	E2F4_HUMAN.H11MO.0.A	3	0.00866759	6.66538	0.37522	9	CGCCGCCCA	ATTTCCCGCCCCC	-
72-CGCCGCCCA	ZN740_HUMAN.H11MO.0.D	4	0.00903805	6.95026	0.380389	9	CGCCGCCCA	CCCACCCCCCCCCC	-
72-CGCCGCCCA	CTCFL_HUMAN.H11MO.0.A	3	0.00975669	7.5029	0.389212	9	CGCCGCCCA	CGGCGCCCCCTGGCGGC	-
72-CGCCGCCCA	KLF9_HUMAN.H11MO.0.C	2	0.00976144	7.50655	0.389212	9	CGCCGCCCA	GGCCACGCCCCCTCC	-
72-CGCCGCCCA	EGR3_HUMAN.H11MO.0.D	-2	0.0100828	7.75366	0.391716	7	CGCCGCCCA	ACACCCACTCT	-
72-CGCCGCCCA	IKZF1_HUMAN.H11MO.0.C	-2	0.0107031	8.23065	0.405404	7	CGCCGCCCA	TCTCCCAA	-
72-CGCCGCCCA	TAF1_HUMAN.H11MO.0.A	4	0.0109702	8.43611	0.405404	9	CGCCGCCCA	CCGCCGCCGCCATCTT	-
72-CGCCGCCCA	ZN148_HUMAN.H11MO.0.D	0	0.0115082	8.8498	0.415159	9	CGCCGCCCA	CCCCTCCCCCACCCC	-
72-CGCCGCCCA	ZN449_HUMAN.H11MO.0.C	-2	0.0124879	9.60317	0.440024	7	CGCCGCCCA	AAGCCCAACCA	-
72-CGCCGCCCA	ARNT2_HUMAN.H11MO.0.D	-1	0.0146147	11.2387	0.477781	8	CGCCGCCCA	GCCTCCCACGCC	-
72-CGCCGCCCA	E2F1_HUMAN.H11MO.0.A	3	0.014711	11.3128	0.477781	9	CGCCGCCCA	CTTTCCCGCCCCCC	-
72-CGCCGCCCA	E2F7_HUMAN.H11MO.0.B	4	0.0148532	11.4221	0.477781	9	CGCCGCCCA	CCTTTCCCGCCCC	-
72-CGCCGCCCA	WT1_HUMAN.H11MO.0.C	6	0.0149509	11.4973	0.477781	9	CGCCGCCCA	CCCCCCCTCCTCCCCCGCCC	-
72-CGCCGCCCA	ZBTB4_HUMAN.H11MO.0.D	2	0.0151361	11.6397	0.477781	9	CGCCGCCCA	CCCACCTGCCATCTAGG	-
72-CGCCGCCCA	ZN121_HUMAN.H11MO.0.C	10	0.0157907	12.143	0.478506	9	CGCCGCCCA	GGTCTTGCTATGTTGCCCAG	-
72-CGCCGCCCA	ZN331_HUMAN.H11MO.0.C	-2	0.0157907	12.143	0.478506	7	CGCCGCCCA	CCACCCAGCTGAGCCCAGCC	-
75-AATGAGTGACG	FOS_HUMAN.H11MO.0.A	-1	0.000300923	0.23141	0.16461	9	AATGAGTGACG	GTGAGTCAC	+
75-AATGAGTGACG	FOSB_HUMAN.H11MO.0.A	-1	0.000516828	0.397441	0.16461	9	AATGAGTGACG	ATGAGTCAT	+
75-AATGAGTGACG	JUND_HUMAN.H11MO.0.A	0	0.000588206	0.452331	0.16461	11	AATGAGTGACG	GATGAGTCATC	+
75-AATGAGTGACG	JUN_HUMAN.H11MO.0.A	0	0.000624271	0.480064	0.16461	11	AATGAGTGACG	GATGAGTCATC	+
75-AATGAGTGACG	PKNX1_HUMAN.H11MO.0.B	-2	0.000745372	0.573191	0.16461	9	AATGAGTGACG	TGATTGACAGG	+
75-AATGAGTGACG	JUNB_HUMAN.H11MO.0.A	0	0.000888342	0.683135	0.16461	11	AATGAGTGACG	TCTGAGTCACC	+
75-AATGAGTGACG	FOSL1_HUMAN.H11MO.0.A	1	0.000929665	0.714913	0.16461	11	AATGAGTGACG	GGATGAGTCACC	+
75-AATGAGTGACG	PBX1_HUMAN.H11MO.0.A	-2	0.000978937	0.752803	0.16461	9	AATGAGTGACG	TGATTGACAG	+
75-AATGAGTGACG	HNF1B_HUMAN.H11MO.0.A	4	0.00104528	0.803821	0.16461	11	AATGAGTGACG	GGTTAATGATTAACC	+
75-AATGAGTGACG	FOSL2_HUMAN.H11MO.0.A	1	0.00116882	0.89882	0.16461	11	AATGAGTGACG	GGATGAGTCATC	+
75-AATGAGTGACG	PBX3_HUMAN.H11MO.0.A	-2	0.0011853	0.911496	0.16461	9	AATGAGTGACG	TGATTGACAGG	+
75-AATGAGTGACG	HNF1B_HUMAN.H11MO.1.A	0	0.00132836	1.02151	0.169104	11	AATGAGTGACG	AATCATTAACT	-
75-AATGAGTGACG	PAX1_HUMAN.H11MO.0.D	5	0.00196444	1.51065	0.230843	11	AATGAGTGACG	TCAGTCAAGCGTGACGA	-
75-AATGAGTGACG	PDX1_HUMAN.H11MO.0.A	-2	0.00250281	1.92466	0.273099	9	AATGAGTGACG	TGATTGATG	+
75-AATGAGTGACG	HXB6_HUMAN.H11MO.0.D	0	0.00298411	2.29478	0.285672	11	AATGAGTGACG	AATGATTGATGCA	+
75-AATGAGTGACG	PBX3_HUMAN.H11MO.1.A	-2	0.00299203	2.30087	0.285672	9	AATGAGTGACG	TGATTGGCA	+
75-AATGAGTGACG	ATF1_HUMAN.H11MO.0.B	-3	0.00377236	2.90094	0.338988	8	AATGAGTGACG	CGGTGACGTCA	+
75-AATGAGTGACG	HNF1A_HUMAN.H11MO.0.C	4	0.0046295	3.56009	0.3929	11	AATGAGTGACG	GGTTAATGATTAACT	+
75-AATGAGTGACG	E4F1_HUMAN.H11MO.0.D	-4	0.00597093	4.59164	0.480075	7	AATGAGTGACG	CGTGACGTC	+
76-CCCGCCTCCCGG	SP2_HUMAN.H11MO.1.B	2	2.64696e-05	0.0203551	0.0307938	10	CCCGCCTCCCGG	GCCCCGCCCCCT	-
76-CCCGCCTCCCGG	SP2_HUMAN.H11MO.0.A	8	4.08658e-05	0.0314258	0.0307938	12	CCCGCCTCCCGG	CCCCCGGCCCCGCCCCCCCCCC	-
76-CCCGCCTCCCGG	ZN770_HUMAN.H11MO.1.C	1	6.63115e-05	0.0509936	0.033312	10	CCCGCCTCCCGG	CTCAGCCTCCC	-
76-CCCGCCTCCCGG	SP1_HUMAN.H11MO.1.A	4	0.000120265	0.0924838	0.045312	10	CCCGCCTCCCGG	CGGCCCCGCCCCCC	-
76-CCCGCCTCCCGG	SP1_HUMAN.H11MO.0.A	12	0.000213023	0.163815	0.0605989	10	CCCGCCTCCCGG	CCCCCCCCCGGCCCCGCCCCCC	-
76-CCCGCCTCCCGG	TFDP1_HUMAN.H11MO.0.C	4	0.000252	0.193788	0.0605989	10	CCCGCCTCCCGG	TTTTCCCGCCCCCC	-
76-CCCGCCTCCCGG	ZN436_HUMAN.H11MO.0.C	-1	0.000281468	0.216449	0.0605989	11	CCCGCCTCCCGG	CCTCCTCCAGGAAGCCTTCCCTGA	-
76-CCCGCCTCCCGG	E2F4_HUMAN.H11MO.0.A	4	0.00050106	0.385315	0.0885543	9	CCCGCCTCCCGG	ATTTCCCGCCCCC	-
76-CCCGCCTCCCGG	ZN219_HUMAN.H11MO.0.D	0	0.000601912	0.46287	0.0885543	12	CCCGCCTCCCGG	TCCGCCCCCCTC	-
76-CCCGCCTCCCGG	SP3_HUMAN.H11MO.0.B	7	0.000641356	0.493203	0.0885543	12	CCCGCCTCCCGG	CCCCGGCCCCGCCCCCCCCC	-
76-CCCGCCTCCCGG	E2F1_HUMAN.H11MO.0.A	4	0.000646351	0.497044	0.0885543	10	CCCGCCTCCCGG	CTTTCCCGCCCCCC	-
76-CCCGCCTCCCGG	PATZ1_HUMAN.H11MO.1.C	-2	0.000755911	0.581295	0.0913878	9	CCCGCCTCCCGG	CCCCTCCCT	-
76-CCCGCCTCCCGG	MAZ_HUMAN.H11MO.1.A	-1	0.000788312	0.606212	0.0913878	11	CCCGCCTCCCGG	CCCCCTCCCTC	-
76-CCCGCCTCCCGG	ZN770_HUMAN.H11MO.0.C	12	0.000861036	0.662136	0.0917244	10	CCCGCCTCCCGG	GATCCTCCCGCCTCAGCCTCCC	-
76-CCCGCCTCCCGG	CTCFL_HUMAN.H11MO.0.A	4	0.000912941	0.702051	0.0917244	12	CCCGCCTCCCGG	CGGCGCCCCCTGGCGGC	-
76-CCCGCCTCCCGG	KLF12_HUMAN.H11MO.0.C	2	0.00117678	0.904942	0.110385	9	CCCGCCTCCCGG	GCCCCGCCCCT	-
76-CCCGCCTCCCGG	EGR4_HUMAN.H11MO.0.D	2	0.00124516	0.95753	0.110385	9	CCCGCCTCCCGG	GCCCTGCCGCC	-
76-CCCGCCTCCCGG	WT1_HUMAN.H11MO.1.B	-1	0.00139332	1.07146	0.110517	11	CCCGCCTCCCGG	CCTCCTCCCAC	-
76-CCCGCCTCCCGG	ZN263_HUMAN.H11MO.1.A	-1	0.00139332	1.07146	0.110517	11	CCCGCCTCCCGG	CCTCCTCCCTC	-
76-CCCGCCTCCCGG	SP4_HUMAN.H11MO.1.A	4	0.00163462	1.25702	0.111178	12	CCCGCCTCCCGG	CGGCCCCGCCCCCTCC	-
76-CCCGCCTCCCGG	KLF13_HUMAN.H11MO.0.D	0	0.00164699	1.26653	0.111178	11	CCCGCCTCCCGG	CACGCCCCCCT	-
76-CCCGCCTCCCGG	SP4_HUMAN.H11MO.0.A	6	0.00169673	1.30479	0.111178	12	CCCGCCTCCCGG	CCCGGCCCCGCCCCCTTCCC	-
76-CCCGCCTCCCGG	ZN263_HUMAN.H11MO.0.A	10	0.00169673	1.30479	0.111178	10	CCCGCCTCCCGG	CTCCTCCTCTCCCTCCTCCC	-
76-CCCGCCTCCCGG	TBX15_HUMAN.H11MO.0.D	2	0.00191482	1.4725	0.12024	12	CCCGCCTCCCGG	CCCCCACCCCCCCCCCCCC	-
76-CCCGCCTCCCGG	KLF14_HUMAN.H11MO.0.D	2	0.00201913	1.55271	0.121719	11	CCCGCCTCCCGG	GCCACGCCCCCCT	-
76-CCCGCCTCCCGG	ZN148_HUMAN.H11MO.0.D	1	0.00225712	1.73573	0.130833	12	CCCGCCTCCCGG	CCCCTCCCCCACCCC	-
76-CCCGCCTCCCGG	E2F7_HUMAN.H11MO.0.B	5	0.00263299	2.02477	0.146967	8	CCCGCCTCCCGG	CCTTTCCCGCCCC	-
76-CCCGCCTCCCGG	ZF64A_HUMAN.H11MO.0.D	-1	0.00280006	2.15324	0.15071	11	CCCGCCTCCCGG	CAGGTTCCCGGGCCCC	-
76-CCCGCCTCCCGG	ZN467_HUMAN.H11MO.0.C	11	0.00296398	2.2793	0.153405	11	CCCGCCTCCCGG	CCCCCCCCCCCCTCCCCTCCCC	-
76-CCCGCCTCCCGG	ZBTB4_HUMAN.H11MO.0.D	0	0.0030537	2.3483	0.153405	12	CCCGCCTCCCGG	CCCACCTGCCATCTAGG	-
76-CCCGCCTCCCGG	WT1_HUMAN.H11MO.0.C	4	0.00326094	2.50766	0.158531	12	CCCGCCTCCCGG	CCCCCCCTCCTCCCCCGCCC	-
76-CCCGCCTCCCGG	TBX1_HUMAN.H11MO.0.D	5	0.00343921	2.64475	0.16068	12	CCCGCCTCCCGG	CCGCCCACCCCTGCCCACCC	-
76-CCCGCCTCCCGG	GCM2_HUMAN.H11MO.0.D	3	0.00351839	2.70564	0.16068	8	CCCGCCTCCCGG	ATACCCGCATC	-
76-CCCGCCTCCCGG	KLF3_HUMAN.H11MO.0.B	6	0.00405686	3.11973	0.179823	12	CCCGCCTCCCGG	CCCGGCCCCGCCCCTCCCC	-
76-CCCGCCTCCCGG	ZN281_HUMAN.H11MO.0.A	2	0.00423084	3.25352	0.182176	12	CCCGCCTCCCGG	TCCCCTCCCCCACCC	-
76-CCCGCCTCCCGG	VEZF1_HUMAN.H11MO.1.C	-1	0.00449213	3.45445	0.188054	11	CCCGCCTCCCGG	CCCCCTCCCCCT	-
76-CCCGCCTCCCGG	KLF9_HUMAN.H11MO.0.C	3	0.00545625	4.19585	0.221904	12	CCCGCCTCCCGG	GGCCACGCCCCCTCC	-
76-CCCGCCTCCCGG	MAZ_HUMAN.H11MO.0.A	10	0.0055952	4.30271	0.221904	12	CCCGCCTCCCGG	CCCCCCCCCCCCCCCCTCCCCC	-
76-CCCGCCTCCCGG	PLAL1_HUMAN.H11MO.0.D	-1	0.00601069	4.62222	0.23227	10	CCCGCCTCCCGG	GGGCCCCCCG	-
76-CCCGCCTCCCGG	CENPB_HUMAN.H11MO.0.D	2	0.00628898	4.83623	0.232967	12	CCCGCCTCCCGG	AACCCGCATCGTACGAA	-
76-CCCGCCTCCCGG	SALL4_HUMAN.H11MO.0.B	0	0.00633788	4.87383	0.232967	10	CCCGCCTCCCGG	CCCACCCTCC	-
76-CCCGCCTCCCGG	ZSC22_HUMAN.H11MO.0.C	-1	0.00705309	5.42383	0.253084	11	CCCGCCTCCCGG	CCTCCTCCCTCAGACC	-
76-CCCGCCTCCCGG	GLIS2_HUMAN.H11MO.0.D	2	0.00747152	5.7456	0.261863	12	CCCGCCTCCCGG	GACCCCCCGCGAAG	-
76-CCCGCCTCCCGG	E2F6_HUMAN.H11MO.0.A	5	0.00766415	5.89373	0.26251	8	CCCGCCTCCCGG	CCCTTCCCGCCCC	-
76-CCCGCCTCCCGG	CTCF_HUMAN.H11MO.0.A	4	0.00788899	6.06663	0.264206	12	CCCGCCTCCCGG	TGGCGCCCCCTGGTGGCCA	-
76-CCCGCCTCCCGG	E2F3_HUMAN.H11MO.0.A	3	0.0097959	7.53305	0.320937	8	CCCGCCTCCCGG	TTTCCCGCCCT	-
76-CCCGCCTCCCGG	KLF15_HUMAN.H11MO.0.A	8	0.0111447	8.57026	0.357358	11	CCCGCCTCCCGG	CCCCCCCCTGCTCCTCCCC	-
76-CCCGCCTCCCGG	VEZF1_HUMAN.H11MO.0.C	4	0.0131499	10.1123	0.412871	12	CCCGCCTCCCGG	CCCCTCCCCCTCCCCCCTCCCC	-
76-CCCGCCTCCCGG	ZIC3_HUMAN.H11MO.0.B	1	0.0137909	10.6052	0.42416	12	CCCGCCTCCCGG	GGCCCCCTGCTGTGA	+
76-CCCGCCTCCCGG	ZN740_HUMAN.H11MO.0.D	0	0.0153363	11.7936	0.462257	12	CCCGCCTCCCGG	CCCACCCCCCCCCC	-
76-CCCGCCTCCCGG	FEV_HUMAN.H11MO.0.B	-2	0.0159159	12.2393	0.467381	10	CCCGCCTCCCGG	CGCTTCCCGC	-
76-CCCGCCTCCCGG	ZN335_HUMAN.H11MO.1.A	-2	0.0163445	12.5689	0.467381	7	CCCGCCTCCCGG	TGCCTGA	+
76-CCCGCCTCCCGG	IKZF1_HUMAN.H11MO.0.C	-4	0.0164366	12.6398	0.467381	8	CCCGCCTCCCGG	TCTCCCAA	-
76-CCCGCCTCCCGG	KLF16_HUMAN.H11MO.0.D	2	0.0171537	13.1912	0.478739	12	CCCGCCTCCCGG	CCCCCCCCCCCCCGCCCCC	-
76-CCCGCCTCCCGG	GLIS3_HUMAN.H11MO.0.D	2	0.0175623	13.5054	0.48123	8	CCCGCCTCCCGG	TACCCCCCAC	-
76-CCCGCCTCCCGG	SNAI1_HUMAN.H11MO.0.C	-1	0.0183236	14.0908	0.49114	8	CCCGCCTCCCGG	CCACCTGG	-
76-CCCGCCTCCCGG	STAT1_HUMAN.H11MO.0.A	0	0.0188415	14.4891	0.49114	12	CCCGCCTCCCGG	CCCCTTTCCTGGAAATCAC	+
76-CCCGCCTCCCGG	GLIS1_HUMAN.H11MO.0.D	3	0.0189017	14.5354	0.49114	10	CCCGCCTCCCGG	AGACCCCCCACGA	-
76-CCCGCCTCCCGG	AP2D_HUMAN.H11MO.0.D	2	0.0193249	14.8608	0.493626	12	CCCGCCTCCCGG	CGCCCGAGGCGCGT	+
78-CCMTCCTCCCKCCCT	TBX15_HUMAN.H11MO.0.D	3	2.84011e-05	0.0218405	0.0222601	15	CCATCCTCCCGCCCT	CCCCCACCCCCCCCCCCCC	-
78-CCMTCCTCCCKCCCT	ZN281_HUMAN.H11MO.0.A	2	5.03082e-05	0.038687	0.0222601	13	CCATCCTCCCGCCCT	TCCCCTCCCCCACCC	-
78-CCMTCCTCCCKCCCT	VEZF1_HUMAN.H11MO.0.C	7	5.04501e-05	0.0387961	0.0222601	15	CCATCCTCCCGCCCT	CCCCTCCCCCTCCCCCCTCCCC	-
78-CCMTCCTCCCKCCCT	ZBT17_HUMAN.H11MO.0.A	4	5.91029e-05	0.0454502	0.0222601	15	CCATCCTCCCGCCCT	CTTCCCCTCCCCCACCCTC	-
78-CCMTCCTCCCKCCCT	WT1_HUMAN.H11MO.0.C	4	9.2251e-05	0.070941	0.0277958	15	CCATCCTCCCGCCCT	CCCCCCCTCCTCCCCCGCCC	-
78-CCMTCCTCCCKCCCT	ZN148_HUMAN.H11MO.0.D	1	0.000126142	0.0970035	0.0313232	14	CCATCCTCCCGCCCT	CCCCTCCCCCACCCC	-
78-CCMTCCTCCCKCCCT	ZN263_HUMAN.H11MO.1.A	-1	0.000145541	0.111921	0.0313232	11	CCATCCTCCCGCCCT	CCTCCTCCCTC	-
78-CCMTCCTCCCKCCCT	E2F6_HUMAN.H11MO.0.A	-2	0.00019335	0.148686	0.0347782	13	CCATCCTCCCGCCCT	CCCTTCCCGCCCC	-
78-CCMTCCTCCCKCCCT	ZN341_HUMAN.H11MO.0.C	6	0.000207764	0.159771	0.0347782	15	CCATCCTCCCGCCCT	GCTCTTCCCTCCCCCCCCCCCC	-
78-CCMTCCTCCCKCCCT	ZN770_HUMAN.H11MO.0.C	-1	0.000311135	0.239263	0.0468735	14	CCATCCTCCCGCCCT	GATCCTCCCGCCTCAGCCTCCC	-
78-CCMTCCTCCCKCCCT	SP2_HUMAN.H11MO.0.A	8	0.000405198	0.311597	0.0554949	14	CCATCCTCCCGCCCT	CCCCCGGCCCCGCCCCCCCCCC	-
78-CCMTCCTCCCKCCCT	WT1_HUMAN.H11MO.1.B	-1	0.000479961	0.36909	0.0600364	11	CCATCCTCCCGCCCT	CCTCCTCCCAC	-
78-CCMTCCTCCCKCCCT	FLI1_HUMAN.H11MO.0.A	5	0.000557604	0.428798	0.0600364	13	CCATCCTCCCGCCCT	TCCCTCCTTCCTTCCTCC	-
78-CCMTCCTCCCKCCCT	MAZ_HUMAN.H11MO.0.A	2	0.000560594	0.431097	0.0600364	15	CCATCCTCCCGCCCT	CCCCCCCCCCCCCCCCTCCCCC	-
78-CCMTCCTCCCKCCCT	ZN467_HUMAN.H11MO.0.C	3	0.00059776	0.459678	0.0600364	15	CCATCCTCCCGCCCT	CCCCCCCCCCCCTCCCCTCCCC	-
78-CCMTCCTCCCKCCCT	E2F3_HUMAN.H11MO.0.A	-4	0.000754534	0.580237	0.0708597	11	CCATCCTCCCGCCCT	TTTCCCGCCCT	-
78-CCMTCCTCCCKCCCT	KLF16_HUMAN.H11MO.0.D	3	0.000803324	0.617756	0.0708597	15	CCATCCTCCCGCCCT	CCCCCCCCCCCCCGCCCCC	-
78-CCMTCCTCCCKCCCT	EGR2_HUMAN.H11MO.0.A	2	0.000864038	0.664445	0.0708597	15	CCATCCTCCCGCCCT	CCCCTCCCACACCCCCCC	-
78-CCMTCCTCCCKCCCT	VEZF1_HUMAN.H11MO.1.C	-1	0.000893664	0.687228	0.0708597	12	CCATCCTCCCGCCCT	CCCCCTCCCCCT	-
78-CCMTCCTCCCKCCCT	ZSC22_HUMAN.H11MO.0.C	-1	0.00119952	0.922428	0.0872622	14	CCATCCTCCCGCCCT	CCTCCTCCCTCAGACC	-
78-CCMTCCTCCCKCCCT	PLAG1_HUMAN.H11MO.0.D	1	0.00121637	0.935391	0.0872622	15	CCATCCTCCCGCCCT	CCCCTCCTGATGCCCCC	-
78-CCMTCCTCCCKCCCT	ZN263_HUMAN.H11MO.0.A	10	0.00143119	1.10058	0.098006	10	CCATCCTCCCGCCCT	CTCCTCCTCTCCCTCCTCCC	-
78-CCMTCCTCCCKCCCT	E2F7_HUMAN.H11MO.0.B	-2	0.00169835	1.30603	0.111244	13	CCATCCTCCCGCCCT	CCTTTCCCGCCCC	-
78-CCMTCCTCCCKCCCT	PATZ1_HUMAN.H11MO.0.C	1	0.00205431	1.57977	0.118473	15	CCATCCTCCCGCCCT	CCTCCCCCCCCGCCCCCTCCCC	-
78-CCMTCCTCCCKCCCT	E2F4_HUMAN.H11MO.0.A	-3	0.00206437	1.5875	0.118473	12	CCATCCTCCCGCCCT	ATTTCCCGCCCCC	-
78-CCMTCCTCCCKCCCT	SP4_HUMAN.H11MO.0.A	6	0.00217163	1.66999	0.118473	14	CCATCCTCCCGCCCT	CCCGGCCCCGCCCCCTTCCC	-
78-CCMTCCTCCCKCCCT	TBX1_HUMAN.H11MO.0.D	6	0.00217163	1.66999	0.118473	14	CCATCCTCCCGCCCT	CCGCCCACCCCTGCCCACCC	-
78-CCMTCCTCCCKCCCT	SRBP2_HUMAN.H11MO.0.B	-1	0.0022019	1.69326	0.118473	13	CCATCCTCCCGCCCT	CCTCACCCCACCC	-
78-CCMTCCTCCCKCCCT	ZN219_HUMAN.H11MO.0.D	-3	0.00233484	1.79549	0.121294	12	CCATCCTCCCGCCCT	TCCGCCCCCCTC	-
78-CCMTCCTCCCKCCCT	SP2_HUMAN.H11MO.1.B	2	0.00249472	1.91844	0.125279	10	CCATCCTCCCGCCCT	GCCCCGCCCCCT	-
78-CCMTCCTCCCKCCCT	KLF6_HUMAN.H11MO.0.A	1	0.00282717	2.1741	0.128663	15	CCATCCTCCCGCCCT	CCCCCGGCCCCGCCCTTCC	-
78-CCMTCCTCCCKCCCT	KLF15_HUMAN.H11MO.0.A	5	0.00282717	2.1741	0.128663	14	CCATCCTCCCGCCCT	CCCCCCCCTGCTCCTCCCC	-
78-CCMTCCTCCCKCCCT	TFDP1_HUMAN.H11MO.0.C	-3	0.00283531	2.18036	0.128663	12	CCATCCTCCCGCCCT	TTTTCCCGCCCCCC	-
78-CCMTCCTCCCKCCCT	MAZ_HUMAN.H11MO.1.A	-5	0.00290372	2.23296	0.128663	10	CCATCCTCCCGCCCT	CCCCCTCCCTC	-
78-CCMTCCTCCCKCCCT	ZN770_HUMAN.H11MO.1.C	1	0.00310667	2.38903	0.133723	10	CCATCCTCCCGCCCT	CTCAGCCTCCC	-
78-CCMTCCTCCCKCCCT	SP3_HUMAN.H11MO.0.B	0	0.00326024	2.50712	0.136435	15	CCATCCTCCCGCCCT	CCCCGGCCCCGCCCCCCCCC	-
78-CCMTCCTCCCKCCCT	EGR2_HUMAN.H11MO.1.A	-1	0.00366467	2.81813	0.149215	14	CCATCCTCCCGCCCT	CCCCCGCCCACGCCCC	-
78-CCMTCCTCCCKCCCT	E2F1_HUMAN.H11MO.0.A	-3	0.00406314	3.12455	0.161086	12	CCATCCTCCCGCCCT	CTTTCCCGCCCCCC	-
78-CCMTCCTCCCKCCCT	SALL4_HUMAN.H11MO.0.B	1	0.00474772	3.65099	0.1834	9	CCATCCTCCCGCCCT	CCCACCCTCC	-
78-CCMTCCTCCCKCCCT	EGR1_HUMAN.H11MO.0.A	-1	0.00577724	4.44269	0.21759	14	CCATCCTCCCGCCCT	CCCCCGCCCACGCCCTC	-
78-CCMTCCTCCCKCCCT	Z324A_HUMAN.H11MO.0.C	7	0.0060334	4.63968	0.221695	15	CCATCCTCCCGCCCT	TATCAAACCATCCTTTGCTGCCA	+
78-CCMTCCTCCCKCCCT	SP4_HUMAN.H11MO.1.A	4	0.00714556	5.49494	0.25631	12	CCATCCTCCCGCCCT	CGGCCCCGCCCCCTCC	-
78-CCMTCCTCCCKCCCT	PROX1_HUMAN.H11MO.0.D	2	0.00758525	5.83306	0.265754	15	CCATCCTCCCGCCCT	CCCAACCCGCCTTACCC	-
78-CCMTCCTCCCKCCCT	ELF5_HUMAN.H11MO.0.A	2	0.00793235	6.09998	0.271599	13	CCATCCTCCCGCCCT	CCACTTCCTCCTTCC	-
78-CCMTCCTCCCKCCCT	ZN740_HUMAN.H11MO.0.D	0	0.00860949	6.6207	0.288233	14	CCATCCTCCCGCCCT	CCCACCCCCCCCCC	-
78-CCMTCCTCCCKCCCT	PURA_HUMAN.H11MO.0.D	0	0.00890998	6.85177	0.291808	15	CCATCCTCCCGCCCT	CCCTGCCCCCCCCTTCC	-
78-CCMTCCTCCCKCCCT	EGR4_HUMAN.H11MO.0.D	2	0.00992997	7.63615	0.318294	9	CCATCCTCCCGCCCT	GCCCTGCCGCC	-
78-CCMTCCTCCCKCCCT	PATZ1_HUMAN.H11MO.1.C	-6	0.0102633	7.89244	0.322124	9	CCATCCTCCCGCCCT	CCCCTCCCT	-
78-CCMTCCTCCCKCCCT	ERG_HUMAN.H11MO.0.A	2	0.0107119	8.23746	0.324294	11	CCATCCTCCCGCCCT	CCACTTCCTGCCC	-
78-CCMTCCTCCCKCCCT	E2F4_HUMAN.H11MO.1.A	1	0.0107629	8.27668	0.324294	13	CCATCCTCCCGCCCT	TCAAATTTCCCGCC	-
78-CCMTCCTCCCKCCCT	HXB1_HUMAN.H11MO.0.D	0	0.0110675	8.51087	0.326931	10	CCATCCTCCCGCCCT	CCATCCATCA	-
78-CCMTCCTCCCKCCCT	FLI1_HUMAN.H11MO.1.A	2	0.0113436	8.72323	0.328644	11	CCATCCTCCCGCCCT	CCACTTCCTGCCT	-
78-CCMTCCTCCCKCCCT	THAP1_HUMAN.H11MO.0.C	5	0.0116776	8.98004	0.331936	15	CCATCCTCCCGCCCT	CGCCGCCATCTTGGCTGCGGGC	+
78-CCMTCCTCCCKCCCT	ETS1_HUMAN.H11MO.0.A	-1	0.0127111	9.77483	0.346345	13	CCATCCTCCCGCCCT	CCACTTCCTGTCT	-
78-CCMTCCTCCCKCCCT	ETS2_HUMAN.H11MO.0.B	0	0.0127111	9.77483	0.346345	13	CCATCCTCCCGCCCT	TCCTCTTCCTTCC	-
78-CCMTCCTCCCKCCCT	ETV7_HUMAN.H11MO.0.D	-1	0.0128741	9.90021	0.346345	7	CCATCCTCCCGCCCT	CTTCCTG	-
78-CCMTCCTCCCKCCCT	KLF9_HUMAN.H11MO.0.C	2	0.0135824	10.4448	0.354971	13	CCATCCTCCCGCCCT	GGCCACGCCCCCTCC	-
78-CCMTCCTCCCKCCCT	SP1_HUMAN.H11MO.0.A	0	0.013666	10.5092	0.354971	15	CCATCCTCCCGCCCT	CCCCCCCCCGGCCCCGCCCCCC	-
78-CCMTCCTCCCKCCCT	RXRA_HUMAN.H11MO.0.A	6	0.0149347	11.4848	0.375185	14	CCATCCTCCCGCCCT	CTCTGACCTCTGCCTCCCCC	-
78-CCMTCCTCCCKCCCT	NR0B1_HUMAN.H11MO.0.D	-4	0.0151164	11.6245	0.375185	10	CCATCCTCCCGCCCT	TCTCCCACGC	-
78-CCMTCCTCCCKCCCT	ZN784_HUMAN.H11MO.0.D	-1	0.0151914	11.6822	0.375185	11	CCATCCTCCCGCCCT	GTACCTACCTC	-
78-CCMTCCTCCCKCCCT	MCR_HUMAN.H11MO.0.D	1	0.0158308	12.1739	0.384672	15	CCATCCTCCCGCCCT	TACAACAACCTGTTCTT	-
78-CCMTCCTCCCKCCCT	ETV5_HUMAN.H11MO.0.C	0	0.0166366	12.7936	0.397835	14	CCATCCTCCCGCCCT	CTCACTTCCTGCTC	-
78-CCMTCCTCCCKCCCT	KLF3_HUMAN.H11MO.0.B	4	0.017805	13.692	0.418079	15	CCATCCTCCCGCCCT	CCCGGCCCCGCCCCTCCCC	-
78-CCMTCCTCCCKCCCT	ETV4_HUMAN.H11MO.0.B	1	0.0181462	13.9545	0.418079	10	CCATCCTCCCGCCCT	CCCTTCCTGTT	-
78-CCMTCCTCCCKCCCT	ZN320_HUMAN.H11MO.0.C	8	0.0183157	14.0848	0.418079	12	CCATCCTCCCGCCCT	CACTGGCCCCCTGGTCCCAC	-
78-CCMTCCTCCCKCCCT	RREB1_HUMAN.H11MO.0.D	8	0.0205908	15.8344	0.462996	14	CCATCCTCCCGCCCT	ACCCCAAACCACCCCCCCCCCC	-
79-AGGMGGGAGGGCGGS	MAZ_HUMAN.H11MO.1.A	-2	1.1586e-05	0.00890961	0.0136156	11	AGGAGGGAGGGCGGG	GAGGGAGGGGG	+
79-AGGMGGGAGGGCGGS	KLF13_HUMAN.H11MO.0.D	-4	1.83591e-05	0.0141182	0.0136156	11	AGGAGGGAGGGCGGG	AGGGGGGCGTG	+
79-AGGMGGGAGGGCGGS	EGR4_HUMAN.H11MO.0.D	-1	3.58599e-05	0.0275763	0.0177297	11	AGGAGGGAGGGCGGG	GGCGGCAGGGC	+
79-AGGMGGGAGGGCGGS	SALL4_HUMAN.H11MO.0.B	-1	0.000111978	0.0861111	0.0255891	10	AGGAGGGAGGGCGGG	GGAGGGTGGG	+
79-AGGMGGGAGGGCGGS	EGR1_HUMAN.H11MO.0.A	0	0.00011638	0.0894965	0.0255891	15	AGGAGGGAGGGCGGG	GAGGGCGTGGGCGGGGG	+
79-AGGMGGGAGGGCGGS	ZN740_HUMAN.H11MO.0.D	-1	0.000126182	0.0970342	0.0255891	14	AGGAGGGAGGGCGGG	GGGGGGGGGGTGGG	+
79-AGGMGGGAGGGCGGS	WT1_HUMAN.H11MO.0.C	2	0.000146439	0.112612	0.0255891	15	AGGAGGGAGGGCGGG	GGGCGGGGGAGGAGGGGGGG	+
79-AGGMGGGAGGGCGGS	EGR2_HUMAN.H11MO.1.A	-1	0.0001507	0.115889	0.0255891	14	AGGAGGGAGGGCGGG	GGGGCGTGGGCGGGGG	+
79-AGGMGGGAGGGCGGS	TBX15_HUMAN.H11MO.0.D	2	0.000162814	0.125204	0.0255891	15	AGGAGGGAGGGCGGG	GGGGGGGGGGGGGTGGGGG	+
79-AGGMGGGAGGGCGGS	VEZF1_HUMAN.H11MO.0.C	4	0.00017252	0.132668	0.0255891	15	AGGAGGGAGGGCGGG	GGGGAGGGGGGAGGGGGAGGGG	+
79-AGGMGGGAGGGCGGS	SP2_HUMAN.H11MO.0.A	-1	0.000294114	0.226173	0.0312815	14	AGGAGGGAGGGCGGG	GGGGGGGGGGCGGGGCCGGGGG	+
79-AGGMGGGAGGGCGGS	WT1_HUMAN.H11MO.1.B	-2	0.000302118	0.232329	0.0312815	11	AGGAGGGAGGGCGGG	GTGGGAGGAGG	+
79-AGGMGGGAGGGCGGS	ZN148_HUMAN.H11MO.0.D	-1	0.000309824	0.238255	0.0312815	14	AGGAGGGAGGGCGGG	GGGGTGGGGGAGGGG	+
79-AGGMGGGAGGGCGGS	ZN263_HUMAN.H11MO.0.A	3	0.000334093	0.256918	0.0312815	15	AGGAGGGAGGGCGGG	GGGAGGAGGGAGAGGAGGAG	+
79-AGGMGGGAGGGCGGS	EGR2_HUMAN.H11MO.0.A	2	0.000376738	0.289711	0.0312815	15	AGGAGGGAGGGCGGG	GGGGGGGTGTGGGAGGGG	+
79-AGGMGGGAGGGCGGS	KLF3_HUMAN.H11MO.0.B	-2	0.000390421	0.300234	0.0312815	13	AGGAGGGAGGGCGGG	GGGGAGGGGCGGGGCCGGG	+
79-AGGMGGGAGGGCGGS	ZN770_HUMAN.H11MO.1.C	-4	0.000390645	0.300406	0.0312815	11	AGGAGGGAGGGCGGG	GGGAGGCTGAG	+
79-AGGMGGGAGGGCGGS	VEZF1_HUMAN.H11MO.1.C	-1	0.000398295	0.306289	0.0312815	12	AGGAGGGAGGGCGGG	AGGGGGAGGGGG	+
79-AGGMGGGAGGGCGGS	ZN281_HUMAN.H11MO.0.A	2	0.000411882	0.316737	0.0312815	13	AGGAGGGAGGGCGGG	GGGTGGGGGAGGGGA	+
79-AGGMGGGAGGGCGGS	PATZ1_HUMAN.H11MO.1.C	-3	0.000421798	0.324362	0.0312815	9	AGGAGGGAGGGCGGG	AGGGAGGGG	+
79-AGGMGGGAGGGCGGS	ZN219_HUMAN.H11MO.0.D	-3	0.000477855	0.367471	0.0337513	12	AGGAGGGAGGGCGGG	GAGGGGGGCGGA	+
79-AGGMGGGAGGGCGGS	ZN263_HUMAN.H11MO.1.A	-2	0.000503176	0.386943	0.0339244	11	AGGAGGGAGGGCGGG	GAGGGAGGAGG	+
79-AGGMGGGAGGGCGGS	E2F6_HUMAN.H11MO.0.A	1	0.000607171	0.466915	0.0390981	12	AGGAGGGAGGGCGGG	GGGGCGGGAAGGG	+
79-AGGMGGGAGGGCGGS	MAZ_HUMAN.H11MO.0.A	2	0.000655069	0.503748	0.0390981	15	AGGAGGGAGGGCGGG	GGGGGAGGGGGGGGGGGGGGGG	+
79-AGGMGGGAGGGCGGS	SP3_HUMAN.H11MO.0.B	2	0.000658995	0.506767	0.0390981	15	AGGAGGGAGGGCGGG	GGGGGGGGGCGGGGCCGGGG	+
79-AGGMGGGAGGGCGGS	KLF9_HUMAN.H11MO.0.C	-1	0.000718924	0.552853	0.0410132	14	AGGAGGGAGGGCGGG	GGAGGGGGCGTGGCC	+
79-AGGMGGGAGGGCGGS	ZSC22_HUMAN.H11MO.0.C	-1	0.000829081	0.637563	0.0455457	14	AGGAGGGAGGGCGGG	GGTCTGAGGGAGGAGG	+
79-AGGMGGGAGGGCGGS	SP4_HUMAN.H11MO.1.A	1	0.000923957	0.710523	0.0489449	15	AGGAGGGAGGGCGGG	GGAGGGGGCGGGGCCG	+
79-AGGMGGGAGGGCGGS	ZBT14_HUMAN.H11MO.0.C	-5	0.00100675	0.774187	0.0514915	9	AGGAGGGAGGGCGGG	GGAGCGCGC	+
79-AGGMGGGAGGGCGGS	FLI1_HUMAN.H11MO.0.A	2	0.00107737	0.8285	0.0532671	15	AGGAGGGAGGGCGGG	GGAGGAAGGAAGGAGGGA	+
79-AGGMGGGAGGGCGGS	E2F1_HUMAN.H11MO.0.A	-1	0.00117605	0.904384	0.0562702	14	AGGAGGGAGGGCGGG	GGGGGGCGGGAAAG	+
79-AGGMGGGAGGGCGGS	SP2_HUMAN.H11MO.1.B	0	0.00122367	0.941005	0.0567191	12	AGGAGGGAGGGCGGG	AGGGGGCGGGGC	+
79-AGGMGGGAGGGCGGS	SP1_HUMAN.H11MO.0.A	0	0.00126643	0.973886	0.0569222	15	AGGAGGGAGGGCGGG	GGGGGGCGGGGCCGGGGGGGGG	+
79-AGGMGGGAGGGCGGS	ZN467_HUMAN.H11MO.0.C	4	0.00141015	1.08441	0.0612484	15	AGGAGGGAGGGCGGG	GGGGAGGGGAGGGGGGGGGGGG	+
79-AGGMGGGAGGGCGGS	SP1_HUMAN.H11MO.1.A	0	0.00145753	1.12084	0.0612484	14	AGGAGGGAGGGCGGG	GGGGGGCGGGGCCG	+
79-AGGMGGGAGGGCGGS	KLF16_HUMAN.H11MO.0.D	2	0.0015388	1.18334	0.0612484	15	AGGAGGGAGGGCGGG	GGGGGCGGGGGGGGGGGGG	+
79-AGGMGGGAGGGCGGS	KLF14_HUMAN.H11MO.0.D	-4	0.00156776	1.20561	0.0612484	11	AGGAGGGAGGGCGGG	AGGGGGGCGTGGC	+
79-AGGMGGGAGGGCGGS	TBX1_HUMAN.H11MO.0.D	0	0.00156915	1.20668	0.0612484	15	AGGAGGGAGGGCGGG	GGGTGGGCAGGGGTGGGCGG	+
79-AGGMGGGAGGGCGGS	KLF15_HUMAN.H11MO.0.A	4	0.00210599	1.61951	0.0800952	15	AGGAGGGAGGGCGGG	GGGGAGGAGCAGGGGGGGG	+
79-AGGMGGGAGGGCGGS	KLF12_HUMAN.H11MO.0.C	-6	0.00225322	1.73273	0.0835522	9	AGGAGGGAGGGCGGG	AGGGGCGGGGC	+
79-AGGMGGGAGGGCGGS	TFDP1_HUMAN.H11MO.0.C	-1	0.00234002	1.79948	0.0846546	14	AGGAGGGAGGGCGGG	GGGGGGCGGGAAAA	+
79-AGGMGGGAGGGCGGS	THAP1_HUMAN.H11MO.0.C	6	0.00251681	1.93543	0.0888822	15	AGGAGGGAGGGCGGG	GCCCGCAGCCAAGATGGCGGCG	-
79-AGGMGGGAGGGCGGS	KLF6_HUMAN.H11MO.0.A	0	0.00286559	2.20364	0.098846	15	AGGAGGGAGGGCGGG	GGAAGGGCGGGGCCGGGGG	+
79-AGGMGGGAGGGCGGS	SP4_HUMAN.H11MO.0.A	-1	0.00307828	2.3672	0.103769	14	AGGAGGGAGGGCGGG	GGGAAGGGGGCGGGGCCGGG	+
79-AGGMGGGAGGGCGGS	ZSC31_HUMAN.H11MO.0.C	-1	0.00337832	2.59793	0.109641	14	AGGAGGGAGGGCGGG	GGCAGCAGGGCAGTTATG	+
79-AGGMGGGAGGGCGGS	E2F4_HUMAN.H11MO.0.A	-2	0.00347423	2.67168	0.109641	13	AGGAGGGAGGGCGGG	GGGGGCGGGAAAT	+
79-AGGMGGGAGGGCGGS	GLIS1_HUMAN.H11MO.0.D	0	0.00347423	2.67168	0.109641	13	AGGAGGGAGGGCGGG	TCGTGGGGGGTCT	+
79-AGGMGGGAGGGCGGS	EGR3_HUMAN.H11MO.0.D	-3	0.00373882	2.87515	0.115533	11	AGGAGGGAGGGCGGG	AGAGTGGGTGT	+
79-AGGMGGGAGGGCGGS	ZBT17_HUMAN.H11MO.0.A	4	0.00428236	3.29313	0.126854	15	AGGAGGGAGGGCGGG	GAGGGTGGGGGAGGGGAAG	+
79-AGGMGGGAGGGCGGS	GLIS3_HUMAN.H11MO.0.D	-2	0.00429318	3.30146	0.126854	10	AGGAGGGAGGGCGGG	GTGGGGGGTA	+
79-AGGMGGGAGGGCGGS	PATZ1_HUMAN.H11MO.0.C	-1	0.00440362	3.38639	0.126854	14	AGGAGGGAGGGCGGG	GGGGAGGGGGCGGGGGGGGAGG	+
79-AGGMGGGAGGGCGGS	COT1_HUMAN.H11MO.0.C	1	0.00451193	3.46967	0.126854	15	AGGAGGGAGGGCGGG	GGGGTCAGAGGTCAGGG	+
79-AGGMGGGAGGGCGGS	KLF1_HUMAN.H11MO.0.A	-1	0.00453279	3.48571	0.126854	14	AGGAGGGAGGGCGGG	GGGGCGGGGCCGGG	+
79-AGGMGGGAGGGCGGS	TYY2_HUMAN.H11MO.0.D	-4	0.00465722	3.58141	0.127923	11	AGGAGGGAGGGCGGG	AAAATGGCGGC	+
79-AGGMGGGAGGGCGGS	ZN770_HUMAN.H11MO.0.C	9	0.00511203	3.93115	0.137503	13	AGGAGGGAGGGCGGG	GGGAGGCTGAGGCGGGAGGATC	+
79-AGGMGGGAGGGCGGS	E2F3_HUMAN.H11MO.0.A	1	0.00519142	3.9922	0.137503	10	AGGAGGGAGGGCGGG	AGGGCGGGAAA	+
79-AGGMGGGAGGGCGGS	ZBTB4_HUMAN.H11MO.0.D	3	0.00548651	4.21913	0.14277	14	AGGAGGGAGGGCGGG	CCTAGATGGCAGGTGGG	+
79-AGGMGGGAGGGCGGS	GLIS2_HUMAN.H11MO.0.D	2	0.00609552	4.68745	0.155882	12	AGGAGGGAGGGCGGG	CTTCGCGGGGGGTC	+
79-AGGMGGGAGGGCGGS	ZN449_HUMAN.H11MO.0.C	-3	0.00643483	4.94839	0.161771	11	AGGAGGGAGGGCGGG	TGGTTGGGCTT	+
79-AGGMGGGAGGGCGGS	GLI1_HUMAN.H11MO.0.D	-1	0.00691496	5.3176	0.169762	12	AGGAGGGAGGGCGGG	CCTGGGTGGTCT	+
79-AGGMGGGAGGGCGGS	PROX1_HUMAN.H11MO.0.D	-3	0.00698163	5.36887	0.169762	12	AGGAGGGAGGGCGGG	GGGTAAGGCGGGTTGGG	+
79-AGGMGGGAGGGCGGS	ZFX_HUMAN.H11MO.1.A	1	0.00732299	5.63138	0.17519	15	AGGAGGGAGGGCGGG	GGGGGCGGAGGCCGGGG	+
79-AGGMGGGAGGGCGGS	PPARD_HUMAN.H11MO.0.D	1	0.00776874	5.97416	0.181563	13	AGGAGGGAGGGCGGG	TAGGACAAAGGTCA	+
79-AGGMGGGAGGGCGGS	GLI2_HUMAN.H11MO.0.D	-2	0.00795008	6.11361	0.181563	11	AGGAGGGAGGGCGGG	GTGGGTGGTCT	+
79-AGGMGGGAGGGCGGS	ZIC1_HUMAN.H11MO.0.B	-3	0.0079566	6.11863	0.181563	9	AGGAGGGAGGGCGGG	GGGGTGGTC	+
79-AGGMGGGAGGGCGGS	E2F7_HUMAN.H11MO.0.B	1	0.00817951	6.29004	0.183822	12	AGGAGGGAGGGCGGG	GGGGCGGGAAAGG	+
79-AGGMGGGAGGGCGGS	TAF1_HUMAN.H11MO.0.A	1	0.00854566	6.57161	0.189184	15	AGGAGGGAGGGCGGG	AAGATGGCGGCGGCGG	+
79-AGGMGGGAGGGCGGS	PLAL1_HUMAN.H11MO.0.D	-4	0.00883126	6.79124	0.190243	10	AGGAGGGAGGGCGGG	CGGGGGGCCC	+
79-AGGMGGGAGGGCGGS	SPI1_HUMAN.H11MO.0.A	3	0.00885003	6.80567	0.190243	14	AGGAGGGAGGGCGGG	AAAAAGAGGAAGTGAAA	+
79-AGGMGGGAGGGCGGS	ZN784_HUMAN.H11MO.0.D	-2	0.00929655	7.14905	0.195017	11	AGGAGGGAGGGCGGG	GAGGTAGGTAC	+
79-AGGMGGGAGGGCGGS	KLF5_HUMAN.H11MO.0.A	-3	0.00940594	7.23317	0.195017	12	AGGAGGGAGGGCGGG	AGGGTGGGGCTGGG	+
79-AGGMGGGAGGGCGGS	SPIC_HUMAN.H11MO.0.D	-2	0.00946655	7.27977	0.195017	13	AGGAGGGAGGGCGGG	GAGGAAGGGGAGG	+
79-AGGMGGGAGGGCGGS	KLF4_HUMAN.H11MO.0.A	-7	0.00983459	7.5628	0.199824	8	AGGAGGGAGGGCGGG	AGGGTGTGGC	+
79-AGGMGGGAGGGCGGS	E2F4_HUMAN.H11MO.1.A	-1	0.01034	7.95147	0.207254	14	AGGAGGGAGGGCGGG	GGCGGGAAATTTGA	+
79-AGGMGGGAGGGCGGS	MZF1_HUMAN.H11MO.0.B	0	0.0109398	8.41268	0.216352	13	AGGAGGGAGGGCGGG	GGAGGGGATTGGG	+
79-AGGMGGGAGGGCGGS	ELF5_HUMAN.H11MO.0.A	3	0.0116002	8.92052	0.226394	12	AGGAGGGAGGGCGGG	GGAAGGAGGAAGTGG	+
79-AGGMGGGAGGGCGGS	SPIB_HUMAN.H11MO.0.A	3	0.0147102	11.3121	0.283361	14	AGGAGGGAGGGCGGG	AAAAAGAGGAAGTGAAA	+
79-AGGMGGGAGGGCGGS	RXRA_HUMAN.H11MO.0.A	4	0.0157858	12.1393	0.300183	15	AGGAGGGAGGGCGGG	GGGGGAGGCAGAGGTCAGAG	+
79-AGGMGGGAGGGCGGS	NR2C1_HUMAN.H11MO.0.C	-1	0.0175264	13.4778	0.327727	13	AGGAGGGAGGGCGGG	GGCCAGAGGTCAG	+
79-AGGMGGGAGGGCGGS	TYY1_HUMAN.H11MO.0.A	-3	0.0176762	13.593	0.327727	12	AGGAGGGAGGGCGGG	CAAGATGGCGGC	+
79-AGGMGGGAGGGCGGS	TBX5_HUMAN.H11MO.0.D	0	0.0184868	14.2164	0.338525	8	AGGAGGGAGGGCGGG	AGGTGTGA	+
79-AGGMGGGAGGGCGGS	ETV5_HUMAN.H11MO.0.C	1	0.0188421	14.4896	0.340823	13	AGGAGGGAGGGCGGG	GAGCAGGAAGTGAG	+
79-AGGMGGGAGGGCGGS	RARG_HUMAN.H11MO.1.B	-6	0.0195421	15.0279	0.349227	8	AGGAGGGAGGGCGGG	GAGGTCAG	+
79-AGGMGGGAGGGCGGS	RARA_HUMAN.H11MO.1.A	-6	0.0203777	15.6704	0.359824	9	AGGAGGGAGGGCGGG	AAGGTCAGGG	+
79-AGGMGGGAGGGCGGS	ZN436_HUMAN.H11MO.0.C	-1	0.0206323	15.8662	0.360033	14	AGGAGGGAGGGCGGG	TCAGGGAAGGCTTCCTGGAGGAGG	+
79-AGGMGGGAGGGCGGS	IKZF1_HUMAN.H11MO.0.C	-2	0.0218189	16.7788	0.376313	8	AGGAGGGAGGGCGGG	TTGGGAGA	+
79-AGGMGGGAGGGCGGS	PURA_HUMAN.H11MO.0.D	2	0.0229678	17.6622	0.391574	15	AGGAGGGAGGGCGGG	GGAAGGGGGGGGCAGGG	+
79-AGGMGGGAGGGCGGS	REST_HUMAN.H11MO.0.A	6	0.0239683	18.4316	0.40007	15	AGGAGGGAGGGCGGG	TTCAGCACCATGGACAGCGCCC	+
79-AGGMGGGAGGGCGGS	GLI3_HUMAN.H11MO.0.B	-2	0.0240056	18.4603	0.40007	11	AGGAGGGAGGGCGGG	CTGGGTGGTCC	+
79-AGGMGGGAGGGCGGS	ZBT7A_HUMAN.H11MO.0.A	-5	0.0247876	19.0616	0.40638	9	AGGAGGGAGGGCGGG	GGGGGTCTC	+
79-AGGMGGGAGGGCGGS	ZBTB4_HUMAN.H11MO.1.D	1	0.0249322	19.1728	0.40638	14	AGGAGGGAGGGCGGG	CAATAGCGGTGGTGG	+
79-AGGMGGGAGGGCGGS	KLF8_HUMAN.H11MO.0.C	-2	0.0260969	20.0685	0.420741	9	AGGAGGGAGGGCGGG	CAGGGGGTG	+
79-AGGMGGGAGGGCGGS	FLI1_HUMAN.H11MO.1.A	0	0.0264023	20.3033	0.421087	13	AGGAGGGAGGGCGGG	AGGCAGGAAGTGG	+
79-AGGMGGGAGGGCGGS	COT2_HUMAN.H11MO.1.A	1	0.0273269	21.0144	0.431197	15	AGGAGGGAGGGCGGG	GGGGTCAAAGGTCAGGG	+
79-AGGMGGGAGGGCGGS	INSM1_HUMAN.H11MO.0.C	-1	0.0295212	22.7018	0.454022	12	AGGAGGGAGGGCGGG	TGTCAGGGGGCA	+
79-AGGMGGGAGGGCGGS	EHF_HUMAN.H11MO.0.B	2	0.0296527	22.8029	0.454022	13	AGGAGGGAGGGCGGG	GAACCAGGAAGTGGC	+
79-AGGMGGGAGGGCGGS	ZN341_HUMAN.H11MO.0.C	1	0.0298241	22.9347	0.454022	15	AGGAGGGAGGGCGGG	GGGGGGGGGGGGAGGGAAGAGC	+
79-AGGMGGGAGGGCGGS	AP2B_HUMAN.H11MO.0.B	-2	0.0303038	23.3037	0.454022	10	AGGAGGGAGGGCGGG	GCCCGGGGGC	+
79-AGGMGGGAGGGCGGS	ZFX_HUMAN.H11MO.0.A	-5	0.0303038	23.3037	0.454022	10	AGGAGGGAGGGCGGG	CCAGGCCCCG	+
79-AGGMGGGAGGGCGGS	SMAD3_HUMAN.H11MO.0.B	1	0.0323274	24.8598	0.479496	11	AGGAGGGAGGGCGGG	CAGGTGACAGAG	-
82-AGCCGCCGCMGCC	TAF1_HUMAN.H11MO.0.A	-2	0.000638775	0.491218	0.478756	11	AGCCGCCGCAGCC	CCGCCGCCGCCATCTT	-
82-AGCCGCCGCMGCC	AP2D_HUMAN.H11MO.0.D	0	0.00100439	0.772374	0.478756	13	AGCCGCCGCAGCC	ACGCGCCTCGGGCG	-
82-AGCCGCCGCMGCC	ZIC4_HUMAN.H11MO.0.D	1	0.00124428	0.956849	0.478756	13	AGCCGCCGCAGCC	GACCCCCCGCTGTGC	-
82-AGCCGCCGCMGCC	ZN770_HUMAN.H11MO.0.C	5	0.00124539	0.957705	0.478756	13	AGCCGCCGCAGCC	GATCCTCCCGCCTCAGCCTCCC	-
83-CTGGGCTCAGCCGSS	ZN331_HUMAN.H11MO.0.C	2	2.23906e-07	0.000172184	0.000341799	15	CTGGGCTCAGCCGGC	GGCTGGGCTCAGCTGGGTGG	+
83-CTGGGCTCAGCCGSS	ZN554_HUMAN.H11MO.1.D	-2	3.95936e-05	0.0304475	0.0302204	9	CTGGGCTCAGCCGGC	TGGCTCTGC	-
83-CTGGGCTCAGCCGSS	ZFX_HUMAN.H11MO.1.A	2	0.000487601	0.374965	0.186084	15	CTGGGCTCAGCCGGC	CCCCGGCCTCCGCCCCC	-
83-CTGGGCTCAGCCGSS	TFCP2_HUMAN.H11MO.0.D	1	0.00104498	0.803587	0.319038	15	CTGGGCTCAGCCGGC	TCTGGCCAGTTCAGGC	-
83-CTGGGCTCAGCCGSS	AP2D_HUMAN.H11MO.0.D	1	0.00216778	1.66703	0.489512	13	CTGGGCTCAGCCGGC	ACGCGCCTCGGGCG	-
83-CTGGGCTCAGCCGSS	KLF3_HUMAN.H11MO.0.B	4	0.00225747	1.73599	0.489512	15	CTGGGCTCAGCCGGC	GGGGAGGGGCGGGGCCGGG	+
83-CTGGGCTCAGCCGSS	ZN554_HUMAN.H11MO.0.C	9	0.00269038	2.0689	0.489512	11	CTGGGCTCAGCCGGC	AGCACCCCACATGGCTCAGC	-
83-CTGGGCTCAGCCGSS	BACH1_HUMAN.H11MO.0.A	1	0.00288603	2.21936	0.489512	12	CTGGGCTCAGCCGGC	GCATGACTCAGCA	-
85-CCCCGCCCCAGCCGG	KLF12_HUMAN.H11MO.0.C	1	2.94302e-07	0.000226318	0.000441304	10	CCCCGCCCCAGCCGG	GCCCCGCCCCT	-
85-CCCCGCCCCAGCCGG	SP1_HUMAN.H11MO.1.A	3	1.96353e-06	0.00150995	0.000971863	11	CCCCGCCCCAGCCGG	CGGCCCCGCCCCCC	-
85-CCCCGCCCCAGCCGG	ZN148_HUMAN.H11MO.0.D	0	3.13003e-06	0.00240699	0.000971863	15	CCCCGCCCCAGCCGG	CCCCTCCCCCACCCC	-
85-CCCCGCCCCAGCCGG	SP2_HUMAN.H11MO.0.A	7	3.1472e-06	0.0024202	0.000971863	15	CCCCGCCCCAGCCGG	CCCCCGGCCCCGCCCCCCCCCC	-
85-CCCCGCCCCAGCCGG	SP3_HUMAN.H11MO.0.B	6	3.80977e-06	0.00292971	0.000971863	14	CCCCGCCCCAGCCGG	CCCCGGCCCCGCCCCCCCCC	-
85-CCCCGCCCCAGCCGG	ZN281_HUMAN.H11MO.0.A	1	3.88876e-06	0.00299045	0.000971863	14	CCCCGCCCCAGCCGG	TCCCCTCCCCCACCC	-
85-CCCCGCCCCAGCCGG	SP4_HUMAN.H11MO.1.A	3	8.61473e-06	0.00662473	0.00160956	13	CCCCGCCCCAGCCGG	CGGCCCCGCCCCCTCC	-
85-CCCCGCCCCAGCCGG	KLF3_HUMAN.H11MO.0.B	5	8.90421e-06	0.00684734	0.00160956	14	CCCCGCCCCAGCCGG	CCCGGCCCCGCCCCTCCCC	-
85-CCCCGCCCCAGCCGG	SP2_HUMAN.H11MO.1.B	1	1.02209e-05	0.00785985	0.00160956	11	CCCCGCCCCAGCCGG	GCCCCGCCCCCT	-
85-CCCCGCCCCAGCCGG	SP1_HUMAN.H11MO.0.A	11	1.0734e-05	0.00825447	0.00160956	11	CCCCGCCCCAGCCGG	CCCCCCCCCGGCCCCGCCCCCC	-
85-CCCCGCCCCAGCCGG	MAZ_HUMAN.H11MO.1.A	1	2.31751e-05	0.0178217	0.0025138	10	CCCCGCCCCAGCCGG	CCCCCTCCCTC	-
85-CCCCGCCCCAGCCGG	KLF16_HUMAN.H11MO.0.D	4	2.32005e-05	0.0178412	0.0025138	15	CCCCGCCCCAGCCGG	CCCCCCCCCCCCCGCCCCC	-
85-CCCCGCCCCAGCCGG	KLF5_HUMAN.H11MO.0.A	0	2.40302e-05	0.0184792	0.0025138	14	CCCCGCCCCAGCCGG	CCCAGCCCCACCCT	-
85-CCCCGCCCCAGCCGG	KLF9_HUMAN.H11MO.0.C	2	2.50897e-05	0.0192939	0.0025138	13	CCCCGCCCCAGCCGG	GGCCACGCCCCCTCC	-
85-CCCCGCCCCAGCCGG	TBX1_HUMAN.H11MO.0.D	2	2.51464e-05	0.0193376	0.0025138	15	CCCCGCCCCAGCCGG	CCGCCCACCCCTGCCCACCC	-
85-CCCCGCCCCAGCCGG	TBX15_HUMAN.H11MO.0.D	1	3.93518e-05	0.0302615	0.00352425	15	CCCCGCCCCAGCCGG	CCCCCACCCCCCCCCCCCC	-
85-CCCCGCCCCAGCCGG	SP4_HUMAN.H11MO.0.A	5	3.99549e-05	0.0307253	0.00352425	15	CCCCGCCCCAGCCGG	CCCGGCCCCGCCCCCTTCCC	-
85-CCCCGCCCCAGCCGG	KLF4_HUMAN.H11MO.0.A	1	6.45066e-05	0.0496055	0.00510625	9	CCCCGCCCCAGCCGG	GCCACACCCT	-
85-CCCCGCCCCAGCCGG	KLF1_HUMAN.H11MO.0.A	0	6.47008e-05	0.0497549	0.00510625	14	CCCCGCCCCAGCCGG	CCCGGCCCCGCCCC	-
85-CCCCGCCCCAGCCGG	EGR1_HUMAN.H11MO.0.A	1	0.000140306	0.107895	0.0105194	15	CCCCGCCCCAGCCGG	CCCCCGCCCACGCCCTC	-
85-CCCCGCCCCAGCCGG	EGR4_HUMAN.H11MO.0.D	1	0.000207571	0.159622	0.014802	10	CCCCGCCCCAGCCGG	GCCCTGCCGCC	-
85-CCCCGCCCCAGCCGG	AP2D_HUMAN.H11MO.0.D	0	0.000240146	0.184672	0.014802	14	CCCCGCCCCAGCCGG	ACGCGCCTCGGGCG	-
85-CCCCGCCCCAGCCGG	PATZ1_HUMAN.H11MO.0.C	7	0.000243101	0.186945	0.014802	15	CCCCGCCCCAGCCGG	CCTCCCCCCCCGCCCCCTCCCC	-
85-CCCCGCCCCAGCCGG	WT1_HUMAN.H11MO.0.C	6	0.00024492	0.188343	0.014802	14	CCCCGCCCCAGCCGG	CCCCCCCTCCTCCCCCGCCC	-
85-CCCCGCCCCAGCCGG	KLF14_HUMAN.H11MO.0.D	1	0.000246783	0.189776	0.014802	12	CCCCGCCCCAGCCGG	GCCACGCCCCCCT	-
85-CCCCGCCCCAGCCGG	EGR2_HUMAN.H11MO.1.A	1	0.000271726	0.208957	0.0156712	15	CCCCGCCCCAGCCGG	CCCCCGCCCACGCCCC	-
85-CCCCGCCCCAGCCGG	KLF6_HUMAN.H11MO.0.A	2	0.000407352	0.313254	0.0226231	15	CCCCGCCCCAGCCGG	CCCCCGGCCCCGCCCTTCC	-
85-CCCCGCCCCAGCCGG	KLF15_HUMAN.H11MO.0.A	5	0.000512898	0.394418	0.0274675	14	CCCCGCCCCAGCCGG	CCCCCCCCTGCTCCTCCCC	-
85-CCCCGCCCCAGCCGG	EGR2_HUMAN.H11MO.0.A	0	0.000652492	0.501767	0.0337383	15	CCCCGCCCCAGCCGG	CCCCTCCCACACCCCCCC	-
85-CCCCGCCCCAGCCGG	ZN740_HUMAN.H11MO.0.D	2	0.000733071	0.563732	0.0355187	12	CCCCGCCCCAGCCGG	CCCACCCCCCCCCC	-
85-CCCCGCCCCAGCCGG	ZBT17_HUMAN.H11MO.0.A	3	0.000762406	0.58629	0.0355187	15	CCCCGCCCCAGCCGG	CTTCCCCTCCCCCACCCTC	-
85-CCCCGCCCCAGCCGG	E2F4_HUMAN.H11MO.0.A	3	0.000772486	0.594042	0.0355187	10	CCCCGCCCCAGCCGG	ATTTCCCGCCCCC	-
85-CCCCGCCCCAGCCGG	PATZ1_HUMAN.H11MO.1.C	0	0.000781672	0.601106	0.0355187	9	CCCCGCCCCAGCCGG	CCCCTCCCT	-
85-CCCCGCCCCAGCCGG	ZN219_HUMAN.H11MO.0.D	1	0.00105272	0.809544	0.0464281	11	CCCCGCCCCAGCCGG	TCCGCCCCCCTC	-
85-CCCCGCCCCAGCCGG	SALL4_HUMAN.H11MO.0.B	-1	0.00130938	1.00691	0.0560974	10	CCCCGCCCCAGCCGG	CCCACCCTCC	-
85-CCCCGCCCCAGCCGG	E2F7_HUMAN.H11MO.0.B	4	0.00145035	1.11532	0.0604111	9	CCCCGCCCCAGCCGG	CCTTTCCCGCCCC	-
85-CCCCGCCCCAGCCGG	ZN770_HUMAN.H11MO.0.C	5	0.00160312	1.2328	0.0649694	15	CCCCGCCCCAGCCGG	GATCCTCCCGCCTCAGCCTCCC	-
85-CCCCGCCCCAGCCGG	TFDP1_HUMAN.H11MO.0.C	3	0.00169186	1.30104	0.0667617	11	CCCCGCCCCAGCCGG	TTTTCCCGCCCCCC	-
85-CCCCGCCCCAGCCGG	KLF13_HUMAN.H11MO.0.D	-1	0.00196557	1.51153	0.0745528	11	CCCCGCCCCAGCCGG	CACGCCCCCCT	-
85-CCCCGCCCCAGCCGG	MAZ_HUMAN.H11MO.0.A	7	0.00198874	1.52934	0.0745528	15	CCCCGCCCCAGCCGG	CCCCCCCCCCCCCCCCTCCCCC	-
85-CCCCGCCCCAGCCGG	E2F1_HUMAN.H11MO.0.A	3	0.002467	1.89712	0.0880329	11	CCCCGCCCCAGCCGG	CTTTCCCGCCCCCC	-
85-CCCCGCCCCAGCCGG	SRBP2_HUMAN.H11MO.0.B	0	0.0025231	1.94027	0.0880329	13	CCCCGCCCCAGCCGG	CCTCACCCCACCC	-
85-CCCCGCCCCAGCCGG	ZIC1_HUMAN.H11MO.0.B	0	0.00252446	1.94131	0.0880329	9	CCCCGCCCCAGCCGG	GACCACCCC	-
85-CCCCGCCCCAGCCGG	E2F3_HUMAN.H11MO.0.A	2	0.0028054	2.15735	0.0956066	9	CCCCGCCCCAGCCGG	TTTCCCGCCCT	-
85-CCCCGCCCCAGCCGG	E2F6_HUMAN.H11MO.0.A	4	0.00454536	3.49538	0.151461	9	CCCCGCCCCAGCCGG	CCCTTCCCGCCCC	-
85-CCCCGCCCCAGCCGG	GLIS1_HUMAN.H11MO.0.D	3	0.00479019	3.68366	0.15615	10	CCCCGCCCCAGCCGG	AGACCCCCCACGA	-
85-CCCCGCCCCAGCCGG	ZFX_HUMAN.H11MO.1.A	1	0.00651237	5.00802	0.203584	15	CCCCGCCCCAGCCGG	CCCCGGCCTCCGCCCCC	-
85-CCCCGCCCCAGCCGG	ZN467_HUMAN.H11MO.0.C	13	0.00651687	5.01147	0.203584	9	CCCCGCCCCAGCCGG	CCCCCCCCCCCCTCCCCTCCCC	-
85-CCCCGCCCCAGCCGG	TFCP2_HUMAN.H11MO.0.D	0	0.00720342	5.53943	0.220439	15	CCCCGCCCCAGCCGG	GCCTGAACTGGCCAGA	+
85-CCCCGCCCCAGCCGG	PROX1_HUMAN.H11MO.0.D	4	0.00754001	5.79827	0.226124	13	CCCCGCCCCAGCCGG	CCCAACCCGCCTTACCC	-
85-CCCCGCCCCAGCCGG	GLIS3_HUMAN.H11MO.0.D	2	0.00793666	6.10329	0.233353	8	CCCCGCCCCAGCCGG	TACCCCCCAC	-
85-CCCCGCCCCAGCCGG	GLIS2_HUMAN.H11MO.0.D	2	0.00887791	6.82712	0.256008	12	CCCCGCCCCAGCCGG	GACCCCCCGCGAAG	-
85-CCCCGCCCCAGCCGG	ZBT7A_HUMAN.H11MO.0.A	-2	0.00943331	7.25421	0.266891	9	CCCCGCCCCAGCCGG	GAGACCCCC	-
85-CCCCGCCCCAGCCGG	ZN770_HUMAN.H11MO.1.C	0	0.00964183	7.41457	0.267739	11	CCCCGCCCCAGCCGG	CTCAGCCTCCC	-
85-CCCCGCCCCAGCCGG	PURA_HUMAN.H11MO.0.D	0	0.0100641	7.73926	0.274382	15	CCCCGCCCCAGCCGG	CCCTGCCCCCCCCTTCC	-
85-CCCCGCCCCAGCCGG	TAF1_HUMAN.H11MO.0.A	-2	0.0105912	8.14463	0.278622	13	CCCCGCCCCAGCCGG	CCGCCGCCGCCATCTT	-
85-CCCCGCCCCAGCCGG	ZSC22_HUMAN.H11MO.0.C	-2	0.0105912	8.14463	0.278622	13	CCCCGCCCCAGCCGG	CCTCCTCCCTCAGACC	-
85-CCCCGCCCCAGCCGG	PLAG1_HUMAN.H11MO.0.D	0	0.0110668	8.51035	0.286114	15	CCCCGCCCCAGCCGG	CCCCTCCTGATGCCCCC	-
85-CCCCGCCCCAGCCGG	VEZF1_HUMAN.H11MO.0.C	0	0.0116881	8.98811	0.297054	15	CCCCGCCCCAGCCGG	CCCCTCCCCCTCCCCCCTCCCC	-
85-CCCCGCCCCAGCCGG	CTCFL_HUMAN.H11MO.0.A	0	0.0121616	9.35231	0.303939	15	CCCCGCCCCAGCCGG	CGGCGCCCCCTGGCGGC	-
85-CCCCGCCCCAGCCGG	RORA_HUMAN.H11MO.0.C	0	0.0125568	9.65615	0.305622	13	CCCCGCCCCAGCCGG	CCCTGACCTAGTT	-
85-CCCCGCCCCAGCCGG	ZN320_HUMAN.H11MO.0.C	8	0.0126366	9.71755	0.305622	12	CCCCGCCCCAGCCGG	CACTGGCCCCCTGGTCCCAC	-
85-CCCCGCCCCAGCCGG	VEZF1_HUMAN.H11MO.1.C	1	0.0131786	10.1343	0.310225	11	CCCCGCCCCAGCCGG	CCCCCTCCCCCT	-
85-CCCCGCCCCAGCCGG	ZBT14_HUMAN.H11MO.0.C	0	0.0132407	10.1821	0.310225	9	CCCCGCCCCAGCCGG	GCGCGCTCC	-
85-CCCCGCCCCAGCCGG	HEY2_HUMAN.H11MO.0.D	5	0.0139936	10.7611	0.322821	12	CCCCGCCCCAGCCGG	TAATGCCACGTGCCCCC	-
85-CCCCGCCCCAGCCGG	ZN449_HUMAN.H11MO.0.C	-2	0.014707	11.3097	0.334138	11	CCCCGCCCCAGCCGG	AAGCCCAACCA	-
85-CCCCGCCCCAGCCGG	RFX5_HUMAN.H11MO.0.A	4	0.0152375	11.7176	0.341024	15	CCCCGCCCCAGCCGG	TCTGCCTAGCAACAGCTGAC	-
85-CCCCGCCCCAGCCGG	RREB1_HUMAN.H11MO.0.D	1	0.0178305	13.7117	0.390667	15	CCCCGCCCCAGCCGG	ACCCCAAACCACCCCCCCCCCC	-
85-CCCCGCCCCAGCCGG	ZIC4_HUMAN.H11MO.0.D	4	0.0179767	13.8241	0.390667	11	CCCCGCCCCAGCCGG	GACCCCCCGCTGTGC	-
85-CCCCGCCCCAGCCGG	Z324A_HUMAN.H11MO.0.C	6	0.0185927	14.2978	0.395954	15	CCCCGCCCCAGCCGG	TATCAAACCATCCTTTGCTGCCA	+
85-CCCCGCCCCAGCCGG	AP2B_HUMAN.H11MO.0.B	-3	0.0189655	14.5845	0.395954	10	CCCCGCCCCAGCCGG	GCCCCCGGGC	-
85-CCCCGCCCCAGCCGG	WT1_HUMAN.H11MO.1.B	1	0.0190121	14.6203	0.395954	10	CCCCGCCCCAGCCGG	CCTCCTCCCAC	-
85-CCCCGCCCCAGCCGG	ARNT2_HUMAN.H11MO.0.D	0	0.0196062	15.0772	0.402732	12	CCCCGCCCCAGCCGG	GCCTCCCACGCC	-
85-CCCCGCCCCAGCCGG	ZN341_HUMAN.H11MO.0.C	6	0.0224128	17.2355	0.454162	15	CCCCGCCCCAGCCGG	GCTCTTCCCTCCCCCCCCCCCC	-
85-CCCCGCCCCAGCCGG	THAP1_HUMAN.H11MO.0.C	0	0.0256569	19.7302	0.497161	15	CCCCGCCCCAGCCGG	CGCCGCCATCTTGGCTGCGGGC	+
85-CCCCGCCCCAGCCGG	ZN335_HUMAN.H11MO.0.A	6	0.0256569	19.7302	0.497161	15	CCCCGCCCCAGCCGG	GGCTGTCCTCGGCGCTGCCTGA	+
85-CCCCGCCCCAGCCGG	ZN263_HUMAN.H11MO.1.A	1	0.0256872	19.7535	0.497161	10	CCCCGCCCCAGCCGG	CCTCCTCCCTC	-
85-CCCCGCCCCAGCCGG	PLAL1_HUMAN.H11MO.0.D	-2	0.0258855	19.906	0.497161	10	CCCCGCCCCAGCCGG	GGGCCCCCCG	-
85-CCCCGCCCCAGCCGG	E2F8_HUMAN.H11MO.0.D	2	0.0261926	20.1421	0.497161	10	CCCCGCCCCAGCCGG	TTTCCCGCCAAA	-
88-AGGCGGGCGGGGARG	SP1_HUMAN.H11MO.1.A	-1	1.19956e-05	0.00922465	0.00670839	14	AGGCGGGCGGGGAGG	GGGGGGCGGGGCCG	+
88-AGGCGGGCGGGGARG	KLF16_HUMAN.H11MO.0.D	2	1.34652e-05	0.0103547	0.00670839	15	AGGCGGGCGGGGAGG	GGGGGCGGGGGGGGGGGGG	+
88-AGGCGGGCGGGGARG	ZN263_HUMAN.H11MO.0.A	3	1.34712e-05	0.0103594	0.00670839	15	AGGCGGGCGGGGAGG	GGGAGGAGGGAGAGGAGGAG	+
88-AGGCGGGCGGGGARG	SP3_HUMAN.H11MO.0.B	2	3.0857e-05	0.0237291	0.0092152	15	AGGCGGGCGGGGAGG	GGGGGGGGGCGGGGCCGGGG	+
88-AGGCGGGCGGGGARG	E2F4_HUMAN.H11MO.0.A	-2	3.76494e-05	0.0289524	0.0092152	13	AGGCGGGCGGGGAGG	GGGGGCGGGAAAT	+
88-AGGCGGGCGGGGARG	KLF15_HUMAN.H11MO.0.A	4	3.82895e-05	0.0294447	0.0092152	15	AGGCGGGCGGGGAGG	GGGGAGGAGCAGGGGGGGG	+
88-AGGCGGGCGGGGARG	E2F1_HUMAN.H11MO.0.A	-1	4.433e-05	0.0340898	0.0092152	14	AGGCGGGCGGGGAGG	GGGGGGCGGGAAAG	+
88-AGGCGGGCGGGGARG	EGR4_HUMAN.H11MO.0.D	-1	5.51397e-05	0.0424025	0.0092152	11	AGGCGGGCGGGGAGG	GGCGGCAGGGC	+
88-AGGCGGGCGGGGARG	SP2_HUMAN.H11MO.0.A	3	6.10596e-05	0.0469549	0.0092152	15	AGGCGGGCGGGGAGG	GGGGGGGGGGCGGGGCCGGGGG	+
88-AGGCGGGCGGGGARG	ZN467_HUMAN.H11MO.0.C	4	7.04395e-05	0.054168	0.0092152	15	AGGCGGGCGGGGAGG	GGGGAGGGGAGGGGGGGGGGGG	+
88-AGGCGGGCGGGGARG	SP4_HUMAN.H11MO.1.A	1	7.25877e-05	0.0558199	0.0092152	15	AGGCGGGCGGGGAGG	GGAGGGGGCGGGGCCG	+
88-AGGCGGGCGGGGARG	TFDP1_HUMAN.H11MO.0.C	-1	7.40207e-05	0.0569219	0.0092152	14	AGGCGGGCGGGGAGG	GGGGGGCGGGAAAA	+
88-AGGCGGGCGGGGARG	SP2_HUMAN.H11MO.1.B	-1	0.000125431	0.0964564	0.0144143	12	AGGCGGGCGGGGAGG	AGGGGGCGGGGC	+
88-AGGCGGGCGGGGARG	SP1_HUMAN.H11MO.0.A	-1	0.000141653	0.108931	0.0151157	14	AGGCGGGCGGGGAGG	GGGGGGCGGGGCCGGGGGGGGG	+
88-AGGCGGGCGGGGARG	ZBT17_HUMAN.H11MO.0.A	4	0.000166315	0.127897	0.0155953	15	AGGCGGGCGGGGAGG	GAGGGTGGGGGAGGGGAAG	+
88-AGGCGGGCGGGGARG	ZN219_HUMAN.H11MO.0.D	1	0.000167025	0.128442	0.0155953	11	AGGCGGGCGGGGAGG	GAGGGGGGCGGA	+
88-AGGCGGGCGGGGARG	KLF3_HUMAN.H11MO.0.B	2	0.000203286	0.156327	0.0178645	15	AGGCGGGCGGGGAGG	GGGGAGGGGCGGGGCCGGG	+
88-AGGCGGGCGGGGARG	MAZ_HUMAN.H11MO.0.A	5	0.000227497	0.174945	0.0188815	15	AGGCGGGCGGGGAGG	GGGGGAGGGGGGGGGGGGGGGG	+
88-AGGCGGGCGGGGARG	KLF14_HUMAN.H11MO.0.D	0	0.000246372	0.18946	0.0190475	13	AGGCGGGCGGGGAGG	AGGGGGGCGTGGC	+
88-AGGCGGGCGGGGARG	TBX15_HUMAN.H11MO.0.D	1	0.00026477	0.203608	0.0190475	15	AGGCGGGCGGGGAGG	GGGGGGGGGGGGGTGGGGG	+
88-AGGCGGGCGGGGARG	ZN281_HUMAN.H11MO.0.A	2	0.000267747	0.205897	0.0190475	13	AGGCGGGCGGGGAGG	GGGTGGGGGAGGGGA	+
88-AGGCGGGCGGGGARG	SP4_HUMAN.H11MO.0.A	3	0.000304913	0.234478	0.0203054	15	AGGCGGGCGGGGAGG	GGGAAGGGGGCGGGGCCGGG	+
88-AGGCGGGCGGGGARG	KLF6_HUMAN.H11MO.0.A	0	0.000321997	0.247616	0.0203054	15	AGGCGGGCGGGGAGG	GGAAGGGCGGGGCCGGGGG	+
88-AGGCGGGCGGGGARG	KLF13_HUMAN.H11MO.0.D	0	0.000326204	0.250851	0.0203054	11	AGGCGGGCGGGGAGG	AGGGGGGCGTG	+
88-AGGCGGGCGGGGARG	VEZF1_HUMAN.H11MO.0.C	4	0.000360961	0.277579	0.0215702	15	AGGCGGGCGGGGAGG	GGGGAGGGGGGAGGGGGAGGGG	+
88-AGGCGGGCGGGGARG	E2F7_HUMAN.H11MO.0.B	-3	0.00048288	0.371335	0.0274187	12	AGGCGGGCGGGGAGG	GGGGCGGGAAAGG	+
88-AGGCGGGCGGGGARG	KLF12_HUMAN.H11MO.0.C	-2	0.000495539	0.381069	0.0274187	11	AGGCGGGCGGGGAGG	AGGGGCGGGGC	+
88-AGGCGGGCGGGGARG	EGR2_HUMAN.H11MO.1.A	1	0.000531299	0.408569	0.0283474	15	AGGCGGGCGGGGAGG	GGGGCGTGGGCGGGGG	+
88-AGGCGGGCGGGGARG	EGR1_HUMAN.H11MO.0.A	2	0.000588966	0.452915	0.0303407	15	AGGCGGGCGGGGAGG	GAGGGCGTGGGCGGGGG	+
88-AGGCGGGCGGGGARG	PATZ1_HUMAN.H11MO.0.C	7	0.000683981	0.525981	0.0326527	15	AGGCGGGCGGGGAGG	GGGGAGGGGGCGGGGGGGGAGG	+
88-AGGCGGGCGGGGARG	TBX1_HUMAN.H11MO.0.D	0	0.000698455	0.537112	0.0326527	15	AGGCGGGCGGGGAGG	GGGTGGGCAGGGGTGGGCGG	+
88-AGGCGGGCGGGGARG	ZN148_HUMAN.H11MO.0.D	3	0.000699418	0.537852	0.0326527	12	AGGCGGGCGGGGAGG	GGGGTGGGGGAGGGG	+
88-AGGCGGGCGGGGARG	E2F3_HUMAN.H11MO.0.A	-3	0.000797207	0.613052	0.0350288	11	AGGCGGGCGGGGAGG	AGGGCGGGAAA	+
88-AGGCGGGCGGGGARG	MAZ_HUMAN.H11MO.1.A	-2	0.000797207	0.613052	0.0350288	11	AGGCGGGCGGGGAGG	GAGGGAGGGGG	+
88-AGGCGGGCGGGGARG	E2F6_HUMAN.H11MO.0.A	-3	0.000983042	0.755959	0.0413446	12	AGGCGGGCGGGGAGG	GGGGCGGGAAGGG	+
88-AGGCGGGCGGGGARG	WT1_HUMAN.H11MO.0.C	2	0.00101069	0.777221	0.0413446	15	AGGCGGGCGGGGAGG	GGGCGGGGGAGGAGGGGGGG	+
88-AGGCGGGCGGGGARG	PROX1_HUMAN.H11MO.0.D	5	0.00102397	0.787434	0.0413446	12	AGGCGGGCGGGGAGG	GGGTAAGGCGGGTTGGG	+
88-AGGCGGGCGGGGARG	ZN770_HUMAN.H11MO.0.C	3	0.00119204	0.91668	0.0466594	15	AGGCGGGCGGGGAGG	GGGAGGCTGAGGCGGGAGGATC	+
88-AGGCGGGCGGGGARG	ZN740_HUMAN.H11MO.0.D	-1	0.00121807	0.936693	0.0466594	14	AGGCGGGCGGGGAGG	GGGGGGGGGGTGGG	+
88-AGGCGGGCGGGGARG	SALL4_HUMAN.H11MO.0.B	-1	0.00153707	1.18201	0.0574072	10	AGGCGGGCGGGGAGG	GGAGGGTGGG	+
88-AGGCGGGCGGGGARG	KLF9_HUMAN.H11MO.0.C	1	0.00173767	1.33627	0.0633164	14	AGGCGGGCGGGGAGG	GGAGGGGGCGTGGCC	+
88-AGGCGGGCGGGGARG	PURA_HUMAN.H11MO.0.D	5	0.00196593	1.5118	0.0699279	12	AGGCGGGCGGGGAGG	GGAAGGGGGGGGCAGGG	+
88-AGGCGGGCGGGGARG	ZSC31_HUMAN.H11MO.0.C	3	0.0023414	1.80053	0.0813466	15	AGGCGGGCGGGGAGG	GGCAGCAGGGCAGTTATG	+
88-AGGCGGGCGGGGARG	ZN341_HUMAN.H11MO.0.C	0	0.00257591	1.98088	0.0865135	15	AGGCGGGCGGGGAGG	GGGGGGGGGGGGAGGGAAGAGC	+
88-AGGCGGGCGGGGARG	ZN816_HUMAN.H11MO.0.C	5	0.00260593	2.00396	0.0865135	15	AGGCGGGCGGGGAGG	AAAAAAGGGGGACATGCAGGG	+
88-AGGCGGGCGGGGARG	EGR2_HUMAN.H11MO.0.A	4	0.00294268	2.26292	0.0955693	14	AGGCGGGCGGGGAGG	GGGGGGGTGTGGGAGGGG	+
88-AGGCGGGCGGGGARG	TAF1_HUMAN.H11MO.0.A	1	0.00317938	2.44494	0.101059	15	AGGCGGGCGGGGAGG	AAGATGGCGGCGGCGG	+
88-AGGCGGGCGGGGARG	KLF1_HUMAN.H11MO.0.A	-1	0.00376179	2.89282	0.117081	14	AGGCGGGCGGGGAGG	GGGGCGGGGCCGGG	+
88-AGGCGGGCGGGGARG	ZNF76_HUMAN.H11MO.0.C	1	0.00536733	4.12748	0.163642	15	AGGCGGGCGGGGAGG	GGGGCATTCTGGGAATTGTAGT	+
88-AGGCGGGCGGGGARG	KLF5_HUMAN.H11MO.0.A	-3	0.00558598	4.29562	0.166902	12	AGGCGGGCGGGGAGG	AGGGTGGGGCTGGG	+
88-AGGCGGGCGGGGARG	VEZF1_HUMAN.H11MO.1.C	-1	0.00634663	4.88056	0.185911	12	AGGCGGGCGGGGAGG	AGGGGGAGGGGG	+
88-AGGCGGGCGGGGARG	E2F4_HUMAN.H11MO.1.A	-1	0.00659602	5.07234	0.189501	14	AGGCGGGCGGGGAGG	GGCGGGAAATTTGA	+
88-AGGCGGGCGGGGARG	PATZ1_HUMAN.H11MO.1.C	-3	0.00675083	5.19139	0.190289	9	AGGCGGGCGGGGAGG	AGGGAGGGG	+
88-AGGCGGGCGGGGARG	MBD2_HUMAN.H11MO.0.B	-2	0.00712045	5.47563	0.196991	11	AGGCGGGCGGGGAGG	CGGGCCGGAGG	+
88-AGGCGGGCGGGGARG	THA11_HUMAN.H11MO.0.B	-1	0.00744211	5.72298	0.201334	14	AGGCGGGCGGGGAGG	GGCATGCTGGGAGTTGTAGTTC	+
88-AGGCGGGCGGGGARG	MESP1_HUMAN.H11MO.0.D	2	0.00754696	5.80361	0.201334	9	AGGCGGGCGGGGAGG	GCAGGTGTGGA	+
88-AGGCGGGCGGGGARG	SNAI1_HUMAN.H11MO.0.C	2	0.00788063	6.06021	0.206547	6	AGGCGGGCGGGGAGG	CCAGGTGG	+
88-AGGCGGGCGGGGARG	AP2B_HUMAN.H11MO.0.B	-2	0.00864575	6.64858	0.222694	10	AGGCGGGCGGGGAGG	GCCCGGGGGC	+
88-AGGCGGGCGGGGARG	MXI1_HUMAN.H11MO.0.A	2	0.00981106	7.54471	0.248426	13	AGGCGGGCGGGGAGG	GCACGTGGCGGCGGG	+
88-AGGCGGGCGGGGARG	KLF4_HUMAN.H11MO.0.A	-3	0.010347	7.95684	0.25763	10	AGGCGGGCGGGGAGG	AGGGTGTGGC	+
88-AGGCGGGCGGGGARG	ZF64A_HUMAN.H11MO.0.D	-1	0.0116391	8.9505	0.285052	14	AGGCGGGCGGGGAGG	GGGGCCCGGGAACCTG	+
88-AGGCGGGCGGGGARG	GLIS3_HUMAN.H11MO.0.D	-2	0.0123536	9.49988	0.297669	10	AGGCGGGCGGGGAGG	GTGGGGGGTA	+
88-AGGCGGGCGGGGARG	ZBTB4_HUMAN.H11MO.0.D	6	0.0126107	9.69765	0.299042	11	AGGCGGGCGGGGAGG	CCTAGATGGCAGGTGGG	+
88-AGGCGGGCGGGGARG	ZN143_HUMAN.H11MO.0.A	-1	0.0132881	10.2185	0.305703	14	AGGCGGGCGGGGAGG	GGCATTCTGGGAATTGTAGTTC	+
88-AGGCGGGCGGGGARG	FLI1_HUMAN.H11MO.0.A	2	0.0133009	10.2284	0.305703	15	AGGCGGGCGGGGAGG	GGAGGAAGGAAGGAGGGA	+
88-AGGCGGGCGGGGARG	Z324A_HUMAN.H11MO.0.C	0	0.0145229	11.1681	0.328732	15	AGGCGGGCGGGGAGG	TGGCAGCAAAGGATGGTTTGATA	-
88-AGGCGGGCGGGGARG	TBX5_HUMAN.H11MO.0.D	0	0.0153918	11.8363	0.343199	8	AGGCGGGCGGGGAGG	AGGTGTGA	+
88-AGGCGGGCGGGGARG	ZN770_HUMAN.H11MO.1.C	0	0.0157332	12.0989	0.345654	11	AGGCGGGCGGGGAGG	GGGAGGCTGAG	+
88-AGGCGGGCGGGGARG	ZIC1_HUMAN.H11MO.0.B	-3	0.0163386	12.5643	0.353739	9	AGGCGGGCGGGGAGG	GGGGTGGTC	+
88-AGGCGGGCGGGGARG	SPIC_HUMAN.H11MO.0.D	-2	0.0165748	12.746	0.353739	13	AGGCGGGCGGGGAGG	GAGGAAGGGGAGG	+
88-AGGCGGGCGGGGARG	ZN331_HUMAN.H11MO.0.C	10	0.0171359	13.1775	0.360562	10	AGGCGGGCGGGGAGG	GGCTGGGCTCAGCTGGGTGG	+
88-AGGCGGGCGGGGARG	ZN335_HUMAN.H11MO.1.A	2	0.0174949	13.4536	0.363004	5	AGGCGGGCGGGGAGG	TCAGGCA	-
88-AGGCGGGCGGGGARG	ZN563_HUMAN.H11MO.0.C	1	0.0181182	13.9329	0.370788	15	AGGCGGGCGGGGAGG	GCAGCTGCCAGTGAGGATCCC	-
88-AGGCGGGCGGGGARG	NFIC_HUMAN.H11MO.0.A	2	0.0208407	16.0265	0.42074	15	AGGCGGGCGGGGAGG	CTTGGCAGGGAGCCAAG	-
88-AGGCGGGCGGGGARG	ZN816_HUMAN.H11MO.1.C	1	0.022131	17.0188	0.440307	13	AGGCGGGCGGGGAGG	AAGGGGGACATGCA	+
88-AGGCGGGCGGGGARG	ZSC22_HUMAN.H11MO.0.C	6	0.0223994	17.2251	0.440307	10	AGGCGGGCGGGGAGG	GGTCTGAGGGAGGAGG	+
88-AGGCGGGCGGGGARG	GLIS1_HUMAN.H11MO.0.D	-2	0.0249923	19.2191	0.484896	13	AGGCGGGCGGGGAGG	TCGTGGGGGGTCT	+
89-CCCTATCTGBW	GATA2_HUMAN.H11MO.1.A	1	0.000128848	0.0990841	0.108582	10	CCCTATCTGTT	TTCTTATCTGT	-
89-CCCTATCTGBW	SMAD1_HUMAN.H11MO.0.D	1	0.000141783	0.109031	0.108582	11	CCCTATCTGTT	AGCCTGTCTGCC	+
89-CCCTATCTGBW	GATA4_HUMAN.H11MO.0.A	0	0.000477709	0.367358	0.194798	10	CCCTATCTGTT	TCTTATCTGT	-
89-CCCTATCTGBW	GATA1_HUMAN.H11MO.1.A	1	0.000508725	0.391209	0.194798	10	CCCTATCTGTT	TTCTTATCTGT	-
89-CCCTATCTGBW	GATA1_HUMAN.H11MO.0.A	0	0.000885898	0.681256	0.20929	11	CCCTATCTGTT	TCTTATCTGTCCCCGCCAG	-
89-CCCTATCTGBW	GATA2_HUMAN.H11MO.0.A	0	0.0009565	0.735549	0.20929	11	CCCTATCTGTT	CCTTATCTCCACCCCCCAG	-
89-CCCTATCTGBW	TAL1_HUMAN.H11MO.0.A	0	0.0009565	0.735549	0.20929	11	CCCTATCTGTT	CCTTATCTGCCCCCCCCAG	-
89-CCCTATCTGBW	GATA6_HUMAN.H11MO.0.A	3	0.00118861	0.914038	0.227567	10	CCCTATCTGTT	TTATCTTATCTGT	-
89-CCCTATCTGBW	NDF2_HUMAN.H11MO.0.B	-2	0.00134851	1.037	0.229495	9	CCCTATCTGTT	CCATCTGTT	-
89-CCCTATCTGBW	GATA3_HUMAN.H11MO.0.A	1	0.00155031	1.19219	0.237455	10	CCCTATCTGTT	TTCTTATCTTT	-
89-CCCTATCTGBW	NGN2_HUMAN.H11MO.0.D	-1	0.00207206	1.59341	0.288517	10	CCCTATCTGTT	GCCATCTGCTCC	-
89-CCCTATCTGBW	NDF1_HUMAN.H11MO.0.A	-1	0.00262888	2.02161	0.335545	10	CCCTATCTGTT	ACCATCTGTC	-
89-CCCTATCTGBW	ATOH1_HUMAN.H11MO.0.B	-2	0.00372259	2.86267	0.434607	9	CCCTATCTGTT	CCATCTGCT	-
89-CCCTATCTGBW	TWST1_HUMAN.H11MO.1.A	-1	0.00397249	3.05484	0.434607	10	CCCTATCTGTT	CACATCTGGT	+
91-CCGGGGGCAGGGG	EGR4_HUMAN.H11MO.0.D	-2	4.3743e-05	0.0336384	0.059332	11	CCGGGGGCAGGGG	GGCGGCAGGGC	+
91-CCGGGGGCAGGGG	TBX1_HUMAN.H11MO.0.D	0	8.13115e-05	0.0625285	0.059332	13	CCGGGGGCAGGGG	GGGTGGGCAGGGGTGGGCGG	+
91-CCGGGGGCAGGGG	ZN281_HUMAN.H11MO.0.A	1	0.000184124	0.141591	0.0737393	13	CCGGGGGCAGGGG	GGGTGGGGGAGGGGA	+
91-CCGGGGGCAGGGG	SP1_HUMAN.H11MO.0.A	5	0.000243747	0.187441	0.0737393	13	CCGGGGGCAGGGG	GGGGGGCGGGGCCGGGGGGGGG	+
91-CCGGGGGCAGGGG	ZN320_HUMAN.H11MO.0.C	7	0.000296752	0.228202	0.0737393	13	CCGGGGGCAGGGG	GTGGGACCAGGGGGCCAGTG	+
91-CCGGGGGCAGGGG	INSM1_HUMAN.H11MO.0.C	3	0.000303168	0.233136	0.0737393	9	CCGGGGGCAGGGG	TGTCAGGGGGCA	+
91-CCGGGGGCAGGGG	SP1_HUMAN.H11MO.1.A	-1	0.000370186	0.284673	0.0771772	12	CCGGGGGCAGGGG	GGGGGGCGGGGCCG	+
91-CCGGGGGCAGGGG	ZN148_HUMAN.H11MO.0.D	2	0.00066068	0.508063	0.120523	13	CCGGGGGCAGGGG	GGGGTGGGGGAGGGG	+
91-CCGGGGGCAGGGG	SP2_HUMAN.H11MO.0.A	3	0.00078221	0.601519	0.126837	13	CCGGGGGCAGGGG	GGGGGGGGGGCGGGGCCGGGGG	+
91-CCGGGGGCAGGGG	COT1_HUMAN.H11MO.1.C	1	0.00102606	0.789038	0.14974	12	CCGGGGGCAGGGG	GCAGAGGTCAGGG	+
91-CCGGGGGCAGGGG	PLAL1_HUMAN.H11MO.0.D	0	0.00134101	1.03124	0.164001	10	CCGGGGGCAGGGG	CGGGGGGCCC	+
91-CCGGGGGCAGGGG	SP2_HUMAN.H11MO.1.B	-1	0.00160094	1.23112	0.164001	12	CCGGGGGCAGGGG	AGGGGGCGGGGC	+
91-CCGGGGGCAGGGG	SP3_HUMAN.H11MO.0.B	2	0.00170449	1.31075	0.164001	13	CCGGGGGCAGGGG	GGGGGGGGGCGGGGCCGGGG	+
91-CCGGGGGCAGGGG	EGR1_HUMAN.H11MO.0.A	4	0.00175319	1.34821	0.164001	13	CCGGGGGCAGGGG	GAGGGCGTGGGCGGGGG	+
91-CCGGGGGCAGGGG	ZN770_HUMAN.H11MO.1.C	-1	0.00175717	1.35127	0.164001	11	CCGGGGGCAGGGG	GGGAGGCTGAG	+
91-CCGGGGGCAGGGG	MTF1_HUMAN.H11MO.0.C	4	0.00185853	1.42921	0.164001	13	CCGGGGGCAGGGG	AGTGCCGTGTGCAAAAC	+
91-CCGGGGGCAGGGG	ASCL1_HUMAN.H11MO.0.A	-2	0.00191041	1.46911	0.164001	11	CCGGGGGCAGGGG	GGGAGCAGGTGCAG	-
91-CCGGGGGCAGGGG	EGR2_HUMAN.H11MO.1.A	3	0.00222622	1.71196	0.180494	13	CCGGGGGCAGGGG	GGGGCGTGGGCGGGGG	+
91-CCGGGGGCAGGGG	AP2B_HUMAN.H11MO.0.B	2	0.00240072	1.84616	0.184398	8	CCGGGGGCAGGGG	GCCCGGGGGC	+
91-CCGGGGGCAGGGG	RORA_HUMAN.H11MO.0.C	1	0.00279042	2.14583	0.192169	12	CCGGGGGCAGGGG	AACTAGGTCAGGG	+
91-CCGGGGGCAGGGG	AP2D_HUMAN.H11MO.0.D	2	0.00285146	2.19277	0.192169	12	CCGGGGGCAGGGG	CGCCCGAGGCGCGT	+
91-CCGGGGGCAGGGG	PATZ1_HUMAN.H11MO.1.C	-4	0.00291421	2.24102	0.192169	9	CCGGGGGCAGGGG	AGGGAGGGG	+
91-CCGGGGGCAGGGG	KLF14_HUMAN.H11MO.0.D	0	0.0031265	2.40428	0.192169	13	CCGGGGGCAGGGG	AGGGGGGCGTGGC	+
91-CCGGGGGCAGGGG	KLF12_HUMAN.H11MO.0.C	-2	0.00323304	2.48621	0.192169	11	CCGGGGGCAGGGG	AGGGGCGGGGC	+
91-CCGGGGGCAGGGG	PATZ1_HUMAN.H11MO.0.C	3	0.00329197	2.53152	0.192169	13	CCGGGGGCAGGGG	GGGGAGGGGGCGGGGGGGGAGG	+
91-CCGGGGGCAGGGG	PAX5_HUMAN.H11MO.0.A	0	0.00356615	2.74237	0.197008	13	CCGGGGGCAGGGG	GCCTGGGCAGCAGAGCGTGAC	+
91-CCGGGGGCAGGGG	ZN350_HUMAN.H11MO.1.D	1	0.00365021	2.80701	0.197008	13	CCGGGGGCAGGGG	ACGGGGCGCAGGGATTTGTTGCCC	+
91-CCGGGGGCAGGGG	COT1_HUMAN.H11MO.0.C	5	0.00389305	2.99376	0.197008	12	CCGGGGGCAGGGG	GGGGTCAGAGGTCAGGG	+
91-CCGGGGGCAGGGG	VEZF1_HUMAN.H11MO.0.C	3	0.00413136	3.17702	0.197008	13	CCGGGGGCAGGGG	GGGGAGGGGGGAGGGGGAGGGG	+
91-CCGGGGGCAGGGG	ZN770_HUMAN.H11MO.0.C	-1	0.00413136	3.17702	0.197008	12	CCGGGGGCAGGGG	GGGAGGCTGAGGCGGGAGGATC	+
91-CCGGGGGCAGGGG	COT2_HUMAN.H11MO.0.A	0	0.004376	3.36515	0.197008	13	CCGGGGGCAGGGG	CAAAGGTCAGAGG	+
91-CCGGGGGCAGGGG	KLF16_HUMAN.H11MO.0.D	4	0.00452907	3.48286	0.197008	13	CCGGGGGCAGGGG	GGGGGCGGGGGGGGGGGGG	+
91-CCGGGGGCAGGGG	MECP2_HUMAN.H11MO.0.C	1	0.0045763	3.51917	0.197008	6	CCGGGGGCAGGGG	CCCGGAG	+
91-CCGGGGGCAGGGG	RARA_HUMAN.H11MO.1.A	-2	0.00474475	3.64871	0.197008	10	CCGGGGGCAGGGG	AAGGTCAGGG	+
91-CCGGGGGCAGGGG	MAZ_HUMAN.H11MO.1.A	-2	0.00488234	3.75452	0.197008	11	CCGGGGGCAGGGG	GAGGGAGGGGG	+
91-CCGGGGGCAGGGG	SMAD3_HUMAN.H11MO.0.B	0	0.00515832	3.96675	0.197008	12	CCGGGGGCAGGGG	CAGGTGACAGAG	-
91-CCGGGGGCAGGGG	TBX15_HUMAN.H11MO.0.D	0	0.00534231	4.10824	0.197008	13	CCGGGGGCAGGGG	GGGGGGGGGGGGGTGGGGG	+
91-CCGGGGGCAGGGG	PURA_HUMAN.H11MO.0.D	5	0.00541208	4.16189	0.197008	12	CCGGGGGCAGGGG	GGAAGGGGGGGGCAGGG	+
91-CCGGGGGCAGGGG	KLF15_HUMAN.H11MO.0.A	3	0.00564228	4.33891	0.197008	13	CCGGGGGCAGGGG	GGGGAGGAGCAGGGGGGGG	+
91-CCGGGGGCAGGGG	ZBT17_HUMAN.H11MO.0.A	3	0.00564228	4.33891	0.197008	13	CCGGGGGCAGGGG	GAGGGTGGGGGAGGGGAAG	+
91-CCGGGGGCAGGGG	TAF1_HUMAN.H11MO.0.A	3	0.00573438	4.40974	0.197008	13	CCGGGGGCAGGGG	AAGATGGCGGCGGCGG	+
91-CCGGGGGCAGGGG	KLF13_HUMAN.H11MO.0.D	0	0.00580477	4.46387	0.197008	11	CCGGGGGCAGGGG	AGGGGGGCGTG	+
91-CCGGGGGCAGGGG	ZN263_HUMAN.H11MO.1.A	0	0.00580477	4.46387	0.197008	11	CCGGGGGCAGGGG	GAGGGAGGAGG	+
91-CCGGGGGCAGGGG	VEZF1_HUMAN.H11MO.1.C	-2	0.00610024	4.69108	0.200219	11	CCGGGGGCAGGGG	AGGGGGAGGGGG	+
91-CCGGGGGCAGGGG	HEY2_HUMAN.H11MO.0.D	-2	0.00636355	4.89357	0.200219	11	CCGGGGGCAGGGG	GGGGGCACGTGGCATTA	+
91-CCGGGGGCAGGGG	E2F6_HUMAN.H11MO.0.A	0	0.00641797	4.93542	0.200219	13	CCGGGGGCAGGGG	GGGGCGGGAAGGG	+
91-CCGGGGGCAGGGG	ZN219_HUMAN.H11MO.0.D	0	0.00644815	4.95863	0.200219	12	CCGGGGGCAGGGG	GAGGGGGGCGGA	+
91-CCGGGGGCAGGGG	MYF6_HUMAN.H11MO.0.C	-6	0.00700201	5.38454	0.205219	7	CCGGGGGCAGGGG	GCAGCTG	-
91-CCGGGGGCAGGGG	KLF6_HUMAN.H11MO.0.A	6	0.00700568	5.38737	0.205219	13	CCGGGGGCAGGGG	GGAAGGGCGGGGCCGGGGG	+
91-CCGGGGGCAGGGG	ZN816_HUMAN.H11MO.1.C	1	0.00723676	5.56507	0.205219	13	CCGGGGGCAGGGG	AAGGGGGACATGCA	+
91-CCGGGGGCAGGGG	CTCFL_HUMAN.H11MO.0.A	5	0.00746854	5.74331	0.205219	12	CCGGGGGCAGGGG	GCCGCCAGGGGGCGCCG	+
91-CCGGGGGCAGGGG	VDR_HUMAN.H11MO.1.A	-1	0.00749974	5.7673	0.205219	9	CCGGGGGCAGGGG	TGGGTTCAG	+
91-CCGGGGGCAGGGG	REST_HUMAN.H11MO.0.A	7	0.0075798	5.82887	0.205219	13	CCGGGGGCAGGGG	TTCAGCACCATGGACAGCGCCC	+
91-CCGGGGGCAGGGG	KLF9_HUMAN.H11MO.0.C	1	0.00770444	5.92471	0.205219	13	CCGGGGGCAGGGG	GGAGGGGGCGTGGCC	+
91-CCGGGGGCAGGGG	SP4_HUMAN.H11MO.0.A	3	0.00780152	5.99937	0.205219	13	CCGGGGGCAGGGG	GGGAAGGGGGCGGGGCCGGG	+
91-CCGGGGGCAGGGG	PPARG_HUMAN.H11MO.0.A	1	0.00787477	6.0557	0.205219	13	CCGGGGGCAGGGG	AAGTGGGGCAAAGGTCA	+
91-CCGGGGGCAGGGG	WT1_HUMAN.H11MO.0.C	1	0.00822923	6.32828	0.205864	13	CCGGGGGCAGGGG	GGGCGGGGGAGGAGGGGGGG	+
91-CCGGGGGCAGGGG	ZSC22_HUMAN.H11MO.0.C	3	0.00832274	6.40019	0.205864	13	CCGGGGGCAGGGG	GGTCTGAGGGAGGAGG	+
91-CCGGGGGCAGGGG	ZF64A_HUMAN.H11MO.0.D	5	0.00832274	6.40019	0.205864	11	CCGGGGGCAGGGG	GGGGCCCGGGAACCTG	+
91-CCGGGGGCAGGGG	ZBT7A_HUMAN.H11MO.0.A	-1	0.00846531	6.50982	0.205901	9	CCGGGGGCAGGGG	GGGGGTCTC	+
91-CCGGGGGCAGGGG	MAZ_HUMAN.H11MO.0.A	4	0.00890423	6.84735	0.206965	13	CCGGGGGCAGGGG	GGGGGAGGGGGGGGGGGGGGGG	+
91-CCGGGGGCAGGGG	ZN740_HUMAN.H11MO.0.D	3	0.00893452	6.87064	0.206965	11	CCGGGGGCAGGGG	GGGGGGGGGGTGGG	+
91-CCGGGGGCAGGGG	ZN263_HUMAN.H11MO.0.A	-2	0.00915054	7.03676	0.208657	11	CCGGGGGCAGGGG	GGGAGGAGGGAGAGGAGGAG	+
91-CCGGGGGCAGGGG	ZN331_HUMAN.H11MO.0.C	2	0.0101665	7.81803	0.225007	13	CCGGGGGCAGGGG	GGCTGGGCTCAGCTGGGTGG	+
91-CCGGGGGCAGGGG	WT1_HUMAN.H11MO.1.B	0	0.0101759	7.82527	0.225007	11	CCGGGGGCAGGGG	GTGGGAGGAGG	+
91-CCGGGGGCAGGGG	RARG_HUMAN.H11MO.1.B	-2	0.0104493	8.03553	0.227604	8	CCGGGGGCAGGGG	GAGGTCAG	+
91-CCGGGGGCAGGGG	TAL1_HUMAN.H11MO.1.A	0	0.0110909	8.52894	0.231041	13	CCGGGGGCAGGGG	CAGGAAGCAGATGTG	+
91-CCGGGGGCAGGGG	CTCF_HUMAN.H11MO.0.A	7	0.0112633	8.66148	0.231041	12	CCGGGGGCAGGGG	TGGCCACCAGGGGGCGCCA	+
91-CCGGGGGCAGGGG	SP4_HUMAN.H11MO.1.A	1	0.0113638	8.73878	0.231041	13	CCGGGGGCAGGGG	GGAGGGGGCGGGGCCG	+
91-CCGGGGGCAGGGG	OSR2_HUMAN.H11MO.0.C	2	0.0113638	8.73878	0.231041	13	CCGGGGGCAGGGG	CAGCAGAAGCAGCAGC	-
91-CCGGGGGCAGGGG	RXRA_HUMAN.H11MO.1.A	0	0.0113987	8.76557	0.231041	10	CCGGGGGCAGGGG	CAGAGGTCAG	+
91-CCGGGGGCAGGGG	EGR2_HUMAN.H11MO.0.A	6	0.0116895	8.98922	0.23369	12	CCGGGGGCAGGGG	GGGGGGGTGTGGGAGGGG	+
91-CCGGGGGCAGGGG	ZN554_HUMAN.H11MO.0.C	0	0.0118871	9.14121	0.23443	13	CCGGGGGCAGGGG	GCTGAGCCATGTGGGGTGCT	+
91-CCGGGGGCAGGGG	E2F4_HUMAN.H11MO.0.A	-2	0.012093	9.29955	0.23531	11	CCGGGGGCAGGGG	GGGGGCGGGAAAT	+
91-CCGGGGGCAGGGG	RXRA_HUMAN.H11MO.0.A	8	0.0125179	9.62626	0.238555	12	CCGGGGGCAGGGG	GGGGGAGGCAGAGGTCAGAG	+
91-CCGGGGGCAGGGG	VDR_HUMAN.H11MO.0.A	-2	0.0125867	9.67919	0.238555	11	CCGGGGGCAGGGG	GGGGTCAGTGGGTTCA	+
91-CCGGGGGCAGGGG	MYOD1_HUMAN.H11MO.0.A	1	0.0129266	9.94057	0.238795	13	CCGGGGGCAGGGG	GGCAGGAACAGCTGC	-
91-CCGGGGGCAGGGG	ZIC4_HUMAN.H11MO.0.D	6	0.0129266	9.94057	0.238795	9	CCGGGGGCAGGGG	GCACAGCGGGGGGTC	+
91-CCGGGGGCAGGGG	HEN1_HUMAN.H11MO.0.C	0	0.0131794	10.1349	0.240078	13	CCGGGGGCAGGGG	AGGGACGCAGCTGCTCCCCA	-
91-CCGGGGGCAGGGG	NR1H4_HUMAN.H11MO.1.B	-3	0.013393	10.2992	0.240078	8	CCGGGGGCAGGGG	AGGTCAGT	+
91-CCGGGGGCAGGGG	LYL1_HUMAN.H11MO.0.A	0	0.0134896	10.3735	0.240078	13	CCGGGGGCAGGGG	CAGGAAACAGCTGG	-
91-CCGGGGGCAGGGG	AP2C_HUMAN.H11MO.0.A	4	0.0141898	10.912	0.249498	10	CCGGGGGCAGGGG	ATGCCCTGAGGCCA	+
91-CCGGGGGCAGGGG	COT2_HUMAN.H11MO.1.A	5	0.0146345	11.2539	0.251261	12	CCGGGGGCAGGGG	GGGGTCAAAGGTCAGGG	+
91-CCGGGGGCAGGGG	RARB_HUMAN.H11MO.0.D	-2	0.0156742	12.0535	0.265323	11	CCGGGGGCAGGGG	GAGGTCAGGGC	+
91-CCGGGGGCAGGGG	KLF3_HUMAN.H11MO.0.B	2	0.016107	12.3863	0.265323	13	CCGGGGGCAGGGG	GGGGAGGGGCGGGGCCGGG	+
91-CCGGGGGCAGGGG	PPARA_HUMAN.H11MO.0.B	1	0.0161807	12.443	0.265323	13	CCGGGGGCAGGGG	AACTGGGGCAAAGGTCA	+
91-CCGGGGGCAGGGG	ZBTB4_HUMAN.H11MO.0.D	2	0.0161807	12.443	0.265323	13	CCGGGGGCAGGGG	CCTAGATGGCAGGTGGG	+
91-CCGGGGGCAGGGG	ZN436_HUMAN.H11MO.0.C	13	0.016648	12.8023	0.265786	11	CCGGGGGCAGGGG	TCAGGGAAGGCTTCCTGGAGGAGG	+
91-CCGGGGGCAGGGG	SALL4_HUMAN.H11MO.0.B	-2	0.0168182	12.9332	0.265786	10	CCGGGGGCAGGGG	GGAGGGTGGG	+
91-CCGGGGGCAGGGG	ZN257_HUMAN.H11MO.0.C	-2	0.0168549	12.9614	0.265786	11	CCGGGGGCAGGGG	AGAGGCAAGAGC	-
91-CCGGGGGCAGGGG	NR1H4_HUMAN.H11MO.0.B	2	0.0169374	13.0249	0.265786	13	CCGGGGGCAGGGG	CCTCGGGGTCATTGACCCC	-
91-CCGGGGGCAGGGG	MXI1_HUMAN.H11MO.0.A	1	0.0174656	13.4311	0.270004	13	CCGGGGGCAGGGG	CCCGCCGCCACGTGC	-
91-CCGGGGGCAGGGG	ESR1_HUMAN.H11MO.1.A	-1	0.0177613	13.6584	0.270004	10	CCGGGGGCAGGGG	CAAGGTCACC	+
91-CCGGGGGCAGGGG	ITF2_HUMAN.H11MO.0.C	-5	0.0177613	13.6584	0.270004	8	CCGGGGGCAGGGG	GGCAGCTGGG	+
91-CCGGGGGCAGGGG	KLF1_HUMAN.H11MO.0.A	3	0.018221	14.012	0.274137	11	CCGGGGGCAGGGG	GGGGCGGGGCCGGG	+
91-CCGGGGGCAGGGG	MBD2_HUMAN.H11MO.0.B	4	0.0193433	14.875	0.288053	7	CCGGGGGCAGGGG	CGGGCCGGAGG	+
91-CCGGGGGCAGGGG	ZN816_HUMAN.H11MO.0.C	5	0.0196329	15.0977	0.28887	13	CCGGGGGCAGGGG	AAAAAAGGGGGACATGCAGGG	+
91-CCGGGGGCAGGGG	MAX_HUMAN.H11MO.0.A	-4	0.0197941	15.2217	0.28887	9	CCGGGGGCAGGGG	GAGCACGTGG	+
91-CCGGGGGCAGGGG	KLF8_HUMAN.H11MO.0.C	0	0.0202658	15.5844	0.292826	9	CCGGGGGCAGGGG	CAGGGGGTG	+
91-CCGGGGGCAGGGG	NR1D1_HUMAN.H11MO.0.B	5	0.0206667	15.8927	0.29569	13	CCGGGGGCAGGGG	AGGGAAGTGGGTCAGAAGG	+
91-CCGGGGGCAGGGG	GLIS3_HUMAN.H11MO.0.D	1	0.0220371	16.9465	0.309234	9	CCGGGGGCAGGGG	GTGGGGGGTA	+
91-CCGGGGGCAGGGG	ASCL2_HUMAN.H11MO.0.D	-5	0.0226585	17.4244	0.314926	8	CCGGGGGCAGGGG	AGCAGCTGG	-
91-CCGGGGGCAGGGG	NR0B1_HUMAN.H11MO.0.D	0	0.0232432	17.874	0.320005	10	CCGGGGGCAGGGG	GCGTGGGAGA	+
91-CCGGGGGCAGGGG	NRF1_HUMAN.H11MO.0.A	0	0.0239845	18.4441	0.32462	13	CCGGGGGCAGGGG	CACTGCGCATGCGCAGG	+
91-CCGGGGGCAGGGG	NR2C2_HUMAN.H11MO.0.B	3	0.0240233	18.4739	0.32462	9	CCGGGGGCAGGGG	GGTTCCGGGTCA	+
91-CCGGGGGCAGGGG	ID4_HUMAN.H11MO.0.D	-5	0.025028	19.2465	0.330933	8	CCGGGGGCAGGGG	GACAGGTGTAA	+
91-CCGGGGGCAGGGG	ZFX_HUMAN.H11MO.1.A	4	0.0251707	19.3563	0.330933	13	CCGGGGGCAGGGG	GGGGGCGGAGGCCGGGG	+
91-CCGGGGGCAGGGG	PLAG1_HUMAN.H11MO.0.D	-2	0.0251707	19.3563	0.330933	11	CCGGGGGCAGGGG	GGGGGCATCAGGAGGGG	+
91-CCGGGGGCAGGGG	PTF1A_HUMAN.H11MO.0.B	4	0.0259497	19.9553	0.335564	13	CCGGGGGCAGGGG	GGGAAAGGGGGCAGCTGG	-
91-CCGGGGGCAGGGG	ESR2_HUMAN.H11MO.1.A	-3	0.0259829	19.9808	0.335564	7	CCGGGGGCAGGGG	AGGTCAC	+
91-CCGGGGGCAGGGG	USF2_HUMAN.H11MO.0.A	2	0.0263785	20.285	0.337685	13	CCGGGGGCAGGGG	CGCCGCGGCCACGTGACCC	-
91-CCGGGGGCAGGGG	ZFX_HUMAN.H11MO.0.A	-1	0.0272299	20.9398	0.339647	10	CCGGGGGCAGGGG	CGGGGCCTGG	-
91-CCGGGGGCAGGGG	SNAI2_HUMAN.H11MO.0.A	-5	0.0272299	20.9398	0.339647	8	CCGGGGGCAGGGG	GGCAGGTGCA	+
91-CCGGGGGCAGGGG	GLIS2_HUMAN.H11MO.0.D	5	0.0282174	21.6992	0.343221	9	CCGGGGGCAGGGG	CTTCGCGGGGGGTC	+
91-CCGGGGGCAGGGG	E2F7_HUMAN.H11MO.0.B	0	0.028222	21.7027	0.343221	13	CCGGGGGCAGGGG	GGGGCGGGAAAGG	+
91-CCGGGGGCAGGGG	AP2A_HUMAN.H11MO.0.A	4	0.0297584	22.8842	0.358915	11	CCGGGGGCAGGGG	ATGCCCTGAGGCCAT	+
91-CCGGGGGCAGGGG	SNAI1_HUMAN.H11MO.0.C	-6	0.0306387	23.5611	0.363523	7	CCGGGGGCAGGGG	CCAGGTGG	+
91-CCGGGGGCAGGGG	TFDP1_HUMAN.H11MO.0.C	-1	0.0310276	23.8602	0.365168	12	CCGGGGGCAGGGG	GGGGGGCGGGAAAA	+
91-CCGGGGGCAGGGG	ZN554_HUMAN.H11MO.1.D	0	0.0314521	24.1867	0.366301	9	CCGGGGGCAGGGG	GCAGAGCCA	+
91-CCGGGGGCAGGGG	ZN467_HUMAN.H11MO.0.C	-4	0.0316258	24.3203	0.366301	9	CCGGGGGCAGGGG	GGGGAGGGGAGGGGGGGGGGGG	+
91-CCGGGGGCAGGGG	KLF5_HUMAN.H11MO.0.A	-1	0.0325257	25.0123	0.373758	12	CCGGGGGCAGGGG	AGGGTGGGGCTGGG	+
91-CCGGGGGCAGGGG	PTF1A_HUMAN.H11MO.1.B	-5	0.0331855	25.5197	0.37836	8	CCGGGGGCAGGGG	AGCAGCTGG	+
91-CCGGGGGCAGGGG	ESR2_HUMAN.H11MO.0.A	-3	0.0342649	26.3497	0.387639	10	CCGGGGGCAGGGG	AGGTCAGGGTGACCT	-
91-CCGGGGGCAGGGG	NR1H3_HUMAN.H11MO.1.B	-1	0.0352666	27.12	0.394442	10	CCGGGGGCAGGGG	AAAGGTCAGA	+
91-CCGGGGGCAGGGG	TFE2_HUMAN.H11MO.0.A	-4	0.0355471	27.3357	0.394442	9	CCGGGGGCAGGGG	CTGCAGCTGTG	-
91-CCGGGGGCAGGGG	SRBP2_HUMAN.H11MO.0.B	0	0.0357987	27.5292	0.394442	13	CCGGGGGCAGGGG	GGGTGGGGTGAGG	+
91-CCGGGGGCAGGGG	ZN524_HUMAN.H11MO.0.D	-2	0.0361703	27.8149	0.394442	11	CCGGGGGCAGGGG	GGGTTCGAGGGTTCGAGT	+
91-CCGGGGGCAGGGG	RFX1_HUMAN.H11MO.0.B	4	0.036488	28.0593	0.394442	13	CCGGGGGCAGGGG	GCCCCGGTTGCCATGGCGACGG	+
91-CCGGGGGCAGGGG	ZN341_HUMAN.H11MO.0.C	-1	0.036488	28.0593	0.394442	12	CCGGGGGCAGGGG	GGGGGGGGGGGGAGGGAAGAGC	+
91-CCGGGGGCAGGGG	E2F1_HUMAN.H11MO.0.A	2	0.039195	30.1409	0.417519	12	CCGGGGGCAGGGG	GGGGGGCGGGAAAG	+
91-CCGGGGGCAGGGG	PPARG_HUMAN.H11MO.1.A	0	0.0410088	31.5357	0.433675	9	CCGGGGGCAGGGG	CAAAGGTCA	+
91-CCGGGGGCAGGGG	BHE41_HUMAN.H11MO.0.D	0	0.0425626	32.7307	0.440972	13	CCGGGGGCAGGGG	ACCGGGTCACGTGCAGAGGG	+
91-CCGGGGGCAGGGG	HES5_HUMAN.H11MO.0.D	-4	0.0429961	33.064	0.440972	9	CCGGGGGCAGGGG	TGGCACGTGCCG	+
91-CCGGGGGCAGGGG	ZIC1_HUMAN.H11MO.0.B	-4	0.0432055	33.2251	0.440972	9	CCGGGGGCAGGGG	GGGGTGGTC	+
91-CCGGGGGCAGGGG	HIC2_HUMAN.H11MO.0.D	-1	0.0432096	33.2281	0.440972	11	CCGGGGGCAGGGG	GCCTGGCATGG	-
91-CCGGGGGCAGGGG	FIGLA_HUMAN.H11MO.0.D	-4	0.0432096	33.2281	0.440972	9	CCGGGGGCAGGGG	TAACAGGTGTT	+
91-CCGGGGGCAGGGG	ZSC31_HUMAN.H11MO.0.C	-2	0.0435217	33.4682	0.441072	11	CCGGGGGCAGGGG	GGCAGCAGGGCAGTTATG	+
91-CCGGGGGCAGGGG	ZBT7B_HUMAN.H11MO.0.D	8	0.044463	34.192	0.447504	13	CCGGGGGCAGGGG	CGCCGTTGCCATGGCAACGGG	+
91-CCGGGGGCAGGGG	ETV1_HUMAN.H11MO.0.A	2	0.0453427	34.8685	0.451776	9	CCGGGGGCAGGGG	GGCCGGAAGTG	+
91-CCGGGGGCAGGGG	PPARA_HUMAN.H11MO.1.B	-1	0.0455065	34.9945	0.451776	9	CCGGGGGCAGGGG	AAAGGTCAG	+
91-CCGGGGGCAGGGG	ZN563_HUMAN.H11MO.1.C	0	0.0472262	36.317	0.465681	12	CCGGGGGCAGGGG	CAGGCAGCACAG	+
91-CCGGGGGCAGGGG	MLXPL_HUMAN.H11MO.0.D	5	0.0485162	37.309	0.47519	13	CCGGGGGCAGGGG	CCACGGCGGTGTCACATGC	-
91-CCGGGGGCAGGGG	BACH1_HUMAN.H11MO.0.A	1	0.0494933	38.0604	0.481529	12	CCGGGGGCAGGGG	TGCTGAGTCATGC	+
91-CCGGGGGCAGGGG	NR1I3_HUMAN.H11MO.0.C	-2	0.0498845	38.3612	0.482121	11	CCGGGGGCAGGGG	GGGGTCAGGAAAGTTCAG	+
91-CCGGGGGCAGGGG	ELK4_HUMAN.H11MO.0.A	2	0.0518241	39.8527	0.497571	10	CCGGGGGCAGGGG	GACCGGAAGTGG	+
91-CCGGGGGCAGGGG	ZN784_HUMAN.H11MO.0.D	-3	0.0523167	40.2315	0.499017	10	CCGGGGGCAGGGG	GAGGTAGGTAC	+
92-ACCTCCACCTM	ZN281_HUMAN.H11MO.0.A	2	0.000688828	0.529709	0.459175	11	ACCTCCACCTA	TCCCCTCCCCCACCC	-
92-ACCTCCACCTM	WT1_HUMAN.H11MO.0.C	7	0.000726	0.558294	0.459175	11	ACCTCCACCTA	CCCCCCCTCCTCCCCCGCCC	-
92-ACCTCCACCTM	VEZF1_HUMAN.H11MO.1.C	2	0.00117779	0.905724	0.459175	10	ACCTCCACCTA	CCCCCTCCCCCT	-
92-ACCTCCACCTM	ZSC22_HUMAN.H11MO.0.C	-1	0.00157528	1.21139	0.459175	10	ACCTCCACCTA	CCTCCTCCCTCAGACC	-
92-ACCTCCACCTM	ZN148_HUMAN.H11MO.0.D	1	0.00180028	1.38442	0.459175	11	ACCTCCACCTA	CCCCTCCCCCACCCC	-
92-ACCTCCACCTM	SP2_HUMAN.H11MO.1.B	2	0.00242779	1.86697	0.459175	10	ACCTCCACCTA	GCCCCGCCCCCT	-
92-ACCTCCACCTM	TBX15_HUMAN.H11MO.0.D	5	0.00322274	2.47829	0.459175	11	ACCTCCACCTA	CCCCCACCCCCCCCCCCCC	-
92-ACCTCCACCTM	ZN740_HUMAN.H11MO.0.D	3	0.00358305	2.75537	0.459175	11	ACCTCCACCTA	CCCACCCCCCCCCC	-
92-ACCTCCACCTM	SP4_HUMAN.H11MO.1.A	4	0.00418038	3.21471	0.459175	11	ACCTCCACCTA	CGGCCCCGCCCCCTCC	-
92-ACCTCCACCTM	ZBT17_HUMAN.H11MO.0.A	4	0.00444269	3.41643	0.459175	11	ACCTCCACCTA	CTTCCCCTCCCCCACCCTC	-
92-ACCTCCACCTM	ZN263_HUMAN.H11MO.1.A	-1	0.00448659	3.45018	0.459175	10	ACCTCCACCTA	CCTCCTCCCTC	-
92-ACCTCCACCTM	RXRA_HUMAN.H11MO.0.A	5	0.0048419	3.72342	0.459175	11	ACCTCCACCTA	CTCTGACCTCTGCCTCCCCC	-
92-ACCTCCACCTM	VEZF1_HUMAN.H11MO.0.C	7	0.00529413	4.07119	0.459175	11	ACCTCCACCTA	CCCCTCCCCCTCCCCCCTCCCC	-
92-ACCTCCACCTM	WT1_HUMAN.H11MO.1.B	2	0.0053862	4.14198	0.459175	9	ACCTCCACCTA	CCTCCTCCCAC	-
92-ACCTCCACCTM	GLIS1_HUMAN.H11MO.0.D	2	0.00558345	4.29367	0.459175	11	ACCTCCACCTA	AGACCCCCCACGA	-
92-ACCTCCACCTM	ZN263_HUMAN.H11MO.0.A	10	0.0058467	4.49611	0.459175	10	ACCTCCACCTA	CTCCTCCTCTCCCTCCTCCC	-
92-ACCTCCACCTM	EGR2_HUMAN.H11MO.0.A	4	0.00588956	4.52907	0.459175	11	ACCTCCACCTA	CCCCTCCCACACCCCCCC	-
92-ACCTCCACCTM	GLIS3_HUMAN.H11MO.0.D	1	0.00591234	4.54659	0.459175	9	ACCTCCACCTA	TACCCCCCAC	-
92-ACCTCCACCTM	ZFX_HUMAN.H11MO.1.A	5	0.00679226	5.22325	0.459175	11	ACCTCCACCTA	CCCCGGCCTCCGCCCCC	-
92-ACCTCCACCTM	ELF5_HUMAN.H11MO.0.A	2	0.00679492	5.2253	0.459175	11	ACCTCCACCTA	CCACTTCCTCCTTCC	-
92-ACCTCCACCTM	EGR2_HUMAN.H11MO.1.A	5	0.00726931	5.5901	0.459175	11	ACCTCCACCTA	CCCCCGCCCACGCCCC	-
92-ACCTCCACCTM	MAZ_HUMAN.H11MO.1.A	2	0.00770758	5.92713	0.459175	9	ACCTCCACCTA	CCCCCTCCCTC	-
92-ACCTCCACCTM	KLF15_HUMAN.H11MO.0.A	8	0.00825328	6.34677	0.459175	11	ACCTCCACCTA	CCCCCCCCTGCTCCTCCCC	-
92-ACCTCCACCTM	ZBTB6_HUMAN.H11MO.0.C	1	0.00847108	6.51426	0.459175	11	ACCTCCACCTA	CGGCTCCAGCACC	-
92-ACCTCCACCTM	ZN219_HUMAN.H11MO.0.D	0	0.00876811	6.74268	0.459175	11	ACCTCCACCTA	TCCGCCCCCCTC	-
92-ACCTCCACCTM	COT1_HUMAN.H11MO.0.C	5	0.009172	7.05327	0.459175	11	ACCTCCACCTA	CCCTGACCTCTGACCCC	-
92-ACCTCCACCTM	ZN770_HUMAN.H11MO.1.C	4	0.00918816	7.0657	0.459175	7	ACCTCCACCTA	CTCAGCCTCCC	-
92-ACCTCCACCTM	MAZ_HUMAN.H11MO.0.A	13	0.00925313	7.11566	0.459175	9	ACCTCCACCTA	CCCCCCCCCCCCCCCCTCCCCC	-
92-ACCTCCACCTM	ZN436_HUMAN.H11MO.0.C	-1	0.00933932	7.18194	0.459175	10	ACCTCCACCTA	CCTCCTCCAGGAAGCCTTCCCTGA	-
92-ACCTCCACCTM	ZIC1_HUMAN.H11MO.0.B	1	0.0094326	7.25367	0.459175	8	ACCTCCACCTA	GACCACCCC	-
92-ACCTCCACCTM	TAF1_HUMAN.H11MO.0.A	5	0.00978572	7.52522	0.459175	11	ACCTCCACCTA	CCGCCGCCGCCATCTT	-
92-ACCTCCACCTM	SP4_HUMAN.H11MO.0.A	6	0.0101285	7.78884	0.459175	11	ACCTCCACCTA	CCCGGCCCCGCCCCCTTCCC	-
92-ACCTCCACCTM	RREB1_HUMAN.H11MO.0.D	7	0.0104408	8.02896	0.459175	11	ACCTCCACCTA	ACCCCAAACCACCCCCCCCCCC	-
92-ACCTCCACCTM	SP2_HUMAN.H11MO.0.A	8	0.0104408	8.02896	0.459175	11	ACCTCCACCTA	CCCCCGGCCCCGCCCCCCCCCC	-
92-ACCTCCACCTM	TBX1_HUMAN.H11MO.0.D	6	0.0107502	8.26691	0.459276	11	ACCTCCACCTA	CCGCCCACCCCTGCCCACCC	-
92-ACCTCCACCTM	SP3_HUMAN.H11MO.0.B	7	0.0114067	8.77176	0.473786	11	ACCTCCACCTA	CCCCGGCCCCGCCCCCCCCC	-
92-ACCTCCACCTM	ZN816_HUMAN.H11MO.1.C	3	0.0119	9.15113	0.476805	11	ACCTCCACCTA	TGCATGTCCCCCTT	-
92-ACCTCCACCTM	ASCL1_HUMAN.H11MO.0.A	4	0.0125995	9.68903	0.476805	10	ACCTCCACCTA	CTGCACCTGCTCCC	+
92-ACCTCCACCTM	PATZ1_HUMAN.H11MO.1.C	1	0.0127008	9.76691	0.476805	8	ACCTCCACCTA	CCCCTCCCT	-
92-ACCTCCACCTM	SPI1_HUMAN.H11MO.0.A	4	0.0130284	10.0188	0.476805	11	ACCTCCACCTA	TTTCACTTCCTCTTTTT	-
92-ACCTCCACCTM	ZN816_HUMAN.H11MO.0.C	6	0.0130737	10.0537	0.476805	11	ACCTCCACCTA	CCCTGCATGTCCCCCTTTTTT	-
92-ACCTCCACCTM	ELF2_HUMAN.H11MO.0.C	2	0.0142005	10.9202	0.491803	11	ACCTCCACCTA	CCACTTCCGGGTT	-
92-ACCTCCACCTM	ZN784_HUMAN.H11MO.0.D	2	0.0145132	11.1606	0.491803	9	ACCTCCACCTA	GTACCTACCTC	-
92-ACCTCCACCTM	EGR1_HUMAN.H11MO.0.A	5	0.0146122	11.2368	0.491803	11	ACCTCCACCTA	CCCCCGCCCACGCCCTC	-
92-ACCTCCACCTM	KLF13_HUMAN.H11MO.0.D	1	0.0153485	11.803	0.491803	10	ACCTCCACCTA	CACGCCCCCCT	-
92-ACCTCCACCTM	TFDP1_HUMAN.H11MO.0.C	4	0.0157913	12.1435	0.491803	10	ACCTCCACCTA	TTTTCCCGCCCCCC	-
92-ACCTCCACCTM	GLIS2_HUMAN.H11MO.0.D	1	0.0166972	12.8401	0.491803	11	ACCTCCACCTA	GACCCCCCGCGAAG	-
92-ACCTCCACCTM	COT2_HUMAN.H11MO.1.A	5	0.0173195	13.3187	0.491803	11	ACCTCCACCTA	CCCTGACCTTTGACCCC	-
92-ACCTCCACCTM	KLF4_HUMAN.H11MO.0.A	0	0.017863	13.7367	0.491803	10	ACCTCCACCTA	GCCACACCCT	-
92-ACCTCCACCTM	ERR2_HUMAN.H11MO.0.A	2	0.0179744	13.8223	0.491803	7	ACCTCCACCTA	TGACCTTGA	-
92-ACCTCCACCTM	ZKSC3_HUMAN.H11MO.0.D	3	0.018125	13.9382	0.491803	8	ACCTCCACCTA	CTAGCCTCGAA	-
92-ACCTCCACCTM	SPIB_HUMAN.H11MO.0.A	4	0.0183189	14.0872	0.491803	11	ACCTCCACCTA	TTTCACTTCCTCTTTTT	-
92-ACCTCCACCTM	THB_HUMAN.H11MO.0.C	2	0.0183189	14.0872	0.491803	11	ACCTCCACCTA	TGACCTGACCTGACCTC	-
92-ACCTCCACCTM	ZN134_HUMAN.H11MO.1.C	-1	0.0183189	14.0872	0.491803	10	ACCTCCACCTA	CCTTCACCTGATTAGGT	-
92-ACCTCCACCTM	SP1_HUMAN.H11MO.1.A	4	0.0186529	14.3441	0.491803	10	ACCTCCACCTA	CGGCCCCGCCCCCC	-
92-ACCTCCACCTM	KLF14_HUMAN.H11MO.0.D	3	0.0187474	14.4168	0.491803	10	ACCTCCACCTA	GCCACGCCCCCCT	-
92-ACCTCCACCTM	NR2C1_HUMAN.H11MO.0.C	3	0.0187474	14.4168	0.491803	10	ACCTCCACCTA	CTGACCTCTGGCC	-
93-GCCGGGCACSG	HIC2_HUMAN.H11MO.0.D	0	0.00014243	0.109529	0.217622	11	GCCGGGCACGG	GCCTGGCATGG	-
93-GCCGGGCACSG	ZSC31_HUMAN.H11MO.0.C	4	0.000568409	0.437106	0.419086	11	GCCGGGCACGG	GGCAGCAGGGCAGTTATG	+
93-GCCGGGCACSG	SP1_HUMAN.H11MO.0.A	5	0.000822856	0.632776	0.419086	11	GCCGGGCACGG	GGGGGGCGGGGCCGGGGGGGGG	+
95-ACCGGCCGCCBVGCG	SP2_HUMAN.H11MO.0.A	7	0.000207297	0.159412	0.317018	15	ACCGGCCGCCGGGCG	CCCCCGGCCCCGCCCCCCCCCC	-
97-CCGCGCCGCCGC	EGR4_HUMAN.H11MO.0.D	1	0.000268362	0.20637	0.274644	10	CCGCGCCGCCGC	GCCCTGCCGCC	-
97-CCGCGCCGCCGC	SP1_HUMAN.H11MO.1.A	0	0.000358467	0.275661	0.274644	12	CCGCGCCGCCGC	CGGCCCCGCCCCCC	-
97-CCGCGCCGCCGC	SP1_HUMAN.H11MO.0.A	8	0.000853223	0.656128	0.374439	12	CCGCGCCGCCGC	CCCCCCCCCGGCCCCGCCCCCC	-
97-CCGCGCCGCCGC	AP2D_HUMAN.H11MO.0.D	0	0.000977442	0.751653	0.374439	12	CCGCGCCGCCGC	ACGCGCCTCGGGCG	-
97-CCGCGCCGCCGC	KLF12_HUMAN.H11MO.0.C	-2	0.00158318	1.21746	0.485188	10	CCGCGCCGCCGC	GCCCCGCCCCT	-
98-AGCCCGAGGMGC	AP2D_HUMAN.H11MO.0.D	0	6.96566e-06	0.00535659	0.0107132	12	AGCCCGAGGAGC	CGCCCGAGGCGCGT	+
98-AGCCCGAGGMGC	AP2B_HUMAN.H11MO.0.B	-1	0.000113839	0.0875418	0.0875418	10	AGCCCGAGGAGC	GCCCGGGGGC	+
99-CCSTGCCGGCCG	EGR4_HUMAN.H11MO.0.D	1	0.000288091	0.221542	0.441157	10	CCCTGCCGGCCG	GCCCTGCCGCC	-
99-CCSTGCCGGCCG	ETV1_HUMAN.H11MO.0.A	0	0.000951014	0.731329	0.49791	11	CCCTGCCGGCCG	CACTTCCGGCC	-
99-CCSTGCCGGCCG	TBX1_HUMAN.H11MO.0.D	8	0.00116285	0.894234	0.49791	12	CCCTGCCGGCCG	CCGCCCACCCCTGCCCACCC	-
99-CCSTGCCGGCCG	ELK4_HUMAN.H11MO.0.A	1	0.00153933	1.18375	0.49791	11	CCCTGCCGGCCG	CCACTTCCGGTC	-
99-CCSTGCCGGCCG	CTCF_HUMAN.H11MO.0.A	7	0.00181081	1.39251	0.49791	12	CCCTGCCGGCCG	TGGCGCCCCCTGGTGGCCA	-
99-CCSTGCCGGCCG	CTCFL_HUMAN.H11MO.0.A	7	0.00227197	1.74714	0.49791	10	CCCTGCCGGCCG	CGGCGCCCCCTGGCGGC	-
99-CCSTGCCGGCCG	MBD2_HUMAN.H11MO.0.B	-2	0.00227607	1.75029	0.49791	10	CCCTGCCGGCCG	CCTCCGGCCCC	-
101-ATTCCCCTCCT	ZN140_HUMAN.H11MO.0.C	12	1.06576e-05	0.00819569	0.0160902	11	ATTCCCCTCCT	TATGACCCAGCAATTCCGCTCCTA	+
101-ATTCCCCTCCT	MZF1_HUMAN.H11MO.0.B	3	0.000731643	0.562633	0.299004	10	ATTCCCCTCCT	CCCAATCCCCTCC	-
101-ATTCCCCTCCT	ZN586_HUMAN.H11MO.0.C	3	0.0010607	0.815676	0.299004	11	ATTCCCCTCCT	CATTTTTTCCTCCTAGGCCT	-
101-ATTCCCCTCCT	MAZ_HUMAN.H11MO.1.A	-2	0.00109484	0.841934	0.299004	9	ATTCCCCTCCT	CCCCCTCCCTC	-
101-ATTCCCCTCCT	ZN281_HUMAN.H11MO.0.A	-2	0.00121507	0.934386	0.299004	9	ATTCCCCTCCT	TCCCCTCCCCCACCC	-
101-ATTCCCCTCCT	PATZ1_HUMAN.H11MO.1.C	-3	0.00139151	1.07007	0.299004	8	ATTCCCCTCCT	CCCCTCCCT	-
101-ATTCCCCTCCT	ZBT17_HUMAN.H11MO.0.A	0	0.00139275	1.07102	0.299004	11	ATTCCCCTCCT	CTTCCCCTCCCCCACCCTC	-
101-ATTCCCCTCCT	REL_HUMAN.H11MO.0.B	4	0.00194474	1.49551	0.299004	11	ATTCCCCTCCT	TGGAATTTCCCTTCA	-
101-ATTCCCCTCCT	ZN467_HUMAN.H11MO.0.C	10	0.00242783	1.867	0.299004	11	ATTCCCCTCCT	CCCCCCCCCCCCTCCCCTCCCC	-
101-ATTCCCCTCCT	E2F3_HUMAN.H11MO.0.A	-1	0.00261245	2.00897	0.299004	10	ATTCCCCTCCT	TTTCCCGCCCT	-
101-ATTCCCCTCCT	ZSC31_HUMAN.H11MO.0.C	4	0.00270424	2.07956	0.299004	11	ATTCCCCTCCT	CATAACTGCCCTGCTGCC	-
101-ATTCCCCTCCT	KLF15_HUMAN.H11MO.0.A	7	0.00299377	2.30221	0.299004	11	ATTCCCCTCCT	CCCCCCCCTGCTCCTCCCC	-
101-ATTCCCCTCCT	TFDP1_HUMAN.H11MO.0.C	0	0.00306859	2.35974	0.299004	11	ATTCCCCTCCT	TTTTCCCGCCCCCC	-
101-ATTCCCCTCCT	ZN740_HUMAN.H11MO.0.D	1	0.00306859	2.35974	0.299004	11	ATTCCCCTCCT	CCCACCCCCCCCCC	-
101-ATTCCCCTCCT	ZN394_HUMAN.H11MO.1.D	0	0.00310953	2.39123	0.299004	9	ATTCCCCTCCT	ATTCCATTC	-
101-ATTCCCCTCCT	SP4_HUMAN.H11MO.1.A	0	0.00316879	2.4368	0.299004	11	ATTCCCCTCCT	CGGCCCCGCCCCCTCC	-
101-ATTCCCCTCCT	VEZF1_HUMAN.H11MO.1.C	-2	0.00381392	2.9329	0.326667	9	ATTCCCCTCCT	CCCCCTCCCCCT	-
101-ATTCCCCTCCT	WT1_HUMAN.H11MO.0.C	3	0.0038947	2.99503	0.326667	11	ATTCCCCTCCT	CCCCCCCTCCTCCCCCGCCC	-
101-ATTCCCCTCCT	E2F4_HUMAN.H11MO.0.A	0	0.00413255	3.17793	0.328373	11	ATTCCCCTCCT	ATTTCCCGCCCCC	-
101-ATTCCCCTCCT	E2F7_HUMAN.H11MO.0.B	1	0.0043638	3.35576	0.329411	11	ATTCCCCTCCT	CCTTTCCCGCCCC	-
101-ATTCCCCTCCT	SP2_HUMAN.H11MO.1.B	-2	0.00527907	4.05961	0.379526	9	ATTCCCCTCCT	GCCCCGCCCCCT	-
101-ATTCCCCTCCT	TBR1_HUMAN.H11MO.0.D	0	0.00571191	4.39246	0.391978	11	ATTCCCCTCCT	TTTTCACACCTTT	-
101-ATTCCCCTCCT	MAZ_HUMAN.H11MO.0.A	9	0.00605389	4.65544	0.397384	11	ATTCCCCTCCT	CCCCCCCCCCCCCCCCTCCCCC	-
101-ATTCCCCTCCT	VEZF1_HUMAN.H11MO.0.C	3	0.00675878	5.1975	0.4056	11	ATTCCCCTCCT	CCCCTCCCCCTCCCCCCTCCCC	-
101-ATTCCCCTCCT	ZN263_HUMAN.H11MO.0.A	6	0.00678299	5.21612	0.4056	11	ATTCCCCTCCT	CTCCTCCTCTCCCTCCTCCC	-
101-ATTCCCCTCCT	NFKB1_HUMAN.H11MO.1.B	4	0.00698503	5.37149	0.4056	7	ATTCCCCTCCT	GGGAATTTCCC	-
101-ATTCCCCTCCT	SPIB_HUMAN.H11MO.0.A	5	0.00772258	5.93867	0.424818	11	ATTCCCCTCCT	TTTCACTTCCTCTTTTT	-
101-ATTCCCCTCCT	E2F2_HUMAN.H11MO.0.B	0	0.00787876	6.05877	0.424818	10	ATTCCCCTCCT	GTTTCGCGCC	-
101-ATTCCCCTCCT	E2F1_HUMAN.H11MO.0.A	0	0.00854666	6.57238	0.432003	11	ATTCCCCTCCT	CTTTCCCGCCCCCC	-
101-ATTCCCCTCCT	SPI1_HUMAN.H11MO.0.A	5	0.00858431	6.60133	0.432003	11	ATTCCCCTCCT	TTTCACTTCCTCTTTTT	-
101-ATTCCCCTCCT	E2F4_HUMAN.H11MO.1.A	4	0.00900166	6.92228	0.438106	10	ATTCCCCTCCT	TCAAATTTCCCGCC	-
101-ATTCCCCTCCT	KLF12_HUMAN.H11MO.0.C	-2	0.00955747	7.34969	0.438106	9	ATTCCCCTCCT	GCCCCGCCCCT	-
101-ATTCCCCTCCT	FLI1_HUMAN.H11MO.0.A	1	0.00957614	7.36405	0.438106	11	ATTCCCCTCCT	TCCCTCCTTCCTTCCTCC	-
101-ATTCCCCTCCT	ZN502_HUMAN.H11MO.0.C	1	0.0115568	8.88719	0.471966	11	ATTCCCCTCCT	GATTCCATTCGATTCCATTC	-
101-ATTCCCCTCCT	KLF6_HUMAN.H11MO.0.A	4	0.011728	9.01881	0.471966	11	ATTCCCCTCCT	CCCCCGGCCCCGCCCTTCC	-
101-ATTCCCCTCCT	PLAG1_HUMAN.H11MO.0.D	-3	0.0117311	9.02121	0.471966	8	ATTCCCCTCCT	CCCCTCCTGATGCCCCC	-
101-ATTCCCCTCCT	TEAD4_HUMAN.H11MO.0.A	2	0.0118186	9.08853	0.471966	11	ATTCCCCTCCT	ACATTCCTGGCAT	+
101-ATTCCCCTCCT	TBX1_HUMAN.H11MO.0.D	1	0.0121748	9.36242	0.471966	11	ATTCCCCTCCT	CCGCCCACCCCTGCCCACCC	-
101-ATTCCCCTCCT	PATZ1_HUMAN.H11MO.0.C	10	0.0121919	9.37559	0.471966	11	ATTCCCCTCCT	CCTCCCCCCCCGCCCCCTCCCC	-
101-ATTCCCCTCCT	SP4_HUMAN.H11MO.0.A	2	0.0128231	9.86093	0.481296	11	ATTCCCCTCCT	CCCGGCCCCGCCCCCTTCCC	-
101-ATTCCCCTCCT	E2F6_HUMAN.H11MO.0.A	1	0.0130705	10.0512	0.481296	11	ATTCCCCTCCT	CCCTTCCCGCCCC	-
101-ATTCCCCTCCT	KLF5_HUMAN.H11MO.0.A	2	0.0142266	10.9403	0.484836	11	ATTCCCCTCCT	CCCAGCCCCACCCT	-
101-ATTCCCCTCCT	EGR4_HUMAN.H11MO.0.D	-2	0.0143577	11.0411	0.484836	9	ATTCCCCTCCT	GCCCTGCCGCC	-
101-ATTCCCCTCCT	ETV7_HUMAN.H11MO.0.D	0	0.0147436	11.3378	0.484836	7	ATTCCCCTCCT	CTTCCTG	-
101-ATTCCCCTCCT	E2F8_HUMAN.H11MO.0.D	-1	0.0148194	11.3961	0.484836	10	ATTCCCCTCCT	TTTCCCGCCAAA	-
101-ATTCCCCTCCT	SMCA5_HUMAN.H11MO.0.C	6	0.0150549	11.5772	0.484836	9	ATTCCCCTCCT	GATTCCATTCCATTC	-
101-ATTCCCCTCCT	NFKB2_HUMAN.H11MO.0.B	4	0.0150935	11.6069	0.484836	7	ATTCCCCTCCT	GGGGCTTTCCC	-
102-CCCGCCCTCGSC	SP2_HUMAN.H11MO.0.A	8	0.00010531	0.0809831	0.0480668	12	CCCGCCCTCGGC	CCCCCGGCCCCGCCCCCCCCCC	-
102-CCCGCCCTCGSC	KLF9_HUMAN.H11MO.0.C	3	0.000158053	0.121543	0.0480668	12	CCCGCCCTCGGC	GGCCACGCCCCCTCC	-
102-CCCGCCCTCGSC	KLF3_HUMAN.H11MO.0.B	6	0.000160411	0.123356	0.0480668	12	CCCGCCCTCGGC	CCCGGCCCCGCCCCTCCCC	-
102-CCCGCCCTCGSC	SP1_HUMAN.H11MO.1.A	4	0.000180252	0.138614	0.0480668	10	CCCGCCCTCGGC	CGGCCCCGCCCCCC	-
102-CCCGCCCTCGSC	SP3_HUMAN.H11MO.0.B	7	0.000203921	0.156816	0.0480668	12	CCCGCCCTCGGC	CCCCGGCCCCGCCCCCCCCC	-
102-CCCGCCCTCGSC	SP4_HUMAN.H11MO.1.A	4	0.000262134	0.201581	0.0480668	12	CCCGCCCTCGGC	CGGCCCCGCCCCCTCC	-
102-CCCGCCCTCGSC	MAZ_HUMAN.H11MO.1.A	2	0.000266334	0.20481	0.0480668	9	CCCGCCCTCGGC	CCCCCTCCCTC	-
102-CCCGCCCTCGSC	E2F1_HUMAN.H11MO.0.A	4	0.000286497	0.220316	0.0480668	10	CCCGCCCTCGGC	CTTTCCCGCCCCCC	-
102-CCCGCCCTCGSC	ZN148_HUMAN.H11MO.0.D	1	0.000288106	0.221553	0.0480668	12	CCCGCCCTCGGC	CCCCTCCCCCACCCC	-
102-CCCGCCCTCGSC	ZN281_HUMAN.H11MO.0.A	2	0.000350344	0.269414	0.0480668	12	CCCGCCCTCGGC	TCCCCTCCCCCACCC	-
102-CCCGCCCTCGSC	E2F4_HUMAN.H11MO.0.A	4	0.000351543	0.270337	0.0480668	9	CCCGCCCTCGGC	ATTTCCCGCCCCC	-
102-CCCGCCCTCGSC	SP1_HUMAN.H11MO.0.A	12	0.000445324	0.342454	0.0515031	10	CCCGCCCTCGGC	CCCCCCCCCGGCCCCGCCCCCC	-
102-CCCGCCCTCGSC	KLF12_HUMAN.H11MO.0.C	2	0.000450809	0.346672	0.0515031	9	CCCGCCCTCGGC	GCCCCGCCCCT	-
102-CCCGCCCTCGSC	TFDP1_HUMAN.H11MO.0.C	4	0.000479405	0.368662	0.0515031	10	CCCGCCCTCGGC	TTTTCCCGCCCCCC	-
102-CCCGCCCTCGSC	SP2_HUMAN.H11MO.1.B	2	0.000547979	0.421396	0.0544241	10	CCCGCCCTCGGC	GCCCCGCCCCCT	-
102-CCCGCCCTCGSC	EGR1_HUMAN.H11MO.0.A	2	0.000578964	0.445223	0.0544241	12	CCCGCCCTCGGC	CCCCCGCCCACGCCCTC	-
102-CCCGCCCTCGSC	ZSC22_HUMAN.H11MO.0.C	2	0.000646595	0.497231	0.0572061	12	CCCGCCCTCGGC	CCTCCTCCCTCAGACC	-
102-CCCGCCCTCGSC	EGR2_HUMAN.H11MO.1.A	2	0.000732762	0.563494	0.05801	12	CCCGCCCTCGGC	CCCCCGCCCACGCCCC	-
102-CCCGCCCTCGSC	TBX15_HUMAN.H11MO.0.D	2	0.000732819	0.563538	0.05801	12	CCCGCCCTCGGC	CCCCCACCCCCCCCCCCCC	-
102-CCCGCCCTCGSC	SALL4_HUMAN.H11MO.0.B	0	0.00107879	0.829587	0.081127	10	CCCGCCCTCGGC	CCCACCCTCC	-
102-CCCGCCCTCGSC	SP4_HUMAN.H11MO.0.A	6	0.00125128	0.962236	0.0833663	12	CCCGCCCTCGGC	CCCGGCCCCGCCCCCTTCCC	-
102-CCCGCCCTCGSC	EGR2_HUMAN.H11MO.0.A	1	0.00129702	0.997406	0.0833663	12	CCCGCCCTCGGC	CCCCTCCCACACCCCCCC	-
102-CCCGCCCTCGSC	E2F3_HUMAN.H11MO.0.A	3	0.0013098	1.00723	0.0833663	8	CCCGCCCTCGGC	TTTCCCGCCCT	-
102-CCCGCCCTCGSC	WT1_HUMAN.H11MO.0.C	7	0.00133028	1.02298	0.0833663	12	CCCGCCCTCGGC	CCCCCCCTCCTCCCCCGCCC	-
102-CCCGCCCTCGSC	KLF13_HUMAN.H11MO.0.D	0	0.00147828	1.1368	0.0889358	11	CCCGCCCTCGGC	CACGCCCCCCT	-
102-CCCGCCCTCGSC	E2F6_HUMAN.H11MO.0.A	5	0.00163715	1.25897	0.0947057	8	CCCGCCCTCGGC	CCCTTCCCGCCCC	-
102-CCCGCCCTCGSC	KLF4_HUMAN.H11MO.0.A	2	0.00176628	1.35827	0.0983908	8	CCCGCCCTCGGC	GCCACACCCT	-
102-CCCGCCCTCGSC	ZFX_HUMAN.H11MO.1.A	1	0.00185392	1.42566	0.0995846	12	CCCGCCCTCGGC	CCCCGGCCTCCGCCCCC	-
102-CCCGCCCTCGSC	KLF14_HUMAN.H11MO.0.D	2	0.00195083	1.50019	0.101177	11	CCCGCCCTCGGC	GCCACGCCCCCCT	-
102-CCCGCCCTCGSC	ZBT14_HUMAN.H11MO.0.C	-1	0.00252368	1.94071	0.126524	9	CCCGCCCTCGGC	GCGCGCTCC	-
102-CCCGCCCTCGSC	ZBT17_HUMAN.H11MO.0.A	4	0.00277658	2.13519	0.134712	12	CCCGCCCTCGGC	CTTCCCCTCCCCCACCCTC	-
102-CCCGCCCTCGSC	KLF6_HUMAN.H11MO.0.A	8	0.00349571	2.6882	0.164303	11	CCCGCCCTCGGC	CCCCCGGCCCCGCCCTTCC	-
102-CCCGCCCTCGSC	KLF1_HUMAN.H11MO.0.A	6	0.00384059	2.95341	0.175042	8	CCCGCCCTCGGC	CCCGGCCCCGCCCC	-
102-CCCGCCCTCGSC	KLF16_HUMAN.H11MO.0.D	4	0.00438553	3.37247	0.194	12	CCCGCCCTCGGC	CCCCCCCCCCCCCGCCCCC	-
102-CCCGCCCTCGSC	ZN740_HUMAN.H11MO.0.D	4	0.00453425	3.48684	0.194849	10	CCCGCCCTCGGC	CCCACCCCCCCCCC	-
102-CCCGCCCTCGSC	ZN219_HUMAN.H11MO.0.D	0	0.0048374	3.71996	0.20193	12	CCCGCCCTCGGC	TCCGCCCCCCTC	-
102-CCCGCCCTCGSC	GLIS2_HUMAN.H11MO.0.D	1	0.0050597	3.89091	0.20193	12	CCCGCCCTCGGC	GACCCCCCGCGAAG	-
102-CCCGCCCTCGSC	MAZ_HUMAN.H11MO.0.A	9	0.00510183	3.92331	0.20193	12	CCCGCCCTCGGC	CCCCCCCCCCCCCCCCTCCCCC	-
102-CCCGCCCTCGSC	TBX1_HUMAN.H11MO.0.D	3	0.00570555	4.38757	0.220035	12	CCCGCCCTCGGC	CCGCCCACCCCTGCCCACCC	-
102-CCCGCCCTCGSC	ZN770_HUMAN.H11MO.1.C	0	0.00589195	4.53091	0.221543	11	CCCGCCCTCGGC	CTCAGCCTCCC	-
102-CCCGCCCTCGSC	GLIS1_HUMAN.H11MO.0.D	2	0.00631007	4.85244	0.231478	11	CCCGCCCTCGGC	AGACCCCCCACGA	-
102-CCCGCCCTCGSC	ZN467_HUMAN.H11MO.0.C	10	0.00674261	5.18506	0.241456	12	CCCGCCCTCGGC	CCCCCCCCCCCCTCCCCTCCCC	-
102-CCCGCCCTCGSC	NR0B1_HUMAN.H11MO.0.D	-1	0.00751462	5.77875	0.262844	10	CCCGCCCTCGGC	TCTCCCACGC	-
102-CCCGCCCTCGSC	PATZ1_HUMAN.H11MO.0.C	8	0.00839417	6.45512	0.286936	12	CCCGCCCTCGGC	CCTCCCCCCCCGCCCCCTCCCC	-
102-CCCGCCCTCGSC	E2F7_HUMAN.H11MO.0.B	5	0.00867873	6.67394	0.29007	8	CCCGCCCTCGGC	CCTTTCCCGCCCC	-
102-CCCGCCCTCGSC	ARNT2_HUMAN.H11MO.0.D	0	0.00921603	7.08713	0.300841	12	CCCGCCCTCGGC	GCCTCCCACGCC	-
102-CCCGCCCTCGSC	EGR4_HUMAN.H11MO.0.D	2	0.00958674	7.3722	0.300841	9	CCCGCCCTCGGC	GCCCTGCCGCC	-
102-CCCGCCCTCGSC	KLF5_HUMAN.H11MO.0.A	6	0.00960104	7.3832	0.300841	8	CCCGCCCTCGGC	CCCAGCCCCACCCT	-
102-CCCGCCCTCGSC	PATZ1_HUMAN.H11MO.1.C	1	0.00994749	7.64962	0.305335	8	CCCGCCCTCGGC	CCCCTCCCT	-
102-CCCGCCCTCGSC	AP2D_HUMAN.H11MO.0.D	1	0.0106523	8.19159	0.320429	12	CCCGCCCTCGGC	ACGCGCCTCGGGCG	-
102-CCCGCCCTCGSC	GLIS3_HUMAN.H11MO.0.D	1	0.0122429	9.41477	0.361054	9	CCCGCCCTCGGC	TACCCCCCAC	-
102-CCCGCCCTCGSC	ZIC4_HUMAN.H11MO.0.D	3	0.0126219	9.70621	0.365073	12	CCCGCCCTCGGC	GACCCCCCGCTGTGC	-
102-CCCGCCCTCGSC	PROX1_HUMAN.H11MO.0.D	5	0.0142104	10.9278	0.390469	12	CCCGCCCTCGGC	CCCAACCCGCCTTACCC	-
102-CCCGCCCTCGSC	TYY2_HUMAN.H11MO.0.D	0	0.0145688	11.2034	0.390469	11	CCCGCCCTCGGC	GCCGCCATTTT	-
102-CCCGCCCTCGSC	KLF8_HUMAN.H11MO.0.C	0	0.0147115	11.3132	0.390469	9	CCCGCCCTCGGC	CACCCCCTG	-
102-CCCGCCCTCGSC	CTCFL_HUMAN.H11MO.0.A	5	0.014954	11.4996	0.390469	12	CCCGCCCTCGGC	CGGCGCCCCCTGGCGGC	-
102-CCCGCCCTCGSC	VEZF1_HUMAN.H11MO.0.C	3	0.0150576	11.5793	0.390469	12	CCCGCCCTCGGC	CCCCTCCCCCTCCCCCCTCCCC	-
102-CCCGCCCTCGSC	ZN770_HUMAN.H11MO.0.C	5	0.0150576	11.5793	0.390469	12	CCCGCCCTCGGC	GATCCTCCCGCCTCAGCCTCCC	-
102-CCCGCCCTCGSC	ZBTB4_HUMAN.H11MO.1.D	-1	0.0170979	13.1483	0.435864	11	CCCGCCCTCGGC	CCACCACCGCTATTG	-
102-CCCGCCCTCGSC	PLAG1_HUMAN.H11MO.0.D	1	0.0182994	14.0723	0.458718	12	CCCGCCCTCGGC	CCCCTCCTGATGCCCCC	-
102-CCCGCCCTCGSC	E2F2_HUMAN.H11MO.0.B	4	0.0186226	14.3208	0.459166	6	CCCGCCCTCGGC	GTTTCGCGCC	-
102-CCCGCCCTCGSC	PURA_HUMAN.H11MO.0.D	1	0.0192366	14.7929	0.466655	12	CCCGCCCTCGGC	CCCTGCCCCCCCCTTCC	-
103-AGGGCAGCGCC	SP1_HUMAN.H11MO.1.A	2	0.00109102	0.838995	0.468382	11	AGGGCAGCGCC	GGGGGGCGGGGCCG	+
103-AGGGCAGCGCC	ZN549_HUMAN.H11MO.0.C	10	0.00125415	0.964441	0.468382	10	AGGGCAGCGCC	ATTCATGAATTGGGCAGCAC	+
103-AGGGCAGCGCC	HIC1_HUMAN.H11MO.0.C	-1	0.0012752	0.980631	0.468382	9	AGGGCAGCGCC	GGGCAACCC	-
103-AGGGCAGCGCC	KLF12_HUMAN.H11MO.0.C	1	0.00155458	1.19548	0.468382	10	AGGGCAGCGCC	AGGGGCGGGGC	+
103-AGGGCAGCGCC	REST_HUMAN.H11MO.0.A	10	0.00157357	1.21008	0.468382	11	AGGGCAGCGCC	TTCAGCACCATGGACAGCGCCC	+
103-AGGGCAGCGCC	RARA_HUMAN.H11MO.1.A	1	0.00188149	1.44687	0.468382	9	AGGGCAGCGCC	AAGGTCAGGG	+
103-AGGGCAGCGCC	SP1_HUMAN.H11MO.0.A	2	0.00214349	1.64835	0.468382	11	AGGGCAGCGCC	GGGGGGCGGGGCCGGGGGGGGG	+
106-AGCCCSRCGCVGBG	ZIC4_HUMAN.H11MO.0.D	0	0.000114142	0.0877754	0.175551	14	AGCCCCACGCGGGG	GACCCCCCGCTGTGC	-
106-AGCCCSRCGCVGBG	ZN449_HUMAN.H11MO.0.C	1	0.000325106	0.250006	0.250006	10	AGCCCCACGCGGGG	AAGCCCAACCA	-
107-AGCGGAGCTGCGSGC	ZN140_HUMAN.H11MO.0.C	4	0.000377628	0.290396	0.469431	15	AGCGGAGCTGCGGGC	TAGGAGCGGAATTGCTGGGTCATA	-
107-AGCGGAGCTGCGSGC	SP1_HUMAN.H11MO.0.A	4	0.000705854	0.542801	0.469431	15	AGCGGAGCTGCGGGC	GGGGGGCGGGGCCGGGGGGGGG	+
107-AGCGGAGCTGCGSGC	SP2_HUMAN.H11MO.0.A	8	0.00095607	0.735218	0.469431	14	AGCGGAGCTGCGGGC	GGGGGGGGGGCGGGGCCGGGGG	+
107-AGCGGAGCTGCGSGC	ZN563_HUMAN.H11MO.1.C	-2	0.00143019	1.09982	0.469431	12	AGCGGAGCTGCGGGC	CTGTGCTGCCTG	-
107-AGCGGAGCTGCGSGC	HEN1_HUMAN.H11MO.0.C	3	0.00155247	1.19385	0.469431	15	AGCGGAGCTGCGGGC	TGGGGAGCAGCTGCGTCCCT	+
107-AGCGGAGCTGCGSGC	ELK1_HUMAN.H11MO.0.B	0	0.00223614	1.71959	0.487442	11	AGCGGAGCTGCGGGC	ACCGGAAGTGG	+
108-ASMGCGCGCGGCTS	ZBT14_HUMAN.H11MO.0.C	0	4.81601e-05	0.0370351	0.0738132	9	AGAGCGCGCGGCTC	GGAGCGCGC	+
108-ASMGCGCGCGGCTS	KLF12_HUMAN.H11MO.0.C	-1	0.000519073	0.399167	0.349082	11	AGAGCGCGCGGCTC	AGGGGCGGGGC	+
108-ASMGCGCGCGGCTS	SP1_HUMAN.H11MO.1.A	0	0.000734903	0.565141	0.349082	14	AGAGCGCGCGGCTC	GGGGGGCGGGGCCG	+
108-ASMGCGCGCGGCTS	KLF3_HUMAN.H11MO.0.B	3	0.00132979	1.02261	0.349082	14	AGAGCGCGCGGCTC	GGGGAGGGGCGGGGCCGGG	+
108-ASMGCGCGCGGCTS	AP2D_HUMAN.H11MO.0.D	-2	0.00149472	1.14944	0.349082	12	AGAGCGCGCGGCTC	CGCCCGAGGCGCGT	+
108-ASMGCGCGCGGCTS	KLF1_HUMAN.H11MO.0.A	-2	0.00149472	1.14944	0.349082	12	AGAGCGCGCGGCTC	GGGGCGGGGCCGGG	+
108-ASMGCGCGCGGCTS	KLF9_HUMAN.H11MO.0.C	2	0.0019357	1.48855	0.349082	13	AGAGCGCGCGGCTC	GGAGGGGGCGTGGCC	+
108-ASMGCGCGCGGCTS	KLF4_HUMAN.H11MO.0.A	-2	0.00204986	1.57634	0.349082	10	AGAGCGCGCGGCTC	AGGGTGTGGC	+
108-ASMGCGCGCGGCTS	SP1_HUMAN.H11MO.0.A	0	0.00257268	1.97839	0.394306	14	AGAGCGCGCGGCTC	GGGGGGCGGGGCCGGGGGGGGG	+
109-CAGCTGGCGKGAGAG	E2F1_HUMAN.H11MO.0.A	-1	0.000129482	0.0995716	0.145179	14	CAGCTGGCGGGAGAG	GGGGGGCGGGAAAG	+
109-CAGCTGGCGKGAGAG	PTF1A_HUMAN.H11MO.1.B	2	0.000273723	0.210493	0.145179	7	CAGCTGGCGGGAGAG	AGCAGCTGG	+
109-CAGCTGGCGKGAGAG	TFDP1_HUMAN.H11MO.0.C	-1	0.000330515	0.254166	0.145179	14	CAGCTGGCGGGAGAG	GGGGGGCGGGAAAA	+
109-CAGCTGGCGKGAGAG	ITF2_HUMAN.H11MO.0.C	2	0.000565047	0.434521	0.145179	8	CAGCTGGCGGGAGAG	GGCAGCTGGG	+
109-CAGCTGGCGKGAGAG	MYF6_HUMAN.H11MO.0.C	0	0.000643853	0.495123	0.145179	7	CAGCTGGCGGGAGAG	CAGCTGC	+
109-CAGCTGGCGKGAGAG	E2F4_HUMAN.H11MO.0.A	-2	0.000833416	0.640897	0.145179	13	CAGCTGGCGGGAGAG	GGGGGCGGGAAAT	+
109-CAGCTGGCGKGAGAG	SRBP2_HUMAN.H11MO.0.B	-1	0.00100965	0.776424	0.145179	13	CAGCTGGCGGGAGAG	GGGTGGGGTGAGG	+
109-CAGCTGGCGKGAGAG	TFAP4_HUMAN.H11MO.0.A	3	0.00101482	0.780399	0.145179	7	CAGCTGGCGGGAGAG	AAACAGCTGG	-
109-CAGCTGGCGKGAGAG	BHA15_HUMAN.H11MO.0.B	1	0.00101643	0.781637	0.145179	10	CAGCTGGCGGGAGAG	CCAGCTGCTGC	-
109-CAGCTGGCGKGAGAG	HTF4_HUMAN.H11MO.0.A	2	0.00109014	0.838318	0.145179	8	CAGCTGGCGGGAGAG	CACAGCTGCA	-
109-CAGCTGGCGKGAGAG	E2F6_HUMAN.H11MO.0.A	-3	0.00138301	1.06353	0.167222	12	CAGCTGGCGGGAGAG	GGGGCGGGAAGGG	+
109-CAGCTGGCGKGAGAG	ZN563_HUMAN.H11MO.0.C	1	0.00181414	1.39508	0.167222	15	CAGCTGGCGGGAGAG	GCAGCTGCCAGTGAGGATCCC	-
109-CAGCTGGCGKGAGAG	KAISO_HUMAN.H11MO.0.A	0	0.0019214	1.47755	0.167222	15	CAGCTGGCGGGAGAG	CAAATCTCGCGAGAA	+
109-CAGCTGGCGKGAGAG	MYOG_HUMAN.H11MO.0.B	3	0.00200103	1.53879	0.167222	10	CAGCTGGCGGGAGAG	CCGCAGCTGTCCC	+
109-CAGCTGGCGKGAGAG	MYOD1_HUMAN.H11MO.1.A	2	0.00211868	1.62927	0.167222	9	CAGCTGGCGGGAGAG	GACAGCTGCAG	-
109-CAGCTGGCGKGAGAG	E2F3_HUMAN.H11MO.0.A	-3	0.00241212	1.85492	0.168509	11	CAGCTGGCGGGAGAG	AGGGCGGGAAA	+
109-CAGCTGGCGKGAGAG	ATOH1_HUMAN.H11MO.0.B	2	0.00287862	2.21366	0.168509	7	CAGCTGGCGGGAGAG	AGCAGATGG	+
109-CAGCTGGCGKGAGAG	TFE2_HUMAN.H11MO.0.A	3	0.00311579	2.39604	0.168509	8	CAGCTGGCGGGAGAG	CTGCAGCTGTG	-
109-CAGCTGGCGKGAGAG	SMAD3_HUMAN.H11MO.0.B	-3	0.0032005	2.46119	0.168509	12	CAGCTGGCGGGAGAG	CAGGTGACAGAG	-
109-CAGCTGGCGKGAGAG	MYOD1_HUMAN.H11MO.0.A	1	0.0032028	2.46296	0.168509	14	CAGCTGGCGGGAGAG	GCAGCTGTTCCTGCC	+
109-CAGCTGGCGKGAGAG	NDF1_HUMAN.H11MO.0.A	2	0.00327458	2.51816	0.168509	8	CAGCTGGCGGGAGAG	GACAGATGGT	+
109-CAGCTGGCGKGAGAG	ZIC3_HUMAN.H11MO.0.B	3	0.00338654	2.60425	0.168509	12	CAGCTGGCGGGAGAG	TCACAGCAGGGGGCC	-
109-CAGCTGGCGKGAGAG	SNAI1_HUMAN.H11MO.0.C	1	0.00343579	2.64212	0.168509	7	CAGCTGGCGGGAGAG	CCACCTGG	-
109-CAGCTGGCGKGAGAG	NDF2_HUMAN.H11MO.0.B	2	0.00354623	2.72705	0.168509	7	CAGCTGGCGGGAGAG	AACAGATGG	+
109-CAGCTGGCGKGAGAG	ZN331_HUMAN.H11MO.0.C	9	0.00356591	2.74219	0.168509	11	CAGCTGGCGGGAGAG	GGCTGGGCTCAGCTGGGTGG	+
109-CAGCTGGCGKGAGAG	MXI1_HUMAN.H11MO.0.A	1	0.0039987	3.075	0.174398	14	CAGCTGGCGGGAGAG	GCACGTGGCGGCGGG	+
109-CAGCTGGCGKGAGAG	E2F2_HUMAN.H11MO.0.B	-5	0.00425619	3.27301	0.174398	10	CAGCTGGCGGGAGAG	GGCGCGAAAC	+
109-CAGCTGGCGKGAGAG	ASCL2_HUMAN.H11MO.0.D	1	0.00435488	3.3489	0.174398	8	CAGCTGGCGGGAGAG	CCAGCTGCT	+
109-CAGCTGGCGKGAGAG	ZBT18_HUMAN.H11MO.0.C	3	0.00453583	3.48805	0.174398	8	CAGCTGGCGGGAGAG	CCACATCTGGA	-
109-CAGCTGGCGKGAGAG	KAISO_HUMAN.H11MO.2.A	-3	0.0045884	3.52848	0.174398	12	CAGCTGGCGGGAGAG	CTCGCAGGAAGA	+
109-CAGCTGGCGKGAGAG	TAF1_HUMAN.H11MO.0.A	0	0.00464292	3.57041	0.174398	15	CAGCTGGCGGGAGAG	AAGATGGCGGCGGCGG	+
109-CAGCTGGCGKGAGAG	ZIC2_HUMAN.H11MO.0.D	3	0.00497674	3.82711	0.180125	12	CAGCTGGCGGGAGAG	TCACAGCAGGGGGCC	-
109-CAGCTGGCGKGAGAG	E2F7_HUMAN.H11MO.0.B	-3	0.00543875	4.1824	0.185287	12	CAGCTGGCGGGAGAG	GGGGCGGGAAAGG	+
109-CAGCTGGCGKGAGAG	E2F8_HUMAN.H11MO.0.D	-2	0.00580474	4.46385	0.193261	12	CAGCTGGCGGGAGAG	TTTGGCGGGAAA	+
109-CAGCTGGCGKGAGAG	PTF1A_HUMAN.H11MO.0.B	1	0.00608541	4.67968	0.193962	15	CAGCTGGCGGGAGAG	CCAGCTGCCCCCTTTCCC	+
109-CAGCTGGCGKGAGAG	ZBTB4_HUMAN.H11MO.0.D	2	0.00668852	5.14347	0.208471	15	CAGCTGGCGGGAGAG	CCTAGATGGCAGGTGGG	+
109-CAGCTGGCGKGAGAG	E2F4_HUMAN.H11MO.1.A	-5	0.00689654	5.30344	0.210477	10	CAGCTGGCGGGAGAG	GGCGGGAAATTTGA	+
109-CAGCTGGCGKGAGAG	KLF16_HUMAN.H11MO.0.D	-2	0.00704443	5.41716	0.210603	13	CAGCTGGCGGGAGAG	GGGGGCGGGGGGGGGGGGG	+
109-CAGCTGGCGKGAGAG	ZN770_HUMAN.H11MO.0.C	3	0.00763009	5.86754	0.212173	15	CAGCTGGCGGGAGAG	GGGAGGCTGAGGCGGGAGGATC	+
109-CAGCTGGCGKGAGAG	ZN335_HUMAN.H11MO.0.A	5	0.00763009	5.86754	0.212173	15	CAGCTGGCGGGAGAG	TCAGGCAGCGCCGAGGACAGCC	-
109-CAGCTGGCGKGAGAG	KAISO_HUMAN.H11MO.1.A	-4	0.00782112	6.01444	0.212173	11	CAGCTGGCGGGAGAG	TCTCGCGAGAA	+
109-CAGCTGGCGKGAGAG	SRBP1_HUMAN.H11MO.0.A	-2	0.00782112	6.01444	0.212173	11	CAGCTGGCGGGAGAG	GGTGGGGTGAG	+
109-CAGCTGGCGKGAGAG	ZN148_HUMAN.H11MO.0.D	-1	0.00941679	7.24151	0.246337	14	CAGCTGGCGGGAGAG	GGGGTGGGGGAGGGG	+
109-CAGCTGGCGKGAGAG	TYY1_HUMAN.H11MO.0.A	1	0.0108602	8.35153	0.269398	11	CAGCTGGCGGGAGAG	CAAGATGGCGGC	+
109-CAGCTGGCGKGAGAG	NGN2_HUMAN.H11MO.0.D	4	0.0108602	8.35153	0.269398	8	CAGCTGGCGGGAGAG	GGAGCAGATGGC	+
109-CAGCTGGCGKGAGAG	TGIF2_HUMAN.H11MO.0.D	1	0.011111	8.54434	0.269398	10	CAGCTGGCGGGAGAG	ACAGCTGTCAT	-
109-CAGCTGGCGKGAGAG	OLIG2_HUMAN.H11MO.1.B	1	0.011567	8.89504	0.269398	9	CAGCTGGCGGGAGAG	CCATCTGTTT	+
109-CAGCTGGCGKGAGAG	EGR4_HUMAN.H11MO.0.D	-5	0.0117695	9.05078	0.269398	10	CAGCTGGCGGGAGAG	GGCGGCAGGGC	+
109-CAGCTGGCGKGAGAG	FIGLA_HUMAN.H11MO.0.D	2	0.0117695	9.05078	0.269398	9	CAGCTGGCGGGAGAG	AACACCTGTTA	-
109-CAGCTGGCGKGAGAG	TAL1_HUMAN.H11MO.1.A	2	0.012182	9.36794	0.270197	13	CAGCTGGCGGGAGAG	CACATCTGCTTCCTG	-
109-CAGCTGGCGKGAGAG	ZEB1_HUMAN.H11MO.0.A	2	0.0122815	9.44446	0.270197	8	CAGCTGGCGGGAGAG	CTCACCTGTC	-
109-CAGCTGGCGKGAGAG	LYL1_HUMAN.H11MO.0.A	1	0.0123578	9.50315	0.270197	13	CAGCTGGCGGGAGAG	CCAGCTGTTTCCTG	+
109-CAGCTGGCGKGAGAG	SALL4_HUMAN.H11MO.0.B	-5	0.0138332	10.6377	0.298008	10	CAGCTGGCGGGAGAG	GGAGGGTGGG	+
109-CAGCTGGCGKGAGAG	TF2LX_HUMAN.H11MO.0.D	7	0.0141838	10.9074	0.301133	8	CAGCTGGCGGGAGAG	ACTATGACAGCTGTC	+
109-CAGCTGGCGKGAGAG	TWST1_HUMAN.H11MO.1.A	2	0.0155625	11.9675	0.325682	8	CAGCTGGCGGGAGAG	ACCAGATGTG	-
109-CAGCTGGCGKGAGAG	MYB_HUMAN.H11MO.0.A	1	0.0159351	12.2541	0.328784	11	CAGCTGGCGGGAGAG	CCAACTGCCACC	-
109-CAGCTGGCGKGAGAG	TBX3_HUMAN.H11MO.0.C	-2	0.0165339	12.7146	0.331792	11	CAGCTGGCGGGAGAG	GGAGGTGGGAA	+
109-CAGCTGGCGKGAGAG	ASCL1_HUMAN.H11MO.0.A	3	0.0168101	12.927	0.332777	11	CAGCTGGCGGGAGAG	CTGCACCTGCTCCC	+
109-CAGCTGGCGKGAGAG	ID4_HUMAN.H11MO.0.D	3	0.0174813	13.4431	0.341449	8	CAGCTGGCGGGAGAG	TTACACCTGTC	-
109-CAGCTGGCGKGAGAG	MEIS2_HUMAN.H11MO.0.B	3	0.0179738	13.8218	0.341959	10	CAGCTGGCGGGAGAG	TGACAGCTGTCAA	-
109-CAGCTGGCGKGAGAG	MESP1_HUMAN.H11MO.0.D	1	0.018478	14.2096	0.341959	10	CAGCTGGCGGGAGAG	GCAGGTGTGGA	+
109-CAGCTGGCGKGAGAG	NR0B1_HUMAN.H11MO.0.D	-6	0.0185288	14.2486	0.341959	9	CAGCTGGCGGGAGAG	GCGTGGGAGA	+
109-CAGCTGGCGKGAGAG	ZN563_HUMAN.H11MO.1.C	2	0.018713	14.3903	0.341959	10	CAGCTGGCGGGAGAG	CTGTGCTGCCTG	-
109-CAGCTGGCGKGAGAG	CR3L2_HUMAN.H11MO.0.D	-1	0.0189283	14.5559	0.341959	13	CAGCTGGCGGGAGAG	TGATGACGTGGCA	+
109-CAGCTGGCGKGAGAG	MAFA_HUMAN.H11MO.0.D	0	0.0191414	14.7197	0.341959	15	CAGCTGGCGGGAGAG	GTGCTGACCCCGCAGCCTTCG	+
109-CAGCTGGCGKGAGAG	USF2_HUMAN.H11MO.0.A	4	0.020403	15.6899	0.347544	15	CAGCTGGCGGGAGAG	GGGTCACGTGGCCGCGGCG	+
109-CAGCTGGCGKGAGAG	CTCF_HUMAN.H11MO.0.A	7	0.020403	15.6899	0.347544	12	CAGCTGGCGGGAGAG	TGGCCACCAGGGGGCGCCA	+
109-CAGCTGGCGKGAGAG	HIC2_HUMAN.H11MO.0.D	-1	0.0217875	16.7546	0.35681	11	CAGCTGGCGGGAGAG	GCCTGGCATGG	-
109-CAGCTGGCGKGAGAG	SCRT2_HUMAN.H11MO.0.D	1	0.0220771	16.9773	0.35681	12	CAGCTGGCGGGAGAG	CCACCTGTTGCAT	-
109-CAGCTGGCGKGAGAG	SP2_HUMAN.H11MO.0.A	3	0.0221648	17.0447	0.35681	15	CAGCTGGCGGGAGAG	GGGGGGGGGGCGGGGCCGGGGG	+
109-CAGCTGGCGKGAGAG	VEZF1_HUMAN.H11MO.0.C	4	0.0221648	17.0447	0.35681	15	CAGCTGGCGGGAGAG	GGGGAGGGGGGAGGGGGAGGGG	+
109-CAGCTGGCGKGAGAG	TYY2_HUMAN.H11MO.0.D	0	0.0230052	17.691	0.358599	11	CAGCTGGCGGGAGAG	AAAATGGCGGC	+
109-CAGCTGGCGKGAGAG	SP2_HUMAN.H11MO.1.B	-1	0.0231059	17.7684	0.358599	12	CAGCTGGCGGGAGAG	AGGGGGCGGGGC	+
109-CAGCTGGCGKGAGAG	ARNT2_HUMAN.H11MO.0.D	-5	0.0231059	17.7684	0.358599	10	CAGCTGGCGGGAGAG	GGCGTGGGAGGC	+
109-CAGCTGGCGKGAGAG	ZIC4_HUMAN.H11MO.0.D	3	0.0232551	17.8832	0.358599	12	CAGCTGGCGGGAGAG	GCACAGCGGGGGGTC	+
109-CAGCTGGCGKGAGAG	EGR2_HUMAN.H11MO.0.A	0	0.0237935	18.2972	0.363009	15	CAGCTGGCGGGAGAG	GGGGGGGTGTGGGAGGGG	+
109-CAGCTGGCGKGAGAG	ZN263_HUMAN.H11MO.0.A	5	0.02414	18.5636	0.363009	15	CAGCTGGCGGGAGAG	GGGAGGAGGGAGAGGAGGAG	+
109-CAGCTGGCGKGAGAG	XBP1_HUMAN.H11MO.0.D	-2	0.0242845	18.6748	0.363009	11	CAGCTGGCGGGAGAG	GCTGACGTGGC	+
109-CAGCTGGCGKGAGAG	MXI1_HUMAN.H11MO.1.A	0	0.025628	19.7079	0.379222	11	CAGCTGGCGGGAGAG	GAGCACGTGGG	-
109-CAGCTGGCGKGAGAG	AHR_HUMAN.H11MO.0.B	-3	0.0271338	20.8659	0.397488	9	CAGCTGGCGGGAGAG	GTTGCGTGC	+
109-CAGCTGGCGKGAGAG	NRL_HUMAN.H11MO.0.D	-1	0.028519	21.9311	0.412759	11	CAGCTGGCGGGAGAG	TGCTGACGCAG	+
109-CAGCTGGCGKGAGAG	OLIG2_HUMAN.H11MO.0.B	1	0.028766	22.1211	0.412759	15	CAGCTGGCGGGAGAG	CCAGCTGTTTCCCTTCTG	+
109-CAGCTGGCGKGAGAG	SPIC_HUMAN.H11MO.0.D	-2	0.0298491	22.954	0.412759	13	CAGCTGGCGGGAGAG	GAGGAAGGGGAGG	+
109-CAGCTGGCGKGAGAG	ATF3_HUMAN.H11MO.0.A	-2	0.0300724	23.1257	0.412759	11	CAGCTGGCGGGAGAG	GGTGACGTGAT	+
109-CAGCTGGCGKGAGAG	SNAI2_HUMAN.H11MO.0.A	2	0.0307753	23.6662	0.416582	8	CAGCTGGCGGGAGAG	TGCACCTGCC	-
109-CAGCTGGCGKGAGAG	ZN341_HUMAN.H11MO.0.C	6	0.0309965	23.8363	0.416582	15	CAGCTGGCGGGAGAG	GGGGGGGGGGGGAGGGAAGAGC	+
109-CAGCTGGCGKGAGAG	EGR1_HUMAN.H11MO.0.A	-2	0.0327516	25.186	0.425544	13	CAGCTGGCGGGAGAG	GAGGGCGTGGGCGGGGG	+
109-CAGCTGGCGKGAGAG	ZBT17_HUMAN.H11MO.0.A	0	0.0328253	25.2427	0.425544	15	CAGCTGGCGGGAGAG	GAGGGTGGGGGAGGGGAAG	+
109-CAGCTGGCGKGAGAG	SP4_HUMAN.H11MO.0.A	3	0.0336052	25.8424	0.428078	15	CAGCTGGCGGGAGAG	GGGAAGGGGGCGGGGCCGGG	+
109-CAGCTGGCGKGAGAG	COT1_HUMAN.H11MO.0.C	-5	0.0343067	26.3819	0.433247	10	CAGCTGGCGGGAGAG	GGGGTCAGAGGTCAGGG	+
109-CAGCTGGCGKGAGAG	ZSC31_HUMAN.H11MO.0.C	2	0.0346654	26.6577	0.433342	15	CAGCTGGCGGGAGAG	GGCAGCAGGGCAGTTATG	+
109-CAGCTGGCGKGAGAG	MEIS3_HUMAN.H11MO.0.D	0	0.0352017	27.0701	0.433342	11	CAGCTGGCGGGAGAG	CACCTGTCAAA	-
109-CAGCTGGCGKGAGAG	KLF13_HUMAN.H11MO.0.D	0	0.0370787	28.5135	0.448732	11	CAGCTGGCGGGAGAG	AGGGGGGCGTG	+
109-CAGCTGGCGKGAGAG	MAZ_HUMAN.H11MO.0.A	4	0.0373708	28.7381	0.448732	15	CAGCTGGCGGGAGAG	GGGGGAGGGGGGGGGGGGGGGG	+
109-CAGCTGGCGKGAGAG	NFIB_HUMAN.H11MO.0.D	-1	0.038273	29.432	0.45241	9	CAGCTGGCGGGAGAG	CCCTGGCAG	+
109-CAGCTGGCGKGAGAG	ZN282_HUMAN.H11MO.0.D	0	0.0385979	29.6818	0.45241	14	CAGCTGGCGGGAGAG	CGTGTTATGGGAAA	+
109-CAGCTGGCGKGAGAG	SP3_HUMAN.H11MO.0.B	2	0.0386036	29.6862	0.45241	15	CAGCTGGCGGGAGAG	GGGGGGGGGCGGGGCCGGGG	+
109-CAGCTGGCGKGAGAG	ZN281_HUMAN.H11MO.0.A	-2	0.0391484	30.1051	0.452742	13	CAGCTGGCGGGAGAG	GGGTGGGGGAGGGGA	+
109-CAGCTGGCGKGAGAG	PROX1_HUMAN.H11MO.0.D	1	0.0393812	30.2841	0.452742	15	CAGCTGGCGGGAGAG	GGGTAAGGCGGGTTGGG	+
109-CAGCTGGCGKGAGAG	KLF14_HUMAN.H11MO.0.D	0	0.0400235	30.7781	0.452742	13	CAGCTGGCGGGAGAG	AGGGGGGCGTGGC	+
109-CAGCTGGCGKGAGAG	ZN740_HUMAN.H11MO.0.D	-1	0.0404545	31.1095	0.452742	14	CAGCTGGCGGGAGAG	GGGGGGGGGGTGGG	+
109-CAGCTGGCGKGAGAG	PATZ1_HUMAN.H11MO.1.C	-7	0.0404832	31.1315	0.452742	8	CAGCTGGCGGGAGAG	AGGGAGGGG	+
109-CAGCTGGCGKGAGAG	BRAC_HUMAN.H11MO.1.B	-4	0.0411044	31.6093	0.452742	11	CAGCTGGCGGGAGAG	AGGTGTGAAAT	+
109-CAGCTGGCGKGAGAG	TGIF1_HUMAN.H11MO.0.A	-2	0.0417711	32.122	0.456652	7	CAGCTGGCGGGAGAG	GCTGTCA	-
109-CAGCTGGCGKGAGAG	ATF6A_HUMAN.H11MO.0.B	0	0.0424835	32.6698	0.461	12	CAGCTGGCGGGAGAG	GTGGTGACGTGG	+
109-CAGCTGGCGKGAGAG	ATF1_HUMAN.H11MO.0.B	-1	0.0432604	33.2673	0.462577	11	CAGCTGGCGGGAGAG	CGGTGACGTCA	+
109-CAGCTGGCGKGAGAG	SP1_HUMAN.H11MO.1.A	-1	0.0444107	34.1518	0.471436	14	CAGCTGGCGGGAGAG	GGGGGGCGGGGCCG	+
109-CAGCTGGCGKGAGAG	BHE41_HUMAN.H11MO.0.D	4	0.0463059	35.6092	0.481096	15	CAGCTGGCGGGAGAG	GCCTCTGCACGTGACCCGGT	-
109-CAGCTGGCGKGAGAG	SCRT1_HUMAN.H11MO.0.D	1	0.0484386	37.2493	0.498641	12	CAGCTGGCGGGAGAG	GCAACAGGTGGTT	+
109-CAGCTGGCGKGAGAG	PATZ1_HUMAN.H11MO.0.C	3	0.049154	37.7995	0.498641	15	CAGCTGGCGGGAGAG	GGGGAGGGGGCGGGGGGGGAGG	+
109-CAGCTGGCGKGAGAG	ZFP42_HUMAN.H11MO.0.A	0	0.0491917	37.8284	0.498641	12	CAGCTGGCGGGAGAG	AAAATGGCTGCC	-
109-CAGCTGGCGKGAGAG	CTCFL_HUMAN.H11MO.0.A	5	0.0493562	37.9549	0.498641	12	CAGCTGGCGGGAGAG	GCCGCCAGGGGGCGCCG	+
111-CCCGGCCGCSCTCM	EGR4_HUMAN.H11MO.0.D	1	4.76471e-05	0.0366407	0.0720483	10	CCCGGCCGCGCTCC	GCCCTGCCGCC	-
111-CCCGGCCGCSCTCM	KLF1_HUMAN.H11MO.0.A	0	0.000171528	0.131905	0.0950412	14	CCCGGCCGCGCTCC	CCCGGCCCCGCCCC	-
111-CCCGGCCGCSCTCM	ZN148_HUMAN.H11MO.0.D	1	0.000288237	0.221654	0.0950412	14	CCCGGCCGCGCTCC	CCCCTCCCCCACCCC	-
111-CCCGGCCGCSCTCM	SP1_HUMAN.H11MO.0.A	6	0.000331206	0.254697	0.0950412	14	CCCGGCCGCGCTCC	CCCCCCCCCGGCCCCGCCCCCC	-
111-CCCGGCCGCSCTCM	SP2_HUMAN.H11MO.0.A	8	0.000331206	0.254697	0.0950412	14	CCCGGCCGCGCTCC	CCCCCGGCCCCGCCCCCCCCCC	-
111-CCCGGCCGCSCTCM	EGR2_HUMAN.H11MO.1.A	2	0.000377118	0.290003	0.0950412	14	CCCGGCCGCGCTCC	CCCCCGCCCACGCCCC	-
111-CCCGGCCGCSCTCM	EGR1_HUMAN.H11MO.0.A	2	0.000447166	0.34387	0.0965955	14	CCCGGCCGCGCTCC	CCCCCGCCCACGCCCTC	-
111-CCCGGCCGCSCTCM	TBX15_HUMAN.H11MO.0.D	2	0.000705817	0.542774	0.13341	14	CCCGGCCGCGCTCC	CCCCCACCCCCCCCCCCCC	-
111-CCCGGCCGCSCTCM	KLF16_HUMAN.H11MO.0.D	4	0.000899236	0.691513	0.147904	14	CCCGGCCGCGCTCC	CCCCCCCCCCCCCGCCCCC	-
111-CCCGGCCGCSCTCM	SP3_HUMAN.H11MO.0.B	6	0.0010052	0.772996	0.147904	14	CCCGGCCGCGCTCC	CCCCGGCCCCGCCCCCCCCC	-
111-CCCGGCCGCSCTCM	KLF3_HUMAN.H11MO.0.B	0	0.00107594	0.827396	0.147904	14	CCCGGCCGCGCTCC	CCCGGCCCCGCCCCTCCCC	-
111-CCCGGCCGCSCTCM	KLF5_HUMAN.H11MO.0.A	0	0.00131289	1.00961	0.162571	14	CCCGGCCGCGCTCC	CCCAGCCCCACCCT	-
111-CCCGGCCGCSCTCM	SP1_HUMAN.H11MO.1.A	4	0.00147457	1.13394	0.162571	10	CCCGGCCGCGCTCC	CGGCCCCGCCCCCC	-
111-CCCGGCCGCSCTCM	EGR2_HUMAN.H11MO.0.A	1	0.00161208	1.23969	0.162571	14	CCCGGCCGCGCTCC	CCCCTCCCACACCCCCCC	-
111-CCCGGCCGCSCTCM	SP4_HUMAN.H11MO.0.A	5	0.00161268	1.24015	0.162571	14	CCCGGCCGCGCTCC	CCCGGCCCCGCCCCCTTCCC	-
111-CCCGGCCGCSCTCM	ZN281_HUMAN.H11MO.0.A	2	0.0019672	1.51277	0.172002	13	CCCGGCCGCGCTCC	TCCCCTCCCCCACCC	-
111-CCCGGCCGCSCTCM	ZIC4_HUMAN.H11MO.0.D	4	0.0019672	1.51277	0.172002	11	CCCGGCCGCGCTCC	GACCCCCCGCTGTGC	-
111-CCCGGCCGCSCTCM	ZBT14_HUMAN.H11MO.0.C	-5	0.00204748	1.57451	0.172002	9	CCCGGCCGCGCTCC	GCGCGCTCC	-
111-CCCGGCCGCSCTCM	SP2_HUMAN.H11MO.1.B	1	0.00221995	1.70714	0.176676	11	CCCGGCCGCGCTCC	GCCCCGCCCCCT	-
111-CCCGGCCGCSCTCM	SP4_HUMAN.H11MO.1.A	3	0.00265298	2.04014	0.197298	13	CCCGGCCGCGCTCC	CGGCCCCGCCCCCTCC	-
111-CCCGGCCGCSCTCM	KLF12_HUMAN.H11MO.0.C	1	0.00277116	2.13102	0.197298	10	CCCGGCCGCGCTCC	GCCCCGCCCCT	-
111-CCCGGCCGCSCTCM	KLF6_HUMAN.H11MO.0.A	2	0.00287051	2.20743	0.197298	14	CCCGGCCGCGCTCC	CCCCCGGCCCCGCCCTTCC	-
111-CCCGGCCGCSCTCM	E2F4_HUMAN.H11MO.0.A	0	0.00307352	2.36353	0.19749	13	CCCGGCCGCGCTCC	ATTTCCCGCCCCC	-
111-CCCGGCCGCSCTCM	ZN219_HUMAN.H11MO.0.D	-1	0.00313451	2.41044	0.19749	12	CCCGGCCGCGCTCC	TCCGCCCCCCTC	-
111-CCCGGCCGCSCTCM	ZN770_HUMAN.H11MO.1.C	0	0.00350387	2.69448	0.208777	11	CCCGGCCGCGCTCC	CTCAGCCTCCC	-
111-CCCGGCCGCSCTCM	E2F1_HUMAN.H11MO.0.A	0	0.00362924	2.79089	0.208777	14	CCCGGCCGCGCTCC	CTTTCCCGCCCCCC	-
111-CCCGGCCGCSCTCM	ZBTB4_HUMAN.H11MO.0.D	0	0.00386594	2.97291	0.208777	14	CCCGGCCGCGCTCC	CCCACCTGCCATCTAGG	-
111-CCCGGCCGCSCTCM	ZFX_HUMAN.H11MO.1.A	1	0.00386594	2.97291	0.208777	14	CCCGGCCGCGCTCC	CCCCGGCCTCCGCCCCC	-
111-CCCGGCCGCSCTCM	PATZ1_HUMAN.H11MO.0.C	8	0.00454145	3.49237	0.236801	14	CCCGGCCGCGCTCC	CCTCCCCCCCCGCCCCCTCCCC	-
111-CCCGGCCGCSCTCM	KLF13_HUMAN.H11MO.0.D	0	0.00523735	4.02752	0.263984	11	CCCGGCCGCGCTCC	CACGCCCCCCT	-
111-CCCGGCCGCSCTCM	ZFX_HUMAN.H11MO.0.A	0	0.00582986	4.48316	0.284369	10	CCCGGCCGCGCTCC	CCAGGCCCCG	+
111-CCCGGCCGCSCTCM	WT1_HUMAN.H11MO.0.C	7	0.00649125	4.99177	0.306736	13	CCCGGCCGCGCTCC	CCCCCCCTCCTCCCCCGCCC	-
111-CCCGGCCGCSCTCM	MAZ_HUMAN.H11MO.1.A	2	0.0069327	5.33125	0.317669	9	CCCGGCCGCGCTCC	CCCCCTCCCTC	-
111-CCCGGCCGCSCTCM	MBD2_HUMAN.H11MO.0.B	2	0.00732777	5.63506	0.325896	9	CCCGGCCGCGCTCC	CCTCCGGCCCC	-
111-CCCGGCCGCSCTCM	KLF15_HUMAN.H11MO.0.A	0	0.00761449	5.85554	0.328972	14	CCCGGCCGCGCTCC	CCCCCCCCTGCTCCTCCCC	-
111-CCCGGCCGCSCTCM	SALL4_HUMAN.H11MO.0.B	0	0.00824099	6.33732	0.343668	10	CCCGGCCGCGCTCC	CCCACCCTCC	-
111-CCCGGCCGCSCTCM	TFDP1_HUMAN.H11MO.0.C	4	0.00850295	6.53877	0.343668	10	CCCGGCCGCGCTCC	TTTTCCCGCCCCCC	-
111-CCCGGCCGCSCTCM	PRDM4_HUMAN.H11MO.0.D	3	0.00863646	6.64143	0.343668	13	CCCGGCCGCGCTCC	TTTCAAGGCCCCCCAC	-
111-CCCGGCCGCSCTCM	ZN331_HUMAN.H11MO.0.C	3	0.00937421	7.20877	0.350375	14	CCCGGCCGCGCTCC	CCACCCAGCTGAGCCCAGCC	-
111-CCCGGCCGCSCTCM	TBX1_HUMAN.H11MO.0.D	9	0.00937421	7.20877	0.350375	11	CCCGGCCGCGCTCC	CCGCCCACCCCTGCCCACCC	-
111-CCCGGCCGCSCTCM	KLF14_HUMAN.H11MO.0.D	2	0.00950013	7.3056	0.350375	11	CCCGGCCGCGCTCC	GCCACGCCCCCCT	-
111-CCCGGCCGCSCTCM	KLF9_HUMAN.H11MO.0.C	3	0.0104188	8.01207	0.370238	12	CCCGGCCGCGCTCC	GGCCACGCCCCCTCC	-
111-CCCGGCCGCSCTCM	PROX1_HUMAN.H11MO.0.D	1	0.0105284	8.09634	0.370238	14	CCCGGCCGCGCTCC	CCCAACCCGCCTTACCC	-
111-CCCGGCCGCSCTCM	ZN436_HUMAN.H11MO.0.C	6	0.0111823	8.5992	0.384296	14	CCCGGCCGCGCTCC	CCTCCTCCAGGAAGCCTTCCCTGA	-
111-CCCGGCCGCSCTCM	E2F6_HUMAN.H11MO.0.A	1	0.0129125	9.92969	0.42564	12	CCCGGCCGCGCTCC	CCCTTCCCGCCCC	-
111-CCCGGCCGCSCTCM	ZF64A_HUMAN.H11MO.0.D	6	0.0129647	9.96984	0.42564	10	CCCGGCCGCGCTCC	CAGGTTCCCGGGCCCC	-
111-CCCGGCCGCSCTCM	ZSC31_HUMAN.H11MO.0.C	8	0.0132298	10.1737	0.42564	10	CCCGGCCGCGCTCC	CATAACTGCCCTGCTGCC	-
111-CCCGGCCGCSCTCM	GLIS2_HUMAN.H11MO.0.D	1	0.0155997	11.9962	0.457424	13	CCCGGCCGCGCTCC	GACCCCCCGCGAAG	-
111-CCCGGCCGCSCTCM	GLI1_HUMAN.H11MO.0.D	-2	0.0157498	12.1116	0.457424	12	CCCGGCCGCGCTCC	AGACCACCCAGG	-
111-CCCGGCCGCSCTCM	HINFP_HUMAN.H11MO.0.C	1	0.0158121	12.1595	0.457424	14	CCCGGCCGCGCTCC	TAACGTCCGCTAGCGC	-
111-CCCGGCCGCSCTCM	ZN770_HUMAN.H11MO.0.C	11	0.0159996	12.3037	0.457424	11	CCCGGCCGCGCTCC	GATCCTCCCGCCTCAGCCTCCC	-
111-CCCGGCCGCSCTCM	PLAL1_HUMAN.H11MO.0.D	-2	0.0160327	12.3292	0.457424	10	CCCGGCCGCGCTCC	GGGCCCCCCG	-
111-CCCGGCCGCSCTCM	TAF1_HUMAN.H11MO.0.A	1	0.0166089	12.7722	0.461208	14	CCCGGCCGCGCTCC	CCGCCGCCGCCATCTT	-
111-CCCGGCCGCSCTCM	ZN341_HUMAN.H11MO.0.C	6	0.0168193	12.934	0.461208	14	CCCGGCCGCGCTCC	GCTCTTCCCTCCCCCCCCCCCC	-
111-CCCGGCCGCSCTCM	PAX5_HUMAN.H11MO.0.A	6	0.0170804	13.1348	0.461208	14	CCCGGCCGCGCTCC	GTCACGCTCTGCTGCCCAGGC	-
111-CCCGGCCGCSCTCM	ZSC22_HUMAN.H11MO.0.C	-2	0.0183142	14.0836	0.485848	12	CCCGGCCGCGCTCC	CCTCCTCCCTCAGACC	-
113-CTRCCGGGCGGGYAC	E2F1_HUMAN.H11MO.0.A	-2	0.000356211	0.273926	0.207653	13	CTGCCGGGCGGGCAC	GGGGGGCGGGAAAG	+
113-CTRCCGGGCGGGYAC	SP1_HUMAN.H11MO.1.A	-2	0.000431466	0.331797	0.207653	13	CTGCCGGGCGGGCAC	GGGGGGCGGGGCCG	+
113-CTRCCGGGCGGGYAC	KLF12_HUMAN.H11MO.0.C	-3	0.000926109	0.712178	0.207653	11	CTGCCGGGCGGGCAC	AGGGGCGGGGC	+
113-CTRCCGGGCGGGYAC	E2F4_HUMAN.H11MO.0.A	-3	0.000945291	0.726928	0.207653	12	CTGCCGGGCGGGCAC	GGGGGCGGGAAAT	+
113-CTRCCGGGCGGGYAC	TFDP1_HUMAN.H11MO.0.C	-2	0.000966932	0.743571	0.207653	13	CTGCCGGGCGGGCAC	GGGGGGCGGGAAAA	+
113-CTRCCGGGCGGGYAC	SALL4_HUMAN.H11MO.0.B	-2	0.00105619	0.812213	0.207653	10	CTGCCGGGCGGGCAC	GGAGGGTGGG	+
113-CTRCCGGGCGGGYAC	KLF3_HUMAN.H11MO.0.B	1	0.00108891	0.837373	0.207653	15	CTGCCGGGCGGGCAC	GGGGAGGGGCGGGGCCGGG	+
113-CTRCCGGGCGGGYAC	SP2_HUMAN.H11MO.0.A	2	0.00109495	0.842015	0.207653	15	CTGCCGGGCGGGCAC	GGGGGGGGGGCGGGGCCGGGGG	+
113-CTRCCGGGCGGGYAC	ZSC31_HUMAN.H11MO.0.C	2	0.00125067	0.961763	0.210831	15	CTGCCGGGCGGGCAC	GGCAGCAGGGCAGTTATG	+
113-CTRCCGGGCGGGYAC	SP3_HUMAN.H11MO.0.B	1	0.00166002	1.27655	0.227961	15	CTGCCGGGCGGGCAC	GGGGGGGGGCGGGGCCGGGG	+
113-CTRCCGGGCGGGYAC	KLF13_HUMAN.H11MO.0.D	-1	0.00176722	1.35899	0.227961	11	CTGCCGGGCGGGCAC	AGGGGGGCGTG	+
113-CTRCCGGGCGGGYAC	SP2_HUMAN.H11MO.1.B	-2	0.00180305	1.38654	0.227961	12	CTGCCGGGCGGGCAC	AGGGGGCGGGGC	+
113-CTRCCGGGCGGGYAC	ZN740_HUMAN.H11MO.0.D	-2	0.00208805	1.60571	0.243687	13	CTGCCGGGCGGGCAC	GGGGGGGGGGTGGG	+
113-CTRCCGGGCGGGYAC	KLF8_HUMAN.H11MO.0.C	-3	0.00261338	2.00969	0.283211	9	CTGCCGGGCGGGCAC	CAGGGGGTG	+
113-CTRCCGGGCGGGYAC	KLF14_HUMAN.H11MO.0.D	-1	0.00328781	2.52833	0.312223	13	CTGCCGGGCGGGCAC	AGGGGGGCGTGGC	+
113-CTRCCGGGCGGGYAC	SP1_HUMAN.H11MO.0.A	-2	0.00342094	2.6307	0.312223	13	CTGCCGGGCGGGCAC	GGGGGGCGGGGCCGGGGGGGGG	+
113-CTRCCGGGCGGGYAC	GLIS2_HUMAN.H11MO.0.D	0	0.00368445	2.83334	0.312223	14	CTGCCGGGCGGGCAC	CTTCGCGGGGGGTC	+
113-CTRCCGGGCGGGYAC	E2F3_HUMAN.H11MO.0.A	-4	0.00370428	2.84859	0.312223	11	CTGCCGGGCGGGCAC	AGGGCGGGAAA	+
113-CTRCCGGGCGGGYAC	MBD2_HUMAN.H11MO.0.B	0	0.00417535	3.21085	0.328469	11	CTGCCGGGCGGGCAC	CCTCCGGCCCC	-
113-CTRCCGGGCGGGYAC	ETV1_HUMAN.H11MO.0.A	2	0.00470153	3.61548	0.328469	9	CTGCCGGGCGGGCAC	CACTTCCGGCC	-
113-CTRCCGGGCGGGYAC	ZIC4_HUMAN.H11MO.0.D	3	0.00498804	3.83581	0.328469	12	CTGCCGGGCGGGCAC	GCACAGCGGGGGGTC	+
113-CTRCCGGGCGGGYAC	ZBT14_HUMAN.H11MO.0.C	-4	0.00502783	3.8664	0.328469	9	CTGCCGGGCGGGCAC	GGAGCGCGC	+
113-CTRCCGGGCGGGYAC	E2F7_HUMAN.H11MO.0.B	-4	0.0051544	3.96374	0.328469	11	CTGCCGGGCGGGCAC	GGGGCGGGAAAGG	+
113-CTRCCGGGCGGGYAC	P63_HUMAN.H11MO.1.A	-4	0.00560702	4.31179	0.328469	11	CTGCCGGGCGGGCAC	CAGGCATGCTC	-
113-CTRCCGGGCGGGYAC	P73_HUMAN.H11MO.1.A	-3	0.00579139	4.45358	0.328469	12	CTGCCGGGCGGGCAC	CCAGGCATGTTC	-
113-CTRCCGGGCGGGYAC	ZIC1_HUMAN.H11MO.0.B	-4	0.00607996	4.67549	0.328469	9	CTGCCGGGCGGGCAC	GGGGTGGTC	+
113-CTRCCGGGCGGGYAC	KLF9_HUMAN.H11MO.0.C	0	0.00617355	4.74746	0.328469	15	CTGCCGGGCGGGCAC	GGAGGGGGCGTGGCC	+
113-CTRCCGGGCGGGYAC	SP4_HUMAN.H11MO.1.A	0	0.00628994	4.83696	0.328469	15	CTGCCGGGCGGGCAC	GGAGGGGGCGGGGCCG	+
113-CTRCCGGGCGGGYAC	E2F6_HUMAN.H11MO.0.A	-4	0.00642102	4.93776	0.328469	11	CTGCCGGGCGGGCAC	GGGGCGGGAAGGG	+
113-CTRCCGGGCGGGYAC	CTCFL_HUMAN.H11MO.0.A	2	0.00649503	4.99468	0.328469	15	CTGCCGGGCGGGCAC	GCCGCCAGGGGGCGCCG	+
113-CTRCCGGGCGGGYAC	KLF6_HUMAN.H11MO.0.A	-1	0.00675219	5.19244	0.330459	14	CTGCCGGGCGGGCAC	GGAAGGGCGGGGCCGGGGG	+
113-CTRCCGGGCGGGYAC	ZN331_HUMAN.H11MO.0.C	9	0.00724572	5.57196	0.343531	11	CTGCCGGGCGGGCAC	GGCTGGGCTCAGCTGGGTGG	+
113-CTRCCGGGCGGGYAC	E2F4_HUMAN.H11MO.1.A	-6	0.00788265	6.06175	0.360223	9	CTGCCGGGCGGGCAC	GGCGGGAAATTTGA	+
113-CTRCCGGGCGGGYAC	TBX15_HUMAN.H11MO.0.D	5	0.0083055	6.38693	0.360223	14	CTGCCGGGCGGGCAC	GGGGGGGGGGGGGTGGGGG	+
113-CTRCCGGGCGGGYAC	KLF1_HUMAN.H11MO.0.A	-4	0.00831007	6.39044	0.360223	11	CTGCCGGGCGGGCAC	GGGGCGGGGCCGGG	+
113-CTRCCGGGCGGGYAC	ZN563_HUMAN.H11MO.0.C	4	0.00943061	7.25214	0.39744	15	CTGCCGGGCGGGCAC	GCAGCTGCCAGTGAGGATCCC	-
113-CTRCCGGGCGGGYAC	ZF64A_HUMAN.H11MO.0.D	4	0.0110762	8.51763	0.439339	12	CTGCCGGGCGGGCAC	CAGGTTCCCGGGCCCC	-
113-CTRCCGGGCGGGYAC	KLF4_HUMAN.H11MO.0.A	-4	0.0112935	8.68471	0.439339	10	CTGCCGGGCGGGCAC	AGGGTGTGGC	+
113-CTRCCGGGCGGGYAC	E2F2_HUMAN.H11MO.0.B	-6	0.0112935	8.68471	0.439339	9	CTGCCGGGCGGGCAC	GGCGCGAAAC	+
113-CTRCCGGGCGGGYAC	KLF16_HUMAN.H11MO.0.D	-3	0.0124532	9.57654	0.457055	12	CTGCCGGGCGGGCAC	GGGGGCGGGGGGGGGGGGG	+
113-CTRCCGGGCGGGYAC	AP2B_HUMAN.H11MO.0.B	-2	0.0126527	9.72993	0.457055	10	CTGCCGGGCGGGCAC	GCCCGGGGGC	+
113-CTRCCGGGCGGGYAC	MAZ_HUMAN.H11MO.1.A	-3	0.0130772	10.0564	0.461405	11	CTGCCGGGCGGGCAC	GAGGGAGGGGG	+
115-ACGGGCGGAGGAAC	KLF12_HUMAN.H11MO.0.C	0	0.000758184	0.583044	0.315694	11	ACGGGCGGAGGAAC	AGGGGCGGGGC	+
115-ACGGGCGGAGGAAC	MAZ_HUMAN.H11MO.1.A	0	0.000758184	0.583044	0.315694	11	ACGGGCGGAGGAAC	GAGGGAGGGGG	+
115-ACGGGCGGAGGAAC	SP4_HUMAN.H11MO.0.A	5	0.0010785	0.829364	0.315694	14	ACGGGCGGAGGAAC	GGGAAGGGGGCGGGGCCGGG	+
115-ACGGGCGGAGGAAC	ZSC22_HUMAN.H11MO.0.C	5	0.00129893	0.998881	0.315694	11	ACGGGCGGAGGAAC	GGTCTGAGGGAGGAGG	+
115-ACGGGCGGAGGAAC	TAF1_HUMAN.H11MO.0.A	2	0.0014642	1.12597	0.315694	14	ACGGGCGGAGGAAC	AAGATGGCGGCGGCGG	+
115-ACGGGCGGAGGAAC	ZN219_HUMAN.H11MO.0.D	0	0.00150298	1.15579	0.315694	12	ACGGGCGGAGGAAC	GAGGGGGGCGGA	+
115-ACGGGCGGAGGAAC	ZN263_HUMAN.H11MO.0.A	-2	0.00165044	1.26919	0.315694	12	ACGGGCGGAGGAAC	GGGAGGAGGGAGAGGAGGAG	+
115-ACGGGCGGAGGAAC	ZN263_HUMAN.H11MO.1.A	0	0.00184163	1.41622	0.315694	11	ACGGGCGGAGGAAC	GAGGGAGGAGG	+
115-ACGGGCGGAGGAAC	WT1_HUMAN.H11MO.0.C	1	0.00185989	1.43026	0.315694	14	ACGGGCGGAGGAAC	GGGCGGGGGAGGAGGGGGGG	+
115-ACGGGCGGAGGAAC	E2F7_HUMAN.H11MO.0.B	-1	0.00232065	1.78458	0.354511	13	ACGGGCGGAGGAAC	GGGGCGGGAAAGG	+
115-ACGGGCGGAGGAAC	WT1_HUMAN.H11MO.1.B	-3	0.00265333	2.04041	0.368485	11	ACGGGCGGAGGAAC	GTGGGAGGAGG	+
115-ACGGGCGGAGGAAC	SP3_HUMAN.H11MO.0.B	4	0.00314849	2.42119	0.388135	14	ACGGGCGGAGGAAC	GGGGGGGGGCGGGGCCGGGG	+
115-ACGGGCGGAGGAAC	SP4_HUMAN.H11MO.1.A	3	0.00330298	2.53999	0.388135	13	ACGGGCGGAGGAAC	GGAGGGGGCGGGGCCG	+
115-ACGGGCGGAGGAAC	KLF3_HUMAN.H11MO.0.B	4	0.00397817	3.05922	0.390773	14	ACGGGCGGAGGAAC	GGGGAGGGGCGGGGCCGGG	+
115-ACGGGCGGAGGAAC	ZN770_HUMAN.H11MO.0.C	8	0.0040171	3.08915	0.390773	14	ACGGGCGGAGGAAC	GGGAGGCTGAGGCGGGAGGATC	+
115-ACGGGCGGAGGAAC	SP1_HUMAN.H11MO.1.A	1	0.00409283	3.14739	0.390773	13	ACGGGCGGAGGAAC	GGGGGGCGGGGCCG	+
115-ACGGGCGGAGGAAC	KLF6_HUMAN.H11MO.0.A	2	0.00470651	3.61931	0.405845	14	ACGGGCGGAGGAAC	GGAAGGGCGGGGCCGGGGG	+
115-ACGGGCGGAGGAAC	MBD2_HUMAN.H11MO.0.B	0	0.00478203	3.67738	0.405845	11	ACGGGCGGAGGAAC	CGGGCCGGAGG	+
115-ACGGGCGGAGGAAC	KLF15_HUMAN.H11MO.0.A	-1	0.00555731	4.27357	0.446819	13	ACGGGCGGAGGAAC	GGGGAGGAGCAGGGGGGGG	+
116-AGGGTCGCGGAC	ZN219_HUMAN.H11MO.0.D	1	0.00050659	0.389568	0.448771	11	AGGGTCGCGGAC	GAGGGGGGCGGA	+
116-AGGGTCGCGGAC	MAZ_HUMAN.H11MO.1.A	1	0.000866413	0.666272	0.448771	10	AGGGTCGCGGAC	GAGGGAGGGGG	+
116-AGGGTCGCGGAC	ZBT7A_HUMAN.H11MO.0.A	1	0.000877452	0.674761	0.448771	8	AGGGTCGCGGAC	GGGGGTCTC	+
116-AGGGTCGCGGAC	SP1_HUMAN.H11MO.1.A	1	0.00125742	0.966953	0.482327	12	AGGGTCGCGGAC	GGGGGGCGGGGCCG	+
117-CAGGGCGCCCC	PRDM4_HUMAN.H11MO.0.D	3	3.723e-05	0.0286299	0.0571734	11	CAGGGCGCCCC	TTTCAAGGCCCCCCAC	-
117-CAGGGCGCCCC	PLAL1_HUMAN.H11MO.0.D	-2	0.000309967	0.238365	0.181134	9	CAGGGCGCCCC	GGGCCCCCCG	-
117-CAGGGCGCCCC	ZBT14_HUMAN.H11MO.0.C	-2	0.000500316	0.384743	0.192081	9	CAGGGCGCCCC	GCGCGCTCC	-
117-CAGGGCGCCCC	CTCFL_HUMAN.H11MO.0.A	-2	0.00155686	1.19723	0.421872	9	CAGGGCGCCCC	CGGCGCCCCCTGGCGGC	-
117-CAGGGCGCCCC	HIC1_HUMAN.H11MO.0.C	-2	0.00189293	1.45566	0.421872	9	CAGGGCGCCCC	GGGCAACCC	-
117-CAGGGCGCCCC	KLF13_HUMAN.H11MO.0.D	-3	0.0022596	1.73763	0.421872	8	CAGGGCGCCCC	CACGCCCCCCT	-
117-CAGGGCGCCCC	ESR2_HUMAN.H11MO.0.A	4	0.00246555	1.89601	0.421872	11	CAGGGCGCCCC	AGGTCAGGGTGACCT	-
118-CCGCGCGGGGCGGG	KLF12_HUMAN.H11MO.0.C	-5	4.29447e-05	0.0330245	0.0466532	9	CCGCGCGGGGCGGG	AGGGGCGGGGC	+
118-CCGCGCGGGGCGGG	KLF3_HUMAN.H11MO.0.B	-1	0.000138385	0.106418	0.0466532	13	CCGCGCGGGGCGGG	GGGGAGGGGCGGGGCCGGG	+
118-CCGCGCGGGGCGGG	SP3_HUMAN.H11MO.0.B	-1	0.000158206	0.121661	0.0466532	13	CCGCGCGGGGCGGG	GGGGGGGGGCGGGGCCGGGG	+
118-CCGCGCGGGGCGGG	SP1_HUMAN.H11MO.1.A	-4	0.000194963	0.149927	0.0466532	10	CCGCGCGGGGCGGG	GGGGGGCGGGGCCG	+
118-CCGCGCGGGGCGGG	SP1_HUMAN.H11MO.0.A	1	0.000223159	0.17161	0.0466532	14	CCGCGCGGGGCGGG	GGGGGGCGGGGCCGGGGGGGGG	+
118-CCGCGCGGGGCGGG	SP2_HUMAN.H11MO.0.A	0	0.000223159	0.17161	0.0466532	14	CCGCGCGGGGCGGG	GGGGGGGGGGCGGGGCCGGGGG	+
118-CCGCGCGGGGCGGG	GLIS2_HUMAN.H11MO.0.D	0	0.000232742	0.178978	0.0466532	14	CCGCGCGGGGCGGG	CTTCGCGGGGGGTC	+
118-CCGCGCGGGGCGGG	SALL4_HUMAN.H11MO.0.B	-4	0.000268548	0.206514	0.0466532	10	CCGCGCGGGGCGGG	GGAGGGTGGG	+
118-CCGCGCGGGGCGGG	AP2D_HUMAN.H11MO.0.D	-1	0.00027741	0.213328	0.0466532	13	CCGCGCGGGGCGGG	CGCCCGAGGCGCGT	+
118-CCGCGCGGGGCGGG	ZN219_HUMAN.H11MO.0.D	-2	0.000343882	0.264445	0.0520489	12	CCGCGCGGGGCGGG	GAGGGGGGCGGA	+
118-CCGCGCGGGGCGGG	SP2_HUMAN.H11MO.1.B	-4	0.000439669	0.338106	0.0604972	10	CCGCGCGGGGCGGG	AGGGGGCGGGGC	+
118-CCGCGCGGGGCGGG	SP4_HUMAN.H11MO.1.A	-2	0.000613398	0.471703	0.0712332	12	CCGCGCGGGGCGGG	GGAGGGGGCGGGGCCG	+
118-CCGCGCGGGGCGGG	KLF16_HUMAN.H11MO.0.D	0	0.000631313	0.485479	0.0712332	14	CCGCGCGGGGCGGG	GGGGGCGGGGGGGGGGGGG	+
118-CCGCGCGGGGCGGG	KLF9_HUMAN.H11MO.0.C	-2	0.000659483	0.507142	0.0712332	12	CCGCGCGGGGCGGG	GGAGGGGGCGTGGCC	+
118-CCGCGCGGGGCGGG	TBX15_HUMAN.H11MO.0.D	3	0.000705946	0.542873	0.0712332	14	CCGCGCGGGGCGGG	GGGGGGGGGGGGGTGGGGG	+
118-CCGCGCGGGGCGGG	KLF1_HUMAN.H11MO.0.A	-1	0.000814202	0.626122	0.0770219	13	CCGCGCGGGGCGGG	GGGGCGGGGCCGGG	+
118-CCGCGCGGGGCGGG	SP4_HUMAN.H11MO.0.A	0	0.00105789	0.813519	0.0941877	14	CCGCGCGGGGCGGG	GGGAAGGGGGCGGGGCCGGG	+
118-CCGCGCGGGGCGGG	KLF5_HUMAN.H11MO.0.A	-1	0.00125867	0.967914	0.105838	13	CCGCGCGGGGCGGG	AGGGTGGGGCTGGG	+
118-CCGCGCGGGGCGGG	ZN148_HUMAN.H11MO.0.D	0	0.00148488	1.14187	0.118287	14	CCGCGCGGGGCGGG	GGGGTGGGGGAGGGG	+
118-CCGCGCGGGGCGGG	KLF4_HUMAN.H11MO.0.A	-6	0.00171177	1.31635	0.129544	8	CCGCGCGGGGCGGG	AGGGTGTGGC	+
118-CCGCGCGGGGCGGG	TBX1_HUMAN.H11MO.0.D	3	0.00201332	1.54824	0.139921	14	CCGCGCGGGGCGGG	GGGTGGGCAGGGGTGGGCGG	+
118-CCGCGCGGGGCGGG	ZIC4_HUMAN.H11MO.0.D	3	0.00203378	1.56398	0.139921	12	CCGCGCGGGGCGGG	GCACAGCGGGGGGTC	+
118-CCGCGCGGGGCGGG	MAZ_HUMAN.H11MO.1.A	-5	0.00233086	1.79243	0.153387	9	CCGCGCGGGGCGGG	GAGGGAGGGGG	+
118-CCGCGCGGGGCGGG	KLF6_HUMAN.H11MO.0.A	2	0.00269396	2.07165	0.16576	14	CCGCGCGGGGCGGG	GGAAGGGCGGGGCCGGGGG	+
118-CCGCGCGGGGCGGG	KLF13_HUMAN.H11MO.0.D	-3	0.00277259	2.13212	0.16576	11	CCGCGCGGGGCGGG	AGGGGGGCGTG	+
118-CCGCGCGGGGCGGG	E2F1_HUMAN.H11MO.0.A	-4	0.00291721	2.24333	0.16576	10	CCGCGCGGGGCGGG	GGGGGGCGGGAAAG	+
118-CCGCGCGGGGCGGG	GLIS1_HUMAN.H11MO.0.D	0	0.003053	2.34775	0.16576	13	CCGCGCGGGGCGGG	TCGTGGGGGGTCT	+
118-CCGCGCGGGGCGGG	ZN281_HUMAN.H11MO.0.A	-1	0.00306646	2.3581	0.16576	13	CCGCGCGGGGCGGG	GGGTGGGGGAGGGGA	+
118-CCGCGCGGGGCGGG	KLF14_HUMAN.H11MO.0.D	-3	0.00321741	2.47419	0.167923	11	CCGCGCGGGGCGGG	AGGGGGGCGTGGC	+
118-CCGCGCGGGGCGGG	TFDP1_HUMAN.H11MO.0.C	-4	0.00339996	2.61457	0.171536	10	CCGCGCGGGGCGGG	GGGGGGCGGGAAAA	+
118-CCGCGCGGGGCGGG	E2F4_HUMAN.H11MO.0.A	-5	0.00396182	3.04664	0.193435	9	CCGCGCGGGGCGGG	GGGGGCGGGAAAT	+
118-CCGCGCGGGGCGGG	E2F6_HUMAN.H11MO.0.A	-6	0.00511963	3.93699	0.234815	8	CCGCGCGGGGCGGG	GGGGCGGGAAGGG	+
118-CCGCGCGGGGCGGG	ZN740_HUMAN.H11MO.0.D	0	0.00533775	4.10473	0.237619	14	CCGCGCGGGGCGGG	GGGGGGGGGGTGGG	+
118-CCGCGCGGGGCGGG	EGR1_HUMAN.H11MO.0.A	0	0.00660312	5.0778	0.269664	14	CCGCGCGGGGCGGG	GAGGGCGTGGGCGGGGG	+
118-CCGCGCGGGGCGGG	KLF15_HUMAN.H11MO.0.A	-1	0.00662819	5.09708	0.269664	13	CCGCGCGGGGCGGG	GGGGAGGAGCAGGGGGGGG	+
118-CCGCGCGGGGCGGG	ZSC22_HUMAN.H11MO.0.C	3	0.00665408	5.11698	0.269664	13	CCGCGCGGGGCGGG	GGTCTGAGGGAGGAGG	+
118-CCGCGCGGGGCGGG	E2F3_HUMAN.H11MO.0.A	-6	0.00677025	5.20632	0.269664	8	CCGCGCGGGGCGGG	AGGGCGGGAAA	+
118-CCGCGCGGGGCGGG	E2F7_HUMAN.H11MO.0.B	-1	0.00727889	5.59747	0.28249	13	CCGCGCGGGGCGGG	GGGGCGGGAAAGG	+
118-CCGCGCGGGGCGGG	CTCFL_HUMAN.H11MO.0.A	1	0.00879708	6.76496	0.313582	14	CCGCGCGGGGCGGG	GCCGCCAGGGGGCGCCG	+
118-CCGCGCGGGGCGGG	ZIC1_HUMAN.H11MO.0.B	-6	0.00884501	6.80181	0.313582	8	CCGCGCGGGGCGGG	GGGGTGGTC	+
118-CCGCGCGGGGCGGG	EGR2_HUMAN.H11MO.1.A	1	0.00886093	6.81406	0.313582	14	CCGCGCGGGGCGGG	GGGGCGTGGGCGGGGG	+
118-CCGCGCGGGGCGGG	GLIS3_HUMAN.H11MO.0.D	-2	0.00890877	6.85084	0.313582	10	CCGCGCGGGGCGGG	GTGGGGGGTA	+
118-CCGCGCGGGGCGGG	KLF8_HUMAN.H11MO.0.C	-5	0.00994331	7.6464	0.342043	9	CCGCGCGGGGCGGG	CAGGGGGTG	+
118-CCGCGCGGGGCGGG	CENPB_HUMAN.H11MO.0.D	1	0.0106178	8.16512	0.3545	14	CCGCGCGGGGCGGG	TTCGTACGATGCGGGTT	+
118-CCGCGCGGGGCGGG	SRBP2_HUMAN.H11MO.0.B	-2	0.0107739	8.28512	0.3545	12	CCGCGCGGGGCGGG	GGGTGGGGTGAGG	+
118-CCGCGCGGGGCGGG	ZN770_HUMAN.H11MO.0.C	6	0.0110993	8.53539	0.357438	14	CCGCGCGGGGCGGG	GGGAGGCTGAGGCGGGAGGATC	+
118-CCGCGCGGGGCGGG	PLAL1_HUMAN.H11MO.0.D	-3	0.0117249	9.01645	0.369717	10	CCGCGCGGGGCGGG	CGGGGGGCCC	+
118-CCGCGCGGGGCGGG	AP2B_HUMAN.H11MO.0.B	-2	0.0123782	9.51883	0.37913	10	CCGCGCGGGGCGGG	GCCCGGGGGC	+
118-CCGCGCGGGGCGGG	PATZ1_HUMAN.H11MO.1.C	-6	0.0125244	9.63125	0.37913	8	CCGCGCGGGGCGGG	AGGGAGGGG	+
118-CCGCGCGGGGCGGG	EGR4_HUMAN.H11MO.0.D	-5	0.0134384	10.3341	0.398822	9	CCGCGCGGGGCGGG	GGCGGCAGGGC	+
120-GGATSGGGAMGGCGG	ZN281_HUMAN.H11MO.0.A	0	0.000134301	0.103278	0.1314	15	GGATGGGGAAGGCGG	GGGTGGGGGAGGGGA	+
120-GGATSGGGAMGGCGG	TBX15_HUMAN.H11MO.0.D	1	0.000256973	0.197613	0.1314	15	GGATGGGGAAGGCGG	GGGGGGGGGGGGGTGGGGG	+
120-GGATSGGGAMGGCGG	ZN770_HUMAN.H11MO.0.C	4	0.000286876	0.220608	0.1314	15	GGATGGGGAAGGCGG	GGGAGGCTGAGGCGGGAGGATC	+
120-GGATSGGGAMGGCGG	PURA_HUMAN.H11MO.0.D	0	0.000499421	0.384055	0.1314	15	GGATGGGGAAGGCGG	GGAAGGGGGGGGCAGGG	+
120-GGATSGGGAMGGCGG	KLF16_HUMAN.H11MO.0.D	2	0.00052766	0.405771	0.1314	15	GGATGGGGAAGGCGG	GGGGGCGGGGGGGGGGGGG	+
120-GGATSGGGAMGGCGG	ZN467_HUMAN.H11MO.0.C	1	0.000666079	0.512215	0.1314	15	GGATGGGGAAGGCGG	GGGGAGGGGAGGGGGGGGGGGG	+
120-GGATSGGGAMGGCGG	KLF6_HUMAN.H11MO.0.A	4	0.000666519	0.512553	0.1314	15	GGATGGGGAAGGCGG	GGAAGGGCGGGGCCGGGGG	+
120-GGATSGGGAMGGCGG	ZN148_HUMAN.H11MO.0.D	1	0.000693328	0.533169	0.1314	14	GGATGGGGAAGGCGG	GGGGTGGGGGAGGGG	+
120-GGATSGGGAMGGCGG	PATZ1_HUMAN.H11MO.0.C	7	0.000944285	0.726155	0.145231	15	GGATGGGGAAGGCGG	GGGGAGGGGGCGGGGGGGGAGG	+
120-GGATSGGGAMGGCGG	TBX1_HUMAN.H11MO.0.D	5	0.000978369	0.752366	0.145231	15	GGATGGGGAAGGCGG	GGGTGGGCAGGGGTGGGCGG	+
120-GGATSGGGAMGGCGG	KLF15_HUMAN.H11MO.0.A	1	0.00111507	0.857488	0.145231	15	GGATGGGGAAGGCGG	GGGGAGGAGCAGGGGGGGG	+
120-GGATSGGGAMGGCGG	KLF5_HUMAN.H11MO.0.A	1	0.00114946	0.883936	0.145231	13	GGATGGGGAAGGCGG	AGGGTGGGGCTGGG	+
120-GGATSGGGAMGGCGG	MAZ_HUMAN.H11MO.0.A	3	0.00148764	1.14399	0.1735	15	GGATGGGGAAGGCGG	GGGGGAGGGGGGGGGGGGGGGG	+
120-GGATSGGGAMGGCGG	ZN263_HUMAN.H11MO.0.A	4	0.00171383	1.31793	0.17775	15	GGATGGGGAAGGCGG	GGGAGGAGGGAGAGGAGGAG	+
120-GGATSGGGAMGGCGG	VEZF1_HUMAN.H11MO.0.C	2	0.00175856	1.35233	0.17775	15	GGATGGGGAAGGCGG	GGGGAGGGGGGAGGGGGAGGGG	+
120-GGATSGGGAMGGCGG	ZSC22_HUMAN.H11MO.0.C	1	0.00218112	1.67728	0.205329	15	GGATGGGGAAGGCGG	GGTCTGAGGGAGGAGG	+
120-GGATSGGGAMGGCGG	TAF1_HUMAN.H11MO.0.A	1	0.00230226	1.77043	0.205329	15	GGATGGGGAAGGCGG	AAGATGGCGGCGGCGG	+
120-GGATSGGGAMGGCGG	EGR2_HUMAN.H11MO.0.A	1	0.00251431	1.9335	0.211783	15	GGATGGGGAAGGCGG	GGGGGGGTGTGGGAGGGG	+
120-GGATSGGGAMGGCGG	SP1_HUMAN.H11MO.0.A	3	0.00272484	2.09541	0.214592	15	GGATGGGGAAGGCGG	GGGGGGCGGGGCCGGGGGGGGG	+
120-GGATSGGGAMGGCGG	ZBT17_HUMAN.H11MO.0.A	2	0.00283073	2.17683	0.214592	15	GGATGGGGAAGGCGG	GAGGGTGGGGGAGGGGAAG	+
120-GGATSGGGAMGGCGG	WT1_HUMAN.H11MO.0.C	0	0.0036433	2.8017	0.263039	15	GGATGGGGAAGGCGG	GGGCGGGGGAGGAGGGGGGG	+
120-GGATSGGGAMGGCGG	SP3_HUMAN.H11MO.0.B	0	0.00383978	2.95279	0.264624	15	GGATGGGGAAGGCGG	GGGGGGGGGCGGGGCCGGGG	+
120-GGATSGGGAMGGCGG	MZF1_HUMAN.H11MO.0.B	-1	0.00477117	3.66903	0.284758	13	GGATGGGGAAGGCGG	GGAGGGGATTGGG	+
120-GGATSGGGAMGGCGG	TFDP1_HUMAN.H11MO.0.C	-6	0.00477977	3.67564	0.284758	9	GGATGGGGAAGGCGG	GGGGGGCGGGAAAA	+
120-GGATSGGGAMGGCGG	ZN219_HUMAN.H11MO.0.D	-4	0.00490837	3.77453	0.284758	11	GGATGGGGAAGGCGG	GAGGGGGGCGGA	+
120-GGATSGGGAMGGCGG	ZEP2_HUMAN.H11MO.0.D	0	0.00504739	3.88144	0.284758	14	GGATGGGGAAGGCGG	GGTAGGGAAACCCC	+
120-GGATSGGGAMGGCGG	MAZ_HUMAN.H11MO.1.A	-4	0.00507101	3.89961	0.284758	11	GGATGGGGAAGGCGG	GAGGGAGGGGG	+
120-GGATSGGGAMGGCGG	VEZF1_HUMAN.H11MO.1.C	-2	0.00553047	4.25293	0.299468	12	GGATGGGGAAGGCGG	AGGGGGAGGGGG	+
120-GGATSGGGAMGGCGG	KLF1_HUMAN.H11MO.0.A	1	0.00626439	4.81732	0.327511	13	GGATGGGGAAGGCGG	GGGGCGGGGCCGGG	+
120-GGATSGGGAMGGCGG	SP4_HUMAN.H11MO.1.A	-1	0.00801571	6.16408	0.393025	14	GGATGGGGAAGGCGG	GGAGGGGGCGGGGCCG	+
120-GGATSGGGAMGGCGG	ZIC1_HUMAN.H11MO.0.B	-4	0.0083194	6.39762	0.393025	9	GGATGGGGAAGGCGG	GGGGTGGTC	+
120-GGATSGGGAMGGCGG	ELF5_HUMAN.H11MO.0.A	1	0.00848158	6.52233	0.393025	14	GGATGGGGAAGGCGG	GGAAGGAGGAAGTGG	+
120-GGATSGGGAMGGCGG	SP2_HUMAN.H11MO.0.A	-2	0.00855438	6.57832	0.393025	13	GGATGGGGAAGGCGG	GGGGGGGGGGCGGGGCCGGGGG	+
120-GGATSGGGAMGGCGG	REL_HUMAN.H11MO.0.B	0	0.00938138	7.21428	0.403534	15	GGATGGGGAAGGCGG	TGAAGGGAAATTCCA	+
120-GGATSGGGAMGGCGG	E2F1_HUMAN.H11MO.0.A	-6	0.00956153	7.35281	0.403534	9	GGATGGGGAAGGCGG	GGGGGGCGGGAAAG	+
120-GGATSGGGAMGGCGG	EGR2_HUMAN.H11MO.1.A	1	0.00977785	7.51916	0.403534	15	GGATGGGGAAGGCGG	GGGGCGTGGGCGGGGG	+
120-GGATSGGGAMGGCGG	E2F4_HUMAN.H11MO.0.A	-7	0.00984773	7.5729	0.403534	8	GGATGGGGAAGGCGG	GGGGGCGGGAAAT	+
120-GGATSGGGAMGGCGG	SP4_HUMAN.H11MO.0.A	1	0.0111112	8.54448	0.443324	15	GGATGGGGAAGGCGG	GGGAAGGGGGCGGGGCCGGG	+
120-GGATSGGGAMGGCGG	ZBTB4_HUMAN.H11MO.1.D	0	0.0114544	8.80845	0.445301	15	GGATGGGGAAGGCGG	CAATAGCGGTGGTGG	+
120-GGATSGGGAMGGCGG	EGR1_HUMAN.H11MO.0.A	-1	0.0128735	9.89971	0.487957	14	GGATGGGGAAGGCGG	GAGGGCGTGGGCGGGGG	+
120-GGATSGGGAMGGCGG	KLF3_HUMAN.H11MO.0.B	6	0.0135859	10.4476	0.492994	13	GGATGGGGAAGGCGG	GGGGAGGGGCGGGGCCGGG	+
120-GGATSGGGAMGGCGG	SP2_HUMAN.H11MO.1.B	-6	0.0138422	10.6447	0.492994	9	GGATGGGGAAGGCGG	AGGGGGCGGGGC	+
120-GGATSGGGAMGGCGG	ZN341_HUMAN.H11MO.0.C	1	0.0139819	10.752	0.492994	15	GGATGGGGAAGGCGG	GGGGGGGGGGGGAGGGAAGAGC	+
120-GGATSGGGAMGGCGG	ZN740_HUMAN.H11MO.0.D	-2	0.0144168	11.0865	0.496776	13	GGATGGGGAAGGCGG	GGGGGGGGGGTGGG	+
120-GGATSGGGAMGGCGG	PATZ1_HUMAN.H11MO.1.C	-4	0.0147574	11.3484	0.497212	9	GGATGGGGAAGGCGG	AGGGAGGGG	+
121-CYCCASCCCCGGSCC	ZN148_HUMAN.H11MO.0.D	0	5.81375e-06	0.00447077	0.00871767	15	CCCCAGCCCCGGCCC	CCCCTCCCCCACCCC	-
121-CYCCASCCCCGGSCC	SP1_HUMAN.H11MO.0.A	5	1.70616e-05	0.0131204	0.0127919	15	CCCCAGCCCCGGCCC	CCCCCCCCCGGCCCCGCCCCCC	-
121-CYCCASCCCCGGSCC	ZN281_HUMAN.H11MO.0.A	1	4.29318e-05	0.0330145	0.0214586	14	CCCCAGCCCCGGCCC	TCCCCTCCCCCACCC	-
121-CYCCASCCCCGGSCC	SP2_HUMAN.H11MO.0.A	1	6.66713e-05	0.0512703	0.0245891	15	CCCCAGCCCCGGCCC	CCCCCGGCCCCGCCCCCCCCCC	-
121-CYCCASCCCCGGSCC	PATZ1_HUMAN.H11MO.0.C	6	8.19915e-05	0.0630515	0.0245891	15	CCCCAGCCCCGGCCC	CCTCCCCCCCCGCCCCCTCCCC	-
121-CYCCASCCCCGGSCC	SP3_HUMAN.H11MO.0.B	0	0.000109822	0.0844534	0.0255861	15	CCCCAGCCCCGGCCC	CCCCGGCCCCGCCCCCCCCC	-
121-CYCCASCCCCGGSCC	TBX15_HUMAN.H11MO.0.D	4	0.00013174	0.101308	0.0255861	15	CCCCAGCCCCGGCCC	CCCCCACCCCCCCCCCCCC	-
121-CYCCASCCCCGGSCC	KLF16_HUMAN.H11MO.0.D	3	0.000140749	0.108236	0.0255861	15	CCCCAGCCCCGGCCC	CCCCCCCCCCCCCGCCCCC	-
121-CYCCASCCCCGGSCC	EGR2_HUMAN.H11MO.0.A	0	0.000153568	0.118094	0.0255861	15	CCCCAGCCCCGGCCC	CCCCTCCCACACCCCCCC	-
121-CYCCASCCCCGGSCC	TBX1_HUMAN.H11MO.0.D	1	0.000199022	0.153048	0.0298431	15	CCCCAGCCCCGGCCC	CCGCCCACCCCTGCCCACCC	-
121-CYCCASCCCCGGSCC	KLF6_HUMAN.H11MO.0.A	1	0.000252716	0.194338	0.0344496	15	CCCCAGCCCCGGCCC	CCCCCGGCCCCGCCCTTCC	-
121-CYCCASCCCCGGSCC	KLF15_HUMAN.H11MO.0.A	4	0.000287122	0.220797	0.0354389	15	CCCCAGCCCCGGCCC	CCCCCCCCTGCTCCTCCCC	-
121-CYCCASCCCCGGSCC	EGR2_HUMAN.H11MO.1.A	1	0.000307241	0.236268	0.0354389	15	CCCCAGCCCCGGCCC	CCCCCGCCCACGCCCC	-
121-CYCCASCCCCGGSCC	KLF1_HUMAN.H11MO.0.A	-1	0.000471789	0.362806	0.0447129	14	CCCCAGCCCCGGCCC	CCCGGCCCCGCCCC	-
121-CYCCASCCCCGGSCC	SP4_HUMAN.H11MO.0.A	5	0.000484155	0.372316	0.0447129	15	CCCCAGCCCCGGCCC	CCCGGCCCCGCCCCCTTCCC	-
121-CYCCASCCCCGGSCC	EGR1_HUMAN.H11MO.0.A	1	0.000506148	0.389228	0.0447129	15	CCCCAGCCCCGGCCC	CCCCCGCCCACGCCCTC	-
121-CYCCASCCCCGGSCC	ZSC22_HUMAN.H11MO.0.C	1	0.000506918	0.38982	0.0447129	15	CCCCAGCCCCGGCCC	CCTCCTCCCTCAGACC	-
121-CYCCASCCCCGGSCC	ZBT17_HUMAN.H11MO.0.A	3	0.000773067	0.594488	0.0570537	15	CCCCAGCCCCGGCCC	CTTCCCCTCCCCCACCCTC	-
121-CYCCASCCCCGGSCC	AP2B_HUMAN.H11MO.0.B	-4	0.000780965	0.600562	0.0570537	10	CCCCAGCCCCGGCCC	GCCCCCGGGC	-
121-CYCCASCCCCGGSCC	WT1_HUMAN.H11MO.0.C	0	0.000789614	0.607213	0.0570537	15	CCCCAGCCCCGGCCC	CCCCCCCTCCTCCCCCGCCC	-
121-CYCCASCCCCGGSCC	AP2D_HUMAN.H11MO.0.D	-1	0.000837071	0.643707	0.0570537	14	CCCCAGCCCCGGCCC	ACGCGCCTCGGGCG	-
121-CYCCASCCCCGGSCC	SP1_HUMAN.H11MO.1.A	-3	0.000837071	0.643707	0.0570537	12	CCCCAGCCCCGGCCC	CGGCCCCGCCCCCC	-
121-CYCCASCCCCGGSCC	MAZ_HUMAN.H11MO.0.A	6	0.000885694	0.681099	0.0577431	15	CCCCAGCCCCGGCCC	CCCCCCCCCCCCCCCCTCCCCC	-
121-CYCCASCCCCGGSCC	KLF3_HUMAN.H11MO.0.B	-1	0.00104209	0.801363	0.0651083	14	CCCCAGCCCCGGCCC	CCCGGCCCCGCCCCTCCCC	-
121-CYCCASCCCCGGSCC	EGR4_HUMAN.H11MO.0.D	1	0.0010941	0.84136	0.0656235	10	CCCCAGCCCCGGCCC	GCCCTGCCGCC	-
121-CYCCASCCCCGGSCC	KLF8_HUMAN.H11MO.0.C	-3	0.00137841	1.06	0.0794969	9	CCCCAGCCCCGGCCC	CACCCCCTG	-
121-CYCCASCCCCGGSCC	ZBTB6_HUMAN.H11MO.0.C	3	0.00149987	1.1534	0.0822998	10	CCCCAGCCCCGGCCC	CGGCTCCAGCACC	-
121-CYCCASCCCCGGSCC	ZN219_HUMAN.H11MO.0.D	-1	0.00153678	1.18179	0.0822998	12	CCCCAGCCCCGGCCC	TCCGCCCCCCTC	-
121-CYCCASCCCCGGSCC	KLF5_HUMAN.H11MO.0.A	-1	0.00164406	1.26428	0.0837	14	CCCCAGCCCCGGCCC	CCCAGCCCCACCCT	-
121-CYCCASCCCCGGSCC	ZF64A_HUMAN.H11MO.0.D	0	0.00167457	1.28774	0.0837	15	CCCCAGCCCCGGCCC	CAGGTTCCCGGGCCCC	-
121-CYCCASCCCCGGSCC	ZN770_HUMAN.H11MO.0.C	4	0.0017982	1.38282	0.0869802	15	CCCCAGCCCCGGCCC	GATCCTCCCGCCTCAGCCTCCC	-
121-CYCCASCCCCGGSCC	KLF12_HUMAN.H11MO.0.C	0	0.00224649	1.72755	0.105269	11	CCCCAGCCCCGGCCC	GCCCCGCCCCT	-
121-CYCCASCCCCGGSCC	ZN467_HUMAN.H11MO.0.C	1	0.00239452	1.84138	0.107602	15	CCCCAGCCCCGGCCC	CCCCCCCCCCCCTCCCCTCCCC	-
121-CYCCASCCCCGGSCC	MECP2_HUMAN.H11MO.0.C	-6	0.00243981	1.87621	0.107602	7	CCCCAGCCCCGGCCC	CTCCGGG	-
121-CYCCASCCCCGGSCC	VEZF1_HUMAN.H11MO.0.C	6	0.00268138	2.06198	0.111802	15	CCCCAGCCCCGGCCC	CCCCTCCCCCTCCCCCCTCCCC	-
121-CYCCASCCCCGGSCC	SP2_HUMAN.H11MO.1.B	1	0.00268416	2.06412	0.111802	11	CCCCAGCCCCGGCCC	GCCCCGCCCCCT	-
121-CYCCASCCCCGGSCC	SALL4_HUMAN.H11MO.0.B	-1	0.00283489	2.18003	0.114192	10	CCCCAGCCCCGGCCC	CCCACCCTCC	-
121-CYCCASCCCCGGSCC	MAZ_HUMAN.H11MO.1.A	1	0.00289383	2.22536	0.114192	10	CCCCAGCCCCGGCCC	CCCCCTCCCTC	-
121-CYCCASCCCCGGSCC	SP4_HUMAN.H11MO.1.A	3	0.00312442	2.40268	0.117782	13	CCCCAGCCCCGGCCC	CGGCCCCGCCCCCTCC	-
121-CYCCASCCCCGGSCC	ZN740_HUMAN.H11MO.0.D	-2	0.00314191	2.41613	0.117782	13	CCCCAGCCCCGGCCC	CCCACCCCCCCCCC	-
121-CYCCASCCCCGGSCC	ZFX_HUMAN.H11MO.1.A	0	0.00430864	3.31334	0.155666	15	CCCCAGCCCCGGCCC	CCCCGGCCTCCGCCCCC	-
121-CYCCASCCCCGGSCC	ZN524_HUMAN.H11MO.0.D	1	0.00436012	3.35294	0.155666	15	CCCCAGCCCCGGCCC	ACTCGAACCCTCGAACCC	-
121-CYCCASCCCCGGSCC	GLIS3_HUMAN.H11MO.0.D	-3	0.00502931	3.86754	0.175382	10	CCCCAGCCCCGGCCC	TACCCCCCAC	-
121-CYCCASCCCCGGSCC	ARNT2_HUMAN.H11MO.0.D	-1	0.0061432	4.72412	0.209356	12	CCCCAGCCCCGGCCC	GCCTCCCACGCC	-
121-CYCCASCCCCGGSCC	RREB1_HUMAN.H11MO.0.D	6	0.00644339	4.95497	0.214707	15	CCCCAGCCCCGGCCC	ACCCCAAACCACCCCCCCCCCC	-
121-CYCCASCCCCGGSCC	SRBP2_HUMAN.H11MO.0.B	0	0.00727689	5.59593	0.23721	13	CCCCAGCCCCGGCCC	CCTCACCCCACCC	-
121-CYCCASCCCCGGSCC	PLAG1_HUMAN.H11MO.0.D	0	0.00774054	5.95247	0.246955	15	CCCCAGCCCCGGCCC	CCCCTCCTGATGCCCCC	-
121-CYCCASCCCCGGSCC	AP2C_HUMAN.H11MO.0.A	-3	0.00811618	6.24134	0.253545	12	CCCCAGCCCCGGCCC	TGGCCTCAGGGCAT	-
121-CYCCASCCCCGGSCC	KLF9_HUMAN.H11MO.0.C	1	0.00843318	6.48512	0.258071	14	CCCCAGCCCCGGCCC	GGCCACGCCCCCTCC	-
121-CYCCASCCCCGGSCC	ZN341_HUMAN.H11MO.0.C	7	0.00930791	7.15778	0.279143	15	CCCCAGCCCCGGCCC	GCTCTTCCCTCCCCCCCCCCCC	-
121-CYCCASCCCCGGSCC	ZN320_HUMAN.H11MO.0.C	1	0.0102461	7.87925	0.301254	15	CCCCAGCCCCGGCCC	CACTGGCCCCCTGGTCCCAC	-
121-CYCCASCCCCGGSCC	ELK4_HUMAN.H11MO.0.A	-2	0.0107843	8.29314	0.310981	12	CCCCAGCCCCGGCCC	CCACTTCCGGTC	-
121-CYCCASCCCCGGSCC	ZN770_HUMAN.H11MO.1.C	-1	0.0114222	8.78371	0.317177	11	CCCCAGCCCCGGCCC	CTCAGCCTCCC	-
121-CYCCASCCCCGGSCC	MBD2_HUMAN.H11MO.0.B	-5	0.0114222	8.78371	0.317177	10	CCCCAGCCCCGGCCC	CCTCCGGCCCC	-
121-CYCCASCCCCGGSCC	PATZ1_HUMAN.H11MO.1.C	0	0.0124595	9.58134	0.333623	9	CCCCAGCCCCGGCCC	CCCCTCCCT	-
121-CYCCASCCCCGGSCC	ZIC1_HUMAN.H11MO.0.B	0	0.0124595	9.58134	0.333623	9	CCCCAGCCCCGGCCC	GACCACCCC	-
121-CYCCASCCCCGGSCC	KLF4_HUMAN.H11MO.0.A	-1	0.0131676	10.1259	0.346399	10	CCCCAGCCCCGGCCC	GCCACACCCT	-
121-CYCCASCCCCGGSCC	HEN1_HUMAN.H11MO.0.C	4	0.0138871	10.6792	0.348655	15	CCCCAGCCCCGGCCC	TGGGGAGCAGCTGCGTCCCT	+
121-CYCCASCCCCGGSCC	E2F7_HUMAN.H11MO.0.B	-2	0.0139263	10.7093	0.348655	13	CCCCAGCCCCGGCCC	CCTTTCCCGCCCC	-
121-CYCCASCCCCGGSCC	ZFX_HUMAN.H11MO.0.A	-2	0.0139509	10.7283	0.348655	10	CCCCAGCCCCGGCCC	CCAGGCCCCG	+
121-CYCCASCCCCGGSCC	ETS1_HUMAN.H11MO.0.A	-2	0.0146791	11.2882	0.36084	13	CCCCAGCCCCGGCCC	CCACTTCCTGTCT	-
121-CYCCASCCCCGGSCC	ZKSC3_HUMAN.H11MO.0.D	-2	0.0151164	11.6245	0.365596	11	CCCCAGCCCCGGCCC	CTAGCCTCGAA	-
121-CYCCASCCCCGGSCC	MZF1_HUMAN.H11MO.0.B	0	0.0154692	11.8958	0.368189	13	CCCCAGCCCCGGCCC	CCCAATCCCCTCC	-
121-CYCCASCCCCGGSCC	TEAD2_HUMAN.H11MO.0.D	0	0.015768	12.1256	0.369438	12	CCCCAGCCCCGGCCC	CCACATTCCAGG	+
121-CYCCASCCCCGGSCC	ASCL1_HUMAN.H11MO.0.A	0	0.0160868	12.3708	0.370286	14	CCCCAGCCCCGGCCC	CTGCACCTGCTCCC	+
121-CYCCASCCCCGGSCC	E2F4_HUMAN.H11MO.0.A	-3	0.0162981	12.5332	0.370286	12	CCCCAGCCCCGGCCC	ATTTCCCGCCCCC	-
121-CYCCASCCCCGGSCC	GSC2_HUMAN.H11MO.0.D	0	0.0168789	12.9799	0.377758	11	CCCCAGCCCCGGCCC	CCTAATCCGCT	-
121-CYCCASCCCCGGSCC	GLIS1_HUMAN.H11MO.0.D	-2	0.0171676	13.2019	0.37857	13	CCCCAGCCCCGGCCC	AGACCCCCCACGA	-
121-CYCCASCCCCGGSCC	PROX1_HUMAN.H11MO.0.D	0	0.0174233	13.3985	0.378639	15	CCCCAGCCCCGGCCC	CCCAACCCGCCTTACCC	-
121-CYCCASCCCCGGSCC	KLF14_HUMAN.H11MO.0.D	-1	0.0180795	13.9032	0.387287	13	CCCCAGCCCCGGCCC	GCCACGCCCCCCT	-
121-CYCCASCCCCGGSCC	BHE41_HUMAN.H11MO.0.D	1	0.0196272	15.0933	0.414519	15	CCCCAGCCCCGGCCC	GCCTCTGCACGTGACCCGGT	-
121-CYCCASCCCCGGSCC	VEZF1_HUMAN.H11MO.1.C	0	0.0205375	15.7934	0.427721	12	CCCCAGCCCCGGCCC	CCCCCTCCCCCT	-
121-CYCCASCCCCGGSCC	AP2A_HUMAN.H11MO.0.A	-2	0.0210843	16.2138	0.433092	13	CCCCAGCCCCGGCCC	ATGGCCTCAGGGCAT	-
121-CYCCASCCCCGGSCC	GLIS2_HUMAN.H11MO.0.D	-3	0.0217939	16.7595	0.441618	12	CCCCAGCCCCGGCCC	GACCCCCCGCGAAG	-
121-CYCCASCCCCGGSCC	PURA_HUMAN.H11MO.0.D	-1	0.0222276	17.0931	0.444402	14	CCCCAGCCCCGGCCC	CCCTGCCCCCCCCTTCC	-
121-CYCCASCCCCGGSCC	ZN449_HUMAN.H11MO.0.C	2	0.0233526	17.9582	0.460751	9	CCCCAGCCCCGGCCC	AAGCCCAACCA	-
121-CYCCASCCCCGGSCC	THAP1_HUMAN.H11MO.0.C	3	0.0240693	18.5093	0.462715	15	CCCCAGCCCCGGCCC	CGCCGCCATCTTGGCTGCGGGC	+
121-CYCCASCCCCGGSCC	ZIC4_HUMAN.H11MO.0.D	-3	0.0244104	18.7716	0.463332	12	CCCCAGCCCCGGCCC	GACCCCCCGCTGTGC	-
121-CYCCASCCCCGGSCC	ZN263_HUMAN.H11MO.0.A	0	0.0249824	19.2114	0.468261	15	CCCCAGCCCCGGCCC	CTCCTCCTCTCCCTCCTCCC	-
121-CYCCASCCCCGGSCC	MESP1_HUMAN.H11MO.0.D	-2	0.0259677	19.9691	0.474858	11	CCCCAGCCCCGGCCC	TCCACACCTGC	-
121-CYCCASCCCCGGSCC	RHXF1_HUMAN.H11MO.0.D	0	0.0259677	19.9691	0.474858	11	CCCCAGCCCCGGCCC	GTTAATCCCCG	-
121-CYCCASCCCCGGSCC	BHA15_HUMAN.H11MO.0.B	-2	0.0273724	21.0494	0.488627	11	CCCCAGCCCCGGCCC	CCAGCTGCTGC	-
121-CYCCASCCCCGGSCC	ELK1_HUMAN.H11MO.0.B	-2	0.0273724	21.0494	0.488627	11	CCCCAGCCCCGGCCC	CCACTTCCGGT	-
121-CYCCASCCCCGGSCC	MYBA_HUMAN.H11MO.0.D	1	0.0282099	21.6934	0.497653	14	CCCCAGCCCCGGCCC	TCTCCAACTGCCACT	-
122-CCGCTGCTGCCG	BHA15_HUMAN.H11MO.0.B	1	0.00011885	0.0913954	0.0916483	10	CCGCTGCTGCCG	CCAGCTGCTGC	-
122-CCGCTGCTGCCG	ZN563_HUMAN.H11MO.1.C	-1	0.000120145	0.0923915	0.0916483	11	CCGCTGCTGCCG	CTGTGCTGCCTG	-
122-CCGCTGCTGCCG	OSR2_HUMAN.H11MO.0.C	4	0.000205586	0.158095	0.104549	12	CCGCTGCTGCCG	GCTGCTGCTTCTGCTG	+
122-CCGCTGCTGCCG	MYOD1_HUMAN.H11MO.0.A	1	0.00066008	0.507602	0.205683	12	CCGCTGCTGCCG	GCAGCTGTTCCTGCC	+
122-CCGCTGCTGCCG	PTF1A_HUMAN.H11MO.1.B	1	0.000728339	0.560092	0.205683	8	CCGCTGCTGCCG	CCAGCTGCT	-
122-CCGCTGCTGCCG	HEN1_HUMAN.H11MO.0.C	7	0.000841035	0.646756	0.205683	12	CCGCTGCTGCCG	AGGGACGCAGCTGCTCCCCA	-
122-CCGCTGCTGCCG	ZSC31_HUMAN.H11MO.0.C	7	0.000992744	0.76342	0.205683	11	CCGCTGCTGCCG	CATAACTGCCCTGCTGCC	-
122-CCGCTGCTGCCG	MYOD1_HUMAN.H11MO.1.A	2	0.00107855	0.829405	0.205683	9	CCGCTGCTGCCG	GACAGCTGCAG	-
122-CCGCTGCTGCCG	ASCL2_HUMAN.H11MO.0.D	1	0.00151969	1.16865	0.231849	8	CCGCTGCTGCCG	CCAGCTGCT	+
122-CCGCTGCTGCCG	PTF1A_HUMAN.H11MO.0.B	1	0.00211384	1.62554	0.236161	12	CCGCTGCTGCCG	CCAGCTGCCCCCTTTCCC	+
122-CCGCTGCTGCCG	ASCL1_HUMAN.H11MO.0.A	3	0.00211495	1.6264	0.236161	11	CCGCTGCTGCCG	CTGCACCTGCTCCC	+
122-CCGCTGCTGCCG	MYOG_HUMAN.H11MO.0.B	0	0.00219692	1.68943	0.236161	12	CCGCTGCTGCCG	CCGCAGCTGTCCC	+
122-CCGCTGCTGCCG	TAL1_HUMAN.H11MO.1.A	2	0.00231472	1.78002	0.236161	12	CCGCTGCTGCCG	CACATCTGCTTCCTG	-
122-CCGCTGCTGCCG	MYF6_HUMAN.H11MO.0.C	0	0.00232193	1.78557	0.236161	7	CCGCTGCTGCCG	CAGCTGC	+
122-CCGCTGCTGCCG	ITF2_HUMAN.H11MO.0.C	-1	0.0028346	2.17981	0.249219	10	CCGCTGCTGCCG	CCCAGCTGCC	-
122-CCGCTGCTGCCG	ZIC4_HUMAN.H11MO.0.D	6	0.00294039	2.26116	0.249219	9	CCGCTGCTGCCG	GACCCCCCGCTGTGC	-
122-CCGCTGCTGCCG	TAF1_HUMAN.H11MO.0.A	0	0.00370615	2.85003	0.29759	12	CCGCTGCTGCCG	CCGCCGCCGCCATCTT	-
122-CCGCTGCTGCCG	TFAP4_HUMAN.H11MO.0.A	1	0.00501521	3.8567	0.36435	9	CCGCTGCTGCCG	CCAGCTGTTT	+
122-CCGCTGCTGCCG	RFX5_HUMAN.H11MO.0.A	2	0.00538701	4.14261	0.369296	12	CCGCTGCTGCCG	GTCAGCTGTTGCTAGGCAGA	+
122-CCGCTGCTGCCG	OLIG2_HUMAN.H11MO.0.B	1	0.00579903	4.45946	0.369296	12	CCGCTGCTGCCG	CCAGCTGTTTCCCTTCTG	+
122-CCGCTGCTGCCG	TFE2_HUMAN.H11MO.0.A	2	0.00587445	4.51745	0.369296	9	CCGCTGCTGCCG	CACAGCTGCAG	+
122-CCGCTGCTGCCG	LYL1_HUMAN.H11MO.0.A	1	0.00605153	4.65363	0.369296	12	CCGCTGCTGCCG	CCAGCTGTTTCCTG	+
122-CCGCTGCTGCCG	RFX1_HUMAN.H11MO.0.B	1	0.00681387	5.23987	0.399825	12	CCGCTGCTGCCG	GCCCCGGTTGCCATGGCGACGG	+
122-CCGCTGCTGCCG	ZIC2_HUMAN.H11MO.0.D	3	0.00824085	6.33721	0.449017	12	CCGCTGCTGCCG	GGCCCCCTGCTGTGA	+
122-CCGCTGCTGCCG	NRL_HUMAN.H11MO.0.D	-4	0.00935801	7.19631	0.484436	8	CCGCTGCTGCCG	TGCTGACGCAG	+
122-CCGCTGCTGCCG	Z324A_HUMAN.H11MO.0.C	11	0.00978935	7.52801	0.484436	12	CCGCTGCTGCCG	TATCAAACCATCCTTTGCTGCCA	+
122-CCGCTGCTGCCG	CTCF_HUMAN.H11MO.0.A	6	0.0101697	7.82046	0.484847	12	CCGCTGCTGCCG	TGGCGCCCCCTGGTGGCCA	-
123-GGGCGCGGACTC	SP1_HUMAN.H11MO.1.A	3	0.000456305	0.350898	0.391793	11	GGGCGCGGACTC	GGGGGGCGGGGCCG	+
123-GGGCGCGGACTC	ZN219_HUMAN.H11MO.0.D	3	0.000833948	0.641306	0.391793	9	GGGCGCGGACTC	GAGGGGGGCGGA	+
123-GGGCGCGGACTC	KLF1_HUMAN.H11MO.0.A	1	0.001243	0.955871	0.391793	12	GGGCGCGGACTC	GGGGCGGGGCCGGG	+
123-GGGCGCGGACTC	E2F2_HUMAN.H11MO.0.B	-1	0.00137988	1.06112	0.391793	10	GGGCGCGGACTC	GGCGCGAAAC	+
123-GGGCGCGGACTC	SP1_HUMAN.H11MO.0.A	3	0.00146176	1.12409	0.391793	12	GGGCGCGGACTC	GGGGGGCGGGGCCGGGGGGGGG	+
123-GGGCGCGGACTC	KLF12_HUMAN.H11MO.0.C	2	0.00190702	1.4665	0.391793	9	GGGCGCGGACTC	AGGGGCGGGGC	+
123-GGGCGCGGACTC	KLF3_HUMAN.H11MO.0.B	6	0.002026	1.558	0.391793	12	GGGCGCGGACTC	GGGGAGGGGCGGGGCCGGG	+
123-GGGCGCGGACTC	KLF4_HUMAN.H11MO.0.A	1	0.00217463	1.67229	0.391793	9	GGGCGCGGACTC	AGGGTGTGGC	+
123-GGGCGCGGACTC	KLF14_HUMAN.H11MO.0.D	4	0.00261587	2.0116	0.391793	9	GGGCGCGGACTC	AGGGGGGCGTGGC	+
123-GGGCGCGGACTC	KLF9_HUMAN.H11MO.0.C	5	0.00294554	2.26512	0.391793	10	GGGCGCGGACTC	GGAGGGGGCGTGGCC	+
123-GGGCGCGGACTC	ZBT14_HUMAN.H11MO.0.C	-2	0.00307359	2.36359	0.391793	9	GGGCGCGGACTC	GCGCGCTCC	-
123-GGGCGCGGACTC	E2F4_HUMAN.H11MO.1.A	-1	0.00358	2.75302	0.417881	11	GGGCGCGGACTC	GGCGGGAAATTTGA	+
123-GGGCGCGGACTC	KLF13_HUMAN.H11MO.0.D	4	0.00393633	3.02704	0.417881	7	GGGCGCGGACTC	AGGGGGGCGTG	+
123-GGGCGCGGACTC	SP2_HUMAN.H11MO.0.A	7	0.00431287	3.3166	0.417881	12	GGGCGCGGACTC	GGGGGGGGGGCGGGGCCGGGGG	+
123-GGGCGCGGACTC	E2F4_HUMAN.H11MO.0.A	2	0.00437101	3.3613	0.417881	11	GGGCGCGGACTC	GGGGGCGGGAAAT	+
123-GGGCGCGGACTC	SP4_HUMAN.H11MO.1.A	5	0.00549151	4.22297	0.494122	11	GGGCGCGGACTC	GGAGGGGGCGGGGCCG	+
126-CTGCCACCGCYGC	XBP1_HUMAN.H11MO.0.D	-2	0.00115654	0.889379	0.446657	11	CTGCCACCGCCGC	GCCACGTCAGC	-
126-CTGCCACCGCYGC	SP2_HUMAN.H11MO.0.A	9	0.00130219	1.00139	0.446657	13	CTGCCACCGCCGC	CCCCCGGCCCCGCCCCCCCCCC	-
126-CTGCCACCGCYGC	TBX3_HUMAN.H11MO.0.C	0	0.00167148	1.28537	0.446657	11	CTGCCACCGCCGC	TTCCCACCTCC	-
126-CTGCCACCGCYGC	NFIB_HUMAN.H11MO.0.D	0	0.00214902	1.6526	0.446657	9	CTGCCACCGCCGC	CTGCCAGGG	-
126-CTGCCACCGCYGC	TBX1_HUMAN.H11MO.0.D	1	0.002452	1.88559	0.446657	13	CTGCCACCGCCGC	CCGCCCACCCCTGCCCACCC	-
126-CTGCCACCGCYGC	EGR4_HUMAN.H11MO.0.D	3	0.00254086	1.95392	0.446657	8	CTGCCACCGCCGC	GCCCTGCCGCC	-
126-CTGCCACCGCYGC	ARNT2_HUMAN.H11MO.0.D	2	0.00266468	2.04914	0.446657	10	CTGCCACCGCCGC	GCCTCCCACGCC	-
126-CTGCCACCGCYGC	TAF1_HUMAN.H11MO.0.A	0	0.00288362	2.2175	0.446657	13	CTGCCACCGCCGC	CCGCCGCCGCCATCTT	-
126-CTGCCACCGCYGC	EGR1_HUMAN.H11MO.0.A	3	0.00336322	2.58632	0.446657	13	CTGCCACCGCCGC	CCCCCGCCCACGCCCTC	-
126-CTGCCACCGCYGC	ZN148_HUMAN.H11MO.0.D	2	0.00355385	2.73291	0.446657	13	CTGCCACCGCCGC	CCCCTCCCCCACCCC	-
126-CTGCCACCGCYGC	ZN770_HUMAN.H11MO.0.C	4	0.0039137	3.00964	0.446657	13	CTGCCACCGCCGC	GATCCTCCCGCCTCAGCCTCCC	-
126-CTGCCACCGCYGC	TBX15_HUMAN.H11MO.0.D	0	0.00409025	3.1454	0.446657	13	CTGCCACCGCCGC	CCCCCACCCCCCCCCCCCC	-
126-CTGCCACCGCYGC	THAP1_HUMAN.H11MO.0.C	2	0.00437469	3.36413	0.446657	13	CTGCCACCGCCGC	CGCCGCCATCTTGGCTGCGGGC	+
126-CTGCCACCGCYGC	TBX20_HUMAN.H11MO.0.D	2	0.00445154	3.42323	0.446657	12	CTGCCACCGCCGC	ACCTGTCAGCACCT	-
126-CTGCCACCGCYGC	EGR2_HUMAN.H11MO.1.A	3	0.00473298	3.63966	0.446657	13	CTGCCACCGCCGC	CCCCCGCCCACGCCCC	-
126-CTGCCACCGCYGC	NFIC_HUMAN.H11MO.1.A	0	0.00484818	3.72825	0.446657	9	CTGCCACCGCCGC	CTGCCAAGA	-
126-CTGCCACCGCYGC	MYBA_HUMAN.H11MO.0.D	1	0.00520283	4.00098	0.446657	13	CTGCCACCGCCGC	TCTCCAACTGCCACT	-
126-CTGCCACCGCYGC	CXXC1_HUMAN.H11MO.0.D	-2	0.00535347	4.11682	0.446657	7	CTGCCACCGCCGC	GCCAACG	-
126-CTGCCACCGCYGC	ZN547_HUMAN.H11MO.0.C	-1	0.00596599	4.58785	0.446657	12	CTGCCACCGCCGC	TGCTAATGCAGCAGGCATAC	+
126-CTGCCACCGCYGC	NFIA_HUMAN.H11MO.1.D	-1	0.00613127	4.71495	0.446657	7	CTGCCACCGCCGC	TGCCAAG	-
126-CTGCCACCGCYGC	SP4_HUMAN.H11MO.0.A	1	0.00629587	4.84152	0.446657	13	CTGCCACCGCCGC	CCCGGCCCCGCCCCCTTCCC	-
126-CTGCCACCGCYGC	ZFX_HUMAN.H11MO.1.A	3	0.00645437	4.96341	0.446657	13	CTGCCACCGCCGC	CCCCGGCCTCCGCCCCC	-
126-CTGCCACCGCYGC	PATZ1_HUMAN.H11MO.0.C	9	0.00795152	6.11472	0.490989	13	CTGCCACCGCCGC	CCTCCCCCCCCGCCCCCTCCCC	-
126-CTGCCACCGCYGC	ZN740_HUMAN.H11MO.0.D	1	0.00800419	6.15522	0.490989	13	CTGCCACCGCCGC	CCCACCCCCCCCCC	-
126-CTGCCACCGCYGC	ZN770_HUMAN.H11MO.1.C	2	0.00834269	6.41553	0.490989	9	CTGCCACCGCCGC	CTCAGCCTCCC	-
126-CTGCCACCGCYGC	SP1_HUMAN.H11MO.0.A	7	0.00838498	6.44805	0.490989	13	CTGCCACCGCCGC	CCCCCCCCCGGCCCCGCCCCCC	-
127-ACCGGCCCCGCCYCY	SP1_HUMAN.H11MO.0.A	6	2.37812e-08	1.82878e-05	3.55882e-05	15	ACCGGCCCCGCCTCT	CCCCCCCCCGGCCCCGCCCCCC	-
127-ACCGGCCCCGCCYCY	SP1_HUMAN.H11MO.1.A	-2	7.22616e-08	5.55692e-05	5.40691e-05	13	ACCGGCCCCGCCTCT	CGGCCCCGCCCCCC	-
127-ACCGGCCCCGCCYCY	SP2_HUMAN.H11MO.0.A	2	2.79968e-07	0.000215296	0.000139656	15	ACCGGCCCCGCCTCT	CCCCCGGCCCCGCCCCCCCCCC	-
127-ACCGGCCCCGCCYCY	SP4_HUMAN.H11MO.0.A	0	1.19431e-06	0.000918426	0.000418742	15	ACCGGCCCCGCCTCT	CCCGGCCCCGCCCCCTTCCC	-
127-ACCGGCCCCGCCYCY	KLF12_HUMAN.H11MO.0.C	-4	1.39909e-06	0.0010759	0.000418742	11	ACCGGCCCCGCCTCT	GCCCCGCCCCT	-
127-ACCGGCCCCGCCYCY	SP3_HUMAN.H11MO.0.B	1	2.37125e-06	0.00182349	0.000522479	15	ACCGGCCCCGCCTCT	CCCCGGCCCCGCCCCCCCCC	-
127-ACCGGCCCCGCCYCY	SP2_HUMAN.H11MO.1.B	-4	2.44397e-06	0.00187941	0.000522479	11	ACCGGCCCCGCCTCT	GCCCCGCCCCCT	-
127-ACCGGCCCCGCCYCY	KLF3_HUMAN.H11MO.0.B	0	5.00141e-06	0.00384609	0.000935566	15	ACCGGCCCCGCCTCT	CCCGGCCCCGCCCCTCCCC	-
127-ACCGGCCCCGCCYCY	KLF1_HUMAN.H11MO.0.A	0	6.92113e-06	0.00532235	0.00107512	14	ACCGGCCCCGCCTCT	CCCGGCCCCGCCCC	-
127-ACCGGCCCCGCCYCY	SP4_HUMAN.H11MO.1.A	-2	7.18434e-06	0.00552475	0.00107512	13	ACCGGCCCCGCCTCT	CGGCCCCGCCCCCTCC	-
127-ACCGGCCCCGCCYCY	KLF6_HUMAN.H11MO.0.A	2	3.02356e-05	0.0232511	0.00411336	15	ACCGGCCCCGCCTCT	CCCCCGGCCCCGCCCTTCC	-
127-ACCGGCCCCGCCYCY	KLF16_HUMAN.H11MO.0.D	4	4.48382e-05	0.0344806	0.00559163	15	ACCGGCCCCGCCTCT	CCCCCCCCCCCCCGCCCCC	-
127-ACCGGCCCCGCCYCY	KLF5_HUMAN.H11MO.0.A	0	8.23615e-05	0.063336	0.00948097	14	ACCGGCCCCGCCTCT	CCCAGCCCCACCCT	-
127-ACCGGCCCCGCCYCY	KLF15_HUMAN.H11MO.0.A	5	9.64287e-05	0.0741537	0.0103074	14	ACCGGCCCCGCCTCT	CCCCCCCCTGCTCCTCCCC	-
127-ACCGGCCCCGCCYCY	EGR1_HUMAN.H11MO.0.A	2	0.000115954	0.0891683	0.0112101	15	ACCGGCCCCGCCTCT	CCCCCGCCCACGCCCTC	-
127-ACCGGCCCCGCCYCY	E2F7_HUMAN.H11MO.0.B	-1	0.000119856	0.0921692	0.0112101	13	ACCGGCCCCGCCTCT	CCTTTCCCGCCCC	-
127-ACCGGCCCCGCCYCY	EGR4_HUMAN.H11MO.0.D	-4	0.000127746	0.0982368	0.0112453	11	ACCGGCCCCGCCTCT	GCCCTGCCGCC	-
127-ACCGGCCCCGCCYCY	MAZ_HUMAN.H11MO.1.A	-4	0.000166055	0.127696	0.0138055	11	ACCGGCCCCGCCTCT	CCCCCTCCCTC	-
127-ACCGGCCCCGCCYCY	TBX15_HUMAN.H11MO.0.D	1	0.000201526	0.154973	0.0156699	15	ACCGGCCCCGCCTCT	CCCCCACCCCCCCCCCCCC	-
127-ACCGGCCCCGCCYCY	KLF9_HUMAN.H11MO.0.C	-3	0.000209424	0.161047	0.0156699	12	ACCGGCCCCGCCTCT	GGCCACGCCCCCTCC	-
127-ACCGGCCCCGCCYCY	E2F4_HUMAN.H11MO.0.A	-2	0.000222575	0.171161	0.015861	13	ACCGGCCCCGCCTCT	ATTTCCCGCCCCC	-
127-ACCGGCCCCGCCYCY	ZN740_HUMAN.H11MO.0.D	-1	0.000263505	0.202636	0.0179241	14	ACCGGCCCCGCCTCT	CCCACCCCCCCCCC	-
127-ACCGGCCCCGCCYCY	PATZ1_HUMAN.H11MO.0.C	2	0.000317205	0.243931	0.0206388	15	ACCGGCCCCGCCTCT	CCTCCCCCCCCGCCCCCTCCCC	-
127-ACCGGCCCCGCCYCY	WT1_HUMAN.H11MO.0.C	1	0.000345878	0.26598	0.021349	15	ACCGGCCCCGCCTCT	CCCCCCCTCCTCCCCCGCCC	-
127-ACCGGCCCCGCCYCY	EGR2_HUMAN.H11MO.0.A	1	0.000356652	0.274266	0.021349	15	ACCGGCCCCGCCTCT	CCCCTCCCACACCCCCCC	-
127-ACCGGCCCCGCCYCY	ZN148_HUMAN.H11MO.0.D	0	0.000423358	0.325562	0.0243672	15	ACCGGCCCCGCCTCT	CCCCTCCCCCACCCC	-
127-ACCGGCCCCGCCYCY	EGR2_HUMAN.H11MO.1.A	2	0.000448323	0.344761	0.0248484	14	ACCGGCCCCGCCTCT	CCCCCGCCCACGCCCC	-
127-ACCGGCCCCGCCYCY	MAZ_HUMAN.H11MO.0.A	7	0.000507094	0.389955	0.027102	15	ACCGGCCCCGCCTCT	CCCCCCCCCCCCCCCCTCCCCC	-
127-ACCGGCCCCGCCYCY	TFDP1_HUMAN.H11MO.0.C	-2	0.000594497	0.457168	0.0306777	13	ACCGGCCCCGCCTCT	TTTTCCCGCCCCCC	-
127-ACCGGCCCCGCCYCY	TAF1_HUMAN.H11MO.0.A	-1	0.000630435	0.484804	0.0314478	14	ACCGGCCCCGCCTCT	CCGCCGCCGCCATCTT	-
127-ACCGGCCCCGCCYCY	KLF4_HUMAN.H11MO.0.A	-4	0.000654525	0.50333	0.0315963	10	ACCGGCCCCGCCTCT	GCCACACCCT	-
127-ACCGGCCCCGCCYCY	ZSC31_HUMAN.H11MO.0.C	3	0.000708582	0.5449	0.0331369	15	ACCGGCCCCGCCTCT	CATAACTGCCCTGCTGCC	-
127-ACCGGCCCCGCCYCY	PLAL1_HUMAN.H11MO.0.D	-2	0.000742507	0.570988	0.0336712	10	ACCGGCCCCGCCTCT	GGGCCCCCCG	-
127-ACCGGCCCCGCCYCY	ZN770_HUMAN.H11MO.0.C	6	0.000847561	0.651774	0.0373047	15	ACCGGCCCCGCCTCT	GATCCTCCCGCCTCAGCCTCCC	-
127-ACCGGCCCCGCCYCY	E2F1_HUMAN.H11MO.0.A	-2	0.0010993	0.845365	0.0470026	13	ACCGGCCCCGCCTCT	CTTTCCCGCCCCCC	-
127-ACCGGCCCCGCCYCY	E2F6_HUMAN.H11MO.0.A	-1	0.00134122	1.0314	0.0547921	13	ACCGGCCCCGCCTCT	CCCTTCCCGCCCC	-
127-ACCGGCCCCGCCYCY	ZN219_HUMAN.H11MO.0.D	0	0.00135471	1.04178	0.0547921	12	ACCGGCCCCGCCTCT	TCCGCCCCCCTC	-
127-ACCGGCCCCGCCYCY	KLF14_HUMAN.H11MO.0.D	-4	0.00207197	1.59334	0.0815965	11	ACCGGCCCCGCCTCT	GCCACGCCCCCCT	-
127-ACCGGCCCCGCCYCY	ZN467_HUMAN.H11MO.0.C	8	0.00214968	1.6531	0.0824861	14	ACCGGCCCCGCCTCT	CCCCCCCCCCCCTCCCCTCCCC	-
127-ACCGGCCCCGCCYCY	ZN281_HUMAN.H11MO.0.A	-4	0.00271211	2.08561	0.101466	11	ACCGGCCCCGCCTCT	TCCCCTCCCCCACCC	-
127-ACCGGCCCCGCCYCY	TBX1_HUMAN.H11MO.0.D	2	0.003142	2.4162	0.114682	15	ACCGGCCCCGCCTCT	CCGCCCACCCCTGCCCACCC	-
127-ACCGGCCCCGCCYCY	VEZF1_HUMAN.H11MO.0.C	1	0.00363027	2.79168	0.129348	15	ACCGGCCCCGCCTCT	CCCCTCCCCCTCCCCCCTCCCC	-
127-ACCGGCCCCGCCYCY	ZFX_HUMAN.H11MO.0.A	0	0.00372031	2.86092	0.129474	10	ACCGGCCCCGCCTCT	CCAGGCCCCG	+
127-ACCGGCCCCGCCYCY	ZBT7A_HUMAN.H11MO.0.A	-1	0.00412879	3.17504	0.137336	9	ACCGGCCCCGCCTCT	GAGACCCCC	-
127-ACCGGCCCCGCCYCY	ZFX_HUMAN.H11MO.1.A	1	0.00414121	3.18459	0.137336	15	ACCGGCCCCGCCTCT	CCCCGGCCTCCGCCCCC	-
127-ACCGGCCCCGCCYCY	ZBT17_HUMAN.H11MO.0.A	4	0.00422154	3.24637	0.137336	15	ACCGGCCCCGCCTCT	CTTCCCCTCCCCCACCCTC	-
127-ACCGGCCCCGCCYCY	KLF13_HUMAN.H11MO.0.D	0	0.00455424	3.50221	0.145007	11	ACCGGCCCCGCCTCT	CACGCCCCCCT	-
127-ACCGGCCCCGCCYCY	SALL4_HUMAN.H11MO.0.B	-5	0.00465831	3.58224	0.145231	10	ACCGGCCCCGCCTCT	CCCACCCTCC	-
127-ACCGGCCCCGCCYCY	ZN770_HUMAN.H11MO.1.C	-5	0.00480413	3.69438	0.14672	10	ACCGGCCCCGCCTCT	CTCAGCCTCCC	-
127-ACCGGCCCCGCCYCY	AP2D_HUMAN.H11MO.0.D	0	0.00584493	4.49475	0.174937	14	ACCGGCCCCGCCTCT	ACGCGCCTCGGGCG	-
127-ACCGGCCCCGCCYCY	VEZF1_HUMAN.H11MO.1.C	-4	0.00608392	4.67853	0.178519	11	ACCGGCCCCGCCTCT	CCCCCTCCCCCT	-
127-ACCGGCCCCGCCYCY	ZN257_HUMAN.H11MO.0.C	-3	0.0067362	5.18014	0.193858	12	ACCGGCCCCGCCTCT	GCTCTTGCCTCT	+
127-ACCGGCCCCGCCYCY	E2F3_HUMAN.H11MO.0.A	-3	0.00770323	5.92378	0.217505	11	ACCGGCCCCGCCTCT	TTTCCCGCCCT	-
127-ACCGGCCCCGCCYCY	PROX1_HUMAN.H11MO.0.D	-1	0.00908205	6.98409	0.247046	14	ACCGGCCCCGCCTCT	CCCAACCCGCCTTACCC	-
127-ACCGGCCCCGCCYCY	PATZ1_HUMAN.H11MO.1.C	-5	0.00924473	7.1092	0.247046	9	ACCGGCCCCGCCTCT	CCCCTCCCT	-
127-ACCGGCCCCGCCYCY	ZN554_HUMAN.H11MO.1.D	-2	0.00924473	7.1092	0.247046	9	ACCGGCCCCGCCTCT	TGGCTCTGC	-
127-ACCGGCCCCGCCYCY	MBD2_HUMAN.H11MO.0.B	2	0.00945503	7.27092	0.248233	9	ACCGGCCCCGCCTCT	CCTCCGGCCCC	-
127-ACCGGCCCCGCCYCY	HEN1_HUMAN.H11MO.0.C	5	0.0108582	8.34999	0.280158	15	ACCGGCCCCGCCTCT	TGGGGAGCAGCTGCGTCCCT	+
127-ACCGGCCCCGCCYCY	PURA_HUMAN.H11MO.0.D	-1	0.0115092	8.85061	0.288573	14	ACCGGCCCCGCCTCT	CCCTGCCCCCCCCTTCC	-
127-ACCGGCCCCGCCYCY	ZN449_HUMAN.H11MO.0.C	-2	0.0115701	8.89738	0.288573	11	ACCGGCCCCGCCTCT	AAGCCCAACCA	-
127-ACCGGCCCCGCCYCY	ZF64A_HUMAN.H11MO.0.D	1	0.0124334	9.5613	0.305023	15	ACCGGCCCCGCCTCT	CAGGTTCCCGGGCCCC	-
127-ACCGGCCCCGCCYCY	E2F4_HUMAN.H11MO.1.A	2	0.0126484	9.72658	0.305291	12	ACCGGCCCCGCCTCT	TCAAATTTCCCGCC	-
127-ACCGGCCCCGCCYCY	ARNT2_HUMAN.H11MO.0.D	0	0.0141338	10.8689	0.335729	12	ACCGGCCCCGCCTCT	GCCTCCCACGCC	-
127-ACCGGCCCCGCCYCY	CTCFL_HUMAN.H11MO.0.A	-2	0.0152104	11.6968	0.355658	13	ACCGGCCCCGCCTCT	CGGCGCCCCCTGGCGGC	-
127-ACCGGCCCCGCCYCY	GCM2_HUMAN.H11MO.0.D	-3	0.0155731	11.9757	0.358536	11	ACCGGCCCCGCCTCT	ATACCCGCATC	-
127-ACCGGCCCCGCCYCY	NR0B1_HUMAN.H11MO.0.D	-1	0.0158776	12.2099	0.360008	10	ACCGGCCCCGCCTCT	TCTCCCACGC	-
127-ACCGGCCCCGCCYCY	XBP1_HUMAN.H11MO.0.D	-4	0.0163528	12.5753	0.365249	11	ACCGGCCCCGCCTCT	GCCACGTCAGC	-
127-ACCGGCCCCGCCYCY	RREB1_HUMAN.H11MO.0.D	7	0.017325	13.3229	0.375746	15	ACCGGCCCCGCCTCT	ACCCCAAACCACCCCCCCCCCC	-
127-ACCGGCCCCGCCYCY	ZN341_HUMAN.H11MO.0.C	5	0.017325	13.3229	0.375746	15	ACCGGCCCCGCCTCT	GCTCTTCCCTCCCCCCCCCCCC	-
127-ACCGGCCCCGCCYCY	ZBTB6_HUMAN.H11MO.0.C	-2	0.0185998	14.3032	0.397632	13	ACCGGCCCCGCCTCT	CGGCTCCAGCACC	-
127-ACCGGCCCCGCCYCY	Z324A_HUMAN.H11MO.0.C	6	0.0196677	15.1245	0.41454	15	ACCGGCCCCGCCTCT	TATCAAACCATCCTTTGCTGCCA	+
127-ACCGGCCCCGCCYCY	ZN320_HUMAN.H11MO.0.C	9	0.0227323	17.4812	0.46843	11	ACCGGCCCCGCCTCT	CACTGGCCCCCTGGTCCCAC	-
127-ACCGGCCCCGCCYCY	ZN816_HUMAN.H11MO.0.C	4	0.0228505	17.572	0.46843	15	ACCGGCCCCGCCTCT	CCCTGCATGTCCCCCTTTTTT	-
127-ACCGGCCCCGCCYCY	GLIS1_HUMAN.H11MO.0.D	-3	0.0233739	17.9745	0.472684	12	ACCGGCCCCGCCTCT	AGACCCCCCACGA	-
127-ACCGGCCCCGCCYCY	ZIC1_HUMAN.H11MO.0.B	-5	0.0242886	18.678	0.484633	9	ACCGGCCCCGCCTCT	GACCACCCC	-
129-AGCCCTGGCA	RFX2_HUMAN.H11MO.0.A	4	0.00025183	0.193657	0.159798	10	AGCCCTGGCA	CCGTTGCCATGGCAACCG	-
129-AGCCCTGGCA	RFX4_HUMAN.H11MO.0.D	2	0.000298239	0.229346	0.159798	10	AGCCCTGGCA	GTTACCATGGCAACG	-
129-AGCCCTGGCA	RFX1_HUMAN.H11MO.0.B	4	0.000412175	0.316963	0.159798	10	AGCCCTGGCA	CCGTCGCCATGGCAACCGGGGC	-
129-AGCCCTGGCA	RFX2_HUMAN.H11MO.1.A	-2	0.000497901	0.382886	0.159798	8	AGCCCTGGCA	CCATGGCAACCG	-
129-AGCCCTGGCA	ZN331_HUMAN.H11MO.0.C	11	0.000565104	0.434565	0.159798	9	AGCCCTGGCA	CCACCCAGCTGAGCCCAGCC	-
129-AGCCCTGGCA	ZBT7B_HUMAN.H11MO.0.D	5	0.000656774	0.505059	0.159798	10	AGCCCTGGCA	CCCGTTGCCATGGCAACGGCG	-
129-AGCCCTGGCA	RFX1_HUMAN.H11MO.1.B	-2	0.000730311	0.56161	0.159798	8	AGCCCTGGCA	CCATGGCAACC	-
129-AGCCCTGGCA	NFIB_HUMAN.H11MO.0.D	-2	0.00111027	0.8538	0.21257	8	AGCCCTGGCA	CCCTGGCAG	+
129-AGCCCTGGCA	RFX3_HUMAN.H11MO.0.B	1	0.0014397	1.10713	0.245014	10	AGCCCTGGCA	TTACCATGGCAACC	-
129-AGCCCTGGCA	HIC2_HUMAN.H11MO.0.D	-2	0.00259567	1.99607	0.397568	8	AGCCCTGGCA	GCCTGGCATGG	-
129-AGCCCTGGCA	ZN449_HUMAN.H11MO.0.C	1	0.00326849	2.51347	0.455109	10	AGCCCTGGCA	AAGCCCAACCA	-
129-AGCCCTGGCA	TGIF1_HUMAN.H11MO.0.A	-3	0.00387047	2.97639	0.474693	7	AGCCCTGGCA	GCTGTCA	-
129-AGCCCTGGCA	HAND1_HUMAN.H11MO.1.D	-1	0.0041467	3.18881	0.474693	7	AGCCCTGGCA	GGCCTGG	+
129-AGCCCTGGCA	EGR4_HUMAN.H11MO.0.D	-1	0.00433889	3.33661	0.474693	9	AGCCCTGGCA	GCCCTGCCGCC	-
129-AGCCCTGGCA	P53_HUMAN.H11MO.1.A	-2	0.00512908	3.94426	0.491799	8	AGCCCTGGCA	CCCAGGCATGTCC	-
129-AGCCCTGGCA	INSM1_HUMAN.H11MO.0.C	2	0.00513743	3.95068	0.491799	10	AGCCCTGGCA	TGCCCCCTGACA	-
135-AGGCTCCAGSG	ZBTB6_HUMAN.H11MO.0.C	0	7.2507e-05	0.0557579	0.111516	11	AGGCTCCAGGG	CGGCTCCAGCACC	-
137-ACSSAGCGCGSCR	ZBT14_HUMAN.H11MO.0.C	-2	0.000145459	0.111858	0.223717	9	ACCGAGCGCGGCG	GGAGCGCGC	+
139-AGCAGSAGAA	MYF6_HUMAN.H11MO.0.C	-1	0.00026333	0.202501	0.251222	7	AGCAGCAGAA	GCAGCTG	-
139-AGCAGSAGAA	ASCL2_HUMAN.H11MO.0.D	0	0.00032718	0.251602	0.251222	9	AGCAGCAGAA	AGCAGCTGG	-
139-AGCAGSAGAA	ZIM3_HUMAN.H11MO.0.C	3	0.000804461	0.618631	0.411798	10	AGCAGCAGAA	GCAAGCAACAGAAACCCAA	-
139-AGCAGSAGAA	PTF1A_HUMAN.H11MO.1.B	0	0.00129708	0.997454	0.450059	9	AGCAGCAGAA	AGCAGCTGG	+
139-AGCAGSAGAA	ZN134_HUMAN.H11MO.1.C	5	0.00146534	1.12685	0.450059	10	AGCAGCAGAA	ACCTAATCAGGTGAAGG	+
139-AGCAGSAGAA	ASCL1_HUMAN.H11MO.0.A	3	0.00197524	1.51896	0.477124	10	AGCAGCAGAA	GGGAGCAGGTGCAG	-
139-AGCAGSAGAA	OSR2_HUMAN.H11MO.0.C	1	0.00217485	1.67246	0.477124	10	AGCAGCAGAA	CAGCAGAAGCAGCAGC	-
143-ACCTSTCAGCCCGV	TBX20_HUMAN.H11MO.0.D	0	8.267e-05	0.0635732	0.126955	14	ACCTGTCAGCCCGC	ACCTGTCAGCACCT	-
143-ACCTSTCAGCCCGV	MEIS1_HUMAN.H11MO.1.B	-1	0.000449641	0.345774	0.345252	9	ACCTGTCAGCCCGC	GCTGTCAGC	-
144-ASTGSGTGSGCGG	GLI2_HUMAN.H11MO.0.D	-1	1.21361e-05	0.00933268	0.0184786	11	AGTGGGTGGGCGG	GTGGGTGGTCT	+
144-ASTGSGTGSGCGG	GLI1_HUMAN.H11MO.0.D	0	4.23163e-05	0.0325413	0.0227803	12	AGTGGGTGGGCGG	CCTGGGTGGTCT	+
144-ASTGSGTGSGCGG	GLI3_HUMAN.H11MO.0.B	-1	4.4884e-05	0.0345158	0.0227803	11	AGTGGGTGGGCGG	CTGGGTGGTCC	+
144-ASTGSGTGSGCGG	EGR2_HUMAN.H11MO.1.A	0	8.88211e-05	0.0683034	0.0285401	13	AGTGGGTGGGCGG	GGGGCGTGGGCGGGGG	+
144-ASTGSGTGSGCGG	EGR1_HUMAN.H11MO.0.A	1	9.37206e-05	0.0720712	0.0285401	13	AGTGGGTGGGCGG	GAGGGCGTGGGCGGGGG	+
144-ASTGSGTGSGCGG	KLF13_HUMAN.H11MO.0.D	-3	0.000320691	0.246611	0.0813814	10	AGTGGGTGGGCGG	AGGGGGGCGTG	+
144-ASTGSGTGSGCGG	EGR2_HUMAN.H11MO.0.A	3	0.0005973	0.459324	0.12602	13	AGTGGGTGGGCGG	GGGGGGGTGTGGGAGGGG	+
144-ASTGSGTGSGCGG	SALL4_HUMAN.H11MO.0.B	0	0.000742464	0.570955	0.12602	10	AGTGGGTGGGCGG	GGAGGGTGGG	+
144-ASTGSGTGSGCGG	ZN449_HUMAN.H11MO.0.C	-2	0.000744891	0.572821	0.12602	11	AGTGGGTGGGCGG	TGGTTGGGCTT	+
144-ASTGSGTGSGCGG	KLF8_HUMAN.H11MO.0.C	1	0.000972737	0.748035	0.14811	8	AGTGGGTGGGCGG	CAGGGGGTG	+
144-ASTGSGTGSGCGG	EGR3_HUMAN.H11MO.0.D	-2	0.00108418	0.833733	0.150071	11	AGTGGGTGGGCGG	AGAGTGGGTGT	+
144-ASTGSGTGSGCGG	ZSCA4_HUMAN.H11MO.0.D	0	0.00230575	1.77312	0.290741	12	AGTGGGTGGGCGG	AGTGTGTGCACT	+
144-ASTGSGTGSGCGG	ZN148_HUMAN.H11MO.0.D	2	0.00274341	2.10968	0.290741	13	AGTGGGTGGGCGG	GGGGTGGGGGAGGGG	+
144-ASTGSGTGSGCGG	KLF3_HUMAN.H11MO.0.B	-1	0.00283653	2.18129	0.290741	12	AGTGGGTGGGCGG	GGGGAGGGGCGGGGCCGGG	+
144-ASTGSGTGSGCGG	ZN740_HUMAN.H11MO.0.D	0	0.00331566	2.54975	0.290741	13	AGTGGGTGGGCGG	GGGGGGGGGGTGGG	+
144-ASTGSGTGSGCGG	PURA_HUMAN.H11MO.0.D	2	0.00353187	2.71601	0.290741	13	AGTGGGTGGGCGG	GGAAGGGGGGGGCAGGG	+
144-ASTGSGTGSGCGG	SP3_HUMAN.H11MO.0.B	-1	0.0037301	2.86844	0.290741	12	AGTGGGTGGGCGG	GGGGGGGGGCGGGGCCGGGG	+
144-ASTGSGTGSGCGG	ZBT14_HUMAN.H11MO.0.C	-4	0.0037312	2.86929	0.290741	9	AGTGGGTGGGCGG	GGAGCGCGC	+
144-ASTGSGTGSGCGG	ZIC1_HUMAN.H11MO.0.B	-2	0.0037312	2.86929	0.290741	9	AGTGGGTGGGCGG	GGGGTGGTC	+
144-ASTGSGTGSGCGG	TBX15_HUMAN.H11MO.0.D	3	0.00392258	3.01646	0.290741	13	AGTGGGTGGGCGG	GGGGGGGGGGGGGTGGGGG	+
144-ASTGSGTGSGCGG	ZN219_HUMAN.H11MO.0.D	-2	0.0040251	3.0953	0.290741	11	AGTGGGTGGGCGG	GAGGGGGGCGGA	+
144-ASTGSGTGSGCGG	ZN281_HUMAN.H11MO.0.A	1	0.00420087	3.23047	0.290741	13	AGTGGGTGGGCGG	GGGTGGGGGAGGGGA	+
144-ASTGSGTGSGCGG	SP2_HUMAN.H11MO.0.A	0	0.00451276	3.47031	0.298747	13	AGTGGGTGGGCGG	GGGGGGGGGGCGGGGCCGGGGG	+
144-ASTGSGTGSGCGG	KLF14_HUMAN.H11MO.0.D	-3	0.00514926	3.95978	0.320088	10	AGTGGGTGGGCGG	AGGGGGGCGTGGC	+
144-ASTGSGTGSGCGG	AHR_HUMAN.H11MO.0.B	0	0.00544682	4.1886	0.320088	9	AGTGGGTGGGCGG	GTTGCGTGC	+
144-ASTGSGTGSGCGG	SP1_HUMAN.H11MO.1.A	-4	0.00560632	4.31126	0.320088	9	AGTGGGTGGGCGG	GGGGGGCGGGGCCG	+
144-ASTGSGTGSGCGG	KLF16_HUMAN.H11MO.0.D	-1	0.00567602	4.36486	0.320088	12	AGTGGGTGGGCGG	GGGGGCGGGGGGGGGGGGG	+
144-ASTGSGTGSGCGG	KLF1_HUMAN.H11MO.0.A	0	0.00688293	5.29298	0.35631	13	AGTGGGTGGGCGG	GGGGCGGGGCCGGG	+
144-ASTGSGTGSGCGG	GLIS3_HUMAN.H11MO.0.D	-1	0.00696906	5.35921	0.35631	10	AGTGGGTGGGCGG	GTGGGGGGTA	+
144-ASTGSGTGSGCGG	TBX1_HUMAN.H11MO.0.D	7	0.00702036	5.39866	0.35631	13	AGTGGGTGGGCGG	GGGTGGGCAGGGGTGGGCGG	+
144-ASTGSGTGSGCGG	GLIS1_HUMAN.H11MO.0.D	-3	0.00861932	6.62826	0.422987	10	AGTGGGTGGGCGG	TCGTGGGGGGTCT	+
144-ASTGSGTGSGCGG	ARNT2_HUMAN.H11MO.0.D	-2	0.00942731	7.2496	0.422987	11	AGTGGGTGGGCGG	GGCGTGGGAGGC	+
144-ASTGSGTGSGCGG	WT1_HUMAN.H11MO.1.B	-1	0.0096774	7.44192	0.422987	11	AGTGGGTGGGCGG	GTGGGAGGAGG	+
144-ASTGSGTGSGCGG	E2F1_HUMAN.H11MO.0.A	-4	0.00978933	7.52799	0.422987	9	AGTGGGTGGGCGG	GGGGGGCGGGAAAG	+
144-ASTGSGTGSGCGG	NR0B1_HUMAN.H11MO.0.D	-3	0.00979943	7.53577	0.422987	10	AGTGGGTGGGCGG	GCGTGGGAGA	+
144-ASTGSGTGSGCGG	KLF9_HUMAN.H11MO.0.C	0	0.0100009	7.69071	0.422987	13	AGTGGGTGGGCGG	GGAGGGGGCGTGGCC	+
144-ASTGSGTGSGCGG	KLF12_HUMAN.H11MO.0.C	-5	0.0107652	8.27847	0.443008	8	AGTGGGTGGGCGG	AGGGGCGGGGC	+
144-ASTGSGTGSGCGG	KLF4_HUMAN.H11MO.0.A	-2	0.0115817	8.90629	0.454505	10	AGTGGGTGGGCGG	AGGGTGTGGC	+
144-ASTGSGTGSGCGG	E2F4_HUMAN.H11MO.0.A	-5	0.0116416	8.95241	0.454505	8	AGTGGGTGGGCGG	GGGGGCGGGAAAT	+
144-ASTGSGTGSGCGG	KLF5_HUMAN.H11MO.0.A	0	0.0125237	9.63073	0.476719	13	AGTGGGTGGGCGG	AGGGTGGGGCTGGG	+
144-ASTGSGTGSGCGG	NR1D1_HUMAN.H11MO.0.B	5	0.0134	10.3046	0.497635	13	AGTGGGTGGGCGG	AGGGAAGTGGGTCAGAAGG	+
146-CASGGATGCTGGG	ZNF76_HUMAN.H11MO.0.C	0	0.000251837	0.193663	0.236822	13	CAGGGATGCTGGG	GGGGCATTCTGGGAATTGTAGT	+
146-CASGGATGCTGGG	ZN143_HUMAN.H11MO.0.A	-2	0.000443713	0.341215	0.236822	11	CAGGGATGCTGGG	GGCATTCTGGGAATTGTAGTTC	+
146-CASGGATGCTGGG	ZN770_HUMAN.H11MO.1.C	-2	0.000462034	0.355304	0.236822	11	CAGGGATGCTGGG	GGGAGGCTGAG	+
146-CASGGATGCTGGG	THA11_HUMAN.H11MO.0.B	-2	0.00103335	0.794644	0.394635	11	CAGGGATGCTGGG	GGCATGCTGGGAGTTGTAGTTC	+
146-CASGGATGCTGGG	MAFG_HUMAN.H11MO.1.A	-6	0.00128321	0.986788	0.394635	7	CAGGGATGCTGGG	TGCTGAGT	+
147-CCGCGCGCTCCA	ZBT14_HUMAN.H11MO.0.C	-2	1.41739e-06	0.00108998	0.00217995	9	CCGCGCGCTCCA	GCGCGCTCC	-
148-CCGGAGGCCGCC	ZFX_HUMAN.H11MO.0.A	-2	0.000181973	0.139937	0.279874	10	CCGGAGGCCGCC	CCAGGCCCCG	+
148-CCGGAGGCCGCC	ZN770_HUMAN.H11MO.1.C	-1	0.000643903	0.495162	0.495162	11	CCGGAGGCCGCC	GGGAGGCTGAG	+
152-GGCACCGCCCTGA	KLF12_HUMAN.H11MO.0.C	-1	1.45346e-05	0.0111771	0.0222328	11	GGCACCGCCCTGA	GCCCCGCCCCT	-
152-GGCACCGCCCTGA	SP1_HUMAN.H11MO.1.A	1	0.000144838	0.11138	0.110775	13	GGCACCGCCCTGA	CGGCCCCGCCCCCC	-
152-GGCACCGCCCTGA	KLF4_HUMAN.H11MO.0.A	-1	0.000219293	0.168636	0.111814	10	GGCACCGCCCTGA	GCCACACCCT	-
152-GGCACCGCCCTGA	KLF3_HUMAN.H11MO.0.B	3	0.000311367	0.239441	0.11907	13	GGCACCGCCCTGA	CCCGGCCCCGCCCCTCCCC	-
152-GGCACCGCCCTGA	SP1_HUMAN.H11MO.0.A	9	0.000430067	0.330722	0.13157	13	GGCACCGCCCTGA	CCCCCCCCCGGCCCCGCCCCCC	-
152-GGCACCGCCCTGA	KLF1_HUMAN.H11MO.0.A	3	0.000525983	0.404481	0.134095	11	GGCACCGCCCTGA	CCCGGCCCCGCCCC	-
152-GGCACCGCCCTGA	HIC1_HUMAN.H11MO.0.C	1	0.00146722	1.12829	0.320619	8	GGCACCGCCCTGA	GGGCAACCC	-
152-GGCACCGCCCTGA	MAZ_HUMAN.H11MO.1.A	-1	0.00235823	1.81348	0.398888	11	GGCACCGCCCTGA	CCCCCTCCCTC	-
152-GGCACCGCCCTGA	ZN708_HUMAN.H11MO.1.D	1	0.00259904	1.99866	0.398888	8	GGCACCGCCCTGA	AGGTACAGC	+
152-GGCACCGCCCTGA	KLF6_HUMAN.H11MO.0.A	5	0.00302855	2.32895	0.398888	13	GGCACCGCCCTGA	CCCCCGGCCCCGCCCTTCC	-
152-GGCACCGCCCTGA	SP3_HUMAN.H11MO.0.B	4	0.0030579	2.35153	0.398888	13	GGCACCGCCCTGA	CCCCGGCCCCGCCCCCCCCC	-
152-GGCACCGCCCTGA	ZN341_HUMAN.H11MO.1.C	0	0.00312925	2.4064	0.398888	9	GGCACCGCCCTGA	GGAACAGCC	+
152-GGCACCGCCCTGA	KLF5_HUMAN.H11MO.0.A	3	0.00345758	2.65888	0.406837	11	GGCACCGCCCTGA	CCCAGCCCCACCCT	-
152-GGCACCGCCCTGA	KLF9_HUMAN.H11MO.0.C	0	0.00399825	3.07465	0.410265	13	GGCACCGCCCTGA	GGCCACGCCCCCTCC	-
152-GGCACCGCCCTGA	SP4_HUMAN.H11MO.1.A	1	0.00419462	3.22566	0.410265	13	GGCACCGCCCTGA	CGGCCCCGCCCCCTCC	-
152-GGCACCGCCCTGA	SP2_HUMAN.H11MO.1.B	-1	0.00429134	3.30004	0.410265	12	GGCACCGCCCTGA	GCCCCGCCCCCT	-
152-GGCACCGCCCTGA	TF65_HUMAN.H11MO.0.A	2	0.00517223	3.97745	0.465394	12	GGCACCGCCCTGA	CTGGAAATTCCCTG	-
152-GGCACCGCCCTGA	SP4_HUMAN.H11MO.0.A	3	0.00592974	4.55997	0.497621	13	GGCACCGCCCTGA	CCCGGCCCCGCCCCCTTCCC	-
152-GGCACCGCCCTGA	PATZ1_HUMAN.H11MO.1.C	-2	0.00641752	4.93507	0.497621	9	GGCACCGCCCTGA	CCCCTCCCT	-
152-GGCACCGCCCTGA	ZIC1_HUMAN.H11MO.0.B	-2	0.0068015	5.23035	0.497621	9	GGCACCGCCCTGA	GACCACCCC	-
152-GGCACCGCCCTGA	SP2_HUMAN.H11MO.0.A	5	0.00683167	5.25355	0.497621	13	GGCACCGCCCTGA	CCCCCGGCCCCGCCCCCCCCCC	-
154-AAGGGAGCGGG	MAZ_HUMAN.H11MO.1.A	0	1.49093e-05	0.0114653	0.0191391	11	AAGGGAGCGGG	GAGGGAGGGGG	+
154-AAGGGAGCGGG	PATZ1_HUMAN.H11MO.1.C	-1	2.56141e-05	0.0196973	0.0191391	9	AAGGGAGCGGG	AGGGAGGGG	+
154-AAGGGAGCGGG	WT1_HUMAN.H11MO.1.B	0	0.0003812	0.293143	0.0789353	11	AAGGGAGCGGG	GTGGGAGGAGG	+
154-AAGGGAGCGGG	KLF4_HUMAN.H11MO.0.A	-1	0.000395025	0.303774	0.0789353	10	AAGGGAGCGGG	AGGGTGTGGC	+
154-AAGGGAGCGGG	ZN281_HUMAN.H11MO.0.A	2	0.000408573	0.314193	0.0789353	11	AAGGGAGCGGG	GGGTGGGGGAGGGGA	+
154-AAGGGAGCGGG	VEZF1_HUMAN.H11MO.1.C	1	0.000449448	0.345626	0.0789353	11	AAGGGAGCGGG	AGGGGGAGGGGG	+
154-AAGGGAGCGGG	SP1_HUMAN.H11MO.1.A	-1	0.000463018	0.356061	0.0789353	10	AAGGGAGCGGG	GGGGGGCGGGGCCG	+
154-AAGGGAGCGGG	SP2_HUMAN.H11MO.1.B	-1	0.000478285	0.367801	0.0789353	10	AAGGGAGCGGG	AGGGGGCGGGGC	+
154-AAGGGAGCGGG	ZN263_HUMAN.H11MO.1.A	0	0.000490466	0.377169	0.0789353	11	AAGGGAGCGGG	GAGGGAGGAGG	+
154-AAGGGAGCGGG	ZBT48_HUMAN.H11MO.0.C	1	0.000575625	0.442655	0.0789353	11	AAGGGAGCGGG	TTAGGGACCGTG	+
154-AAGGGAGCGGG	SP1_HUMAN.H11MO.0.A	-1	0.000581021	0.446805	0.0789353	10	AAGGGAGCGGG	GGGGGGCGGGGCCGGGGGGGGG	+
154-AAGGGAGCGGG	ZN148_HUMAN.H11MO.0.D	3	0.000715254	0.550031	0.089074	11	AAGGGAGCGGG	GGGGTGGGGGAGGGG	+
154-AAGGGAGCGGG	KLF12_HUMAN.H11MO.0.C	0	0.00108621	0.835292	0.124865	11	AAGGGAGCGGG	AGGGGCGGGGC	+
154-AAGGGAGCGGG	KLF1_HUMAN.H11MO.0.A	-1	0.00137535	1.05765	0.137824	10	AAGGGAGCGGG	GGGGCGGGGCCGGG	+
154-AAGGGAGCGGG	KLF9_HUMAN.H11MO.0.C	1	0.00138338	1.06382	0.137824	11	AAGGGAGCGGG	GGAGGGGGCGTGGCC	+
154-AAGGGAGCGGG	KLF6_HUMAN.H11MO.0.A	2	0.00172071	1.32322	0.148722	11	AAGGGAGCGGG	GGAAGGGCGGGGCCGGGGG	+
154-AAGGGAGCGGG	KLF5_HUMAN.H11MO.0.A	-1	0.00173516	1.33434	0.148722	10	AAGGGAGCGGG	AGGGTGGGGCTGGG	+
154-AAGGGAGCGGG	KLF3_HUMAN.H11MO.0.B	4	0.00182517	1.40356	0.148722	11	AAGGGAGCGGG	GGGGAGGGGCGGGGCCGGG	+
154-AAGGGAGCGGG	SP2_HUMAN.H11MO.0.A	3	0.00199037	1.5306	0.148722	11	AAGGGAGCGGG	GGGGGGGGGGCGGGGCCGGGGG	+
154-AAGGGAGCGGG	ZN467_HUMAN.H11MO.0.C	-1	0.00199037	1.5306	0.148722	10	AAGGGAGCGGG	GGGGAGGGGAGGGGGGGGGGGG	+
154-AAGGGAGCGGG	EGR4_HUMAN.H11MO.0.D	-2	0.00232205	1.78566	0.157062	9	AAGGGAGCGGG	GGCGGCAGGGC	+
154-AAGGGAGCGGG	SP3_HUMAN.H11MO.0.B	2	0.00239287	1.84012	0.157062	11	AAGGGAGCGGG	GGGGGGGGGCGGGGCCGGGG	+
154-AAGGGAGCGGG	SP4_HUMAN.H11MO.1.A	1	0.00241728	1.85889	0.157062	11	AAGGGAGCGGG	GGAGGGGGCGGGGCCG	+
154-AAGGGAGCGGG	SP4_HUMAN.H11MO.0.A	3	0.00268621	2.0657	0.167263	11	AAGGGAGCGGG	GGGAAGGGGGCGGGGCCGGG	+
154-AAGGGAGCGGG	KLF13_HUMAN.H11MO.0.D	0	0.00291378	2.2407	0.167984	11	AAGGGAGCGGG	AGGGGGGCGTG	+
154-AAGGGAGCGGG	E2F4_HUMAN.H11MO.0.A	-2	0.0029226	2.24748	0.167984	9	AAGGGAGCGGG	GGGGGCGGGAAAT	+
154-AAGGGAGCGGG	KLF14_HUMAN.H11MO.0.D	0	0.00326525	2.51098	0.170474	11	AAGGGAGCGGG	AGGGGGGCGTGGC	+
154-AAGGGAGCGGG	MZF1_HUMAN.H11MO.0.B	2	0.00326525	2.51098	0.170474	11	AAGGGAGCGGG	GGAGGGGATTGGG	+
154-AAGGGAGCGGG	ZN219_HUMAN.H11MO.0.D	1	0.00330815	2.54397	0.170474	11	AAGGGAGCGGG	GAGGGGGGCGGA	+
154-AAGGGAGCGGG	TFDP1_HUMAN.H11MO.0.C	-1	0.00360868	2.77508	0.179393	10	AAGGGAGCGGG	GGGGGGCGGGAAAA	+
154-AAGGGAGCGGG	ZBT14_HUMAN.H11MO.0.C	-3	0.00373364	2.87117	0.179393	8	AAGGGAGCGGG	GGAGCGCGC	+
154-AAGGGAGCGGG	FLI1_HUMAN.H11MO.0.A	5	0.00387882	2.98282	0.179393	11	AAGGGAGCGGG	GGAGGAAGGAAGGAGGGA	+
154-AAGGGAGCGGG	WT1_HUMAN.H11MO.0.C	4	0.00399852	3.07486	0.179393	11	AAGGGAGCGGG	GGGCGGGGGAGGAGGGGGGG	+
154-AAGGGAGCGGG	EGR1_HUMAN.H11MO.0.A	0	0.00408144	3.13863	0.179393	11	AAGGGAGCGGG	GAGGGCGTGGGCGGGGG	+
154-AAGGGAGCGGG	VEZF1_HUMAN.H11MO.0.C	6	0.00421705	3.24291	0.180058	11	AAGGGAGCGGG	GGGGAGGGGGGAGGGGGAGGGG	+
154-AAGGGAGCGGG	SALL4_HUMAN.H11MO.0.B	1	0.00438092	3.36893	0.181859	9	AAGGGAGCGGG	GGAGGGTGGG	+
154-AAGGGAGCGGG	MAZ_HUMAN.H11MO.0.A	0	0.00471766	3.62788	0.190545	11	AAGGGAGCGGG	GGGGGAGGGGGGGGGGGGGGGG	+
154-AAGGGAGCGGG	ZNF41_HUMAN.H11MO.1.C	3	0.00484827	3.72832	0.190667	9	AAGGGAGCGGG	CACAAGGGAGAA	+
154-AAGGGAGCGGG	EGR2_HUMAN.H11MO.0.A	2	0.0051107	3.93013	0.195834	11	AAGGGAGCGGG	GGGGGGGTGTGGGAGGGG	+
154-AAGGGAGCGGG	E2F1_HUMAN.H11MO.0.A	-1	0.00527743	4.05834	0.197167	10	AAGGGAGCGGG	GGGGGGCGGGAAAG	+
154-AAGGGAGCGGG	ZSC22_HUMAN.H11MO.0.C	5	0.00554773	4.26621	0.20092	11	AAGGGAGCGGG	GGTCTGAGGGAGGAGG	+
154-AAGGGAGCGGG	PTF1A_HUMAN.H11MO.1.B	-2	0.00564678	4.34237	0.20092	9	AAGGGAGCGGG	AGCAGCTGG	+
154-AAGGGAGCGGG	EGR2_HUMAN.H11MO.1.A	-1	0.00617584	4.74922	0.211205	10	AAGGGAGCGGG	GGGGCGTGGGCGGGGG	+
154-AAGGGAGCGGG	ZN263_HUMAN.H11MO.0.A	-2	0.00621851	4.78203	0.211205	9	AAGGGAGCGGG	GGGAGGAGGGAGAGGAGGAG	+
154-AAGGGAGCGGG	ZBTB4_HUMAN.H11MO.0.D	5	0.00665388	5.11684	0.22097	11	AAGGGAGCGGG	CCTAGATGGCAGGTGGG	+
154-AAGGGAGCGGG	ERG_HUMAN.H11MO.0.A	3	0.00855123	6.5759	0.261045	10	AAGGGAGCGGG	GGGCAGGAAGTGG	+
154-AAGGGAGCGGG	ETS1_HUMAN.H11MO.0.A	3	0.00855123	6.5759	0.261045	10	AAGGGAGCGGG	AGACAGGAAGTGG	+
154-AAGGGAGCGGG	FLI1_HUMAN.H11MO.1.A	3	0.00855123	6.5759	0.261045	10	AAGGGAGCGGG	AGGCAGGAAGTGG	+
154-AAGGGAGCGGG	KLF15_HUMAN.H11MO.0.A	-1	0.00870006	6.69035	0.261045	10	AAGGGAGCGGG	GGGGAGGAGCAGGGGGGGG	+
154-AAGGGAGCGGG	ZN524_HUMAN.H11MO.0.D	6	0.008734	6.71645	0.261045	11	AAGGGAGCGGG	GGGTTCGAGGGTTCGAGT	+
154-AAGGGAGCGGG	KLF16_HUMAN.H11MO.0.D	0	0.00917077	7.05232	0.263557	11	AAGGGAGCGGG	GGGGGCGGGGGGGGGGGGG	+
154-AAGGGAGCGGG	ZBT17_HUMAN.H11MO.0.A	0	0.00917077	7.05232	0.263557	11	AAGGGAGCGGG	GAGGGTGGGGGAGGGGAAG	+
154-AAGGGAGCGGG	TBX15_HUMAN.H11MO.0.D	8	0.00966494	7.43234	0.272518	11	AAGGGAGCGGG	GGGGGGGGGGGGGTGGGGG	+
154-AAGGGAGCGGG	KLF8_HUMAN.H11MO.0.C	0	0.0105492	8.11232	0.291942	9	AAGGGAGCGGG	CAGGGGGTG	+
154-AAGGGAGCGGG	ZNF41_HUMAN.H11MO.0.C	3	0.011012	8.46824	0.29921	11	AAGGGAGCGGG	CACAAGGGAGTAAGGCACCATGAG	+
154-AAGGGAGCGGG	ETV5_HUMAN.H11MO.0.C	3	0.0115371	8.87204	0.302478	11	AAGGGAGCGGG	GAGCAGGAAGTGAG	+
154-AAGGGAGCGGG	ZN740_HUMAN.H11MO.0.D	-1	0.0115371	8.87204	0.302478	10	AAGGGAGCGGG	GGGGGGGGGGTGGG	+
154-AAGGGAGCGGG	NKX25_HUMAN.H11MO.0.B	-2	0.0119707	9.20544	0.308434	8	AAGGGAGCGGG	TGGAGAGG	+
154-AAGGGAGCGGG	E2F6_HUMAN.H11MO.0.A	-3	0.0128571	9.88713	0.316834	8	AAGGGAGCGGG	GGGGCGGGAAGGG	+
154-AAGGGAGCGGG	ELF5_HUMAN.H11MO.0.A	5	0.0129234	9.93813	0.316834	10	AAGGGAGCGGG	GGAAGGAGGAAGTGG	+
154-AAGGGAGCGGG	PATZ1_HUMAN.H11MO.0.C	-1	0.0131157	10.086	0.316834	10	AAGGGAGCGGG	GGGGAGGGGGCGGGGGGGGAGG	+
154-AAGGGAGCGGG	ASCL2_HUMAN.H11MO.0.D	-2	0.0131448	10.1083	0.316834	9	AAGGGAGCGGG	AGCAGCTGG	-
154-AAGGGAGCGGG	INSM1_HUMAN.H11MO.0.C	-1	0.0137225	10.5526	0.323516	10	AAGGGAGCGGG	TGTCAGGGGGCA	+
154-AAGGGAGCGGG	TAF1_HUMAN.H11MO.0.A	3	0.0141499	10.8813	0.323516	11	AAGGGAGCGGG	AAGATGGCGGCGGCGG	+
154-AAGGGAGCGGG	ETV7_HUMAN.H11MO.0.D	0	0.014186	10.9091	0.323516	7	AAGGGAGCGGG	CAGGAAG	+
154-AAGGGAGCGGG	EHF_HUMAN.H11MO.0.B	4	0.0142879	10.9874	0.323516	11	AAGGGAGCGGG	GAACCAGGAAGTGGC	+
154-AAGGGAGCGGG	ITF2_HUMAN.H11MO.0.C	-2	0.0179084	13.7715	0.395533	9	AAGGGAGCGGG	GGCAGCTGGG	+
154-AAGGGAGCGGG	E2F7_HUMAN.H11MO.0.B	-3	0.0181837	13.9832	0.395533	8	AAGGGAGCGGG	GGGGCGGGAAAGG	+
154-AAGGGAGCGGG	ZN816_HUMAN.H11MO.0.C	0	0.0182625	14.0439	0.395533	11	AAGGGAGCGGG	AAAAAAGGGGGACATGCAGGG	+
154-AAGGGAGCGGG	ZN423_HUMAN.H11MO.0.D	7	0.0192156	14.7768	0.410231	8	AAGGGAGCGGG	GGCACCCAAGGGTGC	+
154-AAGGGAGCGGG	IKZF1_HUMAN.H11MO.0.C	0	0.019944	15.337	0.419762	8	AAGGGAGCGGG	TTGGGAGA	+
154-AAGGGAGCGGG	ZN770_HUMAN.H11MO.1.C	-2	0.0205047	15.7681	0.419762	9	AAGGGAGCGGG	GGGAGGCTGAG	+
154-AAGGGAGCGGG	E2F3_HUMAN.H11MO.0.A	-3	0.0205047	15.7681	0.419762	8	AAGGGAGCGGG	AGGGCGGGAAA	+
154-AAGGGAGCGGG	TBX1_HUMAN.H11MO.0.D	8	0.0215658	16.5841	0.435516	11	AAGGGAGCGGG	GGGTGGGCAGGGGTGGGCGG	+
154-AAGGGAGCGGG	PAX5_HUMAN.H11MO.0.A	8	0.0222861	17.138	0.442519	11	AAGGGAGCGGG	GCCTGGGCAGCAGAGCGTGAC	+
154-AAGGGAGCGGG	ZN140_HUMAN.H11MO.0.C	-1	0.0226058	17.3839	0.442519	10	AAGGGAGCGGG	TAGGAGCGGAATTGCTGGGTCATA	-
154-AAGGGAGCGGG	MYF6_HUMAN.H11MO.0.C	-3	0.0228009	17.5339	0.442519	7	AAGGGAGCGGG	GCAGCTG	-
154-AAGGGAGCGGG	ELF2_HUMAN.H11MO.0.C	3	0.0242872	18.6768	0.458583	10	AAGGGAGCGGG	AACCCGGAAGTGG	+
154-AAGGGAGCGGG	ZIC1_HUMAN.H11MO.0.B	-1	0.0248642	19.1206	0.458583	9	AAGGGAGCGGG	GGGGTGGTC	+
154-AAGGGAGCGGG	ZN394_HUMAN.H11MO.1.D	1	0.0248642	19.1206	0.458583	8	AAGGGAGCGGG	GAATGGAAT	+
154-AAGGGAGCGGG	ZSC31_HUMAN.H11MO.0.C	-2	0.0251651	19.352	0.458583	9	AAGGGAGCGGG	GGCAGCAGGGCAGTTATG	+
154-AAGGGAGCGGG	PRDM1_HUMAN.H11MO.0.A	2	0.0253081	19.4619	0.458583	11	AAGGGAGCGGG	GAAAGTGAAAGTGA	+
154-AAGGGAGCGGG	ETS2_HUMAN.H11MO.0.B	2	0.0254697	19.5862	0.458583	11	AAGGGAGCGGG	GGAAGGAAGAGGA	+
154-AAGGGAGCGGG	SPI1_HUMAN.H11MO.0.A	5	0.0261029	20.0731	0.464388	11	AAGGGAGCGGG	AAAAAGAGGAAGTGAAA	+
154-AAGGGAGCGGG	ZBTB6_HUMAN.H11MO.0.C	3	0.0267045	20.5358	0.469502	10	AAGGGAGCGGG	GGTGCTGGAGCCG	+
154-AAGGGAGCGGG	CTCFL_HUMAN.H11MO.0.A	1	0.0287124	22.0799	0.494142	11	AAGGGAGCGGG	GCCGCCAGGGGGCGCCG	+
154-AAGGGAGCGGG	BHA15_HUMAN.H11MO.0.B	0	0.0287673	22.1221	0.494142	11	AAGGGAGCGGG	GCAGCAGCTGG	+
158-CCCTCGCCCCTCCCC	SP1_HUMAN.H11MO.0.A	5	5.47886e-07	0.000421324	0.000820169	15	CCCTCGCCCCTCCCC	CCCCCCCCCGGCCCCGCCCCCC	-
158-CCCTCGCCCCTCCCC	KLF15_HUMAN.H11MO.0.A	4	6.70324e-06	0.00515479	0.00402342	15	CCCTCGCCCCTCCCC	CCCCCCCCTGCTCCTCCCC	-
158-CCCTCGCCCCTCCCC	SP3_HUMAN.H11MO.0.B	0	9.69039e-06	0.00745191	0.00402342	15	CCCTCGCCCCTCCCC	CCCCGGCCCCGCCCCCCCCC	-
158-CCCTCGCCCCTCCCC	TBX1_HUMAN.H11MO.0.D	1	1.45299e-05	0.0111735	0.00402342	15	CCCTCGCCCCTCCCC	CCGCCCACCCCTGCCCACCC	-
158-CCCTCGCCCCTCCCC	ZN467_HUMAN.H11MO.0.C	7	1.54299e-05	0.0118656	0.00402342	15	CCCTCGCCCCTCCCC	CCCCCCCCCCCCTCCCCTCCCC	-
158-CCCTCGCCCCTCCCC	KLF16_HUMAN.H11MO.0.D	3	1.61417e-05	0.012413	0.00402342	15	CCCTCGCCCCTCCCC	CCCCCCCCCCCCCGCCCCC	-
158-CCCTCGCCCCTCCCC	KLF12_HUMAN.H11MO.0.C	-5	1.8814e-05	0.014468	0.00402342	10	CCCTCGCCCCTCCCC	GCCCCGCCCCT	-
158-CCCTCGCCCCTCCCC	WT1_HUMAN.H11MO.0.C	0	2.16228e-05	0.0166279	0.00404609	15	CCCTCGCCCCTCCCC	CCCCCCCTCCTCCCCCGCCC	-
158-CCCTCGCCCCTCCCC	MAZ_HUMAN.H11MO.0.A	6	2.62502e-05	0.0201864	0.00436619	15	CCCTCGCCCCTCCCC	CCCCCCCCCCCCCCCCTCCCCC	-
158-CCCTCGCCCCTCCCC	MAZ_HUMAN.H11MO.1.A	-5	3.02991e-05	0.0233	0.00453568	10	CCCTCGCCCCTCCCC	CCCCCTCCCTC	-
158-CCCTCGCCCCTCCCC	KLF1_HUMAN.H11MO.0.A	-1	3.96575e-05	0.0304967	0.00539692	14	CCCTCGCCCCTCCCC	CCCGGCCCCGCCCC	-
158-CCCTCGCCCCTCCCC	SP2_HUMAN.H11MO.0.A	1	5.0068e-05	0.0385023	0.00601038	15	CCCTCGCCCCTCCCC	CCCCCGGCCCCGCCCCCCCCCC	-
158-CCCTCGCCCCTCCCC	ZN148_HUMAN.H11MO.0.D	0	5.21954e-05	0.0401383	0.00601038	15	CCCTCGCCCCTCCCC	CCCCTCCCCCACCCC	-
158-CCCTCGCCCCTCCCC	KLF6_HUMAN.H11MO.0.A	1	8.45088e-05	0.0649873	0.00893265	15	CCCTCGCCCCTCCCC	CCCCCGGCCCCGCCCTTCC	-
158-CCCTCGCCCCTCCCC	SP1_HUMAN.H11MO.1.A	-3	9.15869e-05	0.0704303	0.00893265	12	CCCTCGCCCCTCCCC	CGGCCCCGCCCCCC	-
158-CCCTCGCCCCTCCCC	TBX15_HUMAN.H11MO.0.D	2	9.54745e-05	0.0734199	0.00893265	15	CCCTCGCCCCTCCCC	CCCCCACCCCCCCCCCCCC	-
158-CCCTCGCCCCTCCCC	ZN281_HUMAN.H11MO.0.A	1	0.000109057	0.0838645	0.0096032	14	CCCTCGCCCCTCCCC	TCCCCTCCCCCACCC	-
158-CCCTCGCCCCTCCCC	KLF3_HUMAN.H11MO.0.B	4	0.000121591	0.0935038	0.0101114	15	CCCTCGCCCCTCCCC	CCCGGCCCCGCCCCTCCCC	-
158-CCCTCGCCCCTCCCC	PATZ1_HUMAN.H11MO.1.C	-6	0.000128337	0.098691	0.0101114	9	CCCTCGCCCCTCCCC	CCCCTCCCT	-
158-CCCTCGCCCCTCCCC	VEZF1_HUMAN.H11MO.0.C	7	0.000143461	0.110321	0.0107378	15	CCCTCGCCCCTCCCC	CCCCTCCCCCTCCCCCCTCCCC	-
158-CCCTCGCCCCTCCCC	KLF5_HUMAN.H11MO.0.A	-1	0.0001508	0.115965	0.0107497	14	CCCTCGCCCCTCCCC	CCCAGCCCCACCCT	-
158-CCCTCGCCCCTCCCC	PATZ1_HUMAN.H11MO.0.C	6	0.000193505	0.148806	0.0131669	15	CCCTCGCCCCTCCCC	CCTCCCCCCCCGCCCCCTCCCC	-
158-CCCTCGCCCCTCCCC	SP2_HUMAN.H11MO.1.B	-5	0.000262249	0.201669	0.0170686	10	CCCTCGCCCCTCCCC	GCCCCGCCCCCT	-
158-CCCTCGCCCCTCCCC	SP4_HUMAN.H11MO.1.A	2	0.000319383	0.245605	0.0199211	14	CCCTCGCCCCTCCCC	CGGCCCCGCCCCCTCC	-
158-CCCTCGCCCCTCCCC	SP4_HUMAN.H11MO.0.A	-1	0.000428378	0.329422	0.0256507	14	CCCTCGCCCCTCCCC	CCCGGCCCCGCCCCCTTCCC	-
158-CCCTCGCCCCTCCCC	KLF4_HUMAN.H11MO.0.A	-5	0.000551077	0.423778	0.0314392	10	CCCTCGCCCCTCCCC	GCCACACCCT	-
158-CCCTCGCCCCTCCCC	ZN263_HUMAN.H11MO.0.A	6	0.000567051	0.436062	0.0314392	14	CCCTCGCCCCTCCCC	CTCCTCCTCTCCCTCCTCCC	-
158-CCCTCGCCCCTCCCC	ZBT17_HUMAN.H11MO.0.A	4	0.000645114	0.496093	0.0344899	15	CCCTCGCCCCTCCCC	CTTCCCCTCCCCCACCCTC	-
158-CCCTCGCCCCTCCCC	SRBP2_HUMAN.H11MO.0.B	-1	0.000688529	0.529479	0.0355416	13	CCCTCGCCCCTCCCC	CCTCACCCCACCC	-
158-CCCTCGCCCCTCCCC	EGR4_HUMAN.H11MO.0.D	-5	0.000793337	0.610076	0.0395867	10	CCCTCGCCCCTCCCC	GCCCTGCCGCC	-
158-CCCTCGCCCCTCCCC	ZN740_HUMAN.H11MO.0.D	-2	0.000880508	0.677111	0.0409976	13	CCCTCGCCCCTCCCC	CCCACCCCCCCCCC	-
158-CCCTCGCCCCTCCCC	ZN341_HUMAN.H11MO.0.C	6	0.000901525	0.693273	0.0409976	15	CCCTCGCCCCTCCCC	GCTCTTCCCTCCCCCCCCCCCC	-
158-CCCTCGCCCCTCCCC	KLF9_HUMAN.H11MO.0.C	1	0.000908945	0.698979	0.0409976	14	CCCTCGCCCCTCCCC	GGCCACGCCCCCTCC	-
158-CCCTCGCCCCTCCCC	ZN219_HUMAN.H11MO.0.D	0	0.000931159	0.716061	0.0409976	12	CCCTCGCCCCTCCCC	TCCGCCCCCCTC	-
158-CCCTCGCCCCTCCCC	KLF14_HUMAN.H11MO.0.D	0	0.00123489	0.949634	0.0528171	13	CCCTCGCCCCTCCCC	GCCACGCCCCCCT	-
158-CCCTCGCCCCTCCCC	PLAG1_HUMAN.H11MO.0.D	1	0.00144927	1.11449	0.0602643	15	CCCTCGCCCCTCCCC	CCCCTCCTGATGCCCCC	-
158-CCCTCGCCCCTCCCC	EGR2_HUMAN.H11MO.0.A	0	0.00159163	1.22396	0.0633814	15	CCCTCGCCCCTCCCC	CCCCTCCCACACCCCCCC	-
158-CCCTCGCCCCTCCCC	COT1_HUMAN.H11MO.0.C	0	0.00160891	1.23725	0.0633814	15	CCCTCGCCCCTCCCC	CCCTGACCTCTGACCCC	-
158-CCCTCGCCCCTCCCC	ZN770_HUMAN.H11MO.0.C	2	0.00211592	1.62714	0.0812171	15	CCCTCGCCCCTCCCC	GATCCTCCCGCCTCAGCCTCCC	-
158-CCCTCGCCCCTCCCC	ZSC22_HUMAN.H11MO.0.C	-1	0.00234936	1.80666	0.0879232	14	CCCTCGCCCCTCCCC	CCTCCTCCCTCAGACC	-
158-CCCTCGCCCCTCCCC	EGR2_HUMAN.H11MO.1.A	0	0.00260124	2.00035	0.094975	15	CCCTCGCCCCTCCCC	CCCCCGCCCACGCCCC	-
158-CCCTCGCCCCTCCCC	EGR1_HUMAN.H11MO.0.A	0	0.00282718	2.1741	0.100767	15	CCCTCGCCCCTCCCC	CCCCCGCCCACGCCCTC	-
158-CCCTCGCCCCTCCCC	SALL4_HUMAN.H11MO.0.B	-7	0.00358666	2.75814	0.124863	8	CCCTCGCCCCTCCCC	CCCACCCTCC	-
158-CCCTCGCCCCTCCCC	ZN257_HUMAN.H11MO.0.C	1	0.00421583	3.24197	0.142127	11	CCCTCGCCCCTCCCC	GCTCTTGCCTCT	+
158-CCCTCGCCCCTCCCC	ZN816_HUMAN.H11MO.0.C	-1	0.00427243	3.2855	0.142127	14	CCCTCGCCCCTCCCC	CCCTGCATGTCCCCCTTTTTT	-
158-CCCTCGCCCCTCCCC	ZFX_HUMAN.H11MO.1.A	0	0.00464481	3.57186	0.151155	15	CCCTCGCCCCTCCCC	CCCCGGCCTCCGCCCCC	-
158-CCCTCGCCCCTCCCC	KLF13_HUMAN.H11MO.0.D	-2	0.00546334	4.20131	0.172867	11	CCCTCGCCCCTCCCC	CACGCCCCCCT	-
158-CCCTCGCCCCTCCCC	VEZF1_HUMAN.H11MO.1.C	-5	0.00554293	4.26251	0.172867	10	CCCTCGCCCCTCCCC	CCCCCTCCCCCT	-
158-CCCTCGCCCCTCCCC	E2F7_HUMAN.H11MO.0.B	-2	0.00667448	5.13267	0.203908	13	CCCTCGCCCCTCCCC	CCTTTCCCGCCCC	-
158-CCCTCGCCCCTCCCC	PROX1_HUMAN.H11MO.0.D	1	0.00683493	5.25606	0.204634	15	CCCTCGCCCCTCCCC	CCCAACCCGCCTTACCC	-
158-CCCTCGCCCCTCCCC	COT1_HUMAN.H11MO.1.C	0	0.00739588	5.68744	0.215363	13	CCCTCGCCCCTCCCC	CCCTGACCTCTGC	-
158-CCCTCGCCCCTCCCC	ZN320_HUMAN.H11MO.0.C	7	0.00748103	5.75291	0.215363	13	CCCTCGCCCCTCCCC	CACTGGCCCCCTGGTCCCAC	-
158-CCCTCGCCCCTCCCC	TBX3_HUMAN.H11MO.0.C	-2	0.00763241	5.86932	0.215575	11	CCCTCGCCCCTCCCC	TTCCCACCTCC	-
158-CCCTCGCCCCTCCCC	WT1_HUMAN.H11MO.1.B	-5	0.00851645	6.54915	0.23609	10	CCCTCGCCCCTCCCC	CCTCCTCCCAC	-
158-CCCTCGCCCCTCCCC	ZIC1_HUMAN.H11MO.0.B	-6	0.00959537	7.37884	0.261163	9	CCCTCGCCCCTCCCC	GACCACCCC	-
158-CCCTCGCCCCTCCCC	NFIC_HUMAN.H11MO.0.A	-1	0.00996123	7.66019	0.26628	14	CCCTCGCCCCTCCCC	CTTGGCTCCCTGCCAAG	+
158-CCCTCGCCCCTCCCC	E2F6_HUMAN.H11MO.0.A	-2	0.0105305	8.09798	0.276559	13	CCCTCGCCCCTCCCC	CCCTTCCCGCCCC	-
158-CCCTCGCCCCTCCCC	RXRA_HUMAN.H11MO.0.A	0	0.0114132	8.77673	0.285031	15	CCCTCGCCCCTCCCC	CTCTGACCTCTGCCTCCCCC	-
158-CCCTCGCCCCTCCCC	SMAD3_HUMAN.H11MO.0.B	0	0.0115993	8.9199	0.285031	12	CCCTCGCCCCTCCCC	CTCTGTCACCTG	+
158-CCCTCGCCCCTCCCC	TBX21_HUMAN.H11MO.0.A	-2	0.0116297	8.94324	0.285031	13	CCCTCGCCCCTCCCC	TTCACACCTCCAC	-
158-CCCTCGCCCCTCCCC	ZN263_HUMAN.H11MO.1.A	-5	0.011767	9.04882	0.285031	10	CCCTCGCCCCTCCCC	CCTCCTCCCTC	-
158-CCCTCGCCCCTCCCC	AP2D_HUMAN.H11MO.0.D	-1	0.0118051	9.07814	0.285031	14	CCCTCGCCCCTCCCC	ACGCGCCTCGGGCG	-
158-CCCTCGCCCCTCCCC	EOMES_HUMAN.H11MO.0.D	-2	0.012847	9.87934	0.299023	12	CCCTCGCCCCTCCCC	TTAACACCTCCT	-
158-CCCTCGCCCCTCCCC	ZBT7A_HUMAN.H11MO.0.A	-3	0.0128743	9.90032	0.299023	9	CCCTCGCCCCTCCCC	GAGACCCCC	-
158-CCCTCGCCCCTCCCC	TFDP1_HUMAN.H11MO.0.C	0	0.0129839	9.98462	0.299023	14	CCCTCGCCCCTCCCC	TTTTCCCGCCCCCC	-
158-CCCTCGCCCCTCCCC	RFX1_HUMAN.H11MO.0.B	6	0.0135953	10.4548	0.30836	15	CCCTCGCCCCTCCCC	CCGTCGCCATGGCAACCGGGGC	-
158-CCCTCGCCCCTCCCC	E2F1_HUMAN.H11MO.0.A	0	0.0149576	11.5024	0.334196	14	CCCTCGCCCCTCCCC	CTTTCCCGCCCCCC	-
158-CCCTCGCCCCTCCCC	E2F4_HUMAN.H11MO.0.A	-3	0.0155948	11.9924	0.343307	12	CCCTCGCCCCTCCCC	ATTTCCCGCCCCC	-
158-CCCTCGCCCCTCCCC	PURA_HUMAN.H11MO.0.D	-1	0.0172104	13.2348	0.373384	14	CCCTCGCCCCTCCCC	CCCTGCCCCCCCCTTCC	-
158-CCCTCGCCCCTCCCC	COT2_HUMAN.H11MO.1.A	0	0.0179949	13.8381	0.384827	15	CCCTCGCCCCTCCCC	CCCTGACCTTTGACCCC	-
158-CCCTCGCCCCTCCCC	ZN524_HUMAN.H11MO.0.D	7	0.0203835	15.6749	0.429767	11	CCCTCGCCCCTCCCC	ACTCGAACCCTCGAACCC	-
158-CCCTCGCCCCTCCCC	RFX1_HUMAN.H11MO.1.B	0	0.0208374	16.0239	0.433235	11	CCCTCGCCCCTCCCC	CCATGGCAACC	-
158-CCCTCGCCCCTCCCC	FLI1_HUMAN.H11MO.0.A	1	0.0212996	16.3794	0.434881	15	CCCTCGCCCCTCCCC	TCCCTCCTTCCTTCCTCC	-
158-CCCTCGCCCCTCCCC	NFIA_HUMAN.H11MO.0.C	-2	0.0214976	16.5316	0.434881	13	CCCTCGCCCCTCCCC	TTGGCACCGTGCCAA	-
158-CCCTCGCCCCTCCCC	PLAL1_HUMAN.H11MO.0.D	-3	0.0218887	16.8324	0.435753	10	CCCTCGCCCCTCCCC	GGGCCCCCCG	-
158-CCCTCGCCCCTCCCC	TBX5_HUMAN.H11MO.0.D	-3	0.0221229	17.0125	0.435753	8	CCCTCGCCCCTCCCC	TCACACCT	-
158-CCCTCGCCCCTCCCC	GLIS3_HUMAN.H11MO.0.D	-4	0.0230653	17.7372	0.448417	10	CCCTCGCCCCTCCCC	TACCCCCCAC	-
158-CCCTCGCCCCTCCCC	PPARG_HUMAN.H11MO.0.A	-3	0.0234362	18.0225	0.449786	12	CCCTCGCCCCTCCCC	TGACCTTTGCCCCACTT	-
158-CCCTCGCCCCTCCCC	ZN816_HUMAN.H11MO.1.C	1	0.0259465	19.9529	0.487033	13	CCCTCGCCCCTCCCC	TGCATGTCCCCCTT	-
158-CCCTCGCCCCTCCCC	GLIS1_HUMAN.H11MO.0.D	-4	0.0262384	20.1774	0.487033	11	CCCTCGCCCCTCCCC	AGACCCCCCACGA	-
158-CCCTCGCCCCTCCCC	NKX25_HUMAN.H11MO.0.B	-6	0.026353	20.2655	0.487033	8	CCCTCGCCCCTCCCC	CCTCTCCA	-
161-AAGAAGYCAG	NR2E1_HUMAN.H11MO.0.D	5	0.000304267	0.233981	0.467962	10	AAGAAGCCAG	AAGTCAAAAAGTCAATT	+
162-AAGCGCSCAAGM	E2F5_HUMAN.H11MO.0.B	-1	0.000119987	0.0922699	0.18454	10	AAGCGCGCAAGA	CGCGCCAAAC	+
163-AAGGGGCGGGACG	KLF12_HUMAN.H11MO.0.C	-1	2.70533e-06	0.0020804	0.00408806	11	AAGGGGCGGGACG	AGGGGCGGGGC	+
163-AAGGGGCGGGACG	SP1_HUMAN.H11MO.1.A	0	9.99734e-06	0.00768796	0.00730324	13	AAGGGGCGGGACG	GGGGGGCGGGGCCG	+
163-AAGGGGCGGGACG	SP2_HUMAN.H11MO.1.B	0	1.44991e-05	0.0111498	0.00730324	12	AAGGGGCGGGACG	AGGGGGCGGGGC	+
163-AAGGGGCGGGACG	SP1_HUMAN.H11MO.0.A	0	4.00609e-05	0.0308068	0.0104617	13	AAGGGGCGGGACG	GGGGGGCGGGGCCGGGGGGGGG	+
163-AAGGGGCGGGACG	TFDP1_HUMAN.H11MO.0.C	0	4.28888e-05	0.0329815	0.0104617	13	AAGGGGCGGGACG	GGGGGGCGGGAAAA	+
163-AAGGGGCGGGACG	E2F4_HUMAN.H11MO.0.A	-1	4.56612e-05	0.0351134	0.0104617	12	AAGGGGCGGGACG	GGGGGCGGGAAAT	+
163-AAGGGGCGGGACG	E2F1_HUMAN.H11MO.0.A	0	4.84622e-05	0.0372674	0.0104617	13	AAGGGGCGGGACG	GGGGGGCGGGAAAG	+
163-AAGGGGCGGGACG	SP4_HUMAN.H11MO.1.A	2	0.000110855	0.0852474	0.0189676	13	AAGGGGCGGGACG	GGAGGGGGCGGGGCCG	+
163-AAGGGGCGGGACG	E2F6_HUMAN.H11MO.0.A	-2	0.000119453	0.0918597	0.0189676	11	AAGGGGCGGGACG	GGGGCGGGAAGGG	+
163-AAGGGGCGGGACG	KLF9_HUMAN.H11MO.0.C	2	0.000125521	0.0965254	0.0189676	13	AAGGGGCGGGACG	GGAGGGGGCGTGGCC	+
163-AAGGGGCGGGACG	SP2_HUMAN.H11MO.0.A	4	0.000207207	0.159342	0.0284647	13	AAGGGGCGGGACG	GGGGGGGGGGCGGGGCCGGGGG	+
163-AAGGGGCGGGACG	MAZ_HUMAN.H11MO.1.A	-1	0.000280434	0.215654	0.0330604	11	AAGGGGCGGGACG	GAGGGAGGGGG	+
163-AAGGGGCGGGACG	SP3_HUMAN.H11MO.0.B	3	0.000284416	0.218716	0.0330604	13	AAGGGGCGGGACG	GGGGGGGGGCGGGGCCGGGG	+
163-AAGGGGCGGGACG	KLF3_HUMAN.H11MO.0.B	3	0.000317066	0.243824	0.0336944	13	AAGGGGCGGGACG	GGGGAGGGGCGGGGCCGGG	+
163-AAGGGGCGGGACG	E2F3_HUMAN.H11MO.0.A	-2	0.000336718	0.258936	0.0336944	11	AAGGGGCGGGACG	AGGGCGGGAAA	+
163-AAGGGGCGGGACG	SP4_HUMAN.H11MO.0.A	4	0.000356764	0.274352	0.0336944	13	AAGGGGCGGGACG	GGGAAGGGGGCGGGGCCGGG	+
163-AAGGGGCGGGACG	E2F7_HUMAN.H11MO.0.B	-2	0.000396055	0.304567	0.0352049	11	AAGGGGCGGGACG	GGGGCGGGAAAGG	+
163-AAGGGGCGGGACG	KLF4_HUMAN.H11MO.0.A	-2	0.000451161	0.346943	0.0378752	10	AAGGGGCGGGACG	AGGGTGTGGC	+
163-AAGGGGCGGGACG	KLF14_HUMAN.H11MO.0.D	1	0.000648175	0.498446	0.0515507	12	AAGGGGCGGGACG	AGGGGGGCGTGGC	+
163-AAGGGGCGGGACG	KLF1_HUMAN.H11MO.0.A	-2	0.000746086	0.57374	0.0563709	11	AAGGGGCGGGACG	GGGGCGGGGCCGGG	+
163-AAGGGGCGGGACG	ZN740_HUMAN.H11MO.0.D	0	0.000971568	0.747135	0.0692881	13	AAGGGGCGGGACG	GGGGGGGGGGTGGG	+
163-AAGGGGCGGGACG	TBX1_HUMAN.H11MO.0.D	7	0.00100936	0.776201	0.0692881	13	AAGGGGCGGGACG	GGGTGGGCAGGGGTGGGCGG	+
163-AAGGGGCGGGACG	KLF16_HUMAN.H11MO.0.D	-1	0.00105461	0.810992	0.0692881	12	AAGGGGCGGGACG	GGGGGCGGGGGGGGGGGGG	+
163-AAGGGGCGGGACG	ZN219_HUMAN.H11MO.0.D	-2	0.00175647	1.35072	0.110076	11	AAGGGGCGGGACG	GAGGGGGGCGGA	+
163-AAGGGGCGGGACG	SALL4_HUMAN.H11MO.0.B	0	0.00187253	1.43998	0.110076	10	AAGGGGCGGGACG	GGAGGGTGGG	+
163-AAGGGGCGGGACG	ZN281_HUMAN.H11MO.0.A	-1	0.00189396	1.45646	0.110076	12	AAGGGGCGGGACG	GGGTGGGGGAGGGGA	+
163-AAGGGGCGGGACG	KLF13_HUMAN.H11MO.0.D	1	0.00235763	1.81302	0.13195	10	AAGGGGCGGGACG	AGGGGGGCGTG	+
163-AAGGGGCGGGACG	ZN816_HUMAN.H11MO.0.C	1	0.00298139	2.29269	0.160901	13	AAGGGGCGGGACG	AAAAAAGGGGGACATGCAGGG	+
163-AAGGGGCGGGACG	KLF5_HUMAN.H11MO.0.A	-2	0.00327805	2.52082	0.170811	11	AAGGGGCGGGACG	AGGGTGGGGCTGGG	+
163-AAGGGGCGGGACG	KLF6_HUMAN.H11MO.0.A	1	0.00341203	2.62385	0.171865	13	AAGGGGCGGGACG	GGAAGGGCGGGGCCGGGGG	+
163-AAGGGGCGGGACG	WT1_HUMAN.H11MO.0.C	-1	0.00363137	2.79252	0.177013	12	AAGGGGCGGGACG	GGGCGGGGGAGGAGGGGGGG	+
163-AAGGGGCGGGACG	EGR4_HUMAN.H11MO.0.D	-4	0.00444811	3.42059	0.210049	9	AAGGGGCGGGACG	GGCGGCAGGGC	+
163-AAGGGGCGGGACG	E2F2_HUMAN.H11MO.0.B	-2	0.00503862	3.8747	0.230725	10	AAGGGGCGGGACG	GGCGCGAAAC	+
163-AAGGGGCGGGACG	TBX15_HUMAN.H11MO.0.D	7	0.00581345	4.47055	0.258376	12	AAGGGGCGGGACG	GGGGGGGGGGGGGTGGGGG	+
163-AAGGGGCGGGACG	E2F4_HUMAN.H11MO.1.A	-4	0.006117	4.70398	0.264099	9	AAGGGGCGGGACG	GGCGGGAAATTTGA	+
163-AAGGGGCGGGACG	ZN148_HUMAN.H11MO.0.D	0	0.0066933	5.14715	0.280953	13	AAGGGGCGGGACG	GGGGTGGGGGAGGGG	+
163-AAGGGGCGGGACG	ZBT17_HUMAN.H11MO.0.A	1	0.00808283	6.2157	0.324556	13	AAGGGGCGGGACG	GAGGGTGGGGGAGGGGAAG	+
163-AAGGGGCGGGACG	ZN263_HUMAN.H11MO.1.A	-2	0.00817582	6.28721	0.324556	11	AAGGGGCGGGACG	GAGGGAGGAGG	+
163-AAGGGGCGGGACG	ZIC1_HUMAN.H11MO.0.B	-2	0.00857945	6.5976	0.324556	9	AAGGGGCGGGACG	GGGGTGGTC	+
163-AAGGGGCGGGACG	TYY2_HUMAN.H11MO.0.D	1	0.00859118	6.60662	0.324556	10	AAGGGGCGGGACG	AAAATGGCGGC	+
163-AAGGGGCGGGACG	MBD2_HUMAN.H11MO.0.B	-2	0.00902603	6.94102	0.330963	11	AAGGGGCGGGACG	CGGGCCGGAGG	+
163-AAGGGGCGGGACG	E2F8_HUMAN.H11MO.0.D	-1	0.00919884	7.0739	0.330963	12	AAGGGGCGGGACG	TTTGGCGGGAAA	+
163-AAGGGGCGGGACG	EGR2_HUMAN.H11MO.1.A	0	0.010153	7.80766	0.356798	13	AAGGGGCGGGACG	GGGGCGTGGGCGGGGG	+
163-AAGGGGCGGGACG	NR0B1_HUMAN.H11MO.0.D	-3	0.0109459	8.41742	0.373112	10	AAGGGGCGGGACG	GCGTGGGAGA	+
163-AAGGGGCGGGACG	SMAD2_HUMAN.H11MO.0.A	-1	0.011111	8.5444	0.373112	12	AAGGGGCGGGACG	AGGTGACAGACA	-
163-AAGGGGCGGGACG	EGR1_HUMAN.H11MO.0.A	1	0.0118657	9.12471	0.38979	13	AAGGGGCGGGACG	GAGGGCGTGGGCGGGGG	+
163-AAGGGGCGGGACG	SMAD4_HUMAN.H11MO.0.B	-1	0.0127124	9.77581	0.403706	12	AAGGGGCGGGACG	AGGTGCCAGACAG	-
163-AAGGGGCGGGACG	EGR2_HUMAN.H11MO.0.A	3	0.0129812	9.98251	0.403706	13	AAGGGGCGGGACG	GGGGGGGTGTGGGAGGGG	+
163-AAGGGGCGGGACG	ZBT14_HUMAN.H11MO.0.C	-2	0.0130908	10.0668	0.403706	9	AAGGGGCGGGACG	GGAGCGCGC	+
163-AAGGGGCGGGACG	KLF15_HUMAN.H11MO.0.A	-2	0.0133657	10.2782	0.403942	11	AAGGGGCGGGACG	GGGGAGGAGCAGGGGGGGG	+
163-AAGGGGCGGGACG	PATZ1_HUMAN.H11MO.0.C	4	0.0142754	10.9778	0.422974	13	AAGGGGCGGGACG	GGGGAGGGGGCGGGGGGGGAGG	+
163-AAGGGGCGGGACG	SUH_HUMAN.H11MO.0.A	-2	0.0153555	11.8083	0.446227	11	AAGGGGCGGGACG	GGCGTGGGAAA	+
163-AAGGGGCGGGACG	GLIS1_HUMAN.H11MO.0.D	0	0.0159085	12.2336	0.450485	13	AAGGGGCGGGACG	TCGTGGGGGGTCT	+
163-AAGGGGCGGGACG	ETV1_HUMAN.H11MO.0.A	-4	0.0160982	12.3795	0.450485	9	AAGGGGCGGGACG	GGCCGGAAGTG	+
163-AAGGGGCGGGACG	VEZF1_HUMAN.H11MO.1.C	0	0.0168351	12.9462	0.454281	12	AAGGGGCGGGACG	AGGGGGAGGGGG	+
163-AAGGGGCGGGACG	HES7_HUMAN.H11MO.0.D	-6	0.0168351	12.9462	0.454281	7	AAGGGGCGGGACG	CGGCACGTGCCA	-
163-AAGGGGCGGGACG	ZN341_HUMAN.H11MO.0.C	6	0.0178565	13.7317	0.473329	13	AAGGGGCGGGACG	GGGGGGGGGGGGAGGGAAGAGC	+
163-AAGGGGCGGGACG	SRBP2_HUMAN.H11MO.0.B	0	0.0181675	13.9708	0.473329	13	AAGGGGCGGGACG	GGGTGGGGTGAGG	+
166-ACACGCCTGAGG	ZN335_HUMAN.H11MO.1.A	-3	0.000405169	0.311575	0.313627	7	ACACGCCTGAGG	TGCCTGA	+
166-ACACGCCTGAGG	AP2D_HUMAN.H11MO.0.D	-3	0.000439633	0.338078	0.313627	9	ACACGCCTGAGG	CGCCCGAGGCGCGT	+
166-ACACGCCTGAGG	P73_HUMAN.H11MO.1.A	2	0.000697561	0.536425	0.313627	10	ACACGCCTGAGG	GAACATGCCTGG	+
166-ACACGCCTGAGG	P53_HUMAN.H11MO.1.A	2	0.000815841	0.627382	0.313627	11	ACACGCCTGAGG	GGACATGCCTGGG	+
166-ACACGCCTGAGG	AP2B_HUMAN.H11MO.0.B	-4	0.00132966	1.02251	0.359124	8	ACACGCCTGAGG	GCCCGGGGGC	+
166-ACACGCCTGAGG	P63_HUMAN.H11MO.1.A	2	0.00140129	1.07759	0.359124	9	ACACGCCTGAGG	GAGCATGCCTG	+
166-ACACGCCTGAGG	AP2C_HUMAN.H11MO.0.A	-1	0.00170306	1.30966	0.374111	11	ACACGCCTGAGG	ATGCCCTGAGGCCA	+
168-ACCCCGCCCCCTTC	KLF12_HUMAN.H11MO.0.C	0	5.2221e-07	0.000401579	0.000343444	11	ACCCCGCCCCCTTC	GCCCCGCCCCT	-
168-ACCCCGCCCCCTTC	SP2_HUMAN.H11MO.1.B	0	6.66813e-07	0.000512779	0.000343444	12	ACCCCGCCCCCTTC	GCCCCGCCCCCT	-
168-ACCCCGCCCCCTTC	SP4_HUMAN.H11MO.1.A	2	6.89894e-07	0.000530528	0.000343444	14	ACCCCGCCCCCTTC	CGGCCCCGCCCCCTCC	-
168-ACCCCGCCCCCTTC	SP1_HUMAN.H11MO.1.A	2	3.34894e-06	0.00257533	0.000972977	12	ACCCCGCCCCCTTC	CGGCCCCGCCCCCC	-
168-ACCCCGCCCCCTTC	SP3_HUMAN.H11MO.0.B	5	3.93894e-06	0.00302904	0.000972977	14	ACCCCGCCCCCTTC	CCCCGGCCCCGCCCCCCCCC	-
168-ACCCCGCCCCCTTC	KLF9_HUMAN.H11MO.0.C	1	4.00992e-06	0.00308363	0.000972977	14	ACCCCGCCCCCTTC	GGCCACGCCCCCTCC	-
168-ACCCCGCCCCCTTC	SP4_HUMAN.H11MO.0.A	4	4.56042e-06	0.00350696	0.000972977	14	ACCCCGCCCCCTTC	CCCGGCCCCGCCCCCTTCCC	-
168-ACCCCGCCCCCTTC	MAZ_HUMAN.H11MO.1.A	0	7.53169e-06	0.00579187	0.0013723	11	ACCCCGCCCCCTTC	CCCCCTCCCTC	-
168-ACCCCGCCCCCTTC	SP1_HUMAN.H11MO.0.A	10	8.26983e-06	0.0063595	0.0013723	12	ACCCCGCCCCCTTC	CCCCCCCCCGGCCCCGCCCCCC	-
168-ACCCCGCCCCCTTC	ZN281_HUMAN.H11MO.0.A	0	9.96896e-06	0.00766613	0.00148883	14	ACCCCGCCCCCTTC	TCCCCTCCCCCACCC	-
168-ACCCCGCCCCCTTC	KLF14_HUMAN.H11MO.0.D	0	1.18728e-05	0.00913022	0.00152282	13	ACCCCGCCCCCTTC	GCCACGCCCCCCT	-
168-ACCCCGCCCCCTTC	ZN148_HUMAN.H11MO.0.D	-1	1.22358e-05	0.00940935	0.00152282	13	ACCCCGCCCCCTTC	CCCCTCCCCCACCCC	-
168-ACCCCGCCCCCTTC	KLF3_HUMAN.H11MO.0.B	4	1.74255e-05	0.0134002	0.00200188	14	ACCCCGCCCCCTTC	CCCGGCCCCGCCCCTCCCC	-
168-ACCCCGCCCCCTTC	SP2_HUMAN.H11MO.0.A	6	1.91833e-05	0.0147519	0.0020464	14	ACCCCGCCCCCTTC	CCCCCGGCCCCGCCCCCCCCCC	-
168-ACCCCGCCCCCTTC	KLF4_HUMAN.H11MO.0.A	0	3.90104e-05	0.029999	0.00388405	10	ACCCCGCCCCCTTC	GCCACACCCT	-
168-ACCCCGCCCCCTTC	EGR4_HUMAN.H11MO.0.D	0	4.25084e-05	0.032689	0.00396781	11	ACCCCGCCCCCTTC	GCCCTGCCGCC	-
168-ACCCCGCCCCCTTC	KLF13_HUMAN.H11MO.0.D	-2	5.72297e-05	0.0440096	0.00502768	11	ACCCCGCCCCCTTC	CACGCCCCCCT	-
168-ACCCCGCCCCCTTC	ZN219_HUMAN.H11MO.0.D	-2	0.000114401	0.0879743	0.00949189	12	ACCCCGCCCCCTTC	TCCGCCCCCCTC	-
168-ACCCCGCCCCCTTC	WT1_HUMAN.H11MO.0.C	5	0.000256027	0.196885	0.0201247	14	ACCCCGCCCCCTTC	CCCCCCCTCCTCCCCCGCCC	-
168-ACCCCGCCCCCTTC	CTCFL_HUMAN.H11MO.0.A	-1	0.000291212	0.223942	0.0205981	13	ACCCCGCCCCCTTC	CGGCGCCCCCTGGCGGC	-
168-ACCCCGCCCCCTTC	TBX15_HUMAN.H11MO.0.D	0	0.000301773	0.232063	0.0205981	14	ACCCCGCCCCCTTC	CCCCCACCCCCCCCCCCCC	-
168-ACCCCGCCCCCTTC	SALL4_HUMAN.H11MO.0.B	-2	0.000315059	0.24228	0.0205981	10	ACCCCGCCCCCTTC	CCCACCCTCC	-
168-ACCCCGCCCCCTTC	KLF1_HUMAN.H11MO.0.A	4	0.00031722	0.243942	0.0205981	10	ACCCCGCCCCCTTC	CCCGGCCCCGCCCC	-
168-ACCCCGCCCCCTTC	PATZ1_HUMAN.H11MO.1.C	-1	0.000352193	0.270836	0.0218073	9	ACCCCGCCCCCTTC	CCCCTCCCT	-
168-ACCCCGCCCCCTTC	TBX1_HUMAN.H11MO.0.D	6	0.000365045	0.280719	0.0218073	14	ACCCCGCCCCCTTC	CCGCCCACCCCTGCCCACCC	-
168-ACCCCGCCCCCTTC	ZBT17_HUMAN.H11MO.0.A	2	0.000381403	0.293299	0.0219082	14	ACCCCGCCCCCTTC	CTTCCCCTCCCCCACCCTC	-
168-ACCCCGCCCCCTTC	EGR2_HUMAN.H11MO.0.A	-1	0.000491497	0.377961	0.0271865	13	ACCCCGCCCCCTTC	CCCCTCCCACACCCCCCC	-
168-ACCCCGCCCCCTTC	ZN740_HUMAN.H11MO.0.D	3	0.00053327	0.410085	0.0284436	11	ACCCCGCCCCCTTC	CCCACCCCCCCCCC	-
168-ACCCCGCCCCCTTC	EGR1_HUMAN.H11MO.0.A	0	0.000580398	0.446326	0.0293695	14	ACCCCGCCCCCTTC	CCCCCGCCCACGCCCTC	-
168-ACCCCGCCCCCTTC	ZSC22_HUMAN.H11MO.0.C	-3	0.000589959	0.453678	0.0293695	11	ACCCCGCCCCCTTC	CCTCCTCCCTCAGACC	-
168-ACCCCGCCCCCTTC	PATZ1_HUMAN.H11MO.0.C	6	0.00064345	0.494813	0.0309991	14	ACCCCGCCCCCTTC	CCTCCCCCCCCGCCCCCTCCCC	-
168-ACCCCGCCCCCTTC	KLF16_HUMAN.H11MO.0.D	8	0.000715345	0.5501	0.0333858	11	ACCCCGCCCCCTTC	CCCCCCCCCCCCCGCCCCC	-
168-ACCCCGCCCCCTTC	MAZ_HUMAN.H11MO.0.A	5	0.000763262	0.586949	0.0345427	14	ACCCCGCCCCCTTC	CCCCCCCCCCCCCCCCTCCCCC	-
168-ACCCCGCCCCCTTC	EGR2_HUMAN.H11MO.1.A	0	0.00082408	0.633718	0.0361981	14	ACCCCGCCCCCTTC	CCCCCGCCCACGCCCC	-
168-ACCCCGCCCCCTTC	KLF6_HUMAN.H11MO.0.A	6	0.00105545	0.81164	0.0450365	13	ACCCCGCCCCCTTC	CCCCCGGCCCCGCCCTTCC	-
168-ACCCCGCCCCCTTC	VEZF1_HUMAN.H11MO.0.C	5	0.00112964	0.868696	0.045784	14	ACCCCGCCCCCTTC	CCCCTCCCCCTCCCCCCTCCCC	-
168-ACCCCGCCCCCTTC	E2F4_HUMAN.H11MO.0.A	2	0.00113428	0.87226	0.045784	11	ACCCCGCCCCCTTC	ATTTCCCGCCCCC	-
168-ACCCCGCCCCCTTC	INSM1_HUMAN.H11MO.0.C	-4	0.00140309	1.07898	0.055144	10	ACCCCGCCCCCTTC	TGCCCCCTGACA	-
168-ACCCCGCCCCCTTC	KLF15_HUMAN.H11MO.0.A	3	0.00154399	1.18733	0.0586112	14	ACCCCGCCCCCTTC	CCCCCCCCTGCTCCTCCCC	-
168-ACCCCGCCCCCTTC	ZN467_HUMAN.H11MO.0.C	5	0.0015698	1.20718	0.0586112	14	ACCCCGCCCCCTTC	CCCCCCCCCCCCTCCCCTCCCC	-
168-ACCCCGCCCCCTTC	VEZF1_HUMAN.H11MO.1.C	0	0.00187284	1.44022	0.0682203	12	ACCCCGCCCCCTTC	CCCCCTCCCCCT	-
168-ACCCCGCCCCCTTC	TFDP1_HUMAN.H11MO.0.C	2	0.00199455	1.53381	0.0709237	12	ACCCCGCCCCCTTC	TTTTCCCGCCCCCC	-
168-ACCCCGCCCCCTTC	KLF5_HUMAN.H11MO.0.A	4	0.00221691	1.7048	0.0769972	10	ACCCCGCCCCCTTC	CCCAGCCCCACCCT	-
168-ACCCCGCCCCCTTC	GLIS3_HUMAN.H11MO.0.D	1	0.00255567	1.96531	0.0867457	9	ACCCCGCCCCCTTC	TACCCCCCAC	-
168-ACCCCGCCCCCTTC	ZIC1_HUMAN.H11MO.0.B	-1	0.00278138	2.13888	0.0911388	9	ACCCCGCCCCCTTC	GACCACCCC	-
168-ACCCCGCCCCCTTC	TAF1_HUMAN.H11MO.0.A	0	0.00280715	2.1587	0.0911388	14	ACCCCGCCCCCTTC	CCGCCGCCGCCATCTT	-
168-ACCCCGCCCCCTTC	WT1_HUMAN.H11MO.1.B	0	0.0032589	2.50609	0.103555	11	ACCCCGCCCCCTTC	CCTCCTCCCAC	-
168-ACCCCGCCCCCTTC	ZN816_HUMAN.H11MO.0.C	4	0.00348916	2.68317	0.108561	14	ACCCCGCCCCCTTC	CCCTGCATGTCCCCCTTTTTT	-
168-ACCCCGCCCCCTTC	KLF8_HUMAN.H11MO.0.C	-4	0.00381733	2.93553	0.114784	9	ACCCCGCCCCCTTC	CACCCCCTG	-
168-ACCCCGCCCCCTTC	ZN770_HUMAN.H11MO.1.C	-1	0.00386867	2.975	0.114784	11	ACCCCGCCCCCTTC	CTCAGCCTCCC	-
168-ACCCCGCCCCCTTC	E2F1_HUMAN.H11MO.0.A	2	0.00391972	3.01426	0.114784	12	ACCCCGCCCCCTTC	CTTTCCCGCCCCCC	-
168-ACCCCGCCCCCTTC	ZN263_HUMAN.H11MO.0.A	4	0.00446762	3.4356	0.128312	14	ACCCCGCCCCCTTC	CTCCTCCTCTCCCTCCTCCC	-
168-ACCCCGCCCCCTTC	TYY1_HUMAN.H11MO.0.A	-2	0.00507781	3.90484	0.141759	12	ACCCCGCCCCCTTC	GCCGCCATCTTG	-
168-ACCCCGCCCCCTTC	ZN263_HUMAN.H11MO.1.A	0	0.00512563	3.94161	0.141759	11	ACCCCGCCCCCTTC	CCTCCTCCCTC	-
168-ACCCCGCCCCCTTC	CTCF_HUMAN.H11MO.0.A	-1	0.00561348	4.31676	0.152428	13	ACCCCGCCCCCTTC	TGGCGCCCCCTGGTGGCCA	-
168-ACCCCGCCCCCTTC	EGR3_HUMAN.H11MO.0.D	-3	0.00572718	4.4042	0.152739	11	ACCCCGCCCCCTTC	ACACCCACTCT	-
168-ACCCCGCCCCCTTC	PLAL1_HUMAN.H11MO.0.D	-3	0.00585755	4.50445	0.153475	10	ACCCCGCCCCCTTC	GGGCCCCCCG	-
168-ACCCCGCCCCCTTC	E2F7_HUMAN.H11MO.0.B	3	0.00732487	5.63283	0.188611	10	ACCCCGCCCCCTTC	CCTTTCCCGCCCC	-
168-ACCCCGCCCCCTTC	ZN816_HUMAN.H11MO.1.C	1	0.00787451	6.0555	0.199327	13	ACCCCGCCCCCTTC	TGCATGTCCCCCTT	-
168-ACCCCGCCCCCTTC	COT1_HUMAN.H11MO.1.C	-1	0.00809665	6.22633	0.201535	13	ACCCCGCCCCCTTC	CCCTGACCTCTGC	-
168-ACCCCGCCCCCTTC	GLIS1_HUMAN.H11MO.0.D	2	0.00894358	6.87761	0.218966	11	ACCCCGCCCCCTTC	AGACCCCCCACGA	-
168-ACCCCGCCCCCTTC	THAP1_HUMAN.H11MO.0.C	-1	0.0094494	7.26659	0.227619	13	ACCCCGCCCCCTTC	CGCCGCCATCTTGGCTGCGGGC	+
168-ACCCCGCCCCCTTC	MAFA_HUMAN.H11MO.0.D	6	0.0109084	8.38856	0.258593	14	ACCCCGCCCCCTTC	GTGCTGACCCCGCAGCCTTCG	+
168-ACCCCGCCCCCTTC	PROX1_HUMAN.H11MO.0.D	3	0.0115513	8.88292	0.269554	14	ACCCCGCCCCCTTC	CCCAACCCGCCTTACCC	-
168-ACCCCGCCCCCTTC	ZBT7A_HUMAN.H11MO.0.A	-3	0.011899	9.15037	0.270838	9	ACCCCGCCCCCTTC	GAGACCCCC	-
168-ACCCCGCCCCCTTC	PURA_HUMAN.H11MO.0.D	-1	0.0121045	9.30838	0.270838	13	ACCCCGCCCCCTTC	CCCTGCCCCCCCCTTCC	-
168-ACCCCGCCCCCTTC	TYY2_HUMAN.H11MO.0.D	-2	0.0121504	9.34363	0.270838	11	ACCCCGCCCCCTTC	GCCGCCATTTT	-
168-ACCCCGCCCCCTTC	E2F6_HUMAN.H11MO.0.A	3	0.0125999	9.6893	0.276728	10	ACCCCGCCCCCTTC	CCCTTCCCGCCCC	-
168-ACCCCGCCCCCTTC	E2F3_HUMAN.H11MO.0.A	1	0.0157307	12.0969	0.340482	10	ACCCCGCCCCCTTC	TTTCCCGCCCT	-
168-ACCCCGCCCCCTTC	CENPB_HUMAN.H11MO.0.D	0	0.0167192	12.8571	0.353865	14	ACCCCGCCCCCTTC	AACCCGCATCGTACGAA	-
168-ACCCCGCCCCCTTC	GLIS2_HUMAN.H11MO.0.D	1	0.0168229	12.9368	0.353865	13	ACCCCGCCCCCTTC	GACCCCCCGCGAAG	-
168-ACCCCGCCCCCTTC	ZN770_HUMAN.H11MO.0.C	0	0.0191349	14.7147	0.396907	14	ACCCCGCCCCCTTC	GATCCTCCCGCCTCAGCCTCCC	-
168-ACCCCGCCCCCTTC	ZFX_HUMAN.H11MO.1.A	-1	0.0200363	15.4079	0.409912	13	ACCCCGCCCCCTTC	CCCCGGCCTCCGCCCCC	-
168-ACCCCGCCCCCTTC	ZIC4_HUMAN.H11MO.0.D	-1	0.0206695	15.8948	0.417151	13	ACCCCGCCCCCTTC	GACCCCCCGCTGTGC	-
168-ACCCCGCCCCCTTC	COT1_HUMAN.H11MO.0.C	-1	0.0209552	16.1145	0.417278	13	ACCCCGCCCCCTTC	CCCTGACCTCTGACCCC	-
168-ACCCCGCCCCCTTC	ZN320_HUMAN.H11MO.0.C	0	0.0236192	18.1632	0.464139	14	ACCCCGCCCCCTTC	CACTGGCCCCCTGGTCCCAC	-
170-ACTCCCAGSASSCG	THA11_HUMAN.H11MO.0.B	8	7.38143e-06	0.00567632	0.0113429	14	ACTCCCAGGACCCG	GAACTACAACTCCCAGCATGCC	-
170-ACTCCCAGSASSCG	ZN143_HUMAN.H11MO.0.A	8	1.89537e-05	0.0145754	0.0145629	14	ACTCCCAGGACCCG	GAACTACAATTCCCAGAATGCC	-
170-ACTCCCAGSASSCG	ZNF76_HUMAN.H11MO.0.C	6	4.01656e-05	0.0308873	0.0205739	14	ACTCCCAGGACCCG	ACTACAATTCCCAGAATGCCCC	-
170-ACTCCCAGSASSCG	IKZF1_HUMAN.H11MO.0.C	0	0.000904604	0.695641	0.347522	8	ACTCCCAGGACCCG	TCTCCCAA	-
170-ACTCCCAGSASSCG	ZN282_HUMAN.H11MO.0.D	0	0.00113351	0.871666	0.348368	14	ACTCCCAGGACCCG	TTTCCCATAACACG	-
170-ACTCCCAGSASSCG	ZF64A_HUMAN.H11MO.0.D	3	0.00187936	1.44523	0.481331	13	ACTCCCAGGACCCG	CAGGTTCCCGGGCCCC	-
176-CCGGCGGAGGGGGC	MAZ_HUMAN.H11MO.1.A	-2	8.02135e-05	0.0616842	0.0553956	11	CCGGCGGAGGGGGC	GAGGGAGGGGG	+
176-CCGGCGGAGGGGGC	EGR4_HUMAN.H11MO.0.D	-2	9.94416e-05	0.0764706	0.0553956	11	CCGGCGGAGGGGGC	GGCGGCAGGGC	+
176-CCGGCGGAGGGGGC	ZN281_HUMAN.H11MO.0.A	2	0.000110568	0.0850266	0.0553956	13	CCGGCGGAGGGGGC	GGGTGGGGGAGGGGA	+
176-CCGGCGGAGGGGGC	VEZF1_HUMAN.H11MO.1.C	-1	0.000169178	0.130098	0.0635699	12	CCGGCGGAGGGGGC	AGGGGGAGGGGG	+
176-CCGGCGGAGGGGGC	PATZ1_HUMAN.H11MO.1.C	-3	0.000272405	0.20948	0.0818867	9	CCGGCGGAGGGGGC	AGGGAGGGG	+
176-CCGGCGGAGGGGGC	CTCFL_HUMAN.H11MO.0.A	1	0.000524691	0.403487	0.114263	14	CCGGCGGAGGGGGC	GCCGCCAGGGGGCGCCG	+
176-CCGGCGGAGGGGGC	WT1_HUMAN.H11MO.0.C	2	0.000562873	0.432849	0.114263	14	CCGGCGGAGGGGGC	GGGCGGGGGAGGAGGGGGGG	+
176-CCGGCGGAGGGGGC	XBP1_HUMAN.H11MO.0.D	-3	0.000655679	0.504217	0.114263	11	CCGGCGGAGGGGGC	GCTGACGTGGC	+
176-CCGGCGGAGGGGGC	SP1_HUMAN.H11MO.1.A	-1	0.000684195	0.526146	0.114263	13	CCGGCGGAGGGGGC	GGGGGGCGGGGCCG	+
176-CCGGCGGAGGGGGC	ZN263_HUMAN.H11MO.1.A	-2	0.00108329	0.833046	0.132128	11	CCGGCGGAGGGGGC	GAGGGAGGAGG	+
176-CCGGCGGAGGGGGC	SP3_HUMAN.H11MO.0.B	2	0.00109489	0.841969	0.132128	14	CCGGCGGAGGGGGC	GGGGGGGGGCGGGGCCGGGG	+
176-CCGGCGGAGGGGGC	MAZ_HUMAN.H11MO.0.A	-2	0.00115755	0.890152	0.132128	12	CCGGCGGAGGGGGC	GGGGGAGGGGGGGGGGGGGGGG	+
176-CCGGCGGAGGGGGC	ZN148_HUMAN.H11MO.0.D	3	0.00120994	0.93044	0.132128	12	CCGGCGGAGGGGGC	GGGGTGGGGGAGGGG	+
176-CCGGCGGAGGGGGC	SP2_HUMAN.H11MO.1.B	-1	0.00123071	0.946416	0.132128	12	CCGGCGGAGGGGGC	AGGGGGCGGGGC	+
176-CCGGCGGAGGGGGC	WT1_HUMAN.H11MO.1.B	-2	0.00147105	1.13124	0.141109	11	CCGGCGGAGGGGGC	GTGGGAGGAGG	+
176-CCGGCGGAGGGGGC	VEZF1_HUMAN.H11MO.0.C	4	0.0016018	1.23178	0.141109	14	CCGGCGGAGGGGGC	GGGGAGGGGGGAGGGGGAGGGG	+
176-CCGGCGGAGGGGGC	ZSC22_HUMAN.H11MO.0.C	3	0.00165017	1.26898	0.141109	13	CCGGCGGAGGGGGC	GGTCTGAGGGAGGAGG	+
176-CCGGCGGAGGGGGC	SP2_HUMAN.H11MO.0.A	3	0.00168989	1.29953	0.141109	14	CCGGCGGAGGGGGC	GGGGGGGGGGCGGGGCCGGGGG	+
176-CCGGCGGAGGGGGC	KLF12_HUMAN.H11MO.0.C	-3	0.00210723	1.62046	0.166697	11	CCGGCGGAGGGGGC	AGGGGCGGGGC	+
176-CCGGCGGAGGGGGC	SP4_HUMAN.H11MO.1.A	1	0.0027684	2.1289	0.208049	14	CCGGCGGAGGGGGC	GGAGGGGGCGGGGCCG	+
176-CCGGCGGAGGGGGC	SP1_HUMAN.H11MO.0.A	-1	0.00301151	2.31585	0.215543	13	CCGGCGGAGGGGGC	GGGGGGCGGGGCCGGGGGGGGG	+
176-CCGGCGGAGGGGGC	PLAL1_HUMAN.H11MO.0.D	-6	0.00326875	2.51367	0.216201	8	CCGGCGGAGGGGGC	CGGGGGGCCC	+
176-CCGGCGGAGGGGGC	ZN263_HUMAN.H11MO.0.A	-1	0.0033084	2.54416	0.216201	13	CCGGCGGAGGGGGC	GGGAGGAGGGAGAGGAGGAG	+
176-CCGGCGGAGGGGGC	ZIC4_HUMAN.H11MO.0.D	2	0.00378518	2.9108	0.237052	13	CCGGCGGAGGGGGC	GCACAGCGGGGGGTC	+
176-CCGGCGGAGGGGGC	INSM1_HUMAN.H11MO.0.C	-3	0.0040263	3.09622	0.237736	11	CCGGCGGAGGGGGC	TGTCAGGGGGCA	+
176-CCGGCGGAGGGGGC	TAF1_HUMAN.H11MO.0.A	3	0.00414124	3.18461	0.237736	13	CCGGCGGAGGGGGC	AAGATGGCGGCGGCGG	+
176-CCGGCGGAGGGGGC	ZN467_HUMAN.H11MO.0.C	-3	0.00430424	3.30996	0.237736	11	CCGGCGGAGGGGGC	GGGGAGGGGAGGGGGGGGGGGG	+
176-CCGGCGGAGGGGGC	ELF2_HUMAN.H11MO.0.C	0	0.00455986	3.50653	0.237736	13	CCGGCGGAGGGGGC	AACCCGGAAGTGG	+
176-CCGGCGGAGGGGGC	KLF3_HUMAN.H11MO.0.B	1	0.00482449	3.71003	0.237736	14	CCGGCGGAGGGGGC	GGGGAGGGGCGGGGCCGGG	+
176-CCGGCGGAGGGGGC	CTCF_HUMAN.H11MO.0.A	3	0.00506909	3.89813	0.237736	14	CCGGCGGAGGGGGC	TGGCCACCAGGGGGCGCCA	+
176-CCGGCGGAGGGGGC	KLF9_HUMAN.H11MO.0.C	0	0.00510017	3.92203	0.237736	14	CCGGCGGAGGGGGC	GGAGGGGGCGTGGCC	+
176-CCGGCGGAGGGGGC	EGR2_HUMAN.H11MO.0.A	0	0.00536212	4.12347	0.237736	14	CCGGCGGAGGGGGC	GGGGGGGTGTGGGAGGGG	+
176-CCGGCGGAGGGGGC	PATZ1_HUMAN.H11MO.0.C	-3	0.00552763	4.25075	0.237736	11	CCGGCGGAGGGGGC	GGGGAGGGGGCGGGGGGGGAGG	+
176-CCGGCGGAGGGGGC	EGR1_HUMAN.H11MO.0.A	-2	0.005545	4.26411	0.237736	12	CCGGCGGAGGGGGC	GAGGGCGTGGGCGGGGG	+
176-CCGGCGGAGGGGGC	TBX15_HUMAN.H11MO.0.D	0	0.00587426	4.51731	0.237736	14	CCGGCGGAGGGGGC	GGGGGGGGGGGGGTGGGGG	+
176-CCGGCGGAGGGGGC	ZBT17_HUMAN.H11MO.0.A	4	0.00587426	4.51731	0.237736	14	CCGGCGGAGGGGGC	GAGGGTGGGGGAGGGGAAG	+
176-CCGGCGGAGGGGGC	GABPA_HUMAN.H11MO.0.A	1	0.00589994	4.53706	0.237736	13	CCGGCGGAGGGGGC	GGAACCGGAAGTGG	+
176-CCGGCGGAGGGGGC	ETS1_HUMAN.H11MO.0.A	0	0.00620371	4.77065	0.237736	13	CCGGCGGAGGGGGC	AGACAGGAAGTGG	+
176-CCGGCGGAGGGGGC	KLF4_HUMAN.H11MO.0.A	-4	0.00625581	4.81072	0.237736	10	CCGGCGGAGGGGGC	AGGGTGTGGC	+
176-CCGGCGGAGGGGGC	SP4_HUMAN.H11MO.0.A	3	0.00632684	4.86534	0.237736	14	CCGGCGGAGGGGGC	GGGAAGGGGGCGGGGCCGGG	+
176-CCGGCGGAGGGGGC	AP2B_HUMAN.H11MO.0.B	1	0.00662596	5.09536	0.242903	9	CCGGCGGAGGGGGC	GCCCGGGGGC	+
176-CCGGCGGAGGGGGC	ETV1_HUMAN.H11MO.0.A	-1	0.00694891	5.34371	0.248677	11	CCGGCGGAGGGGGC	GGCCGGAAGTG	+
176-CCGGCGGAGGGGGC	ELK4_HUMAN.H11MO.0.A	-1	0.00723358	5.56263	0.252844	12	CCGGCGGAGGGGGC	GACCGGAAGTGG	+
176-CCGGCGGAGGGGGC	GLIS2_HUMAN.H11MO.0.D	-1	0.00753722	5.79612	0.25747	13	CCGGCGGAGGGGGC	CTTCGCGGGGGGTC	+
176-CCGGCGGAGGGGGC	SMAD1_HUMAN.H11MO.0.D	-2	0.00802629	6.17222	0.265556	12	CCGGCGGAGGGGGC	GGCAGACAGGCT	-
176-CCGGCGGAGGGGGC	KLF15_HUMAN.H11MO.0.A	0	0.00823991	6.33649	0.265556	14	CCGGCGGAGGGGGC	GGGGAGGAGCAGGGGGGGG	+
176-CCGGCGGAGGGGGC	ZN740_HUMAN.H11MO.0.D	-2	0.00830399	6.38577	0.265556	12	CCGGCGGAGGGGGC	GGGGGGGGGGTGGG	+
176-CCGGCGGAGGGGGC	SALL4_HUMAN.H11MO.0.B	-2	0.00930561	7.15601	0.291388	10	CCGGCGGAGGGGGC	GGAGGGTGGG	+
176-CCGGCGGAGGGGGC	KLF13_HUMAN.H11MO.0.D	-6	0.00959825	7.38105	0.294418	8	CCGGCGGAGGGGGC	AGGGGGGCGTG	+
176-CCGGCGGAGGGGGC	EGR2_HUMAN.H11MO.1.A	0	0.00988735	7.60337	0.296502	14	CCGGCGGAGGGGGC	GGGGCGTGGGCGGGGG	+
176-CCGGCGGAGGGGGC	AP2D_HUMAN.H11MO.0.D	2	0.0100607	7.73671	0.296502	12	CCGGCGGAGGGGGC	CGCCCGAGGCGCGT	+
176-CCGGCGGAGGGGGC	ZN436_HUMAN.H11MO.0.C	14	0.0112091	8.61977	0.313066	10	CCGGCGGAGGGGGC	TCAGGGAAGGCTTCCTGGAGGAGG	+
176-CCGGCGGAGGGGGC	ZN320_HUMAN.H11MO.0.C	1	0.0112359	8.64042	0.313066	14	CCGGCGGAGGGGGC	GTGGGACCAGGGGGCCAGTG	+
176-CCGGCGGAGGGGGC	ELK1_HUMAN.H11MO.0.B	-2	0.0112476	8.64944	0.313066	11	CCGGCGGAGGGGGC	ACCGGAAGTGG	+
176-CCGGCGGAGGGGGC	KLF6_HUMAN.H11MO.0.A	0	0.0120157	9.24009	0.328364	14	CCGGCGGAGGGGGC	GGAAGGGCGGGGCCGGGGG	+
176-CCGGCGGAGGGGGC	FEV_HUMAN.H11MO.0.B	-2	0.0122647	9.43153	0.329181	10	CCGGCGGAGGGGGC	GCGGGAAGCG	+
176-CCGGCGGAGGGGGC	KLF16_HUMAN.H11MO.0.D	5	0.0125869	9.6793	0.331902	14	CCGGCGGAGGGGGC	GGGGGCGGGGGGGGGGGGG	+
176-CCGGCGGAGGGGGC	ELF1_HUMAN.H11MO.0.A	1	0.0133541	10.2693	0.346063	13	CCGGCGGAGGGGGC	GAACCCGGAAGTGG	+
176-CCGGCGGAGGGGGC	ERG_HUMAN.H11MO.0.A	0	0.014349	11.0344	0.365542	13	CCGGCGGAGGGGGC	GGGCAGGAAGTGG	+
176-CCGGCGGAGGGGGC	KLF14_HUMAN.H11MO.0.D	-6	0.0157847	12.1385	0.395416	8	CCGGCGGAGGGGGC	AGGGGGGCGTGGC	+
176-CCGGCGGAGGGGGC	KLF1_HUMAN.H11MO.0.A	-3	0.0168355	12.9465	0.414824	11	CCGGCGGAGGGGGC	GGGGCGGGGCCGGG	+
176-CCGGCGGAGGGGGC	ZN219_HUMAN.H11MO.0.D	-2	0.0179345	13.7917	0.434776	12	CCGGCGGAGGGGGC	GAGGGGGGCGGA	+
176-CCGGCGGAGGGGGC	MBD2_HUMAN.H11MO.0.B	4	0.0188152	14.4689	0.442227	7	CCGGCGGAGGGGGC	CGGGCCGGAGG	+
176-CCGGCGGAGGGGGC	GLIS3_HUMAN.H11MO.0.D	-5	0.0188303	14.4805	0.442227	9	CCGGCGGAGGGGGC	GTGGGGGGTA	+
176-CCGGCGGAGGGGGC	KLF5_HUMAN.H11MO.0.A	-4	0.0193092	14.8488	0.445996	10	CCGGCGGAGGGGGC	AGGGTGGGGCTGGG	+
176-CCGGCGGAGGGGGC	COT1_HUMAN.H11MO.0.C	-1	0.0195874	15.0627	0.445996	13	CCGGCGGAGGGGGC	GGGGTCAGAGGTCAGGG	+
176-CCGGCGGAGGGGGC	ZN770_HUMAN.H11MO.0.C	6	0.019881	15.2885	0.445996	14	CCGGCGGAGGGGGC	GGGAGGCTGAGGCGGGAGGATC	+
176-CCGGCGGAGGGGGC	MECP2_HUMAN.H11MO.0.C	1	0.0207982	15.9938	0.455806	6	CCGGCGGAGGGGGC	CCCGGAG	+
176-CCGGCGGAGGGGGC	E2F6_HUMAN.H11MO.0.A	0	0.0209248	16.0912	0.455806	13	CCGGCGGAGGGGGC	GGGGCGGGAAGGG	+
176-CCGGCGGAGGGGGC	PLAG1_HUMAN.H11MO.0.D	5	0.0223775	17.2083	0.480487	12	CCGGCGGAGGGGGC	GGGGGCATCAGGAGGGG	+
176-CCGGCGGAGGGGGC	ELF5_HUMAN.H11MO.0.A	2	0.0228032	17.5357	0.482732	13	CCGGCGGAGGGGGC	GGAAGGAGGAAGTGG	+
179-GGATTMVGCCCGCB	PITX2_HUMAN.H11MO.0.D	2	0.000703694	0.541141	0.425936	8	GGATTCAGCCCGCC	TGGGATTAAA	+
179-GGATTMVGCCCGCB	OTX1_HUMAN.H11MO.0.D	1	0.000867567	0.667159	0.425936	7	GGATTCAGCCCGCC	AGGATTAG	+
179-GGATTMVGCCCGCB	DPRX_HUMAN.H11MO.0.D	2	0.00103954	0.799403	0.425936	9	GGATTCAGCCCGCC	ACGGATTATCC	+
179-GGATTMVGCCCGCB	GSC_HUMAN.H11MO.0.D	3	0.00110777	0.851872	0.425936	8	GGATTCAGCCCGCC	AAGGGATTAGC	+
179-GGATTMVGCCCGCB	PITX1_HUMAN.H11MO.0.D	2	0.00148734	1.14376	0.457506	7	GGATTCAGCCCGCC	AGGGATTAA	+
179-GGATTMVGCCCGCB	OTX2_HUMAN.H11MO.0.A	3	0.00194074	1.49243	0.497476	8	GGATTCAGCCCGCC	AGGGGATTAAC	+
183-SGGGAGGAAAABSYC	NFAC2_HUMAN.H11MO.0.B	-4	0.000117354	0.0902456	0.117507	9	CGGGAGGAAAAGCTC	TGGAAAATT	+
183-SGGGAGGAAAABSYC	NFAC4_HUMAN.H11MO.0.C	-4	0.00016285	0.125231	0.117507	10	CGGGAGGAAAAGCTC	AGGAAAATTT	+
183-SGGGAGGAAAABSYC	NFAT5_HUMAN.H11MO.0.D	-2	0.000248373	0.190999	0.117507	11	CGGGAGGAAAAGCTC	AGAGGAAAAGG	+
183-SGGGAGGAAAABSYC	ERG_HUMAN.H11MO.0.A	0	0.000399292	0.307056	0.117507	13	CGGGAGGAAAAGCTC	GGGCAGGAAGTGG	+
183-SGGGAGGAAAABSYC	ETV5_HUMAN.H11MO.0.C	0	0.000424385	0.326352	0.117507	14	CGGGAGGAAAAGCTC	GAGCAGGAAGTGAG	+
183-SGGGAGGAAAABSYC	FLI1_HUMAN.H11MO.1.A	0	0.000508868	0.39132	0.117507	13	CGGGAGGAAAAGCTC	AGGCAGGAAGTGG	+
183-SGGGAGGAAAABSYC	ETV7_HUMAN.H11MO.0.D	-3	0.000586543	0.451052	0.117507	7	CGGGAGGAAAAGCTC	CAGGAAG	+
183-SGGGAGGAAAABSYC	ETV4_HUMAN.H11MO.0.B	-1	0.00067169	0.51653	0.117507	11	CGGGAGGAAAAGCTC	AACAGGAAGGG	+
183-SGGGAGGAAAABSYC	ETV6_HUMAN.H11MO.0.D	-2	0.000792396	0.609352	0.117507	9	CGGGAGGAAAAGCTC	ACAGGAAGT	+
183-SGGGAGGAAAABSYC	NFAC3_HUMAN.H11MO.0.B	-4	0.000792396	0.609352	0.117507	9	CGGGAGGAAAAGCTC	TGGAAAACT	+
183-SGGGAGGAAAABSYC	NFAC1_HUMAN.H11MO.1.B	-2	0.000854236	0.656908	0.117507	10	CGGGAGGAAAAGCTC	AATGGAAAAT	+
183-SGGGAGGAAAABSYC	ZN263_HUMAN.H11MO.1.A	1	0.0010817	0.831828	0.136396	10	CGGGAGGAAAAGCTC	GAGGGAGGAGG	+
183-SGGGAGGAAAABSYC	PRDM6_HUMAN.H11MO.0.C	-1	0.00137373	1.0564	0.1564	13	CGGGAGGAAAAGCTC	AAAAAGAAAAAAA	+
183-SGGGAGGAAAABSYC	WT1_HUMAN.H11MO.1.B	1	0.00144707	1.1128	0.1564	10	CGGGAGGAAAAGCTC	GTGGGAGGAGG	+
183-SGGGAGGAAAABSYC	FLI1_HUMAN.H11MO.0.A	2	0.00170461	1.31084	0.171953	15	CGGGAGGAAAAGCTC	GGAGGAAGGAAGGAGGGA	+
183-SGGGAGGAAAABSYC	ZN586_HUMAN.H11MO.0.C	5	0.00229497	1.76483	0.214691	15	CGGGAGGAAAAGCTC	AGGCCTAGGAGGAAAAAATG	+
183-SGGGAGGAAAABSYC	REL_HUMAN.H11MO.0.B	-1	0.00241205	1.85487	0.214691	14	CGGGAGGAAAAGCTC	TGAAGGGAAATTCCA	+
183-SGGGAGGAAAABSYC	ZN263_HUMAN.H11MO.0.A	-1	0.00255549	1.96517	0.214714	14	CGGGAGGAAAAGCTC	GGGAGGAGGGAGAGGAGGAG	+
183-SGGGAGGAAAABSYC	E2F3_HUMAN.H11MO.0.A	1	0.00269611	2.07331	0.214714	10	CGGGAGGAAAAGCTC	AGGGCGGGAAA	+
183-SGGGAGGAAAABSYC	ETS2_HUMAN.H11MO.0.B	-1	0.00297919	2.29099	0.225395	13	CGGGAGGAAAAGCTC	GGAAGGAAGAGGA	+
183-SGGGAGGAAAABSYC	E2F6_HUMAN.H11MO.0.A	0	0.00331723	2.55095	0.239019	13	CGGGAGGAAAAGCTC	GGGGCGGGAAGGG	+
183-SGGGAGGAAAABSYC	ETS1_HUMAN.H11MO.0.A	0	0.00389198	2.99293	0.264674	13	CGGGAGGAAAAGCTC	AGACAGGAAGTGG	+
183-SGGGAGGAAAABSYC	ETV2_HUMAN.H11MO.0.B	2	0.00402312	3.09378	0.264674	14	CGGGAGGAAAAGCTC	GGAAACAGGAAGTGGG	+
183-SGGGAGGAAAABSYC	ZN384_HUMAN.H11MO.0.C	-5	0.00434214	3.3391	0.273759	10	CGGGAGGAAAAGCTC	GGAAAAAATCGG	+
183-SGGGAGGAAAABSYC	ELF5_HUMAN.H11MO.0.A	2	0.0052807	4.06086	0.310197	13	CGGGAGGAAAAGCTC	GGAAGGAGGAAGTGG	+
183-SGGGAGGAAAABSYC	E2F7_HUMAN.H11MO.0.B	0	0.0053301	4.09884	0.310197	13	CGGGAGGAAAAGCTC	GGGGCGGGAAAGG	+
183-SGGGAGGAAAABSYC	ELF3_HUMAN.H11MO.0.A	1	0.00601609	4.62637	0.312262	13	CGGGAGGAAAAGCTC	GAACCAGGAAGTGG	+
183-SGGGAGGAAAABSYC	ZN350_HUMAN.H11MO.1.D	1	0.00614421	4.7249	0.312262	15	CGGGAGGAAAAGCTC	ACGGGGCGCAGGGATTTGTTGCCC	+
183-SGGGAGGAAAABSYC	NFAC1_HUMAN.H11MO.0.B	-3	0.00614715	4.72716	0.312262	12	CGGGAGGAAAAGCTC	ATGGAAAAAAAGAAA	+
183-SGGGAGGAAAABSYC	WT1_HUMAN.H11MO.0.C	5	0.00619104	4.76091	0.312262	15	CGGGAGGAAAAGCTC	GGGCGGGGGAGGAGGGGGGG	+
183-SGGGAGGAAAABSYC	ZEP2_HUMAN.H11MO.0.D	-1	0.00665689	5.11915	0.315373	14	CGGGAGGAAAAGCTC	GGTAGGGAAACCCC	+
183-SGGGAGGAAAABSYC	PATZ1_HUMAN.H11MO.1.C	0	0.00682895	5.25147	0.315373	9	CGGGAGGAAAAGCTC	AGGGAGGGG	+
183-SGGGAGGAAAABSYC	TFDP1_HUMAN.H11MO.0.C	2	0.00700056	5.38343	0.315373	12	CGGGAGGAAAAGCTC	GGGGGGCGGGAAAA	+
183-SGGGAGGAAAABSYC	NFKB1_HUMAN.H11MO.1.B	-4	0.00708643	5.44946	0.315373	11	CGGGAGGAAAAGCTC	GGGAAATTCCC	+
183-SGGGAGGAAAABSYC	TF65_HUMAN.H11MO.0.A	-3	0.00773788	5.95043	0.334527	12	CGGGAGGAAAAGCTC	CTGGAAATTCCCTG	-
183-SGGGAGGAAAABSYC	ZN341_HUMAN.H11MO.0.C	9	0.00867662	6.67232	0.357573	13	CGGGAGGAAAAGCTC	GGGGGGGGGGGGAGGGAAGAGC	+
183-SGGGAGGAAAABSYC	ZN350_HUMAN.H11MO.0.C	1	0.00895194	6.88404	0.357573	15	CGGGAGGAAAAGCTC	TAGGTCATAAAAGGACTG	-
183-SGGGAGGAAAABSYC	E2F1_HUMAN.H11MO.0.A	2	0.0089799	6.90554	0.357573	12	CGGGAGGAAAAGCTC	GGGGGGCGGGAAAG	+
183-SGGGAGGAAAABSYC	ZN467_HUMAN.H11MO.0.C	0	0.00957819	7.36563	0.366423	15	CGGGAGGAAAAGCTC	GGGGAGGGGAGGGGGGGGGGGG	+
183-SGGGAGGAAAABSYC	ZN274_HUMAN.H11MO.0.A	4	0.00968647	7.4489	0.366423	15	CGGGAGGAAAAGCTC	CATACTGGAGAGAAACCCTA	+
183-SGGGAGGAAAABSYC	NFKB2_HUMAN.H11MO.0.B	-4	0.0101444	7.80107	0.374387	11	CGGGAGGAAAAGCTC	GGGAAAGCCCC	+
183-SGGGAGGAAAABSYC	ZN341_HUMAN.H11MO.1.C	-5	0.0111544	8.57773	0.399676	9	CGGGAGGAAAAGCTC	GGAACAGCC	+
183-SGGGAGGAAAABSYC	E2F4_HUMAN.H11MO.0.A	1	0.011358	8.73427	0.399676	12	CGGGAGGAAAAGCTC	GGGGGCGGGAAAT	+
183-SGGGAGGAAAABSYC	SUH_HUMAN.H11MO.0.A	0	0.0143854	11.0624	0.457424	11	CGGGAGGAAAAGCTC	GGCGTGGGAAA	+
183-SGGGAGGAAAABSYC	ZN708_HUMAN.H11MO.1.D	-4	0.0145336	11.1763	0.457424	9	CGGGAGGAAAAGCTC	AGGTACAGC	+
183-SGGGAGGAAAABSYC	E2F4_HUMAN.H11MO.1.A	-1	0.0145781	11.2105	0.457424	14	CGGGAGGAAAAGCTC	GGCGGGAAATTTGA	+
183-SGGGAGGAAAABSYC	ZN257_HUMAN.H11MO.0.C	-2	0.0147089	11.3111	0.457424	12	CGGGAGGAAAAGCTC	AGAGGCAAGAGC	-
183-SGGGAGGAAAABSYC	VEZF1_HUMAN.H11MO.1.C	2	0.0147089	11.3111	0.457424	10	CGGGAGGAAAAGCTC	AGGGGGAGGGGG	+
183-SGGGAGGAAAABSYC	ZN770_HUMAN.H11MO.0.C	-1	0.0148129	11.3911	0.457424	14	CGGGAGGAAAAGCTC	GGGAGGCTGAGGCGGGAGGATC	+
183-SGGGAGGAAAABSYC	EHF_HUMAN.H11MO.0.B	1	0.0155098	11.9271	0.466076	14	CGGGAGGAAAAGCTC	GAACCAGGAAGTGGC	+
183-SGGGAGGAAAABSYC	ZN770_HUMAN.H11MO.1.C	-1	0.0166601	12.8116	0.466831	11	CGGGAGGAAAAGCTC	GGGAGGCTGAG	+
183-SGGGAGGAAAABSYC	MAZ_HUMAN.H11MO.1.A	1	0.0166601	12.8116	0.466831	10	CGGGAGGAAAAGCTC	GAGGGAGGGGG	+
183-SGGGAGGAAAABSYC	ZN784_HUMAN.H11MO.0.D	1	0.0166601	12.8116	0.466831	10	CGGGAGGAAAAGCTC	GAGGTAGGTAC	+
185-AAGGACGCA	HEN1_HUMAN.H11MO.0.C	0	0.000225339	0.173286	0.346572	9	AAGGACGCA	AGGGACGCAGCTGCTCCCCA	-
186-CTCTCYGCCTCSA	ZN768_HUMAN.H11MO.0.C	9	0.000191907	0.147577	0.295153	11	CTCTCTGCCTCGA	ACTTAACCTCTCTGAGCCTC	-
186-CTCTCYGCCTCSA	ZN770_HUMAN.H11MO.1.C	-2	0.000543234	0.417747	0.417747	11	CTCTCTGCCTCGA	CTCAGCCTCCC	-
187-GCTWCCGGWA	ETV1_HUMAN.H11MO.0.A	1	0.000203645	0.156603	0.178161	10	GCTTCCGGAA	CACTTCCGGCC	-
187-GCTWCCGGWA	ELK1_HUMAN.H11MO.0.B	2	0.000286422	0.220258	0.178161	9	GCTTCCGGAA	CCACTTCCGGT	-
187-GCTWCCGGWA	ELK4_HUMAN.H11MO.0.A	2	0.000366901	0.282147	0.178161	10	GCTTCCGGAA	CCACTTCCGGTC	-
187-GCTWCCGGWA	ZN436_HUMAN.H11MO.0.C	9	0.000465276	0.357798	0.178161	10	GCTTCCGGAA	TCAGGGAAGGCTTCCTGGAGGAGG	+
187-GCTWCCGGWA	ELF2_HUMAN.H11MO.0.C	2	0.000835581	0.642561	0.255965	10	GCTTCCGGAA	CCACTTCCGGGTT	-
187-GCTWCCGGWA	GABPA_HUMAN.H11MO.0.A	2	0.00107549	0.827053	0.274548	10	GCTTCCGGAA	CCACTTCCGGTTCC	-
187-GCTWCCGGWA	ELF1_HUMAN.H11MO.0.A	2	0.00187617	1.44277	0.374334	10	GCTTCCGGAA	CCACTTCCGGGTTC	-
187-GCTWCCGGWA	HSF1_HUMAN.H11MO.1.A	-1	0.00219958	1.69148	0.374334	9	GCTTCCGGAA	TTTCCAGAA	-
188-GAGCCCTGCTK	ZN331_HUMAN.H11MO.0.C	10	0.000115358	0.0887106	0.138527	10	GAGCCCTGCTT	CCACCCAGCTGAGCCCAGCC	-
188-GAGCCCTGCTK	ZSC31_HUMAN.H11MO.0.C	5	0.000180293	0.138645	0.138527	11	GAGCCCTGCTT	CATAACTGCCCTGCTGCC	-
192-AAGCTCCGCCTCCCA	SP2_HUMAN.H11MO.1.B	-2	9.95626e-06	0.00765637	0.0147521	12	AAGCTCCGCCTCCCA	GCCCCGCCCCCT	-
192-AAGCTCCGCCTCCCA	ZN770_HUMAN.H11MO.1.C	-3	2.36003e-05	0.0181486	0.0147521	11	AAGCTCCGCCTCCCA	CTCAGCCTCCC	-
192-AAGCTCCGCCTCCCA	SP1_HUMAN.H11MO.1.A	0	2.91508e-05	0.022417	0.0147521	14	AAGCTCCGCCTCCCA	CGGCCCCGCCCCCC	-
192-AAGCTCCGCCTCCCA	SP2_HUMAN.H11MO.0.A	4	5.69666e-05	0.0438073	0.0216214	15	AAGCTCCGCCTCCCA	CCCCCGGCCCCGCCCCCCCCCC	-
192-AAGCTCCGCCTCCCA	SP4_HUMAN.H11MO.1.A	0	0.000108058	0.0830963	0.0262464	15	AAGCTCCGCCTCCCA	CGGCCCCGCCCCCTCC	-
192-AAGCTCCGCCTCCCA	SP4_HUMAN.H11MO.0.A	2	0.000109447	0.084165	0.0262464	15	AAGCTCCGCCTCCCA	CCCGGCCCCGCCCCCTTCCC	-
192-AAGCTCCGCCTCCCA	SP1_HUMAN.H11MO.0.A	8	0.000121016	0.0930616	0.0262464	14	AAGCTCCGCCTCCCA	CCCCCCCCCGGCCCCGCCCCCC	-
192-AAGCTCCGCCTCCCA	ZN770_HUMAN.H11MO.0.C	8	0.000154591	0.11888	0.0293371	14	AAGCTCCGCCTCCCA	GATCCTCCCGCCTCAGCCTCCC	-
192-AAGCTCCGCCTCCCA	KLF12_HUMAN.H11MO.0.C	-2	0.000323712	0.248935	0.054606	11	AAGCTCCGCCTCCCA	GCCCCGCCCCT	-
192-AAGCTCCGCCTCCCA	SP3_HUMAN.H11MO.0.B	3	0.000404695	0.311211	0.0614401	15	AAGCTCCGCCTCCCA	CCCCGGCCCCGCCCCCCCCC	-
192-AAGCTCCGCCTCCCA	ZBTB6_HUMAN.H11MO.0.C	0	0.000638522	0.491023	0.0881266	13	AAGCTCCGCCTCCCA	CGGCTCCAGCACC	-
192-AAGCTCCGCCTCCCA	ZN219_HUMAN.H11MO.0.D	-4	0.00104661	0.804847	0.132413	11	AAGCTCCGCCTCCCA	TCCGCCCCCCTC	-
192-AAGCTCCGCCTCCCA	EGR4_HUMAN.H11MO.0.D	-2	0.00132643	1.02002	0.154905	11	AAGCTCCGCCTCCCA	GCCCTGCCGCC	-
192-AAGCTCCGCCTCCCA	KLF3_HUMAN.H11MO.0.B	2	0.00175962	1.35315	0.190816	15	AAGCTCCGCCTCCCA	CCCGGCCCCGCCCCTCCCC	-
192-AAGCTCCGCCTCCCA	ZN263_HUMAN.H11MO.1.A	-2	0.0019904	1.53062	0.193745	11	AAGCTCCGCCTCCCA	CCTCCTCCCTC	-
192-AAGCTCCGCCTCCCA	E2F4_HUMAN.H11MO.0.A	0	0.00204187	1.57019	0.193745	13	AAGCTCCGCCTCCCA	ATTTCCCGCCCCC	-
192-AAGCTCCGCCTCCCA	WT1_HUMAN.H11MO.0.C	3	0.00316744	2.43576	0.248873	15	AAGCTCCGCCTCCCA	CCCCCCCTCCTCCCCCGCCC	-
192-AAGCTCCGCCTCCCA	KLF14_HUMAN.H11MO.0.D	-2	0.00345724	2.65862	0.248873	13	AAGCTCCGCCTCCCA	GCCACGCCCCCCT	-
192-AAGCTCCGCCTCCCA	KLF13_HUMAN.H11MO.0.D	-4	0.00349028	2.68403	0.248873	11	AAGCTCCGCCTCCCA	CACGCCCCCCT	-
192-AAGCTCCGCCTCCCA	CTCFL_HUMAN.H11MO.0.A	0	0.00366141	2.81562	0.248873	15	AAGCTCCGCCTCCCA	CGGCGCCCCCTGGCGGC	-
192-AAGCTCCGCCTCCCA	ZN281_HUMAN.H11MO.0.A	1	0.00366354	2.81726	0.248873	14	AAGCTCCGCCTCCCA	TCCCCTCCCCCACCC	-
192-AAGCTCCGCCTCCCA	MAZ_HUMAN.H11MO.1.A	-2	0.00368767	2.83582	0.248873	11	AAGCTCCGCCTCCCA	CCCCCTCCCTC	-
192-AAGCTCCGCCTCCCA	TFDP1_HUMAN.H11MO.0.C	0	0.00377035	2.8994	0.248873	14	AAGCTCCGCCTCCCA	TTTTCCCGCCCCCC	-
192-AAGCTCCGCCTCCCA	HINFP_HUMAN.H11MO.0.C	1	0.00412252	3.17022	0.260781	15	AAGCTCCGCCTCCCA	TAACGTCCGCTAGCGC	-
192-AAGCTCCGCCTCCCA	KLF9_HUMAN.H11MO.0.C	-1	0.00470138	3.61536	0.285502	14	AAGCTCCGCCTCCCA	GGCCACGCCCCCTCC	-
192-AAGCTCCGCCTCCCA	ZSC22_HUMAN.H11MO.0.C	-2	0.005541	4.26103	0.310326	13	AAGCTCCGCCTCCCA	CCTCCTCCCTCAGACC	-
192-AAGCTCCGCCTCCCA	KLF6_HUMAN.H11MO.0.A	4	0.00565983	4.35241	0.310326	15	AAGCTCCGCCTCCCA	CCCCCGGCCCCGCCCTTCC	-
192-AAGCTCCGCCTCCCA	ZN148_HUMAN.H11MO.0.D	-3	0.00572337	4.40127	0.310326	12	AAGCTCCGCCTCCCA	CCCCTCCCCCACCCC	-
192-AAGCTCCGCCTCCCA	KLF15_HUMAN.H11MO.0.A	7	0.00655013	5.03705	0.342906	12	AAGCTCCGCCTCCCA	CCCCCCCCTGCTCCTCCCC	-
192-AAGCTCCGCCTCCCA	GABPA_HUMAN.H11MO.0.A	1	0.00754345	5.80091	0.381744	13	AAGCTCCGCCTCCCA	CCACTTCCGGTTCC	-
192-AAGCTCCGCCTCCCA	WT1_HUMAN.H11MO.1.B	-5	0.00821188	6.31494	0.402166	10	AAGCTCCGCCTCCCA	CCTCCTCCCAC	-
192-AAGCTCCGCCTCCCA	E2F7_HUMAN.H11MO.0.B	1	0.00854672	6.57243	0.405484	12	AAGCTCCGCCTCCCA	CCTTTCCCGCCCC	-
192-AAGCTCCGCCTCCCA	ZN740_HUMAN.H11MO.0.D	-1	0.00914321	7.03113	0.413308	14	AAGCTCCGCCTCCCA	CCCACCCCCCCCCC	-
192-AAGCTCCGCCTCCCA	ELF5_HUMAN.H11MO.0.A	1	0.00925612	7.11795	0.413308	14	AAGCTCCGCCTCCCA	CCACTTCCTCCTTCC	-
192-AAGCTCCGCCTCCCA	ZN708_HUMAN.H11MO.1.D	-2	0.00993707	7.64161	0.431037	9	AAGCTCCGCCTCCCA	GCTGTACCT	-
192-AAGCTCCGCCTCCCA	PRDM4_HUMAN.H11MO.0.D	4	0.0108067	8.31038	0.445168	12	AAGCTCCGCCTCCCA	TTTCAAGGCCCCCCAC	-
192-AAGCTCCGCCTCCCA	MAZ_HUMAN.H11MO.0.A	6	0.0108493	8.34312	0.445168	15	AAGCTCCGCCTCCCA	CCCCCCCCCCCCCCCCTCCCCC	-
192-AAGCTCCGCCTCCCA	ZN449_HUMAN.H11MO.0.C	0	0.0111686	8.58867	0.446211	11	AAGCTCCGCCTCCCA	AAGCCCAACCA	-
192-AAGCTCCGCCTCCCA	ZBTB4_HUMAN.H11MO.0.D	-4	0.0122056	9.38614	0.469938	11	AAGCTCCGCCTCCCA	CCCACCTGCCATCTAGG	-
192-AAGCTCCGCCTCCCA	PATZ1_HUMAN.H11MO.1.C	-6	0.0123816	9.52145	0.469938	9	AAGCTCCGCCTCCCA	CCCCTCCCT	-
192-AAGCTCCGCCTCCCA	RREB1_HUMAN.H11MO.0.D	6	0.0137073	10.5409	0.495481	15	AAGCTCCGCCTCCCA	ACCCCAAACCACCCCCCCCCCC	-
192-AAGCTCCGCCTCCCA	VEZF1_HUMAN.H11MO.0.C	0	0.0137073	10.5409	0.495481	15	AAGCTCCGCCTCCCA	CCCCTCCCCCTCCCCCCTCCCC	-
194-AAGTCTTCC	ZN436_HUMAN.H11MO.0.C	11	5.63392e-05	0.0433248	0.0769781	9	AAGTCTTCC	CCTCCTCCAGGAAGCCTTCCCTGA	-
194-AAGTCTTCC	ZN528_HUMAN.H11MO.0.C	6	0.00081806	0.629088	0.419392	9	AAGTCTTCC	TCAGAAATGGCTTCCCTGGG	-
196-ACCYGGATSTGG	ELK3_HUMAN.H11MO.0.D	0	0.0002	0.1538	0.306935	12	ACCTGGATCTGG	CCCAGGAAGTGC	+
196-ACCYGGATSTGG	ELF1_HUMAN.H11MO.0.A	2	0.000488664	0.375782	0.36802	12	ACCTGGATCTGG	GAACCCGGAAGTGG	+
196-ACCYGGATSTGG	SPDEF_HUMAN.H11MO.0.D	1	0.00071941	0.553226	0.36802	12	ACCTGGATCTGG	AACCCGGATGAAGT	+
196-ACCYGGATSTGG	ELK1_HUMAN.H11MO.0.B	-1	0.00133009	1.02284	0.384575	11	ACCTGGATCTGG	ACCGGAAGTGG	+
196-ACCYGGATSTGG	ELK4_HUMAN.H11MO.0.A	0	0.00135179	1.03953	0.384575	12	ACCTGGATCTGG	GACCGGAAGTGG	+
196-ACCYGGATSTGG	EHF_HUMAN.H11MO.0.B	2	0.00158277	1.21715	0.384575	12	ACCTGGATCTGG	GAACCAGGAAGTGGC	+
196-ACCYGGATSTGG	ELF2_HUMAN.H11MO.0.C	1	0.00175413	1.34893	0.384575	12	ACCTGGATCTGG	AACCCGGAAGTGG	+
196-ACCYGGATSTGG	ETS1_HUMAN.H11MO.0.A	1	0.00210172	1.61622	0.403182	12	ACCTGGATCTGG	AGACAGGAAGTGG	+
196-ACCYGGATSTGG	GCM2_HUMAN.H11MO.0.D	2	0.00307446	2.36426	0.476844	9	ACCTGGATCTGG	ATACCCGCATC	-
196-ACCYGGATSTGG	ELF3_HUMAN.H11MO.0.A	2	0.00310714	2.38939	0.476844	12	ACCTGGATCTGG	GAACCAGGAAGTGG	+
201-AGCTGCACCGCTGA	MYF6_HUMAN.H11MO.0.C	1	0.000487704	0.375045	0.352635	6	AGCTGCACCGCTGA	CAGCTGC	+
201-AGCTGCACCGCTGA	ZSC31_HUMAN.H11MO.0.C	3	0.000551092	0.423789	0.352635	14	AGCTGCACCGCTGA	CATAACTGCCCTGCTGCC	-
201-AGCTGCACCGCTGA	MYOD1_HUMAN.H11MO.1.A	3	0.000692055	0.53219	0.352635	8	AGCTGCACCGCTGA	GACAGCTGCAG	-
201-AGCTGCACCGCTGA	BHA15_HUMAN.H11MO.0.B	2	0.00124521	0.95757	0.360696	9	AGCTGCACCGCTGA	CCAGCTGCTGC	-
201-AGCTGCACCGCTGA	TFE2_HUMAN.H11MO.0.A	3	0.0014147	1.08791	0.360696	8	AGCTGCACCGCTGA	CACAGCTGCAG	+
201-AGCTGCACCGCTGA	HEN1_HUMAN.H11MO.0.C	8	0.00165171	1.27016	0.360696	12	AGCTGCACCGCTGA	AGGGACGCAGCTGCTCCCCA	-
201-AGCTGCACCGCTGA	PTF1A_HUMAN.H11MO.1.B	2	0.00258274	1.98613	0.443657	7	AGCTGCACCGCTGA	CCAGCTGCT	-
201-AGCTGCACCGCTGA	PTF1A_HUMAN.H11MO.0.B	2	0.00270593	2.08086	0.443657	14	AGCTGCACCGCTGA	CCAGCTGCCCCCTTTCCC	+
201-AGCTGCACCGCTGA	ASCL2_HUMAN.H11MO.0.D	3	0.00295838	2.275	0.443657	6	AGCTGCACCGCTGA	AGCAGCTGG	-
201-AGCTGCACCGCTGA	TFAP4_HUMAN.H11MO.0.A	2	0.00424713	3.26604	0.443657	8	AGCTGCACCGCTGA	CCAGCTGTTT	+
201-AGCTGCACCGCTGA	ITF2_HUMAN.H11MO.0.C	3	0.00424713	3.26604	0.443657	7	AGCTGCACCGCTGA	CCCAGCTGCC	-
201-AGCTGCACCGCTGA	MYOD1_HUMAN.H11MO.0.A	2	0.00477828	3.6745	0.443657	13	AGCTGCACCGCTGA	GCAGCTGTTCCTGCC	+
201-AGCTGCACCGCTGA	ZN140_HUMAN.H11MO.0.C	4	0.00497641	3.82686	0.443657	14	AGCTGCACCGCTGA	TAGGAGCGGAATTGCTGGGTCATA	-
201-AGCTGCACCGCTGA	MYOG_HUMAN.H11MO.0.B	5	0.005442	4.1849	0.443657	8	AGCTGCACCGCTGA	GGGACAGCTGCGG	-
201-AGCTGCACCGCTGA	OLIG2_HUMAN.H11MO.0.B	2	0.00551436	4.24054	0.443657	14	AGCTGCACCGCTGA	CCAGCTGTTTCCCTTCTG	+
201-AGCTGCACCGCTGA	HTF4_HUMAN.H11MO.0.A	3	0.0065033	5.00104	0.473392	7	AGCTGCACCGCTGA	CACAGCTGCA	-
201-AGCTGCACCGCTGA	ZN549_HUMAN.H11MO.0.C	1	0.00701114	5.39157	0.487161	14	AGCTGCACCGCTGA	GTGCTGCCCAATTCATGAAT	-
202-AGCTGCGGG	HEN1_HUMAN.H11MO.0.C	8	0.000206577	0.158858	0.2082	9	AGCTGCGGG	TGGGGAGCAGCTGCGTCCCT	+
202-AGCTGCGGG	MYOD1_HUMAN.H11MO.1.A	3	0.00041264	0.31732	0.2082	8	AGCTGCGGG	GACAGCTGCAG	-
202-AGCTGCGGG	BHA15_HUMAN.H11MO.0.B	2	0.000471208	0.362359	0.2082	9	AGCTGCGGG	CCAGCTGCTGC	-
202-AGCTGCGGG	GCM2_HUMAN.H11MO.0.D	-1	0.000653497	0.502539	0.2082	8	AGCTGCGGG	GATGCGGGTAT	+
202-AGCTGCGGG	MYOG_HUMAN.H11MO.0.B	5	0.000685876	0.527438	0.2082	8	AGCTGCGGG	GGGACAGCTGCGG	-
202-AGCTGCGGG	MYF6_HUMAN.H11MO.0.C	1	0.000899668	0.691845	0.227581	6	AGCTGCGGG	CAGCTGC	+
202-AGCTGCGGG	PTF1A_HUMAN.H11MO.1.B	2	0.00180346	1.38686	0.366564	7	AGCTGCGGG	CCAGCTGCT	-
202-AGCTGCGGG	TFE2_HUMAN.H11MO.0.A	3	0.00256185	1.97006	0.366564	8	AGCTGCGGG	CACAGCTGCAG	+
202-AGCTGCGGG	ZIC4_HUMAN.H11MO.0.D	1	0.00270664	2.08141	0.366564	9	AGCTGCGGG	GCACAGCGGGGGGTC	+
202-AGCTGCGGG	ASCL2_HUMAN.H11MO.0.D	2	0.0027436	2.10983	0.366564	7	AGCTGCGGG	CCAGCTGCT	+
202-AGCTGCGGG	ZN563_HUMAN.H11MO.1.C	3	0.00321923	2.47559	0.366564	9	AGCTGCGGG	CTGTGCTGCCTG	-
202-AGCTGCGGG	TFAP4_HUMAN.H11MO.0.A	2	0.00324367	2.49438	0.366564	8	AGCTGCGGG	CCAGCTGTTT	+
202-AGCTGCGGG	GCM1_HUMAN.H11MO.0.D	1	0.00338121	2.60015	0.366564	9	AGCTGCGGG	CACATGCGGGTATT	+
202-AGCTGCGGG	ZN331_HUMAN.H11MO.0.C	10	0.00370856	2.85188	0.375249	9	AGCTGCGGG	GGCTGGGCTCAGCTGGGTGG	+
202-AGCTGCGGG	ITF2_HUMAN.H11MO.0.C	3	0.00457494	3.51813	0.408452	7	AGCTGCGGG	CCCAGCTGCC	-
202-AGCTGCGGG	ZSC31_HUMAN.H11MO.0.C	0	0.00504963	3.88317	0.412243	9	AGCTGCGGG	GGCAGCAGGGCAGTTATG	+
202-AGCTGCGGG	E2F4_HUMAN.H11MO.0.A	0	0.0051707	3.97626	0.412243	9	AGCTGCGGG	GGGGGCGGGAAAT	+
202-AGCTGCGGG	PTF1A_HUMAN.H11MO.0.B	2	0.00567743	4.36595	0.412243	9	AGCTGCGGG	CCAGCTGCCCCCTTTCCC	+
202-AGCTGCGGG	TFDP1_HUMAN.H11MO.0.C	1	0.00570385	4.38626	0.412243	9	AGCTGCGGG	GGGGGGCGGGAAAA	+
202-AGCTGCGGG	SP1_HUMAN.H11MO.1.A	1	0.0067586	5.19736	0.424912	9	AGCTGCGGG	GGGGGGCGGGGCCG	+
202-AGCTGCGGG	HTF4_HUMAN.H11MO.0.A	3	0.00676047	5.1988	0.424912	7	AGCTGCGGG	TGCAGCTGTG	+
202-AGCTGCGGG	E2F1_HUMAN.H11MO.0.A	1	0.00714824	5.49699	0.424912	9	AGCTGCGGG	GGGGGGCGGGAAAG	+
202-AGCTGCGGG	ZBT18_HUMAN.H11MO.0.C	3	0.00755618	5.8107	0.424912	8	AGCTGCGGG	TCCAGATGTGG	+
202-AGCTGCGGG	ZN134_HUMAN.H11MO.1.C	8	0.0077122	5.93068	0.424912	9	AGCTGCGGG	ACCTAATCAGGTGAAGG	+
202-AGCTGCGGG	AP2B_HUMAN.H11MO.0.B	0	0.00796722	6.12679	0.424912	9	AGCTGCGGG	GCCCGGGGGC	+
202-AGCTGCGGG	KLF12_HUMAN.H11MO.0.C	0	0.00889303	6.83874	0.424912	9	AGCTGCGGG	AGGGGCGGGGC	+
202-AGCTGCGGG	SP2_HUMAN.H11MO.1.B	1	0.00990199	7.61463	0.455422	9	AGCTGCGGG	AGGGGGCGGGGC	+
202-AGCTGCGGG	ASCL1_HUMAN.H11MO.0.A	6	0.0110921	8.52984	0.481809	8	AGCTGCGGG	GGGAGCAGGTGCAG	-
204-CAGAGCGCTCCGGT	ZN768_HUMAN.H11MO.0.C	6	0.000171373	0.131786	0.263572	14	CAGAGCGCTCCGGT	GAGGCTCAGAGAGGTTAAGT	+
207-CATGTGCA	PO2F2_HUMAN.H11MO.0.A	0	0.000193547	0.148838	0.238838	8	CATGTGCA	CATTTGCATAT	-
207-CATGTGCA	NRF1_HUMAN.H11MO.0.A	6	0.000368797	0.283605	0.238838	8	CATGTGCA	CCTGCGCATGCGCAGTG	-
207-CATGTGCA	MYC_HUMAN.H11MO.0.A	2	0.000473987	0.364496	0.238838	8	CATGTGCA	GCCACGTGCTC	+
207-CATGTGCA	MTF1_HUMAN.H11MO.0.C	5	0.000673431	0.517869	0.254502	8	CATGTGCA	AGTGCCGTGTGCAAAAC	+
207-CATGTGCA	BHE40_HUMAN.H11MO.0.A	2	0.00105775	0.813408	0.285171	8	CATGTGCA	GTCACGTGCC	-
207-CATGTGCA	PO5F1_HUMAN.H11MO.1.A	-1	0.00113187	0.870412	0.285171	7	CATGTGCA	ATTTGCATAT	-
207-CATGTGCA	SNAI2_HUMAN.H11MO.0.A	2	0.00157916	1.21438	0.341026	8	CATGTGCA	GGCAGGTGCA	+
207-CATGTGCA	P5F1B_HUMAN.H11MO.0.D	1	0.0021735	1.67142	0.341108	8	CATGTGCA	TAATTTGCATATTCAT	+
207-CATGTGCA	MAX_HUMAN.H11MO.0.A	1	0.00247988	1.90703	0.341108	8	CATGTGCA	CCACGTGCTC	-
207-CATGTGCA	ID4_HUMAN.H11MO.0.D	2	0.00277799	2.13628	0.341108	8	CATGTGCA	GACAGGTGTAA	+
207-CATGTGCA	ZSCA4_HUMAN.H11MO.0.D	2	0.00337211	2.59315	0.341108	8	CATGTGCA	AGTGTGTGCACT	+
207-CATGTGCA	MXI1_HUMAN.H11MO.1.A	2	0.00379812	2.92075	0.341108	8	CATGTGCA	CCCACGTGCTC	+
207-CATGTGCA	BHE41_HUMAN.H11MO.0.D	7	0.00402499	3.09522	0.341108	8	CATGTGCA	ACCGGGTCACGTGCAGAGGG	+
207-CATGTGCA	PO3F4_HUMAN.H11MO.0.D	1	0.00407034	3.13009	0.341108	8	CATGTGCA	TAATTTGCATAATTTAT	+
207-CATGTGCA	BMAL1_HUMAN.H11MO.0.A	2	0.0042949	3.30278	0.341108	8	CATGTGCA	GCCACGTGACT	+
207-CATGTGCA	HES5_HUMAN.H11MO.0.D	3	0.00460121	3.53833	0.341108	8	CATGTGCA	CGGCACGTGCCA	-
207-CATGTGCA	ETV3_HUMAN.H11MO.0.D	2	0.00516263	3.97006	0.341108	8	CATGTGCA	TACGTTTGCACTTC	+
207-CATGTGCA	MXI1_HUMAN.H11MO.0.A	8	0.00548264	4.21615	0.341108	7	CATGTGCA	CCCGCCGCCACGTGC	-
207-CATGTGCA	HES7_HUMAN.H11MO.0.D	3	0.00552353	4.24759	0.341108	8	CATGTGCA	TGGCACGTGCCG	+
207-CATGTGCA	P53_HUMAN.H11MO.0.A	3	0.00556481	4.27934	0.341108	8	CATGTGCA	AGACATGCCCAGACATGCCC	+
207-CATGTGCA	TFE2_HUMAN.H11MO.0.A	2	0.00581114	4.46877	0.341108	8	CATGTGCA	CACAGCTGCAG	+
207-CATGTGCA	TWST1_HUMAN.H11MO.1.A	2	0.00585359	4.50141	0.341108	8	CATGTGCA	CACATCTGGT	+
207-CATGTGCA	HEY1_HUMAN.H11MO.0.D	3	0.0066134	5.0857	0.370271	8	CATGTGCA	CGACACGTGCCA	-
207-CATGTGCA	SNAI1_HUMAN.H11MO.0.C	1	0.00708485	5.44825	0.382436	7	CATGTGCA	CCAGGTGG	+
207-CATGTGCA	MYCN_HUMAN.H11MO.0.A	3	0.00744735	5.72701	0.382436	8	CATGTGCA	GGCCACGTGGGC	+
207-CATGTGCA	PO5F1_HUMAN.H11MO.0.A	-1	0.00780709	6.00365	0.382436	7	CATGTGCA	ATTTGCATAACAAAGG	-
207-CATGTGCA	FOXH1_HUMAN.H11MO.0.A	-2	0.0083486	6.42007	0.382436	6	CATGTGCA	TGTGGATTG	+
207-CATGTGCA	MESP1_HUMAN.H11MO.0.D	1	0.00931268	7.16145	0.404406	8	CATGTGCA	GCAGGTGTGGA	+
207-CATGTGCA	ITF2_HUMAN.H11MO.0.C	2	0.00936327	7.20036	0.404406	8	CATGTGCA	CCCAGCTGCC	-
207-CATGTGCA	CLOCK_HUMAN.H11MO.0.C	4	0.0106009	8.15212	0.421715	8	CATGTGCA	CAGACACGTGAACA	+
207-CATGTGCA	ASCL1_HUMAN.H11MO.0.A	5	0.0106009	8.15212	0.421715	8	CATGTGCA	GGGAGCAGGTGCAG	-
207-CATGTGCA	P63_HUMAN.H11MO.0.A	2	0.0115028	8.84569	0.437349	8	CATGTGCA	GGCATGTCCAGGCATGCCC	+
207-CATGTGCA	FIGLA_HUMAN.H11MO.0.D	3	0.0117144	9.00837	0.437349	8	CATGTGCA	TAACAGGTGTT	+
207-CATGTGCA	MYF6_HUMAN.H11MO.0.C	0	0.0126543	9.73116	0.453736	7	CATGTGCA	CAGCTGC	+
207-CATGTGCA	MLX_HUMAN.H11MO.0.D	4	0.0131155	10.0858	0.453736	7	CATGTGCA	TGATCACGTGC	+
207-CATGTGCA	NDF2_HUMAN.H11MO.0.B	1	0.013913	10.6991	0.453736	8	CATGTGCA	CCATCTGTT	-
207-CATGTGCA	P73_HUMAN.H11MO.0.A	3	0.0145598	11.1965	0.453736	8	CATGTGCA	AGACATGCCCAGACATGCC	+
207-CATGTGCA	HXD8_HUMAN.H11MO.0.D	1	0.0146675	11.2793	0.453736	8	CATGTGCA	TAATTTGCATA	+
207-CATGTGCA	ATOH1_HUMAN.H11MO.0.B	1	0.0147038	11.3072	0.453736	8	CATGTGCA	CCATCTGCT	-
207-CATGTGCA	TFEB_HUMAN.H11MO.0.C	3	0.0164078	12.6176	0.496067	6	CATGTGCA	GGTCACGTG	+
208-CCAACTGAB	ATOH1_HUMAN.H11MO.0.B	0	0.000208035	0.159979	0.124179	9	CCAACTGAC	CCATCTGCT	-
208-CCAACTGAB	NDF2_HUMAN.H11MO.0.B	0	0.000208035	0.159979	0.124179	9	CCAACTGAC	CCATCTGTT	-
208-CCAACTGAB	NDF1_HUMAN.H11MO.0.A	1	0.000245616	0.188879	0.124179	9	CCAACTGAC	ACCATCTGTC	-
208-CCAACTGAB	TFAP4_HUMAN.H11MO.0.A	0	0.000776598	0.597204	0.186324	9	CCAACTGAC	CCAGCTGTTT	+
208-CCAACTGAB	MYB_HUMAN.H11MO.0.A	0	0.00078797	0.605949	0.186324	9	CCAACTGAC	CCAACTGCCACC	-
208-CCAACTGAB	NGN2_HUMAN.H11MO.0.D	1	0.00078797	0.605949	0.186324	9	CCAACTGAC	GCCATCTGCTCC	-
208-CCAACTGAB	PTF1A_HUMAN.H11MO.1.B	0	0.000859911	0.661272	0.186324	9	CCAACTGAC	CCAGCTGCT	-
208-CCAACTGAB	ZN331_HUMAN.H11MO.0.C	4	0.00102218	0.786054	0.187022	9	CCAACTGAC	CCACCCAGCTGAGCCCAGCC	-
208-CCAACTGAB	SNAI1_HUMAN.H11MO.0.C	0	0.00110974	0.853387	0.187022	8	CCAACTGAC	CCACCTGG	-
208-CCAACTGAB	MYF6_HUMAN.H11MO.0.C	-1	0.00182832	1.40598	0.260703	7	CCAACTGAC	CAGCTGC	+
208-CCAACTGAB	BHA15_HUMAN.H11MO.0.B	0	0.00201197	1.5472	0.260703	9	CCAACTGAC	CCAGCTGCTGC	-
208-CCAACTGAB	ASCL2_HUMAN.H11MO.0.D	0	0.00206259	1.58613	0.260703	9	CCAACTGAC	CCAGCTGCT	+
208-CCAACTGAB	ITF2_HUMAN.H11MO.0.C	1	0.00225315	1.73267	0.262882	9	CCAACTGAC	CCCAGCTGCC	-
208-CCAACTGAB	MYBA_HUMAN.H11MO.0.D	3	0.00281552	2.16513	0.290906	9	CCAACTGAC	TCTCCAACTGCCACT	-
208-CCAACTGAB	MYOD1_HUMAN.H11MO.1.A	2	0.00306872	2.35985	0.290906	9	CCAACTGAC	CTGCAGCTGTC	+
208-CCAACTGAB	FIGLA_HUMAN.H11MO.0.D	1	0.00306872	2.35985	0.290906	9	CCAACTGAC	AACACCTGTTA	-
208-CCAACTGAB	PTF1A_HUMAN.H11MO.0.B	0	0.0035921	2.76232	0.305549	9	CCAACTGAC	CCAGCTGCCCCCTTTCCC	+
208-CCAACTGAB	MYOG_HUMAN.H11MO.0.B	2	0.00392784	3.02051	0.309042	9	CCAACTGAC	CCGCAGCTGTCCC	+
208-CCAACTGAB	SNAI2_HUMAN.H11MO.0.A	1	0.00407506	3.13372	0.309042	9	CCAACTGAC	TGCACCTGCC	-
208-CCAACTGAB	HTF4_HUMAN.H11MO.0.A	1	0.0043185	3.32093	0.311909	9	CCAACTGAC	CACAGCTGCA	-
208-CCAACTGAB	ASCL1_HUMAN.H11MO.0.A	2	0.00452946	3.48315	0.312276	9	CCAACTGAC	CTGCACCTGCTCCC	+
208-CCAACTGAB	ZN134_HUMAN.H11MO.1.C	3	0.00530844	4.08219	0.343798	9	CCAACTGAC	CCTTCACCTGATTAGGT	-
208-CCAACTGAB	MYOD1_HUMAN.H11MO.0.A	0	0.00544002	4.18337	0.343798	9	CCAACTGAC	GCAGCTGTTCCTGCC	+
208-CCAACTGAB	BMAL1_HUMAN.H11MO.0.A	1	0.00581731	4.47351	0.352937	9	CCAACTGAC	GCCACGTGACT	+
208-CCAACTGAB	USF1_HUMAN.H11MO.0.A	2	0.00705765	5.42733	0.411719	9	CCAACTGAC	GGTCACGTGACC	-
208-CCAACTGAB	MITF_HUMAN.H11MO.0.A	0	0.00761528	5.85615	0.42027	9	CCAACTGAC	TCACGTGACC	+
208-CCAACTGAB	TFEB_HUMAN.H11MO.0.C	-1	0.00786548	6.04855	0.42027	8	CCAACTGAC	CACGTGACC	-
208-CCAACTGAB	TWST1_HUMAN.H11MO.1.A	1	0.00804916	6.1898	0.42027	9	CCAACTGAC	CACATCTGGT	+
208-CCAACTGAB	BRCA1_HUMAN.H11MO.0.D	-1	0.00831257	6.39237	0.42027	8	CCAACTGAC	CAACCCAAA	-
208-CCAACTGAB	ZBT18_HUMAN.H11MO.0.C	1	0.00861118	6.622	0.421323	9	CCAACTGAC	TCCAGATGTGG	+
208-CCAACTGAB	ID4_HUMAN.H11MO.0.D	2	0.00909866	6.99687	0.427784	9	CCAACTGAC	TTACACCTGTC	-
208-CCAACTGAB	ZN134_HUMAN.H11MO.0.C	3	0.00988454	7.60121	0.427784	9	CCAACTGAC	CCTTCAACTGATTAGGTGAGGC	-
208-CCAACTGAB	OLIG2_HUMAN.H11MO.1.B	0	0.0100219	7.70682	0.427784	9	CCAACTGAC	CCATCTGTTT	+
208-CCAACTGAB	TAL1_HUMAN.H11MO.1.A	1	0.0101874	7.83415	0.427784	9	CCAACTGAC	CACATCTGCTTCCTG	-
208-CCAACTGAB	TFE2_HUMAN.H11MO.0.A	1	0.0107175	8.24176	0.427784	9	CCAACTGAC	CACAGCTGCAG	+
208-CCAACTGAB	MESP1_HUMAN.H11MO.0.D	3	0.0107175	8.24176	0.427784	8	CCAACTGAC	TCCACACCTGC	-
208-CCAACTGAB	INSM1_HUMAN.H11MO.0.C	2	0.0129243	9.93882	0.491527	9	CCAACTGAC	TGCCCCCTGACA	-
208-CCAACTGAB	TFE3_HUMAN.H11MO.0.B	0	0.0131072	10.0794	0.491527	9	CCAACTGAC	TCACGTGACC	-
208-CCAACTGAB	ZN317_HUMAN.H11MO.0.C	5	0.0143465	11.0324	0.491974	9	CCAACTGAC	GAATGACAGCTGACTTCTCA	+
208-CCAACTGAB	USF2_HUMAN.H11MO.0.A	8	0.0148577	11.4256	0.491974	9	CCAACTGAC	CGCCGCGGCCACGTGACCC	-
208-CCAACTGAB	OLIG2_HUMAN.H11MO.0.B	0	0.0152823	11.7521	0.491974	9	CCAACTGAC	CCAGCTGTTTCCCTTCTG	+
209-CCCCAGCGGA	ZN331_HUMAN.H11MO.0.C	2	0.000233524	0.17958	0.358542	10	CCCCAGCGGA	CCACCCAGCTGAGCCCAGCC	-
209-CCCCAGCGGA	GLIS2_HUMAN.H11MO.0.D	3	0.00054404	0.418366	0.370585	10	CCCCAGCGGA	GACCCCCCGCGAAG	-
209-CCCCAGCGGA	ZIC4_HUMAN.H11MO.0.D	3	0.000724103	0.556835	0.370585	10	CCCCAGCGGA	GACCCCCCGCTGTGC	-
210-CCCCTCGGGGCC	ZN768_HUMAN.H11MO.0.C	6	0.00016677	0.128247	0.233875	12	CCCCTCGGGGCC	ACTTAACCTCTCTGAGCCTC	-
210-CCCCTCGGGGCC	CTCF_HUMAN.H11MO.0.A	6	0.000349262	0.268582	0.233875	12	CCCCTCGGGGCC	TGGCGCCCCCTGGTGGCCA	-
210-CCCCTCGGGGCC	CTCFL_HUMAN.H11MO.0.A	6	0.000458081	0.352264	0.233875	11	CCCCTCGGGGCC	CGGCGCCCCCTGGCGGC	-
210-CCCCTCGGGGCC	PLAL1_HUMAN.H11MO.0.D	-3	0.00109391	0.841219	0.250219	9	CCCCTCGGGGCC	CGGGGGGCCC	+
210-CCCCTCGGGGCC	AP2B_HUMAN.H11MO.0.B	0	0.00123082	0.946503	0.250219	10	CCCCTCGGGGCC	GCCCCCGGGC	-
210-CCCCTCGGGGCC	ZN320_HUMAN.H11MO.0.C	5	0.00128714	0.989814	0.250219	12	CCCCTCGGGGCC	CACTGGCCCCCTGGTCCCAC	-
210-CCCCTCGGGGCC	SP1_HUMAN.H11MO.0.A	1	0.00130769	1.00562	0.250219	12	CCCCTCGGGGCC	CCCCCCCCCGGCCCCGCCCCCC	-
210-CCCCTCGGGGCC	MYCN_HUMAN.H11MO.0.A	0	0.00142276	1.0941	0.250219	12	CCCCTCGGGGCC	GCCCACGTGGCC	-
210-CCCCTCGGGGCC	COE1_HUMAN.H11MO.0.A	2	0.00147028	1.13065	0.250219	12	CCCCTCGGGGCC	GGTCCCTGGGGACTT	-
210-CCCCTCGGGGCC	ZN423_HUMAN.H11MO.0.D	3	0.00172444	1.32609	0.264125	12	CCCCTCGGGGCC	GCACCCTTGGGTGCC	-
210-CCCCTCGGGGCC	AP2C_HUMAN.H11MO.0.A	1	0.00212799	1.63643	0.296305	12	CCCCTCGGGGCC	TGGCCTCAGGGCAT	-
210-CCCCTCGGGGCC	GLIS2_HUMAN.H11MO.0.D	4	0.0032104	2.4688	0.393752	10	CCCCTCGGGGCC	GACCCCCCGCGAAG	-
210-CCCCTCGGGGCC	ZIC4_HUMAN.H11MO.0.D	4	0.00355697	2.73531	0.393752	11	CCCCTCGGGGCC	GACCCCCCGCTGTGC	-
211-CCCTCTCCCCCG	ZN281_HUMAN.H11MO.0.A	2	3.54112e-05	0.0272312	0.0530623	12	CCCTCTCCCCCG	TCCCCTCCCCCACCC	-
211-CCCTCTCCCCCG	MAZ_HUMAN.H11MO.1.A	0	7.5487e-05	0.0580495	0.0565572	11	CCCTCTCCCCCG	CCCCCTCCCTC	-
211-CCCTCTCCCCCG	ZN148_HUMAN.H11MO.0.D	1	0.000202544	0.155756	0.101168	12	CCCTCTCCCCCG	CCCCTCCCCCACCCC	-
211-CCCTCTCCCCCG	PATZ1_HUMAN.H11MO.1.C	-1	0.000319908	0.246009	0.116156	9	CCCTCTCCCCCG	CCCCTCCCT	-
211-CCCTCTCCCCCG	WT1_HUMAN.H11MO.0.C	7	0.000387584	0.298052	0.116156	12	CCCTCTCCCCCG	CCCCCCCTCCTCCCCCGCCC	-
211-CCCTCTCCCCCG	WT1_HUMAN.H11MO.1.B	0	0.00067029	0.515453	0.166986	11	CCCTCTCCCCCG	CCTCCTCCCAC	-
211-CCCTCTCCCCCG	TBX15_HUMAN.H11MO.0.D	2	0.000953221	0.733027	0.166986	12	CCCTCTCCCCCG	CCCCCACCCCCCCCCCCCC	-
211-CCCTCTCCCCCG	VEZF1_HUMAN.H11MO.1.C	0	0.00104561	0.804076	0.166986	12	CCCTCTCCCCCG	CCCCCTCCCCCT	-
211-CCCTCTCCCCCG	MAZ_HUMAN.H11MO.0.A	11	0.00113289	0.871194	0.166986	11	CCCTCTCCCCCG	CCCCCCCCCCCCCCCCTCCCCC	-
211-CCCTCTCCCCCG	EGR2_HUMAN.H11MO.0.A	5	0.00119361	0.917884	0.166986	12	CCCTCTCCCCCG	CCCCTCCCACACCCCCCC	-
211-CCCTCTCCCCCG	VEZF1_HUMAN.H11MO.0.C	5	0.00134551	1.03469	0.166986	12	CCCTCTCCCCCG	CCCCTCCCCCTCCCCCCTCCCC	-
211-CCCTCTCCCCCG	SALL4_HUMAN.H11MO.0.B	-2	0.0016607	1.27707	0.166986	10	CCCTCTCCCCCG	CCCACCCTCC	-
211-CCCTCTCCCCCG	ZN263_HUMAN.H11MO.1.A	0	0.00171337	1.31759	0.166986	11	CCCTCTCCCCCG	CCTCCTCCCTC	-
211-CCCTCTCCCCCG	ZBT17_HUMAN.H11MO.0.A	4	0.001774	1.3642	0.166986	12	CCCTCTCCCCCG	CTTCCCCTCCCCCACCCTC	-
211-CCCTCTCCCCCG	SP1_HUMAN.H11MO.1.A	2	0.00194856	1.49844	0.166986	12	CCCTCTCCCCCG	CGGCCCCGCCCCCC	-
211-CCCTCTCCCCCG	NKX25_HUMAN.H11MO.0.B	-1	0.00210803	1.62108	0.166986	8	CCCTCTCCCCCG	CCTCTCCA	-
211-CCCTCTCCCCCG	SP2_HUMAN.H11MO.1.B	2	0.00226914	1.74497	0.166986	10	CCCTCTCCCCCG	GCCCCGCCCCCT	-
211-CCCTCTCCCCCG	SP4_HUMAN.H11MO.1.A	4	0.00230193	1.77019	0.166986	12	CCCTCTCCCCCG	CGGCCCCGCCCCCTCC	-
211-CCCTCTCCCCCG	NR0B1_HUMAN.H11MO.0.D	-3	0.00236208	1.81644	0.166986	9	CCCTCTCCCCCG	TCTCCCACGC	-
211-CCCTCTCCCCCG	PPARG_HUMAN.H11MO.0.A	2	0.00239706	1.84334	0.166986	12	CCCTCTCCCCCG	TGACCTTTGCCCCACTT	-
211-CCCTCTCCCCCG	KLF12_HUMAN.H11MO.0.C	0	0.00240335	1.84817	0.166986	11	CCCTCTCCCCCG	GCCCCGCCCCT	-
211-CCCTCTCCCCCG	TBX1_HUMAN.H11MO.0.D	8	0.00245164	1.88531	0.166986	12	CCCTCTCCCCCG	CCGCCCACCCCTGCCCACCC	-
211-CCCTCTCCCCCG	ZN816_HUMAN.H11MO.1.C	1	0.00268626	2.06574	0.172199	12	CCCTCTCCCCCG	TGCATGTCCCCCTT	-
211-CCCTCTCCCCCG	SP3_HUMAN.H11MO.0.B	7	0.0028848	2.21841	0.172199	12	CCCTCTCCCCCG	CCCCGGCCCCGCCCCCCCCC	-
211-CCCTCTCCCCCG	SP2_HUMAN.H11MO.0.A	8	0.0029332	2.25563	0.172199	12	CCCTCTCCCCCG	CCCCCGGCCCCGCCCCCCCCCC	-
211-CCCTCTCCCCCG	ZN524_HUMAN.H11MO.0.D	7	0.00320179	2.46218	0.172199	11	CCCTCTCCCCCG	ACTCGAACCCTCGAACCC	-
211-CCCTCTCCCCCG	ZN467_HUMAN.H11MO.0.C	12	0.00326852	2.51349	0.172199	10	CCCTCTCCCCCG	CCCCCCCCCCCCTCCCCTCCCC	-
211-CCCTCTCCCCCG	ZN740_HUMAN.H11MO.0.D	0	0.00331574	2.5498	0.172199	12	CCCTCTCCCCCG	CCCACCCCCCCCCC	-
211-CCCTCTCCCCCG	KLF4_HUMAN.H11MO.0.A	0	0.00333259	2.56276	0.172199	10	CCCTCTCCCCCG	GCCACACCCT	-
211-CCCTCTCCCCCG	EGR1_HUMAN.H11MO.0.A	6	0.00366786	2.82059	0.183205	11	CCCTCTCCCCCG	CCCCCGCCCACGCCCTC	-
211-CCCTCTCCCCCG	COT1_HUMAN.H11MO.0.C	5	0.00407198	3.13135	0.196829	12	CCCTCTCCCCCG	CCCTGACCTCTGACCCC	-
211-CCCTCTCCCCCG	KLF9_HUMAN.H11MO.0.C	1	0.00427536	3.28775	0.200202	12	CCCTCTCCCCCG	GGCCACGCCCCCTCC	-
211-CCCTCTCCCCCG	EGR2_HUMAN.H11MO.1.A	0	0.00456357	3.50939	0.2056	12	CCCTCTCCCCCG	CCCCCGCCCACGCCCC	-
211-CCCTCTCCCCCG	KLF16_HUMAN.H11MO.0.D	2	0.00466506	3.58743	0.2056	12	CCCTCTCCCCCG	CCCCCCCCCCCCCGCCCCC	-
211-CCCTCTCCCCCG	KLF1_HUMAN.H11MO.0.A	4	0.00527098	4.05338	0.206906	10	CCCTCTCCCCCG	CCCGGCCCCGCCCC	-
211-CCCTCTCCCCCG	ZN219_HUMAN.H11MO.0.D	0	0.00527301	4.05494	0.206906	12	CCCTCTCCCCCG	TCCGCCCCCCTC	-
211-CCCTCTCCCCCG	KLF14_HUMAN.H11MO.0.D	0	0.00532199	4.09261	0.206906	12	CCCTCTCCCCCG	GCCACGCCCCCCT	-
211-CCCTCTCCCCCG	EGR4_HUMAN.H11MO.0.D	1	0.00542771	4.17391	0.206906	10	CCCTCTCCCCCG	GCCCTGCCGCC	-
211-CCCTCTCCCCCG	PPARA_HUMAN.H11MO.0.B	2	0.00554765	4.26614	0.206906	12	CCCTCTCCCCCG	TGACCTTTGCCCCAGTT	-
211-CCCTCTCCCCCG	ZSC22_HUMAN.H11MO.0.C	6	0.00559914	4.30574	0.206906	10	CCCTCTCCCCCG	CCTCCTCCCTCAGACC	-
211-CCCTCTCCCCCG	ZN816_HUMAN.H11MO.0.C	4	0.00566125	4.3535	0.206906	12	CCCTCTCCCCCG	CCCTGCATGTCCCCCTTTTTT	-
211-CCCTCTCCCCCG	SP1_HUMAN.H11MO.0.A	10	0.00584827	4.49732	0.208653	12	CCCTCTCCCCCG	CCCCCCCCCGGCCCCGCCCCCC	-
211-CCCTCTCCCCCG	E2F6_HUMAN.H11MO.0.A	1	0.00756176	5.81499	0.263512	12	CCCTCTCCCCCG	CCCTTCCCGCCCC	-
211-CCCTCTCCCCCG	KLF5_HUMAN.H11MO.0.A	4	0.00786582	6.04882	0.267878	10	CCCTCTCCCCCG	CCCAGCCCCACCCT	-
211-CCCTCTCCCCCG	ZN436_HUMAN.H11MO.0.C	-1	0.00877686	6.74941	0.292262	11	CCCTCTCCCCCG	CCTCCTCCAGGAAGCCTTCCCTGA	-
211-CCCTCTCCCCCG	KLF3_HUMAN.H11MO.0.B	4	0.00949551	7.30204	0.297609	12	CCCTCTCCCCCG	CCCGGCCCCGCCCCTCCCC	-
211-CCCTCTCCCCCG	KLF6_HUMAN.H11MO.0.A	6	0.00949551	7.30204	0.297609	12	CCCTCTCCCCCG	CCCCCGGCCCCGCCCTTCC	-
211-CCCTCTCCCCCG	PPARD_HUMAN.H11MO.0.D	2	0.00956932	7.3588	0.297609	12	CCCTCTCCCCCG	TGACCTTTGTCCTA	-
211-CCCTCTCCCCCG	ZN341_HUMAN.H11MO.0.C	6	0.00973187	7.48381	0.297609	12	CCCTCTCCCCCG	GCTCTTCCCTCCCCCCCCCCCC	-
211-CCCTCTCCCCCG	ZFX_HUMAN.H11MO.1.A	5	0.0106055	8.15565	0.311461	12	CCCTCTCCCCCG	CCCCGGCCTCCGCCCCC	-
211-CCCTCTCCCCCG	PATZ1_HUMAN.H11MO.0.C	6	0.0107513	8.26778	0.311461	12	CCCTCTCCCCCG	CCTCCCCCCCCGCCCCCTCCCC	-
211-CCCTCTCCCCCG	KLF15_HUMAN.H11MO.0.A	3	0.0110065	8.464	0.311461	12	CCCTCTCCCCCG	CCCCCCCCTGCTCCTCCCC	-
211-CCCTCTCCCCCG	ZN263_HUMAN.H11MO.0.A	10	0.0110162	8.47149	0.311461	10	CCCTCTCCCCCG	CTCCTCCTCTCCCTCCTCCC	-
211-CCCTCTCCCCCG	ZN320_HUMAN.H11MO.0.C	8	0.0115701	8.89743	0.321063	12	CCCTCTCCCCCG	CACTGGCCCCCTGGTCCCAC	-
211-CCCTCTCCCCCG	REST_HUMAN.H11MO.0.A	3	0.0118688	9.12709	0.323362	12	CCCTCTCCCCCG	GGGCGCTGTCCATGGTGCTGAA	-
211-CCCTCTCCCCCG	MZF1_HUMAN.H11MO.0.B	0	0.0123099	9.46631	0.329391	12	CCCTCTCCCCCG	CCCAATCCCCTCC	-
211-CCCTCTCCCCCG	ZNF41_HUMAN.H11MO.1.C	-2	0.0129106	9.92825	0.339404	10	CCCTCTCCCCCG	TTCTCCCTTGTG	-
211-CCCTCTCCCCCG	INSM1_HUMAN.H11MO.0.C	2	0.0142117	10.9288	0.367167	10	CCCTCTCCCCCG	TGCCCCCTGACA	-
211-CCCTCTCCCCCG	NGN2_HUMAN.H11MO.0.D	1	0.0156331	12.0218	0.397043	11	CCCTCTCCCCCG	GCCATCTGCTCC	-
211-CCCTCTCCCCCG	ETS2_HUMAN.H11MO.0.B	0	0.0163555	12.5774	0.408469	12	CCCTCTCCCCCG	TCCTCTTCCTTCC	-
211-CCCTCTCCCCCG	NDF2_HUMAN.H11MO.0.B	0	0.0172063	13.2317	0.419635	9	CCCTCTCCCCCG	CCATCTGTT	-
211-CCCTCTCCCCCG	NKX22_HUMAN.H11MO.0.D	0	0.0173627	13.3519	0.419635	8	CCCTCTCCCCCG	GCCACTCA	-
211-CCCTCTCCCCCG	TFDP1_HUMAN.H11MO.0.C	4	0.0177551	13.6537	0.422307	10	CCCTCTCCCCCG	TTTTCCCGCCCCCC	-
211-CCCTCTCCCCCG	NFAT5_HUMAN.H11MO.0.D	0	0.0200977	15.4551	0.461332	11	CCCTCTCCCCCG	CCTTTTCCTCT	-
211-CCCTCTCCCCCG	RXRA_HUMAN.H11MO.0.A	5	0.0205482	15.8015	0.461332	12	CCCTCTCCCCCG	CTCTGACCTCTGCCTCCCCC	-
211-CCCTCTCCCCCG	SPI1_HUMAN.H11MO.0.A	1	0.0206052	15.8454	0.461332	12	CCCTCTCCCCCG	TTTCACTTCCTCTTTTT	-
211-CCCTCTCCCCCG	SRBP2_HUMAN.H11MO.0.B	-1	0.0206273	15.8624	0.461332	11	CCCTCTCCCCCG	CCTCACCCCACCC	-
211-CCCTCTCCCCCG	SMAD1_HUMAN.H11MO.0.D	1	0.0217056	16.6916	0.46397	11	CCCTCTCCCCCG	AGCCTGTCTGCC	+
211-CCCTCTCCCCCG	ZN341_HUMAN.H11MO.1.C	0	0.0222852	17.1373	0.46397	9	CCCTCTCCCCCG	GGCTGTTCC	-
211-CCCTCTCCCCCG	ELF2_HUMAN.H11MO.0.C	-1	0.0226063	17.3842	0.46397	11	CCCTCTCCCCCG	CCACTTCCGGGTT	-
211-CCCTCTCCCCCG	E2F4_HUMAN.H11MO.0.A	4	0.0226063	17.3842	0.46397	9	CCCTCTCCCCCG	ATTTCCCGCCCCC	-
211-CCCTCTCCCCCG	VDR_HUMAN.H11MO.0.A	4	0.0226683	17.4319	0.46397	12	CCCTCTCCCCCG	TGAACCCACTGACCCC	-
211-CCCTCTCCCCCG	MXI1_HUMAN.H11MO.0.A	0	0.0233305	17.9412	0.46397	12	CCCTCTCCCCCG	CCCGCCGCCACGTGC	-
211-CCCTCTCCCCCG	ETV5_HUMAN.H11MO.0.C	0	0.0233841	17.9824	0.46397	12	CCCTCTCCCCCG	CTCACTTCCTGCTC	-
211-CCCTCTCCCCCG	E2F1_HUMAN.H11MO.0.A	4	0.0233841	17.9824	0.46397	10	CCCTCTCCCCCG	CTTTCCCGCCCCCC	-
211-CCCTCTCCCCCG	STAT1_HUMAN.H11MO.0.A	0	0.0235319	18.0961	0.46397	12	CCCTCTCCCCCG	CCCCTTTCCTGGAAATCAC	+
211-CCCTCTCCCCCG	IKZF1_HUMAN.H11MO.0.C	-3	0.0240753	18.5139	0.468518	8	CCCTCTCCCCCG	TCTCCCAA	-
211-CCCTCTCCCCCG	ELF5_HUMAN.H11MO.0.A	-1	0.0255398	19.6401	0.485506	11	CCCTCTCCCCCG	CCACTTCCTCCTTCC	-
211-CCCTCTCCCCCG	GLIS2_HUMAN.H11MO.0.D	2	0.0255963	19.6835	0.485506	12	CCCTCTCCCCCG	GACCCCCCGCGAAG	-
212-CCCTTCCCAACTC	PATZ1_HUMAN.H11MO.1.C	0	0.000494038	0.379916	0.271881	9	CCCTTCCCAACTC	CCCCTCCCT	-
212-CCCTTCCCAACTC	ZN281_HUMAN.H11MO.0.A	2	0.000523845	0.402837	0.271881	13	CCCTTCCCAACTC	TCCCCTCCCCCACCC	-
212-CCCTTCCCAACTC	IKZF1_HUMAN.H11MO.0.C	-2	0.000762447	0.586322	0.271881	8	CCCTTCCCAACTC	TCTCCCAA	-
212-CCCTTCCCAACTC	TBX1_HUMAN.H11MO.0.D	8	0.000789056	0.606784	0.271881	12	CCCTTCCCAACTC	CCGCCCACCCCTGCCCACCC	-
212-CCCTTCCCAACTC	ZN148_HUMAN.H11MO.0.D	1	0.000898857	0.691221	0.271881	13	CCCTTCCCAACTC	CCCCTCCCCCACCCC	-
214-CCGGAGGCNSMGC	ZN770_HUMAN.H11MO.1.C	-1	3.85553e-05	0.029649	0.0588598	11	CCGGAGGCACAGC	GGGAGGCTGAG	+
214-CCGGAGGCNSMGC	EGR4_HUMAN.H11MO.0.D	-2	0.000292232	0.224726	0.183737	11	CCGGAGGCACAGC	GGCGGCAGGGC	+
214-CCGGAGGCNSMGC	MECP2_HUMAN.H11MO.0.C	1	0.000566815	0.435881	0.183737	6	CCGGAGGCACAGC	CCCGGAG	+
214-CCGGAGGCNSMGC	MBD2_HUMAN.H11MO.0.B	4	0.000582065	0.447608	0.183737	7	CCGGAGGCACAGC	CGGGCCGGAGG	+
214-CCGGAGGCNSMGC	ZN770_HUMAN.H11MO.0.C	-1	0.000721946	0.555176	0.183737	12	CCGGAGGCACAGC	GGGAGGCTGAGGCGGGAGGATC	+
214-CCGGAGGCNSMGC	AP2C_HUMAN.H11MO.0.A	4	0.000722127	0.555315	0.183737	10	CCGGAGGCACAGC	ATGCCCTGAGGCCA	+
214-CCGGAGGCNSMGC	AP2D_HUMAN.H11MO.0.D	2	0.000912103	0.701407	0.198921	12	CCGGAGGCACAGC	CGCCCGAGGCGCGT	+
214-CCGGAGGCNSMGC	ZN708_HUMAN.H11MO.1.D	-4	0.00118252	0.909355	0.225659	9	CCGGAGGCACAGC	AGGTACAGC	+
214-CCGGAGGCNSMGC	ETV1_HUMAN.H11MO.0.A	2	0.00255134	1.96198	0.390983	9	CCGGAGGCACAGC	GGCCGGAAGTG	+
214-CCGGAGGCNSMGC	PLAL1_HUMAN.H11MO.0.D	0	0.00280931	2.16036	0.390983	10	CCGGAGGCACAGC	CGGGGGGCCC	+
214-CCGGAGGCNSMGC	ZN563_HUMAN.H11MO.1.C	0	0.0030733	2.36336	0.390983	12	CCGGAGGCACAGC	CAGGCAGCACAG	+
214-CCGGAGGCNSMGC	ELK4_HUMAN.H11MO.0.A	2	0.00344659	2.65042	0.391026	10	CCGGAGGCACAGC	GACCGGAAGTGG	+
214-CCGGAGGCNSMGC	ELK1_HUMAN.H11MO.0.B	1	0.0038888	2.99049	0.391026	10	CCGGAGGCACAGC	ACCGGAAGTGG	+
214-CCGGAGGCNSMGC	AP2A_HUMAN.H11MO.0.A	4	0.00424292	3.2628	0.391026	11	CCGGAGGCACAGC	ATGCCCTGAGGCCAT	+
214-CCGGAGGCNSMGC	CTCFL_HUMAN.H11MO.0.A	5	0.00446909	3.43673	0.391026	12	CCGGAGGCACAGC	GCCGCCAGGGGGCGCCG	+
214-CCGGAGGCNSMGC	AP2B_HUMAN.H11MO.0.B	1	0.00458327	3.52453	0.391026	9	CCGGAGGCACAGC	GCCCGGGGGC	+
214-CCGGAGGCNSMGC	ZN708_HUMAN.H11MO.0.C	7	0.00478041	3.67614	0.391026	13	CCGGAGGCACAGC	GCCTAATAAGCAGGTACAGC	+
214-CCGGAGGCNSMGC	ZFX_HUMAN.H11MO.0.A	-2	0.00486658	3.7424	0.391026	10	CCGGAGGCACAGC	CCAGGCCCCG	+
214-CCGGAGGCNSMGC	ZN554_HUMAN.H11MO.1.D	0	0.00574598	4.41866	0.4386	9	CCGGAGGCACAGC	GCAGAGCCA	+
214-CCGGAGGCNSMGC	SP1_HUMAN.H11MO.0.A	4	0.00679123	5.22246	0.477603	13	CCGGAGGCACAGC	CCCCCCCCCGGCCCCGCCCCCC	-
214-CCGGAGGCNSMGC	WT1_HUMAN.H11MO.0.C	5	0.00689874	5.30513	0.477603	13	CCGGAGGCACAGC	GGGCGGGGGAGGAGGGGGGG	+
214-CCGGAGGCNSMGC	ZN322_HUMAN.H11MO.0.B	3	0.00726453	5.58642	0.477603	13	CCGGAGGCACAGC	GAGCCTGGTACAGAGCCTGG	+
214-CCGGAGGCNSMGC	INSM1_HUMAN.H11MO.0.C	3	0.00750833	5.77391	0.477603	9	CCGGAGGCACAGC	TGTCAGGGGGCA	+
214-CCGGAGGCNSMGC	CTCF_HUMAN.H11MO.0.A	7	0.00798296	6.1389	0.487482	12	CCGGAGGCACAGC	TGGCCACCAGGGGGCGCCA	+
214-CCGGAGGCNSMGC	SP1_HUMAN.H11MO.1.A	-1	0.00849579	6.53326	0.498845	12	CCGGAGGCACAGC	GGGGGGCGGGGCCG	+
216-CGGCGCTGGAGGCT	ZBTB6_HUMAN.H11MO.0.C	-1	6.31932e-05	0.0485956	0.0971911	13	CGGCGCTGGAGGCT	GGTGCTGGAGCCG	+
218-CGTCAATCAAKVG	HXB7_HUMAN.H11MO.0.C	0	3.90651e-05	0.030041	0.0212687	10	CGTCAATCAAGCG	CATTAATCAA	-
218-CGTCAATCAAKVG	PDX1_HUMAN.H11MO.0.A	0	4.04917e-05	0.0311381	0.0212687	9	CGTCAATCAAGCG	CATCAATCA	-
218-CGTCAATCAAKVG	PBX1_HUMAN.H11MO.1.C	2	4.94403e-05	0.0380196	0.0212687	13	CGTCAATCAAGCG	CCCATCAATCAAATT	-
218-CGTCAATCAAKVG	PBX3_HUMAN.H11MO.1.A	0	5.6262e-05	0.0432655	0.0212687	9	CGTCAATCAAGCG	TGCCAATCA	-
218-CGTCAATCAAKVG	PBX2_HUMAN.H11MO.0.C	1	0.000138961	0.106861	0.0407123	13	CGTCAATCAAGCG	CCATCAATCAATTTA	-
218-CGTCAATCAAKVG	HXB8_HUMAN.H11MO.0.C	1	0.000175083	0.134639	0.0407123	10	CGTCAATCAAGCG	GCATTAATCAA	-
218-CGTCAATCAAKVG	PKNX1_HUMAN.H11MO.0.B	2	0.000188468	0.144932	0.0407123	9	CGTCAATCAAGCG	CCTGTCAATCA	-
218-CGTCAATCAAKVG	HXB6_HUMAN.H11MO.0.D	2	0.000217707	0.167417	0.0411499	11	CGTCAATCAAGCG	TGCATCAATCATT	-
218-CGTCAATCAAKVG	PBX3_HUMAN.H11MO.0.A	2	0.000360146	0.276952	0.0605093	9	CGTCAATCAAGCG	CCTGTCAATCA	-
218-CGTCAATCAAKVG	PBX1_HUMAN.H11MO.0.A	1	0.000414808	0.318987	0.062724	9	CGTCAATCAAGCG	CTGTCAATCA	-
218-CGTCAATCAAKVG	HXA1_HUMAN.H11MO.0.C	0	0.000511945	0.393686	0.0703748	10	CGTCAATCAAGCG	CATCCATCAA	-
218-CGTCAATCAAKVG	HXB1_HUMAN.H11MO.0.D	1	0.000629955	0.484435	0.0793806	9	CGTCAATCAAGCG	CCATCCATCA	-
218-CGTCAATCAAKVG	MEIS1_HUMAN.H11MO.0.A	2	0.000869323	0.668509	0.0946096	10	CGTCAATCAAGCG	GCCATAAATCAT	-
218-CGTCAATCAAKVG	HXA9_HUMAN.H11MO.0.B	1	0.000875944	0.673601	0.0946096	10	CGTCAATCAAGCG	CCATAAATCAT	-
218-CGTCAATCAAKVG	HXC8_HUMAN.H11MO.0.D	3	0.00109261	0.840217	0.110144	11	CGTCAATCAAGCG	GGGCATCAATCAAA	-
218-CGTCAATCAAKVG	HBP1_HUMAN.H11MO.0.D	-2	0.00160577	1.23484	0.151757	9	CGTCAATCAAGCG	TCAATGAGT	-
218-CGTCAATCAAKVG	LHX6_HUMAN.H11MO.0.D	-2	0.00181582	1.39636	0.161514	10	CGTCAATCAAGCG	GTAATCAGAG	-
218-CGTCAATCAAKVG	FOS_HUMAN.H11MO.0.A	-1	0.00207966	1.59926	0.174705	9	CGTCAATCAAGCG	GTGAGTCAC	+
218-CGTCAATCAAKVG	PAX1_HUMAN.H11MO.0.D	-2	0.00222734	1.71282	0.177263	11	CGTCAATCAAGCG	TCAGTCAAGCGTGACGA	-
218-CGTCAATCAAKVG	HMX3_HUMAN.H11MO.0.D	-1	0.002438	1.87482	0.184327	11	CGTCAATCAAGCG	AGCAATTAACG	-
218-CGTCAATCAAKVG	HXA7_HUMAN.H11MO.0.D	-1	0.00263207	2.02407	0.189525	12	CGTCAATCAAGCG	TCCAATCTATTGATT	-
218-CGTCAATCAAKVG	FOXI1_HUMAN.H11MO.0.B	0	0.00343732	2.6433	0.229867	12	CGTCAATCAAGCG	GACCAATCAGAG	-
218-CGTCAATCAAKVG	HXD4_HUMAN.H11MO.0.D	-2	0.0036501	2.80693	0.229867	8	CGTCAATCAAGCG	TCAATTAA	-
218-CGTCAATCAAKVG	FOSB_HUMAN.H11MO.0.A	-1	0.0036607	2.81508	0.229867	9	CGTCAATCAAGCG	ATGAGTCAT	+
218-CGTCAATCAAKVG	CREM_HUMAN.H11MO.0.C	3	0.00395907	3.04453	0.229867	8	CGTCAATCAAGCG	TGACGTCAGTG	-
218-CGTCAATCAAKVG	HXA5_HUMAN.H11MO.0.D	0	0.00406269	3.12421	0.229867	10	CGTCAATCAAGCG	CATTAATCAA	-
218-CGTCAATCAAKVG	FOSL1_HUMAN.H11MO.0.A	0	0.00410444	3.15631	0.229867	12	CGTCAATCAAGCG	GGTGACTCATCC	-
218-CGTCAATCAAKVG	JUND_HUMAN.H11MO.0.A	0	0.00445731	3.42767	0.232414	11	CGTCAATCAAGCG	GATGAGTCATC	+
218-CGTCAATCAAKVG	CUX2_HUMAN.H11MO.0.D	1	0.00501301	3.85501	0.252676	10	CGTCAATCAAGCG	AAATCAATGAA	+
218-CGTCAATCAAKVG	FOSL2_HUMAN.H11MO.0.A	0	0.00581194	4.46939	0.281132	12	CGTCAATCAAGCG	GATGACTCATCC	-
218-CGTCAATCAAKVG	PAX2_HUMAN.H11MO.0.D	0	0.00606327	4.66265	0.281132	13	CGTCAATCAAGCG	GTTCAGTCATGCGTGACA	+
218-CGTCAATCAAKVG	JUNB_HUMAN.H11MO.0.A	0	0.00632126	4.86105	0.281132	11	CGTCAATCAAGCG	TCTGAGTCACC	+
218-CGTCAATCAAKVG	JUN_HUMAN.H11MO.0.A	0	0.00669424	5.14787	0.289214	11	CGTCAATCAAGCG	GATGAGTCATC	+
218-CGTCAATCAAKVG	HNF6_HUMAN.H11MO.0.B	-3	0.00939224	7.22263	0.355055	10	CGTCAATCAAGCG	AAATCAATAAA	-
218-CGTCAATCAAKVG	PAX8_HUMAN.H11MO.0.D	-1	0.011841	9.10577	0.41961	12	CGTCAATCAAGCG	GTCACTGAAGCGGG	+
218-CGTCAATCAAKVG	HMX2_HUMAN.H11MO.0.D	0	0.012368	9.51097	0.41961	11	CGTCAATCAAGCG	AACCAATTAAA	-
218-CGTCAATCAAKVG	ATF1_HUMAN.H11MO.0.B	3	0.012368	9.51097	0.41961	8	CGTCAATCAAGCG	TGACGTCACCG	-
218-CGTCAATCAAKVG	NFYC_HUMAN.H11MO.0.A	2	0.0124874	9.6028	0.41961	12	CGTCAATCAAGCG	CTAGCCAATCAGAG	+
218-CGTCAATCAAKVG	HXC6_HUMAN.H11MO.0.D	5	0.0141077	10.8488	0.463752	10	CGTCAATCAAGCG	AAAGTAATAAATCAT	-
218-CGTCAATCAAKVG	NFYA_HUMAN.H11MO.0.A	2	0.0154099	11.8502	0.476772	12	CGTCAATCAAGCG	TCAGCCAATCAGAA	+
218-CGTCAATCAAKVG	PRRX2_HUMAN.H11MO.0.C	-3	0.0156491	12.0342	0.476772	7	CGTCAATCAAGCG	CAATTAA	-
218-CGTCAATCAAKVG	DUXA_HUMAN.H11MO.0.D	2	0.0161843	12.4457	0.476772	9	CGTCAATCAAGCG	TAATTTAATCA	-
218-CGTCAATCAAKVG	CREB1_HUMAN.H11MO.0.A	3	0.0161843	12.4457	0.476772	8	CGTCAATCAAGCG	TGACGTCATCG	-
218-CGTCAATCAAKVG	NANOG_HUMAN.H11MO.1.B	0	0.0170658	13.1236	0.476772	11	CGTCAATCAAGCG	GAGCCATCAAG	+
218-CGTCAATCAAKVG	CEBPZ_HUMAN.H11MO.0.D	0	0.0170658	13.1236	0.476772	11	CGTCAATCAAGCG	AGCCAATCAGC	-
218-CGTCAATCAAKVG	ISL2_HUMAN.H11MO.0.D	-1	0.0170658	13.1236	0.476772	11	CGTCAATCAAGCG	AGCAATTAACG	-
218-CGTCAATCAAKVG	NKX21_HUMAN.H11MO.0.A	-1	0.0177736	13.6679	0.476772	10	CGTCAATCAAGCG	GCCACTCAAG	-
218-CGTCAATCAAKVG	BATF_HUMAN.H11MO.1.A	0	0.0179908	13.8349	0.476772	11	CGTCAATCAAGCG	GATGACTCAAT	+
218-CGTCAATCAAKVG	HNF1B_HUMAN.H11MO.1.A	0	0.0179908	13.8349	0.476772	11	CGTCAATCAAGCG	AGTTAATGATT	+
218-CGTCAATCAAKVG	RX_HUMAN.H11MO.0.D	1	0.0179908	13.8349	0.476772	10	CGTCAATCAAGCG	TTGCTAATTAA	-
218-CGTCAATCAAKVG	HNF1B_HUMAN.H11MO.0.A	0	0.0182874	14.063	0.476772	13	CGTCAATCAAGCG	GGTTAATCATTAACC	-
218-CGTCAATCAAKVG	NOBOX_HUMAN.H11MO.0.C	-1	0.019514	15.0063	0.48373	9	CGTCAATCAAGCG	ACCAATTAG	-
218-CGTCAATCAAKVG	NFYB_HUMAN.H11MO.0.A	1	0.0200307	15.4036	0.488531	12	CGTCAATCAAGCG	CAGCCAATCAGAG	+
219-CRACCAATGGGHG	NFYB_HUMAN.H11MO.0.A	0	2.45155e-05	0.0188524	0.0376972	13	CAACCAATGGGCG	CAGCCAATCAGAG	+
219-CRACCAATGGGHG	NFYC_HUMAN.H11MO.0.A	1	0.000124847	0.0960073	0.0727059	13	CAACCAATGGGCG	CTAGCCAATCAGAG	+
219-CRACCAATGGGHG	NFYA_HUMAN.H11MO.0.A	1	0.000141848	0.109081	0.0727059	13	CAACCAATGGGCG	TCAGCCAATCAGAA	+
219-CRACCAATGGGHG	CEBPZ_HUMAN.H11MO.0.D	-1	0.000486384	0.37403	0.160467	11	CAACCAATGGGCG	AGCCAATCAGC	-
219-CRACCAATGGGHG	SOX15_HUMAN.H11MO.0.D	-2	0.000521781	0.401249	0.160467	7	CAACCAATGGGCG	AACAATG	-
219-CRACCAATGGGHG	SOX9_HUMAN.H11MO.1.B	-1	0.000912868	0.701995	0.233951	9	CAACCAATGGGCG	AAACAATGG	-
220-GCCAATCACHGST	FOXI1_HUMAN.H11MO.0.B	1	7.5757e-06	0.00582571	0.00848764	11	GCCAATCACCGGT	GACCAATCAGAG	-
220-GCCAATCACHGST	CEBPZ_HUMAN.H11MO.0.D	1	1.10684e-05	0.00851161	0.00848764	10	GCCAATCACCGGT	AGCCAATCAGC	-
220-GCCAATCACHGST	NFYB_HUMAN.H11MO.0.A	2	8.21612e-05	0.0631819	0.0341722	11	GCCAATCACCGGT	CAGCCAATCAGAG	+
220-GCCAATCACHGST	PBX3_HUMAN.H11MO.1.A	1	8.91254e-05	0.0685375	0.0341722	8	GCCAATCACCGGT	TGCCAATCA	-
220-GCCAATCACHGST	NFYA_HUMAN.H11MO.0.A	3	0.000203326	0.156358	0.0519724	11	GCCAATCACCGGT	TCAGCCAATCAGAA	+
220-GCCAATCACHGST	NFYC_HUMAN.H11MO.0.A	3	0.000203326	0.156358	0.0519724	11	GCCAATCACCGGT	CTAGCCAATCAGAG	+
220-GCCAATCACHGST	GFI1_HUMAN.H11MO.0.C	-2	0.000277268	0.213219	0.0607482	10	GCCAATCACCGGT	AAATCACAGC	-
220-GCCAATCACHGST	LHX6_HUMAN.H11MO.0.D	-1	0.000738812	0.568147	0.141637	10	GCCAATCACCGGT	GTAATCAGAG	-
220-GCCAATCACHGST	GFI1B_HUMAN.H11MO.0.A	-2	0.000966455	0.743204	0.164691	10	GCCAATCACCGGT	AAATCACAGC	-
220-GCCAATCACHGST	PKNX1_HUMAN.H11MO.0.B	3	0.00232476	1.78774	0.356541	8	GCCAATCACCGGT	CCTGTCAATCA	-
221-GCCCCTCCCTCCGC	MAZ_HUMAN.H11MO.1.A	0	3.33898e-07	0.000256767	0.000497994	11	GCCCCTCCCTCCGC	CCCCCTCCCTC	-
221-GCCCCTCCCTCCGC	PATZ1_HUMAN.H11MO.1.C	-1	2.07703e-06	0.00159724	0.0015489	9	GCCCCTCCCTCCGC	CCCCTCCCT	-
221-GCCCCTCCCTCCGC	SP4_HUMAN.H11MO.1.A	2	7.49411e-06	0.00576297	0.00372572	14	GCCCCTCCCTCCGC	CGGCCCCGCCCCCTCC	-
221-GCCCCTCCCTCCGC	KLF3_HUMAN.H11MO.0.B	4	1.11813e-05	0.00859841	0.00390669	14	GCCCCTCCCTCCGC	CCCGGCCCCGCCCCTCCCC	-
221-GCCCCTCCCTCCGC	KLF12_HUMAN.H11MO.0.C	0	1.47925e-05	0.0113754	0.00390669	11	GCCCCTCCCTCCGC	GCCCCGCCCCT	-
221-GCCCCTCCCTCCGC	ZN281_HUMAN.H11MO.0.A	0	1.57163e-05	0.0120858	0.00390669	14	GCCCCTCCCTCCGC	TCCCCTCCCCCACCC	-
221-GCCCCTCCCTCCGC	SP3_HUMAN.H11MO.0.B	5	2.81811e-05	0.0216712	0.00600441	14	GCCCCTCCCTCCGC	CCCCGGCCCCGCCCCCCCCC	-
221-GCCCCTCCCTCCGC	SP2_HUMAN.H11MO.1.B	0	4.1175e-05	0.0316636	0.00704464	12	GCCCCTCCCTCCGC	GCCCCGCCCCCT	-
221-GCCCCTCCCTCCGC	KLF4_HUMAN.H11MO.0.A	0	4.75054e-05	0.0365317	0.00704464	10	GCCCCTCCCTCCGC	GCCACACCCT	-
221-GCCCCTCCCTCCGC	SALL4_HUMAN.H11MO.0.B	-2	4.75054e-05	0.0365317	0.00704464	10	GCCCCTCCCTCCGC	CCCACCCTCC	-
221-GCCCCTCCCTCCGC	WT1_HUMAN.H11MO.0.C	5	5.63996e-05	0.0433713	0.00704464	14	GCCCCTCCCTCCGC	CCCCCCCTCCTCCCCCGCCC	-
221-GCCCCTCCCTCCGC	SP1_HUMAN.H11MO.1.A	2	5.66799e-05	0.0435868	0.00704464	12	GCCCCTCCCTCCGC	CGGCCCCGCCCCCC	-
221-GCCCCTCCCTCCGC	WT1_HUMAN.H11MO.1.B	0	6.21786e-05	0.0478153	0.007076	11	GCCCCTCCCTCCGC	CCTCCTCCCAC	-
221-GCCCCTCCCTCCGC	ZN148_HUMAN.H11MO.0.D	-1	6.64209e-05	0.0510777	0.007076	13	GCCCCTCCCTCCGC	CCCCTCCCCCACCCC	-
221-GCCCCTCCCTCCGC	VEZF1_HUMAN.H11MO.1.C	0	7.52631e-05	0.0578773	0.00732514	12	GCCCCTCCCTCCGC	CCCCCTCCCCCT	-
221-GCCCCTCCCTCCGC	ZSC22_HUMAN.H11MO.0.C	0	7.85824e-05	0.0604299	0.00732514	14	GCCCCTCCCTCCGC	CCTCCTCCCTCAGACC	-
221-GCCCCTCCCTCCGC	SP1_HUMAN.H11MO.0.A	10	0.000122593	0.094274	0.0107554	12	GCCCCTCCCTCCGC	CCCCCCCCCGGCCCCGCCCCCC	-
221-GCCCCTCCCTCCGC	KLF9_HUMAN.H11MO.0.C	1	0.000161837	0.124453	0.0133616	14	GCCCCTCCCTCCGC	GGCCACGCCCCCTCC	-
221-GCCCCTCCCTCCGC	ZN263_HUMAN.H11MO.1.A	0	0.000170216	0.130896	0.0133616	11	GCCCCTCCCTCCGC	CCTCCTCCCTC	-
221-GCCCCTCCCTCCGC	TBX15_HUMAN.H11MO.0.D	0	0.000195963	0.150696	0.0140042	14	GCCCCTCCCTCCGC	CCCCCACCCCCCCCCCCCC	-
221-GCCCCTCCCTCCGC	SP2_HUMAN.H11MO.0.A	6	0.000197181	0.151632	0.0140042	14	GCCCCTCCCTCCGC	CCCCCGGCCCCGCCCCCCCCCC	-
221-GCCCCTCCCTCCGC	TBX1_HUMAN.H11MO.0.D	2	0.000266058	0.204598	0.0179483	14	GCCCCTCCCTCCGC	CCGCCCACCCCTGCCCACCC	-
221-GCCCCTCCCTCCGC	KLF6_HUMAN.H11MO.0.A	6	0.000276783	0.212847	0.0179483	13	GCCCCTCCCTCCGC	CCCCCGGCCCCGCCCTTCC	-
221-GCCCCTCCCTCCGC	SP4_HUMAN.H11MO.0.A	4	0.000334229	0.257022	0.0207703	14	GCCCCTCCCTCCGC	CCCGGCCCCGCCCCCTTCCC	-
221-GCCCCTCCCTCCGC	ZBT17_HUMAN.H11MO.0.A	2	0.000434497	0.334128	0.0243929	14	GCCCCTCCCTCCGC	CTTCCCCTCCCCCACCCTC	-
221-GCCCCTCCCTCCGC	ZN341_HUMAN.H11MO.0.C	0	0.000440821	0.338991	0.0243929	14	GCCCCTCCCTCCGC	GCTCTTCCCTCCCCCCCCCCCC	-
221-GCCCCTCCCTCCGC	KLF1_HUMAN.H11MO.0.A	4	0.000441587	0.33958	0.0243929	10	GCCCCTCCCTCCGC	CCCGGCCCCGCCCC	-
221-GCCCCTCCCTCCGC	E2F6_HUMAN.H11MO.0.A	-1	0.000466108	0.358437	0.0248279	13	GCCCCTCCCTCCGC	CCCTTCCCGCCCC	-
221-GCCCCTCCCTCCGC	VEZF1_HUMAN.H11MO.0.C	5	0.000493151	0.379233	0.0253625	14	GCCCCTCCCTCCGC	CCCCTCCCCCTCCCCCCTCCCC	-
221-GCCCCTCCCTCCGC	KLF5_HUMAN.H11MO.0.A	4	0.000551309	0.423957	0.0266019	10	GCCCCTCCCTCCGC	CCCAGCCCCACCCT	-
221-GCCCCTCCCTCCGC	ZN263_HUMAN.H11MO.0.A	4	0.000552921	0.425196	0.0266019	14	GCCCCTCCCTCCGC	CTCCTCCTCTCCCTCCTCCC	-
221-GCCCCTCCCTCCGC	KLF15_HUMAN.H11MO.0.A	2	0.000674892	0.518992	0.0314554	14	GCCCCTCCCTCCGC	CCCCCCCCTGCTCCTCCCC	-
221-GCCCCTCCCTCCGC	ERG_HUMAN.H11MO.0.A	-1	0.000776783	0.597346	0.0351072	13	GCCCCTCCCTCCGC	CCACTTCCTGCCC	-
221-GCCCCTCCCTCCGC	MAZ_HUMAN.H11MO.0.A	7	0.00111972	0.861064	0.046356	14	GCCCCTCCCTCCGC	CCCCCCCCCCCCCCCCTCCCCC	-
221-GCCCCTCCCTCCGC	ZN219_HUMAN.H11MO.0.D	-2	0.00117473	0.90337	0.046356	12	GCCCCTCCCTCCGC	TCCGCCCCCCTC	-
221-GCCCCTCCCTCCGC	ETV5_HUMAN.H11MO.0.C	0	0.00117527	0.90378	0.046356	14	GCCCCTCCCTCCGC	CTCACTTCCTGCTC	-
221-GCCCCTCCCTCCGC	ZN770_HUMAN.H11MO.0.C	3	0.00118108	0.908249	0.046356	14	GCCCCTCCCTCCGC	GATCCTCCCGCCTCAGCCTCCC	-
221-GCCCCTCCCTCCGC	ZN467_HUMAN.H11MO.0.C	12	0.00118108	0.908249	0.046356	10	GCCCCTCCCTCCGC	CCCCCCCCCCCCTCCCCTCCCC	-
221-GCCCCTCCCTCCGC	ZN768_HUMAN.H11MO.0.C	3	0.00145406	1.11818	0.055607	14	GCCCCTCCCTCCGC	ACTTAACCTCTCTGAGCCTC	-
221-GCCCCTCCCTCCGC	FLI1_HUMAN.H11MO.0.A	2	0.00159764	1.22859	0.0595704	14	GCCCCTCCCTCCGC	TCCCTCCTTCCTTCCTCC	-
221-GCCCCTCCCTCCGC	EGR4_HUMAN.H11MO.0.D	-1	0.00193409	1.48732	0.0693691	11	GCCCCTCCCTCCGC	GCCCTGCCGCC	-
221-GCCCCTCCCTCCGC	FLI1_HUMAN.H11MO.1.A	-1	0.00196088	1.50792	0.0693691	13	GCCCCTCCCTCCGC	CCACTTCCTGCCT	-
221-GCCCCTCCCTCCGC	KLF16_HUMAN.H11MO.0.D	-1	0.00204187	1.57019	0.0693691	13	GCCCCTCCCTCCGC	CCCCCCCCCCCCCGCCCCC	-
221-GCCCCTCCCTCCGC	ZN257_HUMAN.H11MO.0.C	0	0.00204648	1.57375	0.0693691	12	GCCCCTCCCTCCGC	GCTCTTGCCTCT	+
221-GCCCCTCCCTCCGC	ZN740_HUMAN.H11MO.0.D	3	0.00231024	1.77657	0.0765694	11	GCCCCTCCCTCCGC	CCCACCCCCCCCCC	-
221-GCCCCTCCCTCCGC	KLF14_HUMAN.H11MO.0.D	0	0.00242073	1.86154	0.0784873	13	GCCCCTCCCTCCGC	GCCACGCCCCCCT	-
221-GCCCCTCCCTCCGC	E2F7_HUMAN.H11MO.0.B	-1	0.00365948	2.81414	0.114231	13	GCCCCTCCCTCCGC	CCTTTCCCGCCCC	-
221-GCCCCTCCCTCCGC	ETV4_HUMAN.H11MO.0.B	-2	0.00375293	2.886	0.114231	11	GCCCCTCCCTCCGC	CCCTTCCTGTT	-
221-GCCCCTCCCTCCGC	ZN770_HUMAN.H11MO.1.C	-2	0.00375293	2.886	0.114231	11	GCCCCTCCCTCCGC	CTCAGCCTCCC	-
221-GCCCCTCCCTCCGC	EGR2_HUMAN.H11MO.0.A	-1	0.00394869	3.03654	0.117786	13	GCCCCTCCCTCCGC	CCCCTCCCACACCCCCCC	-
221-GCCCCTCCCTCCGC	ZBT48_HUMAN.H11MO.0.C	0	0.00409428	3.1485	0.119734	12	GCCCCTCCCTCCGC	CACGGTCCCTAA	-
221-GCCCCTCCCTCCGC	ETS1_HUMAN.H11MO.0.A	-1	0.0042611	3.27678	0.122216	13	GCCCCTCCCTCCGC	CCACTTCCTGTCT	-
221-GCCCCTCCCTCCGC	EGR2_HUMAN.H11MO.1.A	0	0.00454238	3.49309	0.1275	14	GCCCCTCCCTCCGC	CCCCCGCCCACGCCCC	-
221-GCCCCTCCCTCCGC	ZIC4_HUMAN.H11MO.0.D	1	0.00461629	3.54993	0.1275	14	GCCCCTCCCTCCGC	GACCCCCCGCTGTGC	-
221-GCCCCTCCCTCCGC	PATZ1_HUMAN.H11MO.0.C	2	0.0059861	4.60331	0.162327	14	GCCCCTCCCTCCGC	CCTCCCCCCCCGCCCCCTCCCC	-
221-GCCCCTCCCTCCGC	ZFX_HUMAN.H11MO.1.A	-1	0.00661106	5.0839	0.174451	13	GCCCCTCCCTCCGC	CCCCGGCCTCCGCCCCC	-
221-GCCCCTCCCTCCGC	MZF1_HUMAN.H11MO.0.B	0	0.00666711	5.12701	0.174451	13	GCCCCTCCCTCCGC	CCCAATCCCCTCC	-
221-GCCCCTCCCTCCGC	ETV6_HUMAN.H11MO.0.D	-3	0.00715165	5.49962	0.183903	9	GCCCCTCCCTCCGC	ACTTCCTGT	-
221-GCCCCTCCCTCCGC	ZN784_HUMAN.H11MO.0.D	0	0.00784629	6.0338	0.198248	11	GCCCCTCCCTCCGC	GTACCTACCTC	-
221-GCCCCTCCCTCCGC	EGR1_HUMAN.H11MO.0.A	0	0.00797535	6.13304	0.198248	14	GCCCCTCCCTCCGC	CCCCCGCCCACGCCCTC	-
221-GCCCCTCCCTCCGC	PLAG1_HUMAN.H11MO.0.D	-1	0.00875187	6.73019	0.21093	13	GCCCCTCCCTCCGC	CCCCTCCTGATGCCCCC	-
221-GCCCCTCCCTCCGC	IKZF1_HUMAN.H11MO.0.C	-3	0.00876836	6.74287	0.21093	8	GCCCCTCCCTCCGC	TCTCCCAA	-
221-GCCCCTCCCTCCGC	E2F1_HUMAN.H11MO.0.A	-2	0.00908121	6.98345	0.214988	12	GCCCCTCCCTCCGC	CTTTCCCGCCCCCC	-
221-GCCCCTCCCTCCGC	E2F4_HUMAN.H11MO.0.A	-2	0.0107933	8.30003	0.250946	12	GCCCCTCCCTCCGC	ATTTCCCGCCCCC	-
221-GCCCCTCCCTCCGC	TFDP1_HUMAN.H11MO.0.C	2	0.0109366	8.41025	0.250946	12	GCCCCTCCCTCCGC	TTTTCCCGCCCCCC	-
221-GCCCCTCCCTCCGC	ETV7_HUMAN.H11MO.0.D	-4	0.0115419	8.87569	0.260821	7	GCCCCTCCCTCCGC	CTTCCTG	-
221-GCCCCTCCCTCCGC	ELF5_HUMAN.H11MO.0.A	-1	0.0123555	9.50139	0.275041	13	GCCCCTCCCTCCGC	CCACTTCCTCCTTCC	-
221-GCCCCTCCCTCCGC	GLIS2_HUMAN.H11MO.0.D	1	0.0131392	10.1041	0.288185	13	GCCCCTCCCTCCGC	GACCCCCCGCGAAG	-
221-GCCCCTCCCTCCGC	KLF13_HUMAN.H11MO.0.D	-2	0.013637	10.4868	0.294768	11	GCCCCTCCCTCCGC	CACGCCCCCCT	-
221-GCCCCTCCCTCCGC	ELF2_HUMAN.H11MO.0.C	-1	0.0142972	10.9945	0.304611	13	GCCCCTCCCTCCGC	CCACTTCCGGGTT	-
221-GCCCCTCCCTCCGC	ZIC1_HUMAN.H11MO.0.B	-1	0.0145571	11.1944	0.304611	9	GCCCCTCCCTCCGC	GACCACCCC	-
221-GCCCCTCCCTCCGC	NKX25_HUMAN.H11MO.0.B	-1	0.0147051	11.3082	0.304611	8	GCCCCTCCCTCCGC	CCTCTCCA	-
221-GCCCCTCCCTCCGC	CTCFL_HUMAN.H11MO.0.A	2	0.0150923	11.606	0.308349	14	GCCCCTCCCTCCGC	CGGCGCCCCCTGGCGGC	-
221-GCCCCTCCCTCCGC	HXB1_HUMAN.H11MO.0.D	-2	0.0157363	12.1012	0.313762	10	GCCCCTCCCTCCGC	CCATCCATCA	-
221-GCCCCTCCCTCCGC	PURA_HUMAN.H11MO.0.D	-1	0.015778	12.1333	0.313762	13	GCCCCTCCCTCCGC	CCCTGCCCCCCCCTTCC	-
221-GCCCCTCCCTCCGC	GLIS3_HUMAN.H11MO.0.D	-1	0.0165475	12.725	0.32107	10	GCCCCTCCCTCCGC	TACCCCCCAC	-
221-GCCCCTCCCTCCGC	SUH_HUMAN.H11MO.0.A	-3	0.016576	12.7469	0.32107	11	GCCCCTCCCTCCGC	TTTCCCACGCC	-
221-GCCCCTCCCTCCGC	NFAT5_HUMAN.H11MO.0.D	-1	0.0173964	13.3778	0.33264	11	GCCCCTCCCTCCGC	CCTTTTCCTCT	-
221-GCCCCTCCCTCCGC	FEV_HUMAN.H11MO.0.B	-1	0.018286	14.0619	0.345224	10	GCCCCTCCCTCCGC	CGCTTCCCGC	-
221-GCCCCTCCCTCCGC	ASCL1_HUMAN.H11MO.0.A	2	0.0188261	14.4773	0.350979	12	GCCCCTCCCTCCGC	CTGCACCTGCTCCC	+
221-GCCCCTCCCTCCGC	ZN449_HUMAN.H11MO.0.C	2	0.0200857	15.4459	0.36984	9	GCCCCTCCCTCCGC	AAGCCCAACCA	-
221-GCCCCTCCCTCCGC	E2F3_HUMAN.H11MO.0.A	-3	0.0231501	17.8024	0.421066	11	GCCCCTCCCTCCGC	TTTCCCGCCCT	-
221-GCCCCTCCCTCCGC	ZN341_HUMAN.H11MO.1.C	1	0.0244754	18.8216	0.427095	8	GCCCCTCCCTCCGC	GGCTGTTCC	-
221-GCCCCTCCCTCCGC	GABPA_HUMAN.H11MO.0.A	-1	0.024495	18.8366	0.427095	13	GCCCCTCCCTCCGC	CCACTTCCGGTTCC	-
221-GCCCCTCCCTCCGC	PLAL1_HUMAN.H11MO.0.D	2	0.0245513	18.88	0.427095	8	GCCCCTCCCTCCGC	GGGCCCCCCG	-
221-GCCCCTCCCTCCGC	ZBTB6_HUMAN.H11MO.0.C	-1	0.0246392	18.9475	0.427095	13	GCCCCTCCCTCCGC	CGGCTCCAGCACC	-
221-GCCCCTCCCTCCGC	E2F8_HUMAN.H11MO.0.D	-3	0.0249134	19.1584	0.427095	11	GCCCCTCCCTCCGC	TTTCCCGCCAAA	-
221-GCCCCTCCCTCCGC	PROX1_HUMAN.H11MO.0.D	3	0.0254649	19.5825	0.431589	14	GCCCCTCCCTCCGC	CCCAACCCGCCTTACCC	-
221-GCCCCTCCCTCCGC	ZN816_HUMAN.H11MO.1.C	1	0.0267076	20.5381	0.443799	13	GCCCCTCCCTCCGC	TGCATGTCCCCCTT	-
221-GCCCCTCCCTCCGC	SNAI2_HUMAN.H11MO.0.A	1	0.0270391	20.7931	0.443799	9	GCCCCTCCCTCCGC	TGCACCTGCC	-
221-GCCCCTCCCTCCGC	KLF8_HUMAN.H11MO.0.C	-4	0.027078	20.823	0.443799	9	GCCCCTCCCTCCGC	CACCCCCTG	-
221-GCCCCTCCCTCCGC	ZBT7A_HUMAN.H11MO.0.A	2	0.028471	21.8942	0.461557	7	GCCCCTCCCTCCGC	GAGACCCCC	-
221-GCCCCTCCCTCCGC	PRDM4_HUMAN.H11MO.0.D	7	0.030352	23.3407	0.476782	9	GCCCCTCCCTCCGC	TTTCAAGGCCCCCCAC	-
221-GCCCCTCCCTCCGC	ELF3_HUMAN.H11MO.0.A	-1	0.0303704	23.3548	0.476782	13	GCCCCTCCCTCCGC	CCACTTCCTGGTTC	-
221-GCCCCTCCCTCCGC	ZN816_HUMAN.H11MO.0.C	4	0.0304945	23.4503	0.476782	14	GCCCCTCCCTCCGC	CCCTGCATGTCCCCCTTTTTT	-
221-GCCCCTCCCTCCGC	ETS2_HUMAN.H11MO.0.B	0	0.0306888	23.5997	0.476782	13	GCCCCTCCCTCCGC	TCCTCTTCCTTCC	-
221-GCCCCTCCCTCCGC	HXA1_HUMAN.H11MO.0.C	-3	0.0312015	23.9939	0.479749	10	GCCCCTCCCTCCGC	CATCCATCAA	-
221-GCCCCTCCCTCCGC	HES7_HUMAN.H11MO.0.D	2	0.0326151	25.081	0.49417	10	GCCCCTCCCTCCGC	CGGCACGTGCCA	-
221-GCCCCTCCCTCCGC	SPI1_HUMAN.H11MO.0.A	1	0.032802	25.2248	0.49417	14	GCCCCTCCCTCCGC	TTTCACTTCCTCTTTTT	-
221-GCCCCTCCCTCCGC	COT1_HUMAN.H11MO.1.C	-1	0.0334652	25.7348	0.497163	13	GCCCCTCCCTCCGC	CCCTGACCTCTGC	-
221-GCCCCTCCCTCCGC	EHF_HUMAN.H11MO.0.B	0	0.0336674	25.8902	0.497163	14	GCCCCTCCCTCCGC	GCCACTTCCTGGTTC	-
221-GCCCCTCCCTCCGC	ARNT2_HUMAN.H11MO.0.D	-2	0.0340904	26.2155	0.498219	12	GCCCCTCCCTCCGC	GCCTCCCACGCC	-
221-GCCCCTCCCTCCGC	TAF1_HUMAN.H11MO.0.A	2	0.034407	26.459	0.498219	14	GCCCCTCCCTCCGC	CCGCCGCCGCCATCTT	-
222-GCCCGCCGGCC	AP2B_HUMAN.H11MO.0.B	0	0.000152398	0.117194	0.189278	10	GCCCGCCGGCC	GCCCCCGGGC	-
222-GCCCGCCGGCC	ZBTB4_HUMAN.H11MO.0.D	-1	0.000324563	0.249589	0.189278	10	GCCCGCCGGCC	CCCACCTGCCATCTAGG	-
222-GCCCGCCGGCC	MBD2_HUMAN.H11MO.0.B	-2	0.000717271	0.551582	0.189278	9	GCCCGCCGGCC	CCTCCGGCCCC	-
222-GCCCGCCGGCC	EGR4_HUMAN.H11MO.0.D	0	0.000805285	0.619264	0.189278	11	GCCCGCCGGCC	GCCCTGCCGCC	-
222-GCCCGCCGGCC	ZN320_HUMAN.H11MO.0.C	5	0.000823338	0.633147	0.189278	11	GCCCGCCGGCC	CACTGGCCCCCTGGTCCCAC	-
222-GCCCGCCGGCC	TFDP1_HUMAN.H11MO.0.C	3	0.000887438	0.68244	0.189278	11	GCCCGCCGGCC	TTTTCCCGCCCCCC	-
222-GCCCGCCGGCC	SP2_HUMAN.H11MO.0.A	7	0.00109729	0.843817	0.189278	11	GCCCGCCGGCC	CCCCCGGCCCCGCCCCCCCCCC	-
222-GCCCGCCGGCC	E2F1_HUMAN.H11MO.0.A	3	0.00111439	0.856966	0.189278	11	GCCCGCCGGCC	CTTTCCCGCCCCCC	-
222-GCCCGCCGGCC	SP1_HUMAN.H11MO.0.A	2	0.00155483	1.19566	0.229586	11	GCCCGCCGGCC	CCCCCCCCCGGCCCCGCCCCCC	-
222-GCCCGCCGGCC	SP2_HUMAN.H11MO.1.B	1	0.00165209	1.27045	0.229586	11	GCCCGCCGGCC	GCCCCGCCCCCT	-
222-GCCCGCCGGCC	SP1_HUMAN.H11MO.1.A	3	0.00205152	1.57762	0.261337	11	GCCCGCCGGCC	CGGCCCCGCCCCCC	-
222-GCCCGCCGGCC	ZSC31_HUMAN.H11MO.0.C	7	0.00223693	1.7202	0.263036	11	GCCCGCCGGCC	CATAACTGCCCTGCTGCC	-
222-GCCCGCCGGCC	E2F4_HUMAN.H11MO.0.A	3	0.00241621	1.85806	0.263823	10	GCCCGCCGGCC	ATTTCCCGCCCCC	-
222-GCCCGCCGGCC	PLAL1_HUMAN.H11MO.0.D	2	0.00279808	2.15173	0.279735	8	GCCCGCCGGCC	GGGCCCCCCG	-
222-GCCCGCCGGCC	TBX15_HUMAN.H11MO.0.D	1	0.00292793	2.25158	0.279735	11	GCCCGCCGGCC	CCCCCACCCCCCCCCCCCC	-
222-GCCCGCCGGCC	AP2C_HUMAN.H11MO.0.A	1	0.00431539	3.31853	0.388041	11	GCCCGCCGGCC	TGGCCTCAGGGCAT	-
222-GCCCGCCGGCC	AP2D_HUMAN.H11MO.0.D	1	0.00587047	4.51439	0.498547	11	GCCCGCCGGCC	CGCCCGAGGCGCGT	+
223-GCCCTCCCMMAGCTS	PATZ1_HUMAN.H11MO.1.C	0	0.000217177	0.167009	0.158241	9	GCCCTCCCAAAGCTC	CCCCTCCCT	-
223-GCCCTCCCMMAGCTS	ZN281_HUMAN.H11MO.0.A	1	0.00030347	0.233368	0.158241	14	GCCCTCCCAAAGCTC	TCCCCTCCCCCACCC	-
223-GCCCTCCCMMAGCTS	SALL4_HUMAN.H11MO.0.B	-1	0.000312483	0.2403	0.158241	10	GCCCTCCCAAAGCTC	CCCACCCTCC	-
223-GCCCTCCCMMAGCTS	IKZF1_HUMAN.H11MO.0.C	-2	0.000556227	0.427739	0.211254	8	GCCCTCCCAAAGCTC	TCTCCCAA	-
223-GCCCTCCCMMAGCTS	ZIC1_HUMAN.H11MO.0.B	0	0.000783855	0.602784	0.228002	9	GCCCTCCCAAAGCTC	GACCACCCC	-
223-GCCCTCCCMMAGCTS	MAZ_HUMAN.H11MO.1.A	1	0.00103879	0.798833	0.228002	10	GCCCTCCCAAAGCTC	CCCCCTCCCTC	-
223-GCCCTCCCMMAGCTS	TBX15_HUMAN.H11MO.0.D	1	0.0011216	0.86251	0.228002	15	GCCCTCCCAAAGCTC	CCCCCACCCCCCCCCCCCC	-
223-GCCCTCCCMMAGCTS	VEZF1_HUMAN.H11MO.1.C	1	0.00120065	0.923299	0.228002	11	GCCCTCCCAAAGCTC	CCCCCTCCCCCT	-
223-GCCCTCCCMMAGCTS	ZN148_HUMAN.H11MO.0.D	0	0.00144758	1.11319	0.244349	15	GCCCTCCCAAAGCTC	CCCCTCCCCCACCCC	-
223-GCCCTCCCMMAGCTS	WT1_HUMAN.H11MO.1.B	1	0.00166602	1.28117	0.249458	10	GCCCTCCCAAAGCTC	CCTCCTCCCAC	-
223-GCCCTCCCMMAGCTS	ZBT17_HUMAN.H11MO.0.A	3	0.00195655	1.50459	0.249458	15	GCCCTCCCAAAGCTC	CTTCCCCTCCCCCACCCTC	-
223-GCCCTCCCMMAGCTS	ZN740_HUMAN.H11MO.0.D	3	0.00202329	1.55591	0.249458	11	GCCCTCCCAAAGCTC	CCCACCCCCCCCCC	-
223-GCCCTCCCMMAGCTS	VEZF1_HUMAN.H11MO.0.C	6	0.00213466	1.64155	0.249458	15	GCCCTCCCAAAGCTC	CCCCTCCCCCTCCCCCCTCCCC	-
223-GCCCTCCCMMAGCTS	EGR2_HUMAN.H11MO.0.A	0	0.0023205	1.78446	0.251806	15	GCCCTCCCAAAGCTC	CCCCTCCCACACCCCCCC	-
223-GCCCTCCCMMAGCTS	EGR2_HUMAN.H11MO.1.A	1	0.00251843	1.93667	0.255065	15	GCCCTCCCAAAGCTC	CCCCCGCCCACGCCCC	-
223-GCCCTCCCMMAGCTS	SP2_HUMAN.H11MO.0.A	7	0.00347785	2.67447	0.33022	15	GCCCTCCCAAAGCTC	CCCCCGGCCCCGCCCCCCCCCC	-
223-GCCCTCCCMMAGCTS	EGR4_HUMAN.H11MO.0.D	0	0.00436319	3.35529	0.368251	11	GCCCTCCCAAAGCTC	GCCCTGCCGCC	-
223-GCCCTCCCMMAGCTS	ZN449_HUMAN.H11MO.0.C	2	0.00436319	3.35529	0.368251	9	GCCCTCCCAAAGCTC	AAGCCCAACCA	-
223-GCCCTCCCMMAGCTS	ZN263_HUMAN.H11MO.1.A	1	0.00493633	3.79604	0.379045	10	GCCCTCCCAAAGCTC	CCTCCTCCCTC	-
223-GCCCTCCCMMAGCTS	ZN436_HUMAN.H11MO.0.C	13	0.00515599	3.96495	0.379045	11	GCCCTCCCAAAGCTC	CCTCCTCCAGGAAGCCTTCCCTGA	-
223-GCCCTCCCMMAGCTS	SP3_HUMAN.H11MO.0.B	6	0.00550452	4.23298	0.379045	14	GCCCTCCCAAAGCTC	CCCCGGCCCCGCCCCCCCCC	-
223-GCCCTCCCMMAGCTS	ZN219_HUMAN.H11MO.0.D	3	0.00574473	4.4177	0.379045	9	GCCCTCCCAAAGCTC	TCCGCCCCCCTC	-
223-GCCCTCCCMMAGCTS	KLF15_HUMAN.H11MO.0.A	-2	0.00592856	4.55906	0.379045	13	GCCCTCCCAAAGCTC	CCCCCCCCTGCTCCTCCCC	-
223-GCCCTCCCMMAGCTS	GLI1_HUMAN.H11MO.0.D	1	0.00608212	4.67715	0.379045	11	GCCCTCCCAAAGCTC	AGACCACCCAGG	-
223-GCCCTCCCMMAGCTS	ZN667_HUMAN.H11MO.0.C	1	0.00623761	4.79672	0.379045	15	GCCCTCCCAAAGCTC	GTGGCCTTAAAAGCTCAGC	+
223-GCCCTCCCMMAGCTS	SP1_HUMAN.H11MO.0.A	-1	0.00685323	5.27013	0.400437	14	GCCCTCCCAAAGCTC	CCCCCCCCCGGCCCCGCCCCCC	-
223-GCCCTCCCMMAGCTS	KLF16_HUMAN.H11MO.0.D	0	0.00725712	5.58072	0.408332	15	GCCCTCCCAAAGCTC	CCCCCCCCCCCCCGCCCCC	-
223-GCCCTCCCMMAGCTS	PLAG1_HUMAN.H11MO.0.D	0	0.00787057	6.05247	0.41581	15	GCCCTCCCAAAGCTC	CCCCTCCTGATGCCCCC	-
223-GCCCTCCCMMAGCTS	PLAL1_HUMAN.H11MO.0.D	2	0.00793743	6.10389	0.41581	8	GCCCTCCCAAAGCTC	GGGCCCCCCG	-
223-GCCCTCCCMMAGCTS	SP4_HUMAN.H11MO.1.A	3	0.00823128	6.32985	0.41683	13	GCCCTCCCAAAGCTC	CGGCCCCGCCCCCTCC	-
223-GCCCTCCCMMAGCTS	PURA_HUMAN.H11MO.0.D	4	0.00868961	6.68231	0.419713	13	GCCCTCCCAAAGCTC	CCCTGCCCCCCCCTTCC	-
223-GCCCTCCCMMAGCTS	RARG_HUMAN.H11MO.2.D	3	0.00911704	7.011	0.419713	15	GCCCTCCCAAAGCTC	GGGGGTCACCCAGAGGTCAC	+
223-GCCCTCCCMMAGCTS	SP4_HUMAN.H11MO.0.A	5	0.00911704	7.011	0.419713	15	GCCCTCCCAAAGCTC	CCCGGCCCCGCCCCCTTCCC	-
223-GCCCTCCCMMAGCTS	WT1_HUMAN.H11MO.0.C	6	0.00957943	7.36658	0.428029	14	GCCCTCCCAAAGCTC	CCCCCCCTCCTCCCCCGCCC	-
223-GCCCTCCCMMAGCTS	EGR1_HUMAN.H11MO.0.A	1	0.0100678	7.74217	0.437	15	GCCCTCCCAAAGCTC	CCCCCGCCCACGCCCTC	-
230-CCGGCTGGGAGG	ZN331_HUMAN.H11MO.0.C	8	0.000260172	0.200072	0.265016	12	CCGGCTGGGAGG	GGCTGGGCTCAGCTGGGTGG	+
230-CCGGCTGGGAGG	ZIC3_HUMAN.H11MO.0.B	5	0.000354965	0.272968	0.265016	10	CCGGCTGGGAGG	GGCCCCCTGCTGTGA	+
230-CCGGCTGGGAGG	IKZF1_HUMAN.H11MO.0.C	-4	0.000754326	0.580076	0.30414	8	CCGGCTGGGAGG	TTGGGAGA	+
230-CCGGCTGGGAGG	TFAP4_HUMAN.H11MO.0.A	0	0.000820404	0.63089	0.30414	10	CCGGCTGGGAGG	CCAGCTGTTT	+
230-CCGGCTGGGAGG	THA11_HUMAN.H11MO.0.B	2	0.00119252	0.917046	0.30414	12	CCGGCTGGGAGG	GGCATGCTGGGAGTTGTAGTTC	+
230-CCGGCTGGGAGG	ZIC2_HUMAN.H11MO.0.D	5	0.00122211	0.939799	0.30414	10	CCGGCTGGGAGG	GGCCCCCTGCTGTGA	+
230-CCGGCTGGGAGG	ZN143_HUMAN.H11MO.0.A	2	0.00224238	1.72439	0.341443	12	CCGGCTGGGAGG	GGCATTCTGGGAATTGTAGTTC	+
230-CCGGCTGGGAGG	HTF4_HUMAN.H11MO.0.A	1	0.00242616	1.86572	0.341443	9	CCGGCTGGGAGG	TGCAGCTGTG	+
230-CCGGCTGGGAGG	ZNF76_HUMAN.H11MO.0.C	4	0.00250851	1.92905	0.341443	12	CCGGCTGGGAGG	GGGGCATTCTGGGAATTGTAGT	+
230-CCGGCTGGGAGG	ZIC4_HUMAN.H11MO.0.D	5	0.00251533	1.93429	0.341443	10	CCGGCTGGGAGG	GACCCCCCGCTGTGC	-
230-CCGGCTGGGAGG	PTF1A_HUMAN.H11MO.1.B	0	0.00337407	2.59466	0.406246	9	CCGGCTGGGAGG	CCAGCTGCT	-
230-CCGGCTGGGAGG	BHA15_HUMAN.H11MO.0.B	0	0.00353685	2.71984	0.406246	11	CCGGCTGGGAGG	CCAGCTGCTGC	-
230-CCGGCTGGGAGG	PATZ1_HUMAN.H11MO.1.C	-5	0.00640936	4.9288	0.427184	7	CCGGCTGGGAGG	AGGGAGGGG	+
230-CCGGCTGGGAGG	NDF2_HUMAN.H11MO.0.B	0	0.00678421	5.21706	0.427184	9	CCGGCTGGGAGG	CCATCTGTT	-
230-CCGGCTGGGAGG	ATOH1_HUMAN.H11MO.0.B	1	0.00678421	5.21706	0.427184	8	CCGGCTGGGAGG	AGCAGATGG	+
230-CCGGCTGGGAGG	E2F3_HUMAN.H11MO.0.A	0	0.00746061	5.73721	0.427184	11	CCGGCTGGGAGG	AGGGCGGGAAA	+
230-CCGGCTGGGAGG	ZN449_HUMAN.H11MO.0.C	-1	0.00746061	5.73721	0.427184	11	CCGGCTGGGAGG	TGGTTGGGCTT	+
230-CCGGCTGGGAGG	WT1_HUMAN.H11MO.1.B	-4	0.00746061	5.73721	0.427184	8	CCGGCTGGGAGG	GTGGGAGGAGG	+
230-CCGGCTGGGAGG	E2F1_HUMAN.H11MO.0.A	2	0.00767225	5.89996	0.427184	12	CCGGCTGGGAGG	GGGGGGCGGGAAAG	+
230-CCGGCTGGGAGG	ITF2_HUMAN.H11MO.0.C	1	0.00784097	6.0297	0.427184	9	CCGGCTGGGAGG	GGCAGCTGGG	+
230-CCGGCTGGGAGG	SUH_HUMAN.H11MO.0.A	-1	0.0082743	6.36294	0.427184	11	CCGGCTGGGAGG	GGCGTGGGAAA	+
230-CCGGCTGGGAGG	E2F4_HUMAN.H11MO.0.A	1	0.00828533	6.37142	0.427184	12	CCGGCTGGGAGG	GGGGGCGGGAAAT	+
230-CCGGCTGGGAGG	SALL4_HUMAN.H11MO.0.B	-3	0.0087241	6.70883	0.427184	9	CCGGCTGGGAGG	GGAGGGTGGG	+
230-CCGGCTGGGAGG	SNAI1_HUMAN.H11MO.0.C	0	0.0091548	7.04004	0.427184	8	CCGGCTGGGAGG	CCAGGTGG	+
230-CCGGCTGGGAGG	MYF6_HUMAN.H11MO.0.C	-1	0.010111	7.77534	0.431095	7	CCGGCTGGGAGG	CAGCTGC	+
230-CCGGCTGGGAGG	E2F7_HUMAN.H11MO.0.B	0	0.0106168	8.16433	0.431095	12	CCGGCTGGGAGG	GGGGCGGGAAAGG	+
230-CCGGCTGGGAGG	MYOG_HUMAN.H11MO.0.B	3	0.0106168	8.16433	0.431095	10	CCGGCTGGGAGG	GGGACAGCTGCGG	-
230-CCGGCTGGGAGG	TBX3_HUMAN.H11MO.0.C	0	0.0106821	8.21457	0.431095	11	CCGGCTGGGAGG	GGAGGTGGGAA	+
230-CCGGCTGGGAGG	HIC2_HUMAN.H11MO.0.D	-2	0.0112355	8.64011	0.441495	10	CCGGCTGGGAGG	GCCTGGCATGG	-
230-CCGGCTGGGAGG	HAND1_HUMAN.H11MO.1.D	-1	0.0128981	9.91863	0.449896	7	CCGGCTGGGAGG	GGCCTGG	+
230-CCGGCTGGGAGG	E2F6_HUMAN.H11MO.0.A	-1	0.0129046	9.92367	0.449896	11	CCGGCTGGGAGG	GGGGCGGGAAGGG	+
230-CCGGCTGGGAGG	ZBTB4_HUMAN.H11MO.0.D	1	0.0129408	9.95151	0.449896	12	CCGGCTGGGAGG	CCTAGATGGCAGGTGGG	+
230-CCGGCTGGGAGG	ZBT18_HUMAN.H11MO.0.C	1	0.0130586	10.042	0.449896	10	CCGGCTGGGAGG	TCCAGATGTGG	+
230-CCGGCTGGGAGG	NDF1_HUMAN.H11MO.0.A	1	0.0132571	10.1947	0.449896	9	CCGGCTGGGAGG	GACAGATGGT	+
230-CCGGCTGGGAGG	MYOD1_HUMAN.H11MO.1.A	1	0.0137245	10.5541	0.455407	10	CCGGCTGGGAGG	GACAGCTGCAG	-
230-CCGGCTGGGAGG	CTCFL_HUMAN.H11MO.0.A	1	0.0142619	10.9674	0.458176	12	CCGGCTGGGAGG	GCCGCCAGGGGGCGCCG	+
230-CCGGCTGGGAGG	ZN263_HUMAN.H11MO.1.A	-4	0.0144216	11.0902	0.458176	8	CCGGCTGGGAGG	GAGGGAGGAGG	+
230-CCGGCTGGGAGG	TFDP1_HUMAN.H11MO.0.C	2	0.0152378	11.7179	0.465715	12	CCGGCTGGGAGG	GGGGGGCGGGAAAA	+
230-CCGGCTGGGAGG	PTF1A_HUMAN.H11MO.0.B	0	0.0152827	11.7524	0.465715	12	CCGGCTGGGAGG	CCAGCTGCCCCCTTTCCC	+
230-CCGGCTGGGAGG	TFE2_HUMAN.H11MO.0.A	2	0.0167134	12.8526	0.481849	9	CCGGCTGGGAGG	CTGCAGCTGTG	-
230-CCGGCTGGGAGG	FLI1_HUMAN.H11MO.0.A	1	0.0168277	12.9405	0.481849	12	CCGGCTGGGAGG	GGAGGAAGGAAGGAGGGA	+
230-CCGGCTGGGAGG	TWST1_HUMAN.H11MO.1.A	1	0.0171029	13.1521	0.481849	9	CCGGCTGGGAGG	ACCAGATGTG	-
230-CCGGCTGGGAGG	ETV1_HUMAN.H11MO.0.A	-2	0.0175489	13.4951	0.485257	10	CCGGCTGGGAGG	GGCCGGAAGTG	+
230-CCGGCTGGGAGG	SMAD3_HUMAN.H11MO.0.B	-1	0.0184712	14.2043	0.49989	11	CCGGCTGGGAGG	CAGGTGACAGAG	-
230-CCGGCTGGGAGG	HSF1_HUMAN.H11MO.1.A	-2	0.0190824	14.6744	0.49989	9	CCGGCTGGGAGG	TTCTGGAAA	+
230-CCGGCTGGGAGG	ASCL2_HUMAN.H11MO.0.D	1	0.0190824	14.6744	0.49989	8	CCGGCTGGGAGG	AGCAGCTGG	-
233-ASGCCCAGGG	ZN586_HUMAN.H11MO.0.C	0	0.000361741	0.278179	0.296936	10	AGGCCCAGGG	AGGCCTAGGAGGAAAAAATG	+
233-ASGCCCAGGG	ZN768_HUMAN.H11MO.0.C	1	0.000386717	0.297385	0.296936	10	AGGCCCAGGG	GAGGCTCAGAGAGGTTAAGT	+
235-CCCCAGGAGG	ZN586_HUMAN.H11MO.0.C	2	9.06532e-05	0.0697123	0.138759	10	CCCCAGGAGG	AGGCCTAGGAGGAAAAAATG	+
235-CCCCAGGAGG	ZN423_HUMAN.H11MO.0.D	4	0.000277339	0.213273	0.212255	10	CCCCAGGAGG	GGCACCCAAGGGTGC	+
235-CCCCAGGAGG	ZN436_HUMAN.H11MO.0.C	4	0.000470133	0.361532	0.23987	10	CCCCAGGAGG	CCTCCTCCAGGAAGCCTTCCCTGA	-
235-CCCCAGGAGG	ZIC3_HUMAN.H11MO.0.B	0	0.00154895	1.19114	0.447281	10	CCCCAGGAGG	TCACAGCAGGGGGCC	-
235-CCCCAGGAGG	CTCFL_HUMAN.H11MO.0.A	2	0.00188552	1.44996	0.447281	10	CCCCAGGAGG	GCCGCCAGGGGGCGCCG	+
235-CCCCAGGAGG	THA11_HUMAN.H11MO.0.B	10	0.00232111	1.78493	0.447281	10	CCCCAGGAGG	GAACTACAACTCCCAGCATGCC	-
235-CCCCAGGAGG	AP2C_HUMAN.H11MO.0.A	3	0.00269078	2.06921	0.447281	10	CCCCAGGAGG	TGGCCTCAGGGCAT	-
235-CCCCAGGAGG	CTCF_HUMAN.H11MO.0.A	4	0.00293388	2.25615	0.447281	10	CCCCAGGAGG	TGGCCACCAGGGGGCGCCA	+
235-CCCCAGGAGG	COE1_HUMAN.H11MO.0.A	4	0.0031413	2.41566	0.447281	10	CCCCAGGAGG	AAGTCCCCAGGGACC	+
235-CCCCAGGAGG	ETV7_HUMAN.H11MO.0.D	-3	0.00338012	2.59931	0.447281	7	CCCCAGGAGG	CAGGAAG	+
235-CCCCAGGAGG	SNAI1_HUMAN.H11MO.0.C	-2	0.00374626	2.88087	0.447281	8	CCCCAGGAGG	CCAGGTGG	+
235-CCCCAGGAGG	ETV4_HUMAN.H11MO.0.B	-1	0.0037988	2.92128	0.447281	9	CCCCAGGAGG	AACAGGAAGGG	+
235-CCCCAGGAGG	AP2A_HUMAN.H11MO.0.A	4	0.00441881	3.39806	0.476732	10	CCCCAGGAGG	ATGGCCTCAGGGCAT	-
235-CCCCAGGAGG	ZF64A_HUMAN.H11MO.0.D	3	0.00533496	4.10258	0.476732	10	CCCCAGGAGG	GGGGCCCGGGAACCTG	+
235-CCCCAGGAGG	ZN143_HUMAN.H11MO.0.A	10	0.00561348	4.31676	0.476732	10	CCCCAGGAGG	GAACTACAATTCCCAGAATGCC	-
235-CCCCAGGAGG	ETV6_HUMAN.H11MO.0.D	-2	0.00568379	4.37083	0.476732	8	CCCCAGGAGG	ACAGGAAGT	+
235-CCCCAGGAGG	GLIS2_HUMAN.H11MO.0.D	4	0.00591768	4.55069	0.476732	10	CCCCAGGAGG	GACCCCCCGCGAAG	-
240-AADGGAGTAACBCC	GSC_HUMAN.H11MO.0.D	0	0.000319391	0.245612	0.317755	11	AAGGGAGTAACTCC	AAGGGATTAGC	+
240-AADGGAGTAACBCC	OTX2_HUMAN.H11MO.0.A	0	0.000510258	0.392388	0.317755	11	AAGGGAGTAACTCC	AGGGGATTAAC	+
240-AADGGAGTAACBCC	DPRX_HUMAN.H11MO.0.D	-1	0.000621152	0.477666	0.317755	11	AAGGGAGTAACTCC	ACGGATTATCC	+
244-AATGAGGAA	SPI1_HUMAN.H11MO.0.A	2	7.17715e-05	0.0551923	0.0697616	9	AATGAGGAA	AAAAAGAGGAAGTGAAA	+
244-AATGAGGAA	SPIB_HUMAN.H11MO.0.A	2	9.12126e-05	0.0701425	0.0697616	9	AATGAGGAA	AAAAAGAGGAAGTGAAA	+
244-AATGAGGAA	ELF3_HUMAN.H11MO.0.A	1	0.000156327	0.120216	0.0797085	9	AATGAGGAA	GAACCAGGAAGTGG	+
244-AATGAGGAA	ELF5_HUMAN.H11MO.0.A	2	0.000464903	0.357511	0.177785	9	AATGAGGAA	GGAAGGAGGAAGTGG	+
244-AATGAGGAA	ZN680_HUMAN.H11MO.0.C	13	0.000775099	0.596051	0.200941	7	AATGAGGAA	CATGTCCAAGAAGAATGAGG	+
244-AATGAGGAA	EHF_HUMAN.H11MO.0.B	1	0.000806653	0.620316	0.200941	9	AATGAGGAA	GAACCAGGAAGTGGC	+
244-AATGAGGAA	IRF4_HUMAN.H11MO.0.A	1	0.00091955	0.707134	0.200941	9	AATGAGGAA	AAAAGAGGAAGTGAAACT	+
244-AATGAGGAA	BC11A_HUMAN.H11MO.0.A	1	0.00124596	0.958147	0.238236	9	AATGAGGAA	AAAAGAGGAAGTGAAAA	+
244-AATGAGGAA	ETV7_HUMAN.H11MO.0.D	-3	0.00191751	1.47457	0.303679	6	AATGAGGAA	CAGGAAG	+
244-AATGAGGAA	ETV5_HUMAN.H11MO.0.C	0	0.00198529	1.52669	0.303679	9	AATGAGGAA	GAGCAGGAAGTGAG	+
244-AATGAGGAA	DDIT3_HUMAN.H11MO.0.D	-1	0.00280867	2.15987	0.390571	8	AATGAGGAA	ATGATGCAAT	+
244-AATGAGGAA	ZN586_HUMAN.H11MO.0.C	5	0.00311471	2.39521	0.397034	9	AATGAGGAA	AGGCCTAGGAGGAAAAAATG	+
244-AATGAGGAA	ETV4_HUMAN.H11MO.0.B	-1	0.00354422	2.72551	0.417032	8	AATGAGGAA	AACAGGAAGGG	+
244-AATGAGGAA	ETV6_HUMAN.H11MO.0.D	-2	0.00383479	2.94895	0.418991	7	AATGAGGAA	ACAGGAAGT	+
244-AATGAGGAA	ERG_HUMAN.H11MO.0.A	0	0.00422545	3.24937	0.430897	9	AATGAGGAA	GGGCAGGAAGTGG	+
244-AATGAGGAA	IRF8_HUMAN.H11MO.0.B	1	0.00451906	3.47516	0.432036	9	AATGAGGAA	AAAAGAGGAAGTGAAAGTAA	+
244-AATGAGGAA	PO6F2_HUMAN.H11MO.0.D	3	0.00502893	3.86725	0.4525	8	AATGAGGAA	GTTAATTAGCT	+
244-AATGAGGAA	HNF1B_HUMAN.H11MO.1.A	0	0.00631629	4.85722	0.487349	9	AATGAGGAA	AATCATTAACT	-
244-AATGAGGAA	FLI1_HUMAN.H11MO.1.A	0	0.006348	4.88161	0.487349	9	AATGAGGAA	AGGCAGGAAGTGG	+
244-AATGAGGAA	ETV2_HUMAN.H11MO.0.B	2	0.00637204	4.9001	0.487349	9	AATGAGGAA	GGAAACAGGAAGTGGG	+
246-ACACCCCCGTCCBCK	TBX1_HUMAN.H11MO.0.D	4	0.000143546	0.110387	0.171993	15	ACACCCCCGTCCGCG	CCGCCCACCCCTGCCCACCC	-
246-ACACCCCCGTCCBCK	KLF9_HUMAN.H11MO.0.C	4	0.000309423	0.237947	0.171993	11	ACACCCCCGTCCGCG	GGCCACGCCCCCTCC	-
246-ACACCCCCGTCCBCK	RREB1_HUMAN.H11MO.0.D	8	0.000353676	0.271977	0.171993	14	ACACCCCCGTCCGCG	ACCCCAAACCACCCCCCCCCCC	-
246-ACACCCCCGTCCBCK	TBX15_HUMAN.H11MO.0.D	3	0.00053672	0.412737	0.171993	15	ACACCCCCGTCCGCG	CCCCCACCCCCCCCCCCCC	-
246-ACACCCCCGTCCBCK	KLF8_HUMAN.H11MO.0.C	-1	0.000708013	0.544462	0.171993	9	ACACCCCCGTCCGCG	CACCCCCTG	-
246-ACACCCCCGTCCBCK	EGR1_HUMAN.H11MO.0.A	3	0.000780395	0.600124	0.171993	14	ACACCCCCGTCCGCG	CCCCCGCCCACGCCCTC	-
246-ACACCCCCGTCCBCK	ZSC22_HUMAN.H11MO.0.C	0	0.000880295	0.676947	0.171993	15	ACACCCCCGTCCGCG	CCTCCTCCCTCAGACC	-
246-ACACCCCCGTCCBCK	GLIS1_HUMAN.H11MO.0.D	0	0.000913896	0.702786	0.171993	13	ACACCCCCGTCCGCG	AGACCCCCCACGA	-
246-ACACCCCCGTCCBCK	ZN148_HUMAN.H11MO.0.D	2	0.00127769	0.982545	0.17432	13	ACACCCCCGTCCGCG	CCCCTCCCCCACCCC	-
246-ACACCCCCGTCCBCK	GLIS2_HUMAN.H11MO.0.D	-1	0.0014075	1.08236	0.17432	14	ACACCCCCGTCCGCG	GACCCCCCGCGAAG	-
246-ACACCCCCGTCCBCK	ZN740_HUMAN.H11MO.0.D	3	0.0014075	1.08236	0.17432	11	ACACCCCCGTCCGCG	CCCACCCCCCCCCC	-
246-ACACCCCCGTCCBCK	ZN219_HUMAN.H11MO.0.D	1	0.00147715	1.13593	0.17432	11	ACACCCCCGTCCGCG	TCCGCCCCCCTC	-
246-ACACCCCCGTCCBCK	GLIS3_HUMAN.H11MO.0.D	-1	0.00153109	1.17741	0.17432	10	ACACCCCCGTCCGCG	TACCCCCCAC	-
246-ACACCCCCGTCCBCK	KLF15_HUMAN.H11MO.0.A	0	0.00162095	1.24651	0.17432	15	ACACCCCCGTCCGCG	CCCCCCCCTGCTCCTCCCC	-
246-ACACCCCCGTCCBCK	XBP1_HUMAN.H11MO.0.D	-3	0.00175255	1.34771	0.175907	11	ACACCCCCGTCCGCG	GCCACGTCAGC	-
246-ACACCCCCGTCCBCK	SP1_HUMAN.H11MO.1.A	-1	0.00208134	1.60055	0.186593	14	ACACCCCCGTCCGCG	CGGCCCCGCCCCCC	-
246-ACACCCCCGTCCBCK	EGR2_HUMAN.H11MO.0.A	2	0.00211364	1.62539	0.186593	15	ACACCCCCGTCCGCG	CCCCTCCCACACCCCCCC	-
246-ACACCCCCGTCCBCK	ZN281_HUMAN.H11MO.0.A	3	0.00223081	1.7155	0.186593	12	ACACCCCCGTCCGCG	TCCCCTCCCCCACCC	-
246-ACACCCCCGTCCBCK	SP3_HUMAN.H11MO.0.B	2	0.00282043	2.16891	0.202654	15	ACACCCCCGTCCGCG	CCCCGGCCCCGCCCCCCCCC	-
246-ACACCCCCGTCCBCK	MAZ_HUMAN.H11MO.1.A	-3	0.00293899	2.26008	0.202654	11	ACACCCCCGTCCGCG	CCCCCTCCCTC	-
246-ACACCCCCGTCCBCK	SALL4_HUMAN.H11MO.0.B	1	0.0029601	2.27632	0.202654	9	ACACCCCCGTCCGCG	CCCACCCTCC	-
246-ACACCCCCGTCCBCK	PATZ1_HUMAN.H11MO.0.C	3	0.00305605	2.3501	0.202654	15	ACACCCCCGTCCGCG	CCTCCCCCCCCGCCCCCTCCCC	-
246-ACACCCCCGTCCBCK	ZN524_HUMAN.H11MO.0.D	4	0.00309583	2.38069	0.202654	14	ACACCCCCGTCCGCG	ACTCGAACCCTCGAACCC	-
246-ACACCCCCGTCCBCK	KLF14_HUMAN.H11MO.0.D	3	0.00392522	3.0185	0.238374	10	ACACCCCCGTCCGCG	GCCACGCCCCCCT	-
246-ACACCCCCGTCCBCK	KLF4_HUMAN.H11MO.0.A	3	0.00395817	3.04384	0.238374	7	ACACCCCCGTCCGCG	GCCACACCCT	-
246-ACACCCCCGTCCBCK	GCM2_HUMAN.H11MO.0.D	0	0.00434375	3.34035	0.251534	11	ACACCCCCGTCCGCG	ATACCCGCATC	-
246-ACACCCCCGTCCBCK	EGR3_HUMAN.H11MO.0.D	0	0.00458935	3.52921	0.255913	11	ACACCCCCGTCCGCG	ACACCCACTCT	-
246-ACACCCCCGTCCBCK	KLF16_HUMAN.H11MO.0.D	5	0.00480674	3.69638	0.258462	14	ACACCCCCGTCCGCG	CCCCCCCCCCCCCGCCCCC	-
246-ACACCCCCGTCCBCK	KLF3_HUMAN.H11MO.0.B	1	0.00506511	3.89507	0.262964	15	ACACCCCCGTCCGCG	CCCGGCCCCGCCCCTCCCC	-
246-ACACCCCCGTCCBCK	EGR2_HUMAN.H11MO.1.A	3	0.00536944	4.1291	0.269472	13	ACACCCCCGTCCGCG	CCCCCGCCCACGCCCC	-
246-ACACCCCCGTCCBCK	BRAC_HUMAN.H11MO.0.A	5	0.00593787	4.56622	0.280479	15	ACACCCCCGTCCGCG	ATTTCACACCTCCCTGCTAA	-
246-ACACCCCCGTCCBCK	KLF6_HUMAN.H11MO.0.A	3	0.00623348	4.79355	0.280479	15	ACACCCCCGTCCGCG	CCCCCGGCCCCGCCCTTCC	-
246-ACACCCCCGTCCBCK	SP2_HUMAN.H11MO.0.A	3	0.00643841	4.95113	0.280479	15	ACACCCCCGTCCGCG	CCCCCGGCCCCGCCCCCCCCCC	-
246-ACACCCCCGTCCBCK	ZIC1_HUMAN.H11MO.0.B	1	0.00652526	5.01792	0.280479	8	ACACCCCCGTCCGCG	GACCACCCC	-
246-ACACCCCCGTCCBCK	SP4_HUMAN.H11MO.0.A	7	0.00658424	5.06328	0.280479	13	ACACCCCCGTCCGCG	CCCGGCCCCGCCCCCTTCCC	-
246-ACACCCCCGTCCBCK	KLF13_HUMAN.H11MO.0.D	1	0.00670654	5.15733	0.280479	10	ACACCCCCGTCCGCG	CACGCCCCCCT	-
246-ACACCCCCGTCCBCK	ZIC4_HUMAN.H11MO.0.D	1	0.00711642	5.47253	0.289578	14	ACACCCCCGTCCGCG	GACCCCCCGCTGTGC	-
246-ACACCCCCGTCCBCK	ZBT17_HUMAN.H11MO.0.A	5	0.00764851	5.88171	0.296345	14	ACACCCCCGTCCGCG	CTTCCCCTCCCCCACCCTC	-
246-ACACCCCCGTCCBCK	SP4_HUMAN.H11MO.1.A	-1	0.00767641	5.90316	0.296345	14	ACACCCCCGTCCGCG	CGGCCCCGCCCCCTCC	-
246-ACACCCCCGTCCBCK	SP2_HUMAN.H11MO.1.B	-3	0.00848279	6.52327	0.316958	12	ACACCCCCGTCCGCG	GCCCCGCCCCCT	-
246-ACACCCCCGTCCBCK	KLF5_HUMAN.H11MO.0.A	1	0.00863138	6.63753	0.316958	13	ACACCCCCGTCCGCG	CCCAGCCCCACCCT	-
246-ACACCCCCGTCCBCK	HEN1_HUMAN.H11MO.0.C	6	0.00987996	7.59769	0.34485	14	ACACCCCCGTCCGCG	TGGGGAGCAGCTGCGTCCCT	+
246-ACACCCCCGTCCBCK	SP1_HUMAN.H11MO.0.A	7	0.0101921	7.8377	0.34485	15	ACACCCCCGTCCGCG	CCCCCCCCCGGCCCCGCCCCCC	-
246-ACACCCCCGTCCBCK	TBX2_HUMAN.H11MO.0.D	10	0.0104137	8.00811	0.34485	15	ACACCCCCGTCCGCG	GTCGCTTCTCACACCTCTGATGGCA	-
246-ACACCCCCGTCCBCK	KLF1_HUMAN.H11MO.0.A	1	0.0105354	8.10169	0.34485	13	ACACCCCCGTCCGCG	CCCGGCCCCGCCCC	-
246-ACACCCCCGTCCBCK	MAZ_HUMAN.H11MO.0.A	8	0.0107156	8.2403	0.34485	14	ACACCCCCGTCCGCG	CCCCCCCCCCCCCCCCTCCCCC	-
246-ACACCCCCGTCCBCK	KLF12_HUMAN.H11MO.0.C	-3	0.0107652	8.27845	0.34485	11	ACACCCCCGTCCGCG	GCCCCGCCCCT	-
246-ACACCCCCGTCCBCK	ZBT7A_HUMAN.H11MO.0.A	1	0.0115782	8.90364	0.363166	8	ACACCCCCGTCCGCG	GAGACCCCC	-
246-ACACCCCCGTCCBCK	PURA_HUMAN.H11MO.0.D	5	0.0120021	9.22961	0.367216	12	ACACCCCCGTCCGCG	CCCTGCCCCCCCCTTCC	-
246-ACACCCCCGTCCBCK	TBX19_HUMAN.H11MO.0.D	5	0.012439	9.56562	0.367216	15	ACACCCCCGTCCGCG	ATTTCACACCTACGTGTGAAAT	-
246-ACACCCCCGTCCBCK	VEZF1_HUMAN.H11MO.0.C	8	0.012439	9.56562	0.367216	14	ACACCCCCGTCCGCG	CCCCTCCCCCTCCCCCCTCCCC	-
246-ACACCCCCGTCCBCK	ATF6A_HUMAN.H11MO.0.B	-4	0.012729	9.78863	0.368551	11	ACACCCCCGTCCGCG	CCACGTCACCAC	-
246-ACACCCCCGTCCBCK	ZN467_HUMAN.H11MO.0.C	8	0.0130681	10.0494	0.37055	14	ACACCCCCGTCCGCG	CCCCCCCCCCCCTCCCCTCCCC	-
246-ACACCCCCGTCCBCK	WT1_HUMAN.H11MO.0.C	8	0.0132903	10.2203	0.37055	12	ACACCCCCGTCCGCG	CCCCCCCTCCTCCCCCGCCC	-
246-ACACCCCCGTCCBCK	TBX21_HUMAN.H11MO.0.A	3	0.0148113	11.3899	0.403892	10	ACACCCCCGTCCGCG	TTCACACCTCCAC	-
246-ACACCCCCGTCCBCK	IRX2_HUMAN.H11MO.0.D	3	0.0152892	11.7574	0.403892	15	ACACCCCCGTCCGCG	CCAACATGCCCACCCATGT	-
246-ACACCCCCGTCCBCK	GLI3_HUMAN.H11MO.0.B	3	0.015381	11.828	0.403892	8	ACACCCCCGTCCGCG	GGACCACCCAG	-
246-ACACCCCCGTCCBCK	RUNX2_HUMAN.H11MO.0.A	2	0.0155592	11.9651	0.403892	12	ACACCCCCGTCCGCG	ACAAACCACAGACA	-
246-ACACCCCCGTCCBCK	GLI1_HUMAN.H11MO.0.D	3	0.0163016	12.5359	0.409484	9	ACACCCCCGTCCGCG	AGACCACCCAGG	-
246-ACACCCCCGTCCBCK	E2F4_HUMAN.H11MO.0.A	-1	0.0163186	12.549	0.409484	13	ACACCCCCGTCCGCG	ATTTCCCGCCCCC	-
246-ACACCCCCGTCCBCK	GLI2_HUMAN.H11MO.0.D	3	0.0170008	13.0736	0.412841	8	ACACCCCCGTCCGCG	AGACCACCCAC	-
246-ACACCCCCGTCCBCK	TBX3_HUMAN.H11MO.0.C	3	0.0170008	13.0736	0.412841	8	ACACCCCCGTCCGCG	TTCCCACCTCC	-
246-ACACCCCCGTCCBCK	EGR4_HUMAN.H11MO.0.D	-3	0.0187761	14.4388	0.448713	11	ACACCCCCGTCCGCG	GCCCTGCCGCC	-
246-ACACCCCCGTCCBCK	VEZF1_HUMAN.H11MO.1.C	-4	0.0197997	15.226	0.465784	11	ACACCCCCGTCCGCG	CCCCCTCCCCCT	-
246-ACACCCCCGTCCBCK	TBX5_HUMAN.H11MO.0.D	2	0.0210637	16.198	0.487896	6	ACACCCCCGTCCGCG	TCACACCT	-
248-ACCCCGACCC	SP1_HUMAN.H11MO.1.A	2	6.27893e-05	0.048285	0.0618686	10	ACCCCGACCC	CGGCCCCGCCCCCC	-
248-ACCCCGACCC	TBX1_HUMAN.H11MO.0.D	6	0.000106348	0.0817813	0.0618686	10	ACCCCGACCC	CCGCCCACCCCTGCCCACCC	-
248-ACCCCGACCC	SP1_HUMAN.H11MO.0.A	10	0.000144232	0.110915	0.0618686	10	ACCCCGACCC	CCCCCCCCCGGCCCCGCCCCCC	-
248-ACCCCGACCC	KLF12_HUMAN.H11MO.0.C	0	0.000162318	0.124823	0.0618686	10	ACCCCGACCC	GCCCCGCCCCT	-
248-ACCCCGACCC	SP2_HUMAN.H11MO.1.B	0	0.000620558	0.477209	0.189224	10	ACCCCGACCC	GCCCCGCCCCCT	-
248-ACCCCGACCC	SP2_HUMAN.H11MO.0.A	6	0.00122095	0.93891	0.238525	10	ACCCCGACCC	CCCCCGGCCCCGCCCCCCCCCC	-
248-ACCCCGACCC	ZN281_HUMAN.H11MO.0.A	0	0.00125265	0.96329	0.238525	10	ACCCCGACCC	TCCCCTCCCCCACCC	-
248-ACCCCGACCC	SP3_HUMAN.H11MO.0.B	5	0.00133672	1.02793	0.238525	10	ACCCCGACCC	CCCCGGCCCCGCCCCCCCCC	-
248-ACCCCGACCC	SP4_HUMAN.H11MO.1.A	2	0.00152481	1.17258	0.238525	10	ACCCCGACCC	CGGCCCCGCCCCCTCC	-
248-ACCCCGACCC	ZN449_HUMAN.H11MO.0.C	1	0.00171977	1.3225	0.238525	10	ACCCCGACCC	AAGCCCAACCA	-
248-ACCCCGACCC	KLF5_HUMAN.H11MO.0.A	3	0.00172094	1.3234	0.238525	10	ACCCCGACCC	CCCAGCCCCACCCT	-
248-ACCCCGACCC	ZN148_HUMAN.H11MO.0.D	-1	0.00201226	1.54743	0.239707	9	ACCCCGACCC	CCCCTCCCCCACCCC	-
248-ACCCCGACCC	MAZ_HUMAN.H11MO.1.A	0	0.00204391	1.57177	0.239707	10	ACCCCGACCC	CCCCCTCCCTC	-
248-ACCCCGACCC	ESR1_HUMAN.H11MO.0.A	5	0.00336942	2.59108	0.322879	10	ACCCCGACCC	AGGTCACCCTGACCT	+
248-ACCCCGACCC	TBX15_HUMAN.H11MO.0.D	5	0.00356378	2.74055	0.322879	10	ACCCCGACCC	CCCCCACCCCCCCCCCCCC	-
248-ACCCCGACCC	ESR2_HUMAN.H11MO.0.A	5	0.00356409	2.74078	0.322879	10	ACCCCGACCC	AGGTCACCCTGACCT	+
248-ACCCCGACCC	KLF3_HUMAN.H11MO.0.B	4	0.00399428	3.0716	0.322879	10	ACCCCGACCC	CCCGGCCCCGCCCCTCCCC	-
248-ACCCCGACCC	KLF16_HUMAN.H11MO.0.D	3	0.00422718	3.2507	0.322879	10	ACCCCGACCC	CCCCCCCCCCCCCGCCCCC	-
248-ACCCCGACCC	EGR4_HUMAN.H11MO.0.D	0	0.004228	3.25133	0.322879	10	ACCCCGACCC	GCCCTGCCGCC	-
248-ACCCCGACCC	KLF4_HUMAN.H11MO.0.A	0	0.00431142	3.31548	0.322879	10	ACCCCGACCC	GCCACACCCT	-
248-ACCCCGACCC	KLF14_HUMAN.H11MO.0.D	0	0.0044473	3.41998	0.322879	10	ACCCCGACCC	GCCACGCCCCCCT	-
248-ACCCCGACCC	KLF1_HUMAN.H11MO.0.A	4	0.0050317	3.86937	0.342128	10	ACCCCGACCC	CCCGGCCCCGCCCC	-
248-ACCCCGACCC	SP4_HUMAN.H11MO.0.A	4	0.00516124	3.96899	0.342128	10	ACCCCGACCC	CCCGGCCCCGCCCCCTTCCC	-
248-ACCCCGACCC	RREB1_HUMAN.H11MO.0.D	0	0.00636576	4.89527	0.396031	10	ACCCCGACCC	ACCCCAAACCACCCCCCCCCCC	-
248-ACCCCGACCC	NR2C2_HUMAN.H11MO.0.B	2	0.00649392	4.99383	0.396031	10	ACCCCGACCC	TGACCCGGAACC	-
248-ACCCCGACCC	EGR3_HUMAN.H11MO.0.D	0	0.007611	5.85286	0.446304	10	ACCCCGACCC	ACACCCACTCT	-
248-ACCCCGACCC	E2F4_HUMAN.H11MO.0.A	2	0.00889021	6.83657	0.492289	10	ACCCCGACCC	ATTTCCCGCCCCC	-
248-ACCCCGACCC	ZN740_HUMAN.H11MO.0.D	3	0.00904098	6.95251	0.492289	10	ACCCCGACCC	CCCACCCCCCCCCC	-
248-ACCCCGACCC	KLF9_HUMAN.H11MO.0.C	1	0.0094441	7.26252	0.496507	10	ACCCCGACCC	GGCCACGCCCCCTCC	-
250-ACGCCTGCGCCCC	TBX1_HUMAN.H11MO.0.D	6	0.00011787	0.0906417	0.178899	13	ACGCCTGCGCCCC	CCGCCCACCCCTGCCCACCC	-
250-ACGCCTGCGCCCC	NRF1_HUMAN.H11MO.0.A	3	0.000356669	0.274278	0.198336	13	ACGCCTGCGCCCC	CCTGCGCATGCGCAGTG	-
250-ACGCCTGCGCCCC	SP1_HUMAN.H11MO.1.A	-1	0.000686704	0.528075	0.198336	12	ACGCCTGCGCCCC	CGGCCCCGCCCCCC	-
250-ACGCCTGCGCCCC	ZN350_HUMAN.H11MO.1.D	9	0.000768274	0.590803	0.198336	13	ACGCCTGCGCCCC	GGGCAACAAATCCCTGCGCCCCGT	-
250-ACGCCTGCGCCCC	HEN1_HUMAN.H11MO.0.C	6	0.000784056	0.602939	0.198336	13	ACGCCTGCGCCCC	TGGGGAGCAGCTGCGTCCCT	+
250-ACGCCTGCGCCCC	AP2D_HUMAN.H11MO.0.D	-1	0.00129478	0.995687	0.275853	12	ACGCCTGCGCCCC	CGCCCGAGGCGCGT	+
250-ACGCCTGCGCCCC	ZFX_HUMAN.H11MO.1.A	3	0.00145399	1.11812	0.275853	13	ACGCCTGCGCCCC	CCCCGGCCTCCGCCCCC	-
250-ACGCCTGCGCCCC	ZN335_HUMAN.H11MO.1.A	-1	0.00188502	1.44958	0.317891	7	ACGCCTGCGCCCC	TGCCTGA	+
250-ACGCCTGCGCCCC	SP1_HUMAN.H11MO.0.A	2	0.00318856	2.452	0.438353	13	ACGCCTGCGCCCC	CCCCCCCCCGGCCCCGCCCCCC	-
250-ACGCCTGCGCCCC	EGR2_HUMAN.H11MO.1.A	3	0.00430383	3.30964	0.438353	13	ACGCCTGCGCCCC	CCCCCGCCCACGCCCC	-
250-ACGCCTGCGCCCC	ZF64A_HUMAN.H11MO.0.D	3	0.00430383	3.30964	0.438353	13	ACGCCTGCGCCCC	CAGGTTCCCGGGCCCC	-
250-ACGCCTGCGCCCC	KLF12_HUMAN.H11MO.0.C	-3	0.00494414	3.80205	0.438353	10	ACGCCTGCGCCCC	GCCCCGCCCCT	-
250-ACGCCTGCGCCCC	SP3_HUMAN.H11MO.0.B	2	0.00526164	4.0462	0.438353	13	ACGCCTGCGCCCC	CCCCGGCCCCGCCCCCCCCC	-
250-ACGCCTGCGCCCC	SP4_HUMAN.H11MO.1.A	-1	0.00573723	4.41193	0.438353	12	ACGCCTGCGCCCC	CGGCCCCGCCCCCTCC	-
250-ACGCCTGCGCCCC	ASCL1_HUMAN.H11MO.0.A	2	0.0060211	4.63023	0.438353	12	ACGCCTGCGCCCC	CTGCACCTGCTCCC	+
250-ACGCCTGCGCCCC	EGR1_HUMAN.H11MO.0.A	3	0.00613383	4.71692	0.438353	13	ACGCCTGCGCCCC	CCCCCGCCCACGCCCTC	-
250-ACGCCTGCGCCCC	KLF1_HUMAN.H11MO.0.A	1	0.00631209	4.854	0.438353	13	ACGCCTGCGCCCC	CCCGGCCCCGCCCC	-
250-ACGCCTGCGCCCC	WT1_HUMAN.H11MO.0.C	5	0.00637918	4.90559	0.438353	13	ACGCCTGCGCCCC	CCCCCCCTCCTCCCCCGCCC	-
250-ACGCCTGCGCCCC	SP2_HUMAN.H11MO.0.A	9	0.00734746	5.65019	0.438353	13	ACGCCTGCGCCCC	CCCCCGGCCCCGCCCCCCCCCC	-
250-ACGCCTGCGCCCC	ZN263_HUMAN.H11MO.1.A	-3	0.00742548	5.71019	0.438353	10	ACGCCTGCGCCCC	CCTCCTCCCTC	-
250-ACGCCTGCGCCCC	ZN281_HUMAN.H11MO.0.A	0	0.00758792	5.83511	0.438353	13	ACGCCTGCGCCCC	TCCCCTCCCCCACCC	-
250-ACGCCTGCGCCCC	CTCFL_HUMAN.H11MO.0.A	-4	0.00775928	5.96689	0.438353	9	ACGCCTGCGCCCC	CGGCGCCCCCTGGCGGC	-
250-ACGCCTGCGCCCC	MYF6_HUMAN.H11MO.0.C	-1	0.00783098	6.02202	0.438353	7	ACGCCTGCGCCCC	CAGCTGC	+
250-ACGCCTGCGCCCC	KLF3_HUMAN.H11MO.0.B	1	0.00796668	6.12638	0.438353	13	ACGCCTGCGCCCC	CCCGGCCCCGCCCCTCCCC	-
250-ACGCCTGCGCCCC	MLXPL_HUMAN.H11MO.0.D	2	0.00796668	6.12638	0.438353	13	ACGCCTGCGCCCC	CCACGGCGGTGTCACATGC	-
250-ACGCCTGCGCCCC	SP4_HUMAN.H11MO.0.A	1	0.00808681	6.21875	0.438353	13	ACGCCTGCGCCCC	CCCGGCCCCGCCCCCTTCCC	-
250-ACGCCTGCGCCCC	SNAI1_HUMAN.H11MO.0.C	0	0.0093971	7.22637	0.491814	8	ACGCCTGCGCCCC	CCACCTGG	-
250-ACGCCTGCGCCCC	ZN331_HUMAN.H11MO.0.C	4	0.0102112	7.85243	0.498253	13	ACGCCTGCGCCCC	CCACCCAGCTGAGCCCAGCC	-
250-ACGCCTGCGCCCC	EGR2_HUMAN.H11MO.0.A	2	0.0102282	7.86549	0.498253	13	ACGCCTGCGCCCC	CCCCTCCCACACCCCCCC	-
250-ACGCCTGCGCCCC	ZN740_HUMAN.H11MO.0.D	-3	0.010505	8.07833	0.498253	10	ACGCCTGCGCCCC	CCCACCCCCCCCCC	-
252-ACGTCAACTGCC	MYBA_HUMAN.H11MO.0.D	0	0.000415013	0.319145	0.317717	12	ACGTCAACTGCC	TCTCCAACTGCCACT	-
252-ACGTCAACTGCC	MYF6_HUMAN.H11MO.0.C	-4	0.000424971	0.326803	0.317717	7	ACGTCAACTGCC	CAGCTGC	+
252-ACGTCAACTGCC	ITF2_HUMAN.H11MO.0.C	-2	0.001613	1.24039	0.333633	10	ACGTCAACTGCC	CCCAGCTGCC	-
252-ACGTCAACTGCC	ASCL2_HUMAN.H11MO.0.D	-3	0.0017699	1.36106	0.333633	9	ACGTCAACTGCC	CCAGCTGCT	+
252-ACGTCAACTGCC	PTF1A_HUMAN.H11MO.1.B	-3	0.00212954	1.63762	0.333633	9	ACGTCAACTGCC	CCAGCTGCT	-
252-ACGTCAACTGCC	THA11_HUMAN.H11MO.0.B	2	0.00230924	1.7758	0.333633	12	ACGTCAACTGCC	GAACTACAACTCCCAGCATGCC	-
252-ACGTCAACTGCC	HES5_HUMAN.H11MO.0.D	-1	0.00237944	1.82979	0.333633	11	ACGTCAACTGCC	CGGCACGTGCCA	-
252-ACGTCAACTGCC	ATF6A_HUMAN.H11MO.0.B	2	0.00250819	1.9288	0.333633	10	ACGTCAACTGCC	CCACGTCACCAC	-
252-ACGTCAACTGCC	HES7_HUMAN.H11MO.0.D	-1	0.00278553	2.14208	0.333633	11	ACGTCAACTGCC	CGGCACGTGCCA	-
252-ACGTCAACTGCC	MYB_HUMAN.H11MO.0.A	-3	0.00278553	2.14208	0.333633	9	ACGTCAACTGCC	CCAACTGCCACC	-
252-ACGTCAACTGCC	ASCL1_HUMAN.H11MO.0.A	-1	0.00300598	2.3116	0.333633	11	ACGTCAACTGCC	CTGCACCTGCTCCC	+
252-ACGTCAACTGCC	CREB1_HUMAN.H11MO.0.A	2	0.00306556	2.35741	0.333633	9	ACGTCAACTGCC	TGACGTCATCG	-
252-ACGTCAACTGCC	JDP2_HUMAN.H11MO.0.D	3	0.0032559	2.50379	0.333633	9	ACGTCAACTGCC	ATGACGTCATCA	-
252-ACGTCAACTGCC	ATF2_HUMAN.H11MO.2.C	3	0.00341131	2.62329	0.333633	8	ACGTCAACTGCC	GTGACGTCATC	-
252-ACGTCAACTGCC	CREB5_HUMAN.H11MO.0.D	3	0.00359753	2.7665	0.333633	8	ACGTCAACTGCC	ATGACGTCATC	-
252-ACGTCAACTGCC	ZN143_HUMAN.H11MO.0.A	2	0.00373507	2.87227	0.333633	12	ACGTCAACTGCC	GAACTACAATTCCCAGAATGCC	-
252-ACGTCAACTGCC	ATF1_HUMAN.H11MO.0.B	2	0.00379321	2.91698	0.333633	9	ACGTCAACTGCC	TGACGTCACCG	-
252-ACGTCAACTGCC	ATF7_HUMAN.H11MO.0.D	3	0.00421478	3.24117	0.341578	8	ACGTCAACTGCC	ATGACGTCATC	-
252-ACGTCAACTGCC	CR3L2_HUMAN.H11MO.0.D	4	0.00452616	3.48062	0.341578	9	ACGTCAACTGCC	TGCCACGTCATCA	-
252-ACGTCAACTGCC	ZN134_HUMAN.H11MO.1.C	0	0.00456887	3.51346	0.341578	12	ACGTCAACTGCC	CCTTCACCTGATTAGGT	-
252-ACGTCAACTGCC	ID4_HUMAN.H11MO.0.D	-1	0.00546818	4.20503	0.375594	11	ACGTCAACTGCC	TTACACCTGTC	-
252-ACGTCAACTGCC	CREB3_HUMAN.H11MO.0.D	4	0.00552626	4.24969	0.375594	9	ACGTCAACTGCC	TGCCACGTCACCA	-
252-ACGTCAACTGCC	XBP1_HUMAN.H11MO.0.D	3	0.00606082	4.66077	0.394016	8	ACGTCAACTGCC	GCCACGTCAGC	-
252-ACGTCAACTGCC	CREM_HUMAN.H11MO.0.C	2	0.00637909	4.90552	0.397427	9	ACGTCAACTGCC	TGACGTCAGTG	-
252-ACGTCAACTGCC	ATOH1_HUMAN.H11MO.0.B	-3	0.00688121	5.29165	0.405531	9	ACGTCAACTGCC	CCATCTGCT	-
252-ACGTCAACTGCC	MYOD1_HUMAN.H11MO.1.A	-1	0.00706279	5.43128	0.405531	11	ACGTCAACTGCC	CTGCAGCTGTC	+
252-ACGTCAACTGCC	ZN317_HUMAN.H11MO.0.C	4	0.00746264	5.73877	0.405531	12	ACGTCAACTGCC	TGAGAAGTCAGCTGTCATTC	-
252-ACGTCAACTGCC	HEY1_HUMAN.H11MO.0.D	-1	0.00765918	5.88991	0.405531	11	ACGTCAACTGCC	CGACACGTGCCA	-
252-ACGTCAACTGCC	USF1_HUMAN.H11MO.0.A	-1	0.00844368	6.49319	0.405531	11	ACGTCAACTGCC	GGTCACGTGACC	+
252-ACGTCAACTGCC	NR2E3_HUMAN.H11MO.0.C	1	0.0085561	6.57964	0.405531	12	ACGTCAACTGCC	AAAGTCAAAAGTCA	+
252-ACGTCAACTGCC	MYOG_HUMAN.H11MO.0.B	-1	0.00943828	7.25804	0.405531	11	ACGTCAACTGCC	CCGCAGCTGTCCC	+
252-ACGTCAACTGCC	BHE40_HUMAN.H11MO.0.A	-2	0.00994335	7.64644	0.405531	10	ACGTCAACTGCC	GTCACGTGCC	-
252-ACGTCAACTGCC	HTF4_HUMAN.H11MO.0.A	-2	0.00994335	7.64644	0.405531	10	ACGTCAACTGCC	CACAGCTGCA	-
252-ACGTCAACTGCC	NDF2_HUMAN.H11MO.0.B	-3	0.0101236	7.78506	0.405531	9	ACGTCAACTGCC	CCATCTGTT	-
252-ACGTCAACTGCC	NDF1_HUMAN.H11MO.0.A	-2	0.0104692	8.0508	0.405531	10	ACGTCAACTGCC	ACCATCTGTC	-
252-ACGTCAACTGCC	ATF2_HUMAN.H11MO.0.B	3	0.0105362	8.10234	0.405531	8	ACGTCAACTGCC	ATGACGTCATC	-
252-ACGTCAACTGCC	ZNF76_HUMAN.H11MO.0.C	0	0.0108204	8.32089	0.405531	12	ACGTCAACTGCC	ACTACAATTCCCAGAATGCCCC	-
252-ACGTCAACTGCC	SNAI2_HUMAN.H11MO.0.A	-2	0.0110205	8.47475	0.405531	10	ACGTCAACTGCC	TGCACCTGCC	-
252-ACGTCAACTGCC	MESP1_HUMAN.H11MO.0.D	0	0.0110673	8.51079	0.405531	11	ACGTCAACTGCC	TCCACACCTGC	-
252-ACGTCAACTGCC	E4F1_HUMAN.H11MO.0.D	1	0.0112791	8.6736	0.405531	8	ACGTCAACTGCC	GACGTCACG	-
252-ACGTCAACTGCC	ZN134_HUMAN.H11MO.0.C	0	0.0119237	9.16934	0.405531	12	ACGTCAACTGCC	CCTTCAACTGATTAGGTGAGGC	-
252-ACGTCAACTGCC	RXRG_HUMAN.H11MO.0.B	-1	0.0119597	9.19705	0.405531	11	ACGTCAACTGCC	GGTCAAAGGTCAC	+
252-ACGTCAACTGCC	HINFP_HUMAN.H11MO.0.C	2	0.0121997	9.38154	0.405531	12	ACGTCAACTGCC	TAACGTCCGCTAGCGC	-
252-ACGTCAACTGCC	ATF3_HUMAN.H11MO.0.A	3	0.0122047	9.38539	0.405531	8	ACGTCAACTGCC	ATCACGTCACC	-
252-ACGTCAACTGCC	TFE2_HUMAN.H11MO.0.A	-2	0.0134491	10.3423	0.427863	10	ACGTCAACTGCC	CACAGCTGCAG	+
252-ACGTCAACTGCC	TFE3_HUMAN.H11MO.0.B	-1	0.0141989	10.9189	0.433998	10	ACGTCAACTGCC	GGTCACGTGA	+
252-ACGTCAACTGCC	ZBT18_HUMAN.H11MO.0.C	-1	0.0148095	11.3885	0.433998	11	ACGTCAACTGCC	CCACATCTGGA	-
252-ACGTCAACTGCC	TF2LX_HUMAN.H11MO.0.D	3	0.0150911	11.6051	0.433998	12	ACGTCAACTGCC	ACTATGACAGCTGTC	+
252-ACGTCAACTGCC	HMX3_HUMAN.H11MO.0.D	-1	0.0162954	12.5312	0.44301	11	ACGTCAACTGCC	CGTTAATTGCT	+
252-ACGTCAACTGCC	NR1H2_HUMAN.H11MO.0.D	3	0.0168409	12.9507	0.444009	12	ACGTCAACTGCC	TAAAGGTCAAAGGTCAACG	+
252-ACGTCAACTGCC	MEIS2_HUMAN.H11MO.0.B	-1	0.0173202	13.3192	0.444009	11	ACGTCAACTGCC	TGACAGCTGTCAA	-
252-ACGTCAACTGCC	MITF_HUMAN.H11MO.0.A	-1	0.0173239	13.3221	0.444009	10	ACGTCAACTGCC	GGTCACGTGA	-
252-ACGTCAACTGCC	HESX1_HUMAN.H11MO.0.D	0	0.0176769	13.5935	0.444009	12	ACGTCAACTGCC	AGGCCACGTGCCGGAT	-
252-ACGTCAACTGCC	SNAI1_HUMAN.H11MO.0.C	-3	0.0178169	13.7012	0.444009	8	ACGTCAACTGCC	CCACCTGG	-
252-ACGTCAACTGCC	RFX2_HUMAN.H11MO.1.A	2	0.0197139	15.16	0.476269	10	ACGTCAACTGCC	CCATGGCAACCG	-
252-ACGTCAACTGCC	FOXO6_HUMAN.H11MO.0.D	0	0.0198461	15.2616	0.476269	12	ACGTCAACTGCC	ACGTAAACAAGTT	-
252-ACGTCAACTGCC	ZEB1_HUMAN.H11MO.0.A	-2	0.020067	15.4315	0.476269	10	ACGTCAACTGCC	CTCACCTGTC	-
252-ACGTCAACTGCC	HEY2_HUMAN.H11MO.0.D	2	0.0211933	16.2976	0.495005	12	ACGTCAACTGCC	TAATGCCACGTGCCCCC	-
252-ACGTCAACTGCC	NGN2_HUMAN.H11MO.0.D	-2	0.021589	16.6019	0.495005	10	ACGTCAACTGCC	GCCATCTGCTCC	-
252-ACGTCAACTGCC	USF2_HUMAN.H11MO.0.A	0	0.0221806	17.0569	0.495005	12	ACGTCAACTGCC	GGGTCACGTGGCCGCGGCG	+
253-ACMGCTGCCASGS	TGIF2_HUMAN.H11MO.0.D	0	6.31707e-05	0.0485783	0.0355375	11	ACAGCTGCCAGGG	ACAGCTGTCAT	-
253-ACMGCTGCCASGS	RFX2_HUMAN.H11MO.1.A	-1	9.53045e-05	0.0732892	0.0355375	12	ACAGCTGCCAGGG	CGGTTGCCATGG	+
253-ACMGCTGCCASGS	MYF6_HUMAN.H11MO.0.C	-1	0.000108716	0.0836026	0.0355375	7	ACAGCTGCCAGGG	CAGCTGC	+
253-ACMGCTGCCASGS	NFIB_HUMAN.H11MO.0.D	-4	0.000117338	0.0902327	0.0355375	9	ACAGCTGCCAGGG	CTGCCAGGG	-
253-ACMGCTGCCASGS	PTF1A_HUMAN.H11MO.1.B	0	0.000136161	0.104708	0.0355375	9	ACAGCTGCCAGGG	CCAGCTGCT	-
253-ACMGCTGCCASGS	MYOD1_HUMAN.H11MO.1.A	1	0.000144829	0.111374	0.0355375	10	ACAGCTGCCAGGG	GACAGCTGCAG	-
253-ACMGCTGCCASGS	ASCL2_HUMAN.H11MO.0.D	0	0.000169773	0.130555	0.0357069	9	ACAGCTGCCAGGG	CCAGCTGCT	+
253-ACMGCTGCCASGS	RFX1_HUMAN.H11MO.1.B	-2	0.000216147	0.166217	0.0386908	11	ACAGCTGCCAGGG	GGTTGCCATGG	+
253-ACMGCTGCCASGS	RFX1_HUMAN.H11MO.0.B	3	0.00023652	0.181884	0.0386908	13	ACAGCTGCCAGGG	GCCCCGGTTGCCATGGCGACGG	+
253-ACMGCTGCCASGS	TF2LX_HUMAN.H11MO.0.D	1	0.00035536	0.273272	0.0464948	13	ACAGCTGCCAGGG	GACAGCTGTCATAGT	-
253-ACMGCTGCCASGS	ZBT7B_HUMAN.H11MO.0.D	1	0.000376751	0.289721	0.0464948	13	ACAGCTGCCAGGG	CGCCGTTGCCATGGCAACGGG	+
253-ACMGCTGCCASGS	ITF2_HUMAN.H11MO.0.C	1	0.000436864	0.335948	0.0464948	9	ACAGCTGCCAGGG	CCCAGCTGCC	-
253-ACMGCTGCCASGS	BHA15_HUMAN.H11MO.0.B	0	0.000439918	0.338297	0.0464948	11	ACAGCTGCCAGGG	CCAGCTGCTGC	-
253-ACMGCTGCCASGS	MEIS2_HUMAN.H11MO.0.B	2	0.000442131	0.339999	0.0464948	11	ACAGCTGCCAGGG	TGACAGCTGTCAA	-
253-ACMGCTGCCASGS	ZN563_HUMAN.H11MO.0.C	0	0.000480094	0.369192	0.0471213	13	ACAGCTGCCAGGG	GCAGCTGCCAGTGAGGATCCC	-
253-ACMGCTGCCASGS	RFX2_HUMAN.H11MO.0.A	-1	0.000586904	0.451329	0.0540044	12	ACAGCTGCCAGGG	CGGTTGCCATGGCAACGG	+
253-ACMGCTGCCASGS	ZN563_HUMAN.H11MO.1.C	1	0.000700699	0.538838	0.0606827	11	ACAGCTGCCAGGG	CTGTGCTGCCTG	-
253-ACMGCTGCCASGS	HIC2_HUMAN.H11MO.0.D	-2	0.000818598	0.629502	0.0640384	11	ACAGCTGCCAGGG	CCATGCCAGGC	+
253-ACMGCTGCCASGS	MYOG_HUMAN.H11MO.0.B	2	0.000840062	0.646008	0.0640384	11	ACAGCTGCCAGGG	CCGCAGCTGTCCC	+
253-ACMGCTGCCASGS	TFE2_HUMAN.H11MO.0.A	1	0.000869938	0.668982	0.0640384	10	ACAGCTGCCAGGG	CACAGCTGCAG	+
253-ACMGCTGCCASGS	HTF4_HUMAN.H11MO.0.A	1	0.00100049	0.769381	0.0680771	9	ACAGCTGCCAGGG	CACAGCTGCA	-
253-ACMGCTGCCASGS	NFIC_HUMAN.H11MO.1.A	-4	0.00101728	0.782291	0.0680771	9	ACAGCTGCCAGGG	CTGCCAAGA	-
253-ACMGCTGCCASGS	RFX5_HUMAN.H11MO.1.A	-1	0.00110707	0.851334	0.0708643	11	ACAGCTGCCAGGG	CTGTTGCTAGG	+
253-ACMGCTGCCASGS	MYOD1_HUMAN.H11MO.0.A	0	0.00119771	0.92104	0.0734722	13	ACAGCTGCCAGGG	GCAGCTGTTCCTGCC	+
253-ACMGCTGCCASGS	TFAP4_HUMAN.H11MO.0.A	2	0.00153594	1.18114	0.0869726	8	ACAGCTGCCAGGG	AAACAGCTGG	-
253-ACMGCTGCCASGS	MEIS3_HUMAN.H11MO.0.D	-1	0.0016735	1.28692	0.0912522	11	ACAGCTGCCAGGG	CACCTGTCAAA	-
253-ACMGCTGCCASGS	PTF1A_HUMAN.H11MO.0.B	0	0.00204242	1.57062	0.10444	13	ACAGCTGCCAGGG	CCAGCTGCCCCCTTTCCC	+
253-ACMGCTGCCASGS	RFX5_HUMAN.H11MO.0.A	4	0.00205723	1.58201	0.10444	13	ACAGCTGCCAGGG	GTCAGCTGTTGCTAGGCAGA	+
253-ACMGCTGCCASGS	ZN143_HUMAN.H11MO.0.A	5	0.00221754	1.70529	0.108826	13	ACAGCTGCCAGGG	GAACTACAATTCCCAGAATGCC	-
253-ACMGCTGCCASGS	MEIS1_HUMAN.H11MO.1.B	-3	0.00245773	1.89	0.110799	9	ACAGCTGCCAGGG	GCTGACAGC	+
253-ACMGCTGCCASGS	TGIF1_HUMAN.H11MO.0.A	-3	0.00248351	1.90982	0.110799	7	ACAGCTGCCAGGG	GCTGTCA	-
253-ACMGCTGCCASGS	ASCL1_HUMAN.H11MO.0.A	2	0.00270355	2.07903	0.113723	12	ACAGCTGCCAGGG	CTGCACCTGCTCCC	+
253-ACMGCTGCCASGS	ATOH1_HUMAN.H11MO.0.B	0	0.00294936	2.26806	0.120617	9	ACAGCTGCCAGGG	CCATCTGCT	-
253-ACMGCTGCCASGS	THA11_HUMAN.H11MO.0.B	5	0.00307612	2.36554	0.122401	13	ACAGCTGCCAGGG	GAACTACAACTCCCAGCATGCC	-
253-ACMGCTGCCASGS	NFIA_HUMAN.H11MO.1.D	-5	0.00326865	2.51359	0.126569	7	ACAGCTGCCAGGG	TGCCAAG	-
253-ACMGCTGCCASGS	RFX4_HUMAN.H11MO.0.D	-2	0.00335281	2.57831	0.126569	11	ACAGCTGCCAGGG	CGTTGCCATGGTAAC	+
253-ACMGCTGCCASGS	ZNF76_HUMAN.H11MO.0.C	3	0.00361378	2.779	0.132893	13	ACAGCTGCCAGGG	ACTACAATTCCCAGAATGCCCC	-
253-ACMGCTGCCASGS	SMAD3_HUMAN.H11MO.0.B	-1	0.00467363	3.59402	0.159732	12	ACAGCTGCCAGGG	CAGGTGACAGAG	-
253-ACMGCTGCCASGS	TBX20_HUMAN.H11MO.0.D	1	0.0050572	3.88899	0.159732	13	ACAGCTGCCAGGG	AGGTGCTGACAGGT	+
253-ACMGCTGCCASGS	RFX3_HUMAN.H11MO.0.B	-2	0.00532212	4.09271	0.159732	11	ACAGCTGCCAGGG	GGTTGCCATGGTAA	+
253-ACMGCTGCCASGS	ZBT18_HUMAN.H11MO.0.C	2	0.00542476	4.17164	0.159732	9	ACAGCTGCCAGGG	CCACATCTGGA	-
253-ACMGCTGCCASGS	CR3L1_HUMAN.H11MO.0.D	-5	0.00542476	4.17164	0.159732	8	ACAGCTGCCAGGG	TGCCACGTGGC	-
253-ACMGCTGCCASGS	ZF64A_HUMAN.H11MO.0.D	-1	0.0057332	4.40883	0.165504	12	ACAGCTGCCAGGG	CAGGTTCCCGGGCCCC	-
253-ACMGCTGCCASGS	NDF2_HUMAN.H11MO.0.B	0	0.00750499	5.77133	0.200895	9	ACAGCTGCCAGGG	CCATCTGTT	-
253-ACMGCTGCCASGS	TAL1_HUMAN.H11MO.1.A	1	0.00797982	6.13648	0.209791	13	ACAGCTGCCAGGG	CACATCTGCTTCCTG	-
253-ACMGCTGCCASGS	OSR2_HUMAN.H11MO.0.C	3	0.00944073	7.25992	0.23964	13	ACAGCTGCCAGGG	GCTGCTGCTTCTGCTG	+
253-ACMGCTGCCASGS	HAND1_HUMAN.H11MO.0.D	2	0.00988632	7.60258	0.240092	13	ACAGCTGCCAGGG	TGACAAAAACCAGACCC	-
253-ACMGCTGCCASGS	NDF1_HUMAN.H11MO.0.A	1	0.00994775	7.64982	0.240092	9	ACAGCTGCCAGGG	GACAGATGGT	+
253-ACMGCTGCCASGS	HEN1_HUMAN.H11MO.0.C	6	0.0108712	8.35998	0.258148	13	ACAGCTGCCAGGG	TGGGGAGCAGCTGCGTCCCT	+
253-ACMGCTGCCASGS	SNAI2_HUMAN.H11MO.0.A	1	0.0110543	8.50078	0.258329	9	ACAGCTGCCAGGG	GGCAGGTGCA	+
253-ACMGCTGCCASGS	HIC1_HUMAN.H11MO.0.C	-1	0.0116882	8.98824	0.268875	9	ACAGCTGCCAGGG	GGGTTGCCC	+
253-ACMGCTGCCASGS	HES5_HUMAN.H11MO.0.D	2	0.0122903	9.45125	0.278376	10	ACAGCTGCCAGGG	CGGCACGTGCCA	-
253-ACMGCTGCCASGS	MYB_HUMAN.H11MO.0.A	0	0.0142318	10.9442	0.303663	12	ACAGCTGCCAGGG	CCAACTGCCACC	-
253-ACMGCTGCCASGS	ID4_HUMAN.H11MO.0.D	1	0.0145374	11.1792	0.305611	10	ACAGCTGCCAGGG	GACAGGTGTAA	+
253-ACMGCTGCCASGS	SNAI1_HUMAN.H11MO.0.C	0	0.0147382	11.3337	0.305611	8	ACAGCTGCCAGGG	CCACCTGG	-
253-ACMGCTGCCASGS	FIGLA_HUMAN.H11MO.0.D	1	0.0152805	11.7507	0.308175	10	ACAGCTGCCAGGG	AACACCTGTTA	-
253-ACMGCTGCCASGS	NGN2_HUMAN.H11MO.0.D	1	0.0164528	12.6522	0.315815	11	ACAGCTGCCAGGG	GCCATCTGCTCC	-
253-ACMGCTGCCASGS	COT1_HUMAN.H11MO.1.C	0	0.0165174	12.7019	0.315815	13	ACAGCTGCCAGGG	GCAGAGGTCAGGG	+
253-ACMGCTGCCASGS	SMAD1_HUMAN.H11MO.0.D	-2	0.0208741	16.0522	0.367168	11	ACAGCTGCCAGGG	GGCAGACAGGCT	-
253-ACMGCTGCCASGS	ELF2_HUMAN.H11MO.0.C	-1	0.0208761	16.0537	0.367168	12	ACAGCTGCCAGGG	CCACTTCCGGGTT	-
253-ACMGCTGCCASGS	OVOL1_HUMAN.H11MO.0.C	0	0.0209489	16.1097	0.367168	9	ACAGCTGCCAGGG	ACAGTTACA	-
253-ACMGCTGCCASGS	TBX3_HUMAN.H11MO.0.C	0	0.0215393	16.5637	0.373074	11	ACAGCTGCCAGGG	GGAGGTGGGAA	+
253-ACMGCTGCCASGS	HLTF_HUMAN.H11MO.0.D	1	0.0218796	16.8254	0.374561	11	ACAGCTGCCAGGG	TAGGGCTGCAAA	+
253-ACMGCTGCCASGS	ARNT2_HUMAN.H11MO.0.D	-2	0.0229293	17.6326	0.375439	11	ACAGCTGCCAGGG	GCCTCCCACGCC	-
253-ACMGCTGCCASGS	ZN331_HUMAN.H11MO.0.C	8	0.0244006	18.7641	0.394768	12	ACAGCTGCCAGGG	GGCTGGGCTCAGCTGGGTGG	+
253-ACMGCTGCCASGS	TBX1_HUMAN.H11MO.0.D	6	0.0255468	19.6455	0.404423	13	ACAGCTGCCAGGG	CCGCCCACCCCTGCCCACCC	-
253-ACMGCTGCCASGS	HAND1_HUMAN.H11MO.1.D	-7	0.0270433	20.7963	0.410071	6	ACAGCTGCCAGGG	CCAGGCC	-
253-ACMGCTGCCASGS	MYBA_HUMAN.H11MO.0.D	3	0.0272727	20.9727	0.410071	12	ACAGCTGCCAGGG	TCTCCAACTGCCACT	-
253-ACMGCTGCCASGS	OLIG2_HUMAN.H11MO.1.B	0	0.0274565	21.114	0.410071	10	ACAGCTGCCAGGG	CCATCTGTTT	+
253-ACMGCTGCCASGS	HES7_HUMAN.H11MO.0.D	2	0.0276041	21.2275	0.410071	10	ACAGCTGCCAGGG	CGGCACGTGCCA	-
253-ACMGCTGCCASGS	NFIC_HUMAN.H11MO.0.A	5	0.0278065	21.3832	0.410071	12	ACAGCTGCCAGGG	CTTGGCAGGGAGCCAAG	-
253-ACMGCTGCCASGS	ZN436_HUMAN.H11MO.0.C	6	0.0278533	21.4192	0.410071	13	ACAGCTGCCAGGG	TCAGGGAAGGCTTCCTGGAGGAGG	+
253-ACMGCTGCCASGS	IKZF1_HUMAN.H11MO.0.C	-3	0.0284486	21.8769	0.411393	8	ACAGCTGCCAGGG	TCTCCCAA	-
253-ACMGCTGCCASGS	ZSC31_HUMAN.H11MO.0.C	1	0.0299425	23.0258	0.425896	13	ACAGCTGCCAGGG	CATAACTGCCCTGCTGCC	-
253-ACMGCTGCCASGS	SCRT1_HUMAN.H11MO.0.D	3	0.0300853	23.1356	0.425896	10	ACAGCTGCCAGGG	GCAACAGGTGGTT	+
253-ACMGCTGCCASGS	MXI1_HUMAN.H11MO.0.A	0	0.0311876	23.9833	0.429122	13	ACAGCTGCCAGGG	CCCGCCGCCACGTGC	-
253-ACMGCTGCCASGS	ZIC3_HUMAN.H11MO.0.B	2	0.0311876	23.9833	0.429122	13	ACAGCTGCCAGGG	TCACAGCAGGGGGCC	-
253-ACMGCTGCCASGS	NRL_HUMAN.H11MO.0.D	-2	0.0329974	25.375	0.437662	11	ACAGCTGCCAGGG	TGCTGACGCAG	+
253-ACMGCTGCCASGS	ETV1_HUMAN.H11MO.0.A	-2	0.0329974	25.375	0.437662	11	ACAGCTGCCAGGG	CACTTCCGGCC	-
253-ACMGCTGCCASGS	WT1_HUMAN.H11MO.1.B	0	0.0329974	25.375	0.437662	11	ACAGCTGCCAGGG	CCTCCTCCCAC	-
253-ACMGCTGCCASGS	ZN549_HUMAN.H11MO.0.C	-1	0.0335147	25.7728	0.440554	12	ACAGCTGCCAGGG	GTGCTGCCCAATTCATGAAT	-
253-ACMGCTGCCASGS	ERG_HUMAN.H11MO.0.A	-1	0.0344005	26.454	0.444851	12	ACAGCTGCCAGGG	CCACTTCCTGCCC	-
253-ACMGCTGCCASGS	ZN335_HUMAN.H11MO.0.A	10	0.0346692	26.6606	0.444851	12	ACAGCTGCCAGGG	GGCTGTCCTCGGCGCTGCCTGA	+
253-ACMGCTGCCASGS	COT1_HUMAN.H11MO.0.C	4	0.0347481	26.7213	0.444851	13	ACAGCTGCCAGGG	GGGGTCAGAGGTCAGGG	+
253-ACMGCTGCCASGS	PKNX1_HUMAN.H11MO.0.B	-3	0.0361949	27.8339	0.452937	10	ACAGCTGCCAGGG	CCTGTCAATCA	-
253-ACMGCTGCCASGS	SUH_HUMAN.H11MO.0.A	-3	0.0361949	27.8339	0.452937	10	ACAGCTGCCAGGG	TTTCCCACGCC	-
253-ACMGCTGCCASGS	NFIA_HUMAN.H11MO.0.C	4	0.0372003	28.607	0.460236	11	ACAGCTGCCAGGG	TTGGCACGGTGCCAA	+
253-ACMGCTGCCASGS	ELK4_HUMAN.H11MO.0.A	-1	0.0379137	29.1556	0.465154	12	ACAGCTGCCAGGG	CCACTTCCGGTC	-
253-ACMGCTGCCASGS	ELF1_HUMAN.H11MO.0.A	-1	0.03885	29.8757	0.468931	12	ACAGCTGCCAGGG	CCACTTCCGGGTTC	-
253-ACMGCTGCCASGS	ZIC2_HUMAN.H11MO.0.D	2	0.0388586	29.8822	0.468931	13	ACAGCTGCCAGGG	TCACAGCAGGGGGCC	-
253-ACMGCTGCCASGS	MESP1_HUMAN.H11MO.0.D	0	0.0396685	30.5051	0.474813	11	ACAGCTGCCAGGG	GCAGGTGTGGA	+
253-ACMGCTGCCASGS	OLIG2_HUMAN.H11MO.0.B	0	0.0407995	31.3748	0.482593	13	ACAGCTGCCAGGG	CCAGCTGTTTCCCTTCTG	+
253-ACMGCTGCCASGS	MAF_HUMAN.H11MO.1.B	-2	0.040974	31.509	0.482593	8	ACAGCTGCCAGGG	TGCTGACT	+
253-ACMGCTGCCASGS	ZN134_HUMAN.H11MO.1.C	3	0.0432203	33.2364	0.497201	13	ACAGCTGCCAGGG	CCTTCACCTGATTAGGT	-
253-ACMGCTGCCASGS	ZN317_HUMAN.H11MO.0.C	7	0.043667	33.5799	0.497201	13	ACAGCTGCCAGGG	TGAGAAGTCAGCTGTCATTC	-
253-ACMGCTGCCASGS	TWST1_HUMAN.H11MO.1.A	1	0.0441253	33.9324	0.497201	9	ACAGCTGCCAGGG	CACATCTGGT	+
253-ACMGCTGCCASGS	ZEB1_HUMAN.H11MO.0.A	1	0.0441253	33.9324	0.497201	9	ACAGCTGCCAGGG	CTCACCTGTC	-
253-ACMGCTGCCASGS	SCRT2_HUMAN.H11MO.0.D	5	0.0447499	34.4127	0.499115	8	ACAGCTGCCAGGG	ATGCAACAGGTGG	+
255-ACTGTTTGCT	FOXP2_HUMAN.H11MO.0.C	-1	0.000273905	0.210633	0.213323	9	ACTGTTTGCT	CTGTTTACA	+
255-ACTGTTTGCT	FOXO3_HUMAN.H11MO.0.B	0	0.000306716	0.235864	0.213323	10	ACTGTTTGCT	CTTGTTTACA	+
255-ACTGTTTGCT	ZKSC1_HUMAN.H11MO.0.B	9	0.000631283	0.485456	0.213323	10	ACTGTTTGCT	TGAGGACCTACTGTGTGCC	+
255-ACTGTTTGCT	FOXA3_HUMAN.H11MO.0.B	0	0.000712703	0.548069	0.213323	10	ACTGTTTGCT	CTTGTTTACTTTG	+
255-ACTGTTTGCT	FOXM1_HUMAN.H11MO.0.A	-2	0.000785574	0.604106	0.213323	8	ACTGTTTGCT	TGTTTGCTTTGC	+
255-ACTGTTTGCT	FOXO1_HUMAN.H11MO.0.A	2	0.000836752	0.643463	0.213323	10	ACTGTTTGCT	TTCCTGTTTACT	+
255-ACTGTTTGCT	FOXA2_HUMAN.H11MO.0.A	-2	0.00100963	0.776407	0.220626	8	ACTGTTTGCT	TGTTTACTTAGC	+
255-ACTGTTTGCT	FOXC1_HUMAN.H11MO.0.C	1	0.0015434	1.18688	0.267643	10	ACTGTTTGCT	CGTTGTTTACTTAAG	+
255-ACTGTTTGCT	FOXK1_HUMAN.H11MO.0.A	-2	0.00169877	1.30635	0.267643	8	ACTGTTTGCT	TGTTTACTTT	+
255-ACTGTTTGCT	FOXA1_HUMAN.H11MO.0.A	-2	0.0017497	1.34552	0.267643	8	ACTGTTTGCT	TGTTTACTTTGG	+
255-ACTGTTTGCT	FOXF2_HUMAN.H11MO.0.D	-2	0.00257037	1.97661	0.357432	8	ACTGTTTGCT	TGTTTACTTTT	+
255-ACTGTTTGCT	ANDR_HUMAN.H11MO.0.A	8	0.00297029	2.28415	0.378625	10	ACTGTTTGCT	TGTTCTTTTTTGTTTGCT	+
255-ACTGTTTGCT	SOX5_HUMAN.H11MO.0.C	1	0.00344495	2.64917	0.405351	7	ACTGTTTGCT	TATTGTTA	+
255-ACTGTTTGCT	FOXO4_HUMAN.H11MO.0.C	-1	0.00397831	3.05932	0.408205	9	ACTGTTTGCT	TTGTTTATT	+
255-ACTGTTTGCT	FOXD3_HUMAN.H11MO.0.D	0	0.00400293	3.07825	0.408205	10	ACTGTTTGCT	TTTGTTTACTTAGCA	+
255-ACTGTTTGCT	ZIM3_HUMAN.H11MO.0.C	7	0.00438351	3.37092	0.419076	10	ACTGTTTGCT	TTGGGTTTCTGTTGCTTGC	+
255-ACTGTTTGCT	ZSCA4_HUMAN.H11MO.0.D	0	0.0055408	4.26087	0.453322	10	ACTGTTTGCT	AGTGTGTGCACT	+
255-ACTGTTTGCT	FOXD1_HUMAN.H11MO.0.D	1	0.00563079	4.33007	0.453322	10	ACTGTTTGCT	CTTTGTTTACTTAAG	+
255-ACTGTTTGCT	TAL1_HUMAN.H11MO.1.A	4	0.00563079	4.33007	0.453322	10	ACTGTTTGCT	CACATCTGCTTCCTG	-
256-AGACAGGTGGAGA	MYOD1_HUMAN.H11MO.1.A	-1	9.23847e-05	0.0710439	0.0541121	11	AGACAGGTGGAGA	GACAGCTGCAG	-
256-AGACAGGTGGAGA	SNAI2_HUMAN.H11MO.0.A	-1	0.00012232	0.0940642	0.0541121	10	AGACAGGTGGAGA	GGCAGGTGCA	+
256-AGACAGGTGGAGA	SNAI1_HUMAN.H11MO.0.C	-2	0.000124786	0.0959608	0.0541121	8	AGACAGGTGGAGA	CCAGGTGG	+
256-AGACAGGTGGAGA	NDF2_HUMAN.H11MO.0.B	-1	0.000149564	0.115015	0.0541121	9	AGACAGGTGGAGA	AACAGATGG	+
256-AGACAGGTGGAGA	NDF1_HUMAN.H11MO.0.A	-1	0.000180069	0.138473	0.0541121	10	AGACAGGTGGAGA	GACAGATGGT	+
256-AGACAGGTGGAGA	FIGLA_HUMAN.H11MO.0.D	0	0.000224464	0.172613	0.0556207	11	AGACAGGTGGAGA	TAACAGGTGTT	+
256-AGACAGGTGGAGA	ATOH1_HUMAN.H11MO.0.B	-1	0.000259125	0.199267	0.0556207	9	AGACAGGTGGAGA	AGCAGATGG	+
256-AGACAGGTGGAGA	MYOG_HUMAN.H11MO.0.B	1	0.00037763	0.290397	0.0593735	12	AGACAGGTGGAGA	GGGACAGCTGCGG	-
256-AGACAGGTGGAGA	ASCL1_HUMAN.H11MO.0.A	2	0.00039208	0.301509	0.0593735	12	AGACAGGTGGAGA	GGGAGCAGGTGCAG	-
256-AGACAGGTGGAGA	MESP1_HUMAN.H11MO.0.D	-2	0.000395155	0.303874	0.0593735	11	AGACAGGTGGAGA	GCAGGTGTGGA	+
256-AGACAGGTGGAGA	TGIF2_HUMAN.H11MO.0.D	1	0.000485997	0.373731	0.0643818	10	AGACAGGTGGAGA	ATGACAGCTGT	+
256-AGACAGGTGGAGA	ID4_HUMAN.H11MO.0.D	-1	0.000520383	0.400174	0.0643818	11	AGACAGGTGGAGA	GACAGGTGTAA	+
256-AGACAGGTGGAGA	MEIS3_HUMAN.H11MO.0.D	2	0.000557033	0.428358	0.0643818	9	AGACAGGTGGAGA	TTTGACAGGTG	+
256-AGACAGGTGGAGA	TGIF1_HUMAN.H11MO.0.A	0	0.00068191	0.524389	0.068314	7	AGACAGGTGGAGA	TGACAGC	+
256-AGACAGGTGGAGA	BMAL1_HUMAN.H11MO.0.A	0	0.000681986	0.524447	0.068314	11	AGACAGGTGGAGA	AGTCACGTGGC	-
256-AGACAGGTGGAGA	SCRT1_HUMAN.H11MO.0.D	1	0.000905246	0.696134	0.081195	12	AGACAGGTGGAGA	GCAACAGGTGGTT	+
256-AGACAGGTGGAGA	ZN768_HUMAN.H11MO.0.C	7	0.000918655	0.706446	0.081195	13	AGACAGGTGGAGA	GAGGCTCAGAGAGGTTAAGT	+
256-AGACAGGTGGAGA	CLOCK_HUMAN.H11MO.0.C	1	0.00111605	0.858242	0.0931615	13	AGACAGGTGGAGA	CAGACACGTGAACA	+
256-AGACAGGTGGAGA	OLIG2_HUMAN.H11MO.1.B	0	0.00124242	0.955421	0.0945367	10	AGACAGGTGGAGA	AAACAGATGG	-
256-AGACAGGTGGAGA	MYF6_HUMAN.H11MO.0.C	-2	0.00125836	0.967679	0.0945367	7	AGACAGGTGGAGA	GCAGCTG	-
256-AGACAGGTGGAGA	TFE2_HUMAN.H11MO.0.A	-1	0.00140086	1.07726	0.0969704	11	AGACAGGTGGAGA	CACAGCTGCAG	+
256-AGACAGGTGGAGA	ZEB1_HUMAN.H11MO.0.A	-1	0.00141983	1.09185	0.0969704	10	AGACAGGTGGAGA	GACAGGTGAG	+
256-AGACAGGTGGAGA	NGN2_HUMAN.H11MO.0.D	1	0.00180963	1.39161	0.118219	11	AGACAGGTGGAGA	GGAGCAGATGGC	+
256-AGACAGGTGGAGA	PTF1A_HUMAN.H11MO.1.B	-1	0.00208002	1.59953	0.12155	9	AGACAGGTGGAGA	AGCAGCTGG	+
256-AGACAGGTGGAGA	ASCL2_HUMAN.H11MO.0.D	-1	0.00208002	1.59953	0.12155	9	AGACAGGTGGAGA	AGCAGCTGG	-
256-AGACAGGTGGAGA	TFAP4_HUMAN.H11MO.0.A	0	0.0021033	1.61744	0.12155	10	AGACAGGTGGAGA	AAACAGCTGG	-
256-AGACAGGTGGAGA	ZN554_HUMAN.H11MO.0.C	4	0.00283714	2.18176	0.155961	13	AGACAGGTGGAGA	GCTGAGCCATGTGGGGTGCT	+
256-AGACAGGTGGAGA	MYCN_HUMAN.H11MO.0.A	0	0.00290635	2.23498	0.155961	12	AGACAGGTGGAGA	GGCCACGTGGGC	+
256-AGACAGGTGGAGA	MEIS2_HUMAN.H11MO.0.B	1	0.00328528	2.52638	0.164542	12	AGACAGGTGGAGA	TTGACAGCTGTCA	+
256-AGACAGGTGGAGA	SCRT2_HUMAN.H11MO.0.D	3	0.00328528	2.52638	0.164542	10	AGACAGGTGGAGA	ATGCAACAGGTGG	+
256-AGACAGGTGGAGA	MYBA_HUMAN.H11MO.0.D	2	0.00356691	2.74295	0.172884	13	AGACAGGTGGAGA	AGTGGCAGTTGGAGA	+
256-AGACAGGTGGAGA	MEIS1_HUMAN.H11MO.1.B	2	0.00425443	3.27165	0.198625	7	AGACAGGTGGAGA	GCTGACAGC	+
256-AGACAGGTGGAGA	TAL1_HUMAN.H11MO.1.A	4	0.00444515	3.41832	0.198625	11	AGACAGGTGGAGA	CAGGAAGCAGATGTG	+
256-AGACAGGTGGAGA	ZBT18_HUMAN.H11MO.0.C	0	0.00449457	3.45632	0.198625	11	AGACAGGTGGAGA	CCACATCTGGA	-
256-AGACAGGTGGAGA	ITF2_HUMAN.H11MO.0.C	-1	0.00474969	3.65251	0.203625	10	AGACAGGTGGAGA	GGCAGCTGGG	+
256-AGACAGGTGGAGA	MYOD1_HUMAN.H11MO.0.A	5	0.0049563	3.8114	0.203625	10	AGACAGGTGGAGA	GGCAGGAACAGCTGC	-
256-AGACAGGTGGAGA	HEY1_HUMAN.H11MO.0.D	0	0.00514978	3.96018	0.203625	12	AGACAGGTGGAGA	TGGCACGTGTCG	+
256-AGACAGGTGGAGA	MYB_HUMAN.H11MO.0.A	2	0.00514978	3.96018	0.203625	10	AGACAGGTGGAGA	GGTGGCAGTTGG	+
256-AGACAGGTGGAGA	HTF4_HUMAN.H11MO.0.A	-1	0.00569251	4.37754	0.219313	10	AGACAGGTGGAGA	CACAGCTGCA	-
256-AGACAGGTGGAGA	MYC_HUMAN.H11MO.0.A	0	0.00601353	4.62441	0.225889	11	AGACAGGTGGAGA	GAGCACGTGGC	-
256-AGACAGGTGGAGA	BHA15_HUMAN.H11MO.0.B	1	0.00636925	4.89795	0.233416	10	AGACAGGTGGAGA	GCAGCAGCTGG	+
256-AGACAGGTGGAGA	MAX_HUMAN.H11MO.0.A	0	0.00721862	5.55112	0.258244	10	AGACAGGTGGAGA	GAGCACGTGG	+
256-AGACAGGTGGAGA	OLIG2_HUMAN.H11MO.0.B	8	0.00757052	5.82173	0.264535	10	AGACAGGTGGAGA	CAGAAGGGAAACAGCTGG	-
256-AGACAGGTGGAGA	USF1_HUMAN.H11MO.0.A	0	0.00800974	6.15949	0.273521	12	AGACAGGTGGAGA	GGTCACGTGACC	+
256-AGACAGGTGGAGA	BHE41_HUMAN.H11MO.0.D	4	0.00853429	6.56287	0.280948	13	AGACAGGTGGAGA	ACCGGGTCACGTGCAGAGGG	+
256-AGACAGGTGGAGA	TWST1_HUMAN.H11MO.1.A	-1	0.0086012	6.61432	0.280948	10	AGACAGGTGGAGA	CACATCTGGT	+
256-AGACAGGTGGAGA	SMAD1_HUMAN.H11MO.0.D	3	0.00892533	6.86358	0.285282	9	AGACAGGTGGAGA	GGCAGACAGGCT	-
256-AGACAGGTGGAGA	MITF_HUMAN.H11MO.0.A	0	0.00911361	7.00836	0.285282	10	AGACAGGTGGAGA	GGTCACGTGA	-
256-AGACAGGTGGAGA	PTF1A_HUMAN.H11MO.0.B	8	0.00984262	7.56897	0.300516	10	AGACAGGTGGAGA	GGGAAAGGGGGCAGCTGG	-
256-AGACAGGTGGAGA	HXB1_HUMAN.H11MO.0.D	0	0.0102235	7.8619	0.300516	10	AGACAGGTGGAGA	TGATGGATGG	+
256-AGACAGGTGGAGA	TFE3_HUMAN.H11MO.0.B	0	0.0102235	7.8619	0.300516	10	AGACAGGTGGAGA	GGTCACGTGA	+
256-AGACAGGTGGAGA	MXI1_HUMAN.H11MO.1.A	0	0.0105642	8.12383	0.300516	11	AGACAGGTGGAGA	GAGCACGTGGG	-
256-AGACAGGTGGAGA	ZN134_HUMAN.H11MO.1.C	4	0.0106003	8.15163	0.300516	13	AGACAGGTGGAGA	ACCTAATCAGGTGAAGG	+
256-AGACAGGTGGAGA	LYL1_HUMAN.H11MO.0.A	4	0.0126544	9.73121	0.33953	10	AGACAGGTGGAGA	CAGGAAACAGCTGG	-
256-AGACAGGTGGAGA	P53_HUMAN.H11MO.0.A	0	0.0136265	10.4788	0.353006	13	AGACAGGTGGAGA	AGACATGCCCAGACATGCCC	+
256-AGACAGGTGGAGA	TBX3_HUMAN.H11MO.0.C	-2	0.0162883	12.5257	0.394738	11	AGACAGGTGGAGA	GGAGGTGGGAA	+
256-AGACAGGTGGAGA	TFEB_HUMAN.H11MO.0.C	0	0.0189316	14.5584	0.44446	9	AGACAGGTGGAGA	GGTCACGTG	+
256-AGACAGGTGGAGA	USF2_HUMAN.H11MO.0.A	1	0.019307	14.8471	0.446301	13	AGACAGGTGGAGA	GGGTCACGTGGCCGCGGCG	+
256-AGACAGGTGGAGA	ZN770_HUMAN.H11MO.0.C	9	0.0199645	15.3527	0.454506	13	AGACAGGTGGAGA	GGGAGGCTGAGGCGGGAGGATC	+
261-AGCGTGGGGC	KLF5_HUMAN.H11MO.0.A	0	0.000204121	0.156969	0.149773	10	AGCGTGGGGC	AGGGTGGGGCTGGG	+
261-AGCGTGGGGC	ZIC4_HUMAN.H11MO.0.D	4	0.000293713	0.225866	0.149773	10	AGCGTGGGGC	GCACAGCGGGGGGTC	+
261-AGCGTGGGGC	KLF4_HUMAN.H11MO.0.A	0	0.000294126	0.226183	0.149773	10	AGCGTGGGGC	AGGGTGTGGC	+
261-AGCGTGGGGC	PLAL1_HUMAN.H11MO.0.D	-2	0.00080269	0.617269	0.216849	8	AGCGTGGGGC	CGGGGGGCCC	+
261-AGCGTGGGGC	KLF12_HUMAN.H11MO.0.C	1	0.000899044	0.691365	0.216849	10	AGCGTGGGGC	AGGGGCGGGGC	+
261-AGCGTGGGGC	GLIS1_HUMAN.H11MO.0.D	-1	0.000999579	0.768677	0.216849	9	AGCGTGGGGC	TCGTGGGGGGTCT	+
261-AGCGTGGGGC	MAZ_HUMAN.H11MO.1.A	1	0.00101353	0.779401	0.216849	10	AGCGTGGGGC	GAGGGAGGGGG	+
261-AGCGTGGGGC	KLF1_HUMAN.H11MO.0.A	0	0.0011356	0.873277	0.216849	10	AGCGTGGGGC	GGGGCGGGGCCGGG	+
261-AGCGTGGGGC	GLIS3_HUMAN.H11MO.0.D	-1	0.00219577	1.68855	0.328254	9	AGCGTGGGGC	GTGGGGGGTA	+
261-AGCGTGGGGC	ARNT2_HUMAN.H11MO.0.D	0	0.00242006	1.86103	0.328254	10	AGCGTGGGGC	GGCGTGGGAGGC	+
261-AGCGTGGGGC	SP1_HUMAN.H11MO.1.A	2	0.00243544	1.87285	0.328254	10	AGCGTGGGGC	GGGGGGCGGGGCCG	+
261-AGCGTGGGGC	GLIS2_HUMAN.H11MO.0.D	3	0.00257852	1.98288	0.328254	10	AGCGTGGGGC	CTTCGCGGGGGGTC	+
261-AGCGTGGGGC	KLF3_HUMAN.H11MO.0.B	5	0.00299816	2.30558	0.352315	10	AGCGTGGGGC	GGGGAGGGGCGGGGCCGGG	+
261-AGCGTGGGGC	NR0B1_HUMAN.H11MO.0.D	-1	0.00365192	2.80833	0.398487	9	AGCGTGGGGC	GCGTGGGAGA	+
261-AGCGTGGGGC	AP2C_HUMAN.H11MO.0.A	2	0.00403988	3.10667	0.407905	10	AGCGTGGGGC	ATGCCCTGAGGCCA	+
261-AGCGTGGGGC	KLF6_HUMAN.H11MO.0.A	3	0.00473124	3.63833	0.407905	10	AGCGTGGGGC	GGAAGGGCGGGGCCGGGGG	+
261-AGCGTGGGGC	AP2D_HUMAN.H11MO.0.D	0	0.00476418	3.66365	0.407905	10	AGCGTGGGGC	CGCCCGAGGCGCGT	+
261-AGCGTGGGGC	SP1_HUMAN.H11MO.0.A	2	0.0048063	3.69604	0.407905	10	AGCGTGGGGC	GGGGGGCGGGGCCGGGGGGGGG	+
261-AGCGTGGGGC	EGR3_HUMAN.H11MO.0.D	0	0.00584347	4.49363	0.469827	10	AGCGTGGGGC	AGAGTGGGTGT	+
261-AGCGTGGGGC	ZN219_HUMAN.H11MO.0.D	-1	0.00649311	4.9932	0.495956	9	AGCGTGGGGC	GAGGGGGGCGGA	+
261-AGCGTGGGGC	AHR_HUMAN.H11MO.0.B	2	0.00686937	5.28254	0.49971	7	AGCGTGGGGC	GTTGCGTGC	+
262-AGCTCCCGCCTTM	E2F6_HUMAN.H11MO.0.A	1	5.14847e-05	0.0395917	0.0440449	12	AGCTCCCGCCTTC	CCCTTCCCGCCCC	-
262-AGCTCCCGCCTTM	E2F4_HUMAN.H11MO.0.A	0	9.53986e-05	0.0733615	0.0440449	13	AGCTCCCGCCTTC	ATTTCCCGCCCCC	-
262-AGCTCCCGCCTTM	E2F1_HUMAN.H11MO.0.A	0	0.000116774	0.0897994	0.0440449	13	AGCTCCCGCCTTC	CTTTCCCGCCCCCC	-
262-AGCTCCCGCCTTM	TFDP1_HUMAN.H11MO.0.C	0	0.000116774	0.0897994	0.0440449	13	AGCTCCCGCCTTC	TTTTCCCGCCCCCC	-
262-AGCTCCCGCCTTM	E2F3_HUMAN.H11MO.0.A	-1	0.000184679	0.142018	0.0557256	11	AGCTCCCGCCTTC	TTTCCCGCCCT	-
262-AGCTCCCGCCTTM	E2F7_HUMAN.H11MO.0.B	1	0.000776118	0.596835	0.195157	12	AGCTCCCGCCTTC	CCTTTCCCGCCCC	-
262-AGCTCCCGCCTTM	E2F4_HUMAN.H11MO.1.A	4	0.00117805	0.905921	0.253907	10	AGCTCCCGCCTTC	TCAAATTTCCCGCC	-
262-AGCTCCCGCCTTM	ELF5_HUMAN.H11MO.0.A	1	0.00190246	1.46299	0.327575	13	AGCTCCCGCCTTC	CCACTTCCTCCTTCC	-
262-AGCTCCCGCCTTM	WT1_HUMAN.H11MO.1.B	2	0.00195409	1.5027	0.327575	9	AGCTCCCGCCTTC	CCTCCTCCCAC	-
262-AGCTCCCGCCTTM	ELF2_HUMAN.H11MO.0.C	1	0.0024642	1.89497	0.367286	12	AGCTCCCGCCTTC	CCACTTCCGGGTT	-
262-AGCTCCCGCCTTM	HEN1_HUMAN.H11MO.0.C	8	0.00267787	2.05928	0.367286	12	AGCTCCCGCCTTC	TGGGGAGCAGCTGCGTCCCT	+
262-AGCTCCCGCCTTM	KLF13_HUMAN.H11MO.0.D	0	0.00407512	3.13377	0.468535	11	AGCTCCCGCCTTC	CACGCCCCCCT	-
262-AGCTCCCGCCTTM	TBR1_HUMAN.H11MO.0.D	0	0.00426051	3.27633	0.468535	13	AGCTCCCGCCTTC	TTTTCACACCTTT	-
262-AGCTCCCGCCTTM	E2F8_HUMAN.H11MO.0.D	-1	0.00472141	3.63077	0.468535	12	AGCTCCCGCCTTC	TTTCCCGCCAAA	-
262-AGCTCCCGCCTTM	ELF1_HUMAN.H11MO.0.A	1	0.00475954	3.66009	0.468535	13	AGCTCCCGCCTTC	CCACTTCCGGGTTC	-
262-AGCTCCCGCCTTM	SP2_HUMAN.H11MO.0.A	4	0.0058379	4.48934	0.468535	13	AGCTCCCGCCTTC	CCCCCGGCCCCGCCCCCCCCCC	-
262-AGCTCCCGCCTTM	ZN219_HUMAN.H11MO.0.D	0	0.00584403	4.49406	0.468535	12	AGCTCCCGCCTTC	TCCGCCCCCCTC	-
262-AGCTCCCGCCTTM	GCM1_HUMAN.H11MO.0.D	0	0.00620016	4.76792	0.468535	13	AGCTCCCGCCTTC	AATACCCGCATGTG	-
262-AGCTCCCGCCTTM	EHF_HUMAN.H11MO.0.B	2	0.00666552	5.12579	0.468535	13	AGCTCCCGCCTTC	GCCACTTCCTGGTTC	-
262-AGCTCCCGCCTTM	OSR2_HUMAN.H11MO.0.C	5	0.0069829	5.36985	0.468535	11	AGCTCCCGCCTTC	GCTGCTGCTTCTGCTG	+
262-AGCTCCCGCCTTM	CENPB_HUMAN.H11MO.0.D	-2	0.00717459	5.51726	0.468535	11	AGCTCCCGCCTTC	AACCCGCATCGTACGAA	-
262-AGCTCCCGCCTTM	ZBTB6_HUMAN.H11MO.0.C	1	0.00722533	5.55628	0.468535	12	AGCTCCCGCCTTC	CGGCTCCAGCACC	-
262-AGCTCCCGCCTTM	MAZ_HUMAN.H11MO.1.A	-2	0.00738793	5.68132	0.468535	11	AGCTCCCGCCTTC	CCCCCTCCCTC	-
262-AGCTCCCGCCTTM	TBX5_HUMAN.H11MO.0.D	-3	0.00783003	6.02129	0.468535	8	AGCTCCCGCCTTC	TCACACCT	-
262-AGCTCCCGCCTTM	GCM2_HUMAN.H11MO.0.D	-1	0.00821027	6.3137	0.468535	11	AGCTCCCGCCTTC	ATACCCGCATC	-
262-AGCTCCCGCCTTM	SP2_HUMAN.H11MO.1.B	-2	0.00842567	6.47934	0.468535	11	AGCTCCCGCCTTC	GCCCCGCCCCCT	-
262-AGCTCCCGCCTTM	ZN740_HUMAN.H11MO.0.D	2	0.00890566	6.84845	0.468535	12	AGCTCCCGCCTTC	CCCACCCCCCCCCC	-
262-AGCTCCCGCCTTM	TBX1_HUMAN.H11MO.0.D	1	0.00933387	7.17774	0.468535	13	AGCTCCCGCCTTC	CCGCCCACCCCTGCCCACCC	-
262-AGCTCCCGCCTTM	ELF3_HUMAN.H11MO.0.A	1	0.00937126	7.2065	0.468535	13	AGCTCCCGCCTTC	CCACTTCCTGGTTC	-
262-AGCTCCCGCCTTM	GABPA_HUMAN.H11MO.0.A	1	0.00985932	7.58182	0.468535	13	AGCTCCCGCCTTC	CCACTTCCGGTTCC	-
262-AGCTCCCGCCTTM	ZN263_HUMAN.H11MO.1.A	2	0.0101152	7.7786	0.468535	9	AGCTCCCGCCTTC	CCTCCTCCCTC	-
262-AGCTCCCGCCTTM	TAF1_HUMAN.H11MO.0.A	1	0.0105386	8.10421	0.468535	13	AGCTCCCGCCTTC	CCGCCGCCGCCATCTT	-
262-AGCTCCCGCCTTM	ZN770_HUMAN.H11MO.0.C	2	0.0110141	8.46984	0.468535	13	AGCTCCCGCCTTC	GATCCTCCCGCCTCAGCCTCCC	-
262-AGCTCCCGCCTTM	ZBT14_HUMAN.H11MO.0.C	-1	0.0112226	8.63019	0.468535	9	AGCTCCCGCCTTC	GCGCGCTCC	-
262-AGCTCCCGCCTTM	GLIS2_HUMAN.H11MO.0.D	1	0.0114681	8.819	0.468535	13	AGCTCCCGCCTTC	GACCCCCCGCGAAG	-
262-AGCTCCCGCCTTM	ETV1_HUMAN.H11MO.0.A	0	0.0118038	9.07709	0.468535	11	AGCTCCCGCCTTC	CACTTCCGGCC	-
262-AGCTCCCGCCTTM	TBX3_HUMAN.H11MO.0.C	-2	0.0118038	9.07709	0.468535	11	AGCTCCCGCCTTC	TTCCCACCTCC	-
262-AGCTCCCGCCTTM	TBX4_HUMAN.H11MO.0.D	8	0.01207	9.28181	0.468535	12	AGCTCCCGCCTTC	GGTGTGAAATTTCACACCTT	-
262-AGCTCCCGCCTTM	GLIS3_HUMAN.H11MO.0.D	1	0.0123211	9.47492	0.468535	9	AGCTCCCGCCTTC	TACCCCCCAC	-
262-AGCTCCCGCCTTM	EGR3_HUMAN.H11MO.0.D	-1	0.0124221	9.55257	0.468535	11	AGCTCCCGCCTTC	ACACCCACTCT	-
262-AGCTCCCGCCTTM	IKZF1_HUMAN.H11MO.0.C	-1	0.0133166	10.2405	0.469567	8	AGCTCCCGCCTTC	TCTCCCAA	-
262-AGCTCCCGCCTTM	VEZF1_HUMAN.H11MO.0.C	7	0.0142235	10.9379	0.469567	13	AGCTCCCGCCTTC	CCCCTCCCCCTCCCCCCTCCCC	-
262-AGCTCCCGCCTTM	SALL4_HUMAN.H11MO.0.B	0	0.0144159	11.0859	0.469567	10	AGCTCCCGCCTTC	CCCACCCTCC	-
262-AGCTCCCGCCTTM	ZN816_HUMAN.H11MO.0.C	6	0.0145462	11.186	0.469567	13	AGCTCCCGCCTTC	CCCTGCATGTCCCCCTTTTTT	-
262-AGCTCCCGCCTTM	PATZ1_HUMAN.H11MO.1.C	1	0.0147675	11.3562	0.469567	8	AGCTCCCGCCTTC	CCCCTCCCT	-
262-AGCTCCCGCCTTM	ZN549_HUMAN.H11MO.0.C	1	0.0147719	11.3596	0.469567	13	AGCTCCCGCCTTC	GTGCTGCCCAATTCATGAAT	-
262-AGCTCCCGCCTTM	PTF1A_HUMAN.H11MO.0.B	2	0.014844	11.415	0.469567	13	AGCTCCCGCCTTC	CCAGCTGCCCCCTTTCCC	+
262-AGCTCCCGCCTTM	SP1_HUMAN.H11MO.1.A	0	0.0154358	11.8701	0.469567	13	AGCTCCCGCCTTC	CGGCCCCGCCCCCC	-
262-AGCTCCCGCCTTM	WT1_HUMAN.H11MO.0.C	7	0.0155291	11.9419	0.469567	13	AGCTCCCGCCTTC	CCCCCCCTCCTCCCCCGCCC	-
262-AGCTCCCGCCTTM	SUH_HUMAN.H11MO.0.A	-1	0.0159864	12.2935	0.469567	11	AGCTCCCGCCTTC	TTTCCCACGCC	-
262-AGCTCCCGCCTTM	EGR1_HUMAN.H11MO.0.A	4	0.0161573	12.425	0.469567	13	AGCTCCCGCCTTC	CCCCCGCCCACGCCCTC	-
262-AGCTCCCGCCTTM	ZNF41_HUMAN.H11MO.1.C	0	0.0162106	12.4659	0.469567	12	AGCTCCCGCCTTC	TTCTCCCTTGTG	-
262-AGCTCCCGCCTTM	SP4_HUMAN.H11MO.1.A	0	0.0164955	12.685	0.469567	13	AGCTCCCGCCTTC	CGGCCCCGCCCCCTCC	-
262-AGCTCCCGCCTTM	SP4_HUMAN.H11MO.0.A	2	0.0171516	13.1896	0.473593	13	AGCTCCCGCCTTC	CCCGGCCCCGCCCCCTTCCC	-
262-AGCTCCCGCCTTM	TBX15_HUMAN.H11MO.0.D	-2	0.0172647	13.2766	0.473593	11	AGCTCCCGCCTTC	CCCCCACCCCCCCCCCCCC	-
263-AGGCGGAGCGGA	SP1_HUMAN.H11MO.1.A	3	0.00090489	0.695861	0.265782	11	AGGCGGAGCGGA	GGGGGGCGGGGCCG	+
263-AGGCGGAGCGGA	ZN770_HUMAN.H11MO.1.C	3	0.000951502	0.731705	0.265782	8	AGGCGGAGCGGA	GGGAGGCTGAG	+
263-AGGCGGAGCGGA	ZN708_HUMAN.H11MO.1.D	0	0.00101502	0.780551	0.265782	9	AGGCGGAGCGGA	AGGTACAGC	+
263-AGGCGGAGCGGA	ZN770_HUMAN.H11MO.0.C	3	0.00108271	0.832607	0.265782	12	AGGCGGAGCGGA	GGGAGGCTGAGGCGGGAGGATC	+
263-AGGCGGAGCGGA	ZN281_HUMAN.H11MO.0.A	3	0.00111406	0.856712	0.265782	12	AGGCGGAGCGGA	GGGTGGGGGAGGGGA	+
263-AGGCGGAGCGGA	ZN219_HUMAN.H11MO.0.D	0	0.00117396	0.902776	0.265782	12	AGGCGGAGCGGA	GAGGGGGGCGGA	+
263-AGGCGGAGCGGA	SP4_HUMAN.H11MO.0.A	7	0.00121548	0.934702	0.265782	12	AGGCGGAGCGGA	GGGAAGGGGGCGGGGCCGGG	+
263-AGGCGGAGCGGA	KLF12_HUMAN.H11MO.0.C	2	0.00214531	1.64974	0.410465	9	AGGCGGAGCGGA	AGGGGCGGGGC	+
264-AGGRCGGGCCC	SP1_HUMAN.H11MO.1.A	2	4.55542e-05	0.0350312	0.0696361	11	AGGGCGGGCCC	GGGGGGCGGGGCCG	+
264-AGGRCGGGCCC	SP1_HUMAN.H11MO.0.A	2	0.000118022	0.0907587	0.0902065	11	AGGGCGGGCCC	GGGGGGCGGGGCCGGGGGGGGG	+
264-AGGRCGGGCCC	KLF12_HUMAN.H11MO.0.C	1	0.000193902	0.14911	0.0988021	10	AGGGCGGGCCC	AGGGGCGGGGC	+
264-AGGRCGGGCCC	PLAL1_HUMAN.H11MO.0.D	-1	0.000329588	0.253453	0.125955	10	AGGGCGGGCCC	CGGGGGGCCC	+
264-AGGRCGGGCCC	KLF1_HUMAN.H11MO.0.A	0	0.000689446	0.530184	0.180447	11	AGGGCGGGCCC	GGGGCGGGGCCGGG	+
264-AGGRCGGGCCC	SP2_HUMAN.H11MO.0.A	6	0.000708262	0.544653	0.180447	11	AGGGCGGGCCC	GGGGGGGGGGCGGGGCCGGGGG	+
264-AGGRCGGGCCC	KLF9_HUMAN.H11MO.0.C	4	0.000933289	0.7177	0.203809	11	AGGGCGGGCCC	GGAGGGGGCGTGGCC	+
264-AGGRCGGGCCC	KLF3_HUMAN.H11MO.0.B	5	0.00117438	0.903099	0.219619	11	AGGGCGGGCCC	GGGGAGGGGCGGGGCCGGG	+
264-AGGRCGGGCCC	SP2_HUMAN.H11MO.1.B	2	0.00129634	0.996885	0.219619	10	AGGGCGGGCCC	AGGGGGCGGGGC	+
264-AGGRCGGGCCC	KLF4_HUMAN.H11MO.0.A	0	0.00143669	1.10482	0.219619	10	AGGGCGGGCCC	AGGGTGTGGC	+
264-AGGRCGGGCCC	MAZ_HUMAN.H11MO.1.A	1	0.00193221	1.48587	0.268515	10	AGGGCGGGCCC	GAGGGAGGGGG	+
264-AGGRCGGGCCC	SP3_HUMAN.H11MO.0.B	5	0.00255959	1.96832	0.295502	11	AGGGCGGGCCC	GGGGGGGGGCGGGGCCGGGG	+
264-AGGRCGGGCCC	SP4_HUMAN.H11MO.1.A	4	0.00267502	2.05709	0.295502	11	AGGGCGGGCCC	GGAGGGGGCGGGGCCG	+
264-AGGRCGGGCCC	E2F4_HUMAN.H11MO.0.A	1	0.00295826	2.2749	0.301475	11	AGGGCGGGCCC	GGGGGCGGGAAAT	+
264-AGGRCGGGCCC	KLF5_HUMAN.H11MO.0.A	0	0.00329471	2.53363	0.314778	11	AGGGCGGGCCC	AGGGTGGGGCTGGG	+
264-AGGRCGGGCCC	ZN449_HUMAN.H11MO.0.C	0	0.00535357	4.11689	0.425742	11	AGGGCGGGCCC	TGGTTGGGCTT	+
264-AGGRCGGGCCC	SP4_HUMAN.H11MO.0.A	6	0.00576756	4.43525	0.425742	11	AGGGCGGGCCC	GGGAAGGGGGCGGGGCCGGG	+
264-AGGRCGGGCCC	ZBT14_HUMAN.H11MO.0.C	-3	0.00579005	4.45255	0.425742	8	AGGGCGGGCCC	GCGCGCTCC	-
264-AGGRCGGGCCC	SALL4_HUMAN.H11MO.0.B	2	0.00584871	4.49766	0.425742	8	AGGGCGGGCCC	GGAGGGTGGG	+
264-AGGRCGGGCCC	KLF6_HUMAN.H11MO.0.A	3	0.00614601	4.72628	0.427048	11	AGGGCGGGCCC	GGAAGGGCGGGGCCGGGGG	+
269-ATTGGCTCTCVCG	NFIA_HUMAN.H11MO.1.D	0	0.00044603	0.342997	0.481514	7	ATTGGCTCTCCCG	CTTGGCA	+
269-ATTGGCTCTCVCG	CEBPZ_HUMAN.H11MO.0.D	4	0.000626284	0.481612	0.481514	7	ATTGGCTCTCCCG	GCTGATTGGCT	+
270-CAATCAGCGT	NFYB_HUMAN.H11MO.0.A	4	0.000126727	0.0974527	0.154772	9	CAATCAGCGT	CAGCCAATCAGAG	+
270-CAATCAGCGT	CEBPZ_HUMAN.H11MO.0.D	3	0.000215781	0.165936	0.154772	8	CAATCAGCGT	AGCCAATCAGC	-
270-CAATCAGCGT	NFYC_HUMAN.H11MO.0.A	5	0.000404535	0.311087	0.154772	9	CAATCAGCGT	CTAGCCAATCAGAG	+
270-CAATCAGCGT	NFYA_HUMAN.H11MO.0.A	5	0.000493232	0.379296	0.154772	9	CAATCAGCGT	TCAGCCAATCAGAA	+
270-CAATCAGCGT	FOXI1_HUMAN.H11MO.0.B	3	0.00050425	0.387768	0.154772	9	CAATCAGCGT	GACCAATCAGAG	-
270-CAATCAGCGT	LHX6_HUMAN.H11MO.0.D	1	0.00103885	0.798877	0.265716	9	CAATCAGCGT	GTAATCAGAG	-
270-CAATCAGCGT	PBX3_HUMAN.H11MO.1.A	3	0.00157463	1.21089	0.345221	6	CAATCAGCGT	TGCCAATCA	-
270-CAATCAGCGT	GFI1_HUMAN.H11MO.0.C	0	0.00180216	1.38586	0.345715	10	CAATCAGCGT	AAATCACAGC	-
271-CACTGACGGCAC	CREM_HUMAN.H11MO.0.C	0	4.21325e-05	0.0323999	0.064575	11	CACTGACGGCAC	CACTGACGTCA	+
271-CACTGACGGCAC	ATF2_HUMAN.H11MO.2.C	-2	0.00045387	0.349026	0.294536	10	CACTGACGGCAC	GTGACGTCATC	-
271-CACTGACGGCAC	ATF1_HUMAN.H11MO.0.B	0	0.000920768	0.708071	0.294536	11	CACTGACGGCAC	CGGTGACGTCA	+
271-CACTGACGGCAC	ATF2_HUMAN.H11MO.0.B	-1	0.00103307	0.794433	0.294536	11	CACTGACGGCAC	GATGACGTCAT	+
271-CACTGACGGCAC	CREB1_HUMAN.H11MO.0.A	0	0.00129734	0.997652	0.294536	11	CACTGACGGCAC	CGATGACGTCA	+
271-CACTGACGGCAC	JDP2_HUMAN.H11MO.0.D	0	0.00134521	1.03447	0.294536	12	CACTGACGGCAC	TGATGACGTCAT	+
271-CACTGACGGCAC	ATF7_HUMAN.H11MO.0.D	-2	0.00252116	1.93877	0.386409	10	CACTGACGGCAC	ATGACGTCATC	-
271-CACTGACGGCAC	CREB5_HUMAN.H11MO.0.D	-2	0.00329819	2.53631	0.459547	10	CACTGACGGCAC	ATGACGTCATC	-
273-CCCCCGGCTCC	ZN320_HUMAN.H11MO.0.C	6	4.2695e-05	0.0328325	0.06456	11	CCCCCGGCTCC	CACTGGCCCCCTGGTCCCAC	-
273-CCCCCGGCTCC	SP1_HUMAN.H11MO.0.A	4	0.000142525	0.109601	0.107757	11	CCCCCGGCTCC	CCCCCCCCCGGCCCCGCCCCCC	-
273-CCCCCGGCTCC	KLF15_HUMAN.H11MO.0.A	3	0.000238029	0.183044	0.119976	11	CCCCCGGCTCC	CCCCCCCCTGCTCCTCCCC	-
273-CCCCCGGCTCC	ZIC4_HUMAN.H11MO.0.D	2	0.00042996	0.330639	0.138924	11	CCCCCGGCTCC	GACCCCCCGCTGTGC	-
273-CCCCCGGCTCC	SP2_HUMAN.H11MO.1.B	0	0.000459367	0.353254	0.138924	11	CCCCCGGCTCC	GCCCCGCCCCCT	-
273-CCCCCGGCTCC	ZN770_HUMAN.H11MO.0.C	10	0.00079122	0.608448	0.162593	11	CCCCCGGCTCC	GATCCTCCCGCCTCAGCCTCCC	-
273-CCCCCGGCTCC	SP1_HUMAN.H11MO.1.A	2	0.000866746	0.666528	0.162593	11	CCCCCGGCTCC	CGGCCCCGCCCCCC	-
273-CCCCCGGCTCC	SP2_HUMAN.H11MO.0.A	6	0.000947273	0.728453	0.162593	11	CCCCCGGCTCC	CCCCCGGCCCCGCCCCCCCCCC	-
273-CCCCCGGCTCC	EGR4_HUMAN.H11MO.0.D	0	0.000993386	0.763914	0.162593	11	CCCCCGGCTCC	GCCCTGCCGCC	-
273-CCCCCGGCTCC	WT1_HUMAN.H11MO.0.C	2	0.00107526	0.826878	0.162593	11	CCCCCGGCTCC	CCCCCCCTCCTCCCCCGCCC	-
273-CCCCCGGCTCC	ZF64A_HUMAN.H11MO.0.D	5	0.00136289	1.04806	0.18735	11	CCCCCGGCTCC	CAGGTTCCCGGGCCCC	-
273-CCCCCGGCTCC	ZN770_HUMAN.H11MO.1.C	-1	0.0016518	1.27023	0.208143	10	CCCCCGGCTCC	CTCAGCCTCCC	-
273-CCCCCGGCTCC	GLIS2_HUMAN.H11MO.0.D	2	0.00190924	1.46821	0.222077	11	CCCCCGGCTCC	GACCCCCCGCGAAG	-
273-CCCCCGGCTCC	MBD2_HUMAN.H11MO.0.B	0	0.00242753	1.86677	0.256587	11	CCCCCGGCTCC	CCTCCGGCCCC	-
273-CCCCCGGCTCC	ZN281_HUMAN.H11MO.0.A	0	0.0025453	1.95734	0.256587	11	CCCCCGGCTCC	TCCCCTCCCCCACCC	-
273-CCCCCGGCTCC	ZN263_HUMAN.H11MO.0.A	5	0.00283163	2.17752	0.26761	11	CCCCCGGCTCC	CTCCTCCTCTCCCTCCTCCC	-
273-CCCCCGGCTCC	MECP2_HUMAN.H11MO.0.C	-1	0.00345507	2.65695	0.306869	7	CCCCCGGCTCC	CTCCGGG	-
273-CCCCCGGCTCC	AP2B_HUMAN.H11MO.0.B	2	0.00365291	2.80908	0.306869	8	CCCCCGGCTCC	GCCCCCGGGC	-
273-CCCCCGGCTCC	SP4_HUMAN.H11MO.1.A	2	0.00503078	3.86867	0.329773	11	CCCCCGGCTCC	CGGCCCCGCCCCCTCC	-
273-CCCCCGGCTCC	EGR2_HUMAN.H11MO.0.A	2	0.00520852	4.00535	0.329773	11	CCCCCGGCTCC	CCCCTCCCACACCCCCCC	-
273-CCCCCGGCTCC	KLF12_HUMAN.H11MO.0.C	0	0.0053809	4.13791	0.329773	11	CCCCCGGCTCC	GCCCCGCCCCT	-
273-CCCCCGGCTCC	KLF16_HUMAN.H11MO.0.D	2	0.00577307	4.43949	0.329773	11	CCCCCGGCTCC	CCCCCCCCCCCCCGCCCCC	-
273-CCCCCGGCTCC	GLIS3_HUMAN.H11MO.0.D	2	0.0062659	4.81848	0.329773	8	CCCCCGGCTCC	TACCCCCCAC	-
273-CCCCCGGCTCC	MAZ_HUMAN.H11MO.1.A	0	0.00627929	4.82878	0.329773	11	CCCCCGGCTCC	CCCCCTCCCTC	-
273-CCCCCGGCTCC	SP4_HUMAN.H11MO.0.A	4	0.0063373	4.87338	0.329773	11	CCCCCGGCTCC	CCCGGCCCCGCCCCCTTCCC	-
273-CCCCCGGCTCC	E2F4_HUMAN.H11MO.0.A	2	0.00643189	4.94613	0.329773	11	CCCCCGGCTCC	ATTTCCCGCCCCC	-
273-CCCCCGGCTCC	GLIS1_HUMAN.H11MO.0.D	3	0.00643189	4.94613	0.329773	10	CCCCCGGCTCC	AGACCCCCCACGA	-
273-CCCCCGGCTCC	SP3_HUMAN.H11MO.0.B	5	0.00667632	5.13409	0.329773	11	CCCCCGGCTCC	CCCCGGCCCCGCCCCCCCCC	-
273-CCCCCGGCTCC	KLF6_HUMAN.H11MO.0.A	0	0.00674844	5.18955	0.329773	11	CCCCCGGCTCC	CCCCCGGCCCCGCCCTTCC	-
273-CCCCCGGCTCC	MAZ_HUMAN.H11MO.0.A	8	0.00708564	5.44886	0.329773	11	CCCCCGGCTCC	CCCCCCCCCCCCCCCCTCCCCC	-
273-CCCCCGGCTCC	ZN467_HUMAN.H11MO.0.C	9	0.00708564	5.44886	0.329773	11	CCCCCGGCTCC	CCCCCCCCCCCCTCCCCTCCCC	-
273-CCCCCGGCTCC	AP2D_HUMAN.H11MO.0.D	5	0.00712386	5.47825	0.329773	9	CCCCCGGCTCC	ACGCGCCTCGGGCG	-
273-CCCCCGGCTCC	OSR2_HUMAN.H11MO.0.C	0	0.00758502	5.83288	0.329773	11	CCCCCGGCTCC	GCTGCTGCTTCTGCTG	+
273-CCCCCGGCTCC	KLF8_HUMAN.H11MO.0.C	2	0.00779298	5.9928	0.329773	7	CCCCCGGCTCC	CACCCCCTG	-
273-CCCCCGGCTCC	ZN148_HUMAN.H11MO.0.D	5	0.00802346	6.17004	0.329773	10	CCCCCGGCTCC	CCCCTCCCCCACCCC	-
273-CCCCCGGCTCC	AP2C_HUMAN.H11MO.0.A	3	0.00827938	6.36684	0.329773	11	CCCCCGGCTCC	TGGCCTCAGGGCAT	-
273-CCCCCGGCTCC	TBX15_HUMAN.H11MO.0.D	6	0.00828727	6.37291	0.329773	11	CCCCCGGCTCC	CCCCCACCCCCCCCCCCCC	-
273-CCCCCGGCTCC	VEZF1_HUMAN.H11MO.0.C	2	0.00917712	7.0572	0.341964	11	CCCCCGGCTCC	CCCCTCCCCCTCCCCCCTCCCC	-
273-CCCCCGGCTCC	EGR2_HUMAN.H11MO.1.A	3	0.00927208	7.13023	0.341964	11	CCCCCGGCTCC	CCCCCGCCCACGCCCC	-
273-CCCCCGGCTCC	PLAL1_HUMAN.H11MO.0.D	3	0.0100064	7.69492	0.354861	7	CCCCCGGCTCC	GGGCCCCCCG	-
273-CCCCCGGCTCC	TFDP1_HUMAN.H11MO.0.C	2	0.0100911	7.76008	0.354861	11	CCCCCGGCTCC	TTTTCCCGCCCCCC	-
273-CCCCCGGCTCC	EGR1_HUMAN.H11MO.0.A	6	0.0105191	8.08921	0.355445	11	CCCCCGGCTCC	CCCCCGCCCACGCCCTC	-
273-CCCCCGGCTCC	TBX1_HUMAN.H11MO.0.D	3	0.0105779	8.13439	0.355445	11	CCCCCGGCTCC	CCGCCCACCCCTGCCCACCC	-
273-CCCCCGGCTCC	ZN219_HUMAN.H11MO.0.D	2	0.0111148	8.54729	0.365047	10	CCCCCGGCTCC	TCCGCCCCCCTC	-
273-CCCCCGGCTCC	ZIC3_HUMAN.H11MO.0.B	2	0.0113465	8.72543	0.365047	11	CCCCCGGCTCC	GGCCCCCTGCTGTGA	+
273-CCCCCGGCTCC	TAF1_HUMAN.H11MO.0.A	0	0.0118684	9.12684	0.373886	11	CCCCCGGCTCC	CCGCCGCCGCCATCTT	-
273-CCCCCGGCTCC	PATZ1_HUMAN.H11MO.0.C	6	0.0124352	9.56267	0.383746	11	CCCCCGGCTCC	CCTCCCCCCCCGCCCCCTCCCC	-
273-CCCCCGGCTCC	ZBTB6_HUMAN.H11MO.0.C	-4	0.0141274	10.864	0.427247	7	CCCCCGGCTCC	CGGCTCCAGCACC	-
273-CCCCCGGCTCC	XBP1_HUMAN.H11MO.0.D	0	0.0146065	11.2324	0.433073	11	CCCCCGGCTCC	GCCACGTCAGC	-
273-CCCCCGGCTCC	ZIC2_HUMAN.H11MO.0.D	2	0.0151616	11.6593	0.434828	11	CCCCCGGCTCC	GGCCCCCTGCTGTGA	+
273-CCCCCGGCTCC	MTF1_HUMAN.H11MO.0.C	6	0.0155483	11.9567	0.434828	11	CCCCCGGCTCC	GTTTTGCACACGGCACT	-
273-CCCCCGGCTCC	ZSC31_HUMAN.H11MO.0.C	6	0.0157695	12.1267	0.434828	11	CCCCCGGCTCC	CATAACTGCCCTGCTGCC	-
273-CCCCCGGCTCC	ZBT17_HUMAN.H11MO.0.A	8	0.0158159	12.1624	0.434828	11	CCCCCGGCTCC	CTTCCCCTCCCCCACCCTC	-
273-CCCCCGGCTCC	KLF3_HUMAN.H11MO.0.B	8	0.0182752	14.0536	0.49347	11	CCCCCGGCTCC	CCCGGCCCCGCCCCTCCCC	-
274-CCCGAGCYGCGCY	ZN331_HUMAN.H11MO.0.C	2	0.000263591	0.202701	0.405402	13	CCCGAGCTGCGCC	CCACCCAGCTGAGCCCAGCC	-
275-CCCGCCCCGCCTBCT	SP2_HUMAN.H11MO.1.B	-3	3.05921e-06	0.00235253	0.00228576	12	CCCGCCCCGCCTGCT	GCCCCGCCCCCT	-
275-CCCGCCCCGCCTBCT	SP1_HUMAN.H11MO.0.A	7	3.07878e-06	0.00236758	0.00228576	15	CCCGCCCCGCCTGCT	CCCCCCCCCGGCCCCGCCCCCC	-
275-CCCGCCCCGCCTBCT	SP1_HUMAN.H11MO.1.A	-1	1.22686e-05	0.00943454	0.00607233	14	CCCGCCCCGCCTGCT	CGGCCCCGCCCCCC	-
275-CCCGCCCCGCCTBCT	SP2_HUMAN.H11MO.0.A	3	2.17888e-05	0.0167556	0.00634846	15	CCCGCCCCGCCTGCT	CCCCCGGCCCCGCCCCCCCCCC	-
275-CCCGCCCCGCCTBCT	SP3_HUMAN.H11MO.0.B	2	2.83128e-05	0.0217726	0.00634846	15	CCCGCCCCGCCTGCT	CCCCGGCCCCGCCCCCCCCC	-
275-CCCGCCCCGCCTBCT	KLF12_HUMAN.H11MO.0.C	-3	3.36667e-05	0.0258897	0.00634846	11	CCCGCCCCGCCTGCT	GCCCCGCCCCT	-
275-CCCGCCCCGCCTBCT	SP4_HUMAN.H11MO.1.A	-1	3.41227e-05	0.0262404	0.00634846	14	CCCGCCCCGCCTGCT	CGGCCCCGCCCCCTCC	-
275-CCCGCCCCGCCTBCT	SP4_HUMAN.H11MO.0.A	1	3.4204e-05	0.0263029	0.00634846	15	CCCGCCCCGCCTGCT	CCCGGCCCCGCCCCCTTCCC	-
275-CCCGCCCCGCCTBCT	ZN148_HUMAN.H11MO.0.D	1	4.15001e-05	0.0319136	0.00652873	14	CCCGCCCCGCCTGCT	CCCCTCCCCCACCCC	-
275-CCCGCCCCGCCTBCT	KLF16_HUMAN.H11MO.0.D	5	4.54776e-05	0.0349723	0.00652873	14	CCCGCCCCGCCTGCT	CCCCCCCCCCCCCGCCCCC	-
275-CCCGCCCCGCCTBCT	KLF3_HUMAN.H11MO.0.B	1	4.83659e-05	0.0371934	0.00652873	15	CCCGCCCCGCCTGCT	CCCGGCCCCGCCCCTCCCC	-
275-CCCGCCCCGCCTBCT	WT1_HUMAN.H11MO.0.C	2	0.000102731	0.0790004	0.0112564	15	CCCGCCCCGCCTGCT	CCCCCCCTCCTCCCCCGCCC	-
275-CCCGCCCCGCCTBCT	EGR4_HUMAN.H11MO.0.D	-3	0.000109221	0.0839907	0.0112564	11	CCCGCCCCGCCTGCT	GCCCTGCCGCC	-
275-CCCGCCCCGCCTBCT	TBX15_HUMAN.H11MO.0.D	2	0.000112426	0.0864556	0.0112564	15	CCCGCCCCGCCTGCT	CCCCCACCCCCCCCCCCCC	-
275-CCCGCCCCGCCTBCT	ZN740_HUMAN.H11MO.0.D	0	0.000114185	0.0878081	0.0112564	14	CCCGCCCCGCCTGCT	CCCACCCCCCCCCC	-
275-CCCGCCCCGCCTBCT	KLF1_HUMAN.H11MO.0.A	1	0.000121293	0.0932743	0.0112564	13	CCCGCCCCGCCTGCT	CCCGGCCCCGCCCC	-
275-CCCGCCCCGCCTBCT	KLF9_HUMAN.H11MO.0.C	-2	0.000146484	0.112646	0.0127945	13	CCCGCCCCGCCTGCT	GGCCACGCCCCCTCC	-
275-CCCGCCCCGCCTBCT	KLF5_HUMAN.H11MO.0.A	1	0.000195382	0.150249	0.0161174	13	CCCGCCCCGCCTGCT	CCCAGCCCCACCCT	-
275-CCCGCCCCGCCTBCT	MAZ_HUMAN.H11MO.1.A	-3	0.000310037	0.238418	0.0242293	11	CCCGCCCCGCCTGCT	CCCCCTCCCTC	-
275-CCCGCCCCGCCTBCT	KLF6_HUMAN.H11MO.0.A	3	0.000354052	0.272266	0.0258822	15	CCCGCCCCGCCTGCT	CCCCCGGCCCCGCCCTTCC	-
275-CCCGCCCCGCCTBCT	ZN219_HUMAN.H11MO.0.D	0	0.000366048	0.281491	0.0258822	12	CCCGCCCCGCCTGCT	TCCGCCCCCCTC	-
275-CCCGCCCCGCCTBCT	TFDP1_HUMAN.H11MO.0.C	-1	0.000391208	0.300839	0.0263226	14	CCCGCCCCGCCTGCT	TTTTCCCGCCCCCC	-
275-CCCGCCCCGCCTBCT	ZN281_HUMAN.H11MO.0.A	2	0.000407732	0.313546	0.0263226	13	CCCGCCCCGCCTGCT	TCCCCTCCCCCACCC	-
275-CCCGCCCCGCCTBCT	E2F4_HUMAN.H11MO.0.A	-1	0.000480653	0.369622	0.0292907	13	CCCGCCCCGCCTGCT	ATTTCCCGCCCCC	-
275-CCCGCCCCGCCTBCT	KLF15_HUMAN.H11MO.0.A	0	0.000493159	0.37924	0.0292907	15	CCCGCCCCGCCTGCT	CCCCCCCCTGCTCCTCCCC	-
275-CCCGCCCCGCCTBCT	E2F1_HUMAN.H11MO.0.A	-1	0.000548521	0.421813	0.0294976	14	CCCGCCCCGCCTGCT	CTTTCCCGCCCCCC	-
275-CCCGCCCCGCCTBCT	TAF1_HUMAN.H11MO.0.A	0	0.000553731	0.425819	0.0294976	15	CCCGCCCCGCCTGCT	CCGCCGCCGCCATCTT	-
275-CCCGCCCCGCCTBCT	KLF4_HUMAN.H11MO.0.A	-3	0.00055624	0.427748	0.0294976	10	CCCGCCCCGCCTGCT	GCCACACCCT	-
275-CCCGCCCCGCCTBCT	EGR2_HUMAN.H11MO.0.A	2	0.000760304	0.584674	0.037654	15	CCCGCCCCGCCTGCT	CCCCTCCCACACCCCCCC	-
275-CCCGCCCCGCCTBCT	E2F7_HUMAN.H11MO.0.B	0	0.000760765	0.585029	0.037654	13	CCCGCCCCGCCTGCT	CCTTTCCCGCCCC	-
275-CCCGCCCCGCCTBCT	TBX1_HUMAN.H11MO.0.D	0	0.00082797	0.636709	0.0396584	15	CCCGCCCCGCCTGCT	CCGCCCACCCCTGCCCACCC	-
275-CCCGCCCCGCCTBCT	CTCFL_HUMAN.H11MO.0.A	-1	0.00112569	0.865652	0.0522335	14	CCCGCCCCGCCTGCT	CGGCGCCCCCTGGCGGC	-
275-CCCGCCCCGCCTBCT	E2F6_HUMAN.H11MO.0.A	0	0.00125746	0.966986	0.0558489	13	CCCGCCCCGCCTGCT	CCCTTCCCGCCCC	-
275-CCCGCCCCGCCTBCT	EGR1_HUMAN.H11MO.0.A	3	0.00131544	1.01157	0.0558489	14	CCCGCCCCGCCTGCT	CCCCCGCCCACGCCCTC	-
275-CCCGCCCCGCCTBCT	PATZ1_HUMAN.H11MO.0.C	3	0.00135658	1.04321	0.0558489	15	CCCGCCCCGCCTGCT	CCTCCCCCCCCGCCCCCTCCCC	-
275-CCCGCCCCGCCTBCT	ZN770_HUMAN.H11MO.0.C	7	0.00135658	1.04321	0.0558489	15	CCCGCCCCGCCTGCT	GATCCTCCCGCCTCAGCCTCCC	-
275-CCCGCCCCGCCTBCT	SALL4_HUMAN.H11MO.0.B	0	0.00142845	1.09847	0.0558489	10	CCCGCCCCGCCTGCT	CCCACCCTCC	-
275-CCCGCCCCGCCTBCT	MAZ_HUMAN.H11MO.0.A	5	0.00142928	1.09911	0.0558489	15	CCCGCCCCGCCTGCT	CCCCCCCCCCCCCCCCTCCCCC	-
275-CCCGCCCCGCCTBCT	PROX1_HUMAN.H11MO.0.D	0	0.00197984	1.52249	0.0753784	15	CCCGCCCCGCCTGCT	CCCAACCCGCCTTACCC	-
275-CCCGCCCCGCCTBCT	KLF14_HUMAN.H11MO.0.D	2	0.00204848	1.57528	0.0760419	11	CCCGCCCCGCCTGCT	GCCACGCCCCCCT	-
275-CCCGCCCCGCCTBCT	ZN263_HUMAN.H11MO.0.A	2	0.00233587	1.79628	0.0834184	15	CCCGCCCCGCCTGCT	CTCCTCCTCTCCCTCCTCCC	-
275-CCCGCCCCGCCTBCT	KLF13_HUMAN.H11MO.0.D	0	0.00235955	1.81449	0.0834184	11	CCCGCCCCGCCTGCT	CACGCCCCCCT	-
275-CCCGCCCCGCCTBCT	XBP1_HUMAN.H11MO.0.D	-3	0.00263896	2.02936	0.0911269	11	CCCGCCCCGCCTGCT	GCCACGTCAGC	-
275-CCCGCCCCGCCTBCT	ZN449_HUMAN.H11MO.0.C	-1	0.00311667	2.39672	0.105177	11	CCCGCCCCGCCTGCT	AAGCCCAACCA	-
275-CCCGCCCCGCCTBCT	E2F3_HUMAN.H11MO.0.A	3	0.00367432	2.82555	0.119972	8	CCCGCCCCGCCTGCT	TTTCCCGCCCT	-
275-CCCGCCCCGCCTBCT	EGR2_HUMAN.H11MO.1.A	3	0.00371669	2.85814	0.119972	13	CCCGCCCCGCCTGCT	CCCCCGCCCACGCCCC	-
275-CCCGCCCCGCCTBCT	ZN770_HUMAN.H11MO.1.C	-4	0.00388004	2.98375	0.12258	11	CCCGCCCCGCCTGCT	CTCAGCCTCCC	-
275-CCCGCCCCGCCTBCT	ZBT17_HUMAN.H11MO.0.A	-1	0.00408858	3.14412	0.125088	14	CCCGCCCCGCCTGCT	CTTCCCCTCCCCCACCCTC	-
275-CCCGCCCCGCCTBCT	VEZF1_HUMAN.H11MO.0.C	2	0.00412792	3.17437	0.125088	15	CCCGCCCCGCCTGCT	CCCCTCCCCCTCCCCCCTCCCC	-
275-CCCGCCCCGCCTBCT	ZN341_HUMAN.H11MO.0.C	6	0.0047769	3.67344	0.141859	15	CCCGCCCCGCCTGCT	GCTCTTCCCTCCCCCCCCCCCC	-
275-CCCGCCCCGCCTBCT	ZN329_HUMAN.H11MO.0.C	6	0.00488622	3.7575	0.142261	14	CCCGCCCCGCCTGCT	CTGGATCCAGCCATGCCTGA	+
275-CCCGCCCCGCCTBCT	ZBTB4_HUMAN.H11MO.0.D	-5	0.0055372	4.25811	0.157739	10	CCCGCCCCGCCTGCT	CCCACCTGCCATCTAGG	-
275-CCCGCCCCGCCTBCT	VEZF1_HUMAN.H11MO.1.C	-3	0.00563033	4.32972	0.157739	12	CCCGCCCCGCCTGCT	CCCCCTCCCCCT	-
275-CCCGCCCCGCCTBCT	ZN467_HUMAN.H11MO.0.C	6	0.00579136	4.45356	0.159246	15	CCCGCCCCGCCTGCT	CCCCCCCCCCCCTCCCCTCCCC	-
275-CCCGCCCCGCCTBCT	ARNT2_HUMAN.H11MO.0.D	1	0.00623597	4.79546	0.165783	11	CCCGCCCCGCCTGCT	GCCTCCCACGCC	-
275-CCCGCCCCGCCTBCT	CTCF_HUMAN.H11MO.0.A	-1	0.00628849	4.83585	0.165783	14	CCCGCCCCGCCTGCT	TGGCGCCCCCTGGTGGCCA	-
275-CCCGCCCCGCCTBCT	GLIS1_HUMAN.H11MO.0.D	3	0.00636402	4.89393	0.165783	10	CCCGCCCCGCCTGCT	AGACCCCCCACGA	-
275-CCCGCCCCGCCTBCT	FLI1_HUMAN.H11MO.0.A	0	0.00687679	5.28825	0.176051	15	CCCGCCCCGCCTGCT	TCCCTCCTTCCTTCCTCC	-
275-CCCGCCCCGCCTBCT	GCM1_HUMAN.H11MO.0.D	-1	0.00731544	5.62557	0.184107	14	CCCGCCCCGCCTGCT	AATACCCGCATGTG	-
275-CCCGCCCCGCCTBCT	AP2D_HUMAN.H11MO.0.D	1	0.00767367	5.90105	0.189904	13	CCCGCCCCGCCTGCT	ACGCGCCTCGGGCG	-
275-CCCGCCCCGCCTBCT	GLIS2_HUMAN.H11MO.0.D	0	0.00804819	6.18906	0.195907	14	CCCGCCCCGCCTGCT	GACCCCCCGCGAAG	-
275-CCCGCCCCGCCTBCT	ZSC31_HUMAN.H11MO.0.C	4	0.00828297	6.36961	0.19837	14	CCCGCCCCGCCTGCT	CATAACTGCCCTGCTGCC	-
275-CCCGCCCCGCCTBCT	Z324A_HUMAN.H11MO.0.C	7	0.00884552	6.80221	0.200204	15	CCCGCCCCGCCTGCT	TATCAAACCATCCTTTGCTGCCA	+
275-CCCGCCCCGCCTBCT	ZBT7A_HUMAN.H11MO.0.A	-1	0.00892616	6.86421	0.200204	9	CCCGCCCCGCCTGCT	GAGACCCCC	-
275-CCCGCCCCGCCTBCT	PATZ1_HUMAN.H11MO.1.C	1	0.00892616	6.86421	0.200204	8	CCCGCCCCGCCTGCT	CCCCTCCCT	-
275-CCCGCCCCGCCTBCT	ZIC1_HUMAN.H11MO.0.B	1	0.00892616	6.86421	0.200204	8	CCCGCCCCGCCTGCT	GACCACCCC	-
275-CCCGCCCCGCCTBCT	GCM2_HUMAN.H11MO.0.D	-2	0.00903371	6.94692	0.200204	11	CCCGCCCCGCCTGCT	ATACCCGCATC	-
275-CCCGCCCCGCCTBCT	ZN816_HUMAN.H11MO.0.C	5	0.00919526	7.07115	0.200788	15	CCCGCCCCGCCTGCT	CCCTGCATGTCCCCCTTTTTT	-
275-CCCGCCCCGCCTBCT	ZSC22_HUMAN.H11MO.0.C	0	0.0100184	7.70415	0.215591	15	CCCGCCCCGCCTGCT	CCTCCTCCCTCAGACC	-
275-CCCGCCCCGCCTBCT	PURA_HUMAN.H11MO.0.D	0	0.0116123	8.92985	0.246321	15	CCCGCCCCGCCTGCT	CCCTGCCCCCCCCTTCC	-
275-CCCGCCCCGCCTBCT	PLAL1_HUMAN.H11MO.0.D	-1	0.0129637	9.96911	0.271115	10	CCCGCCCCGCCTGCT	GGGCCCCCCG	-
275-CCCGCCCCGCCTBCT	MESP1_HUMAN.H11MO.0.D	-3	0.0149384	11.4877	0.308074	11	CCCGCCCCGCCTGCT	TCCACACCTGC	-
275-CCCGCCCCGCCTBCT	IRX2_HUMAN.H11MO.0.D	4	0.0156839	12.0609	0.319016	15	CCCGCCCCGCCTGCT	CCAACATGCCCACCCATGT	-
275-CCCGCCCCGCCTBCT	OSR2_HUMAN.H11MO.0.C	-3	0.0187249	14.3994	0.374311	12	CCCGCCCCGCCTGCT	GCTGCTGCTTCTGCTG	+
275-CCCGCCCCGCCTBCT	CENPB_HUMAN.H11MO.0.D	-3	0.0189065	14.5391	0.374311	12	CCCGCCCCGCCTGCT	AACCCGCATCGTACGAA	-
275-CCCGCCCCGCCTBCT	ZFX_HUMAN.H11MO.1.A	2	0.0197456	15.1843	0.376715	15	CCCGCCCCGCCTGCT	CCCCGGCCTCCGCCCCC	-
275-CCCGCCCCGCCTBCT	ASCL2_HUMAN.H11MO.0.D	-6	0.020252	15.5738	0.376715	9	CCCGCCCCGCCTGCT	CCAGCTGCT	+
275-CCCGCCCCGCCTBCT	ZBT14_HUMAN.H11MO.0.C	1	0.020252	15.5738	0.376715	8	CCCGCCCCGCCTGCT	GCGCGCTCC	-
275-CCCGCCCCGCCTBCT	ZIC4_HUMAN.H11MO.0.D	0	0.0203879	15.6783	0.376715	15	CCCGCCCCGCCTGCT	GACCCCCCGCTGTGC	-
275-CCCGCCCCGCCTBCT	GLIS3_HUMAN.H11MO.0.D	0	0.0205502	15.8031	0.376715	10	CCCGCCCCGCCTGCT	TACCCCCCAC	-
275-CCCGCCCCGCCTBCT	ZIC3_HUMAN.H11MO.0.B	-4	0.0212964	16.3769	0.385633	11	CCCGCCCCGCCTGCT	GGCCCCCTGCTGTGA	+
275-CCCGCCCCGCCTBCT	SRBP2_HUMAN.H11MO.0.B	1	0.0218524	16.8045	0.390933	12	CCCGCCCCGCCTGCT	CCTCACCCCACCC	-
275-CCCGCCCCGCCTBCT	ZN708_HUMAN.H11MO.0.C	-3	0.0239952	18.4523	0.421024	12	CCCGCCCCGCCTGCT	GCTGTACCTGCTTATTAGGC	-
275-CCCGCCCCGCCTBCT	ETV5_HUMAN.H11MO.0.C	-2	0.0241015	18.534	0.421024	13	CCCGCCCCGCCTGCT	CTCACTTCCTGCTC	-
275-CCCGCCCCGCCTBCT	PRDM4_HUMAN.H11MO.0.D	3	0.0253217	19.4724	0.437197	13	CCCGCCCCGCCTGCT	TTTCAAGGCCCCCCAC	-
275-CCCGCCCCGCCTBCT	SPIC_HUMAN.H11MO.0.D	-1	0.0261502	20.1095	0.443522	13	CCCGCCCCGCCTGCT	CCTCCCCTTCCTC	-
275-CCCGCCCCGCCTBCT	PTF1A_HUMAN.H11MO.1.B	-6	0.0262855	20.2135	0.443522	9	CCCGCCCCGCCTGCT	CCAGCTGCT	-
275-CCCGCCCCGCCTBCT	ZNF76_HUMAN.H11MO.0.C	5	0.0269833	20.7502	0.450182	15	CCCGCCCCGCCTGCT	ACTACAATTCCCAGAATGCCCC	-
275-CCCGCCCCGCCTBCT	ITF2_HUMAN.H11MO.0.C	-5	0.0276642	21.2738	0.456412	10	CCCGCCCCGCCTGCT	CCCAGCTGCC	-
275-CCCGCCCCGCCTBCT	PLAG1_HUMAN.H11MO.0.D	-4	0.02899	22.2933	0.464648	11	CCCGCCCCGCCTGCT	CCCCTCCTGATGCCCCC	-
275-CCCGCCCCGCCTBCT	ZFX_HUMAN.H11MO.0.A	-4	0.0290469	22.3371	0.464648	10	CCCGCCCCGCCTGCT	CGGGGCCTGG	-
275-CCCGCCCCGCCTBCT	ZN708_HUMAN.H11MO.1.D	-3	0.029124	22.3964	0.464648	9	CCCGCCCCGCCTGCT	GCTGTACCT	-
275-CCCGCCCCGCCTBCT	SNAI1_HUMAN.H11MO.0.C	-6	0.0294151	22.6202	0.464648	8	CCCGCCCCGCCTGCT	CCACCTGG	-
275-CCCGCCCCGCCTBCT	THAP1_HUMAN.H11MO.0.C	1	0.03196	24.5773	0.494979	15	CCCGCCCCGCCTGCT	CGCCGCCATCTTGGCTGCGGGC	+
275-CCCGCCCCGCCTBCT	NR0B1_HUMAN.H11MO.0.D	0	0.0320019	24.6095	0.494979	10	CCCGCCCCGCCTGCT	TCTCCCACGC	-
277-CCCTCCTCCGCC	KLF15_HUMAN.H11MO.0.A	5	3.05309e-05	0.0234783	0.0281458	12	CCCTCCTCCGCC	CCCCCCCCTGCTCCTCCCC	-
277-CCCTCCTCCGCC	WT1_HUMAN.H11MO.0.C	1	4.48264e-05	0.0344715	0.0281458	12	CCCTCCTCCGCC	CCCCCCCTCCTCCCCCGCCC	-
277-CCCTCCTCCGCC	ZN770_HUMAN.H11MO.0.C	6	5.80388e-05	0.0446319	0.0281458	12	CCCTCCTCCGCC	GATCCTCCCGCCTCAGCCTCCC	-
277-CCCTCCTCCGCC	ZN281_HUMAN.H11MO.0.A	2	7.48537e-05	0.0575625	0.0281458	12	CCCTCCTCCGCC	TCCCCTCCCCCACCC	-
277-CCCTCCTCCGCC	ZN586_HUMAN.H11MO.0.C	7	0.00010591	0.0814444	0.0318584	12	CCCTCCTCCGCC	CATTTTTTCCTCCTAGGCCT	-
277-CCCTCCTCCGCC	ZN263_HUMAN.H11MO.1.A	-1	0.000143654	0.11047	0.0360102	11	CCCTCCTCCGCC	CCTCCTCCCTC	-
277-CCCTCCTCCGCC	ZN263_HUMAN.H11MO.0.A	7	0.000307864	0.236748	0.0661486	12	CCCTCCTCCGCC	CTCCTCCTCTCCCTCCTCCC	-
277-CCCTCCTCCGCC	ZSC22_HUMAN.H11MO.0.C	-1	0.000445974	0.342954	0.0789713	11	CCCTCCTCCGCC	CCTCCTCCCTCAGACC	-
277-CCCTCCTCCGCC	MAZ_HUMAN.H11MO.0.A	7	0.000472555	0.363395	0.0789713	12	CCCTCCTCCGCC	CCCCCCCCCCCCCCCCTCCCCC	-
277-CCCTCCTCCGCC	ZBT17_HUMAN.H11MO.0.A	4	0.000566208	0.435414	0.0792465	12	CCCTCCTCCGCC	CTTCCCCTCCCCCACCCTC	-
277-CCCTCCTCCGCC	SP4_HUMAN.H11MO.0.A	0	0.000708284	0.54467	0.0792465	12	CCCTCCTCCGCC	CCCGGCCCCGCCCCCTTCCC	-
277-CCCTCCTCCGCC	TAF1_HUMAN.H11MO.0.A	-1	0.000749384	0.576276	0.0792465	11	CCCTCCTCCGCC	CCGCCGCCGCCATCTT	-
277-CCCTCCTCCGCC	KLF16_HUMAN.H11MO.0.D	4	0.000757113	0.58222	0.0792465	12	CCCTCCTCCGCC	CCCCCCCCCCCCCGCCCCC	-
277-CCCTCCTCCGCC	ZN148_HUMAN.H11MO.0.D	1	0.000827316	0.636206	0.0792465	12	CCCTCCTCCGCC	CCCCTCCCCCACCCC	-
277-CCCTCCTCCGCC	TBX15_HUMAN.H11MO.0.D	6	0.00089919	0.691477	0.0792465	12	CCCTCCTCCGCC	CCCCCACCCCCCCCCCCCC	-
277-CCCTCCTCCGCC	VEZF1_HUMAN.H11MO.0.C	4	0.000956434	0.735498	0.0792465	12	CCCTCCTCCGCC	CCCCTCCCCCTCCCCCCTCCCC	-
277-CCCTCCTCCGCC	SP1_HUMAN.H11MO.0.A	6	0.001013	0.778994	0.0792465	12	CCCTCCTCCGCC	CCCCCCCCCGGCCCCGCCCCCC	-
277-CCCTCCTCCGCC	EGR4_HUMAN.H11MO.0.D	-1	0.00101658	0.781748	0.0792465	11	CCCTCCTCCGCC	GCCCTGCCGCC	-
277-CCCTCCTCCGCC	WT1_HUMAN.H11MO.1.B	-1	0.00101658	0.781748	0.0792465	11	CCCTCCTCCGCC	CCTCCTCCCAC	-
277-CCCTCCTCCGCC	ZN467_HUMAN.H11MO.0.C	8	0.00107269	0.824899	0.0792465	12	CCCTCCTCCGCC	CCCCCCCCCCCCTCCCCTCCCC	-
277-CCCTCCTCCGCC	KLF6_HUMAN.H11MO.0.A	2	0.00112789	0.867345	0.0792465	12	CCCTCCTCCGCC	CCCCCGGCCCCGCCCTTCC	-
277-CCCTCCTCCGCC	VEZF1_HUMAN.H11MO.1.C	-1	0.00115916	0.891394	0.0792465	11	CCCTCCTCCGCC	CCCCCTCCCCCT	-
277-CCCTCCTCCGCC	SP3_HUMAN.H11MO.0.B	1	0.00132634	1.01995	0.0857004	12	CCCTCCTCCGCC	CCCCGGCCCCGCCCCCCCCC	-
277-CCCTCCTCCGCC	PATZ1_HUMAN.H11MO.1.C	-2	0.00136752	1.05162	0.0857004	9	CCCTCCTCCGCC	CCCCTCCCT	-
277-CCCTCCTCCGCC	SP2_HUMAN.H11MO.0.A	2	0.00150625	1.1583	0.0906182	12	CCCTCCTCCGCC	CCCCCGGCCCCGCCCCCCCCCC	-
277-CCCTCCTCCGCC	PATZ1_HUMAN.H11MO.0.C	8	0.00159284	1.22489	0.0921421	12	CCCTCCTCCGCC	CCTCCCCCCCCGCCCCCTCCCC	-
277-CCCTCCTCCGCC	KLF3_HUMAN.H11MO.0.B	0	0.00175845	1.35225	0.0979549	12	CCCTCCTCCGCC	CCCGGCCCCGCCCCTCCCC	-
277-CCCTCCTCCGCC	E2F7_HUMAN.H11MO.0.B	-1	0.00208213	1.60116	0.111843	11	CCCTCCTCCGCC	CCTTTCCCGCCCC	-
277-CCCTCCTCCGCC	TBX1_HUMAN.H11MO.0.D	8	0.00217812	1.67498	0.112965	12	CCCTCCTCCGCC	CCGCCCACCCCTGCCCACCC	-
277-CCCTCCTCCGCC	EGR2_HUMAN.H11MO.1.A	2	0.00399444	3.07172	0.191053	12	CCCTCCTCCGCC	CCCCCGCCCACGCCCC	-
277-CCCTCCTCCGCC	EGR2_HUMAN.H11MO.0.A	1	0.00407781	3.13584	0.191053	12	CCCTCCTCCGCC	CCCCTCCCACACCCCCCC	-
277-CCCTCCTCCGCC	PLAG1_HUMAN.H11MO.0.D	1	0.00418088	3.2151	0.191053	12	CCCTCCTCCGCC	CCCCTCCTGATGCCCCC	-
277-CCCTCCTCCGCC	SP4_HUMAN.H11MO.1.A	4	0.00420404	3.23291	0.191053	12	CCCTCCTCCGCC	CGGCCCCGCCCCCTCC	-
277-CCCTCCTCCGCC	KLF1_HUMAN.H11MO.0.A	0	0.00431891	3.32124	0.191053	12	CCCTCCTCCGCC	CCCGGCCCCGCCCC	-
277-CCCTCCTCCGCC	ELK4_HUMAN.H11MO.0.A	-1	0.00460724	3.54297	0.197985	11	CCCTCCTCCGCC	CCACTTCCGGTC	-
277-CCCTCCTCCGCC	ZN341_HUMAN.H11MO.0.C	6	0.00637762	4.90439	0.26645	12	CCCTCCTCCGCC	GCTCTTCCCTCCCCCCCCCCCC	-
277-CCCTCCTCCGCC	MAZ_HUMAN.H11MO.1.A	-1	0.00686593	5.2799	0.279098	11	CCCTCCTCCGCC	CCCCCTCCCTC	-
277-CCCTCCTCCGCC	ZN436_HUMAN.H11MO.0.C	-1	0.00741803	5.70447	0.293606	11	CCCTCCTCCGCC	CCTCCTCCAGGAAGCCTTCCCTGA	-
277-CCCTCCTCCGCC	E2F4_HUMAN.H11MO.0.A	-2	0.00780799	6.00434	0.297811	10	CCCTCCTCCGCC	ATTTCCCGCCCCC	-
277-CCCTCCTCCGCC	ELF2_HUMAN.H11MO.0.C	-1	0.00819704	6.30353	0.297811	11	CCCTCCTCCGCC	CCACTTCCGGGTT	-
277-CCCTCCTCCGCC	SP1_HUMAN.H11MO.1.A	-2	0.00822426	6.32445	0.297811	10	CCCTCCTCCGCC	CGGCCCCGCCCCCC	-
277-CCCTCCTCCGCC	GABPA_HUMAN.H11MO.0.A	-1	0.00863198	6.63799	0.297811	11	CCCTCCTCCGCC	CCACTTCCGGTTCC	-
277-CCCTCCTCCGCC	E2F6_HUMAN.H11MO.0.A	-1	0.00902987	6.94397	0.297811	11	CCCTCCTCCGCC	CCCTTCCCGCCCC	-
277-CCCTCCTCCGCC	SP2_HUMAN.H11MO.1.B	-4	0.00924868	7.11223	0.297811	8	CCCTCCTCCGCC	GCCCCGCCCCCT	-
277-CCCTCCTCCGCC	ZFX_HUMAN.H11MO.1.A	5	0.00929238	7.14584	0.297811	12	CCCTCCTCCGCC	CCCCGGCCTCCGCCCCC	-
277-CCCTCCTCCGCC	ELK1_HUMAN.H11MO.0.B	-1	0.00931276	7.16151	0.297811	11	CCCTCCTCCGCC	CCACTTCCGGT	-
277-CCCTCCTCCGCC	TYY2_HUMAN.H11MO.0.D	-6	0.00931276	7.16151	0.297811	6	CCCTCCTCCGCC	GCCGCCATTTT	-
277-CCCTCCTCCGCC	KLF5_HUMAN.H11MO.0.A	0	0.00950435	7.30884	0.297811	12	CCCTCCTCCGCC	CCCAGCCCCACCCT	-
277-CCCTCCTCCGCC	ZN320_HUMAN.H11MO.0.C	8	0.00973321	7.48484	0.298758	12	CCCTCCTCCGCC	CACTGGCCCCCTGGTCCCAC	-
277-CCCTCCTCCGCC	ETS1_HUMAN.H11MO.0.A	-1	0.0104277	8.01889	0.310654	11	CCCTCCTCCGCC	CCACTTCCTGTCT	-
277-CCCTCCTCCGCC	CENPB_HUMAN.H11MO.0.D	2	0.0107404	8.25938	0.310654	12	CCCTCCTCCGCC	AACCCGCATCGTACGAA	-
277-CCCTCCTCCGCC	EGR1_HUMAN.H11MO.0.A	2	0.0107404	8.25938	0.310654	12	CCCTCCTCCGCC	CCCCCGCCCACGCCCTC	-
277-CCCTCCTCCGCC	FEV_HUMAN.H11MO.0.B	-2	0.0116822	8.98359	0.331518	10	CCCTCCTCCGCC	CGCTTCCCGC	-
277-CCCTCCTCCGCC	ZN331_HUMAN.H11MO.0.C	3	0.0124087	9.5423	0.345615	12	CCCTCCTCCGCC	CCACCCAGCTGAGCCCAGCC	-
277-CCCTCCTCCGCC	ETV1_HUMAN.H11MO.0.A	-2	0.0152597	11.7347	0.417294	10	CCCTCCTCCGCC	CACTTCCGGCC	-
277-CCCTCCTCCGCC	E2F1_HUMAN.H11MO.0.A	-2	0.0174863	13.447	0.445321	10	CCCTCCTCCGCC	CTTTCCCGCCCCCC	-
277-CCCTCCTCCGCC	TFDP1_HUMAN.H11MO.0.C	-2	0.0174863	13.447	0.445321	10	CCCTCCTCCGCC	TTTTCCCGCCCCCC	-
277-CCCTCCTCCGCC	ZN524_HUMAN.H11MO.0.D	7	0.017734	13.6374	0.445321	11	CCCTCCTCCGCC	ACTCGAACCCTCGAACCC	-
277-CCCTCCTCCGCC	ZN219_HUMAN.H11MO.0.D	-3	0.0179813	13.8276	0.445321	9	CCCTCCTCCGCC	TCCGCCCCCCTC	-
277-CCCTCCTCCGCC	COT1_HUMAN.H11MO.0.C	5	0.0188722	14.5127	0.445321	12	CCCTCCTCCGCC	CCCTGACCTCTGACCCC	-
277-CCCTCCTCCGCC	ETS2_HUMAN.H11MO.0.B	0	0.0191286	14.7099	0.445321	12	CCCTCCTCCGCC	TCCTCTTCCTTCC	-
277-CCCTCCTCCGCC	ZN770_HUMAN.H11MO.1.C	-2	0.0194037	14.9214	0.445321	10	CCCTCCTCCGCC	CTCAGCCTCCC	-
277-CCCTCCTCCGCC	ERG_HUMAN.H11MO.0.A	-1	0.0200195	15.395	0.445321	11	CCCTCCTCCGCC	CCACTTCCTGCCC	-
277-CCCTCCTCCGCC	MECP2_HUMAN.H11MO.0.C	-5	0.0200229	15.3976	0.445321	7	CCCTCCTCCGCC	CTCCGGG	-
277-CCCTCCTCCGCC	ETV5_HUMAN.H11MO.0.C	0	0.0200479	15.4168	0.445321	12	CCCTCCTCCGCC	CTCACTTCCTGCTC	-
277-CCCTCCTCCGCC	ZN341_HUMAN.H11MO.1.C	0	0.0201877	15.5243	0.445321	9	CCCTCCTCCGCC	GGCTGTTCC	-
277-CCCTCCTCCGCC	NFAT5_HUMAN.H11MO.0.D	-1	0.0203477	15.6474	0.445321	11	CCCTCCTCCGCC	CCTTTTCCTCT	-
277-CCCTCCTCCGCC	XBP1_HUMAN.H11MO.0.D	0	0.0203477	15.6474	0.445321	11	CCCTCCTCCGCC	GCCACGTCAGC	-
277-CCCTCCTCCGCC	NR0B1_HUMAN.H11MO.0.D	-1	0.0204297	15.7105	0.445321	10	CCCTCCTCCGCC	TCTCCCACGC	-
277-CCCTCCTCCGCC	ZN740_HUMAN.H11MO.0.D	0	0.0209756	16.1302	0.450687	12	CCCTCCTCCGCC	CCCACCCCCCCCCC	-
277-CCCTCCTCCGCC	KLF12_HUMAN.H11MO.0.C	-4	0.0213338	16.4057	0.451929	8	CCCTCCTCCGCC	GCCCCGCCCCT	-
277-CCCTCCTCCGCC	GSC2_HUMAN.H11MO.0.D	-1	0.0223636	17.1976	0.467163	11	CCCTCCTCCGCC	CCTAATCCGCT	-
277-CCCTCCTCCGCC	ELF1_HUMAN.H11MO.0.A	-1	0.0229501	17.6486	0.472848	11	CCCTCCTCCGCC	CCACTTCCGGGTTC	-
277-CCCTCCTCCGCC	ZBTB6_HUMAN.H11MO.0.C	1	0.0239785	18.4395	0.478137	12	CCCTCCTCCGCC	CGGCTCCAGCACC	-
277-CCCTCCTCCGCC	AP2D_HUMAN.H11MO.0.D	1	0.024	18.456	0.478137	12	CCCTCCTCCGCC	ACGCGCCTCGGGCG	-
277-CCCTCCTCCGCC	ZIC4_HUMAN.H11MO.0.D	2	0.0241605	18.5795	0.478137	12	CCCTCCTCCGCC	GACCCCCCGCTGTGC	-
277-CCCTCCTCCGCC	FLI1_HUMAN.H11MO.1.A	-1	0.0250748	19.2825	0.489785	11	CCCTCCTCCGCC	CCACTTCCTGCCT	-
277-CCCTCCTCCGCC	ETV7_HUMAN.H11MO.0.D	-4	0.0254948	19.6055	0.491605	7	CCCTCCTCCGCC	CTTCCTG	-
281-CCTCACCCGC	ZN281_HUMAN.H11MO.0.A	3	0.000334077	0.256905	0.208095	10	CCTCACCCGC	TCCCCTCCCCCACCC	-
281-CCTCACCCGC	WT1_HUMAN.H11MO.0.C	8	0.000395712	0.304302	0.208095	10	CCTCACCCGC	CCCCCCCTCCTCCCCCGCCC	-
281-CCTCACCCGC	ZN148_HUMAN.H11MO.0.D	2	0.000461964	0.35525	0.208095	10	CCTCACCCGC	CCCCTCCCCCACCCC	-
281-CCTCACCCGC	KLF4_HUMAN.H11MO.0.A	1	0.00058519	0.450011	0.208095	9	CCTCACCCGC	GCCACACCCT	-
281-CCTCACCCGC	KLF5_HUMAN.H11MO.0.A	5	0.000693888	0.5336	0.208095	9	CCTCACCCGC	CCCAGCCCCACCCT	-
281-CCTCACCCGC	GCM2_HUMAN.H11MO.0.D	-2	0.00161412	1.24126	0.253908	8	CCTCACCCGC	ATACCCGCATC	-
281-CCTCACCCGC	GSC2_HUMAN.H11MO.0.D	0	0.00181216	1.39355	0.253908	10	CCTCACCCGC	CCTAATCCGCT	-
281-CCTCACCCGC	KLF16_HUMAN.H11MO.0.D	5	0.00186824	1.43668	0.253908	10	CCTCACCCGC	CCCCCCCCCCCCCGCCCCC	-
281-CCTCACCCGC	MESP1_HUMAN.H11MO.0.D	1	0.00203291	1.56331	0.253908	10	CCTCACCCGC	TCCACACCTGC	-
281-CCTCACCCGC	KLF9_HUMAN.H11MO.0.C	2	0.00225464	1.73382	0.253908	10	CCTCACCCGC	GGCCACGCCCCCTCC	-
281-CCTCACCCGC	MAZ_HUMAN.H11MO.1.A	1	0.00241187	1.85473	0.253908	10	CCTCACCCGC	CCCCCTCCCTC	-
281-CCTCACCCGC	EGR2_HUMAN.H11MO.1.A	3	0.00243586	1.87318	0.253908	10	CCTCACCCGC	CCCCCGCCCACGCCCC	-
281-CCTCACCCGC	TBX15_HUMAN.H11MO.0.D	1	0.00251297	1.93247	0.253908	10	CCTCACCCGC	CCCCCACCCCCCCCCCCCC	-
281-CCTCACCCGC	SALL4_HUMAN.H11MO.0.B	-1	0.00258819	1.99032	0.253908	9	CCTCACCCGC	CCCACCCTCC	-
281-CCTCACCCGC	EGR1_HUMAN.H11MO.0.A	3	0.00258975	1.99152	0.253908	10	CCTCACCCGC	CCCCCGCCCACGCCCTC	-
281-CCTCACCCGC	EGR2_HUMAN.H11MO.0.A	2	0.00288082	2.21535	0.253908	10	CCTCACCCGC	CCCCTCCCACACCCCCCC	-
281-CCTCACCCGC	E2F6_HUMAN.H11MO.0.A	0	0.00300831	2.31339	0.253908	10	CCTCACCCGC	CCCTTCCCGCCCC	-
281-CCTCACCCGC	KLF1_HUMAN.H11MO.0.A	5	0.00304794	2.34387	0.253908	9	CCTCACCCGC	CCCGGCCCCGCCCC	-
281-CCTCACCCGC	E2F7_HUMAN.H11MO.0.B	0	0.00336423	2.58709	0.264056	10	CCTCACCCGC	CCTTTCCCGCCCC	-
281-CCTCACCCGC	NR0B1_HUMAN.H11MO.0.D	0	0.00383517	2.94924	0.264056	10	CCTCACCCGC	TCTCCCACGC	-
281-CCTCACCCGC	ZN770_HUMAN.H11MO.0.C	10	0.00404425	3.11003	0.264056	10	CCTCACCCGC	GATCCTCCCGCCTCAGCCTCCC	-
281-CCTCACCCGC	KLF8_HUMAN.H11MO.0.C	-3	0.00410635	3.15778	0.264056	7	CCTCACCCGC	CACCCCCTG	-
281-CCTCACCCGC	ZBT17_HUMAN.H11MO.0.A	5	0.00422081	3.2458	0.264056	10	CCTCACCCGC	CTTCCCCTCCCCCACCCTC	-
281-CCTCACCCGC	ZBTB4_HUMAN.H11MO.0.D	-1	0.00457063	3.51481	0.264056	9	CCTCACCCGC	CCCACCTGCCATCTAGG	-
281-CCTCACCCGC	MYF6_HUMAN.H11MO.0.C	-3	0.0046394	3.5677	0.264056	7	CCTCACCCGC	CAGCTGC	+
281-CCTCACCCGC	SP1_HUMAN.H11MO.1.A	3	0.0047518	3.65414	0.264056	10	CCTCACCCGC	CGGCCCCGCCCCCC	-
281-CCTCACCCGC	ID4_HUMAN.H11MO.0.D	0	0.00551439	4.24057	0.264056	10	CCTCACCCGC	TTACACCTGTC	-
281-CCTCACCCGC	KLF12_HUMAN.H11MO.0.C	1	0.00551439	4.24057	0.264056	10	CCTCACCCGC	GCCCCGCCCCT	-
281-CCTCACCCGC	ASCL1_HUMAN.H11MO.0.A	0	0.00559327	4.30122	0.264056	10	CCTCACCCGC	CTGCACCTGCTCCC	+
281-CCTCACCCGC	ZEB1_HUMAN.H11MO.0.A	-1	0.0056239	4.32478	0.264056	9	CCTCACCCGC	CTCACCTGTC	-
281-CCTCACCCGC	TBX1_HUMAN.H11MO.0.D	4	0.00576248	4.43135	0.264056	10	CCTCACCCGC	CCGCCCACCCCTGCCCACCC	-
281-CCTCACCCGC	KLF14_HUMAN.H11MO.0.D	1	0.00581122	4.46883	0.264056	10	CCTCACCCGC	GCCACGCCCCCCT	-
281-CCTCACCCGC	E2F4_HUMAN.H11MO.0.A	-1	0.00581122	4.46883	0.264056	9	CCTCACCCGC	ATTTCCCGCCCCC	-
281-CCTCACCCGC	SRBP1_HUMAN.H11MO.0.A	-1	0.00647007	4.97548	0.281526	9	CCTCACCCGC	CTCACCCCACC	-
281-CCTCACCCGC	E2F1_HUMAN.H11MO.0.A	-1	0.00657118	5.05324	0.281526	9	CCTCACCCGC	CTTTCCCGCCCCCC	-
281-CCTCACCCGC	KLF3_HUMAN.H11MO.0.B	5	0.00695827	5.35091	0.289829	10	CCTCACCCGC	CCCGGCCCCGCCCCTCCCC	-
281-CCTCACCCGC	PATZ1_HUMAN.H11MO.1.C	0	0.00719867	5.53578	0.291738	9	CCTCACCCGC	CCCCTCCCT	-
281-CCTCACCCGC	ZFX_HUMAN.H11MO.1.A	6	0.00789007	6.06747	0.297047	10	CCTCACCCGC	CCCCGGCCTCCGCCCCC	-
281-CCTCACCCGC	ZN134_HUMAN.H11MO.1.C	1	0.00789007	6.06747	0.297047	10	CCTCACCCGC	CCTTCACCTGATTAGGT	-
281-CCTCACCCGC	SP2_HUMAN.H11MO.0.A	3	0.00792832	6.09688	0.297047	10	CCTCACCCGC	CCCCCGGCCCCGCCCCCCCCCC	-
281-CCTCACCCGC	TFDP1_HUMAN.H11MO.0.C	-1	0.00812207	6.24587	0.297047	9	CCTCACCCGC	TTTTCCCGCCCCCC	-
281-CCTCACCCGC	ITF2_HUMAN.H11MO.0.C	-1	0.00906211	6.96876	0.31656	9	CCTCACCCGC	CCCAGCTGCC	-
281-CCTCACCCGC	SP1_HUMAN.H11MO.0.A	11	0.00933322	7.17725	0.31656	10	CCTCACCCGC	CCCCCCCCCGGCCCCGCCCCCC	-
281-CCTCACCCGC	SNAI1_HUMAN.H11MO.0.C	-2	0.00933732	7.1804	0.31656	8	CCTCACCCGC	CCACCTGG	-
281-CCTCACCCGC	ZN740_HUMAN.H11MO.0.D	1	0.00950005	7.30554	0.31656	10	CCTCACCCGC	CCCACCCCCCCCCC	-
281-CCTCACCCGC	SP3_HUMAN.H11MO.0.B	6	0.00993202	7.63772	0.323454	10	CCTCACCCGC	CCCCGGCCCCGCCCCCCCCC	-
281-CCTCACCCGC	KLF6_HUMAN.H11MO.0.A	7	0.0101384	7.79641	0.323454	10	CCTCACCCGC	CCCCCGGCCCCGCCCTTCC	-
281-CCTCACCCGC	ZN219_HUMAN.H11MO.0.D	1	0.0114459	8.80188	0.357562	10	CCTCACCCGC	TCCGCCCCCCTC	-
281-CCTCACCCGC	HTF4_HUMAN.H11MO.0.A	-1	0.0117291	9.01971	0.358933	9	CCTCACCCGC	CACAGCTGCA	-
281-CCTCACCCGC	SP2_HUMAN.H11MO.1.B	1	0.0120401	9.25884	0.36108	10	CCTCACCCGC	GCCCCGCCCCCT	-
281-CCTCACCCGC	EGR4_HUMAN.H11MO.0.D	1	0.0139929	10.7605	0.411414	10	CCTCACCCGC	GCCCTGCCGCC	-
281-CCTCACCCGC	SNAI2_HUMAN.H11MO.0.A	-1	0.01437	11.0505	0.414377	9	CCTCACCCGC	TGCACCTGCC	-
281-CCTCACCCGC	BHE40_HUMAN.H11MO.0.A	-1	0.0151114	11.6207	0.418423	9	CCTCACCCGC	GTCACGTGCC	-
281-CCTCACCCGC	THB_HUMAN.H11MO.1.D	3	0.0151114	11.6207	0.418423	7	CCTCACCCGC	TGACCTGACC	-
281-CCTCACCCGC	SP4_HUMAN.H11MO.1.A	3	0.0153474	11.8022	0.418423	10	CCTCACCCGC	CGGCCCCGCCCCCTCC	-
281-CCTCACCCGC	MAZ_HUMAN.H11MO.0.A	8	0.0158426	12.183	0.42421	10	CCTCACCCGC	CCCCCCCCCCCCCCCCTCCCCC	-
281-CCTCACCCGC	ASCL2_HUMAN.H11MO.0.D	-2	0.0169193	13.0109	0.445092	8	CCTCACCCGC	CCAGCTGCT	+
281-CCTCACCCGC	WT1_HUMAN.H11MO.1.B	3	0.0179165	13.7778	0.455349	8	CCTCACCCGC	CCTCCTCCCAC	-
281-CCTCACCCGC	ZN263_HUMAN.H11MO.1.A	3	0.0179165	13.7778	0.455349	8	CCTCACCCGC	CCTCCTCCCTC	-
281-CCTCACCCGC	E2F4_HUMAN.H11MO.1.A	3	0.0183258	14.0926	0.457989	10	CCTCACCCGC	TCAAATTTCCCGCC	-
281-CCTCACCCGC	ATF2_HUMAN.H11MO.0.B	4	0.018814	14.4679	0.46248	7	CCTCACCCGC	ATGACGTCATC	-
281-CCTCACCCGC	ZBTB4_HUMAN.H11MO.1.D	0	0.0201362	15.4847	0.466237	10	CCTCACCCGC	CCACCACCGCTATTG	-
281-CCTCACCCGC	ZN134_HUMAN.H11MO.0.C	1	0.0204663	15.7386	0.466237	10	CCTCACCCGC	CCTTCAACTGATTAGGTGAGGC	-
281-CCTCACCCGC	ZN770_HUMAN.H11MO.1.C	-1	0.0207342	15.9446	0.466237	9	CCTCACCCGC	CTCAGCCTCCC	-
281-CCTCACCCGC	TBX21_HUMAN.H11MO.0.A	1	0.0207969	15.9928	0.466237	10	CCTCACCCGC	TTCACACCTCCAC	-
281-CCTCACCCGC	GCM1_HUMAN.H11MO.0.D	-1	0.0212176	16.3164	0.466237	9	CCTCACCCGC	AATACCCGCATGTG	-
281-CCTCACCCGC	E2F3_HUMAN.H11MO.0.A	-2	0.0217605	16.7338	0.466237	8	CCTCACCCGC	TTTCCCGCCCT	-
281-CCTCACCCGC	GLIS1_HUMAN.H11MO.0.D	3	0.0218257	16.7839	0.466237	10	CCTCACCCGC	AGACCCCCCACGA	-
281-CCTCACCCGC	ZIC1_HUMAN.H11MO.0.B	0	0.0218431	16.7973	0.466237	9	CCTCACCCGC	GACCACCCC	-
281-CCTCACCCGC	ZIC4_HUMAN.H11MO.0.D	0	0.0222001	17.0719	0.466237	10	CCTCACCCGC	GACCCCCCGCTGTGC	-
281-CCTCACCCGC	TAF1_HUMAN.H11MO.0.A	0	0.0228201	17.5486	0.466237	10	CCTCACCCGC	CCGCCGCCGCCATCTT	-
281-CCTCACCCGC	ATF6A_HUMAN.H11MO.0.B	3	0.0228211	17.5494	0.466237	9	CCTCACCCGC	CCACGTCACCAC	-
281-CCTCACCCGC	KLF13_HUMAN.H11MO.0.D	-1	0.0228332	17.5587	0.466237	9	CCTCACCCGC	CACGCCCCCCT	-
281-CCTCACCCGC	KLF15_HUMAN.H11MO.0.A	6	0.0230089	17.6939	0.466237	10	CCTCACCCGC	CCCCCCCCTGCTCCTCCCC	-
281-CCTCACCCGC	TBX3_HUMAN.H11MO.0.C	1	0.0239543	18.4208	0.477258	10	CCTCACCCGC	TTCCCACCTCC	-
281-CCTCACCCGC	THB_HUMAN.H11MO.0.C	3	0.0242876	18.6772	0.477258	10	CCTCACCCGC	TGACCTGACCTGACCTC	-
281-CCTCACCCGC	PATZ1_HUMAN.H11MO.0.C	9	0.0250165	19.2377	0.477258	10	CCTCACCCGC	CCTCCCCCCCCGCCCCCTCCCC	-
281-CCTCACCCGC	EGR3_HUMAN.H11MO.0.D	-2	0.0251255	19.3215	0.477258	8	CCTCACCCGC	ACACCCACTCT	-
281-CCTCACCCGC	ZSC22_HUMAN.H11MO.0.C	0	0.0251442	19.3359	0.477258	10	CCTCACCCGC	CCTCCTCCCTCAGACC	-
281-CCTCACCCGC	NR1H4_HUMAN.H11MO.1.B	0	0.0263892	20.2933	0.494628	8	CCTCACCCGC	ACTGACCT	-
282-CCTCCCGGGCC	ZN586_HUMAN.H11MO.0.C	8	1.325e-05	0.0101893	0.0199498	11	CCTCCCGGGCC	CATTTTTTCCTCCTAGGCCT	-
282-CCTCCCGGGCC	ZF64A_HUMAN.H11MO.0.D	3	3.26046e-05	0.0250729	0.0245454	11	CCTCCCGGGCC	CAGGTTCCCGGGCCCC	-
282-CCTCCCGGGCC	WT1_HUMAN.H11MO.0.C	8	0.00052317	0.402318	0.219643	11	CCTCCCGGGCC	CCCCCCCTCCTCCCCCGCCC	-
282-CCTCCCGGGCC	SP1_HUMAN.H11MO.0.A	2	0.00058352	0.448727	0.219643	11	CCTCCCGGGCC	CCCCCCCCCGGCCCCGCCCCCC	-
282-CCTCCCGGGCC	AP2B_HUMAN.H11MO.0.B	0	0.00175671	1.35091	0.406059	10	CCTCCCGGGCC	GCCCCCGGGC	-
282-CCTCCCGGGCC	ZN320_HUMAN.H11MO.0.C	6	0.00191435	1.47214	0.406059	11	CCTCCCGGGCC	CACTGGCCCCCTGGTCCCAC	-
282-CCTCCCGGGCC	MECP2_HUMAN.H11MO.0.C	-2	0.00213464	1.64154	0.406059	7	CCTCCCGGGCC	CTCCGGG	-
282-CCTCCCGGGCC	PATZ1_HUMAN.H11MO.1.C	2	0.00264798	2.0363	0.406059	7	CCTCCCGGGCC	CCCCTCCCT	-
282-CCTCCCGGGCC	ETV1_HUMAN.H11MO.0.A	1	0.00317914	2.44476	0.406059	10	CCTCCCGGGCC	CACTTCCGGCC	-
282-CCTCCCGGGCC	TBX1_HUMAN.H11MO.0.D	9	0.00372248	2.86259	0.406059	11	CCTCCCGGGCC	CCGCCCACCCCTGCCCACCC	-
282-CCTCCCGGGCC	TBX15_HUMAN.H11MO.0.D	3	0.00398311	3.06301	0.406059	11	CCTCCCGGGCC	CCCCCACCCCCCCCCCCCC	-
282-CCTCCCGGGCC	E2F6_HUMAN.H11MO.0.A	2	0.0040497	3.11422	0.406059	11	CCTCCCGGGCC	CCCTTCCCGCCCC	-
282-CCTCCCGGGCC	ZN281_HUMAN.H11MO.0.A	3	0.00433804	3.33595	0.406059	11	CCTCCCGGGCC	TCCCCTCCCCCACCC	-
282-CCTCCCGGGCC	EGR1_HUMAN.H11MO.0.A	3	0.00440511	3.38753	0.406059	11	CCTCCCGGGCC	CCCCCGCCCACGCCCTC	-
282-CCTCCCGGGCC	EGR2_HUMAN.H11MO.1.A	3	0.00477502	3.67199	0.406059	11	CCTCCCGGGCC	CCCCCGCCCACGCCCC	-
282-CCTCCCGGGCC	E2F4_HUMAN.H11MO.0.A	1	0.00552149	4.24603	0.406059	11	CCTCCCGGGCC	ATTTCCCGCCCCC	-
282-CCTCCCGGGCC	NR2C2_HUMAN.H11MO.0.B	0	0.00581422	4.47114	0.406059	11	CCTCCCGGGCC	GGTTCCGGGTCA	+
282-CCTCCCGGGCC	ZN148_HUMAN.H11MO.0.D	2	0.00591928	4.55193	0.406059	11	CCTCCCGGGCC	CCCCTCCCCCACCCC	-
282-CCTCCCGGGCC	WT1_HUMAN.H11MO.1.B	3	0.00596535	4.58736	0.406059	8	CCTCCCGGGCC	CCTCCTCCCAC	-
282-CCTCCCGGGCC	ZN263_HUMAN.H11MO.1.A	3	0.00596535	4.58736	0.406059	8	CCTCCCGGGCC	CCTCCTCCCTC	-
282-CCTCCCGGGCC	ELK4_HUMAN.H11MO.0.A	2	0.0064362	4.94944	0.406059	10	CCTCCCGGGCC	CCACTTCCGGTC	-
282-CCTCCCGGGCC	ZN768_HUMAN.H11MO.0.C	6	0.00667632	5.13409	0.406059	11	CCTCCCGGGCC	ACTTAACCTCTCTGAGCCTC	-
282-CCTCCCGGGCC	E2F1_HUMAN.H11MO.0.A	1	0.00677326	5.20864	0.406059	11	CCTCCCGGGCC	CTTTCCCGCCCCCC	-
282-CCTCCCGGGCC	BHE40_HUMAN.H11MO.0.A	-1	0.00696271	5.35433	0.406059	10	CCTCCCGGGCC	GTCACGTGCC	-
282-CCTCCCGGGCC	MAZ_HUMAN.H11MO.1.A	3	0.00731588	5.62591	0.406059	8	CCTCCCGGGCC	CCCCCTCCCTC	-
282-CCTCCCGGGCC	SP3_HUMAN.H11MO.0.B	8	0.00740537	5.69473	0.406059	11	CCTCCCGGGCC	CCCCGGCCCCGCCCCCCCCC	-
282-CCTCCCGGGCC	EGR2_HUMAN.H11MO.0.A	2	0.00748433	5.75545	0.406059	11	CCTCCCGGGCC	CCCCTCCCACACCCCCCC	-
282-CCTCCCGGGCC	SP4_HUMAN.H11MO.1.A	5	0.00797778	6.13491	0.410601	11	CCTCCCGGGCC	CGGCCCCGCCCCCTCC	-
282-CCTCCCGGGCC	ELF2_HUMAN.H11MO.0.C	2	0.00868586	6.67943	0.410601	11	CCTCCCGGGCC	CCACTTCCGGGTT	-
282-CCTCCCGGGCC	ZN770_HUMAN.H11MO.0.C	7	0.00871794	6.7041	0.410601	11	CCTCCCGGGCC	GATCCTCCCGCCTCAGCCTCCC	-
282-CCTCCCGGGCC	IKZF1_HUMAN.H11MO.0.C	0	0.00901191	6.93016	0.410601	8	CCTCCCGGGCC	TCTCCCAA	-
282-CCTCCCGGGCC	GLIS2_HUMAN.H11MO.0.D	2	0.00914379	7.03157	0.410601	11	CCTCCCGGGCC	GACCCCCCGCGAAG	-
282-CCTCCCGGGCC	SP1_HUMAN.H11MO.1.A	0	0.0100911	7.76008	0.434103	11	CCTCCCGGGCC	CGGCCCCGCCCCCC	-
282-CCTCCCGGGCC	MBD2_HUMAN.H11MO.0.B	-1	0.0109081	8.38832	0.450099	10	CCTCCCGGGCC	CCTCCGGCCCC	-
282-CCTCCCGGGCC	KAISO_HUMAN.H11MO.1.A	1	0.0120318	9.25244	0.450099	10	CCTCCCGGGCC	TTCTCGCGAGA	-
282-CCTCCCGGGCC	AP2D_HUMAN.H11MO.0.D	3	0.0122637	9.43081	0.450099	11	CCTCCCGGGCC	ACGCGCCTCGGGCG	-
282-CCTCCCGGGCC	GABPA_HUMAN.H11MO.0.A	2	0.0122637	9.43081	0.450099	11	CCTCCCGGGCC	CCACTTCCGGTTCC	-
282-CCTCCCGGGCC	KLF16_HUMAN.H11MO.0.D	5	0.0123823	9.52203	0.450099	11	CCTCCCGGGCC	CCCCCCCCCCCCCGCCCCC	-
282-CCTCCCGGGCC	ZN331_HUMAN.H11MO.0.C	4	0.0129131	9.93014	0.450099	11	CCTCCCGGGCC	CCACCCAGCTGAGCCCAGCC	-
282-CCTCCCGGGCC	SUH_HUMAN.H11MO.0.A	0	0.0132616	10.1982	0.450099	11	CCTCCCGGGCC	TTTCCCACGCC	-
282-CCTCCCGGGCC	KLF3_HUMAN.H11MO.0.B	7	0.0136637	10.5074	0.450099	11	CCTCCCGGGCC	CCCGGCCCCGCCCCTCCCC	-
282-CCTCCCGGGCC	ZIC3_HUMAN.H11MO.0.B	5	0.0137754	10.5933	0.450099	10	CCTCCCGGGCC	GGCCCCCTGCTGTGA	+
282-CCTCCCGGGCC	ZBTB6_HUMAN.H11MO.0.C	2	0.0141274	10.864	0.450099	11	CCTCCCGGGCC	CGGCTCCAGCACC	-
282-CCTCCCGGGCC	HES5_HUMAN.H11MO.0.D	0	0.0141466	10.8788	0.450099	11	CCTCCCGGGCC	CGGCACGTGCCA	-
282-CCTCCCGGGCC	TFDP1_HUMAN.H11MO.0.C	1	0.014168	10.8952	0.450099	11	CCTCCCGGGCC	TTTTCCCGCCCCCC	-
282-CCTCCCGGGCC	ZBT17_HUMAN.H11MO.0.A	5	0.0143492	11.0345	0.450099	11	CCTCCCGGGCC	CTTCCCCTCCCCCACCCTC	-
282-CCTCCCGGGCC	NR1H4_HUMAN.H11MO.0.B	0	0.0150662	11.5859	0.462943	11	CCTCCCGGGCC	CCTCGGGGTCATTGACCCC	-
282-CCTCCCGGGCC	ZIC1_HUMAN.H11MO.0.B	2	0.0163901	12.604	0.490129	7	CCTCCCGGGCC	GACCACCCC	-
282-CCTCCCGGGCC	ZN770_HUMAN.H11MO.1.C	5	0.0168607	12.9659	0.490129	6	CCTCCCGGGCC	CTCAGCCTCCC	-
282-CCTCCCGGGCC	NR0B1_HUMAN.H11MO.0.D	0	0.0173475	13.3402	0.490129	10	CCTCCCGGGCC	TCTCCCACGC	-
282-CCTCCCGGGCC	KAISO_HUMAN.H11MO.0.A	1	0.0174826	13.4441	0.490129	11	CCTCCCGGGCC	TTCTCGCGAGATTTG	-
282-CCTCCCGGGCC	GLIS1_HUMAN.H11MO.0.D	3	0.0178955	13.7617	0.490129	10	CCTCCCGGGCC	AGACCCCCCACGA	-
282-CCTCCCGGGCC	ELK1_HUMAN.H11MO.0.B	2	0.0185368	14.2548	0.490129	9	CCTCCCGGGCC	CCACTTCCGGT	-
282-CCTCCCGGGCC	GLI1_HUMAN.H11MO.0.D	3	0.0187834	14.4444	0.490129	9	CCTCCCGGGCC	AGACCACCCAGG	-
282-CCTCCCGGGCC	ELF1_HUMAN.H11MO.0.A	2	0.0188162	14.4697	0.490129	11	CCTCCCGGGCC	CCACTTCCGGGTTC	-
282-CCTCCCGGGCC	SALL4_HUMAN.H11MO.0.B	1	0.0191263	14.7081	0.490129	9	CCTCCCGGGCC	CCCACCCTCC	-
282-CCTCCCGGGCC	ZIC2_HUMAN.H11MO.0.D	5	0.0192062	14.7696	0.490129	10	CCTCCCGGGCC	GGCCCCCTGCTGTGA	+
283-CCTCCTCCCGCGCC	WT1_HUMAN.H11MO.0.C	5	3.10499e-06	0.00238774	0.00462124	14	CCTCCTCCCGCGCC	CCCCCCCTCCTCCCCCGCCC	-
283-CCTCCTCCCGCGCC	ZN263_HUMAN.H11MO.1.A	0	1.89175e-05	0.0145475	0.0124322	11	CCTCCTCCCGCGCC	CCTCCTCCCTC	-
283-CCTCCTCCCGCGCC	WT1_HUMAN.H11MO.1.B	0	3.33032e-05	0.0256102	0.0124322	11	CCTCCTCCCGCGCC	CCTCCTCCCAC	-
283-CCTCCTCCCGCGCC	ZSC22_HUMAN.H11MO.0.C	0	3.70457e-05	0.0284882	0.0124322	14	CCTCCTCCCGCGCC	CCTCCTCCCTCAGACC	-
283-CCTCCTCCCGCGCC	EGR2_HUMAN.H11MO.1.A	0	4.17656e-05	0.0321178	0.0124322	14	CCTCCTCCCGCGCC	CCCCCGCCCACGCCCC	-
283-CCTCCTCCCGCGCC	EGR1_HUMAN.H11MO.0.A	0	7.91324e-05	0.0608528	0.0194399	14	CCTCCTCCCGCGCC	CCCCCGCCCACGCCCTC	-
283-CCTCCTCCCGCGCC	E2F6_HUMAN.H11MO.0.A	-1	0.000106048	0.0815508	0.0194399	13	CCTCCTCCCGCGCC	CCCTTCCCGCCCC	-
283-CCTCCTCCCGCGCC	ZN281_HUMAN.H11MO.0.A	0	0.00010682	0.0821443	0.0194399	14	CCTCCTCCCGCGCC	TCCCCTCCCCCACCC	-
283-CCTCCTCCCGCGCC	KLF16_HUMAN.H11MO.0.D	2	0.000117554	0.0903991	0.0194399	14	CCTCCTCCCGCGCC	CCCCCCCCCCCCCGCCCCC	-
283-CCTCCTCCCGCGCC	MAZ_HUMAN.H11MO.1.A	0	0.000187344	0.144068	0.0278829	11	CCTCCTCCCGCGCC	CCCCCTCCCTC	-
283-CCTCCTCCCGCGCC	PATZ1_HUMAN.H11MO.1.C	-1	0.000224583	0.172704	0.0303865	9	CCTCCTCCCGCGCC	CCCCTCCCT	-
283-CCTCCTCCCGCGCC	EGR2_HUMAN.H11MO.0.A	-1	0.00030953	0.238028	0.0383901	13	CCTCCTCCCGCGCC	CCCCTCCCACACCCCCCC	-
283-CCTCCTCCCGCGCC	ZN148_HUMAN.H11MO.0.D	-1	0.000381132	0.29309	0.0436345	13	CCTCCTCCCGCGCC	CCCCTCCCCCACCCC	-
283-CCTCCTCCCGCGCC	TBX15_HUMAN.H11MO.0.D	3	0.00052432	0.403202	0.0514358	14	CCTCCTCCCGCGCC	CCCCCACCCCCCCCCCCCC	-
283-CCTCCTCCCGCGCC	E2F4_HUMAN.H11MO.0.A	-2	0.000551374	0.424006	0.0514358	12	CCTCCTCCCGCGCC	ATTTCCCGCCCCC	-
283-CCTCCTCCCGCGCC	KLF15_HUMAN.H11MO.0.A	0	0.000552953	0.425221	0.0514358	14	CCTCCTCCCGCGCC	CCCCCCCCTGCTCCTCCCC	-
283-CCTCCTCCCGCGCC	E2F7_HUMAN.H11MO.0.B	-1	0.00064877	0.498904	0.0548661	13	CCTCCTCCCGCGCC	CCTTTCCCGCCCC	-
283-CCTCCTCCCGCGCC	ZN263_HUMAN.H11MO.0.A	11	0.000663557	0.510276	0.0548661	9	CCTCCTCCCGCGCC	CTCCTCCTCTCCCTCCTCCC	-
283-CCTCCTCCCGCGCC	ZF64A_HUMAN.H11MO.0.D	0	0.00075383	0.579695	0.0590497	14	CCTCCTCCCGCGCC	CAGGTTCCCGGGCCCC	-
283-CCTCCTCCCGCGCC	E2F1_HUMAN.H11MO.0.A	-2	0.000858978	0.660554	0.0639219	12	CCTCCTCCCGCGCC	CTTTCCCGCCCCCC	-
283-CCTCCTCCCGCGCC	ZN322_HUMAN.H11MO.0.B	3	0.00100719	0.774529	0.0663404	14	CCTCCTCCCGCGCC	GAGCCTGGTACAGAGCCTGG	+
283-CCTCCTCCCGCGCC	VEZF1_HUMAN.H11MO.0.C	5	0.00101611	0.78139	0.0663404	14	CCTCCTCCCGCGCC	CCCCTCCCCCTCCCCCCTCCCC	-
283-CCTCCTCCCGCGCC	SP4_HUMAN.H11MO.1.A	2	0.0010252	0.788379	0.0663404	14	CCTCCTCCCGCGCC	CGGCCCCGCCCCCTCC	-
283-CCTCCTCCCGCGCC	SP1_HUMAN.H11MO.0.A	4	0.00124913	0.960584	0.0774632	14	CCTCCTCCCGCGCC	CCCCCCCCCGGCCCCGCCCCCC	-
283-CCTCCTCCCGCGCC	ZBT17_HUMAN.H11MO.0.A	2	0.00133405	1.02589	0.0784938	14	CCTCCTCCCGCGCC	CTTCCCCTCCCCCACCCTC	-
283-CCTCCTCCCGCGCC	VEZF1_HUMAN.H11MO.1.C	0	0.00137123	1.05448	0.0784938	12	CCTCCTCCCGCGCC	CCCCCTCCCCCT	-
283-CCTCCTCCCGCGCC	ZN219_HUMAN.H11MO.0.D	1	0.00144687	1.11265	0.0797562	11	CCTCCTCCCGCGCC	TCCGCCCCCCTC	-
283-CCTCCTCCCGCGCC	NR0B1_HUMAN.H11MO.0.D	-3	0.00154402	1.18735	0.0811298	10	CCTCCTCCCGCGCC	TCTCCCACGC	-
283-CCTCCTCCCGCGCC	TFDP1_HUMAN.H11MO.0.C	-2	0.00158081	1.21565	0.0811298	12	CCTCCTCCCGCGCC	TTTTCCCGCCCCCC	-
283-CCTCCTCCCGCGCC	SP3_HUMAN.H11MO.0.B	5	0.00175984	1.35332	0.0855709	14	CCTCCTCCCGCGCC	CCCCGGCCCCGCCCCCCCCC	-
283-CCTCCTCCCGCGCC	ZN770_HUMAN.H11MO.0.C	3	0.00178234	1.37062	0.0855709	14	CCTCCTCCCGCGCC	GATCCTCCCGCCTCAGCCTCCC	-
283-CCTCCTCCCGCGCC	SP2_HUMAN.H11MO.0.A	2	0.0019702	1.51509	0.089721	14	CCTCCTCCCGCGCC	CCCCCGGCCCCGCCCCCCCCCC	-
283-CCTCCTCCCGCGCC	KLF6_HUMAN.H11MO.0.A	0	0.00198935	1.52981	0.089721	14	CCTCCTCCCGCGCC	CCCCCGGCCCCGCCCTTCC	-
283-CCTCCTCCCGCGCC	ZN341_HUMAN.H11MO.0.C	0	0.00240312	1.848	0.105195	14	CCTCCTCCCGCGCC	GCTCTTCCCTCCCCCCCCCCCC	-
283-CCTCCTCCCGCGCC	PATZ1_HUMAN.H11MO.0.C	6	0.00252452	1.94136	0.107352	14	CCTCCTCCCGCGCC	CCTCCCCCCCCGCCCCCTCCCC	-
283-CCTCCTCCCGCGCC	GLIS2_HUMAN.H11MO.0.D	-1	0.00313924	2.41408	0.129784	13	CCTCCTCCCGCGCC	GACCCCCCGCGAAG	-
283-CCTCCTCCCGCGCC	E2F3_HUMAN.H11MO.0.A	-3	0.00323612	2.48858	0.130173	11	CCTCCTCCCGCGCC	TTTCCCGCCCT	-
283-CCTCCTCCCGCGCC	ZN586_HUMAN.H11MO.0.C	5	0.00348921	2.6832	0.13666	14	CCTCCTCCCGCGCC	CATTTTTTCCTCCTAGGCCT	-
283-CCTCCTCCCGCGCC	ZBTB6_HUMAN.H11MO.0.C	-1	0.00371762	2.85885	0.141873	13	CCTCCTCCCGCGCC	CGGCTCCAGCACC	-
283-CCTCCTCCCGCGCC	ARNT2_HUMAN.H11MO.0.D	-2	0.0040867	3.14267	0.148802	12	CCTCCTCCCGCGCC	GCCTCCCACGCC	-
283-CCTCCTCCCGCGCC	MAZ_HUMAN.H11MO.0.A	5	0.00409917	3.15226	0.148802	14	CCTCCTCCCGCGCC	CCCCCCCCCCCCCCCCTCCCCC	-
283-CCTCCTCCCGCGCC	ZN467_HUMAN.H11MO.0.C	3	0.00472722	3.63523	0.163911	14	CCTCCTCCCGCGCC	CCCCCCCCCCCCTCCCCTCCCC	-
283-CCTCCTCCCGCGCC	GLIS1_HUMAN.H11MO.0.D	0	0.00473563	3.6417	0.163911	13	CCTCCTCCCGCGCC	AGACCCCCCACGA	-
283-CCTCCTCCCGCGCC	ZIC3_HUMAN.H11MO.0.B	2	0.00533475	4.10242	0.177152	13	CCTCCTCCCGCGCC	GGCCCCCTGCTGTGA	+
283-CCTCCTCCCGCGCC	ZN436_HUMAN.H11MO.0.C	0	0.00535625	4.11896	0.177152	14	CCTCCTCCCGCGCC	CCTCCTCCAGGAAGCCTTCCCTGA	-
283-CCTCCTCCCGCGCC	TBX1_HUMAN.H11MO.0.D	6	0.005591	4.29948	0.180896	14	CCTCCTCCCGCGCC	CCGCCCACCCCTGCCCACCC	-
283-CCTCCTCCCGCGCC	KAISO_HUMAN.H11MO.1.A	-4	0.0063665	4.89584	0.201605	10	CCTCCTCCCGCGCC	TTCTCGCGAGA	-
283-CCTCCTCCCGCGCC	E2F2_HUMAN.H11MO.0.B	-4	0.00663262	5.10048	0.203713	10	CCTCCTCCCGCGCC	GTTTCGCGCC	-
283-CCTCCTCCCGCGCC	ZIC2_HUMAN.H11MO.0.D	2	0.00670681	5.15754	0.203713	13	CCTCCTCCCGCGCC	GGCCCCCTGCTGTGA	+
283-CCTCCTCCCGCGCC	SP1_HUMAN.H11MO.1.A	-2	0.00728927	5.60545	0.216976	12	CCTCCTCCCGCGCC	CGGCCCCGCCCCCC	-
283-CCTCCTCCCGCGCC	KAISO_HUMAN.H11MO.2.A	-2	0.00852277	6.55401	0.240807	12	CCTCCTCCCGCGCC	TCTTCCTGCGAG	-
283-CCTCCTCCCGCGCC	KLF3_HUMAN.H11MO.0.B	4	0.00857604	6.59497	0.240807	14	CCTCCTCCCGCGCC	CCCGGCCCCGCCCCTCCCC	-
283-CCTCCTCCCGCGCC	KLF1_HUMAN.H11MO.0.A	-2	0.00873706	6.7188	0.240807	12	CCTCCTCCCGCGCC	CCCGGCCCCGCCCC	-
283-CCTCCTCCCGCGCC	KLF5_HUMAN.H11MO.0.A	-2	0.00873706	6.7188	0.240807	12	CCTCCTCCCGCGCC	CCCAGCCCCACCCT	-
283-CCTCCTCCCGCGCC	FEV_HUMAN.H11MO.0.B	-1	0.00958253	7.36897	0.259308	10	CCTCCTCCCGCGCC	CGCTTCCCGC	-
283-CCTCCTCCCGCGCC	E2F4_HUMAN.H11MO.1.A	2	0.00999419	7.68553	0.265618	12	CCTCCTCCCGCGCC	TCAAATTTCCCGCC	-
283-CCTCCTCCCGCGCC	ETS1_HUMAN.H11MO.0.A	0	0.0104884	8.0656	0.26847	13	CCTCCTCCCGCGCC	CCACTTCCTGTCT	-
283-CCTCCTCCCGCGCC	SUH_HUMAN.H11MO.0.A	-3	0.0104916	8.06802	0.26847	11	CCTCCTCCCGCGCC	TTTCCCACGCC	-
283-CCTCCTCCCGCGCC	GABPA_HUMAN.H11MO.0.A	0	0.0109237	8.40031	0.26847	14	CCTCCTCCCGCGCC	CCACTTCCGGTTCC	-
283-CCTCCTCCCGCGCC	SRBP2_HUMAN.H11MO.0.B	0	0.010976	8.44054	0.26847	13	CCTCCTCCCGCGCC	CCTCACCCCACCC	-
283-CCTCCTCCCGCGCC	SP4_HUMAN.H11MO.0.A	4	0.0110392	8.48918	0.26847	14	CCTCCTCCCGCGCC	CCCGGCCCCGCCCCCTTCCC	-
283-CCTCCTCCCGCGCC	GLIS3_HUMAN.H11MO.0.D	-1	0.0111838	8.60035	0.26847	10	CCTCCTCCCGCGCC	TACCCCCCAC	-
283-CCTCCTCCCGCGCC	ZN740_HUMAN.H11MO.0.D	0	0.011418	8.78043	0.269741	14	CCTCCTCCCGCGCC	CCCACCCCCCCCCC	-
283-CCTCCTCCCGCGCC	NRF1_HUMAN.H11MO.0.A	1	0.0124889	9.60394	0.285472	14	CCTCCTCCCGCGCC	CACTGCGCATGCGCAGG	+
283-CCTCCTCCCGCGCC	FLI1_HUMAN.H11MO.0.A	6	0.012756	9.80933	0.285472	12	CCTCCTCCCGCGCC	TCCCTCCTTCCTTCCTCC	-
283-CCTCCTCCCGCGCC	SP2_HUMAN.H11MO.1.B	3	0.0130154	10.0088	0.285472	9	CCTCCTCCCGCGCC	GCCCCGCCCCCT	-
283-CCTCCTCCCGCGCC	BHE40_HUMAN.H11MO.0.A	-4	0.0130278	10.0184	0.285472	10	CCTCCTCCCGCGCC	GTCACGTGCC	-
283-CCTCCTCCCGCGCC	PLAG1_HUMAN.H11MO.0.D	2	0.0130429	10.03	0.285472	14	CCTCCTCCCGCGCC	CCCCTCCTGATGCCCCC	-
283-CCTCCTCCCGCGCC	ZN784_HUMAN.H11MO.0.D	0	0.0133767	10.2867	0.288534	11	CCTCCTCCCGCGCC	GTACCTACCTC	-
283-CCTCCTCCCGCGCC	ZIC4_HUMAN.H11MO.0.D	2	0.0136353	10.4856	0.289911	13	CCTCCTCCCGCGCC	GACCCCCCGCTGTGC	-
283-CCTCCTCCCGCGCC	ZN770_HUMAN.H11MO.1.C	2	0.0147229	11.3219	0.308627	9	CCTCCTCCCGCGCC	CTCAGCCTCCC	-
283-CCTCCTCCCGCGCC	ZN331_HUMAN.H11MO.0.C	1	0.0149974	11.533	0.310014	14	CCTCCTCCCGCGCC	CCACCCAGCTGAGCCCAGCC	-
283-CCTCCTCCCGCGCC	IKZF1_HUMAN.H11MO.0.C	-3	0.0159991	12.3033	0.326189	8	CCTCCTCCCGCGCC	TCTCCCAA	-
283-CCTCCTCCCGCGCC	CTCFL_HUMAN.H11MO.0.A	5	0.0176044	13.5378	0.349348	12	CCTCCTCCCGCGCC	CGGCGCCCCCTGGCGGC	-
283-CCTCCTCCCGCGCC	KLF12_HUMAN.H11MO.0.C	-4	0.0186514	14.3429	0.365254	10	CCTCCTCCCGCGCC	GCCCCGCCCCT	-
283-CCTCCTCCCGCGCC	MBD2_HUMAN.H11MO.0.B	-3	0.019544	15.0293	0.377764	11	CCTCCTCCCGCGCC	CCTCCGGCCCC	-
283-CCTCCTCCCGCGCC	KAISO_HUMAN.H11MO.0.A	-4	0.0208679	16.0474	0.398182	10	CCTCCTCCCGCGCC	TTCTCGCGAGATTTG	-
283-CCTCCTCCCGCGCC	ZIC1_HUMAN.H11MO.0.B	-1	0.0212505	16.3416	0.40035	9	CCTCCTCCCGCGCC	GACCACCCC	-
283-CCTCCTCCCGCGCC	ELF2_HUMAN.H11MO.0.C	-1	0.0222542	17.1135	0.414019	13	CCTCCTCCCGCGCC	CCACTTCCGGGTT	-
283-CCTCCTCCCGCGCC	ETV1_HUMAN.H11MO.0.A	-1	0.0235185	18.0857	0.427187	11	CCTCCTCCCGCGCC	CACTTCCGGCC	-
283-CCTCCTCCCGCGCC	KLF4_HUMAN.H11MO.0.A	-6	0.0235361	18.0992	0.427187	8	CCTCCTCCCGCGCC	GCCACACCCT	-
283-CCTCCTCCCGCGCC	SALL4_HUMAN.H11MO.0.B	-2	0.0246912	18.9876	0.442754	10	CCTCCTCCCGCGCC	CCCACCCTCC	-
283-CCTCCTCCCGCGCC	ERG_HUMAN.H11MO.0.A	0	0.0252995	19.4553	0.446099	13	CCTCCTCCCGCGCC	CCACTTCCTGCCC	-
283-CCTCCTCCCGCGCC	ELK4_HUMAN.H11MO.0.A	0	0.0255956	19.683	0.446099	12	CCTCCTCCCGCGCC	CCACTTCCGGTC	-
283-CCTCCTCCCGCGCC	ELF1_HUMAN.H11MO.0.A	0	0.025777	19.8225	0.446099	14	CCTCCTCCCGCGCC	CCACTTCCGGGTTC	-
283-CCTCCTCCCGCGCC	ZBT14_HUMAN.H11MO.0.C	-5	0.0273679	21.0459	0.468187	9	CCTCCTCCCGCGCC	GCGCGCTCC	-
283-CCTCCTCCCGCGCC	ETV7_HUMAN.H11MO.0.D	0	0.0292921	22.5256	0.495411	7	CCTCCTCCCGCGCC	CTTCCTG	-
286-CCTTTCCCCCTCCCC	ZN467_HUMAN.H11MO.0.C	7	9.26051e-06	0.00712134	0.00826848	15	CCTTTCCCCCTCCCC	CCCCCCCCCCCCTCCCCTCCCC	-
286-CCTTTCCCCCTCCCC	MAZ_HUMAN.H11MO.1.A	-5	1.1122e-05	0.00855282	0.00826848	10	CCTTTCCCCCTCCCC	CCCCCTCCCTC	-
286-CCTTTCCCCCTCCCC	ZN281_HUMAN.H11MO.0.A	1	1.79132e-05	0.0137753	0.00887821	14	CCTTTCCCCCTCCCC	TCCCCTCCCCCACCC	-
286-CCTTTCCCCCTCCCC	PATZ1_HUMAN.H11MO.1.C	-6	2.44919e-05	0.0188343	0.00910406	9	CCTTTCCCCCTCCCC	CCCCTCCCT	-
286-CCTTTCCCCCTCCCC	MAZ_HUMAN.H11MO.0.A	6	3.79079e-05	0.0291512	0.00959943	15	CCTTTCCCCCTCCCC	CCCCCCCCCCCCCCCCTCCCCC	-
286-CCTTTCCCCCTCCCC	ZN148_HUMAN.H11MO.0.D	0	3.87368e-05	0.0297886	0.00959943	15	CCTTTCCCCCTCCCC	CCCCTCCCCCACCCC	-
286-CCTTTCCCCCTCCCC	VEZF1_HUMAN.H11MO.0.C	0	6.42269e-05	0.0493905	0.0136424	15	CCTTTCCCCCTCCCC	CCCCTCCCCCTCCCCCCTCCCC	-
286-CCTTTCCCCCTCCCC	WT1_HUMAN.H11MO.0.C	0	7.46423e-05	0.0573999	0.0138729	15	CCTTTCCCCCTCCCC	CCCCCCCTCCTCCCCCGCCC	-
286-CCTTTCCCCCTCCCC	KLF15_HUMAN.H11MO.0.A	4	0.000100637	0.0773895	0.0166259	15	CCTTTCCCCCTCCCC	CCCCCCCCTGCTCCTCCCC	-
286-CCTTTCCCCCTCCCC	SP3_HUMAN.H11MO.0.B	0	0.000226311	0.174033	0.0336494	15	CCTTTCCCCCTCCCC	CCCCGGCCCCGCCCCCCCCC	-
286-CCTTTCCCCCTCCCC	ZBT17_HUMAN.H11MO.0.A	3	0.000332411	0.255624	0.044932	15	CCTTTCCCCCTCCCC	CTTCCCCTCCCCCACCCTC	-
286-CCTTTCCCCCTCCCC	SP1_HUMAN.H11MO.0.A	5	0.000466132	0.358456	0.0474311	15	CCTTTCCCCCTCCCC	CCCCCCCCCGGCCCCGCCCCCC	-
286-CCTTTCCCCCTCCCC	TFDP1_HUMAN.H11MO.0.C	-1	0.000478932	0.368299	0.0474311	14	CCTTTCCCCCTCCCC	TTTTCCCGCCCCCC	-
286-CCTTTCCCCCTCCCC	ZN740_HUMAN.H11MO.0.D	-1	0.000478932	0.368299	0.0474311	14	CCTTTCCCCCTCCCC	CCCACCCCCCCCCC	-
286-CCTTTCCCCCTCCCC	KLF12_HUMAN.H11MO.0.C	-5	0.000547674	0.421161	0.0474311	10	CCTTTCCCCCTCCCC	GCCCCGCCCCT	-
286-CCTTTCCCCCTCCCC	ZN263_HUMAN.H11MO.0.A	6	0.000554465	0.426383	0.0474311	14	CCTTTCCCCCTCCCC	CTCCTCCTCTCCCTCCTCCC	-
286-CCTTTCCCCCTCCCC	PATZ1_HUMAN.H11MO.0.C	7	0.000574046	0.441441	0.0474311	15	CCTTTCCCCCTCCCC	CCTCCCCCCCCGCCCCCTCCCC	-
286-CCTTTCCCCCTCCCC	ZN219_HUMAN.H11MO.0.D	-4	0.000574199	0.441559	0.0474311	11	CCTTTCCCCCTCCCC	TCCGCCCCCCTC	-
286-CCTTTCCCCCTCCCC	KLF16_HUMAN.H11MO.0.D	3	0.00065161	0.501088	0.048856	15	CCTTTCCCCCTCCCC	CCCCCCCCCCCCCGCCCCC	-
286-CCTTTCCCCCTCCCC	E2F1_HUMAN.H11MO.0.A	-1	0.000657166	0.505361	0.048856	14	CCTTTCCCCCTCCCC	CTTTCCCGCCCCCC	-
286-CCTTTCCCCCTCCCC	KLF6_HUMAN.H11MO.0.A	1	0.00083882	0.645053	0.0593912	15	CCTTTCCCCCTCCCC	CCCCCGGCCCCGCCCTTCC	-
286-CCTTTCCCCCTCCCC	WT1_HUMAN.H11MO.1.B	-5	0.000933072	0.717533	0.0601184	10	CCTTTCCCCCTCCCC	CCTCCTCCCAC	-
286-CCTTTCCCCCTCCCC	VEZF1_HUMAN.H11MO.1.C	-5	0.000952522	0.732489	0.0601184	10	CCTTTCCCCCTCCCC	CCCCCTCCCCCT	-
286-CCTTTCCCCCTCCCC	KLF1_HUMAN.H11MO.0.A	-1	0.000993839	0.764262	0.0601184	14	CCTTTCCCCCTCCCC	CCCGGCCCCGCCCC	-
286-CCTTTCCCCCTCCCC	E2F6_HUMAN.H11MO.0.A	0	0.00101082	0.777323	0.0601184	13	CCTTTCCCCCTCCCC	CCCTTCCCGCCCC	-
286-CCTTTCCCCCTCCCC	ZN816_HUMAN.H11MO.0.C	5	0.00115429	0.887649	0.0615103	15	CCTTTCCCCCTCCCC	CCCTGCATGTCCCCCTTTTTT	-
286-CCTTTCCCCCTCCCC	EGR2_HUMAN.H11MO.0.A	0	0.00116647	0.897013	0.0615103	15	CCTTTCCCCCTCCCC	CCCCTCCCACACCCCCCC	-
286-CCTTTCCCCCTCCCC	SP2_HUMAN.H11MO.0.A	1	0.00122805	0.944369	0.0615103	15	CCTTTCCCCCTCCCC	CCCCCGGCCCCGCCCCCCCCCC	-
286-CCTTTCCCCCTCCCC	ZN263_HUMAN.H11MO.1.A	-5	0.00124534	0.957669	0.0615103	10	CCTTTCCCCCTCCCC	CCTCCTCCCTC	-
286-CCTTTCCCCCTCCCC	SP1_HUMAN.H11MO.1.A	-3	0.00128101	0.985093	0.0615103	12	CCTTTCCCCCTCCCC	CGGCCCCGCCCCCC	-
286-CCTTTCCCCCTCCCC	E2F4_HUMAN.H11MO.0.A	-1	0.0013144	1.01078	0.0615103	13	CCTTTCCCCCTCCCC	ATTTCCCGCCCCC	-
286-CCTTTCCCCCTCCCC	SP2_HUMAN.H11MO.1.B	-5	0.00132381	1.01801	0.0615103	10	CCTTTCCCCCTCCCC	GCCCCGCCCCCT	-
286-CCTTTCCCCCTCCCC	KLF5_HUMAN.H11MO.0.A	-1	0.00141648	1.08927	0.0619445	14	CCTTTCCCCCTCCCC	CCCAGCCCCACCCT	-
286-CCTTTCCCCCTCCCC	ZN816_HUMAN.H11MO.1.C	2	0.00141648	1.08927	0.0619445	12	CCTTTCCCCCTCCCC	TGCATGTCCCCCTT	-
286-CCTTTCCCCCTCCCC	ZN341_HUMAN.H11MO.0.C	1	0.00157123	1.20828	0.0657383	15	CCTTTCCCCCTCCCC	GCTCTTCCCTCCCCCCCCCCCC	-
286-CCTTTCCCCCTCCCC	TBX15_HUMAN.H11MO.0.D	2	0.00159165	1.22398	0.0657383	15	CCTTTCCCCCTCCCC	CCCCCACCCCCCCCCCCCC	-
286-CCTTTCCCCCTCCCC	SP4_HUMAN.H11MO.1.A	-3	0.00180778	1.39018	0.0726469	12	CCTTTCCCCCTCCCC	CGGCCCCGCCCCCTCC	-
286-CCTTTCCCCCTCCCC	KLF4_HUMAN.H11MO.0.A	-5	0.00186125	1.4313	0.0728271	10	CCTTTCCCCCTCCCC	GCCACACCCT	-
286-CCTTTCCCCCTCCCC	PPARG_HUMAN.H11MO.0.A	3	0.00198263	1.52464	0.0755875	14	CCTTTCCCCCTCCCC	TGACCTTTGCCCCACTT	-
286-CCTTTCCCCCTCCCC	E2F7_HUMAN.H11MO.0.B	0	0.00208773	1.60546	0.0776045	13	CCTTTCCCCCTCCCC	CCTTTCCCGCCCC	-
286-CCTTTCCCCCTCCCC	INSM1_HUMAN.H11MO.0.C	-3	0.00214306	1.64802	0.0777184	12	CCTTTCCCCCTCCCC	TGCCCCCTGACA	-
286-CCTTTCCCCCTCCCC	EGR2_HUMAN.H11MO.1.A	1	0.00240355	1.84833	0.0850895	15	CCTTTCCCCCTCCCC	CCCCCGCCCACGCCCC	-
286-CCTTTCCCCCTCCCC	E2F3_HUMAN.H11MO.0.A	-2	0.00319916	2.46015	0.108107	11	CCTTTCCCCCTCCCC	TTTCCCGCCCT	-
286-CCTTTCCCCCTCCCC	EGR4_HUMAN.H11MO.0.D	1	0.00319916	2.46015	0.108107	10	CCTTTCCCCCTCCCC	GCCCTGCCGCC	-
286-CCTTTCCCCCTCCCC	SP4_HUMAN.H11MO.0.A	-1	0.00338814	2.60548	0.110492	14	CCTTTCCCCCTCCCC	CCCGGCCCCGCCCCCTTCCC	-
286-CCTTTCCCCCTCCCC	ZIC1_HUMAN.H11MO.0.B	-6	0.00341836	2.62872	0.110492	9	CCTTTCCCCCTCCCC	GACCACCCC	-
286-CCTTTCCCCCTCCCC	TBX1_HUMAN.H11MO.0.D	1	0.00371666	2.85811	0.117579	15	CCTTTCCCCCTCCCC	CCGCCCACCCCTGCCCACCC	-
286-CCTTTCCCCCTCCCC	SALL4_HUMAN.H11MO.0.B	-7	0.00391953	3.01412	0.119333	8	CCTTTCCCCCTCCCC	CCCACCCTCC	-
286-CCTTTCCCCCTCCCC	NFAT5_HUMAN.H11MO.0.D	1	0.00396105	3.04605	0.119333	10	CCTTTCCCCCTCCCC	CCTTTTCCTCT	-
286-CCTTTCCCCCTCCCC	NR0B1_HUMAN.H11MO.0.D	-2	0.00414414	3.18684	0.119333	10	CCTTTCCCCCTCCCC	TCTCCCACGC	-
286-CCTTTCCCCCTCCCC	KLF9_HUMAN.H11MO.0.C	2	0.00415686	3.19662	0.119333	13	CCTTTCCCCCTCCCC	GGCCACGCCCCCTCC	-
286-CCTTTCCCCCTCCCC	PPARA_HUMAN.H11MO.0.B	3	0.0041734	3.20934	0.119333	14	CCTTTCCCCCTCCCC	TGACCTTTGCCCCAGTT	-
286-CCTTTCCCCCTCCCC	KLF3_HUMAN.H11MO.0.B	-1	0.00446806	3.43594	0.125348	14	CCTTTCCCCCTCCCC	CCCGGCCCCGCCCCTCCCC	-
286-CCTTTCCCCCTCCCC	SUH_HUMAN.H11MO.0.A	-2	0.00488907	3.7597	0.134619	11	CCTTTCCCCCTCCCC	TTTCCCACGCC	-
286-CCTTTCCCCCTCCCC	ZN770_HUMAN.H11MO.1.C	-3	0.00515074	3.96092	0.139245	11	CCTTTCCCCCTCCCC	CTCAGCCTCCC	-
286-CCTTTCCCCCTCCCC	EGR1_HUMAN.H11MO.0.A	1	0.00547016	4.20655	0.145239	15	CCTTTCCCCCTCCCC	CCCCCGCCCACGCCCTC	-
286-CCTTTCCCCCTCCCC	ELF5_HUMAN.H11MO.0.A	1	0.00571494	4.39479	0.149077	14	CCTTTCCCCCTCCCC	CCACTTCCTCCTTCC	-
286-CCTTTCCCCCTCCCC	IRF3_HUMAN.H11MO.0.B	2	0.00585652	4.50366	0.150136	15	CCTTTCCCCCTCCCC	TCACTTTCCCTTTCCCTTTC	-
286-CCTTTCCCCCTCCCC	COT1_HUMAN.H11MO.0.C	0	0.00625173	4.80758	0.155164	15	CCTTTCCCCCTCCCC	CCCTGACCTCTGACCCC	-
286-CCTTTCCCCCTCCCC	PRDM1_HUMAN.H11MO.0.A	2	0.00626139	4.81501	0.155164	12	CCTTTCCCCCTCCCC	TCACTTTCACTTTC	-
286-CCTTTCCCCCTCCCC	ZN770_HUMAN.H11MO.0.C	8	0.00670675	5.15749	0.163476	14	CCTTTCCCCCTCCCC	GATCCTCCCGCCTCAGCCTCCC	-
286-CCTTTCCCCCTCCCC	ZN320_HUMAN.H11MO.0.C	1	0.00699871	5.38201	0.167841	15	CCTTTCCCCCTCCCC	CACTGGCCCCCTGGTCCCAC	-
286-CCTTTCCCCCTCCCC	PPARD_HUMAN.H11MO.0.D	3	0.00717904	5.52069	0.169433	11	CCTTTCCCCCTCCCC	TGACCTTTGTCCTA	-
286-CCTTTCCCCCTCCCC	ZN586_HUMAN.H11MO.0.C	0	0.00834592	6.41801	0.193895	15	CCTTTCCCCCTCCCC	CATTTTTTCCTCCTAGGCCT	-
286-CCTTTCCCCCTCCCC	ZSC22_HUMAN.H11MO.0.C	-1	0.00854245	6.56914	0.195408	14	CCTTTCCCCCTCCCC	CCTCCTCCCTCAGACC	-
286-CCTTTCCCCCTCCCC	MZF1_HUMAN.H11MO.0.B	1	0.00977873	7.51984	0.220298	12	CCTTTCCCCCTCCCC	CCCAATCCCCTCC	-
286-CCTTTCCCCCTCCCC	EOMES_HUMAN.H11MO.0.D	-2	0.0111224	8.55313	0.246829	12	CCTTTCCCCCTCCCC	TTAACACCTCCT	-
286-CCTTTCCCCCTCCCC	NFKB1_HUMAN.H11MO.1.B	3	0.011561	8.89044	0.25279	8	CCTTTCCCCCTCCCC	GGGAATTTCCC	-
286-CCTTTCCCCCTCCCC	FLI1_HUMAN.H11MO.0.A	1	0.01202	9.24337	0.259017	15	CCTTTCCCCCTCCCC	TCCCTCCTTCCTTCCTCC	-
286-CCTTTCCCCCTCCCC	ETV5_HUMAN.H11MO.0.C	2	0.0139621	10.7368	0.290522	12	CCTTTCCCCCTCCCC	CTCACTTCCTGCTC	-
286-CCTTTCCCCCTCCCC	XBP1_HUMAN.H11MO.0.D	-4	0.0140453	10.8008	0.290522	11	CCTTTCCCCCTCCCC	GCCACGTCAGC	-
286-CCTTTCCCCCTCCCC	GLIS3_HUMAN.H11MO.0.D	-4	0.0140682	10.8185	0.290522	10	CCTTTCCCCCTCCCC	TACCCCCCAC	-
286-CCTTTCCCCCTCCCC	RXRA_HUMAN.H11MO.0.A	6	0.0145736	11.2071	0.296837	14	CCTTTCCCCCTCCCC	CTCTGACCTCTGCCTCCCCC	-
286-CCTTTCCCCCTCCCC	NR1D1_HUMAN.H11MO.0.B	3	0.0164692	12.6648	0.330913	15	CCTTTCCCCCTCCCC	CCTTCTGACCCACTTCCCT	-
286-CCTTTCCCCCTCCCC	ZN282_HUMAN.H11MO.0.D	-2	0.0180588	13.8873	0.358015	13	CCTTTCCCCCTCCCC	TTTCCCATAACACG	-
286-CCTTTCCCCCTCCCC	TBX3_HUMAN.H11MO.0.C	-2	0.0187015	14.3814	0.365877	11	CCTTTCCCCCTCCCC	TTCCCACCTCC	-
286-CCTTTCCCCCTCCCC	ZN257_HUMAN.H11MO.0.C	2	0.0202298	15.5567	0.390638	10	CCTTTCCCCCTCCCC	GCTCTTGCCTCT	+
286-CCTTTCCCCCTCCCC	E2F8_HUMAN.H11MO.0.D	-2	0.0221241	17.0134	0.421738	12	CCTTTCCCCCTCCCC	TTTCCCGCCAAA	-
286-CCTTTCCCCCTCCCC	REL_HUMAN.H11MO.0.B	2	0.0225914	17.3728	0.425195	13	CCTTTCCCCCTCCCC	TGGAATTTCCCTTCA	-
286-CCTTTCCCCCTCCCC	ZN652_HUMAN.H11MO.0.D	-1	0.0236172	18.1616	0.433527	11	CCTTTCCCCCTCCCC	ATTAACCCTTT	-
286-CCTTTCCCCCTCCCC	NFKB2_HUMAN.H11MO.0.B	3	0.0236172	18.1616	0.433527	8	CCTTTCCCCCTCCCC	GGGGCTTTCCC	-
286-CCTTTCCCCCTCCCC	IRF4_HUMAN.H11MO.0.A	5	0.02425	18.6482	0.439714	13	CCTTTCCCCCTCCCC	AGTTTCACTTCCTCTTTT	-
286-CCTTTCCCCCTCCCC	RARG_HUMAN.H11MO.2.D	4	0.0248762	19.1298	0.440034	15	CCTTTCCCCCTCCCC	GTGACCTCTGGGTGACCCCC	-
286-CCTTTCCCCCTCCCC	PLAG1_HUMAN.H11MO.0.D	1	0.0251555	19.3445	0.440034	15	CCTTTCCCCCTCCCC	CCCCTCCTGATGCCCCC	-
286-CCTTTCCCCCTCCCC	SPI1_HUMAN.H11MO.0.A	3	0.0251555	19.3445	0.440034	14	CCTTTCCCCCTCCCC	TTTCACTTCCTCTTTTT	-
286-CCTTTCCCCCTCCCC	COT1_HUMAN.H11MO.1.C	0	0.0269434	20.7194	0.460474	13	CCTTTCCCCCTCCCC	CCCTGACCTCTGC	-
286-CCTTTCCCCCTCCCC	RXRG_HUMAN.H11MO.0.B	4	0.0269434	20.7194	0.460474	9	CCTTTCCCCCTCCCC	GTGACCTTTGACC	-
286-CCTTTCCCCCTCCCC	GLIS1_HUMAN.H11MO.0.D	-1	0.0281052	21.6129	0.47179	13	CCTTTCCCCCTCCCC	AGACCCCCCACGA	-
286-CCTTTCCCCCTCCCC	SPIB_HUMAN.H11MO.0.A	3	0.0283469	21.7988	0.47179	14	CCTTTCCCCCTCCCC	TTTCACTTCCTCTTTTT	-
286-CCTTTCCCCCTCCCC	ETV7_HUMAN.H11MO.0.D	-2	0.0285574	21.9606	0.47179	7	CCTTTCCCCCTCCCC	CTTCCTG	-
286-CCTTTCCCCCTCCCC	BC11A_HUMAN.H11MO.0.A	4	0.0294903	22.678	0.481848	13	CCTTTCCCCCTCCCC	TTTTCACTTCCTCTTTT	-
286-CCTTTCCCCCTCCCC	PURA_HUMAN.H11MO.0.D	1	0.0306756	23.5895	0.495767	15	CCTTTCCCCCTCCCC	CCCTGCCCCCCCCTTCC	-
286-CCTTTCCCCCTCCCC	KLF13_HUMAN.H11MO.0.D	-3	0.0310518	23.8788	0.496451	11	CCTTTCCCCCTCCCC	CACGCCCCCCT	-
286-CCTTTCCCCCTCCCC	ZN768_HUMAN.H11MO.0.C	0	0.0315901	24.2928	0.499339	15	CCTTTCCCCCTCCCC	ACTTAACCTCTCTGAGCCTC	-
286-CCTTTCCCCCTCCCC	PROX1_HUMAN.H11MO.0.D	1	0.0319041	24.5342	0.499339	15	CCTTTCCCCCTCCCC	CCCAACCCGCCTTACCC	-
286-CCTTTCCCCCTCCCC	ETV3_HUMAN.H11MO.0.D	2	0.0322669	24.8132	0.499757	12	CCTTTCCCCCTCCCC	TACGTTTGCACTTC	+
287-CGCCGCGCCTC	SP1_HUMAN.H11MO.1.A	1	0.000158571	0.121941	0.170692	11	CGCCGCGCCTC	CGGCCCCGCCCCCC	-
287-CGCCGCGCCTC	KLF12_HUMAN.H11MO.0.C	-1	0.000223031	0.171511	0.170692	10	CGCCGCGCCTC	GCCCCGCCCCT	-
287-CGCCGCGCCTC	SP1_HUMAN.H11MO.0.A	9	0.000377457	0.290265	0.176074	11	CGCCGCGCCTC	CCCCCCCCCGGCCCCGCCCCCC	-
287-CGCCGCGCCTC	SP2_HUMAN.H11MO.1.B	-1	0.000460127	0.353837	0.176074	10	CGCCGCGCCTC	GCCCCGCCCCCT	-
287-CGCCGCGCCTC	SP2_HUMAN.H11MO.0.A	5	0.00100577	0.773435	0.307896	11	CGCCGCGCCTC	CCCCCGGCCCCGCCCCCCCCCC	-
287-CGCCGCGCCTC	KLF9_HUMAN.H11MO.0.C	0	0.0013856	1.06552	0.353478	11	CGCCGCGCCTC	GGCCACGCCCCCTCC	-
287-CGCCGCGCCTC	ZN708_HUMAN.H11MO.1.D	-1	0.00185956	1.43	0.406621	9	CGCCGCGCCTC	GCTGTACCT	-
287-CGCCGCGCCTC	EGR4_HUMAN.H11MO.0.D	-1	0.00230384	1.77165	0.440798	10	CGCCGCGCCTC	GCCCTGCCGCC	-
287-CGCCGCGCCTC	SP4_HUMAN.H11MO.0.A	3	0.00299342	2.30194	0.465363	11	CGCCGCGCCTC	CCCGGCCCCGCCCCCTTCCC	-
287-CGCCGCGCCTC	SP4_HUMAN.H11MO.1.A	1	0.00312604	2.40392	0.465363	11	CGCCGCGCCTC	CGGCCCCGCCCCCTCC	-
287-CGCCGCGCCTC	SP3_HUMAN.H11MO.0.B	4	0.00352733	2.71251	0.465363	11	CGCCGCGCCTC	CCCCGGCCCCGCCCCCCCCC	-
287-CGCCGCGCCTC	AP2D_HUMAN.H11MO.0.D	-2	0.00364835	2.80558	0.465363	9	CGCCGCGCCTC	ACGCGCCTCGGGCG	-
287-CGCCGCGCCTC	KLF4_HUMAN.H11MO.0.A	-1	0.00408849	3.14405	0.47864	10	CGCCGCGCCTC	GCCACACCCT	-
287-CGCCGCGCCTC	WT1_HUMAN.H11MO.0.C	1	0.00437784	3.36656	0.47864	11	CGCCGCGCCTC	CCCCCCCTCCTCCCCCGCCC	-
287-CGCCGCGCCTC	KLF1_HUMAN.H11MO.0.A	3	0.00473816	3.64364	0.483499	11	CGCCGCGCCTC	CCCGGCCCCGCCCC	-
288-CGCGCCGCGGC	AP2D_HUMAN.H11MO.0.D	1	5.3894e-05	0.0414445	0.082889	11	CGCGCCGCGGC	ACGCGCCTCGGGCG	-
290-CGGGAGCGCACGG	ZBT14_HUMAN.H11MO.0.C	-2	0.000187512	0.144196	0.288393	9	CGGGAGCGCACGG	GGAGCGCGC	+
291-CGGTTCCTGCC	ERG_HUMAN.H11MO.0.A	1	0.000201938	0.15529	0.157162	11	CGGTTCCTGCC	CCACTTCCTGCCC	-
291-CGGTTCCTGCC	ETV4_HUMAN.H11MO.0.B	0	0.000206406	0.158726	0.157162	11	CGGTTCCTGCC	CCCTTCCTGTT	-
291-CGGTTCCTGCC	FLI1_HUMAN.H11MO.1.A	1	0.000384873	0.295967	0.181357	11	CGGTTCCTGCC	CCACTTCCTGCCT	-
291-CGGTTCCTGCC	ETV2_HUMAN.H11MO.0.B	2	0.000476366	0.366325	0.181357	11	CGGTTCCTGCC	CCCACTTCCTGTTTCC	-
291-CGGTTCCTGCC	ETV5_HUMAN.H11MO.0.C	2	0.000991138	0.762185	0.222125	11	CGGTTCCTGCC	CTCACTTCCTGCTC	-
291-CGGTTCCTGCC	ETS1_HUMAN.H11MO.0.A	1	0.0010288	0.79115	0.222125	11	CGGTTCCTGCC	CCACTTCCTGTCT	-
291-CGGTTCCTGCC	ETV1_HUMAN.H11MO.0.A	0	0.00104475	0.803412	0.222125	11	CGGTTCCTGCC	CACTTCCGGCC	-
291-CGGTTCCTGCC	FLI1_HUMAN.H11MO.0.A	4	0.00127516	0.9806	0.222125	11	CGGTTCCTGCC	TCCCTCCTTCCTTCCTCC	-
291-CGGTTCCTGCC	ETV6_HUMAN.H11MO.0.D	-1	0.00131276	1.00951	0.222125	9	CGGTTCCTGCC	ACTTCCTGT	-
291-CGGTTCCTGCC	ELK4_HUMAN.H11MO.0.A	1	0.00204306	1.57112	0.278956	11	CGGTTCCTGCC	CCACTTCCGGTC	-
291-CGGTTCCTGCC	KAISO_HUMAN.H11MO.2.A	-1	0.00204306	1.57112	0.278956	10	CGGTTCCTGCC	TCTTCCTGCGAG	-
291-CGGTTCCTGCC	E2F7_HUMAN.H11MO.0.B	0	0.00232129	1.78507	0.278956	11	CGGTTCCTGCC	CCTTTCCCGCCCC	-
291-CGGTTCCTGCC	ETV7_HUMAN.H11MO.0.D	-2	0.00238135	1.83126	0.278956	7	CGGTTCCTGCC	CTTCCTG	-
291-CGGTTCCTGCC	E2F6_HUMAN.H11MO.0.A	0	0.00259854	1.99828	0.279105	11	CGGTTCCTGCC	CCCTTCCCGCCCC	-
291-CGGTTCCTGCC	ZN708_HUMAN.H11MO.1.D	1	0.00291778	2.24377	0.279105	8	CGGTTCCTGCC	GCTGTACCT	-
291-CGGTTCCTGCC	ZN708_HUMAN.H11MO.0.C	1	0.00295579	2.273	0.279105	11	CGGTTCCTGCC	GCTGTACCTGCTTATTAGGC	-
291-CGGTTCCTGCC	E2F3_HUMAN.H11MO.0.A	-2	0.00311574	2.39601	0.279105	9	CGGTTCCTGCC	TTTCCCGCCCT	-
291-CGGTTCCTGCC	FEV_HUMAN.H11MO.0.B	0	0.00423125	3.25383	0.357974	10	CGGTTCCTGCC	CGCTTCCCGC	-
291-CGGTTCCTGCC	E2F1_HUMAN.H11MO.0.A	-1	0.00489213	3.76205	0.392102	10	CGGTTCCTGCC	CTTTCCCGCCCCCC	-
291-CGGTTCCTGCC	ETS2_HUMAN.H11MO.0.B	2	0.0053023	4.07747	0.39788	11	CGGTTCCTGCC	TCCTCTTCCTTCC	-
291-CGGTTCCTGCC	E2F4_HUMAN.H11MO.0.A	-1	0.00559335	4.30129	0.39788	10	CGGTTCCTGCC	ATTTCCCGCCCCC	-
291-CGGTTCCTGCC	TFDP1_HUMAN.H11MO.0.C	-1	0.00574804	4.42024	0.39788	10	CGGTTCCTGCC	TTTTCCCGCCCCCC	-
291-CGGTTCCTGCC	E2F4_HUMAN.H11MO.1.A	3	0.00606293	4.66239	0.40143	11	CGGTTCCTGCC	TCAAATTTCCCGCC	-
291-CGGTTCCTGCC	ZN341_HUMAN.H11MO.1.C	2	0.00778084	5.98346	0.485041	7	CGGTTCCTGCC	GGCTGTTCC	-
291-CGGTTCCTGCC	ELK3_HUMAN.H11MO.0.D	1	0.00796276	6.12336	0.485041	11	CGGTTCCTGCC	GCACTTCCTGGG	-
292-CTCAAAAGCMAHVG	BCL6B_HUMAN.H11MO.0.D	0	0.000118527	0.091147	0.182294	11	CTCAAAAGCCACGG	CTAGAAAGCAT	-
293-CTCCACCTGGCCT	SNAI1_HUMAN.H11MO.0.C	-2	0.000129526	0.0996053	0.191964	8	CTCCACCTGGCCT	CCACCTGG	-
293-CTCCACCTGGCCT	MYCN_HUMAN.H11MO.0.A	0	0.000454806	0.349745	0.220493	12	CTCCACCTGGCCT	GCCCACGTGGCC	-
293-CTCCACCTGGCCT	MCR_HUMAN.H11MO.0.D	3	0.000569574	0.438003	0.220493	13	CTCCACCTGGCCT	TACAACAACCTGTTCTT	-
293-CTCCACCTGGCCT	ESR2_HUMAN.H11MO.1.A	-6	0.000602039	0.462968	0.220493	7	CTCCACCTGGCCT	GTGACCT	-
293-CTCCACCTGGCCT	RARG_HUMAN.H11MO.1.B	-6	0.000848118	0.652203	0.220493	7	CTCCACCTGGCCT	CTGACCTC	-
293-CTCCACCTGGCCT	FIGLA_HUMAN.H11MO.0.D	-1	0.000912356	0.701602	0.220493	11	CTCCACCTGGCCT	AACACCTGTTA	-
293-CTCCACCTGGCCT	NR1H4_HUMAN.H11MO.1.B	-5	0.00107482	0.826535	0.220493	8	CTCCACCTGGCCT	ACTGACCT	-
293-CTCCACCTGGCCT	CR3L1_HUMAN.H11MO.0.D	-1	0.00124765	0.959446	0.220493	11	CTCCACCTGGCCT	GCCACGTGGCA	+
293-CTCCACCTGGCCT	RARA_HUMAN.H11MO.1.A	-4	0.00133898	1.02968	0.220493	9	CTCCACCTGGCCT	CCCTGACCTT	-
293-CTCCACCTGGCCT	ASCL1_HUMAN.H11MO.0.A	0	0.00191472	1.47242	0.22712	13	CTCCACCTGGCCT	CTGCACCTGCTCCC	+
293-CTCCACCTGGCCT	NDF2_HUMAN.H11MO.0.B	-2	0.00216039	1.66134	0.22712	9	CTCCACCTGGCCT	CCATCTGTT	-
293-CTCCACCTGGCCT	ID4_HUMAN.H11MO.0.D	0	0.00243241	1.87052	0.22712	11	CTCCACCTGGCCT	TTACACCTGTC	-
293-CTCCACCTGGCCT	ESR1_HUMAN.H11MO.0.A	2	0.00259026	1.99191	0.22712	13	CTCCACCTGGCCT	AGGTCACCCTGACCT	+
293-CTCCACCTGGCCT	TFE2_HUMAN.H11MO.0.A	0	0.00290393	2.23312	0.22712	11	CTCCACCTGGCCT	CTGCAGCTGTG	-
293-CTCCACCTGGCCT	ATOH1_HUMAN.H11MO.0.B	-2	0.00302502	2.32624	0.22712	9	CTCCACCTGGCCT	CCATCTGCT	-
293-CTCCACCTGGCCT	MYC_HUMAN.H11MO.0.A	0	0.00307919	2.36789	0.22712	11	CTCCACCTGGCCT	GAGCACGTGGC	-
293-CTCCACCTGGCCT	MAX_HUMAN.H11MO.0.A	-2	0.00308747	2.37427	0.22712	10	CTCCACCTGGCCT	CCACGTGCTC	-
293-CTCCACCTGGCCT	NDF1_HUMAN.H11MO.0.A	-1	0.00328593	2.52688	0.22712	10	CTCCACCTGGCCT	ACCATCTGTC	-
293-CTCCACCTGGCCT	BMAL1_HUMAN.H11MO.0.A	-1	0.00345972	2.66052	0.22712	11	CTCCACCTGGCCT	GCCACGTGACT	+
293-CTCCACCTGGCCT	MESP1_HUMAN.H11MO.0.D	1	0.00345972	2.66052	0.22712	10	CTCCACCTGGCCT	TCCACACCTGC	-
293-CTCCACCTGGCCT	SNAI2_HUMAN.H11MO.0.A	-1	0.00349619	2.68857	0.22712	10	CTCCACCTGGCCT	TGCACCTGCC	-
293-CTCCACCTGGCCT	MYOG_HUMAN.H11MO.0.B	0	0.00352315	2.7093	0.22712	13	CTCCACCTGGCCT	CCGCAGCTGTCCC	+
293-CTCCACCTGGCCT	BHE41_HUMAN.H11MO.0.D	4	0.00352468	2.71048	0.22712	13	CTCCACCTGGCCT	GCCTCTGCACGTGACCCGGT	-
293-CTCCACCTGGCCT	NR1H3_HUMAN.H11MO.1.B	-5	0.0039547	3.04116	0.244211	8	CTCCACCTGGCCT	TCTGACCTTT	-
293-CTCCACCTGGCCT	ZEB1_HUMAN.H11MO.0.A	-1	0.00420431	3.23312	0.247174	10	CTCCACCTGGCCT	CTCACCTGTC	-
293-CTCCACCTGGCCT	PPARA_HUMAN.H11MO.1.B	-6	0.00477931	3.67529	0.247174	7	CTCCACCTGGCCT	CTGACCTTT	-
293-CTCCACCTGGCCT	RARA_HUMAN.H11MO.2.A	4	0.00485482	3.73336	0.247174	13	CTCCACCTGGCCT	TGACCTCTCGGTGACCT	-
293-CTCCACCTGGCCT	MXI1_HUMAN.H11MO.1.A	-1	0.00488113	3.75359	0.247174	11	CTCCACCTGGCCT	CCCACGTGCTC	+
293-CTCCACCTGGCCT	USF1_HUMAN.H11MO.0.A	0	0.00517012	3.97583	0.247174	12	CTCCACCTGGCCT	GGTCACGTGACC	-
293-CTCCACCTGGCCT	HEY1_HUMAN.H11MO.0.D	0	0.00545518	4.19503	0.252652	12	CTCCACCTGGCCT	CGACACGTGCCA	-
293-CTCCACCTGGCCT	ESR2_HUMAN.H11MO.0.A	2	0.00636583	4.89532	0.254795	13	CTCCACCTGGCCT	AGGTCACCCTGACCT	+
293-CTCCACCTGGCCT	TWST1_HUMAN.H11MO.1.A	-1	0.00640411	4.92476	0.254795	10	CTCCACCTGGCCT	CACATCTGGT	+
293-CTCCACCTGGCCT	TGIF2_HUMAN.H11MO.0.D	-2	0.00646339	4.97035	0.254795	11	CTCCACCTGGCCT	ACAGCTGTCAT	-
293-CTCCACCTGGCCT	SP1_HUMAN.H11MO.0.A	1	0.00654703	5.03467	0.254795	13	CTCCACCTGGCCT	CCCCCCCCCGGCCCCGCCCCCC	-
293-CTCCACCTGGCCT	MYOD1_HUMAN.H11MO.1.A	0	0.00683229	5.25403	0.254795	11	CTCCACCTGGCCT	CTGCAGCTGTC	+
293-CTCCACCTGGCCT	ITF2_HUMAN.H11MO.0.C	-1	0.00720482	5.5405	0.254795	10	CTCCACCTGGCCT	GGCAGCTGGG	+
293-CTCCACCTGGCCT	MITF_HUMAN.H11MO.0.A	-2	0.00720482	5.5405	0.254795	10	CTCCACCTGGCCT	TCACGTGACC	+
293-CTCCACCTGGCCT	TFE3_HUMAN.H11MO.0.B	-2	0.00720482	5.5405	0.254795	10	CTCCACCTGGCCT	TCACGTGACC	-
293-CTCCACCTGGCCT	RARB_HUMAN.H11MO.0.D	-3	0.00722067	5.5527	0.254795	10	CTCCACCTGGCCT	GCCCTGACCTC	-
293-CTCCACCTGGCCT	NGN2_HUMAN.H11MO.0.D	-1	0.00749782	5.76582	0.256984	12	CTCCACCTGGCCT	GCCATCTGCTCC	-
293-CTCCACCTGGCCT	ZBT18_HUMAN.H11MO.0.C	0	0.00762948	5.86707	0.256984	11	CTCCACCTGGCCT	CCACATCTGGA	-
293-CTCCACCTGGCCT	OLIG2_HUMAN.H11MO.1.B	-2	0.00858034	6.59828	0.270564	10	CTCCACCTGGCCT	CCATCTGTTT	+
293-CTCCACCTGGCCT	ZN257_HUMAN.H11MO.0.C	-3	0.00923402	7.10096	0.271202	10	CTCCACCTGGCCT	GCTCTTGCCTCT	+
293-CTCCACCTGGCCT	ZBTB4_HUMAN.H11MO.0.D	-1	0.00947182	7.28383	0.271202	12	CTCCACCTGGCCT	CCCACCTGCCATCTAGG	-
293-CTCCACCTGGCCT	PTF1A_HUMAN.H11MO.1.B	-2	0.00951249	7.3151	0.271202	9	CTCCACCTGGCCT	CCAGCTGCT	-
293-CTCCACCTGGCCT	NR4A2_HUMAN.H11MO.0.C	-6	0.00951249	7.3151	0.271202	7	CTCCACCTGGCCT	GTGACCTTT	-
293-CTCCACCTGGCCT	ESR1_HUMAN.H11MO.1.A	-5	0.0096277	7.4037	0.271202	8	CTCCACCTGGCCT	GGTGACCTTG	-
293-CTCCACCTGGCCT	MYF6_HUMAN.H11MO.0.C	-3	0.00969853	7.45817	0.271202	7	CTCCACCTGGCCT	CAGCTGC	+
293-CTCCACCTGGCCT	CLOCK_HUMAN.H11MO.0.C	1	0.0102825	7.90721	0.282206	13	CTCCACCTGGCCT	TGTTCACGTGTCTG	-
293-CTCCACCTGGCCT	HTF4_HUMAN.H11MO.0.A	-1	0.0107918	8.29887	0.285606	10	CTCCACCTGGCCT	TGCAGCTGTG	+
293-CTCCACCTGGCCT	USF2_HUMAN.H11MO.0.A	6	0.0116418	8.95257	0.302698	13	CTCCACCTGGCCT	CGCCGCGGCCACGTGACCC	-
293-CTCCACCTGGCCT	KLF8_HUMAN.H11MO.0.C	0	0.0121083	9.31129	0.309399	9	CTCCACCTGGCCT	CACCCCCTG	-
293-CTCCACCTGGCCT	NR4A3_HUMAN.H11MO.0.D	-6	0.0127826	9.82982	0.31091	7	CTCCACCTGGCCT	CTGACCTTTG	-
293-CTCCACCTGGCCT	ZN436_HUMAN.H11MO.0.C	4	0.0128435	9.87666	0.31091	13	CTCCACCTGGCCT	CCTCCTCCAGGAAGCCTTCCCTGA	-
293-CTCCACCTGGCCT	RXRA_HUMAN.H11MO.1.A	-6	0.013518	10.3953	0.31091	7	CTCCACCTGGCCT	CTGACCTCTG	-
293-CTCCACCTGGCCT	ZN554_HUMAN.H11MO.0.C	4	0.0136143	10.4694	0.31091	13	CTCCACCTGGCCT	AGCACCCCACATGGCTCAGC	-
293-CTCCACCTGGCCT	TFEB_HUMAN.H11MO.0.C	-3	0.0136359	10.486	0.31091	9	CTCCACCTGGCCT	CACGTGACC	-
293-CTCCACCTGGCCT	COT1_HUMAN.H11MO.1.C	-4	0.0147846	11.3694	0.329249	9	CTCCACCTGGCCT	CCCTGACCTCTGC	-
293-CTCCACCTGGCCT	ZFX_HUMAN.H11MO.0.A	-5	0.0151067	11.6171	0.329249	8	CTCCACCTGGCCT	CGGGGCCTGG	-
293-CTCCACCTGGCCT	THA_HUMAN.H11MO.1.D	-6	0.0151067	11.6171	0.329249	7	CTCCACCTGGCCT	CTGACCTGAG	-
293-CTCCACCTGGCCT	ZSC22_HUMAN.H11MO.0.C	4	0.0153685	11.8184	0.329657	12	CTCCACCTGGCCT	CCTCCTCCCTCAGACC	-
293-CTCCACCTGGCCT	MXI1_HUMAN.H11MO.0.A	-2	0.0155703	11.9736	0.329657	11	CTCCACCTGGCCT	GCACGTGGCGGCGGG	+
293-CTCCACCTGGCCT	MEIS3_HUMAN.H11MO.0.D	-3	0.0161219	12.3978	0.333436	10	CTCCACCTGGCCT	CACCTGTCAAA	-
293-CTCCACCTGGCCT	COT2_HUMAN.H11MO.0.A	-3	0.0162926	12.529	0.333436	10	CTCCACCTGGCCT	CCTCTGACCTTTG	-
293-CTCCACCTGGCCT	NFIA_HUMAN.H11MO.1.D	-5	0.0169346	13.0227	0.333436	7	CTCCACCTGGCCT	CTTGGCA	+
293-CTCCACCTGGCCT	RORA_HUMAN.H11MO.0.C	-4	0.0170987	13.1489	0.333436	9	CTCCACCTGGCCT	CCCTGACCTAGTT	-
293-CTCCACCTGGCCT	TFAP4_HUMAN.H11MO.0.A	-2	0.017813	13.6982	0.3397	10	CTCCACCTGGCCT	CCAGCTGTTT	+
293-CTCCACCTGGCCT	BHA15_HUMAN.H11MO.0.B	1	0.0178783	13.7484	0.3397	10	CTCCACCTGGCCT	GCAGCAGCTGG	+
293-CTCCACCTGGCCT	ASCL2_HUMAN.H11MO.0.D	-2	0.0182551	14.0382	0.342468	9	CTCCACCTGGCCT	CCAGCTGCT	+
293-CTCCACCTGGCCT	RXRB_HUMAN.H11MO.0.C	-5	0.0188091	14.4642	0.344365	8	CTCCACCTGGCCT	TGTGACCTCA	-
293-CTCCACCTGGCCT	ZSC31_HUMAN.H11MO.0.C	-1	0.0204284	15.7095	0.361188	12	CTCCACCTGGCCT	CATAACTGCCCTGCTGCC	-
293-CTCCACCTGGCCT	NFIB_HUMAN.H11MO.0.D	-4	0.0204715	15.7426	0.361188	9	CTCCACCTGGCCT	CCCTGGCAG	+
293-CTCCACCTGGCCT	XBP1_HUMAN.H11MO.0.D	0	0.0208445	16.0294	0.363442	11	CTCCACCTGGCCT	GCTGACGTGGC	+
293-CTCCACCTGGCCT	MEIS2_HUMAN.H11MO.0.B	0	0.0217102	16.6952	0.369835	13	CTCCACCTGGCCT	TGACAGCTGTCAA	-
293-CTCCACCTGGCCT	PLAG1_HUMAN.H11MO.0.D	3	0.022675	17.4371	0.379003	13	CTCCACCTGGCCT	CCCCTCCTGATGCCCCC	-
293-CTCCACCTGGCCT	ZBTB6_HUMAN.H11MO.0.C	3	0.0227598	17.5023	0.379003	10	CTCCACCTGGCCT	CGGCTCCAGCACC	-
293-CTCCACCTGGCCT	STF1_HUMAN.H11MO.0.B	-7	0.0242561	18.6529	0.390747	6	CTCCACCTGGCCT	TGGCCTTGAGC	-
293-CTCCACCTGGCCT	ERR1_HUMAN.H11MO.0.A	-2	0.0249485	19.1854	0.39758	11	CTCCACCTGGCCT	CTGTGTGACCTTGAG	-
293-CTCCACCTGGCCT	ERR2_HUMAN.H11MO.0.A	-7	0.025653	19.7271	0.4002	6	CTCCACCTGGCCT	TGACCTTGA	-
293-CTCCACCTGGCCT	CTCF_HUMAN.H11MO.0.A	6	0.0264096	20.309	0.407712	13	CTCCACCTGGCCT	TGGCGCCCCCTGGTGGCCA	-
293-CTCCACCTGGCCT	COT1_HUMAN.H11MO.0.C	-4	0.0273013	20.9947	0.417133	9	CTCCACCTGGCCT	CCCTGACCTCTGACCCC	-
293-CTCCACCTGGCCT	VEZF1_HUMAN.H11MO.0.C	9	0.0290832	22.365	0.423481	13	CTCCACCTGGCCT	CCCCTCCCCCTCCCCCCTCCCC	-
293-CTCCACCTGGCCT	MLX_HUMAN.H11MO.0.D	-2	0.0295995	22.762	0.423481	11	CTCCACCTGGCCT	GCACGTGATCA	-
293-CTCCACCTGGCCT	NR5A2_HUMAN.H11MO.0.B	-7	0.0295995	22.762	0.423481	6	CTCCACCTGGCCT	TGGCCTTGAAC	-
293-CTCCACCTGGCCT	MYBA_HUMAN.H11MO.0.D	1	0.0299715	23.0481	0.423481	13	CTCCACCTGGCCT	TCTCCAACTGCCACT	-
293-CTCCACCTGGCCT	Z324A_HUMAN.H11MO.0.C	1	0.0300349	23.0969	0.423481	13	CTCCACCTGGCCT	TATCAAACCATCCTTTGCTGCCA	+
293-CTCCACCTGGCCT	HES1_HUMAN.H11MO.0.D	0	0.0300973	23.1449	0.423481	13	CTCCACCTGGCCT	GGGCTCGTGGCGG	-
293-CTCCACCTGGCCT	NFIC_HUMAN.H11MO.1.A	-4	0.0302884	23.2918	0.423481	9	CTCCACCTGGCCT	TCTTGGCAG	+
293-CTCCACCTGGCCT	PTF1A_HUMAN.H11MO.0.B	-2	0.031053	23.8797	0.429761	11	CTCCACCTGGCCT	CCAGCTGCCCCCTTTCCC	+
293-CTCCACCTGGCCT	TWST1_HUMAN.H11MO.0.A	-2	0.0313175	24.0832	0.429761	11	CTCCACCTGGCCT	ACATCTGGTTTTAATTA	+
293-CTCCACCTGGCCT	NR4A1_HUMAN.H11MO.0.A	-6	0.0319936	24.6031	0.435011	7	CTCCACCTGGCCT	CTGACCTTT	-
293-CTCCACCTGGCCT	HEY2_HUMAN.H11MO.0.D	2	0.0327709	25.2008	0.441528	13	CTCCACCTGGCCT	GGGGGCACGTGGCATTA	+
293-CTCCACCTGGCCT	BHE40_HUMAN.H11MO.0.A	-1	0.0336407	25.8697	0.448645	10	CTCCACCTGGCCT	GGCACGTGAC	+
293-CTCCACCTGGCCT	RARG_HUMAN.H11MO.0.B	5	0.0340085	26.1525	0.448645	13	CTCCACCTGGCCT	CCCAGGTCACTCTGACCT	-
293-CTCCACCTGGCCT	HES5_HUMAN.H11MO.0.D	0	0.0348127	26.771	0.448645	12	CTCCACCTGGCCT	CGGCACGTGCCA	-
293-CTCCACCTGGCCT	ZN134_HUMAN.H11MO.1.C	1	0.0375044	28.8409	0.471046	13	CTCCACCTGGCCT	CCTTCACCTGATTAGGT	-
293-CTCCACCTGGCCT	MYB_HUMAN.H11MO.0.A	-2	0.0381954	29.3722	0.475652	11	CTCCACCTGGCCT	CCAACTGCCACC	-
293-CTCCACCTGGCCT	RARG_HUMAN.H11MO.2.D	5	0.038513	29.6165	0.475652	13	CTCCACCTGGCCT	GTGACCTCTGGGTGACCCCC	-
293-CTCCACCTGGCCT	THB_HUMAN.H11MO.0.C	3	0.0392142	30.1557	0.477364	13	CTCCACCTGGCCT	TGACCTGACCTGACCTC	-
293-CTCCACCTGGCCT	TGIF1_HUMAN.H11MO.0.A	-5	0.0392958	30.2185	0.477364	7	CTCCACCTGGCCT	GCTGTCA	-
294-CTGGCCCCCGGG	ZF64A_HUMAN.H11MO.0.D	0	7.83293e-05	0.0602352	0.0788473	12	CTGGCCCCCGGG	CAGGTTCCCGGGCCCC	-
294-CTGGCCCCCGGG	ZN320_HUMAN.H11MO.0.C	2	0.000102687	0.0789665	0.0788473	12	CTGGCCCCCGGG	CACTGGCCCCCTGGTCCCAC	-
294-CTGGCCCCCGGG	PLAL1_HUMAN.H11MO.0.D	-1	0.000444309	0.341674	0.203153	10	CTGGCCCCCGGG	GGGCCCCCCG	-
294-CTGGCCCCCGGG	AP2B_HUMAN.H11MO.0.B	-3	0.000541352	0.4163	0.203153	9	CTGGCCCCCGGG	GCCCCCGGGC	-
294-CTGGCCCCCGGG	MECP2_HUMAN.H11MO.0.C	-5	0.00131417	1.0106	0.336358	7	CTGGCCCCCGGG	CTCCGGG	-
294-CTGGCCCCCGGG	COE1_HUMAN.H11MO.0.A	0	0.00164546	1.26536	0.360986	12	CTGGCCCCCGGG	AAGTCCCCAGGGACC	+
295-CTGGGAAAATNGAG	NFAC2_HUMAN.H11MO.0.B	-2	0.000144319	0.110981	0.221192	9	CTGGGAAAATCGAG	TGGAAAATT	+
295-CTGGGAAAATNGAG	NFAC4_HUMAN.H11MO.0.C	-2	0.000433591	0.333432	0.300275	10	CTGGGAAAATCGAG	AGGAAAATTT	+
295-CTGGGAAAATNGAG	STA5A_HUMAN.H11MO.0.A	2	0.000962337	0.740037	0.300275	8	CTGGGAAAATCGAG	TTCTAGGAAA	+
295-CTGGGAAAATNGAG	NFAT5_HUMAN.H11MO.0.D	0	0.00101388	0.779675	0.300275	11	CTGGGAAAATCGAG	AGAGGAAAAGG	+
295-CTGGGAAAATNGAG	IKZF1_HUMAN.H11MO.0.C	0	0.00118221	0.909123	0.300275	8	CTGGGAAAATCGAG	TTGGGAGA	+
295-CTGGGAAAATNGAG	STA5B_HUMAN.H11MO.0.A	3	0.0012932	0.994469	0.300275	9	CTGGGAAAATCGAG	TTTCTTAGAAAT	+
295-CTGGGAAAATNGAG	STAT3_HUMAN.H11MO.0.A	2	0.00138018	1.06136	0.300275	10	CTGGGAAAATCGAG	TTCCGGGAAATG	-
295-CTGGGAAAATNGAG	STAT1_HUMAN.H11MO.0.A	7	0.00156734	1.20528	0.300275	12	CTGGGAAAATCGAG	GTGATTTCCAGGAAAGGGG	-
295-CTGGGAAAATNGAG	NFAC1_HUMAN.H11MO.1.B	0	0.00179364	1.37931	0.30545	10	CTGGGAAAATCGAG	AATGGAAAAT	+
295-CTGGGAAAATNGAG	NFAC3_HUMAN.H11MO.0.B	-2	0.00236295	1.81711	0.336286	9	CTGGGAAAATCGAG	TGGAAAACT	+
295-CTGGGAAAATNGAG	SUH_HUMAN.H11MO.0.A	3	0.00241354	1.85601	0.336286	8	CTGGGAAAATCGAG	GGCGTGGGAAA	+
295-CTGGGAAAATNGAG	REL_HUMAN.H11MO.0.B	2	0.00382271	2.93967	0.488244	13	CTGGGAAAATCGAG	TGAAGGGAAATTCCA	+
296-CTMCAGCTCCCG	THA11_HUMAN.H11MO.0.B	3	9.49658e-05	0.0730287	0.077389	12	CTCCAGCTCCCG	GAACTACAACTCCCAGCATGCC	-
296-CTMCAGCTCCCG	ZN143_HUMAN.H11MO.0.A	3	0.000101318	0.0779139	0.077389	12	CTCCAGCTCCCG	GAACTACAATTCCCAGAATGCC	-
296-CTMCAGCTCCCG	ZNF76_HUMAN.H11MO.0.C	1	0.000230464	0.177227	0.117355	12	CTCCAGCTCCCG	ACTACAATTCCCAGAATGCCCC	-
296-CTMCAGCTCCCG	PTF1A_HUMAN.H11MO.1.B	-2	0.000377902	0.290606	0.122729	9	CTCCAGCTCCCG	CCAGCTGCT	-
296-CTMCAGCTCCCG	ZBTB6_HUMAN.H11MO.0.C	3	0.000401696	0.308904	0.122729	10	CTCCAGCTCCCG	CGGCTCCAGCACC	-
296-CTMCAGCTCCCG	BHA15_HUMAN.H11MO.0.B	-2	0.000541752	0.416607	0.137933	10	CTCCAGCTCCCG	CCAGCTGCTGC	-
296-CTMCAGCTCCCG	OSR2_HUMAN.H11MO.0.C	1	0.00117666	0.904855	0.247289	12	CTCCAGCTCCCG	GCTGCTGCTTCTGCTG	+
296-CTMCAGCTCCCG	ASCL2_HUMAN.H11MO.0.D	-2	0.00129501	0.995865	0.247289	9	CTCCAGCTCCCG	CCAGCTGCT	+
296-CTMCAGCTCCCG	MYF6_HUMAN.H11MO.0.C	-3	0.00168738	1.2976	0.250249	7	CTCCAGCTCCCG	CAGCTGC	+
296-CTMCAGCTCCCG	ITF2_HUMAN.H11MO.0.C	-1	0.00172552	1.32692	0.250249	10	CTCCAGCTCCCG	CCCAGCTGCC	-
296-CTMCAGCTCCCG	MYOG_HUMAN.H11MO.0.B	0	0.00180196	1.38571	0.250249	12	CTCCAGCTCCCG	CCGCAGCTGTCCC	+
296-CTMCAGCTCCCG	MYOD1_HUMAN.H11MO.1.A	0	0.00215335	1.65592	0.274128	11	CTCCAGCTCCCG	CTGCAGCTGTC	+
296-CTMCAGCTCCCG	ASCL1_HUMAN.H11MO.0.A	0	0.00246359	1.8945	0.289498	12	CTCCAGCTCCCG	CTGCACCTGCTCCC	+
296-CTMCAGCTCCCG	PATZ1_HUMAN.H11MO.1.C	-3	0.00339394	2.60994	0.357688	9	CTCCAGCTCCCG	CCCCTCCCT	-
296-CTMCAGCTCCCG	WT1_HUMAN.H11MO.1.B	-2	0.00351217	2.70086	0.357688	10	CTCCAGCTCCCG	CCTCCTCCCAC	-
296-CTMCAGCTCCCG	TFE2_HUMAN.H11MO.0.A	-1	0.00412028	3.1685	0.362923	11	CTCCAGCTCCCG	CACAGCTGCAG	+
296-CTMCAGCTCCCG	ATOH1_HUMAN.H11MO.0.B	-2	0.00427629	3.28846	0.362923	9	CTCCAGCTCCCG	CCATCTGCT	-
296-CTMCAGCTCCCG	WT1_HUMAN.H11MO.0.C	3	0.00527391	4.05563	0.424033	12	CTCCAGCTCCCG	CCCCCCCTCCTCCCCCGCCC	-
296-CTMCAGCTCCCG	TFAP4_HUMAN.H11MO.0.A	-2	0.00594101	4.56864	0.432213	10	CTCCAGCTCCCG	CCAGCTGTTT	+
296-CTMCAGCTCCCG	ZN263_HUMAN.H11MO.1.A	-2	0.00594151	4.56902	0.432213	10	CTCCAGCTCCCG	CCTCCTCCCTC	-
296-CTMCAGCTCCCG	ZN816_HUMAN.H11MO.0.C	2	0.00672665	5.1728	0.467086	12	CTCCAGCTCCCG	CCCTGCATGTCCCCCTTTTTT	-
297-GAGCTTTCCC	NFKB1_HUMAN.H11MO.1.B	1	0.000329147	0.253114	0.38926	10	GAGCTTTCCC	GGGAATTTCCC	-
297-GAGCTTTCCC	NFKB2_HUMAN.H11MO.0.B	1	0.000553027	0.425278	0.38926	10	GAGCTTTCCC	GGGGCTTTCCC	-
297-GAGCTTTCCC	RELB_HUMAN.H11MO.0.C	2	0.00168203	1.29348	0.38926	10	GAGCTTTCCC	GGGGGATTTCCC	+
297-GAGCTTTCCC	HSF1_HUMAN.H11MO.0.A	5	0.00197888	1.52176	0.38926	10	GAGCTTTCCC	TTCTAGAACCTTCCA	-
297-GAGCTTTCCC	RXRG_HUMAN.H11MO.0.B	2	0.00212055	1.6307	0.38926	10	GAGCTTTCCC	GTGACCTTTGACC	-
297-GAGCTTTCCC	REL_HUMAN.H11MO.0.B	1	0.00223075	1.71545	0.38926	10	GAGCTTTCCC	TGGAATTTCCCTTCA	-
297-GAGCTTTCCC	NFAT5_HUMAN.H11MO.0.D	-1	0.00225823	1.73658	0.38926	9	GAGCTTTCCC	CCTTTTCCTCT	-
297-GAGCTTTCCC	ZEP1_HUMAN.H11MO.0.D	1	0.00239766	1.8438	0.38926	10	GAGCTTTCCC	GGGGATTTCCCA	-
297-GAGCTTTCCC	MGAP_HUMAN.H11MO.0.D	6	0.00241146	1.85441	0.38926	10	GAGCTTTCCC	AGGTGTGAATTTTCAC	+
297-GAGCTTTCCC	TF65_HUMAN.H11MO.0.A	3	0.00255888	1.96778	0.38926	10	GAGCTTTCCC	CAGGGAATTTCCAG	+
297-GAGCTTTCCC	NFAC4_HUMAN.H11MO.0.C	0	0.00304277	2.33989	0.404227	10	GAGCTTTCCC	AAATTTTCCT	-
297-GAGCTTTCCC	PRDM1_HUMAN.H11MO.0.A	0	0.00342255	2.63194	0.404227	10	GAGCTTTCCC	TCACTTTCACTTTC	-
297-GAGCTTTCCC	NFAC3_HUMAN.H11MO.0.B	-1	0.00429113	3.29988	0.404227	9	GAGCTTTCCC	AGTTTTCCA	-
297-GAGCTTTCCC	REST_HUMAN.H11MO.0.A	2	0.00452955	3.48322	0.404227	10	GAGCTTTCCC	GGGCGCTGTCCATGGTGCTGAA	-
297-GAGCTTTCCC	PPARD_HUMAN.H11MO.0.D	1	0.00455134	3.49998	0.404227	10	GAGCTTTCCC	TGACCTTTGTCCTA	-
297-GAGCTTTCCC	STAT1_HUMAN.H11MO.0.A	0	0.00474764	3.65094	0.404227	10	GAGCTTTCCC	GTGATTTCCAGGAAAGGGG	-
297-GAGCTTTCCC	ZN708_HUMAN.H11MO.1.D	-2	0.00483364	3.71707	0.404227	8	GAGCTTTCCC	GCTGTACCT	-
297-GAGCTTTCCC	NR1H2_HUMAN.H11MO.0.D	4	0.00502956	3.86774	0.404227	10	GAGCTTTCCC	CGTTGACCTTTGACCTTTA	-
297-GAGCTTTCCC	NFAC2_HUMAN.H11MO.0.B	-1	0.00512806	3.94347	0.404227	9	GAGCTTTCCC	AATTTTCCA	-
297-GAGCTTTCCC	HSF4_HUMAN.H11MO.0.D	5	0.00531453	4.08688	0.404227	10	GAGCTTTCCC	TTCTAGAACGTTCTA	-
297-GAGCTTTCCC	PPARA_HUMAN.H11MO.0.B	1	0.00646797	4.97387	0.457264	10	GAGCTTTCCC	TGACCTTTGCCCCAGTT	-
297-GAGCTTTCCC	PPARG_HUMAN.H11MO.0.A	1	0.00683917	5.25933	0.457264	10	GAGCTTTCCC	TGACCTTTGCCCCACTT	-
297-GAGCTTTCCC	NR4A3_HUMAN.H11MO.0.D	2	0.00750223	5.76922	0.457264	8	GAGCTTTCCC	CTGACCTTTG	-
297-GAGCTTTCCC	ZN257_HUMAN.H11MO.0.C	0	0.0077839	5.98582	0.457264	10	GAGCTTTCCC	GCTCTTGCCTCT	+
297-GAGCTTTCCC	E2F4_HUMAN.H11MO.1.A	1	0.0079117	6.0841	0.457264	10	GAGCTTTCCC	TCAAATTTCCCGCC	-
297-GAGCTTTCCC	NR4A2_HUMAN.H11MO.0.C	2	0.00815389	6.27034	0.457264	7	GAGCTTTCCC	GTGACCTTT	-
297-GAGCTTTCCC	SUH_HUMAN.H11MO.0.A	-4	0.00820416	6.309	0.457264	6	GAGCTTTCCC	TTTCCCACGCC	-
297-GAGCTTTCCC	IKZF1_HUMAN.H11MO.0.C	-4	0.00844779	6.49635	0.457264	6	GAGCTTTCCC	TCTCCCAA	-
297-GAGCTTTCCC	ETV7_HUMAN.H11MO.0.D	-4	0.00875766	6.73464	0.457264	6	GAGCTTTCCC	CTTCCTG	-
297-GAGCTTTCCC	E2F1_HUMAN.H11MO.0.A	-3	0.0092982	7.15032	0.457264	7	GAGCTTTCCC	CTTTCCCGCCCCCC	-
297-GAGCTTTCCC	E2F6_HUMAN.H11MO.0.A	-2	0.00964222	7.41487	0.457264	8	GAGCTTTCCC	CCCTTCCCGCCCC	-
297-GAGCTTTCCC	HXB2_HUMAN.H11MO.0.D	5	0.00971642	7.47192	0.457264	10	GAGCTTTCCC	TTCTAGAATGTTCTA	-
297-GAGCTTTCCC	STAT3_HUMAN.H11MO.0.A	-2	0.0101613	7.814	0.457264	8	GAGCTTTCCC	CATTTCCCGGAA	+
297-GAGCTTTCCC	ZN341_HUMAN.H11MO.1.C	-1	0.0102201	7.85927	0.457264	9	GAGCTTTCCC	GGCTGTTCC	-
297-GAGCTTTCCC	TFDP1_HUMAN.H11MO.0.C	-3	0.0114971	8.84123	0.499699	7	GAGCTTTCCC	TTTTCCCGCCCCCC	-
302-KCATCCSMCSCGCCS	KLF16_HUMAN.H11MO.0.D	2	0.000160898	0.12373	0.180035	15	TCATCCCACCCGCCC	CCCCCCCCCCCCCGCCCCC	-
302-KCATCCSMCSCGCCS	EGR4_HUMAN.H11MO.0.D	-3	0.000389477	0.299508	0.180035	11	TCATCCCACCCGCCC	GCCCTGCCGCC	-
302-KCATCCSMCSCGCCS	TBX15_HUMAN.H11MO.0.D	3	0.000522228	0.401593	0.180035	15	TCATCCCACCCGCCC	CCCCCACCCCCCCCCCCCC	-
302-KCATCCSMCSCGCCS	EGR2_HUMAN.H11MO.1.A	2	0.000540083	0.415324	0.180035	14	TCATCCCACCCGCCC	CCCCCGCCCACGCCCC	-
302-KCATCCSMCSCGCCS	EGR2_HUMAN.H11MO.0.A	1	0.000597487	0.459467	0.180035	15	TCATCCCACCCGCCC	CCCCTCCCACACCCCCCC	-
302-KCATCCSMCSCGCCS	EGR1_HUMAN.H11MO.0.A	2	0.000743296	0.571594	0.186641	15	TCATCCCACCCGCCC	CCCCCGCCCACGCCCTC	-
302-KCATCCSMCSCGCCS	SP2_HUMAN.H11MO.0.A	0	0.00122104	0.938977	0.248458	15	TCATCCCACCCGCCC	CCCCCGGCCCCGCCCCCCCCCC	-
302-KCATCCSMCSCGCCS	SP1_HUMAN.H11MO.1.A	-4	0.00131931	1.01455	0.248458	11	TCATCCCACCCGCCC	CGGCCCCGCCCCCC	-
302-KCATCCSMCSCGCCS	ZN219_HUMAN.H11MO.0.D	-3	0.0015408	1.18488	0.255213	12	TCATCCCACCCGCCC	TCCGCCCCCCTC	-
302-KCATCCSMCSCGCCS	SP3_HUMAN.H11MO.0.B	-1	0.00169397	1.30266	0.255213	14	TCATCCCACCCGCCC	CCCCGGCCCCGCCCCCCCCC	-
302-KCATCCSMCSCGCCS	WT1_HUMAN.H11MO.0.C	7	0.00188431	1.44903	0.256498	13	TCATCCCACCCGCCC	CCCCCCCTCCTCCCCCGCCC	-
302-KCATCCSMCSCGCCS	E2F4_HUMAN.H11MO.1.A	0	0.00224066	1.72307	0.256498	14	TCATCCCACCCGCCC	TCAAATTTCCCGCC	-
302-KCATCCSMCSCGCCS	HEY2_HUMAN.H11MO.0.D	0	0.00241289	1.85551	0.256498	15	TCATCCCACCCGCCC	TAATGCCACGTGCCCCC	-
302-KCATCCSMCSCGCCS	E2F1_HUMAN.H11MO.0.A	0	0.00248616	1.91186	0.256498	14	TCATCCCACCCGCCC	CTTTCCCGCCCCCC	-
302-KCATCCSMCSCGCCS	SALL4_HUMAN.H11MO.0.B	-4	0.00255906	1.96792	0.256498	10	TCATCCCACCCGCCC	CCCACCCTCC	-
302-KCATCCSMCSCGCCS	SP1_HUMAN.H11MO.0.A	-1	0.00272774	2.09763	0.256498	14	TCATCCCACCCGCCC	CCCCCCCCCGGCCCCGCCCCCC	-
302-KCATCCSMCSCGCCS	KLF12_HUMAN.H11MO.0.C	-6	0.00298015	2.29173	0.256498	9	TCATCCCACCCGCCC	GCCCCGCCCCT	-
302-KCATCCSMCSCGCCS	E2F4_HUMAN.H11MO.0.A	-4	0.0030645	2.3566	0.256498	11	TCATCCCACCCGCCC	ATTTCCCGCCCCC	-
302-KCATCCSMCSCGCCS	ZN148_HUMAN.H11MO.0.D	1	0.00354636	2.72715	0.267233	14	TCATCCCACCCGCCC	CCCCTCCCCCACCCC	-
302-KCATCCSMCSCGCCS	E2F6_HUMAN.H11MO.0.A	-3	0.00358221	2.75472	0.267233	12	TCATCCCACCCGCCC	CCCTTCCCGCCCC	-
302-KCATCCSMCSCGCCS	ZBT17_HUMAN.H11MO.0.A	4	0.00381141	2.93097	0.267233	15	TCATCCCACCCGCCC	CTTCCCCTCCCCCACCCTC	-
302-KCATCCSMCSCGCCS	TFDP1_HUMAN.H11MO.0.C	0	0.00393781	3.02818	0.267233	14	TCATCCCACCCGCCC	TTTTCCCGCCCCCC	-
302-KCATCCSMCSCGCCS	ZN341_HUMAN.H11MO.0.C	2	0.00412098	3.16904	0.267233	15	TCATCCCACCCGCCC	GCTCTTCCCTCCCCCCCCCCCC	-
302-KCATCCSMCSCGCCS	ZSC22_HUMAN.H11MO.0.C	2	0.00425699	3.27363	0.267233	14	TCATCCCACCCGCCC	CCTCCTCCCTCAGACC	-
302-KCATCCSMCSCGCCS	VEZF1_HUMAN.H11MO.0.C	7	0.00456094	3.50736	0.27486	15	TCATCCCACCCGCCC	CCCCTCCCCCTCCCCCCTCCCC	-
302-KCATCCSMCSCGCCS	ZN740_HUMAN.H11MO.0.D	-4	0.00481086	3.69955	0.27877	11	TCATCCCACCCGCCC	CCCACCCCCCCCCC	-
302-KCATCCSMCSCGCCS	PROX1_HUMAN.H11MO.0.D	-3	0.00567111	4.36109	0.302026	12	TCATCCCACCCGCCC	CCCAACCCGCCTTACCC	-
302-KCATCCSMCSCGCCS	ZBTB4_HUMAN.H11MO.0.D	-4	0.00595476	4.57921	0.302026	11	TCATCCCACCCGCCC	CCCACCTGCCATCTAGG	-
302-KCATCCSMCSCGCCS	SP2_HUMAN.H11MO.1.B	-6	0.00602184	4.6308	0.302026	9	TCATCCCACCCGCCC	GCCCCGCCCCCT	-
302-KCATCCSMCSCGCCS	MAZ_HUMAN.H11MO.0.A	5	0.00615794	4.73546	0.302026	15	TCATCCCACCCGCCC	CCCCCCCCCCCCCCCCTCCCCC	-
302-KCATCCSMCSCGCCS	MAZ_HUMAN.H11MO.1.A	-6	0.00621453	4.77897	0.302026	9	TCATCCCACCCGCCC	CCCCCTCCCTC	-
302-KCATCCSMCSCGCCS	KLF5_HUMAN.H11MO.0.A	-2	0.00678863	5.22046	0.319617	13	TCATCCCACCCGCCC	CCCAGCCCCACCCT	-
302-KCATCCSMCSCGCCS	NR0B1_HUMAN.H11MO.0.D	-1	0.00719417	5.53232	0.321981	10	TCATCCCACCCGCCC	TCTCCCACGC	-
302-KCATCCSMCSCGCCS	WT1_HUMAN.H11MO.1.B	2	0.00732596	5.63366	0.321981	9	TCATCCCACCCGCCC	CCTCCTCCCAC	-
302-KCATCCSMCSCGCCS	KLF1_HUMAN.H11MO.0.A	-2	0.00747999	5.75211	0.321981	13	TCATCCCACCCGCCC	CCCGGCCCCGCCCC	-
302-KCATCCSMCSCGCCS	KLF6_HUMAN.H11MO.0.A	0	0.00798458	6.14014	0.329208	15	TCATCCCACCCGCCC	CCCCCGGCCCCGCCCTTCC	-
302-KCATCCSMCSCGCCS	GLIS3_HUMAN.H11MO.0.D	-3	0.0080849	6.21729	0.329208	10	TCATCCCACCCGCCC	TACCCCCCAC	-
302-KCATCCSMCSCGCCS	KLF3_HUMAN.H11MO.0.B	-2	0.00921615	7.08722	0.343148	13	TCATCCCACCCGCCC	CCCGGCCCCGCCCCTCCCC	-
302-KCATCCSMCSCGCCS	ZN281_HUMAN.H11MO.0.A	-3	0.00940499	7.23244	0.343148	12	TCATCCCACCCGCCC	TCCCCTCCCCCACCC	-
302-KCATCCSMCSCGCCS	SP4_HUMAN.H11MO.1.A	-4	0.00968799	7.45007	0.343148	11	TCATCCCACCCGCCC	CGGCCCCGCCCCCTCC	-
302-KCATCCSMCSCGCCS	E2F7_HUMAN.H11MO.0.B	-3	0.0097648	7.50913	0.343148	12	TCATCCCACCCGCCC	CCTTTCCCGCCCC	-
302-KCATCCSMCSCGCCS	E2F3_HUMAN.H11MO.0.A	-1	0.0101237	7.78511	0.343148	11	TCATCCCACCCGCCC	TTTCCCGCCCT	-
302-KCATCCSMCSCGCCS	KLF4_HUMAN.H11MO.0.A	-6	0.0101803	7.82863	0.343148	9	TCATCCCACCCGCCC	GCCACACCCT	-
302-KCATCCSMCSCGCCS	GLIS1_HUMAN.H11MO.0.D	0	0.0102494	7.88176	0.343148	13	TCATCCCACCCGCCC	AGACCCCCCACGA	-
302-KCATCCSMCSCGCCS	SRBP2_HUMAN.H11MO.0.B	2	0.0102494	7.88176	0.343148	11	TCATCCCACCCGCCC	CCTCACCCCACCC	-
302-KCATCCSMCSCGCCS	RHXF1_HUMAN.H11MO.0.D	2	0.0106767	8.21038	0.349438	9	TCATCCCACCCGCCC	GTTAATCCCCG	-
302-KCATCCSMCSCGCCS	GLIS2_HUMAN.H11MO.0.D	-1	0.0109563	8.42542	0.349438	14	TCATCCCACCCGCCC	GACCCCCCGCGAAG	-
302-KCATCCSMCSCGCCS	TAL1_HUMAN.H11MO.0.A	2	0.011133	8.56131	0.349438	15	TCATCCCACCCGCCC	CCTTATCTGCCCCCCCCAG	-
302-KCATCCSMCSCGCCS	KLF14_HUMAN.H11MO.0.D	-6	0.0118407	9.10547	0.357596	9	TCATCCCACCCGCCC	GCCACGCCCCCCT	-
302-KCATCCSMCSCGCCS	SRBP1_HUMAN.H11MO.0.A	1	0.0118677	9.12623	0.357596	10	TCATCCCACCCGCCC	CTCACCCCACC	-
302-KCATCCSMCSCGCCS	TEAD1_HUMAN.H11MO.0.A	0	0.0122905	9.45141	0.363076	12	TCATCCCACCCGCCC	ACATTCCAGCCA	+
302-KCATCCSMCSCGCCS	PATZ1_HUMAN.H11MO.0.C	8	0.0126996	9.76602	0.367947	14	TCATCCCACCCGCCC	CCTCCCCCCCCGCCCCCTCCCC	-
302-KCATCCSMCSCGCCS	KLF13_HUMAN.H11MO.0.D	-8	0.0131807	10.1359	0.374679	7	TCATCCCACCCGCCC	CACGCCCCCCT	-
302-KCATCCSMCSCGCCS	KLF15_HUMAN.H11MO.0.A	0	0.0140471	10.8022	0.391915	15	TCATCCCACCCGCCC	CCCCCCCCTGCTCCTCCCC	-
302-KCATCCSMCSCGCCS	SUH_HUMAN.H11MO.0.A	-1	0.0154038	11.8455	0.421951	11	TCATCCCACCCGCCC	TTTCCCACGCC	-
302-KCATCCSMCSCGCCS	BRCA1_HUMAN.H11MO.0.D	-1	0.0162784	12.5181	0.437948	9	TCATCCCACCCGCCC	CAACCCAAA	-
302-KCATCCSMCSCGCCS	RREB1_HUMAN.H11MO.0.D	8	0.0175722	13.513	0.46446	14	TCATCCCACCCGCCC	ACCCCAAACCACCCCCCCCCCC	-
302-KCATCCSMCSCGCCS	HXA1_HUMAN.H11MO.0.C	-1	0.0187994	14.4567	0.48281	10	TCATCCCACCCGCCC	CATCCATCAA	-
302-KCATCCSMCSCGCCS	GSC2_HUMAN.H11MO.0.D	2	0.0189073	14.5397	0.48281	9	TCATCCCACCCGCCC	CCTAATCCGCT	-
302-KCATCCSMCSCGCCS	IKZF1_HUMAN.H11MO.0.C	-1	0.0193184	14.8558	0.483352	8	TCATCCCACCCGCCC	TCTCCCAA	-
302-KCATCCSMCSCGCCS	PITX2_HUMAN.H11MO.0.D	2	0.0198484	15.2635	0.483352	8	TCATCCCACCCGCCC	TTTAATCCCA	-
302-KCATCCSMCSCGCCS	MXI1_HUMAN.H11MO.1.A	-4	0.0198911	15.2962	0.483352	11	TCATCCCACCCGCCC	CCCACGTGCTC	+
302-KCATCCSMCSCGCCS	SP4_HUMAN.H11MO.0.A	-2	0.0207193	15.9332	0.495487	13	TCATCCCACCCGCCC	CCCGGCCCCGCCCCCTTCCC	-
303-SGCGTGGCCCGWASS	SP1_HUMAN.H11MO.0.A	4	0.000107686	0.0828106	0.164575	15	GGCGTGGCCCGAAGC	GGGGGGCGGGGCCGGGGGGGGG	+
303-SGCGTGGCCCGWASS	KLF9_HUMAN.H11MO.0.C	6	0.00102803	0.790557	0.461408	9	GGCGTGGCCCGAAGC	GGAGGGGGCGTGGCC	+
303-SGCGTGGCCCGWASS	KLF1_HUMAN.H11MO.0.A	2	0.0012635	0.971635	0.461408	12	GGCGTGGCCCGAAGC	GGGGCGGGGCCGGG	+
303-SGCGTGGCCCGWASS	KLF12_HUMAN.H11MO.0.C	3	0.00227489	1.74939	0.461408	8	GGCGTGGCCCGAAGC	AGGGGCGGGGC	+
303-SGCGTGGCCCGWASS	SP1_HUMAN.H11MO.1.A	4	0.00236019	1.81498	0.461408	10	GGCGTGGCCCGAAGC	GGGGGGCGGGGCCG	+
303-SGCGTGGCCCGWASS	ARNT2_HUMAN.H11MO.0.D	0	0.00288156	2.21592	0.461408	12	GGCGTGGCCCGAAGC	GGCGTGGGAGGC	+
303-SGCGTGGCCCGWASS	PLAL1_HUMAN.H11MO.0.D	0	0.00323903	2.49081	0.461408	10	GGCGTGGCCCGAAGC	CGGGGGGCCC	+
303-SGCGTGGCCCGWASS	KLF4_HUMAN.H11MO.0.A	2	0.00323903	2.49081	0.461408	8	GGCGTGGCCCGAAGC	AGGGTGTGGC	+
303-SGCGTGGCCCGWASS	KLF14_HUMAN.H11MO.0.D	5	0.00331944	2.55265	0.461408	8	GGCGTGGCCCGAAGC	AGGGGGGCGTGGC	+
303-SGCGTGGCCCGWASS	HIC1_HUMAN.H11MO.0.C	-1	0.00336528	2.5879	0.461408	9	GGCGTGGCCCGAAGC	GGGTTGCCC	+
303-SGCGTGGCCCGWASS	SP2_HUMAN.H11MO.0.A	8	0.00339467	2.6105	0.461408	14	GGCGTGGCCCGAAGC	GGGGGGGGGGCGGGGCCGGGGG	+
303-SGCGTGGCCCGWASS	CENPB_HUMAN.H11MO.0.D	4	0.00362295	2.78605	0.461408	13	GGCGTGGCCCGAAGC	AACCCGCATCGTACGAA	-
303-SGCGTGGCCCGWASS	EGR1_HUMAN.H11MO.0.A	3	0.00463183	3.56188	0.479097	14	GGCGTGGCCCGAAGC	GAGGGCGTGGGCGGGGG	+
303-SGCGTGGCCCGWASS	SRBP2_HUMAN.H11MO.0.B	-1	0.00495443	3.80996	0.479097	13	GGCGTGGCCCGAAGC	GGGTGGGGTGAGG	+
303-SGCGTGGCCCGWASS	E2F2_HUMAN.H11MO.0.B	-5	0.0052857	4.0647	0.479097	10	GGCGTGGCCCGAAGC	GGCGCGAAAC	+
303-SGCGTGGCCCGWASS	AHR_HUMAN.H11MO.0.B	2	0.00530842	4.08217	0.479097	7	GGCGTGGCCCGAAGC	GTTGCGTGC	+
303-SGCGTGGCCCGWASS	GLI1_HUMAN.H11MO.0.D	2	0.00532929	4.09822	0.479097	10	GGCGTGGCCCGAAGC	CCTGGGTGGTCT	+
303-SGCGTGGCCCGWASS	AP2D_HUMAN.H11MO.0.D	2	0.0057753	4.4412	0.490349	12	GGCGTGGCCCGAAGC	CGCCCGAGGCGCGT	+
309-CACTCACCCGCCGGG	KLF9_HUMAN.H11MO.0.C	3	0.000384714	0.295845	0.288511	12	CACTCACCCGCCGGG	GGCCACGCCCCCTCC	-
309-CACTCACCCGCCGGG	SALL4_HUMAN.H11MO.0.B	-2	0.000854249	0.656917	0.288511	10	CACTCACCCGCCGGG	CCCACCCTCC	-
309-CACTCACCCGCCGGG	ZN148_HUMAN.H11MO.0.D	1	0.000926905	0.71279	0.288511	14	CACTCACCCGCCGGG	CCCCTCCCCCACCCC	-
309-CACTCACCCGCCGGG	ZN281_HUMAN.H11MO.0.A	2	0.000926905	0.71279	0.288511	13	CACTCACCCGCCGGG	TCCCCTCCCCCACCC	-
309-CACTCACCCGCCGGG	ZEB1_HUMAN.H11MO.0.A	-2	0.000973681	0.748761	0.288511	10	CACTCACCCGCCGGG	CTCACCTGTC	-
309-CACTCACCCGCCGGG	TBX15_HUMAN.H11MO.0.D	0	0.00115169	0.885651	0.288511	15	CACTCACCCGCCGGG	CCCCCACCCCCCCCCCCCC	-
309-CACTCACCCGCCGGG	TBX1_HUMAN.H11MO.0.D	3	0.0016291	1.25278	0.302595	15	CACTCACCCGCCGGG	CCGCCCACCCCTGCCCACCC	-
309-CACTCACCCGCCGGG	EGR1_HUMAN.H11MO.0.A	2	0.00186493	1.43413	0.302595	15	CACTCACCCGCCGGG	CCCCCGCCCACGCCCTC	-
309-CACTCACCCGCCGGG	MESP1_HUMAN.H11MO.0.D	0	0.00219928	1.69124	0.302595	11	CACTCACCCGCCGGG	TCCACACCTGC	-
309-CACTCACCCGCCGGG	ZN740_HUMAN.H11MO.0.D	0	0.00237527	1.82658	0.302595	14	CACTCACCCGCCGGG	CCCACCCCCCCCCC	-
309-CACTCACCCGCCGGG	KLF14_HUMAN.H11MO.0.D	2	0.00294199	2.26239	0.302595	11	CACTCACCCGCCGGG	GCCACGCCCCCCT	-
309-CACTCACCCGCCGGG	E2F3_HUMAN.H11MO.0.A	-3	0.00349213	2.68545	0.302595	11	CACTCACCCGCCGGG	TTTCCCGCCCT	-
309-CACTCACCCGCCGGG	E2F6_HUMAN.H11MO.0.A	-1	0.00385726	2.96623	0.302595	13	CACTCACCCGCCGGG	CCCTTCCCGCCCC	-
309-CACTCACCCGCCGGG	E2F1_HUMAN.H11MO.0.A	-2	0.00406387	3.12512	0.302595	13	CACTCACCCGCCGGG	CTTTCCCGCCCCCC	-
309-CACTCACCCGCCGGG	SNAI2_HUMAN.H11MO.0.A	-2	0.00406503	3.12601	0.302595	10	CACTCACCCGCCGGG	TGCACCTGCC	-
309-CACTCACCCGCCGGG	MYF6_HUMAN.H11MO.0.C	-4	0.00413258	3.17795	0.302595	7	CACTCACCCGCCGGG	CAGCTGC	+
309-CACTCACCCGCCGGG	ASCL1_HUMAN.H11MO.0.A	-1	0.0042838	3.29424	0.302595	14	CACTCACCCGCCGGG	CTGCACCTGCTCCC	+
309-CACTCACCCGCCGGG	EGR2_HUMAN.H11MO.1.A	2	0.0042914	3.30009	0.302595	14	CACTCACCCGCCGGG	CCCCCGCCCACGCCCC	-
309-CACTCACCCGCCGGG	GSC2_HUMAN.H11MO.0.D	-1	0.00437815	3.36679	0.302595	11	CACTCACCCGCCGGG	CCTAATCCGCT	-
309-CACTCACCCGCCGGG	GLI2_HUMAN.H11MO.0.D	4	0.00437815	3.36679	0.302595	7	CACTCACCCGCCGGG	AGACCACCCAC	-
309-CACTCACCCGCCGGG	RREB1_HUMAN.H11MO.0.D	5	0.00449335	3.45539	0.302595	15	CACTCACCCGCCGGG	ACCCCAAACCACCCCCCCCCCC	-
309-CACTCACCCGCCGGG	E2F4_HUMAN.H11MO.0.A	-2	0.00452783	3.4819	0.302595	13	CACTCACCCGCCGGG	ATTTCCCGCCCCC	-
309-CACTCACCCGCCGGG	ID4_HUMAN.H11MO.0.D	-1	0.00463034	3.56073	0.302595	11	CACTCACCCGCCGGG	TTACACCTGTC	-
309-CACTCACCCGCCGGG	MAFG_HUMAN.H11MO.1.A	-1	0.00495573	3.81096	0.310365	8	CACTCACCCGCCGGG	ACTCAGCA	-
309-CACTCACCCGCCGGG	KLF8_HUMAN.H11MO.0.C	-4	0.00517914	3.98276	0.311382	9	CACTCACCCGCCGGG	CACCCCCTG	-
309-CACTCACCCGCCGGG	TBX21_HUMAN.H11MO.0.A	0	0.00559217	4.30038	0.311771	13	CACTCACCCGCCGGG	TTCACACCTCCAC	-
309-CACTCACCCGCCGGG	SRBP1_HUMAN.H11MO.0.A	-2	0.00610758	4.69673	0.311771	11	CACTCACCCGCCGGG	CTCACCCCACC	-
309-CACTCACCCGCCGGG	ZN770_HUMAN.H11MO.1.C	-2	0.00610758	4.69673	0.311771	11	CACTCACCCGCCGGG	CTCAGCCTCCC	-
309-CACTCACCCGCCGGG	TFDP1_HUMAN.H11MO.0.C	-2	0.00648839	4.98957	0.311771	13	CACTCACCCGCCGGG	TTTTCCCGCCCCCC	-
309-CACTCACCCGCCGGG	SNAI1_HUMAN.H11MO.0.C	-3	0.00679571	5.2259	0.311771	8	CACTCACCCGCCGGG	CCACCTGG	-
309-CACTCACCCGCCGGG	KLF13_HUMAN.H11MO.0.D	-2	0.00681298	5.23918	0.311771	11	CACTCACCCGCCGGG	CACGCCCCCCT	-
309-CACTCACCCGCCGGG	HES1_HUMAN.H11MO.0.D	0	0.00688642	5.29566	0.311771	13	CACTCACCCGCCGGG	CCGCCACGAGCCC	+
309-CACTCACCCGCCGGG	E2F7_HUMAN.H11MO.0.B	-1	0.00688642	5.29566	0.311771	13	CACTCACCCGCCGGG	CCTTTCCCGCCCC	-
309-CACTCACCCGCCGGG	GCM2_HUMAN.H11MO.0.D	-3	0.00719342	5.53174	0.311771	11	CACTCACCCGCCGGG	ATACCCGCATC	-
309-CACTCACCCGCCGGG	ZBTB4_HUMAN.H11MO.0.D	-2	0.00729336	5.60859	0.311771	13	CACTCACCCGCCGGG	CCCACCTGCCATCTAGG	-
309-CACTCACCCGCCGGG	KLF16_HUMAN.H11MO.0.D	4	0.00746727	5.74233	0.311771	15	CACTCACCCGCCGGG	CCCCCCCCCCCCCGCCCCC	-
309-CACTCACCCGCCGGG	ZBT17_HUMAN.H11MO.0.A	4	0.00785146	6.03777	0.318952	15	CACTCACCCGCCGGG	CTTCCCCTCCCCCACCCTC	-
309-CACTCACCCGCCGGG	ITF2_HUMAN.H11MO.0.C	-2	0.00812598	6.24888	0.321417	10	CACTCACCCGCCGGG	CCCAGCTGCC	-
309-CACTCACCCGCCGGG	EGR2_HUMAN.H11MO.0.A	7	0.00886626	6.81815	0.341706	11	CACTCACCCGCCGGG	CCCCTCCCACACCCCCCC	-
309-CACTCACCCGCCGGG	AHR_HUMAN.H11MO.0.B	1	0.0093894	7.22045	0.343472	8	CACTCACCCGCCGGG	GCACGCAAC	-
309-CACTCACCCGCCGGG	HTF4_HUMAN.H11MO.0.A	-2	0.00960861	7.38902	0.343472	10	CACTCACCCGCCGGG	CACAGCTGCA	-
309-CACTCACCCGCCGGG	TBX3_HUMAN.H11MO.0.C	0	0.00992238	7.63031	0.343472	11	CACTCACCCGCCGGG	TTCCCACCTCC	-
309-CACTCACCCGCCGGG	BMAL1_HUMAN.H11MO.0.A	-1	0.0104611	8.04458	0.343472	11	CACTCACCCGCCGGG	AGTCACGTGGC	-
309-CACTCACCCGCCGGG	ASCL2_HUMAN.H11MO.0.D	-3	0.0105403	8.10549	0.343472	9	CACTCACCCGCCGGG	CCAGCTGCT	+
309-CACTCACCCGCCGGG	BHE40_HUMAN.H11MO.0.A	-2	0.0107312	8.25231	0.343472	10	CACTCACCCGCCGGG	GTCACGTGCC	-
309-CACTCACCCGCCGGG	TFE2_HUMAN.H11MO.0.A	-2	0.0110267	8.47955	0.343472	11	CACTCACCCGCCGGG	CACAGCTGCAG	+
309-CACTCACCCGCCGGG	EGR3_HUMAN.H11MO.0.D	1	0.0110267	8.47955	0.343472	10	CACTCACCCGCCGGG	ACACCCACTCT	-
309-CACTCACCCGCCGGG	ZSCA4_HUMAN.H11MO.0.D	4	0.0110495	8.49708	0.343472	8	CACTCACCCGCCGGG	AGTGCACACACT	-
309-CACTCACCCGCCGGG	WT1_HUMAN.H11MO.0.C	7	0.0112588	8.65799	0.343472	13	CACTCACCCGCCGGG	CCCCCCCTCCTCCCCCGCCC	-
309-CACTCACCCGCCGGG	EGR4_HUMAN.H11MO.0.D	-1	0.0116205	8.93616	0.343472	11	CACTCACCCGCCGGG	GCCCTGCCGCC	-
309-CACTCACCCGCCGGG	NR1H4_HUMAN.H11MO.0.B	5	0.0116543	8.96212	0.343472	14	CACTCACCCGCCGGG	GGGGTCAATGACCCCGAGG	+
309-CACTCACCCGCCGGG	ZN320_HUMAN.H11MO.0.C	0	0.0124115	9.54443	0.358754	15	CACTCACCCGCCGGG	CACTGGCCCCCTGGTCCCAC	-
309-CACTCACCCGCCGGG	GCM1_HUMAN.H11MO.0.D	-2	0.0137046	10.5388	0.388657	13	CACTCACCCGCCGGG	AATACCCGCATGTG	-
309-CACTCACCCGCCGGG	E2F4_HUMAN.H11MO.1.A	2	0.0143846	11.0617	0.392026	12	CACTCACCCGCCGGG	TCAAATTTCCCGCC	-
309-CACTCACCCGCCGGG	ZIC3_HUMAN.H11MO.0.B	-1	0.0149268	11.4787	0.392026	14	CACTCACCCGCCGGG	TCACAGCAGGGGGCC	-
309-CACTCACCCGCCGGG	SP3_HUMAN.H11MO.0.B	7	0.0150506	11.5739	0.392026	13	CACTCACCCGCCGGG	CCCCGGCCCCGCCCCCCCCC	-
309-CACTCACCCGCCGGG	GLI3_HUMAN.H11MO.0.B	4	0.0150569	11.5788	0.392026	7	CACTCACCCGCCGGG	GGACCACCCAG	-
309-CACTCACCCGCCGGG	ZN524_HUMAN.H11MO.0.D	1	0.0151275	11.633	0.392026	15	CACTCACCCGCCGGG	ACTCGAACCCTCGAACCC	-
309-CACTCACCCGCCGGG	GLI1_HUMAN.H11MO.0.D	4	0.0165093	12.6956	0.420584	8	CACTCACCCGCCGGG	AGACCACCCAGG	-
309-CACTCACCCGCCGGG	MYBA_HUMAN.H11MO.0.D	0	0.0172136	13.2372	0.427512	15	CACTCACCCGCCGGG	TCTCCAACTGCCACT	-
309-CACTCACCCGCCGGG	MAZ_HUMAN.H11MO.0.A	7	0.0173501	13.3422	0.427512	15	CACTCACCCGCCGGG	CCCCCCCCCCCCCCCCTCCCCC	-
309-CACTCACCCGCCGGG	GLIS1_HUMAN.H11MO.0.D	-3	0.017787	13.6782	0.431208	12	CACTCACCCGCCGGG	AGACCCCCCACGA	-
309-CACTCACCCGCCGGG	GLIS3_HUMAN.H11MO.0.D	-4	0.0183747	14.1301	0.438385	10	CACTCACCCGCCGGG	TACCCCCCAC	-
309-CACTCACCCGCCGGG	KLF4_HUMAN.H11MO.0.A	0	0.0193641	14.891	0.448747	10	CACTCACCCGCCGGG	GCCACACCCT	-
309-CACTCACCCGCCGGG	JUND_HUMAN.H11MO.0.A	3	0.0194061	14.9233	0.448747	8	CACTCACCCGCCGGG	GATGACTCATC	-
309-CACTCACCCGCCGGG	ZN784_HUMAN.H11MO.0.D	1	0.021447	16.4928	0.488428	10	CACTCACCCGCCGGG	GTACCTACCTC	-
310-CAGCGGGAGGAGC	WT1_HUMAN.H11MO.1.B	-2	2.79238e-05	0.0214734	0.0170682	11	CAGCGGGAGGAGC	GTGGGAGGAGG	+
310-CAGCGGGAGGAGC	MAZ_HUMAN.H11MO.1.A	-2	3.70903e-05	0.0285224	0.0170682	11	CAGCGGGAGGAGC	GAGGGAGGGGG	+
310-CAGCGGGAGGAGC	ZIC4_HUMAN.H11MO.0.D	3	4.72746e-05	0.0363542	0.0170682	12	CAGCGGGAGGAGC	GCACAGCGGGGGGTC	+
310-CAGCGGGAGGAGC	WT1_HUMAN.H11MO.0.C	2	7.08333e-05	0.0544708	0.0170682	13	CAGCGGGAGGAGC	GGGCGGGGGAGGAGGGGGGG	+
310-CAGCGGGAGGAGC	ZSC22_HUMAN.H11MO.0.C	3	7.10039e-05	0.054602	0.0170682	13	CAGCGGGAGGAGC	GGTCTGAGGGAGGAGG	+
310-CAGCGGGAGGAGC	ZN281_HUMAN.H11MO.0.A	2	7.8799e-05	0.0605964	0.0170682	13	CAGCGGGAGGAGC	GGGTGGGGGAGGGGA	+
310-CAGCGGGAGGAGC	PATZ1_HUMAN.H11MO.1.C	-3	8.02219e-05	0.0616906	0.0170682	9	CAGCGGGAGGAGC	AGGGAGGGG	+
310-CAGCGGGAGGAGC	ZN263_HUMAN.H11MO.1.A	-2	9.68831e-05	0.0745031	0.0180365	11	CAGCGGGAGGAGC	GAGGGAGGAGG	+
310-CAGCGGGAGGAGC	SP4_HUMAN.H11MO.1.A	1	0.000191462	0.147234	0.0316836	13	CAGCGGGAGGAGC	GGAGGGGGCGGGGCCG	+
310-CAGCGGGAGGAGC	SP2_HUMAN.H11MO.1.B	-1	0.00028907	0.222295	0.0430524	12	CAGCGGGAGGAGC	AGGGGGCGGGGC	+
310-CAGCGGGAGGAGC	VEZF1_HUMAN.H11MO.1.C	-1	0.000346401	0.266382	0.0450926	12	CAGCGGGAGGAGC	AGGGGGAGGGGG	+
310-CAGCGGGAGGAGC	E2F6_HUMAN.H11MO.0.A	1	0.000363322	0.279395	0.0450926	12	CAGCGGGAGGAGC	GGGGCGGGAAGGG	+
310-CAGCGGGAGGAGC	KLF12_HUMAN.H11MO.0.C	-2	0.000449569	0.345718	0.0515047	11	CAGCGGGAGGAGC	AGGGGCGGGGC	+
310-CAGCGGGAGGAGC	SP3_HUMAN.H11MO.0.B	2	0.000566462	0.435609	0.060261	13	CAGCGGGAGGAGC	GGGGGGGGGCGGGGCCGGGG	+
310-CAGCGGGAGGAGC	SP1_HUMAN.H11MO.1.A	-1	0.00070283	0.540477	0.0697836	12	CAGCGGGAGGAGC	GGGGGGCGGGGCCG	+
310-CAGCGGGAGGAGC	ZN148_HUMAN.H11MO.0.D	3	0.000797306	0.613128	0.0740484	12	CAGCGGGAGGAGC	GGGGTGGGGGAGGGG	+
310-CAGCGGGAGGAGC	SP4_HUMAN.H11MO.0.A	3	0.000845221	0.649975	0.0740484	13	CAGCGGGAGGAGC	GGGAAGGGGGCGGGGCCGGG	+
310-CAGCGGGAGGAGC	SP1_HUMAN.H11MO.0.A	-1	0.00102203	0.785942	0.0845641	12	CAGCGGGAGGAGC	GGGGGGCGGGGCCGGGGGGGGG	+
310-CAGCGGGAGGAGC	KLF3_HUMAN.H11MO.0.B	2	0.001184	0.910497	0.0903877	13	CAGCGGGAGGAGC	GGGGAGGGGCGGGGCCGGG	+
310-CAGCGGGAGGAGC	KLF15_HUMAN.H11MO.0.A	-3	0.00139621	1.07368	0.0903877	10	CAGCGGGAGGAGC	GGGGAGGAGCAGGGGGGGG	+
310-CAGCGGGAGGAGC	EGR2_HUMAN.H11MO.0.A	6	0.00145568	1.11942	0.0903877	12	CAGCGGGAGGAGC	GGGGGGGTGTGGGAGGGG	+
310-CAGCGGGAGGAGC	ZIC3_HUMAN.H11MO.0.B	3	0.00145731	1.12067	0.0903877	12	CAGCGGGAGGAGC	TCACAGCAGGGGGCC	-
310-CAGCGGGAGGAGC	EGR2_HUMAN.H11MO.1.A	3	0.00149616	1.15055	0.0903877	13	CAGCGGGAGGAGC	GGGGCGTGGGCGGGGG	+
310-CAGCGGGAGGAGC	ZN341_HUMAN.H11MO.0.C	9	0.00150889	1.16034	0.0903877	13	CAGCGGGAGGAGC	GGGGGGGGGGGGAGGGAAGAGC	+
310-CAGCGGGAGGAGC	E2F1_HUMAN.H11MO.0.A	3	0.00151724	1.16676	0.0903877	11	CAGCGGGAGGAGC	GGGGGGCGGGAAAG	+
310-CAGCGGGAGGAGC	KLF8_HUMAN.H11MO.0.C	0	0.00158712	1.2205	0.090914	9	CAGCGGGAGGAGC	CAGGGGGTG	+
310-CAGCGGGAGGAGC	ZIC2_HUMAN.H11MO.0.D	3	0.00171168	1.31628	0.0944177	12	CAGCGGGAGGAGC	TCACAGCAGGGGGCC	-
310-CAGCGGGAGGAGC	ZN257_HUMAN.H11MO.0.C	-1	0.00203186	1.5625	0.105232	12	CAGCGGGAGGAGC	AGAGGCAAGAGC	-
310-CAGCGGGAGGAGC	E2F4_HUMAN.H11MO.0.A	2	0.00204905	1.57572	0.105232	11	CAGCGGGAGGAGC	GGGGGCGGGAAAT	+
310-CAGCGGGAGGAGC	CTCFL_HUMAN.H11MO.0.A	2	0.00216937	1.66824	0.107698	13	CAGCGGGAGGAGC	GCCGCCAGGGGGCGCCG	+
310-CAGCGGGAGGAGC	ZBT17_HUMAN.H11MO.0.A	4	0.00226772	1.74387	0.108948	13	CAGCGGGAGGAGC	GAGGGTGGGGGAGGGGAAG	+
310-CAGCGGGAGGAGC	ZN263_HUMAN.H11MO.0.A	-4	0.00252477	1.94155	0.110672	9	CAGCGGGAGGAGC	GGGAGGAGGGAGAGGAGGAG	+
310-CAGCGGGAGGAGC	E2F7_HUMAN.H11MO.0.B	1	0.00253088	1.94624	0.110672	12	CAGCGGGAGGAGC	GGGGCGGGAAAGG	+
310-CAGCGGGAGGAGC	ZN467_HUMAN.H11MO.0.C	-3	0.0025923	1.99348	0.110672	10	CAGCGGGAGGAGC	GGGGAGGGGAGGGGGGGGGGGG	+
310-CAGCGGGAGGAGC	KLF4_HUMAN.H11MO.0.A	-3	0.00260083	2.00003	0.110672	10	CAGCGGGAGGAGC	AGGGTGTGGC	+
310-CAGCGGGAGGAGC	EGR1_HUMAN.H11MO.0.A	4	0.00281983	2.16845	0.116509	13	CAGCGGGAGGAGC	GAGGGCGTGGGCGGGGG	+
310-CAGCGGGAGGAGC	KLF9_HUMAN.H11MO.0.C	1	0.00289447	2.22585	0.116509	13	CAGCGGGAGGAGC	GGAGGGGGCGTGGCC	+
310-CAGCGGGAGGAGC	GLIS2_HUMAN.H11MO.0.D	2	0.00300951	2.31431	0.117952	12	CAGCGGGAGGAGC	CTTCGCGGGGGGTC	+
310-CAGCGGGAGGAGC	SP2_HUMAN.H11MO.0.A	3	0.0037464	2.88098	0.138886	13	CAGCGGGAGGAGC	GGGGGGGGGGCGGGGCCGGGGG	+
310-CAGCGGGAGGAGC	ZN770_HUMAN.H11MO.0.C	6	0.0037464	2.88098	0.138886	13	CAGCGGGAGGAGC	GGGAGGCTGAGGCGGGAGGATC	+
310-CAGCGGGAGGAGC	KLF6_HUMAN.H11MO.0.A	0	0.00382339	2.94018	0.138886	13	CAGCGGGAGGAGC	GGAAGGGCGGGGCCGGGGG	+
310-CAGCGGGAGGAGC	OSR2_HUMAN.H11MO.0.C	0	0.00470143	3.6154	0.166715	13	CAGCGGGAGGAGC	CAGCAGAAGCAGCAGC	-
310-CAGCGGGAGGAGC	TFDP1_HUMAN.H11MO.0.C	3	0.00500059	3.84546	0.1732	11	CAGCGGGAGGAGC	GGGGGGCGGGAAAA	+
310-CAGCGGGAGGAGC	E2F4_HUMAN.H11MO.1.A	-1	0.00525633	4.04211	0.177919	12	CAGCGGGAGGAGC	GGCGGGAAATTTGA	+
310-CAGCGGGAGGAGC	FEV_HUMAN.H11MO.0.B	-2	0.00594283	4.57003	0.196686	10	CAGCGGGAGGAGC	GCGGGAAGCG	+
310-CAGCGGGAGGAGC	KLF1_HUMAN.H11MO.0.A	-3	0.00609872	4.68991	0.197458	10	CAGCGGGAGGAGC	GGGGCGGGGCCGGG	+
310-CAGCGGGAGGAGC	GLIS3_HUMAN.H11MO.0.D	-2	0.00661181	5.08448	0.20237	10	CAGCGGGAGGAGC	GTGGGGGGTA	+
310-CAGCGGGAGGAGC	SALL4_HUMAN.H11MO.0.B	-1	0.00661181	5.08448	0.20237	10	CAGCGGGAGGAGC	GGAGGGTGGG	+
310-CAGCGGGAGGAGC	EGR4_HUMAN.H11MO.0.D	-2	0.00669305	5.14695	0.20237	11	CAGCGGGAGGAGC	GGCGGCAGGGC	+
310-CAGCGGGAGGAGC	KAISO_HUMAN.H11MO.1.A	0	0.00704643	5.41871	0.20237	11	CAGCGGGAGGAGC	TCTCGCGAGAA	+
310-CAGCGGGAGGAGC	ZN784_HUMAN.H11MO.0.D	-2	0.00704643	5.41871	0.20237	11	CAGCGGGAGGAGC	GAGGTAGGTAC	+
310-CAGCGGGAGGAGC	KLF5_HUMAN.H11MO.0.A	-3	0.00706572	5.43354	0.20237	10	CAGCGGGAGGAGC	AGGGTGGGGCTGGG	+
310-CAGCGGGAGGAGC	VEZF1_HUMAN.H11MO.0.C	4	0.00725708	5.5807	0.202606	13	CAGCGGGAGGAGC	GGGGAGGGGGGAGGGGGAGGGG	+
310-CAGCGGGAGGAGC	E2F3_HUMAN.H11MO.0.A	1	0.00741707	5.70373	0.202606	10	CAGCGGGAGGAGC	AGGGCGGGAAA	+
310-CAGCGGGAGGAGC	IKZF1_HUMAN.H11MO.0.C	-2	0.00748207	5.75371	0.202606	8	CAGCGGGAGGAGC	TTGGGAGA	+
310-CAGCGGGAGGAGC	ZN219_HUMAN.H11MO.0.D	1	0.00823046	6.32923	0.218892	11	CAGCGGGAGGAGC	GAGGGGGGCGGA	+
310-CAGCGGGAGGAGC	ZN740_HUMAN.H11MO.0.D	-2	0.00857806	6.59653	0.222039	11	CAGCGGGAGGAGC	GGGGGGGGGGTGGG	+
310-CAGCGGGAGGAGC	KAISO_HUMAN.H11MO.2.A	1	0.00864697	6.64952	0.222039	11	CAGCGGGAGGAGC	CTCGCAGGAAGA	+
310-CAGCGGGAGGAGC	NR0B1_HUMAN.H11MO.0.D	0	0.00906096	6.96788	0.228726	10	CAGCGGGAGGAGC	GCGTGGGAGA	+
310-CAGCGGGAGGAGC	CTCF_HUMAN.H11MO.0.A	4	0.00937758	7.21136	0.232773	13	CAGCGGGAGGAGC	TGGCCACCAGGGGGCGCCA	+
310-CAGCGGGAGGAGC	MAZ_HUMAN.H11MO.0.A	-2	0.00974993	7.4977	0.238049	11	CAGCGGGAGGAGC	GGGGGAGGGGGGGGGGGGGGGG	+
310-CAGCGGGAGGAGC	KLF13_HUMAN.H11MO.0.D	0	0.0100482	7.72707	0.241374	11	CAGCGGGAGGAGC	AGGGGGGCGTG	+
310-CAGCGGGAGGAGC	KLF14_HUMAN.H11MO.0.D	0	0.0103032	7.92315	0.243571	13	CAGCGGGAGGAGC	AGGGGGGCGTGGC	+
310-CAGCGGGAGGAGC	ETV1_HUMAN.H11MO.0.A	-1	0.0105628	8.12277	0.245805	11	CAGCGGGAGGAGC	GGCCGGAAGTG	+
310-CAGCGGGAGGAGC	ELF2_HUMAN.H11MO.0.C	0	0.0108071	8.31067	0.247622	13	CAGCGGGAGGAGC	AACCCGGAAGTGG	+
310-CAGCGGGAGGAGC	GABPA_HUMAN.H11MO.0.A	2	0.0125446	9.64684	0.28308	12	CAGCGGGAGGAGC	GGAACCGGAAGTGG	+
310-CAGCGGGAGGAGC	AP2B_HUMAN.H11MO.0.B	2	0.0129665	9.97125	0.288232	8	CAGCGGGAGGAGC	GCCCGGGGGC	+
310-CAGCGGGAGGAGC	ELK4_HUMAN.H11MO.0.A	0	0.0133791	10.2885	0.29303	12	CAGCGGGAGGAGC	GACCGGAAGTGG	+
310-CAGCGGGAGGAGC	ELF1_HUMAN.H11MO.0.A	1	0.0137726	10.5912	0.297277	13	CAGCGGGAGGAGC	GAACCCGGAAGTGG	+
310-CAGCGGGAGGAGC	GLIS1_HUMAN.H11MO.0.D	0	0.0143428	11.0296	0.305161	13	CAGCGGGAGGAGC	TCGTGGGGGGTCT	+
310-CAGCGGGAGGAGC	ZN341_HUMAN.H11MO.1.C	-5	0.0145992	11.2268	0.306242	8	CAGCGGGAGGAGC	GGAACAGCC	+
310-CAGCGGGAGGAGC	ZN816_HUMAN.H11MO.1.C	0	0.0151109	11.6203	0.310467	13	CAGCGGGAGGAGC	AAGGGGGACATGCA	+
310-CAGCGGGAGGAGC	ZIC1_HUMAN.H11MO.0.B	-3	0.0153813	11.8282	0.310467	9	CAGCGGGAGGAGC	GGGGTGGTC	+
310-CAGCGGGAGGAGC	ELK3_HUMAN.H11MO.0.D	-1	0.015426	11.8626	0.310467	12	CAGCGGGAGGAGC	CCCAGGAAGTGC	+
310-CAGCGGGAGGAGC	ZN331_HUMAN.H11MO.0.C	9	0.0159112	12.2357	0.315963	11	CAGCGGGAGGAGC	GGCTGGGCTCAGCTGGGTGG	+
310-CAGCGGGAGGAGC	ELK1_HUMAN.H11MO.0.B	-1	0.0164167	12.6245	0.317534	11	CAGCGGGAGGAGC	ACCGGAAGTGG	+
310-CAGCGGGAGGAGC	MYOD1_HUMAN.H11MO.1.A	2	0.0164167	12.6245	0.317534	9	CAGCGGGAGGAGC	GACAGCTGCAG	-
310-CAGCGGGAGGAGC	AP2D_HUMAN.H11MO.0.D	-1	0.0173446	13.338	0.328661	12	CAGCGGGAGGAGC	CGCCCGAGGCGCGT	+
310-CAGCGGGAGGAGC	ZN816_HUMAN.H11MO.0.C	4	0.0174334	13.4063	0.328661	13	CAGCGGGAGGAGC	AAAAAAGGGGGACATGCAGGG	+
310-CAGCGGGAGGAGC	PTF1A_HUMAN.H11MO.1.B	2	0.0179634	13.8138	0.33442	7	CAGCGGGAGGAGC	AGCAGCTGG	+
310-CAGCGGGAGGAGC	EGR3_HUMAN.H11MO.0.D	1	0.0189515	14.5737	0.348459	10	CAGCGGGAGGAGC	AGAGTGGGTGT	+
310-CAGCGGGAGGAGC	ASCL1_HUMAN.H11MO.0.A	2	0.0198789	15.2868	0.361053	12	CAGCGGGAGGAGC	GGGAGCAGGTGCAG	-
310-CAGCGGGAGGAGC	TFAP4_HUMAN.H11MO.0.A	3	0.0202579	15.5783	0.361877	7	CAGCGGGAGGAGC	AAACAGCTGG	-
310-CAGCGGGAGGAGC	HES7_HUMAN.H11MO.0.D	-3	0.0204102	15.6954	0.361877	10	CAGCGGGAGGAGC	CGGCACGTGCCA	-
310-CAGCGGGAGGAGC	ETS1_HUMAN.H11MO.0.A	0	0.0226839	17.4439	0.392837	13	CAGCGGGAGGAGC	AGACAGGAAGTGG	+
310-CAGCGGGAGGAGC	MZF1_HUMAN.H11MO.0.B	0	0.0226839	17.4439	0.392837	13	CAGCGGGAGGAGC	GGAGGGGATTGGG	+
310-CAGCGGGAGGAGC	ZN436_HUMAN.H11MO.0.C	14	0.0230187	17.7014	0.394054	10	CAGCGGGAGGAGC	TCAGGGAAGGCTTCCTGGAGGAGG	+
310-CAGCGGGAGGAGC	PLAG1_HUMAN.H11MO.0.D	5	0.0236504	18.1872	0.39806	12	CAGCGGGAGGAGC	GGGGGCATCAGGAGGGG	+
310-CAGCGGGAGGAGC	SPDEF_HUMAN.H11MO.0.D	0	0.0237873	18.2924	0.39806	13	CAGCGGGAGGAGC	AACCCGGATGAAGT	+
310-CAGCGGGAGGAGC	SRBP2_HUMAN.H11MO.0.B	0	0.0248115	19.08	0.410586	13	CAGCGGGAGGAGC	GGGTGGGGTGAGG	+
310-CAGCGGGAGGAGC	ELF5_HUMAN.H11MO.0.A	2	0.0250877	19.2925	0.410595	13	CAGCGGGAGGAGC	GGAAGGAGGAAGTGG	+
310-CAGCGGGAGGAGC	TBX15_HUMAN.H11MO.0.D	6	0.0272344	20.9433	0.440884	13	CAGCGGGAGGAGC	GGGGGGGGGGGGGTGGGGG	+
310-CAGCGGGAGGAGC	ZN134_HUMAN.H11MO.1.C	7	0.0282347	21.7125	0.452162	10	CAGCGGGAGGAGC	ACCTAATCAGGTGAAGG	+
310-CAGCGGGAGGAGC	MBD2_HUMAN.H11MO.0.B	1	0.0288555	22.1899	0.452375	10	CAGCGGGAGGAGC	CGGGCCGGAGG	+
310-CAGCGGGAGGAGC	ZBT18_HUMAN.H11MO.0.C	3	0.0288555	22.1899	0.452375	8	CAGCGGGAGGAGC	CCACATCTGGA	-
310-CAGCGGGAGGAGC	ETV4_HUMAN.H11MO.0.B	-1	0.0302062	23.2286	0.463787	11	CAGCGGGAGGAGC	AACAGGAAGGG	+
310-CAGCGGGAGGAGC	BHA15_HUMAN.H11MO.0.B	4	0.0302062	23.2286	0.463787	7	CAGCGGGAGGAGC	GCAGCAGCTGG	+
310-CAGCGGGAGGAGC	ERG_HUMAN.H11MO.0.A	0	0.0309519	23.802	0.467668	13	CAGCGGGAGGAGC	GGGCAGGAAGTGG	+
310-CAGCGGGAGGAGC	KLF16_HUMAN.H11MO.0.D	-2	0.031087	23.9059	0.467668	11	CAGCGGGAGGAGC	GGGGGCGGGGGGGGGGGGG	+
310-CAGCGGGAGGAGC	KAISO_HUMAN.H11MO.0.A	4	0.0326192	25.0841	0.48581	11	CAGCGGGAGGAGC	CAAATCTCGCGAGAA	+
310-CAGCGGGAGGAGC	MECP2_HUMAN.H11MO.0.C	-2	0.0336203	25.854	0.488347	7	CAGCGGGAGGAGC	CCCGGAG	+
310-CAGCGGGAGGAGC	ZBTB6_HUMAN.H11MO.0.C	1	0.0337732	25.9716	0.488347	12	CAGCGGGAGGAGC	GGTGCTGGAGCCG	+
310-CAGCGGGAGGAGC	MYOG_HUMAN.H11MO.0.B	4	0.0337732	25.9716	0.488347	9	CAGCGGGAGGAGC	GGGACAGCTGCGG	-
310-CAGCGGGAGGAGC	SNAI1_HUMAN.H11MO.0.C	-2	0.0343883	26.4446	0.49246	8	CAGCGGGAGGAGC	CCAGGTGG	+
311-CCGGCCAGSCCCGCC	SP1_HUMAN.H11MO.0.A	3	7.53421e-05	0.0579381	0.114155	15	CCGGCCAGGCCCGCC	CCCCCCCCCGGCCCCGCCCCCC	-
311-CCGGCCAGSCCCGCC	KLF16_HUMAN.H11MO.0.D	1	0.00019462	0.149663	0.120559	15	CCGGCCAGGCCCGCC	CCCCCCCCCCCCCGCCCCC	-
311-CCGGCCAGSCCCGCC	SP1_HUMAN.H11MO.1.A	0	0.000378971	0.291429	0.120559	14	CCGGCCAGGCCCGCC	CGGCCCCGCCCCCC	-
311-CCGGCCAGSCCCGCC	KLF1_HUMAN.H11MO.0.A	1	0.000484308	0.372433	0.120559	13	CCGGCCAGGCCCGCC	CCCGGCCCCGCCCC	-
311-CCGGCCAGSCCCGCC	ZFX_HUMAN.H11MO.0.A	-4	0.000517189	0.397718	0.120559	10	CCGGCCAGGCCCGCC	CCAGGCCCCG	+
311-CCGGCCAGSCCCGCC	KLF3_HUMAN.H11MO.0.B	1	0.00054323	0.417744	0.120559	15	CCGGCCAGGCCCGCC	CCCGGCCCCGCCCCTCCCC	-
311-CCGGCCAGSCCCGCC	SP2_HUMAN.H11MO.0.A	-1	0.000556984	0.42832	0.120559	14	CCGGCCAGGCCCGCC	CCCCCGGCCCCGCCCCCCCCCC	-
311-CCGGCCAGSCCCGCC	KLF9_HUMAN.H11MO.0.C	-2	0.000745355	0.573178	0.141166	13	CCGGCCAGGCCCGCC	GGCCACGCCCCCTCC	-
311-CCGGCCAGSCCCGCC	ZFX_HUMAN.H11MO.1.A	2	0.000853949	0.656687	0.143762	15	CCGGCCAGGCCCGCC	CCCCGGCCTCCGCCCCC	-
311-CCGGCCAGSCCCGCC	KLF14_HUMAN.H11MO.0.D	-3	0.00104364	0.802555	0.144656	12	CCGGCCAGGCCCGCC	GCCACGCCCCCCT	-
311-CCGGCCAGSCCCGCC	SP3_HUMAN.H11MO.0.B	2	0.00105137	0.808504	0.144656	15	CCGGCCAGGCCCGCC	CCCCGGCCCCGCCCCCCCCC	-
311-CCGGCCAGSCCCGCC	HAND1_HUMAN.H11MO.1.D	-4	0.00114568	0.881025	0.144656	7	CCGGCCAGGCCCGCC	CCAGGCC	-
311-CCGGCCAGSCCCGCC	ZN449_HUMAN.H11MO.0.C	-5	0.00140692	1.08192	0.151374	10	CCGGCCAGGCCCGCC	AAGCCCAACCA	-
311-CCGGCCAGSCCCGCC	KLF6_HUMAN.H11MO.0.A	3	0.00151635	1.16607	0.151374	15	CCGGCCAGGCCCGCC	CCCCCGGCCCCGCCCTTCC	-
311-CCGGCCAGSCCCGCC	KLF5_HUMAN.H11MO.0.A	-3	0.00157224	1.20905	0.151374	12	CCGGCCAGGCCCGCC	CCCAGCCCCACCCT	-
311-CCGGCCAGSCCCGCC	TBX15_HUMAN.H11MO.0.D	3	0.00160252	1.23234	0.151374	15	CCGGCCAGGCCCGCC	CCCCCACCCCCCCCCCCCC	-
311-CCGGCCAGSCCCGCC	NFKB2_HUMAN.H11MO.0.B	-1	0.00169842	1.30608	0.151374	11	CCGGCCAGGCCCGCC	GGGAAAGCCCC	+
311-CCGGCCAGSCCCGCC	KLF12_HUMAN.H11MO.0.C	-2	0.0020456	1.57307	0.172189	11	CCGGCCAGGCCCGCC	GCCCCGCCCCT	-
311-CCGGCCAGSCCCGCC	TBX1_HUMAN.H11MO.0.D	0	0.0022849	1.75709	0.182209	15	CCGGCCAGGCCCGCC	CCGCCCACCCCTGCCCACCC	-
311-CCGGCCAGSCCCGCC	KLF15_HUMAN.H11MO.0.A	2	0.0034093	2.62175	0.25828	15	CCGGCCAGGCCCGCC	CCCCCCCCTGCTCCTCCCC	-
311-CCGGCCAGSCCCGCC	TFCP2_HUMAN.H11MO.0.D	1	0.00412768	3.17419	0.287229	15	CCGGCCAGGCCCGCC	TCTGGCCAGTTCAGGC	-
311-CCGGCCAGSCCCGCC	KLF4_HUMAN.H11MO.0.A	-3	0.00427569	3.288	0.287229	10	CCGGCCAGGCCCGCC	GCCACACCCT	-
311-CCGGCCAGSCCCGCC	PATZ1_HUMAN.H11MO.0.C	4	0.00461113	3.54596	0.291107	15	CCGGCCAGGCCCGCC	CCTCCCCCCCCGCCCCCTCCCC	-
311-CCGGCCAGSCCCGCC	NFIB_HUMAN.H11MO.0.D	-1	0.00678922	5.22091	0.362688	9	CCGGCCAGGCCCGCC	CTGCCAGGG	-
311-CCGGCCAGSCCCGCC	SP4_HUMAN.H11MO.1.A	-1	0.00688495	5.29453	0.362688	14	CCGGCCAGGCCCGCC	CGGCCCCGCCCCCTCC	-
311-CCGGCCAGSCCCGCC	EGR1_HUMAN.H11MO.0.A	3	0.00689648	5.3034	0.362688	14	CCGGCCAGGCCCGCC	CCCCCGCCCACGCCCTC	-
311-CCGGCCAGSCCCGCC	EGR4_HUMAN.H11MO.0.D	-3	0.0070658	5.4336	0.362688	11	CCGGCCAGGCCCGCC	GCCCTGCCGCC	-
311-CCGGCCAGSCCCGCC	PLAL1_HUMAN.H11MO.0.D	-6	0.00734878	5.65121	0.362688	9	CCGGCCAGGCCCGCC	GGGCCCCCCG	-
311-CCGGCCAGSCCCGCC	SP2_HUMAN.H11MO.1.B	-7	0.00744061	5.72183	0.362688	8	CCGGCCAGGCCCGCC	GCCCCGCCCCCT	-
311-CCGGCCAGSCCCGCC	ZN816_HUMAN.H11MO.0.C	1	0.00767963	5.90564	0.362688	15	CCGGCCAGGCCCGCC	CCCTGCATGTCCCCCTTTTTT	-
311-CCGGCCAGSCCCGCC	P63_HUMAN.H11MO.0.A	-2	0.00774343	5.9547	0.362688	13	CCGGCCAGGCCCGCC	GGCATGTCCAGGCATGCCC	+
311-CCGGCCAGSCCCGCC	PRDM4_HUMAN.H11MO.0.D	-1	0.00800037	6.15229	0.362688	14	CCGGCCAGGCCCGCC	TTTCAAGGCCCCCCAC	-
311-CCGGCCAGSCCCGCC	P73_HUMAN.H11MO.0.A	-1	0.00813871	6.25867	0.362688	14	CCGGCCAGGCCCGCC	AGACATGCCCAGACATGCC	+
311-CCGGCCAGSCCCGCC	ZN331_HUMAN.H11MO.0.C	5	0.00924212	7.10719	0.393286	15	CCGGCCAGGCCCGCC	CCACCCAGCTGAGCCCAGCC	-
311-CCGGCCAGSCCCGCC	NFKB1_HUMAN.H11MO.1.B	-1	0.00934447	7.1859	0.393286	11	CCGGCCAGGCCCGCC	GGGAAATTCCC	+
311-CCGGCCAGSCCCGCC	ZBT7A_HUMAN.H11MO.0.A	-5	0.00983092	7.55998	0.393731	9	CCGGCCAGGCCCGCC	GAGACCCCC	-
311-CCGGCCAGSCCCGCC	XBP1_HUMAN.H11MO.0.D	-3	0.00987477	7.5937	0.393731	11	CCGGCCAGGCCCGCC	GCCACGTCAGC	-
311-CCGGCCAGSCCCGCC	PURA_HUMAN.H11MO.0.D	1	0.0102463	7.87941	0.398069	15	CCGGCCAGGCCCGCC	CCCTGCCCCCCCCTTCC	-
311-CCGGCCAGSCCCGCC	MAZ_HUMAN.H11MO.0.A	4	0.0108981	8.38065	0.412807	15	CCGGCCAGGCCCGCC	CCCCCCCCCCCCCCCCTCCCCC	-
311-CCGGCCAGSCCCGCC	RELB_HUMAN.H11MO.0.C	-1	0.0120401	9.25881	0.44494	12	CCGGCCAGGCCCGCC	GGGAAATCCCCC	-
311-CCGGCCAGSCCCGCC	REST_HUMAN.H11MO.0.A	9	0.0126166	9.70213	0.447717	13	CCGGCCAGGCCCGCC	TTCAGCACCATGGACAGCGCCC	+
311-CCGGCCAGSCCCGCC	P53_HUMAN.H11MO.0.A	-1	0.0130017	9.9983	0.447717	14	CCGGCCAGGCCCGCC	AGACATGCCCAGACATGCCC	+
311-CCGGCCAGSCCCGCC	SP4_HUMAN.H11MO.0.A	-3	0.0130017	9.9983	0.447717	12	CCGGCCAGGCCCGCC	CCCGGCCCCGCCCCCTTCCC	-
311-CCGGCCAGSCCCGCC	EGR2_HUMAN.H11MO.0.A	2	0.0139506	10.728	0.459506	15	CCGGCCAGGCCCGCC	CCCCTCCCACACCCCCCC	-
311-CCGGCCAGSCCCGCC	THAP1_HUMAN.H11MO.0.C	1	0.0152981	11.7642	0.493167	15	CCGGCCAGGCCCGCC	CGCCGCCATCTTGGCTGCGGGC	+
313-CTCCAGAA	HSF1_HUMAN.H11MO.1.A	1	9.57577e-05	0.0736376	0.142278	8	CTCCAGAA	TTTCCAGAA	-
313-CTCCAGAA	ZN436_HUMAN.H11MO.0.C	4	0.000185054	0.142307	0.142278	8	CTCCAGAA	CCTCCTCCAGGAAGCCTTCCCTGA	-
315-GCAGCTTCC	ZN770_HUMAN.H11MO.1.C	1	0.000927827	0.713499	0.397027	9	GCAGCTTCC	CTCAGCCTCCC	-
315-GCAGCTTCC	ASCL2_HUMAN.H11MO.0.D	0	0.00136107	1.04666	0.397027	9	GCAGCTTCC	CCAGCTGCT	+
315-GCAGCTTCC	PTF1A_HUMAN.H11MO.1.B	0	0.00136107	1.04666	0.397027	9	GCAGCTTCC	CCAGCTGCT	-
315-GCAGCTTCC	MYOD1_HUMAN.H11MO.1.A	2	0.00234614	1.80418	0.397027	9	GCAGCTTCC	CTGCAGCTGTC	+
315-GCAGCTTCC	HEN1_HUMAN.H11MO.0.C	6	0.00248951	1.91443	0.397027	9	GCAGCTTCC	AGGGACGCAGCTGCTCCCCA	-
315-GCAGCTTCC	MYOG_HUMAN.H11MO.0.B	2	0.00249178	1.91618	0.397027	9	GCAGCTTCC	CCGCAGCTGTCCC	+
315-GCAGCTTCC	MYF6_HUMAN.H11MO.0.C	-1	0.00282815	2.17485	0.397027	7	GCAGCTTCC	CAGCTGC	+
315-GCAGCTTCC	ZN770_HUMAN.H11MO.0.C	12	0.0030687	2.35983	0.397027	9	GCAGCTTCC	GATCCTCCCGCCTCAGCCTCCC	-
315-GCAGCTTCC	ITF2_HUMAN.H11MO.0.C	1	0.0031565	2.42735	0.397027	9	GCAGCTTCC	CCCAGCTGCC	-
315-GCAGCTTCC	ERG_HUMAN.H11MO.0.A	-1	0.00400688	3.08129	0.397027	8	GCAGCTTCC	CCACTTCCTGCCC	-
315-GCAGCTTCC	HSF1_HUMAN.H11MO.0.A	5	0.00450827	3.46686	0.397027	9	GCAGCTTCC	TTCTAGAACCTTCCA	-
315-GCAGCTTCC	FLI1_HUMAN.H11MO.1.A	-1	0.00534744	4.11218	0.397027	8	GCAGCTTCC	CCACTTCCTGCCT	-
315-GCAGCTTCC	ETV7_HUMAN.H11MO.0.D	-4	0.00547327	4.20895	0.397027	5	GCAGCTTCC	CTTCCTG	-
315-GCAGCTTCC	BHA15_HUMAN.H11MO.0.B	0	0.00560261	4.30841	0.397027	9	GCAGCTTCC	CCAGCTGCTGC	-
315-GCAGCTTCC	OSR2_HUMAN.H11MO.0.C	3	0.00570887	4.39012	0.397027	9	GCAGCTTCC	GCTGCTGCTTCTGCTG	+
315-GCAGCTTCC	ELF2_HUMAN.H11MO.0.C	-1	0.00599097	4.60706	0.397027	8	GCAGCTTCC	CCACTTCCGGGTT	-
315-GCAGCTTCC	PTF1A_HUMAN.H11MO.0.B	0	0.00622896	4.79007	0.397027	9	GCAGCTTCC	CCAGCTGCCCCCTTTCCC	+
315-GCAGCTTCC	EHF_HUMAN.H11MO.0.B	0	0.00637756	4.90435	0.397027	9	GCAGCTTCC	GCCACTTCCTGGTTC	-
315-GCAGCTTCC	ASCL1_HUMAN.H11MO.0.A	2	0.00699363	5.3781	0.397027	9	GCAGCTTCC	CTGCACCTGCTCCC	+
315-GCAGCTTCC	ETS1_HUMAN.H11MO.0.A	-1	0.00709073	5.45277	0.397027	8	GCAGCTTCC	CCACTTCCTGTCT	-
315-GCAGCTTCC	TFE2_HUMAN.H11MO.0.A	2	0.00871067	6.6985	0.448423	9	GCAGCTTCC	CTGCAGCTGTG	-
315-GCAGCTTCC	ETV1_HUMAN.H11MO.0.A	-2	0.00919501	7.07096	0.448423	7	GCAGCTTCC	CACTTCCGGCC	-
315-GCAGCTTCC	ELK4_HUMAN.H11MO.0.A	-1	0.0091951	7.07103	0.448423	8	GCAGCTTCC	CCACTTCCGGTC	-
315-GCAGCTTCC	ETV2_HUMAN.H11MO.0.B	0	0.0100528	7.73059	0.469737	9	GCAGCTTCC	CCCACTTCCTGTTTCC	-
315-GCAGCTTCC	FLI1_HUMAN.H11MO.0.A	2	0.0103992	7.99702	0.469737	9	GCAGCTTCC	TCCCTCCTTCCTTCCTCC	-
315-GCAGCTTCC	ELK1_HUMAN.H11MO.0.B	-1	0.0108019	8.30664	0.469737	8	GCAGCTTCC	CCACTTCCGGT	-
315-GCAGCTTCC	MYOD1_HUMAN.H11MO.0.A	0	0.0111361	8.56369	0.469737	9	GCAGCTTCC	GCAGCTGTTCCTGCC	+
315-GCAGCTTCC	ELF1_HUMAN.H11MO.0.A	-1	0.0114828	8.83027	0.469737	8	GCAGCTTCC	CCACTTCCGGGTTC	-
315-GCAGCTTCC	ELF5_HUMAN.H11MO.0.A	-1	0.0117579	9.04181	0.469737	8	GCAGCTTCC	CCACTTCCTCCTTCC	-
315-GCAGCTTCC	GABPA_HUMAN.H11MO.0.A	-1	0.0121179	9.31866	0.469737	8	GCAGCTTCC	CCACTTCCGGTTCC	-
316-GCGCCCCGGCCC	SP1_HUMAN.H11MO.1.A	0	9.22529e-06	0.00709425	0.0139909	12	GCGCCCCGGCCC	CGGCCCCGCCCCCC	-
316-GCGCCCCGGCCC	AP2D_HUMAN.H11MO.0.D	2	2.79829e-05	0.0215188	0.0171907	12	GCGCCCCGGCCC	ACGCGCCTCGGGCG	-
316-GCGCCCCGGCCC	KLF12_HUMAN.H11MO.0.C	-2	4.27401e-05	0.0328671	0.0171907	10	GCGCCCCGGCCC	GCCCCGCCCCT	-
316-GCGCCCCGGCCC	SP1_HUMAN.H11MO.0.A	8	4.53405e-05	0.0348668	0.0171907	12	GCGCCCCGGCCC	CCCCCCCCCGGCCCCGCCCCCC	-
316-GCGCCCCGGCCC	SP2_HUMAN.H11MO.1.B	-2	0.000100848	0.0775521	0.0305889	10	GCGCCCCGGCCC	GCCCCGCCCCCT	-
316-GCGCCCCGGCCC	SP2_HUMAN.H11MO.0.A	4	0.000248182	0.190852	0.0627315	12	GCGCCCCGGCCC	CCCCCGGCCCCGCCCCCCCCCC	-
316-GCGCCCCGGCCC	SP3_HUMAN.H11MO.0.B	3	0.000359133	0.276174	0.0690378	12	GCGCCCCGGCCC	CCCCGGCCCCGCCCCCCCCC	-
316-GCGCCCCGGCCC	TBX1_HUMAN.H11MO.0.D	4	0.000485316	0.373208	0.0690378	12	GCGCCCCGGCCC	CCGCCCACCCCTGCCCACCC	-
316-GCGCCCCGGCCC	ZN320_HUMAN.H11MO.0.C	5	0.000485316	0.373208	0.0690378	12	GCGCCCCGGCCC	CACTGGCCCCCTGGTCCCAC	-
316-GCGCCCCGGCCC	SP4_HUMAN.H11MO.1.A	0	0.000495299	0.380885	0.0690378	12	GCGCCCCGGCCC	CGGCCCCGCCCCCTCC	-
316-GCGCCCCGGCCC	MBD2_HUMAN.H11MO.0.B	-2	0.000500742	0.38507	0.0690378	10	GCGCCCCGGCCC	CCTCCGGCCCC	-
316-GCGCCCCGGCCC	MECP2_HUMAN.H11MO.0.C	-3	0.000584017	0.449109	0.0738092	7	GCGCCCCGGCCC	CTCCGGG	-
316-GCGCCCCGGCCC	KLF3_HUMAN.H11MO.0.B	1	0.00088214	0.678366	0.0913353	12	GCGCCCCGGCCC	CCCGGCCCCGCCCCTCCCC	-
316-GCGCCCCGGCCC	KLF1_HUMAN.H11MO.0.A	2	0.000884752	0.680374	0.0913353	12	GCGCCCCGGCCC	CCCGGCCCCGCCCC	-
316-GCGCCCCGGCCC	ZF64A_HUMAN.H11MO.0.D	2	0.000932888	0.717391	0.0913353	12	GCGCCCCGGCCC	CAGGTTCCCGGGCCCC	-
316-GCGCCCCGGCCC	MAZ_HUMAN.H11MO.1.A	-2	0.000963591	0.741001	0.0913353	10	GCGCCCCGGCCC	CCCCCTCCCTC	-
316-GCGCCCCGGCCC	KLF9_HUMAN.H11MO.0.C	-1	0.00109497	0.842035	0.0976835	11	GCGCCCCGGCCC	GGCCACGCCCCCTCC	-
316-GCGCCCCGGCCC	ZN281_HUMAN.H11MO.0.A	-2	0.00179555	1.38078	0.143321	10	GCGCCCCGGCCC	TCCCCTCCCCCACCC	-
316-GCGCCCCGGCCC	KLF4_HUMAN.H11MO.0.A	-2	0.00193826	1.49052	0.14668	10	GCGCCCCGGCCC	GCCACACCCT	-
316-GCGCCCCGGCCC	SP4_HUMAN.H11MO.0.A	2	0.00203107	1.56189	0.14668	12	GCGCCCCGGCCC	CCCGGCCCCGCCCCCTTCCC	-
316-GCGCCCCGGCCC	KLF14_HUMAN.H11MO.0.D	-2	0.0023951	1.84184	0.165108	10	GCGCCCCGGCCC	GCCACGCCCCCCT	-
316-GCGCCCCGGCCC	E2F4_HUMAN.H11MO.0.A	0	0.00280678	2.15841	0.185074	12	GCGCCCCGGCCC	ATTTCCCGCCCCC	-
316-GCGCCCCGGCCC	AP2B_HUMAN.H11MO.0.B	-1	0.00344766	2.65125	0.212939	10	GCGCCCCGGCCC	GCCCCCGGGC	-
316-GCGCCCCGGCCC	EGR4_HUMAN.H11MO.0.D	-2	0.00351017	2.69932	0.212939	10	GCGCCCCGGCCC	GCCCTGCCGCC	-
316-GCGCCCCGGCCC	KLF5_HUMAN.H11MO.0.A	1	0.0042033	3.23234	0.238084	12	GCGCCCCGGCCC	CCCAGCCCCACCCT	-
316-GCGCCCCGGCCC	KLF16_HUMAN.H11MO.0.D	6	0.00431342	3.31702	0.238084	12	GCGCCCCGGCCC	CCCCCCCCCCCCCGCCCCC	-
316-GCGCCCCGGCCC	ZN148_HUMAN.H11MO.0.D	-3	0.00439564	3.38025	0.238084	9	GCGCCCCGGCCC	CCCCTCCCCCACCCC	-
316-GCGCCCCGGCCC	KLF6_HUMAN.H11MO.0.A	3	0.00478507	3.67972	0.25024	12	GCGCCCCGGCCC	CCCCCGGCCCCGCCCTTCC	-
316-GCGCCCCGGCCC	PATZ1_HUMAN.H11MO.0.C	9	0.00630605	4.84936	0.318788	12	GCGCCCCGGCCC	CCTCCCCCCCCGCCCCCTCCCC	-
316-GCGCCCCGGCCC	PLAL1_HUMAN.H11MO.0.D	2	0.00784947	6.03624	0.361073	8	GCGCCCCGGCCC	GGGCCCCCCG	-
316-GCGCCCCGGCCC	ZFX_HUMAN.H11MO.0.A	-4	0.00827823	6.36596	0.361073	8	GCGCCCCGGCCC	CCAGGCCCCG	+
316-GCGCCCCGGCCC	EGR1_HUMAN.H11MO.0.A	3	0.00848333	6.52368	0.361073	12	GCGCCCCGGCCC	CCCCCGCCCACGCCCTC	-
316-GCGCCCCGGCCC	ZN770_HUMAN.H11MO.0.C	7	0.00855315	6.57737	0.361073	12	GCGCCCCGGCCC	GATCCTCCCGCCTCAGCCTCCC	-
316-GCGCCCCGGCCC	ZN219_HUMAN.H11MO.0.D	0	0.008571	6.5911	0.361073	12	GCGCCCCGGCCC	TCCGCCCCCCTC	-
316-GCGCCCCGGCCC	E2F7_HUMAN.H11MO.0.B	0	0.00945636	7.27194	0.387604	12	GCGCCCCGGCCC	CCTTTCCCGCCCC	-
316-GCGCCCCGGCCC	KLF15_HUMAN.H11MO.0.A	1	0.0123764	9.51746	0.481911	12	GCGCCCCGGCCC	CCCCCCCCTGCTCCTCCCC	-
316-GCGCCCCGGCCC	E2F6_HUMAN.H11MO.0.A	0	0.0126199	9.7047	0.481911	12	GCGCCCCGGCCC	CCCTTCCCGCCCC	-
316-GCGCCCCGGCCC	WT1_HUMAN.H11MO.0.C	2	0.0130054	10.0012	0.481911	12	GCGCCCCGGCCC	CCCCCCCTCCTCCCCCGCCC	-
316-GCGCCCCGGCCC	TFDP1_HUMAN.H11MO.0.C	0	0.0130672	10.0487	0.481911	12	GCGCCCCGGCCC	TTTTCCCGCCCCCC	-
316-GCGCCCCGGCCC	ZN467_HUMAN.H11MO.0.C	9	0.013346	10.263	0.481911	12	GCGCCCCGGCCC	CCCCCCCCCCCCTCCCCTCCCC	-
317-GSCTGGGGCCA	AP2C_HUMAN.H11MO.0.A	3	0.000182879	0.140634	0.150903	11	GCCTGGGGCCA	ATGCCCTGAGGCCA	+
317-GSCTGGGGCCA	AP2B_HUMAN.H11MO.0.B	0	0.000256185	0.197006	0.150903	10	GCCTGGGGCCA	GCCCGGGGGC	+
317-GSCTGGGGCCA	AP2D_HUMAN.H11MO.0.D	1	0.000308041	0.236884	0.150903	11	GCCTGGGGCCA	CGCCCGAGGCGCGT	+
317-GSCTGGGGCCA	AP2A_HUMAN.H11MO.0.A	3	0.000396352	0.304795	0.150903	11	GCCTGGGGCCA	ATGCCCTGAGGCCAT	+
317-GSCTGGGGCCA	INSM1_HUMAN.H11MO.0.C	1	0.000727055	0.559105	0.211633	11	GCCTGGGGCCA	TGTCAGGGGGCA	+
317-GSCTGGGGCCA	ZN331_HUMAN.H11MO.0.C	0	0.000833794	0.641187	0.211633	11	GCCTGGGGCCA	GGCTGGGCTCAGCTGGGTGG	+
317-GSCTGGGGCCA	PLAL1_HUMAN.H11MO.0.D	-1	0.00177603	1.36577	0.386392	10	GCCTGGGGCCA	CGGGGGGCCC	+
317-GSCTGGGGCCA	ZN320_HUMAN.H11MO.0.C	6	0.00246139	1.89281	0.468561	11	GCCTGGGGCCA	GTGGGACCAGGGGGCCAGTG	+
320-AGGCAAAGCG	ZN708_HUMAN.H11MO.1.D	0	8.88766e-05	0.0683461	0.136692	9	AGGCAAAGCG	AGGTACAGC	+
321-CCCCCACGC	GLIS1_HUMAN.H11MO.0.D	4	3.6195e-06	0.0027834	0.00546619	9	CCCCCACGC	AGACCCCCCACGA	-
321-CCCCCACGC	EGR2_HUMAN.H11MO.1.A	4	0.000127747	0.0982374	0.0540054	9	CCCCCACGC	CCCCCGCCCACGCCCC	-
321-CCCCCACGC	ZN148_HUMAN.H11MO.0.D	5	0.000140335	0.107918	0.0540054	9	CCCCCACGC	CCCCTCCCCCACCCC	-
321-CCCCCACGC	EGR1_HUMAN.H11MO.0.A	4	0.000143041	0.109999	0.0540054	9	CCCCCACGC	CCCCCGCCCACGCCCTC	-
321-CCCCCACGC	GLIS2_HUMAN.H11MO.0.D	3	0.00018739	0.144103	0.0565995	9	CCCCCACGC	GACCCCCCGCGAAG	-
321-CCCCCACGC	ZN281_HUMAN.H11MO.0.A	6	0.000307969	0.236828	0.0775161	9	CCCCCACGC	TCCCCTCCCCCACCC	-
321-CCCCCACGC	EGR3_HUMAN.H11MO.0.D	1	0.000398932	0.306778	0.0860669	9	CCCCCACGC	ACACCCACTCT	-
321-CCCCCACGC	ARNT2_HUMAN.H11MO.0.D	2	0.000581441	0.447128	0.109762	9	CCCCCACGC	GCCTCCCACGCC	-
321-CCCCCACGC	GLIS3_HUMAN.H11MO.0.D	3	0.000869404	0.668572	0.123731	7	CCCCCACGC	TACCCCCCAC	-
321-CCCCCACGC	EGR2_HUMAN.H11MO.0.A	3	0.00090715	0.697598	0.123731	9	CCCCCACGC	CCCCTCCCACACCCCCCC	-
321-CCCCCACGC	ZIC4_HUMAN.H11MO.0.D	1	0.00096028	0.738455	0.123731	9	CCCCCACGC	GACCCCCCGCTGTGC	-
321-CCCCCACGC	MAZ_HUMAN.H11MO.1.A	0	0.000983156	0.756047	0.123731	9	CCCCCACGC	CCCCCTCCCTC	-
321-CCCCCACGC	KLF16_HUMAN.H11MO.0.D	6	0.00137422	1.05677	0.149504	9	CCCCCACGC	CCCCCCCCCCCCCGCCCCC	-
321-CCCCCACGC	ZN740_HUMAN.H11MO.0.D	4	0.00138594	1.06579	0.149504	9	CCCCCACGC	CCCACCCCCCCCCC	-
321-CCCCCACGC	KLF5_HUMAN.H11MO.0.A	4	0.00177604	1.36577	0.171802	9	CCCCCACGC	CCCAGCCCCACCCT	-
321-CCCCCACGC	NR0B1_HUMAN.H11MO.0.D	1	0.00182017	1.39971	0.171802	9	CCCCCACGC	TCTCCCACGC	-
321-CCCCCACGC	TBX15_HUMAN.H11MO.0.D	0	0.00242276	1.8631	0.215227	9	CCCCCACGC	CCCCCACCCCCCCCCCCCC	-
321-CCCCCACGC	ZN219_HUMAN.H11MO.0.D	5	0.00326681	2.51218	0.249588	7	CCCCCACGC	TCCGCCCCCCTC	-
321-CCCCCACGC	KLF14_HUMAN.H11MO.0.D	-2	0.00330385	2.54066	0.249588	7	CCCCCACGC	GCCACGCCCCCCT	-
321-CCCCCACGC	AP2B_HUMAN.H11MO.0.B	1	0.00347063	2.66891	0.249588	9	CCCCCACGC	GCCCCCGGGC	-
321-CCCCCACGC	KLF4_HUMAN.H11MO.0.A	0	0.00347063	2.66891	0.249588	9	CCCCCACGC	GCCACACCCT	-
321-CCCCCACGC	WT1_HUMAN.H11MO.0.C	11	0.00402643	3.09632	0.276397	9	CCCCCACGC	CCCCCCCTCCTCCCCCGCCC	-
321-CCCCCACGC	ZBT17_HUMAN.H11MO.0.A	8	0.00499369	3.84014	0.327204	9	CCCCCACGC	CTTCCCCTCCCCCACCCTC	-
321-CCCCCACGC	AHR_HUMAN.H11MO.0.B	-3	0.00519989	3.99872	0.327204	6	CCCCCACGC	GCACGCAAC	-
321-CCCCCACGC	EGR4_HUMAN.H11MO.0.D	1	0.00546662	4.20383	0.330228	9	CCCCCACGC	GCCCTGCCGCC	-
321-CCCCCACGC	SP1_HUMAN.H11MO.0.A	3	0.00590263	4.53913	0.342853	9	CCCCCACGC	CCCCCCCCCGGCCCCGCCCCCC	-
321-CCCCCACGC	TBX1_HUMAN.H11MO.0.D	1	0.00644974	4.95985	0.348572	9	CCCCCACGC	CCGCCCACCCCTGCCCACCC	-
321-CCCCCACGC	AP2C_HUMAN.H11MO.0.A	2	0.00646271	4.96982	0.348572	9	CCCCCACGC	TGGCCTCAGGGCAT	-
321-CCCCCACGC	GLI1_HUMAN.H11MO.0.D	4	0.00719818	5.5354	0.371958	8	CCCCCACGC	AGACCACCCAGG	-
321-CCCCCACGC	KLF13_HUMAN.H11MO.0.D	2	0.00759963	5.84412	0.371958	9	CCCCCACGC	CACGCCCCCCT	-
321-CCCCCACGC	KLF1_HUMAN.H11MO.0.A	4	0.00763518	5.87146	0.371958	9	CCCCCACGC	CCCGGCCCCGCCCC	-
321-CCCCCACGC	SRBP2_HUMAN.H11MO.0.B	4	0.00815946	6.27463	0.384698	9	CCCCCACGC	CCTCACCCCACCC	-
321-CCCCCACGC	INSM1_HUMAN.H11MO.0.C	2	0.00847386	6.5164	0.384698	9	CCCCCACGC	TGCCCCCTGACA	-
321-CCCCCACGC	KLF9_HUMAN.H11MO.0.C	5	0.00872178	6.70705	0.384698	9	CCCCCACGC	GGCCACGCCCCCTCC	-
321-CCCCCACGC	GLI2_HUMAN.H11MO.0.D	4	0.00893393	6.87019	0.384698	7	CCCCCACGC	AGACCACCCAC	-
321-CCCCCACGC	PRDM4_HUMAN.H11MO.0.D	9	0.00928332	7.13887	0.384698	7	CCCCCACGC	TTTCAAGGCCCCCCAC	-
321-CCCCCACGC	KLF12_HUMAN.H11MO.0.C	0	0.0094251	7.2479	0.384698	9	CCCCCACGC	GCCCCGCCCCT	-
321-CCCCCACGC	MXI1_HUMAN.H11MO.0.A	4	0.0102739	7.90061	0.408306	9	CCCCCACGC	CCCGCCGCCACGTGC	-
321-CCCCCACGC	SP1_HUMAN.H11MO.1.A	0	0.0105866	8.14112	0.409948	9	CCCCCACGC	CGGCCCCGCCCCCC	-
321-CCCCCACGC	IKZF1_HUMAN.H11MO.0.C	1	0.0109261	8.40217	0.412516	7	CCCCCACGC	TCTCCCAA	-
321-CCCCCACGC	AP2A_HUMAN.H11MO.0.A	3	0.0114451	8.80128	0.421572	9	CCCCCACGC	ATGGCCTCAGGGCAT	-
321-CCCCCACGC	ZN320_HUMAN.H11MO.0.C	6	0.0119997	9.22777	0.431476	9	CCCCCACGC	CACTGGCCCCCTGGTCCCAC	-
321-CCCCCACGC	MXI1_HUMAN.H11MO.1.A	-2	0.0129417	9.95214	0.439576	7	CCCCCACGC	CCCACGTGCTC	+
321-CCCCCACGC	MAZ_HUMAN.H11MO.0.A	11	0.0130982	10.0725	0.439576	9	CCCCCACGC	CCCCCCCCCCCCCCCCTCCCCC	-
321-CCCCCACGC	SP2_HUMAN.H11MO.0.A	12	0.0130982	10.0725	0.439576	9	CCCCCACGC	CCCCCGGCCCCGCCCCCCCCCC	-
321-CCCCCACGC	SP3_HUMAN.H11MO.0.B	11	0.0141369	10.8713	0.454577	9	CCCCCACGC	CCCCGGCCCCGCCCCCCCCC	-
321-CCCCCACGC	MYCN_HUMAN.H11MO.0.A	-1	0.0143916	11.0671	0.454577	8	CCCCCACGC	GCCCACGTGGCC	-
321-CCCCCACGC	PLAL1_HUMAN.H11MO.0.D	2	0.0150868	11.6018	0.454577	8	CCCCCACGC	GGGCCCCCCG	-
321-CCCCCACGC	SUH_HUMAN.H11MO.0.A	1	0.015122	11.6288	0.454577	9	CCCCCACGC	TTTCCCACGCC	-
321-CCCCCACGC	KLF3_HUMAN.H11MO.0.B	4	0.0153512	11.8051	0.454577	9	CCCCCACGC	CCCGGCCCCGCCCCTCCCC	-
321-CCCCCACGC	KLF6_HUMAN.H11MO.0.A	6	0.0153512	11.8051	0.454577	9	CCCCCACGC	CCCCCGGCCCCGCCCTTCC	-
321-CCCCCACGC	HES1_HUMAN.H11MO.0.D	0	0.0162624	12.5058	0.464308	9	CCCCCACGC	CCGCCACGAGCCC	+
321-CCCCCACGC	PATZ1_HUMAN.H11MO.0.C	12	0.0162947	12.5306	0.464308	9	CCCCCACGC	CCTCCCCCCCCGCCCCCTCCCC	-
321-CCCCCACGC	CTCFL_HUMAN.H11MO.0.A	5	0.0176259	13.5543	0.47556	9	CCCCCACGC	CGGCGCCCCCTGGCGGC	-
321-CCCCCACGC	GLI3_HUMAN.H11MO.0.B	4	0.0176343	13.5608	0.47556	7	CCCCCACGC	GGACCACCCAG	-
321-CCCCCACGC	WT1_HUMAN.H11MO.1.B	4	0.0176343	13.5608	0.47556	7	CCCCCACGC	CCTCCTCCCAC	-
324-AGAAATGG	ZN528_HUMAN.H11MO.0.C	2	0.000311334	0.239416	0.478832	8	AGAAATGG	TCAGAAATGGCTTCCCTGGG	-
325-AAAAAARAAGRARAS	CPEB1_HUMAN.H11MO.0.D	2	9.7027e-05	0.0746137	0.148417	15	AAAAAAAAAGGAAAC	AAAAAAAAAAATAAAAA	-
325-AAAAAARAAGRARAS	FUBP1_HUMAN.H11MO.0.D	0	0.00023113	0.177739	0.176774	12	AAAAAAAAAGGAAAC	AAAAAAACACAA	-
325-AAAAAARAAGRARAS	IRF3_HUMAN.H11MO.0.B	2	0.000760911	0.585141	0.249603	15	AAAAAAAAAGGAAAC	GAAAGGGAAAGGGAAAGTGA	+
325-AAAAAARAAGRARAS	FOXJ3_HUMAN.H11MO.1.B	1	0.000837558	0.644082	0.249603	12	AAAAAAAAAGGAAAC	TAAACAAAAACAA	-
325-AAAAAARAAGRARAS	STAT1_HUMAN.H11MO.1.A	4	0.000873016	0.671349	0.249603	15	AAAAAAAAAGGAAAC	AAGAAAATGAAACTGAAAG	+
325-AAAAAARAAGRARAS	ANDR_HUMAN.H11MO.0.A	4	0.000979058	0.752896	0.249603	14	AAAAAAAAAGGAAAC	AGCAAACAAAAAAGAACA	-
325-AAAAAARAAGRARAS	FOXG1_HUMAN.H11MO.0.D	-1	0.00146558	1.12703	0.260479	14	AAAAAAAAAGGAAAC	AAAAAAATATAAACAAT	-
325-AAAAAARAAGRARAS	STAT2_HUMAN.H11MO.0.A	4	0.00149095	1.14654	0.260479	15	AAAAAAAAAGGAAAC	AGGAAAATGAAACTGAAAG	+
325-AAAAAARAAGRARAS	FOXJ3_HUMAN.H11MO.0.A	0	0.00183274	1.40938	0.260479	13	AAAAAAAAAGGAAAC	AAAAAATAAACAA	-
325-AAAAAARAAGRARAS	IRF1_HUMAN.H11MO.0.A	2	0.00199167	1.53159	0.260479	15	AAAAAAAAAGGAAAC	GAAAATGAAAGTGAAAGTAA	+
325-AAAAAARAAGRARAS	ZN713_HUMAN.H11MO.0.D	0	0.00203908	1.56806	0.260479	15	AAAAAAAAAGGAAAC	ATAGAAAAAAGACACGAAA	+
325-AAAAAARAAGRARAS	SOX10_HUMAN.H11MO.1.A	0	0.00204344	1.57141	0.260479	13	AAAAAAAAAGGAAAC	GAGAACAAAGGAA	-
325-AAAAAARAAGRARAS	IRF2_HUMAN.H11MO.0.A	2	0.00257685	1.9816	0.303206	15	AAAAAAAAAGGAAAC	GAAAGTGAAAGTGAAAGTAA	+
325-AAAAAARAAGRARAS	ZN384_HUMAN.H11MO.0.C	1	0.00310143	2.385	0.338864	11	AAAAAAAAAGGAAAC	GGAAAAAATCGG	+
325-AAAAAARAAGRARAS	SOX4_HUMAN.H11MO.0.B	0	0.00345684	2.65831	0.352517	12	AAAAAAAAAGGAAAC	GAGAACAAAGGA	-
325-AAAAAARAAGRARAS	SOX2_HUMAN.H11MO.0.A	0	0.00407156	3.13103	0.389253	13	AAAAAAAAAGGAAAC	GAGAACAAAGGGA	-
325-AAAAAARAAGRARAS	FOXL1_HUMAN.H11MO.0.D	3	0.00503501	3.87193	0.453047	15	AAAAAAAAAGGAAAC	AAAAGTAAACAAACAAACA	-
330-AACCAATSACYTHW	CEBPZ_HUMAN.H11MO.0.D	0	3.00939e-05	0.0231422	0.044642	11	AACCAATGACTTCT	AGCCAATCAGC	-
330-AACCAATSACYTHW	FOXI1_HUMAN.H11MO.0.B	0	0.00037588	0.289052	0.210742	12	AACCAATGACTTCT	GACCAATCAGAG	-
330-AACCAATSACYTHW	NFYB_HUMAN.H11MO.0.A	1	0.00052913	0.406901	0.210742	12	AACCAATGACTTCT	CAGCCAATCAGAG	+
330-AACCAATSACYTHW	NFYA_HUMAN.H11MO.0.A	2	0.000710324	0.546239	0.210742	12	AACCAATGACTTCT	TCAGCCAATCAGAA	+
330-AACCAATSACYTHW	NFYC_HUMAN.H11MO.0.A	2	0.000710324	0.546239	0.210742	12	AACCAATGACTTCT	CTAGCCAATCAGAG	+
330-AACCAATSACYTHW	PBX2_HUMAN.H11MO.0.C	1	0.00189754	1.45921	0.403916	14	AACCAATGACTTCT	CCATCAATCAATTTA	-
330-AACCAATSACYTHW	SOX9_HUMAN.H11MO.1.B	0	0.001906	1.46572	0.403916	9	AACCAATGACTTCT	AAACAATGG	-
330-AACCAATSACYTHW	PBX3_HUMAN.H11MO.1.A	0	0.00245446	1.88748	0.443857	9	AACCAATGACTTCT	TGCCAATCA	-
330-AACCAATSACYTHW	SOX5_HUMAN.H11MO.0.C	0	0.0026929	2.07084	0.443857	8	AACCAATGACTTCT	TAACAATA	-
330-AACCAATSACYTHW	CUX2_HUMAN.H11MO.0.D	1	0.00316552	2.43428	0.451507	10	AACCAATGACTTCT	AAATCAATGAA	+
330-AACCAATSACYTHW	HNF1B_HUMAN.H11MO.1.A	0	0.00334818	2.57475	0.451507	11	AACCAATGACTTCT	AATCATTAACT	-
330-AACCAATSACYTHW	LBX2_HUMAN.H11MO.0.D	0	0.00395679	3.04277	0.451507	11	AACCAATGACTTCT	ACCTAATTAAC	-
330-AACCAATSACYTHW	HNF6_HUMAN.H11MO.0.B	1	0.00395679	3.04277	0.451507	10	AACCAATGACTTCT	AAATCAATAAA	-
330-AACCAATSACYTHW	NR1H2_HUMAN.H11MO.0.D	4	0.00540211	4.15422	0.483637	14	AACCAATGACTTCT	CGTTGACCTTTGACCTTTA	-
330-AACCAATSACYTHW	PAX7_HUMAN.H11MO.0.D	2	0.00645594	4.96462	0.483637	9	AACCAATGACTTCT	ATAATCAATTA	-
330-AACCAATSACYTHW	HBP1_HUMAN.H11MO.0.D	-2	0.00646335	4.97031	0.483637	9	AACCAATGACTTCT	TCAATGAGT	-
330-AACCAATSACYTHW	PBX1_HUMAN.H11MO.1.C	2	0.00732998	5.63676	0.483637	13	AACCAATGACTTCT	CCCATCAATCAAATT	-
330-AACCAATSACYTHW	NF2L1_HUMAN.H11MO.0.C	-4	0.00751765	5.78107	0.483637	7	AACCAATGACTTCT	AATGACT	-
330-AACCAATSACYTHW	NR2E1_HUMAN.H11MO.0.D	-3	0.00764409	5.8783	0.483637	11	AACCAATGACTTCT	AATTGACTTTTTGACTT	-
330-AACCAATSACYTHW	LHX3_HUMAN.H11MO.0.C	-1	0.00769955	5.92095	0.483637	13	AACCAATGACTTCT	ATTAATTAATTTT	-
330-AACCAATSACYTHW	HXB3_HUMAN.H11MO.0.D	-2	0.00791342	6.08542	0.483637	12	AACCAATGACTTCT	TTAATTAGTTTTTA	+
330-AACCAATSACYTHW	HMX2_HUMAN.H11MO.0.D	0	0.00798157	6.13783	0.483637	11	AACCAATGACTTCT	AACCAATTAAA	-
330-AACCAATSACYTHW	DUX4_HUMAN.H11MO.0.A	2	0.00798157	6.13783	0.483637	9	AACCAATGACTTCT	TAACCTAATCA	-
330-AACCAATSACYTHW	SOX15_HUMAN.H11MO.0.D	-1	0.00801765	6.16558	0.483637	7	AACCAATGACTTCT	AACAATG	-
330-AACCAATSACYTHW	NOBOX_HUMAN.H11MO.0.C	-1	0.00815069	6.26788	0.483637	9	AACCAATGACTTCT	ACCAATTAG	-
330-AACCAATSACYTHW	HMX3_HUMAN.H11MO.0.D	-1	0.00886365	6.81615	0.491344	11	AACCAATGACTTCT	AGCAATTAACG	-
330-AACCAATSACYTHW	PAX3_HUMAN.H11MO.0.D	2	0.00894303	6.87719	0.491344	11	AACCAATGACTTCT	TTAATCGATTATC	-
332-AAGAAAGAGG	ZN680_HUMAN.H11MO.0.C	10	1.34639e-05	0.0103538	0.0207075	10	AAGAAAGAGG	CATGTCCAAGAAGAATGAGG	+
332-AAGAAAGAGG	ZFP28_HUMAN.H11MO.0.C	9	0.000538441	0.414061	0.414061	10	AAGAAAGAGG	TGACACAAGAAGAAATAGAA	-
332-AAGAAAGAGG	SPI1_HUMAN.H11MO.0.A	-1	0.00112843	0.867759	0.433879	9	AAGAAAGAGG	AAAAAGAGGAAGTGAAA	+
332-AAGAAAGAGG	SPIB_HUMAN.H11MO.0.A	-1	0.00112843	0.867759	0.433879	9	AAGAAAGAGG	AAAAAGAGGAAGTGAAA	+
335-AATCCAATGGC	ZN502_HUMAN.H11MO.0.C	6	0.000281424	0.216415	0.43283	11	AATCCAATGGC	GAATGGAATCGAATGGAATC	+
341-ACRCGTSACYT	TFEB_HUMAN.H11MO.0.C	-1	2.9274e-05	0.0225117	0.0387821	9	ACACGTCACTT	CACGTGACC	-
341-ACRCGTSACYT	ATF3_HUMAN.H11MO.0.A	1	7.61944e-05	0.0585935	0.0387821	10	ACACGTCACTT	ATCACGTCACC	-
341-ACRCGTSACYT	TFE3_HUMAN.H11MO.0.B	0	7.63306e-05	0.0586982	0.0387821	10	ACACGTCACTT	TCACGTGACC	-
341-ACRCGTSACYT	ATF1_HUMAN.H11MO.0.B	0	0.000253022	0.194574	0.077605	11	ACACGTCACTT	TGACGTCACCG	-
341-ACRCGTSACYT	MITF_HUMAN.H11MO.0.A	0	0.000254569	0.195764	0.077605	10	ACACGTCACTT	TCACGTGACC	+
341-ACRCGTSACYT	USF1_HUMAN.H11MO.0.A	2	0.000322637	0.248108	0.0819628	10	ACACGTCACTT	GGTCACGTGACC	-
341-ACRCGTSACYT	E4F1_HUMAN.H11MO.0.D	-1	0.000481584	0.370338	0.104864	9	ACACGTCACTT	GACGTCACG	-
341-ACRCGTSACYT	USF2_HUMAN.H11MO.0.A	8	0.000678011	0.521391	0.115923	11	ACACGTCACTT	CGCCGCGGCCACGTGACCC	-
341-ACRCGTSACYT	CREB1_HUMAN.H11MO.0.A	0	0.000684477	0.526363	0.115923	11	ACACGTCACTT	TGACGTCATCG	-
341-ACRCGTSACYT	CREB3_HUMAN.H11MO.0.D	2	0.000784924	0.603607	0.119641	11	ACACGTCACTT	TGCCACGTCACCA	-
341-ACRCGTSACYT	CR3L2_HUMAN.H11MO.0.D	2	0.000890489	0.684786	0.12268	11	ACACGTCACTT	TGCCACGTCATCA	-
341-ACRCGTSACYT	MTF1_HUMAN.H11MO.0.C	7	0.000965833	0.742726	0.12268	10	ACACGTCACTT	GTTTTGCACACGGCACT	-
341-ACRCGTSACYT	XBP1_HUMAN.H11MO.0.D	1	0.00175434	1.34909	0.205695	10	ACACGTCACTT	GCCACGTCAGC	-
341-ACRCGTSACYT	MLX_HUMAN.H11MO.0.D	0	0.00198115	1.5235	0.215696	11	ACACGTCACTT	GCACGTGATCA	-
341-ACRCGTSACYT	ATF6A_HUMAN.H11MO.0.B	0	0.00213793	1.64406	0.217248	11	ACACGTCACTT	CCACGTCACCAC	-
341-ACRCGTSACYT	BMAL1_HUMAN.H11MO.0.A	1	0.00237348	1.8252	0.22611	10	ACACGTCACTT	GCCACGTGACT	+
341-ACRCGTSACYT	HEY1_HUMAN.H11MO.0.D	2	0.00270798	2.08243	0.242801	10	ACACGTCACTT	CGACACGTGCCA	-
341-ACRCGTSACYT	BHE40_HUMAN.H11MO.0.A	1	0.00322264	2.47821	0.258531	9	ACACGTCACTT	GGCACGTGAC	+
341-ACRCGTSACYT	PAX1_HUMAN.H11MO.0.D	6	0.00552375	4.24776	0.40093	11	ACACGTCACTT	TCAGTCAAGCGTGACGA	-
341-ACRCGTSACYT	MYCN_HUMAN.H11MO.0.A	2	0.00672834	5.17409	0.445896	10	ACACGTCACTT	GCCCACGTGGCC	-
343-ACYACCTGACYM	SNAI1_HUMAN.H11MO.0.C	-1	0.000174671	0.134322	0.116599	8	ACCACCTGACTC	CCACCTGG	-
343-ACYACCTGACYM	TFEB_HUMAN.H11MO.0.C	-2	0.000272672	0.209685	0.116599	9	ACCACCTGACTC	CACGTGACC	-
343-ACYACCTGACYM	USF1_HUMAN.H11MO.0.A	1	0.000336968	0.259128	0.116599	11	ACCACCTGACTC	GGTCACGTGACC	-
343-ACYACCTGACYM	USF2_HUMAN.H11MO.0.A	7	0.000359743	0.276642	0.116599	12	ACCACCTGACTC	CGCCGCGGCCACGTGACCC	-
343-ACYACCTGACYM	FIGLA_HUMAN.H11MO.0.D	0	0.000441475	0.339494	0.116599	11	ACCACCTGACTC	AACACCTGTTA	-
343-ACYACCTGACYM	TFE3_HUMAN.H11MO.0.B	-1	0.000476768	0.366635	0.116599	10	ACCACCTGACTC	TCACGTGACC	-
343-ACYACCTGACYM	ZEB1_HUMAN.H11MO.0.A	0	0.000792938	0.609769	0.145987	10	ACCACCTGACTC	CTCACCTGTC	-
343-ACYACCTGACYM	ZN554_HUMAN.H11MO.0.C	5	0.000795911	0.612056	0.145987	12	ACCACCTGACTC	AGCACCCCACATGGCTCAGC	-
343-ACYACCTGACYM	MITF_HUMAN.H11MO.0.A	-1	0.00114955	0.884001	0.187423	10	ACCACCTGACTC	TCACGTGACC	+
343-ACYACCTGACYM	SNAI2_HUMAN.H11MO.0.A	0	0.00146559	1.12704	0.199314	10	ACCACCTGACTC	TGCACCTGCC	-
343-ACYACCTGACYM	ATF3_HUMAN.H11MO.0.A	0	0.00149414	1.149	0.199314	11	ACCACCTGACTC	ATCACGTCACC	-
343-ACYACCTGACYM	MESP1_HUMAN.H11MO.0.D	2	0.00188658	1.45078	0.204309	9	ACCACCTGACTC	TCCACACCTGC	-
343-ACYACCTGACYM	NDF1_HUMAN.H11MO.0.A	0	0.00197532	1.51902	0.204309	10	ACCACCTGACTC	ACCATCTGTC	-
343-ACYACCTGACYM	SCRT1_HUMAN.H11MO.0.D	1	0.00213583	1.64245	0.204309	12	ACCACCTGACTC	AACCACCTGTTGC	-
343-ACYACCTGACYM	BMAL1_HUMAN.H11MO.0.A	0	0.00224215	1.72421	0.204309	11	ACCACCTGACTC	GCCACGTGACT	+
343-ACYACCTGACYM	ID4_HUMAN.H11MO.0.D	1	0.00224215	1.72421	0.204309	10	ACCACCTGACTC	TTACACCTGTC	-
343-ACYACCTGACYM	ASCL1_HUMAN.H11MO.0.A	1	0.00236699	1.82022	0.204309	12	ACCACCTGACTC	CTGCACCTGCTCCC	+
343-ACYACCTGACYM	NDF2_HUMAN.H11MO.0.B	-1	0.00306428	2.35643	0.249801	9	ACCACCTGACTC	CCATCTGTT	-
343-ACYACCTGACYM	NGN2_HUMAN.H11MO.0.D	0	0.00376859	2.89804	0.285572	12	ACCACCTGACTC	GCCATCTGCTCC	-
343-ACYACCTGACYM	ATOH1_HUMAN.H11MO.0.B	-1	0.0038923	2.99318	0.285572	9	ACCACCTGACTC	CCATCTGCT	-
343-ACYACCTGACYM	BHE40_HUMAN.H11MO.0.A	0	0.00442425	3.40225	0.309143	10	ACCACCTGACTC	GGCACGTGAC	+
343-ACYACCTGACYM	MYB_HUMAN.H11MO.0.A	-1	0.00468148	3.60006	0.312248	11	ACCACCTGACTC	CCAACTGCCACC	-
343-ACYACCTGACYM	ZN335_HUMAN.H11MO.1.A	-2	0.00493525	3.79521	0.314862	7	ACCACCTGACTC	TGCCTGA	+
343-ACYACCTGACYM	MLX_HUMAN.H11MO.0.D	-1	0.00545654	4.19608	0.322655	11	ACCACCTGACTC	GCACGTGATCA	-
343-ACYACCTGACYM	MYCN_HUMAN.H11MO.0.A	1	0.00549717	4.22732	0.322655	11	ACCACCTGACTC	GCCCACGTGGCC	-
343-ACYACCTGACYM	NKX23_HUMAN.H11MO.0.D	1	0.00575849	4.42828	0.324351	10	ACCACCTGACTC	AACCACTTAAC	-
343-ACYACCTGACYM	MYF6_HUMAN.H11MO.0.C	-2	0.00599858	4.61291	0.324351	7	ACCACCTGACTC	CAGCTGC	+
343-ACYACCTGACYM	TAL1_HUMAN.H11MO.1.A	0	0.00638087	4.90689	0.324351	12	ACCACCTGACTC	CACATCTGCTTCCTG	-
343-ACYACCTGACYM	INSM1_HUMAN.H11MO.0.C	1	0.00644364	4.95516	0.324351	11	ACCACCTGACTC	TGCCCCCTGACA	-
343-ACYACCTGACYM	ATF6A_HUMAN.H11MO.0.B	-1	0.0067914	5.22259	0.324351	11	ACCACCTGACTC	CCACGTCACCAC	-
343-ACYACCTGACYM	MYOG_HUMAN.H11MO.0.B	1	0.0070588	5.42822	0.324351	12	ACCACCTGACTC	CCGCAGCTGTCCC	+
343-ACYACCTGACYM	MAX_HUMAN.H11MO.0.A	-1	0.00726478	5.58662	0.324351	10	ACCACCTGACTC	CCACGTGCTC	-
343-ACYACCTGACYM	FOS_HUMAN.H11MO.0.A	-5	0.00735645	5.65711	0.324351	7	ACCACCTGACTC	GTGACTCAC	-
343-ACYACCTGACYM	ZN784_HUMAN.H11MO.0.D	-1	0.00751544	5.77938	0.324351	11	ACCACCTGACTC	GTACCTACCTC	-
343-ACYACCTGACYM	PTF1A_HUMAN.H11MO.1.B	-1	0.0077829	5.98505	0.326296	9	ACCACCTGACTC	CCAGCTGCT	-
343-ACYACCTGACYM	TFAP4_HUMAN.H11MO.0.A	-1	0.0085375	6.56534	0.345222	10	ACCACCTGACTC	CCAGCTGTTT	+
343-ACYACCTGACYM	KLF8_HUMAN.H11MO.0.C	1	0.00870485	6.69403	0.345222	8	ACCACCTGACTC	CACCCCCTG	-
343-ACYACCTGACYM	VDR_HUMAN.H11MO.0.A	3	0.00956562	7.35596	0.359064	12	ACCACCTGACTC	TGAACCCACTGACCCC	-
343-ACYACCTGACYM	ITF2_HUMAN.H11MO.0.C	0	0.0100138	7.70059	0.359064	10	ACCACCTGACTC	CCCAGCTGCC	-
343-ACYACCTGACYM	MXI1_HUMAN.H11MO.1.A	0	0.0102764	7.90257	0.359064	11	ACCACCTGACTC	CCCACGTGCTC	+
343-ACYACCTGACYM	CR3L1_HUMAN.H11MO.0.D	1	0.0102764	7.90257	0.359064	10	ACCACCTGACTC	TGCCACGTGGC	-
343-ACYACCTGACYM	ASCL2_HUMAN.H11MO.0.D	-1	0.0102774	7.9033	0.359064	9	ACCACCTGACTC	CCAGCTGCT	+
343-ACYACCTGACYM	THB_HUMAN.H11MO.1.D	-1	0.0117226	9.01468	0.393663	10	ACCACCTGACTC	TGACCTGACC	-
343-ACYACCTGACYM	ZN331_HUMAN.H11MO.0.C	3	0.0119667	9.2024	0.393663	12	ACCACCTGACTC	CCACCCAGCTGAGCCCAGCC	-
343-ACYACCTGACYM	SCRT2_HUMAN.H11MO.0.D	-1	0.0123821	9.52183	0.393663	11	ACCACCTGACTC	CCACCTGTTGCAT	-
343-ACYACCTGACYM	MYBA_HUMAN.H11MO.0.D	2	0.0124549	9.57784	0.393663	12	ACCACCTGACTC	TCTCCAACTGCCACT	-
343-ACYACCTGACYM	BHA15_HUMAN.H11MO.0.B	-1	0.0126091	9.69639	0.393663	11	ACCACCTGACTC	CCAGCTGCTGC	-
343-ACYACCTGACYM	MYC_HUMAN.H11MO.0.A	0	0.013264	10.2	0.401373	11	ACCACCTGACTC	GCCACGTGCTC	+
343-ACYACCTGACYM	EPAS1_HUMAN.H11MO.0.B	-1	0.0134883	10.3725	0.401373	9	ACCACCTGACTC	GTACGTGCC	+
343-ACYACCTGACYM	SRBP1_HUMAN.H11MO.0.A	0	0.0139501	10.7277	0.401373	11	ACCACCTGACTC	CTCACCCCACC	-
343-ACYACCTGACYM	JUNB_HUMAN.H11MO.0.A	-4	0.0139501	10.7277	0.401373	8	ACCACCTGACTC	GGTGACTCAGA	-
343-ACYACCTGACYM	OLIG2_HUMAN.H11MO.1.B	-1	0.0151775	11.6715	0.408532	10	ACCACCTGACTC	CCATCTGTTT	+
343-ACYACCTGACYM	MAFG_HUMAN.H11MO.0.A	2	0.0163842	12.5995	0.408532	12	ACCACCTGACTC	AAAATTGCTGACTCAGCA	+
343-ACYACCTGACYM	NFE2_HUMAN.H11MO.0.A	-3	0.0166573	12.8095	0.408532	9	ACCACCTGACTC	GCATGACTCAGCA	+
343-ACYACCTGACYM	HEY1_HUMAN.H11MO.0.D	1	0.0169205	13.0118	0.408532	11	ACCACCTGACTC	CGACACGTGCCA	-
343-ACYACCTGACYM	MAF_HUMAN.H11MO.1.B	-3	0.0169896	13.065	0.408532	8	ACCACCTGACTC	TGCTGACT	+
343-ACYACCTGACYM	NF2L1_HUMAN.H11MO.0.C	-4	0.0171224	13.1671	0.408532	7	ACCACCTGACTC	AATGACT	-
343-ACYACCTGACYM	PTF1A_HUMAN.H11MO.0.B	-1	0.0172159	13.2391	0.408532	11	ACCACCTGACTC	CCAGCTGCCCCCTTTCCC	+
343-ACYACCTGACYM	MAFK_HUMAN.H11MO.1.A	-3	0.0174894	13.4494	0.408532	9	ACCACCTGACTC	TGCTGACTCAGCA	-
343-ACYACCTGACYM	OLIG2_HUMAN.H11MO.0.B	-1	0.0180862	13.9083	0.408532	11	ACCACCTGACTC	CCAGCTGTTTCCCTTCTG	+
343-ACYACCTGACYM	ETV2_HUMAN.H11MO.0.B	3	0.0183398	14.1033	0.408532	12	ACCACCTGACTC	CCCACTTCCTGTTTCC	-
343-ACYACCTGACYM	CREB3_HUMAN.H11MO.0.D	1	0.0183595	14.1184	0.408532	12	ACCACCTGACTC	TGCCACGTCACCA	-
343-ACYACCTGACYM	MYOD1_HUMAN.H11MO.0.A	-1	0.0184859	14.2157	0.408532	11	ACCACCTGACTC	GCAGCTGTTCCTGCC	+
343-ACYACCTGACYM	FOSB_HUMAN.H11MO.0.A	-5	0.0185438	14.2602	0.408532	7	ACCACCTGACTC	ATGACTCAT	-
343-ACYACCTGACYM	ZN219_HUMAN.H11MO.0.D	0	0.0186536	14.3446	0.408532	12	ACCACCTGACTC	TCCGCCCCCCTC	-
343-ACYACCTGACYM	MAF_HUMAN.H11MO.0.A	2	0.0189999	14.611	0.409779	12	ACCACCTGACTC	GAATCTGCTGACTCAGCAA	+
343-ACYACCTGACYM	ETS1_HUMAN.H11MO.0.A	2	0.019269	14.8179	0.409779	11	ACCACCTGACTC	CCACTTCCTGTCT	-
343-ACYACCTGACYM	ESR2_HUMAN.H11MO.1.A	-5	0.0203973	15.6855	0.427576	7	ACCACCTGACTC	GTGACCT	-
343-ACYACCTGACYM	JUND_HUMAN.H11MO.0.A	-4	0.0207317	15.9427	0.428466	8	ACCACCTGACTC	GATGACTCATC	-
343-ACYACCTGACYM	NR1H4_HUMAN.H11MO.1.B	-4	0.021175	16.2835	0.430975	8	ACCACCTGACTC	ACTGACCT	-
343-ACYACCTGACYM	ARNT_HUMAN.H11MO.0.B	-1	0.0216731	16.6666	0.430975	9	ACCACCTGACTC	GTACGTGCC	+
343-ACYACCTGACYM	ZN134_HUMAN.H11MO.1.C	2	0.0217342	16.7136	0.430975	12	ACCACCTGACTC	CCTTCACCTGATTAGGT	-
343-ACYACCTGACYM	MAFF_HUMAN.H11MO.1.B	-3	0.0228185	17.5474	0.432543	9	ACCACCTGACTC	TGCTGAGTC	+
343-ACYACCTGACYM	MBD2_HUMAN.H11MO.0.B	-1	0.0228436	17.5667	0.432543	11	ACCACCTGACTC	CCTCCGGCCCC	-
343-ACYACCTGACYM	HTF4_HUMAN.H11MO.0.A	0	0.0238369	18.3306	0.432543	10	ACCACCTGACTC	CACAGCTGCA	-
343-ACYACCTGACYM	MYOD1_HUMAN.H11MO.1.A	1	0.0239715	18.4341	0.432543	10	ACCACCTGACTC	CTGCAGCTGTC	+
343-ACYACCTGACYM	MEIS3_HUMAN.H11MO.0.D	-2	0.0239715	18.4341	0.432543	10	ACCACCTGACTC	CACCTGTCAAA	-
343-ACYACCTGACYM	JUN_HUMAN.H11MO.0.A	-4	0.0239715	18.4341	0.432543	8	ACCACCTGACTC	GATGACTCATC	-
343-ACYACCTGACYM	MAFK_HUMAN.H11MO.0.A	2	0.0242079	18.6159	0.432543	12	ACCACCTGACTC	AAAATTGCTGAGTCAGCA	+
343-ACYACCTGACYM	ERG_HUMAN.H11MO.0.A	2	0.0244663	18.8146	0.432543	11	ACCACCTGACTC	CCACTTCCTGCCC	-
343-ACYACCTGACYM	NR2E1_HUMAN.H11MO.0.D	5	0.025095	19.298	0.437614	12	ACCACCTGACTC	AATTGACTTTTTGACTT	-
343-ACYACCTGACYM	FLI1_HUMAN.H11MO.0.A	5	0.0253947	19.5285	0.437614	12	ACCACCTGACTC	TCCCTCCTTCCTTCCTCC	-
343-ACYACCTGACYM	BACH1_HUMAN.H11MO.0.A	-3	0.0256478	19.7232	0.437614	9	ACCACCTGACTC	GCATGACTCAGCA	-
343-ACYACCTGACYM	PAX6_HUMAN.H11MO.0.C	1	0.0260778	20.0539	0.439837	11	ACCACCTGACTC	TTCCGCTTGACT	+
343-ACYACCTGACYM	GLI3_HUMAN.H11MO.0.B	2	0.026381	20.287	0.439893	9	ACCACCTGACTC	GGACCACCCAG	-
343-ACYACCTGACYM	BACH2_HUMAN.H11MO.0.A	-5	0.0276665	21.2756	0.456146	7	ACCACCTGACTC	ATGACTCAGCA	-
343-ACYACCTGACYM	ZN134_HUMAN.H11MO.0.C	2	0.0281345	21.6355	0.458708	12	ACCACCTGACTC	CCTTCAACTGATTAGGTGAGGC	-
343-ACYACCTGACYM	TGIF2_HUMAN.H11MO.0.D	-1	0.0304098	23.3851	0.477331	11	ACCACCTGACTC	ACAGCTGTCAT	-
343-ACYACCTGACYM	NR1D1_HUMAN.H11MO.0.B	-1	0.030753	23.6491	0.477331	11	ACCACCTGACTC	CCTTCTGACCCACTTCCCT	-
343-ACYACCTGACYM	ZBTB4_HUMAN.H11MO.0.D	0	0.0317581	24.4219	0.477331	12	ACCACCTGACTC	CCCACCTGCCATCTAGG	-
343-ACYACCTGACYM	THA_HUMAN.H11MO.1.D	0	0.0318977	24.5294	0.477331	10	ACCACCTGACTC	CTGACCTGAG	-
343-ACYACCTGACYM	FOSL1_HUMAN.H11MO.0.A	-4	0.0329301	25.3232	0.477331	8	ACCACCTGACTC	GGTGACTCATCC	-
343-ACYACCTGACYM	TFE2_HUMAN.H11MO.0.A	0	0.0333975	25.6826	0.477331	11	ACCACCTGACTC	CACAGCTGCAG	+
343-ACYACCTGACYM	ETV4_HUMAN.H11MO.0.B	1	0.0333975	25.6826	0.477331	10	ACCACCTGACTC	CCCTTCCTGTT	-
343-ACYACCTGACYM	ZN329_HUMAN.H11MO.0.C	11	0.0335698	25.8151	0.477331	9	ACCACCTGACTC	CTGGATCCAGCCATGCCTGA	+
343-ACYACCTGACYM	CLOCK_HUMAN.H11MO.0.C	2	0.0336875	25.9057	0.477331	12	ACCACCTGACTC	CAGACACGTGAACA	+
343-ACYACCTGACYM	ELF3_HUMAN.H11MO.0.A	2	0.0336875	25.9057	0.477331	12	ACCACCTGACTC	CCACTTCCTGGTTC	-
343-ACYACCTGACYM	MEIS2_HUMAN.H11MO.0.B	1	0.0338928	26.0635	0.477331	12	ACCACCTGACTC	TGACAGCTGTCAA	-
343-ACYACCTGACYM	NKX28_HUMAN.H11MO.0.C	-1	0.0341562	26.2661	0.477331	9	ACCACCTGACTC	GTCCTTGAA	-
343-ACYACCTGACYM	LYL1_HUMAN.H11MO.0.A	-1	0.0352655	27.1192	0.482047	11	ACCACCTGACTC	CCAGCTGTTTCCTG	+
343-ACYACCTGACYM	FLI1_HUMAN.H11MO.1.A	2	0.0354792	27.2835	0.482047	11	ACCACCTGACTC	CCACTTCCTGCCT	-
343-ACYACCTGACYM	E4F1_HUMAN.H11MO.0.D	-2	0.035883	27.594	0.48306	9	ACCACCTGACTC	GACGTCACG	-
343-ACYACCTGACYM	MAFB_HUMAN.H11MO.0.B	-3	0.0366481	28.1824	0.485511	9	ACCACCTGACTC	TGCTGACTCAG	+
343-ACYACCTGACYM	RARG_HUMAN.H11MO.0.B	6	0.0369603	28.4225	0.485511	12	ACCACCTGACTC	CCCAGGTCACTCTGACCT	-
343-ACYACCTGACYM	IRX2_HUMAN.H11MO.0.D	0	0.0370647	28.5027	0.485511	12	ACCACCTGACTC	CCAACATGCCCACCCATGT	-
343-ACYACCTGACYM	XBP1_HUMAN.H11MO.0.D	0	0.0383782	29.5129	0.485511	11	ACCACCTGACTC	GCCACGTCAGC	-
343-ACYACCTGACYM	NRL_HUMAN.H11MO.0.D	-3	0.0383782	29.5129	0.485511	9	ACCACCTGACTC	TGCTGACGCAG	+
343-ACYACCTGACYM	TWST1_HUMAN.H11MO.1.A	0	0.038567	29.658	0.485511	10	ACCACCTGACTC	ACCAGATGTG	-
343-ACYACCTGACYM	ESR1_HUMAN.H11MO.0.A	3	0.0391757	30.1261	0.485511	12	ACCACCTGACTC	AGGTCACCCTGACCT	+
343-ACYACCTGACYM	P63_HUMAN.H11MO.1.A	-1	0.0401815	30.8996	0.485511	11	ACCACCTGACTC	GAGCATGCCTG	+
343-ACYACCTGACYM	TBX3_HUMAN.H11MO.0.C	2	0.0401815	30.8996	0.485511	9	ACCACCTGACTC	TTCCCACCTCC	-
343-ACYACCTGACYM	EOMES_HUMAN.H11MO.0.D	2	0.0413716	31.8147	0.485511	10	ACCACCTGACTC	TTAACACCTCCT	-
343-ACYACCTGACYM	FOSL2_HUMAN.H11MO.0.A	-4	0.0413716	31.8147	0.485511	8	ACCACCTGACTC	GATGACTCATCC	-
343-ACYACCTGACYM	RARG_HUMAN.H11MO.1.B	-5	0.0419699	32.2748	0.485511	7	ACCACCTGACTC	CTGACCTC	-
343-ACYACCTGACYM	MAZ_HUMAN.H11MO.1.A	-1	0.0420607	32.3447	0.485511	11	ACCACCTGACTC	CCCCCTCCCTC	-
343-ACYACCTGACYM	WT1_HUMAN.H11MO.1.B	-1	0.0420607	32.3447	0.485511	11	ACCACCTGACTC	CCTCCTCCCAC	-
343-ACYACCTGACYM	ZN317_HUMAN.H11MO.0.C	4	0.0423234	32.5467	0.485511	12	ACCACCTGACTC	GAATGACAGCTGACTTCTCA	+
343-ACYACCTGACYM	BHE41_HUMAN.H11MO.0.D	5	0.0423234	32.5467	0.485511	12	ACCACCTGACTC	GCCTCTGCACGTGACCCGGT	-
343-ACYACCTGACYM	RARA_HUMAN.H11MO.1.A	-3	0.0423516	32.5684	0.485511	9	ACCACCTGACTC	CCCTGACCTT	-
343-ACYACCTGACYM	NKX31_HUMAN.H11MO.0.C	2	0.0432768	33.2799	0.492271	10	ACCACCTGACTC	AAAGCACTTAAC	-
343-ACYACCTGACYM	RARB_HUMAN.H11MO.0.D	-2	0.0440184	33.8502	0.495076	10	ACCACCTGACTC	GCCCTGACCTC	-
343-ACYACCTGACYM	ETV6_HUMAN.H11MO.0.D	0	0.0457448	35.1778	0.499332	9	ACCACCTGACTC	ACTTCCTGT	-
343-ACYACCTGACYM	ZIC1_HUMAN.H11MO.0.B	1	0.0457448	35.1778	0.499332	8	ACCACCTGACTC	GACCACCCC	-
343-ACYACCTGACYM	NF2L2_HUMAN.H11MO.0.A	0	0.0462106	35.536	0.499332	12	ACCACCTGACTC	AACTGCTGAGTCAT	+
343-ACYACCTGACYM	CR3L2_HUMAN.H11MO.0.D	1	0.046483	35.7455	0.499332	12	ACCACCTGACTC	TGCCACGTCATCA	-
343-ACYACCTGACYM	EHF_HUMAN.H11MO.0.B	3	0.0468769	36.0484	0.499332	12	ACCACCTGACTC	GCCACTTCCTGGTTC	-
343-ACYACCTGACYM	BATF3_HUMAN.H11MO.0.B	5	0.0478786	36.8187	0.499332	12	ACCACCTGACTC	CAGTTTCATTATGACTC	+
343-ACYACCTGACYM	ATF2_HUMAN.H11MO.0.B	0	0.0481806	37.0509	0.499332	11	ACCACCTGACTC	ATGACGTCATC	-
343-ACYACCTGACYM	BATF_HUMAN.H11MO.0.A	4	0.048536	37.3242	0.499332	12	ACCACCTGACTC	ACTTTCGATATGACTCAT	+
343-ACYACCTGACYM	TBX15_HUMAN.H11MO.0.D	2	0.0487227	37.4677	0.499332	12	ACCACCTGACTC	CCCCCACCCCCCCCCCCCC	-
343-ACYACCTGACYM	ESR2_HUMAN.H11MO.0.A	3	0.0490019	37.6825	0.499332	12	ACCACCTGACTC	AGGTCACCCTGACCT	+
343-ACYACCTGACYM	MXI1_HUMAN.H11MO.0.A	-1	0.0490019	37.6825	0.499332	11	ACCACCTGACTC	GCACGTGGCGGCGGG	+
345-AGAGGCGGCG	SP2_HUMAN.H11MO.1.B	1	0.000715889	0.550519	0.298573	10	AGAGGCGGCG	AGGGGGCGGGGC	+
345-AGAGGCGGCG	KLF12_HUMAN.H11MO.0.C	0	0.000814864	0.626631	0.298573	10	AGAGGCGGCG	AGGGGCGGGGC	+
345-AGAGGCGGCG	SP1_HUMAN.H11MO.1.A	1	0.000907392	0.697784	0.298573	10	AGAGGCGGCG	GGGGGGCGGGGCCG	+
345-AGAGGCGGCG	ZN770_HUMAN.H11MO.1.C	1	0.00110212	0.84753	0.298573	10	AGAGGCGGCG	GGGAGGCTGAG	+
345-AGAGGCGGCG	SP4_HUMAN.H11MO.0.A	5	0.00112722	0.866835	0.298573	10	AGAGGCGGCG	GGGAAGGGGGCGGGGCCGGG	+
345-AGAGGCGGCG	CTCFL_HUMAN.H11MO.0.A	4	0.0012183	0.936875	0.298573	10	AGAGGCGGCG	GCCGCCAGGGGGCGCCG	+
345-AGAGGCGGCG	SP2_HUMAN.H11MO.0.A	5	0.00169137	1.30066	0.298573	10	AGAGGCGGCG	GGGGGGGGGGCGGGGCCGGGGG	+
345-AGAGGCGGCG	ZN770_HUMAN.H11MO.0.C	1	0.00169137	1.30066	0.298573	10	AGAGGCGGCG	GGGAGGCTGAGGCGGGAGGATC	+
345-AGAGGCGGCG	TAF1_HUMAN.H11MO.0.A	2	0.00175326	1.34826	0.298573	10	AGAGGCGGCG	AAGATGGCGGCGGCGG	+
345-AGAGGCGGCG	SP4_HUMAN.H11MO.1.A	3	0.00197439	1.51831	0.302608	10	AGAGGCGGCG	GGAGGGGGCGGGGCCG	+
345-AGAGGCGGCG	SP1_HUMAN.H11MO.0.A	1	0.00327833	2.52104	0.45678	10	AGAGGCGGCG	GGGGGGCGGGGCCGGGGGGGGG	+
346-AGAGGGAGSGGA	PATZ1_HUMAN.H11MO.1.C	-2	3.48623e-05	0.0268091	0.0379771	9	AGAGGGAGCGGA	AGGGAGGGG	+
346-AGAGGGAGSGGA	MAZ_HUMAN.H11MO.1.A	-1	5.07576e-05	0.0390326	0.0379771	11	AGAGGGAGCGGA	GAGGGAGGGGG	+
346-AGAGGGAGSGGA	ZN281_HUMAN.H11MO.0.A	3	8.46353e-05	0.0650845	0.0422164	12	AGAGGGAGCGGA	GGGTGGGGGAGGGGA	+
346-AGAGGGAGSGGA	WT1_HUMAN.H11MO.1.B	-1	0.000451191	0.346966	0.166709	11	AGAGGGAGCGGA	GTGGGAGGAGG	+
346-AGAGGGAGSGGA	VEZF1_HUMAN.H11MO.1.C	0	0.000557031	0.428357	0.166709	12	AGAGGGAGCGGA	AGGGGGAGGGGG	+
346-AGAGGGAGSGGA	KLF4_HUMAN.H11MO.0.A	-2	0.000751031	0.577543	0.181998	10	AGAGGGAGCGGA	AGGGTGTGGC	+
346-AGAGGGAGSGGA	SALL4_HUMAN.H11MO.0.B	0	0.00122739	0.943862	0.181998	10	AGAGGGAGCGGA	GGAGGGTGGG	+
346-AGAGGGAGSGGA	WT1_HUMAN.H11MO.0.C	3	0.00123722	0.951423	0.181998	12	AGAGGGAGCGGA	GGGCGGGGGAGGAGGGGGGG	+
346-AGAGGGAGSGGA	SPI1_HUMAN.H11MO.0.A	4	0.00127852	0.98318	0.181998	12	AGAGGGAGCGGA	AAAAAGAGGAAGTGAAA	+
346-AGAGGGAGSGGA	ZSC22_HUMAN.H11MO.0.C	4	0.00160948	1.23769	0.181998	12	AGAGGGAGCGGA	GGTCTGAGGGAGGAGG	+
346-AGAGGGAGSGGA	SPIB_HUMAN.H11MO.0.A	4	0.00177406	1.36426	0.181998	12	AGAGGGAGCGGA	AAAAAGAGGAAGTGAAA	+
346-AGAGGGAGSGGA	SP4_HUMAN.H11MO.1.A	2	0.00189169	1.45471	0.181998	12	AGAGGGAGCGGA	GGAGGGGGCGGGGCCG	+
346-AGAGGGAGSGGA	ERG_HUMAN.H11MO.0.A	2	0.00217927	1.67586	0.181998	11	AGAGGGAGCGGA	GGGCAGGAAGTGG	+
346-AGAGGGAGSGGA	ZN148_HUMAN.H11MO.0.D	4	0.00230112	1.76956	0.181998	11	AGAGGGAGCGGA	GGGGTGGGGGAGGGG	+
346-AGAGGGAGSGGA	ZBT48_HUMAN.H11MO.0.C	0	0.00234133	1.80049	0.181998	12	AGAGGGAGCGGA	TTAGGGACCGTG	+
346-AGAGGGAGSGGA	ZBT17_HUMAN.H11MO.0.A	5	0.00239809	1.84413	0.181998	12	AGAGGGAGCGGA	GAGGGTGGGGGAGGGGAAG	+
346-AGAGGGAGSGGA	KLF12_HUMAN.H11MO.0.C	-1	0.00240576	1.85003	0.181998	11	AGAGGGAGCGGA	AGGGGCGGGGC	+
346-AGAGGGAGSGGA	SP2_HUMAN.H11MO.1.B	0	0.00246865	1.89839	0.181998	12	AGAGGGAGCGGA	AGGGGGCGGGGC	+
346-AGAGGGAGSGGA	ZN219_HUMAN.H11MO.0.D	0	0.00246865	1.89839	0.181998	12	AGAGGGAGCGGA	GAGGGGGGCGGA	+
346-AGAGGGAGSGGA	ZN263_HUMAN.H11MO.1.A	-1	0.00254147	1.95439	0.181998	11	AGAGGGAGCGGA	GAGGGAGGAGG	+
346-AGAGGGAGSGGA	KLF5_HUMAN.H11MO.0.A	-2	0.00255409	1.96409	0.181998	10	AGAGGGAGCGGA	AGGGTGGGGCTGGG	+
346-AGAGGGAGSGGA	KLF9_HUMAN.H11MO.0.C	2	0.0026933	2.07115	0.183195	12	AGAGGGAGCGGA	GGAGGGGGCGTGGCC	+
346-AGAGGGAGSGGA	E2F6_HUMAN.H11MO.0.A	2	0.00283125	2.17723	0.184205	11	AGAGGGAGCGGA	GGGGCGGGAAGGG	+
346-AGAGGGAGSGGA	ZN140_HUMAN.H11MO.0.C	-2	0.0031622	2.43173	0.197165	10	AGAGGGAGCGGA	TAGGAGCGGAATTGCTGGGTCATA	-
346-AGAGGGAGSGGA	ZN467_HUMAN.H11MO.0.C	-2	0.00393593	3.02673	0.221462	10	AGAGGGAGCGGA	GGGGAGGGGAGGGGGGGGGGGG	+
346-AGAGGGAGSGGA	CTCFL_HUMAN.H11MO.0.A	6	0.00411718	3.16611	0.221462	11	AGAGGGAGCGGA	GCCGCCAGGGGGCGCCG	+
346-AGAGGGAGSGGA	KLF6_HUMAN.H11MO.0.A	1	0.00427356	3.28637	0.221462	12	AGAGGGAGCGGA	GGAAGGGCGGGGCCGGGGG	+
346-AGAGGGAGSGGA	EGR2_HUMAN.H11MO.1.A	4	0.00435952	3.35247	0.221462	12	AGAGGGAGCGGA	GGGGCGTGGGCGGGGG	+
346-AGAGGGAGSGGA	KLF14_HUMAN.H11MO.0.D	1	0.00448861	3.45174	0.221462	12	AGAGGGAGCGGA	AGGGGGGCGTGGC	+
346-AGAGGGAGSGGA	KLF1_HUMAN.H11MO.0.A	-2	0.00449109	3.45365	0.221462	10	AGAGGGAGCGGA	GGGGCGGGGCCGGG	+
346-AGAGGGAGSGGA	FLI1_HUMAN.H11MO.1.A	2	0.00472061	3.63015	0.221462	11	AGAGGGAGCGGA	AGGCAGGAAGTGG	+
346-AGAGGGAGSGGA	KLF3_HUMAN.H11MO.0.B	3	0.00473585	3.64187	0.221462	12	AGAGGGAGCGGA	GGGGAGGGGCGGGGCCGGG	+
346-AGAGGGAGSGGA	SP1_HUMAN.H11MO.1.A	0	0.00496577	3.81868	0.225177	12	AGAGGGAGCGGA	GGGGGGCGGGGCCG	+
346-AGAGGGAGSGGA	EGR2_HUMAN.H11MO.0.A	7	0.00573207	4.40796	0.250845	11	AGAGGGAGCGGA	GGGGGGGTGTGGGAGGGG	+
346-AGAGGGAGSGGA	EGR1_HUMAN.H11MO.0.A	3	0.00586709	4.51179	0.250845	12	AGAGGGAGCGGA	GAGGGCGTGGGCGGGGG	+
346-AGAGGGAGSGGA	ETV5_HUMAN.H11MO.0.C	2	0.00605905	4.65941	0.251856	12	AGAGGGAGCGGA	GAGCAGGAAGTGAG	+
346-AGAGGGAGSGGA	VEZF1_HUMAN.H11MO.0.C	5	0.00659111	5.06856	0.266568	12	AGAGGGAGCGGA	GGGGAGGGGGGAGGGGGAGGGG	+
346-AGAGGGAGSGGA	SP3_HUMAN.H11MO.0.B	3	0.00710273	5.462	0.2797	12	AGAGGGAGCGGA	GGGGGGGGGCGGGGCCGGGG	+
346-AGAGGGAGSGGA	ZN263_HUMAN.H11MO.0.A	4	0.00746603	5.74138	0.286468	12	AGAGGGAGCGGA	GGGAGGAGGGAGAGGAGGAG	+
346-AGAGGGAGSGGA	SP1_HUMAN.H11MO.0.A	0	0.0084715	6.51458	0.304059	12	AGAGGGAGCGGA	GGGGGGCGGGGCCGGGGGGGGG	+
346-AGAGGGAGSGGA	EGR3_HUMAN.H11MO.0.D	0	0.00853071	6.56012	0.304059	11	AGAGGGAGCGGA	AGAGTGGGTGT	+
346-AGAGGGAGSGGA	MZF1_HUMAN.H11MO.0.B	1	0.00853407	6.5627	0.304059	12	AGAGGGAGCGGA	GGAGGGGATTGGG	+
346-AGAGGGAGSGGA	FLI1_HUMAN.H11MO.0.A	4	0.00895011	6.88263	0.305133	12	AGAGGGAGCGGA	GGAGGAAGGAAGGAGGGA	+
346-AGAGGGAGSGGA	ETV4_HUMAN.H11MO.0.B	1	0.00897205	6.8995	0.305133	10	AGAGGGAGCGGA	AACAGGAAGGG	+
346-AGAGGGAGSGGA	ETS1_HUMAN.H11MO.0.A	2	0.00985967	7.58209	0.322671	11	AGAGGGAGCGGA	AGACAGGAAGTGG	+
346-AGAGGGAGSGGA	KLF13_HUMAN.H11MO.0.D	1	0.00991899	7.6277	0.322671	10	AGAGGGAGCGGA	AGGGGGGCGTG	+
346-AGAGGGAGSGGA	ETV6_HUMAN.H11MO.0.D	0	0.0114783	8.82679	0.360639	9	AGAGGGAGCGGA	ACAGGAAGT	+
346-AGAGGGAGSGGA	ZN768_HUMAN.H11MO.0.C	9	0.0116041	8.92354	0.360639	11	AGAGGGAGCGGA	GAGGCTCAGAGAGGTTAAGT	+
346-AGAGGGAGSGGA	TBX15_HUMAN.H11MO.0.D	7	0.0121309	9.3287	0.360639	12	AGAGGGAGCGGA	GGGGGGGGGGGGGTGGGGG	+
346-AGAGGGAGSGGA	HXB1_HUMAN.H11MO.0.D	0	0.0121415	9.33679	0.360639	10	AGAGGGAGCGGA	TGATGGATGG	+
346-AGAGGGAGSGGA	CTCF_HUMAN.H11MO.0.A	8	0.0127243	9.78498	0.360639	11	AGAGGGAGCGGA	TGGCCACCAGGGGGCGCCA	+
346-AGAGGGAGSGGA	KLF16_HUMAN.H11MO.0.D	-1	0.0127243	9.78498	0.360639	11	AGAGGGAGCGGA	GGGGGCGGGGGGGGGGGGG	+
346-AGAGGGAGSGGA	BC11A_HUMAN.H11MO.0.A	3	0.0127731	9.82255	0.360639	12	AGAGGGAGCGGA	AAAAGAGGAAGTGAAAA	+
346-AGAGGGAGSGGA	ZN816_HUMAN.H11MO.1.C	1	0.0130827	10.0606	0.360828	12	AGAGGGAGCGGA	AAGGGGGACATGCA	+
346-AGAGGGAGSGGA	ETV7_HUMAN.H11MO.0.D	-1	0.0135923	10.4524	0.360828	7	AGAGGGAGCGGA	CAGGAAG	+
346-AGAGGGAGSGGA	IRF4_HUMAN.H11MO.0.A	2	0.0137803	10.597	0.360828	12	AGAGGGAGCGGA	AAAAGAGGAAGTGAAACT	+
346-AGAGGGAGSGGA	EGR4_HUMAN.H11MO.0.D	-1	0.0140118	10.7751	0.360828	11	AGAGGGAGCGGA	GGCGGCAGGGC	+
346-AGAGGGAGSGGA	ETS2_HUMAN.H11MO.0.B	1	0.0143866	11.0633	0.360828	12	AGAGGGAGCGGA	GGAAGGAAGAGGA	+
346-AGAGGGAGSGGA	ZN770_HUMAN.H11MO.0.C	1	0.0144838	11.1381	0.360828	12	AGAGGGAGCGGA	GGGAGGCTGAGGCGGGAGGATC	+
346-AGAGGGAGSGGA	E2F2_HUMAN.H11MO.0.B	-4	0.0148972	11.4559	0.360828	8	AGAGGGAGCGGA	GGCGCGAAAC	+
346-AGAGGGAGSGGA	ZN740_HUMAN.H11MO.0.D	2	0.0150431	11.5682	0.360828	12	AGAGGGAGCGGA	GGGGGGGGGGTGGG	+
346-AGAGGGAGSGGA	ZBTB6_HUMAN.H11MO.0.C	2	0.0150713	11.5899	0.360828	11	AGAGGGAGCGGA	GGTGCTGGAGCCG	+
346-AGAGGGAGSGGA	MAZ_HUMAN.H11MO.0.A	3	0.0151911	11.682	0.360828	12	AGAGGGAGCGGA	GGGGGAGGGGGGGGGGGGGGGG	+
346-AGAGGGAGSGGA	ZFP28_HUMAN.H11MO.0.C	7	0.0169681	13.0484	0.391596	12	AGAGGGAGCGGA	TGACACAAGAAGAAATAGAA	-
346-AGAGGGAGSGGA	IKZF1_HUMAN.H11MO.0.C	-1	0.0172551	13.2692	0.391596	8	AGAGGGAGCGGA	TTGGGAGA	+
346-AGAGGGAGSGGA	TFDP1_HUMAN.H11MO.0.C	0	0.0172716	13.2818	0.391596	12	AGAGGGAGCGGA	GGGGGGCGGGAAAA	+
346-AGAGGGAGSGGA	KLF15_HUMAN.H11MO.0.A	-2	0.0185267	14.247	0.408638	10	AGAGGGAGCGGA	GGGGAGGAGCAGGGGGGGG	+
346-AGAGGGAGSGGA	KLF8_HUMAN.H11MO.0.C	1	0.0185694	14.2798	0.408638	8	AGAGGGAGCGGA	CAGGGGGTG	+
346-AGAGGGAGSGGA	ELF5_HUMAN.H11MO.0.A	4	0.0189972	14.6089	0.411693	11	AGAGGGAGCGGA	GGAAGGAGGAAGTGG	+
346-AGAGGGAGSGGA	NKX25_HUMAN.H11MO.0.B	-3	0.0192584	14.8097	0.411693	8	AGAGGGAGCGGA	TGGAGAGG	+
346-AGAGGGAGSGGA	HINFP_HUMAN.H11MO.0.C	-1	0.0203081	15.6169	0.421672	11	AGAGGGAGCGGA	GCGCTAGCGGACGTTA	+
346-AGAGGGAGSGGA	SP4_HUMAN.H11MO.0.A	4	0.0204309	15.7114	0.421672	12	AGAGGGAGCGGA	GGGAAGGGGGCGGGGCCGGG	+
346-AGAGGGAGSGGA	ZN770_HUMAN.H11MO.1.C	1	0.0205706	15.8188	0.421672	10	AGAGGGAGCGGA	GGGAGGCTGAG	+
346-AGAGGGAGSGGA	E2F1_HUMAN.H11MO.0.A	0	0.0216707	16.6647	0.432968	12	AGAGGGAGCGGA	GGGGGGCGGGAAAG	+
346-AGAGGGAGSGGA	ZBT14_HUMAN.H11MO.0.C	0	0.0217003	16.6875	0.432968	9	AGAGGGAGCGGA	GGAGCGCGC	+
346-AGAGGGAGSGGA	TAF1_HUMAN.H11MO.0.A	2	0.0232507	17.8798	0.453391	12	AGAGGGAGCGGA	AAGATGGCGGCGGCGG	+
346-AGAGGGAGSGGA	IRF8_HUMAN.H11MO.0.B	3	0.0234401	18.0254	0.453391	12	AGAGGGAGCGGA	AAAAGAGGAAGTGAAAGTAA	+
346-AGAGGGAGSGGA	ZNF41_HUMAN.H11MO.1.C	2	0.0236329	18.1737	0.453391	10	AGAGGGAGCGGA	CACAAGGGAGAA	+
346-AGAGGGAGSGGA	ZN816_HUMAN.H11MO.0.C	5	0.0244699	18.8174	0.463507	12	AGAGGGAGCGGA	AAAAAAGGGGGACATGCAGGG	+
346-AGAGGGAGSGGA	SP2_HUMAN.H11MO.0.A	2	0.0253604	19.5022	0.47437	12	AGAGGGAGCGGA	GGGGGGGGGGCGGGGCCGGGGG	+
346-AGAGGGAGSGGA	ELF3_HUMAN.H11MO.0.A	3	0.0259055	19.9213	0.478583	11	AGAGGGAGCGGA	GAACCAGGAAGTGG	+
346-AGAGGGAGSGGA	E2F7_HUMAN.H11MO.0.B	2	0.027172	20.8953	0.49586	11	AGAGGGAGCGGA	GGGGCGGGAAAGG	+
347-AGCCCTGYCCA	ZN331_HUMAN.H11MO.0.C	11	0.000204551	0.1573	0.314124	9	AGCCCTGCCCA	CCACCCAGCTGAGCCCAGCC	-
347-AGCCCTGYCCA	KLF12_HUMAN.H11MO.0.C	-1	0.000576877	0.443618	0.354572	10	AGCCCTGCCCA	GCCCCGCCCCT	-
347-AGCCCTGYCCA	TBX1_HUMAN.H11MO.0.D	6	0.000692668	0.532662	0.354572	11	AGCCCTGCCCA	CCGCCCACCCCTGCCCACCC	-
347-AGCCCTGYCCA	SP1_HUMAN.H11MO.1.A	1	0.00102732	0.790007	0.372043	11	AGCCCTGCCCA	CGGCCCCGCCCCCC	-
347-AGCCCTGYCCA	P53_HUMAN.H11MO.0.A	0	0.00127144	0.977735	0.372043	11	AGCCCTGCCCA	AGACATGCCCAGACATGCCC	+
347-AGCCCTGYCCA	SP1_HUMAN.H11MO.0.A	9	0.00159854	1.22928	0.372043	11	AGCCCTGCCCA	CCCCCCCCCGGCCCCGCCCCCC	-
347-AGCCCTGYCCA	REST_HUMAN.H11MO.0.A	1	0.00169587	1.30412	0.372043	11	AGCCCTGCCCA	GGGCGCTGTCCATGGTGCTGAA	-
347-AGCCCTGYCCA	ZN449_HUMAN.H11MO.0.C	1	0.00220833	1.69821	0.423911	10	AGCCCTGCCCA	AAGCCCAACCA	-
347-AGCCCTGYCCA	P53_HUMAN.H11MO.1.A	3	0.00285854	2.19822	0.464124	10	AGCCCTGCCCA	CCCAGGCATGTCC	-
347-AGCCCTGYCCA	P73_HUMAN.H11MO.1.A	2	0.00302228	2.32413	0.464124	10	AGCCCTGCCCA	CCAGGCATGTTC	-
352-AGCTTCGCCTCCC	ZN770_HUMAN.H11MO.1.C	-2	0.00026338	0.20254	0.229709	11	AGCTTCGCCTCCC	CTCAGCCTCCC	-
352-AGCTTCGCCTCCC	ZN770_HUMAN.H11MO.0.C	9	0.000413115	0.317685	0.229709	13	AGCTTCGCCTCCC	GATCCTCCCGCCTCAGCCTCCC	-
352-AGCTTCGCCTCCC	PATZ1_HUMAN.H11MO.1.C	-5	0.000453131	0.348458	0.229709	8	AGCTTCGCCTCCC	CCCCTCCCT	-
352-AGCTTCGCCTCCC	ZN467_HUMAN.H11MO.0.C	8	0.00107259	0.82482	0.370525	13	AGCTTCGCCTCCC	CCCCCCCCCCCCTCCCCTCCCC	-
352-AGCTTCGCCTCCC	WT1_HUMAN.H11MO.0.C	1	0.00121862	0.937119	0.370525	13	AGCTTCGCCTCCC	CCCCCCCTCCTCCCCCGCCC	-
352-AGCTTCGCCTCCC	SP2_HUMAN.H11MO.1.B	-1	0.00149252	1.14775	0.370525	12	AGCTTCGCCTCCC	GCCCCGCCCCCT	-
352-AGCTTCGCCTCCC	SP1_HUMAN.H11MO.1.A	1	0.00210152	1.61607	0.370525	13	AGCTTCGCCTCCC	CGGCCCCGCCCCCC	-
352-AGCTTCGCCTCCC	MAZ_HUMAN.H11MO.1.A	-4	0.00230802	1.77487	0.370525	9	AGCTTCGCCTCCC	CCCCCTCCCTC	-
352-AGCTTCGCCTCCC	HEN1_HUMAN.H11MO.0.C	8	0.00241585	1.85779	0.370525	12	AGCTTCGCCTCCC	TGGGGAGCAGCTGCGTCCCT	+
352-AGCTTCGCCTCCC	ZN768_HUMAN.H11MO.0.C	-1	0.00267726	2.05882	0.370525	12	AGCTTCGCCTCCC	ACTTAACCTCTCTGAGCCTC	-
352-AGCTTCGCCTCCC	WT1_HUMAN.H11MO.1.B	-4	0.00271884	2.09079	0.370525	9	AGCTTCGCCTCCC	CCTCCTCCCAC	-
352-AGCTTCGCCTCCC	ZN708_HUMAN.H11MO.1.D	-1	0.00292364	2.24828	0.370525	9	AGCTTCGCCTCCC	GCTGTACCT	-
352-AGCTTCGCCTCCC	ZN143_HUMAN.H11MO.0.A	1	0.00359641	2.76564	0.404941	13	AGCTTCGCCTCCC	GAACTACAATTCCCAGAATGCC	-
352-AGCTTCGCCTCCC	ZN281_HUMAN.H11MO.0.A	-4	0.00442135	3.40001	0.404941	9	AGCTTCGCCTCCC	TCCCCTCCCCCACCC	-
352-AGCTTCGCCTCCC	SP4_HUMAN.H11MO.0.A	3	0.00443061	3.40714	0.404941	13	AGCTTCGCCTCCC	CCCGGCCCCGCCCCCTTCCC	-
352-AGCTTCGCCTCCC	SP1_HUMAN.H11MO.0.A	9	0.00462302	3.5551	0.404941	13	AGCTTCGCCTCCC	CCCCCCCCCGGCCCCGCCCCCC	-
352-AGCTTCGCCTCCC	ZBT17_HUMAN.H11MO.0.A	-2	0.0048292	3.71365	0.404941	11	AGCTTCGCCTCCC	CTTCCCCTCCCCCACCCTC	-
352-AGCTTCGCCTCCC	SP2_HUMAN.H11MO.0.A	5	0.00485869	3.73634	0.404941	13	AGCTTCGCCTCCC	CCCCCGGCCCCGCCCCCCCCCC	-
352-AGCTTCGCCTCCC	THA11_HUMAN.H11MO.0.B	1	0.00510553	3.92615	0.404941	13	AGCTTCGCCTCCC	GAACTACAACTCCCAGCATGCC	-
352-AGCTTCGCCTCCC	KLF15_HUMAN.H11MO.0.A	5	0.00532532	4.09517	0.404941	13	AGCTTCGCCTCCC	CCCCCCCCTGCTCCTCCCC	-
352-AGCTTCGCCTCCC	SP4_HUMAN.H11MO.1.A	1	0.00563264	4.3315	0.407914	13	AGCTTCGCCTCCC	CGGCCCCGCCCCCTCC	-
352-AGCTTCGCCTCCC	KLF12_HUMAN.H11MO.0.C	-1	0.00600893	4.62087	0.415384	11	AGCTTCGCCTCCC	GCCCCGCCCCT	-
352-AGCTTCGCCTCCC	ZN219_HUMAN.H11MO.0.D	-3	0.00699729	5.38091	0.462676	10	AGCTTCGCCTCCC	TCCGCCCCCCTC	-
352-AGCTTCGCCTCCC	E2F2_HUMAN.H11MO.0.B	-1	0.00764506	5.87905	0.481532	10	AGCTTCGCCTCCC	GTTTCGCGCC	-
352-AGCTTCGCCTCCC	ZNF76_HUMAN.H11MO.0.C	-1	0.00791571	6.08718	0.481532	12	AGCTTCGCCTCCC	ACTACAATTCCCAGAATGCCCC	-
352-AGCTTCGCCTCCC	IRF9_HUMAN.H11MO.0.C	0	0.00850004	6.53653	0.497191	12	AGCTTCGCCTCCC	AGTTTCGCTTTC	-
354-AGGAGGCGGGAC	SP2_HUMAN.H11MO.1.B	0	4.38915e-06	0.00337526	0.00659041	12	AGGAGGCGGGAC	AGGGGGCGGGGC	+
354-AGGAGGCGGGAC	TFDP1_HUMAN.H11MO.0.C	0	1.43454e-05	0.0110316	0.01077	12	AGGAGGCGGGAC	GGGGGGCGGGAAAA	+
354-AGGAGGCGGGAC	SP2_HUMAN.H11MO.0.A	4	2.49141e-05	0.0191589	0.0124697	12	AGGAGGCGGGAC	GGGGGGGGGGCGGGGCCGGGGG	+
354-AGGAGGCGGGAC	SP1_HUMAN.H11MO.1.A	0	3.96223e-05	0.0304695	0.0148734	12	AGGAGGCGGGAC	GGGGGGCGGGGCCG	+
354-AGGAGGCGGGAC	E2F4_HUMAN.H11MO.0.A	-1	7.19488e-05	0.0553286	0.0184645	11	AGGAGGCGGGAC	GGGGGCGGGAAAT	+
354-AGGAGGCGGGAC	SP1_HUMAN.H11MO.0.A	0	8.49574e-05	0.0653322	0.0184645	12	AGGAGGCGGGAC	GGGGGGCGGGGCCGGGGGGGGG	+
354-AGGAGGCGGGAC	E2F1_HUMAN.H11MO.0.A	0	8.60803e-05	0.0661957	0.0184645	12	AGGAGGCGGGAC	GGGGGGCGGGAAAG	+
354-AGGAGGCGGGAC	SP4_HUMAN.H11MO.0.A	4	0.000162885	0.125258	0.0305719	12	AGGAGGCGGGAC	GGGAAGGGGGCGGGGCCGGG	+
354-AGGAGGCGGGAC	ZN770_HUMAN.H11MO.1.C	0	0.000330563	0.254203	0.054196	11	AGGAGGCGGGAC	GGGAGGCTGAG	+
354-AGGAGGCGGGAC	SP4_HUMAN.H11MO.1.A	2	0.000392771	0.302041	0.054196	12	AGGAGGCGGGAC	GGAGGGGGCGGGGCCG	+
354-AGGAGGCGGGAC	EGR4_HUMAN.H11MO.0.D	-1	0.000397034	0.305319	0.054196	11	AGGAGGCGGGAC	GGCGGCAGGGC	+
354-AGGAGGCGGGAC	KLF12_HUMAN.H11MO.0.C	-1	0.000505455	0.388695	0.061117	11	AGGAGGCGGGAC	AGGGGCGGGGC	+
354-AGGAGGCGGGAC	E2F7_HUMAN.H11MO.0.B	-2	0.000529143	0.406911	0.061117	10	AGGAGGCGGGAC	GGGGCGGGAAAGG	+
354-AGGAGGCGGGAC	KLF9_HUMAN.H11MO.0.C	2	0.000619389	0.47631	0.0664305	12	AGGAGGCGGGAC	GGAGGGGGCGTGGCC	+
354-AGGAGGCGGGAC	E2F6_HUMAN.H11MO.0.A	-2	0.000831907	0.639737	0.082044	10	AGGAGGCGGGAC	GGGGCGGGAAGGG	+
354-AGGAGGCGGGAC	E2F3_HUMAN.H11MO.0.A	-2	0.000911226	0.700733	0.082044	10	AGGAGGCGGGAC	AGGGCGGGAAA	+
354-AGGAGGCGGGAC	SP3_HUMAN.H11MO.0.B	3	0.000928889	0.714316	0.082044	12	AGGAGGCGGGAC	GGGGGGGGGCGGGGCCGGGG	+
354-AGGAGGCGGGAC	KLF14_HUMAN.H11MO.0.D	1	0.00169406	1.30274	0.141315	12	AGGAGGCGGGAC	AGGGGGGCGTGGC	+
354-AGGAGGCGGGAC	CENPB_HUMAN.H11MO.0.D	5	0.00197679	1.52015	0.153343	12	AGGAGGCGGGAC	TTCGTACGATGCGGGTT	+
354-AGGAGGCGGGAC	ZN219_HUMAN.H11MO.0.D	1	0.0020425	1.57068	0.153343	11	AGGAGGCGGGAC	GAGGGGGGCGGA	+
354-AGGAGGCGGGAC	ZN263_HUMAN.H11MO.0.A	3	0.00251514	1.93414	0.175323	12	AGGAGGCGGGAC	GGGAGGAGGGAGAGGAGGAG	+
354-AGGAGGCGGGAC	ZN281_HUMAN.H11MO.0.A	3	0.0025688	1.97541	0.175323	12	AGGAGGCGGGAC	GGGTGGGGGAGGGGA	+
354-AGGAGGCGGGAC	WT1_HUMAN.H11MO.0.C	9	0.00295173	2.26988	0.192699	11	AGGAGGCGGGAC	GGGCGGGGGAGGAGGGGGGG	+
354-AGGAGGCGGGAC	ZN770_HUMAN.H11MO.0.C	0	0.00334657	2.57351	0.197288	12	AGGAGGCGGGAC	GGGAGGCTGAGGCGGGAGGATC	+
354-AGGAGGCGGGAC	CTCFL_HUMAN.H11MO.0.A	6	0.00335271	2.57824	0.197288	11	AGGAGGCGGGAC	GCCGCCAGGGGGCGCCG	+
354-AGGAGGCGGGAC	ZN816_HUMAN.H11MO.0.C	1	0.00341618	2.62704	0.197288	12	AGGAGGCGGGAC	AAAAAAGGGGGACATGCAGGG	+
354-AGGAGGCGGGAC	KLF15_HUMAN.H11MO.0.A	4	0.00405229	3.11621	0.222776	12	AGGAGGCGGGAC	GGGGAGGAGCAGGGGGGGG	+
354-AGGAGGCGGGAC	ZSC22_HUMAN.H11MO.0.C	7	0.00415428	3.19464	0.222776	9	AGGAGGCGGGAC	GGTCTGAGGGAGGAGG	+
354-AGGAGGCGGGAC	KLF13_HUMAN.H11MO.0.D	1	0.00526358	4.04769	0.267851	10	AGGAGGCGGGAC	AGGGGGGCGTG	+
354-AGGAGGCGGGAC	ZN148_HUMAN.H11MO.0.D	4	0.00552733	4.25051	0.267851	11	AGGAGGCGGGAC	GGGGTGGGGGAGGGG	+
354-AGGAGGCGGGAC	E2F4_HUMAN.H11MO.1.A	-4	0.00552998	4.25255	0.267851	8	AGGAGGCGGGAC	GGCGGGAAATTTGA	+
354-AGGAGGCGGGAC	CTCF_HUMAN.H11MO.0.A	8	0.00609505	4.68709	0.285996	11	AGGAGGCGGGAC	TGGCCACCAGGGGGCGCCA	+
354-AGGAGGCGGGAC	EGR2_HUMAN.H11MO.0.A	7	0.00699729	5.38092	0.318382	11	AGGAGGCGGGAC	GGGGGGGTGTGGGAGGGG	+
354-AGGAGGCGGGAC	GLIS1_HUMAN.H11MO.0.D	0	0.00745779	5.73504	0.329354	12	AGGAGGCGGGAC	TCGTGGGGGGTCT	+
354-AGGAGGCGGGAC	VEZF1_HUMAN.H11MO.1.C	3	0.00811144	6.2377	0.332211	9	AGGAGGCGGGAC	AGGGGGAGGGGG	+
354-AGGAGGCGGGAC	TAF1_HUMAN.H11MO.0.A	4	0.00833652	6.41078	0.332211	12	AGGAGGCGGGAC	AAGATGGCGGCGGCGG	+
354-AGGAGGCGGGAC	MAZ_HUMAN.H11MO.0.A	5	0.00932259	7.16907	0.332211	12	AGGAGGCGGGAC	GGGGGAGGGGGGGGGGGGGGGG	+
354-AGGAGGCGGGAC	TBX5_HUMAN.H11MO.0.D	-3	0.00934536	7.18658	0.332211	8	AGGAGGCGGGAC	AGGTGTGA	+
354-AGGAGGCGGGAC	PATZ1_HUMAN.H11MO.1.C	1	0.00934548	7.18667	0.332211	8	AGGAGGCGGGAC	AGGGAGGGG	+
354-AGGAGGCGGGAC	SRBP2_HUMAN.H11MO.0.B	0	0.00949333	7.30037	0.332211	12	AGGAGGCGGGAC	GGGTGGGGTGAGG	+
354-AGGAGGCGGGAC	PAX1_HUMAN.H11MO.0.D	3	0.00959685	7.37998	0.332211	12	AGGAGGCGGGAC	TCAGTCAAGCGTGACGA	-
354-AGGAGGCGGGAC	MAZ_HUMAN.H11MO.1.A	-1	0.00967692	7.44156	0.332211	11	AGGAGGCGGGAC	GAGGGAGGGGG	+
354-AGGAGGCGGGAC	TBX3_HUMAN.H11MO.0.C	-1	0.00967692	7.44156	0.332211	11	AGGAGGCGGGAC	GGAGGTGGGAA	+
354-AGGAGGCGGGAC	EOMES_HUMAN.H11MO.0.D	0	0.00984855	7.57353	0.332211	12	AGGAGGCGGGAC	AGGAGGTGTTAA	+
354-AGGAGGCGGGAC	EGR1_HUMAN.H11MO.0.A	5	0.0100702	7.74401	0.332211	12	AGGAGGCGGGAC	GAGGGCGTGGGCGGGGG	+
354-AGGAGGCGGGAC	TBX15_HUMAN.H11MO.0.D	7	0.0104859	8.06368	0.332211	12	AGGAGGCGGGAC	GGGGGGGGGGGGGTGGGGG	+
354-AGGAGGCGGGAC	ZBT17_HUMAN.H11MO.0.A	5	0.0104859	8.06368	0.332211	12	AGGAGGCGGGAC	GAGGGTGGGGGAGGGGAAG	+
354-AGGAGGCGGGAC	PATZ1_HUMAN.H11MO.0.C	4	0.0108027	8.30731	0.332211	12	AGGAGGCGGGAC	GGGGAGGGGGCGGGGGGGGAGG	+
354-AGGAGGCGGGAC	INSM1_HUMAN.H11MO.0.C	4	0.0108412	8.3369	0.332211	8	AGGAGGCGGGAC	TGTCAGGGGGCA	+
354-AGGAGGCGGGAC	EGR2_HUMAN.H11MO.1.A	4	0.0111201	8.55134	0.333941	12	AGGAGGCGGGAC	GGGGCGTGGGCGGGGG	+
354-AGGAGGCGGGAC	FLI1_HUMAN.H11MO.0.A	6	0.0113884	8.75764	0.335292	12	AGGAGGCGGGAC	GGAGGAAGGAAGGAGGGA	+
354-AGGAGGCGGGAC	ZN263_HUMAN.H11MO.1.A	2	0.011786	9.06341	0.340325	9	AGGAGGCGGGAC	GAGGGAGGAGG	+
354-AGGAGGCGGGAC	REST_HUMAN.H11MO.0.A	3	0.0124973	9.61045	0.354057	12	AGGAGGCGGGAC	TTCAGCACCATGGACAGCGCCC	+
354-AGGAGGCGGGAC	ZIC3_HUMAN.H11MO.0.B	4	0.013174	10.1308	0.355781	11	AGGAGGCGGGAC	TCACAGCAGGGGGCC	-
354-AGGAGGCGGGAC	ERG_HUMAN.H11MO.0.A	4	0.0132187	10.1652	0.355781	9	AGGAGGCGGGAC	GGGCAGGAAGTGG	+
354-AGGAGGCGGGAC	KLF16_HUMAN.H11MO.0.D	-1	0.0133233	10.2456	0.355781	11	AGGAGGCGGGAC	GGGGGCGGGGGGGGGGGGG	+
354-AGGAGGCGGGAC	GCM2_HUMAN.H11MO.0.D	-2	0.0136379	10.4876	0.355781	10	AGGAGGCGGGAC	GATGCGGGTAT	+
354-AGGAGGCGGGAC	ZN257_HUMAN.H11MO.0.C	-1	0.0137429	10.5683	0.355781	11	AGGAGGCGGGAC	AGAGGCAAGAGC	-
354-AGGAGGCGGGAC	KLF3_HUMAN.H11MO.0.B	3	0.0146443	11.2615	0.372691	12	AGGAGGCGGGAC	GGGGAGGGGCGGGGCCGGG	+
354-AGGAGGCGGGAC	ZBTB4_HUMAN.H11MO.0.D	7	0.0154107	11.8508	0.385658	10	AGGAGGCGGGAC	CCTAGATGGCAGGTGGG	+
354-AGGAGGCGGGAC	E2F8_HUMAN.H11MO.0.D	-1	0.0158128	12.16	0.385945	11	AGGAGGCGGGAC	TTTGGCGGGAAA	+
354-AGGAGGCGGGAC	ZN436_HUMAN.H11MO.0.C	15	0.0159362	12.255	0.385945	9	AGGAGGCGGGAC	TCAGGGAAGGCTTCCTGGAGGAGG	+
354-AGGAGGCGGGAC	GLIS3_HUMAN.H11MO.0.D	-2	0.0168201	12.9347	0.400885	10	AGGAGGCGGGAC	GTGGGGGGTA	+
354-AGGAGGCGGGAC	WT1_HUMAN.H11MO.1.B	2	0.0173292	13.3261	0.40301	9	AGGAGGCGGGAC	GTGGGAGGAGG	+
354-AGGAGGCGGGAC	ZN467_HUMAN.H11MO.0.C	1	0.017446	13.416	0.40301	12	AGGAGGCGGGAC	GGGGAGGGGAGGGGGGGGGGGG	+
354-AGGAGGCGGGAC	VEZF1_HUMAN.H11MO.0.C	1	0.0182842	14.0605	0.415971	12	AGGAGGCGGGAC	GGGGAGGGGGGAGGGGGAGGGG	+
354-AGGAGGCGGGAC	GLIS2_HUMAN.H11MO.0.D	2	0.0190058	14.6155	0.425935	12	AGGAGGCGGGAC	CTTCGCGGGGGGTC	+
354-AGGAGGCGGGAC	PPARD_HUMAN.H11MO.0.D	1	0.0198852	15.2917	0.439089	12	AGGAGGCGGGAC	TAGGACAAAGGTCA	+
354-AGGAGGCGGGAC	OSR2_HUMAN.H11MO.0.C	4	0.0203227	15.6282	0.442246	12	AGGAGGCGGGAC	CAGCAGAAGCAGCAGC	-
354-AGGAGGCGGGAC	ZSC31_HUMAN.H11MO.0.C	-1	0.0208914	16.0655	0.448127	11	AGGAGGCGGGAC	GGCAGCAGGGCAGTTATG	+
354-AGGAGGCGGGAC	ZFX_HUMAN.H11MO.1.A	5	0.0222289	17.094	0.463819	12	AGGAGGCGGGAC	GGGGGCGGAGGCCGGGG	+
354-AGGAGGCGGGAC	PRDM4_HUMAN.H11MO.0.D	-2	0.0222407	17.1031	0.463819	10	AGGAGGCGGGAC	GTGGGGGGCCTTGAAA	+
354-AGGAGGCGGGAC	E2F2_HUMAN.H11MO.0.B	-4	0.0236561	18.1915	0.480452	8	AGGAGGCGGGAC	GGCGCGAAAC	+
354-AGGAGGCGGGAC	ETS1_HUMAN.H11MO.0.A	4	0.023924	18.3975	0.480452	9	AGGAGGCGGGAC	AGACAGGAAGTGG	+
354-AGGAGGCGGGAC	XBP1_HUMAN.H11MO.0.D	-1	0.0240449	18.4905	0.480452	11	AGGAGGCGGGAC	GCTGACGTGGC	+
354-AGGAGGCGGGAC	SPI1_HUMAN.H11MO.0.A	6	0.0243182	18.7007	0.480452	11	AGGAGGCGGGAC	AAAAAGAGGAAGTGAAA	+
355-AGGAGSAAGCG	ZN263_HUMAN.H11MO.0.A	3	0.000253594	0.195014	0.143495	11	AGGAGGAAGCG	GGGAGGAGGGAGAGGAGGAG	+
355-AGGAGSAAGCG	SPI1_HUMAN.H11MO.0.A	3	0.000285416	0.219485	0.143495	11	AGGAGGAAGCG	AAAAAGAGGAAGTGAAA	+
355-AGGAGSAAGCG	ELF5_HUMAN.H11MO.0.A	3	0.000289388	0.222539	0.143495	11	AGGAGGAAGCG	GGAAGGAGGAAGTGG	+
355-AGGAGSAAGCG	ERG_HUMAN.H11MO.0.A	1	0.000421039	0.323779	0.143495	11	AGGAGGAAGCG	GGGCAGGAAGTGG	+
355-AGGAGSAAGCG	SPIB_HUMAN.H11MO.0.A	3	0.000471333	0.362455	0.143495	11	AGGAGGAAGCG	AAAAAGAGGAAGTGAAA	+
355-AGGAGSAAGCG	ELF3_HUMAN.H11MO.0.A	2	0.000636627	0.489566	0.161515	11	AGGAGGAAGCG	GAACCAGGAAGTGG	+
355-AGGAGSAAGCG	FLI1_HUMAN.H11MO.1.A	1	0.000965487	0.742459	0.172294	11	AGGAGGAAGCG	AGGCAGGAAGTGG	+
355-AGGAGSAAGCG	ETV4_HUMAN.H11MO.0.B	0	0.000966915	0.743558	0.172294	11	AGGAGGAAGCG	AACAGGAAGGG	+
355-AGGAGSAAGCG	ETV5_HUMAN.H11MO.0.C	1	0.00101867	0.783358	0.172294	11	AGGAGGAAGCG	GAGCAGGAAGTGAG	+
355-AGGAGSAAGCG	ZN263_HUMAN.H11MO.1.A	2	0.00121821	0.936805	0.18105	9	AGGAGGAAGCG	GAGGGAGGAGG	+
355-AGGAGSAAGCG	ETV7_HUMAN.H11MO.0.D	-2	0.00130831	1.00609	0.18105	7	AGGAGGAAGCG	CAGGAAG	+
355-AGGAGSAAGCG	EHF_HUMAN.H11MO.0.B	2	0.00172604	1.32732	0.218951	11	AGGAGGAAGCG	GAACCAGGAAGTGGC	+
355-AGGAGSAAGCG	FLI1_HUMAN.H11MO.0.A	3	0.00207155	1.59302	0.242566	11	AGGAGGAAGCG	GGAGGAAGGAAGGAGGGA	+
355-AGGAGSAAGCG	BC11A_HUMAN.H11MO.0.A	2	0.00230434	1.77204	0.250551	11	AGGAGGAAGCG	AAAAGAGGAAGTGAAAA	+
355-AGGAGSAAGCG	WT1_HUMAN.H11MO.0.C	6	0.00299957	2.30667	0.291376	11	AGGAGGAAGCG	GGGCGGGGGAGGAGGGGGGG	+
355-AGGAGSAAGCG	IRF4_HUMAN.H11MO.0.A	2	0.00306264	2.35517	0.291376	11	AGGAGGAAGCG	AAAAGAGGAAGTGAAACT	+
355-AGGAGSAAGCG	ELF2_HUMAN.H11MO.0.C	1	0.00365679	2.81207	0.315232	11	AGGAGGAAGCG	AACCCGGAAGTGG	+
355-AGGAGSAAGCG	ETV6_HUMAN.H11MO.0.D	-1	0.00372756	2.86649	0.315232	9	AGGAGGAAGCG	ACAGGAAGT	+
355-AGGAGSAAGCG	ZN586_HUMAN.H11MO.0.C	6	0.00440838	3.39004	0.343768	11	AGGAGGAAGCG	AGGCCTAGGAGGAAAAAATG	+
355-AGGAGSAAGCG	ETS1_HUMAN.H11MO.0.A	1	0.00451666	3.47331	0.343768	11	AGGAGGAAGCG	AGACAGGAAGTGG	+
355-AGGAGSAAGCG	ZN770_HUMAN.H11MO.1.C	0	0.00507413	3.90201	0.367808	11	AGGAGGAAGCG	GGGAGGCTGAG	+
355-AGGAGSAAGCG	IRF8_HUMAN.H11MO.0.B	2	0.00641396	4.93234	0.42098	11	AGGAGGAAGCG	AAAAGAGGAAGTGAAAGTAA	+
355-AGGAGSAAGCG	WT1_HUMAN.H11MO.1.B	2	0.0065805	5.0604	0.42098	9	AGGAGGAAGCG	GTGGGAGGAGG	+
355-AGGAGSAAGCG	ZN281_HUMAN.H11MO.0.A	3	0.00663735	5.10412	0.42098	11	AGGAGGAAGCG	GGGTGGGGGAGGGGA	+
355-AGGAGSAAGCG	ETV1_HUMAN.H11MO.0.A	0	0.00767479	5.90191	0.449336	11	AGGAGGAAGCG	GGCCGGAAGTG	+
355-AGGAGSAAGCG	EGR4_HUMAN.H11MO.0.D	-1	0.00767479	5.90191	0.449336	10	AGGAGGAAGCG	GGCGGCAGGGC	+
355-AGGAGSAAGCG	SMAD3_HUMAN.H11MO.0.B	1	0.0087568	6.73398	0.470771	11	AGGAGGAAGCG	CAGGTGACAGAG	-
355-AGGAGSAAGCG	ETV2_HUMAN.H11MO.0.B	3	0.00896419	6.89346	0.470771	11	AGGAGGAAGCG	GGAAACAGGAAGTGGG	+
355-AGGAGSAAGCG	ELF1_HUMAN.H11MO.0.A	2	0.00927798	7.13477	0.470771	11	AGGAGGAAGCG	GAACCCGGAAGTGG	+
355-AGGAGSAAGCG	PRDM1_HUMAN.H11MO.0.A	2	0.00927798	7.13477	0.470771	11	AGGAGGAAGCG	GAAAGTGAAAGTGA	+
355-AGGAGSAAGCG	VEZF1_HUMAN.H11MO.1.C	0	0.00967513	7.44017	0.475087	11	AGGAGGAAGCG	AGGGGGAGGGGG	+
356-AGGCCAGGGGCGG	TBX1_HUMAN.H11MO.0.D	3	3.44765e-05	0.0265125	0.0509824	13	AGGCCAGGGGCGG	GGGTGGGCAGGGGTGGGCGG	+
356-AGGCCAGGGGCGG	KLF12_HUMAN.H11MO.0.C	-5	0.000251582	0.193467	0.134624	8	AGGCCAGGGGCGG	AGGGGCGGGGC	+
356-AGGCCAGGGGCGG	SP2_HUMAN.H11MO.0.A	0	0.000273115	0.210026	0.134624	13	AGGCCAGGGGCGG	GGGGGGGGGGCGGGGCCGGGGG	+
356-AGGCCAGGGGCGG	SP1_HUMAN.H11MO.1.A	-4	0.000375284	0.288594	0.138739	9	AGGCCAGGGGCGG	GGGGGGCGGGGCCG	+
356-AGGCCAGGGGCGG	SP3_HUMAN.H11MO.0.B	-1	0.000562251	0.432371	0.155065	12	AGGCCAGGGGCGG	GGGGGGGGGCGGGGCCGGGG	+
356-AGGCCAGGGGCGG	SP4_HUMAN.H11MO.0.A	0	0.000629169	0.483831	0.155065	13	AGGCCAGGGGCGG	GGGAAGGGGGCGGGGCCGGG	+
356-AGGCCAGGGGCGG	KLF3_HUMAN.H11MO.0.B	-1	0.000921318	0.708494	0.194629	12	AGGCCAGGGGCGG	GGGGAGGGGCGGGGCCGGG	+
356-AGGCCAGGGGCGG	ZN148_HUMAN.H11MO.0.D	0	0.00131458	1.01091	0.21083	13	AGGCCAGGGGCGG	GGGGTGGGGGAGGGG	+
356-AGGCCAGGGGCGG	SNAI1_HUMAN.H11MO.0.C	-3	0.00133573	1.02718	0.21083	8	AGGCCAGGGGCGG	CCAGGTGG	+
356-AGGCCAGGGGCGG	SP2_HUMAN.H11MO.1.B	-4	0.00150562	1.15782	0.21083	9	AGGCCAGGGGCGG	AGGGGGCGGGGC	+
356-AGGCCAGGGGCGG	AP2D_HUMAN.H11MO.0.D	-1	0.00171737	1.32066	0.21083	12	AGGCCAGGGGCGG	CGCCCGAGGCGCGT	+
356-AGGCCAGGGGCGG	SP1_HUMAN.H11MO.0.A	-4	0.00174127	1.33904	0.21083	9	AGGCCAGGGGCGG	GGGGGGCGGGGCCGGGGGGGGG	+
356-AGGCCAGGGGCGG	SP4_HUMAN.H11MO.1.A	-2	0.00189049	1.45379	0.21083	11	AGGCCAGGGGCGG	GGAGGGGGCGGGGCCG	+
356-AGGCCAGGGGCGG	ZN281_HUMAN.H11MO.0.A	-1	0.00199601	1.53494	0.21083	12	AGGCCAGGGGCGG	GGGTGGGGGAGGGGA	+
356-AGGCCAGGGGCGG	HEY2_HUMAN.H11MO.0.D	2	0.00224158	1.72377	0.210953	13	AGGCCAGGGGCGG	TAATGCCACGTGCCCCC	-
356-AGGCCAGGGGCGG	AP2B_HUMAN.H11MO.0.B	-2	0.00243545	1.87286	0.210953	10	AGGCCAGGGGCGG	GCCCGGGGGC	+
356-AGGCCAGGGGCGG	RARA_HUMAN.H11MO.1.A	1	0.00257981	1.98387	0.210953	9	AGGCCAGGGGCGG	AAGGTCAGGG	+
356-AGGCCAGGGGCGG	AP2C_HUMAN.H11MO.0.A	1	0.00272776	2.09765	0.210953	13	AGGCCAGGGGCGG	ATGCCCTGAGGCCA	+
356-AGGCCAGGGGCGG	ZEB1_HUMAN.H11MO.0.A	-2	0.00273211	2.10099	0.210953	10	AGGCCAGGGGCGG	GACAGGTGAG	+
356-AGGCCAGGGGCGG	ID4_HUMAN.H11MO.0.D	-2	0.00285312	2.19405	0.210953	11	AGGCCAGGGGCGG	GACAGGTGTAA	+
356-AGGCCAGGGGCGG	INSM1_HUMAN.H11MO.0.C	-1	0.00318905	2.45238	0.215169	12	AGGCCAGGGGCGG	TGTCAGGGGGCA	+
356-AGGCCAGGGGCGG	EGR1_HUMAN.H11MO.0.A	1	0.00320115	2.46169	0.215169	13	AGGCCAGGGGCGG	GAGGGCGTGGGCGGGGG	+
356-AGGCCAGGGGCGG	SNAI2_HUMAN.H11MO.0.A	-2	0.00342902	2.63692	0.218129	10	AGGCCAGGGGCGG	GGCAGGTGCA	+
356-AGGCCAGGGGCGG	ZN219_HUMAN.H11MO.0.D	-2	0.0035402	2.72241	0.218129	11	AGGCCAGGGGCGG	GAGGGGGGCGGA	+
356-AGGCCAGGGGCGG	ZBT18_HUMAN.H11MO.0.C	-2	0.00395406	3.04067	0.233884	11	AGGCCAGGGGCGG	TCCAGATGTGG	+
356-AGGCCAGGGGCGG	MAZ_HUMAN.H11MO.1.A	-5	0.00464245	3.57005	0.264041	8	AGGCCAGGGGCGG	GAGGGAGGGGG	+
356-AGGCCAGGGGCGG	ASCL1_HUMAN.H11MO.0.A	1	0.00520635	4.00368	0.282166	13	AGGCCAGGGGCGG	GGGAGCAGGTGCAG	-
356-AGGCCAGGGGCGG	MESP1_HUMAN.H11MO.0.D	-3	0.00544106	4.18418	0.282166	10	AGGCCAGGGGCGG	GCAGGTGTGGA	+
356-AGGCCAGGGGCGG	ZSC22_HUMAN.H11MO.0.C	0	0.00569191	4.37708	0.282166	13	AGGCCAGGGGCGG	GGTCTGAGGGAGGAGG	+
356-AGGCCAGGGGCGG	MYCN_HUMAN.H11MO.0.A	-1	0.00590766	4.54299	0.282166	12	AGGCCAGGGGCGG	GGCCACGTGGGC	+
356-AGGCCAGGGGCGG	TBX15_HUMAN.H11MO.0.D	3	0.00591521	4.5488	0.282166	13	AGGCCAGGGGCGG	GGGGGGGGGGGGGTGGGGG	+
356-AGGCCAGGGGCGG	ZN770_HUMAN.H11MO.0.C	3	0.00625614	4.81098	0.289104	13	AGGCCAGGGGCGG	GGGAGGCTGAGGCGGGAGGATC	+
356-AGGCCAGGGGCGG	KLF9_HUMAN.H11MO.0.C	-2	0.0065823	5.06179	0.290048	11	AGGCCAGGGGCGG	GGAGGGGGCGTGGCC	+
356-AGGCCAGGGGCGG	ZBT7A_HUMAN.H11MO.0.A	-4	0.00683866	5.25893	0.290048	9	AGGCCAGGGGCGG	GGGGGTCTC	+
356-AGGCCAGGGGCGG	E2F4_HUMAN.H11MO.0.A	-5	0.00691584	5.31828	0.290048	8	AGGCCAGGGGCGG	GGGGGCGGGAAAT	+
356-AGGCCAGGGGCGG	NR5A2_HUMAN.H11MO.0.B	-1	0.00706115	5.43003	0.290048	11	AGGCCAGGGGCGG	GTTCAAGGCCA	+
356-AGGCCAGGGGCGG	MYC_HUMAN.H11MO.0.A	-2	0.00743464	5.71724	0.290262	11	AGGCCAGGGGCGG	GCCACGTGCTC	+
356-AGGCCAGGGGCGG	HAND1_HUMAN.H11MO.1.D	-3	0.00745895	5.73593	0.290262	7	AGGCCAGGGGCGG	CCAGGCC	-
356-AGGCCAGGGGCGG	ZIC4_HUMAN.H11MO.0.D	-1	0.00796207	6.12283	0.295388	12	AGGCCAGGGGCGG	GCACAGCGGGGGGTC	+
356-AGGCCAGGGGCGG	NR6A1_HUMAN.H11MO.0.B	1	0.00799017	6.14444	0.295388	12	AGGCCAGGGGCGG	AAGTTCAAGGTCA	+
356-AGGCCAGGGGCGG	MYOG_HUMAN.H11MO.0.B	0	0.00879082	6.76014	0.310242	13	AGGCCAGGGGCGG	GGGACAGCTGCGG	-
356-AGGCCAGGGGCGG	WT1_HUMAN.H11MO.0.C	-1	0.00881158	6.7761	0.310242	12	AGGCCAGGGGCGG	GGGCGGGGGAGGAGGGGGGG	+
356-AGGCCAGGGGCGG	ZF64A_HUMAN.H11MO.0.D	3	0.00960199	7.38393	0.323315	13	AGGCCAGGGGCGG	CAGGTTCCCGGGCCCC	-
356-AGGCCAGGGGCGG	PATZ1_HUMAN.H11MO.0.C	0	0.0101379	7.79605	0.323315	13	AGGCCAGGGGCGG	GGGGAGGGGGCGGGGGGGGAGG	+
356-AGGCCAGGGGCGG	KLF13_HUMAN.H11MO.0.D	-3	0.0106069	8.15671	0.323315	10	AGGCCAGGGGCGG	AGGGGGGCGTG	+
356-AGGCCAGGGGCGG	KLF8_HUMAN.H11MO.0.C	-4	0.0106241	8.16991	0.323315	9	AGGCCAGGGGCGG	CAGGGGGTG	+
356-AGGCCAGGGGCGG	ZIC1_HUMAN.H11MO.0.B	-6	0.0106241	8.16991	0.323315	7	AGGCCAGGGGCGG	GGGGTGGTC	+
356-AGGCCAGGGGCGG	TFDP1_HUMAN.H11MO.0.C	-4	0.0106334	8.1771	0.323315	9	AGGCCAGGGGCGG	GGGGGGCGGGAAAA	+
356-AGGCCAGGGGCGG	ZN740_HUMAN.H11MO.0.D	-3	0.0111384	8.56544	0.323315	10	AGGCCAGGGGCGG	GGGGGGGGGGTGGG	+
356-AGGCCAGGGGCGG	STF1_HUMAN.H11MO.0.B	-1	0.0111506	8.57484	0.323315	11	AGGCCAGGGGCGG	GCTCAAGGCCA	+
356-AGGCCAGGGGCGG	RARB_HUMAN.H11MO.0.D	1	0.0111506	8.57484	0.323315	10	AGGCCAGGGGCGG	GAGGTCAGGGC	+
356-AGGCCAGGGGCGG	EGR2_HUMAN.H11MO.1.A	0	0.0121037	9.30771	0.339655	13	AGGCCAGGGGCGG	GGGGCGTGGGCGGGGG	+
356-AGGCCAGGGGCGG	EGR2_HUMAN.H11MO.0.A	3	0.0122946	9.45454	0.339655	13	AGGCCAGGGGCGG	GGGGGGGTGTGGGAGGGG	+
356-AGGCCAGGGGCGG	E2F1_HUMAN.H11MO.0.A	-4	0.0127902	9.83568	0.339655	9	AGGCCAGGGGCGG	GGGGGGCGGGAAAG	+
356-AGGCCAGGGGCGG	ZBT48_HUMAN.H11MO.0.C	-3	0.0129362	9.94793	0.339655	10	AGGCCAGGGGCGG	TTAGGGACCGTG	+
356-AGGCCAGGGGCGG	PPARA_HUMAN.H11MO.1.B	2	0.0131694	10.1273	0.339655	7	AGGCCAGGGGCGG	AAAGGTCAG	+
356-AGGCCAGGGGCGG	COT1_HUMAN.H11MO.1.C	4	0.013407	10.31	0.339655	9	AGGCCAGGGGCGG	GCAGAGGTCAGGG	+
356-AGGCCAGGGGCGG	NR1H3_HUMAN.H11MO.1.B	2	0.013801	10.613	0.339655	8	AGGCCAGGGGCGG	AAAGGTCAGA	+
356-AGGCCAGGGGCGG	E2F7_HUMAN.H11MO.0.B	-6	0.0140398	10.7966	0.339655	7	AGGCCAGGGGCGG	GGGGCGGGAAAGG	+
356-AGGCCAGGGGCGG	ZBTB4_HUMAN.H11MO.0.D	5	0.0141372	10.8715	0.339655	12	AGGCCAGGGGCGG	CCTAGATGGCAGGTGGG	+
356-AGGCCAGGGGCGG	RARG_HUMAN.H11MO.1.B	1	0.0144036	11.0764	0.339655	7	AGGCCAGGGGCGG	GAGGTCAG	+
356-AGGCCAGGGGCGG	ZBT17_HUMAN.H11MO.0.A	1	0.0145055	11.1547	0.339655	13	AGGCCAGGGGCGG	GAGGGTGGGGGAGGGGAAG	+
356-AGGCCAGGGGCGG	AP2A_HUMAN.H11MO.0.A	1	0.0145321	11.1752	0.339655	13	AGGCCAGGGGCGG	ATGCCCTGAGGCCAT	+
356-AGGCCAGGGGCGG	COT2_HUMAN.H11MO.0.A	3	0.0147001	11.3044	0.339655	10	AGGCCAGGGGCGG	CAAAGGTCAGAGG	+
356-AGGCCAGGGGCGG	FIGLA_HUMAN.H11MO.0.D	-1	0.0149904	11.5276	0.341033	11	AGGCCAGGGGCGG	TAACAGGTGTT	+
356-AGGCCAGGGGCGG	PLAL1_HUMAN.H11MO.0.D	-3	0.0152721	11.7443	0.342178	10	AGGCCAGGGGCGG	CGGGGGGCCC	+
356-AGGCCAGGGGCGG	KLF16_HUMAN.H11MO.0.D	5	0.0158884	12.2182	0.350673	13	AGGCCAGGGGCGG	GGGGGCGGGGGGGGGGGGG	+
356-AGGCCAGGGGCGG	ESR2_HUMAN.H11MO.1.A	0	0.0184199	14.1649	0.391257	7	AGGCCAGGGGCGG	AGGTCAC	+
356-AGGCCAGGGGCGG	ZN586_HUMAN.H11MO.0.C	0	0.0184796	14.2108	0.391257	13	AGGCCAGGGGCGG	AGGCCTAGGAGGAAAAAATG	+
356-AGGCCAGGGGCGG	RARA_HUMAN.H11MO.2.A	0	0.018521	14.2426	0.391257	13	AGGCCAGGGGCGG	AGGTCACCGAGAGGTCA	+
356-AGGCCAGGGGCGG	KLF6_HUMAN.H11MO.0.A	-3	0.019894	15.2985	0.403918	10	AGGCCAGGGGCGG	GGAAGGGCGGGGCCGGGGG	+
356-AGGCCAGGGGCGG	KLF14_HUMAN.H11MO.0.D	-3	0.0201891	15.5254	0.403918	10	AGGCCAGGGGCGG	AGGGGGGCGTGGC	+
356-AGGCCAGGGGCGG	RORA_HUMAN.H11MO.0.C	4	0.0201891	15.5254	0.403918	9	AGGCCAGGGGCGG	AACTAGGTCAGGG	+
356-AGGCCAGGGGCGG	ZN320_HUMAN.H11MO.0.C	3	0.0202129	15.5437	0.403918	13	AGGCCAGGGGCGG	GTGGGACCAGGGGGCCAGTG	+
356-AGGCCAGGGGCGG	HTF4_HUMAN.H11MO.0.A	-2	0.0205919	15.8351	0.406005	10	AGGCCAGGGGCGG	TGCAGCTGTG	+
356-AGGCCAGGGGCGG	SALL4_HUMAN.H11MO.0.B	-4	0.0216277	16.6317	0.411101	9	AGGCCAGGGGCGG	GGAGGGTGGG	+
356-AGGCCAGGGGCGG	BHE41_HUMAN.H11MO.0.D	3	0.0220941	16.9904	0.411101	13	AGGCCAGGGGCGG	ACCGGGTCACGTGCAGAGGG	+
356-AGGCCAGGGGCGG	HESX1_HUMAN.H11MO.0.D	0	0.0226718	17.4346	0.411101	13	AGGCCAGGGGCGG	AGGCCACGTGCCGGAT	-
356-AGGCCAGGGGCGG	KLF4_HUMAN.H11MO.0.A	-6	0.0227108	17.4646	0.411101	7	AGGCCAGGGGCGG	AGGGTGTGGC	+
356-AGGCCAGGGGCGG	NR1H4_HUMAN.H11MO.0.B	1	0.0227226	17.4737	0.411101	13	AGGCCAGGGGCGG	GGGGTCAATGACCCCGAGG	+
356-AGGCCAGGGGCGG	MYOD1_HUMAN.H11MO.1.A	-2	0.0230682	17.7395	0.411101	11	AGGCCAGGGGCGG	GACAGCTGCAG	-
356-AGGCCAGGGGCGG	HES1_HUMAN.H11MO.0.D	0	0.0230744	17.7442	0.411101	13	AGGCCAGGGGCGG	CCGCCACGAGCCC	+
356-AGGCCAGGGGCGG	E2F6_HUMAN.H11MO.0.A	-6	0.0230744	17.7442	0.411101	7	AGGCCAGGGGCGG	GGGGCGGGAAGGG	+
356-AGGCCAGGGGCGG	KLF1_HUMAN.H11MO.0.A	0	0.0239411	18.4107	0.413159	13	AGGCCAGGGGCGG	GGGGCGGGGCCGGG	+
356-AGGCCAGGGGCGG	PLAG1_HUMAN.H11MO.0.D	2	0.0241254	18.5524	0.413159	13	AGGCCAGGGGCGG	GGGGGCATCAGGAGGGG	+
356-AGGCCAGGGGCGG	BMAL1_HUMAN.H11MO.0.A	-2	0.0241769	18.5921	0.413159	11	AGGCCAGGGGCGG	GCCACGTGACT	+
356-AGGCCAGGGGCGG	NR1H4_HUMAN.H11MO.1.B	0	0.0247863	19.0606	0.413159	8	AGGCCAGGGGCGG	AGGTCAGT	+
356-AGGCCAGGGGCGG	ITF2_HUMAN.H11MO.0.C	-2	0.0250267	19.2455	0.413159	10	AGGCCAGGGGCGG	GGCAGCTGGG	+
356-AGGCCAGGGGCGG	ZN549_HUMAN.H11MO.0.C	4	0.0252179	19.3926	0.413159	13	AGGCCAGGGGCGG	ATTCATGAATTGGGCAGCAC	+
356-AGGCCAGGGGCGG	BHA15_HUMAN.H11MO.0.B	-3	0.025334	19.4818	0.413159	10	AGGCCAGGGGCGG	CCAGCTGCTGC	-
356-AGGCCAGGGGCGG	Z324A_HUMAN.H11MO.0.C	3	0.0262511	20.1871	0.413159	13	AGGCCAGGGGCGG	TGGCAGCAAAGGATGGTTTGATA	-
356-AGGCCAGGGGCGG	MAX_HUMAN.H11MO.0.A	-3	0.0262633	20.1964	0.413159	10	AGGCCAGGGGCGG	CCACGTGCTC	-
356-AGGCCAGGGGCGG	CTCF_HUMAN.H11MO.0.A	0	0.027067	20.8145	0.42132	13	AGGCCAGGGGCGG	TGGCCACCAGGGGGCGCCA	+
356-AGGCCAGGGGCGG	MECP2_HUMAN.H11MO.0.C	-3	0.0274691	21.1238	0.423127	7	AGGCCAGGGGCGG	CCCGGAG	+
356-AGGCCAGGGGCGG	TYY2_HUMAN.H11MO.0.D	-3	0.0291141	22.3887	0.443841	10	AGGCCAGGGGCGG	AAAATGGCGGC	+
356-AGGCCAGGGGCGG	GLIS1_HUMAN.H11MO.0.D	-3	0.0300092	23.0771	0.450939	10	AGGCCAGGGGCGG	TCGTGGGGGGTCT	+
356-AGGCCAGGGGCGG	ZN467_HUMAN.H11MO.0.C	-1	0.0301895	23.2157	0.450939	12	AGGCCAGGGGCGG	GGGGAGGGGAGGGGGGGGGGGG	+
356-AGGCCAGGGGCGG	RARA_HUMAN.H11MO.0.A	11	0.0313312	24.0937	0.45478	9	AGGCCAGGGGCGG	GGGGGATCAAGAGGTCAAGG	+
356-AGGCCAGGGGCGG	ZFX_HUMAN.H11MO.0.A	2	0.0317827	24.4409	0.45478	8	AGGCCAGGGGCGG	CCAGGCCCCG	+
356-AGGCCAGGGGCGG	RXRA_HUMAN.H11MO.1.A	3	0.0317827	24.4409	0.45478	7	AGGCCAGGGGCGG	CAGAGGTCAG	+
356-AGGCCAGGGGCGG	HEY1_HUMAN.H11MO.0.D	-1	0.0323821	24.9019	0.45478	12	AGGCCAGGGGCGG	TGGCACGTGTCG	+
356-AGGCCAGGGGCGG	CTCFL_HUMAN.H11MO.0.A	1	0.0325995	25.069	0.45478	13	AGGCCAGGGGCGG	GCCGCCAGGGGGCGCCG	+
356-AGGCCAGGGGCGG	THB_HUMAN.H11MO.0.C	1	0.0325995	25.069	0.45478	13	AGGCCAGGGGCGG	GAGGTCAGGTCAGGTCA	+
356-AGGCCAGGGGCGG	HAND1_HUMAN.H11MO.0.D	6	0.0325995	25.069	0.45478	11	AGGCCAGGGGCGG	TGACAAAAACCAGACCC	-
356-AGGCCAGGGGCGG	MAZ_HUMAN.H11MO.0.A	0	0.0329189	25.3147	0.454945	13	AGGCCAGGGGCGG	GGGGGAGGGGGGGGGGGGGGGG	+
356-AGGCCAGGGGCGG	ZFX_HUMAN.H11MO.1.A	8	0.0340095	26.1533	0.46326	9	AGGCCAGGGGCGG	GGGGGCGGAGGCCGGGG	+
356-AGGCCAGGGGCGG	NR4A2_HUMAN.H11MO.0.C	2	0.0346972	26.6822	0.465175	7	AGGCCAGGGGCGG	AAAGGTCAC	+
356-AGGCCAGGGGCGG	PPARD_HUMAN.H11MO.0.D	1	0.0352407	27.1001	0.465289	13	AGGCCAGGGGCGG	TAGGACAAAGGTCA	+
356-AGGCCAGGGGCGG	MYF6_HUMAN.H11MO.0.C	-3	0.0362249	27.8569	0.469685	7	AGGCCAGGGGCGG	GCAGCTG	-
356-AGGCCAGGGGCGG	NFIB_HUMAN.H11MO.0.D	0	0.0364247	28.0106	0.469685	9	AGGCCAGGGGCGG	CTGCCAGGG	-
356-AGGCCAGGGGCGG	KLF15_HUMAN.H11MO.0.A	4	0.0365265	28.0889	0.469685	13	AGGCCAGGGGCGG	GGGGAGGAGCAGGGGGGGG	+
356-AGGCCAGGGGCGG	ZN257_HUMAN.H11MO.0.C	2	0.0369362	28.4039	0.470859	10	AGGCCAGGGGCGG	AGAGGCAAGAGC	-
356-AGGCCAGGGGCGG	MXI1_HUMAN.H11MO.1.A	-1	0.0382463	29.4114	0.483393	11	AGGCCAGGGGCGG	GAGCACGTGGG	-
356-AGGCCAGGGGCGG	COT1_HUMAN.H11MO.0.C	8	0.0385773	29.6659	0.483444	9	AGGCCAGGGGCGG	GGGGTCAGAGGTCAGGG	+
356-AGGCCAGGGGCGG	TFE2_HUMAN.H11MO.0.A	-2	0.0399975	30.7581	0.48656	11	AGGCCAGGGGCGG	CACAGCTGCAG	+
356-AGGCCAGGGGCGG	ZN263_HUMAN.H11MO.1.A	-5	0.0399975	30.7581	0.48656	8	AGGCCAGGGGCGG	GAGGGAGGAGG	+
356-AGGCCAGGGGCGG	PTF1A_HUMAN.H11MO.1.B	-3	0.0401125	30.8465	0.48656	9	AGGCCAGGGGCGG	CCAGCTGCT	-
356-AGGCCAGGGGCGG	HEN1_HUMAN.H11MO.0.C	3	0.040425	31.0868	0.48656	13	AGGCCAGGGGCGG	TGGGGAGCAGCTGCGTCCCT	+
356-AGGCCAGGGGCGG	SPIC_HUMAN.H11MO.0.D	0	0.0404711	31.1223	0.48656	13	AGGCCAGGGGCGG	GAGGAAGGGGAGG	+
356-AGGCCAGGGGCGG	GLIS2_HUMAN.H11MO.0.D	-1	0.0416694	32.0438	0.491476	12	AGGCCAGGGGCGG	CTTCGCGGGGGGTC	+
356-AGGCCAGGGGCGG	E2F3_HUMAN.H11MO.0.A	-6	0.0418203	32.1598	0.491476	7	AGGCCAGGGGCGG	AGGGCGGGAAA	+
356-AGGCCAGGGGCGG	E2F2_HUMAN.H11MO.0.B	-6	0.0420329	32.3233	0.491476	7	AGGCCAGGGGCGG	GGCGCGAAAC	+
356-AGGCCAGGGGCGG	P53_HUMAN.H11MO.1.A	-1	0.0422094	32.459	0.491476	12	AGGCCAGGGGCGG	GGACATGCCTGGG	+
356-AGGCCAGGGGCGG	ZN335_HUMAN.H11MO.1.A	-3	0.0426055	32.7636	0.492212	7	AGGCCAGGGGCGG	TCAGGCA	-
357-AGGCCMCACA	PRDM4_HUMAN.H11MO.0.D	5	0.000171148	0.131613	0.190764	10	AGGCCCCACA	TTTCAAGGCCCCCCAC	-
357-AGGCCMCACA	GLI1_HUMAN.H11MO.0.D	0	0.000351142	0.270028	0.190764	10	AGGCCCCACA	AGACCACCCAGG	-
357-AGGCCMCACA	ZFX_HUMAN.H11MO.0.A	2	0.000372664	0.286579	0.190764	8	AGGCCCCACA	CCAGGCCCCG	+
357-AGGCCMCACA	PLAL1_HUMAN.H11MO.0.D	0	0.0012163	0.935338	0.421501	10	AGGCCCCACA	GGGCCCCCCG	-
357-AGGCCMCACA	GLI2_HUMAN.H11MO.0.D	0	0.00137236	1.05534	0.421501	10	AGGCCCCACA	AGACCACCCAC	-
359-AGGGAGGYGCGC	PATZ1_HUMAN.H11MO.1.C	0	3.747e-05	0.0288144	0.0569241	9	AGGGAGGCGCGC	AGGGAGGGG	+
359-AGGGAGGYGCGC	MAZ_HUMAN.H11MO.1.A	1	0.000119493	0.0918899	0.0907661	10	AGGGAGGCGCGC	GAGGGAGGGGG	+
359-AGGGAGGYGCGC	WT1_HUMAN.H11MO.1.B	1	0.000539688	0.41502	0.273297	10	AGGGAGGCGCGC	GTGGGAGGAGG	+
359-AGGGAGGYGCGC	KLF12_HUMAN.H11MO.0.C	1	0.000868208	0.667652	0.298932	10	AGGGAGGCGCGC	AGGGGCGGGGC	+
359-AGGGAGGYGCGC	KLF4_HUMAN.H11MO.0.A	0	0.00145775	1.12101	0.298932	10	AGGGAGGCGCGC	AGGGTGTGGC	+
359-AGGGAGGYGCGC	ZN263_HUMAN.H11MO.1.A	1	0.00154552	1.18851	0.298932	10	AGGGAGGCGCGC	GAGGGAGGAGG	+
359-AGGGAGGYGCGC	WT1_HUMAN.H11MO.0.C	5	0.00192232	1.47826	0.298932	12	AGGGAGGCGCGC	GGGCGGGGGAGGAGGGGGGG	+
359-AGGGAGGYGCGC	ZSC22_HUMAN.H11MO.0.C	6	0.00200027	1.53821	0.298932	10	AGGGAGGCGCGC	GGTCTGAGGGAGGAGG	+
359-AGGGAGGYGCGC	ZN467_HUMAN.H11MO.0.C	0	0.00230458	1.77222	0.298932	12	AGGGAGGCGCGC	GGGGAGGGGAGGGGGGGGGGGG	+
359-AGGGAGGYGCGC	KLF15_HUMAN.H11MO.0.A	0	0.00240073	1.84616	0.298932	12	AGGGAGGCGCGC	GGGGAGGAGCAGGGGGGGG	+
359-AGGGAGGYGCGC	SP4_HUMAN.H11MO.1.A	4	0.00247699	1.90481	0.298932	12	AGGGAGGCGCGC	GGAGGGGGCGGGGCCG	+
359-AGGGAGGYGCGC	ZBT14_HUMAN.H11MO.0.C	-5	0.00296945	2.2835	0.298932	7	AGGGAGGCGCGC	GGAGCGCGC	+
359-AGGGAGGYGCGC	KLF3_HUMAN.H11MO.0.B	5	0.00297441	2.28732	0.298932	12	AGGGAGGCGCGC	GGGGAGGGGCGGGGCCGGG	+
359-AGGGAGGYGCGC	KLF5_HUMAN.H11MO.0.A	0	0.00300606	2.31166	0.298932	12	AGGGAGGCGCGC	AGGGTGGGGCTGGG	+
359-AGGGAGGYGCGC	SP1_HUMAN.H11MO.1.A	2	0.00300606	2.31166	0.298932	12	AGGGAGGCGCGC	GGGGGGCGGGGCCG	+
359-AGGGAGGYGCGC	KLF1_HUMAN.H11MO.0.A	0	0.00333479	2.56445	0.298932	12	AGGGAGGCGCGC	GGGGCGGGGCCGGG	+
359-AGGGAGGYGCGC	ZN219_HUMAN.H11MO.0.D	1	0.00359232	2.7625	0.298932	11	AGGGAGGCGCGC	GAGGGGGGCGGA	+
359-AGGGAGGYGCGC	MTF1_HUMAN.H11MO.0.C	0	0.00373729	2.87398	0.298932	12	AGGGAGGCGCGC	AGTGCCGTGTGCAAAAC	+
359-AGGGAGGYGCGC	VEZF1_HUMAN.H11MO.1.C	2	0.0037838	2.90975	0.298932	10	AGGGAGGCGCGC	AGGGGGAGGGGG	+
359-AGGGAGGYGCGC	SP3_HUMAN.H11MO.0.B	5	0.00452092	3.47659	0.298932	12	AGGGAGGCGCGC	GGGGGGGGGCGGGGCCGGGG	+
359-AGGGAGGYGCGC	TBX1_HUMAN.H11MO.0.D	4	0.00452092	3.47659	0.298932	12	AGGGAGGCGCGC	GGGTGGGCAGGGGTGGGCGG	+
359-AGGGAGGYGCGC	ZN263_HUMAN.H11MO.0.A	-1	0.00452092	3.47659	0.298932	11	AGGGAGGCGCGC	GGGAGGAGGGAGAGGAGGAG	+
359-AGGGAGGYGCGC	KLF6_HUMAN.H11MO.0.A	3	0.00452572	3.48027	0.298932	12	AGGGAGGCGCGC	GGAAGGGCGGGGCCGGGGG	+
359-AGGGAGGYGCGC	ZIC1_HUMAN.H11MO.0.B	0	0.00509513	3.91816	0.312702	9	AGGGAGGCGCGC	GGGGTGGTC	+
359-AGGGAGGYGCGC	ZN784_HUMAN.H11MO.0.D	1	0.00514585	3.95716	0.312702	10	AGGGAGGCGCGC	GAGGTAGGTAC	+
359-AGGGAGGYGCGC	FLI1_HUMAN.H11MO.0.A	6	0.00639391	4.91692	0.373599	12	AGGGAGGCGCGC	GGAGGAAGGAAGGAGGGA	+
359-AGGGAGGYGCGC	ZN281_HUMAN.H11MO.0.A	5	0.00678263	5.21584	0.381634	10	AGGGAGGCGCGC	GGGTGGGGGAGGGGA	+
359-AGGGAGGYGCGC	SP2_HUMAN.H11MO.1.B	-1	0.00732119	5.62999	0.397224	11	AGGGAGGCGCGC	AGGGGGCGGGGC	+
359-AGGGAGGYGCGC	SNAI2_HUMAN.H11MO.0.A	-1	0.00758924	5.83613	0.39757	10	AGGGAGGCGCGC	GGCAGGTGCA	+
359-AGGGAGGYGCGC	SP1_HUMAN.H11MO.0.A	2	0.00898453	6.9091	0.43582	12	AGGGAGGCGCGC	GGGGGGCGGGGCCGGGGGGGGG	+
359-AGGGAGGYGCGC	KLF13_HUMAN.H11MO.0.D	0	0.00954787	7.34231	0.43582	11	AGGGAGGCGCGC	AGGGGGGCGTG	+
359-AGGGAGGYGCGC	IKZF1_HUMAN.H11MO.0.C	1	0.00988478	7.60139	0.43582	7	AGGGAGGCGCGC	TTGGGAGA	+
359-AGGGAGGYGCGC	ZN740_HUMAN.H11MO.0.D	1	0.00999353	7.68502	0.43582	12	AGGGAGGCGCGC	GGGGGGGGGGTGGG	+
359-AGGGAGGYGCGC	ZN770_HUMAN.H11MO.1.C	-1	0.0100407	7.72127	0.43582	11	AGGGAGGCGCGC	GGGAGGCTGAG	+
359-AGGGAGGYGCGC	ZBT48_HUMAN.H11MO.0.C	2	0.0113735	8.74622	0.477476	10	AGGGAGGCGCGC	TTAGGGACCGTG	+
359-AGGGAGGYGCGC	TBX15_HUMAN.H11MO.0.D	6	0.0117099	9.00495	0.477476	12	AGGGAGGCGCGC	GGGGGGGGGGGGGTGGGGG	+
359-AGGGAGGYGCGC	KLF14_HUMAN.H11MO.0.D	0	0.0121135	9.31528	0.477476	12	AGGGAGGCGCGC	AGGGGGGCGTGGC	+
359-AGGGAGGYGCGC	ID4_HUMAN.H11MO.0.D	-1	0.0122575	9.42605	0.477476	11	AGGGAGGCGCGC	GACAGGTGTAA	+
359-AGGGAGGYGCGC	ZBTB4_HUMAN.H11MO.0.D	6	0.0129583	9.96495	0.48935	11	AGGGAGGCGCGC	CCTAGATGGCAGGTGGG	+
359-AGGGAGGYGCGC	NFKB1_HUMAN.H11MO.1.B	-1	0.0135287	10.4036	0.48935	11	AGGGAGGCGCGC	GGGAAATTCCC	+
359-AGGGAGGYGCGC	EGR4_HUMAN.H11MO.0.D	-2	0.0135287	10.4036	0.48935	10	AGGGAGGCGCGC	GGCGGCAGGGC	+
359-AGGGAGGYGCGC	KLF9_HUMAN.H11MO.0.C	1	0.0139798	10.7505	0.492387	12	AGGGAGGCGCGC	GGAGGGGGCGTGGCC	+
359-AGGGAGGYGCGC	FEV_HUMAN.H11MO.0.B	1	0.0142609	10.9666	0.492387	9	AGGGAGGCGCGC	GCGGGAAGCG	+
361-AGGGCCGRAAG	ETV1_HUMAN.H11MO.0.A	-2	0.000178725	0.13744	0.190742	9	AGGGCCGGAAG	GGCCGGAAGTG	+
361-AGGGCCGRAAG	ELK4_HUMAN.H11MO.0.A	-2	0.000355481	0.273365	0.190742	9	AGGGCCGGAAG	GACCGGAAGTGG	+
361-AGGGCCGRAAG	GABPA_HUMAN.H11MO.0.A	0	0.000373845	0.287487	0.190742	11	AGGGCCGGAAG	GGAACCGGAAGTGG	+
361-AGGGCCGRAAG	E2F3_HUMAN.H11MO.0.A	0	0.000821959	0.632086	0.209102	11	AGGGCCGGAAG	AGGGCGGGAAA	+
361-AGGGCCGRAAG	E2F6_HUMAN.H11MO.0.A	0	0.000974266	0.749211	0.209102	11	AGGGCCGGAAG	GGGGCGGGAAGGG	+
361-AGGGCCGRAAG	E2F1_HUMAN.H11MO.0.A	2	0.00102748	0.790133	0.209102	11	AGGGCCGGAAG	GGGGGGCGGGAAAG	+
361-AGGGCCGRAAG	ELK1_HUMAN.H11MO.0.B	-3	0.00103741	0.797768	0.209102	8	AGGGCCGGAAG	ACCGGAAGTGG	+
361-AGGGCCGRAAG	ELF2_HUMAN.H11MO.0.C	-1	0.00109288	0.840424	0.209102	10	AGGGCCGGAAG	AACCCGGAAGTGG	+
361-AGGGCCGRAAG	TFDP1_HUMAN.H11MO.0.C	2	0.0012922	0.993702	0.219768	11	AGGGCCGGAAG	GGGGGGCGGGAAAA	+
361-AGGGCCGRAAG	E2F4_HUMAN.H11MO.0.A	1	0.00162382	1.24871	0.247167	11	AGGGCCGGAAG	GGGGGCGGGAAAT	+
361-AGGGCCGRAAG	E2F7_HUMAN.H11MO.0.B	0	0.00181518	1.39587	0.247167	11	AGGGCCGGAAG	GGGGCGGGAAAGG	+
361-AGGGCCGRAAG	MBD2_HUMAN.H11MO.0.B	0	0.00193774	1.49012	0.247167	11	AGGGCCGGAAG	CGGGCCGGAGG	+
361-AGGGCCGRAAG	ELF1_HUMAN.H11MO.0.A	0	0.00296851	2.28278	0.34952	11	AGGGCCGGAAG	GAACCCGGAAGTGG	+
361-AGGGCCGRAAG	ETS1_HUMAN.H11MO.0.A	-1	0.00348649	2.68111	0.381187	10	AGGGCCGGAAG	AGACAGGAAGTGG	+
361-AGGGCCGRAAG	FLI1_HUMAN.H11MO.0.A	1	0.00426374	3.27882	0.435087	11	AGGGCCGGAAG	GGAGGAAGGAAGGAGGGA	+
362-AGGGGGTCC	GLIS1_HUMAN.H11MO.0.D	4	0.000202033	0.155363	0.203574	9	AGGGGGTCC	TCGTGGGGGGTCT	+
362-AGGGGGTCC	PLAL1_HUMAN.H11MO.0.D	1	0.000265125	0.203881	0.203574	9	AGGGGGTCC	CGGGGGGCCC	+
362-AGGGGGTCC	GLIS2_HUMAN.H11MO.0.D	6	0.000942225	0.724571	0.347584	8	AGGGGGTCC	CTTCGCGGGGGGTC	+
362-AGGGGGTCC	PRDM4_HUMAN.H11MO.0.D	1	0.00114938	0.883871	0.347584	9	AGGGGGTCC	GTGGGGGGCCTTGAAA	+
362-AGGGGGTCC	KLF8_HUMAN.H11MO.0.C	1	0.00121713	0.935975	0.347584	8	AGGGGGTCC	CAGGGGGTG	+
362-AGGGGGTCC	ZBT7A_HUMAN.H11MO.0.A	-1	0.00138073	1.06178	0.347584	8	AGGGGGTCC	GGGGGTCTC	+
362-AGGGGGTCC	GLIS3_HUMAN.H11MO.0.D	2	0.00175207	1.34734	0.347584	8	AGGGGGTCC	GTGGGGGGTA	+
362-AGGGGGTCC	ZIC4_HUMAN.H11MO.0.D	7	0.00181071	1.39244	0.347584	8	AGGGGGTCC	GCACAGCGGGGGGTC	+
362-AGGGGGTCC	CTCFL_HUMAN.H11MO.0.A	6	0.00258431	1.98734	0.440964	9	AGGGGGTCC	GCCGCCAGGGGGCGCCG	+
363-AGGGTGGGAAGC	E2F6_HUMAN.H11MO.0.A	0	0.000129789	0.099808	0.122317	12	AGGGTGGGAAGC	GGGGCGGGAAGGG	+
363-AGGGTGGGAAGC	E2F3_HUMAN.H11MO.0.A	0	0.00026378	0.202847	0.122317	11	AGGGTGGGAAGC	AGGGCGGGAAA	+
363-AGGGTGGGAAGC	SUH_HUMAN.H11MO.0.A	0	0.00026378	0.202847	0.122317	11	AGGGTGGGAAGC	GGCGTGGGAAA	+
363-AGGGTGGGAAGC	TFDP1_HUMAN.H11MO.0.C	2	0.000359803	0.276689	0.122317	12	AGGGTGGGAAGC	GGGGGGCGGGAAAA	+
363-AGGGTGGGAAGC	E2F1_HUMAN.H11MO.0.A	2	0.000404574	0.311118	0.122317	12	AGGGTGGGAAGC	GGGGGGCGGGAAAG	+
363-AGGGTGGGAAGC	TBX1_HUMAN.H11MO.0.D	-1	0.000566702	0.435794	0.142778	11	AGGGTGGGAAGC	GGGTGGGCAGGGGTGGGCGG	+
363-AGGGTGGGAAGC	SALL4_HUMAN.H11MO.0.B	2	0.000874679	0.672628	0.18889	8	AGGGTGGGAAGC	GGAGGGTGGG	+
363-AGGGTGGGAAGC	E2F4_HUMAN.H11MO.0.A	1	0.00101019	0.776836	0.190885	12	AGGGTGGGAAGC	GGGGGCGGGAAAT	+
363-AGGGTGGGAAGC	IKZF1_HUMAN.H11MO.0.C	-3	0.00127859	0.983239	0.212214	8	AGGGTGGGAAGC	TTGGGAGA	+
363-AGGGTGGGAAGC	TBR1_HUMAN.H11MO.0.D	1	0.00140384	1.07955	0.212214	12	AGGGTGGGAAGC	AAAGGTGTGAAAA	+
363-AGGGTGGGAAGC	TBX3_HUMAN.H11MO.0.C	1	0.00174694	1.3434	0.240073	10	AGGGTGGGAAGC	GGAGGTGGGAA	+
363-AGGGTGGGAAGC	ARNT2_HUMAN.H11MO.0.D	0	0.00209917	1.61426	0.245656	12	AGGGTGGGAAGC	GGCGTGGGAGGC	+
363-AGGGTGGGAAGC	ZNF18_HUMAN.H11MO.0.C	-2	0.00221419	1.70271	0.245656	10	AGGGTGGGAAGC	GGTGTGAACTGG	+
363-AGGGTGGGAAGC	KLF5_HUMAN.H11MO.0.A	0	0.00251551	1.93443	0.245656	12	AGGGTGGGAAGC	AGGGTGGGGCTGGG	+
363-AGGGTGGGAAGC	BRAC_HUMAN.H11MO.1.B	-1	0.00257019	1.97648	0.245656	11	AGGGTGGGAAGC	AGGTGTGAAAT	+
363-AGGGTGGGAAGC	TBX15_HUMAN.H11MO.0.D	9	0.0026001	1.99948	0.245656	10	AGGGTGGGAAGC	GGGGGGGGGGGGGTGGGGG	+
363-AGGGTGGGAAGC	E2F7_HUMAN.H11MO.0.B	0	0.00295253	2.27049	0.262545	12	AGGGTGGGAAGC	GGGGCGGGAAAGG	+
363-AGGGTGGGAAGC	MAZ_HUMAN.H11MO.1.A	1	0.00374582	2.88053	0.286537	10	AGGGTGGGAAGC	GAGGGAGGGGG	+
363-AGGGTGGGAAGC	ZN740_HUMAN.H11MO.0.D	2	0.00380516	2.92617	0.286537	12	AGGGTGGGAAGC	GGGGGGGGGGTGGG	+
363-AGGGTGGGAAGC	E2F2_HUMAN.H11MO.0.B	-2	0.00398053	3.06103	0.286537	10	AGGGTGGGAAGC	GGCGCGAAAC	+
363-AGGGTGGGAAGC	NR0B1_HUMAN.H11MO.0.D	-1	0.00398053	3.06103	0.286537	10	AGGGTGGGAAGC	GCGTGGGAGA	+
363-AGGGTGGGAAGC	ZSCA4_HUMAN.H11MO.0.D	0	0.00482746	3.71232	0.329964	12	AGGGTGGGAAGC	AGTGTGTGCACT	+
363-AGGGTGGGAAGC	ZN219_HUMAN.H11MO.0.D	0	0.00507798	3.90496	0.329964	12	AGGGTGGGAAGC	GAGGGGGGCGGA	+
363-AGGGTGGGAAGC	KLF4_HUMAN.H11MO.0.A	0	0.00523865	4.02852	0.329964	10	AGGGTGGGAAGC	AGGGTGTGGC	+
363-AGGGTGGGAAGC	EGR2_HUMAN.H11MO.1.A	2	0.00550823	4.23583	0.333066	12	AGGGTGGGAAGC	GGGGCGTGGGCGGGGG	+
363-AGGGTGGGAAGC	FLI1_HUMAN.H11MO.0.A	1	0.00590274	4.53921	0.34208	12	AGGGTGGGAAGC	GGAGGAAGGAAGGAGGGA	+
363-AGGGTGGGAAGC	ZN524_HUMAN.H11MO.0.D	7	0.00620678	4.77301	0.34208	11	AGGGTGGGAAGC	GGGTTCGAGGGTTCGAGT	+
363-AGGGTGGGAAGC	ZIC1_HUMAN.H11MO.0.B	0	0.0065159	5.01073	0.34208	9	AGGGTGGGAAGC	GGGGTGGTC	+
363-AGGGTGGGAAGC	PATZ1_HUMAN.H11MO.1.C	0	0.00689326	5.30092	0.34208	9	AGGGTGGGAAGC	AGGGAGGGG	+
363-AGGGTGGGAAGC	KLF16_HUMAN.H11MO.0.D	1	0.00694153	5.33803	0.34208	12	AGGGTGGGAAGC	GGGGGCGGGGGGGGGGGGG	+
363-AGGGTGGGAAGC	TBX5_HUMAN.H11MO.0.D	-1	0.00716241	5.50789	0.34208	8	AGGGTGGGAAGC	AGGTGTGA	+
363-AGGGTGGGAAGC	E2F8_HUMAN.H11MO.0.D	1	0.00756588	5.81816	0.34208	11	AGGGTGGGAAGC	TTTGGCGGGAAA	+
363-AGGGTGGGAAGC	EGR1_HUMAN.H11MO.0.A	3	0.00775007	5.95981	0.34208	12	AGGGTGGGAAGC	GAGGGCGTGGGCGGGGG	+
363-AGGGTGGGAAGC	E2F4_HUMAN.H11MO.1.A	-2	0.00802676	6.17258	0.34208	10	AGGGTGGGAAGC	GGCGGGAAATTTGA	+
363-AGGGTGGGAAGC	ZN528_HUMAN.H11MO.0.C	-1	0.00806703	6.20355	0.34208	11	AGGGTGGGAAGC	CCCAGGGAAGCCATTTCTGA	+
363-AGGGTGGGAAGC	ZN784_HUMAN.H11MO.0.D	0	0.00814651	6.26467	0.34208	11	AGGGTGGGAAGC	GAGGTAGGTAC	+
363-AGGGTGGGAAGC	WT1_HUMAN.H11MO.0.C	1	0.0103158	7.93283	0.415457	12	AGGGTGGGAAGC	GGGCGGGGGAGGAGGGGGGG	+
363-AGGGTGGGAAGC	KLF8_HUMAN.H11MO.0.C	1	0.0113125	8.6993	0.415457	8	AGGGTGGGAAGC	CAGGGGGTG	+
363-AGGGTGGGAAGC	ETV7_HUMAN.H11MO.0.D	-4	0.0114045	8.77008	0.415457	7	AGGGTGGGAAGC	CAGGAAG	+
363-AGGGTGGGAAGC	ZN449_HUMAN.H11MO.0.C	0	0.0115434	8.87691	0.415457	11	AGGGTGGGAAGC	TGGTTGGGCTT	+
363-AGGGTGGGAAGC	ETV1_HUMAN.H11MO.0.A	-2	0.0115434	8.87691	0.415457	10	AGGGTGGGAAGC	GGCCGGAAGTG	+
363-AGGGTGGGAAGC	ZN257_HUMAN.H11MO.0.C	-2	0.011701	8.99804	0.415457	10	AGGGTGGGAAGC	AGAGGCAAGAGC	-
363-AGGGTGGGAAGC	ERG_HUMAN.H11MO.0.A	-1	0.0118178	9.08787	0.415457	11	AGGGTGGGAAGC	GGGCAGGAAGTGG	+
363-AGGGTGGGAAGC	EGR2_HUMAN.H11MO.0.A	5	0.0123056	9.46304	0.416151	12	AGGGTGGGAAGC	GGGGGGGTGTGGGAGGGG	+
363-AGGGTGGGAAGC	SRBP2_HUMAN.H11MO.0.B	-1	0.0123881	9.52645	0.416151	11	AGGGTGGGAAGC	GGGTGGGGTGAGG	+
363-AGGGTGGGAAGC	ZN341_HUMAN.H11MO.0.C	8	0.0128777	9.90298	0.417602	12	AGGGTGGGAAGC	GGGGGGGGGGGGAGGGAAGAGC	+
363-AGGGTGGGAAGC	FLI1_HUMAN.H11MO.1.A	-1	0.0129838	9.98454	0.417602	11	AGGGTGGGAAGC	AGGCAGGAAGTGG	+
363-AGGGTGGGAAGC	FEV_HUMAN.H11MO.0.B	-3	0.0141707	10.8973	0.44628	9	AGGGTGGGAAGC	GCGGGAAGCG	+
363-AGGGTGGGAAGC	ZN148_HUMAN.H11MO.0.D	2	0.0148895	11.45	0.45788	12	AGGGTGGGAAGC	GGGGTGGGGGAGGGG	+
363-AGGGTGGGAAGC	BRAC_HUMAN.H11MO.0.A	8	0.0151448	11.6463	0.45788	12	AGGGTGGGAAGC	TTAGCAGGGAGGTGTGAAAT	+
363-AGGGTGGGAAGC	KLF6_HUMAN.H11MO.0.A	3	0.0158127	12.16	0.464932	12	AGGGTGGGAAGC	GGAAGGGCGGGGCCGGGGG	+
363-AGGGTGGGAAGC	WT1_HUMAN.H11MO.1.B	-3	0.0162095	12.4651	0.464932	9	AGGGTGGGAAGC	GTGGGAGGAGG	+
363-AGGGTGGGAAGC	KLF1_HUMAN.H11MO.0.A	0	0.0163007	12.5353	0.464932	12	AGGGTGGGAAGC	GGGGCGGGGCCGGG	+
363-AGGGTGGGAAGC	ZN281_HUMAN.H11MO.0.A	1	0.0170991	13.1492	0.478671	12	AGGGTGGGAAGC	GGGTGGGGGAGGGGA	+
368-AMCCCACGTG	MXI1_HUMAN.H11MO.1.A	-2	5.46463e-05	0.042023	0.030124	8	ACCCCACGTG	CCCACGTGCTC	+
368-AMCCCACGTG	MYCN_HUMAN.H11MO.0.A	-1	6.58844e-05	0.0506651	0.030124	9	ACCCCACGTG	GCCCACGTGGCC	-
368-AMCCCACGTG	MXI1_HUMAN.H11MO.0.A	4	8.51267e-05	0.0654624	0.030124	10	ACCCCACGTG	CCCGCCGCCACGTGC	-
368-AMCCCACGTG	MYC_HUMAN.H11MO.0.A	-2	9.01597e-05	0.0693328	0.030124	8	ACCCCACGTG	GCCACGTGCTC	+
368-AMCCCACGTG	HEY1_HUMAN.H11MO.0.D	-1	0.000101026	0.0776887	0.030124	9	ACCCCACGTG	CGACACGTGCCA	-
368-AMCCCACGTG	MAX_HUMAN.H11MO.0.A	-3	0.000139998	0.107658	0.0344228	7	ACCCCACGTG	CCACGTGCTC	-
368-AMCCCACGTG	USF1_HUMAN.H11MO.0.A	-1	0.000201189	0.154714	0.0344228	9	ACCCCACGTG	GGTCACGTGACC	-
368-AMCCCACGTG	BMAL1_HUMAN.H11MO.0.A	-2	0.00020581	0.158268	0.0344228	8	ACCCCACGTG	GCCACGTGACT	+
368-AMCCCACGTG	TFEB_HUMAN.H11MO.0.C	-4	0.000226808	0.174416	0.0344228	6	ACCCCACGTG	CACGTGACC	-
368-AMCCCACGTG	BHE40_HUMAN.H11MO.0.A	-2	0.000241239	0.185512	0.0344228	8	ACCCCACGTG	GTCACGTGCC	-
368-AMCCCACGTG	CR3L1_HUMAN.H11MO.0.D	-2	0.000268676	0.206612	0.0344228	8	ACCCCACGTG	GCCACGTGGCA	+
368-AMCCCACGTG	USF2_HUMAN.H11MO.0.A	5	0.000278234	0.213962	0.0344228	10	ACCCCACGTG	CGCCGCGGCCACGTGACCC	-
368-AMCCCACGTG	MLX_HUMAN.H11MO.0.D	-3	0.000424249	0.326248	0.0421678	7	ACCCCACGTG	GCACGTGATCA	-
368-AMCCCACGTG	TFE3_HUMAN.H11MO.0.B	-3	0.000683932	0.525944	0.0496145	7	ACCCCACGTG	TCACGTGACC	-
368-AMCCCACGTG	HES5_HUMAN.H11MO.0.D	-1	0.000736702	0.566524	0.0496145	9	ACCCCACGTG	CGGCACGTGCCA	-
368-AMCCCACGTG	MITF_HUMAN.H11MO.0.A	-3	0.000775778	0.596573	0.0496145	7	ACCCCACGTG	TCACGTGACC	+
368-AMCCCACGTG	HEY2_HUMAN.H11MO.0.D	2	0.000796104	0.612204	0.0496145	10	ACCCCACGTG	TAATGCCACGTGCCCCC	-
368-AMCCCACGTG	MESP1_HUMAN.H11MO.0.D	0	0.00115455	0.887852	0.0649544	10	ACCCCACGTG	TCCACACCTGC	-
368-AMCCCACGTG	SNAI1_HUMAN.H11MO.0.C	-3	0.00131109	1.00823	0.0651573	7	ACCCCACGTG	CCAGGTGG	+
368-AMCCCACGTG	HES7_HUMAN.H11MO.0.D	-1	0.00153319	1.17902	0.0737368	9	ACCCCACGTG	CGGCACGTGCCA	-
368-AMCCCACGTG	BHE41_HUMAN.H11MO.0.D	3	0.00176022	1.35361	0.0820103	10	ACCCCACGTG	ACCGGGTCACGTGCAGAGGG	+
368-AMCCCACGTG	GLIS2_HUMAN.H11MO.0.D	1	0.00242802	1.86714	0.103427	10	ACCCCACGTG	GACCCCCCGCGAAG	-
368-AMCCCACGTG	ATF6A_HUMAN.H11MO.0.B	-3	0.00275303	2.11708	0.114015	7	ACCCCACGTG	CCACGTCACCAC	-
368-AMCCCACGTG	HES1_HUMAN.H11MO.0.D	0	0.00287404	2.21013	0.115809	10	ACCCCACGTG	CCGCCACGAGCCC	+
368-AMCCCACGTG	CR3L2_HUMAN.H11MO.0.D	-1	0.00304361	2.34054	0.117991	9	ACCCCACGTG	TGCCACGTCATCA	-
368-AMCCCACGTG	EPAS1_HUMAN.H11MO.0.B	-3	0.00325922	2.50634	0.12148	7	ACCCCACGTG	GTACGTGCC	+
368-AMCCCACGTG	GLIS1_HUMAN.H11MO.0.D	2	0.00404005	3.1068	0.143413	10	ACCCCACGTG	AGACCCCCCACGA	-
368-AMCCCACGTG	HIF1A_HUMAN.H11MO.0.C	-3	0.0043521	3.34676	0.150897	7	ACCCCACGTG	GGACGTGC	+
368-AMCCCACGTG	ARNT_HUMAN.H11MO.0.B	-3	0.0055131	4.23957	0.165806	7	ACCCCACGTG	GTACGTGCC	+
368-AMCCCACGTG	ZBTB4_HUMAN.H11MO.0.D	-2	0.00571159	4.39221	0.165806	8	ACCCCACGTG	CCCACCTGCCATCTAGG	-
368-AMCCCACGTG	NKX23_HUMAN.H11MO.0.D	-1	0.00578299	4.44712	0.165806	9	ACCCCACGTG	AACCACTTAAC	-
368-AMCCCACGTG	XBP1_HUMAN.H11MO.0.D	-2	0.00578299	4.44712	0.165806	8	ACCCCACGTG	GCCACGTCAGC	-
368-AMCCCACGTG	SCRT1_HUMAN.H11MO.0.D	-1	0.0059498	4.5754	0.16737	9	ACCCCACGTG	AACCACCTGTTGC	-
368-AMCCCACGTG	ZIC4_HUMAN.H11MO.0.D	1	0.00623498	4.7947	0.172144	10	ACCCCACGTG	GACCCCCCGCTGTGC	-
368-AMCCCACGTG	CLOCK_HUMAN.H11MO.0.C	0	0.00786921	6.05143	0.20537	10	ACCCCACGTG	TGTTCACGTGTCTG	-
368-AMCCCACGTG	GLIS3_HUMAN.H11MO.0.D	1	0.00794057	6.1063	0.20537	9	ACCCCACGTG	TACCCCCCAC	-
368-AMCCCACGTG	FIGLA_HUMAN.H11MO.0.D	-1	0.0079894	6.14385	0.20537	9	ACCCCACGTG	TAACAGGTGTT	+
368-AMCCCACGTG	ITF2_HUMAN.H11MO.0.C	-2	0.00837932	6.4437	0.211742	8	ACCCCACGTG	CCCAGCTGCC	-
368-AMCCCACGTG	CREB3_HUMAN.H11MO.0.D	-1	0.00914026	7.02886	0.223398	9	ACCCCACGTG	TGCCACGTCACCA	-
368-AMCCCACGTG	SNAI2_HUMAN.H11MO.0.A	-2	0.00983413	7.56245	0.236481	8	ACCCCACGTG	TGCACCTGCC	-
368-AMCCCACGTG	HTF4_HUMAN.H11MO.0.A	-2	0.0103688	7.97361	0.238583	8	ACCCCACGTG	CACAGCTGCA	-
368-AMCCCACGTG	SRBP2_HUMAN.H11MO.0.B	4	0.0106991	8.22757	0.240224	9	ACCCCACGTG	CCTCACCCCACCC	-
368-AMCCCACGTG	ARNT2_HUMAN.H11MO.0.D	2	0.0107955	8.3017	0.240224	10	ACCCCACGTG	GCCTCCCACGCC	-
368-AMCCCACGTG	ZN554_HUMAN.H11MO.0.C	3	0.0110976	8.53406	0.243317	10	ACCCCACGTG	AGCACCCCACATGGCTCAGC	-
368-AMCCCACGTG	ID4_HUMAN.H11MO.0.D	-1	0.0128	9.84318	0.276574	9	ACCCCACGTG	TTACACCTGTC	-
368-AMCCCACGTG	ATF3_HUMAN.H11MO.0.A	-2	0.0141816	10.9056	0.297807	8	ACCCCACGTG	ATCACGTCACC	-
368-AMCCCACGTG	ZEB1_HUMAN.H11MO.0.A	-2	0.0141821	10.9061	0.297807	8	ACCCCACGTG	CTCACCTGTC	-
368-AMCCCACGTG	TFE2_HUMAN.H11MO.0.A	-2	0.0149227	11.4755	0.309004	8	ACCCCACGTG	CACAGCTGCAG	+
368-AMCCCACGTG	ASCL1_HUMAN.H11MO.0.A	-1	0.0155183	11.9336	0.312081	9	ACCCCACGTG	CTGCACCTGCTCCC	+
368-AMCCCACGTG	TBX5_HUMAN.H11MO.0.D	-1	0.0191546	14.7299	0.37088	8	ACCCCACGTG	TCACACCT	-
368-AMCCCACGTG	MYF6_HUMAN.H11MO.0.C	-4	0.0211436	16.2594	0.399927	6	ACCCCACGTG	CAGCTGC	+
368-AMCCCACGTG	MLXPL_HUMAN.H11MO.0.D	8	0.0211952	16.2991	0.399927	10	ACCCCACGTG	GCATGTGACACCGCCGTGG	+
368-AMCCCACGTG	CENPB_HUMAN.H11MO.0.D	0	0.0214595	16.5024	0.399927	10	ACCCCACGTG	AACCCGCATCGTACGAA	-
368-AMCCCACGTG	SCRT2_HUMAN.H11MO.0.D	-3	0.0228592	17.5787	0.415622	7	ACCCCACGTG	CCACCTGTTGCAT	-
368-AMCCCACGTG	ATOH1_HUMAN.H11MO.0.B	-3	0.0237275	18.2464	0.426211	7	ACCCCACGTG	CCATCTGCT	-
368-AMCCCACGTG	NDF2_HUMAN.H11MO.0.B	-3	0.0249603	19.1944	0.436932	7	ACCCCACGTG	CCATCTGTT	-
368-AMCCCACGTG	AP2B_HUMAN.H11MO.0.B	-1	0.0285645	21.9661	0.489507	9	ACCCCACGTG	GCCCCCGGGC	-
369-ARGAGCGAGCC	ZBT14_HUMAN.H11MO.0.C	-1	4.73111e-05	0.0363822	0.0727644	9	AGGAGCGAGCC	GGAGCGCGC	+
369-ARGAGCGAGCC	SMAD2_HUMAN.H11MO.0.A	0	0.000607136	0.466887	0.466887	11	AGGAGCGAGCC	AGGTGACAGACA	-
371-ATCGCTGAGTCTCT	MAFF_HUMAN.H11MO.1.B	-2	8.01255e-05	0.0616165	0.09115	9	ATCGCTGAGTCTCT	TGCTGAGTC	+
371-ATCGCTGAGTCTCT	BACH2_HUMAN.H11MO.0.A	-2	0.000190045	0.146144	0.09115	11	ATCGCTGAGTCTCT	TGCTGAGTCAT	+
371-ATCGCTGAGTCTCT	NF2L2_HUMAN.H11MO.0.A	1	0.000224043	0.172289	0.09115	13	ATCGCTGAGTCTCT	AACTGCTGAGTCAT	+
371-ATCGCTGAGTCTCT	BACH1_HUMAN.H11MO.0.A	-2	0.000240208	0.18472	0.09115	12	ATCGCTGAGTCTCT	TGCTGAGTCATGC	+
371-ATCGCTGAGTCTCT	MAFG_HUMAN.H11MO.1.A	-2	0.000336063	0.258433	0.09115	8	ATCGCTGAGTCTCT	TGCTGAGT	+
371-ATCGCTGAGTCTCT	NFE2_HUMAN.H11MO.0.A	-2	0.000358712	0.275849	0.09115	12	ATCGCTGAGTCTCT	TGCTGAGTCATGC	-
371-ATCGCTGAGTCTCT	FOS_HUMAN.H11MO.0.A	-4	0.000926332	0.712349	0.171982	9	ATCGCTGAGTCTCT	GTGAGTCAC	+
371-ATCGCTGAGTCTCT	JUNB_HUMAN.H11MO.0.A	-3	0.00111916	0.860633	0.171982	11	ATCGCTGAGTCTCT	TCTGAGTCACC	+
371-ATCGCTGAGTCTCT	JUND_HUMAN.H11MO.0.A	-3	0.00111916	0.860633	0.171982	11	ATCGCTGAGTCTCT	GATGAGTCATC	+
371-ATCGCTGAGTCTCT	ZN554_HUMAN.H11MO.1.D	-3	0.00112803	0.867457	0.171982	9	ATCGCTGAGTCTCT	GCAGAGCCA	+
371-ATCGCTGAGTCTCT	JUN_HUMAN.H11MO.0.A	-3	0.00186997	1.43801	0.232216	11	ATCGCTGAGTCTCT	GATGAGTCATC	+
371-ATCGCTGAGTCTCT	MAF_HUMAN.H11MO.1.B	-2	0.00190625	1.46591	0.232216	8	ATCGCTGAGTCTCT	TGCTGACT	+
371-ATCGCTGAGTCTCT	FOSB_HUMAN.H11MO.0.A	-4	0.002005	1.54185	0.232216	9	ATCGCTGAGTCTCT	ATGAGTCAT	+
371-ATCGCTGAGTCTCT	ZN768_HUMAN.H11MO.0.C	7	0.0022817	1.75463	0.232216	13	ATCGCTGAGTCTCT	ACTTAACCTCTCTGAGCCTC	-
371-ATCGCTGAGTCTCT	MAFK_HUMAN.H11MO.1.A	-2	0.00235346	1.80981	0.232216	12	ATCGCTGAGTCTCT	TGCTGAGTCAGCA	+
371-ATCGCTGAGTCTCT	FOSL1_HUMAN.H11MO.0.A	-2	0.00243697	1.87403	0.232216	12	ATCGCTGAGTCTCT	GGATGAGTCACC	+
371-ATCGCTGAGTCTCT	ZN490_HUMAN.H11MO.0.C	-5	0.00370242	2.84716	0.306527	9	ATCGCTGAGTCTCT	TGGGTCTCTTGAAGGCAGCATATC	+
371-ATCGCTGAGTCTCT	MAFB_HUMAN.H11MO.0.B	-2	0.00381252	2.93183	0.306527	11	ATCGCTGAGTCTCT	TGCTGACTCAG	+
371-ATCGCTGAGTCTCT	FOSL2_HUMAN.H11MO.0.A	-2	0.00388846	2.99023	0.306527	12	ATCGCTGAGTCTCT	GGATGAGTCATC	+
371-ATCGCTGAGTCTCT	MAFK_HUMAN.H11MO.0.A	3	0.00402102	3.09216	0.306527	14	ATCGCTGAGTCTCT	AAAATTGCTGAGTCAGCA	+
371-ATCGCTGAGTCTCT	ZN708_HUMAN.H11MO.1.D	-3	0.00498355	3.83235	0.361811	9	ATCGCTGAGTCTCT	GCTGTACCT	-
372-ATCTTCTGGAA	HSF1_HUMAN.H11MO.1.A	-3	6.636e-06	0.00510309	0.0101974	8	ATCTTCTGGAA	TTCTGGAAA	+
372-ATCTTCTGGAA	HSF1_HUMAN.H11MO.0.A	4	3.58551e-05	0.0275726	0.027549	11	ATCTTCTGGAA	TGGAAGGTTCTAGAA	+
372-ATCTTCTGGAA	HSF4_HUMAN.H11MO.0.D	4	0.000102549	0.0788605	0.0525287	11	ATCTTCTGGAA	TAGAACGTTCTAGAA	+
372-ATCTTCTGGAA	HXB2_HUMAN.H11MO.0.D	4	0.000175177	0.134711	0.0672978	11	ATCTTCTGGAA	TAGAACATTCTAGAA	+
372-ATCTTCTGGAA	HSF2_HUMAN.H11MO.0.A	3	0.000428875	0.329805	0.131809	11	ATCTTCTGGAA	AGAATGTTCTAGAA	+
373-ATGACAGG	TGIF1_HUMAN.H11MO.0.A	-1	4.74401e-05	0.0364814	0.0401062	7	ATGACAGG	TGACAGC	+
373-ATGACAGG	MEIS3_HUMAN.H11MO.0.D	1	0.000110942	0.0853143	0.0401062	8	ATGACAGG	TTTGACAGGTG	+
373-ATGACAGG	TBX20_HUMAN.H11MO.0.D	5	0.000115579	0.0888802	0.0401062	8	ATGACAGG	AGGTGCTGACAGGT	+
373-ATGACAGG	TGIF2_HUMAN.H11MO.0.D	0	0.000120265	0.0924841	0.0401062	8	ATGACAGG	ATGACAGCTGT	+
373-ATGACAGG	MEIS1_HUMAN.H11MO.1.B	1	0.000130581	0.100417	0.0401062	8	ATGACAGG	GCTGACAGC	+
373-ATGACAGG	MEIS2_HUMAN.H11MO.0.B	0	0.000558463	0.429458	0.142937	8	ATGACAGG	TTGACAGCTGTCA	+
373-ATGACAGG	ZBTB4_HUMAN.H11MO.0.D	5	0.00244956	1.88371	0.483565	8	ATGACAGG	CCTAGATGGCAGGTGGG	+
373-ATGACAGG	PKNX1_HUMAN.H11MO.0.B	3	0.00251909	1.93718	0.483565	8	ATGACAGG	TGATTGACAGG	+
375-ATGCCTGC	ZN335_HUMAN.H11MO.1.A	-1	0.000252272	0.193997	0.387155	7	ATGCCTGC	TGCCTGA	+
375-ATGCCTGC	OZF_HUMAN.H11MO.0.C	5	0.000958445	0.737044	0.421726	8	ATGCCTGC	TTTTCATGGCTGCATAGTATTCCA	+
375-ATGCCTGC	ZN547_HUMAN.H11MO.0.C	2	0.00142685	1.09724	0.421726	8	ATGCCTGC	GTATGCCTGCTGCATTAGCA	-
375-ATGCCTGC	ZN335_HUMAN.H11MO.0.A	14	0.00152591	1.17343	0.421726	8	ATGCCTGC	GGCTGTCCTCGGCGCTGCCTGA	+
375-ATGCCTGC	P63_HUMAN.H11MO.1.A	4	0.00154793	1.19036	0.421726	7	ATGCCTGC	GAGCATGCCTG	+
375-ATGCCTGC	ZFP42_HUMAN.H11MO.0.A	3	0.00164879	1.26792	0.421726	8	ATGCCTGC	AAAATGGCTGCC	-
376-ATGGGGSGABG	SRBP2_HUMAN.H11MO.0.B	2	0.000397955	0.306027	0.270336	11	ATGGGGGGAGG	GGGTGGGGTGAGG	+
376-ATGGGGSGABG	ZN219_HUMAN.H11MO.0.D	0	0.000407278	0.313197	0.270336	11	ATGGGGGGAGG	GAGGGGGGCGGA	+
376-ATGGGGSGABG	ZN281_HUMAN.H11MO.0.A	1	0.000531853	0.408995	0.270336	11	ATGGGGGGAGG	GGGTGGGGGAGGGGA	+
376-ATGGGGSGABG	GLIS1_HUMAN.H11MO.0.D	2	0.00107535	0.826944	0.39614	11	ATGGGGGGAGG	TCGTGGGGGGTCT	+
376-ATGGGGSGABG	ZN148_HUMAN.H11MO.0.D	2	0.00134209	1.03207	0.39614	11	ATGGGGGGAGG	GGGGTGGGGGAGGGG	+
376-ATGGGGSGABG	ZN740_HUMAN.H11MO.0.D	2	0.00169851	1.30616	0.39614	11	ATGGGGGGAGG	GGGGGGGGGGTGGG	+
376-ATGGGGSGABG	GCM2_HUMAN.H11MO.0.D	1	0.00196029	1.50746	0.39614	10	ATGGGGGGAGG	GATGCGGGTAT	+
376-ATGGGGSGABG	SRBP1_HUMAN.H11MO.0.A	1	0.00207829	1.5982	0.39614	10	ATGGGGGGAGG	GGTGGGGTGAG	+
376-ATGGGGSGABG	GCM1_HUMAN.H11MO.0.D	3	0.00319965	2.46053	0.403122	11	ATGGGGGGAGG	CACATGCGGGTATT	+
376-ATGGGGSGABG	ZN816_HUMAN.H11MO.1.C	1	0.00319965	2.46053	0.403122	11	ATGGGGGGAGG	AAGGGGGACATGCA	+
376-ATGGGGSGABG	WT1_HUMAN.H11MO.1.B	0	0.00329207	2.5316	0.403122	11	ATGGGGGGAGG	GTGGGAGGAGG	+
376-ATGGGGSGABG	ZN263_HUMAN.H11MO.1.A	0	0.00329207	2.5316	0.403122	11	ATGGGGGGAGG	GAGGGAGGAGG	+
376-ATGGGGSGABG	E2F6_HUMAN.H11MO.0.A	0	0.00343673	2.64285	0.403122	11	ATGGGGGGAGG	GGGGCGGGAAGGG	+
376-ATGGGGSGABG	KLF12_HUMAN.H11MO.0.C	-1	0.00435881	3.35192	0.474759	10	ATGGGGGGAGG	AGGGGCGGGGC	+
376-ATGGGGSGABG	ZN816_HUMAN.H11MO.0.C	5	0.00477005	3.66817	0.484915	11	ATGGGGGGAGG	AAAAAAGGGGGACATGCAGGG	+
376-ATGGGGSGABG	TYY2_HUMAN.H11MO.0.D	3	0.00514552	3.95691	0.490392	8	ATGGGGGGAGG	AAAATGGCGGC	+
378-CACATGACC	TFE3_HUMAN.H11MO.0.B	1	1.65065e-05	0.0126935	0.0246666	9	CACATGACC	TCACGTGACC	-
378-CACATGACC	USF1_HUMAN.H11MO.0.A	3	6.38641e-05	0.0491115	0.0278038	9	CACATGACC	GGTCACGTGACC	-
378-CACATGACC	MITF_HUMAN.H11MO.0.A	1	7.4404e-05	0.0572167	0.0278038	9	CACATGACC	TCACGTGACC	+
378-CACATGACC	USF2_HUMAN.H11MO.0.A	9	7.63803e-05	0.0587364	0.0278038	9	CACATGACC	CGCCGCGGCCACGTGACCC	-
378-CACATGACC	TFEB_HUMAN.H11MO.0.C	0	9.30292e-05	0.0715394	0.0278038	9	CACATGACC	CACGTGACC	-
378-CACATGACC	ATF3_HUMAN.H11MO.0.A	2	0.000854933	0.657443	0.182511	9	CACATGACC	ATCACGTCACC	-
378-CACATGACC	BHE40_HUMAN.H11MO.0.A	2	0.00118755	0.913223	0.19718	8	CACATGACC	GGCACGTGAC	+
378-CACATGACC	MLX_HUMAN.H11MO.0.D	1	0.00133941	1.03001	0.200156	9	CACATGACC	GCACGTGATCA	-
378-CACATGACC	MYCN_HUMAN.H11MO.0.A	3	0.00192451	1.47995	0.219544	9	CACATGACC	GCCCACGTGGCC	-
378-CACATGACC	ESR2_HUMAN.H11MO.1.A	-3	0.00217323	1.67121	0.219544	6	CACATGACC	GTGACCT	-
378-CACATGACC	HEY1_HUMAN.H11MO.0.D	3	0.00217794	1.67484	0.219544	9	CACATGACC	CGACACGTGCCA	-
378-CACATGACC	COT2_HUMAN.H11MO.0.A	0	0.00218976	1.68393	0.219544	9	CACATGACC	CCTCTGACCTTTG	-
378-CACATGACC	BMAL1_HUMAN.H11MO.0.A	2	0.00220373	1.69467	0.219544	9	CACATGACC	GCCACGTGACT	+
378-CACATGACC	RARB_HUMAN.H11MO.0.D	0	0.00264443	2.03357	0.222884	9	CACATGACC	GCCCTGACCTC	-
378-CACATGACC	NF2L1_HUMAN.H11MO.0.C	-2	0.00268471	2.06454	0.222884	7	CACATGACC	AATGACT	-
378-CACATGACC	NR1H4_HUMAN.H11MO.1.B	-2	0.00311105	2.3924	0.244686	7	CACATGACC	ACTGACCT	-
378-CACATGACC	MXI1_HUMAN.H11MO.1.A	2	0.00356477	2.74131	0.266353	9	CACATGACC	CCCACGTGCTC	+
378-CACATGACC	XBP1_HUMAN.H11MO.0.D	2	0.00505701	3.88884	0.306418	9	CACATGACC	GCCACGTCAGC	-
378-CACATGACC	MYC_HUMAN.H11MO.0.A	3	0.00535552	4.1184	0.306418	8	CACATGACC	GAGCACGTGGC	-
378-CACATGACC	RXRB_HUMAN.H11MO.0.C	-2	0.00536315	4.12426	0.306418	7	CACATGACC	TGTGACCTCA	-
378-CACATGACC	BHE41_HUMAN.H11MO.0.D	7	0.00548035	4.21439	0.306418	9	CACATGACC	GCCTCTGCACGTGACCCGGT	-
378-CACATGACC	SRBP1_HUMAN.H11MO.0.A	2	0.00567017	4.36036	0.306418	9	CACATGACC	CTCACCCCACC	-
378-CACATGACC	MAX_HUMAN.H11MO.0.A	1	0.00600798	4.62014	0.306418	9	CACATGACC	CCACGTGCTC	-
378-CACATGACC	CLOCK_HUMAN.H11MO.0.C	4	0.00628855	4.8359	0.306418	9	CACATGACC	CAGACACGTGAACA	+
378-CACATGACC	RARA_HUMAN.H11MO.1.A	-1	0.00635655	4.88818	0.306418	8	CACATGACC	CCCTGACCTT	-
378-CACATGACC	RARG_HUMAN.H11MO.1.B	-3	0.00690477	5.30977	0.30719	6	CACATGACC	CTGACCTC	-
378-CACATGACC	ATF6A_HUMAN.H11MO.0.B	1	0.00707766	5.44272	0.30719	9	CACATGACC	CCACGTCACCAC	-
378-CACATGACC	ID4_HUMAN.H11MO.0.D	3	0.00710641	5.46483	0.30719	8	CACATGACC	TTACACCTGTC	-
378-CACATGACC	ERR1_HUMAN.H11MO.0.A	1	0.00719482	5.53282	0.30719	9	CACATGACC	CTGTGTGACCTTGAG	-
378-CACATGACC	ESR1_HUMAN.H11MO.1.A	-2	0.00751736	5.78085	0.312045	7	CACATGACC	GGTGACCTTG	-
378-CACATGACC	CR3L2_HUMAN.H11MO.0.D	3	0.00848316	6.52355	0.319471	9	CACATGACC	TGCCACGTCATCA	-
378-CACATGACC	MXI1_HUMAN.H11MO.0.A	1	0.00853585	6.56407	0.319471	9	CACATGACC	GCACGTGGCGGCGGG	+
378-CACATGACC	ERR2_HUMAN.H11MO.0.A	-4	0.00855139	6.57602	0.319471	5	CACATGACC	TGACCTTGA	-
378-CACATGACC	THA_HUMAN.H11MO.1.D	-3	0.00887155	6.82222	0.323348	6	CACATGACC	CTGACCTGAG	-
378-CACATGACC	HES5_HUMAN.H11MO.0.D	3	0.00934803	7.18863	0.332603	9	CACATGACC	TGGCACGTGCCG	+
378-CACATGACC	CR3L1_HUMAN.H11MO.0.D	3	0.0110293	8.48151	0.354652	8	CACATGACC	TGCCACGTGGC	-
378-CACATGACC	NR1H3_HUMAN.H11MO.1.B	-2	0.0110319	8.48351	0.354652	7	CACATGACC	TCTGACCTTT	-
378-CACATGACC	COT1_HUMAN.H11MO.1.C	-1	0.0111784	8.59618	0.354652	8	CACATGACC	CCCTGACCTCTGC	-
378-CACATGACC	NR4A2_HUMAN.H11MO.0.C	-3	0.0112789	8.67345	0.354652	6	CACATGACC	GTGACCTTT	-
378-CACATGACC	RXRA_HUMAN.H11MO.1.A	-3	0.0116441	8.95432	0.354652	6	CACATGACC	CTGACCTCTG	-
378-CACATGACC	P53_HUMAN.H11MO.0.A	1	0.0117138	9.00791	0.354652	9	CACATGACC	AGACATGCCCAGACATGCCC	+
378-CACATGACC	PPARA_HUMAN.H11MO.1.B	-3	0.0119124	9.16064	0.354652	6	CACATGACC	CTGACCTTT	-
378-CACATGACC	FIGLA_HUMAN.H11MO.0.D	2	0.0122813	9.44434	0.354652	9	CACATGACC	AACACCTGTTA	-
378-CACATGACC	P53_HUMAN.H11MO.1.A	1	0.0124602	9.58188	0.354652	9	CACATGACC	GGACATGCCTGGG	+
378-CACATGACC	ERR3_HUMAN.H11MO.0.B	-4	0.0125783	9.67274	0.354652	5	CACATGACC	TGACCTTGA	-
378-CACATGACC	RXRG_HUMAN.H11MO.0.B	-3	0.0131502	10.1125	0.356754	6	CACATGACC	GTGACCTTTGACC	-
378-CACATGACC	HES7_HUMAN.H11MO.0.D	3	0.0136547	10.5004	0.356754	9	CACATGACC	CGGCACGTGCCA	-
378-CACATGACC	RARA_HUMAN.H11MO.2.A	7	0.0140853	10.8316	0.356754	9	CACATGACC	TGACCTCTCGGTGACCT	-
378-CACATGACC	COT2_HUMAN.H11MO.1.A	-1	0.0140853	10.8316	0.356754	8	CACATGACC	CCCTGACCTTTGACCCC	-
378-CACATGACC	TWST1_HUMAN.H11MO.1.A	2	0.0152078	11.6948	0.372557	8	CACATGACC	ACCAGATGTG	-
378-CACATGACC	THB_HUMAN.H11MO.1.D	-4	0.0160311	12.3279	0.381262	5	CACATGACC	TGACCTGACC	-
378-CACATGACC	CREB3_HUMAN.H11MO.0.D	3	0.0162731	12.514	0.381262	9	CACATGACC	TGCCACGTCACCA	-
378-CACATGACC	SNAI1_HUMAN.H11MO.0.C	1	0.0163504	12.5735	0.381262	7	CACATGACC	CCACCTGG	-
378-CACATGACC	COT1_HUMAN.H11MO.0.C	-1	0.0165837	12.7529	0.381262	8	CACATGACC	CCCTGACCTCTGACCCC	-
378-CACATGACC	IRX2_HUMAN.H11MO.0.D	2	0.0178181	13.7021	0.403433	9	CACATGACC	CCAACATGCCCACCCATGT	-
378-CACATGACC	NR1I3_HUMAN.H11MO.0.C	7	0.0182183	14.0099	0.406086	9	CACATGACC	CTGAACTTTCCTGACCCC	-
378-CACATGACC	NKX23_HUMAN.H11MO.0.D	3	0.0187244	14.3991	0.406086	8	CACATGACC	AACCACTTAAC	-
378-CACATGACC	NR4A3_HUMAN.H11MO.0.D	-3	0.0187505	14.4191	0.406086	6	CACATGACC	CTGACCTTTG	-
378-CACATGACC	ZN816_HUMAN.H11MO.1.C	0	0.0198981	15.3016	0.418801	9	CACATGACC	TGCATGTCCCCCTT	-
378-CACATGACC	NR1D1_HUMAN.H11MO.1.D	-2	0.0198981	15.3016	0.418801	7	CACATGACC	TCTGACCTACTTTT	-
378-CACATGACC	NR1I3_HUMAN.H11MO.1.D	-3	0.0203432	15.6439	0.422223	6	CACATGACC	ATGAACTT	-
378-CACATGACC	MTF1_HUMAN.H11MO.0.C	6	0.0228226	17.5506	0.446623	9	CACATGACC	GTTTTGCACACGGCACT	-
378-CACATGACC	ZN816_HUMAN.H11MO.0.C	3	0.0231057	17.7683	0.446623	9	CACATGACC	CCCTGCATGTCCCCCTTTTTT	-
378-CACATGACC	NR6A1_HUMAN.H11MO.0.B	2	0.0234136	18.005	0.446623	9	CACATGACC	TGACCTTGAACTT	-
378-CACATGACC	RORA_HUMAN.H11MO.0.C	-1	0.0234136	18.005	0.446623	8	CACATGACC	CCCTGACCTAGTT	-
378-CACATGACC	VDR_HUMAN.H11MO.1.A	-3	0.0237057	18.2297	0.446623	6	CACATGACC	CTGAACCCA	-
378-CACATGACC	IRX3_HUMAN.H11MO.0.D	2	0.0241924	18.604	0.446623	9	CACATGACC	ATTACATGAAA	-
378-CACATGACC	P73_HUMAN.H11MO.1.A	1	0.0242087	18.6165	0.446623	9	CACATGACC	GAACATGCCTGG	+
378-CACATGACC	MESP1_HUMAN.H11MO.0.D	4	0.0254456	19.5676	0.450481	7	CACATGACC	TCCACACCTGC	-
378-CACATGACC	SNAI2_HUMAN.H11MO.0.A	2	0.0254849	19.5979	0.450481	8	CACATGACC	TGCACCTGCC	-
378-CACATGACC	TEF_HUMAN.H11MO.0.D	4	0.0257504	19.8021	0.450481	9	CACATGACC	CATTTACATAAACA	-
378-CACATGACC	NR2C1_HUMAN.H11MO.0.C	-3	0.0259251	19.9364	0.450481	6	CACATGACC	CTGACCTCTGGCC	-
378-CACATGACC	ESR1_HUMAN.H11MO.0.A	5	0.0264158	20.3138	0.453732	9	CACATGACC	AGGTCACCCTGACCT	+
378-CACATGACC	P63_HUMAN.H11MO.1.A	1	0.0281294	21.6315	0.477675	9	CACATGACC	GAGCATGCCTG	+
378-CACATGACC	NR1I2_HUMAN.H11MO.1.D	-3	0.02948	22.6701	0.480433	6	CACATGACC	GTGAACTT	-
378-CACATGACC	HEY2_HUMAN.H11MO.0.D	5	0.0295642	22.7349	0.480433	9	CACATGACC	GGGGGCACGTGGCATTA	+
378-CACATGACC	NFIL3_HUMAN.H11MO.0.D	2	0.029565	22.7355	0.480433	9	CACATGACC	ATTACATAACT	-
378-CACATGACC	HES1_HUMAN.H11MO.0.D	4	0.0301512	23.1862	0.480433	9	CACATGACC	CCGCCACGAGCCC	+
378-CACATGACC	NFE2_HUMAN.H11MO.0.A	-1	0.0301512	23.1862	0.480433	8	CACATGACC	GCATGACTCAGCA	+
378-CACATGACC	P73_HUMAN.H11MO.0.A	1	0.030243	23.2569	0.480433	9	CACATGACC	AGACATGCCCAGACATGCC	+
378-CACATGACC	ZEB1_HUMAN.H11MO.0.A	2	0.0311226	23.9333	0.484462	8	CACATGACC	CTCACCTGTC	-
378-CACATGACC	EPAS1_HUMAN.H11MO.0.B	1	0.0321048	24.6886	0.493543	8	CACATGACC	GTACGTGCC	+
379-CACCCTCAG	ZSC22_HUMAN.H11MO.0.C	4	0.000319147	0.245424	0.357244	9	CACCCTCAG	CCTCCTCCCTCAGACC	-
379-CACCCTCAG	KLF8_HUMAN.H11MO.0.C	0	0.000464557	0.357244	0.357244	9	CACCCTCAG	CACCCCCTG	-
379-CACCCTCAG	ZN423_HUMAN.H11MO.0.D	1	0.000798077	0.613721	0.409148	9	CACCCTCAG	GCACCCTTGGGTGCC	-
380-CACGCCCCTTCCK	KLF9_HUMAN.H11MO.0.C	3	1.9292e-05	0.0148356	0.0289183	12	CACGCCCCTTCCG	GGCCACGCCCCCTCC	-
380-CACGCCCCTTCCK	KLF14_HUMAN.H11MO.0.D	2	7.81373e-05	0.0600876	0.0585631	11	CACGCCCCTTCCG	GCCACGCCCCCCT	-
380-CACGCCCCTTCCK	TBX1_HUMAN.H11MO.0.D	3	0.000271838	0.209043	0.135827	13	CACGCCCCTTCCG	CCGCCCACCCCTGCCCACCC	-
380-CACGCCCCTTCCK	KLF12_HUMAN.H11MO.0.C	2	0.000761425	0.585536	0.28534	9	CACGCCCCTTCCG	GCCCCGCCCCT	-
380-CACGCCCCTTCCK	SP4_HUMAN.H11MO.1.A	4	0.00117286	0.901926	0.313626	12	CACGCCCCTTCCG	CGGCCCCGCCCCCTCC	-
380-CACGCCCCTTCCK	MAZ_HUMAN.H11MO.1.A	-3	0.0013752	1.05753	0.313626	10	CACGCCCCTTCCG	CCCCCTCCCTC	-
380-CACGCCCCTTCCK	KLF13_HUMAN.H11MO.0.D	0	0.00173192	1.33185	0.313626	11	CACGCCCCTTCCG	CACGCCCCCCT	-
380-CACGCCCCTTCCK	PATZ1_HUMAN.H11MO.1.C	-4	0.00200715	1.5435	0.313626	9	CACGCCCCTTCCG	CCCCTCCCT	-
380-CACGCCCCTTCCK	SP1_HUMAN.H11MO.1.A	4	0.0020966	1.61228	0.313626	10	CACGCCCCTTCCG	CGGCCCCGCCCCCC	-
380-CACGCCCCTTCCK	KLF3_HUMAN.H11MO.0.B	6	0.00231717	1.7819	0.313626	13	CACGCCCCTTCCG	CCCGGCCCCGCCCCTCCCC	-
380-CACGCCCCTTCCK	KLF5_HUMAN.H11MO.0.A	1	0.00288081	2.21534	0.313626	13	CACGCCCCTTCCG	CCCAGCCCCACCCT	-
380-CACGCCCCTTCCK	SP3_HUMAN.H11MO.0.B	7	0.00318891	2.45227	0.313626	13	CACGCCCCTTCCG	CCCCGGCCCCGCCCCCCCCC	-
380-CACGCCCCTTCCK	HIF1A_HUMAN.H11MO.0.C	1	0.0038865	2.98871	0.313626	7	CACGCCCCTTCCG	GCACGTCC	-
380-CACGCCCCTTCCK	FLI1_HUMAN.H11MO.0.A	-1	0.00389722	2.99696	0.313626	12	CACGCCCCTTCCG	TCCCTCCTTCCTTCCTCC	-
380-CACGCCCCTTCCK	ZN467_HUMAN.H11MO.0.C	9	0.00402965	3.0988	0.313626	13	CACGCCCCTTCCG	CCCCCCCCCCCCTCCCCTCCCC	-
380-CACGCCCCTTCCK	KLF4_HUMAN.H11MO.0.A	2	0.00406355	3.12487	0.313626	8	CACGCCCCTTCCG	GCCACACCCT	-
380-CACGCCCCTTCCK	SP2_HUMAN.H11MO.0.A	8	0.00424756	3.26637	0.313626	13	CACGCCCCTTCCG	CCCCCGGCCCCGCCCCCCCCCC	-
380-CACGCCCCTTCCK	AHR_HUMAN.H11MO.0.B	1	0.00444444	3.41777	0.313626	8	CACGCCCCTTCCG	GCACGCAAC	-
380-CACGCCCCTTCCK	PATZ1_HUMAN.H11MO.0.C	8	0.00447642	3.44237	0.313626	13	CACGCCCCTTCCG	CCTCCCCCCCCGCCCCCTCCCC	-
380-CACGCCCCTTCCK	ELF2_HUMAN.H11MO.0.C	-4	0.00458021	3.52218	0.313626	9	CACGCCCCTTCCG	CCACTTCCGGGTT	-
380-CACGCCCCTTCCK	ZN281_HUMAN.H11MO.0.A	2	0.00459988	3.53731	0.313626	13	CACGCCCCTTCCG	TCCCCTCCCCCACCC	-
380-CACGCCCCTTCCK	KLF1_HUMAN.H11MO.0.A	1	0.00482585	3.71108	0.313626	13	CACGCCCCTTCCG	CCCGGCCCCGCCCC	-
380-CACGCCCCTTCCK	SP4_HUMAN.H11MO.0.A	6	0.00510779	3.92789	0.313626	13	CACGCCCCTTCCG	CCCGGCCCCGCCCCCTTCCC	-
380-CACGCCCCTTCCK	HES5_HUMAN.H11MO.0.D	3	0.00520351	4.0015	0.313626	9	CACGCCCCTTCCG	CGGCACGTGCCA	-
380-CACGCCCCTTCCK	ZN784_HUMAN.H11MO.0.D	-3	0.00523066	4.02238	0.313626	10	CACGCCCCTTCCG	GTACCTACCTC	-
380-CACGCCCCTTCCK	SP1_HUMAN.H11MO.0.A	7	0.00551188	4.23863	0.317777	13	CACGCCCCTTCCG	CCCCCCCCCGGCCCCGCCCCCC	-
380-CACGCCCCTTCCK	MAZ_HUMAN.H11MO.0.A	7	0.00610951	4.69821	0.318877	13	CACGCCCCTTCCG	CCCCCCCCCCCCCCCCTCCCCC	-
380-CACGCCCCTTCCK	ELK1_HUMAN.H11MO.0.B	-4	0.00613275	4.71609	0.318877	9	CACGCCCCTTCCG	CCACTTCCGGT	-
380-CACGCCCCTTCCK	WT1_HUMAN.H11MO.0.C	2	0.00626784	4.81997	0.318877	13	CACGCCCCTTCCG	CCCCCCCTCCTCCCCCGCCC	-
380-CACGCCCCTTCCK	HES7_HUMAN.H11MO.0.D	3	0.00638188	4.90766	0.318877	9	CACGCCCCTTCCG	TGGCACGTGCCG	+
380-CACGCCCCTTCCK	SP2_HUMAN.H11MO.1.B	2	0.00671318	5.16244	0.319117	10	CACGCCCCTTCCG	GCCCCGCCCCCT	-
380-CACGCCCCTTCCK	EGR4_HUMAN.H11MO.0.D	-4	0.00681246	5.23878	0.319117	9	CACGCCCCTTCCG	GCCCTGCCGCC	-
380-CACGCCCCTTCCK	ZBT7A_HUMAN.H11MO.0.A	-1	0.0079459	6.11039	0.328706	9	CACGCCCCTTCCG	GAGACCCCC	-
380-CACGCCCCTTCCK	ETS1_HUMAN.H11MO.0.A	-4	0.00795381	6.11648	0.328706	9	CACGCCCCTTCCG	CCACTTCCTGTCT	-
380-CACGCCCCTTCCK	ETV1_HUMAN.H11MO.0.A	-5	0.00883002	6.79029	0.328706	8	CACGCCCCTTCCG	CACTTCCGGCC	-
380-CACGCCCCTTCCK	ELF1_HUMAN.H11MO.0.A	-4	0.00920274	7.07691	0.328706	9	CACGCCCCTTCCG	CCACTTCCGGGTTC	-
380-CACGCCCCTTCCK	ARNT_HUMAN.H11MO.0.B	2	0.00941188	7.23774	0.328706	7	CACGCCCCTTCCG	GGCACGTAC	-
380-CACGCCCCTTCCK	ATF6A_HUMAN.H11MO.0.B	1	0.00952212	7.32251	0.328706	11	CACGCCCCTTCCG	CCACGTCACCAC	-
380-CACGCCCCTTCCK	KLF16_HUMAN.H11MO.0.D	5	0.00980223	7.53791	0.328706	13	CACGCCCCTTCCG	CCCCCCCCCCCCCGCCCCC	-
380-CACGCCCCTTCCK	HEY2_HUMAN.H11MO.0.D	6	0.00986458	7.58586	0.328706	11	CACGCCCCTTCCG	TAATGCCACGTGCCCCC	-
380-CACGCCCCTTCCK	MTF1_HUMAN.H11MO.0.C	8	0.00986458	7.58586	0.328706	9	CACGCCCCTTCCG	GTTTTGCACACGGCACT	-
380-CACGCCCCTTCCK	ZN219_HUMAN.H11MO.0.D	2	0.0100029	7.69222	0.328706	10	CACGCCCCTTCCG	TCCGCCCCCCTC	-
380-CACGCCCCTTCCK	P63_HUMAN.H11MO.0.A	2	0.0102937	7.91582	0.328706	13	CACGCCCCTTCCG	GGCATGTCCAGGCATGCCC	+
380-CACGCCCCTTCCK	VEZF1_HUMAN.H11MO.0.C	1	0.0106225	8.16873	0.328706	13	CACGCCCCTTCCG	CCCCTCCCCCTCCCCCCTCCCC	-
380-CACGCCCCTTCCK	KLF15_HUMAN.H11MO.0.A	6	0.0108078	8.31121	0.328706	13	CACGCCCCTTCCG	CCCCCCCCTGCTCCTCCCC	-
380-CACGCCCCTTCCK	KLF6_HUMAN.H11MO.0.A	3	0.0108078	8.31121	0.328706	13	CACGCCCCTTCCG	CCCCCGGCCCCGCCCTTCC	-
380-CACGCCCCTTCCK	TBX15_HUMAN.H11MO.0.D	2	0.0108078	8.31121	0.328706	13	CACGCCCCTTCCG	CCCCCACCCCCCCCCCCCC	-
380-CACGCCCCTTCCK	PURA_HUMAN.H11MO.0.D	5	0.010868	8.35751	0.328706	12	CACGCCCCTTCCG	CCCTGCCCCCCCCTTCC	-
380-CACGCCCCTTCCK	ZN740_HUMAN.H11MO.0.D	2	0.0111613	8.58305	0.328706	12	CACGCCCCTTCCG	CCCACCCCCCCCCC	-
380-CACGCCCCTTCCK	ERG_HUMAN.H11MO.0.A	-4	0.0111836	8.60021	0.328706	9	CACGCCCCTTCCG	CCACTTCCTGCCC	-
380-CACGCCCCTTCCK	ELK4_HUMAN.H11MO.0.A	-4	0.0121605	9.35143	0.350545	9	CACGCCCCTTCCG	CCACTTCCGGTC	-
380-CACGCCCCTTCCK	FLI1_HUMAN.H11MO.1.A	-4	0.0129103	9.92801	0.358552	9	CACGCCCCTTCCG	CCACTTCCTGCCT	-
380-CACGCCCCTTCCK	ZN148_HUMAN.H11MO.0.D	1	0.0129167	9.93292	0.358552	13	CACGCCCCTTCCG	CCCCTCCCCCACCCC	-
380-CACGCCCCTTCCK	P73_HUMAN.H11MO.0.A	3	0.0137537	10.5766	0.370628	13	CACGCCCCTTCCG	AGACATGCCCAGACATGCC	+
380-CACGCCCCTTCCK	ETV7_HUMAN.H11MO.0.D	-7	0.0138462	10.6477	0.370628	6	CACGCCCCTTCCG	CTTCCTG	-
380-CACGCCCCTTCCK	AP2D_HUMAN.H11MO.0.D	1	0.0155445	11.9537	0.406895	13	CACGCCCCTTCCG	ACGCGCCTCGGGCG	-
380-CACGCCCCTTCCK	EGR3_HUMAN.H11MO.0.D	-1	0.0161359	12.4085	0.406895	11	CACGCCCCTTCCG	ACACCCACTCT	-
380-CACGCCCCTTCCK	EPAS1_HUMAN.H11MO.0.B	2	0.0162868	12.5246	0.406895	7	CACGCCCCTTCCG	GGCACGTAC	-
380-CACGCCCCTTCCK	GABPA_HUMAN.H11MO.0.A	-4	0.0162869	12.5246	0.406895	9	CACGCCCCTTCCG	CCACTTCCGGTTCC	-
380-CACGCCCCTTCCK	SPI1_HUMAN.H11MO.0.A	-2	0.0166625	12.8135	0.409456	11	CACGCCCCTTCCG	TTTCACTTCCTCTTTTT	-
380-CACGCCCCTTCCK	ETV5_HUMAN.H11MO.0.C	-3	0.0170618	13.1205	0.412505	10	CACGCCCCTTCCG	CTCACTTCCTGCTC	-
380-CACGCCCCTTCCK	EGR1_HUMAN.H11MO.0.A	2	0.0174576	13.4249	0.415374	13	CACGCCCCTTCCG	CCCCCGCCCACGCCCTC	-
380-CACGCCCCTTCCK	SPIC_HUMAN.H11MO.0.D	-1	0.0179425	13.7978	0.420242	12	CACGCCCCTTCCG	CCTCCCCTTCCTC	-
380-CACGCCCCTTCCK	ELF5_HUMAN.H11MO.0.A	-4	0.0187694	14.4337	0.425329	9	CACGCCCCTTCCG	CCACTTCCTCCTTCC	-
380-CACGCCCCTTCCK	PROX1_HUMAN.H11MO.0.D	5	0.0191533	14.7289	0.425329	12	CACGCCCCTTCCG	CCCAACCCGCCTTACCC	-
380-CACGCCCCTTCCK	SALL4_HUMAN.H11MO.0.B	0	0.0192975	14.8398	0.425329	10	CACGCCCCTTCCG	CCCACCCTCC	-
380-CACGCCCCTTCCK	ZBT48_HUMAN.H11MO.0.C	1	0.0195784	15.0558	0.425329	11	CACGCCCCTTCCG	CACGGTCCCTAA	-
380-CACGCCCCTTCCK	VEZF1_HUMAN.H11MO.1.C	-3	0.0195784	15.0558	0.425329	10	CACGCCCCTTCCG	CCCCCTCCCCCT	-
380-CACGCCCCTTCCK	PRDM4_HUMAN.H11MO.0.D	3	0.0210037	16.1518	0.445561	13	CACGCCCCTTCCG	TTTCAAGGCCCCCCAC	-
380-CACGCCCCTTCCK	ZN263_HUMAN.H11MO.0.A	8	0.0211042	16.2292	0.445561	12	CACGCCCCTTCCG	CTCCTCCTCTCCCTCCTCCC	-
380-CACGCCCCTTCCK	XBP1_HUMAN.H11MO.0.D	2	0.0215852	16.599	0.449386	9	CACGCCCCTTCCG	GCCACGTCAGC	-
380-CACGCCCCTTCCK	ZBT14_HUMAN.H11MO.0.C	1	0.022371	17.2033	0.456439	8	CACGCCCCTTCCG	GCGCGCTCC	-
380-CACGCCCCTTCCK	EHF_HUMAN.H11MO.0.B	-3	0.022533	17.3279	0.456439	10	CACGCCCCTTCCG	GCCACTTCCTGGTTC	-
380-CACGCCCCTTCCK	IRX2_HUMAN.H11MO.0.D	4	0.0230095	17.6943	0.459878	13	CACGCCCCTTCCG	CCAACATGCCCACCCATGT	-
380-CACGCCCCTTCCK	EGR2_HUMAN.H11MO.1.A	2	0.0240704	18.5101	0.47475	13	CACGCCCCTTCCG	CCCCCGCCCACGCCCC	-
380-CACGCCCCTTCCK	ZEB1_HUMAN.H11MO.0.A	-2	0.024771	19.0489	0.476451	10	CACGCCCCTTCCG	CTCACCTGTC	-
380-CACGCCCCTTCCK	EGR2_HUMAN.H11MO.0.A	1	0.0247923	19.0653	0.476451	13	CACGCCCCTTCCG	CCCCTCCCACACCCCCCC	-
380-CACGCCCCTTCCK	ZN816_HUMAN.H11MO.1.C	2	0.0257267	19.7838	0.483071	12	CACGCCCCTTCCG	TGCATGTCCCCCTT	-
380-CACGCCCCTTCCK	REL_HUMAN.H11MO.0.B	3	0.0257962	19.8373	0.483071	12	CACGCCCCTTCCG	TGGAATTTCCCTTCA	-
380-CACGCCCCTTCCK	WT1_HUMAN.H11MO.1.B	-3	0.0261036	20.0737	0.483071	10	CACGCCCCTTCCG	CCTCCTCCCAC	-
380-CACGCCCCTTCCK	HEY1_HUMAN.H11MO.0.D	3	0.0270413	20.7947	0.494321	9	CACGCCCCTTCCG	CGACACGTGCCA	-
380-CACGCCCCTTCCK	MLXPL_HUMAN.H11MO.0.D	1	0.027595	21.2205	0.498365	13	CACGCCCCTTCCG	CCACGGCGGTGTCACATGC	-
381-CACTGGGGGSG	ZN740_HUMAN.H11MO.0.D	-1	0.000734776	0.565043	0.479972	10	CACTGGGGGCG	GGGGGGGGGGTGGG	+
381-CACTGGGGGSG	COE1_HUMAN.H11MO.0.A	3	0.000990254	0.761505	0.479972	11	CACTGGGGGCG	GGTCCCTGGGGACTT	-
381-CACTGGGGGSG	ZN281_HUMAN.H11MO.0.A	0	0.00140177	1.07796	0.479972	11	CACTGGGGGCG	GGGTGGGGGAGGGGA	+
381-CACTGGGGGSG	ZN148_HUMAN.H11MO.0.D	1	0.00148428	1.14141	0.479972	11	CACTGGGGGCG	GGGGTGGGGGAGGGG	+
381-CACTGGGGGSG	ZIC4_HUMAN.H11MO.0.D	1	0.00157134	1.20836	0.479972	11	CACTGGGGGCG	GCACAGCGGGGGGTC	+
381-CACTGGGGGSG	KLF13_HUMAN.H11MO.0.D	-2	0.00198814	1.52888	0.494825	9	CACTGGGGGCG	AGGGGGGCGTG	+
381-CACTGGGGGSG	KLF8_HUMAN.H11MO.0.C	-2	0.00237069	1.82306	0.494825	9	CACTGGGGGCG	CAGGGGGTG	+
381-CACTGGGGGSG	KLF14_HUMAN.H11MO.0.D	-2	0.00307442	2.36423	0.494825	9	CACTGGGGGCG	AGGGGGGCGTGGC	+
381-CACTGGGGGSG	ZN219_HUMAN.H11MO.0.D	-1	0.00387218	2.97771	0.494825	10	CACTGGGGGCG	GAGGGGGGCGGA	+
381-CACTGGGGGSG	GLIS2_HUMAN.H11MO.0.D	0	0.00397897	3.05983	0.494825	11	CACTGGGGGCG	CTTCGCGGGGGGTC	+
381-CACTGGGGGSG	CTCFL_HUMAN.H11MO.0.A	3	0.00403563	3.1034	0.494825	11	CACTGGGGGCG	GCCGCCAGGGGGCGCCG	+
381-CACTGGGGGSG	PLAL1_HUMAN.H11MO.0.D	-2	0.00441349	3.39398	0.494825	9	CACTGGGGGCG	CGGGGGGCCC	+
381-CACTGGGGGSG	KLF9_HUMAN.H11MO.0.C	-1	0.00446864	3.43638	0.494825	10	CACTGGGGGCG	GGAGGGGGCGTGGCC	+
381-CACTGGGGGSG	SP3_HUMAN.H11MO.0.B	0	0.00492964	3.79089	0.494825	11	CACTGGGGGCG	GGGGGGGGGCGGGGCCGGGG	+
381-CACTGGGGGSG	AP2C_HUMAN.H11MO.0.A	3	0.00518389	3.98641	0.494825	11	CACTGGGGGCG	ATGCCCTGAGGCCA	+
381-CACTGGGGGSG	SP1_HUMAN.H11MO.1.A	-3	0.00518389	3.98641	0.494825	8	CACTGGGGGCG	GGGGGGCGGGGCCG	+
382-CACTTGGC	CR3L1_HUMAN.H11MO.0.D	2	0.000128118	0.0985225	0.166971	8	CACTTGGC	GCCACGTGGCA	+
382-CACTTGGC	MYC_HUMAN.H11MO.0.A	3	0.000220844	0.169829	0.166971	8	CACTTGGC	GAGCACGTGGC	-
382-CACTTGGC	NFIA_HUMAN.H11MO.1.D	-2	0.000391504	0.301067	0.197334	6	CACTTGGC	CTTGGCA	+
382-CACTTGGC	MYCN_HUMAN.H11MO.0.A	3	0.000533011	0.409886	0.201494	8	CACTTGGC	GCCCACGTGGCC	-
382-CACTTGGC	BMAL1_HUMAN.H11MO.0.A	3	0.000670945	0.515957	0.20291	8	CACTTGGC	AGTCACGTGGC	-
382-CACTTGGC	HEY1_HUMAN.H11MO.0.D	3	0.00101558	0.780984	0.209198	8	CACTTGGC	TGGCACGTGTCG	+
382-CACTTGGC	MXI1_HUMAN.H11MO.0.A	1	0.00110678	0.851111	0.209198	8	CACTTGGC	GCACGTGGCGGCGGG	+
382-CACTTGGC	NKX23_HUMAN.H11MO.0.D	3	0.00144055	1.10778	0.242032	8	CACTTGGC	AACCACTTAAC	-
382-CACTTGGC	MXI1_HUMAN.H11MO.1.A	3	0.00176063	1.35392	0.250913	8	CACTTGGC	GAGCACGTGGG	-
382-CACTTGGC	USF1_HUMAN.H11MO.0.A	3	0.00214423	1.64891	0.250913	8	CACTTGGC	GGTCACGTGACC	+
382-CACTTGGC	TFE3_HUMAN.H11MO.0.B	1	0.00232526	1.78812	0.250913	8	CACTTGGC	TCACGTGACC	-
382-CACTTGGC	SNAI1_HUMAN.H11MO.0.C	1	0.00232585	1.78858	0.250913	7	CACTTGGC	CCACCTGG	-
382-CACTTGGC	ID4_HUMAN.H11MO.0.D	3	0.00260397	2.00245	0.250913	8	CACTTGGC	TTACACCTGTC	-
382-CACTTGGC	NFIC_HUMAN.H11MO.1.A	-1	0.00282088	2.16926	0.250913	7	CACTTGGC	TCTTGGCAG	+
382-CACTTGGC	MAX_HUMAN.H11MO.0.A	3	0.00319128	2.4541	0.265447	7	CACTTGGC	GAGCACGTGG	+
382-CACTTGGC	HEY2_HUMAN.H11MO.0.D	5	0.00333538	2.56491	0.265447	8	CACTTGGC	GGGGGCACGTGGCATTA	+
382-CACTTGGC	BHE40_HUMAN.H11MO.0.A	2	0.00361432	2.77941	0.273264	8	CACTTGGC	GGCACGTGAC	+
382-CACTTGGC	HES5_HUMAN.H11MO.0.D	3	0.00382486	2.94132	0.275412	8	CACTTGGC	TGGCACGTGCCG	+
382-CACTTGGC	NFIB_HUMAN.H11MO.0.D	-1	0.00435295	3.34742	0.276536	7	CACTTGGC	CCCTGGCAG	+
382-CACTTGGC	CLOCK_HUMAN.H11MO.0.C	4	0.0045608	3.50726	0.276536	8	CACTTGGC	TGTTCACGTGTCTG	-
382-CACTTGGC	BHE41_HUMAN.H11MO.0.D	7	0.00457198	3.51585	0.276536	8	CACTTGGC	GCCTCTGCACGTGACCCGGT	-
382-CACTTGGC	HES7_HUMAN.H11MO.0.D	3	0.00490395	3.77114	0.285206	8	CACTTGGC	CGGCACGTGCCA	-
382-CACTTGGC	USF2_HUMAN.H11MO.0.A	4	0.00514737	3.95832	0.286675	8	CACTTGGC	GGGTCACGTGGCCGCGGCG	+
382-CACTTGGC	XBP1_HUMAN.H11MO.0.D	3	0.0054963	4.22666	0.286675	8	CACTTGGC	GCTGACGTGGC	+
382-CACTTGGC	NKX31_HUMAN.H11MO.0.C	4	0.00588935	4.52891	0.286675	8	CACTTGGC	AAAGCACTTAAC	-
382-CACTTGGC	FIGLA_HUMAN.H11MO.0.D	2	0.00619971	4.76758	0.286675	8	CACTTGGC	AACACCTGTTA	-
382-CACTTGGC	MESP1_HUMAN.H11MO.0.D	4	0.00741415	5.70149	0.30611	7	CACTTGGC	TCCACACCTGC	-
382-CACTTGGC	TFEB_HUMAN.H11MO.0.C	0	0.00749019	5.75996	0.30611	8	CACTTGGC	CACGTGACC	-
382-CACTTGGC	MITF_HUMAN.H11MO.0.A	1	0.00792445	6.09391	0.30725	8	CACTTGGC	TCACGTGACC	+
382-CACTTGGC	ZEB1_HUMAN.H11MO.0.A	2	0.00792445	6.09391	0.30725	8	CACTTGGC	CTCACCTGTC	-
382-CACTTGGC	HES1_HUMAN.H11MO.0.D	3	0.0124567	9.57924	0.428093	8	CACTTGGC	GGGCTCGTGGCGG	-
382-CACTTGGC	SNAI2_HUMAN.H11MO.0.A	2	0.0133047	10.2313	0.447074	8	CACTTGGC	TGCACCTGCC	-
382-CACTTGGC	CR3L2_HUMAN.H11MO.0.D	4	0.0139718	10.7443	0.459284	8	CACTTGGC	TGATGACGTGGCA	+
383-CAGCMGAGCTCSMC	ZN331_HUMAN.H11MO.0.C	5	6.61145e-05	0.050842	0.101684	14	CAGCAGAGCTCCAC	CCACCCAGCTGAGCCCAGCC	-
384-CAGTTCCCC	IRF4_HUMAN.H11MO.0.A	5	0.000139481	0.107261	0.176432	9	CAGTTCCCC	AGTTTCACTTCCTCTTTT	-
384-CAGTTCCCC	SPIB_HUMAN.H11MO.0.A	3	0.000230381	0.177163	0.176432	9	CAGTTCCCC	TTTCACTTCCTCTTTTT	-
384-CAGTTCCCC	IRF8_HUMAN.H11MO.0.B	7	0.000437911	0.336753	0.192761	9	CAGTTCCCC	TTACTTTCACTTCCTCTTTT	-
384-CAGTTCCCC	SPI1_HUMAN.H11MO.0.A	3	0.000545923	0.419815	0.192761	9	CAGTTCCCC	TTTCACTTCCTCTTTTT	-
384-CAGTTCCCC	ZN816_HUMAN.H11MO.0.C	5	0.000629255	0.483897	0.192761	9	CAGTTCCCC	CCCTGCATGTCCCCCTTTTTT	-
384-CAGTTCCCC	BC11A_HUMAN.H11MO.0.A	4	0.00107832	0.82923	0.273687	9	CAGTTCCCC	TTTTCACTTCCTCTTTT	-
384-CAGTTCCCC	ZN816_HUMAN.H11MO.1.C	2	0.00125081	0.961871	0.273687	9	CAGTTCCCC	TGCATGTCCCCCTT	-
384-CAGTTCCCC	ZN143_HUMAN.H11MO.0.A	6	0.00213328	1.6405	0.408433	9	CAGTTCCCC	GAACTACAATTCCCAGAATGCC	-
384-CAGTTCCCC	ZN140_HUMAN.H11MO.0.C	10	0.00242528	1.86504	0.412744	9	CAGTTCCCC	TATGACCCAGCAATTCCGCTCCTA	+
384-CAGTTCCCC	THA11_HUMAN.H11MO.0.B	6	0.00354855	2.72884	0.494107	9	CAGTTCCCC	GAACTACAACTCCCAGCATGCC	-
384-CAGTTCCCC	ZNF76_HUMAN.H11MO.0.C	4	0.00354855	2.72884	0.494107	9	CAGTTCCCC	ACTACAATTCCCAGAATGCCCC	-
385-CCACGGCCGCC	KLF14_HUMAN.H11MO.0.D	1	0.000134061	0.103093	0.20226	11	CCACGGCCGCC	GCCACGCCCCCCT	-
385-CCACGGCCGCC	XBP1_HUMAN.H11MO.0.D	1	0.000444761	0.342021	0.240277	10	CCACGGCCGCC	GCCACGTCAGC	-
385-CCACGGCCGCC	ZN770_HUMAN.H11MO.0.C	10	0.000627033	0.482189	0.240277	11	CCACGGCCGCC	GATCCTCCCGCCTCAGCCTCCC	-
385-CCACGGCCGCC	EGR4_HUMAN.H11MO.0.D	0	0.000637037	0.489881	0.240277	11	CCACGGCCGCC	GCCCTGCCGCC	-
385-CCACGGCCGCC	KLF9_HUMAN.H11MO.0.C	2	0.00100079	0.769611	0.266636	11	CCACGGCCGCC	GGCCACGCCCCCTCC	-
385-CCACGGCCGCC	ATF6A_HUMAN.H11MO.0.B	0	0.00106038	0.815433	0.266636	11	CCACGGCCGCC	CCACGTCACCAC	-
385-CCACGGCCGCC	ZN770_HUMAN.H11MO.1.C	-1	0.00179262	1.37853	0.36753	10	CCACGGCCGCC	CTCAGCCTCCC	-
385-CCACGGCCGCC	TAF1_HUMAN.H11MO.0.A	0	0.00194884	1.49865	0.36753	11	CCACGGCCGCC	CCGCCGCCGCCATCTT	-
385-CCACGGCCGCC	HINFP_HUMAN.H11MO.0.C	0	0.00243302	1.87099	0.40786	11	CCACGGCCGCC	TAACGTCCGCTAGCGC	-
385-CCACGGCCGCC	SP1_HUMAN.H11MO.1.A	3	0.00336098	2.5846	0.48619	11	CCACGGCCGCC	CGGCCCCGCCCCCC	-
385-CCACGGCCGCC	PRDM4_HUMAN.H11MO.0.D	2	0.003756	2.88836	0.48619	11	CCACGGCCGCC	TTTCAAGGCCCCCCAC	-
385-CCACGGCCGCC	MYBA_HUMAN.H11MO.0.D	4	0.00444883	3.42115	0.48619	11	CCACGGCCGCC	TCTCCAACTGCCACT	-
385-CCACGGCCGCC	RFX2_HUMAN.H11MO.1.A	0	0.00540423	4.15586	0.48619	11	CCACGGCCGCC	CCATGGCAACCG	-
385-CCACGGCCGCC	RFX4_HUMAN.H11MO.0.D	4	0.00607874	4.67455	0.48619	11	CCACGGCCGCC	GTTACCATGGCAACG	-
385-CCACGGCCGCC	AP2D_HUMAN.H11MO.0.D	5	0.00629053	4.83742	0.48619	9	CCACGGCCGCC	ACGCGCCTCGGGCG	-
385-CCACGGCCGCC	KLF13_HUMAN.H11MO.0.D	-1	0.00648238	4.98495	0.48619	10	CCACGGCCGCC	CACGCCCCCCT	-
385-CCACGGCCGCC	ZFX_HUMAN.H11MO.1.A	0	0.00651063	5.00667	0.48619	11	CCACGGCCGCC	CCCCGGCCTCCGCCCCC	-
385-CCACGGCCGCC	TBX1_HUMAN.H11MO.0.D	4	0.006841	5.26073	0.48619	11	CCACGGCCGCC	CCGCCCACCCCTGCCCACCC	-
385-CCACGGCCGCC	RFX2_HUMAN.H11MO.0.A	6	0.00692776	5.32745	0.48619	11	CCACGGCCGCC	CCGTTGCCATGGCAACCG	-
385-CCACGGCCGCC	PLAL1_HUMAN.H11MO.0.D	-3	0.00721442	5.54789	0.48619	8	CCACGGCCGCC	GGGCCCCCCG	-
385-CCACGGCCGCC	HEY2_HUMAN.H11MO.0.D	5	0.00759643	5.84166	0.48619	11	CCACGGCCGCC	TAATGCCACGTGCCCCC	-
385-CCACGGCCGCC	KLF12_HUMAN.H11MO.0.C	1	0.00795046	6.1139	0.48619	10	CCACGGCCGCC	GCCCCGCCCCT	-
385-CCACGGCCGCC	AP2B_HUMAN.H11MO.0.B	2	0.0080132	6.16215	0.48619	8	CCACGGCCGCC	GCCCCCGGGC	-
385-CCACGGCCGCC	SP1_HUMAN.H11MO.0.A	11	0.00805635	6.19533	0.48619	11	CCACGGCCGCC	CCCCCCCCCGGCCCCGCCCCCC	-
385-CCACGGCCGCC	SP2_HUMAN.H11MO.0.A	3	0.00805635	6.19533	0.48619	11	CCACGGCCGCC	CCCCCGGCCCCGCCCCCCCCCC	-
385-CCACGGCCGCC	KLF4_HUMAN.H11MO.0.A	1	0.00844256	6.49233	0.489901	9	CCACGGCCGCC	GCCACACCCT	-
385-CCACGGCCGCC	ARNT2_HUMAN.H11MO.0.D	5	0.00896922	6.89733	0.498014	7	CCACGGCCGCC	GCCTCCCACGCC	-
385-CCACGGCCGCC	PURA_HUMAN.H11MO.0.D	0	0.00978561	7.52514	0.498014	11	CCACGGCCGCC	CCCTGCCCCCCCCTTCC	-
385-CCACGGCCGCC	CR3L2_HUMAN.H11MO.0.D	2	0.00988187	7.59916	0.498014	11	CCACGGCCGCC	TGCCACGTCATCA	-
385-CCACGGCCGCC	KLF16_HUMAN.H11MO.0.D	5	0.0109563	8.42542	0.499006	11	CCACGGCCGCC	CCCCCCCCCCCCCGCCCCC	-
385-CCACGGCCGCC	CREB3_HUMAN.H11MO.0.D	2	0.0114498	8.80492	0.499006	11	CCACGGCCGCC	TGCCACGTCACCA	-
385-CCACGGCCGCC	RFX1_HUMAN.H11MO.0.B	10	0.0115413	8.87523	0.499006	11	CCACGGCCGCC	GCCCCGGTTGCCATGGCGACGG	+
385-CCACGGCCGCC	ZBT7B_HUMAN.H11MO.0.D	8	0.0118138	9.08485	0.499006	11	CCACGGCCGCC	CGCCGTTGCCATGGCAACGGG	+
385-CCACGGCCGCC	RFX1_HUMAN.H11MO.1.B	0	0.0124506	9.57452	0.499006	11	CCACGGCCGCC	CCATGGCAACC	-
385-CCACGGCCGCC	STF1_HUMAN.H11MO.0.B	2	0.0124506	9.57452	0.499006	9	CCACGGCCGCC	GCTCAAGGCCA	+
385-CCACGGCCGCC	WT1_HUMAN.H11MO.0.C	2	0.0126241	9.70797	0.499006	11	CCACGGCCGCC	CCCCCCCTCCTCCCCCGCCC	-
385-CCACGGCCGCC	RFX3_HUMAN.H11MO.0.B	3	0.0139242	10.7077	0.499006	11	CCACGGCCGCC	TTACCATGGCAACC	-
385-CCACGGCCGCC	KLF3_HUMAN.H11MO.0.B	5	0.0140484	10.8032	0.499006	11	CCACGGCCGCC	CCCGGCCCCGCCCCTCCCC	-
385-CCACGGCCGCC	ZBTB4_HUMAN.H11MO.1.D	0	0.0141933	10.9147	0.499006	11	CCACGGCCGCC	CCACCACCGCTATTG	-
385-CCACGGCCGCC	ZN563_HUMAN.H11MO.1.C	-1	0.0146202	11.2429	0.499006	10	CCACGGCCGCC	CTGTGCTGCCTG	-
385-CCACGGCCGCC	TYY2_HUMAN.H11MO.0.D	-5	0.0151246	11.6308	0.499006	6	CCACGGCCGCC	GCCGCCATTTT	-
385-CCACGGCCGCC	HTF4_HUMAN.H11MO.0.A	-1	0.0155448	11.954	0.499006	10	CCACGGCCGCC	CACAGCTGCA	-
385-CCACGGCCGCC	TYY1_HUMAN.H11MO.0.A	-5	0.0160858	12.37	0.499006	6	CCACGGCCGCC	GCCGCCATCTTG	-
385-CCACGGCCGCC	KLF15_HUMAN.H11MO.0.A	6	0.01627	12.5116	0.499006	11	CCACGGCCGCC	CCCCCCCCTGCTCCTCCCC	-
385-CCACGGCCGCC	TBX15_HUMAN.H11MO.0.D	3	0.01627	12.5116	0.499006	11	CCACGGCCGCC	CCCCCACCCCCCCCCCCCC	-
385-CCACGGCCGCC	ITF2_HUMAN.H11MO.0.C	-1	0.016335	12.5616	0.499006	10	CCACGGCCGCC	CCCAGCTGCC	-
385-CCACGGCCGCC	ZF64A_HUMAN.H11MO.0.D	6	0.016342	12.567	0.499006	10	CCACGGCCGCC	CAGGTTCCCGGGCCCC	-
385-CCACGGCCGCC	ZFP42_HUMAN.H11MO.0.A	1	0.0168682	12.9716	0.499006	11	CCACGGCCGCC	AAAATGGCTGCC	-
387-CCACTCCCGGCACGC	THA11_HUMAN.H11MO.0.B	6	5.07439e-05	0.0390221	0.0766103	15	CCACTCCCGGCACGC	GAACTACAACTCCCAGCATGCC	-
387-CCACTCCCGGCACGC	ZNF76_HUMAN.H11MO.0.C	4	0.000142407	0.109511	0.0836453	15	CCACTCCCGGCACGC	ACTACAATTCCCAGAATGCCCC	-
387-CCACTCCCGGCACGC	ELK1_HUMAN.H11MO.0.B	0	0.000173054	0.133079	0.0836453	11	CCACTCCCGGCACGC	CCACTTCCGGT	-
387-CCACTCCCGGCACGC	ZN143_HUMAN.H11MO.0.A	6	0.000221615	0.170422	0.0836453	15	CCACTCCCGGCACGC	GAACTACAATTCCCAGAATGCC	-
387-CCACTCCCGGCACGC	ELK4_HUMAN.H11MO.0.A	0	0.000417351	0.320943	0.123266	12	CCACTCCCGGCACGC	CCACTTCCGGTC	-
387-CCACTCCCGGCACGC	KLF16_HUMAN.H11MO.0.D	0	0.000509095	0.391494	0.123266	15	CCACTCCCGGCACGC	CCCCCCCCCCCCCGCCCCC	-
387-CCACTCCCGGCACGC	GABPA_HUMAN.H11MO.0.A	0	0.000571527	0.439504	0.123266	14	CCACTCCCGGCACGC	CCACTTCCGGTTCC	-
387-CCACTCCCGGCACGC	KLF8_HUMAN.H11MO.0.C	-1	0.000689469	0.530202	0.123677	9	CCACTCCCGGCACGC	CACCCCCTG	-
387-CCACTCCCGGCACGC	PATZ1_HUMAN.H11MO.1.C	0	0.000737276	0.566965	0.123677	9	CCACTCCCGGCACGC	CCCCTCCCT	-
387-CCACTCCCGGCACGC	ELF2_HUMAN.H11MO.0.C	0	0.0010917	0.839516	0.164818	13	CCACTCCCGGCACGC	CCACTTCCGGGTT	-
387-CCACTCCCGGCACGC	ETV1_HUMAN.H11MO.0.A	-1	0.00129004	0.992038	0.177057	11	CCACTCCCGGCACGC	CACTTCCGGCC	-
387-CCACTCCCGGCACGC	ELF1_HUMAN.H11MO.0.A	0	0.0017669	1.35875	0.221849	14	CCACTCCCGGCACGC	CCACTTCCGGGTTC	-
387-CCACTCCCGGCACGC	ETS1_HUMAN.H11MO.0.A	0	0.00203643	1.56601	0.221849	13	CCACTCCCGGCACGC	CCACTTCCTGTCT	-
387-CCACTCCCGGCACGC	KLF4_HUMAN.H11MO.0.A	1	0.00205723	1.58201	0.221849	9	CCACTCCCGGCACGC	GCCACACCCT	-
387-CCACTCCCGGCACGC	E2F1_HUMAN.H11MO.0.A	-1	0.00349478	2.68748	0.351748	14	CCACTCCCGGCACGC	CTTTCCCGCCCCCC	-
387-CCACTCCCGGCACGC	E2F6_HUMAN.H11MO.0.A	0	0.00390035	2.99937	0.362976	13	CCACTCCCGGCACGC	CCCTTCCCGCCCC	-
387-CCACTCCCGGCACGC	E2F7_HUMAN.H11MO.0.B	0	0.00409586	3.14971	0.362976	13	CCACTCCCGGCACGC	CCTTTCCCGCCCC	-
387-CCACTCCCGGCACGC	SP1_HUMAN.H11MO.0.A	2	0.0043276	3.32792	0.362976	15	CCACTCCCGGCACGC	CCCCCCCCCGGCCCCGCCCCCC	-
387-CCACTCCCGGCACGC	ZF64A_HUMAN.H11MO.0.D	1	0.00468338	3.60152	0.367209	15	CCACTCCCGGCACGC	CAGGTTCCCGGGCCCC	-
387-CCACTCCCGGCACGC	TFDP1_HUMAN.H11MO.0.C	-1	0.00486452	3.74082	0.367209	14	CCACTCCCGGCACGC	TTTTCCCGCCCCCC	-
387-CCACTCCCGGCACGC	MAZ_HUMAN.H11MO.1.A	1	0.00593249	4.56209	0.409313	10	CCACTCCCGGCACGC	CCCCCTCCCTC	-
387-CCACTCCCGGCACGC	TBX15_HUMAN.H11MO.0.D	1	0.00596451	4.58671	0.409313	15	CCACTCCCGGCACGC	CCCCCACCCCCCCCCCCCC	-
387-CCACTCCCGGCACGC	HIC2_HUMAN.H11MO.0.D	-4	0.00624685	4.80383	0.410049	11	CCACTCCCGGCACGC	GCCTGGCATGG	-
387-CCACTCCCGGCACGC	SALL4_HUMAN.H11MO.0.B	-1	0.00707366	5.43965	0.43955	10	CCACTCCCGGCACGC	CCCACCCTCC	-
387-CCACTCCCGGCACGC	E2F4_HUMAN.H11MO.0.A	-1	0.00727855	5.5972	0.43955	13	CCACTCCCGGCACGC	ATTTCCCGCCCCC	-
387-CCACTCCCGGCACGC	KLF9_HUMAN.H11MO.0.C	2	0.00873315	6.71579	0.470906	13	CCACTCCCGGCACGC	GGCCACGCCCCCTCC	-
387-CCACTCCCGGCACGC	AHR_HUMAN.H11MO.0.B	-9	0.00905699	6.96483	0.470906	6	CCACTCCCGGCACGC	GCACGCAAC	-
387-CCACTCCCGGCACGC	MECP2_HUMAN.H11MO.0.C	-4	0.00961808	7.3963	0.470906	7	CCACTCCCGGCACGC	CTCCGGG	-
387-CCACTCCCGGCACGC	KLF14_HUMAN.H11MO.0.D	1	0.00962291	7.40002	0.470906	12	CCACTCCCGGCACGC	GCCACGCCCCCCT	-
387-CCACTCCCGGCACGC	KLF3_HUMAN.H11MO.0.B	5	0.00968737	7.44959	0.470906	14	CCACTCCCGGCACGC	CCCGGCCCCGCCCCTCCCC	-
387-CCACTCCCGGCACGC	KLF12_HUMAN.H11MO.0.C	1	0.00985792	7.58074	0.470906	10	CCACTCCCGGCACGC	GCCCCGCCCCT	-
387-CCACTCCCGGCACGC	TEAD1_HUMAN.H11MO.0.A	0	0.00998115	7.67551	0.470906	12	CCACTCCCGGCACGC	ACATTCCAGCCA	+
387-CCACTCCCGGCACGC	ZN148_HUMAN.H11MO.0.D	2	0.0104027	7.9997	0.475923	13	CCACTCCCGGCACGC	CCCCTCCCCCACCCC	-
387-CCACTCCCGGCACGC	HES7_HUMAN.H11MO.0.D	-7	0.0109762	8.44073	0.479447	8	CCACTCCCGGCACGC	CGGCACGTGCCA	-
387-CCACTCCCGGCACGC	ZN219_HUMAN.H11MO.0.D	1	0.0115075	8.84925	0.479447	11	CCACTCCCGGCACGC	TCCGCCCCCCTC	-
387-CCACTCCCGGCACGC	ZN281_HUMAN.H11MO.0.A	1	0.0118449	9.10876	0.479447	14	CCACTCCCGGCACGC	TCCCCTCCCCCACCC	-
387-CCACTCCCGGCACGC	CTCFL_HUMAN.H11MO.0.A	6	0.0122506	9.42074	0.479447	11	CCACTCCCGGCACGC	CGGCGCCCCCTGGCGGC	-
387-CCACTCCCGGCACGC	TBX1_HUMAN.H11MO.0.D	4	0.0125584	9.65738	0.479447	15	CCACTCCCGGCACGC	CCGCCCACCCCTGCCCACCC	-
387-CCACTCCCGGCACGC	ZN436_HUMAN.H11MO.0.C	1	0.0127196	9.78135	0.479447	15	CCACTCCCGGCACGC	CCTCCTCCAGGAAGCCTTCCCTGA	-
387-CCACTCCCGGCACGC	STAT3_HUMAN.H11MO.0.A	0	0.0132471	10.187	0.479447	12	CCACTCCCGGCACGC	CATTTCCCGGAA	+
387-CCACTCCCGGCACGC	ZSC22_HUMAN.H11MO.0.C	0	0.0134282	10.3263	0.479447	15	CCACTCCCGGCACGC	CCTCCTCCCTCAGACC	-
387-CCACTCCCGGCACGC	SP2_HUMAN.H11MO.0.A	3	0.0149677	11.5102	0.479447	15	CCACTCCCGGCACGC	CCCCCGGCCCCGCCCCCCCCCC	-
387-CCACTCCCGGCACGC	NKX21_HUMAN.H11MO.0.A	1	0.0154547	11.8846	0.479447	9	CCACTCCCGGCACGC	GCCACTCAAG	-
387-CCACTCCCGGCACGC	KLF15_HUMAN.H11MO.0.A	0	0.0154826	11.9061	0.479447	15	CCACTCCCGGCACGC	CCCCCCCCTGCTCCTCCCC	-
387-CCACTCCCGGCACGC	VEZF1_HUMAN.H11MO.0.C	6	0.0156149	12.0079	0.479447	15	CCACTCCCGGCACGC	CCCCTCCCCCTCCCCCCTCCCC	-
387-CCACTCCCGGCACGC	KLF5_HUMAN.H11MO.0.A	5	0.0156517	12.0361	0.479447	9	CCACTCCCGGCACGC	CCCAGCCCCACCCT	-
387-CCACTCCCGGCACGC	NKX25_HUMAN.H11MO.0.B	0	0.015768	12.1256	0.479447	8	CCACTCCCGGCACGC	CCTCTCCA	-
387-CCACTCCCGGCACGC	ERG_HUMAN.H11MO.0.A	0	0.0158268	12.1708	0.479447	13	CCACTCCCGGCACGC	CCACTTCCTGCCC	-
387-CCACTCCCGGCACGC	WT1_HUMAN.H11MO.1.B	1	0.0160756	12.3621	0.479447	10	CCACTCCCGGCACGC	CCTCCTCCCAC	-
387-CCACTCCCGGCACGC	TEAD4_HUMAN.H11MO.0.A	0	0.0165439	12.7222	0.479447	13	CCACTCCCGGCACGC	ACATTCCTGGCAT	+
387-CCACTCCCGGCACGC	GLIS1_HUMAN.H11MO.0.D	-2	0.0165439	12.7222	0.479447	13	CCACTCCCGGCACGC	AGACCCCCCACGA	-
387-CCACTCCCGGCACGC	P63_HUMAN.H11MO.0.A	2	0.0168311	12.9431	0.479447	15	CCACTCCCGGCACGC	GGCATGTCCAGGCATGCCC	+
390-CCTCTCCCGCCC	E2F6_HUMAN.H11MO.0.A	0	5.68103e-06	0.00436871	0.00845842	12	CCTCTCCCGCCC	CCCTTCCCGCCCC	-
390-CCTCTCCCGCCC	E2F1_HUMAN.H11MO.0.A	-1	3.59817e-05	0.0276699	0.0140156	11	CCTCTCCCGCCC	CTTTCCCGCCCCCC	-
390-CCTCTCCCGCCC	E2F7_HUMAN.H11MO.0.B	0	3.64167e-05	0.0280044	0.0140156	12	CCTCTCCCGCCC	CCTTTCCCGCCCC	-
390-CCTCTCCCGCCC	TFDP1_HUMAN.H11MO.0.C	-1	4.67763e-05	0.0359709	0.0140156	11	CCTCTCCCGCCC	TTTTCCCGCCCCCC	-
390-CCTCTCCCGCCC	KLF16_HUMAN.H11MO.0.D	5	4.70673e-05	0.0361947	0.0140156	12	CCTCTCCCGCCC	CCCCCCCCCCCCCGCCCCC	-
390-CCTCTCCCGCCC	E2F4_HUMAN.H11MO.0.A	-1	5.73868e-05	0.0441304	0.0142404	11	CCTCTCCCGCCC	ATTTCCCGCCCCC	-
390-CCTCTCCCGCCC	ZN281_HUMAN.H11MO.0.A	3	6.76392e-05	0.0520146	0.0143868	12	CCTCTCCCGCCC	TCCCCTCCCCCACCC	-
390-CCTCTCCCGCCC	WT1_HUMAN.H11MO.0.C	8	0.000108075	0.0831098	0.0170466	12	CCTCTCCCGCCC	CCCCCCCTCCTCCCCCGCCC	-
390-CCTCTCCCGCCC	ZN148_HUMAN.H11MO.0.D	2	0.00011233	0.0863821	0.0170466	12	CCTCTCCCGCCC	CCCCTCCCCCACCCC	-
390-CCTCTCCCGCCC	E2F3_HUMAN.H11MO.0.A	-2	0.000114492	0.0880445	0.0170466	10	CCTCTCCCGCCC	TTTCCCGCCCT	-
390-CCTCTCCCGCCC	SP2_HUMAN.H11MO.0.A	3	0.000333039	0.256107	0.0419746	12	CCTCTCCCGCCC	CCCCCGGCCCCGCCCCCCCCCC	-
390-CCTCTCCCGCCC	PATZ1_HUMAN.H11MO.1.C	0	0.000338303	0.260155	0.0419746	9	CCTCTCCCGCCC	CCCCTCCCT	-
390-CCTCTCCCGCCC	TBX1_HUMAN.H11MO.0.D	4	0.000374306	0.287841	0.0428692	12	CCTCTCCCGCCC	CCGCCCACCCCTGCCCACCC	-
390-CCTCTCCCGCCC	SP1_HUMAN.H11MO.0.A	7	0.000507443	0.390224	0.0532238	12	CCTCTCCCGCCC	CCCCCCCCCGGCCCCGCCCCCC	-
390-CCTCTCCCGCCC	SP1_HUMAN.H11MO.1.A	-1	0.00053785	0.413607	0.0532238	11	CCTCTCCCGCCC	CGGCCCCGCCCCCC	-
390-CCTCTCCCGCCC	SP3_HUMAN.H11MO.0.B	2	0.000601002	0.46217	0.0532238	12	CCTCTCCCGCCC	CCCCGGCCCCGCCCCCCCCC	-
390-CCTCTCCCGCCC	MAZ_HUMAN.H11MO.0.A	8	0.000642595	0.494155	0.0532238	12	CCTCTCCCGCCC	CCCCCCCCCCCCCCCCTCCCCC	-
390-CCTCTCCCGCCC	ZBT17_HUMAN.H11MO.0.A	5	0.000643452	0.494815	0.0532238	12	CCTCTCCCGCCC	CTTCCCCTCCCCCACCCTC	-
390-CCTCTCCCGCCC	TBX15_HUMAN.H11MO.0.D	1	0.000764836	0.588159	0.0599346	12	CCTCTCCCGCCC	CCCCCACCCCCCCCCCCCC	-
390-CCTCTCCCGCCC	E2F4_HUMAN.H11MO.1.A	3	0.000892967	0.686692	0.0618688	11	CCTCTCCCGCCC	TCAAATTTCCCGCC	-
390-CCTCTCCCGCCC	MAZ_HUMAN.H11MO.1.A	1	0.00092023	0.707657	0.0618688	10	CCTCTCCCGCCC	CCCCCTCCCTC	-
390-CCTCTCCCGCCC	KLF6_HUMAN.H11MO.0.A	3	0.000960402	0.73855	0.0618688	12	CCTCTCCCGCCC	CCCCCGGCCCCGCCCTTCC	-
390-CCTCTCCCGCCC	EGR4_HUMAN.H11MO.0.D	0	0.00103262	0.794087	0.0618688	11	CCTCTCCCGCCC	GCCCTGCCGCC	-
390-CCTCTCCCGCCC	EGR2_HUMAN.H11MO.0.A	2	0.00106941	0.822379	0.0618688	12	CCTCTCCCGCCC	CCCCTCCCACACCCCCCC	-
390-CCTCTCCCGCCC	KLF3_HUMAN.H11MO.0.B	1	0.00107496	0.826644	0.0618688	12	CCTCTCCCGCCC	CCCGGCCCCGCCCCTCCCC	-
390-CCTCTCCCGCCC	PATZ1_HUMAN.H11MO.0.C	3	0.00108039	0.830824	0.0618688	12	CCTCTCCCGCCC	CCTCCCCCCCCGCCCCCTCCCC	-
390-CCTCTCCCGCCC	KLF15_HUMAN.H11MO.0.A	6	0.00127109	0.977472	0.0657237	12	CCTCTCCCGCCC	CCCCCCCCTGCTCCTCCCC	-
390-CCTCTCCCGCCC	EGR1_HUMAN.H11MO.0.A	3	0.00130685	1.00497	0.0657237	12	CCTCTCCCGCCC	CCCCCGCCCACGCCCTC	-
390-CCTCTCCCGCCC	KLF5_HUMAN.H11MO.0.A	1	0.00131135	1.00843	0.0657237	12	CCTCTCCCGCCC	CCCAGCCCCACCCT	-
390-CCTCTCCCGCCC	EGR2_HUMAN.H11MO.1.A	3	0.00132428	1.01837	0.0657237	12	CCTCTCCCGCCC	CCCCCGCCCACGCCCC	-
390-CCTCTCCCGCCC	KLF1_HUMAN.H11MO.0.A	1	0.00138438	1.06458	0.0664897	12	CCTCTCCCGCCC	CCCGGCCCCGCCCC	-
390-CCTCTCCCGCCC	ZN467_HUMAN.H11MO.0.C	9	0.0016007	1.23093	0.0722199	12	CCTCTCCCGCCC	CCCCCCCCCCCCTCCCCTCCCC	-
390-CCTCTCCCGCCC	ZN770_HUMAN.H11MO.0.C	10	0.0016007	1.23093	0.0722199	12	CCTCTCCCGCCC	GATCCTCCCGCCTCAGCCTCCC	-
390-CCTCTCCCGCCC	ZN740_HUMAN.H11MO.0.D	-1	0.00181051	1.39228	0.0790399	11	CCTCTCCCGCCC	CCCACCCCCCCCCC	-
390-CCTCTCCCGCCC	SP4_HUMAN.H11MO.0.A	1	0.00185803	1.42882	0.0790399	12	CCTCTCCCGCCC	CCCGGCCCCGCCCCCTTCCC	-
390-CCTCTCCCGCCC	KLF12_HUMAN.H11MO.0.C	-3	0.0023898	1.83775	0.0988372	9	CCTCTCCCGCCC	GCCCCGCCCCT	-
390-CCTCTCCCGCCC	VEZF1_HUMAN.H11MO.0.C	6	0.00261712	2.01256	0.103097	12	CCTCTCCCGCCC	CCCCTCCCCCTCCCCCCTCCCC	-
390-CCTCTCCCGCCC	SALL4_HUMAN.H11MO.0.B	-1	0.00263127	2.02345	0.103097	10	CCTCTCCCGCCC	CCCACCCTCC	-
390-CCTCTCCCGCCC	KLF9_HUMAN.H11MO.0.C	2	0.00275311	2.11714	0.105105	12	CCTCTCCCGCCC	GGCCACGCCCCCTCC	-
390-CCTCTCCCGCCC	SP2_HUMAN.H11MO.1.B	-3	0.00283776	2.18224	0.105628	9	CCTCTCCCGCCC	GCCCCGCCCCCT	-
390-CCTCTCCCGCCC	KAISO_HUMAN.H11MO.1.A	-1	0.00296726	2.28182	0.106784	11	CCTCTCCCGCCC	TTCTCGCGAGA	-
390-CCTCTCCCGCCC	ZN768_HUMAN.H11MO.0.C	6	0.00301227	2.31644	0.106784	12	CCTCTCCCGCCC	ACTTAACCTCTCTGAGCCTC	-
390-CCTCTCCCGCCC	SP4_HUMAN.H11MO.1.A	3	0.00344184	2.64677	0.117873	12	CCTCTCCCGCCC	CGGCCCCGCCCCCTCC	-
390-CCTCTCCCGCCC	WT1_HUMAN.H11MO.1.B	1	0.00348342	2.67875	0.117873	10	CCTCTCCCGCCC	CCTCCTCCCAC	-
390-CCTCTCCCGCCC	KLF14_HUMAN.H11MO.0.D	1	0.00376092	2.89214	0.124435	12	CCTCTCCCGCCC	GCCACGCCCCCCT	-
390-CCTCTCCCGCCC	VEZF1_HUMAN.H11MO.1.C	1	0.00407253	3.13177	0.131816	11	CCTCTCCCGCCC	CCCCCTCCCCCT	-
390-CCTCTCCCGCCC	ZN121_HUMAN.H11MO.0.C	6	0.00457115	3.51521	0.144807	12	CCTCTCCCGCCC	GGTCTTGCTATGTTGCCCAG	-
390-CCTCTCCCGCCC	ZN219_HUMAN.H11MO.0.D	-2	0.00474251	3.64699	0.147106	10	CCTCTCCCGCCC	TCCGCCCCCCTC	-
390-CCTCTCCCGCCC	NR0B1_HUMAN.H11MO.0.D	-2	0.00512226	3.93902	0.155642	10	CCTCTCCCGCCC	TCTCCCACGC	-
390-CCTCTCCCGCCC	NKX25_HUMAN.H11MO.0.B	0	0.00547034	4.20669	0.162895	8	CCTCTCCCGCCC	CCTCTCCA	-
390-CCTCTCCCGCCC	ELK4_HUMAN.H11MO.0.A	0	0.00579693	4.45784	0.169168	12	CCTCTCCCGCCC	CCACTTCCGGTC	-
390-CCTCTCCCGCCC	ZSC22_HUMAN.H11MO.0.C	0	0.00600034	4.61426	0.169168	12	CCTCTCCCGCCC	CCTCCTCCCTCAGACC	-
390-CCTCTCCCGCCC	KLF4_HUMAN.H11MO.0.A	1	0.00602187	4.63082	0.169168	9	CCTCTCCCGCCC	GCCACACCCT	-
390-CCTCTCCCGCCC	ETV1_HUMAN.H11MO.0.A	-1	0.00685035	5.26792	0.187419	11	CCTCTCCCGCCC	CACTTCCGGCC	-
390-CCTCTCCCGCCC	ZFX_HUMAN.H11MO.1.A	6	0.00692331	5.32403	0.187419	11	CCTCTCCCGCCC	CCCCGGCCTCCGCCCCC	-
390-CCTCTCCCGCCC	GABPA_HUMAN.H11MO.0.A	0	0.00789332	6.06996	0.206154	12	CCTCTCCCGCCC	CCACTTCCGGTTCC	-
390-CCTCTCCCGCCC	TAF1_HUMAN.H11MO.0.A	0	0.00805423	6.1937	0.206154	12	CCTCTCCCGCCC	CCGCCGCCGCCATCTT	-
390-CCTCTCCCGCCC	E2F8_HUMAN.H11MO.0.D	-2	0.00818592	6.29497	0.206154	10	CCTCTCCCGCCC	TTTCCCGCCAAA	-
390-CCTCTCCCGCCC	ZN816_HUMAN.H11MO.1.C	2	0.00828352	6.37003	0.206154	12	CCTCTCCCGCCC	TGCATGTCCCCCTT	-
390-CCTCTCCCGCCC	ELF2_HUMAN.H11MO.0.C	0	0.00830772	6.38864	0.206154	12	CCTCTCCCGCCC	CCACTTCCGGGTT	-
390-CCTCTCCCGCCC	E2F2_HUMAN.H11MO.0.B	-1	0.00871949	6.70529	0.211658	10	CCTCTCCCGCCC	GTTTCGCGCC	-
390-CCTCTCCCGCCC	KLF13_HUMAN.H11MO.0.D	-1	0.0088138	6.77781	0.211658	11	CCTCTCCCGCCC	CACGCCCCCCT	-
390-CCTCTCCCGCCC	RXRA_HUMAN.H11MO.0.A	6	0.00922552	7.09443	0.218028	12	CCTCTCCCGCCC	CTCTGACCTCTGCCTCCCCC	-
390-CCTCTCCCGCCC	COT1_HUMAN.H11MO.0.C	6	0.0097345	7.48583	0.226462	11	CCTCTCCCGCCC	CCCTGACCTCTGACCCC	-
390-CCTCTCCCGCCC	PPARG_HUMAN.H11MO.0.A	3	0.010213	7.85383	0.230785	12	CCTCTCCCGCCC	TGACCTTTGCCCCACTT	-
390-CCTCTCCCGCCC	MBD2_HUMAN.H11MO.0.B	-2	0.0102303	7.86713	0.230785	10	CCTCTCCCGCCC	CCTCCGGCCCC	-
390-CCTCTCCCGCCC	IKZF1_HUMAN.H11MO.0.C	-2	0.0104934	8.06946	0.233188	8	CCTCTCCCGCCC	TCTCCCAA	-
390-CCTCTCCCGCCC	ZN770_HUMAN.H11MO.1.C	-1	0.0107475	8.26483	0.235321	11	CCTCTCCCGCCC	CTCAGCCTCCC	-
390-CCTCTCCCGCCC	SRBP1_HUMAN.H11MO.0.A	-1	0.0118551	9.11658	0.255811	11	CCTCTCCCGCCC	CTCACCCCACC	-
390-CCTCTCCCGCCC	ZN263_HUMAN.H11MO.0.A	8	0.0123322	9.48347	0.262304	12	CCTCTCCCGCCC	CTCCTCCTCTCCCTCCTCCC	-
390-CCTCTCCCGCCC	ETS1_HUMAN.H11MO.0.A	0	0.0139832	10.7531	0.293231	12	CCTCTCCCGCCC	CCACTTCCTGTCT	-
390-CCTCTCCCGCCC	PROX1_HUMAN.H11MO.0.D	0	0.0148999	11.458	0.308114	12	CCTCTCCCGCCC	CCCAACCCGCCTTACCC	-
390-CCTCTCCCGCCC	ZN341_HUMAN.H11MO.0.C	7	0.0153669	11.8171	0.313419	12	CCTCTCCCGCCC	GCTCTTCCCTCCCCCCCCCCCC	-
390-CCTCTCCCGCCC	KAISO_HUMAN.H11MO.0.A	-1	0.0160402	12.3349	0.318851	11	CCTCTCCCGCCC	TTCTCGCGAGATTTG	-
390-CCTCTCCCGCCC	SRBP2_HUMAN.H11MO.0.B	0	0.0160615	12.3513	0.318851	12	CCTCTCCCGCCC	CCTCACCCCACCC	-
390-CCTCTCCCGCCC	ELK1_HUMAN.H11MO.0.B	0	0.0166144	12.7765	0.320976	11	CCTCTCCCGCCC	CCACTTCCGGT	-
390-CCTCTCCCGCCC	SMAD2_HUMAN.H11MO.0.A	0	0.0166914	12.8357	0.320976	12	CCTCTCCCGCCC	TGTCTGTCACCT	+
390-CCTCTCCCGCCC	ZBTB6_HUMAN.H11MO.0.C	0	0.0168153	12.931	0.320976	12	CCTCTCCCGCCC	CGGCTCCAGCACC	-
390-CCTCTCCCGCCC	PLAG1_HUMAN.H11MO.0.D	2	0.0179223	13.7823	0.337776	12	CCTCTCCCGCCC	CCCCTCCTGATGCCCCC	-
390-CCTCTCCCGCCC	E2F5_HUMAN.H11MO.0.B	-1	0.019551	15.0347	0.363865	10	CCTCTCCCGCCC	GTTTGGCGCG	-
390-CCTCTCCCGCCC	ZN350_HUMAN.H11MO.1.D	10	0.0204816	15.7504	0.375516	12	CCTCTCCCGCCC	GGGCAACAAATCCCTGCGCCCCGT	-
390-CCTCTCCCGCCC	ZIC1_HUMAN.H11MO.0.B	-4	0.0206814	15.904	0.375516	8	CCTCTCCCGCCC	GACCACCCC	-
390-CCTCTCCCGCCC	SUH_HUMAN.H11MO.0.A	-2	0.0210269	16.1697	0.37657	10	CCTCTCCCGCCC	TTTCCCACGCC	-
390-CCTCTCCCGCCC	PURA_HUMAN.H11MO.0.D	0	0.0214982	16.5321	0.37657	12	CCTCTCCCGCCC	CCCTGCCCCCCCCTTCC	-
390-CCTCTCCCGCCC	CTCFL_HUMAN.H11MO.0.A	6	0.0214982	16.5321	0.37657	11	CCTCTCCCGCCC	CGGCGCCCCCTGGCGGC	-
390-CCTCTCCCGCCC	MZF1_HUMAN.H11MO.0.B	1	0.0220645	16.9676	0.381994	12	CCTCTCCCGCCC	CCCAATCCCCTCC	-
390-CCTCTCCCGCCC	ERG_HUMAN.H11MO.0.A	0	0.0230729	17.7431	0.394863	12	CCTCTCCCGCCC	CCACTTCCTGCCC	-
390-CCTCTCCCGCCC	ZBTB4_HUMAN.H11MO.0.D	-1	0.0235209	18.0875	0.397954	11	CCTCTCCCGCCC	CCCACCTGCCATCTAGG	-
390-CCTCTCCCGCCC	Z324A_HUMAN.H11MO.0.C	11	0.0240628	18.5043	0.402549	12	CCTCTCCCGCCC	TATCAAACCATCCTTTGCTGCCA	+
390-CCTCTCCCGCCC	SMAD3_HUMAN.H11MO.0.B	-1	0.0262823	20.2111	0.434794	11	CCTCTCCCGCCC	CTCTGTCACCTG	+
390-CCTCTCCCGCCC	ZN263_HUMAN.H11MO.1.A	1	0.0277241	21.3198	0.453605	10	CCTCTCCCGCCC	CCTCCTCCCTC	-
390-CCTCTCCCGCCC	CTCF_HUMAN.H11MO.0.A	6	0.028152	21.6489	0.4556	12	CCTCTCCCGCCC	TGGCGCCCCCTGGTGGCCA	-
390-CCTCTCCCGCCC	NKX21_HUMAN.H11MO.0.A	1	0.0287091	22.0773	0.459539	9	CCTCTCCCGCCC	GCCACTCAAG	-
390-CCTCTCCCGCCC	GSC2_HUMAN.H11MO.0.D	0	0.0290127	22.3107	0.459539	11	CCTCTCCCGCCC	CCTAATCCGCT	-
390-CCTCTCCCGCCC	ARNT2_HUMAN.H11MO.0.D	1	0.0300161	23.0823	0.466742	11	CCTCTCCCGCCC	GCCTCCCACGCC	-
390-CCTCTCCCGCCC	FEV_HUMAN.H11MO.0.B	0	0.0300944	23.1426	0.466742	10	CCTCTCCCGCCC	CGCTTCCCGC	-
390-CCTCTCCCGCCC	PPARA_HUMAN.H11MO.0.B	3	0.0306736	23.588	0.469793	12	CCTCTCCCGCCC	TGACCTTTGCCCCAGTT	-
390-CCTCTCCCGCCC	PAX5_HUMAN.H11MO.0.A	5	0.0309222	23.7792	0.469793	12	CCTCTCCCGCCC	GTCACGCTCTGCTGCCCAGGC	-
390-CCTCTCCCGCCC	ETS2_HUMAN.H11MO.0.B	1	0.0313976	24.1448	0.472197	12	CCTCTCCCGCCC	TCCTCTTCCTTCC	-
390-CCTCTCCCGCCC	ZN816_HUMAN.H11MO.0.C	5	0.0323237	24.8569	0.481264	12	CCTCTCCCGCCC	CCCTGCATGTCCCCCTTTTTT	-
390-CCTCTCCCGCCC	KAISO_HUMAN.H11MO.2.A	-1	0.0342261	26.3199	0.499701	11	CCTCTCCCGCCC	TCTTCCTGCGAG	-
390-CCTCTCCCGCCC	FLI1_HUMAN.H11MO.1.A	0	0.0342332	26.3253	0.499701	12	CCTCTCCCGCCC	CCACTTCCTGCCT	-
393-CCWTACAGKTGCMTT	SNAI2_HUMAN.H11MO.0.A	-3	0.000460145	0.353851	0.28655	10	CCATACAGGTGCCTT	GGCAGGTGCA	+
393-CCWTACAGKTGCMTT	ZN502_HUMAN.H11MO.0.C	4	0.000714476	0.549432	0.28655	15	CCATACAGGTGCCTT	GATTCCATTCGATTCCATTC	-
393-CCWTACAGKTGCMTT	SNAI1_HUMAN.H11MO.0.C	-4	0.000911633	0.701046	0.28655	8	CCATACAGGTGCCTT	CCAGGTGG	+
393-CCWTACAGKTGCMTT	MYF6_HUMAN.H11MO.0.C	-4	0.00104418	0.802975	0.28655	7	CCATACAGGTGCCTT	GCAGCTG	-
393-CCWTACAGKTGCMTT	FIGLA_HUMAN.H11MO.0.D	-2	0.00129864	0.998651	0.28655	11	CCATACAGGTGCCTT	TAACAGGTGTT	+
393-CCWTACAGKTGCMTT	MYOD1_HUMAN.H11MO.1.A	-3	0.00129864	0.998651	0.28655	11	CCATACAGGTGCCTT	GACAGCTGCAG	-
393-CCWTACAGKTGCMTT	ID4_HUMAN.H11MO.0.D	-3	0.00138062	1.06169	0.28655	11	CCATACAGGTGCCTT	GACAGGTGTAA	+
393-CCWTACAGKTGCMTT	TFE2_HUMAN.H11MO.0.A	-3	0.00155931	1.19911	0.28655	11	CCATACAGGTGCCTT	CACAGCTGCAG	+
393-CCWTACAGKTGCMTT	ITF2_HUMAN.H11MO.0.C	-3	0.00241936	1.86049	0.368431	10	CCATACAGGTGCCTT	CCCAGCTGCC	-
393-CCWTACAGKTGCMTT	OVOL1_HUMAN.H11MO.0.C	-4	0.00306729	2.35875	0.424636	9	CCATACAGGTGCCTT	ACAGTTACA	-
393-CCWTACAGKTGCMTT	ASCL2_HUMAN.H11MO.0.D	-4	0.00396844	3.05173	0.453077	9	CCATACAGGTGCCTT	CCAGCTGCT	+
393-CCWTACAGKTGCMTT	PO3F2_HUMAN.H11MO.0.A	1	0.00405741	3.12014	0.453077	15	CCATACAGGTGCCTT	TTCATGCATATTCATTC	+
393-CCWTACAGKTGCMTT	PTF1A_HUMAN.H11MO.1.B	-4	0.0042293	3.25233	0.453077	9	CCATACAGGTGCCTT	CCAGCTGCT	-
393-CCWTACAGKTGCMTT	HTF4_HUMAN.H11MO.0.A	-3	0.00446281	3.4319	0.453077	10	CCATACAGGTGCCTT	CACAGCTGCA	-
393-CCWTACAGKTGCMTT	MESP1_HUMAN.H11MO.0.D	-4	0.00528751	4.06609	0.473649	11	CCATACAGGTGCCTT	GCAGGTGTGGA	+
394-CGAGCCCAAGCCA	ZN449_HUMAN.H11MO.0.C	-1	7.70762e-05	0.0592716	0.118543	11	CGAGCCCAAGCCA	AAGCCCAACCA	-
395-CGATCCCGC	E2F1_HUMAN.H11MO.0.A	0	0.000449164	0.345407	0.326505	9	CGATCCCGC	CTTTCCCGCCCCCC	-
395-CGATCCCGC	E2F4_HUMAN.H11MO.0.A	0	0.00069864	0.537254	0.326505	9	CGATCCCGC	ATTTCCCGCCCCC	-
395-CGATCCCGC	TFDP1_HUMAN.H11MO.0.C	0	0.000721511	0.554842	0.326505	9	CGATCCCGC	TTTTCCCGCCCCCC	-
395-CGATCCCGC	E2F6_HUMAN.H11MO.0.A	1	0.000851007	0.654425	0.326505	9	CGATCCCGC	CCCTTCCCGCCCC	-
395-CGATCCCGC	E2F7_HUMAN.H11MO.0.B	1	0.00220062	1.69227	0.49391	9	CGATCCCGC	CCTTTCCCGCCCC	-
395-CGATCCCGC	E2F4_HUMAN.H11MO.1.A	4	0.00258226	1.98576	0.49391	9	CGATCCCGC	TCAAATTTCCCGCC	-
395-CGATCCCGC	SP1_HUMAN.H11MO.1.A	0	0.00258226	1.98576	0.49391	9	CGATCCCGC	CGGCCCCGCCCCCC	-
395-CGATCCCGC	ZN329_HUMAN.H11MO.0.C	2	0.0026295	2.02208	0.49391	9	CGATCCCGC	CTGGATCCAGCCATGCCTGA	+
395-CGATCCCGC	SP2_HUMAN.H11MO.0.A	4	0.00304451	2.34122	0.49391	9	CGATCCCGC	CCCCCGGCCCCGCCCCCCCCCC	-
395-CGATCCCGC	ZN524_HUMAN.H11MO.0.D	3	0.00321834	2.4749	0.49391	9	CGATCCCGC	ACTCGAACCCTCGAACCC	-
396-CGCATCCGC	NRF1_HUMAN.H11MO.0.A	4	3.47176e-05	0.0266978	0.0401798	9	CGCATCCGC	CCTGCGCATGCGCAGTG	-
397-CGCCCCTTTGTCC	SOX4_HUMAN.H11MO.0.B	-3	0.00036025	0.277033	0.289198	10	CGCCCCTTTGTCC	TCCTTTGTTCTC	+
397-CGCCCCTTTGTCC	ZN320_HUMAN.H11MO.0.C	4	0.000378301	0.290913	0.289198	13	CGCCCCTTTGTCC	CACTGGCCCCCTGGTCCCAC	-
397-CGCCCCTTTGTCC	SOX3_HUMAN.H11MO.0.B	-3	0.000685101	0.526843	0.349158	10	CGCCCCTTTGTCC	GCCTTTGTCCC	+
397-CGCCCCTTTGTCC	SOX10_HUMAN.H11MO.1.A	-2	0.00127658	0.981687	0.48795	11	CGCCCCTTTGTCC	TTCCTTTGTTCTC	+
399-CGCGCGCGA	KAISO_HUMAN.H11MO.0.A	5	0.000474003	0.364508	0.275217	9	CGCGCGCGA	CAAATCTCGCGAGAA	+
399-CGCGCGCGA	ZBT14_HUMAN.H11MO.0.C	1	0.000509673	0.391938	0.275217	8	CGCGCGCGA	GCGCGCTCC	-
399-CGCGCGCGA	KAISO_HUMAN.H11MO.1.A	1	0.000536944	0.41291	0.275217	9	CGCGCGCGA	TCTCGCGAGAA	+
399-CGCGCGCGA	E2F5_HUMAN.H11MO.0.B	-2	0.00204502	1.57262	0.44923	7	CGCGCGCGA	CGCGCCAAAC	+
400-CGCGGAAGGGCCCG	ELK1_HUMAN.H11MO.0.B	0	0.000477798	0.367426	0.280775	11	CGCGGAAGGGCCCG	ACCGGAAGTGG	+
400-CGCGGAAGGGCCCG	ELK4_HUMAN.H11MO.0.A	1	0.000698379	0.537054	0.280775	11	CGCGGAAGGGCCCG	GACCGGAAGTGG	+
400-CGCGGAAGGGCCCG	ELF2_HUMAN.H11MO.0.C	2	0.000721006	0.554453	0.280775	11	CGCGGAAGGGCCCG	AACCCGGAAGTGG	+
400-CGCGGAAGGGCCCG	ELF1_HUMAN.H11MO.0.A	3	0.00104836	0.806186	0.280775	11	CGCGGAAGGGCCCG	GAACCCGGAAGTGG	+
400-CGCGGAAGGGCCCG	ETV1_HUMAN.H11MO.0.A	1	0.00108115	0.831406	0.280775	10	CGCGGAAGGGCCCG	GGCCGGAAGTG	+
400-CGCGGAAGGGCCCG	ZN341_HUMAN.H11MO.1.C	-3	0.00110232	0.847682	0.280775	9	CGCGGAAGGGCCCG	GGAACAGCC	+
400-CGCGGAAGGGCCCG	GABPA_HUMAN.H11MO.0.A	3	0.00138006	1.06127	0.293932	11	CGCGGAAGGGCCCG	GGAACCGGAAGTGG	+
400-CGCGGAAGGGCCCG	TF65_HUMAN.H11MO.0.A	-1	0.00153863	1.1832	0.293932	13	CGCGGAAGGGCCCG	CTGGAAATTCCCTG	-
400-CGCGGAAGGGCCCG	EGR4_HUMAN.H11MO.0.D	0	0.00186046	1.43069	0.315923	11	CGCGGAAGGGCCCG	GGCGGCAGGGC	+
400-CGCGGAAGGGCCCG	ETV7_HUMAN.H11MO.0.D	-1	0.00207773	1.59777	0.317536	7	CGCGGAAGGGCCCG	CAGGAAG	+
400-CGCGGAAGGGCCCG	NFKB1_HUMAN.H11MO.1.B	-2	0.00235432	1.81047	0.327097	11	CGCGGAAGGGCCCG	GGGAAATTCCC	+
400-CGCGGAAGGGCCCG	NFKB2_HUMAN.H11MO.0.B	-1	0.0026449	2.03393	0.336847	11	CGCGGAAGGGCCCG	GGGAAAGCCCC	+
400-CGCGGAAGGGCCCG	EHF_HUMAN.H11MO.0.B	3	0.00448016	3.44524	0.475909	12	CGCGGAAGGGCCCG	GAACCAGGAAGTGGC	+
400-CGCGGAAGGGCCCG	ELF5_HUMAN.H11MO.0.A	4	0.00448016	3.44524	0.475909	11	CGCGGAAGGGCCCG	GGAAGGAGGAAGTGG	+
400-CGCGGAAGGGCCCG	NFAT5_HUMAN.H11MO.0.D	0	0.00467102	3.59201	0.475909	11	CGCGGAAGGGCCCG	AGAGGAAAAGG	+
403-CGGGAGCCAG	ZF64A_HUMAN.H11MO.0.D	6	0.000538621	0.4142	0.477577	10	CGGGAGCCAG	GGGGCCCGGGAACCTG	+
403-CGGGAGCCAG	ZN329_HUMAN.H11MO.0.C	0	0.000931555	0.716366	0.477577	10	CGGGAGCCAG	CTGGATCCAGCCATGCCTGA	+
409-CSTCCCCGCCCCCV	SP1_HUMAN.H11MO.1.A	0	5.59237e-08	4.30053e-05	6.68676e-05	14	CCTCCCCGCCCCCG	CGGCCCCGCCCCCC	-
409-CSTCCCCGCCCCCV	SP1_HUMAN.H11MO.0.A	8	8.98222e-08	6.90732e-05	6.68676e-05	14	CCTCCCCGCCCCCG	CCCCCCCCCGGCCCCGCCCCCC	-
409-CSTCCCCGCCCCCV	ZN281_HUMAN.H11MO.0.A	-2	1.35594e-06	0.00104272	0.00059993	12	CCTCCCCGCCCCCG	TCCCCTCCCCCACCC	-
409-CSTCCCCGCCCCCV	KLF12_HUMAN.H11MO.0.C	-2	2.08006e-06	0.00159957	0.00059993	11	CCTCCCCGCCCCCG	GCCCCGCCCCT	-
409-CSTCCCCGCCCCCV	SP2_HUMAN.H11MO.1.B	-2	2.09468e-06	0.00161081	0.00059993	12	CCTCCCCGCCCCCG	GCCCCGCCCCCT	-
409-CSTCCCCGCCCCCV	SP3_HUMAN.H11MO.0.B	3	2.41763e-06	0.00185916	0.00059993	14	CCTCCCCGCCCCCG	CCCCGGCCCCGCCCCCCCCC	-
409-CSTCCCCGCCCCCV	SP2_HUMAN.H11MO.0.A	4	3.00851e-06	0.00231354	0.000639906	14	CCTCCCCGCCCCCG	CCCCCGGCCCCGCCCCCCCCCC	-
409-CSTCCCCGCCCCCV	EGR4_HUMAN.H11MO.0.D	-2	4.15476e-06	0.00319501	0.000773247	11	CCTCCCCGCCCCCG	GCCCTGCCGCC	-
409-CSTCCCCGCCCCCV	SP4_HUMAN.H11MO.1.A	0	4.76412e-06	0.00366361	0.000788139	14	CCTCCCCGCCCCCG	CGGCCCCGCCCCCTCC	-
409-CSTCCCCGCCCCCV	ZN148_HUMAN.H11MO.0.D	-3	9.49937e-06	0.00730502	0.00141435	11	CCTCCCCGCCCCCG	CCCCTCCCCCACCCC	-
409-CSTCCCCGCCCCCV	E2F4_HUMAN.H11MO.0.A	0	1.0458e-05	0.0080422	0.00141553	13	CCTCCCCGCCCCCG	ATTTCCCGCCCCC	-
409-CSTCCCCGCCCCCV	MAZ_HUMAN.H11MO.1.A	-2	1.55089e-05	0.0119263	0.00192425	11	CCTCCCCGCCCCCG	CCCCCTCCCTC	-
409-CSTCCCCGCCCCCV	KLF16_HUMAN.H11MO.0.D	6	1.68356e-05	0.0129465	0.00192818	13	CCTCCCCGCCCCCG	CCCCCCCCCCCCCGCCCCC	-
409-CSTCCCCGCCCCCV	WT1_HUMAN.H11MO.0.C	3	2.03958e-05	0.0156844	0.00216908	14	CCTCCCCGCCCCCG	CCCCCCCTCCTCCCCCGCCC	-
409-CSTCCCCGCCCCCV	KLF3_HUMAN.H11MO.0.B	2	2.48961e-05	0.0191451	0.00247117	14	CCTCCCCGCCCCCG	CCCGGCCCCGCCCCTCCCC	-
409-CSTCCCCGCCCCCV	E2F1_HUMAN.H11MO.0.A	0	2.84858e-05	0.0219056	0.00265076	14	CCTCCCCGCCCCCG	CTTTCCCGCCCCCC	-
409-CSTCCCCGCCCCCV	KLF14_HUMAN.H11MO.0.D	-2	3.18128e-05	0.024464	0.00278622	12	CCTCCCCGCCCCCG	GCCACGCCCCCCT	-
409-CSTCCCCGCCCCCV	TFDP1_HUMAN.H11MO.0.C	0	3.90081e-05	0.0299972	0.00322659	14	CCTCCCCGCCCCCG	TTTTCCCGCCCCCC	-
409-CSTCCCCGCCCCCV	KLF9_HUMAN.H11MO.0.C	-1	5.67836e-05	0.0436666	0.00444971	13	CCTCCCCGCCCCCG	GGCCACGCCCCCTCC	-
409-CSTCCCCGCCCCCV	TBX15_HUMAN.H11MO.0.D	3	6.41804e-05	0.0493548	0.00477788	14	CCTCCCCGCCCCCG	CCCCCACCCCCCCCCCCCC	-
409-CSTCCCCGCCCCCV	ZBT17_HUMAN.H11MO.0.A	0	7.25821e-05	0.0558156	0.00514603	14	CCTCCCCGCCCCCG	CTTCCCCTCCCCCACCCTC	-
409-CSTCCCCGCCCCCV	SP4_HUMAN.H11MO.0.A	2	8.72509e-05	0.0670959	0.00590486	14	CCTCCCCGCCCCCG	CCCGGCCCCGCCCCCTTCCC	-
409-CSTCCCCGCCCCCV	ZN740_HUMAN.H11MO.0.D	0	9.18327e-05	0.0706193	0.00594472	14	CCTCCCCGCCCCCG	CCCACCCCCCCCCC	-
409-CSTCCCCGCCCCCV	KLF1_HUMAN.H11MO.0.A	2	0.000123641	0.09508	0.0076298	12	CCTCCCCGCCCCCG	CCCGGCCCCGCCCC	-
409-CSTCCCCGCCCCCV	KLF13_HUMAN.H11MO.0.D	-4	0.000132349	0.101777	0.0076298	10	CCTCCCCGCCCCCG	CACGCCCCCCT	-
409-CSTCCCCGCCCCCV	ZN219_HUMAN.H11MO.0.D	-2	0.000133237	0.102459	0.0076298	12	CCTCCCCGCCCCCG	TCCGCCCCCCTC	-
409-CSTCCCCGCCCCCV	KLF6_HUMAN.H11MO.0.A	4	0.000149514	0.114977	0.00824483	14	CCTCCCCGCCCCCG	CCCCCGGCCCCGCCCTTCC	-
409-CSTCCCCGCCCCCV	E2F7_HUMAN.H11MO.0.B	1	0.000156934	0.120682	0.00834491	12	CCTCCCCGCCCCCG	CCTTTCCCGCCCC	-
409-CSTCCCCGCCCCCV	KLF4_HUMAN.H11MO.0.A	-2	0.000241838	0.185974	0.0124162	10	CCTCCCCGCCCCCG	GCCACACCCT	-
409-CSTCCCCGCCCCCV	PATZ1_HUMAN.H11MO.0.C	4	0.000311461	0.239514	0.0154577	14	CCTCCCCGCCCCCG	CCTCCCCCCCCGCCCCCTCCCC	-
409-CSTCCCCGCCCCCV	KLF5_HUMAN.H11MO.0.A	2	0.00034825	0.267804	0.01656	12	CCTCCCCGCCCCCG	CCCAGCCCCACCCT	-
409-CSTCCCCGCCCCCV	KLF15_HUMAN.H11MO.0.A	7	0.000355917	0.2737	0.01656	12	CCTCCCCGCCCCCG	CCCCCCCCTGCTCCTCCCC	-
409-CSTCCCCGCCCCCV	TBX1_HUMAN.H11MO.0.D	4	0.000378861	0.291344	0.0170934	14	CCTCCCCGCCCCCG	CCGCCCACCCCTGCCCACCC	-
409-CSTCCCCGCCCCCV	EGR2_HUMAN.H11MO.1.A	-2	0.000411287	0.31628	0.0180106	12	CCTCCCCGCCCCCG	CCCCCGCCCACGCCCC	-
409-CSTCCCCGCCCCCV	ZN467_HUMAN.H11MO.0.C	10	0.000438479	0.33719	0.0186528	12	CCTCCCCGCCCCCG	CCCCCCCCCCCCTCCCCTCCCC	-
409-CSTCCCCGCCCCCV	EGR1_HUMAN.H11MO.0.A	-2	0.000466396	0.358658	0.0192892	12	CCTCCCCGCCCCCG	CCCCCGCCCACGCCCTC	-
409-CSTCCCCGCCCCCV	E2F6_HUMAN.H11MO.0.A	1	0.000493984	0.379873	0.0198155	12	CCTCCCCGCCCCCG	CCCTTCCCGCCCC	-
409-CSTCCCCGCCCCCV	SALL4_HUMAN.H11MO.0.B	-4	0.000515098	0.39611	0.0198155	10	CCTCCCCGCCCCCG	CCCACCCTCC	-
409-CSTCCCCGCCCCCV	MAZ_HUMAN.H11MO.0.A	9	0.000519048	0.399148	0.0198155	13	CCTCCCCGCCCCCG	CCCCCCCCCCCCCCCCTCCCCC	-
409-CSTCCCCGCCCCCV	ZN770_HUMAN.H11MO.1.C	-3	0.000680342	0.523183	0.0253238	11	CCTCCCCGCCCCCG	CTCAGCCTCCC	-
409-CSTCCCCGCCCCCV	VEZF1_HUMAN.H11MO.0.C	8	0.000853088	0.656025	0.0309794	14	CCTCCCCGCCCCCG	CCCCTCCCCCTCCCCCCTCCCC	-
409-CSTCCCCGCCCCCV	EGR2_HUMAN.H11MO.0.A	-3	0.000886475	0.681699	0.0313967	11	CCTCCCCGCCCCCG	CCCCTCCCACACCCCCCC	-
409-CSTCCCCGCCCCCV	E2F3_HUMAN.H11MO.0.A	-1	0.000906755	0.697295	0.0313967	11	CCTCCCCGCCCCCG	TTTCCCGCCCT	-
409-CSTCCCCGCCCCCV	ZN816_HUMAN.H11MO.0.C	1	0.00107298	0.825122	0.0363079	14	CCTCCCCGCCCCCG	CCCTGCATGTCCCCCTTTTTT	-
409-CSTCCCCGCCCCCV	ZN770_HUMAN.H11MO.0.C	8	0.00153735	1.18222	0.0498922	14	CCTCCCCGCCCCCG	GATCCTCCCGCCTCAGCCTCCC	-
409-CSTCCCCGCCCCCV	PATZ1_HUMAN.H11MO.1.C	-3	0.00154145	1.18537	0.0498922	9	CCTCCCCGCCCCCG	CCCCTCCCT	-
409-CSTCCCCGCCCCCV	ZBT7A_HUMAN.H11MO.0.A	-5	0.00280122	2.15413	0.0887383	9	CCTCCCCGCCCCCG	GAGACCCCC	-
409-CSTCCCCGCCCCCV	ZN263_HUMAN.H11MO.1.A	0	0.00288065	2.21522	0.0893534	11	CCTCCCCGCCCCCG	CCTCCTCCCTC	-
409-CSTCCCCGCCCCCV	ZF64A_HUMAN.H11MO.0.D	3	0.00350765	2.69739	0.106582	13	CCTCCCCGCCCCCG	CAGGTTCCCGGGCCCC	-
409-CSTCCCCGCCCCCV	ZSC22_HUMAN.H11MO.0.C	0	0.00426396	3.27899	0.126971	14	CCTCCCCGCCCCCG	CCTCCTCCCTCAGACC	-
409-CSTCCCCGCCCCCV	E2F4_HUMAN.H11MO.1.A	4	0.00495017	3.80668	0.143774	10	CCTCCCCGCCCCCG	TCAAATTTCCCGCC	-
409-CSTCCCCGCCCCCV	PROX1_HUMAN.H11MO.0.D	1	0.00502134	3.86141	0.143774	14	CCTCCCCGCCCCCG	CCCAACCCGCCTTACCC	-
409-CSTCCCCGCCCCCV	ZIC1_HUMAN.H11MO.0.B	-3	0.00525932	4.04442	0.147746	9	CCTCCCCGCCCCCG	GACCACCCC	-
409-CSTCCCCGCCCCCV	PLAL1_HUMAN.H11MO.0.D	-5	0.00569143	4.37671	0.154202	9	CCTCCCCGCCCCCG	GGGCCCCCCG	-
409-CSTCCCCGCCCCCV	VEZF1_HUMAN.H11MO.1.C	-2	0.00569627	4.38043	0.154202	12	CCTCCCCGCCCCCG	CCCCCTCCCCCT	-
409-CSTCCCCGCCCCCV	WT1_HUMAN.H11MO.1.B	-2	0.00595668	4.58069	0.156918	11	CCTCCCCGCCCCCG	CCTCCTCCCAC	-
409-CSTCCCCGCCCCCV	ZN341_HUMAN.H11MO.0.C	7	0.00600739	4.61969	0.156918	14	CCTCCCCGCCCCCG	GCTCTTCCCTCCCCCCCCCCCC	-
409-CSTCCCCGCCCCCV	ZN320_HUMAN.H11MO.0.C	5	0.00631972	4.85986	0.16223	14	CCTCCCCGCCCCCG	CACTGGCCCCCTGGTCCCAC	-
409-CSTCCCCGCCCCCV	CTCFL_HUMAN.H11MO.0.A	-3	0.00668338	5.13952	0.168658	11	CCTCCCCGCCCCCG	CGGCGCCCCCTGGCGGC	-
409-CSTCCCCGCCCCCV	GLIS1_HUMAN.H11MO.0.D	-1	0.00791621	6.08757	0.196439	13	CCTCCCCGCCCCCG	AGACCCCCCACGA	-
409-CSTCCCCGCCCCCV	GCM2_HUMAN.H11MO.0.D	-1	0.00888238	6.83055	0.216801	11	CCTCCCCGCCCCCG	ATACCCGCATC	-
409-CSTCCCCGCCCCCV	TAF1_HUMAN.H11MO.0.A	-2	0.00909035	6.99048	0.217918	12	CCTCCCCGCCCCCG	CCGCCGCCGCCATCTT	-
409-CSTCCCCGCCCCCV	ZN768_HUMAN.H11MO.0.C	6	0.00922085	7.09083	0.217918	14	CCTCCCCGCCCCCG	ACTTAACCTCTCTGAGCCTC	-
409-CSTCCCCGCCCCCV	PURA_HUMAN.H11MO.0.D	-3	0.00970277	7.46143	0.225724	11	CCTCCCCGCCCCCG	CCCTGCCCCCCCCTTCC	-
409-CSTCCCCGCCCCCV	FLI1_HUMAN.H11MO.0.A	5	0.010143	7.79999	0.229757	13	CCTCCCCGCCCCCG	TCCCTCCTTCCTTCCTCC	-
409-CSTCCCCGCCCCCV	INSM1_HUMAN.H11MO.0.C	-6	0.0101848	7.83209	0.229757	8	CCTCCCCGCCCCCG	TGCCCCCTGACA	-
409-CSTCCCCGCCCCCV	MBD2_HUMAN.H11MO.0.B	-2	0.010801	8.30594	0.240021	11	CCTCCCCGCCCCCG	CCTCCGGCCCC	-
409-CSTCCCCGCCCCCV	ZN586_HUMAN.H11MO.0.C	8	0.011618	8.93424	0.254381	12	CCTCCCCGCCCCCG	CATTTTTTCCTCCTAGGCCT	-
409-CSTCCCCGCCCCCV	ZBT14_HUMAN.H11MO.0.C	-3	0.0118855	9.13994	0.256466	9	CCTCCCCGCCCCCG	GCGCGCTCC	-
409-CSTCCCCGCCCCCV	ZNF76_HUMAN.H11MO.0.C	6	0.0121882	9.37272	0.259241	14	CCTCCCCGCCCCCG	ACTACAATTCCCAGAATGCCCC	-
409-CSTCCCCGCCCCCV	ATF6A_HUMAN.H11MO.0.B	-3	0.0148078	11.3872	0.306329	11	CCTCCCCGCCCCCG	CCACGTCACCAC	-
409-CSTCCCCGCCCCCV	ZIC4_HUMAN.H11MO.0.D	1	0.0149478	11.4949	0.306329	14	CCTCCCCGCCCCCG	GACCCCCCGCTGTGC	-
409-CSTCCCCGCCCCCV	GLIS3_HUMAN.H11MO.0.D	-3	0.0150193	11.5498	0.306329	10	CCTCCCCGCCCCCG	TACCCCCCAC	-
409-CSTCCCCGCCCCCV	ZN816_HUMAN.H11MO.1.C	-2	0.0157561	12.1165	0.317015	12	CCTCCCCGCCCCCG	TGCATGTCCCCCTT	-
409-CSTCCCCGCCCCCV	SPIC_HUMAN.H11MO.0.D	0	0.0172766	13.2857	0.337207	13	CCTCCCCGCCCCCG	CCTCCCCTTCCTC	-
409-CSTCCCCGCCCCCV	E2F2_HUMAN.H11MO.0.B	0	0.0173949	13.3766	0.337207	10	CCTCCCCGCCCCCG	GTTTCGCGCC	-
409-CSTCCCCGCCCCCV	ZN263_HUMAN.H11MO.0.A	2	0.0174391	13.4107	0.337207	14	CCTCCCCGCCCCCG	CTCCTCCTCTCCCTCCTCCC	-
409-CSTCCCCGCCCCCV	GLIS2_HUMAN.H11MO.0.D	-2	0.0179911	13.8352	0.343421	12	CCTCCCCGCCCCCG	GACCCCCCGCGAAG	-
409-CSTCCCCGCCCCCV	ZN143_HUMAN.H11MO.0.A	8	0.0191522	14.728	0.360956	14	CCTCCCCGCCCCCG	GAACTACAATTCCCAGAATGCC	-
409-CSTCCCCGCCCCCV	IKZF1_HUMAN.H11MO.0.C	0	0.0194047	14.9222	0.361143	8	CCTCCCCGCCCCCG	TCTCCCAA	-
409-CSTCCCCGCCCCCV	PLAG1_HUMAN.H11MO.0.D	2	0.0198641	15.2755	0.365129	14	CCTCCCCGCCCCCG	CCCCTCCTGATGCCCCC	-
409-CSTCCCCGCCCCCV	E2F8_HUMAN.H11MO.0.D	-1	0.0203686	15.6635	0.369837	12	CCTCCCCGCCCCCG	TTTCCCGCCAAA	-
409-CSTCCCCGCCCCCV	KLF8_HUMAN.H11MO.0.C	-6	0.0209338	16.0981	0.37552	8	CCTCCCCGCCCCCG	CACCCCCTG	-
409-CSTCCCCGCCCCCV	SRBP2_HUMAN.H11MO.0.B	0	0.0225136	17.313	0.396501	13	CCTCCCCGCCCCCG	CCTCACCCCACCC	-
409-CSTCCCCGCCCCCV	ZSC31_HUMAN.H11MO.0.C	5	0.0226361	17.4071	0.396501	13	CCTCCCCGCCCCCG	CATAACTGCCCTGCTGCC	-
409-CSTCCCCGCCCCCV	XBP1_HUMAN.H11MO.0.D	-2	0.0229654	17.6604	0.397593	11	CCTCCCCGCCCCCG	GCCACGTCAGC	-
411-CTCCTCKGCCABW	ZN586_HUMAN.H11MO.0.C	9	0.00017777	0.136705	0.273411	11	CTCCTCTGCCAGT	CATTTTTTCCTCCTAGGCCT	-
412-CTGATCCCCGC	ZN331_HUMAN.H11MO.0.C	8	7.24118e-05	0.0556847	0.110958	11	CTGATCCCCGC	CCACCCAGCTGAGCCCAGCC	-
413-CTGCCTCCCC	ZN770_HUMAN.H11MO.0.C	13	0.000100014	0.0769108	0.0756786	9	CTGCCTCCCC	GATCCTCCCGCCTCAGCCTCCC	-
413-CTGCCTCCCC	ZN770_HUMAN.H11MO.1.C	2	0.000101388	0.077967	0.0756786	9	CTGCCTCCCC	CTCAGCCTCCC	-
413-CTGCCTCCCC	WT1_HUMAN.H11MO.0.C	5	0.000555896	0.427484	0.174889	10	CTGCCTCCCC	CCCCCCCTCCTCCCCCGCCC	-
413-CTGCCTCCCC	WT1_HUMAN.H11MO.1.B	0	0.000559682	0.430395	0.174889	10	CTGCCTCCCC	CCTCCTCCCAC	-
413-CTGCCTCCCC	ZN740_HUMAN.H11MO.0.D	1	0.000663047	0.509883	0.174889	10	CTGCCTCCCC	CCCACCCCCCCCCC	-
413-CTGCCTCCCC	HEN1_HUMAN.H11MO.0.C	10	0.000721139	0.554556	0.174889	10	CTGCCTCCCC	TGGGGAGCAGCTGCGTCCCT	+
413-CTGCCTCCCC	TBX1_HUMAN.H11MO.0.D	10	0.000820052	0.63062	0.174889	10	CTGCCTCCCC	CCGCCCACCCCTGCCCACCC	-
413-CTGCCTCCCC	KLF5_HUMAN.H11MO.0.A	2	0.000962272	0.739987	0.179567	10	CTGCCTCCCC	CCCAGCCCCACCCT	-
413-CTGCCTCCCC	ZN467_HUMAN.H11MO.0.C	12	0.00109111	0.83906	0.180985	10	CTGCCTCCCC	CCCCCCCCCCCCTCCCCTCCCC	-
413-CTGCCTCCCC	ZN281_HUMAN.H11MO.0.A	0	0.00135384	1.0411	0.184301	10	CTGCCTCCCC	TCCCCTCCCCCACCC	-
413-CTGCCTCCCC	MAZ_HUMAN.H11MO.0.A	11	0.00168941	1.29916	0.184301	10	CTGCCTCCCC	CCCCCCCCCCCCCCCCTCCCCC	-
413-CTGCCTCCCC	ZN350_HUMAN.H11MO.1.D	13	0.00171042	1.31531	0.184301	10	CTGCCTCCCC	GGGCAACAAATCCCTGCGCCCCGT	-
413-CTGCCTCCCC	ZN263_HUMAN.H11MO.1.A	0	0.00175759	1.35159	0.184301	10	CTGCCTCCCC	CCTCCTCCCTC	-
413-CTGCCTCCCC	ZN219_HUMAN.H11MO.0.D	1	0.00185761	1.42851	0.184301	10	CTGCCTCCCC	TCCGCCCCCCTC	-
413-CTGCCTCCCC	MAZ_HUMAN.H11MO.1.A	0	0.0019736	1.5177	0.184301	10	CTGCCTCCCC	CCCCCTCCCTC	-
413-CTGCCTCCCC	FLI1_HUMAN.H11MO.0.A	6	0.00206902	1.59107	0.184301	10	CTGCCTCCCC	TCCCTCCTTCCTTCCTCC	-
413-CTGCCTCCCC	VEZF1_HUMAN.H11MO.1.C	0	0.00220871	1.6985	0.184301	10	CTGCCTCCCC	CCCCCTCCCCCT	-
413-CTGCCTCCCC	EGR4_HUMAN.H11MO.0.D	3	0.00234489	1.80322	0.184301	8	CTGCCTCCCC	GCCCTGCCGCC	-
413-CTGCCTCCCC	ZN263_HUMAN.H11MO.0.A	8	0.00234565	1.8038	0.184301	10	CTGCCTCCCC	CTCCTCCTCTCCCTCCTCCC	-
413-CTGCCTCCCC	KLF1_HUMAN.H11MO.0.A	2	0.00248889	1.91396	0.185778	10	CTGCCTCCCC	CCCGGCCCCGCCCC	-
413-CTGCCTCCCC	ZIC1_HUMAN.H11MO.0.B	-1	0.00267447	2.05667	0.190124	9	CTGCCTCCCC	GACCACCCC	-
413-CTGCCTCCCC	PATZ1_HUMAN.H11MO.1.C	-1	0.00301119	2.31561	0.202129	9	CTGCCTCCCC	CCCCTCCCT	-
413-CTGCCTCCCC	SP2_HUMAN.H11MO.0.A	9	0.00327468	2.51823	0.202129	10	CTGCCTCCCC	CCCCCGGCCCCGCCCCCCCCCC	-
413-CTGCCTCCCC	SMAD2_HUMAN.H11MO.0.A	3	0.00328427	2.52561	0.202129	9	CTGCCTCCCC	TGTCTGTCACCT	+
413-CTGCCTCCCC	ZFX_HUMAN.H11MO.1.A	3	0.00353367	2.71739	0.202129	10	CTGCCTCCCC	CCCCGGCCTCCGCCCCC	-
413-CTGCCTCCCC	E2F6_HUMAN.H11MO.0.A	3	0.00365573	2.81126	0.202129	10	CTGCCTCCCC	CCCTTCCCGCCCC	-
413-CTGCCTCCCC	ZN148_HUMAN.H11MO.0.D	-1	0.00385863	2.96729	0.205728	9	CTGCCTCCCC	CCCCTCCCCCACCCC	-
413-CTGCCTCCCC	ERG_HUMAN.H11MO.0.A	3	0.00408534	3.14162	0.210304	10	CTGCCTCCCC	CCACTTCCTGCCC	-
413-CTGCCTCCCC	ZN528_HUMAN.H11MO.0.C	6	0.00445563	3.42638	0.221721	10	CTGCCTCCCC	TCAGAAATGGCTTCCCTGGG	-
413-CTGCCTCCCC	VEZF1_HUMAN.H11MO.0.C	5	0.00491257	3.77777	0.223528	10	CTGCCTCCCC	CCCCTCCCCCTCCCCCCTCCCC	-
413-CTGCCTCCCC	MAFK_HUMAN.H11MO.1.A	2	0.0050889	3.91337	0.223528	10	CTGCCTCCCC	TGCTGACTCAGCA	-
413-CTGCCTCCCC	ETV5_HUMAN.H11MO.0.C	4	0.00516104	3.96884	0.223528	10	CTGCCTCCCC	CTCACTTCCTGCTC	-
413-CTGCCTCCCC	EGR2_HUMAN.H11MO.1.A	0	0.00520783	4.00482	0.223528	10	CTGCCTCCCC	CCCCCGCCCACGCCCC	-
413-CTGCCTCCCC	EGR1_HUMAN.H11MO.0.A	0	0.00524061	4.03003	0.223528	10	CTGCCTCCCC	CCCCCGCCCACGCCCTC	-
413-CTGCCTCCCC	KLF4_HUMAN.H11MO.0.A	-2	0.00582671	4.48074	0.241623	8	CTGCCTCCCC	GCCACACCCT	-
413-CTGCCTCCCC	SP1_HUMAN.H11MO.1.A	0	0.00676644	5.20339	0.271675	10	CTGCCTCCCC	CGGCCCCGCCCCCC	-
413-CTGCCTCCCC	FLI1_HUMAN.H11MO.1.A	3	0.0070298	5.40592	0.271675	10	CTGCCTCCCC	CCACTTCCTGCCT	-
413-CTGCCTCCCC	ZN554_HUMAN.H11MO.1.D	-1	0.00709734	5.45785	0.271675	9	CTGCCTCCCC	TGGCTCTGC	-
413-CTGCCTCCCC	KLF12_HUMAN.H11MO.0.C	-2	0.00826065	6.35244	0.296944	8	CTGCCTCCCC	GCCCCGCCCCT	-
413-CTGCCTCCCC	SMAD3_HUMAN.H11MO.0.B	2	0.00869038	6.6829	0.296944	10	CTGCCTCCCC	CTCTGTCACCTG	+
413-CTGCCTCCCC	SP2_HUMAN.H11MO.1.B	3	0.00869038	6.6829	0.296944	9	CTGCCTCCCC	GCCCCGCCCCCT	-
413-CTGCCTCCCC	ZN784_HUMAN.H11MO.0.D	0	0.00870358	6.69306	0.296944	10	CTGCCTCCCC	GTACCTACCTC	-
413-CTGCCTCCCC	TBX15_HUMAN.H11MO.0.D	0	0.0088782	6.82733	0.296944	10	CTGCCTCCCC	CCCCCACCCCCCCCCCCCC	-
413-CTGCCTCCCC	ZSC22_HUMAN.H11MO.0.C	-3	0.00895095	6.88328	0.296944	7	CTGCCTCCCC	CCTCCTCCCTCAGACC	-
413-CTGCCTCCCC	KLF6_HUMAN.H11MO.0.A	4	0.0098844	7.6011	0.320783	10	CTGCCTCCCC	CCCCCGGCCCCGCCCTTCC	-
413-CTGCCTCCCC	KLF15_HUMAN.H11MO.0.A	9	0.010426	8.01756	0.32426	10	CTGCCTCCCC	CCCCCCCCTGCTCCTCCCC	-
413-CTGCCTCCCC	KLF3_HUMAN.H11MO.0.B	2	0.010426	8.01756	0.32426	10	CTGCCTCCCC	CCCGGCCCCGCCCCTCCCC	-
413-CTGCCTCCCC	JUND_HUMAN.H11MO.0.A	1	0.0118551	9.11656	0.357997	10	CTGCCTCCCC	GATGACTCATC	-
413-CTGCCTCCCC	KLF16_HUMAN.H11MO.0.D	6	0.0122187	9.39619	0.357997	10	CTGCCTCCCC	CCCCCCCCCCCCCGCCCCC	-
413-CTGCCTCCCC	FOS_HUMAN.H11MO.0.A	0	0.0122302	9.40499	0.357997	9	CTGCCTCCCC	GTGACTCAC	-
413-CTGCCTCCCC	GLIS1_HUMAN.H11MO.0.D	-1	0.0131107	10.0821	0.372308	9	CTGCCTCCCC	AGACCCCCCACGA	-
413-CTGCCTCCCC	SP1_HUMAN.H11MO.0.A	8	0.0132178	10.1645	0.372308	10	CTGCCTCCCC	CCCCCCCCCGGCCCCGCCCCCC	-
413-CTGCCTCCCC	TAL1_HUMAN.H11MO.1.A	5	0.0139432	10.7223	0.373336	10	CTGCCTCCCC	CACATCTGCTTCCTG	-
413-CTGCCTCCCC	EGR2_HUMAN.H11MO.0.A	-1	0.0144456	11.1086	0.373336	9	CTGCCTCCCC	CCCCTCCCACACCCCCCC	-
413-CTGCCTCCCC	ZN257_HUMAN.H11MO.0.C	4	0.0144881	11.1413	0.373336	8	CTGCCTCCCC	GCTCTTGCCTCT	+
413-CTGCCTCCCC	GLIS3_HUMAN.H11MO.0.D	-1	0.0149346	11.4847	0.373336	9	CTGCCTCCCC	TACCCCCCAC	-
413-CTGCCTCCCC	SP4_HUMAN.H11MO.1.A	2	0.0150507	11.574	0.373336	10	CTGCCTCCCC	CGGCCCCGCCCCCTCC	-
413-CTGCCTCCCC	MAFG_HUMAN.H11MO.0.A	7	0.0152085	11.6954	0.373336	10	CTGCCTCCCC	AAAATTGCTGACTCAGCA	+
413-CTGCCTCCCC	ARNT2_HUMAN.H11MO.0.D	2	0.0152303	11.7121	0.373336	10	CTGCCTCCCC	GCCTCCCACGCC	-
413-CTGCCTCCCC	IKZF1_HUMAN.H11MO.0.C	-3	0.0153878	11.8332	0.373336	7	CTGCCTCCCC	TCTCCCAA	-
413-CTGCCTCCCC	SP3_HUMAN.H11MO.0.B	5	0.0155561	11.9626	0.373336	10	CTGCCTCCCC	CCCCGGCCCCGCCCCCCCCC	-
413-CTGCCTCCCC	BACH1_HUMAN.H11MO.0.A	2	0.0160284	12.3258	0.373336	10	CTGCCTCCCC	GCATGACTCAGCA	-
413-CTGCCTCCCC	TFDP1_HUMAN.H11MO.0.C	5	0.0163242	12.5533	0.373336	9	CTGCCTCCCC	TTTTCCCGCCCCCC	-
413-CTGCCTCCCC	FOSB_HUMAN.H11MO.0.A	0	0.0167776	12.902	0.373336	9	CTGCCTCCCC	ATGACTCAT	-
413-CTGCCTCCCC	JUNB_HUMAN.H11MO.0.A	1	0.0168433	12.9525	0.373336	10	CTGCCTCCCC	GGTGACTCAGA	-
413-CTGCCTCCCC	MZF1_HUMAN.H11MO.0.B	0	0.0168452	12.954	0.373336	10	CTGCCTCCCC	CCCAATCCCCTCC	-
413-CTGCCTCCCC	PURA_HUMAN.H11MO.0.D	2	0.017722	13.6282	0.373336	10	CTGCCTCCCC	CCCTGCCCCCCCCTTCC	-
413-CTGCCTCCCC	ETV7_HUMAN.H11MO.0.D	0	0.0178567	13.7318	0.373336	7	CTGCCTCCCC	CTTCCTG	-
413-CTGCCTCCCC	PLAL1_HUMAN.H11MO.0.D	0	0.0182564	14.0392	0.373336	10	CTGCCTCCCC	GGGCCCCCCG	-
413-CTGCCTCCCC	SALL4_HUMAN.H11MO.0.B	-2	0.0182564	14.0392	0.373336	8	CTGCCTCCCC	CCCACCCTCC	-
413-CTGCCTCCCC	ZBT17_HUMAN.H11MO.0.A	2	0.0184707	14.204	0.373336	10	CTGCCTCCCC	CTTCCCCTCCCCCACCCTC	-
413-CTGCCTCCCC	E2F7_HUMAN.H11MO.0.B	3	0.019529	15.0178	0.373336	10	CTGCCTCCCC	CCTTTCCCGCCCC	-
413-CTGCCTCCCC	PTF1A_HUMAN.H11MO.0.B	4	0.0196059	15.0769	0.373336	10	CTGCCTCCCC	CCAGCTGCCCCCTTTCCC	+
413-CTGCCTCCCC	ASCL1_HUMAN.H11MO.0.A	6	0.0199017	15.3044	0.373336	8	CTGCCTCCCC	CTGCACCTGCTCCC	+
413-CTGCCTCCCC	ZN335_HUMAN.H11MO.1.A	-1	0.0200263	15.4002	0.373336	7	CTGCCTCCCC	TGCCTGA	+
413-CTGCCTCCCC	PATZ1_HUMAN.H11MO.0.C	6	0.0200355	15.4073	0.373336	10	CTGCCTCCCC	CCTCCCCCCCCGCCCCCTCCCC	-
413-CTGCCTCCCC	JUN_HUMAN.H11MO.0.A	1	0.020499	15.7637	0.373336	10	CTGCCTCCCC	GATGACTCATC	-
413-CTGCCTCCCC	ETV4_HUMAN.H11MO.0.B	2	0.020499	15.7637	0.373336	9	CTGCCTCCCC	CCCTTCCTGTT	-
413-CTGCCTCCCC	E2F4_HUMAN.H11MO.0.A	2	0.0205067	15.7697	0.373336	10	CTGCCTCCCC	ATTTCCCGCCCCC	-
413-CTGCCTCCCC	ETS1_HUMAN.H11MO.0.A	3	0.0205067	15.7697	0.373336	10	CTGCCTCCCC	CCACTTCCTGTCT	-
413-CTGCCTCCCC	SMAD4_HUMAN.H11MO.0.B	4	0.0205067	15.7697	0.373336	9	CTGCCTCCCC	CTGTCTGGCACCT	+
413-CTGCCTCCCC	KLF9_HUMAN.H11MO.0.C	-1	0.0218548	16.8063	0.393085	9	CTGCCTCCCC	GGCCACGCCCCCTCC	-
413-CTGCCTCCCC	ZN563_HUMAN.H11MO.1.C	5	0.0225451	17.3372	0.400674	7	CTGCCTCCCC	CTGTGCTGCCTG	-
413-CTGCCTCCCC	ETV6_HUMAN.H11MO.0.D	1	0.022824	17.5517	0.400859	8	CTGCCTCCCC	ACTTCCTGT	-
413-CTGCCTCCCC	MAFF_HUMAN.H11MO.0.B	2	0.0251322	19.3267	0.430414	10	CTGCCTCCCC	TGCTGAGTCAGCATTTTT	+
413-CTGCCTCCCC	ZN436_HUMAN.H11MO.0.C	-3	0.0252512	19.4182	0.430414	7	CTGCCTCCCC	CCTCCTCCAGGAAGCCTTCCCTGA	-
413-CTGCCTCCCC	E2F1_HUMAN.H11MO.0.A	2	0.0253718	19.5109	0.430414	10	CTGCCTCCCC	CTTTCCCGCCCCCC	-
413-CTGCCTCCCC	MAFK_HUMAN.H11MO.0.A	7	0.0263939	20.2969	0.43468	10	CTGCCTCCCC	AAAATTGCTGAGTCAGCA	+
413-CTGCCTCCCC	MAFF_HUMAN.H11MO.1.B	2	0.0265377	20.4075	0.43468	7	CTGCCTCCCC	TGCTGAGTC	+
413-CTGCCTCCCC	SP4_HUMAN.H11MO.0.A	7	0.0271091	20.8469	0.43468	10	CTGCCTCCCC	CCCGGCCCCGCCCCCTTCCC	-
413-CTGCCTCCCC	TAF1_HUMAN.H11MO.0.A	3	0.0272725	20.9725	0.43468	10	CTGCCTCCCC	CCGCCGCCGCCATCTT	-
413-CTGCCTCCCC	TBX3_HUMAN.H11MO.0.C	0	0.0273691	21.0468	0.43468	10	CTGCCTCCCC	TTCCCACCTCC	-
413-CTGCCTCCCC	MYBA_HUMAN.H11MO.0.D	7	0.0278385	21.4078	0.437461	8	CTGCCTCCCC	TCTCCAACTGCCACT	-
413-CTGCCTCCCC	SMAD1_HUMAN.H11MO.0.D	3	0.028624	22.0118	0.44512	9	CTGCCTCCCC	AGCCTGTCTGCC	+
413-CTGCCTCCCC	ZF64A_HUMAN.H11MO.0.D	0	0.030019	23.0846	0.462001	10	CTGCCTCCCC	CAGGTTCCCGGGCCCC	-
413-CTGCCTCCCC	PBX1_HUMAN.H11MO.0.A	0	0.0311834	23.9801	0.474233	10	CTGCCTCCCC	CTGTCAATCA	-
413-CTGCCTCCCC	MYB_HUMAN.H11MO.0.A	4	0.0314492	24.1844	0.474233	8	CTGCCTCCCC	CCAACTGCCACC	-
413-CTGCCTCCCC	PRDM4_HUMAN.H11MO.0.D	4	0.0330125	25.3866	0.492829	10	CTGCCTCCCC	TTTCAAGGCCCCCCAC	-
415-CTTTCAGCKGC	MYF6_HUMAN.H11MO.0.C	-4	0.000129793	0.0998105	0.19739	7	CTTTCAGCTGC	CAGCTGC	+
415-CTTTCAGCKGC	ASCL2_HUMAN.H11MO.0.D	-3	0.000657891	0.505918	0.411734	8	CTTTCAGCTGC	CCAGCTGCT	+
415-CTTTCAGCKGC	PTF1A_HUMAN.H11MO.1.B	-3	0.00104508	0.803667	0.411734	8	CTTTCAGCTGC	CCAGCTGCT	-
415-CTTTCAGCKGC	TBX20_HUMAN.H11MO.0.D	2	0.00113952	0.876295	0.411734	11	CTTTCAGCTGC	ACCTGTCAGCACCT	-
415-CTTTCAGCKGC	TFAP4_HUMAN.H11MO.0.A	-3	0.00240166	1.84687	0.411734	8	CTTTCAGCTGC	CCAGCTGTTT	+
415-CTTTCAGCKGC	MEIS1_HUMAN.H11MO.1.B	1	0.00252359	1.94064	0.411734	8	CTTTCAGCTGC	GCTGTCAGC	-
415-CTTTCAGCKGC	BHA15_HUMAN.H11MO.0.B	-3	0.00275281	2.11691	0.411734	8	CTTTCAGCTGC	CCAGCTGCTGC	-
415-CTTTCAGCKGC	MYOD1_HUMAN.H11MO.1.A	-1	0.00307359	2.36359	0.411734	10	CTTTCAGCTGC	CTGCAGCTGTC	+
415-CTTTCAGCKGC	PRDM1_HUMAN.H11MO.0.A	3	0.00312635	2.40416	0.411734	11	CTTTCAGCTGC	TCACTTTCACTTTC	-
415-CTTTCAGCKGC	HEN1_HUMAN.H11MO.0.C	3	0.00332609	2.55776	0.411734	11	CTTTCAGCTGC	TGGGGAGCAGCTGCGTCCCT	+
415-CTTTCAGCKGC	ITF2_HUMAN.H11MO.0.C	-2	0.00379561	2.91882	0.411734	9	CTTTCAGCTGC	CCCAGCTGCC	-
415-CTTTCAGCKGC	TF7L2_HUMAN.H11MO.0.A	2	0.00410753	3.15869	0.411734	11	CTTTCAGCTGC	CCCTTTGATGTGG	+
415-CTTTCAGCKGC	ASCL1_HUMAN.H11MO.0.A	-1	0.00431616	3.31913	0.411734	10	CTTTCAGCTGC	CTGCACCTGCTCCC	+
415-CTTTCAGCKGC	MYOG_HUMAN.H11MO.0.B	-1	0.00433172	3.3311	0.411734	10	CTTTCAGCTGC	CCGCAGCTGTCCC	+
415-CTTTCAGCKGC	MAF_HUMAN.H11MO.1.B	-1	0.00686217	5.27701	0.427355	8	CTTTCAGCTGC	AGTCAGCA	-
415-CTTTCAGCKGC	LEF1_HUMAN.H11MO.0.A	2	0.00691209	5.3154	0.427355	11	CTTTCAGCTGC	TCCTTTGATTTGCT	+
415-CTTTCAGCKGC	TFE2_HUMAN.H11MO.0.A	-2	0.00722132	5.5532	0.427355	9	CTTTCAGCTGC	CACAGCTGCAG	+
415-CTTTCAGCKGC	HTF4_HUMAN.H11MO.0.A	-2	0.00734511	5.64839	0.427355	9	CTTTCAGCTGC	CACAGCTGCA	-
415-CTTTCAGCKGC	ZN134_HUMAN.H11MO.1.C	0	0.0075072	5.77304	0.427355	11	CTTTCAGCTGC	CCTTCACCTGATTAGGT	-
415-CTTTCAGCKGC	TF7L1_HUMAN.H11MO.0.B	3	0.00767625	5.90303	0.427355	10	CTTTCAGCTGC	TGCCTTTGATGTT	+
415-CTTTCAGCKGC	ATOH1_HUMAN.H11MO.0.B	-3	0.00812671	6.24944	0.427355	8	CTTTCAGCTGC	CCATCTGCT	-
415-CTTTCAGCKGC	TGIF1_HUMAN.H11MO.0.A	1	0.00822601	6.3258	0.427355	6	CTTTCAGCTGC	GCTGTCA	-
415-CTTTCAGCKGC	IRF1_HUMAN.H11MO.0.A	3	0.0083018	6.38408	0.427355	11	CTTTCAGCTGC	TTACTTTCACTTTCATTTTC	-
415-CTTTCAGCKGC	IRF8_HUMAN.H11MO.0.B	3	0.0083018	6.38408	0.427355	11	CTTTCAGCTGC	TTACTTTCACTTCCTCTTTT	-
417-CWGACRYGTCWG	P53_HUMAN.H11MO.0.A	9	0.00107819	0.82913	0.422729	11	CAGACGCGTCTG	AGACATGCCCAGACATGCCC	+
417-CWGACRYGTCWG	P53_HUMAN.H11MO.1.A	-1	0.00163166	1.25474	0.422729	11	CAGACGCGTCTG	GGACATGCCTGGG	+
417-CWGACRYGTCWG	P73_HUMAN.H11MO.1.A	-1	0.00165596	1.27344	0.422729	11	CAGACGCGTCTG	GAACATGCCTGG	+
417-CWGACRYGTCWG	XBP1_HUMAN.H11MO.0.D	1	0.00250299	1.9248	0.446994	10	CAGACGCGTCTG	GCTGACGTGGC	+
417-CWGACRYGTCWG	P63_HUMAN.H11MO.1.A	-1	0.00341112	2.62315	0.446994	11	CAGACGCGTCTG	GAGCATGCCTG	+
417-CWGACRYGTCWG	P73_HUMAN.H11MO.0.A	9	0.00350204	2.69307	0.446994	10	CAGACGCGTCTG	AGACATGCCCAGACATGCC	+
417-CWGACRYGTCWG	P63_HUMAN.H11MO.0.A	8	0.00420218	3.23148	0.459736	11	CAGACGCGTCTG	GGCATGTCCAGGCATGCCC	+
422-GCCCSGGSCCGCG	ZF64A_HUMAN.H11MO.0.D	3	7.17824e-05	0.0552007	0.109994	13	GCCCGGGGCCGCG	GGGGCCCGGGAACCTG	+
424-GCCMATCRCSRCWGA	PBX3_HUMAN.H11MO.1.A	1	9.95781e-05	0.0765756	0.0706306	8	GCCAATCACCGCAGA	TGCCAATCA	-
424-GCCMATCRCSRCWGA	CEBPZ_HUMAN.H11MO.0.D	1	0.000119817	0.0921395	0.0706306	10	GCCAATCACCGCAGA	AGCCAATCAGC	-
424-GCCMATCRCSRCWGA	NFYB_HUMAN.H11MO.0.A	2	0.00013816	0.106245	0.0706306	11	GCCAATCACCGCAGA	CAGCCAATCAGAG	+
424-GCCMATCRCSRCWGA	FOXI1_HUMAN.H11MO.0.B	1	0.000348879	0.268288	0.133766	11	GCCAATCACCGCAGA	GACCAATCAGAG	-
424-GCCMATCRCSRCWGA	NFYC_HUMAN.H11MO.0.A	3	0.000455611	0.350365	0.139751	11	GCCAATCACCGCAGA	CTAGCCAATCAGAG	+
424-GCCMATCRCSRCWGA	NFYA_HUMAN.H11MO.0.A	3	0.000578824	0.445116	0.147954	11	GCCAATCACCGCAGA	TCAGCCAATCAGAA	+
424-GCCMATCRCSRCWGA	PKNX1_HUMAN.H11MO.0.B	3	0.00195106	1.50036	0.424632	8	GCCAATCACCGCAGA	CCTGTCAATCA	-
424-GCCMATCRCSRCWGA	PBX3_HUMAN.H11MO.0.A	3	0.00221499	1.70332	0.424632	8	GCCAATCACCGCAGA	CCTGTCAATCA	-
424-GCCMATCRCSRCWGA	GFI1_HUMAN.H11MO.0.C	-2	0.00271591	2.08854	0.462812	10	GCCAATCACCGCAGA	AAATCACAGC	-
424-GCCMATCRCSRCWGA	NFIA_HUMAN.H11MO.1.D	1	0.00305109	2.34629	0.467937	6	GCCAATCACCGCAGA	TGCCAAG	-
428-GGAACCRCCCMCK	GLIS1_HUMAN.H11MO.0.D	-1	0.000147255	0.113239	0.0695668	12	GGAACCACCCCCG	AGACCCCCCACGA	-
428-GGAACCRCCCMCK	SP1_HUMAN.H11MO.1.A	1	0.00015044	0.115688	0.0695668	13	GGAACCACCCCCG	CGGCCCCGCCCCCC	-
428-GGAACCRCCCMCK	GLI2_HUMAN.H11MO.0.D	-1	0.000255518	0.196493	0.0695668	11	GGAACCACCCCCG	AGACCACCCAC	-
428-GGAACCRCCCMCK	GLI3_HUMAN.H11MO.0.B	-1	0.000255518	0.196493	0.0695668	11	GGAACCACCCCCG	GGACCACCCAG	-
428-GGAACCRCCCMCK	KLF9_HUMAN.H11MO.0.C	0	0.000263159	0.202369	0.0695668	13	GGAACCACCCCCG	GGCCACGCCCCCTCC	-
428-GGAACCRCCCMCK	SP1_HUMAN.H11MO.0.A	9	0.000343647	0.264265	0.0695668	13	GGAACCACCCCCG	CCCCCCCCCGGCCCCGCCCCCC	-
428-GGAACCRCCCMCK	KLF8_HUMAN.H11MO.0.C	-5	0.000344523	0.264938	0.0695668	8	GGAACCACCCCCG	CACCCCCTG	-
428-GGAACCRCCCMCK	ZIC1_HUMAN.H11MO.0.B	-2	0.00036953	0.284169	0.0695668	9	GGAACCACCCCCG	GACCACCCC	-
428-GGAACCRCCCMCK	EGR1_HUMAN.H11MO.0.A	-1	0.000453561	0.348789	0.0732464	12	GGAACCACCCCCG	CCCCCGCCCACGCCCTC	-
428-GGAACCRCCCMCK	ZN219_HUMAN.H11MO.0.D	-3	0.000486345	0.373999	0.0732464	10	GGAACCACCCCCG	TCCGCCCCCCTC	-
428-GGAACCRCCCMCK	NFKB1_HUMAN.H11MO.1.B	1	0.0006187	0.47578	0.0781591	10	GGAACCACCCCCG	GGGAAATTCCC	+
428-GGAACCRCCCMCK	GLIS3_HUMAN.H11MO.0.D	-2	0.000622757	0.4789	0.0781591	10	GGAACCACCCCCG	TACCCCCCAC	-
428-GGAACCRCCCMCK	EGR2_HUMAN.H11MO.1.A	-1	0.000777346	0.597779	0.0842889	12	GGAACCACCCCCG	CCCCCGCCCACGCCCC	-
428-GGAACCRCCCMCK	GLI1_HUMAN.H11MO.0.D	-1	0.000827579	0.636408	0.0842889	12	GGAACCACCCCCG	AGACCACCCAGG	-
428-GGAACCRCCCMCK	SP3_HUMAN.H11MO.0.B	4	0.000884706	0.680339	0.0842889	13	GGAACCACCCCCG	CCCCGGCCCCGCCCCCCCCC	-
428-GGAACCRCCCMCK	TF65_HUMAN.H11MO.0.A	2	0.000952106	0.732169	0.0842889	12	GGAACCACCCCCG	CTGGAAATTCCCTG	-
428-GGAACCRCCCMCK	SP2_HUMAN.H11MO.1.B	-1	0.000984552	0.75712	0.0842889	12	GGAACCACCCCCG	GCCCCGCCCCCT	-
428-GGAACCRCCCMCK	GLIS2_HUMAN.H11MO.0.D	-2	0.0010074	0.774688	0.0842889	11	GGAACCACCCCCG	GACCCCCCGCGAAG	-
428-GGAACCRCCCMCK	SP2_HUMAN.H11MO.0.A	5	0.00134376	1.03335	0.106515	13	GGAACCACCCCCG	CCCCCGGCCCCGCCCCCCCCCC	-
428-GGAACCRCCCMCK	SP4_HUMAN.H11MO.1.A	1	0.00190295	1.46337	0.143298	13	GGAACCACCCCCG	CGGCCCCGCCCCCTCC	-
428-GGAACCRCCCMCK	ZN341_HUMAN.H11MO.1.C	0	0.00205599	1.58106	0.14745	9	GGAACCACCCCCG	GGAACAGCC	+
428-GGAACCRCCCMCK	EGR2_HUMAN.H11MO.0.A	-2	0.00228435	1.75666	0.15638	11	GGAACCACCCCCG	CCCCTCCCACACCCCCCC	-
428-GGAACCRCCCMCK	KLF13_HUMAN.H11MO.0.D	-3	0.00240442	1.849	0.156381	10	GGAACCACCCCCG	CACGCCCCCCT	-
428-GGAACCRCCCMCK	NFKB2_HUMAN.H11MO.0.B	1	0.00254403	1.95636	0.156381	10	GGAACCACCCCCG	GGGAAAGCCCC	+
428-GGAACCRCCCMCK	EGR3_HUMAN.H11MO.0.D	-4	0.00269118	2.06952	0.156381	9	GGAACCACCCCCG	ACACCCACTCT	-
428-GGAACCRCCCMCK	KLF12_HUMAN.H11MO.0.C	-1	0.00284625	2.18877	0.156381	11	GGAACCACCCCCG	GCCCCGCCCCT	-
428-GGAACCRCCCMCK	KLF3_HUMAN.H11MO.0.B	3	0.0028662	2.20411	0.156381	13	GGAACCACCCCCG	CCCGGCCCCGCCCCTCCCC	-
428-GGAACCRCCCMCK	KLF4_HUMAN.H11MO.0.A	-3	0.0030112	2.31561	0.156381	10	GGAACCACCCCCG	GCCACACCCT	-
428-GGAACCRCCCMCK	SALL4_HUMAN.H11MO.0.B	-3	0.0030112	2.31561	0.156381	10	GGAACCACCCCCG	CCCACCCTCC	-
428-GGAACCRCCCMCK	KLF1_HUMAN.H11MO.0.A	3	0.0036986	2.84422	0.182346	11	GGAACCACCCCCG	CCCGGCCCCGCCCC	-
428-GGAACCRCCCMCK	TBX15_HUMAN.H11MO.0.D	-1	0.00415481	3.19505	0.182346	12	GGAACCACCCCCG	CCCCCACCCCCCCCCCCCC	-
428-GGAACCRCCCMCK	ZN329_HUMAN.H11MO.0.C	2	0.00415547	3.19555	0.182346	13	GGAACCACCCCCG	CTGGATCCAGCCATGCCTGA	+
428-GGAACCRCCCMCK	SP4_HUMAN.H11MO.0.A	3	0.00415547	3.19555	0.182346	13	GGAACCACCCCCG	CCCGGCCCCGCCCCCTTCCC	-
428-GGAACCRCCCMCK	RUNX1_HUMAN.H11MO.0.A	0	0.00418852	3.22097	0.182346	11	GGAACCACCCCCG	GAAACCACAGA	-
428-GGAACCRCCCMCK	RUNX3_HUMAN.H11MO.0.A	-1	0.00423762	3.25873	0.182346	10	GGAACCACCCCCG	AAACCACAAA	-
428-GGAACCRCCCMCK	ZN740_HUMAN.H11MO.0.D	0	0.00454872	3.49797	0.190296	13	GGAACCACCCCCG	CCCACCCCCCCCCC	-
428-GGAACCRCCCMCK	RREB1_HUMAN.H11MO.0.D	4	0.00525317	4.03969	0.213827	13	GGAACCACCCCCG	ACCCCAAACCACCCCCCCCCCC	-
428-GGAACCRCCCMCK	MAZ_HUMAN.H11MO.1.A	-1	0.00643466	4.94826	0.248487	11	GGAACCACCCCCG	CCCCCTCCCTC	-
428-GGAACCRCCCMCK	WT1_HUMAN.H11MO.1.B	-1	0.00643466	4.94826	0.248487	11	GGAACCACCCCCG	CCTCCTCCCAC	-
428-GGAACCRCCCMCK	ZN436_HUMAN.H11MO.0.C	9	0.00679466	5.22509	0.254908	13	GGAACCACCCCCG	CCTCCTCCAGGAAGCCTTCCCTGA	-
428-GGAACCRCCCMCK	RELB_HUMAN.H11MO.0.C	1	0.00693945	5.33644	0.254908	11	GGAACCACCCCCG	GGGAAATCCCCC	-
428-GGAACCRCCCMCK	KLF16_HUMAN.H11MO.0.D	7	0.00731232	5.62317	0.262209	12	GGAACCACCCCCG	CCCCCCCCCCCCCGCCCCC	-
428-GGAACCRCCCMCK	ZN148_HUMAN.H11MO.0.D	-2	0.00758408	5.83216	0.26563	11	GGAACCACCCCCG	CCCCTCCCCCACCCC	-
428-GGAACCRCCCMCK	KLF5_HUMAN.H11MO.0.A	1	0.00792061	6.09095	0.271112	13	GGAACCACCCCCG	CCCAGCCCCACCCT	-
428-GGAACCRCCCMCK	WT1_HUMAN.H11MO.0.C	4	0.00810655	6.23393	0.27131	13	GGAACCACCCCCG	CCCCCCCTCCTCCCCCGCCC	-
428-GGAACCRCCCMCK	KLF14_HUMAN.H11MO.0.D	-1	0.00829052	6.37541	0.271435	12	GGAACCACCCCCG	GCCACGCCCCCCT	-
428-GGAACCRCCCMCK	MYBA_HUMAN.H11MO.0.D	3	0.00879448	6.76296	0.281809	12	GGAACCACCCCCG	TCTCCAACTGCCACT	-
428-GGAACCRCCCMCK	NR0B1_HUMAN.H11MO.0.D	-4	0.0101507	7.80591	0.318492	9	GGAACCACCCCCG	TCTCCCACGC	-
428-GGAACCRCCCMCK	ZN281_HUMAN.H11MO.0.A	-1	0.0117701	9.05122	0.35453	12	GGAACCACCCCCG	TCCCCTCCCCCACCC	-
428-GGAACCRCCCMCK	TBX1_HUMAN.H11MO.0.D	0	0.0126445	9.72365	0.373401	13	GGAACCACCCCCG	CCGCCCACCCCTGCCCACCC	-
428-GGAACCRCCCMCK	ZN784_HUMAN.H11MO.0.D	-1	0.013231	10.1746	0.383206	11	GGAACCACCCCCG	GTACCTACCTC	-
428-GGAACCRCCCMCK	ZIC4_HUMAN.H11MO.0.D	-2	0.0142445	10.954	0.404775	11	GGAACCACCCCCG	GACCCCCCGCTGTGC	-
428-GGAACCRCCCMCK	RUNX2_HUMAN.H11MO.0.A	1	0.0148491	11.4189	0.414141	13	GGAACCACCCCCG	ACAAACCACAGACA	-
428-GGAACCRCCCMCK	KLF6_HUMAN.H11MO.0.A	5	0.0160014	12.3051	0.434209	13	GGAACCACCCCCG	CCCCCGGCCCCGCCCTTCC	-
428-GGAACCRCCCMCK	EGR4_HUMAN.H11MO.0.D	-1	0.0161452	12.4157	0.434209	11	GGAACCACCCCCG	GCCCTGCCGCC	-
429-GGAAGTGAAA	IRF8_HUMAN.H11MO.0.B	6	1.62377e-07	0.000124868	0.000246421	10	GGAAGTGAAA	AAAAGAGGAAGTGAAAGTAA	+
429-GGAAGTGAAA	IRF4_HUMAN.H11MO.0.A	6	3.9891e-07	0.000306762	0.000302691	10	GGAAGTGAAA	AAAAGAGGAAGTGAAACT	+
429-GGAAGTGAAA	SPIB_HUMAN.H11MO.0.A	7	3.43574e-06	0.00264209	0.00173801	10	GGAAGTGAAA	AAAAAGAGGAAGTGAAA	+
429-GGAAGTGAAA	PRDM1_HUMAN.H11MO.0.A	0	1.2207e-05	0.00938719	0.0046313	10	GGAAGTGAAA	GAAAGTGAAAGTGA	+
429-GGAAGTGAAA	SPI1_HUMAN.H11MO.0.A	7	2.44373e-05	0.0187923	0.00741716	10	GGAAGTGAAA	AAAAAGAGGAAGTGAAA	+
429-GGAAGTGAAA	BC11A_HUMAN.H11MO.0.A	6	3.10405e-05	0.0238701	0.00785111	10	GGAAGTGAAA	AAAAGAGGAAGTGAAAA	+
429-GGAAGTGAAA	IRF2_HUMAN.H11MO.0.A	6	5.34613e-05	0.0411117	0.0115903	10	GGAAGTGAAA	GAAAGTGAAAGTGAAAGTAA	+
429-GGAAGTGAAA	IRF1_HUMAN.H11MO.0.A	6	7.85187e-05	0.0603809	0.0148949	10	GGAAGTGAAA	GAAAATGAAAGTGAAAGTAA	+
429-GGAAGTGAAA	ELK1_HUMAN.H11MO.0.B	3	0.000288983	0.222228	0.0463486	8	GGAAGTGAAA	ACCGGAAGTGG	+
429-GGAAGTGAAA	STAT1_HUMAN.H11MO.1.A	2	0.00030541	0.23486	0.0463486	10	GGAAGTGAAA	AAGAAAATGAAACTGAAAG	+
429-GGAAGTGAAA	STAT2_HUMAN.H11MO.0.A	2	0.000375317	0.288619	0.0517797	10	GGAAGTGAAA	AGGAAAATGAAACTGAAAG	+
429-GGAAGTGAAA	IRF9_HUMAN.H11MO.0.C	0	0.000481495	0.370269	0.0608925	10	GGAAGTGAAA	GAAAGCGAAACT	+
429-GGAAGTGAAA	IRF7_HUMAN.H11MO.0.C	0	0.000523647	0.402685	0.0611293	10	GGAAGTGAAA	GAAAGTGAAA	+
429-GGAAGTGAAA	GABPA_HUMAN.H11MO.0.A	6	0.00114703	0.88207	0.115123	8	GGAAGTGAAA	GGAACCGGAAGTGG	+
429-GGAAGTGAAA	IRF3_HUMAN.H11MO.0.B	6	0.00117844	0.906222	0.115123	10	GGAAGTGAAA	GAAAGGGAAAGGGAAAGTGA	+
429-GGAAGTGAAA	ELF2_HUMAN.H11MO.0.C	5	0.00121375	0.933376	0.115123	8	GGAAGTGAAA	AACCCGGAAGTGG	+
429-GGAAGTGAAA	ELK4_HUMAN.H11MO.0.A	4	0.00156298	1.20193	0.139527	8	GGAAGTGAAA	GACCGGAAGTGG	+
429-GGAAGTGAAA	EOMES_HUMAN.H11MO.0.D	1	0.00165875	1.27558	0.13985	10	GGAAGTGAAA	AGGAGGTGTTAA	+
429-GGAAGTGAAA	NR2E3_HUMAN.H11MO.0.C	-1	0.00197702	1.52033	0.15791	9	GGAAGTGAAA	AAAGTCAAAAGTCA	+
429-GGAAGTGAAA	ETV3_HUMAN.H11MO.0.D	-1	0.00209765	1.6131	0.159169	9	GGAAGTGAAA	GAAGTGCAAACGTA	-
429-GGAAGTGAAA	ETS1_HUMAN.H11MO.0.A	5	0.00247873	1.90614	0.167686	8	GGAAGTGAAA	AGACAGGAAGTGG	+
429-GGAAGTGAAA	ETV1_HUMAN.H11MO.0.A	4	0.00250921	1.92958	0.167686	7	GGAAGTGAAA	GGCCGGAAGTG	+
429-GGAAGTGAAA	ETV5_HUMAN.H11MO.0.C	5	0.00265189	2.0393	0.167686	9	GGAAGTGAAA	GAGCAGGAAGTGAG	+
429-GGAAGTGAAA	ELF1_HUMAN.H11MO.0.A	6	0.00265189	2.0393	0.167686	8	GGAAGTGAAA	GAACCCGGAAGTGG	+
429-GGAAGTGAAA	EHF_HUMAN.H11MO.0.B	6	0.00309756	2.38202	0.180801	9	GGAAGTGAAA	GAACCAGGAAGTGGC	+
429-GGAAGTGAAA	ELF5_HUMAN.H11MO.0.A	7	0.00309756	2.38202	0.180801	8	GGAAGTGAAA	GGAAGGAGGAAGTGG	+
429-GGAAGTGAAA	ELF3_HUMAN.H11MO.0.A	6	0.0039603	3.04547	0.222596	8	GGAAGTGAAA	GAACCAGGAAGTGG	+
429-GGAAGTGAAA	ERG_HUMAN.H11MO.0.A	5	0.00414057	3.1841	0.224417	8	GGAAGTGAAA	GGGCAGGAAGTGG	+
429-GGAAGTGAAA	FLI1_HUMAN.H11MO.0.A	7	0.00588666	4.52684	0.301695	10	GGAAGTGAAA	GGAGGAAGGAAGGAGGGA	+
429-GGAAGTGAAA	ZN502_HUMAN.H11MO.0.C	4	0.00596397	4.58629	0.301695	10	GGAAGTGAAA	GAATGGAATCGAATGGAATC	+
429-GGAAGTGAAA	HIF1A_HUMAN.H11MO.0.C	0	0.00711807	5.47379	0.348461	8	GGAAGTGAAA	GGACGTGC	+
429-GGAAGTGAAA	ETV7_HUMAN.H11MO.0.D	2	0.00747969	5.75188	0.354722	5	GGAAGTGAAA	CAGGAAG	+
429-GGAAGTGAAA	IRF5_HUMAN.H11MO.0.D	5	0.00789094	6.06813	0.356274	10	GGAAGTGAAA	TAAAGGAAAGCCAAAAGTGA	+
429-GGAAGTGAAA	FLI1_HUMAN.H11MO.1.A	5	0.00798195	6.13812	0.356274	8	GGAAGTGAAA	AGGCAGGAAGTGG	+
429-GGAAGTGAAA	ETV4_HUMAN.H11MO.0.B	4	0.00941007	7.23634	0.408017	7	GGAAGTGAAA	AACAGGAAGGG	+
429-GGAAGTGAAA	ZN586_HUMAN.H11MO.0.C	7	0.0103781	7.98073	0.426332	10	GGAAGTGAAA	AGGCCTAGGAGGAAAAAATG	+
429-GGAAGTGAAA	ETS2_HUMAN.H11MO.0.B	4	0.0103943	7.99323	0.426332	9	GGAAGTGAAA	GGAAGGAAGAGGA	+
429-GGAAGTGAAA	PRDM4_HUMAN.H11MO.0.D	6	0.011894	9.14648	0.472663	10	GGAAGTGAAA	GTGGGGGGCCTTGAAA	+
429-GGAAGTGAAA	TBR1_HUMAN.H11MO.0.D	2	0.0121468	9.3409	0.472663	10	GGAAGTGAAA	AAAGGTGTGAAAA	+
429-GGAAGTGAAA	ZN143_HUMAN.H11MO.0.A	9	0.0127547	9.80838	0.473846	10	GGAAGTGAAA	GGCATTCTGGGAATTGTAGTTC	+
429-GGAAGTGAAA	ELK3_HUMAN.H11MO.0.D	4	0.0128017	9.8445	0.473846	8	GGAAGTGAAA	CCCAGGAAGTGC	+
429-GGAAGTGAAA	ETV6_HUMAN.H11MO.0.D	3	0.0140733	10.8224	0.496832	6	GGAAGTGAAA	ACAGGAAGT	+
429-GGAAGTGAAA	REL_HUMAN.H11MO.0.B	0	0.0142905	10.9894	0.496832	10	GGAAGTGAAA	TGAAGGGAAATTCCA	+
429-GGAAGTGAAA	LEF1_HUMAN.H11MO.0.A	1	0.0144049	11.0773	0.496832	10	GGAAGTGAAA	AGCAAATCAAAGGA	-
430-GGAGACAGCC	SMAD2_HUMAN.H11MO.0.A	1	0.000300082	0.230763	0.459623	10	GGAGACAGCC	AGGTGACAGACA	-
430-GGAGACAGCC	TGIF1_HUMAN.H11MO.0.A	-2	0.000999796	0.768843	0.472791	7	GGAGACAGCC	TGACAGC	+
430-GGAGACAGCC	SMAD4_HUMAN.H11MO.0.B	1	0.00141135	1.08532	0.472791	10	GGAGACAGCC	AGGTGCCAGACAG	-
430-GGAGACAGCC	MEIS1_HUMAN.H11MO.1.B	0	0.00202578	1.55783	0.472791	9	GGAGACAGCC	GCTGACAGC	+
430-GGAGACAGCC	ZN329_HUMAN.H11MO.0.C	2	0.00241238	1.85512	0.472791	10	GGAGACAGCC	CTGGATCCAGCCATGCCTGA	+
430-GGAGACAGCC	ZN341_HUMAN.H11MO.1.C	-1	0.00243041	1.86898	0.472791	9	GGAGACAGCC	GGAACAGCC	+
430-GGAGACAGCC	ZN490_HUMAN.H11MO.0.C	10	0.00253904	1.95252	0.472791	10	GGAGACAGCC	TGGGTCTCTTGAAGGCAGCATATC	+
430-GGAGACAGCC	SMAD1_HUMAN.H11MO.0.D	1	0.00285311	2.19404	0.472791	10	GGAGACAGCC	GGCAGACAGGCT	-
430-GGAGACAGCC	TBX20_HUMAN.H11MO.0.D	4	0.00287186	2.20846	0.472791	10	GGAGACAGCC	AGGTGCTGACAGGT	+
430-GGAGACAGCC	MAFF_HUMAN.H11MO.1.B	-1	0.00308679	2.37375	0.472791	9	GGAGACAGCC	GACTCAGCA	-
431-GGAGCTGAA	REST_HUMAN.H11MO.0.A	13	8.23749e-05	0.0633463	0.126667	9	GGAGCTGAA	GGGCGCTGTCCATGGTGCTGAA	-
431-GGAGCTGAA	ZN140_HUMAN.H11MO.0.C	2	0.000224446	0.172599	0.172564	9	GGAGCTGAA	TAGGAGCGGAATTGCTGGGTCATA	-
431-GGAGCTGAA	IRF4_HUMAN.H11MO.0.A	6	0.00066305	0.509886	0.303459	9	GGAGCTGAA	AAAAGAGGAAGTGAAACT	+
431-GGAGCTGAA	IRF8_HUMAN.H11MO.0.B	6	0.000789389	0.60704	0.303459	9	GGAGCTGAA	AAAAGAGGAAGTGAAAGTAA	+
432-GGAGCTGGAA	PTF1A_HUMAN.H11MO.1.B	1	0.000681958	0.524425	0.391831	8	GGAGCTGGAA	AGCAGCTGG	+
432-GGAGCTGGAA	ZBTB6_HUMAN.H11MO.0.C	0	0.000898386	0.690859	0.391831	10	GGAGCTGGAA	GGTGCTGGAGCCG	+
432-GGAGCTGGAA	E2F3_HUMAN.H11MO.0.A	0	0.00139804	1.07509	0.391831	10	GGAGCTGGAA	AGGGCGGGAAA	+
432-GGAGCTGGAA	BHA15_HUMAN.H11MO.0.B	3	0.00187614	1.44275	0.391831	8	GGAGCTGGAA	GCAGCAGCTGG	+
432-GGAGCTGGAA	TFDP1_HUMAN.H11MO.0.C	2	0.00264924	2.03727	0.391831	10	GGAGCTGGAA	GGGGGGCGGGAAAA	+
432-GGAGCTGGAA	E2F4_HUMAN.H11MO.0.A	1	0.00277711	2.1356	0.391831	10	GGAGCTGGAA	GGGGGCGGGAAAT	+
432-GGAGCTGGAA	OSR2_HUMAN.H11MO.0.C	5	0.00280765	2.15908	0.391831	10	GGAGCTGGAA	CAGCAGAAGCAGCAGC	-
432-GGAGCTGGAA	E2F1_HUMAN.H11MO.0.A	2	0.00297187	2.28537	0.391831	10	GGAGCTGGAA	GGGGGGCGGGAAAG	+
432-GGAGCTGGAA	ASCL2_HUMAN.H11MO.0.D	1	0.00324716	2.49706	0.391831	8	GGAGCTGGAA	AGCAGCTGG	-
432-GGAGCTGGAA	IRF4_HUMAN.H11MO.0.A	6	0.00331739	2.55107	0.391831	10	GGAGCTGGAA	AAAAGAGGAAGTGAAACT	+
432-GGAGCTGGAA	IRF8_HUMAN.H11MO.0.B	6	0.003548	2.72841	0.391831	10	GGAGCTGGAA	AAAAGAGGAAGTGAAAGTAA	+
432-GGAGCTGGAA	MYF6_HUMAN.H11MO.0.C	0	0.00360154	2.76958	0.391831	7	GGAGCTGGAA	GCAGCTG	-
432-GGAGCTGGAA	HSF1_HUMAN.H11MO.1.A	-2	0.00365264	2.80888	0.391831	8	GGAGCTGGAA	TTCTGGAAA	+
432-GGAGCTGGAA	ITF2_HUMAN.H11MO.0.C	1	0.00380315	2.92463	0.391831	9	GGAGCTGGAA	GGCAGCTGGG	+
432-GGAGCTGGAA	E2F6_HUMAN.H11MO.0.A	0	0.00389832	2.99781	0.391831	10	GGAGCTGGAA	GGGGCGGGAAGGG	+
432-GGAGCTGGAA	E2F7_HUMAN.H11MO.0.B	0	0.00435745	3.35088	0.407667	10	GGAGCTGGAA	GGGGCGGGAAAGG	+
432-GGAGCTGGAA	ELF5_HUMAN.H11MO.0.A	1	0.00459666	3.53483	0.407667	10	GGAGCTGGAA	GGAAGGAGGAAGTGG	+
432-GGAGCTGGAA	GABPA_HUMAN.H11MO.0.A	0	0.00550309	4.23187	0.438637	10	GGAGCTGGAA	GGAACCGGAAGTGG	+
432-GGAGCTGGAA	REST_HUMAN.H11MO.0.A	13	0.00552772	4.25082	0.438637	9	GGAGCTGGAA	GGGCGCTGTCCATGGTGCTGAA	-
432-GGAGCTGGAA	ELF1_HUMAN.H11MO.0.A	0	0.00613796	4.72009	0.461756	10	GGAGCTGGAA	GAACCCGGAAGTGG	+
432-GGAGCTGGAA	TBX3_HUMAN.H11MO.0.C	0	0.00715822	5.50467	0.461756	10	GGAGCTGGAA	GGAGGTGGGAA	+
432-GGAGCTGGAA	ETV2_HUMAN.H11MO.0.B	1	0.00729598	5.61061	0.461756	10	GGAGCTGGAA	GGAAACAGGAAGTGGG	+
432-GGAGCTGGAA	NR6A1_HUMAN.H11MO.0.B	0	0.00750486	5.77123	0.461756	10	GGAGCTGGAA	TGACCTTGAACTT	-
432-GGAGCTGGAA	TEAD1_HUMAN.H11MO.0.A	-1	0.00752497	5.7867	0.461756	9	GGAGCTGGAA	TGGCTGGAATGT	-
432-GGAGCTGGAA	ATOH1_HUMAN.H11MO.0.B	1	0.00765666	5.88797	0.461756	8	GGAGCTGGAA	AGCAGATGG	+
432-GGAGCTGGAA	ZFP82_HUMAN.H11MO.0.C	14	0.00837175	6.43788	0.485463	10	GGAGCTGGAA	GAAGAGAGAATTAGTGAAATGGAA	-
432-GGAGCTGGAA	ZBT18_HUMAN.H11MO.0.C	2	0.00884174	6.7993	0.4872	9	GGAGCTGGAA	CCACATCTGGA	-
432-GGAGCTGGAA	PRDM4_HUMAN.H11MO.0.D	5	0.009048	6.95791	0.4872	10	GGAGCTGGAA	GTGGGGGGCCTTGAAA	+
433-GGCGGGMAGCCW	E2F2_HUMAN.H11MO.0.B	0	8.01889e-05	0.0616653	0.0542201	10	GGCGGGAAGCCA	GGCGCGAAAC	+
433-GGCGGGMAGCCW	E2F1_HUMAN.H11MO.0.A	4	0.000121812	0.0936737	0.0542201	10	GGCGGGAAGCCA	GGGGGGCGGGAAAG	+
433-GGCGGGMAGCCW	E2F4_HUMAN.H11MO.0.A	3	0.000165524	0.127288	0.0542201	10	GGCGGGAAGCCA	GGGGGCGGGAAAT	+
433-GGCGGGMAGCCW	E2F4_HUMAN.H11MO.1.A	0	0.000178332	0.137137	0.0542201	12	GGCGGGAAGCCA	GGCGGGAAATTTGA	+
433-GGCGGGMAGCCW	TFDP1_HUMAN.H11MO.0.C	4	0.000178332	0.137137	0.0542201	10	GGCGGGAAGCCA	GGGGGGCGGGAAAA	+
433-GGCGGGMAGCCW	NFIC_HUMAN.H11MO.0.A	3	0.000267119	0.205414	0.0555236	12	GGCGGGAAGCCA	CTTGGCAGGGAGCCAAG	-
433-GGCGGGMAGCCW	E2F6_HUMAN.H11MO.0.A	2	0.000271864	0.209063	0.0555236	11	GGCGGGAAGCCA	GGGGCGGGAAGGG	+
433-GGCGGGMAGCCW	E2F3_HUMAN.H11MO.0.A	2	0.000292191	0.224695	0.0555236	9	GGCGGGAAGCCA	AGGGCGGGAAA	+
433-GGCGGGMAGCCW	NFIA_HUMAN.H11MO.0.C	2	0.000359663	0.276581	0.0607512	12	GGCGGGAAGCCA	TTGGCACGGTGCCAA	+
433-GGCGGGMAGCCW	E2F7_HUMAN.H11MO.0.B	2	0.000440617	0.338834	0.0669827	11	GGCGGGAAGCCA	GGGGCGGGAAAGG	+
433-GGCGGGMAGCCW	ZN528_HUMAN.H11MO.0.C	1	0.000736301	0.566215	0.101757	12	GGCGGGAAGCCA	CCCAGGGAAGCCATTTCTGA	+
433-GGCGGGMAGCCW	ETV1_HUMAN.H11MO.0.A	0	0.00108831	0.836913	0.137871	11	GGCGGGAAGCCA	GGCCGGAAGTG	+
433-GGCGGGMAGCCW	EGR4_HUMAN.H11MO.0.D	0	0.00297725	2.28951	0.323288	11	GGCGGGAAGCCA	GGCGGCAGGGC	+
433-GGCGGGMAGCCW	ZN436_HUMAN.H11MO.0.C	5	0.00338848	2.60574	0.32339	12	GGCGGGAAGCCA	CCTCCTCCAGGAAGCCTTCCCTGA	-
433-GGCGGGMAGCCW	HIC1_HUMAN.H11MO.0.C	-3	0.00340365	2.61741	0.32339	9	GGCGGGAAGCCA	GGGCAACCC	-
433-GGCGGGMAGCCW	SP2_HUMAN.H11MO.1.B	4	0.00378305	2.90916	0.326006	8	GGCGGGAAGCCA	AGGGGGCGGGGC	+
433-GGCGGGMAGCCW	SP2_HUMAN.H11MO.0.A	8	0.00405873	3.12116	0.326006	12	GGCGGGAAGCCA	GGGGGGGGGGCGGGGCCGGGGG	+
433-GGCGGGMAGCCW	E2F8_HUMAN.H11MO.0.D	3	0.00442495	3.40278	0.336341	9	GGCGGGAAGCCA	TTTGGCGGGAAA	+
433-GGCGGGMAGCCW	SP1_HUMAN.H11MO.1.A	4	0.00487011	3.74512	0.35255	10	GGCGGGAAGCCA	GGGGGGCGGGGCCG	+
433-GGCGGGMAGCCW	ZN219_HUMAN.H11MO.0.D	2	0.00516755	3.97385	0.357078	10	GGCGGGAAGCCA	GAGGGGGGCGGA	+
433-GGCGGGMAGCCW	FLI1_HUMAN.H11MO.1.A	1	0.00557912	4.29034	0.368756	12	GGCGGGAAGCCA	AGGCAGGAAGTGG	+
433-GGCGGGMAGCCW	ELK4_HUMAN.H11MO.0.A	0	0.00602528	4.63344	0.37984	12	GGCGGGAAGCCA	GACCGGAAGTGG	+
433-GGCGGGMAGCCW	SMAD2_HUMAN.H11MO.0.A	0	0.00633952	4.87509	0.37984	12	GGCGGGAAGCCA	AGGTGACAGACA	-
433-GGCGGGMAGCCW	ERG_HUMAN.H11MO.0.A	1	0.0064964	4.99573	0.37984	12	GGCGGGAAGCCA	GGGCAGGAAGTGG	+
433-GGCGGGMAGCCW	ETV7_HUMAN.H11MO.0.D	-2	0.00715528	5.50241	0.402868	7	GGCGGGAAGCCA	CAGGAAG	+
433-GGCGGGMAGCCW	FEV_HUMAN.H11MO.0.B	-1	0.0078352	6.02527	0.402868	10	GGCGGGAAGCCA	GCGGGAAGCG	+
433-GGCGGGMAGCCW	FLI1_HUMAN.H11MO.0.A	3	0.00794859	6.11247	0.402868	12	GGCGGGAAGCCA	GGAGGAAGGAAGGAGGGA	+
433-GGCGGGMAGCCW	PRDM4_HUMAN.H11MO.0.D	-1	0.00795028	6.11376	0.402868	11	GGCGGGAAGCCA	GTGGGGGGCCTTGAAA	+
433-GGCGGGMAGCCW	GCM2_HUMAN.H11MO.0.D	2	0.00849074	6.52938	0.416375	9	GGCGGGAAGCCA	GATGCGGGTAT	+
433-GGCGGGMAGCCW	ZN740_HUMAN.H11MO.0.D	4	0.00937609	7.21022	0.435878	10	GGCGGGAAGCCA	GGGGGGGGGGTGGG	+
433-GGCGGGMAGCCW	KAISO_HUMAN.H11MO.2.A	2	0.00946189	7.27619	0.435878	10	GGCGGGAAGCCA	CTCGCAGGAAGA	+
433-GGCGGGMAGCCW	KLF12_HUMAN.H11MO.0.C	3	0.0103811	7.98304	0.464156	8	GGCGGGAAGCCA	AGGGGCGGGGC	+
433-GGCGGGMAGCCW	ELF2_HUMAN.H11MO.0.C	1	0.0111997	8.61253	0.477206	12	GGCGGGAAGCCA	AACCCGGAAGTGG	+
433-GGCGGGMAGCCW	PLAL1_HUMAN.H11MO.0.D	-2	0.0113007	8.69027	0.477206	10	GGCGGGAAGCCA	CGGGGGGCCC	+
433-GGCGGGMAGCCW	TYY2_HUMAN.H11MO.0.D	5	0.0120484	9.26524	0.495028	6	GGCGGGAAGCCA	AAAATGGCGGC	+
434-GGGCTSACCS	ZN331_HUMAN.H11MO.0.C	4	0.00024553	0.188813	0.377625	10	GGGCTCACCG	GGCTGGGCTCAGCTGGGTGG	+
435-GGGRGCGCGCGASKG	ZBT14_HUMAN.H11MO.0.C	-1	3.71777e-06	0.00285897	0.00562761	9	GGGGGCGCGCGAGTG	GGAGCGCGC	+
435-GGGRGCGCGCGASKG	KAISO_HUMAN.H11MO.0.A	0	0.000871784	0.670402	0.306881	15	GGGGGCGCGCGAGTG	CAAATCTCGCGAGAA	+
435-GGGRGCGCGCGASKG	KLF13_HUMAN.H11MO.0.D	2	0.00102782	0.790392	0.306881	9	GGGGGCGCGCGAGTG	AGGGGGGCGTG	+
435-GGGRGCGCGCGASKG	E2F1_HUMAN.H11MO.0.A	-1	0.00131155	1.00858	0.306881	14	GGGGGCGCGCGAGTG	GGGGGGCGGGAAAG	+
435-GGGRGCGCGCGASKG	KLF14_HUMAN.H11MO.0.D	2	0.0015646	1.20318	0.306881	11	GGGGGCGCGCGAGTG	AGGGGGGCGTGGC	+
435-GGGRGCGCGCGASKG	E2F4_HUMAN.H11MO.0.A	-2	0.00174152	1.33923	0.306881	13	GGGGGCGCGCGAGTG	GGGGGCGGGAAAT	+
435-GGGRGCGCGCGASKG	SP1_HUMAN.H11MO.0.A	1	0.00238935	1.83741	0.306881	15	GGGGGCGCGCGAGTG	GGGGGGCGGGGCCGGGGGGGGG	+
435-GGGRGCGCGCGASKG	SP1_HUMAN.H11MO.1.A	1	0.0024561	1.88874	0.306881	13	GGGGGCGCGCGAGTG	GGGGGGCGGGGCCG	+
435-GGGRGCGCGCGASKG	KLF16_HUMAN.H11MO.0.D	0	0.00262083	2.01542	0.306881	15	GGGGGCGCGCGAGTG	GGGGGCGGGGGGGGGGGGG	+
435-GGGRGCGCGCGASKG	ZF64A_HUMAN.H11MO.0.D	-1	0.00262395	2.01782	0.306881	14	GGGGGCGCGCGAGTG	GGGGCCCGGGAACCTG	+
435-GGGRGCGCGCGASKG	E2F2_HUMAN.H11MO.0.B	-3	0.00266954	2.05288	0.306881	10	GGGGGCGCGCGAGTG	GGCGCGAAAC	+
435-GGGRGCGCGCGASKG	TFDP1_HUMAN.H11MO.0.C	-1	0.00301187	2.31613	0.306881	14	GGGGGCGCGCGAGTG	GGGGGGCGGGAAAA	+
435-GGGRGCGCGCGASKG	MAZ_HUMAN.H11MO.0.A	6	0.0032217	2.47749	0.306881	15	GGGGGCGCGCGAGTG	GGGGGAGGGGGGGGGGGGGGGG	+
435-GGGRGCGCGCGASKG	SP2_HUMAN.H11MO.0.A	5	0.0032217	2.47749	0.306881	15	GGGGGCGCGCGAGTG	GGGGGGGGGGCGGGGCCGGGGG	+
435-GGGRGCGCGCGASKG	HEY2_HUMAN.H11MO.0.D	0	0.00324376	2.49445	0.306881	15	GGGGGCGCGCGAGTG	GGGGGCACGTGGCATTA	+
435-GGGRGCGCGCGASKG	ZN740_HUMAN.H11MO.0.D	3	0.00368406	2.83304	0.314486	11	GGGGGCGCGCGAGTG	GGGGGGGGGGTGGG	+
435-GGGRGCGCGCGASKG	KAISO_HUMAN.H11MO.1.A	-2	0.00373967	2.8758	0.314486	11	GGGGGCGCGCGAGTG	TCTCGCGAGAA	+
435-GGGRGCGCGCGASKG	TBX15_HUMAN.H11MO.0.D	0	0.00427192	3.28511	0.326454	15	GGGGGCGCGCGAGTG	GGGGGGGGGGGGGTGGGGG	+
435-GGGRGCGCGCGASKG	BHE40_HUMAN.H11MO.0.A	-3	0.00445514	3.426	0.326454	10	GGGGGCGCGCGAGTG	GGCACGTGAC	+
435-GGGRGCGCGCGASKG	CTCFL_HUMAN.H11MO.0.A	7	0.00455071	3.4995	0.326454	10	GGGGGCGCGCGAGTG	GCCGCCAGGGGGCGCCG	+
435-GGGRGCGCGCGASKG	AHR_HUMAN.H11MO.0.B	-4	0.00479155	3.6847	0.326454	9	GGGGGCGCGCGAGTG	GCACGCAAC	-
435-GGGRGCGCGCGASKG	KLF1_HUMAN.H11MO.0.A	-1	0.00496031	3.81448	0.326454	14	GGGGGCGCGCGAGTG	GGGGCGGGGCCGGG	+
435-GGGRGCGCGCGASKG	EGR2_HUMAN.H11MO.1.A	1	0.00518196	3.98493	0.326832	15	GGGGGCGCGCGAGTG	GGGGCGTGGGCGGGGG	+
435-GGGRGCGCGCGASKG	EGR2_HUMAN.H11MO.0.A	0	0.00566166	4.35382	0.342426	15	GGGGGCGCGCGAGTG	GGGGGGGTGTGGGAGGGG	+
435-GGGRGCGCGCGASKG	SP3_HUMAN.H11MO.0.B	4	0.00588165	4.52299	0.342426	15	GGGGGCGCGCGAGTG	GGGGGGGGGCGGGGCCGGGG	+
435-GGGRGCGCGCGASKG	TBX1_HUMAN.H11MO.0.D	0	0.00646276	4.96986	0.361286	15	GGGGGCGCGCGAGTG	GGGTGGGCAGGGGTGGGCGG	+
435-GGGRGCGCGCGASKG	E2F6_HUMAN.H11MO.0.A	-3	0.0069282	5.32778	0.361286	12	GGGGGCGCGCGAGTG	GGGGCGGGAAGGG	+
435-GGGRGCGCGCGASKG	KLF9_HUMAN.H11MO.0.C	3	0.00714669	5.49581	0.361286	12	GGGGGCGCGCGAGTG	GGAGGGGGCGTGGCC	+
435-GGGRGCGCGCGASKG	PLAL1_HUMAN.H11MO.0.D	2	0.00730512	5.61764	0.361286	8	GGGGGCGCGCGAGTG	CGGGGGGCCC	+
435-GGGRGCGCGCGASKG	EGR1_HUMAN.H11MO.0.A	0	0.00763765	5.87335	0.361286	15	GGGGGCGCGCGAGTG	GAGGGCGTGGGCGGGGG	+
435-GGGRGCGCGCGASKG	ZN148_HUMAN.H11MO.0.D	-1	0.00861504	6.62496	0.393617	14	GGGGGCGCGCGAGTG	GGGGTGGGGGAGGGG	+
435-GGGRGCGCGCGASKG	KLF5_HUMAN.H11MO.0.A	1	0.00884121	6.79889	0.393617	13	GGGGGCGCGCGAGTG	AGGGTGGGGCTGGG	+
435-GGGRGCGCGCGASKG	SP4_HUMAN.H11MO.1.A	1	0.0099498	7.6514	0.423867	15	GGGGGCGCGCGAGTG	GGAGGGGGCGGGGCCG	+
435-GGGRGCGCGCGASKG	SP2_HUMAN.H11MO.1.B	1	0.0102335	7.86958	0.423867	11	GGGGGCGCGCGAGTG	AGGGGGCGGGGC	+
435-GGGRGCGCGCGASKG	ZN281_HUMAN.H11MO.0.A	-2	0.0103607	7.96739	0.423867	13	GGGGGCGCGCGAGTG	GGGTGGGGGAGGGGA	+
435-GGGRGCGCGCGASKG	WT1_HUMAN.H11MO.0.C	2	0.0107381	8.25761	0.427746	15	GGGGGCGCGCGAGTG	GGGCGGGGGAGGAGGGGGGG	+
435-GGGRGCGCGCGASKG	ZBT17_HUMAN.H11MO.0.A	0	0.0113668	8.7411	0.43574	15	GGGGGCGCGCGAGTG	GAGGGTGGGGGAGGGGAAG	+
435-GGGRGCGCGCGASKG	PLAG1_HUMAN.H11MO.0.D	1	0.0120463	9.26358	0.43574	15	GGGGGCGCGCGAGTG	GGGGGCATCAGGAGGGG	+
435-GGGRGCGCGCGASKG	KLF15_HUMAN.H11MO.0.A	2	0.0124355	9.56293	0.43574	15	GGGGGCGCGCGAGTG	GGGGAGGAGCAGGGGGGGG	+
435-GGGRGCGCGCGASKG	KLF3_HUMAN.H11MO.0.B	4	0.0124355	9.56293	0.43574	15	GGGGGCGCGCGAGTG	GGGGAGGGGCGGGGCCGGG	+
435-GGGRGCGCGCGASKG	ZBT7A_HUMAN.H11MO.0.A	1	0.0125366	9.64068	0.43574	8	GGGGGCGCGCGAGTG	GGGGGTCTC	+
435-GGGRGCGCGCGASKG	VEZF1_HUMAN.H11MO.0.C	0	0.012666	9.74013	0.43574	15	GGGGGCGCGCGAGTG	GGGGAGGGGGGAGGGGGAGGGG	+
435-GGGRGCGCGCGASKG	HES1_HUMAN.H11MO.0.D	-2	0.0141657	10.8934	0.461306	13	GGGGGCGCGCGAGTG	GGGCTCGTGGCGG	-
435-GGGRGCGCGCGASKG	INSM1_HUMAN.H11MO.0.C	5	0.0143234	11.0147	0.461306	7	GGGGGCGCGCGAGTG	TGTCAGGGGGCA	+
435-GGGRGCGCGCGASKG	NRF1_HUMAN.H11MO.0.A	2	0.0150468	11.571	0.474509	15	GGGGGCGCGCGAGTG	CACTGCGCATGCGCAGG	+
435-GGGRGCGCGCGASKG	KLF12_HUMAN.H11MO.0.C	0	0.0157103	12.0812	0.485322	11	GGGGGCGCGCGAGTG	AGGGGCGGGGC	+
436-GRCTCGCCCC	SP1_HUMAN.H11MO.1.A	2	3.65988e-05	0.0281444	0.0289849	10	GGCTCGCCCC	CGGCCCCGCCCCCC	-
436-GRCTCGCCCC	KLF9_HUMAN.H11MO.0.C	1	5.82671e-05	0.0448074	0.0289849	10	GGCTCGCCCC	GGCCACGCCCCCTCC	-
436-GRCTCGCCCC	SP1_HUMAN.H11MO.0.A	10	7.25793e-05	0.0558135	0.0289849	10	GGCTCGCCCC	CCCCCCCCCGGCCCCGCCCCCC	-
436-GRCTCGCCCC	KLF12_HUMAN.H11MO.0.C	0	7.62458e-05	0.058633	0.0289849	10	GGCTCGCCCC	GCCCCGCCCCT	-
436-GRCTCGCCCC	KLF14_HUMAN.H11MO.0.D	0	0.000154845	0.119076	0.0470916	10	GGCTCGCCCC	GCCACGCCCCCCT	-
436-GRCTCGCCCC	SP2_HUMAN.H11MO.1.B	0	0.000485842	0.373612	0.123129	10	GGCTCGCCCC	GCCCCGCCCCCT	-
436-GRCTCGCCCC	KLF13_HUMAN.H11MO.0.D	-2	0.000765142	0.588395	0.135341	8	GGCTCGCCCC	CACGCCCCCCT	-
436-GRCTCGCCCC	SP2_HUMAN.H11MO.0.A	6	0.000773388	0.594735	0.135341	10	GGCTCGCCCC	CCCCCGGCCCCGCCCCCCCCCC	-
436-GRCTCGCCCC	KLF1_HUMAN.H11MO.0.A	4	0.000837971	0.6444	0.135341	10	GGCTCGCCCC	CCCGGCCCCGCCCC	-
436-GRCTCGCCCC	ZBT14_HUMAN.H11MO.0.C	-1	0.000890048	0.684447	0.135341	9	GGCTCGCCCC	GCGCGCTCC	-
436-GRCTCGCCCC	KLF4_HUMAN.H11MO.0.A	0	0.0012097	0.930262	0.167225	10	GGCTCGCCCC	GCCACACCCT	-
436-GRCTCGCCCC	E2F2_HUMAN.H11MO.0.B	0	0.00144914	1.11439	0.18363	10	GGCTCGCCCC	GTTTCGCGCC	-
436-GRCTCGCCCC	SP3_HUMAN.H11MO.0.B	5	0.00169736	1.30527	0.19854	10	GGCTCGCCCC	CCCCGGCCCCGCCCCCCCCC	-
436-GRCTCGCCCC	TBX1_HUMAN.H11MO.0.D	1	0.0019169	1.47409	0.208203	10	GGCTCGCCCC	CCGCCCACCCCTGCCCACCC	-
436-GRCTCGCCCC	SMAD2_HUMAN.H11MO.0.A	1	0.00248164	1.90838	0.251572	10	GGCTCGCCCC	TGTCTGTCACCT	+
436-GRCTCGCCCC	KLF3_HUMAN.H11MO.0.B	4	0.00266873	2.05225	0.25319	10	GGCTCGCCCC	CCCGGCCCCGCCCCTCCCC	-
436-GRCTCGCCCC	KLF16_HUMAN.H11MO.0.D	8	0.0028306	2.17673	0.25319	10	GGCTCGCCCC	CCCCCCCCCCCCCGCCCCC	-
436-GRCTCGCCCC	PRDM4_HUMAN.H11MO.0.D	6	0.00309494	2.38001	0.261454	10	GGCTCGCCCC	TTTCAAGGCCCCCCAC	-
436-GRCTCGCCCC	HES5_HUMAN.H11MO.0.D	1	0.00329711	2.53548	0.263874	10	GGCTCGCCCC	CGGCACGTGCCA	-
436-GRCTCGCCCC	HES7_HUMAN.H11MO.0.D	1	0.00348763	2.68199	0.265165	10	GGCTCGCCCC	TGGCACGTGCCG	+
436-GRCTCGCCCC	SP4_HUMAN.H11MO.1.A	2	0.00388955	2.99107	0.281641	10	GGCTCGCCCC	CGGCCCCGCCCCCTCC	-
436-GRCTCGCCCC	SMAD4_HUMAN.H11MO.0.B	2	0.00407853	3.13639	0.281901	10	GGCTCGCCCC	CTGTCTGGCACCT	+
436-GRCTCGCCCC	NFKB2_HUMAN.H11MO.0.B	2	0.00441305	3.39364	0.291307	9	GGCTCGCCCC	GGGGCTTTCCC	-
436-GRCTCGCCCC	ZN740_HUMAN.H11MO.0.D	0	0.00459776	3.53568	0.291307	10	GGCTCGCCCC	CCCACCCCCCCCCC	-
436-GRCTCGCCCC	KLF5_HUMAN.H11MO.0.A	4	0.00485934	3.73683	0.295565	10	GGCTCGCCCC	CCCAGCCCCACCCT	-
436-GRCTCGCCCC	ZN257_HUMAN.H11MO.0.C	1	0.00542482	4.17169	0.298352	10	GGCTCGCCCC	GCTCTTGCCTCT	+
436-GRCTCGCCCC	ZN554_HUMAN.H11MO.1.D	1	0.00548302	4.21644	0.298352	8	GGCTCGCCCC	TGGCTCTGC	-
436-GRCTCGCCCC	NFKB1_HUMAN.H11MO.1.B	2	0.00549377	4.22471	0.298352	9	GGCTCGCCCC	GGGAATTTCCC	-
436-GRCTCGCCCC	AP2D_HUMAN.H11MO.0.D	-1	0.00638734	4.91186	0.323754	9	GGCTCGCCCC	ACGCGCCTCGGGCG	-
436-GRCTCGCCCC	SRBP2_HUMAN.H11MO.0.B	-1	0.00742629	5.71082	0.360897	9	GGCTCGCCCC	CCTCACCCCACCC	-
436-GRCTCGCCCC	SP4_HUMAN.H11MO.0.A	4	0.00766433	5.89387	0.360897	10	GGCTCGCCCC	CCCGGCCCCGCCCCCTTCCC	-
436-GRCTCGCCCC	E2F4_HUMAN.H11MO.0.A	2	0.00783215	6.02293	0.360897	10	GGCTCGCCCC	ATTTCCCGCCCCC	-
436-GRCTCGCCCC	INSM1_HUMAN.H11MO.0.C	-4	0.00832589	6.40261	0.372364	6	GGCTCGCCCC	TGCCCCCTGACA	-
436-GRCTCGCCCC	SALL4_HUMAN.H11MO.0.B	-2	0.00980183	7.53761	0.425848	8	GGCTCGCCCC	CCCACCCTCC	-
436-GRCTCGCCCC	MAZ_HUMAN.H11MO.1.A	0	0.0115309	8.86728	0.473332	10	GGCTCGCCCC	CCCCCTCCCTC	-
436-GRCTCGCCCC	AHR_HUMAN.H11MO.0.B	-1	0.0118992	9.15048	0.473332	9	GGCTCGCCCC	GCACGCAAC	-
436-GRCTCGCCCC	ZN281_HUMAN.H11MO.0.A	0	0.0119082	9.1574	0.473332	10	GGCTCGCCCC	TCCCCTCCCCCACCC	-
436-GRCTCGCCCC	EGR4_HUMAN.H11MO.0.D	0	0.0121399	9.33557	0.473332	10	GGCTCGCCCC	GCCCTGCCGCC	-
436-GRCTCGCCCC	CTCFL_HUMAN.H11MO.0.A	-1	0.0129301	9.94321	0.486915	9	GGCTCGCCCC	CGGCGCCCCCTGGCGGC	-
436-GRCTCGCCCC	ZN320_HUMAN.H11MO.0.C	0	0.0131287	10.0959	0.486915	10	GGCTCGCCCC	CACTGGCCCCCTGGTCCCAC	-
441-MACGTCGGCSAB	HINFP_HUMAN.H11MO.0.C	1	3.10495e-05	0.0238771	0.0477541	12	AACGTCGGCCAG	TAACGTCCGCTAGCGC	-
442-MKGACGCATGSGYM	NRF1_HUMAN.H11MO.0.A	0	3.6463e-05	0.0280401	0.0521988	14	CGGACGCATGCGCC	CCTGCGCATGCGCAGTG	-
446-RCAGGCCGGGGSCC	SP1_HUMAN.H11MO.1.A	0	0.000173999	0.133805	0.102682	14	GCAGGCCGGGGGCC	GGGGGGCGGGGCCG	+
446-RCAGGCCGGGGSCC	ZFX_HUMAN.H11MO.0.A	0	0.000211922	0.162968	0.102682	10	GCAGGCCGGGGGCC	CCAGGCCCCG	+
446-RCAGGCCGGGGSCC	AP2B_HUMAN.H11MO.0.B	-3	0.000257915	0.198337	0.102682	10	GCAGGCCGGGGGCC	GCCCGGGGGC	+
446-RCAGGCCGGGGSCC	KLF12_HUMAN.H11MO.0.C	-1	0.000272705	0.20971	0.102682	11	GCAGGCCGGGGGCC	AGGGGCGGGGC	+
446-RCAGGCCGGGGSCC	MAZ_HUMAN.H11MO.1.A	-1	0.000445583	0.342653	0.105137	11	GCAGGCCGGGGGCC	GAGGGAGGGGG	+
446-RCAGGCCGGGGSCC	AP2D_HUMAN.H11MO.0.D	-2	0.000452971	0.348335	0.105137	12	GCAGGCCGGGGGCC	CGCCCGAGGCGCGT	+
446-RCAGGCCGGGGSCC	PLAL1_HUMAN.H11MO.0.D	-5	0.000488647	0.375769	0.105137	9	GCAGGCCGGGGGCC	CGGGGGGCCC	+
446-RCAGGCCGGGGSCC	KLF3_HUMAN.H11MO.0.B	3	0.000733726	0.564235	0.117212	14	GCAGGCCGGGGGCC	GGGGAGGGGCGGGGCCGGG	+
446-RCAGGCCGGGGSCC	ZF64A_HUMAN.H11MO.0.D	1	0.000770845	0.59278	0.117212	14	GCAGGCCGGGGGCC	CAGGTTCCCGGGCCCC	-
446-RCAGGCCGGGGSCC	MBD2_HUMAN.H11MO.0.B	-1	0.00085606	0.65831	0.117212	11	GCAGGCCGGGGGCC	CGGGCCGGAGG	+
446-RCAGGCCGGGGSCC	SP1_HUMAN.H11MO.0.A	0	0.001074	0.82591	0.132401	14	GCAGGCCGGGGGCC	GGGGGGCGGGGCCGGGGGGGGG	+
446-RCAGGCCGGGGSCC	ZFX_HUMAN.H11MO.1.A	6	0.00120836	0.929228	0.132401	11	GCAGGCCGGGGGCC	GGGGGCGGAGGCCGGGG	+
446-RCAGGCCGGGGSCC	P53_HUMAN.H11MO.1.A	2	0.00123072	0.946423	0.132401	11	GCAGGCCGGGGGCC	GGACATGCCTGGG	+
446-RCAGGCCGGGGSCC	ZN770_HUMAN.H11MO.1.C	1	0.00189723	1.45897	0.177145	10	GCAGGCCGGGGGCC	GGGAGGCTGAG	+
446-RCAGGCCGGGGSCC	MECP2_HUMAN.H11MO.0.C	-4	0.00199948	1.5376	0.177145	7	GCAGGCCGGGGGCC	CCCGGAG	+
446-RCAGGCCGGGGSCC	NFIC_HUMAN.H11MO.0.A	0	0.00212221	1.63198	0.177573	14	GCAGGCCGGGGGCC	CTTGGCAGGGAGCCAAG	-
446-RCAGGCCGGGGSCC	KLF1_HUMAN.H11MO.0.A	-2	0.00231201	1.77793	0.183272	12	GCAGGCCGGGGGCC	GGGGCGGGGCCGGG	+
446-RCAGGCCGGGGSCC	KLF6_HUMAN.H11MO.0.A	1	0.00296718	2.28176	0.195714	14	GCAGGCCGGGGGCC	GGAAGGGCGGGGCCGGGGG	+
446-RCAGGCCGGGGSCC	KLF4_HUMAN.H11MO.0.A	-2	0.00306754	2.35894	0.195714	10	GCAGGCCGGGGGCC	AGGGTGTGGC	+
446-RCAGGCCGGGGSCC	SP3_HUMAN.H11MO.0.B	3	0.0031735	2.44042	0.195714	14	GCAGGCCGGGGGCC	GGGGGGGGGCGGGGCCGGGG	+
446-RCAGGCCGGGGSCC	ZN335_HUMAN.H11MO.1.A	0	0.0032318	2.48526	0.195714	7	GCAGGCCGGGGGCC	TCAGGCA	-
446-RCAGGCCGGGGSCC	CTCFL_HUMAN.H11MO.0.A	0	0.00331911	2.5524	0.195714	14	GCAGGCCGGGGGCC	GCCGCCAGGGGGCGCCG	+
446-RCAGGCCGGGGSCC	SP2_HUMAN.H11MO.0.A	4	0.00333826	2.56712	0.195714	14	GCAGGCCGGGGGCC	GGGGGGGGGGCGGGGCCGGGGG	+
446-RCAGGCCGGGGSCC	AP2C_HUMAN.H11MO.0.A	-1	0.00344017	2.64549	0.195714	13	GCAGGCCGGGGGCC	ATGCCCTGAGGCCA	+
446-RCAGGCCGGGGSCC	ZN770_HUMAN.H11MO.0.C	1	0.00350852	2.69805	0.195714	14	GCAGGCCGGGGGCC	GGGAGGCTGAGGCGGGAGGATC	+
446-RCAGGCCGGGGSCC	INSM1_HUMAN.H11MO.0.C	-2	0.00424998	3.26823	0.216652	12	GCAGGCCGGGGGCC	TGTCAGGGGGCA	+
446-RCAGGCCGGGGSCC	SP2_HUMAN.H11MO.1.B	0	0.00424998	3.26823	0.216652	12	GCAGGCCGGGGGCC	AGGGGGCGGGGC	+
446-RCAGGCCGGGGSCC	SP4_HUMAN.H11MO.1.A	2	0.00431542	3.31856	0.216652	14	GCAGGCCGGGGGCC	GGAGGGGGCGGGGCCG	+
446-RCAGGCCGGGGSCC	P73_HUMAN.H11MO.1.A	2	0.00494586	3.80337	0.237075	10	GCAGGCCGGGGGCC	GAACATGCCTGG	+
446-RCAGGCCGGGGSCC	ZIC4_HUMAN.H11MO.0.D	2	0.00514896	3.95955	0.237075	13	GCAGGCCGGGGGCC	GCACAGCGGGGGGTC	+
446-RCAGGCCGGGGSCC	REST_HUMAN.H11MO.0.A	4	0.00519444	3.99452	0.237075	14	GCAGGCCGGGGGCC	GGGCGCTGTCCATGGTGCTGAA	-
446-RCAGGCCGGGGSCC	SALL4_HUMAN.H11MO.0.B	0	0.00693114	5.33005	0.307034	10	GCAGGCCGGGGGCC	GGAGGGTGGG	+
446-RCAGGCCGGGGSCC	GLIS2_HUMAN.H11MO.0.D	0	0.00776099	5.9682	0.324695	14	GCAGGCCGGGGGCC	CTTCGCGGGGGGTC	+
446-RCAGGCCGGGGSCC	MLXPL_HUMAN.H11MO.0.D	0	0.00853131	6.56058	0.338807	14	GCAGGCCGGGGGCC	CCACGGCGGTGTCACATGC	-
446-RCAGGCCGGGGSCC	RARA_HUMAN.H11MO.1.A	-1	0.00854822	6.57358	0.338807	10	GCAGGCCGGGGGCC	AAGGTCAGGG	+
446-RCAGGCCGGGGSCC	P63_HUMAN.H11MO.1.A	2	0.00919996	7.07477	0.355289	9	GCAGGCCGGGGGCC	GAGCATGCCTG	+
446-RCAGGCCGGGGSCC	NFIA_HUMAN.H11MO.0.C	-1	0.00988916	7.60476	0.372357	13	GCAGGCCGGGGGCC	TTGGCACGGTGCCAA	+
446-RCAGGCCGGGGSCC	GLIS3_HUMAN.H11MO.0.D	-4	0.0110602	8.50526	0.406291	10	GCAGGCCGGGGGCC	GTGGGGGGTA	+
446-RCAGGCCGGGGSCC	ZN322_HUMAN.H11MO.0.B	0	0.0114675	8.81851	0.411225	14	GCAGGCCGGGGGCC	CCAGGCTCTGTACCAGGCTC	-
446-RCAGGCCGGGGSCC	KLF5_HUMAN.H11MO.0.A	-2	0.0122813	9.44431	0.420277	12	GCAGGCCGGGGGCC	AGGGTGGGGCTGGG	+
446-RCAGGCCGGGGSCC	E2F4_HUMAN.H11MO.0.A	-1	0.0125342	9.63882	0.420277	13	GCAGGCCGGGGGCC	GGGGGCGGGAAAT	+
446-RCAGGCCGGGGSCC	ZN320_HUMAN.H11MO.0.C	2	0.0125571	9.65638	0.420277	14	GCAGGCCGGGGGCC	GTGGGACCAGGGGGCCAGTG	+
446-RCAGGCCGGGGSCC	FLI1_HUMAN.H11MO.0.A	4	0.0130085	10.0035	0.422197	14	GCAGGCCGGGGGCC	GGAGGAAGGAAGGAGGGA	+
446-RCAGGCCGGGGSCC	ZBT7A_HUMAN.H11MO.0.A	-6	0.0131751	10.1316	0.422197	8	GCAGGCCGGGGGCC	GGGGGTCTC	+
446-RCAGGCCGGGGSCC	HEY2_HUMAN.H11MO.0.D	0	0.0135165	10.3942	0.424114	14	GCAGGCCGGGGGCC	TAATGCCACGTGCCCCC	-
446-RCAGGCCGGGGSCC	PRDM4_HUMAN.H11MO.0.D	-4	0.014361	11.0436	0.429245	10	GCAGGCCGGGGGCC	GTGGGGGGCCTTGAAA	+
446-RCAGGCCGGGGSCC	HAND1_HUMAN.H11MO.1.D	0	0.0147218	11.3211	0.429245	7	GCAGGCCGGGGGCC	CCAGGCC	-
446-RCAGGCCGGGGSCC	AP2A_HUMAN.H11MO.0.A	-1	0.01482	11.3966	0.429245	13	GCAGGCCGGGGGCC	ATGCCCTGAGGCCAT	+
446-RCAGGCCGGGGSCC	EGR4_HUMAN.H11MO.0.D	0	0.0157421	12.1056	0.447349	11	GCAGGCCGGGGGCC	GGCGGCAGGGC	+
446-RCAGGCCGGGGSCC	P63_HUMAN.H11MO.0.A	2	0.0160858	12.37	0.448651	14	GCAGGCCGGGGGCC	GGGCATGCCTGGACATGCC	-
446-RCAGGCCGGGGSCC	ZN335_HUMAN.H11MO.0.A	0	0.0166151	12.777	0.454988	14	GCAGGCCGGGGGCC	TCAGGCAGCGCCGAGGACAGCC	-
446-RCAGGCCGGGGSCC	PATZ1_HUMAN.H11MO.1.C	-2	0.0171023	13.1516	0.459966	9	GCAGGCCGGGGGCC	AGGGAGGGG	+
446-RCAGGCCGGGGSCC	E2F1_HUMAN.H11MO.0.A	0	0.0183306	14.0962	0.474522	14	GCAGGCCGGGGGCC	GGGGGGCGGGAAAG	+
446-RCAGGCCGGGGSCC	NR1H4_HUMAN.H11MO.0.B	3	0.0183563	14.116	0.474522	14	GCAGGCCGGGGGCC	CCTCGGGGTCATTGACCCC	-
446-RCAGGCCGGGGSCC	CTCF_HUMAN.H11MO.0.A	2	0.0191764	14.7466	0.474522	14	GCAGGCCGGGGGCC	TGGCCACCAGGGGGCGCCA	+
446-RCAGGCCGGGGSCC	TBX1_HUMAN.H11MO.0.D	6	0.0195884	15.0635	0.475848	14	GCAGGCCGGGGGCC	GGGTGGGCAGGGGTGGGCGG	+
446-RCAGGCCGGGGSCC	KLF9_HUMAN.H11MO.0.C	2	0.0201334	15.4826	0.481323	13	GCAGGCCGGGGGCC	GGAGGGGGCGTGGCC	+
446-RCAGGCCGGGGSCC	TFDP1_HUMAN.H11MO.0.C	0	0.0208923	16.0662	0.484532	14	GCAGGCCGGGGGCC	GGGGGGCGGGAAAA	+
446-RCAGGCCGGGGSCC	TAF1_HUMAN.H11MO.0.A	2	0.0212758	16.3611	0.484532	14	GCAGGCCGGGGGCC	AAGATGGCGGCGGCGG	+
446-RCAGGCCGGGGSCC	SP4_HUMAN.H11MO.0.A	4	0.0213707	16.434	0.484532	14	GCAGGCCGGGGGCC	GGGAAGGGGGCGGGGCCGGG	+
447-RGGGCGCGGAY	KLF12_HUMAN.H11MO.0.C	1	5.90914e-05	0.0454413	0.077972	10	AGGGCGCGGAT	AGGGGCGGGGC	+
447-RGGGCGCGGAY	KLF1_HUMAN.H11MO.0.A	0	0.000119597	0.0919701	0.077972	11	AGGGCGCGGAT	GGGGCGGGGCCGGG	+
447-RGGGCGCGGAY	KLF4_HUMAN.H11MO.0.A	0	0.000178621	0.137359	0.077972	10	AGGGCGCGGAT	AGGGTGTGGC	+
447-RGGGCGCGGAY	SP1_HUMAN.H11MO.1.A	2	0.000204973	0.157624	0.077972	11	AGGGCGCGGAT	GGGGGGCGGGGCCG	+
447-RGGGCGCGGAY	KLF3_HUMAN.H11MO.0.B	5	0.000259846	0.199821	0.0780572	11	AGGGCGCGGAT	GGGGAGGGGCGGGGCCGGG	+
447-RGGGCGCGGAY	E2F2_HUMAN.H11MO.0.B	-2	0.000365936	0.281405	0.0780572	9	AGGGCGCGGAT	GGCGCGAAAC	+
447-RGGGCGCGGAY	KLF5_HUMAN.H11MO.0.A	0	0.000392659	0.301955	0.0780572	11	AGGGCGCGGAT	AGGGTGGGGCTGGG	+
447-RGGGCGCGGAY	ZBT14_HUMAN.H11MO.0.C	0	0.000422157	0.324639	0.0780572	9	AGGGCGCGGAT	GGAGCGCGC	+
447-RGGGCGCGGAY	MAZ_HUMAN.H11MO.1.A	1	0.000490229	0.376986	0.0780572	10	AGGGCGCGGAT	GAGGGAGGGGG	+
447-RGGGCGCGGAY	KLF14_HUMAN.H11MO.0.D	3	0.000537739	0.413521	0.0780572	10	AGGGCGCGGAT	AGGGGGGCGTGGC	+
447-RGGGCGCGGAY	SP1_HUMAN.H11MO.0.A	2	0.00056429	0.433939	0.0780572	11	AGGGCGCGGAT	GGGGGGCGGGGCCGGGGGGGGG	+
447-RGGGCGCGGAY	KLF6_HUMAN.H11MO.0.A	3	0.000689394	0.530144	0.0874156	11	AGGGCGCGGAT	GGAAGGGCGGGGCCGGGGG	+
447-RGGGCGCGGAY	ZN219_HUMAN.H11MO.0.D	2	0.000839921	0.645899	0.0934114	10	AGGGCGCGGAT	GAGGGGGGCGGA	+
447-RGGGCGCGGAY	KLF9_HUMAN.H11MO.0.C	4	0.000859459	0.660924	0.0934114	11	AGGGCGCGGAT	GGAGGGGGCGTGGCC	+
447-RGGGCGCGGAY	SP4_HUMAN.H11MO.1.A	4	0.000984779	0.757295	0.0998966	11	AGGGCGCGGAT	GGAGGGGGCGGGGCCG	+
447-RGGGCGCGGAY	KLF13_HUMAN.H11MO.0.D	1	0.00121672	0.935655	0.11571	10	AGGGCGCGGAT	AGGGGGGCGTG	+
447-RGGGCGCGGAY	E2F4_HUMAN.H11MO.0.A	1	0.00149972	1.15328	0.134234	11	AGGGCGCGGAT	GGGGGCGGGAAAT	+
447-RGGGCGCGGAY	SP2_HUMAN.H11MO.1.B	2	0.00160999	1.23808	0.136098	10	AGGGCGCGGAT	AGGGGGCGGGGC	+
447-RGGGCGCGGAY	SP3_HUMAN.H11MO.0.B	5	0.00200404	1.54111	0.160493	11	AGGGCGCGGAT	GGGGGGGGGCGGGGCCGGGG	+
447-RGGGCGCGGAY	PATZ1_HUMAN.H11MO.1.C	0	0.00337545	2.59572	0.24555	9	AGGGCGCGGAT	AGGGAGGGG	+
447-RGGGCGCGGAY	SP2_HUMAN.H11MO.0.A	6	0.00351927	2.70632	0.24555	11	AGGGCGCGGAT	GGGGGGGGGGCGGGGCCGGGGG	+
447-RGGGCGCGGAY	TFDP1_HUMAN.H11MO.0.C	2	0.00355026	2.73015	0.24555	11	AGGGCGCGGAT	GGGGGGCGGGAAAA	+
447-RGGGCGCGGAY	E2F1_HUMAN.H11MO.0.A	2	0.00375217	2.88542	0.248232	11	AGGGCGCGGAT	GGGGGGCGGGAAAG	+
447-RGGGCGCGGAY	CTCFL_HUMAN.H11MO.0.A	8	0.00422648	3.25017	0.267961	9	AGGGCGCGGAT	GCCGCCAGGGGGCGCCG	+
447-RGGGCGCGGAY	SP4_HUMAN.H11MO.0.A	6	0.00502289	3.8626	0.290236	11	AGGGCGCGGAT	GGGAAGGGGGCGGGGCCGGG	+
447-RGGGCGCGGAY	HEN1_HUMAN.H11MO.0.C	1	0.00502289	3.8626	0.290236	11	AGGGCGCGGAT	AGGGACGCAGCTGCTCCCCA	-
447-RGGGCGCGGAY	KLF16_HUMAN.H11MO.0.D	1	0.00515006	3.9604	0.290236	11	AGGGCGCGGAT	GGGGGCGGGGGGGGGGGGG	+
447-RGGGCGCGGAY	E2F3_HUMAN.H11MO.0.A	0	0.00583501	4.48712	0.306506	11	AGGGCGCGGAT	AGGGCGGGAAA	+
447-RGGGCGCGGAY	ZSC31_HUMAN.H11MO.0.C	6	0.00584163	4.49221	0.306506	11	AGGGCGCGGAT	GGCAGCAGGGCAGTTATG	+
447-RGGGCGCGGAY	E2F7_HUMAN.H11MO.0.B	0	0.00708211	5.44614	0.359207	11	AGGGCGCGGAT	GGGGCGGGAAAGG	+
447-RGGGCGCGGAY	ZN281_HUMAN.H11MO.0.A	5	0.00746492	5.74052	0.366409	10	AGGGCGCGGAT	GGGTGGGGGAGGGGA	+
447-RGGGCGCGGAY	KLF15_HUMAN.H11MO.0.A	0	0.00839635	6.4568	0.399249	11	AGGGCGCGGAT	GGGGAGGAGCAGGGGGGGG	+
447-RGGGCGCGGAY	E2F4_HUMAN.H11MO.1.A	-2	0.00883754	6.79607	0.407493	9	AGGGCGCGGAT	GGCGGGAAATTTGA	+
447-RGGGCGCGGAY	ZN264_HUMAN.H11MO.0.C	7	0.00978186	7.52225	0.437769	11	AGGGCGCGGAT	TCTTATAAGGGCACTAATCCCATT	+
447-RGGGCGCGGAY	HINFP_HUMAN.H11MO.0.C	1	0.0104462	8.03315	0.454145	11	AGGGCGCGGAT	GCGCTAGCGGACGTTA	+
447-RGGGCGCGGAY	ZN148_HUMAN.H11MO.0.D	4	0.010749	8.26595	0.454325	11	AGGGCGCGGAT	GGGGTGGGGGAGGGG	+
447-RGGGCGCGGAY	SALL4_HUMAN.H11MO.0.B	2	0.0113785	8.7501	0.455623	8	AGGGCGCGGAT	GGAGGGTGGG	+
447-RGGGCGCGGAY	INSM1_HUMAN.H11MO.0.C	4	0.0119214	9.16757	0.465121	8	AGGGCGCGGAT	TGTCAGGGGGCA	+
447-RGGGCGCGGAY	TBX15_HUMAN.H11MO.0.D	9	0.0127762	9.8249	0.486009	10	AGGGCGCGGAT	GGGGGGGGGGGGGTGGGGG	+
447-RGGGCGCGGAY	E2F6_HUMAN.H11MO.0.A	0	0.0131158	10.086	0.486758	11	AGGGCGCGGAT	GGGGCGGGAAGGG	+
449-SCTCTCACCGCC	TBX20_HUMAN.H11MO.0.D	1	0.00021954	0.168826	0.33112	12	CCTCTCACCGCC	ACCTGTCAGCACCT	-
449-SCTCTCACCGCC	ZN768_HUMAN.H11MO.0.C	6	0.00103821	0.798382	0.471008	12	CCTCTCACCGCC	ACTTAACCTCTCTGAGCCTC	-
449-SCTCTCACCGCC	SP1_HUMAN.H11MO.0.A	6	0.00123535	0.949988	0.471008	12	CCTCTCACCGCC	CCCCCCCCCGGCCCCGCCCCCC	-
449-SCTCTCACCGCC	KLF15_HUMAN.H11MO.0.A	5	0.00139217	1.07058	0.471008	12	CCTCTCACCGCC	CCCCCCCCTGCTCCTCCCC	-
449-SCTCTCACCGCC	SP3_HUMAN.H11MO.0.B	1	0.00202287	1.55559	0.471008	12	CCTCTCACCGCC	CCCCGGCCCCGCCCCCCCCC	-
449-SCTCTCACCGCC	TBX3_HUMAN.H11MO.0.C	-1	0.0025456	1.95757	0.471008	11	CCTCTCACCGCC	TTCCCACCTCC	-
449-SCTCTCACCGCC	MYBA_HUMAN.H11MO.0.D	0	0.00282613	2.17329	0.471008	12	CCTCTCACCGCC	TCTCCAACTGCCACT	-
449-SCTCTCACCGCC	SP2_HUMAN.H11MO.0.A	2	0.00314399	2.41773	0.471008	12	CCTCTCACCGCC	CCCCCGGCCCCGCCCCCCCCCC	-
449-SCTCTCACCGCC	SRBP2_HUMAN.H11MO.0.B	0	0.00331007	2.54545	0.471008	12	CCTCTCACCGCC	CCTCACCCCACCC	-
449-SCTCTCACCGCC	SP4_HUMAN.H11MO.0.A	0	0.003455	2.65689	0.471008	12	CCTCTCACCGCC	CCCGGCCCCGCCCCCTTCCC	-
449-SCTCTCACCGCC	TGIF1_HUMAN.H11MO.0.A	0	0.003692	2.83915	0.471008	7	CCTCTCACCGCC	GCTGTCA	-
449-SCTCTCACCGCC	EOMES_HUMAN.H11MO.0.D	-1	0.00395331	3.0401	0.471008	11	CCTCTCACCGCC	TTAACACCTCCT	-
449-SCTCTCACCGCC	E2F7_HUMAN.H11MO.0.B	-1	0.00405975	3.12195	0.471008	11	CCTCTCACCGCC	CCTTTCCCGCCCC	-
450-SGCTCCTGGCCCCK	SP1_HUMAN.H11MO.0.A	2	0.000107751	0.0828605	0.158859	14	GGCTCCTGGCCCCG	CCCCCCCCCGGCCCCGCCCCCC	-
450-SGCTCCTGGCCCCK	ZF64A_HUMAN.H11MO.0.D	2	0.000525851	0.404379	0.323634	14	GGCTCCTGGCCCCG	CAGGTTCCCGGGCCCC	-
450-SGCTCCTGGCCCCK	HEY2_HUMAN.H11MO.0.D	3	0.000658543	0.506419	0.323634	14	GGCTCCTGGCCCCG	GGGGGCACGTGGCATTA	+
450-SGCTCCTGGCCCCK	ZBTB6_HUMAN.H11MO.0.C	1	0.00190439	1.46447	0.434987	12	GGCTCCTGGCCCCG	CGGCTCCAGCACC	-
450-SGCTCCTGGCCCCK	ZN320_HUMAN.H11MO.0.C	5	0.00191481	1.47249	0.434987	14	GGCTCCTGGCCCCG	CACTGGCCCCCTGGTCCCAC	-
450-SGCTCCTGGCCCCK	KLF12_HUMAN.H11MO.0.C	-3	0.00207684	1.59709	0.434987	11	GGCTCCTGGCCCCG	GCCCCGCCCCT	-
450-SGCTCCTGGCCCCK	ZFX_HUMAN.H11MO.0.A	-4	0.00218225	1.67815	0.434987	10	GGCTCCTGGCCCCG	CCAGGCCCCG	+
450-SGCTCCTGGCCCCK	SNAI1_HUMAN.H11MO.0.C	-1	0.00236035	1.81511	0.434987	8	GGCTCCTGGCCCCG	CCACCTGG	-
450-SGCTCCTGGCCCCK	ZN586_HUMAN.H11MO.0.C	7	0.00350851	2.69804	0.489779	13	GGCTCCTGGCCCCG	CATTTTTTCCTCCTAGGCCT	-
450-SGCTCCTGGCCCCK	SP1_HUMAN.H11MO.1.A	0	0.00363419	2.79469	0.489779	14	GGCTCCTGGCCCCG	CGGCCCCGCCCCCC	-
450-SGCTCCTGGCCCCK	NFIB_HUMAN.H11MO.0.D	-3	0.00398225	3.06235	0.489779	9	GGCTCCTGGCCCCG	CCCTGGCAG	+
450-SGCTCCTGGCCCCK	NFIC_HUMAN.H11MO.1.A	-3	0.00421486	3.24123	0.489779	9	GGCTCCTGGCCCCG	TCTTGGCAG	+
450-SGCTCCTGGCCCCK	HES1_HUMAN.H11MO.0.D	1	0.00488055	3.75314	0.489779	12	GGCTCCTGGCCCCG	GGGCTCGTGGCGG	-
450-SGCTCCTGGCCCCK	ASCL1_HUMAN.H11MO.0.A	1	0.00509132	3.91522	0.489779	13	GGCTCCTGGCCCCG	CTGCACCTGCTCCC	+
450-SGCTCCTGGCCCCK	SNAI2_HUMAN.H11MO.0.A	0	0.00521356	4.00922	0.489779	10	GGCTCCTGGCCCCG	TGCACCTGCC	-
450-SGCTCCTGGCCCCK	NFIC_HUMAN.H11MO.0.A	3	0.005553	4.27026	0.489779	14	GGCTCCTGGCCCCG	CTTGGCTCCCTGCCAAG	+
450-SGCTCCTGGCCCCK	KLF15_HUMAN.H11MO.0.A	1	0.00564752	4.34294	0.489779	14	GGCTCCTGGCCCCG	CCCCCCCCTGCTCCTCCCC	-
458-YCCCCGCCTCCCGCY	WT1_HUMAN.H11MO.0.C	2	3.79582e-06	0.00291899	0.00490406	15	CCCCCGCCTCCCGCT	CCCCCCCTCCTCCCCCGCCC	-
458-YCCCCGCCTCCCGCY	ZN770_HUMAN.H11MO.1.C	-1	1.38122e-05	0.0106216	0.00490406	11	CCCCCGCCTCCCGCT	CTCAGCCTCCC	-
458-YCCCCGCCTCCCGCY	ZN281_HUMAN.H11MO.0.A	0	1.44672e-05	0.0111253	0.00490406	15	CCCCCGCCTCCCGCT	TCCCCTCCCCCACCC	-
458-YCCCCGCCTCCCGCY	SP2_HUMAN.H11MO.0.A	6	1.54121e-05	0.0118519	0.00490406	15	CCCCCGCCTCCCGCT	CCCCCGGCCCCGCCCCCCCCCC	-
458-YCCCCGCCTCCCGCY	SP2_HUMAN.H11MO.1.B	0	1.65315e-05	0.0127127	0.00490406	12	CCCCCGCCTCCCGCT	GCCCCGCCCCCT	-
458-YCCCCGCCTCCCGCY	EGR4_HUMAN.H11MO.0.D	0	4.14928e-05	0.0319079	0.0102573	11	CCCCCGCCTCCCGCT	GCCCTGCCGCC	-
458-YCCCCGCCTCCCGCY	SP4_HUMAN.H11MO.1.A	2	8.07463e-05	0.0620939	0.0148564	14	CCCCCGCCTCCCGCT	CGGCCCCGCCCCCTCC	-
458-YCCCCGCCTCCCGCY	SP1_HUMAN.H11MO.1.A	2	8.8505e-05	0.0680604	0.0148564	12	CCCCCGCCTCCCGCT	CGGCCCCGCCCCCC	-
458-YCCCCGCCTCCCGCY	ZN770_HUMAN.H11MO.0.C	10	0.000100465	0.0772574	0.0148564	12	CCCCCGCCTCCCGCT	GATCCTCCCGCCTCAGCCTCCC	-
458-YCCCCGCCTCCCGCY	SP3_HUMAN.H11MO.0.B	5	0.000107217	0.08245	0.0148564	15	CCCCCGCCTCCCGCT	CCCCGGCCCCGCCCCCCCCC	-
458-YCCCCGCCTCCCGCY	TBX15_HUMAN.H11MO.0.D	0	0.000117976	0.0907238	0.0148564	15	CCCCCGCCTCCCGCT	CCCCCACCCCCCCCCCCCC	-
458-YCCCCGCCTCCCGCY	SP4_HUMAN.H11MO.0.A	4	0.000120193	0.0924286	0.0148564	15	CCCCCGCCTCCCGCT	CCCGGCCCCGCCCCCTTCCC	-
458-YCCCCGCCTCCCGCY	MAZ_HUMAN.H11MO.1.A	-3	0.000141868	0.109096	0.0161866	11	CCCCCGCCTCCCGCT	CCCCCTCCCTC	-
458-YCCCCGCCTCCCGCY	VEZF1_HUMAN.H11MO.0.C	2	0.000177745	0.136686	0.0188314	15	CCCCCGCCTCCCGCT	CCCCTCCCCCTCCCCCCTCCCC	-
458-YCCCCGCCTCCCGCY	WT1_HUMAN.H11MO.1.B	-3	0.000205815	0.158272	0.0203517	11	CCCCCGCCTCCCGCT	CCTCCTCCCAC	-
458-YCCCCGCCTCCCGCY	MAZ_HUMAN.H11MO.0.A	8	0.000277373	0.2133	0.0241468	14	CCCCCGCCTCCCGCT	CCCCCCCCCCCCCCCCTCCCCC	-
458-YCCCCGCCTCCCGCY	SP1_HUMAN.H11MO.0.A	10	0.000277373	0.2133	0.0241468	12	CCCCCGCCTCCCGCT	CCCCCCCCCGGCCCCGCCCCCC	-
458-YCCCCGCCTCCCGCY	ZN467_HUMAN.H11MO.0.C	9	0.000293034	0.225343	0.0241468	13	CCCCCGCCTCCCGCT	CCCCCCCCCCCCTCCCCTCCCC	-
458-YCCCCGCCTCCCGCY	KLF12_HUMAN.H11MO.0.C	0	0.000314735	0.242031	0.02457	11	CCCCCGCCTCCCGCT	GCCCCGCCCCT	-
458-YCCCCGCCTCCCGCY	KLF16_HUMAN.H11MO.0.D	1	0.000375912	0.289076	0.0267465	15	CCCCCGCCTCCCGCT	CCCCCCCCCCCCCGCCCCC	-
458-YCCCCGCCTCCCGCY	ZSC22_HUMAN.H11MO.0.C	-3	0.00037868	0.291205	0.0267465	12	CCCCCGCCTCCCGCT	CCTCCTCCCTCAGACC	-
458-YCCCCGCCTCCCGCY	ZN148_HUMAN.H11MO.0.D	-1	0.000424644	0.326551	0.0286297	14	CCCCCGCCTCCCGCT	CCCCTCCCCCACCCC	-
458-YCCCCGCCTCCCGCY	ZN219_HUMAN.H11MO.0.D	-2	0.000500119	0.384591	0.0321666	12	CCCCCGCCTCCCGCT	TCCGCCCCCCTC	-
458-YCCCCGCCTCCCGCY	TBX1_HUMAN.H11MO.0.D	3	0.00052875	0.406609	0.0321666	15	CCCCCGCCTCCCGCT	CCGCCCACCCCTGCCCACCC	-
458-YCCCCGCCTCCCGCY	ZN263_HUMAN.H11MO.1.A	-3	0.000567684	0.436549	0.0321666	11	CCCCCGCCTCCCGCT	CCTCCTCCCTC	-
458-YCCCCGCCTCCCGCY	PATZ1_HUMAN.H11MO.1.C	-4	0.000569593	0.438017	0.0321666	9	CCCCCGCCTCCCGCT	CCCCTCCCT	-
458-YCCCCGCCTCCCGCY	ZN320_HUMAN.H11MO.0.C	6	0.00058749	0.45178	0.0321666	14	CCCCCGCCTCCCGCT	CACTGGCCCCCTGGTCCCAC	-
458-YCCCCGCCTCCCGCY	TAF1_HUMAN.H11MO.0.A	0	0.000607224	0.466955	0.0321666	15	CCCCCGCCTCCCGCT	CCGCCGCCGCCATCTT	-
458-YCCCCGCCTCCCGCY	ZN263_HUMAN.H11MO.0.A	8	0.00065237	0.501672	0.0327943	12	CCCCCGCCTCCCGCT	CTCCTCCTCTCCCTCCTCCC	-
458-YCCCCGCCTCCCGCY	E2F4_HUMAN.H11MO.0.A	2	0.000688919	0.529778	0.0327943	11	CCCCCGCCTCCCGCT	ATTTCCCGCCCCC	-
458-YCCCCGCCTCCCGCY	VEZF1_HUMAN.H11MO.1.C	-3	0.000697009	0.536	0.0327943	12	CCCCCGCCTCCCGCT	CCCCCTCCCCCT	-
458-YCCCCGCCTCCCGCY	KLF15_HUMAN.H11MO.0.A	3	0.000707513	0.544077	0.0327943	15	CCCCCGCCTCCCGCT	CCCCCCCCTGCTCCTCCCC	-
458-YCCCCGCCTCCCGCY	TFDP1_HUMAN.H11MO.0.C	2	0.000822974	0.632867	0.0369902	12	CCCCCGCCTCCCGCT	TTTTCCCGCCCCCC	-
458-YCCCCGCCTCCCGCY	E2F6_HUMAN.H11MO.0.A	-4	0.000850449	0.653995	0.0371008	11	CCCCCGCCTCCCGCT	CCCTTCCCGCCCC	-
458-YCCCCGCCTCCCGCY	KLF5_HUMAN.H11MO.0.A	-1	0.000911837	0.701203	0.0377037	14	CCCCCGCCTCCCGCT	CCCAGCCCCACCCT	-
458-YCCCCGCCTCCCGCY	KLF3_HUMAN.H11MO.0.B	4	0.000915109	0.703719	0.0377037	15	CCCCCGCCTCCCGCT	CCCGGCCCCGCCCCTCCCC	-
458-YCCCCGCCTCCCGCY	KLF1_HUMAN.H11MO.0.A	-1	0.00100973	0.776482	0.0398686	14	CCCCCGCCTCCCGCT	CCCGGCCCCGCCCC	-
458-YCCCCGCCTCCCGCY	KLF9_HUMAN.H11MO.0.C	1	0.00102141	0.785465	0.0398686	14	CCCCCGCCTCCCGCT	GGCCACGCCCCCTCC	-
458-YCCCCGCCTCCCGCY	EGR2_HUMAN.H11MO.0.A	2	0.0011895	0.914723	0.045239	15	CCCCCGCCTCCCGCT	CCCCTCCCACACCCCCCC	-
458-YCCCCGCCTCCCGCY	ZFX_HUMAN.H11MO.1.A	0	0.00123239	0.947704	0.0456983	15	CCCCCGCCTCCCGCT	CCCCGGCCTCCGCCCCC	-
458-YCCCCGCCTCCCGCY	KLF14_HUMAN.H11MO.0.D	0	0.00128683	0.989576	0.0465535	13	CCCCCGCCTCCCGCT	GCCACGCCCCCCT	-
458-YCCCCGCCTCCCGCY	ZBT17_HUMAN.H11MO.0.A	2	0.00167223	1.28594	0.0590554	15	CCCCCGCCTCCCGCT	CTTCCCCTCCCCCACCCTC	-
458-YCCCCGCCTCCCGCY	E2F1_HUMAN.H11MO.0.A	2	0.00175173	1.34708	0.0604246	12	CCCCCGCCTCCCGCT	CTTTCCCGCCCCCC	-
458-YCCCCGCCTCCCGCY	EGR2_HUMAN.H11MO.1.A	0	0.00183558	1.41156	0.0618779	15	CCCCCGCCTCCCGCT	CCCCCGCCCACGCCCC	-
458-YCCCCGCCTCCCGCY	KLF6_HUMAN.H11MO.0.A	1	0.00314046	2.41502	0.102444	15	CCCCCGCCTCCCGCT	CCCCCGGCCCCGCCCTTCC	-
458-YCCCCGCCTCCCGCY	CENPB_HUMAN.H11MO.0.D	0	0.00325562	2.50357	0.102444	15	CCCCCGCCTCCCGCT	AACCCGCATCGTACGAA	-
458-YCCCCGCCTCCCGCY	KLF13_HUMAN.H11MO.0.D	-2	0.00330306	2.54006	0.102444	11	CCCCCGCCTCCCGCT	CACGCCCCCCT	-
458-YCCCCGCCTCCCGCY	E2F7_HUMAN.H11MO.0.B	3	0.00331523	2.54941	0.102444	10	CCCCCGCCTCCCGCT	CCTTTCCCGCCCC	-
458-YCCCCGCCTCCCGCY	PURA_HUMAN.H11MO.0.D	-1	0.00341275	2.62441	0.103305	14	CCCCCGCCTCCCGCT	CCCTGCCCCCCCCTTCC	-
458-YCCCCGCCTCCCGCY	PATZ1_HUMAN.H11MO.0.C	3	0.00377646	2.9041	0.112029	15	CCCCCGCCTCCCGCT	CCTCCCCCCCCGCCCCCTCCCC	-
458-YCCCCGCCTCCCGCY	AP2D_HUMAN.H11MO.0.D	-1	0.00397244	3.0548	0.11331	14	CCCCCGCCTCCCGCT	ACGCGCCTCGGGCG	-
458-YCCCCGCCTCCCGCY	E2F4_HUMAN.H11MO.1.A	-1	0.00397244	3.0548	0.11331	14	CCCCCGCCTCCCGCT	TCAAATTTCCCGCC	-
458-YCCCCGCCTCCCGCY	ZN740_HUMAN.H11MO.0.D	0	0.00436286	3.35504	0.119596	14	CCCCCGCCTCCCGCT	CCCACCCCCCCCCC	-
458-YCCCCGCCTCCCGCY	SALL4_HUMAN.H11MO.0.B	-1	0.00441189	3.39274	0.119596	10	CCCCCGCCTCCCGCT	CCCACCCTCC	-
458-YCCCCGCCTCCCGCY	CTCFL_HUMAN.H11MO.0.A	2	0.00451534	3.47229	0.119596	15	CCCCCGCCTCCCGCT	CGGCGCCCCCTGGCGGC	-
458-YCCCCGCCTCCCGCY	EGR1_HUMAN.H11MO.0.A	0	0.00451534	3.47229	0.119596	15	CCCCCGCCTCCCGCT	CCCCCGCCCACGCCCTC	-
458-YCCCCGCCTCCCGCY	FEV_HUMAN.H11MO.0.B	-4	0.00517814	3.98199	0.134745	10	CCCCCGCCTCCCGCT	CGCTTCCCGC	-
458-YCCCCGCCTCCCGCY	FLI1_HUMAN.H11MO.0.A	0	0.00527335	4.0552	0.134857	15	CCCCCGCCTCCCGCT	TCCCTCCTTCCTTCCTCC	-
458-YCCCCGCCTCCCGCY	ZIC4_HUMAN.H11MO.0.D	-4	0.00549224	4.22353	0.138074	11	CCCCCGCCTCCCGCT	GACCCCCCGCTGTGC	-
458-YCCCCGCCTCCCGCY	GCM2_HUMAN.H11MO.0.D	1	0.00580032	4.46045	0.143389	10	CCCCCGCCTCCCGCT	ATACCCGCATC	-
458-YCCCCGCCTCCCGCY	GLIS3_HUMAN.H11MO.0.D	-4	0.00639297	4.91619	0.155449	10	CCCCCGCCTCCCGCT	TACCCCCCAC	-
458-YCCCCGCCTCCCGCY	ETS1_HUMAN.H11MO.0.A	-3	0.00849184	6.53023	0.203153	12	CCCCCGCCTCCCGCT	CCACTTCCTGTCT	-
458-YCCCCGCCTCCCGCY	PLAL1_HUMAN.H11MO.0.D	-3	0.00965345	7.42351	0.227277	10	CCCCCGCCTCCCGCT	GGGCCCCCCG	-
458-YCCCCGCCTCCCGCY	ETV1_HUMAN.H11MO.0.A	-4	0.00997368	7.66976	0.227592	11	CCCCCGCCTCCCGCT	CACTTCCGGCC	-
458-YCCCCGCCTCCCGCY	E2F3_HUMAN.H11MO.0.A	-6	0.00997368	7.66976	0.227592	9	CCCCCGCCTCCCGCT	TTTCCCGCCCT	-
458-YCCCCGCCTCCCGCY	ZN816_HUMAN.H11MO.0.C	1	0.010321	7.93683	0.231948	15	CCCCCGCCTCCCGCT	CCCTGCATGTCCCCCTTTTTT	-
458-YCCCCGCCTCCCGCY	ZBTB4_HUMAN.H11MO.0.D	-2	0.011577	8.90274	0.256293	13	CCCCCGCCTCCCGCT	CCCACCTGCCATCTAGG	-
458-YCCCCGCCTCCCGCY	KLF4_HUMAN.H11MO.0.A	-5	0.0118073	9.07981	0.257546	10	CCCCCGCCTCCCGCT	GCCACACCCT	-
458-YCCCCGCCTCCCGCY	ELK4_HUMAN.H11MO.0.A	-3	0.0122292	9.40429	0.26138	12	CCCCCGCCTCCCGCT	CCACTTCCGGTC	-
458-YCCCCGCCTCCCGCY	GLIS2_HUMAN.H11MO.0.D	3	0.0123355	9.486	0.26138	11	CCCCCGCCTCCCGCT	GACCCCCCGCGAAG	-
458-YCCCCGCCTCCCGCY	PROX1_HUMAN.H11MO.0.D	0	0.0126238	9.70768	0.262236	15	CCCCCGCCTCCCGCT	CCCAACCCGCCTTACCC	-
458-YCCCCGCCTCCCGCY	ELF2_HUMAN.H11MO.0.C	-3	0.0127295	9.78899	0.262236	12	CCCCCGCCTCCCGCT	CCACTTCCGGGTT	-
458-YCCCCGCCTCCCGCY	ERG_HUMAN.H11MO.0.A	-3	0.0133057	10.2321	0.270351	12	CCCCCGCCTCCCGCT	CCACTTCCTGCCC	-
458-YCCCCGCCTCCCGCY	IKZF1_HUMAN.H11MO.0.C	-6	0.0136356	10.4858	0.270686	8	CCCCCGCCTCCCGCT	TCTCCCAA	-
458-YCCCCGCCTCCCGCY	ETV2_HUMAN.H11MO.0.B	-2	0.0137698	10.589	0.270686	13	CCCCCGCCTCCCGCT	CCCACTTCCTGTTTCC	-
458-YCCCCGCCTCCCGCY	CTCF_HUMAN.H11MO.0.A	-1	0.0140029	10.7682	0.270686	14	CCCCCGCCTCCCGCT	TGGCGCCCCCTGGTGGCCA	-
458-YCCCCGCCTCCCGCY	ASCL1_HUMAN.H11MO.0.A	-1	0.0140522	10.8061	0.270686	14	CCCCCGCCTCCCGCT	CTGCACCTGCTCCC	+
458-YCCCCGCCTCCCGCY	ZN350_HUMAN.H11MO.1.D	10	0.0152588	11.734	0.287281	14	CCCCCGCCTCCCGCT	GGGCAACAAATCCCTGCGCCCCGT	-
458-YCCCCGCCTCCCGCY	ZN784_HUMAN.H11MO.0.D	-3	0.015301	11.7665	0.287281	11	CCCCCGCCTCCCGCT	GTACCTACCTC	-
458-YCCCCGCCTCCCGCY	KAISO_HUMAN.H11MO.2.A	-5	0.0167886	12.9104	0.31127	10	CCCCCGCCTCCCGCT	TCTTCCTGCGAG	-
458-YCCCCGCCTCCCGCY	ZN436_HUMAN.H11MO.0.C	-3	0.0173727	13.3596	0.318124	12	CCCCCGCCTCCCGCT	CCTCCTCCAGGAAGCCTTCCCTGA	-
458-YCCCCGCCTCCCGCY	ZN257_HUMAN.H11MO.0.C	1	0.0183536	14.1139	0.331987	11	CCCCCGCCTCCCGCT	GCTCTTGCCTCT	+
458-YCCCCGCCTCCCGCY	FLI1_HUMAN.H11MO.1.A	-3	0.0188622	14.505	0.333063	12	CCCCCGCCTCCCGCT	CCACTTCCTGCCT	-
458-YCCCCGCCTCCCGCY	ZBTB6_HUMAN.H11MO.0.C	-4	0.0188622	14.505	0.333063	11	CCCCCGCCTCCCGCT	CGGCTCCAGCACC	-
458-YCCCCGCCTCCCGCY	ELK1_HUMAN.H11MO.0.B	-3	0.0192912	14.835	0.336632	11	CCCCCGCCTCCCGCT	CCACTTCCGGT	-
458-YCCCCGCCTCCCGCY	ZN341_HUMAN.H11MO.0.C	6	0.0198933	15.298	0.339593	15	CCCCCGCCTCCCGCT	GCTCTTCCCTCCCCCCCCCCCC	-
458-YCCCCGCCTCCCGCY	PLAG1_HUMAN.H11MO.0.D	-1	0.0201232	15.4747	0.339593	14	CCCCCGCCTCCCGCT	CCCCTCCTGATGCCCCC	-
458-YCCCCGCCTCCCGCY	ZIC1_HUMAN.H11MO.0.B	-4	0.0201478	15.4936	0.339593	9	CCCCCGCCTCCCGCT	GACCACCCC	-
458-YCCCCGCCTCCCGCY	ZNF76_HUMAN.H11MO.0.C	8	0.0207509	15.9575	0.345829	14	CCCCCGCCTCCCGCT	ACTACAATTCCCAGAATGCCCC	-
458-YCCCCGCCTCCCGCY	ZIC3_HUMAN.H11MO.0.B	-4	0.0212454	16.3377	0.350135	11	CCCCCGCCTCCCGCT	GGCCCCCTGCTGTGA	+
458-YCCCCGCCTCCCGCY	ZFX_HUMAN.H11MO.0.A	-1	0.0233146	17.9289	0.380015	10	CCCCCGCCTCCCGCT	CGGGGCCTGG	-
458-YCCCCGCCTCCCGCY	E2F2_HUMAN.H11MO.0.B	-5	0.0244395	18.794	0.39402	10	CCCCCGCCTCCCGCT	GTTTCGCGCC	-
458-YCCCCGCCTCCCGCY	TBX3_HUMAN.H11MO.0.C	0	0.02533	19.4788	0.403987	11	CCCCCGCCTCCCGCT	TTCCCACCTCC	-
458-YCCCCGCCTCCCGCY	ELF1_HUMAN.H11MO.0.A	-3	0.026459	20.347	0.413609	12	CCCCCGCCTCCCGCT	CCACTTCCGGGTTC	-
458-YCCCCGCCTCCCGCY	GLIS1_HUMAN.H11MO.0.D	-3	0.0264911	20.3716	0.413609	12	CCCCCGCCTCCCGCT	AGACCCCCCACGA	-
458-YCCCCGCCTCCCGCY	OSR2_HUMAN.H11MO.0.C	0	0.0279663	21.5061	0.430286	15	CCCCCGCCTCCCGCT	GCTGCTGCTTCTGCTG	+
458-YCCCCGCCTCCCGCY	ZIC2_HUMAN.H11MO.0.D	-4	0.0283182	21.7767	0.430286	11	CCCCCGCCTCCCGCT	GGCCCCCTGCTGTGA	+
458-YCCCCGCCTCCCGCY	ETV5_HUMAN.H11MO.0.C	-2	0.0287196	22.0854	0.430286	13	CCCCCGCCTCCCGCT	CTCACTTCCTGCTC	-
458-YCCCCGCCTCCCGCY	GABPA_HUMAN.H11MO.0.A	-3	0.0287196	22.0854	0.430286	12	CCCCCGCCTCCCGCT	CCACTTCCGGTTCC	-
458-YCCCCGCCTCCCGCY	ATF6A_HUMAN.H11MO.0.B	-1	0.0296276	22.7836	0.439451	12	CCCCCGCCTCCCGCT	CCACGTCACCAC	-
458-YCCCCGCCTCCCGCY	RREB1_HUMAN.H11MO.0.D	2	0.0326938	25.1416	0.48013	15	CCCCCGCCTCCCGCT	ACCCCAAACCACCCCCCCCCCC	-
458-YCCCCGCCTCCCGCY	ETS2_HUMAN.H11MO.0.B	-2	0.033964	26.1183	0.493892	13	CCCCCGCCTCCCGCT	TCCTCTTCCTTCC	-
461-CGCGCCCGCCC	SP1_HUMAN.H11MO.1.A	0	3.1601e-05	0.0243012	0.0474973	11	CGCGCCCGCCC	CGGCCCCGCCCCCC	-
461-CGCGCCCGCCC	SP2_HUMAN.H11MO.0.A	4	0.000122529	0.0942251	0.0730348	11	CGCGCCCGCCC	CCCCCGGCCCCGCCCCCCCCCC	-
461-CGCGCCCGCCC	KLF13_HUMAN.H11MO.0.D	0	0.000148304	0.114046	0.0730348	11	CGCGCCCGCCC	CACGCCCCCCT	-
461-CGCGCCCGCCC	SP1_HUMAN.H11MO.0.A	8	0.000194367	0.149468	0.0730348	11	CGCGCCCGCCC	CCCCCCCCCGGCCCCGCCCCCC	-
461-CGCGCCCGCCC	KLF14_HUMAN.H11MO.0.D	2	0.000257821	0.198265	0.0775027	11	CGCGCCCGCCC	GCCACGCCCCCCT	-
461-CGCGCCCGCCC	SP3_HUMAN.H11MO.0.B	3	0.000398016	0.306074	0.0930534	11	CGCGCCCGCCC	CCCCGGCCCCGCCCCCCCCC	-
461-CGCGCCCGCCC	KLF16_HUMAN.H11MO.0.D	6	0.00043424	0.333931	0.0930534	11	CGCGCCCGCCC	CCCCCCCCCCCCCGCCCCC	-
461-CGCGCCCGCCC	KLF9_HUMAN.H11MO.0.C	3	0.00053026	0.40777	0.0930534	11	CGCGCCCGCCC	GGCCACGCCCCCTCC	-
461-CGCGCCCGCCC	E2F4_HUMAN.H11MO.0.A	0	0.00059562	0.458032	0.0930534	11	CGCGCCCGCCC	ATTTCCCGCCCCC	-
461-CGCGCCCGCCC	ZN740_HUMAN.H11MO.0.D	0	0.000791006	0.608284	0.0930534	11	CGCGCCCGCCC	CCCACCCCCCCCCC	-
461-CGCGCCCGCCC	TBX15_HUMAN.H11MO.0.D	2	0.000792968	0.609792	0.0930534	11	CGCGCCCGCCC	CCCCCACCCCCCCCCCCCC	-
461-CGCGCCCGCCC	TBX1_HUMAN.H11MO.0.D	5	0.000823338	0.633147	0.0930534	11	CGCGCCCGCCC	CCGCCCACCCCTGCCCACCC	-
461-CGCGCCCGCCC	KLF3_HUMAN.H11MO.0.B	2	0.00100296	0.771275	0.0930534	11	CGCGCCCGCCC	CCCGGCCCCGCCCCTCCCC	-
461-CGCGCCCGCCC	SP4_HUMAN.H11MO.1.A	0	0.00104841	0.806229	0.0930534	11	CGCGCCCGCCC	CGGCCCCGCCCCCTCC	-
461-CGCGCCCGCCC	KLF1_HUMAN.H11MO.0.A	2	0.00105303	0.809777	0.0930534	11	CGCGCCCGCCC	CCCGGCCCCGCCCC	-
461-CGCGCCCGCCC	E2F6_HUMAN.H11MO.0.A	1	0.00105797	0.81358	0.0930534	11	CGCGCCCGCCC	CCCTTCCCGCCCC	-
461-CGCGCCCGCCC	ZBT14_HUMAN.H11MO.0.C	1	0.00107816	0.829104	0.0930534	8	CGCGCCCGCCC	GCGCGCTCC	-
461-CGCGCCCGCCC	E2F1_HUMAN.H11MO.0.A	0	0.00111439	0.856966	0.0930534	11	CGCGCCCGCCC	CTTTCCCGCCCCCC	-
461-CGCGCCCGCCC	KLF12_HUMAN.H11MO.0.C	-2	0.00134282	1.03263	0.106226	9	CGCGCCCGCCC	GCCCCGCCCCT	-
461-CGCGCCCGCCC	MAZ_HUMAN.H11MO.1.A	-2	0.00150128	1.15449	0.112824	9	CGCGCCCGCCC	CCCCCTCCCTC	-
461-CGCGCCCGCCC	TFDP1_HUMAN.H11MO.0.C	0	0.00174098	1.33881	0.120467	11	CGCGCCCGCCC	TTTTCCCGCCCCCC	-
461-CGCGCCCGCCC	EGR1_HUMAN.H11MO.0.A	4	0.0017804	1.36913	0.120467	11	CGCGCCCGCCC	CCCCCGCCCACGCCCTC	-
461-CGCGCCCGCCC	E2F7_HUMAN.H11MO.0.B	1	0.00184344	1.4176	0.120467	11	CGCGCCCGCCC	CCTTTCCCGCCCC	-
461-CGCGCCCGCCC	ZN148_HUMAN.H11MO.0.D	3	0.00219869	1.6908	0.136844	11	CGCGCCCGCCC	CCCCTCCCCCACCCC	-
461-CGCGCCCGCCC	NRF1_HUMAN.H11MO.0.A	2	0.00234697	1.80482	0.136844	11	CGCGCCCGCCC	CCTGCGCATGCGCAGTG	-
461-CGCGCCCGCCC	SP2_HUMAN.H11MO.1.B	-2	0.00241505	1.85717	0.136844	9	CGCGCCCGCCC	GCCCCGCCCCCT	-
461-CGCGCCCGCCC	KLF6_HUMAN.H11MO.0.A	4	0.00248418	1.91033	0.136844	11	CGCGCCCGCCC	CCCCCGGCCCCGCCCTTCC	-
461-CGCGCCCGCCC	EGR4_HUMAN.H11MO.0.D	1	0.00259426	1.99498	0.136844	10	CGCGCCCGCCC	GCCCTGCCGCC	-
461-CGCGCCCGCCC	EGR2_HUMAN.H11MO.1.A	2	0.0027002	2.07645	0.136844	11	CGCGCCCGCCC	CCCCCGCCCACGCCCC	-
461-CGCGCCCGCCC	SP4_HUMAN.H11MO.0.A	2	0.00273136	2.10042	0.136844	11	CGCGCCCGCCC	CCCGGCCCCGCCCCCTTCCC	-
461-CGCGCCCGCCC	KLF5_HUMAN.H11MO.0.A	2	0.00315175	2.4237	0.152812	11	CGCGCCCGCCC	CCCAGCCCCACCCT	-
461-CGCGCCCGCCC	ZN219_HUMAN.H11MO.0.D	0	0.00368752	2.83571	0.173018	11	CGCGCCCGCCC	TCCGCCCCCCTC	-
461-CGCGCCCGCCC	MAZ_HUMAN.H11MO.0.A	9	0.00379873	2.92122	0.173018	11	CGCGCCCGCCC	CCCCCCCCCCCCCCCCTCCCCC	-
461-CGCGCCCGCCC	WT1_HUMAN.H11MO.0.C	3	0.00444422	3.4176	0.190851	11	CGCGCCCGCCC	CCCCCCCTCCTCCCCCGCCC	-
461-CGCGCCCGCCC	PLAL1_HUMAN.H11MO.0.D	-1	0.00457735	3.51998	0.191033	10	CGCGCCCGCCC	GGGCCCCCCG	-
461-CGCGCCCGCCC	SALL4_HUMAN.H11MO.0.B	0	0.00482974	3.71407	0.191033	10	CGCGCCCGCCC	CCCACCCTCC	-
461-CGCGCCCGCCC	ZN281_HUMAN.H11MO.0.A	4	0.00539862	4.15154	0.208059	11	CGCGCCCGCCC	TCCCCTCCCCCACCC	-
461-CGCGCCCGCCC	EGR2_HUMAN.H11MO.0.A	3	0.00555856	4.27453	0.208867	11	CGCGCCCGCCC	CCCCTCCCACACCCCCCC	-
461-CGCGCCCGCCC	E2F2_HUMAN.H11MO.0.B	4	0.00663653	5.10349	0.23788	6	CGCGCCCGCCC	GTTTCGCGCC	-
461-CGCGCCCGCCC	E2F3_HUMAN.H11MO.0.A	-1	0.0066472	5.1117	0.23788	10	CGCGCCCGCCC	TTTCCCGCCCT	-
461-CGCGCCCGCCC	PATZ1_HUMAN.H11MO.0.C	10	0.00681491	5.24067	0.23821	11	CGCGCCCGCCC	CCTCCCCCCCCGCCCCCTCCCC	-
461-CGCGCCCGCCC	ZIC1_HUMAN.H11MO.0.B	-3	0.00739356	5.68565	0.252562	8	CGCGCCCGCCC	GACCACCCC	-
461-CGCGCCCGCCC	ZBTB4_HUMAN.H11MO.0.D	0	0.00786076	6.04492	0.262555	11	CGCGCCCGCCC	CCCACCTGCCATCTAGG	-
461-CGCGCCCGCCC	ZN449_HUMAN.H11MO.0.C	-1	0.00812977	6.25179	0.265637	10	CGCGCCCGCCC	AAGCCCAACCA	-
461-CGCGCCCGCCC	KLF4_HUMAN.H11MO.0.A	-2	0.00860126	6.61437	0.272142	9	CGCGCCCGCCC	GCCACACCCT	-
461-CGCGCCCGCCC	CTCFL_HUMAN.H11MO.0.A	1	0.00869098	6.68337	0.272142	11	CGCGCCCGCCC	CGGCGCCCCCTGGCGGC	-
461-CGCGCCCGCCC	EGR3_HUMAN.H11MO.0.D	-1	0.00898116	6.90651	0.275489	10	CGCGCCCGCCC	ACACCCACTCT	-
461-CGCGCCCGCCC	GLI1_HUMAN.H11MO.0.D	-2	0.00917902	7.05866	0.275927	9	CGCGCCCGCCC	AGACCACCCAGG	-
461-CGCGCCCGCCC	KLF15_HUMAN.H11MO.0.A	7	0.0102375	7.87267	0.301712	11	CGCGCCCGCCC	CCCCCCCCTGCTCCTCCCC	-
461-CGCGCCCGCCC	ZN467_HUMAN.H11MO.0.C	10	0.0108008	8.30585	0.312192	11	CGCGCCCGCCC	CCCCCCCCCCCCTCCCCTCCCC	-
461-CGCGCCCGCCC	ZN770_HUMAN.H11MO.1.C	0	0.0114845	8.83158	0.32569	11	CGCGCCCGCCC	CTCAGCCTCCC	-
461-CGCGCCCGCCC	HEY2_HUMAN.H11MO.0.D	8	0.0122792	9.44269	0.341777	9	CGCGCCCGCCC	TAATGCCACGTGCCCCC	-
461-CGCGCCCGCCC	TAF1_HUMAN.H11MO.0.A	1	0.0138074	10.6179	0.377325	11	CGCGCCCGCCC	CCGCCGCCGCCATCTT	-
461-CGCGCCCGCCC	E2F4_HUMAN.H11MO.1.A	4	0.0142233	10.9377	0.381751	10	CGCGCCCGCCC	TCAAATTTCCCGCC	-
461-CGCGCCCGCCC	GLIS1_HUMAN.H11MO.0.D	-2	0.014859	11.4266	0.391816	9	CGCGCCCGCCC	AGACCCCCCACGA	-
461-CGCGCCCGCCC	PURA_HUMAN.H11MO.0.D	1	0.0163941	12.6071	0.424842	11	CGCGCCCGCCC	CCCTGCCCCCCCCTTCC	-
461-CGCGCCCGCCC	PRDM4_HUMAN.H11MO.0.D	3	0.0175173	13.4708	0.446255	11	CGCGCCCGCCC	TTTCAAGGCCCCCCAC	-
461-CGCGCCCGCCC	MBD2_HUMAN.H11MO.0.B	-1	0.0185292	14.249	0.457381	10	CGCGCCCGCCC	CCTCCGGCCCC	-
461-CGCGCCCGCCC	ZN770_HUMAN.H11MO.0.C	11	0.0185627	14.2747	0.457381	11	CGCGCCCGCCC	GATCCTCCCGCCTCAGCCTCCC	-
461-CGCGCCCGCCC	GLI2_HUMAN.H11MO.0.D	-2	0.0203461	15.6462	0.48541	9	CGCGCCCGCCC	AGACCACCCAC	-
461-CGCGCCCGCCC	GLI3_HUMAN.H11MO.0.B	-2	0.0203461	15.6462	0.48541	9	CGCGCCCGCCC	GGACCACCCAG	-
462-CTGTGAAC	ZNF18_HUMAN.H11MO.0.C	1	0.000298558	0.229591	0.425669	8	CTGTGAAC	GGTGTGAACTGG	+
462-CTGTGAAC	ZSC16_HUMAN.H11MO.0.D	8	0.000554372	0.426312	0.425669	8	CTGTGAAC	GAGGTGTTCTGTTAACACTA	+
463-GCGGGYAAC	E2F2_HUMAN.H11MO.0.B	1	0.000206844	0.159063	0.285345	9	GCGGGCAAC	GGCGCGAAAC	+
463-GCGGGYAAC	GCM2_HUMAN.H11MO.0.D	3	0.000435888	0.335198	0.285345	8	GCGGGCAAC	GATGCGGGTAT	+
463-GCGGGYAAC	HIC1_HUMAN.H11MO.0.C	-2	0.000680996	0.523686	0.285345	7	GCGGGCAAC	GGGCAACCC	-
463-GCGGGYAAC	E2F4_HUMAN.H11MO.0.A	4	0.000886762	0.68192	0.285345	9	GCGGGCAAC	GGGGGCGGGAAAT	+
463-GCGGGYAAC	TFDP1_HUMAN.H11MO.0.C	5	0.00104592	0.804316	0.285345	9	GCGGGCAAC	GGGGGGCGGGAAAA	+
463-GCGGGYAAC	E2F1_HUMAN.H11MO.0.A	5	0.00111559	0.857891	0.285345	9	GCGGGCAAC	GGGGGGCGGGAAAG	+
463-GCGGGYAAC	E2F3_HUMAN.H11MO.0.A	3	0.00167166	1.28551	0.354859	8	GCGGGCAAC	AGGGCGGGAAA	+
463-GCGGGYAAC	E2F4_HUMAN.H11MO.1.A	1	0.00184982	1.42251	0.354859	9	GCGGGCAAC	GGCGGGAAATTTGA	+
463-GCGGGYAAC	E2F5_HUMAN.H11MO.0.B	1	0.00254155	1.95445	0.433384	9	GCGGGCAAC	CGCGCCAAAC	+
463-GCGGGYAAC	E2F7_HUMAN.H11MO.0.B	3	0.00307315	2.36325	0.471628	9	GCGGGCAAC	GGGGCGGGAAAGG	+
464-ACGTCAAAV	ATF6A_HUMAN.H11MO.0.B	2	0.000122281	0.0940343	0.0811998	9	ACGTCAAAA	CCACGTCACCAC	-
464-ACGTCAAAV	CREB3_HUMAN.H11MO.0.D	4	0.000172885	0.132948	0.0811998	9	ACGTCAAAA	TGCCACGTCACCA	-
464-ACGTCAAAV	NR2E3_HUMAN.H11MO.0.C	1	0.000256999	0.197632	0.0811998	9	ACGTCAAAA	AAAGTCAAAAGTCA	+
464-ACGTCAAAV	JDP2_HUMAN.H11MO.0.D	3	0.000276097	0.212319	0.0811998	9	ACGTCAAAA	ATGACGTCATCA	-
464-ACGTCAAAV	ATF7_HUMAN.H11MO.0.D	3	0.000356995	0.274529	0.0811998	8	ACGTCAAAA	ATGACGTCATC	-
464-ACGTCAAAV	CREM_HUMAN.H11MO.0.C	2	0.000385564	0.296499	0.0811998	9	ACGTCAAAA	TGACGTCAGTG	-
464-ACGTCAAAV	CREB5_HUMAN.H11MO.0.D	3	0.000416238	0.320087	0.0811998	8	ACGTCAAAA	ATGACGTCATC	-
464-ACGTCAAAV	NR1H2_HUMAN.H11MO.0.D	3	0.000512737	0.394295	0.0811998	9	ACGTCAAAA	TAAAGGTCAAAGGTCAACG	+
464-ACGTCAAAV	RARB_HUMAN.H11MO.0.D	1	0.000562925	0.432889	0.0811998	9	ACGTCAAAA	GAGGTCAGGGC	+
464-ACGTCAAAV	ERR1_HUMAN.H11MO.0.A	4	0.00059361	0.456486	0.0811998	9	ACGTCAAAA	CTCAAGGTCACACAG	+
464-ACGTCAAAV	CREB1_HUMAN.H11MO.0.A	2	0.000652984	0.502145	0.0811998	9	ACGTCAAAA	TGACGTCATCG	-
464-ACGTCAAAV	NR1D1_HUMAN.H11MO.1.D	6	0.000761187	0.585353	0.0811998	8	ACGTCAAAA	AAAAGTAGGTCAGA	+
464-ACGTCAAAV	NR2E1_HUMAN.H11MO.0.D	8	0.000795692	0.611887	0.0811998	9	ACGTCAAAA	AAGTCAAAAAGTCAATT	+
464-ACGTCAAAV	ATF1_HUMAN.H11MO.0.B	2	0.000813283	0.625415	0.0811998	9	ACGTCAAAA	TGACGTCACCG	-
464-ACGTCAAAV	ATF2_HUMAN.H11MO.2.C	3	0.000813283	0.625415	0.0811998	8	ACGTCAAAA	GTGACGTCATC	-
464-ACGTCAAAV	CR3L2_HUMAN.H11MO.0.D	4	0.000950378	0.730841	0.0842221	9	ACGTCAAAA	TGCCACGTCATCA	-
464-ACGTCAAAV	TCF7_HUMAN.H11MO.0.A	4	0.00112297	0.863565	0.0890417	9	ACGTCAAAA	AACCACATCAAAGGAA	+
464-ACGTCAAAV	TF7L1_HUMAN.H11MO.0.B	1	0.00156606	1.2043	0.117966	9	ACGTCAAAA	AACATCAAAGGCA	-
464-ACGTCAAAV	TF7L2_HUMAN.H11MO.0.A	2	0.00179995	1.38417	0.129128	9	ACGTCAAAA	CCACATCAAAGGG	-
464-ACGTCAAAV	E4F1_HUMAN.H11MO.0.D	1	0.00212507	1.63418	0.131873	8	ACGTCAAAA	GACGTCACG	-
464-ACGTCAAAV	COT2_HUMAN.H11MO.0.A	3	0.00221165	1.70076	0.131873	9	ACGTCAAAA	CAAAGGTCAGAGG	+
464-ACGTCAAAV	HXC13_HUMAN.H11MO.0.D	1	0.00231321	1.77886	0.131873	9	ACGTCAAAA	CTCGTAAAAAT	-
464-ACGTCAAAV	ESR2_HUMAN.H11MO.1.A	0	0.00231579	1.78084	0.131873	7	ACGTCAAAA	AGGTCAC	+
464-ACGTCAAAV	RXRG_HUMAN.H11MO.0.B	-1	0.00253253	1.94751	0.131873	8	ACGTCAAAA	GGTCAAAGGTCAC	+
464-ACGTCAAAV	NR1H3_HUMAN.H11MO.1.B	2	0.00253849	1.9521	0.131873	8	ACGTCAAAA	AAAGGTCAGA	+
464-ACGTCAAAV	RXRB_HUMAN.H11MO.0.C	2	0.00253849	1.9521	0.131873	8	ACGTCAAAA	TGAGGTCACA	+
464-ACGTCAAAV	RARA_HUMAN.H11MO.1.A	1	0.00271156	2.08519	0.136169	9	ACGTCAAAA	AAGGTCAGGG	+
464-ACGTCAAAV	NR4A2_HUMAN.H11MO.0.C	2	0.0029584	2.27501	0.141952	7	ACGTCAAAA	AAAGGTCAC	+
464-ACGTCAAAV	ERR2_HUMAN.H11MO.0.A	3	0.0038342	2.9485	0.16827	6	ACGTCAAAA	TCAAGGTCA	+
464-ACGTCAAAV	ATF2_HUMAN.H11MO.0.B	4	0.00390926	3.00622	0.16827	7	ACGTCAAAA	GATGACGTCAT	+
464-ACGTCAAAV	ERR3_HUMAN.H11MO.0.B	3	0.00435765	3.35103	0.175526	6	ACGTCAAAA	TCAAGGTCA	+
464-ACGTCAAAV	NR4A3_HUMAN.H11MO.0.D	3	0.0045439	3.49426	0.175526	7	ACGTCAAAA	CAAAGGTCAG	+
464-ACGTCAAAV	THA_HUMAN.H11MO.1.D	3	0.0045439	3.49426	0.175526	7	ACGTCAAAA	CTCAGGTCAG	+
464-ACGTCAAAV	THB_HUMAN.H11MO.1.D	4	0.0045439	3.49426	0.175526	6	ACGTCAAAA	GGTCAGGTCA	+
464-ACGTCAAAV	RARG_HUMAN.H11MO.1.B	1	0.00624703	4.80397	0.232185	7	ACGTCAAAA	GAGGTCAG	+
464-ACGTCAAAV	PPARA_HUMAN.H11MO.1.B	2	0.0063508	4.88377	0.232185	7	ACGTCAAAA	AAAGGTCAG	+
464-ACGTCAAAV	HXC11_HUMAN.H11MO.0.D	2	0.00647298	4.97773	0.232185	9	ACGTCAAAA	GGTCGTAAAAA	-
464-ACGTCAAAV	ESR1_HUMAN.H11MO.1.A	2	0.00702857	5.40497	0.240654	8	ACGTCAAAA	CAAGGTCACC	+
464-ACGTCAAAV	COT2_HUMAN.H11MO.1.A	8	0.00827182	6.36103	0.276928	9	ACGTCAAAA	GGGGTCAAAGGTCAGGG	+
464-ACGTCAAAV	RXRA_HUMAN.H11MO.1.A	3	0.00895809	6.88877	0.289948	7	ACGTCAAAA	CAGAGGTCAG	+
464-ACGTCAAAV	NR1H4_HUMAN.H11MO.1.B	0	0.00904564	6.9561	0.289948	8	ACGTCAAAA	AGGTCAGT	+
464-ACGTCAAAV	NR1I3_HUMAN.H11MO.0.C	1	0.0102345	7.87033	0.31015	9	ACGTCAAAA	GGGGTCAGGAAAGTTCAG	+
464-ACGTCAAAV	NR6A1_HUMAN.H11MO.0.B	1	0.0102755	7.90184	0.31015	9	ACGTCAAAA	AAGTTCAAGGTCA	+
464-ACGTCAAAV	ATF2_HUMAN.H11MO.1.B	8	0.0105671	8.12608	0.31015	9	ACGTCAAAA	AAATGATGATGTCATCATTT	+
464-ACGTCAAAV	RARG_HUMAN.H11MO.0.B	0	0.0108857	8.37113	0.31015	9	ACGTCAAAA	AGGTCAGAGTGACCTGGG	+
464-ACGTCAAAV	COT1_HUMAN.H11MO.1.C	4	0.0109111	8.39065	0.31015	9	ACGTCAAAA	GCAGAGGTCAGGG	+
464-ACGTCAAAV	NR2C1_HUMAN.H11MO.0.C	6	0.0109111	8.39065	0.31015	7	ACGTCAAAA	GGCCAGAGGTCAG	+
464-ACGTCAAAV	NR4A1_HUMAN.H11MO.0.A	2	0.0130385	10.0266	0.363758	7	ACGTCAAAA	AAAGGTCAG	+
464-ACGTCAAAV	RORA_HUMAN.H11MO.0.C	4	0.0138286	10.6342	0.378787	9	ACGTCAAAA	AACTAGGTCAGGG	+
464-ACGTCAAAV	BATF3_HUMAN.H11MO.0.B	0	0.0143475	11.0332	0.385981	9	ACGTCAAAA	GAGTCATAATGAAACTG	-
464-ACGTCAAAV	HXA11_HUMAN.H11MO.0.D	0	0.0155387	11.9492	0.403853	9	ACGTCAAAA	TCATAAAATTTTA	-
464-ACGTCAAAV	MLX_HUMAN.H11MO.0.D	2	0.015816	12.1625	0.403853	9	ACGTCAAAA	GCACGTGATCA	-
464-ACGTCAAAV	MEIS3_HUMAN.H11MO.0.D	3	0.015816	12.1625	0.403853	8	ACGTCAAAA	CACCTGTCAAA	-
464-ACGTCAAAV	ATF3_HUMAN.H11MO.0.A	3	0.0167452	12.877	0.420452	8	ACGTCAAAA	ATCACGTCACC	-
464-ACGTCAAAV	FOXB1_HUMAN.H11MO.0.D	3	0.0192649	14.8147	0.459036	9	ACGTCAAAA	GTTATGTAAATATTGAC	-
464-ACGTCAAAV	CUX2_HUMAN.H11MO.0.D	0	0.0198365	15.2543	0.459036	9	ACGTCAAAA	AAATCAATGAA	+
464-ACGTCAAAV	HXC12_HUMAN.H11MO.0.D	3	0.019947	15.3392	0.459036	9	ACGTCAAAA	AGGTCATAAAAA	-
464-ACGTCAAAV	NF2L1_HUMAN.H11MO.0.C	-1	0.0204095	15.6949	0.459036	7	ACGTCAAAA	AGTCATT	+
464-ACGTCAAAV	COT1_HUMAN.H11MO.0.C	8	0.0204147	15.6989	0.459036	9	ACGTCAAAA	GGGGTCAGAGGTCAGGG	+
464-ACGTCAAAV	NANOG_HUMAN.H11MO.0.A	6	0.0204147	15.6989	0.459036	9	ACGTCAAAA	ATTTGCATAACAAAGGA	-
464-ACGTCAAAV	E2F5_HUMAN.H11MO.0.B	1	0.0212888	16.3711	0.47165	9	ACGTCAAAA	CGCGCCAAAC	+
464-ACGTCAAAV	RXRA_HUMAN.H11MO.0.A	11	0.0217845	16.7523	0.475639	9	ACGTCAAAA	GGGGGAGGCAGAGGTCAGAG	+
464-ACGTCAAAV	XBP1_HUMAN.H11MO.0.D	3	0.0221741	17.0519	0.47723	8	ACGTCAAAA	GCCACGTCAGC	-
464-ACGTCAAAV	TFEB_HUMAN.H11MO.0.C	1	0.0229476	17.6467	0.480156	8	ACGTCAAAA	CACGTGACC	-
464-ACGTCAAAV	SOX2_HUMAN.H11MO.1.A	5	0.0233678	17.9698	0.480467	9	ACGTCAAAA	TTTGCATAACAAAGGA	-
464-ACGTCAAAV	ESR1_HUMAN.H11MO.0.A	0	0.0236003	18.1486	0.480467	9	ACGTCAAAA	AGGTCACCCTGACCT	+
464-ACGTCAAAV	LEF1_HUMAN.H11MO.0.A	3	0.0248973	19.146	0.497628	9	ACGTCAAAA	AGCAAATCAAAGGA	-
464-ACGTCAAAV	TFE3_HUMAN.H11MO.0.B	2	0.0251038	19.3049	0.497628	8	ACGTCAAAA	TCACGTGACC	-
466-CAGAGGCTGSG	ZN770_HUMAN.H11MO.1.C	0	4.71869e-05	0.0362867	0.0725587	11	CAGAGGCTGCG	GGGAGGCTGAG	+
466-CAGAGGCTGSG	ZN770_HUMAN.H11MO.0.C	0	0.000616844	0.474353	0.474257	11	CAGAGGCTGCG	GGGAGGCTGAGGCGGGAGGATC	+
475-CGGAGGAGC	ZN263_HUMAN.H11MO.0.A	0	0.000457282	0.35165	0.292415	9	CGGAGGAGC	GGGAGGAGGGAGAGGAGGAG	+
475-CGGAGGAGC	ZN263_HUMAN.H11MO.1.A	2	0.000469101	0.360739	0.292415	9	CGGAGGAGC	GAGGGAGGAGG	+
475-CGGAGGAGC	ZN341_HUMAN.H11MO.1.C	-1	0.00057199	0.439861	0.292415	8	CGGAGGAGC	GGAACAGCC	+
475-CGGAGGAGC	ZN436_HUMAN.H11MO.0.C	15	0.00104895	0.806642	0.361313	9	CGGAGGAGC	TCAGGGAAGGCTTCCTGGAGGAGG	+
475-CGGAGGAGC	ZSC22_HUMAN.H11MO.0.C	7	0.00154405	1.18738	0.361313	9	CGGAGGAGC	GGTCTGAGGGAGGAGG	+
475-CGGAGGAGC	WT1_HUMAN.H11MO.1.B	2	0.00167359	1.28699	0.361313	9	CGGAGGAGC	GTGGGAGGAGG	+
475-CGGAGGAGC	PATZ1_HUMAN.H11MO.1.C	1	0.00202033	1.55363	0.361313	8	CGGAGGAGC	AGGGAGGGG	+
475-CGGAGGAGC	ZN341_HUMAN.H11MO.0.C	13	0.00202971	1.56085	0.361313	9	CGGAGGAGC	GGGGGGGGGGGGAGGGAAGAGC	+
475-CGGAGGAGC	WT1_HUMAN.H11MO.0.C	6	0.00212029	1.6305	0.361313	9	CGGAGGAGC	GGGCGGGGGAGGAGGGGGGG	+
475-CGGAGGAGC	KLF15_HUMAN.H11MO.0.A	1	0.00235766	1.81304	0.361587	9	CGGAGGAGC	GGGGAGGAGCAGGGGGGGG	+
477-CAGCAAGG	ZIC3_HUMAN.H11MO.0.B	3	0.000524331	0.40321	0.428706	8	CAGCAAGG	TCACAGCAGGGGGCC	-
477-CAGCAAGG	ZSC31_HUMAN.H11MO.0.C	2	0.000767737	0.59039	0.428706	8	CAGCAAGG	GGCAGCAGGGCAGTTATG	+
477-CAGCAAGG	ZN250_HUMAN.H11MO.0.C	10	0.000839139	0.645298	0.428706	8	CAGCAAGG	GTAATCAAAACAGCATGGTA	-
478-CAGTCCCGC	E2F1_HUMAN.H11MO.0.A	0	0.000441274	0.339339	0.222004	9	CAGTCCCGC	CTTTCCCGCCCCCC	-
478-CAGTCCCGC	E2F4_HUMAN.H11MO.0.A	0	0.000458224	0.352374	0.222004	9	CAGTCCCGC	ATTTCCCGCCCCC	-
478-CAGTCCCGC	TFDP1_HUMAN.H11MO.0.C	0	0.000472434	0.363302	0.222004	9	CAGTCCCGC	TTTTCCCGCCCCCC	-
478-CAGTCCCGC	SP1_HUMAN.H11MO.1.A	0	0.000578635	0.44497	0.222004	9	CAGTCCCGC	CGGCCCCGCCCCCC	-
478-CAGTCCCGC	E2F6_HUMAN.H11MO.0.A	1	0.00107654	0.827863	0.307667	9	CAGTCCCGC	CCCTTCCCGCCCC	-
478-CAGTCCCGC	SP2_HUMAN.H11MO.0.A	4	0.00120286	0.925001	0.307667	9	CAGTCCCGC	CCCCCGGCCCCGCCCCCCCCCC	-
478-CAGTCCCGC	SP1_HUMAN.H11MO.0.A	8	0.00156674	1.20482	0.321008	9	CAGTCCCGC	CCCCCCCCCGGCCCCGCCCCCC	-
478-CAGTCCCGC	E2F7_HUMAN.H11MO.0.B	1	0.00167336	1.28681	0.321008	9	CAGTCCCGC	CCTTTCCCGCCCC	-
478-CAGTCCCGC	E2F4_HUMAN.H11MO.1.A	4	0.00209071	1.60776	0.356507	9	CAGTCCCGC	TCAAATTTCCCGCC	-
481-CCCCTAGGC	ZN586_HUMAN.H11MO.0.C	9	1.66587e-05	0.0128105	0.0256211	9	CCCCTAGGC	CATTTTTTCCTCCTAGGCCT	-
482-CCCGCTCAC	E2F4_HUMAN.H11MO.0.A	4	0.000599149	0.460746	0.349343	9	CCCGCTCAC	ATTTCCCGCCCCC	-
482-CCCGCTCAC	SP1_HUMAN.H11MO.1.A	4	0.000754945	0.580553	0.349343	9	CCCGCTCAC	CGGCCCCGCCCCCC	-
482-CCCGCTCAC	E2F1_HUMAN.H11MO.0.A	4	0.00086075	0.661917	0.349343	9	CCCGCTCAC	CTTTCCCGCCCCCC	-
482-CCCGCTCAC	INSM1_HUMAN.H11MO.0.C	2	0.00100706	0.774427	0.349343	9	CCCGCTCAC	TGCCCCCTGACA	-
482-CCCGCTCAC	TFDP1_HUMAN.H11MO.0.C	4	0.00135006	1.03819	0.349343	9	CCCGCTCAC	TTTTCCCGCCCCCC	-
482-CCCGCTCAC	SP1_HUMAN.H11MO.0.A	12	0.00137366	1.05635	0.349343	9	CCCGCTCAC	CCCCCCCCCGGCCCCGCCCCCC	-
482-CCCGCTCAC	ZBT14_HUMAN.H11MO.0.C	1	0.00259546	1.99591	0.440024	8	CCCGCTCAC	GCGCGCTCC	-
482-CCCGCTCAC	SP2_HUMAN.H11MO.1.B	2	0.00270509	2.08021	0.440024	9	CCCGCTCAC	GCCCCGCCCCCT	-
482-CCCGCTCAC	SP2_HUMAN.H11MO.0.A	8	0.00278936	2.14502	0.440024	9	CCCGCTCAC	CCCCCGGCCCCGCCCCCCCCCC	-
482-CCCGCTCAC	KLF12_HUMAN.H11MO.0.C	2	0.00289405	2.22553	0.440024	9	CCCGCTCAC	GCCCCGCCCCT	-
482-CCCGCTCAC	EGR2_HUMAN.H11MO.1.A	2	0.00325348	2.50192	0.440024	9	CCCGCTCAC	CCCCCGCCCACGCCCC	-
482-CCCGCTCAC	EGR1_HUMAN.H11MO.0.A	2	0.0038486	2.95957	0.440024	9	CCCGCTCAC	CCCCCGCCCACGCCCTC	-
482-CCCGCTCAC	KLF13_HUMAN.H11MO.0.D	0	0.00387557	2.98032	0.440024	9	CCCGCTCAC	CACGCCCCCCT	-
482-CCCGCTCAC	EGR2_HUMAN.H11MO.0.A	5	0.00424146	3.26169	0.440024	9	CCCGCTCAC	CCCCTCCCACACCCCCCC	-
482-CCCGCTCAC	ZNF18_HUMAN.H11MO.0.C	0	0.00432559	3.32638	0.440024	9	CCCGCTCAC	CCAGTTCACACC	-
482-CCCGCTCAC	MAZ_HUMAN.H11MO.1.A	0	0.00545639	4.19597	0.46666	9	CCCGCTCAC	CCCCCTCCCTC	-
482-CCCGCTCAC	KLF14_HUMAN.H11MO.0.D	2	0.00550491	4.23327	0.46666	9	CCCGCTCAC	GCCACGCCCCCCT	-
482-CCCGCTCAC	E2F6_HUMAN.H11MO.0.A	5	0.00550491	4.23327	0.46666	8	CCCGCTCAC	CCCTTCCCGCCCC	-
483-CGCCTCCGTC	ZSC22_HUMAN.H11MO.0.C	1	5.54311e-05	0.0426265	0.0846379	10	CGCCTCCGTC	CCTCCTCCCTCAGACC	-
483-CGCCTCCGTC	PATZ1_HUMAN.H11MO.1.C	0	0.001246	0.958174	0.449446	9	CGCCTCCGTC	CCCCTCCCT	-
483-CGCCTCCGTC	WT1_HUMAN.H11MO.0.C	6	0.00125535	0.965362	0.449446	10	CGCCTCCGTC	CCCCCCCTCCTCCCCCGCCC	-
483-CGCCTCCGTC	AP2D_HUMAN.H11MO.0.D	3	0.00143914	1.1067	0.449446	10	CGCCTCCGTC	ACGCGCCTCGGGCG	-
483-CGCCTCCGTC	MAZ_HUMAN.H11MO.1.A	1	0.0015255	1.17311	0.449446	10	CGCCTCCGTC	CCCCCTCCCTC	-
483-CGCCTCCGTC	SP2_HUMAN.H11MO.0.A	10	0.00176611	1.35814	0.449446	10	CGCCTCCGTC	CCCCCGGCCCCGCCCCCCCCCC	-
485-CTCCTTCCCC	ZN281_HUMAN.H11MO.0.A	1	0.000216147	0.166217	0.175124	10	CTCCTTCCCC	TCCCCTCCCCCACCC	-
485-CTCCTTCCCC	WT1_HUMAN.H11MO.0.C	6	0.000333304	0.256311	0.175124	10	CTCCTTCCCC	CCCCCCCTCCTCCCCCGCCC	-
485-CTCCTTCCCC	ZN263_HUMAN.H11MO.1.A	1	0.000364306	0.280152	0.175124	10	CTCCTTCCCC	CCTCCTCCCTC	-
485-CTCCTTCCCC	TBX1_HUMAN.H11MO.0.D	7	0.000566854	0.435911	0.175124	10	CTCCTTCCCC	CCGCCCACCCCTGCCCACCC	-
485-CTCCTTCCCC	ZN148_HUMAN.H11MO.0.D	0	0.0005773	0.443944	0.175124	10	CTCCTTCCCC	CCCCTCCCCCACCCC	-
485-CTCCTTCCCC	WT1_HUMAN.H11MO.1.B	1	0.000981915	0.755092	0.24822	10	CTCCTTCCCC	CCTCCTCCCAC	-
485-CTCCTTCCCC	ZN467_HUMAN.H11MO.0.C	12	0.00142579	1.09643	0.308938	10	CTCCTTCCCC	CCCCCCCCCCCCTCCCCTCCCC	-
485-CTCCTTCCCC	ZSC22_HUMAN.H11MO.0.C	1	0.00177186	1.36256	0.31351	10	CTCCTTCCCC	CCTCCTCCCTCAGACC	-
485-CTCCTTCCCC	VEZF1_HUMAN.H11MO.1.C	0	0.00210256	1.61687	0.31351	10	CTCCTTCCCC	CCCCCTCCCCCT	-
485-CTCCTTCCCC	MAZ_HUMAN.H11MO.1.A	1	0.00235909	1.81414	0.31351	10	CTCCTTCCCC	CCCCCTCCCTC	-
485-CTCCTTCCCC	ZN219_HUMAN.H11MO.0.D	-1	0.00249493	1.9186	0.31351	9	CTCCTTCCCC	TCCGCCCCCCTC	-
485-CTCCTTCCCC	ZBTB6_HUMAN.H11MO.0.C	3	0.00294336	2.26344	0.31351	10	CTCCTTCCCC	CGGCTCCAGCACC	-
485-CTCCTTCCCC	PATZ1_HUMAN.H11MO.1.C	-1	0.00318922	2.45251	0.31351	9	CTCCTTCCCC	CCCCTCCCT	-
485-CTCCTTCCCC	ETV7_HUMAN.H11MO.0.D	-3	0.00322948	2.48347	0.31351	7	CTCCTTCCCC	CTTCCTG	-
485-CTCCTTCCCC	TBX15_HUMAN.H11MO.0.D	4	0.00328041	2.52263	0.31351	10	CTCCTTCCCC	CCCCCACCCCCCCCCCCCC	-
485-CTCCTTCCCC	NFAT5_HUMAN.H11MO.0.D	0	0.00330717	2.54322	0.31351	10	CTCCTTCCCC	CCTTTTCCTCT	-
485-CTCCTTCCCC	FLI1_HUMAN.H11MO.0.A	7	0.00354096	2.723	0.315927	10	CTCCTTCCCC	TCCCTCCTTCCTTCCTCC	-
485-CTCCTTCCCC	MZF1_HUMAN.H11MO.0.B	0	0.00389119	2.99232	0.318861	10	CTCCTTCCCC	CCCAATCCCCTCC	-
485-CTCCTTCCCC	ETS2_HUMAN.H11MO.0.B	1	0.00411208	3.16219	0.318861	10	CTCCTTCCCC	TCCTCTTCCTTCC	-
485-CTCCTTCCCC	E2F6_HUMAN.H11MO.0.A	3	0.00458931	3.52918	0.318861	10	CTCCTTCCCC	CCCTTCCCGCCCC	-
485-CTCCTTCCCC	ZN770_HUMAN.H11MO.0.C	4	0.00469082	3.60724	0.318861	10	CTCCTTCCCC	GATCCTCCCGCCTCAGCCTCCC	-
485-CTCCTTCCCC	ZN586_HUMAN.H11MO.0.C	9	0.00504148	3.8769	0.318861	10	CTCCTTCCCC	CATTTTTTCCTCCTAGGCCT	-
485-CTCCTTCCCC	ZN263_HUMAN.H11MO.0.A	12	0.00504148	3.8769	0.318861	8	CTCCTTCCCC	CTCCTCCTCTCCCTCCTCCC	-
485-CTCCTTCCCC	ZBT17_HUMAN.H11MO.0.A	3	0.00516965	3.97546	0.318861	10	CTCCTTCCCC	CTTCCCCTCCCCCACCCTC	-
485-CTCCTTCCCC	VEZF1_HUMAN.H11MO.0.C	5	0.00525565	4.0416	0.318861	10	CTCCTTCCCC	CCCCTCCCCCTCCCCCCTCCCC	-
485-CTCCTTCCCC	EGR2_HUMAN.H11MO.0.A	0	0.00555407	4.27108	0.324005	10	CTCCTTCCCC	CCCCTCCCACACCCCCCC	-
485-CTCCTTCCCC	SP4_HUMAN.H11MO.1.A	3	0.005857	4.50404	0.329023	10	CTCCTTCCCC	CGGCCCCGCCCCCTCC	-
485-CTCCTTCCCC	MAZ_HUMAN.H11MO.0.A	11	0.00622184	4.78459	0.337035	10	CTCCTTCCCC	CCCCCCCCCCCCCCCCTCCCCC	-
485-CTCCTTCCCC	KLF15_HUMAN.H11MO.0.A	4	0.00681792	5.24298	0.356589	10	CTCCTTCCCC	CCCCCCCCTGCTCCTCCCC	-
485-CTCCTTCCCC	ERG_HUMAN.H11MO.0.A	0	0.00871287	6.70019	0.440508	10	CTCCTTCCCC	CCACTTCCTGCCC	-
485-CTCCTTCCCC	ELF5_HUMAN.H11MO.0.A	0	0.00925813	7.1195	0.452977	10	CTCCTTCCCC	CCACTTCCTCCTTCC	-
485-CTCCTTCCCC	FLI1_HUMAN.H11MO.1.A	0	0.00966683	7.43379	0.455047	10	CTCCTTCCCC	CCACTTCCTGCCT	-
485-CTCCTTCCCC	SP1_HUMAN.H11MO.1.A	3	0.0103586	7.96578	0.455047	10	CTCCTTCCCC	CGGCCCCGCCCCCC	-
485-CTCCTTCCCC	ZN341_HUMAN.H11MO.0.C	4	0.0107566	8.27179	0.455047	10	CTCCTTCCCC	GCTCTTCCCTCCCCCCCCCCCC	-
485-CTCCTTCCCC	SP3_HUMAN.H11MO.0.B	6	0.0108413	8.33694	0.455047	10	CTCCTTCCCC	CCCCGGCCCCGCCCCCCCCC	-
485-CTCCTTCCCC	KLF16_HUMAN.H11MO.0.D	3	0.0110634	8.50774	0.455047	10	CTCCTTCCCC	CCCCCCCCCCCCCGCCCCC	-
485-CTCCTTCCCC	EGR2_HUMAN.H11MO.1.A	1	0.0111005	8.5363	0.455047	10	CTCCTTCCCC	CCCCCGCCCACGCCCC	-
485-CTCCTTCCCC	ELF2_HUMAN.H11MO.0.C	0	0.0118693	9.12746	0.473756	10	CTCCTTCCCC	CCACTTCCGGGTT	-
485-CTCCTTCCCC	PROX1_HUMAN.H11MO.0.D	7	0.0124436	9.56915	0.483946	10	CTCCTTCCCC	CCCAACCCGCCTTACCC	-
485-CTCCTTCCCC	SP2_HUMAN.H11MO.1.B	1	0.0131131	10.084	0.497234	10	CTCCTTCCCC	GCCCCGCCCCCT	-
487-GGGGAGAAA	ZN274_HUMAN.H11MO.0.A	6	0.000214158	0.164687	0.328375	9	GGGGAGAAA	CATACTGGAGAGAAACCCTA	+
488-AAGCCAATG	CEBPZ_HUMAN.H11MO.0.D	-1	6.83635e-05	0.0525715	0.105053	8	AAGCCAATG	AGCCAATCAGC	-
488-AAGCCAATG	NFIA_HUMAN.H11MO.1.D	-1	0.0005832	0.448481	0.310733	7	AAGCCAATG	TGCCAAG	-
488-AAGCCAATG	NFYC_HUMAN.H11MO.0.A	1	0.000780103	0.599899	0.310733	9	AAGCCAATG	CTAGCCAATCAGAG	+
488-AAGCCAATG	NFYB_HUMAN.H11MO.0.A	0	0.00080884	0.621998	0.310733	9	AAGCCAATG	CAGCCAATCAGAG	+
488-AAGCCAATG	PBX3_HUMAN.H11MO.1.A	-1	0.00193722	1.48972	0.497563	8	AAGCCAATG	TGCCAATCA	-
488-AAGCCAATG	NFYA_HUMAN.H11MO.0.A	1	0.00194274	1.49397	0.497563	9	AAGCCAATG	TCAGCCAATCAGAA	+
489-ACCTTCCG	ZN784_HUMAN.H11MO.0.D	2	0.000404607	0.311143	0.45157	8	ACCTTCCG	GTACCTACCTC	-
489-ACCTTCCG	ETV1_HUMAN.H11MO.0.A	0	0.000723379	0.556278	0.45157	8	ACCTTCCG	CACTTCCGGCC	-
489-ACCTTCCG	ELF2_HUMAN.H11MO.0.C	1	0.00120435	0.926147	0.45157	8	ACCTTCCG	CCACTTCCGGGTT	-
489-ACCTTCCG	ELK1_HUMAN.H11MO.0.B	1	0.00144596	1.11194	0.45157	8	ACCTTCCG	CCACTTCCGGT	-
489-ACCTTCCG	GABPA_HUMAN.H11MO.0.A	1	0.00159569	1.22708	0.45157	8	ACCTTCCG	CCACTTCCGGTTCC	-
489-ACCTTCCG	ELK4_HUMAN.H11MO.0.A	1	0.00176201	1.35499	0.45157	8	ACCTTCCG	CCACTTCCGGTC	-
490-ACTTTGGC	HNF4A_HUMAN.H11MO.0.A	3	8.95159e-05	0.0688377	0.137675	8	ACTTTGGC	TGGACTTTGGACTC	-
490-ACTTTGGC	HNF4G_HUMAN.H11MO.0.B	3	0.000412517	0.317226	0.317226	8	ACTTTGGC	TGGACTTTGGACTC	-
497-AGGGAAAAC	NFAC3_HUMAN.H11MO.0.B	-1	0.000525762	0.404311	0.333254	8	AGGGAAAAC	TGGAAAACT	+
497-AGGGAAAAC	NFKB1_HUMAN.H11MO.1.B	-1	0.000724702	0.557296	0.333254	8	AGGGAAAAC	GGGAAATTCCC	+
497-AGGGAAAAC	NFAC2_HUMAN.H11MO.0.B	-1	0.000735147	0.565328	0.333254	8	AGGGAAAAC	TGGAAAATT	+
497-AGGGAAAAC	NFAC4_HUMAN.H11MO.0.C	-1	0.000950096	0.730623	0.333254	8	AGGGAAAAC	AGGAAAATTT	+
497-AGGGAAAAC	ZN586_HUMAN.H11MO.0.C	9	0.00113957	0.876331	0.333254	9	AGGGAAAAC	AGGCCTAGGAGGAAAAAATG	+
497-AGGGAAAAC	NFAC1_HUMAN.H11MO.1.B	1	0.00130953	1.00703	0.333254	9	AGGGAAAAC	AATGGAAAAT	+
497-AGGGAAAAC	NFKB2_HUMAN.H11MO.0.B	-1	0.00227903	1.75257	0.40112	8	AGGGAAAAC	GGGAAAGCCCC	+
497-AGGGAAAAC	ZN528_HUMAN.H11MO.0.C	3	0.00236048	1.81521	0.40112	9	AGGGAAAAC	CCCAGGGAAGCCATTTCTGA	+
497-AGGGAAAAC	FOXK1_HUMAN.H11MO.0.A	0	0.00275164	2.11601	0.40112	9	AGGGAAAAC	AAAGTAAACA	-
497-AGGGAAAAC	PRDM6_HUMAN.H11MO.0.C	2	0.00289073	2.22297	0.40112	9	AGGGAAAAC	AAAAAGAAAAAAA	+
497-AGGGAAAAC	NFAC1_HUMAN.H11MO.0.B	0	0.00323781	2.48988	0.40112	9	AGGGAAAAC	ATGGAAAAAAAGAAA	+
497-AGGGAAAAC	REL_HUMAN.H11MO.0.B	3	0.00323781	2.48988	0.40112	9	AGGGAAAAC	TGAAGGGAAATTCCA	+
497-AGGGAAAAC	ZN708_HUMAN.H11MO.1.D	0	0.00354414	2.72544	0.40112	9	AGGGAAAAC	AGGTACAGC	+
497-AGGGAAAAC	IRF5_HUMAN.H11MO.0.D	2	0.00367782	2.82825	0.40112	9	AGGGAAAAC	TAAAGGAAAGCCAAAAGTGA	+
497-AGGGAAAAC	NFAT5_HUMAN.H11MO.0.D	1	0.00415105	3.19216	0.422551	9	AGGGAAAAC	AGAGGAAAAGG	+
497-AGGGAAAAC	PRDM1_HUMAN.H11MO.0.A	3	0.00457443	3.51773	0.436544	9	AGGGAAAAC	GAAAGTGAAAGTGA	+
497-AGGGAAAAC	ZEP1_HUMAN.H11MO.0.D	0	0.00550791	4.23559	0.494709	9	AGGGAAAAC	TGGGAAATCCCC	+
499-ATGTCCGC	HINFP_HUMAN.H11MO.0.C	2	0.000220014	0.169191	0.338381	8	ATGTCCGC	TAACGTCCGCTAGCGC	-
500-ATTCCTGCC	TEAD1_HUMAN.H11MO.0.A	2	0.000127566	0.0980981	0.139304	9	ATTCCTGCC	ACATTCCAGCCA	+
500-ATTCCTGCC	E2F3_HUMAN.H11MO.0.A	0	0.000313916	0.241401	0.139304	9	ATTCCTGCC	TTTCCCGCCCT	-
500-ATTCCTGCC	TEAD4_HUMAN.H11MO.0.A	2	0.00042809	0.329201	0.139304	9	ATTCCTGCC	ACATTCCTGGCAT	+
500-ATTCCTGCC	ETV4_HUMAN.H11MO.0.B	2	0.000473646	0.364234	0.139304	9	ATTCCTGCC	CCCTTCCTGTT	-
500-ATTCCTGCC	TFDP1_HUMAN.H11MO.0.C	1	0.000541729	0.41659	0.139304	9	ATTCCTGCC	TTTTCCCGCCCCCC	-
500-ATTCCTGCC	FLI1_HUMAN.H11MO.0.A	6	0.00066305	0.509886	0.139304	9	ATTCCTGCC	TCCCTCCTTCCTTCCTCC	-
500-ATTCCTGCC	ETV6_HUMAN.H11MO.0.D	1	0.000717702	0.551913	0.139304	8	ATTCCTGCC	ACTTCCTGT	-
500-ATTCCTGCC	TEAD2_HUMAN.H11MO.0.D	4	0.000789956	0.607476	0.139304	8	ATTCCTGCC	CCACATTCCAGG	+
500-ATTCCTGCC	E2F1_HUMAN.H11MO.0.A	1	0.000992445	0.76319	0.139304	9	ATTCCTGCC	CTTTCCCGCCCCCC	-
500-ATTCCTGCC	KAISO_HUMAN.H11MO.2.A	1	0.00109413	0.841385	0.139304	9	ATTCCTGCC	TCTTCCTGCGAG	-
500-ATTCCTGCC	ERG_HUMAN.H11MO.0.A	3	0.0010945	0.841667	0.139304	9	ATTCCTGCC	CCACTTCCTGCCC	-
500-ATTCCTGCC	FLI1_HUMAN.H11MO.1.A	3	0.00116773	0.897985	0.139304	9	ATTCCTGCC	CCACTTCCTGCCT	-
500-ATTCCTGCC	E2F7_HUMAN.H11MO.0.B	2	0.00124552	0.957805	0.139304	9	ATTCCTGCC	CCTTTCCCGCCCC	-
500-ATTCCTGCC	ETV2_HUMAN.H11MO.0.B	4	0.00129272	0.994098	0.139304	9	ATTCCTGCC	CCCACTTCCTGTTTCC	-
500-ATTCCTGCC	E2F4_HUMAN.H11MO.1.A	5	0.00137416	1.05673	0.139304	9	ATTCCTGCC	TCAAATTTCCCGCC	-
500-ATTCCTGCC	E2F4_HUMAN.H11MO.0.A	1	0.00160762	1.23626	0.148907	9	ATTCCTGCC	ATTTCCCGCCCCC	-
500-ATTCCTGCC	ETV5_HUMAN.H11MO.0.C	4	0.00166474	1.28019	0.148907	9	ATTCCTGCC	CTCACTTCCTGCTC	-
500-ATTCCTGCC	TEAD3_HUMAN.H11MO.0.D	3	0.00203839	1.56753	0.167171	9	ATTCCTGCC	GATATTTCTGCTCTA	+
500-ATTCCTGCC	ETV7_HUMAN.H11MO.0.D	0	0.00208881	1.60629	0.167171	7	ATTCCTGCC	CTTCCTG	-
500-ATTCCTGCC	E2F6_HUMAN.H11MO.0.A	2	0.00264388	2.03314	0.201014	9	ATTCCTGCC	CCCTTCCCGCCCC	-
500-ATTCCTGCC	ZN394_HUMAN.H11MO.1.D	0	0.00365341	2.80947	0.26245	9	ATTCCTGCC	ATTCCATTC	-
500-ATTCCTGCC	ETS1_HUMAN.H11MO.0.A	3	0.00379711	2.91998	0.26245	9	ATTCCTGCC	CCACTTCCTGTCT	-
500-ATTCCTGCC	ZNF85_HUMAN.H11MO.1.C	4	0.00402948	3.09867	0.266402	9	ATTCCTGCC	AAAGATTACTTCA	-
500-ATTCCTGCC	ZSC31_HUMAN.H11MO.0.C	1	0.00463268	3.56253	0.291923	9	ATTCCTGCC	CATAACTGCCCTGCTGCC	-
500-ATTCCTGCC	ETV1_HUMAN.H11MO.0.A	2	0.00479946	3.69078	0.291923	9	ATTCCTGCC	CACTTCCGGCC	-
500-ATTCCTGCC	ZN264_HUMAN.H11MO.0.C	6	0.00565329	4.34738	0.330631	9	ATTCCTGCC	AATGGGATTAGTGCCCTTATAAGA	-
500-ATTCCTGCC	ZNF85_HUMAN.H11MO.0.C	2	0.00656866	5.0513	0.369938	9	ATTCCTGCC	AGATTACTTCAGTTTTCTAT	-
505-CAAGGGCAA	STF1_HUMAN.H11MO.0.B	3	5.33712e-05	0.0410424	0.0530975	8	CAAGGGCAA	GCTCAAGGCCA	+
505-CAAGGGCAA	ERR2_HUMAN.H11MO.0.A	1	6.99023e-05	0.0537548	0.0530975	8	CAAGGGCAA	TCAAGGTCA	+
505-CAAGGGCAA	NR5A2_HUMAN.H11MO.0.B	3	0.000132922	0.102217	0.0673113	8	CAAGGGCAA	GTTCAAGGCCA	+
505-CAAGGGCAA	ERR1_HUMAN.H11MO.0.A	2	0.000309294	0.237847	0.104035	9	CAAGGGCAA	CTCAAGGTCACACAG	+
505-CAAGGGCAA	ERR3_HUMAN.H11MO.0.B	1	0.000342401	0.263307	0.104035	8	CAAGGGCAA	TCAAGGTCA	+
505-CAAGGGCAA	NR6A1_HUMAN.H11MO.0.B	5	0.000690333	0.530866	0.174792	8	CAAGGGCAA	AAGTTCAAGGTCA	+
505-CAAGGGCAA	PPARA_HUMAN.H11MO.1.B	0	0.000999775	0.768827	0.215848	9	CAAGGGCAA	AAAGGTCAG	+
505-CAAGGGCAA	NR4A2_HUMAN.H11MO.0.C	0	0.0012128	0.932641	0.215848	9	CAAGGGCAA	AAAGGTCAC	+
505-CAAGGGCAA	NR1H3_HUMAN.H11MO.1.B	0	0.00127873	0.983343	0.215848	9	CAAGGGCAA	AAAGGTCAGA	+
505-CAAGGGCAA	NR4A1_HUMAN.H11MO.0.A	0	0.00146765	1.12862	0.222964	9	CAAGGGCAA	AAAGGTCAG	+
505-CAAGGGCAA	RFX2_HUMAN.H11MO.1.A	0	0.0018195	1.39919	0.244988	9	CAAGGGCAA	CCATGGCAACCG	-
505-CAAGGGCAA	RFX4_HUMAN.H11MO.0.D	4	0.00217213	1.67037	0.244988	9	CAAGGGCAA	GTTACCATGGCAACG	-
505-CAAGGGCAA	RFX2_HUMAN.H11MO.0.A	6	0.00220029	1.69202	0.244988	9	CAAGGGCAA	CCGTTGCCATGGCAACCG	-
505-CAAGGGCAA	NR1H2_HUMAN.H11MO.0.D	1	0.00225767	1.73614	0.244988	9	CAAGGGCAA	TAAAGGTCAAAGGTCAACG	+
505-CAAGGGCAA	HIC1_HUMAN.H11MO.0.C	-3	0.00412442	3.17168	0.357929	6	CAAGGGCAA	GGGCAACCC	-
505-CAAGGGCAA	RARG_HUMAN.H11MO.1.B	-1	0.00462435	3.55613	0.357929	8	CAAGGGCAA	GAGGTCAG	+
505-CAAGGGCAA	NKX28_HUMAN.H11MO.0.C	2	0.00463431	3.56378	0.357929	7	CAAGGGCAA	TTCAAGGAC	+
505-CAAGGGCAA	RORA_HUMAN.H11MO.0.C	2	0.00481387	3.70187	0.357929	9	CAAGGGCAA	AACTAGGTCAGGG	+
505-CAAGGGCAA	ETV3_HUMAN.H11MO.0.D	0	0.00500466	3.84858	0.357929	9	CAAGGGCAA	GAAGTGCAAACGTA	-
505-CAAGGGCAA	RFX3_HUMAN.H11MO.0.B	3	0.00500466	3.84858	0.357929	9	CAAGGGCAA	TTACCATGGCAACC	-
505-CAAGGGCAA	ESR1_HUMAN.H11MO.1.A	0	0.00511279	3.93174	0.357929	9	CAAGGGCAA	CAAGGTCACC	+
505-CAAGGGCAA	NR4A3_HUMAN.H11MO.0.D	1	0.00541325	4.16279	0.357929	9	CAAGGGCAA	CAAAGGTCAG	+
505-CAAGGGCAA	RARA_HUMAN.H11MO.1.A	-1	0.00572993	4.40632	0.357929	8	CAAGGGCAA	AAGGTCAGGG	+
505-CAAGGGCAA	RXRG_HUMAN.H11MO.0.B	4	0.00572994	4.40633	0.357929	9	CAAGGGCAA	GGTCAAAGGTCAC	+
505-CAAGGGCAA	REL_HUMAN.H11MO.0.B	1	0.00681797	5.24302	0.370816	9	CAAGGGCAA	TGAAGGGAAATTCCA	+
505-CAAGGGCAA	PRDM1_HUMAN.H11MO.0.A	1	0.00708261	5.44653	0.370816	9	CAAGGGCAA	GAAAGTGAAAGTGA	+
505-CAAGGGCAA	ZBT7B_HUMAN.H11MO.0.D	7	0.00708313	5.44693	0.370816	9	CAAGGGCAA	CCCGTTGCCATGGCAACGGCG	-
505-CAAGGGCAA	COT2_HUMAN.H11MO.0.A	1	0.00720106	5.53761	0.370816	9	CAAGGGCAA	CAAAGGTCAGAGG	+
505-CAAGGGCAA	PPARG_HUMAN.H11MO.1.A	0	0.00732263	5.63111	0.370816	9	CAAGGGCAA	CAAAGGTCA	+
505-CAAGGGCAA	RFX1_HUMAN.H11MO.1.B	0	0.00799912	6.15132	0.380488	9	CAAGGGCAA	CCATGGCAACC	-
505-CAAGGGCAA	ESR2_HUMAN.H11MO.1.A	-2	0.00801453	6.16318	0.380488	7	CAAGGGCAA	AGGTCAC	+
505-CAAGGGCAA	FEZF1_HUMAN.H11MO.0.C	2	0.00889653	6.84143	0.409562	9	CAAGGGCAA	AAAAAGAGCAGC	-
505-CAAGGGCAA	RXRA_HUMAN.H11MO.1.A	1	0.00945729	7.27266	0.422572	9	CAAGGGCAA	CAGAGGTCAG	+
505-CAAGGGCAA	RFX1_HUMAN.H11MO.0.B	6	0.0107805	8.29024	0.467935	9	CAAGGGCAA	CCGTCGCCATGGCAACCGGGGC	-
505-CAAGGGCAA	ZN257_HUMAN.H11MO.0.C	5	0.0116902	8.98976	0.493323	7	CAAGGGCAA	AGAGGCAAGAGC	-
506-CAAGGGGCC	PLAL1_HUMAN.H11MO.0.D	0	0.00012095	0.0930103	0.186021	9	CAAGGGGCC	CGGGGGGCCC	+
506-CAAGGGGCC	ZN320_HUMAN.H11MO.0.C	7	0.000298498	0.229545	0.229545	9	CAAGGGGCC	GTGGGACCAGGGGGCCAGTG	+
506-CAAGGGGCC	INSM1_HUMAN.H11MO.0.C	3	0.000968957	0.745128	0.413159	9	CAAGGGGCC	TGTCAGGGGGCA	+
506-CAAGGGGCC	PRDM4_HUMAN.H11MO.0.D	3	0.00107454	0.826319	0.413159	9	CAAGGGGCC	TTTCAAGGCCCCCCAC	-
509-CAGGCGCGCGCG	ZBT14_HUMAN.H11MO.0.C	-2	2.26779e-05	0.0174393	0.0348786	9	CAGGCGCGCGCG	GGAGCGCGC	+
509-CAGGCGCGCGCG	NRF1_HUMAN.H11MO.0.A	0	0.000686332	0.527789	0.35186	12	CAGGCGCGCGCG	CCTGCGCATGCGCAGTG	-
513-CCCGCGAAG	GLIS2_HUMAN.H11MO.0.D	5	2.76247e-05	0.0212434	0.0424867	9	CCCGCGAAG	GACCCCCCGCGAAG	-
514-CCTCCGGCTC	ZN770_HUMAN.H11MO.0.C	10	0.000742562	0.571031	0.494455	10	CCTCCGGCTC	GATCCTCCCGCCTCAGCCTCCC	-
514-CCTCCGGCTC	WT1_HUMAN.H11MO.0.C	8	0.000931623	0.716418	0.494455	10	CCTCCGGCTC	CCCCCCCTCCTCCCCCGCCC	-
514-CCTCCGGCTC	MBD2_HUMAN.H11MO.0.B	0	0.00097278	0.748068	0.494455	10	CCTCCGGCTC	CCTCCGGCCCC	-
515-CCTGCCCCGGCCCT	SP1_HUMAN.H11MO.0.A	7	7.93491e-06	0.00610195	0.0065195	14	CCTGCCCCGGCCCT	CCCCCCCCCGGCCCCGCCCCCC	-
515-CCTGCCCCGGCCCT	KLF12_HUMAN.H11MO.0.C	-3	8.6403e-06	0.00664439	0.0065195	11	CCTGCCCCGGCCCT	GCCCCGCCCCT	-
515-CCTGCCCCGGCCCT	SP1_HUMAN.H11MO.1.A	-1	1.78505e-05	0.0137271	0.00897937	13	CCTGCCCCGGCCCT	CGGCCCCGCCCCCC	-
515-CCTGCCCCGGCCCT	KLF3_HUMAN.H11MO.0.B	1	0.000272333	0.209424	0.0534001	14	CCTGCCCCGGCCCT	CCCGGCCCCGCCCCTCCCC	-
515-CCTGCCCCGGCCCT	AP2D_HUMAN.H11MO.0.D	1	0.000315988	0.242995	0.0534001	13	CCTGCCCCGGCCCT	ACGCGCCTCGGGCG	-
515-CCTGCCCCGGCCCT	KLF1_HUMAN.H11MO.0.A	1	0.000315988	0.242995	0.0534001	13	CCTGCCCCGGCCCT	CCCGGCCCCGCCCC	-
515-CCTGCCCCGGCCCT	TBX1_HUMAN.H11MO.0.D	3	0.000328205	0.25239	0.0534001	14	CCTGCCCCGGCCCT	CCGCCCACCCCTGCCCACCC	-
515-CCTGCCCCGGCCCT	SP3_HUMAN.H11MO.0.B	2	0.0003468	0.266689	0.0534001	14	CCTGCCCCGGCCCT	CCCCGGCCCCGCCCCCCCCC	-
515-CCTGCCCCGGCCCT	KLF6_HUMAN.H11MO.0.A	3	0.000378868	0.29135	0.0534001	14	CCTGCCCCGGCCCT	CCCCCGGCCCCGCCCTTCC	-
515-CCTGCCCCGGCCCT	SP2_HUMAN.H11MO.0.A	3	0.000387	0.297603	0.0534001	14	CCTGCCCCGGCCCT	CCCCCGGCCCCGCCCCCCCCCC	-
515-CCTGCCCCGGCCCT	SP2_HUMAN.H11MO.1.B	-3	0.000389242	0.299327	0.0534001	11	CCTGCCCCGGCCCT	GCCCCGCCCCCT	-
515-CCTGCCCCGGCCCT	KLF16_HUMAN.H11MO.0.D	5	0.000524065	0.403006	0.0659051	14	CCTGCCCCGGCCCT	CCCCCCCCCCCCCGCCCCC	-
515-CCTGCCCCGGCCCT	SP4_HUMAN.H11MO.0.A	1	0.000596464	0.458681	0.0692399	14	CCTGCCCCGGCCCT	CCCGGCCCCGCCCCCTTCCC	-
515-CCTGCCCCGGCCCT	SP4_HUMAN.H11MO.1.A	-1	0.000683678	0.525748	0.0710829	13	CCTGCCCCGGCCCT	CGGCCCCGCCCCCTCC	-
515-CCTGCCCCGGCCCT	KLF5_HUMAN.H11MO.0.A	1	0.000706547	0.543335	0.0710829	13	CCTGCCCCGGCCCT	CCCAGCCCCACCCT	-
515-CCTGCCCCGGCCCT	ZN148_HUMAN.H11MO.0.D	1	0.000762321	0.586225	0.0719007	14	CCTGCCCCGGCCCT	CCCCTCCCCCACCCC	-
515-CCTGCCCCGGCCCT	ZN281_HUMAN.H11MO.0.A	3	0.00084558	0.650251	0.0750621	12	CCTGCCCCGGCCCT	TCCCCTCCCCCACCC	-
515-CCTGCCCCGGCCCT	PATZ1_HUMAN.H11MO.0.C	8	0.0015373	1.18219	0.124016	14	CCTGCCCCGGCCCT	CCTCCCCCCCCGCCCCCTCCCC	-
515-CCTGCCCCGGCCCT	MAZ_HUMAN.H11MO.1.A	-4	0.0015614	1.20072	0.124016	10	CCTGCCCCGGCCCT	CCCCCTCCCTC	-
515-CCTGCCCCGGCCCT	KLF15_HUMAN.H11MO.0.A	6	0.00181482	1.3956	0.136937	13	CCTGCCCCGGCCCT	CCCCCCCCTGCTCCTCCCC	-
515-CCTGCCCCGGCCCT	ZN770_HUMAN.H11MO.0.C	6	0.00280474	2.15685	0.189766	14	CCTGCCCCGGCCCT	GATCCTCCCGCCTCAGCCTCCC	-
515-CCTGCCCCGGCCCT	KLF4_HUMAN.H11MO.0.A	-3	0.00287677	2.21223	0.189766	10	CCTGCCCCGGCCCT	GCCACACCCT	-
515-CCTGCCCCGGCCCT	TBX15_HUMAN.H11MO.0.D	6	0.00296851	2.28278	0.189766	13	CCTGCCCCGGCCCT	CCCCCACCCCCCCCCCCCC	-
515-CCTGCCCCGGCCCT	MBD2_HUMAN.H11MO.0.B	-3	0.00301796	2.32081	0.189766	11	CCTGCCCCGGCCCT	CCTCCGGCCCC	-
515-CCTGCCCCGGCCCT	ZF64A_HUMAN.H11MO.0.D	2	0.0033817	2.60053	0.204132	14	CCTGCCCCGGCCCT	CAGGTTCCCGGGCCCC	-
515-CCTGCCCCGGCCCT	EGR1_HUMAN.H11MO.0.A	2	0.00390159	3.00032	0.204684	14	CCTGCCCCGGCCCT	CCCCCGCCCACGCCCTC	-
515-CCTGCCCCGGCCCT	ZBT17_HUMAN.H11MO.0.A	4	0.00396008	3.0453	0.204684	14	CCTGCCCCGGCCCT	CTTCCCCTCCCCCACCCTC	-
515-CCTGCCCCGGCCCT	E2F7_HUMAN.H11MO.0.B	0	0.00400504	3.07988	0.204684	13	CCTGCCCCGGCCCT	CCTTTCCCGCCCC	-
515-CCTGCCCCGGCCCT	AP2B_HUMAN.H11MO.0.B	-2	0.00402734	3.09703	0.204684	10	CCTGCCCCGGCCCT	GCCCCCGGGC	-
515-CCTGCCCCGGCCCT	ZN549_HUMAN.H11MO.0.C	2	0.00406902	3.12908	0.204684	14	CCTGCCCCGGCCCT	GTGCTGCCCAATTCATGAAT	-
515-CCTGCCCCGGCCCT	ZN740_HUMAN.H11MO.0.D	0	0.00426663	3.28104	0.207701	14	CCTGCCCCGGCCCT	CCCACCCCCCCCCC	-
515-CCTGCCCCGGCCCT	ARNT2_HUMAN.H11MO.0.D	1	0.00490125	3.76906	0.218308	11	CCTGCCCCGGCCCT	GCCTCCCACGCC	-
515-CCTGCCCCGGCCCT	MECP2_HUMAN.H11MO.0.C	-4	0.00490871	3.7748	0.218308	7	CCTGCCCCGGCCCT	CTCCGGG	-
515-CCTGCCCCGGCCCT	WT1_HUMAN.H11MO.0.C	8	0.00491851	3.78234	0.218308	12	CCTGCCCCGGCCCT	CCCCCCCTCCTCCCCCGCCC	-
515-CCTGCCCCGGCCCT	MAZ_HUMAN.H11MO.0.A	8	0.00576899	4.43635	0.24687	14	CCTGCCCCGGCCCT	CCCCCCCCCCCCCCCCTCCCCC	-
515-CCTGCCCCGGCCCT	E2F4_HUMAN.H11MO.0.A	-1	0.00588919	4.52879	0.24687	13	CCTGCCCCGGCCCT	ATTTCCCGCCCCC	-
515-CCTGCCCCGGCCCT	ZSC22_HUMAN.H11MO.0.C	3	0.00650175	4.99984	0.265182	13	CCTGCCCCGGCCCT	CCTCCTCCCTCAGACC	-
515-CCTGCCCCGGCCCT	KLF9_HUMAN.H11MO.0.C	-2	0.0068436	5.26273	0.271779	12	CCTGCCCCGGCCCT	GGCCACGCCCCCTCC	-
515-CCTGCCCCGGCCCT	ZSC31_HUMAN.H11MO.0.C	4	0.00761116	5.85298	0.290544	14	CCTGCCCCGGCCCT	CATAACTGCCCTGCTGCC	-
515-CCTGCCCCGGCCCT	EGR4_HUMAN.H11MO.0.D	-3	0.00770117	5.9222	0.290544	11	CCTGCCCCGGCCCT	GCCCTGCCGCC	-
515-CCTGCCCCGGCCCT	PATZ1_HUMAN.H11MO.1.C	-5	0.00811791	6.24267	0.298797	9	CCTGCCCCGGCCCT	CCCCTCCCT	-
515-CCTGCCCCGGCCCT	ZN467_HUMAN.H11MO.0.C	9	0.00836005	6.42888	0.300383	13	CCTGCCCCGGCCCT	CCCCCCCCCCCCTCCCCTCCCC	-
515-CCTGCCCCGGCCCT	ZN554_HUMAN.H11MO.1.D	-2	0.00906936	6.97433	0.312692	9	CCTGCCCCGGCCCT	TGGCTCTGC	-
515-CCTGCCCCGGCCCT	EGR2_HUMAN.H11MO.0.A	2	0.00911705	7.01101	0.312692	14	CCTGCCCCGGCCCT	CCCCTCCCACACCCCCCC	-
515-CCTGCCCCGGCCCT	TFDP1_HUMAN.H11MO.0.C	-1	0.0102428	7.8767	0.343496	13	CCTGCCCCGGCCCT	TTTTCCCGCCCCCC	-
515-CCTGCCCCGGCCCT	VEZF1_HUMAN.H11MO.0.C	8	0.0109734	8.43854	0.359997	14	CCTGCCCCGGCCCT	CCCCTCCCCCTCCCCCCTCCCC	-
515-CCTGCCCCGGCCCT	HEN1_HUMAN.H11MO.0.C	6	0.0117255	9.01688	0.376485	14	CCTGCCCCGGCCCT	TGGGGAGCAGCTGCGTCCCT	+
515-CCTGCCCCGGCCCT	CR3L1_HUMAN.H11MO.0.D	-2	0.0126302	9.71259	0.397084	11	CCTGCCCCGGCCCT	TGCCACGTGGC	-
515-CCTGCCCCGGCCCT	NRF1_HUMAN.H11MO.0.A	1	0.0133013	10.2287	0.409649	14	CCTGCCCCGGCCCT	CACTGCGCATGCGCAGG	+
515-CCTGCCCCGGCCCT	PLAG1_HUMAN.H11MO.0.D	2	0.0145067	11.1557	0.431629	14	CCTGCCCCGGCCCT	CCCCTCCTGATGCCCCC	-
515-CCTGCCCCGGCCCT	EGR2_HUMAN.H11MO.1.A	3	0.0151129	11.6218	0.431629	13	CCTGCCCCGGCCCT	CCCCCGCCCACGCCCC	-
515-CCTGCCCCGGCCCT	TAF1_HUMAN.H11MO.0.A	-1	0.0151129	11.6218	0.431629	13	CCTGCCCCGGCCCT	CCGCCGCCGCCATCTT	-
515-CCTGCCCCGGCCCT	RARG_HUMAN.H11MO.1.B	-1	0.015159	11.6573	0.431629	8	CCTGCCCCGGCCCT	CTGACCTC	-
515-CCTGCCCCGGCCCT	ESR1_HUMAN.H11MO.1.A	0	0.0158474	12.1866	0.433832	10	CCTGCCCCGGCCCT	GGTGACCTTG	-
515-CCTGCCCCGGCCCT	E2F6_HUMAN.H11MO.0.A	-1	0.0161815	12.4436	0.433832	13	CCTGCCCCGGCCCT	CCCTTCCCGCCCC	-
515-CCTGCCCCGGCCCT	COT1_HUMAN.H11MO.0.C	1	0.0165052	12.6925	0.433832	14	CCTGCCCCGGCCCT	CCCTGACCTCTGACCCC	-
515-CCTGCCCCGGCCCT	BACH1_HUMAN.H11MO.0.A	1	0.0169131	13.0061	0.433832	12	CCTGCCCCGGCCCT	GCATGACTCAGCA	-
515-CCTGCCCCGGCCCT	NR1H4_HUMAN.H11MO.1.B	0	0.0169613	13.0432	0.433832	8	CCTGCCCCGGCCCT	ACTGACCT	-
515-CCTGCCCCGGCCCT	KLF14_HUMAN.H11MO.0.D	-3	0.0192948	14.8377	0.476724	11	CCTGCCCCGGCCCT	GCCACGCCCCCCT	-
515-CCTGCCCCGGCCCT	ZN219_HUMAN.H11MO.0.D	1	0.0203108	15.619	0.476724	11	CCTGCCCCGGCCCT	TCCGCCCCCCTC	-
515-CCTGCCCCGGCCCT	XBP1_HUMAN.H11MO.0.D	-3	0.0203352	15.6378	0.476724	11	CCTGCCCCGGCCCT	GCCACGTCAGC	-
515-CCTGCCCCGGCCCT	E2F1_HUMAN.H11MO.0.A	-1	0.020589	15.8329	0.476724	13	CCTGCCCCGGCCCT	CTTTCCCGCCCCCC	-
515-CCTGCCCCGGCCCT	RORA_HUMAN.H11MO.0.C	1	0.0210502	16.1876	0.476724	12	CCTGCCCCGGCCCT	CCCTGACCTAGTT	-
515-CCTGCCCCGGCCCT	TFCP2_HUMAN.H11MO.0.D	1	0.0212317	16.3272	0.476724	14	CCTGCCCCGGCCCT	GCCTGAACTGGCCAGA	+
515-CCTGCCCCGGCCCT	NR0B1_HUMAN.H11MO.0.D	0	0.0213001	16.3798	0.476724	10	CCTGCCCCGGCCCT	TCTCCCACGC	-
515-CCTGCCCCGGCCCT	ASCL1_HUMAN.H11MO.0.A	-1	0.0214813	16.5191	0.476724	13	CCTGCCCCGGCCCT	CTGCACCTGCTCCC	+
515-CCTGCCCCGGCCCT	AP2C_HUMAN.H11MO.0.A	-1	0.0214813	16.5191	0.476724	13	CCTGCCCCGGCCCT	TGGCCTCAGGGCAT	-
515-CCTGCCCCGGCCCT	RARA_HUMAN.H11MO.1.A	-5	0.0223594	17.1944	0.48902	9	CCTGCCCCGGCCCT	CCCTGACCTT	-
515-CCTGCCCCGGCCCT	THB_HUMAN.H11MO.0.C	3	0.0231389	17.7938	0.498838	14	CCTGCCCCGGCCCT	TGACCTGACCTGACCTC	-
516-CCTGCTCCAG	ZN436_HUMAN.H11MO.0.C	0	3.10056e-06	0.00238433	0.00476769	10	CCTGCTCCAG	CCTCCTCCAGGAAGCCTTCCCTGA	-
520-CGGGGCGGAGCC	SP1_HUMAN.H11MO.1.A	1	1.42195e-06	0.00109348	0.00192842	12	CGGGGCGGAGCC	GGGGGGCGGGGCCG	+
520-CGGGGCGGAGCC	KLF12_HUMAN.H11MO.0.C	0	2.73422e-06	0.00210262	0.00192842	11	CGGGGCGGAGCC	AGGGGCGGGGC	+
520-CGGGGCGGAGCC	SP1_HUMAN.H11MO.0.A	1	3.81828e-06	0.00293625	0.00192842	12	CGGGGCGGAGCC	GGGGGGCGGGGCCGGGGGGGGG	+
520-CGGGGCGGAGCC	SP3_HUMAN.H11MO.0.B	4	8.1392e-05	0.0625904	0.0242059	12	CGGGGCGGAGCC	GGGGGGGGGCGGGGCCGGGG	+
520-CGGGGCGGAGCC	SP4_HUMAN.H11MO.0.A	5	9.26571e-05	0.0712533	0.0242059	12	CGGGGCGGAGCC	GGGAAGGGGGCGGGGCCGGG	+
520-CGGGGCGGAGCC	SP4_HUMAN.H11MO.1.A	3	0.000109724	0.0843779	0.0242059	12	CGGGGCGGAGCC	GGAGGGGGCGGGGCCG	+
520-CGGGGCGGAGCC	SP2_HUMAN.H11MO.0.A	5	0.000111831	0.0859983	0.0242059	12	CGGGGCGGAGCC	GGGGGGGGGGCGGGGCCGGGGG	+
520-CGGGGCGGAGCC	KLF3_HUMAN.H11MO.0.B	4	0.000177677	0.136634	0.0310398	12	CGGGGCGGAGCC	GGGGAGGGGCGGGGCCGGG	+
520-CGGGGCGGAGCC	SP2_HUMAN.H11MO.1.B	1	0.000184376	0.141786	0.0310398	11	CGGGGCGGAGCC	AGGGGGCGGGGC	+
520-CGGGGCGGAGCC	ZN554_HUMAN.H11MO.1.D	-4	0.000459834	0.353612	0.0696718	8	CGGGGCGGAGCC	GCAGAGCCA	+
520-CGGGGCGGAGCC	KLF1_HUMAN.H11MO.0.A	-1	0.000585399	0.450172	0.0806335	11	CGGGGCGGAGCC	GGGGCGGGGCCGGG	+
520-CGGGGCGGAGCC	KLF9_HUMAN.H11MO.0.C	3	0.000911808	0.701181	0.112972	12	CGGGGCGGAGCC	GGAGGGGGCGTGGCC	+
520-CGGGGCGGAGCC	KLF15_HUMAN.H11MO.0.A	-1	0.000986835	0.758876	0.112972	11	CGGGGCGGAGCC	GGGGAGGAGCAGGGGGGGG	+
520-CGGGGCGGAGCC	KLF6_HUMAN.H11MO.0.A	2	0.00104386	0.80273	0.112972	12	CGGGGCGGAGCC	GGAAGGGCGGGGCCGGGGG	+
520-CGGGGCGGAGCC	MAZ_HUMAN.H11MO.1.A	0	0.00118828	0.913791	0.120029	11	CGGGGCGGAGCC	GAGGGAGGGGG	+
520-CGGGGCGGAGCC	E2F2_HUMAN.H11MO.0.B	-1	0.00126963	0.976346	0.12023	10	CGGGGCGGAGCC	GGCGCGAAAC	+
520-CGGGGCGGAGCC	ZN219_HUMAN.H11MO.0.D	3	0.00145315	1.11747	0.129514	9	CGGGGCGGAGCC	GAGGGGGGCGGA	+
520-CGGGGCGGAGCC	ZN263_HUMAN.H11MO.1.A	0	0.00157427	1.21062	0.132515	11	CGGGGCGGAGCC	GAGGGAGGAGG	+
520-CGGGGCGGAGCC	KLF4_HUMAN.H11MO.0.A	-1	0.00170276	1.30942	0.135786	10	CGGGGCGGAGCC	AGGGTGTGGC	+
520-CGGGGCGGAGCC	ZN331_HUMAN.H11MO.0.C	3	0.0027719	2.13159	0.209992	12	CGGGGCGGAGCC	CCACCCAGCTGAGCCCAGCC	-
520-CGGGGCGGAGCC	ZN148_HUMAN.H11MO.0.D	5	0.00402565	3.09573	0.277249	10	CGGGGCGGAGCC	GGGGTGGGGGAGGGG	+
520-CGGGGCGGAGCC	ZBTB6_HUMAN.H11MO.0.C	0	0.00446263	3.43176	0.280367	12	CGGGGCGGAGCC	GGTGCTGGAGCCG	+
520-CGGGGCGGAGCC	EGR4_HUMAN.H11MO.0.D	0	0.00462605	3.55743	0.280367	11	CGGGGCGGAGCC	GGCGGCAGGGC	+
520-CGGGGCGGAGCC	WT1_HUMAN.H11MO.1.B	0	0.00462605	3.55743	0.280367	11	CGGGGCGGAGCC	GTGGGAGGAGG	+
520-CGGGGCGGAGCC	PATZ1_HUMAN.H11MO.1.C	-1	0.00516909	3.97503	0.301229	9	CGGGGCGGAGCC	AGGGAGGGG	+
520-CGGGGCGGAGCC	ZN740_HUMAN.H11MO.0.D	2	0.00570925	4.39042	0.308072	12	CGGGGCGGAGCC	GGGGGGGGGGTGGG	+
520-CGGGGCGGAGCC	E2F4_HUMAN.H11MO.0.A	0	0.00572332	4.40124	0.308072	12	CGGGGCGGAGCC	GGGGGCGGGAAAT	+
520-CGGGGCGGAGCC	WT1_HUMAN.H11MO.0.C	4	0.00601589	4.62622	0.308072	12	CGGGGCGGAGCC	GGGCGGGGGAGGAGGGGGGG	+
520-CGGGGCGGAGCC	KLF5_HUMAN.H11MO.0.A	-1	0.0062991	4.84401	0.308072	11	CGGGGCGGAGCC	AGGGTGGGGCTGGG	+
520-CGGGGCGGAGCC	MBD2_HUMAN.H11MO.0.B	0	0.00630315	4.84712	0.308072	11	CGGGGCGGAGCC	CGGGCCGGAGG	+
520-CGGGGCGGAGCC	ZN281_HUMAN.H11MO.0.A	4	0.00695431	5.34787	0.3238	11	CGGGGCGGAGCC	GGGTGGGGGAGGGGA	+
520-CGGGGCGGAGCC	ZFX_HUMAN.H11MO.1.A	0	0.00705236	5.42327	0.3238	12	CGGGGCGGAGCC	GGGGGCGGAGGCCGGGG	+
520-CGGGGCGGAGCC	HEN1_HUMAN.H11MO.0.C	0	0.00734686	5.64974	0.3274	12	CGGGGCGGAGCC	AGGGACGCAGCTGCTCCCCA	-
520-CGGGGCGGAGCC	ZIC1_HUMAN.H11MO.0.B	-1	0.00809082	6.22184	0.350252	9	CGGGGCGGAGCC	GGGGTGGTC	+
520-CGGGGCGGAGCC	KLF14_HUMAN.H11MO.0.D	2	0.00929981	7.15155	0.387438	11	CGGGGCGGAGCC	AGGGGGGCGTGGC	+
520-CGGGGCGGAGCC	KLF16_HUMAN.H11MO.0.D	0	0.00983671	7.56443	0.387438	12	CGGGGCGGAGCC	GGGGGCGGGGGGGGGGGGG	+
520-CGGGGCGGAGCC	ZN341_HUMAN.H11MO.1.C	-3	0.0100633	7.73871	0.387438	9	CGGGGCGGAGCC	GGAACAGCC	+
520-CGGGGCGGAGCC	E2F7_HUMAN.H11MO.0.B	-1	0.0102284	7.86561	0.387438	11	CGGGGCGGAGCC	GGGGCGGGAAAGG	+
520-CGGGGCGGAGCC	EGR1_HUMAN.H11MO.0.A	6	0.010896	8.37901	0.40266	11	CGGGGCGGAGCC	GAGGGCGTGGGCGGGGG	+
520-CGGGGCGGAGCC	ZN263_HUMAN.H11MO.0.A	-2	0.0119599	9.19719	0.415378	10	CGGGGCGGAGCC	GGGAGGAGGGAGAGGAGGAG	+
520-CGGGGCGGAGCC	PRDM4_HUMAN.H11MO.0.D	-2	0.0120066	9.23305	0.415378	10	CGGGGCGGAGCC	GTGGGGGGCCTTGAAA	+
520-CGGGGCGGAGCC	ZN770_HUMAN.H11MO.0.C	1	0.0123116	9.4676	0.415378	12	CGGGGCGGAGCC	GGGAGGCTGAGGCGGGAGGATC	+
520-CGGGGCGGAGCC	NFIA_HUMAN.H11MO.0.C	1	0.0123367	9.48694	0.415378	12	CGGGGCGGAGCC	TTGGCACGGTGCCAA	+
520-CGGGGCGGAGCC	NFIC_HUMAN.H11MO.0.A	2	0.0131612	10.121	0.433506	12	CGGGGCGGAGCC	CTTGGCAGGGAGCCAAG	-
522-CTCCTCACTC	ZSC22_HUMAN.H11MO.0.C	1	4.22442e-05	0.0324858	0.064916	10	CTCCTCACTC	CCTCCTCCCTCAGACC	-
522-CTCCTCACTC	ZN263_HUMAN.H11MO.1.A	1	0.000378847	0.291333	0.291084	10	CTCCTCACTC	CCTCCTCCCTC	-
522-CTCCTCACTC	WT1_HUMAN.H11MO.1.B	1	0.000758947	0.58363	0.388754	10	CTCCTCACTC	CCTCCTCCCAC	-
522-CTCCTCACTC	PATZ1_HUMAN.H11MO.1.C	0	0.00120337	0.925394	0.425293	9	CTCCTCACTC	CCCCTCCCT	-
522-CTCCTCACTC	WT1_HUMAN.H11MO.0.C	6	0.00152588	1.1734	0.425293	10	CTCCTCACTC	CCCCCCCTCCTCCCCCGCCC	-
522-CTCCTCACTC	MAZ_HUMAN.H11MO.1.A	1	0.00166056	1.27697	0.425293	10	CTCCTCACTC	CCCCCTCCCTC	-
523-CTCGTCCTCSC	ZN263_HUMAN.H11MO.0.A	9	0.000171214	0.131663	0.128389	11	CTCGTCCTCCC	CTCCTCCTCTCCCTCCTCCC	-
523-CTCGTCCTCSC	ZN770_HUMAN.H11MO.0.C	11	0.000232198	0.17856	0.128389	11	CTCGTCCTCCC	GATCCTCCCGCCTCAGCCTCCC	-
523-CTCGTCCTCSC	ZN770_HUMAN.H11MO.1.C	0	0.000296849	0.228277	0.128389	11	CTCGTCCTCCC	CTCAGCCTCCC	-
523-CTCGTCCTCSC	ZN263_HUMAN.H11MO.1.A	-2	0.00033648	0.258753	0.128389	9	CTCGTCCTCCC	CCTCCTCCCTC	-
523-CTCGTCCTCSC	WT1_HUMAN.H11MO.0.C	3	0.000699422	0.537855	0.2135	11	CTCGTCCTCCC	CCCCCCCTCCTCCCCCGCCC	-
523-CTCGTCCTCSC	WT1_HUMAN.H11MO.1.B	-2	0.00133625	1.02758	0.339912	9	CTCGTCCTCCC	CCTCCTCCCAC	-
526-GACCGTTA	OVOL2_HUMAN.H11MO.0.D	-1	8.70957e-05	0.0669766	0.133926	7	GACCGTTA	TCCGTTAT	-
526-GACCGTTA	NR1H2_HUMAN.H11MO.0.D	11	0.000438425	0.337149	0.337081	8	GACCGTTA	CGTTGACCTTTGACCTTTA	-
530-GCTGCCAACYT	TYY1_HUMAN.H11MO.0.A	0	0.000224451	0.172603	0.222475	11	GCTGCCAACTT	GCCGCCATCTTG	-
530-GCTGCCAACYT	ZN549_HUMAN.H11MO.0.C	2	0.000330245	0.253958	0.222475	11	GCTGCCAACTT	GTGCTGCCCAATTCATGAAT	-
530-GCTGCCAACYT	NFIA_HUMAN.H11MO.1.D	-2	0.000434328	0.333998	0.222475	7	GCTGCCAACTT	TGCCAAG	-
531-GCTGCGGCCC	HEN1_HUMAN.H11MO.0.C	9	4.31187e-06	0.00331583	0.00663166	10	GCTGCGGCCC	TGGGGAGCAGCTGCGTCCCT	+
533-GGGCCGGAC	SP1_HUMAN.H11MO.1.A	3	0.000332936	0.256028	0.281794	9	GGGCCGGAC	GGGGGGCGGGGCCG	+
533-GGGCCGGAC	MBD2_HUMAN.H11MO.0.B	1	0.000651063	0.500667	0.281794	9	GGGCCGGAC	CGGGCCGGAGG	+
533-GGGCCGGAC	KLF12_HUMAN.H11MO.0.C	2	0.000843797	0.64888	0.281794	9	GGGCCGGAC	AGGGGCGGGGC	+
533-GGGCCGGAC	SP1_HUMAN.H11MO.0.A	3	0.000978078	0.752142	0.281794	9	GGGCCGGAC	GGGGGGCGGGGCCGGGGGGGGG	+
533-GGGCCGGAC	TFDP1_HUMAN.H11MO.0.C	3	0.00118636	0.912311	0.281794	9	GGGCCGGAC	GGGGGGCGGGAAAA	+
533-GGGCCGGAC	E2F4_HUMAN.H11MO.0.A	2	0.00147628	1.13526	0.281794	9	GGGCCGGAC	GGGGGCGGGAAAT	+
533-GGGCCGGAC	E2F3_HUMAN.H11MO.0.A	1	0.00168644	1.29687	0.281794	9	GGGCCGGAC	AGGGCGGGAAA	+
533-GGGCCGGAC	E2F1_HUMAN.H11MO.0.A	3	0.00196484	1.51096	0.281794	9	GGGCCGGAC	GGGGGGCGGGAAAG	+
533-GGGCCGGAC	SP2_HUMAN.H11MO.1.B	3	0.00200295	1.54027	0.281794	9	GGGCCGGAC	AGGGGGCGGGGC	+
533-GGGCCGGAC	E2F6_HUMAN.H11MO.0.A	1	0.00201462	1.54925	0.281794	9	GGGCCGGAC	GGGGCGGGAAGGG	+
533-GGGCCGGAC	SP2_HUMAN.H11MO.0.A	7	0.00202378	1.55629	0.281794	9	GGGCCGGAC	GGGGGGGGGGCGGGGCCGGGGG	+
533-GGGCCGGAC	E2F7_HUMAN.H11MO.0.B	1	0.00367905	2.82919	0.469587	9	GGGCCGGAC	GGGGCGGGAAAGG	+
534-GKCAGGGCCCC	PLAL1_HUMAN.H11MO.0.D	-4	0.000169477	0.130328	0.258259	7	GGCAGGGCCCC	GGGCCCCCCG	-
534-GKCAGGGCCCC	ZN816_HUMAN.H11MO.0.C	3	0.000887898	0.682793	0.389359	11	GGCAGGGCCCC	CCCTGCATGTCCCCCTTTTTT	-
534-GKCAGGGCCCC	PRDM4_HUMAN.H11MO.0.D	1	0.0014346	1.10321	0.389359	11	GGCAGGGCCCC	TTTCAAGGCCCCCCAC	-
534-GKCAGGGCCCC	ZN331_HUMAN.H11MO.0.C	0	0.00166991	1.28416	0.389359	11	GGCAGGGCCCC	GGCTGGGCTCAGCTGGGTGG	+
534-GKCAGGGCCCC	SP1_HUMAN.H11MO.1.A	4	0.00174338	1.34066	0.389359	10	GGCAGGGCCCC	GGGGGGCGGGGCCG	+
534-GKCAGGGCCCC	KLF14_HUMAN.H11MO.0.D	0	0.00177835	1.36755	0.389359	11	GGCAGGGCCCC	GCCACGCCCCCCT	-
534-GKCAGGGCCCC	SP1_HUMAN.H11MO.0.A	4	0.00248348	1.90979	0.389359	11	GGCAGGGCCCC	GGGGGGCGGGGCCGGGGGGGGG	+
534-GKCAGGGCCCC	ZN816_HUMAN.H11MO.1.C	0	0.00288732	2.22035	0.389359	11	GGCAGGGCCCC	TGCATGTCCCCCTT	-
534-GKCAGGGCCCC	KLF9_HUMAN.H11MO.0.C	1	0.00289796	2.22853	0.389359	11	GGCAGGGCCCC	GGCCACGCCCCCTCC	-
534-GKCAGGGCCCC	INSM1_HUMAN.H11MO.0.C	1	0.00301549	2.31891	0.389359	11	GGCAGGGCCCC	TGTCAGGGGGCA	+
534-GKCAGGGCCCC	ZF64A_HUMAN.H11MO.0.D	5	0.00335099	2.57691	0.389359	11	GGCAGGGCCCC	CAGGTTCCCGGGCCCC	-
534-GKCAGGGCCCC	NR1H4_HUMAN.H11MO.0.B	3	0.00357712	2.75081	0.389359	11	GGCAGGGCCCC	GGGGTCAATGACCCCGAGG	+
534-GKCAGGGCCCC	EGR4_HUMAN.H11MO.0.D	3	0.00445056	3.42248	0.42557	8	GGCAGGGCCCC	GGCGGCAGGGC	+
534-GKCAGGGCCCC	ZN554_HUMAN.H11MO.1.D	-1	0.00474762	3.65092	0.42557	9	GGCAGGGCCCC	GCAGAGCCA	+
534-GKCAGGGCCCC	CTCFL_HUMAN.H11MO.0.A	-2	0.00585933	4.50583	0.451281	9	GGCAGGGCCCC	CGGCGCCCCCTGGCGGC	-
534-GKCAGGGCCCC	ZBT48_HUMAN.H11MO.0.C	-1	0.00605927	4.65958	0.451281	10	GGCAGGGCCCC	TTAGGGACCGTG	+
534-GKCAGGGCCCC	AP2D_HUMAN.H11MO.0.D	1	0.00646132	4.96875	0.451281	11	GGCAGGGCCCC	CGCCCGAGGCGCGT	+
534-GKCAGGGCCCC	ZFX_HUMAN.H11MO.0.A	-2	0.00654142	5.03036	0.451281	9	GGCAGGGCCCC	CCAGGCCCCG	+
534-GKCAGGGCCCC	KLF12_HUMAN.H11MO.0.C	3	0.00681131	5.2379	0.451281	8	GGCAGGGCCCC	AGGGGCGGGGC	+
538-AAAGTGGAA	SPIB_HUMAN.H11MO.0.A	2	0.000165412	0.127202	0.12232	9	AAAGTGGAA	AAAAAGAGGAAGTGAAA	+
538-AAAGTGGAA	SPI1_HUMAN.H11MO.0.A	2	0.00017862	0.137359	0.12232	9	AAAGTGGAA	AAAAAGAGGAAGTGAAA	+
538-AAAGTGGAA	IRF2_HUMAN.H11MO.0.A	7	0.000319392	0.245612	0.12232	9	AAAGTGGAA	GAAAGTGAAAGTGAAAGTAA	+
538-AAAGTGGAA	PRDM1_HUMAN.H11MO.0.A	1	0.000319655	0.245815	0.12232	9	AAAGTGGAA	GAAAGTGAAAGTGA	+
538-AAAGTGGAA	IRF1_HUMAN.H11MO.0.A	7	0.000534274	0.410857	0.163558	9	AAAGTGGAA	GAAAATGAAAGTGAAAGTAA	+
538-AAAGTGGAA	NKX23_HUMAN.H11MO.0.D	2	0.000842156	0.647618	0.214841	9	AAAGTGGAA	GTTAAGTGGTT	+
538-AAAGTGGAA	IRF3_HUMAN.H11MO.0.B	7	0.00100834	0.775415	0.220489	9	AAAGTGGAA	GAAAGGGAAAGGGAAAGTGA	+
538-AAAGTGGAA	ZFP82_HUMAN.H11MO.0.C	15	0.00186791	1.43642	0.28068	9	AAAGTGGAA	GAAGAGAGAATTAGTGAAATGGAA	-
538-AAAGTGGAA	IRF4_HUMAN.H11MO.0.A	1	0.00189315	1.45583	0.28068	9	AAAGTGGAA	AAAAGAGGAAGTGAAACT	+
538-AAAGTGGAA	BC11A_HUMAN.H11MO.0.A	1	0.00195228	1.5013	0.28068	9	AAAGTGGAA	AAAAGAGGAAGTGAAAA	+
538-AAAGTGGAA	IRF9_HUMAN.H11MO.0.C	1	0.00215341	1.65597	0.28068	9	AAAGTGGAA	GAAAGCGAAACT	+
538-AAAGTGGAA	IRF7_HUMAN.H11MO.0.C	1	0.00220047	1.69216	0.28068	9	AAAGTGGAA	GAAAGTGAAA	+
538-AAAGTGGAA	ETV3_HUMAN.H11MO.0.D	0	0.00238423	1.83347	0.280725	9	AAAGTGGAA	GAAGTGCAAACGTA	-
538-AAAGTGGAA	IRF8_HUMAN.H11MO.0.B	7	0.00351311	2.70158	0.384096	9	AAAGTGGAA	AAAAGAGGAAGTGAAAGTAA	+
538-AAAGTGGAA	ZN394_HUMAN.H11MO.1.D	-1	0.00407454	3.13332	0.415781	8	AAAGTGGAA	GAATGGAAT	+
538-AAAGTGGAA	NFAC1_HUMAN.H11MO.1.B	-2	0.00505413	3.88662	0.483507	7	AAAGTGGAA	AATGGAAAAT	+
540-AAATTCCAGGCCTGG	TEAD4_HUMAN.H11MO.0.A	0	0.000419477	0.322577	0.196411	13	AAATTCCAGGCCTGG	ACATTCCTGGCAT	+
540-AAATTCCAGGCCTGG	TEAD2_HUMAN.H11MO.0.D	2	0.000538431	0.414054	0.196411	10	AAATTCCAGGCCTGG	CCACATTCCAGG	+
540-AAATTCCAGGCCTGG	ZFX_HUMAN.H11MO.0.A	-5	0.00054037	0.415544	0.196411	10	AAATTCCAGGCCTGG	CCAGGCCCCG	+
540-AAATTCCAGGCCTGG	TEAD1_HUMAN.H11MO.0.A	0	0.000639493	0.49177	0.196411	12	AAATTCCAGGCCTGG	ACATTCCAGCCA	+
540-AAATTCCAGGCCTGG	HAND1_HUMAN.H11MO.1.D	-8	0.00169707	1.30505	0.372307	7	AAATTCCAGGCCTGG	GGCCTGG	+
542-AACCTGAGCC	ZN331_HUMAN.H11MO.0.C	5	0.000405146	0.311557	0.368579	10	AACCTGAGCC	CCACCCAGCTGAGCCCAGCC	-
542-AACCTGAGCC	ZN554_HUMAN.H11MO.1.D	-2	0.00064428	0.495451	0.368579	8	AACCTGAGCC	GCAGAGCCA	+
542-AACCTGAGCC	SIX1_HUMAN.H11MO.0.A	3	0.000718945	0.552868	0.368579	10	AACCTGAGCC	TGAAACCTGATACC	+
542-AACCTGAGCC	SIX2_HUMAN.H11MO.0.A	3	0.000975136	0.74988	0.37494	10	AACCTGAGCC	TGAAACCTGAGAC	+
546-AAGATAAGMGAY	EVI1_HUMAN.H11MO.0.B	5	1.4484e-05	0.0111382	0.0222427	11	AAGATAAGCGAC	AAGATAAGATAAGATA	+
546-AAGATAAGMGAY	GATA6_HUMAN.H11MO.0.A	1	3.1768e-05	0.0244296	0.0243927	12	AAGATAAGCGAC	ACAGATAAGATAA	+
546-AAGATAAGMGAY	GATA4_HUMAN.H11MO.0.A	1	9.06939e-05	0.0697436	0.041388	9	AAGATAAGCGAC	ACAGATAAGA	+
546-AAGATAAGMGAY	GATA1_HUMAN.H11MO.1.A	1	0.000107804	0.0829012	0.041388	10	AAGATAAGCGAC	ACAGATAAGAA	+
546-AAGATAAGMGAY	GATA3_HUMAN.H11MO.0.A	1	0.000223458	0.171839	0.0686319	10	AAGATAAGCGAC	AAAGATAAGAA	+
546-AAGATAAGMGAY	GATA2_HUMAN.H11MO.1.A	1	0.000271244	0.208587	0.0694239	10	AAGATAAGCGAC	ACAGATAAGAA	+
546-AAGATAAGMGAY	GATA2_HUMAN.H11MO.0.A	10	0.00158949	1.22231	0.348706	9	AAGATAAGCGAC	CTGGGGGGTGGAGATAAGG	+
546-AAGATAAGMGAY	GATA1_HUMAN.H11MO.0.A	10	0.00237361	1.8253	0.455637	9	AAGATAAGCGAC	CTGGCGGGGACAGATAAGA	+
547-AAGCMACGCCMAGTY	KLF12_HUMAN.H11MO.0.C	-2	0.000660649	0.508039	0.491631	11	AAGCCACGCCCAGTC	GCCCCGCCCCT	-
547-AAGCMACGCCMAGTY	KLF14_HUMAN.H11MO.0.D	-2	0.00078052	0.60022	0.491631	13	AAGCCACGCCCAGTC	GCCACGCCCCCCT	-
547-AAGCMACGCCMAGTY	KLF9_HUMAN.H11MO.0.C	-1	0.000958968	0.737446	0.491631	14	AAGCCACGCCCAGTC	GGCCACGCCCCCTCC	-
549-AAGGAGCGC	ZBT14_HUMAN.H11MO.0.C	-2	0.000257909	0.198332	0.396664	7	AAGGAGCGC	GGAGCGCGC	+
551-AAGGGAGCTGCTG	HEN1_HUMAN.H11MO.0.C	0	0.000260426	0.200267	0.322262	13	AAGGGAGCTGCTG	AGGGACGCAGCTGCTCCCCA	-
551-AAGGGAGCTGCTG	BHA15_HUMAN.H11MO.0.B	-3	0.000757357	0.582408	0.322262	10	AAGGGAGCTGCTG	GCAGCAGCTGG	+
551-AAGGGAGCTGCTG	ASCL2_HUMAN.H11MO.0.D	-3	0.00130923	1.0068	0.322262	9	AAGGGAGCTGCTG	CCAGCTGCT	+
551-AAGGGAGCTGCTG	PATZ1_HUMAN.H11MO.1.C	-1	0.00148547	1.14233	0.322262	9	AAGGGAGCTGCTG	AGGGAGGGG	+
551-AAGGGAGCTGCTG	MYOG_HUMAN.H11MO.0.B	0	0.00153431	1.17989	0.322262	13	AAGGGAGCTGCTG	GGGACAGCTGCGG	-
551-AAGGGAGCTGCTG	MYOD1_HUMAN.H11MO.1.A	-2	0.00198903	1.52956	0.322262	11	AAGGGAGCTGCTG	GACAGCTGCAG	-
551-AAGGGAGCTGCTG	PTF1A_HUMAN.H11MO.0.B	4	0.00204088	1.56944	0.322262	13	AAGGGAGCTGCTG	GGGAAAGGGGGCAGCTGG	-
551-AAGGGAGCTGCTG	PTF1A_HUMAN.H11MO.1.B	-3	0.00243695	1.87401	0.322262	9	AAGGGAGCTGCTG	CCAGCTGCT	-
551-AAGGGAGCTGCTG	ZSC31_HUMAN.H11MO.0.C	3	0.00277038	2.13042	0.322262	13	AAGGGAGCTGCTG	CATAACTGCCCTGCTGCC	-
551-AAGGGAGCTGCTG	KLF5_HUMAN.H11MO.0.A	-1	0.00303835	2.33649	0.322262	12	AAGGGAGCTGCTG	AGGGTGGGGCTGGG	+
551-AAGGGAGCTGCTG	TAL1_HUMAN.H11MO.1.A	0	0.00318277	2.44755	0.322262	13	AAGGGAGCTGCTG	CAGGAAGCAGATGTG	+
551-AAGGGAGCTGCTG	ZBT48_HUMAN.H11MO.0.C	1	0.00430096	3.30744	0.408264	11	AAGGGAGCTGCTG	TTAGGGACCGTG	+
551-AAGGGAGCTGCTG	KLF6_HUMAN.H11MO.0.A	2	0.00540866	4.15926	0.453243	13	AAGGGAGCTGCTG	GGAAGGGCGGGGCCGGGGG	+
551-AAGGGAGCTGCTG	MYF6_HUMAN.H11MO.0.C	-4	0.00594806	4.57406	0.453243	7	AAGGGAGCTGCTG	CAGCTGC	+
551-AAGGGAGCTGCTG	MYOD1_HUMAN.H11MO.0.A	1	0.00656975	5.05213	0.453243	13	AAGGGAGCTGCTG	GGCAGGAACAGCTGC	-
551-AAGGGAGCTGCTG	ZIC3_HUMAN.H11MO.0.B	-1	0.00656975	5.05213	0.453243	12	AAGGGAGCTGCTG	GGCCCCCTGCTGTGA	+
551-AAGGGAGCTGCTG	ASCL1_HUMAN.H11MO.0.A	1	0.00659357	5.07046	0.453243	13	AAGGGAGCTGCTG	GGGAGCAGGTGCAG	-
551-AAGGGAGCTGCTG	MAZ_HUMAN.H11MO.1.A	0	0.00705878	5.4282	0.453243	11	AAGGGAGCTGCTG	GAGGGAGGGGG	+
551-AAGGGAGCTGCTG	ZN331_HUMAN.H11MO.0.C	2	0.00767239	5.90007	0.453243	13	AAGGGAGCTGCTG	GGCTGGGCTCAGCTGGGTGG	+
551-AAGGGAGCTGCTG	OLIG2_HUMAN.H11MO.0.B	4	0.00770949	5.92859	0.453243	13	AAGGGAGCTGCTG	CAGAAGGGAAACAGCTGG	-
551-AAGGGAGCTGCTG	WT1_HUMAN.H11MO.1.B	0	0.00820743	6.31151	0.453243	11	AAGGGAGCTGCTG	GTGGGAGGAGG	+
551-AAGGGAGCTGCTG	ITF2_HUMAN.H11MO.0.C	-2	0.00896966	6.89767	0.453243	10	AAGGGAGCTGCTG	CCCAGCTGCC	-
551-AAGGGAGCTGCTG	ZN140_HUMAN.H11MO.0.C	4	0.00941387	7.23927	0.453243	13	AAGGGAGCTGCTG	TAGGAGCGGAATTGCTGGGTCATA	-
551-AAGGGAGCTGCTG	KLF1_HUMAN.H11MO.0.A	-1	0.00957206	7.36091	0.453243	12	AAGGGAGCTGCTG	GGGGCGGGGCCGGG	+
551-AAGGGAGCTGCTG	TFE2_HUMAN.H11MO.0.A	-2	0.0100095	7.6973	0.453243	11	AAGGGAGCTGCTG	CACAGCTGCAG	+
551-AAGGGAGCTGCTG	LYL1_HUMAN.H11MO.0.A	0	0.0100217	7.70671	0.453243	13	AAGGGAGCTGCTG	CAGGAAACAGCTGG	-
551-AAGGGAGCTGCTG	OSR2_HUMAN.H11MO.0.C	0	0.0104736	8.05422	0.453243	13	AAGGGAGCTGCTG	GCTGCTGCTTCTGCTG	+
551-AAGGGAGCTGCTG	ZN563_HUMAN.H11MO.1.C	-2	0.0108563	8.34847	0.453243	11	AAGGGAGCTGCTG	CTGTGCTGCCTG	-
551-AAGGGAGCTGCTG	KLF3_HUMAN.H11MO.0.B	4	0.0109846	8.44717	0.453243	13	AAGGGAGCTGCTG	GGGGAGGGGCGGGGCCGGG	+
551-AAGGGAGCTGCTG	KLF4_HUMAN.H11MO.0.A	-1	0.0110277	8.48027	0.453243	10	AAGGGAGCTGCTG	AGGGTGTGGC	+
551-AAGGGAGCTGCTG	KLF12_HUMAN.H11MO.0.C	0	0.0110417	8.4911	0.453243	11	AAGGGAGCTGCTG	AGGGGCGGGGC	+
551-AAGGGAGCTGCTG	MAFG_HUMAN.H11MO.1.A	-8	0.0117937	9.06935	0.47137	5	AAGGGAGCTGCTG	TGCTGAGT	+
556-ACCCTTCCGSC	ETV1_HUMAN.H11MO.0.A	-1	9.37755e-05	0.0721134	0.0567543	10	ACCCTTCCGGC	CACTTCCGGCC	-
556-ACCCTTCCGSC	EGR4_HUMAN.H11MO.0.D	0	0.00014018	0.107799	0.0567543	11	ACCCTTCCGGC	GCCCTGCCGCC	-
556-ACCCTTCCGSC	GABPA_HUMAN.H11MO.0.A	0	0.000144743	0.111308	0.0567543	11	ACCCTTCCGGC	CCACTTCCGGTTCC	-
556-ACCCTTCCGSC	ELF2_HUMAN.H11MO.0.C	0	0.000149195	0.114731	0.0567543	11	ACCCTTCCGGC	CCACTTCCGGGTT	-
556-ACCCTTCCGSC	ELK1_HUMAN.H11MO.0.B	0	0.000207742	0.159753	0.05738	11	ACCCTTCCGGC	CCACTTCCGGT	-
556-ACCCTTCCGSC	ELK4_HUMAN.H11MO.0.A	0	0.000226261	0.173994	0.05738	11	ACCCTTCCGGC	CCACTTCCGGTC	-
556-ACCCTTCCGSC	ZN281_HUMAN.H11MO.0.A	0	0.000789359	0.607017	0.159378	11	ACCCTTCCGGC	TCCCCTCCCCCACCC	-
556-ACCCTTCCGSC	ELF1_HUMAN.H11MO.0.A	0	0.000837946	0.64438	0.159378	11	ACCCTTCCGGC	CCACTTCCGGGTTC	-
556-ACCCTTCCGSC	ERG_HUMAN.H11MO.0.A	0	0.00153121	1.1775	0.18649	11	ACCCTTCCGGC	CCACTTCCTGCCC	-
556-ACCCTTCCGSC	ELF5_HUMAN.H11MO.0.A	0	0.00159648	1.22769	0.18649	11	ACCCTTCCGGC	CCACTTCCTCCTTCC	-
556-ACCCTTCCGSC	ETV7_HUMAN.H11MO.0.D	-3	0.00168236	1.29374	0.18649	7	ACCCTTCCGGC	CTTCCTG	-
556-ACCCTTCCGSC	FEV_HUMAN.H11MO.0.B	-1	0.00168723	1.29748	0.18649	10	ACCCTTCCGGC	CGCTTCCCGC	-
556-ACCCTTCCGSC	ETS1_HUMAN.H11MO.0.A	0	0.00171585	1.31949	0.18649	11	ACCCTTCCGGC	CCACTTCCTGTCT	-
556-ACCCTTCCGSC	FLI1_HUMAN.H11MO.1.A	0	0.00171585	1.31949	0.18649	11	ACCCTTCCGGC	CCACTTCCTGCCT	-
556-ACCCTTCCGSC	NFAT5_HUMAN.H11MO.0.D	0	0.00245756	1.88987	0.249296	11	ACCCTTCCGGC	CCTTTTCCTCT	-
556-ACCCTTCCGSC	FLI1_HUMAN.H11MO.0.A	3	0.00264953	2.03749	0.25097	11	ACCCTTCCGGC	TCCCTCCTTCCTTCCTCC	-
556-ACCCTTCCGSC	ETV4_HUMAN.H11MO.0.B	-1	0.00290473	2.23374	0.25097	10	ACCCTTCCGGC	CCCTTCCTGTT	-
556-ACCCTTCCGSC	SALL4_HUMAN.H11MO.0.B	-1	0.00301875	2.32142	0.25097	10	ACCCTTCCGGC	CCCACCCTCC	-
556-ACCCTTCCGSC	ZN524_HUMAN.H11MO.0.D	6	0.00313381	2.4099	0.25097	11	ACCCTTCCGGC	ACTCGAACCCTCGAACCC	-
556-ACCCTTCCGSC	ETV5_HUMAN.H11MO.0.C	1	0.00347342	2.67106	0.261354	11	ACCCTTCCGGC	CTCACTTCCTGCTC	-
556-ACCCTTCCGSC	VEZF1_HUMAN.H11MO.1.C	0	0.003607	2.77378	0.261354	11	ACCCTTCCGGC	CCCCCTCCCCCT	-
556-ACCCTTCCGSC	TBX15_HUMAN.H11MO.0.D	5	0.00409584	3.1497	0.283284	11	ACCCTTCCGGC	CCCCCACCCCCCCCCCCCC	-
556-ACCCTTCCGSC	TBX1_HUMAN.H11MO.0.D	7	0.00449195	3.45431	0.297173	11	ACCCTTCCGGC	CCGCCCACCCCTGCCCACCC	-
556-ACCCTTCCGSC	ETV6_HUMAN.H11MO.0.D	-2	0.00471851	3.62853	0.299155	9	ACCCTTCCGGC	ACTTCCTGT	-
556-ACCCTTCCGSC	PATZ1_HUMAN.H11MO.1.C	-1	0.00528253	4.06227	0.321518	9	ACCCTTCCGGC	CCCCTCCCT	-
556-ACCCTTCCGSC	MAZ_HUMAN.H11MO.1.A	0	0.00652089	5.01456	0.381624	11	ACCCTTCCGGC	CCCCCTCCCTC	-
556-ACCCTTCCGSC	ZBT17_HUMAN.H11MO.0.A	2	0.00701628	5.39552	0.395409	11	ACCCTTCCGGC	CTTCCCCTCCCCCACCCTC	-
556-ACCCTTCCGSC	ZN148_HUMAN.H11MO.0.D	-1	0.00774011	5.95214	0.408142	10	ACCCTTCCGGC	CCCCTCCCCCACCCC	-
556-ACCCTTCCGSC	E2F6_HUMAN.H11MO.0.A	-1	0.00777868	5.98181	0.408142	10	ACCCTTCCGGC	CCCTTCCCGCCCC	-
556-ACCCTTCCGSC	AP2B_HUMAN.H11MO.0.B	-1	0.00951145	7.31431	0.482423	10	ACCCTTCCGGC	GCCCCCGGGC	-
557-ACCGCCCCGCCYCA	SP1_HUMAN.H11MO.1.A	-1	2.26581e-06	0.00174241	0.00236817	13	ACCGCCCCGCCCCA	CGGCCCCGCCCCCC	-
557-ACCGCCCCGCCYCA	KLF12_HUMAN.H11MO.0.C	-3	3.13968e-06	0.00241441	0.00236817	11	ACCGCCCCGCCCCA	GCCCCGCCCCT	-
557-ACCGCCCCGCCYCA	SP2_HUMAN.H11MO.1.B	-3	7.88362e-06	0.00606251	0.00396426	11	ACCGCCCCGCCCCA	GCCCCGCCCCCT	-
557-ACCGCCCCGCCYCA	SP1_HUMAN.H11MO.0.A	7	1.31617e-05	0.0101214	0.00496376	14	ACCGCCCCGCCCCA	CCCCCCCCCGGCCCCGCCCCCC	-
557-ACCGCCCCGCCYCA	SP2_HUMAN.H11MO.0.A	3	3.4208e-05	0.026306	0.0103209	14	ACCGCCCCGCCCCA	CCCCCGGCCCCGCCCCCCCCCC	-
557-ACCGCCCCGCCYCA	SP4_HUMAN.H11MO.1.A	-1	8.19988e-05	0.0630571	0.0206164	13	ACCGCCCCGCCCCA	CGGCCCCGCCCCCTCC	-
557-ACCGCCCCGCCYCA	ZN219_HUMAN.H11MO.0.D	0	0.000114692	0.0881984	0.0218091	12	ACCGCCCCGCCCCA	TCCGCCCCCCTC	-
557-ACCGCCCCGCCYCA	SP3_HUMAN.H11MO.0.B	2	0.000115656	0.0889398	0.0218091	14	ACCGCCCCGCCCCA	CCCCGGCCCCGCCCCCCCCC	-
557-ACCGCCCCGCCYCA	SP4_HUMAN.H11MO.0.A	1	0.000193953	0.14915	0.0325096	14	ACCGCCCCGCCCCA	CCCGGCCCCGCCCCCTTCCC	-
557-ACCGCCCCGCCYCA	ZN740_HUMAN.H11MO.0.D	0	0.00022329	0.17171	0.0336842	14	ACCGCCCCGCCCCA	CCCACCCCCCCCCC	-
557-ACCGCCCCGCCYCA	EGR4_HUMAN.H11MO.0.D	-3	0.000279856	0.21521	0.0357916	11	ACCGCCCCGCCCCA	GCCCTGCCGCC	-
557-ACCGCCCCGCCYCA	KLF1_HUMAN.H11MO.0.A	1	0.000311548	0.23958	0.0357916	13	ACCGCCCCGCCCCA	CCCGGCCCCGCCCC	-
557-ACCGCCCCGCCYCA	E2F4_HUMAN.H11MO.0.A	-1	0.000321422	0.247173	0.0357916	13	ACCGCCCCGCCCCA	ATTTCCCGCCCCC	-
557-ACCGCCCCGCCYCA	KLF16_HUMAN.H11MO.0.D	5	0.000332163	0.255433	0.0357916	14	ACCGCCCCGCCCCA	CCCCCCCCCCCCCGCCCCC	-
557-ACCGCCCCGCCYCA	TBX1_HUMAN.H11MO.0.D	3	0.000445746	0.342779	0.0448284	14	ACCGCCCCGCCCCA	CCGCCCACCCCTGCCCACCC	-
557-ACCGCCCCGCCYCA	KLF3_HUMAN.H11MO.0.B	1	0.000486012	0.373743	0.0451015	14	ACCGCCCCGCCCCA	CCCGGCCCCGCCCCTCCCC	-
557-ACCGCCCCGCCYCA	KLF5_HUMAN.H11MO.0.A	1	0.000508255	0.390848	0.0451015	13	ACCGCCCCGCCCCA	CCCAGCCCCACCCT	-
557-ACCGCCCCGCCYCA	ZN148_HUMAN.H11MO.0.D	1	0.0005477	0.421182	0.0459016	14	ACCGCCCCGCCCCA	CCCCTCCCCCACCCC	-
557-ACCGCCCCGCCYCA	E2F7_HUMAN.H11MO.0.B	0	0.00066284	0.509724	0.0520045	13	ACCGCCCCGCCCCA	CCTTTCCCGCCCC	-
557-ACCGCCCCGCCYCA	KLF4_HUMAN.H11MO.0.A	-3	0.000689467	0.5302	0.0520045	10	ACCGCCCCGCCCCA	GCCACACCCT	-
557-ACCGCCCCGCCYCA	TBX15_HUMAN.H11MO.0.D	2	0.000743892	0.572053	0.0534378	14	ACCGCCCCGCCCCA	CCCCCACCCCCCCCCCCCC	-
557-ACCGCCCCGCCYCA	MAZ_HUMAN.H11MO.1.A	-3	0.000818353	0.629314	0.0561146	11	ACCGCCCCGCCCCA	CCCCCTCCCTC	-
557-ACCGCCCCGCCYCA	TFDP1_HUMAN.H11MO.0.C	-1	0.00106263	0.817161	0.0696965	13	ACCGCCCCGCCCCA	TTTTCCCGCCCCCC	-
557-ACCGCCCCGCCYCA	KLF15_HUMAN.H11MO.0.A	6	0.00153061	1.17704	0.096208	13	ACCGCCCCGCCCCA	CCCCCCCCTGCTCCTCCCC	-
557-ACCGCCCCGCCYCA	ZSC31_HUMAN.H11MO.0.C	4	0.00162275	1.24789	0.0979195	14	ACCGCCCCGCCCCA	CATAACTGCCCTGCTGCC	-
557-ACCGCCCCGCCYCA	E2F6_HUMAN.H11MO.0.A	0	0.00172581	1.32715	0.100133	13	ACCGCCCCGCCCCA	CCCTTCCCGCCCC	-
557-ACCGCCCCGCCYCA	E2F1_HUMAN.H11MO.0.A	-1	0.00185964	1.43006	0.101143	13	ACCGCCCCGCCCCA	CTTTCCCGCCCCCC	-
557-ACCGCCCCGCCYCA	KLF9_HUMAN.H11MO.0.C	-2	0.00187731	1.44365	0.101143	12	ACCGCCCCGCCCCA	GGCCACGCCCCCTCC	-
557-ACCGCCCCGCCYCA	KLF6_HUMAN.H11MO.0.A	3	0.00206671	1.5893	0.107507	14	ACCGCCCCGCCCCA	CCCCCGGCCCCGCCCTTCC	-
557-ACCGCCCCGCCYCA	ZIC1_HUMAN.H11MO.0.B	1	0.0022903	1.76124	0.115167	8	ACCGCCCCGCCCCA	GACCACCCC	-
557-ACCGCCCCGCCYCA	EGR1_HUMAN.H11MO.0.A	2	0.00237455	1.82603	0.115552	14	ACCGCCCCGCCCCA	CCCCCGCCCACGCCCTC	-
557-ACCGCCCCGCCYCA	KLF13_HUMAN.H11MO.0.D	0	0.00278413	2.141	0.131249	11	ACCGCCCCGCCCCA	CACGCCCCCCT	-
557-ACCGCCCCGCCYCA	MAZ_HUMAN.H11MO.0.A	8	0.00288604	2.21937	0.131931	14	ACCGCCCCGCCCCA	CCCCCCCCCCCCCCCCTCCCCC	-
557-ACCGCCCCGCCYCA	PROX1_HUMAN.H11MO.0.D	0	0.0031764	2.44265	0.140933	14	ACCGCCCCGCCCCA	CCCAACCCGCCTTACCC	-
557-ACCGCCCCGCCYCA	WT1_HUMAN.H11MO.0.C	7	0.00329491	2.53379	0.141265	13	ACCGCCCCGCCCCA	CCCCCCCTCCTCCCCCGCCC	-
557-ACCGCCCCGCCYCA	ZN281_HUMAN.H11MO.0.A	-3	0.00337116	2.59242	0.141265	11	ACCGCCCCGCCCCA	TCCCCTCCCCCACCC	-
557-ACCGCCCCGCCYCA	EGR2_HUMAN.H11MO.1.A	2	0.00444061	3.41483	0.18105	14	ACCGCCCCGCCCCA	CCCCCGCCCACGCCCC	-
557-ACCGCCCCGCCYCA	ZN449_HUMAN.H11MO.0.C	-1	0.00579099	4.45327	0.229397	11	ACCGCCCCGCCCCA	AAGCCCAACCA	-
557-ACCGCCCCGCCYCA	ZN770_HUMAN.H11MO.0.C	1	0.00593054	4.56059	0.229397	14	ACCGCCCCGCCCCA	GATCCTCCCGCCTCAGCCTCCC	-
557-ACCGCCCCGCCYCA	GLIS1_HUMAN.H11MO.0.D	-2	0.00628636	4.83421	0.237081	12	ACCGCCCCGCCCCA	AGACCCCCCACGA	-
557-ACCGCCCCGCCYCA	KLF14_HUMAN.H11MO.0.D	-3	0.00659312	5.07011	0.242586	11	ACCGCCCCGCCCCA	GCCACGCCCCCCT	-
557-ACCGCCCCGCCYCA	E2F3_HUMAN.H11MO.0.A	-2	0.00709263	5.45423	0.254751	11	ACCGCCCCGCCCCA	TTTCCCGCCCT	-
557-ACCGCCCCGCCYCA	EGR2_HUMAN.H11MO.0.A	1	0.00785348	6.03932	0.275519	14	ACCGCCCCGCCCCA	CCCCTCCCACACCCCCCC	-
557-ACCGCCCCGCCYCA	ZBT17_HUMAN.H11MO.0.A	-1	0.00857743	6.59604	0.294078	13	ACCGCCCCGCCCCA	CTTCCCCTCCCCCACCCTC	-
557-ACCGCCCCGCCYCA	PATZ1_HUMAN.H11MO.0.C	8	0.00899244	6.91518	0.301455	14	ACCGCCCCGCCCCA	CCTCCCCCCCCGCCCCCTCCCC	-
557-ACCGCCCCGCCYCA	ZN467_HUMAN.H11MO.0.C	9	0.00984806	7.57316	0.322961	13	ACCGCCCCGCCCCA	CCCCCCCCCCCCTCCCCTCCCC	-
557-ACCGCCCCGCCYCA	E2F4_HUMAN.H11MO.1.A	3	0.0103038	7.92361	0.330717	11	ACCGCCCCGCCCCA	TCAAATTTCCCGCC	-
557-ACCGCCCCGCCYCA	PATZ1_HUMAN.H11MO.1.C	-4	0.0105504	8.11329	0.331579	9	ACCGCCCCGCCCCA	CCCCTCCCT	-
557-ACCGCCCCGCCYCA	SALL4_HUMAN.H11MO.0.B	-4	0.0111997	8.61256	0.340075	10	ACCGCCCCGCCCCA	CCCACCCTCC	-
557-ACCGCCCCGCCYCA	GLIS2_HUMAN.H11MO.0.D	0	0.0112716	8.6679	0.340075	14	ACCGCCCCGCCCCA	GACCCCCCGCGAAG	-
557-ACCGCCCCGCCYCA	GLIS3_HUMAN.H11MO.0.D	1	0.0123881	9.52647	0.366432	9	ACCGCCCCGCCCCA	TACCCCCCAC	-
557-ACCGCCCCGCCYCA	ZBT7A_HUMAN.H11MO.0.A	-1	0.0130434	10.0304	0.378395	9	ACCGCCCCGCCCCA	GAGACCCCC	-
557-ACCGCCCCGCCYCA	GLI3_HUMAN.H11MO.0.B	2	0.0140965	10.8402	0.40123	9	ACCGCCCCGCCCCA	GGACCACCCAG	-
557-ACCGCCCCGCCYCA	GLI1_HUMAN.H11MO.0.D	2	0.0148604	11.4277	0.415141	10	ACCGCCCCGCCCCA	AGACCACCCAGG	-
557-ACCGCCCCGCCYCA	INSM1_HUMAN.H11MO.0.C	-2	0.0155624	11.9675	0.420408	12	ACCGCCCCGCCCCA	TGCCCCCTGACA	-
557-ACCGCCCCGCCYCA	SRBP2_HUMAN.H11MO.0.B	1	0.0158393	12.1805	0.420408	12	ACCGCCCCGCCCCA	CCTCACCCCACCC	-
557-ACCGCCCCGCCYCA	PLAL1_HUMAN.H11MO.0.D	-1	0.015885	12.2156	0.420408	10	ACCGCCCCGCCCCA	GGGCCCCCCG	-
557-ACCGCCCCGCCYCA	ZN770_HUMAN.H11MO.1.C	-4	0.0162565	12.5012	0.422821	10	ACCGCCCCGCCCCA	CTCAGCCTCCC	-
558-ACCGGGCGGCGCT	KLF12_HUMAN.H11MO.0.C	-1	4.79083e-05	0.0368415	0.0732829	11	ACCGGGCGGCGCT	AGGGGCGGGGC	+
558-ACCGGGCGGCGCT	SP1_HUMAN.H11MO.1.A	0	0.00019647	0.151086	0.150265	13	ACCGGGCGGCGCT	GGGGGGCGGGGCCG	+
558-ACCGGGCGGCGCT	CTCFL_HUMAN.H11MO.0.A	3	0.000635751	0.488892	0.294524	13	ACCGGGCGGCGCT	GCCGCCAGGGGGCGCCG	+
558-ACCGGGCGGCGCT	SP1_HUMAN.H11MO.0.A	0	0.000977861	0.751975	0.294524	13	ACCGGGCGGCGCT	GGGGGGCGGGGCCGGGGGGGGG	+
558-ACCGGGCGGCGCT	CTCF_HUMAN.H11MO.0.A	5	0.000988651	0.760273	0.294524	13	ACCGGGCGGCGCT	TGGCCACCAGGGGGCGCCA	+
558-ACCGGGCGGCGCT	SP2_HUMAN.H11MO.1.B	0	0.0012111	0.931339	0.294524	12	ACCGGGCGGCGCT	AGGGGGCGGGGC	+
558-ACCGGGCGGCGCT	KLF3_HUMAN.H11MO.0.B	3	0.0014321	1.10129	0.294524	13	ACCGGGCGGCGCT	GGGGAGGGGCGGGGCCGGG	+
558-ACCGGGCGGCGCT	SP4_HUMAN.H11MO.1.A	2	0.00162235	1.24759	0.294524	13	ACCGGGCGGCGCT	GGAGGGGGCGGGGCCG	+
558-ACCGGGCGGCGCT	SP3_HUMAN.H11MO.0.B	3	0.00187559	1.44233	0.294524	13	ACCGGGCGGCGCT	GGGGGGGGGCGGGGCCGGGG	+
558-ACCGGGCGGCGCT	SP4_HUMAN.H11MO.0.A	4	0.00207928	1.59897	0.294524	13	ACCGGGCGGCGCT	GGGAAGGGGGCGGGGCCGGG	+
558-ACCGGGCGGCGCT	PLAL1_HUMAN.H11MO.0.D	-2	0.00211798	1.62873	0.294524	10	ACCGGGCGGCGCT	CGGGGGGCCC	+
558-ACCGGGCGGCGCT	KLF4_HUMAN.H11MO.0.A	-2	0.00332027	2.55329	0.423238	10	ACCGGGCGGCGCT	AGGGTGTGGC	+
558-ACCGGGCGGCGCT	ZN549_HUMAN.H11MO.0.C	8	0.00362323	2.78626	0.426328	12	ACCGGGCGGCGCT	ATTCATGAATTGGGCAGCAC	+
558-ACCGGGCGGCGCT	SP2_HUMAN.H11MO.0.A	4	0.00397385	3.05589	0.434185	13	ACCGGGCGGCGCT	GGGGGGGGGGCGGGGCCGGGGG	+
558-ACCGGGCGGCGCT	MAZ_HUMAN.H11MO.1.A	-1	0.00481475	3.70254	0.46271	11	ACCGGGCGGCGCT	GAGGGAGGGGG	+
558-ACCGGGCGGCGCT	KLF1_HUMAN.H11MO.0.A	-2	0.00483991	3.72189	0.46271	11	ACCGGGCGGCGCT	GGGGCGGGGCCGGG	+
559-ACCTGTCTCC	PPARD_HUMAN.H11MO.0.D	2	9.70588e-05	0.0746382	0.147608	10	ACCTGTCTCC	TGACCTTTGTCCTA	-
559-ACCTGTCTCC	SMAD1_HUMAN.H11MO.0.D	1	0.000984726	0.757254	0.365037	10	ACCTGTCTCC	AGCCTGTCTGCC	+
559-ACCTGTCTCC	TBX20_HUMAN.H11MO.0.D	0	0.00132746	1.02082	0.365037	10	ACCTGTCTCC	ACCTGTCAGCACCT	-
559-ACCTGTCTCC	TGIF1_HUMAN.H11MO.0.A	-1	0.00185277	1.42478	0.365037	7	ACCTGTCTCC	GCTGTCA	-
559-ACCTGTCTCC	ZN816_HUMAN.H11MO.1.C	1	0.00201079	1.5463	0.365037	10	ACCTGTCTCC	TGCATGTCCCCCTT	-
559-ACCTGTCTCC	MEIS3_HUMAN.H11MO.0.D	1	0.00238267	1.83227	0.365037	10	ACCTGTCTCC	CACCTGTCAAA	-
559-ACCTGTCTCC	MEIS1_HUMAN.H11MO.1.B	-1	0.00254168	1.95455	0.365037	9	ACCTGTCTCC	GCTGTCAGC	-
559-ACCTGTCTCC	PPARA_HUMAN.H11MO.0.B	2	0.00254629	1.9581	0.365037	10	ACCTGTCTCC	TGACCTTTGCCCCAGTT	-
559-ACCTGTCTCC	PPARG_HUMAN.H11MO.0.A	2	0.00254629	1.9581	0.365037	10	ACCTGTCTCC	TGACCTTTGCCCCACTT	-
559-ACCTGTCTCC	ZN816_HUMAN.H11MO.0.C	4	0.00259323	1.99419	0.365037	10	ACCTGTCTCC	CCCTGCATGTCCCCCTTTTTT	-
559-ACCTGTCTCC	TAL1_HUMAN.H11MO.1.A	3	0.0026403	2.03039	0.365037	10	ACCTGTCTCC	CACATCTGCTTCCTG	-
559-ACCTGTCTCC	SMAD3_HUMAN.H11MO.0.B	0	0.00394616	3.03459	0.439573	10	ACCTGTCTCC	CTCTGTCACCTG	+
559-ACCTGTCTCC	ID4_HUMAN.H11MO.0.D	4	0.00394909	3.03685	0.439573	7	ACCTGTCTCC	TTACACCTGTC	-
559-ACCTGTCTCC	TGIF2_HUMAN.H11MO.0.D	2	0.0044081	3.38983	0.439573	9	ACCTGTCTCC	ACAGCTGTCAT	-
559-ACCTGTCTCC	ZEB1_HUMAN.H11MO.0.A	3	0.00449004	3.45284	0.439573	7	ACCTGTCTCC	CTCACCTGTC	-
559-ACCTGTCTCC	FIGLA_HUMAN.H11MO.0.D	3	0.00465576	3.58028	0.439573	8	ACCTGTCTCC	AACACCTGTTA	-
559-ACCTGTCTCC	GRHL1_HUMAN.H11MO.0.D	1	0.00491365	3.7786	0.439573	10	ACCTGTCTCC	AACCTGTTTTTC	+
559-ACCTGTCTCC	ASCL1_HUMAN.H11MO.0.A	4	0.00585819	4.50495	0.472341	10	ACCTGTCTCC	CTGCACCTGCTCCC	+
559-ACCTGTCTCC	SNAI2_HUMAN.H11MO.0.A	3	0.0059011	4.53795	0.472341	7	ACCTGTCTCC	TGCACCTGCC	-
559-ACCTGTCTCC	NR2C1_HUMAN.H11MO.0.C	3	0.00677749	5.21189	0.497053	10	ACCTGTCTCC	CTGACCTCTGGCC	-
559-ACCTGTCTCC	SNAI1_HUMAN.H11MO.0.C	2	0.00732974	5.63657	0.497053	6	ACCTGTCTCC	CCACCTGG	-
559-ACCTGTCTCC	SCRT1_HUMAN.H11MO.0.D	4	0.00753696	5.79593	0.497053	9	ACCTGTCTCC	AACCACCTGTTGC	-
559-ACCTGTCTCC	ETV2_HUMAN.H11MO.0.B	6	0.00776656	5.97248	0.497053	10	ACCTGTCTCC	CCCACTTCCTGTTTCC	-
559-ACCTGTCTCC	GRHL2_HUMAN.H11MO.0.A	1	0.00794792	6.11195	0.497053	10	ACCTGTCTCC	AACCTGTTTGAC	+
559-ACCTGTCTCC	SMAD2_HUMAN.H11MO.0.A	1	0.00837534	6.44064	0.497053	10	ACCTGTCTCC	TGTCTGTCACCT	+
559-ACCTGTCTCC	LYL1_HUMAN.H11MO.0.A	2	0.00851499	6.54803	0.497053	10	ACCTGTCTCC	CCAGCTGTTTCCTG	+
559-ACCTGTCTCC	SCRT2_HUMAN.H11MO.0.D	2	0.00882452	6.78605	0.497053	10	ACCTGTCTCC	CCACCTGTTGCAT	-
561-ACGCTTGCGC	NRF1_HUMAN.H11MO.0.A	3	5.81711e-05	0.0447336	0.0894672	10	ACGCTTGCGC	CCTGCGCATGCGCAGTG	-
566-ACTGTGAGCTTG	ERR1_HUMAN.H11MO.0.A	1	0.000272726	0.209726	0.376532	12	ACTGTGAGCTTG	CTGTGTGACCTTGAG	-
566-ACTGTGAGCTTG	ERR2_HUMAN.H11MO.0.A	-4	0.000491453	0.377927	0.376532	8	ACTGTGAGCTTG	TGACCTTGA	-
566-ACTGTGAGCTTG	ERR3_HUMAN.H11MO.0.B	-4	0.00095356	0.733287	0.47807	8	ACTGTGAGCTTG	TGACCTTGA	-
566-ACTGTGAGCTTG	ZKSC1_HUMAN.H11MO.0.B	9	0.00124796	0.959682	0.47807	10	ACTGTGAGCTTG	TGAGGACCTACTGTGTGCC	+
569-ACTTGCGG	ELK1_HUMAN.H11MO.0.B	2	0.000177675	0.136632	0.273264	8	ACTTGCGG	CCACTTCCGGT	-
569-ACTTGCGG	ELK4_HUMAN.H11MO.0.A	2	0.000499637	0.384221	0.351554	8	ACTTGCGG	CCACTTCCGGTC	-
569-ACTTGCGG	ETV1_HUMAN.H11MO.0.A	1	0.000778198	0.598434	0.351554	8	ACTTGCGG	CACTTCCGGCC	-
569-ACTTGCGG	GABPA_HUMAN.H11MO.0.A	2	0.000914315	0.703108	0.351554	8	ACTTGCGG	CCACTTCCGGTTCC	-
575-AGAGGAAGCCAT	ZN528_HUMAN.H11MO.0.C	2	4.97528e-05	0.0382599	0.0763042	12	AGAGGAAGCCAT	CCCAGGGAAGCCATTTCTGA	+
575-AGAGGAAGCCAT	ZN436_HUMAN.H11MO.0.C	6	0.000354975	0.272976	0.222017	12	AGAGGAAGCCAT	CCTCCTCCAGGAAGCCTTCCCTGA	-
575-AGAGGAAGCCAT	ETV7_HUMAN.H11MO.0.D	-1	0.000434286	0.333966	0.222017	7	AGAGGAAGCCAT	CAGGAAG	+
575-AGAGGAAGCCAT	ETV6_HUMAN.H11MO.0.D	0	0.00110412	0.849068	0.305837	9	AGAGGAAGCCAT	ACAGGAAGT	+
575-AGAGGAAGCCAT	SPI1_HUMAN.H11MO.0.A	4	0.00115358	0.887106	0.305837	12	AGAGGAAGCCAT	AAAAAGAGGAAGTGAAA	+
575-AGAGGAAGCCAT	ZFP42_HUMAN.H11MO.0.A	-3	0.00119649	0.920101	0.305837	9	AGAGGAAGCCAT	GGCAGCCATTTT	+
575-AGAGGAAGCCAT	ERG_HUMAN.H11MO.0.A	2	0.00161942	1.24533	0.354807	11	AGAGGAAGCCAT	GGGCAGGAAGTGG	+
575-AGAGGAAGCCAT	FLI1_HUMAN.H11MO.1.A	2	0.00235	1.80715	0.403577	11	AGAGGAAGCCAT	AGGCAGGAAGTGG	+
575-AGAGGAAGCCAT	ETV4_HUMAN.H11MO.0.B	1	0.00252143	1.93898	0.403577	10	AGAGGAAGCCAT	AACAGGAAGGG	+
575-AGAGGAAGCCAT	SPIB_HUMAN.H11MO.0.A	4	0.00274623	2.11185	0.403577	12	AGAGGAAGCCAT	AAAAAGAGGAAGTGAAA	+
575-AGAGGAAGCCAT	BC11A_HUMAN.H11MO.0.A	3	0.00289459	2.22594	0.403577	12	AGAGGAAGCCAT	AAAAGAGGAAGTGAAAA	+
575-AGAGGAAGCCAT	ETV5_HUMAN.H11MO.0.C	2	0.00373197	2.86989	0.476967	12	AGAGGAAGCCAT	GAGCAGGAAGTGAG	+
576-AGAGRGAGGAGASAR	ZSC22_HUMAN.H11MO.0.C	4	0.000130841	0.100617	0.127225	12	AGAGGGAGGAGAGAG	GGTCTGAGGGAGGAGG	+
576-AGAGRGAGGAGASAR	ZN263_HUMAN.H11MO.1.A	-1	0.000222305	0.170952	0.127225	11	AGAGGGAGGAGAGAG	GAGGGAGGAGG	+
576-AGAGRGAGGAGASAR	WT1_HUMAN.H11MO.1.B	-1	0.000287337	0.220962	0.127225	11	AGAGGGAGGAGAGAG	GTGGGAGGAGG	+
576-AGAGRGAGGAGASAR	PATZ1_HUMAN.H11MO.1.C	-2	0.000402572	0.309578	0.127225	9	AGAGGGAGGAGAGAG	AGGGAGGGG	+
576-AGAGRGAGGAGASAR	WT1_HUMAN.H11MO.0.C	3	0.00041559	0.319588	0.127225	15	AGAGGGAGGAGAGAG	GGGCGGGGGAGGAGGGGGGG	+
576-AGAGRGAGGAGASAR	MAZ_HUMAN.H11MO.1.A	-1	0.000727855	0.55972	0.185682	11	AGAGGGAGGAGAGAG	GAGGGAGGGGG	+
576-AGAGRGAGGAGASAR	FLI1_HUMAN.H11MO.0.A	0	0.00174693	1.34339	0.339104	15	AGAGGGAGGAGAGAG	GGAGGAAGGAAGGAGGGA	+
576-AGAGRGAGGAGASAR	ZN263_HUMAN.H11MO.0.A	-3	0.00177234	1.36293	0.339104	12	AGAGGGAGGAGAGAG	GGGAGGAGGGAGAGGAGGAG	+
576-AGAGRGAGGAGASAR	RXRA_HUMAN.H11MO.0.A	5	0.00294305	2.26321	0.434419	15	AGAGGGAGGAGAGAG	GGGGGAGGCAGAGGTCAGAG	+
576-AGAGRGAGGAGASAR	EOMES_HUMAN.H11MO.0.D	-3	0.00332816	2.55935	0.434419	12	AGAGGGAGGAGAGAG	AGGAGGTGTTAA	+
576-AGAGRGAGGAGASAR	ZN281_HUMAN.H11MO.0.A	3	0.00336556	2.58811	0.434419	12	AGAGGGAGGAGAGAG	GGGTGGGGGAGGGGA	+
576-AGAGRGAGGAGASAR	ZN467_HUMAN.H11MO.0.C	-2	0.00401027	3.08389	0.434419	13	AGAGGGAGGAGAGAG	GGGGAGGGGAGGGGGGGGGGGG	+
576-AGAGRGAGGAGASAR	VEZF1_HUMAN.H11MO.1.C	0	0.00410157	3.15411	0.434419	12	AGAGGGAGGAGAGAG	AGGGGGAGGGGG	+
576-AGAGRGAGGAGASAR	SP4_HUMAN.H11MO.1.A	2	0.00424267	3.26261	0.434419	14	AGAGGGAGGAGAGAG	GGAGGGGGCGGGGCCG	+
576-AGAGRGAGGAGASAR	ZBT17_HUMAN.H11MO.0.A	5	0.00425719	3.27378	0.434419	14	AGAGGGAGGAGAGAG	GAGGGTGGGGGAGGGGAAG	+
578-AGCAGCGTC	HEN1_HUMAN.H11MO.0.C	8	6.71752e-05	0.0516578	0.103316	9	AGCAGCGTC	TGGGGAGCAGCTGCGTCCCT	+
580-AGCCCCGCGGG	AP2B_HUMAN.H11MO.0.B	-2	0.000454944	0.349852	0.462585	9	AGCCCCGCGGG	GCCCCCGGGC	-
580-AGCCCCGCGGG	ZIC4_HUMAN.H11MO.0.D	-1	0.00100491	0.772774	0.462585	10	AGCCCCGCGGG	GCACAGCGGGGGGTC	+
580-AGCCCCGCGGG	KAISO_HUMAN.H11MO.0.A	2	0.00149578	1.15025	0.462585	11	AGCCCCGCGGG	CAAATCTCGCGAGAA	+
580-AGCCCCGCGGG	ZSC31_HUMAN.H11MO.0.C	6	0.00151008	1.16125	0.462585	11	AGCCCCGCGGG	CATAACTGCCCTGCTGCC	-
580-AGCCCCGCGGG	GLIS2_HUMAN.H11MO.0.D	-2	0.00242325	1.86348	0.485623	9	AGCCCCGCGGG	CTTCGCGGGGGGTC	+
580-AGCCCCGCGGG	AP2D_HUMAN.H11MO.0.D	1	0.00316856	2.43663	0.485623	11	AGCCCCGCGGG	ACGCGCCTCGGGCG	-
580-AGCCCCGCGGG	KLF12_HUMAN.H11MO.0.C	-1	0.00324178	2.49293	0.485623	10	AGCCCCGCGGG	GCCCCGCCCCT	-
580-AGCCCCGCGGG	MYCN_HUMAN.H11MO.0.A	0	0.0033461	2.57315	0.485623	11	AGCCCCGCGGG	GGCCACGTGGGC	+
580-AGCCCCGCGGG	SP1_HUMAN.H11MO.1.A	1	0.00371315	2.85541	0.485623	11	AGCCCCGCGGG	CGGCCCCGCCCCCC	-
580-AGCCCCGCGGG	PLAL1_HUMAN.H11MO.0.D	1	0.00372782	2.86669	0.485623	9	AGCCCCGCGGG	GGGCCCCCCG	-
580-AGCCCCGCGGG	REST_HUMAN.H11MO.0.A	3	0.00380468	2.9258	0.485623	11	AGCCCCGCGGG	TTCAGCACCATGGACAGCGCCC	+
580-AGCCCCGCGGG	COE1_HUMAN.H11MO.0.A	0	0.00490167	3.76938	0.494141	11	AGCCCCGCGGG	GGTCCCTGGGGACTT	-
580-AGCCCCGCGGG	ZIC2_HUMAN.H11MO.0.D	-1	0.00516189	3.96949	0.494141	10	AGCCCCGCGGG	TCACAGCAGGGGGCC	-
582-AGCCGGCCGGGCTG	EGR4_HUMAN.H11MO.0.D	-1	0.000388544	0.29879	0.40995	11	AGCCGGCCGGGCTG	GGCGGCAGGGC	+
582-AGCCGGCCGGGCTG	ZN449_HUMAN.H11MO.0.C	-3	0.000663911	0.510547	0.40995	11	AGCCGGCCGGGCTG	TGGTTGGGCTT	+
582-AGCCGGCCGGGCTG	SP1_HUMAN.H11MO.1.A	0	0.000799805	0.61505	0.40995	14	AGCCGGCCGGGCTG	GGGGGGCGGGGCCG	+
589-AGGAACTGCGAC	ZN708_HUMAN.H11MO.1.D	0	0.000204013	0.156886	0.205472	9	AGGAACTGCGAC	AGGTACAGC	+
589-AGGAACTGCGAC	IRF4_HUMAN.H11MO.0.A	5	0.000267248	0.205514	0.205472	12	AGGAACTGCGAC	AAAAGAGGAAGTGAAACT	+
589-AGGAACTGCGAC	ZN341_HUMAN.H11MO.1.C	-1	0.000578042	0.444514	0.296283	9	AGGAACTGCGAC	GGAACAGCC	+
589-AGGAACTGCGAC	SPIB_HUMAN.H11MO.0.A	6	0.00106407	0.818272	0.322138	11	AGGAACTGCGAC	AAAAAGAGGAAGTGAAA	+
589-AGGAACTGCGAC	BC11A_HUMAN.H11MO.0.A	5	0.00112505	0.865166	0.322138	12	AGGAACTGCGAC	AAAAGAGGAAGTGAAAA	+
589-AGGAACTGCGAC	SPI1_HUMAN.H11MO.0.A	6	0.00125697	0.966611	0.322138	11	AGGAACTGCGAC	AAAAAGAGGAAGTGAAA	+
589-AGGAACTGCGAC	IRF8_HUMAN.H11MO.0.B	5	0.00160223	1.23212	0.351962	12	AGGAACTGCGAC	AAAAGAGGAAGTGAAAGTAA	+
589-AGGAACTGCGAC	HEN1_HUMAN.H11MO.0.C	5	0.0021062	1.61967	0.404834	12	AGGAACTGCGAC	TGGGGAGCAGCTGCGTCCCT	+
590-AGGAGGTGGAG	ZBTB6_HUMAN.H11MO.0.C	-1	0.000237516	0.182649	0.177944	10	AGGAGGTGGAG	GGTGCTGGAGCCG	+
590-AGGAGGTGGAG	ZN263_HUMAN.H11MO.0.A	3	0.000299756	0.230512	0.177944	11	AGGAGGTGGAG	GGGAGGAGGGAGAGGAGGAG	+
590-AGGAGGTGGAG	WT1_HUMAN.H11MO.0.C	9	0.000387027	0.297624	0.177944	11	AGGAGGTGGAG	GGGCGGGGGAGGAGGGGGGG	+
590-AGGAGGTGGAG	ZN281_HUMAN.H11MO.0.A	0	0.000708346	0.544718	0.177944	11	AGGAGGTGGAG	GGGTGGGGGAGGGGA	+
590-AGGAGGTGGAG	ZN770_HUMAN.H11MO.1.C	0	0.000721132	0.55455	0.177944	11	AGGAGGTGGAG	GGGAGGCTGAG	+
590-AGGAGGTGGAG	ZN770_HUMAN.H11MO.0.C	0	0.000756061	0.581411	0.177944	11	AGGAGGTGGAG	GGGAGGCTGAGGCGGGAGGATC	+
590-AGGAGGTGGAG	SPI1_HUMAN.H11MO.0.A	6	0.00100693	0.774333	0.177944	11	AGGAGGTGGAG	AAAAAGAGGAAGTGAAA	+
590-AGGAGGTGGAG	VEZF1_HUMAN.H11MO.0.C	8	0.00102425	0.787648	0.177944	11	AGGAGGTGGAG	GGGGAGGGGGGAGGGGGAGGGG	+
590-AGGAGGTGGAG	MAZ_HUMAN.H11MO.0.A	2	0.0010876	0.836366	0.177944	11	AGGAGGTGGAG	GGGGGAGGGGGGGGGGGGGGGG	+
590-AGGAGGTGGAG	SP2_HUMAN.H11MO.1.B	0	0.0011977	0.921032	0.177944	11	AGGAGGTGGAG	AGGGGGCGGGGC	+
590-AGGAGGTGGAG	ZSC22_HUMAN.H11MO.0.C	4	0.00132185	1.0165	0.178535	11	AGGAGGTGGAG	GGTCTGAGGGAGGAGG	+
590-AGGAGGTGGAG	SP4_HUMAN.H11MO.0.A	4	0.00156139	1.20071	0.179831	11	AGGAGGTGGAG	GGGAAGGGGGCGGGGCCGGG	+
590-AGGAGGTGGAG	EGR2_HUMAN.H11MO.0.A	7	0.00160688	1.23569	0.179831	11	AGGAGGTGGAG	GGGGGGGTGTGGGAGGGG	+
590-AGGAGGTGGAG	SPIB_HUMAN.H11MO.0.A	6	0.00169456	1.30312	0.179831	11	AGGAGGTGGAG	AAAAAGAGGAAGTGAAA	+
590-AGGAGGTGGAG	ASCL1_HUMAN.H11MO.0.A	3	0.00197022	1.5151	0.183996	11	AGGAGGTGGAG	GGGAGCAGGTGCAG	-
590-AGGAGGTGGAG	SP4_HUMAN.H11MO.1.A	2	0.00232438	1.78745	0.183996	11	AGGAGGTGGAG	GGAGGGGGCGGGGCCG	+
590-AGGAGGTGGAG	ASCL2_HUMAN.H11MO.0.D	0	0.00243968	1.87611	0.183996	9	AGGAGGTGGAG	AGCAGCTGG	-
590-AGGAGGTGGAG	ZN143_HUMAN.H11MO.0.A	8	0.00246057	1.89218	0.183996	11	AGGAGGTGGAG	GGCATTCTGGGAATTGTAGTTC	+
590-AGGAGGTGGAG	KLF15_HUMAN.H11MO.0.A	1	0.00250868	1.92918	0.183996	11	AGGAGGTGGAG	GGGGAGGAGCAGGGGGGGG	+
590-AGGAGGTGGAG	ETS1_HUMAN.H11MO.0.A	4	0.00289748	2.22816	0.183996	9	AGGAGGTGGAG	AGACAGGAAGTGG	+
590-AGGAGGTGGAG	THA11_HUMAN.H11MO.0.B	8	0.00291457	2.24131	0.183996	11	AGGAGGTGGAG	GGCATGCTGGGAGTTGTAGTTC	+
590-AGGAGGTGGAG	ZN467_HUMAN.H11MO.0.C	1	0.00291457	2.24131	0.183996	11	AGGAGGTGGAG	GGGGAGGGGAGGGGGGGGGGGG	+
590-AGGAGGTGGAG	ZN148_HUMAN.H11MO.0.D	4	0.00309522	2.38022	0.183996	11	AGGAGGTGGAG	GGGGTGGGGGAGGGG	+
590-AGGAGGTGGAG	PTF1A_HUMAN.H11MO.1.B	0	0.00309638	2.38112	0.183996	9	AGGAGGTGGAG	AGCAGCTGG	+
590-AGGAGGTGGAG	ZN219_HUMAN.H11MO.0.D	2	0.00359236	2.76252	0.183996	10	AGGAGGTGGAG	GAGGGGGGCGGA	+
590-AGGAGGTGGAG	ID4_HUMAN.H11MO.0.D	0	0.00367435	2.82558	0.183996	11	AGGAGGTGGAG	GACAGGTGTAA	+
590-AGGAGGTGGAG	MESP1_HUMAN.H11MO.0.D	-1	0.00367435	2.82558	0.183996	10	AGGAGGTGGAG	GCAGGTGTGGA	+
590-AGGAGGTGGAG	XBP1_HUMAN.H11MO.0.D	1	0.00367435	2.82558	0.183996	10	AGGAGGTGGAG	GCTGACGTGGC	+
590-AGGAGGTGGAG	TAF1_HUMAN.H11MO.0.A	4	0.0037955	2.91874	0.183996	11	AGGAGGTGGAG	AAGATGGCGGCGGCGG	+
590-AGGAGGTGGAG	ZN134_HUMAN.H11MO.1.C	5	0.00388469	2.98732	0.183996	11	AGGAGGTGGAG	ACCTAATCAGGTGAAGG	+
590-AGGAGGTGGAG	SNAI2_HUMAN.H11MO.0.A	0	0.00401589	3.08822	0.183996	10	AGGAGGTGGAG	GGCAGGTGCA	+
590-AGGAGGTGGAG	SNAI1_HUMAN.H11MO.0.C	-1	0.00407909	3.13682	0.183996	8	AGGAGGTGGAG	CCAGGTGG	+
590-AGGAGGTGGAG	EGR4_HUMAN.H11MO.0.D	-1	0.00408683	3.14277	0.183996	10	AGGAGGTGGAG	GGCGGCAGGGC	+
590-AGGAGGTGGAG	ZBT17_HUMAN.H11MO.0.A	2	0.00434422	3.34071	0.186494	11	AGGAGGTGGAG	GAGGGTGGGGGAGGGGAAG	+
590-AGGAGGTGGAG	KLF8_HUMAN.H11MO.0.C	1	0.00439337	3.3785	0.186494	8	AGGAGGTGGAG	CAGGGGGTG	+
590-AGGAGGTGGAG	TBX3_HUMAN.H11MO.0.C	-1	0.0047876	3.68166	0.197252	10	AGGAGGTGGAG	GGAGGTGGGAA	+
590-AGGAGGTGGAG	ZN708_HUMAN.H11MO.0.C	8	0.00503549	3.87229	0.197252	11	AGGAGGTGGAG	GCCTAATAAGCAGGTACAGC	+
590-AGGAGGTGGAG	ZN263_HUMAN.H11MO.1.A	-1	0.0050451	3.87968	0.197252	10	AGGAGGTGGAG	GAGGGAGGAGG	+
590-AGGAGGTGGAG	VEZF1_HUMAN.H11MO.1.C	3	0.00545638	4.19595	0.207862	9	AGGAGGTGGAG	AGGGGGAGGGGG	+
590-AGGAGGTGGAG	ZNF76_HUMAN.H11MO.0.C	10	0.00562833	4.32819	0.209052	11	AGGAGGTGGAG	GGGGCATTCTGGGAATTGTAGT	+
590-AGGAGGTGGAG	EGR2_HUMAN.H11MO.1.A	4	0.00578897	4.45172	0.209774	11	AGGAGGTGGAG	GGGGCGTGGGCGGGGG	+
590-AGGAGGTGGAG	FLI1_HUMAN.H11MO.0.A	6	0.00599253	4.60826	0.211981	11	AGGAGGTGGAG	GGAGGAAGGAAGGAGGGA	+
590-AGGAGGTGGAG	ERG_HUMAN.H11MO.0.A	4	0.00668709	5.14238	0.231049	9	AGGAGGTGGAG	GGGCAGGAAGTGG	+
590-AGGAGGTGGAG	ATOH1_HUMAN.H11MO.0.B	0	0.00771048	5.92936	0.250915	9	AGGAGGTGGAG	AGCAGATGG	+
590-AGGAGGTGGAG	PATZ1_HUMAN.H11MO.1.C	1	0.00771048	5.92936	0.250915	8	AGGAGGTGGAG	AGGGAGGGG	+
590-AGGAGGTGGAG	MYF6_HUMAN.H11MO.0.C	-1	0.00784902	6.0359	0.250915	7	AGGAGGTGGAG	GCAGCTG	-
590-AGGAGGTGGAG	SP2_HUMAN.H11MO.0.A	4	0.00814762	6.26552	0.250915	11	AGGAGGTGGAG	GGGGGGGGGGCGGGGCCGGGGG	+
590-AGGAGGTGGAG	SP3_HUMAN.H11MO.0.B	3	0.00851368	6.54702	0.250915	11	AGGAGGTGGAG	GGGGGGGGGCGGGGCCGGGG	+
590-AGGAGGTGGAG	SP1_HUMAN.H11MO.1.A	0	0.00861072	6.62164	0.250915	11	AGGAGGTGGAG	GGGGGGCGGGGCCG	+
590-AGGAGGTGGAG	ELF3_HUMAN.H11MO.0.A	5	0.00861072	6.62164	0.250915	9	AGGAGGTGGAG	GAACCAGGAAGTGG	+
590-AGGAGGTGGAG	EOMES_HUMAN.H11MO.0.D	0	0.00861316	6.62352	0.250915	11	AGGAGGTGGAG	AGGAGGTGTTAA	+
590-AGGAGGTGGAG	ITF2_HUMAN.H11MO.0.C	0	0.00895465	6.88613	0.255847	10	AGGAGGTGGAG	GGCAGCTGGG	+
590-AGGAGGTGGAG	ZN436_HUMAN.H11MO.0.C	15	0.00937604	7.21018	0.262832	9	AGGAGGTGGAG	TCAGGGAAGGCTTCCTGGAGGAGG	+
590-AGGAGGTGGAG	NDF2_HUMAN.H11MO.0.B	0	0.0101203	7.78253	0.268103	9	AGGAGGTGGAG	AACAGATGG	+
590-AGGAGGTGGAG	ZIC3_HUMAN.H11MO.0.B	4	0.0101841	7.8316	0.268103	11	AGGAGGTGGAG	TCACAGCAGGGGGCC	-
590-AGGAGGTGGAG	CTCFL_HUMAN.H11MO.0.A	3	0.0104037	8.00046	0.268103	11	AGGAGGTGGAG	GCCGCCAGGGGGCGCCG	+
590-AGGAGGTGGAG	EGR1_HUMAN.H11MO.0.A	5	0.0104037	8.00046	0.268103	11	AGGAGGTGGAG	GAGGGCGTGGGCGGGGG	+
590-AGGAGGTGGAG	ETV5_HUMAN.H11MO.0.C	4	0.0105015	8.07566	0.268103	10	AGGAGGTGGAG	GAGCAGGAAGTGAG	+
590-AGGAGGTGGAG	FIGLA_HUMAN.H11MO.0.D	1	0.0108272	8.32613	0.268103	10	AGGAGGTGGAG	TAACAGGTGTT	+
590-AGGAGGTGGAG	BHA15_HUMAN.H11MO.0.B	2	0.0108272	8.32613	0.268103	9	AGGAGGTGGAG	GCAGCAGCTGG	+
590-AGGAGGTGGAG	OSR2_HUMAN.H11MO.0.C	4	0.0111891	8.60444	0.268404	11	AGGAGGTGGAG	CAGCAGAAGCAGCAGC	-
590-AGGAGGTGGAG	MAZ_HUMAN.H11MO.1.A	2	0.0113759	8.74806	0.268404	9	AGGAGGTGGAG	GAGGGAGGGGG	+
590-AGGAGGTGGAG	BC11A_HUMAN.H11MO.0.A	5	0.0114924	8.83769	0.268404	11	AGGAGGTGGAG	AAAAGAGGAAGTGAAAA	+
590-AGGAGGTGGAG	SCRT1_HUMAN.H11MO.0.D	2	0.011562	8.8912	0.268404	11	AGGAGGTGGAG	GCAACAGGTGGTT	+
590-AGGAGGTGGAG	ZN134_HUMAN.H11MO.0.C	10	0.0122806	9.44376	0.277797	11	AGGAGGTGGAG	GCCTCACCTAATCAGTTGAAGG	+
590-AGGAGGTGGAG	EHF_HUMAN.H11MO.0.B	5	0.0123988	9.53471	0.277797	10	AGGAGGTGGAG	GAACCAGGAAGTGGC	+
590-AGGAGGTGGAG	ZN708_HUMAN.H11MO.1.D	-3	0.0125276	9.63372	0.277797	8	AGGAGGTGGAG	AGGTACAGC	+
590-AGGAGGTGGAG	WT1_HUMAN.H11MO.1.B	2	0.0131796	10.1351	0.287931	9	AGGAGGTGGAG	GTGGGAGGAGG	+
590-AGGAGGTGGAG	FLI1_HUMAN.H11MO.1.A	4	0.0133722	10.2832	0.287931	9	AGGAGGTGGAG	AGGCAGGAAGTGG	+
590-AGGAGGTGGAG	KLF4_HUMAN.H11MO.0.A	0	0.0141627	10.8911	0.300597	10	AGGAGGTGGAG	AGGGTGTGGC	+
590-AGGAGGTGGAG	MAX_HUMAN.H11MO.0.A	1	0.0148873	11.4484	0.309572	9	AGGAGGTGGAG	GAGCACGTGG	+
590-AGGAGGTGGAG	PATZ1_HUMAN.H11MO.0.C	1	0.0150023	11.5368	0.309572	11	AGGAGGTGGAG	GGGGAGGGGGCGGGGGGGGAGG	+
590-AGGAGGTGGAG	ZBTB4_HUMAN.H11MO.0.D	7	0.0154194	11.8575	0.31228	10	AGGAGGTGGAG	CCTAGATGGCAGGTGGG	+
590-AGGAGGTGGAG	ZN768_HUMAN.H11MO.0.C	8	0.0155628	11.9678	0.31228	11	AGGAGGTGGAG	GAGGCTCAGAGAGGTTAAGT	+
590-AGGAGGTGGAG	SP1_HUMAN.H11MO.0.A	0	0.0157641	12.1226	0.31228	11	AGGAGGTGGAG	GGGGGGCGGGGCCGGGGGGGGG	+
590-AGGAGGTGGAG	ELK1_HUMAN.H11MO.0.B	2	0.0167798	12.9037	0.328026	9	AGGAGGTGGAG	ACCGGAAGTGG	+
590-AGGAGGTGGAG	CTCF_HUMAN.H11MO.0.A	5	0.0172706	13.2811	0.328308	11	AGGAGGTGGAG	TGGCCACCAGGGGGCGCCA	+
590-AGGAGGTGGAG	ZIC2_HUMAN.H11MO.0.D	4	0.0173679	13.3559	0.328308	11	AGGAGGTGGAG	TCACAGCAGGGGGCC	-
590-AGGAGGTGGAG	HIF1A_HUMAN.H11MO.0.C	-1	0.0174572	13.4246	0.328308	8	AGGAGGTGGAG	GGACGTGC	+
590-AGGAGGTGGAG	KLF9_HUMAN.H11MO.0.C	-1	0.0182105	14.0039	0.334021	10	AGGAGGTGGAG	GGAGGGGGCGTGGCC	+
590-AGGAGGTGGAG	ELF5_HUMAN.H11MO.0.A	6	0.0182105	14.0039	0.334021	9	AGGAGGTGGAG	GGAAGGAGGAAGTGG	+
590-AGGAGGTGGAG	MXI1_HUMAN.H11MO.1.A	1	0.0193522	14.8819	0.350633	10	AGGAGGTGGAG	GAGCACGTGGG	-
590-AGGAGGTGGAG	ETV2_HUMAN.H11MO.0.B	6	0.0219371	16.8697	0.392679	10	AGGAGGTGGAG	GGAAACAGGAAGTGGG	+
590-AGGAGGTGGAG	CREB3_HUMAN.H11MO.0.D	2	0.0224706	17.2799	0.39744	11	AGGAGGTGGAG	TGGTGACGTGGCA	+
590-AGGAGGTGGAG	IRF8_HUMAN.H11MO.0.B	5	0.022894	17.6055	0.397476	11	AGGAGGTGGAG	AAAAGAGGAAGTGAAAGTAA	+
590-AGGAGGTGGAG	TBX15_HUMAN.H11MO.0.D	7	0.0230077	17.693	0.397476	11	AGGAGGTGGAG	GGGGGGGGGGGGGTGGGGG	+
590-AGGAGGTGGAG	ELF1_HUMAN.H11MO.0.A	5	0.025877	19.8994	0.441907	9	AGGAGGTGGAG	GAACCCGGAAGTGG	+
590-AGGAGGTGGAG	ETV4_HUMAN.H11MO.0.B	3	0.0268162	20.6217	0.448617	8	AGGAGGTGGAG	AACAGGAAGGG	+
590-AGGAGGTGGAG	KLF5_HUMAN.H11MO.0.A	0	0.0270833	20.8271	0.448617	11	AGGAGGTGGAG	AGGGTGGGGCTGGG	+
590-AGGAGGTGGAG	ZFX_HUMAN.H11MO.1.A	-1	0.0271758	20.8982	0.448617	10	AGGAGGTGGAG	GGGGGCGGAGGCCGGGG	+
590-AGGAGGTGGAG	SALL4_HUMAN.H11MO.0.B	-1	0.0279691	21.5083	0.449161	10	AGGAGGTGGAG	GGAGGGTGGG	+
590-AGGAGGTGGAG	ATF6A_HUMAN.H11MO.0.B	3	0.0283114	21.7715	0.449161	9	AGGAGGTGGAG	GTGGTGACGTGG	+
590-AGGAGGTGGAG	ZN740_HUMAN.H11MO.0.D	1	0.0283404	21.7937	0.449161	11	AGGAGGTGGAG	GGGGGGGGGGTGGG	+
590-AGGAGGTGGAG	ZIC1_HUMAN.H11MO.0.B	-2	0.0284181	21.8535	0.449161	9	AGGAGGTGGAG	GGGGTGGTC	+
590-AGGAGGTGGAG	CR3L2_HUMAN.H11MO.0.D	2	0.0295381	22.7148	0.45367	11	AGGAGGTGGAG	TGATGACGTGGCA	+
590-AGGAGGTGGAG	SMAD3_HUMAN.H11MO.0.B	1	0.0296194	22.7773	0.45367	11	AGGAGGTGGAG	CAGGTGACAGAG	-
590-AGGAGGTGGAG	ARNT2_HUMAN.H11MO.0.D	-2	0.0296194	22.7773	0.45367	9	AGGAGGTGGAG	GGCGTGGGAGGC	+
590-AGGAGGTGGAG	IRF4_HUMAN.H11MO.0.A	5	0.0302651	23.2738	0.458829	11	AGGAGGTGGAG	AAAAGAGGAAGTGAAACT	+
590-AGGAGGTGGAG	ZKSC1_HUMAN.H11MO.0.B	7	0.031856	24.4973	0.470496	11	AGGAGGTGGAG	GGCACACAGTAGGTCCTCA	-
590-AGGAGGTGGAG	MYC_HUMAN.H11MO.0.A	1	0.0321781	24.7449	0.470496	10	AGGAGGTGGAG	GAGCACGTGGC	-
590-AGGAGGTGGAG	SCRT2_HUMAN.H11MO.0.D	4	0.0323076	24.8445	0.470496	9	AGGAGGTGGAG	ATGCAACAGGTGG	+
590-AGGAGGTGGAG	NGN2_HUMAN.H11MO.0.D	2	0.032401	24.9164	0.470496	10	AGGAGGTGGAG	GGAGCAGATGGC	+
590-AGGAGGTGGAG	PURA_HUMAN.H11MO.0.D	-1	0.032618	25.0833	0.470496	10	AGGAGGTGGAG	GGAAGGGGGGGGCAGGG	+
590-AGGAGGTGGAG	TBX5_HUMAN.H11MO.0.D	-3	0.0329761	25.3586	0.471087	8	AGGAGGTGGAG	AGGTGTGA	+
590-AGGAGGTGGAG	ELF2_HUMAN.H11MO.0.C	4	0.0337784	25.9756	0.477953	9	AGGAGGTGGAG	AACCCGGAAGTGG	+
590-AGGAGGTGGAG	ZN586_HUMAN.H11MO.0.C	0	0.0347953	26.7576	0.487697	11	AGGAGGTGGAG	AGGCCTAGGAGGAAAAAATG	+
592-AGGCAGCAGA	ZN490_HUMAN.H11MO.0.C	12	2.06415e-05	0.0158733	0.031215	10	AGGCAGCAGA	TGGGTCTCTTGAAGGCAGCATATC	+
592-AGGCAGCAGA	ZN563_HUMAN.H11MO.1.C	1	6.19674e-05	0.0476529	0.0468549	10	AGGCAGCAGA	CAGGCAGCACAG	+
592-AGGCAGCAGA	MAFF_HUMAN.H11MO.1.B	1	0.000796482	0.612495	0.284752	8	AGGCAGCAGA	GACTCAGCA	-
592-AGGCAGCAGA	MAFG_HUMAN.H11MO.1.A	0	0.000812633	0.624915	0.284752	8	AGGCAGCAGA	ACTCAGCA	-
592-AGGCAGCAGA	MAF_HUMAN.H11MO.1.B	0	0.0011443	0.879969	0.284752	8	AGGCAGCAGA	AGTCAGCA	-
592-AGGCAGCAGA	MAFG_HUMAN.H11MO.0.A	5	0.00138361	1.06399	0.284752	10	AGGCAGCAGA	TGCTGAGTCAGCAATTTT	-
592-AGGCAGCAGA	ZN549_HUMAN.H11MO.0.C	11	0.00166663	1.28164	0.284752	9	AGGCAGCAGA	ATTCATGAATTGGGCAGCAC	+
592-AGGCAGCAGA	PTF1A_HUMAN.H11MO.1.B	-1	0.00169666	1.30473	0.284752	9	AGGCAGCAGA	AGCAGCTGG	+
592-AGGCAGCAGA	ZSC31_HUMAN.H11MO.0.C	-1	0.00176563	1.35777	0.284752	9	AGGCAGCAGA	GGCAGCAGGGCAGTTATG	+
592-AGGCAGCAGA	ZN121_HUMAN.H11MO.0.C	2	0.00188298	1.44801	0.284752	10	AGGCAGCAGA	CTGGGCAACATAGCAAGACC	+
592-AGGCAGCAGA	NF2L2_HUMAN.H11MO.0.A	3	0.00226902	1.74488	0.308593	10	AGGCAGCAGA	ATGACTCAGCAGTT	-
592-AGGCAGCAGA	TAL1_HUMAN.H11MO.1.A	1	0.00265017	2.03798	0.308593	10	AGGCAGCAGA	CAGGAAGCAGATGTG	+
592-AGGCAGCAGA	MAFK_HUMAN.H11MO.0.A	5	0.00267896	2.06012	0.308593	10	AGGCAGCAGA	TGCTGACTCAGCAATTTT	-
592-AGGCAGCAGA	MAFB_HUMAN.H11MO.0.B	3	0.00318772	2.45135	0.308593	8	AGGCAGCAGA	CTGAGTCAGCA	-
592-AGGCAGCAGA	ZN317_HUMAN.H11MO.0.C	3	0.00322029	2.47641	0.308593	10	AGGCAGCAGA	GAATGACAGCTGACTTCTCA	+
592-AGGCAGCAGA	MAF_HUMAN.H11MO.0.A	6	0.00331464	2.54896	0.308593	10	AGGCAGCAGA	TTGCTGAGTCAGCAGATTC	-
592-AGGCAGCAGA	MYF6_HUMAN.H11MO.0.C	-2	0.00357895	2.75221	0.308593	7	AGGCAGCAGA	GCAGCTG	-
592-AGGCAGCAGA	MAFK_HUMAN.H11MO.1.A	5	0.00374029	2.87628	0.308593	8	AGGCAGCAGA	TGCTGAGTCAGCA	+
592-AGGCAGCAGA	ITF2_HUMAN.H11MO.0.C	-1	0.00406512	3.12608	0.308593	9	AGGCAGCAGA	GGCAGCTGGG	+
592-AGGCAGCAGA	PAX5_HUMAN.H11MO.0.A	4	0.00415479	3.19504	0.308593	10	AGGCAGCAGA	GCCTGGGCAGCAGAGCGTGAC	+
592-AGGCAGCAGA	ZN335_HUMAN.H11MO.0.A	2	0.00447582	3.44191	0.308593	10	AGGCAGCAGA	TCAGGCAGCGCCGAGGACAGCC	-
592-AGGCAGCAGA	ZIM3_HUMAN.H11MO.0.C	2	0.00467594	3.5958	0.308593	10	AGGCAGCAGA	GCAAGCAACAGAAACCCAA	-
592-AGGCAGCAGA	BACH2_HUMAN.H11MO.0.A	3	0.00469345	3.60926	0.308593	8	AGGCAGCAGA	ATGACTCAGCA	-
592-AGGCAGCAGA	HEN1_HUMAN.H11MO.0.C	4	0.00510122	3.92284	0.321429	10	AGGCAGCAGA	AGGGACGCAGCTGCTCCCCA	-
592-AGGCAGCAGA	ASCL2_HUMAN.H11MO.0.D	-1	0.00550762	4.23536	0.333155	9	AGGCAGCAGA	AGCAGCTGG	-
592-AGGCAGCAGA	ZN547_HUMAN.H11MO.0.C	5	0.00603733	4.64271	0.351151	10	AGGCAGCAGA	TGCTAATGCAGCAGGCATAC	+
592-AGGCAGCAGA	SMAD2_HUMAN.H11MO.0.A	0	0.00799608	6.14898	0.447853	10	AGGCAGCAGA	AGGTGACAGACA	-
595-AGGTAGGCTGGGAG	ZN770_HUMAN.H11MO.1.C	-1	0.000195096	0.150029	0.299801	11	AGGTAGGCTGGGAG	GGGAGGCTGAG	+
595-AGGTAGGCTGGGAG	ZNF76_HUMAN.H11MO.0.C	1	0.000560978	0.431392	0.410265	14	AGGTAGGCTGGGAG	GGGGCATTCTGGGAATTGTAGT	+
595-AGGTAGGCTGGGAG	THA11_HUMAN.H11MO.0.B	-1	0.000906661	0.697222	0.410265	13	AGGTAGGCTGGGAG	GGCATGCTGGGAGTTGTAGTTC	+
595-AGGTAGGCTGGGAG	ZN143_HUMAN.H11MO.0.A	-1	0.00111762	0.859448	0.410265	13	AGGTAGGCTGGGAG	GGCATTCTGGGAATTGTAGTTC	+
595-AGGTAGGCTGGGAG	IKZF1_HUMAN.H11MO.0.C	-7	0.00142424	1.09524	0.410265	7	AGGTAGGCTGGGAG	TTGGGAGA	+
595-AGGTAGGCTGGGAG	ZN770_HUMAN.H11MO.0.C	-1	0.00160189	1.23185	0.410265	13	AGGTAGGCTGGGAG	GGGAGGCTGAGGCGGGAGGATC	+
595-AGGTAGGCTGGGAG	TBX15_HUMAN.H11MO.0.D	5	0.00218952	1.68374	0.474601	14	AGGTAGGCTGGGAG	GGGGGGGGGGGGGTGGGGG	+
595-AGGTAGGCTGGGAG	ZN784_HUMAN.H11MO.0.D	1	0.00247078	1.90003	0.474601	10	AGGTAGGCTGGGAG	GAGGTAGGTAC	+
596-AGGTCAGTCAC	ESR2_HUMAN.H11MO.1.A	0	5.43241e-05	0.0417752	0.0721278	7	AGGTCAGTCAC	AGGTCAC	+
596-AGGTCAGTCAC	NR1H4_HUMAN.H11MO.1.B	0	9.61051e-05	0.0739048	0.0721278	8	AGGTCAGTCAC	AGGTCAGT	+
596-AGGTCAGTCAC	RARG_HUMAN.H11MO.1.B	1	0.000228939	0.176054	0.0894671	7	AGGTCAGTCAC	GAGGTCAG	+
596-AGGTCAGTCAC	FOS_HUMAN.H11MO.0.A	-2	0.000238417	0.183342	0.0894671	9	AGGTCAGTCAC	GTGAGTCAC	+
596-AGGTCAGTCAC	PPARA_HUMAN.H11MO.1.B	2	0.000444306	0.341671	0.0979871	7	AGGTCAGTCAC	AAAGGTCAG	+
596-AGGTCAGTCAC	JUND_HUMAN.H11MO.0.A	-1	0.000483024	0.371446	0.0979871	10	AGGTCAGTCAC	GATGAGTCATC	+
596-AGGTCAGTCAC	ERR1_HUMAN.H11MO.0.A	4	0.000534222	0.410817	0.0979871	11	AGGTCAGTCAC	CTCAAGGTCACACAG	+
596-AGGTCAGTCAC	NR4A2_HUMAN.H11MO.0.C	2	0.000755658	0.581101	0.0979871	7	AGGTCAGTCAC	AAAGGTCAC	+
596-AGGTCAGTCAC	RARA_HUMAN.H11MO.1.A	1	0.000806481	0.620184	0.0979871	9	AGGTCAGTCAC	AAGGTCAGGG	+
596-AGGTCAGTCAC	THA_HUMAN.H11MO.1.D	3	0.000857391	0.659333	0.0979871	7	AGGTCAGTCAC	CTCAGGTCAG	+
596-AGGTCAGTCAC	JUNB_HUMAN.H11MO.0.A	-1	0.000876894	0.674332	0.0979871	10	AGGTCAGTCAC	TCTGAGTCACC	+
596-AGGTCAGTCAC	RARB_HUMAN.H11MO.0.D	1	0.000876894	0.674332	0.0979871	10	AGGTCAGTCAC	GAGGTCAGGGC	+
596-AGGTCAGTCAC	RXRB_HUMAN.H11MO.0.C	2	0.000968336	0.744651	0.0979871	8	AGGTCAGTCAC	TGAGGTCACA	+
596-AGGTCAGTCAC	NR4A3_HUMAN.H11MO.0.D	3	0.000968336	0.744651	0.0979871	7	AGGTCAGTCAC	CAAAGGTCAG	+
596-AGGTCAGTCAC	FOSB_HUMAN.H11MO.0.A	-2	0.00104331	0.802305	0.0979871	9	AGGTCAGTCAC	ATGAGTCAT	+
596-AGGTCAGTCAC	JUN_HUMAN.H11MO.0.A	-1	0.00104449	0.803209	0.0979871	10	AGGTCAGTCAC	GATGAGTCATC	+
596-AGGTCAGTCAC	ERR2_HUMAN.H11MO.0.A	3	0.00152407	1.17201	0.120494	6	AGGTCAGTCAC	TCAAGGTCA	+
596-AGGTCAGTCAC	FOSL1_HUMAN.H11MO.0.A	0	0.00153308	1.17894	0.120494	11	AGGTCAGTCAC	GGATGAGTCACC	+
596-AGGTCAGTCAC	BACH2_HUMAN.H11MO.0.A	0	0.00165022	1.26902	0.120494	11	AGGTCAGTCAC	TGCTGAGTCAT	+
596-AGGTCAGTCAC	RXRA_HUMAN.H11MO.1.A	3	0.00165464	1.27242	0.120494	7	AGGTCAGTCAC	CAGAGGTCAG	+
596-AGGTCAGTCAC	PKNX1_HUMAN.H11MO.0.B	1	0.00174571	1.34245	0.120494	10	AGGTCAGTCAC	CCTGTCAATCA	-
596-AGGTCAGTCAC	NR1H3_HUMAN.H11MO.1.B	2	0.00185915	1.42969	0.120494	8	AGGTCAGTCAC	AAAGGTCAGA	+
596-AGGTCAGTCAC	FOSL2_HUMAN.H11MO.0.A	0	0.00202571	1.55777	0.120494	11	AGGTCAGTCAC	GGATGAGTCATC	+
596-AGGTCAGTCAC	NR1H4_HUMAN.H11MO.0.B	5	0.002044	1.57183	0.120494	11	AGGTCAGTCAC	CCTCGGGGTCATTGACCCC	-
596-AGGTCAGTCAC	ERR3_HUMAN.H11MO.0.B	3	0.00207578	1.59627	0.120494	6	AGGTCAGTCAC	TCAAGGTCA	+
596-AGGTCAGTCAC	PBX1_HUMAN.H11MO.0.A	0	0.00208714	1.60501	0.120494	10	AGGTCAGTCAC	CTGTCAATCA	-
596-AGGTCAGTCAC	NFE2_HUMAN.H11MO.0.A	0	0.00296264	2.27827	0.158365	11	AGGTCAGTCAC	TGCTGAGTCATGC	-
596-AGGTCAGTCAC	COT2_HUMAN.H11MO.0.A	3	0.00312643	2.40423	0.158365	10	AGGTCAGTCAC	CAAAGGTCAGAGG	+
596-AGGTCAGTCAC	ESR1_HUMAN.H11MO.1.A	2	0.00328836	2.52875	0.158365	8	AGGTCAGTCAC	CAAGGTCACC	+
596-AGGTCAGTCAC	NR1D1_HUMAN.H11MO.1.D	6	0.0032914	2.53109	0.158365	8	AGGTCAGTCAC	AAAAGTAGGTCAGA	+
596-AGGTCAGTCAC	PBX3_HUMAN.H11MO.0.A	1	0.00337616	2.59627	0.158365	10	AGGTCAGTCAC	CCTGTCAATCA	-
596-AGGTCAGTCAC	PBX3_HUMAN.H11MO.1.A	-1	0.0035598	2.73748	0.161919	9	AGGTCAGTCAC	TGCCAATCA	-
596-AGGTCAGTCAC	THB_HUMAN.H11MO.1.D	4	0.00388639	2.98864	0.171575	6	AGGTCAGTCAC	GGTCAGGTCA	+
596-AGGTCAGTCAC	BACH1_HUMAN.H11MO.0.A	0	0.0040796	3.13722	0.174959	11	AGGTCAGTCAC	TGCTGAGTCATGC	+
596-AGGTCAGTCAC	SMAD4_HUMAN.H11MO.0.B	0	0.00430009	3.30677	0.179292	11	AGGTCAGTCAC	CTGTCTGGCACCT	+
596-AGGTCAGTCAC	RORG_HUMAN.H11MO.0.C	2	0.00453702	3.48897	0.184058	10	AGGTCAGTCAC	GAAAGTGGGTCA	+
596-AGGTCAGTCAC	NR1I3_HUMAN.H11MO.1.D	1	0.00501409	3.85583	0.193586	7	AGGTCAGTCAC	AAGTTCAT	+
596-AGGTCAGTCAC	MAFK_HUMAN.H11MO.1.A	0	0.00502981	3.86793	0.193586	11	AGGTCAGTCAC	TGCTGAGTCAGCA	+
596-AGGTCAGTCAC	ZSC31_HUMAN.H11MO.0.C	6	0.00551895	4.24407	0.204231	11	AGGTCAGTCAC	GGCAGCAGGGCAGTTATG	+
596-AGGTCAGTCAC	COT1_HUMAN.H11MO.1.C	4	0.00557852	4.28988	0.204231	9	AGGTCAGTCAC	GCAGAGGTCAGGG	+
596-AGGTCAGTCAC	SMAD2_HUMAN.H11MO.0.A	-1	0.00588017	4.52185	0.210149	10	AGGTCAGTCAC	TGTCTGTCACCT	+
596-AGGTCAGTCAC	NR2C1_HUMAN.H11MO.0.C	6	0.00618241	4.75428	0.2157	7	AGGTCAGTCAC	GGCCAGAGGTCAG	+
596-AGGTCAGTCAC	NR4A1_HUMAN.H11MO.0.A	2	0.00632289	4.86231	0.2157	7	AGGTCAGTCAC	AAAGGTCAG	+
596-AGGTCAGTCAC	COT2_HUMAN.H11MO.1.A	8	0.00747097	5.74518	0.242162	9	AGGTCAGTCAC	GGGGTCAAAGGTCAGGG	+
596-AGGTCAGTCAC	RXRG_HUMAN.H11MO.0.B	6	0.00757651	5.82634	0.242162	7	AGGTCAGTCAC	GGTCAAAGGTCAC	+
596-AGGTCAGTCAC	NF2L2_HUMAN.H11MO.0.A	3	0.00758258	5.831	0.242162	11	AGGTCAGTCAC	AACTGCTGAGTCAT	+
596-AGGTCAGTCAC	CREM_HUMAN.H11MO.0.C	2	0.00780357	6.00094	0.244027	9	AGGTCAGTCAC	TGACGTCAGTG	-
596-AGGTCAGTCAC	NR1I2_HUMAN.H11MO.1.D	1	0.00909323	6.99269	0.278554	7	AGGTCAGTCAC	AAGTTCAC	+
596-AGGTCAGTCAC	COT1_HUMAN.H11MO.0.C	8	0.00963688	7.41076	0.289259	9	AGGTCAGTCAC	GGGGTCAGAGGTCAGGG	+
596-AGGTCAGTCAC	PPARG_HUMAN.H11MO.1.A	3	0.00982812	7.55783	0.289259	6	AGGTCAGTCAC	CAAAGGTCA	+
596-AGGTCAGTCAC	PDX1_HUMAN.H11MO.0.A	-1	0.0103737	7.9774	0.299446	9	AGGTCAGTCAC	CATCAATCA	-
596-AGGTCAGTCAC	ZN335_HUMAN.H11MO.1.A	-3	0.0110331	8.48448	0.305671	7	AGGTCAGTCAC	TCAGGCA	-
596-AGGTCAGTCAC	RARA_HUMAN.H11MO.2.A	0	0.0112003	8.61304	0.305671	11	AGGTCAGTCAC	AGGTCACCGAGAGGTCA	+
596-AGGTCAGTCAC	TFE3_HUMAN.H11MO.0.B	-5	0.0138086	10.6188	0.363631	6	AGGTCAGTCAC	GGTCACGTGA	+
596-AGGTCAGTCAC	RORA_HUMAN.H11MO.0.C	4	0.0143769	11.0558	0.372069	9	AGGTCAGTCAC	AACTAGGTCAGGG	+
596-AGGTCAGTCAC	PRD14_HUMAN.H11MO.0.A	1	0.0151201	11.6274	0.384671	11	AGGTCAGTCAC	TAGGTCTCTAACCT	-
596-AGGTCAGTCAC	ZN528_HUMAN.H11MO.0.C	3	0.0159422	12.2596	0.398827	11	AGGTCAGTCAC	CCCAGGGAAGCCATTTCTGA	+
596-AGGTCAGTCAC	VDR_HUMAN.H11MO.1.A	2	0.0167046	12.8458	0.404418	7	AGGTCAGTCAC	TGGGTTCAG	+
596-AGGTCAGTCAC	STF1_HUMAN.H11MO.0.B	5	0.017199	13.2261	0.409779	6	AGGTCAGTCAC	GCTCAAGGCCA	+
596-AGGTCAGTCAC	ZN784_HUMAN.H11MO.0.D	1	0.0180407	13.8733	0.415083	10	AGGTCAGTCAC	GAGGTAGGTAC	+
596-AGGTCAGTCAC	RXRA_HUMAN.H11MO.0.A	11	0.0184552	14.1921	0.415083	9	AGGTCAGTCAC	GGGGGAGGCAGAGGTCAGAG	+
596-AGGTCAGTCAC	NR1I3_HUMAN.H11MO.0.C	1	0.0185134	14.2368	0.415083	11	AGGTCAGTCAC	GGGGTCAGGAAAGTTCAG	+
596-AGGTCAGTCAC	OVOL1_HUMAN.H11MO.0.C	-3	0.0185278	14.2479	0.415083	8	AGGTCAGTCAC	ACAGTTACA	-
596-AGGTCAGTCAC	CUX2_HUMAN.H11MO.0.D	0	0.020797	15.9929	0.432371	11	AGGTCAGTCAC	AAATCAATGAA	+
596-AGGTCAGTCAC	TGIF2_HUMAN.H11MO.0.D	0	0.020797	15.9929	0.432371	11	AGGTCAGTCAC	ACAGCTGTCAT	-
596-AGGTCAGTCAC	NR6A1_HUMAN.H11MO.0.B	7	0.0209917	16.1426	0.432371	6	AGGTCAGTCAC	AAGTTCAAGGTCA	+
596-AGGTCAGTCAC	TGIF1_HUMAN.H11MO.0.A	-3	0.0212497	16.341	0.432371	7	AGGTCAGTCAC	GCTGTCA	-
596-AGGTCAGTCAC	RARG_HUMAN.H11MO.0.B	0	0.0213633	16.4283	0.432371	11	AGGTCAGTCAC	AGGTCAGAGTGACCTGGG	+
596-AGGTCAGTCAC	PBX1_HUMAN.H11MO.1.C	1	0.0214883	16.5245	0.432371	11	AGGTCAGTCAC	CCCATCAATCAAATT	-
596-AGGTCAGTCAC	TFEB_HUMAN.H11MO.0.C	-5	0.0216038	16.6134	0.432371	6	AGGTCAGTCAC	GGTCACGTG	+
596-AGGTCAGTCAC	ESR1_HUMAN.H11MO.0.A	0	0.0247007	18.9949	0.487846	11	AGGTCAGTCAC	AGGTCAGGGTGACCT	-
597-AGTAACCTCGGAGCG	ZKSC3_HUMAN.H11MO.0.D	-1	6.55521e-05	0.0504096	0.100819	11	AGTAACCTCGGAGCG	CTAGCCTCGAA	-
601-ATCTACCGC	ZN784_HUMAN.H11MO.0.D	2	0.000317325	0.244023	0.488046	9	ATCTACCGC	GTACCTACCTC	-
603-ATGACAGAACAGCAC	ZN341_HUMAN.H11MO.1.C	-5	0.000296791	0.228232	0.368149	9	ATGACAGAACAGCAC	GGAACAGCC	+
603-ATGACAGAACAGCAC	TGIF1_HUMAN.H11MO.0.A	-1	0.000561558	0.431838	0.368149	7	ATGACAGAACAGCAC	TGACAGC	+
603-ATGACAGAACAGCAC	ZSC16_HUMAN.H11MO.0.D	5	0.000718252	0.552336	0.368149	15	ATGACAGAACAGCAC	AAGTGTTAACAGAACACCTC	-
603-ATGACAGAACAGCAC	PRGR_HUMAN.H11MO.1.A	-5	0.00110368	0.848729	0.424278	9	ATGACAGAACAGCAC	AGAACAGAA	+
605-ATGGTGGGGG	GLIS1_HUMAN.H11MO.0.D	-1	2.82198e-05	0.021701	0.0427041	9	ATGGTGGGGG	TCGTGGGGGGTCT	+
605-ATGGTGGGGG	ZSC22_HUMAN.H11MO.0.C	6	0.000444512	0.34183	0.190982	10	ATGGTGGGGG	GGTCTGAGGGAGGAGG	+
605-ATGGTGGGGG	ZN281_HUMAN.H11MO.0.A	-1	0.000469321	0.360908	0.190982	9	ATGGTGGGGG	GGGTGGGGGAGGGGA	+
605-ATGGTGGGGG	ZN740_HUMAN.H11MO.0.D	0	0.000707123	0.543777	0.190982	10	ATGGTGGGGG	GGGGGGGGGGTGGG	+
605-ATGGTGGGGG	MAZ_HUMAN.H11MO.1.A	1	0.000811358	0.623934	0.190982	10	ATGGTGGGGG	GAGGGAGGGGG	+
605-ATGGTGGGGG	GLIS2_HUMAN.H11MO.0.D	1	0.00085195	0.65515	0.190982	10	ATGGTGGGGG	CTTCGCGGGGGGTC	+
605-ATGGTGGGGG	ZN148_HUMAN.H11MO.0.D	0	0.000883435	0.679362	0.190982	10	ATGGTGGGGG	GGGGTGGGGGAGGGG	+
605-ATGGTGGGGG	GLIS3_HUMAN.H11MO.0.D	-3	0.00140541	1.08076	0.240361	7	ATGGTGGGGG	GTGGGGGGTA	+
605-ATGGTGGGGG	ZN219_HUMAN.H11MO.0.D	0	0.00155903	1.19889	0.240361	10	ATGGTGGGGG	GAGGGGGGCGGA	+
605-ATGGTGGGGG	KLF5_HUMAN.H11MO.0.A	0	0.00175542	1.34992	0.240361	10	ATGGTGGGGG	AGGGTGGGGCTGGG	+
605-ATGGTGGGGG	TBX15_HUMAN.H11MO.0.D	9	0.00179454	1.38	0.240361	10	ATGGTGGGGG	GGGGGGGGGGGGGTGGGGG	+
605-ATGGTGGGGG	ZBT17_HUMAN.H11MO.0.A	1	0.00190604	1.46574	0.240361	10	ATGGTGGGGG	GAGGGTGGGGGAGGGGAAG	+
605-ATGGTGGGGG	EGR3_HUMAN.H11MO.0.D	0	0.00221027	1.6997	0.257287	10	ATGGTGGGGG	AGAGTGGGTGT	+
605-ATGGTGGGGG	KLF4_HUMAN.H11MO.0.A	0	0.00298332	2.29418	0.322469	10	ATGGTGGGGG	AGGGTGTGGC	+
605-ATGGTGGGGG	EGR2_HUMAN.H11MO.0.A	3	0.00330597	2.54229	0.33352	10	ATGGTGGGGG	GGGGGGGTGTGGGAGGGG	+
605-ATGGTGGGGG	EGR1_HUMAN.H11MO.0.A	1	0.00418432	3.21775	0.357302	10	ATGGTGGGGG	GAGGGCGTGGGCGGGGG	+
605-ATGGTGGGGG	TBX3_HUMAN.H11MO.0.C	1	0.00456536	3.51076	0.357302	10	ATGGTGGGGG	GGAGGTGGGAA	+
605-ATGGTGGGGG	KLF6_HUMAN.H11MO.0.A	3	0.00483484	3.71799	0.357302	10	ATGGTGGGGG	GGAAGGGCGGGGCCGGGGG	+
605-ATGGTGGGGG	ZBTB4_HUMAN.H11MO.0.D	5	0.00494846	3.80537	0.357302	10	ATGGTGGGGG	CCTAGATGGCAGGTGGG	+
605-ATGGTGGGGG	PATZ1_HUMAN.H11MO.1.C	0	0.00503407	3.8712	0.357302	9	ATGGTGGGGG	AGGGAGGGG	+
605-ATGGTGGGGG	EGR2_HUMAN.H11MO.1.A	0	0.00548991	4.22174	0.357302	10	ATGGTGGGGG	GGGGCGTGGGCGGGGG	+
605-ATGGTGGGGG	KLF12_HUMAN.H11MO.0.C	0	0.00566672	4.35771	0.357302	10	ATGGTGGGGG	AGGGGCGGGGC	+
605-ATGGTGGGGG	ZN449_HUMAN.H11MO.0.C	-1	0.00566672	4.35771	0.357302	9	ATGGTGGGGG	TGGTTGGGCTT	+
605-ATGGTGGGGG	TYY2_HUMAN.H11MO.0.D	3	0.00566672	4.35771	0.357302	8	ATGGTGGGGG	AAAATGGCGGC	+
605-ATGGTGGGGG	MAZ_HUMAN.H11MO.0.A	1	0.00727086	5.59129	0.425912	10	ATGGTGGGGG	GGGGGAGGGGGGGGGGGGGGGG	+
605-ATGGTGGGGG	KLF13_HUMAN.H11MO.0.D	-1	0.00738932	5.68239	0.425912	9	ATGGTGGGGG	AGGGGGGCGTG	+
605-ATGGTGGGGG	TAF1_HUMAN.H11MO.0.A	3	0.00759921	5.84379	0.425912	10	ATGGTGGGGG	AAGATGGCGGCGGCGG	+
605-ATGGTGGGGG	ARNT2_HUMAN.H11MO.0.D	0	0.00819869	6.30479	0.430684	10	ATGGTGGGGG	GGCGTGGGAGGC	+
605-ATGGTGGGGG	KLF9_HUMAN.H11MO.0.C	-2	0.00825356	6.34699	0.430684	8	ATGGTGGGGG	GGAGGGGGCGTGGCC	+
605-ATGGTGGGGG	ZN436_HUMAN.H11MO.0.C	14	0.00877498	6.74796	0.441605	10	ATGGTGGGGG	TCAGGGAAGGCTTCCTGGAGGAGG	+
605-ATGGTGGGGG	KLF1_HUMAN.H11MO.0.A	0	0.00925096	7.11399	0.441605	10	ATGGTGGGGG	GGGGCGGGGCCGGG	+
605-ATGGTGGGGG	KLF16_HUMAN.H11MO.0.D	6	0.00933831	7.18116	0.441605	10	ATGGTGGGGG	GGGGGCGGGGGGGGGGGGG	+
605-ATGGTGGGGG	WT1_HUMAN.H11MO.0.C	-1	0.0096448	7.41685	0.442277	9	ATGGTGGGGG	GGGCGGGGGAGGAGGGGGGG	+
605-ATGGTGGGGG	RREB1_HUMAN.H11MO.0.D	10	0.0112307	8.6364	0.499853	10	ATGGTGGGGG	GGGGGGGGGGGTGGTTTGGGGT	+
610-CACAAGGTGGMM	SCRT1_HUMAN.H11MO.0.D	1	0.000314221	0.241636	0.288036	12	CACAAGGTGGCC	GCAACAGGTGGTT	+
610-CACAAGGTGGMM	CTCF_HUMAN.H11MO.0.A	4	0.000375617	0.288849	0.288036	12	CACAAGGTGGCC	TGGCCACCAGGGGGCGCCA	+
610-CACAAGGTGGMM	SNAI1_HUMAN.H11MO.0.C	-2	0.000811041	0.62369	0.414622	8	CACAAGGTGGCC	CCAGGTGG	+
610-CACAAGGTGGMM	SCRT2_HUMAN.H11MO.0.D	3	0.00124854	0.960127	0.478711	10	CACAAGGTGGCC	ATGCAACAGGTGG	+
611-CACAGCCCCCGCG	GLIS1_HUMAN.H11MO.0.D	-1	0.00011581	0.0890583	0.146945	12	CACAGCCCCCGCG	AGACCCCCCACGA	-
611-CACAGCCCCCGCG	GLIS2_HUMAN.H11MO.0.D	-2	0.000193838	0.149062	0.146945	11	CACAGCCCCCGCG	GACCCCCCGCGAAG	-
611-CACAGCCCCCGCG	ZN148_HUMAN.H11MO.0.D	0	0.000695503	0.534842	0.2327	13	CACAGCCCCCGCG	CCCCTCCCCCACCCC	-
611-CACAGCCCCCGCG	ZN770_HUMAN.H11MO.1.C	0	0.000974228	0.749181	0.2327	11	CACAGCCCCCGCG	CTCAGCCTCCC	-
611-CACAGCCCCCGCG	ZIC4_HUMAN.H11MO.0.D	-2	0.00112093	0.861992	0.2327	11	CACAGCCCCCGCG	GACCCCCCGCTGTGC	-
611-CACAGCCCCCGCG	GLIS3_HUMAN.H11MO.0.D	-2	0.00114889	0.8835	0.2327	10	CACAGCCCCCGCG	TACCCCCCAC	-
611-CACAGCCCCCGCG	EGR1_HUMAN.H11MO.0.A	1	0.00119938	0.922322	0.2327	13	CACAGCCCCCGCG	CCCCCGCCCACGCCCTC	-
611-CACAGCCCCCGCG	SP1_HUMAN.H11MO.0.A	5	0.0013447	1.03407	0.2327	13	CACAGCCCCCGCG	CCCCCCCCCGGCCCCGCCCCCC	-
611-CACAGCCCCCGCG	SP1_HUMAN.H11MO.1.A	3	0.00138131	1.06223	0.2327	11	CACAGCCCCCGCG	CGGCCCCGCCCCCC	-
611-CACAGCCCCCGCG	SP2_HUMAN.H11MO.0.A	1	0.00215563	1.65768	0.294432	13	CACAGCCCCCGCG	CCCCCGGCCCCGCCCCCCCCCC	-
611-CACAGCCCCCGCG	NR1H4_HUMAN.H11MO.0.B	5	0.0023863	1.83507	0.294432	13	CACAGCCCCCGCG	GGGGTCAATGACCCCGAGG	+
611-CACAGCCCCCGCG	ZN281_HUMAN.H11MO.0.A	1	0.00253703	1.95098	0.294432	13	CACAGCCCCCGCG	TCCCCTCCCCCACCC	-
611-CACAGCCCCCGCG	ZN320_HUMAN.H11MO.0.C	0	0.00267164	2.05449	0.294432	13	CACAGCCCCCGCG	CACTGGCCCCCTGGTCCCAC	-
611-CACAGCCCCCGCG	EGR2_HUMAN.H11MO.1.A	1	0.00280619	2.15796	0.294432	13	CACAGCCCCCGCG	CCCCCGCCCACGCCCC	-
611-CACAGCCCCCGCG	KLF9_HUMAN.H11MO.0.C	3	0.00294394	2.26389	0.294432	12	CACAGCCCCCGCG	GGCCACGCCCCCTCC	-
611-CACAGCCCCCGCG	SP3_HUMAN.H11MO.0.B	6	0.00310713	2.38939	0.294432	13	CACAGCCCCCGCG	CCCCGGCCCCGCCCCCCCCC	-
611-CACAGCCCCCGCG	EGR4_HUMAN.H11MO.0.D	1	0.00345052	2.65345	0.307738	10	CACAGCCCCCGCG	GCCCTGCCGCC	-
611-CACAGCCCCCGCG	ZN219_HUMAN.H11MO.0.D	-1	0.00373968	2.87581	0.314998	12	CACAGCCCCCGCG	TCCGCCCCCCTC	-
611-CACAGCCCCCGCG	PATZ1_HUMAN.H11MO.0.C	7	0.00437275	3.36264	0.33723	13	CACAGCCCCCGCG	CCTCCCCCCCCGCCCCCTCCCC	-
611-CACAGCCCCCGCG	ZBT7A_HUMAN.H11MO.0.A	-2	0.00446414	3.43293	0.33723	9	CACAGCCCCCGCG	GAGACCCCC	-
611-CACAGCCCCCGCG	ZN740_HUMAN.H11MO.0.D	-1	0.00502842	3.86685	0.33723	12	CACAGCCCCCGCG	CCCACCCCCCCCCC	-
611-CACAGCCCCCGCG	SALL4_HUMAN.H11MO.0.B	0	0.00502934	3.86757	0.33723	10	CACAGCCCCCGCG	CCCACCCTCC	-
611-CACAGCCCCCGCG	EGR2_HUMAN.H11MO.0.A	0	0.00511983	3.93715	0.33723	13	CACAGCCCCCGCG	CCCCTCCCACACCCCCCC	-
611-CACAGCCCCCGCG	KLF8_HUMAN.H11MO.0.C	-2	0.00561142	4.31518	0.33723	9	CACAGCCCCCGCG	CACCCCCTG	-
611-CACAGCCCCCGCG	NRF1_HUMAN.H11MO.0.A	0	0.00592351	4.55518	0.33723	13	CACAGCCCCCGCG	CACTGCGCATGCGCAGG	+
611-CACAGCCCCCGCG	PRDM4_HUMAN.H11MO.0.D	3	0.00608666	4.68064	0.33723	13	CACAGCCCCCGCG	TTTCAAGGCCCCCCAC	-
611-CACAGCCCCCGCG	KLF12_HUMAN.H11MO.0.C	1	0.0060975	4.68898	0.33723	10	CACAGCCCCCGCG	GCCCCGCCCCT	-
611-CACAGCCCCCGCG	PLAL1_HUMAN.H11MO.0.D	-3	0.00623206	4.79245	0.33723	10	CACAGCCCCCGCG	GGGCCCCCCG	-
611-CACAGCCCCCGCG	SP2_HUMAN.H11MO.1.B	1	0.00645029	4.96027	0.33723	11	CACAGCCCCCGCG	GCCCCGCCCCCT	-
611-CACAGCCCCCGCG	ZN770_HUMAN.H11MO.0.C	11	0.00677465	5.2097	0.342382	11	CACAGCCCCCGCG	GATCCTCCCGCCTCAGCCTCCC	-
611-CACAGCCCCCGCG	ZFX_HUMAN.H11MO.0.A	-1	0.00769656	5.91866	0.376274	10	CACAGCCCCCGCG	CCAGGCCCCG	+
611-CACAGCCCCCGCG	WT1_HUMAN.H11MO.0.C	6	0.00819479	6.30179	0.376274	13	CACAGCCCCCGCG	CCCCCCCTCCTCCCCCGCCC	-
611-CACAGCCCCCGCG	RELB_HUMAN.H11MO.0.C	2	0.00821015	6.3136	0.376274	10	CACAGCCCCCGCG	GGGAAATCCCCC	-
611-CACAGCCCCCGCG	KLF5_HUMAN.H11MO.0.A	0	0.00923705	7.10329	0.376274	13	CACAGCCCCCGCG	CCCAGCCCCACCCT	-
611-CACAGCCCCCGCG	AP2B_HUMAN.H11MO.0.B	-4	0.00947348	7.28511	0.376274	9	CACAGCCCCCGCG	GCCCCCGGGC	-
611-CACAGCCCCCGCG	KLF14_HUMAN.H11MO.0.D	2	0.00957142	7.36042	0.376274	11	CACAGCCCCCGCG	GCCACGCCCCCCT	-
611-CACAGCCCCCGCG	TBX15_HUMAN.H11MO.0.D	2	0.00971719	7.47252	0.376274	13	CACAGCCCCCGCG	CCCCCACCCCCCCCCCCCC	-
611-CACAGCCCCCGCG	KAISO_HUMAN.H11MO.0.A	-2	0.0100955	7.76345	0.376274	11	CACAGCCCCCGCG	CAAATCTCGCGAGAA	+
611-CACAGCCCCCGCG	E2F4_HUMAN.H11MO.1.A	1	0.0101203	7.78253	0.376274	13	CACAGCCCCCGCG	TCAAATTTCCCGCC	-
611-CACAGCCCCCGCG	SP4_HUMAN.H11MO.1.A	3	0.0101332	7.79241	0.376274	13	CACAGCCCCCGCG	CGGCCCCGCCCCCTCC	-
611-CACAGCCCCCGCG	ZBT17_HUMAN.H11MO.0.A	3	0.0101752	7.82471	0.376274	13	CACAGCCCCCGCG	CTTCCCCTCCCCCACCCTC	-
611-CACAGCCCCCGCG	CTCFL_HUMAN.H11MO.0.A	0	0.011856	9.11724	0.42799	13	CACAGCCCCCGCG	CGGCGCCCCCTGGCGGC	-
611-CACAGCCCCCGCG	TBX21_HUMAN.H11MO.0.A	2	0.013168	10.1262	0.458098	11	CACAGCCCCCGCG	TTCACACCTCCAC	-
611-CACAGCCCCCGCG	ZN708_HUMAN.H11MO.1.D	3	0.0134572	10.3486	0.458098	6	CACAGCCCCCGCG	AGGTACAGC	+
611-CACAGCCCCCGCG	SP4_HUMAN.H11MO.0.A	5	0.0135964	10.4557	0.458098	13	CACAGCCCCCGCG	CCCGGCCCCGCCCCCTTCCC	-
612-CACCGGCCCCAGGCC	AP2D_HUMAN.H11MO.0.D	-1	3.63277e-05	0.027936	0.0550632	14	CACCGGCCCCAGGCC	ACGCGCCTCGGGCG	-
612-CACCGGCCCCAGGCC	AP2C_HUMAN.H11MO.0.A	-3	0.000183143	0.140837	0.138798	12	CACCGGCCCCAGGCC	TGGCCTCAGGGCAT	-
612-CACCGGCCCCAGGCC	ZN320_HUMAN.H11MO.0.C	0	0.000435821	0.335146	0.202718	15	CACCGGCCCCAGGCC	CACTGGCCCCCTGGTCCCAC	-
612-CACCGGCCCCAGGCC	ZN148_HUMAN.H11MO.0.D	0	0.000545604	0.41957	0.202718	15	CACCGGCCCCAGGCC	CCCCTCCCCCACCCC	-
612-CACCGGCCCCAGGCC	AP2A_HUMAN.H11MO.0.A	-2	0.000668711	0.514239	0.202718	13	CACCGGCCCCAGGCC	ATGGCCTCAGGGCAT	-
612-CACCGGCCCCAGGCC	SP1_HUMAN.H11MO.0.A	-2	0.00083476	0.641931	0.208093	13	CACCGGCCCCAGGCC	CCCCCCCCCGGCCCCGCCCCCC	-
612-CACCGGCCCCAGGCC	AP2B_HUMAN.H11MO.0.B	-4	0.0010144	0.780072	0.208093	10	CACCGGCCCCAGGCC	GCCCCCGGGC	-
612-CACCGGCCCCAGGCC	TBX15_HUMAN.H11MO.0.D	4	0.00126163	0.970193	0.208093	15	CACCGGCCCCAGGCC	CCCCCACCCCCCCCCCCCC	-
612-CACCGGCCCCAGGCC	PLAL1_HUMAN.H11MO.0.D	-3	0.00137117	1.05443	0.208093	10	CACCGGCCCCAGGCC	GGGCCCCCCG	-
612-CACCGGCCCCAGGCC	SP2_HUMAN.H11MO.0.A	7	0.00137288	1.05575	0.208093	15	CACCGGCCCCAGGCC	CCCCCGGCCCCGCCCCCCCCCC	-
612-CACCGGCCCCAGGCC	STF1_HUMAN.H11MO.0.B	-5	0.00184233	1.41675	0.243587	10	CACCGGCCCCAGGCC	GCTCAAGGCCA	+
612-CACCGGCCCCAGGCC	HAND1_HUMAN.H11MO.1.D	-8	0.00192846	1.48299	0.243587	7	CACCGGCCCCAGGCC	CCAGGCC	-
612-CACCGGCCCCAGGCC	ZSC22_HUMAN.H11MO.0.C	1	0.00241566	1.85764	0.2772	15	CACCGGCCCCAGGCC	CCTCCTCCCTCAGACC	-
612-CACCGGCCCCAGGCC	MBD2_HUMAN.H11MO.0.B	1	0.00256034	1.9689	0.2772	10	CACCGGCCCCAGGCC	CCTCCGGCCCC	-
612-CACCGGCCCCAGGCC	NFIA_HUMAN.H11MO.0.C	-2	0.00346236	2.66255	0.349868	13	CACCGGCCCCAGGCC	TTGGCACCGTGCCAA	-
612-CACCGGCCCCAGGCC	TBX1_HUMAN.H11MO.0.D	1	0.0039114	3.00786	0.37054	15	CACCGGCCCCAGGCC	CCGCCCACCCCTGCCCACCC	-
612-CACCGGCCCCAGGCC	ZN281_HUMAN.H11MO.0.A	1	0.00435423	3.3484	0.378169	14	CACCGGCCCCAGGCC	TCCCCTCCCCCACCC	-
612-CACCGGCCCCAGGCC	KLF5_HUMAN.H11MO.0.A	-1	0.00474041	3.64538	0.378169	14	CACCGGCCCCAGGCC	CCCAGCCCCACCCT	-
612-CACCGGCCCCAGGCC	SP1_HUMAN.H11MO.1.A	-3	0.00474041	3.64538	0.378169	12	CACCGGCCCCAGGCC	CGGCCCCGCCCCCC	-
612-CACCGGCCCCAGGCC	ZN770_HUMAN.H11MO.0.C	4	0.00513897	3.95187	0.389466	15	CACCGGCCCCAGGCC	GATCCTCCCGCCTCAGCCTCCC	-
612-CACCGGCCCCAGGCC	NFIC_HUMAN.H11MO.0.A	-1	0.00572369	4.40152	0.40397	14	CACCGGCCCCAGGCC	CTTGGCTCCCTGCCAAG	+
612-CACCGGCCCCAGGCC	KLF16_HUMAN.H11MO.0.D	3	0.00586666	4.51146	0.40397	15	CACCGGCCCCAGGCC	CCCCCCCCCCCCCGCCCCC	-
612-CACCGGCCCCAGGCC	KLF1_HUMAN.H11MO.0.A	-1	0.00624418	4.80178	0.40397	14	CACCGGCCCCAGGCC	CCCGGCCCCGCCCC	-
612-CACCGGCCCCAGGCC	SP4_HUMAN.H11MO.0.A	5	0.00641685	4.93456	0.40397	15	CACCGGCCCCAGGCC	CCCGGCCCCGCCCCCTTCCC	-
612-CACCGGCCCCAGGCC	ZFX_HUMAN.H11MO.0.A	-8	0.00666294	5.1238	0.40397	7	CACCGGCCCCAGGCC	CCAGGCCCCG	+
612-CACCGGCCCCAGGCC	ZBTB6_HUMAN.H11MO.0.C	-3	0.00703632	5.41093	0.4102	12	CACCGGCCCCAGGCC	CGGCTCCAGCACC	-
612-CACCGGCCCCAGGCC	NR5A2_HUMAN.H11MO.0.B	-5	0.00806098	6.19889	0.436368	10	CACCGGCCCCAGGCC	GTTCAAGGCCA	+
612-CACCGGCCCCAGGCC	KLF12_HUMAN.H11MO.0.C	1	0.00806098	6.19889	0.436368	10	CACCGGCCCCAGGCC	GCCCCGCCCCT	-
612-CACCGGCCCCAGGCC	SP2_HUMAN.H11MO.1.B	1	0.00869213	6.68425	0.453953	11	CACCGGCCCCAGGCC	GCCCCGCCCCCT	-
612-CACCGGCCCCAGGCC	SP3_HUMAN.H11MO.0.B	0	0.00910607	7.00256	0.453953	15	CACCGGCCCCAGGCC	CCCCGGCCCCGCCCCCCCCC	-
612-CACCGGCCCCAGGCC	EGR2_HUMAN.H11MO.0.A	0	0.0092843	7.13962	0.453953	15	CACCGGCCCCAGGCC	CCCCTCCCACACCCCCCC	-
612-CACCGGCCCCAGGCC	NR1H4_HUMAN.H11MO.0.B	5	0.0112536	8.65398	0.488437	14	CACCGGCCCCAGGCC	GGGGTCAATGACCCCGAGG	+
612-CACCGGCCCCAGGCC	ZFX_HUMAN.H11MO.1.A	-2	0.0114427	8.79941	0.488437	13	CACCGGCCCCAGGCC	GGGGGCGGAGGCCGGGG	+
612-CACCGGCCCCAGGCC	EGR2_HUMAN.H11MO.1.A	1	0.0114972	8.84134	0.488437	15	CACCGGCCCCAGGCC	CCCCCGCCCACGCCCC	-
612-CACCGGCCCCAGGCC	ZN335_HUMAN.H11MO.1.A	-8	0.0118741	9.13115	0.488437	7	CACCGGCCCCAGGCC	TCAGGCA	-
612-CACCGGCCCCAGGCC	ZF64A_HUMAN.H11MO.0.D	-3	0.0125104	9.62049	0.488437	12	CACCGGCCCCAGGCC	GGGGCCCGGGAACCTG	+
612-CACCGGCCCCAGGCC	MYF6_HUMAN.H11MO.0.C	0	0.0126371	9.71793	0.488437	7	CACCGGCCCCAGGCC	CAGCTGC	+
612-CACCGGCCCCAGGCC	PPARD_HUMAN.H11MO.0.D	-2	0.0138565	10.6556	0.488437	13	CACCGGCCCCAGGCC	TAGGACAAAGGTCA	+
612-CACCGGCCCCAGGCC	ASCL1_HUMAN.H11MO.0.A	3	0.0138565	10.6556	0.488437	11	CACCGGCCCCAGGCC	CTGCACCTGCTCCC	+
612-CACCGGCCCCAGGCC	PATZ1_HUMAN.H11MO.0.C	6	0.0146465	11.2632	0.495554	15	CACCGGCCCCAGGCC	CCTCCCCCCCCGCCCCCTCCCC	-
612-CACCGGCCCCAGGCC	CTCFL_HUMAN.H11MO.0.A	0	0.0147123	11.3138	0.495554	15	CACCGGCCCCAGGCC	CGGCGCCCCCTGGCGGC	-
613-CACCTGTGCC	FIGLA_HUMAN.H11MO.0.D	2	0.000173474	0.133402	0.182604	9	CACCTGTGCC	AACACCTGTTA	-
613-CACCTGTGCC	ZN708_HUMAN.H11MO.1.D	-2	0.000389137	0.299246	0.182604	8	CACCTGTGCC	GCTGTACCT	-
613-CACCTGTGCC	SNAI1_HUMAN.H11MO.0.C	1	0.000399149	0.306945	0.182604	7	CACCTGTGCC	CCACCTGG	-
613-CACCTGTGCC	ID4_HUMAN.H11MO.0.D	3	0.000489975	0.376791	0.182604	8	CACCTGTGCC	TTACACCTGTC	-
613-CACCTGTGCC	ZN331_HUMAN.H11MO.0.C	5	0.000676041	0.519875	0.185169	10	CACCTGTGCC	CCACCCAGCTGAGCCCAGCC	-
613-CACCTGTGCC	SCRT1_HUMAN.H11MO.0.D	3	0.000745288	0.573126	0.185169	10	CACCTGTGCC	AACCACCTGTTGC	-
613-CACCTGTGCC	MESP1_HUMAN.H11MO.0.D	4	0.000907765	0.698071	0.193318	7	CACCTGTGCC	TCCACACCTGC	-
613-CACCTGTGCC	SCRT2_HUMAN.H11MO.0.D	1	0.00114221	0.878362	0.21284	10	CACCTGTGCC	CCACCTGTTGCAT	-
613-CACCTGTGCC	SNAI2_HUMAN.H11MO.0.A	2	0.00138729	1.06682	0.219416	8	CACCTGTGCC	TGCACCTGCC	-
613-CACCTGTGCC	ZEB1_HUMAN.H11MO.0.A	2	0.00147188	1.13187	0.219416	8	CACCTGTGCC	CTCACCTGTC	-
613-CACCTGTGCC	HEN1_HUMAN.H11MO.0.C	7	0.00173311	1.33276	0.230712	10	CACCTGTGCC	TGGGGAGCAGCTGCGTCCCT	+
613-CACCTGTGCC	MYF6_HUMAN.H11MO.0.C	0	0.00190956	1.46845	0.230712	7	CACCTGTGCC	CAGCTGC	+
613-CACCTGTGCC	MYOD1_HUMAN.H11MO.0.A	1	0.00243511	1.8726	0.230712	10	CACCTGTGCC	GCAGCTGTTCCTGCC	+
613-CACCTGTGCC	ASCL1_HUMAN.H11MO.0.A	3	0.00247625	1.90424	0.230712	10	CACCTGTGCC	CTGCACCTGCTCCC	+
613-CACCTGTGCC	PPARD_HUMAN.H11MO.0.D	1	0.00247625	1.90424	0.230712	10	CACCTGTGCC	TGACCTTTGTCCTA	-
613-CACCTGTGCC	RXRG_HUMAN.H11MO.0.B	2	0.00290018	2.23024	0.232577	10	CACCTGTGCC	GTGACCTTTGACC	-
613-CACCTGTGCC	HTF4_HUMAN.H11MO.0.A	2	0.00294803	2.26704	0.232577	8	CACCTGTGCC	TGCAGCTGTG	+
613-CACCTGTGCC	PPARG_HUMAN.H11MO.0.A	1	0.00296432	2.27956	0.232577	10	CACCTGTGCC	TGACCTTTGCCCCACTT	-
613-CACCTGTGCC	NGN2_HUMAN.H11MO.0.D	2	0.00344091	2.64606	0.256472	10	CACCTGTGCC	GCCATCTGCTCC	-
613-CACCTGTGCC	PPARA_HUMAN.H11MO.0.B	1	0.00394346	3.03252	0.275929	10	CACCTGTGCC	TGACCTTTGCCCCAGTT	-
613-CACCTGTGCC	TBX2_HUMAN.H11MO.0.D	11	0.00421615	3.24222	0.275929	10	CACCTGTGCC	GTCGCTTCTCACACCTCTGATGGCA	-
613-CACCTGTGCC	MYOG_HUMAN.H11MO.0.B	3	0.00428235	3.29313	0.275929	10	CACCTGTGCC	CCGCAGCTGTCCC	+
613-CACCTGTGCC	TBX1_HUMAN.H11MO.0.D	5	0.00444234	3.41616	0.275929	10	CACCTGTGCC	CCGCCCACCCCTGCCCACCC	-
613-CACCTGTGCC	TFAP4_HUMAN.H11MO.0.A	1	0.00542497	4.1718	0.310856	9	CACCTGTGCC	CCAGCTGTTT	+
613-CACCTGTGCC	ZN329_HUMAN.H11MO.0.C	7	0.00556628	4.28047	0.310856	10	CACCTGTGCC	CTGGATCCAGCCATGCCTGA	+
613-CACCTGTGCC	TAL1_HUMAN.H11MO.1.A	2	0.0056478	4.34315	0.310856	10	CACCTGTGCC	CACATCTGCTTCCTG	-
613-CACCTGTGCC	ZN708_HUMAN.H11MO.0.C	-2	0.00588566	4.52608	0.310856	8	CACCTGTGCC	GCTGTACCTGCTTATTAGGC	-
613-CACCTGTGCC	PRGR_HUMAN.H11MO.1.A	-1	0.00619728	4.76571	0.310856	9	CACCTGTGCC	TTCTGTTCT	-
613-CACCTGTGCC	BHA15_HUMAN.H11MO.0.B	1	0.00625581	4.81072	0.310856	10	CACCTGTGCC	CCAGCTGCTGC	-
613-CACCTGTGCC	ZN586_HUMAN.H11MO.0.C	9	0.00694824	5.3432	0.329307	10	CACCTGTGCC	CATTTTTTCCTCCTAGGCCT	-
613-CACCTGTGCC	ITF2_HUMAN.H11MO.0.C	2	0.00709687	5.45749	0.329307	8	CACCTGTGCC	GGCAGCTGGG	+
613-CACCTGTGCC	PPARG_HUMAN.H11MO.1.A	1	0.0073182	5.6277	0.329307	8	CACCTGTGCC	TGACCTTTG	-
613-CACCTGTGCC	TFE2_HUMAN.H11MO.0.A	3	0.00772769	5.94259	0.329307	8	CACCTGTGCC	CTGCAGCTGTG	-
613-CACCTGTGCC	NDF2_HUMAN.H11MO.0.B	1	0.00773165	5.94564	0.329307	8	CACCTGTGCC	CCATCTGTT	-
613-CACCTGTGCC	MXI1_HUMAN.H11MO.1.A	3	0.00951379	7.3161	0.383642	8	CACCTGTGCC	GAGCACGTGGG	-
613-CACCTGTGCC	MYCN_HUMAN.H11MO.0.A	3	0.00952207	7.32247	0.383642	9	CACCTGTGCC	GGCCACGTGGGC	+
613-CACCTGTGCC	MYOD1_HUMAN.H11MO.1.A	3	0.0100161	7.70241	0.38727	8	CACCTGTGCC	CTGCAGCTGTC	+
613-CACCTGTGCC	ZN770_HUMAN.H11MO.0.C	8	0.0112096	8.6202	0.38727	10	CACCTGTGCC	GATCCTCCCGCCTCAGCCTCCC	-
613-CACCTGTGCC	ZN816_HUMAN.H11MO.1.C	0	0.0113299	8.7127	0.38727	10	CACCTGTGCC	TGCATGTCCCCCTT	-
613-CACCTGTGCC	PTF1A_HUMAN.H11MO.0.B	1	0.0116506	8.95929	0.38727	10	CACCTGTGCC	CCAGCTGCCCCCTTTCCC	+
613-CACCTGTGCC	ZN341_HUMAN.H11MO.1.C	-1	0.0119139	9.16179	0.38727	9	CACCTGTGCC	GGCTGTTCC	-
613-CACCTGTGCC	LYL1_HUMAN.H11MO.0.A	1	0.0119251	9.17039	0.38727	10	CACCTGTGCC	CCAGCTGTTTCCTG	+
613-CACCTGTGCC	NDF1_HUMAN.H11MO.0.A	2	0.0119527	9.19161	0.38727	8	CACCTGTGCC	ACCATCTGTC	-
613-CACCTGTGCC	ZBT18_HUMAN.H11MO.0.C	2	0.0122795	9.44293	0.38727	9	CACCTGTGCC	TCCAGATGTGG	+
613-CACCTGTGCC	MXI1_HUMAN.H11MO.0.A	1	0.0124698	9.58925	0.38727	10	CACCTGTGCC	GCACGTGGCGGCGGG	+
613-CACCTGTGCC	MAX_HUMAN.H11MO.0.A	1	0.0132335	10.1765	0.389289	9	CACCTGTGCC	CCACGTGCTC	-
613-CACCTGTGCC	TGIF2_HUMAN.H11MO.0.D	1	0.0135793	10.4425	0.389289	10	CACCTGTGCC	ACAGCTGTCAT	-
613-CACCTGTGCC	XBP1_HUMAN.H11MO.0.D	2	0.0135793	10.4425	0.389289	9	CACCTGTGCC	GCCACGTCAGC	-
613-CACCTGTGCC	ZN554_HUMAN.H11MO.1.D	-2	0.0155088	11.9262	0.425768	8	CACCTGTGCC	GCAGAGCCA	+
613-CACCTGTGCC	TBX5_HUMAN.H11MO.0.D	3	0.0157036	12.0761	0.425768	5	CACCTGTGCC	TCACACCT	-
613-CACCTGTGCC	HES5_HUMAN.H11MO.0.D	1	0.0157821	12.1365	0.425768	10	CACCTGTGCC	CGGCACGTGCCA	-
613-CACCTGTGCC	BHE40_HUMAN.H11MO.0.A	2	0.016185	12.4463	0.425768	8	CACCTGTGCC	GGCACGTGAC	+
613-CACCTGTGCC	ATOH1_HUMAN.H11MO.0.B	1	0.0163373	12.5634	0.425768	8	CACCTGTGCC	CCATCTGCT	-
613-CACCTGTGCC	BMAL1_HUMAN.H11MO.0.A	2	0.0165655	12.7389	0.425768	9	CACCTGTGCC	GCCACGTGACT	+
613-CACCTGTGCC	TF2LX_HUMAN.H11MO.0.D	7	0.0168854	12.9849	0.426634	8	CACCTGTGCC	ACTATGACAGCTGTC	+
613-CACCTGTGCC	USF1_HUMAN.H11MO.0.A	3	0.0174163	13.3931	0.432715	9	CACCTGTGCC	GGTCACGTGACC	+
613-CACCTGTGCC	TBR1_HUMAN.H11MO.0.D	6	0.0183529	14.1134	0.44196	7	CACCTGTGCC	TTTTCACACCTTT	-
613-CACCTGTGCC	OLIG2_HUMAN.H11MO.0.B	1	0.0184831	14.2135	0.44196	10	CACCTGTGCC	CCAGCTGTTTCCCTTCTG	+
613-CACCTGTGCC	NR4A3_HUMAN.H11MO.0.D	2	0.0187879	14.4479	0.44196	8	CACCTGTGCC	CTGACCTTTG	-
613-CACCTGTGCC	ASCL2_HUMAN.H11MO.0.D	1	0.0190704	14.6651	0.44196	8	CACCTGTGCC	CCAGCTGCT	+
613-CACCTGTGCC	USF2_HUMAN.H11MO.0.A	4	0.0192708	14.8192	0.44196	10	CACCTGTGCC	GGGTCACGTGGCCGCGGCG	+
613-CACCTGTGCC	BHE41_HUMAN.H11MO.0.D	7	0.0199352	15.3302	0.443748	10	CACCTGTGCC	GCCTCTGCACGTGACCCGGT	-
613-CACCTGTGCC	CLOCK_HUMAN.H11MO.0.C	4	0.0206474	15.8778	0.443748	10	CACCTGTGCC	CAGACACGTGAACA	+
613-CACCTGTGCC	PTF1A_HUMAN.H11MO.1.B	1	0.021117	16.239	0.443748	8	CACCTGTGCC	CCAGCTGCT	-
613-CACCTGTGCC	NR1H2_HUMAN.H11MO.0.D	4	0.0213021	16.3813	0.443748	10	CACCTGTGCC	CGTTGACCTTTGACCTTTA	-
613-CACCTGTGCC	COT2_HUMAN.H11MO.1.A	4	0.0214325	16.4816	0.443748	10	CACCTGTGCC	CCCTGACCTTTGACCCC	-
613-CACCTGTGCC	ZN320_HUMAN.H11MO.0.C	7	0.0231668	17.8153	0.46291	10	CACCTGTGCC	CACTGGCCCCCTGGTCCCAC	-
613-CACCTGTGCC	HEY1_HUMAN.H11MO.0.D	3	0.0232896	17.9097	0.46291	9	CACCTGTGCC	CGACACGTGCCA	-
613-CACCTGTGCC	ZN335_HUMAN.H11MO.0.A	9	0.0243408	18.7181	0.475844	10	CACCTGTGCC	GGCTGTCCTCGGCGCTGCCTGA	+
613-CACCTGTGCC	ZN816_HUMAN.H11MO.0.C	3	0.0250279	19.2465	0.475844	10	CACCTGTGCC	CCCTGCATGTCCCCCTTTTTT	-
613-CACCTGTGCC	TBX3_HUMAN.H11MO.0.C	4	0.0256141	19.6973	0.475844	7	CACCTGTGCC	TTCCCACCTCC	-
613-CACCTGTGCC	COT1_HUMAN.H11MO.0.C	4	0.026062	20.0417	0.475844	10	CACCTGTGCC	CCCTGACCTCTGACCCC	-
613-CACCTGTGCC	OLIG2_HUMAN.H11MO.1.B	1	0.0264269	20.3223	0.475844	9	CACCTGTGCC	CCATCTGTTT	+
613-CACCTGTGCC	MEIS2_HUMAN.H11MO.0.B	4	0.0269755	20.7442	0.475844	9	CACCTGTGCC	TTGACAGCTGTCA	+
613-CACCTGTGCC	ZIC3_HUMAN.H11MO.0.B	6	0.0274986	21.1465	0.475844	9	CACCTGTGCC	GGCCCCCTGCTGTGA	+
613-CACCTGTGCC	GRHL1_HUMAN.H11MO.0.D	0	0.0281544	21.6507	0.475844	10	CACCTGTGCC	AACCTGTTTTTC	+
613-CACCTGTGCC	MYC_HUMAN.H11MO.0.A	3	0.0281605	21.6554	0.475844	8	CACCTGTGCC	GAGCACGTGGC	-
613-CACCTGTGCC	ZN335_HUMAN.H11MO.1.A	0	0.0284091	21.8466	0.475844	7	CACCTGTGCC	TGCCTGA	+
613-CACCTGTGCC	EOMES_HUMAN.H11MO.0.D	4	0.0295075	22.6912	0.478299	8	CACCTGTGCC	TTAACACCTCCT	-
613-CACCTGTGCC	MEIS3_HUMAN.H11MO.0.D	0	0.0295182	22.6995	0.478299	10	CACCTGTGCC	CACCTGTCAAA	-
613-CACCTGTGCC	MLX_HUMAN.H11MO.0.D	1	0.0295182	22.6995	0.478299	10	CACCTGTGCC	GCACGTGATCA	-
614-CACTCCGCCCACT	EGR2_HUMAN.H11MO.1.A	-1	0.000554533	0.426436	0.178656	12	CACTCCGCCCACT	CCCCCGCCCACGCCCC	-
614-CACTCCGCCCACT	SP1_HUMAN.H11MO.1.A	1	0.000590526	0.454115	0.178656	13	CACTCCGCCCACT	CGGCCCCGCCCCCC	-
614-CACTCCGCCCACT	EGR1_HUMAN.H11MO.0.A	-1	0.00062679	0.482002	0.178656	12	CACTCCGCCCACT	CCCCCGCCCACGCCCTC	-
614-CACTCCGCCCACT	KLF13_HUMAN.H11MO.0.D	-3	0.000695646	0.534951	0.178656	10	CACTCCGCCCACT	CACGCCCCCCT	-
614-CACTCCGCCCACT	EGR2_HUMAN.H11MO.0.A	-2	0.000769541	0.591777	0.178656	11	CACTCCGCCCACT	CCCCTCCCACACCCCCCC	-
614-CACTCCGCCCACT	SP4_HUMAN.H11MO.1.A	1	0.000856052	0.658304	0.178656	13	CACTCCGCCCACT	CGGCCCCGCCCCCTCC	-
614-CACTCCGCCCACT	EGR3_HUMAN.H11MO.0.D	-4	0.000878311	0.675421	0.178656	9	CACTCCGCCCACT	ACACCCACTCT	-
614-CACTCCGCCCACT	SP2_HUMAN.H11MO.1.B	-1	0.00101267	0.778744	0.178656	12	CACTCCGCCCACT	GCCCCGCCCCCT	-
614-CACTCCGCCCACT	SP3_HUMAN.H11MO.0.B	4	0.00115704	0.889762	0.178656	13	CACTCCGCCCACT	CCCCGGCCCCGCCCCCCCCC	-
614-CACTCCGCCCACT	SP4_HUMAN.H11MO.0.A	3	0.00128744	0.99004	0.178656	13	CACTCCGCCCACT	CCCGGCCCCGCCCCCTTCCC	-
614-CACTCCGCCCACT	WT1_HUMAN.H11MO.1.B	-1	0.00131054	1.00781	0.178656	11	CACTCCGCCCACT	CCTCCTCCCAC	-
614-CACTCCGCCCACT	KLF12_HUMAN.H11MO.0.C	-1	0.00146665	1.12785	0.178656	11	CACTCCGCCCACT	GCCCCGCCCCT	-
614-CACTCCGCCCACT	ZSC22_HUMAN.H11MO.0.C	-1	0.00152838	1.17533	0.178656	12	CACTCCGCCCACT	CCTCCTCCCTCAGACC	-
614-CACTCCGCCCACT	SP1_HUMAN.H11MO.0.A	9	0.00193434	1.4875	0.1933	13	CACTCCGCCCACT	CCCCCCCCCGGCCCCGCCCCCC	-
614-CACTCCGCCCACT	ZN219_HUMAN.H11MO.0.D	-3	0.00214799	1.6518	0.1933	10	CACTCCGCCCACT	TCCGCCCCCCTC	-
614-CACTCCGCCCACT	ZN263_HUMAN.H11MO.1.A	-1	0.0024099	1.85321	0.1933	11	CACTCCGCCCACT	CCTCCTCCCTC	-
614-CACTCCGCCCACT	ZN281_HUMAN.H11MO.0.A	2	0.00242053	1.86139	0.1933	13	CACTCCGCCCACT	TCCCCTCCCCCACCC	-
614-CACTCCGCCCACT	KLF14_HUMAN.H11MO.0.D	-1	0.00250031	1.92274	0.1933	12	CACTCCGCCCACT	GCCACGCCCCCCT	-
614-CACTCCGCCCACT	WT1_HUMAN.H11MO.0.C	4	0.00253509	1.94948	0.1933	13	CACTCCGCCCACT	CCCCCCCTCCTCCCCCGCCC	-
614-CACTCCGCCCACT	MAZ_HUMAN.H11MO.1.A	-1	0.0025441	1.95641	0.1933	11	CACTCCGCCCACT	CCCCCTCCCTC	-
614-CACTCCGCCCACT	GLIS1_HUMAN.H11MO.0.D	-1	0.00290758	2.23593	0.210398	12	CACTCCGCCCACT	AGACCCCCCACGA	-
614-CACTCCGCCCACT	SP2_HUMAN.H11MO.0.A	5	0.00340453	2.61808	0.23516	13	CACTCCGCCCACT	CCCCCGGCCCCGCCCCCCCCCC	-
614-CACTCCGCCCACT	KLF3_HUMAN.H11MO.0.B	3	0.00393632	3.02703	0.256175	13	CACTCCGCCCACT	CCCGGCCCCGCCCCTCCCC	-
614-CACTCCGCCCACT	CTCFL_HUMAN.H11MO.0.A	-2	0.00404593	3.11132	0.256175	11	CACTCCGCCCACT	CGGCGCCCCCTGGCGGC	-
614-CACTCCGCCCACT	KLF16_HUMAN.H11MO.0.D	7	0.00478964	3.68324	0.291133	12	CACTCCGCCCACT	CCCCCCCCCCCCCGCCCCC	-
614-CACTCCGCCCACT	SRBP2_HUMAN.H11MO.0.B	-1	0.00499696	3.84266	0.292053	12	CACTCCGCCCACT	CCTCACCCCACCC	-
614-CACTCCGCCCACT	KLF9_HUMAN.H11MO.0.C	0	0.00529971	4.07548	0.298275	13	CACTCCGCCCACT	GGCCACGCCCCCTCC	-
614-CACTCCGCCCACT	ZN740_HUMAN.H11MO.0.D	2	0.0055767	4.28848	0.302655	12	CACTCCGCCCACT	CCCACCCCCCCCCC	-
614-CACTCCGCCCACT	ZN148_HUMAN.H11MO.0.D	0	0.00582902	4.48252	0.30544	13	CACTCCGCCCACT	CCCCTCCCCCACCCC	-
614-CACTCCGCCCACT	GLIS3_HUMAN.H11MO.0.D	-2	0.00604245	4.64664	0.30607	10	CACTCCGCCCACT	TACCCCCCAC	-
614-CACTCCGCCCACT	KLF4_HUMAN.H11MO.0.A	-1	0.00672187	5.16912	0.329501	10	CACTCCGCCCACT	GCCACACCCT	-
614-CACTCCGCCCACT	GLI1_HUMAN.H11MO.0.D	-1	0.00757135	5.82237	0.356179	12	CACTCCGCCCACT	AGACCACCCAGG	-
614-CACTCCGCCCACT	TBX15_HUMAN.H11MO.0.D	4	0.00773488	5.94813	0.356179	13	CACTCCGCCCACT	CCCCCACCCCCCCCCCCCC	-
614-CACTCCGCCCACT	PATZ1_HUMAN.H11MO.1.C	-2	0.00851869	6.55087	0.380735	9	CACTCCGCCCACT	CCCCTCCCT	-
614-CACTCCGCCCACT	GLI3_HUMAN.H11MO.0.B	-1	0.00882487	6.78632	0.38315	11	CACTCCGCCCACT	GGACCACCCAG	-
614-CACTCCGCCCACT	ZSCA4_HUMAN.H11MO.0.D	-1	0.00961991	7.39771	0.406066	12	CACTCCGCCCACT	AGTGCACACACT	-
614-CACTCCGCCCACT	KLF6_HUMAN.H11MO.0.A	5	0.010716	8.24057	0.418244	13	CACTCCGCCCACT	CCCCCGGCCCCGCCCTTCC	-
614-CACTCCGCCCACT	MAFG_HUMAN.H11MO.1.A	-1	0.0108538	8.34654	0.418244	8	CACTCCGCCCACT	ACTCAGCA	-
614-CACTCCGCCCACT	E2F4_HUMAN.H11MO.0.A	1	0.0111261	8.55598	0.418244	12	CACTCCGCCCACT	ATTTCCCGCCCCC	-
614-CACTCCGCCCACT	KLF15_HUMAN.H11MO.0.A	8	0.0112196	8.6279	0.418244	11	CACTCCGCCCACT	CCCCCCCCTGCTCCTCCCC	-
614-CACTCCGCCCACT	GLI2_HUMAN.H11MO.0.D	-1	0.0112846	8.67783	0.418244	11	CACTCCGCCCACT	AGACCACCCAC	-
614-CACTCCGCCCACT	TAF1_HUMAN.H11MO.0.A	2	0.0122475	9.41831	0.441478	13	CACTCCGCCCACT	CCGCCGCCGCCATCTT	-
614-CACTCCGCCCACT	ZN263_HUMAN.H11MO.0.A	10	0.0124925	9.60673	0.441478	10	CACTCCGCCCACT	CTCCTCCTCTCCCTCCTCCC	-
614-CACTCCGCCCACT	E2F1_HUMAN.H11MO.0.A	1	0.0134161	10.317	0.463343	13	CACTCCGCCCACT	CTTTCCCGCCCCCC	-
614-CACTCCGCCCACT	TFDP1_HUMAN.H11MO.0.C	1	0.0140292	10.7885	0.473751	13	CACTCCGCCCACT	TTTTCCCGCCCCCC	-
614-CACTCCGCCCACT	IKZF1_HUMAN.H11MO.0.C	-4	0.0144236	11.0917	0.476479	8	CACTCCGCCCACT	TCTCCCAA	-
614-CACTCCGCCCACT	CTCF_HUMAN.H11MO.0.A	-2	0.0154052	11.8466	0.49808	11	CACTCCGCCCACT	TGGCGCCCCCTGGTGGCCA	-
615-CAGCAGCTGCT	ASCL2_HUMAN.H11MO.0.D	-2	9.81567e-06	0.00754825	0.00619074	9	CAGCAGCTGCT	CCAGCTGCT	+
615-CAGCAGCTGCT	BHA15_HUMAN.H11MO.0.B	1	1.50473e-05	0.0115714	0.00619074	10	CAGCAGCTGCT	GCAGCAGCTGG	+
615-CAGCAGCTGCT	PTF1A_HUMAN.H11MO.1.B	-1	2.08322e-05	0.01602	0.00619074	9	CAGCAGCTGCT	AGCAGCTGG	+
615-CAGCAGCTGCT	MYOD1_HUMAN.H11MO.1.A	0	3.29988e-05	0.0253761	0.00627602	11	CAGCAGCTGCT	CTGCAGCTGTC	+
615-CAGCAGCTGCT	MYF6_HUMAN.H11MO.0.C	-3	3.37907e-05	0.025985	0.00627602	7	CAGCAGCTGCT	CAGCTGC	+
615-CAGCAGCTGCT	MYOG_HUMAN.H11MO.0.B	0	9.63429e-05	0.0740877	0.013057	11	CAGCAGCTGCT	CCGCAGCTGTCCC	+
615-CAGCAGCTGCT	HEN1_HUMAN.H11MO.0.C	4	9.66625e-05	0.0743335	0.013057	11	CAGCAGCTGCT	AGGGACGCAGCTGCTCCCCA	-
615-CAGCAGCTGCT	ASCL1_HUMAN.H11MO.0.A	0	0.000131041	0.100771	0.0162258	11	CAGCAGCTGCT	CTGCACCTGCTCCC	+
615-CAGCAGCTGCT	TFE2_HUMAN.H11MO.0.A	0	0.000199356	0.153305	0.0197477	11	CAGCAGCTGCT	CTGCAGCTGTG	-
615-CAGCAGCTGCT	ITF2_HUMAN.H11MO.0.C	-1	0.00027038	0.207922	0.0223192	10	CAGCAGCTGCT	GGCAGCTGGG	+
615-CAGCAGCTGCT	OSR2_HUMAN.H11MO.0.C	3	0.000426303	0.327827	0.0316713	11	CAGCAGCTGCT	CAGCAGAAGCAGCAGC	-
615-CAGCAGCTGCT	TFAP4_HUMAN.H11MO.0.A	0	0.000452409	0.347903	0.0320103	10	CAGCAGCTGCT	AAACAGCTGG	-
615-CAGCAGCTGCT	MYOD1_HUMAN.H11MO.0.A	5	0.000628664	0.483442	0.0424593	10	CAGCAGCTGCT	GGCAGGAACAGCTGC	-
615-CAGCAGCTGCT	PTF1A_HUMAN.H11MO.0.B	8	0.000704535	0.541788	0.0446458	10	CAGCAGCTGCT	GGGAAAGGGGGCAGCTGG	-
615-CAGCAGCTGCT	ATOH1_HUMAN.H11MO.0.B	-1	0.000961825	0.739643	0.0510406	9	CAGCAGCTGCT	AGCAGATGG	+
615-CAGCAGCTGCT	TAL1_HUMAN.H11MO.1.A	4	0.00100804	0.775186	0.0516487	11	CAGCAGCTGCT	CAGGAAGCAGATGTG	+
615-CAGCAGCTGCT	HTF4_HUMAN.H11MO.0.A	-1	0.00120778	0.928786	0.0578902	10	CAGCAGCTGCT	TGCAGCTGTG	+
615-CAGCAGCTGCT	ZN134_HUMAN.H11MO.1.C	1	0.00127175	0.977975	0.0590512	11	CAGCAGCTGCT	CCTTCACCTGATTAGGT	-
615-CAGCAGCTGCT	SCRT1_HUMAN.H11MO.0.D	1	0.00197851	1.52148	0.0799159	11	CAGCAGCTGCT	GCAACAGGTGGTT	+
615-CAGCAGCTGCT	SNAI2_HUMAN.H11MO.0.A	-1	0.00204381	1.57169	0.0799159	10	CAGCAGCTGCT	GGCAGGTGCA	+
615-CAGCAGCTGCT	ZN134_HUMAN.H11MO.0.C	1	0.00246057	1.89218	0.0928621	11	CAGCAGCTGCT	CCTTCAACTGATTAGGTGAGGC	-
615-CAGCAGCTGCT	ZBT18_HUMAN.H11MO.0.C	0	0.00251781	1.93619	0.0928621	11	CAGCAGCTGCT	CCACATCTGGA	-
615-CAGCAGCTGCT	ID4_HUMAN.H11MO.0.D	0	0.00265897	2.04475	0.0928621	11	CAGCAGCTGCT	TTACACCTGTC	-
615-CAGCAGCTGCT	NGN2_HUMAN.H11MO.0.D	1	0.0027498	2.1146	0.0928621	11	CAGCAGCTGCT	GGAGCAGATGGC	+
615-CAGCAGCTGCT	NDF2_HUMAN.H11MO.0.B	-1	0.00274988	2.11466	0.0928621	9	CAGCAGCTGCT	AACAGATGG	+
615-CAGCAGCTGCT	FIGLA_HUMAN.H11MO.0.D	0	0.00312825	2.40562	0.103292	11	CAGCAGCTGCT	TAACAGGTGTT	+
615-CAGCAGCTGCT	ZIC3_HUMAN.H11MO.0.B	3	0.0032668	2.51217	0.105522	11	CAGCAGCTGCT	TCACAGCAGGGGGCC	-
615-CAGCAGCTGCT	ZIC2_HUMAN.H11MO.0.D	3	0.00404554	3.11102	0.126509	11	CAGCAGCTGCT	TCACAGCAGGGGGCC	-
615-CAGCAGCTGCT	TWST1_HUMAN.H11MO.1.A	-1	0.00499623	3.8421	0.14416	10	CAGCAGCTGCT	CACATCTGGT	+
615-CAGCAGCTGCT	NDF1_HUMAN.H11MO.0.A	-1	0.0065342	5.0248	0.179794	10	CAGCAGCTGCT	GACAGATGGT	+
615-CAGCAGCTGCT	MESP1_HUMAN.H11MO.0.D	1	0.00688161	5.29196	0.18262	10	CAGCAGCTGCT	TCCACACCTGC	-
615-CAGCAGCTGCT	OLIG2_HUMAN.H11MO.1.B	0	0.00689019	5.29856	0.18262	10	CAGCAGCTGCT	AAACAGATGG	-
615-CAGCAGCTGCT	OLIG2_HUMAN.H11MO.0.B	8	0.00700562	5.38732	0.18262	10	CAGCAGCTGCT	CAGAAGGGAAACAGCTGG	-
615-CAGCAGCTGCT	MAF_HUMAN.H11MO.0.A	9	0.00736882	5.66663	0.183491	10	CAGCAGCTGCT	TTGCTGAGTCAGCAGATTC	-
615-CAGCAGCTGCT	SCRT2_HUMAN.H11MO.0.D	3	0.00739925	5.69003	0.183491	10	CAGCAGCTGCT	ATGCAACAGGTGG	+
615-CAGCAGCTGCT	ZN563_HUMAN.H11MO.1.C	1	0.00740951	5.69791	0.183491	11	CAGCAGCTGCT	CAGGCAGCACAG	+
615-CAGCAGCTGCT	RFX5_HUMAN.H11MO.0.A	2	0.00808559	6.21782	0.190699	11	CAGCAGCTGCT	GTCAGCTGTTGCTAGGCAGA	+
615-CAGCAGCTGCT	MAFG_HUMAN.H11MO.1.A	3	0.00836255	6.4308	0.19415	5	CAGCAGCTGCT	ACTCAGCA	-
615-CAGCAGCTGCT	NF2L2_HUMAN.H11MO.0.A	6	0.00951275	7.3153	0.210964	8	CAGCAGCTGCT	ATGACTCAGCAGTT	-
615-CAGCAGCTGCT	MAFF_HUMAN.H11MO.1.B	4	0.0106785	8.21176	0.233334	5	CAGCAGCTGCT	GACTCAGCA	-
615-CAGCAGCTGCT	SNAI1_HUMAN.H11MO.0.C	-2	0.0111636	8.58482	0.236965	8	CAGCAGCTGCT	CCAGGTGG	+
615-CAGCAGCTGCT	MAF_HUMAN.H11MO.1.B	3	0.0132301	10.174	0.273029	5	CAGCAGCTGCT	AGTCAGCA	-
615-CAGCAGCTGCT	ZN563_HUMAN.H11MO.0.C	11	0.0138865	10.6788	0.28265	10	CAGCAGCTGCT	GGGATCCTCACTGGCAGCTGC	+
615-CAGCAGCTGCT	MAFG_HUMAN.H11MO.0.A	8	0.0156322	12.0212	0.305622	10	CAGCAGCTGCT	TGCTGAGTCAGCAATTTT	-
615-CAGCAGCTGCT	LYL1_HUMAN.H11MO.0.A	4	0.0162355	12.4851	0.313294	10	CAGCAGCTGCT	CAGGAAACAGCTGG	-
615-CAGCAGCTGCT	MAFK_HUMAN.H11MO.0.A	8	0.0218581	16.8089	0.400964	10	CAGCAGCTGCT	TGCTGACTCAGCAATTTT	-
619-CATGTGCCTCA	FOS_HUMAN.H11MO.0.A	-3	0.000867913	0.667425	0.36183	8	CATGTGCCTCA	GTGACTCAC	-
619-CATGTGCCTCA	FOSB_HUMAN.H11MO.0.A	-3	0.00105438	0.810819	0.36183	8	CATGTGCCTCA	ATGACTCAT	-
619-CATGTGCCTCA	HES5_HUMAN.H11MO.0.D	3	0.00107116	0.823721	0.36183	9	CATGTGCCTCA	CGGCACGTGCCA	-
619-CATGTGCCTCA	ZN708_HUMAN.H11MO.1.D	0	0.0014512	1.11597	0.36183	9	CATGTGCCTCA	GCTGTACCT	-
619-CATGTGCCTCA	HES7_HUMAN.H11MO.0.D	3	0.00169355	1.30234	0.36183	9	CATGTGCCTCA	CGGCACGTGCCA	-
619-CATGTGCCTCA	JUNB_HUMAN.H11MO.0.A	-2	0.00183389	1.41026	0.36183	9	CATGTGCCTCA	GGTGACTCAGA	-
619-CATGTGCCTCA	MYC_HUMAN.H11MO.0.A	2	0.00205265	1.57849	0.36183	9	CATGTGCCTCA	GCCACGTGCTC	+
619-CATGTGCCTCA	BMAL1_HUMAN.H11MO.0.A	2	0.00271113	2.08486	0.36183	9	CATGTGCCTCA	GCCACGTGACT	+
619-CATGTGCCTCA	JUND_HUMAN.H11MO.0.A	-2	0.00271113	2.08486	0.36183	9	CATGTGCCTCA	GATGACTCATC	-
619-CATGTGCCTCA	TFE3_HUMAN.H11MO.0.B	1	0.00279381	2.14844	0.36183	9	CATGTGCCTCA	TCACGTGACC	-
619-CATGTGCCTCA	JUN_HUMAN.H11MO.0.A	-2	0.00286459	2.20287	0.36183	9	CATGTGCCTCA	GATGACTCATC	-
619-CATGTGCCTCA	BHE40_HUMAN.H11MO.0.A	2	0.00350619	2.69626	0.381356	8	CATGTGCCTCA	GTCACGTGCC	-
619-CATGTGCCTCA	PO2F2_HUMAN.H11MO.0.A	0	0.00356368	2.74047	0.381356	11	CATGTGCCTCA	CATTTGCATAT	-
619-CATGTGCCTCA	MAX_HUMAN.H11MO.0.A	1	0.00392268	3.01654	0.381356	9	CATGTGCCTCA	CCACGTGCTC	-
619-CATGTGCCTCA	HEY1_HUMAN.H11MO.0.D	3	0.00429474	3.30265	0.381356	9	CATGTGCCTCA	CGACACGTGCCA	-
619-CATGTGCCTCA	PO5F1_HUMAN.H11MO.1.A	-1	0.00489717	3.76592	0.381356	10	CATGTGCCTCA	ATTTGCATAT	-
619-CATGTGCCTCA	MITF_HUMAN.H11MO.0.A	1	0.00489717	3.76592	0.381356	9	CATGTGCCTCA	TCACGTGACC	+
619-CATGTGCCTCA	FOSL1_HUMAN.H11MO.0.A	-2	0.00503196	3.86958	0.381356	9	CATGTGCCTCA	GGTGACTCATCC	-
619-CATGTGCCTCA	MXI1_HUMAN.H11MO.1.A	2	0.00674067	5.18358	0.438706	9	CATGTGCCTCA	CCCACGTGCTC	+
619-CATGTGCCTCA	BACH1_HUMAN.H11MO.0.A	-1	0.00684147	5.26109	0.438706	10	CATGTGCCTCA	GCATGACTCAGCA	-
619-CATGTGCCTCA	ZN335_HUMAN.H11MO.1.A	-4	0.00704647	5.41873	0.438706	7	CATGTGCCTCA	TGCCTGA	+
619-CATGTGCCTCA	FOSL2_HUMAN.H11MO.0.A	-2	0.00723585	5.56437	0.438706	9	CATGTGCCTCA	GATGACTCATCC	-
619-CATGTGCCTCA	ZN816_HUMAN.H11MO.1.C	2	0.00926991	7.12856	0.477548	11	CATGTGCCTCA	TGCATGTCCCCCTT	-
619-CATGTGCCTCA	AP2D_HUMAN.H11MO.0.D	-1	0.00926991	7.12856	0.477548	10	CATGTGCCTCA	ACGCGCCTCGGGCG	-
619-CATGTGCCTCA	HESX1_HUMAN.H11MO.0.D	4	0.00935291	7.19239	0.477548	11	CATGTGCCTCA	AGGCCACGTGCCGGAT	-
619-CATGTGCCTCA	NFE2_HUMAN.H11MO.0.A	-1	0.00975952	7.50507	0.477548	10	CATGTGCCTCA	GCATGACTCAGCA	+
619-CATGTGCCTCA	ZN816_HUMAN.H11MO.0.C	5	0.00989427	7.60869	0.477548	11	CATGTGCCTCA	CCCTGCATGTCCCCCTTTTTT	-
619-CATGTGCCTCA	TAL1_HUMAN.H11MO.1.A	2	0.00991151	7.62195	0.477548	11	CATGTGCCTCA	CACATCTGCTTCCTG	-
619-CATGTGCCTCA	ZN554_HUMAN.H11MO.0.C	7	0.0100819	7.753	0.477548	11	CATGTGCCTCA	AGCACCCCACATGGCTCAGC	-
619-CATGTGCCTCA	ZN554_HUMAN.H11MO.1.D	-4	0.010673	8.20754	0.479492	7	CATGTGCCTCA	TGGCTCTGC	-
619-CATGTGCCTCA	ID4_HUMAN.H11MO.0.D	2	0.0112287	8.63484	0.479492	9	CATGTGCCTCA	GACAGGTGTAA	+
619-CATGTGCCTCA	TFEB_HUMAN.H11MO.0.C	0	0.0112674	8.6646	0.479492	9	CATGTGCCTCA	CACGTGACC	-
619-CATGTGCCTCA	MYCN_HUMAN.H11MO.0.A	3	0.0113883	8.75763	0.479492	9	CATGTGCCTCA	GCCCACGTGGCC	-
619-CATGTGCCTCA	MLXPL_HUMAN.H11MO.0.D	1	0.0124856	9.6014	0.482837	11	CATGTGCCTCA	GCATGTGACACCGCCGTGG	+
619-CATGTGCCTCA	USF1_HUMAN.H11MO.0.A	3	0.01257	9.66634	0.482837	9	CATGTGCCTCA	GGTCACGTGACC	-
619-CATGTGCCTCA	ZN257_HUMAN.H11MO.0.C	1	0.0132024	10.1526	0.482837	11	CATGTGCCTCA	GCTCTTGCCTCT	+
619-CATGTGCCTCA	SNAI2_HUMAN.H11MO.0.A	2	0.0134019	10.306	0.482837	8	CATGTGCCTCA	GGCAGGTGCA	+
619-CATGTGCCTCA	PBX3_HUMAN.H11MO.0.A	0	0.0136976	10.5335	0.482837	11	CATGTGCCTCA	CCTGTCAATCA	-
619-CATGTGCCTCA	BACH2_HUMAN.H11MO.0.A	-3	0.0136976	10.5335	0.482837	8	CATGTGCCTCA	ATGACTCAGCA	-
619-CATGTGCCTCA	CLOCK_HUMAN.H11MO.0.C	4	0.014479	11.1343	0.487686	10	CATGTGCCTCA	TGTTCACGTGTCTG	-
619-CATGTGCCTCA	NDF2_HUMAN.H11MO.0.B	1	0.0147252	11.3236	0.487686	8	CATGTGCCTCA	CCATCTGTT	-
619-CATGTGCCTCA	HEY2_HUMAN.H11MO.0.D	6	0.0150476	11.5716	0.487686	11	CATGTGCCTCA	TAATGCCACGTGCCCCC	-
619-CATGTGCCTCA	ZN708_HUMAN.H11MO.0.C	0	0.0151222	11.629	0.487686	11	CATGTGCCTCA	GCTGTACCTGCTTATTAGGC	-
623-CCAGCCTAGCCT	ZN329_HUMAN.H11MO.0.C	6	6.34126e-05	0.0487643	0.0975286	12	CCAGCCTAGCCT	CTGGATCCAGCCATGCCTGA	+
623-CCAGCCTAGCCT	ZN331_HUMAN.H11MO.0.C	4	0.000371844	0.285948	0.243728	12	CCAGCCTAGCCT	CCACCCAGCTGAGCCCAGCC	-
623-CCAGCCTAGCCT	ZN449_HUMAN.H11MO.0.C	-1	0.000475412	0.365592	0.243728	11	CCAGCCTAGCCT	AAGCCCAACCA	-
625-CCCCCGCGGC	ZIC4_HUMAN.H11MO.0.D	3	8.65104e-06	0.00665265	0.0130913	10	CCCCCGCGGC	GACCCCCCGCTGTGC	-
625-CCCCCGCGGC	GLIS2_HUMAN.H11MO.0.D	3	2.53636e-05	0.0195046	0.0191909	10	CCCCCGCGGC	GACCCCCCGCGAAG	-
625-CCCCCGCGGC	GLIS1_HUMAN.H11MO.0.D	4	0.000151457	0.11647	0.076398	9	CCCCCGCGGC	AGACCCCCCACGA	-
625-CCCCCGCGGC	ZN148_HUMAN.H11MO.0.D	5	0.000943055	0.725209	0.293356	10	CCCCCGCGGC	CCCCTCCCCCACCCC	-
625-CCCCCGCGGC	AP2D_HUMAN.H11MO.0.D	0	0.00137966	1.06096	0.293356	10	CCCCCGCGGC	CGCCCGAGGCGCGT	+
625-CCCCCGCGGC	SP1_HUMAN.H11MO.0.A	2	0.00141541	1.08845	0.293356	10	CCCCCGCGGC	CCCCCCCCCGGCCCCGCCCCCC	-
625-CCCCCGCGGC	AP2B_HUMAN.H11MO.0.B	-1	0.00164804	1.26734	0.293356	9	CCCCCGCGGC	GCCCCCGGGC	-
625-CCCCCGCGGC	SP1_HUMAN.H11MO.1.A	2	0.00207299	1.59413	0.293356	10	CCCCCGCGGC	CGGCCCCGCCCCCC	-
625-CCCCCGCGGC	EGR1_HUMAN.H11MO.0.A	6	0.00208571	1.60391	0.293356	10	CCCCCGCGGC	CCCCCGCCCACGCCCTC	-
625-CCCCCGCGGC	EGR4_HUMAN.H11MO.0.D	0	0.0023001	1.76878	0.293356	10	CCCCCGCGGC	GCCCTGCCGCC	-
625-CCCCCGCGGC	ZSC31_HUMAN.H11MO.0.C	7	0.00232094	1.78481	0.293356	10	CCCCCGCGGC	CATAACTGCCCTGCTGCC	-
625-CCCCCGCGGC	GLIS3_HUMAN.H11MO.0.D	3	0.00232628	1.78891	0.293356	7	CCCCCGCGGC	TACCCCCCAC	-
625-CCCCCGCGGC	EGR2_HUMAN.H11MO.1.A	6	0.00293342	2.2558	0.319706	10	CCCCCGCGGC	CCCCCGCCCACGCCCC	-
625-CCCCCGCGGC	ZN320_HUMAN.H11MO.0.C	6	0.00295777	2.27452	0.319706	10	CCCCCGCGGC	CACTGGCCCCCTGGTCCCAC	-
625-CCCCCGCGGC	MYCN_HUMAN.H11MO.0.A	1	0.00340026	2.6148	0.343033	10	CCCCCGCGGC	GCCCACGTGGCC	-
625-CCCCCGCGGC	SP2_HUMAN.H11MO.1.B	0	0.00379414	2.91769	0.351781	10	CCCCCGCGGC	GCCCCGCCCCCT	-
625-CCCCCGCGGC	ZN740_HUMAN.H11MO.0.D	4	0.0040633	3.12468	0.351781	10	CCCCCGCGGC	CCCACCCCCCCCCC	-
625-CCCCCGCGGC	ZN770_HUMAN.H11MO.0.C	7	0.00459721	3.53525	0.351781	10	CCCCCGCGGC	GATCCTCCCGCCTCAGCCTCCC	-
625-CCCCCGCGGC	SP2_HUMAN.H11MO.0.A	6	0.00514494	3.95646	0.351781	10	CCCCCGCGGC	CCCCCGGCCCCGCCCCCCCCCC	-
625-CCCCCGCGGC	KLF12_HUMAN.H11MO.0.C	0	0.00523817	4.02815	0.351781	10	CCCCCGCGGC	GCCCCGCCCCT	-
625-CCCCCGCGGC	AP2C_HUMAN.H11MO.0.A	2	0.00533106	4.09958	0.351781	10	CCCCCGCGGC	ATGCCCTGAGGCCA	+
625-CCCCCGCGGC	CR3L1_HUMAN.H11MO.0.D	0	0.00552464	4.24845	0.351781	10	CCCCCGCGGC	GCCACGTGGCA	+
625-CCCCCGCGGC	ZIC2_HUMAN.H11MO.0.D	3	0.00556814	4.2819	0.351781	10	CCCCCGCGGC	GGCCCCCTGCTGTGA	+
625-CCCCCGCGGC	E2F4_HUMAN.H11MO.0.A	2	0.00583573	4.48768	0.351781	10	CCCCCGCGGC	ATTTCCCGCCCCC	-
625-CCCCCGCGGC	TAF1_HUMAN.H11MO.0.A	0	0.0060178	4.62769	0.351781	10	CCCCCGCGGC	CCGCCGCCGCCATCTT	-
625-CCCCCGCGGC	EGR2_HUMAN.H11MO.0.A	5	0.00604409	4.6479	0.351781	10	CCCCCGCGGC	CCCCTCCCACACCCCCCC	-
625-CCCCCGCGGC	ARNT2_HUMAN.H11MO.0.D	2	0.00719918	5.53617	0.382431	10	CCCCCGCGGC	GCCTCCCACGCC	-
625-CCCCCGCGGC	ZN586_HUMAN.H11MO.0.C	8	0.00724409	5.57071	0.382431	10	CCCCCGCGGC	CATTTTTTCCTCCTAGGCCT	-
625-CCCCCGCGGC	COE1_HUMAN.H11MO.0.A	4	0.00807852	6.21238	0.407498	10	CCCCCGCGGC	AAGTCCCCAGGGACC	+
625-CCCCCGCGGC	ZN219_HUMAN.H11MO.0.D	5	0.00885458	6.80918	0.420376	7	CCCCCGCGGC	TCCGCCCCCCTC	-
625-CCCCCGCGGC	KLF8_HUMAN.H11MO.0.C	0	0.0089008	6.84471	0.420376	9	CCCCCGCGGC	CACCCCCTG	-
625-CCCCCGCGGC	KLF16_HUMAN.H11MO.0.D	1	0.0091672	7.04958	0.420376	10	CCCCCGCGGC	CCCCCCCCCCCCCGCCCCC	-
625-CCCCCGCGGC	ZN281_HUMAN.H11MO.0.A	6	0.0094456	7.26366	0.420403	9	CCCCCGCGGC	TCCCCTCCCCCACCC	-
625-CCCCCGCGGC	CTCFL_HUMAN.H11MO.0.A	7	0.0103162	7.93319	0.446035	10	CCCCCGCGGC	CGGCGCCCCCTGGCGGC	-
625-CCCCCGCGGC	MXI1_HUMAN.H11MO.1.A	0	0.0108358	8.33269	0.455482	10	CCCCCGCGGC	CCCACGTGCTC	+
625-CCCCCGCGGC	NR0B1_HUMAN.H11MO.0.D	3	0.0116579	8.96492	0.476797	7	CCCCCGCGGC	TCTCCCACGC	-
626-CCCCTCGGGYGTK	AP2B_HUMAN.H11MO.0.B	0	0.0002335	0.179562	0.34709	10	CCCCTCGGGCGTG	GCCCCCGGGC	-
626-CCCCTCGGGYGTK	ZN423_HUMAN.H11MO.0.D	2	0.000481012	0.369898	0.34709	13	CCCCTCGGGCGTG	GCACCCTTGGGTGCC	-
626-CCCCTCGGGYGTK	COE1_HUMAN.H11MO.0.A	2	0.000677029	0.520635	0.34709	13	CCCCTCGGGCGTG	GGTCCCTGGGGACTT	-
627-CCCGCGGCGCCCYST	SP1_HUMAN.H11MO.0.A	7	0.00016068	0.123563	0.0874976	15	CCCGCGGCGCCCCGT	CCCCCCCCCGGCCCCGCCCCCC	-
627-CCCGCGGCGCCCYST	SP1_HUMAN.H11MO.1.A	-1	0.000197716	0.152044	0.0874976	14	CCCGCGGCGCCCCGT	CGGCCCCGCCCCCC	-
627-CCCGCGGCGCCCYST	ZN331_HUMAN.H11MO.0.C	4	0.000211224	0.162431	0.0874976	15	CCCGCGGCGCCCCGT	CCACCCAGCTGAGCCCAGCC	-
627-CCCGCGGCGCCCYST	KLF12_HUMAN.H11MO.0.C	-3	0.000231892	0.178325	0.0874976	11	CCCGCGGCGCCCCGT	GCCCCGCCCCT	-
627-CCCGCGGCGCCCYST	AP2D_HUMAN.H11MO.0.D	2	0.000329738	0.253569	0.0995334	12	CCCGCGGCGCCCCGT	CGCCCGAGGCGCGT	+
627-CCCGCGGCGCCCYST	KLF3_HUMAN.H11MO.0.B	1	0.000396874	0.305196	0.0997706	15	CCCGCGGCGCCCCGT	CCCGGCCCCGCCCCTCCCC	-
627-CCCGCGGCGCCCYST	KLF16_HUMAN.H11MO.0.D	5	0.000466428	0.358683	0.0997706	14	CCCGCGGCGCCCCGT	CCCCCCCCCCCCCGCCCCC	-
627-CCCGCGGCGCCCYST	KLF1_HUMAN.H11MO.0.A	1	0.000542483	0.41717	0.0997706	13	CCCGCGGCGCCCCGT	CCCGGCCCCGCCCC	-
627-CCCGCGGCGCCCYST	HEN1_HUMAN.H11MO.0.C	6	0.000594943	0.457512	0.0997706	14	CCCGCGGCGCCCCGT	TGGGGAGCAGCTGCGTCCCT	+
627-CCCGCGGCGCCCYST	SP3_HUMAN.H11MO.0.B	2	0.0006971	0.53607	0.105212	15	CCCGCGGCGCCCCGT	CCCCGGCCCCGCCCCCCCCC	-
627-CCCGCGGCGCCCYST	ZN320_HUMAN.H11MO.0.C	6	0.000905094	0.696017	0.120037	14	CCCGCGGCGCCCCGT	CACTGGCCCCCTGGTCCCAC	-
627-CCCGCGGCGCCCYST	KLF6_HUMAN.H11MO.0.A	3	0.00113537	0.873101	0.120037	15	CCCGCGGCGCCCCGT	CCCCCGGCCCCGCCCTTCC	-
627-CCCGCGGCGCCCYST	PLAL1_HUMAN.H11MO.0.D	-4	0.00114083	0.877299	0.120037	10	CCCGCGGCGCCCCGT	GGGCCCCCCG	-
627-CCCGCGGCGCCCYST	CTCFL_HUMAN.H11MO.0.A	-4	0.00116517	0.896017	0.120037	11	CCCGCGGCGCCCCGT	CGGCGCCCCCTGGCGGC	-
627-CCCGCGGCGCCCYST	KLF5_HUMAN.H11MO.0.A	1	0.00127252	0.978569	0.120037	13	CCCGCGGCGCCCCGT	CCCAGCCCCACCCT	-
627-CCCGCGGCGCCCYST	ZIC4_HUMAN.H11MO.0.D	5	0.001469	1.12966	0.126522	10	CCCGCGGCGCCCCGT	GACCCCCCGCTGTGC	-
627-CCCGCGGCGCCCYST	SP4_HUMAN.H11MO.0.A	1	0.00150893	1.16037	0.126522	15	CCCGCGGCGCCCCGT	CCCGGCCCCGCCCCCTTCCC	-
627-CCCGCGGCGCCCYST	SP2_HUMAN.H11MO.0.A	3	0.00197803	1.52111	0.157127	15	CCCGCGGCGCCCCGT	CCCCCGGCCCCGCCCCCCCCCC	-
627-CCCGCGGCGCCCYST	SP4_HUMAN.H11MO.1.A	-1	0.00232084	1.78473	0.17514	14	CCCGCGGCGCCCCGT	CGGCCCCGCCCCCTCC	-
627-CCCGCGGCGCCCYST	TAF1_HUMAN.H11MO.0.A	0	0.00255906	1.96792	0.183921	15	CCCGCGGCGCCCCGT	CCGCCGCCGCCATCTT	-
627-CCCGCGGCGCCCYST	KLF15_HUMAN.H11MO.0.A	6	0.00278108	2.13865	0.183961	13	CCCGCGGCGCCCCGT	CCCCCCCCTGCTCCTCCCC	-
627-CCCGCGGCGCCCYST	KLF9_HUMAN.H11MO.0.C	-2	0.00280339	2.15581	0.183961	13	CCCGCGGCGCCCCGT	GGCCACGCCCCCTCC	-
627-CCCGCGGCGCCCYST	KLF4_HUMAN.H11MO.0.A	-3	0.00299359	2.30207	0.188257	10	CCCGCGGCGCCCCGT	GCCACACCCT	-
627-CCCGCGGCGCCCYST	WT1_HUMAN.H11MO.0.C	2	0.0033166	2.55047	0.200227	15	CCCGCGGCGCCCCGT	CCCCCCCTCCTCCCCCGCCC	-
627-CCCGCGGCGCCCYST	GLIS2_HUMAN.H11MO.0.D	5	0.00404176	3.10812	0.234621	9	CCCGCGGCGCCCCGT	GACCCCCCGCGAAG	-
627-CCCGCGGCGCCCYST	SP2_HUMAN.H11MO.1.B	-3	0.00450243	3.46237	0.251682	12	CCCGCGGCGCCCCGT	GCCCCGCCCCCT	-
627-CCCGCGGCGCCCYST	EGR4_HUMAN.H11MO.0.D	0	0.00500187	3.84644	0.269615	11	CCCGCGGCGCCCCGT	GCCCTGCCGCC	-
627-CCCGCGGCGCCCYST	TBX15_HUMAN.H11MO.0.D	2	0.00540712	4.15807	0.272684	15	CCCGCGGCGCCCCGT	CCCCCACCCCCCCCCCCCC	-
627-CCCGCGGCGCCCYST	AP2B_HUMAN.H11MO.0.B	1	0.00542016	4.1681	0.272684	9	CCCGCGGCGCCCCGT	GCCCGGGGGC	+
627-CCCGCGGCGCCCYST	CTCF_HUMAN.H11MO.0.A	-4	0.00712932	5.48245	0.347101	11	CCCGCGGCGCCCCGT	TGGCGCCCCCTGGTGGCCA	-
627-CCCGCGGCGCCCYST	PROX1_HUMAN.H11MO.0.D	0	0.00796072	6.1218	0.368565	15	CCCGCGGCGCCCCGT	CCCAACCCGCCTTACCC	-
627-CCCGCGGCGCCCYST	KLF14_HUMAN.H11MO.0.D	-3	0.00835354	6.42387	0.370818	12	CCCGCGGCGCCCCGT	GCCACGCCCCCCT	-
627-CCCGCGGCGCCCYST	MAZ_HUMAN.H11MO.1.A	-3	0.0100336	7.71587	0.420654	11	CCCGCGGCGCCCCGT	CCCCCTCCCTC	-
627-CCCGCGGCGCCCYST	KLF13_HUMAN.H11MO.0.D	-5	0.0115967	8.91782	0.470842	10	CCCGCGGCGCCCCGT	CACGCCCCCCT	-
627-CCCGCGGCGCCCYST	PATZ1_HUMAN.H11MO.0.C	3	0.0118547	9.11623	0.470842	15	CCCGCGGCGCCCCGT	CCTCCCCCCCCGCCCCCTCCCC	-
627-CCCGCGGCGCCCYST	ZN554_HUMAN.H11MO.1.D	-3	0.0122881	9.44951	0.475541	9	CCCGCGGCGCCCCGT	GCAGAGCCA	+
627-CCCGCGGCGCCCYST	ATF6A_HUMAN.H11MO.0.B	-1	0.0129146	9.93132	0.487293	12	CCCGCGGCGCCCCGT	CCACGTCACCAC	-
627-CCCGCGGCGCCCYST	KAISO_HUMAN.H11MO.0.A	2	0.0135601	10.4277	0.499169	13	CCCGCGGCGCCCCGT	TTCTCGCGAGATTTG	-
628-CCCGCTGCGCCCCG	ZN331_HUMAN.H11MO.0.C	4	3.16797e-06	0.00243617	0.00476673	14	CCCGCTGCGCCCCG	CCACCCAGCTGAGCCCAGCC	-
628-CCCGCTGCGCCCCG	HEN1_HUMAN.H11MO.0.C	6	5.63999e-05	0.0433715	0.0424314	14	CCCGCTGCGCCCCG	TGGGGAGCAGCTGCGTCCCT	+
628-CCCGCTGCGCCCCG	SP1_HUMAN.H11MO.0.A	2	0.000100849	0.077553	0.0505813	14	CCCGCTGCGCCCCG	CCCCCCCCCGGCCCCGCCCCCC	-
628-CCCGCTGCGCCCCG	KLF12_HUMAN.H11MO.0.C	-3	0.000161512	0.124203	0.0607554	11	CCCGCTGCGCCCCG	GCCCCGCCCCT	-
628-CCCGCTGCGCCCCG	SP1_HUMAN.H11MO.1.A	-1	0.000313013	0.240707	0.0784964	13	CCCGCTGCGCCCCG	CGGCCCCGCCCCCC	-
628-CCCGCTGCGCCCCG	KLF16_HUMAN.H11MO.0.D	5	0.000402682	0.309662	0.0865572	14	CCCGCTGCGCCCCG	CCCCCCCCCCCCCGCCCCC	-
628-CCCGCTGCGCCCCG	ZIC4_HUMAN.H11MO.0.D	5	0.000523643	0.402682	0.0984883	10	CCCGCTGCGCCCCG	GACCCCCCGCTGTGC	-
628-CCCGCTGCGCCCCG	SP3_HUMAN.H11MO.0.B	2	0.000738997	0.568289	0.123549	14	CCCGCTGCGCCCCG	CCCCGGCCCCGCCCCCCCCC	-
628-CCCGCTGCGCCCCG	KLF3_HUMAN.H11MO.0.B	1	0.00103472	0.7957	0.14069	14	CCCGCTGCGCCCCG	CCCGGCCCCGCCCCTCCCC	-
628-CCCGCTGCGCCCCG	ZN320_HUMAN.H11MO.0.C	6	0.00106143	0.816239	0.14069	14	CCCGCTGCGCCCCG	CACTGGCCCCCTGGTCCCAC	-
628-CCCGCTGCGCCCCG	KLF1_HUMAN.H11MO.0.A	1	0.00128394	0.987351	0.14069	13	CCCGCTGCGCCCCG	CCCGGCCCCGCCCC	-
628-CCCGCTGCGCCCCG	KLF15_HUMAN.H11MO.0.A	6	0.00133325	1.02527	0.14069	13	CCCGCTGCGCCCCG	CCCCCCCCTGCTCCTCCCC	-
628-CCCGCTGCGCCCCG	BHA15_HUMAN.H11MO.0.B	0	0.00139031	1.06915	0.14069	11	CCCGCTGCGCCCCG	CCAGCTGCTGC	-
628-CCCGCTGCGCCCCG	PTF1A_HUMAN.H11MO.1.B	0	0.00140254	1.07855	0.14069	9	CCCGCTGCGCCCCG	CCAGCTGCT	-
628-CCCGCTGCGCCCCG	E2F2_HUMAN.H11MO.0.B	-3	0.00158459	1.21855	0.149017	10	CCCGCTGCGCCCCG	GTTTCGCGCC	-
628-CCCGCTGCGCCCCG	ZN350_HUMAN.H11MO.1.D	9	0.00202139	1.55445	0.178912	14	CCCGCTGCGCCCCG	GGGCAACAAATCCCTGCGCCCCGT	-
628-CCCGCTGCGCCCCG	KLF6_HUMAN.H11MO.0.A	3	0.00241333	1.85585	0.201736	14	CCCGCTGCGCCCCG	CCCCCGGCCCCGCCCTTCC	-
628-CCCGCTGCGCCCCG	SP4_HUMAN.H11MO.0.A	1	0.00286871	2.20604	0.219517	14	CCCGCTGCGCCCCG	CCCGGCCCCGCCCCCTTCCC	-
628-CCCGCTGCGCCCCG	SP2_HUMAN.H11MO.0.A	3	0.00291782	2.24381	0.219517	14	CCCGCTGCGCCCCG	CCCCCGGCCCCGCCCCCCCCCC	-
628-CCCGCTGCGCCCCG	ZN708_HUMAN.H11MO.1.D	-3	0.00330299	2.54	0.236661	9	CCCGCTGCGCCCCG	GCTGTACCT	-
628-CCCGCTGCGCCCCG	KLF5_HUMAN.H11MO.0.A	1	0.00358341	2.75564	0.239137	13	CCCGCTGCGCCCCG	CCCAGCCCCACCCT	-
628-CCCGCTGCGCCCCG	ZIC2_HUMAN.H11MO.0.D	5	0.00381434	2.93323	0.239137	10	CCCGCTGCGCCCCG	GGCCCCCTGCTGTGA	+
628-CCCGCTGCGCCCCG	ZIC3_HUMAN.H11MO.0.B	5	0.00381434	2.93323	0.239137	10	CCCGCTGCGCCCCG	GGCCCCCTGCTGTGA	+
628-CCCGCTGCGCCCCG	ZN768_HUMAN.H11MO.0.C	7	0.00420049	3.23018	0.24985	13	CCCGCTGCGCCCCG	ACTTAACCTCTCTGAGCCTC	-
628-CCCGCTGCGCCCCG	TBX1_HUMAN.H11MO.0.D	6	0.00440271	3.38568	0.24985	14	CCCGCTGCGCCCCG	CCGCCCACCCCTGCCCACCC	-
628-CCCGCTGCGCCCCG	TBX15_HUMAN.H11MO.0.D	6	0.00448336	3.44771	0.24985	13	CCCGCTGCGCCCCG	CCCCCACCCCCCCCCCCCC	-
628-CCCGCTGCGCCCCG	SP4_HUMAN.H11MO.1.A	-1	0.00526867	4.0516	0.283127	13	CCCGCTGCGCCCCG	CGGCCCCGCCCCCTCC	-
628-CCCGCTGCGCCCCG	WT1_HUMAN.H11MO.0.C	2	0.00609416	4.68641	0.316195	14	CCCGCTGCGCCCCG	CCCCCCCTCCTCCCCCGCCC	-
628-CCCGCTGCGCCCCG	MYF6_HUMAN.H11MO.0.C	-1	0.00640547	4.92581	0.320844	7	CCCGCTGCGCCCCG	CAGCTGC	+
628-CCCGCTGCGCCCCG	ZN554_HUMAN.H11MO.1.D	-3	0.00661023	5.08326	0.320844	9	CCCGCTGCGCCCCG	GCAGAGCCA	+
628-CCCGCTGCGCCCCG	TFAP4_HUMAN.H11MO.0.A	0	0.00713102	5.48375	0.327736	10	CCCGCTGCGCCCCG	CCAGCTGTTT	+
628-CCCGCTGCGCCCCG	LYL1_HUMAN.H11MO.0.A	0	0.00718784	5.52745	0.327736	14	CCCGCTGCGCCCCG	CCAGCTGTTTCCTG	+
628-CCCGCTGCGCCCCG	KLF4_HUMAN.H11MO.0.A	-3	0.00792251	6.09241	0.349236	10	CCCGCTGCGCCCCG	GCCACACCCT	-
628-CCCGCTGCGCCCCG	EGR2_HUMAN.H11MO.0.A	5	0.00812358	6.24703	0.349236	13	CCCGCTGCGCCCCG	CCCCTCCCACACCCCCCC	-
628-CCCGCTGCGCCCCG	ZN281_HUMAN.H11MO.0.A	0	0.00867537	6.67136	0.362598	14	CCCGCTGCGCCCCG	TCCCCTCCCCCACCC	-
628-CCCGCTGCGCCCCG	SP2_HUMAN.H11MO.1.B	-3	0.0091702	7.05189	0.366921	11	CCCGCTGCGCCCCG	GCCCCGCCCCCT	-
628-CCCGCTGCGCCCCG	PTF1A_HUMAN.H11MO.0.B	0	0.00928425	7.13959	0.366921	14	CCCGCTGCGCCCCG	CCAGCTGCCCCCTTTCCC	+
628-CCCGCTGCGCCCCG	ASCL2_HUMAN.H11MO.0.D	0	0.00974043	7.49039	0.366921	9	CCCGCTGCGCCCCG	CCAGCTGCT	+
628-CCCGCTGCGCCCCG	ITF2_HUMAN.H11MO.0.C	1	0.00975425	7.50102	0.366921	9	CCCGCTGCGCCCCG	CCCAGCTGCC	-
628-CCCGCTGCGCCCCG	KLF9_HUMAN.H11MO.0.C	-2	0.0112982	8.68835	0.414635	12	CCCGCTGCGCCCCG	GGCCACGCCCCCTCC	-
628-CCCGCTGCGCCCCG	PLAL1_HUMAN.H11MO.0.D	-4	0.0125906	9.68221	0.451064	10	CCCGCTGCGCCCCG	GGGCCCCCCG	-
628-CCCGCTGCGCCCCG	EGR4_HUMAN.H11MO.0.D	-1	0.0136427	10.4912	0.477387	11	CCCGCTGCGCCCCG	GCCCTGCCGCC	-
628-CCCGCTGCGCCCCG	ZN219_HUMAN.H11MO.0.D	-3	0.0145985	11.2263	0.499225	11	CCCGCTGCGCCCCG	TCCGCCCCCCTC	-
629-CCCTTCCATTC	ZN502_HUMAN.H11MO.0.C	9	3.13422e-06	0.00241022	0.00478652	11	CCCTTCCATTC	GATTCCATTCGATTCCATTC	-
629-CCCTTCCATTC	SMCA5_HUMAN.H11MO.0.C	4	3.84798e-05	0.029591	0.0293828	11	CCCTTCCATTC	GATTCCATTCCATTC	-
629-CCCTTCCATTC	ZN394_HUMAN.H11MO.1.D	-2	0.000119905	0.092207	0.0610389	9	CCCTTCCATTC	ATTCCATTC	-
630-CCGACGTCA	ATF6A_HUMAN.H11MO.0.B	-1	0.000185782	0.142866	0.118806	8	CCGACGTCA	CCACGTCACCAC	-
630-CCGACGTCA	CREM_HUMAN.H11MO.0.C	2	0.000192026	0.147668	0.118806	9	CCGACGTCA	CACTGACGTCA	+
630-CCGACGTCA	ATF2_HUMAN.H11MO.2.C	0	0.000237445	0.182595	0.118806	9	CCGACGTCA	GTGACGTCATC	-
630-CCGACGTCA	JDP2_HUMAN.H11MO.0.D	0	0.000460813	0.354365	0.118806	9	CCGACGTCA	ATGACGTCATCA	-
630-CCGACGTCA	ATF1_HUMAN.H11MO.0.B	-1	0.000656025	0.504483	0.118806	8	CCGACGTCA	TGACGTCACCG	-
630-CCGACGTCA	CREB1_HUMAN.H11MO.0.A	-1	0.000700299	0.53853	0.118806	8	CCGACGTCA	TGACGTCATCG	-
630-CCGACGTCA	ATF2_HUMAN.H11MO.0.B	0	0.000906978	0.697466	0.118806	9	CCGACGTCA	ATGACGTCATC	-
630-CCGACGTCA	CREB3_HUMAN.H11MO.0.D	1	0.000953233	0.733036	0.118806	9	CCGACGTCA	TGCCACGTCACCA	-
630-CCGACGTCA	ATF7_HUMAN.H11MO.0.D	1	0.000966946	0.743582	0.118806	9	CCGACGTCA	GATGACGTCAT	+
630-CCGACGTCA	E4F1_HUMAN.H11MO.0.D	-2	0.000975605	0.750241	0.118806	7	CCGACGTCA	GACGTCACG	-
630-CCGACGTCA	CREB5_HUMAN.H11MO.0.D	1	0.00170133	1.30832	0.161797	9	CCGACGTCA	GATGACGTCAT	+
630-CCGACGTCA	XBP1_HUMAN.H11MO.0.D	0	0.00192355	1.47921	0.162605	9	CCGACGTCA	GCCACGTCAGC	-
630-CCGACGTCA	CR3L2_HUMAN.H11MO.0.D	1	0.00259818	1.998	0.208074	9	CCGACGTCA	TGCCACGTCATCA	-
630-CCGACGTCA	ATF3_HUMAN.H11MO.0.A	0	0.00276262	2.12446	0.210182	9	CCGACGTCA	ATCACGTCACC	-
630-CCGACGTCA	ERR2_HUMAN.H11MO.0.A	0	0.00333759	2.56661	0.241834	9	CCGACGTCA	TCAAGGTCA	+
630-CCGACGTCA	HINFP_HUMAN.H11MO.0.C	7	0.00371238	2.85482	0.256763	9	CCGACGTCA	GCGCTAGCGGACGTTA	+
630-CCGACGTCA	RXRA_HUMAN.H11MO.1.A	0	0.00494862	3.80549	0.313744	9	CCGACGTCA	CAGAGGTCAG	+
630-CCGACGTCA	ERR3_HUMAN.H11MO.0.B	0	0.00529991	4.07563	0.322576	9	CCGACGTCA	TCAAGGTCA	+
630-CCGACGTCA	RXRB_HUMAN.H11MO.0.C	-1	0.00692573	5.32589	0.390306	8	CCGACGTCA	TGAGGTCACA	+
630-CCGACGTCA	THA_HUMAN.H11MO.1.D	0	0.00773224	5.9461	0.420194	9	CCGACGTCA	CTCAGGTCAG	+
630-CCGACGTCA	STF1_HUMAN.H11MO.0.B	2	0.00863614	6.6412	0.453132	9	CCGACGTCA	GCTCAAGGCCA	+
630-CCGACGTCA	COT1_HUMAN.H11MO.1.C	1	0.00976609	7.51012	0.495339	9	CCGACGTCA	GCAGAGGTCAGGG	+
631-CCGCCCCCTCTC	ZN148_HUMAN.H11MO.0.D	2	1.72175e-05	0.0132403	0.0203546	12	CCGCCCCCTCTC	CCCCTCCCCCACCCC	-
631-CCGCCCCCTCTC	SP2_HUMAN.H11MO.0.A	9	3.10702e-05	0.023893	0.0203546	12	CCGCCCCCTCTC	CCCCCGGCCCCGCCCCCCCCCC	-
631-CCGCCCCCTCTC	EGR1_HUMAN.H11MO.0.A	3	4.844e-05	0.0372504	0.0203546	12	CCGCCCCCTCTC	CCCCCGCCCACGCCCTC	-
631-CCGCCCCCTCTC	EGR2_HUMAN.H11MO.0.A	2	5.57578e-05	0.0428778	0.0203546	12	CCGCCCCCTCTC	CCCCTCCCACACCCCCCC	-
631-CCGCCCCCTCTC	ZN281_HUMAN.H11MO.0.A	3	7.85122e-05	0.0603759	0.0203546	12	CCGCCCCCTCTC	TCCCCTCCCCCACCC	-
631-CCGCCCCCTCTC	SP3_HUMAN.H11MO.0.B	8	8.55761e-05	0.065808	0.0203546	12	CCGCCCCCTCTC	CCCCGGCCCCGCCCCCCCCC	-
631-CCGCCCCCTCTC	EGR2_HUMAN.H11MO.1.A	3	9.51476e-05	0.0731685	0.0203546	12	CCGCCCCCTCTC	CCCCCGCCCACGCCCC	-
631-CCGCCCCCTCTC	SP1_HUMAN.H11MO.1.A	5	0.000139434	0.107225	0.0232349	9	CCGCCCCCTCTC	CGGCCCCGCCCCCC	-
631-CCGCCCCCTCTC	INSM1_HUMAN.H11MO.0.C	-1	0.000159263	0.122473	0.0232349	11	CCGCCCCCTCTC	TGCCCCCTGACA	-
631-CCGCCCCCTCTC	SP4_HUMAN.H11MO.0.A	7	0.000172098	0.132344	0.0232349	12	CCGCCCCCTCTC	CCCGGCCCCGCCCCCTTCCC	-
631-CCGCCCCCTCTC	CTCFL_HUMAN.H11MO.0.A	2	0.000172694	0.132802	0.0232349	12	CCGCCCCCTCTC	CGGCGCCCCCTGGCGGC	-
631-CCGCCCCCTCTC	SP2_HUMAN.H11MO.1.B	3	0.000202889	0.156022	0.0232349	9	CCGCCCCCTCTC	GCCCCGCCCCCT	-
631-CCGCCCCCTCTC	WT1_HUMAN.H11MO.0.C	8	0.000207263	0.159385	0.0232349	12	CCGCCCCCTCTC	CCCCCCCTCCTCCCCCGCCC	-
631-CCGCCCCCTCTC	KLF13_HUMAN.H11MO.0.D	1	0.000217223	0.167044	0.0232349	10	CCGCCCCCTCTC	CACGCCCCCCT	-
631-CCGCCCCCTCTC	PATZ1_HUMAN.H11MO.0.C	9	0.000249766	0.19207	0.0249347	12	CCGCCCCCTCTC	CCTCCCCCCCCGCCCCCTCCCC	-
631-CCGCCCCCTCTC	SP4_HUMAN.H11MO.1.A	5	0.000286374	0.220222	0.025594	11	CCGCCCCCTCTC	CGGCCCCGCCCCCTCC	-
631-CCGCCCCCTCTC	SP1_HUMAN.H11MO.0.A	13	0.000300092	0.230771	0.025594	9	CCGCCCCCTCTC	CCCCCCCCCGGCCCCGCCCCCC	-
631-CCGCCCCCTCTC	ZN219_HUMAN.H11MO.0.D	1	0.000307644	0.236578	0.025594	11	CCGCCCCCTCTC	TCCGCCCCCCTC	-
631-CCGCCCCCTCTC	EGR3_HUMAN.H11MO.0.D	0	0.000334259	0.257046	0.0263447	11	CCGCCCCCTCTC	ACACCCACTCT	-
631-CCGCCCCCTCTC	ZN467_HUMAN.H11MO.0.C	9	0.000405785	0.312049	0.0303829	12	CCGCCCCCTCTC	CCCCCCCCCCCCTCCCCTCCCC	-
631-CCGCCCCCTCTC	MAZ_HUMAN.H11MO.0.A	8	0.000545875	0.419778	0.0389257	12	CCGCCCCCTCTC	CCCCCCCCCCCCCCCCTCCCCC	-
631-CCGCCCCCTCTC	TBX15_HUMAN.H11MO.0.D	3	0.000728966	0.560574	0.0496189	12	CCGCCCCCTCTC	CCCCCACCCCCCCCCCCCC	-
631-CCGCCCCCTCTC	KLF9_HUMAN.H11MO.0.C	4	0.00079784	0.613539	0.0505605	11	CCGCCCCCTCTC	GGCCACGCCCCCTCC	-
631-CCGCCCCCTCTC	TBX1_HUMAN.H11MO.0.D	4	0.000810325	0.62314	0.0505605	12	CCGCCCCCTCTC	CCGCCCACCCCTGCCCACCC	-
631-CCGCCCCCTCTC	ZBT17_HUMAN.H11MO.0.A	5	0.00086438	0.664708	0.0515272	12	CCGCCCCCTCTC	CTTCCCCTCCCCCACCCTC	-
631-CCGCCCCCTCTC	ZN740_HUMAN.H11MO.0.D	1	0.000894636	0.687975	0.0515272	12	CCGCCCCCTCTC	CCCACCCCCCCCCC	-
631-CCGCCCCCTCTC	KLF3_HUMAN.H11MO.0.B	7	0.00102317	0.78682	0.0528782	12	CCGCCCCCTCTC	CCCGGCCCCGCCCCTCCCC	-
631-CCGCCCCCTCTC	MAZ_HUMAN.H11MO.1.A	-3	0.00102403	0.787476	0.0528782	9	CCGCCCCCTCTC	CCCCCTCCCTC	-
631-CCGCCCCCTCTC	KLF12_HUMAN.H11MO.0.C	3	0.00102403	0.787476	0.0528782	8	CCGCCCCCTCTC	GCCCCGCCCCT	-
631-CCGCCCCCTCTC	KLF14_HUMAN.H11MO.0.D	3	0.00124207	0.955153	0.0597946	10	CCGCCCCCTCTC	GCCACGCCCCCCT	-
631-CCGCCCCCTCTC	KLF15_HUMAN.H11MO.0.A	1	0.00127776	0.982596	0.0597946	12	CCGCCCCCTCTC	CCCCCCCCTGCTCCTCCCC	-
631-CCGCCCCCTCTC	KLF16_HUMAN.H11MO.0.D	1	0.00127776	0.982596	0.0597946	12	CCGCCCCCTCTC	CCCCCCCCCCCCCGCCCCC	-
631-CCGCCCCCTCTC	ZN768_HUMAN.H11MO.0.C	0	0.00176564	1.35778	0.080122	12	CCGCCCCCTCTC	ACTTAACCTCTCTGAGCCTC	-
631-CCGCCCCCTCTC	TFDP1_HUMAN.H11MO.0.C	5	0.00200508	1.54191	0.0883113	9	CCGCCCCCTCTC	TTTTCCCGCCCCCC	-
631-CCGCCCCCTCTC	VEZF1_HUMAN.H11MO.0.C	2	0.00211507	1.62649	0.0904942	12	CCGCCCCCTCTC	CCCCTCCCCCTCCCCCCTCCCC	-
631-CCGCCCCCTCTC	KLF4_HUMAN.H11MO.0.A	1	0.00217835	1.67515	0.0906126	9	CCGCCCCCTCTC	GCCACACCCT	-
631-CCGCCCCCTCTC	PATZ1_HUMAN.H11MO.1.C	-4	0.00243204	1.87024	0.0984311	8	CCGCCCCCTCTC	CCCCTCCCT	-
631-CCGCCCCCTCTC	KLF1_HUMAN.H11MO.0.A	1	0.00273924	2.10648	0.107947	12	CCGCCCCCTCTC	CCCGGCCCCGCCCC	-
631-CCGCCCCCTCTC	KLF6_HUMAN.H11MO.0.A	3	0.00286282	2.20151	0.109924	12	CCGCCCCCTCTC	CCCCCGGCCCCGCCCTTCC	-
631-CCGCCCCCTCTC	KLF5_HUMAN.H11MO.0.A	1	0.00303535	2.33418	0.110915	12	CCGCCCCCTCTC	CCCAGCCCCACCCT	-
631-CCGCCCCCTCTC	E2F4_HUMAN.H11MO.0.A	5	0.00303677	2.33528	0.110915	8	CCGCCCCCTCTC	ATTTCCCGCCCCC	-
631-CCGCCCCCTCTC	ZSC22_HUMAN.H11MO.0.C	3	0.00325349	2.50194	0.116002	12	CCGCCCCCTCTC	CCTCCTCCCTCAGACC	-
631-CCGCCCCCTCTC	E2F1_HUMAN.H11MO.0.A	5	0.0039118	3.00817	0.133203	9	CCGCCCCCTCTC	CTTTCCCGCCCCCC	-
631-CCGCCCCCTCTC	GLIS1_HUMAN.H11MO.0.D	-1	0.00391386	3.00976	0.133203	11	CCGCCCCCTCTC	AGACCCCCCACGA	-
631-CCGCCCCCTCTC	PLAL1_HUMAN.H11MO.0.D	0	0.00402633	3.09625	0.133986	10	CCGCCCCCTCTC	GGGCCCCCCG	-
631-CCGCCCCCTCTC	EGR4_HUMAN.H11MO.0.D	3	0.0042263	3.25002	0.137583	8	CCGCCCCCTCTC	GCCCTGCCGCC	-
631-CCGCCCCCTCTC	ZN263_HUMAN.H11MO.0.A	8	0.0043283	3.32846	0.137906	12	CCGCCCCCTCTC	CTCCTCCTCTCCCTCCTCCC	-
631-CCGCCCCCTCTC	CTCF_HUMAN.H11MO.0.A	2	0.00479223	3.68523	0.149506	12	CCGCCCCCTCTC	TGGCGCCCCCTGGTGGCCA	-
631-CCGCCCCCTCTC	KLF8_HUMAN.H11MO.0.C	-1	0.00549651	4.22681	0.167979	9	CCGCCCCCTCTC	CACCCCCTG	-
631-CCGCCCCCTCTC	ZBT7A_HUMAN.H11MO.0.A	0	0.00615037	4.72963	0.184202	9	CCGCCCCCTCTC	GAGACCCCC	-
631-CCGCCCCCTCTC	XBP1_HUMAN.H11MO.0.D	-2	0.00705346	5.42411	0.207107	10	CCGCCCCCTCTC	GCCACGTCAGC	-
631-CCGCCCCCTCTC	TAF1_HUMAN.H11MO.0.A	3	0.00758827	5.83538	0.218526	12	CCGCCCCCTCTC	CCGCCGCCGCCATCTT	-
631-CCGCCCCCTCTC	ZN770_HUMAN.H11MO.0.C	10	0.0085296	6.55926	0.240999	12	CCGCCCCCTCTC	GATCCTCCCGCCTCAGCCTCCC	-
631-CCGCCCCCTCTC	SALL4_HUMAN.H11MO.0.B	-1	0.00893663	6.87227	0.247824	10	CCGCCCCCTCTC	CCCACCCTCC	-
631-CCGCCCCCTCTC	GLIS3_HUMAN.H11MO.0.D	-2	0.00940885	7.2354	0.255285	10	CCGCCCCCTCTC	TACCCCCCAC	-
631-CCGCCCCCTCTC	ZIC1_HUMAN.H11MO.0.B	2	0.00954663	7.34136	0.255285	7	CCGCCCCCTCTC	GACCACCCC	-
631-CCGCCCCCTCTC	ZBTB4_HUMAN.H11MO.0.D	1	0.0100917	7.76048	0.265125	12	CCGCCCCCTCTC	CCCACCTGCCATCTAGG	-
631-CCGCCCCCTCTC	E2F7_HUMAN.H11MO.0.B	6	0.0143532	11.0376	0.370581	7	CCGCCCCCTCTC	CCTTTCCCGCCCC	-
631-CCGCCCCCTCTC	NR0B1_HUMAN.H11MO.0.D	0	0.0148163	11.3938	0.376055	10	CCGCCCCCTCTC	TCTCCCACGC	-
631-CCGCCCCCTCTC	THAP1_HUMAN.H11MO.0.C	2	0.0166909	12.8353	0.416574	12	CCGCCCCCTCTC	CGCCGCCATCTTGGCTGCGGGC	+
631-CCGCCCCCTCTC	ZN770_HUMAN.H11MO.1.C	2	0.0177678	13.6634	0.436181	9	CCGCCCCCTCTC	CTCAGCCTCCC	-
631-CCGCCCCCTCTC	VEZF1_HUMAN.H11MO.1.C	0	0.0186974	14.3783	0.447431	12	CCGCCCCCTCTC	CCCCCTCCCCCT	-
631-CCGCCCCCTCTC	ZBT14_HUMAN.H11MO.0.C	-2	0.018896	14.531	0.447431	9	CCGCCCCCTCTC	GCGCGCTCC	-
631-CCGCCCCCTCTC	WT1_HUMAN.H11MO.1.B	-3	0.0195079	15.0016	0.447431	9	CCGCCCCCTCTC	CCTCCTCCCAC	-
631-CCGCCCCCTCTC	GLIS2_HUMAN.H11MO.0.D	-2	0.0196719	15.1277	0.447431	10	CCGCCCCCTCTC	GACCCCCCGCGAAG	-
631-CCGCCCCCTCTC	E2F6_HUMAN.H11MO.0.A	0	0.01972	15.1647	0.447431	12	CCGCCCCCTCTC	CCCTTCCCGCCCC	-
631-CCGCCCCCTCTC	ERG_HUMAN.H11MO.0.A	0	0.0206219	15.8583	0.460912	12	CCGCCCCCTCTC	CCACTTCCTGCCC	-
631-CCGCCCCCTCTC	ZN341_HUMAN.H11MO.0.C	7	0.0210326	16.1741	0.463177	12	CCGCCCCCTCTC	GCTCTTCCCTCCCCCCCCCCCC	-
631-CCGCCCCCTCTC	ZIC4_HUMAN.H11MO.0.D	0	0.0215993	16.6098	0.468763	12	CCGCCCCCTCTC	GACCCCCCGCTGTGC	-
633-CCGGGGGCGCCT	CTCFL_HUMAN.H11MO.0.A	5	0.000125034	0.0961513	0.107381	12	CCGGGGGCGCCT	GCCGCCAGGGGGCGCCG	+
633-CCGGGGGCGCCT	PRDM4_HUMAN.H11MO.0.D	-1	0.000164144	0.126227	0.107381	11	CCGGGGGCGCCT	GTGGGGGGCCTTGAAA	+
633-CCGGGGGCGCCT	AP2D_HUMAN.H11MO.0.D	2	0.000210047	0.161526	0.107381	12	CCGGGGGCGCCT	CGCCCGAGGCGCGT	+
633-CCGGGGGCGCCT	PLAL1_HUMAN.H11MO.0.D	0	0.000311505	0.239547	0.119436	10	CCGGGGGCGCCT	CGGGGGGCCC	+
633-CCGGGGGCGCCT	KLF13_HUMAN.H11MO.0.D	0	0.000903681	0.69493	0.277189	11	CCGGGGGCGCCT	AGGGGGGCGTG	+
633-CCGGGGGCGCCT	KLF8_HUMAN.H11MO.0.C	0	0.00138212	1.06285	0.353286	9	CCGGGGGCGCCT	CAGGGGGTG	+
633-CCGGGGGCGCCT	AP2B_HUMAN.H11MO.0.B	2	0.00170701	1.31269	0.373997	8	CCGGGGGCGCCT	GCCCGGGGGC	+
633-CCGGGGGCGCCT	ZBT7A_HUMAN.H11MO.0.A	-1	0.00239099	1.83867	0.401443	9	CCGGGGGCGCCT	GGGGGTCTC	+
633-CCGGGGGCGCCT	CTCF_HUMAN.H11MO.0.A	7	0.00252391	1.94089	0.401443	12	CCGGGGGCGCCT	TGGCCACCAGGGGGCGCCA	+
633-CCGGGGGCGCCT	INSM1_HUMAN.H11MO.0.C	3	0.00261754	2.01289	0.401443	9	CCGGGGGCGCCT	TGTCAGGGGGCA	+
633-CCGGGGGCGCCT	ZN320_HUMAN.H11MO.0.C	7	0.0034471	2.65082	0.480609	12	CCGGGGGCGCCT	GTGGGACCAGGGGGCCAGTG	+
636-CCTGCTTTC	BCL6B_HUMAN.H11MO.0.D	-1	0.000166483	0.128026	0.256051	8	CCTGCTTTC	ATGCTTTCTAG	+
637-CCTGGCCCCTC	SP1_HUMAN.H11MO.0.A	6	7.43498e-05	0.057175	0.111789	11	CCTGGCCCCTC	CCCCCCCCCGGCCCCGCCCCCC	-
637-CCTGGCCCCTC	ZN320_HUMAN.H11MO.0.C	9	0.000196974	0.151473	0.14808	11	CCTGGCCCCTC	CACTGGCCCCCTGGTCCCAC	-
637-CCTGGCCCCTC	KLF1_HUMAN.H11MO.0.A	0	0.000471089	0.362267	0.196909	11	CCTGGCCCCTC	CCCGGCCCCGCCCC	-
637-CCTGGCCCCTC	KLF15_HUMAN.H11MO.0.A	5	0.000754448	0.58017	0.196909	11	CCTGGCCCCTC	CCCCCCCCTGCTCCTCCCC	-
637-CCTGGCCCCTC	SP1_HUMAN.H11MO.1.A	3	0.00101134	0.777722	0.196909	11	CCTGGCCCCTC	CGGCCCCGCCCCCC	-
637-CCTGGCCCCTC	SP3_HUMAN.H11MO.0.B	1	0.00111863	0.860229	0.196909	11	CCTGGCCCCTC	CCCCGGCCCCGCCCCCCCCC	-
637-CCTGGCCCCTC	KLF12_HUMAN.H11MO.0.C	1	0.0011566	0.889426	0.196909	10	CCTGGCCCCTC	GCCCCGCCCCT	-
637-CCTGGCCCCTC	PLAL1_HUMAN.H11MO.0.D	-2	0.00121182	0.931888	0.196909	9	CCTGGCCCCTC	GGGCCCCCCG	-
637-CCTGGCCCCTC	ZSC22_HUMAN.H11MO.0.C	0	0.00141797	1.09042	0.196909	11	CCTGGCCCCTC	CCTCCTCCCTCAGACC	-
637-CCTGGCCCCTC	KLF3_HUMAN.H11MO.0.B	0	0.0019163	1.47364	0.196909	11	CCTGGCCCCTC	CCCGGCCCCGCCCCTCCCC	-
637-CCTGGCCCCTC	KLF5_HUMAN.H11MO.0.A	0	0.00198573	1.52703	0.196909	11	CCTGGCCCCTC	CCCAGCCCCACCCT	-
637-CCTGGCCCCTC	SP2_HUMAN.H11MO.0.A	2	0.00198675	1.52781	0.196909	11	CCTGGCCCCTC	CCCCCGGCCCCGCCCCCCCCCC	-
637-CCTGGCCCCTC	COT1_HUMAN.H11MO.1.C	1	0.00199127	1.53129	0.196909	11	CCTGGCCCCTC	CCCTGACCTCTGC	-
637-CCTGGCCCCTC	KLF6_HUMAN.H11MO.0.A	2	0.00202759	1.55922	0.196909	11	CCTGGCCCCTC	CCCCCGGCCCCGCCCTTCC	-
637-CCTGGCCCCTC	TBX1_HUMAN.H11MO.0.D	9	0.00210849	1.62143	0.196909	11	CCTGGCCCCTC	CCGCCCACCCCTGCCCACCC	-
637-CCTGGCCCCTC	ZN816_HUMAN.H11MO.1.C	2	0.0022159	1.70403	0.196909	11	CCTGGCCCCTC	TGCATGTCCCCCTT	-
637-CCTGGCCCCTC	ZN467_HUMAN.H11MO.0.C	8	0.00222636	1.71207	0.196909	11	CCTGGCCCCTC	CCCCCCCCCCCCTCCCCTCCCC	-
637-CCTGGCCCCTC	COT1_HUMAN.H11MO.0.C	1	0.00298508	2.29553	0.225278	11	CCTGGCCCCTC	CCCTGACCTCTGACCCC	-
637-CCTGGCCCCTC	SP4_HUMAN.H11MO.0.A	0	0.00311442	2.39499	0.225278	11	CCTGGCCCCTC	CCCGGCCCCGCCCCCTTCCC	-
637-CCTGGCCCCTC	ZN219_HUMAN.H11MO.0.D	1	0.00323521	2.48788	0.225278	11	CCTGGCCCCTC	TCCGCCCCCCTC	-
637-CCTGGCCCCTC	PATZ1_HUMAN.H11MO.0.C	8	0.00329448	2.53345	0.225278	11	CCTGGCCCCTC	CCTCCCCCCCCGCCCCCTCCCC	-
637-CCTGGCCCCTC	ZN148_HUMAN.H11MO.0.D	1	0.00346445	2.66416	0.225278	11	CCTGGCCCCTC	CCCCTCCCCCACCCC	-
637-CCTGGCCCCTC	EGR4_HUMAN.H11MO.0.D	2	0.00348184	2.67754	0.225278	9	CCTGGCCCCTC	GCCCTGCCGCC	-
637-CCTGGCCCCTC	SMAD2_HUMAN.H11MO.0.A	2	0.00359593	2.76527	0.225278	10	CCTGGCCCCTC	TGTCTGTCACCT	+
637-CCTGGCCCCTC	INSM1_HUMAN.H11MO.0.C	-2	0.00443294	3.40893	0.249025	9	CCTGGCCCCTC	TGCCCCCTGACA	-
637-CCTGGCCCCTC	PPARD_HUMAN.H11MO.0.D	3	0.00443493	3.41046	0.249025	11	CCTGGCCCCTC	TGACCTTTGTCCTA	-
637-CCTGGCCCCTC	PRDM4_HUMAN.H11MO.0.D	3	0.00447186	3.43886	0.249025	11	CCTGGCCCCTC	TTTCAAGGCCCCCCAC	-
637-CCTGGCCCCTC	ZN281_HUMAN.H11MO.0.A	2	0.00475274	3.65486	0.255214	11	CCTGGCCCCTC	TCCCCTCCCCCACCC	-
637-CCTGGCCCCTC	ZN257_HUMAN.H11MO.0.C	2	0.00517674	3.98091	0.258131	10	CCTGGCCCCTC	GCTCTTGCCTCT	+
637-CCTGGCCCCTC	ZN816_HUMAN.H11MO.0.C	5	0.00552077	4.24547	0.258131	11	CCTGGCCCCTC	CCCTGCATGTCCCCCTTTTTT	-
637-CCTGGCCCCTC	MAZ_HUMAN.H11MO.1.A	-4	0.00558375	4.2939	0.258131	7	CCTGGCCCCTC	CCCCCTCCCTC	-
637-CCTGGCCCCTC	WT1_HUMAN.H11MO.0.C	1	0.00563316	4.3319	0.258131	11	CCTGGCCCCTC	CCCCCCCTCCTCCCCCGCCC	-
637-CCTGGCCCCTC	MAZ_HUMAN.H11MO.0.A	7	0.00566546	4.35674	0.258131	11	CCTGGCCCCTC	CCCCCCCCCCCCCCCCTCCCCC	-
637-CCTGGCCCCTC	SMAD3_HUMAN.H11MO.0.B	1	0.00603582	4.64154	0.266917	11	CCTGGCCCCTC	CTCTGTCACCTG	+
637-CCTGGCCCCTC	ZN768_HUMAN.H11MO.0.C	1	0.00659318	5.07016	0.279014	11	CCTGGCCCCTC	ACTTAACCTCTCTGAGCCTC	-
637-CCTGGCCCCTC	ZF64A_HUMAN.H11MO.0.D	7	0.00676945	5.20571	0.279014	9	CCTGGCCCCTC	CAGGTTCCCGGGCCCC	-
637-CCTGGCCCCTC	PPARA_HUMAN.H11MO.1.B	-1	0.00686609	5.28002	0.279014	9	CCTGGCCCCTC	CTGACCTTT	-
637-CCTGGCCCCTC	ZFX_HUMAN.H11MO.0.A	0	0.00722205	5.55376	0.285756	10	CCTGGCCCCTC	CCAGGCCCCG	+
637-CCTGGCCCCTC	ZBT48_HUMAN.H11MO.0.C	0	0.00776806	5.97364	0.299479	11	CCTGGCCCCTC	CACGGTCCCTAA	-
637-CCTGGCCCCTC	SP2_HUMAN.H11MO.1.B	2	0.00901822	6.93501	0.32529	10	CCTGGCCCCTC	GCCCCGCCCCCT	-
637-CCTGGCCCCTC	SP4_HUMAN.H11MO.1.A	-2	0.00916424	7.0473	0.32529	9	CCTGGCCCCTC	CGGCCCCGCCCCCTCC	-
637-CCTGGCCCCTC	RXRA_HUMAN.H11MO.0.A	1	0.00945174	7.26839	0.32529	11	CCTGGCCCCTC	CTCTGACCTCTGCCTCCCCC	-
637-CCTGGCCCCTC	SMAD4_HUMAN.H11MO.0.B	3	0.0094704	7.28274	0.32529	10	CCTGGCCCCTC	CTGTCTGGCACCT	+
637-CCTGGCCCCTC	PATZ1_HUMAN.H11MO.1.C	-5	0.0095193	7.32034	0.32529	6	CCTGGCCCCTC	CCCCTCCCT	-
637-CCTGGCCCCTC	KLF14_HUMAN.H11MO.0.D	1	0.0104469	8.03365	0.349054	11	CCTGGCCCCTC	GCCACGCCCCCCT	-
637-CCTGGCCCCTC	NFIB_HUMAN.H11MO.0.D	1	0.0111744	8.59308	0.349238	8	CCTGGCCCCTC	CCCTGGCAG	+
637-CCTGGCCCCTC	COT2_HUMAN.H11MO.0.A	2	0.0115157	8.85555	0.349238	11	CCTGGCCCCTC	CCTCTGACCTTTG	-
637-CCTGGCCCCTC	ZN263_HUMAN.H11MO.0.A	7	0.0115608	8.89024	0.349238	11	CCTGGCCCCTC	CTCCTCCTCTCCCTCCTCCC	-
637-CCTGGCCCCTC	HIC2_HUMAN.H11MO.0.D	1	0.0118735	9.13073	0.349238	10	CCTGGCCCCTC	GCCTGGCATGG	-
637-CCTGGCCCCTC	NFIA_HUMAN.H11MO.1.D	0	0.0120388	9.25781	0.349238	7	CCTGGCCCCTC	CTTGGCA	+
637-CCTGGCCCCTC	NFIC_HUMAN.H11MO.0.A	0	0.0120602	9.27433	0.349238	11	CCTGGCCCCTC	CTTGGCTCCCTGCCAAG	+
637-CCTGGCCCCTC	RXRA_HUMAN.H11MO.1.A	-1	0.0120783	9.28822	0.349238	10	CCTGGCCCCTC	CTGACCTCTG	-
637-CCTGGCCCCTC	ZN740_HUMAN.H11MO.0.D	0	0.0127228	9.78384	0.360933	11	CCTGGCCCCTC	CCCACCCCCCCCCC	-
637-CCTGGCCCCTC	NR1H4_HUMAN.H11MO.1.B	0	0.0131378	10.103	0.365803	8	CCTGGCCCCTC	ACTGACCT	-
637-CCTGGCCCCTC	ZN770_HUMAN.H11MO.0.C	3	0.0135878	10.449	0.371453	11	CCTGGCCCCTC	GATCCTCCCGCCTCAGCCTCCC	-
637-CCTGGCCCCTC	RARG_HUMAN.H11MO.1.B	-1	0.0146803	11.2891	0.386753	8	CCTGGCCCCTC	CTGACCTC	-
637-CCTGGCCCCTC	KLF16_HUMAN.H11MO.0.D	4	0.0149033	11.4606	0.386753	11	CCTGGCCCCTC	CCCCCCCCCCCCCGCCCCC	-
637-CCTGGCCCCTC	ZFX_HUMAN.H11MO.1.A	6	0.0153799	11.8271	0.386753	11	CCTGGCCCCTC	CCCCGGCCTCCGCCCCC	-
637-CCTGGCCCCTC	TBX15_HUMAN.H11MO.0.D	6	0.015646	12.0317	0.386753	11	CCTGGCCCCTC	CCCCCACCCCCCCCCCCCC	-
637-CCTGGCCCCTC	KLF9_HUMAN.H11MO.0.C	2	0.0157263	12.0935	0.386753	11	CCTGGCCCCTC	GGCCACGCCCCCTCC	-
637-CCTGGCCCCTC	RORA_HUMAN.H11MO.0.C	1	0.0161016	12.3821	0.386753	11	CCTGGCCCCTC	CCCTGACCTAGTT	-
637-CCTGGCCCCTC	VDR_HUMAN.H11MO.1.A	-1	0.0161287	12.403	0.386753	9	CCTGGCCCCTC	CTGAACCCA	-
637-CCTGGCCCCTC	RARA_HUMAN.H11MO.1.A	1	0.0162837	12.5222	0.386753	9	CCTGGCCCCTC	CCCTGACCTT	-
637-CCTGGCCCCTC	VEZF1_HUMAN.H11MO.0.C	1	0.0165522	12.7287	0.386753	11	CCTGGCCCCTC	CCCCTCCCCCTCCCCCCTCCCC	-
637-CCTGGCCCCTC	ZBT7A_HUMAN.H11MO.0.A	-2	0.0169828	13.0598	0.386753	9	CCTGGCCCCTC	GAGACCCCC	-
637-CCTGGCCCCTC	NFIC_HUMAN.H11MO.1.A	1	0.0169828	13.0598	0.386753	8	CCTGGCCCCTC	TCTTGGCAG	+
637-CCTGGCCCCTC	ZBT17_HUMAN.H11MO.0.A	4	0.0172341	13.253	0.386753	11	CCTGGCCCCTC	CTTCCCCTCCCCCACCCTC	-
637-CCTGGCCCCTC	COT2_HUMAN.H11MO.1.A	1	0.0177546	13.6533	0.392573	11	CCTGGCCCCTC	CCCTGACCTTTGACCCC	-
637-CCTGGCCCCTC	NR1H3_HUMAN.H11MO.1.B	0	0.0217998	16.764	0.472491	10	CCTGGCCCCTC	TCTGACCTTT	-
637-CCTGGCCCCTC	TBX3_HUMAN.H11MO.0.C	-1	0.0220786	16.9784	0.472491	10	CCTGGCCCCTC	TTCCCACCTCC	-
637-CCTGGCCCCTC	GLIS1_HUMAN.H11MO.0.D	-2	0.0223117	17.1577	0.472491	9	CCTGGCCCCTC	AGACCCCCCACGA	-
637-CCTGGCCCCTC	ZN554_HUMAN.H11MO.1.D	-2	0.0230309	17.7107	0.479199	9	CCTGGCCCCTC	TGGCTCTGC	-
637-CCTGGCCCCTC	SRBP2_HUMAN.H11MO.0.B	0	0.0233587	17.9628	0.479199	11	CCTGGCCCCTC	CCTCACCCCACCC	-
637-CCTGGCCCCTC	EGR2_HUMAN.H11MO.0.A	1	0.0239089	18.3859	0.479199	11	CCTGGCCCCTC	CCCCTCCCACACCCCCCC	-
637-CCTGGCCCCTC	GLIS3_HUMAN.H11MO.0.D	-3	0.0239912	18.4492	0.479199	8	CCTGGCCCCTC	TACCCCCCAC	-
637-CCTGGCCCCTC	RFX1_HUMAN.H11MO.1.B	1	0.0242221	18.6268	0.479199	10	CCTGGCCCCTC	CCATGGCAACC	-
637-CCTGGCCCCTC	KLF4_HUMAN.H11MO.0.A	1	0.0251612	19.3489	0.491314	9	CCTGGCCCCTC	GCCACACCCT	-
637-CCTGGCCCCTC	EGR1_HUMAN.H11MO.0.A	2	0.0258167	19.8531	0.497651	11	CCTGGCCCCTC	CCCCCGCCCACGCCCTC	-
641-CGACGTCACCGAC	ATF6A_HUMAN.H11MO.0.B	0	0.000121491	0.0934266	0.071552	12	CGACGTCACCGAC	CCACGTCACCAC	-
641-CGACGTCACCGAC	E4F1_HUMAN.H11MO.0.D	-1	0.000126319	0.0971391	0.071552	9	CGACGTCACCGAC	GACGTCACG	-
641-CGACGTCACCGAC	ATF1_HUMAN.H11MO.0.B	0	0.000154807	0.119047	0.071552	11	CGACGTCACCGAC	TGACGTCACCG	-
641-CGACGTCACCGAC	CREM_HUMAN.H11MO.0.C	0	0.000187522	0.144204	0.071552	11	CGACGTCACCGAC	TGACGTCAGTG	-
641-CGACGTCACCGAC	CREB1_HUMAN.H11MO.0.A	0	0.00030945	0.237967	0.0932748	11	CGACGTCACCGAC	TGACGTCATCG	-
641-CGACGTCACCGAC	ATF2_HUMAN.H11MO.2.C	1	0.000395352	0.304026	0.0932748	10	CGACGTCACCGAC	GTGACGTCATC	-
641-CGACGTCACCGAC	CREB3_HUMAN.H11MO.0.D	2	0.000427792	0.328972	0.0932748	11	CGACGTCACCGAC	TGCCACGTCACCA	-
641-CGACGTCACCGAC	XBP1_HUMAN.H11MO.0.D	1	0.000601964	0.462911	0.108755	10	CGACGTCACCGAC	GCCACGTCAGC	-
641-CGACGTCACCGAC	ATF7_HUMAN.H11MO.0.D	1	0.000677528	0.521019	0.108755	10	CGACGTCACCGAC	ATGACGTCATC	-
641-CGACGTCACCGAC	JDP2_HUMAN.H11MO.0.D	1	0.000712559	0.547958	0.108755	11	CGACGTCACCGAC	ATGACGTCATCA	-
641-CGACGTCACCGAC	ATF3_HUMAN.H11MO.0.A	1	0.000907294	0.697709	0.122262	10	CGACGTCACCGAC	ATCACGTCACC	-
641-CGACGTCACCGAC	ATF2_HUMAN.H11MO.0.B	1	0.000961265	0.739213	0.122262	10	CGACGTCACCGAC	ATGACGTCATC	-
641-CGACGTCACCGAC	CREB5_HUMAN.H11MO.0.D	1	0.00120875	0.929531	0.141913	10	CGACGTCACCGAC	ATGACGTCATC	-
641-CGACGTCACCGAC	CR3L2_HUMAN.H11MO.0.D	2	0.00260205	2.00098	0.248213	11	CGACGTCACCGAC	TGCCACGTCATCA	-
641-CGACGTCACCGAC	RXRB_HUMAN.H11MO.0.C	0	0.00558664	4.29612	0.463635	10	CGACGTCACCGAC	TGAGGTCACA	+
641-CGACGTCACCGAC	ERR1_HUMAN.H11MO.0.A	2	0.00607543	4.67201	0.463635	13	CGACGTCACCGAC	CTCAAGGTCACACAG	+
643-CGCAACCATCTGCGG	NDF2_HUMAN.H11MO.0.B	-5	0.000129751	0.0997788	0.172097	9	CGCAACCATCTGCGG	CCATCTGTT	-
643-CGCAACCATCTGCGG	ATOH1_HUMAN.H11MO.0.B	-5	0.000253697	0.195093	0.172097	9	CGCAACCATCTGCGG	CCATCTGCT	-
643-CGCAACCATCTGCGG	NDF1_HUMAN.H11MO.0.A	-4	0.000338354	0.260194	0.172097	10	CGCAACCATCTGCGG	ACCATCTGTC	-
643-CGCAACCATCTGCGG	PTF1A_HUMAN.H11MO.1.B	-5	0.000592842	0.455895	0.196715	9	CGCAACCATCTGCGG	CCAGCTGCT	-
643-CGCAACCATCTGCGG	NGN2_HUMAN.H11MO.0.D	-4	0.00064459	0.49569	0.196715	11	CGCAACCATCTGCGG	GCCATCTGCTCC	-
643-CGCAACCATCTGCGG	MYF6_HUMAN.H11MO.0.C	-6	0.000975748	0.75035	0.248147	7	CGCAACCATCTGCGG	CAGCTGC	+
643-CGCAACCATCTGCGG	HEN1_HUMAN.H11MO.0.C	1	0.00188885	1.45253	0.41174	15	CGCAACCATCTGCGG	TGGGGAGCAGCTGCGTCCCT	+
643-CGCAACCATCTGCGG	ASCL2_HUMAN.H11MO.0.D	-5	0.002334	1.79485	0.444355	9	CGCAACCATCTGCGG	CCAGCTGCT	+
643-CGCAACCATCTGCGG	ITF2_HUMAN.H11MO.0.C	-4	0.00277408	2.13326	0.444355	10	CGCAACCATCTGCGG	CCCAGCTGCC	-
643-CGCAACCATCTGCGG	TWST1_HUMAN.H11MO.1.A	-4	0.00311142	2.39268	0.444355	10	CGCAACCATCTGCGG	CACATCTGGT	+
643-CGCAACCATCTGCGG	BHA15_HUMAN.H11MO.0.B	-5	0.00320332	2.46335	0.444355	10	CGCAACCATCTGCGG	CCAGCTGCTGC	-
643-CGCAACCATCTGCGG	ZFP42_HUMAN.H11MO.0.A	0	0.00363039	2.79177	0.461631	12	CGCAACCATCTGCGG	GGCAGCCATTTT	+
646-CGCCGCCTGCCA	INSM1_HUMAN.H11MO.0.C	0	6.72233e-05	0.0516947	0.0991807	12	CGCCGCCTGCCA	TGCCCCCTGACA	-
646-CGCCGCCTGCCA	ZBTB4_HUMAN.H11MO.0.D	-1	0.000264756	0.203597	0.193271	11	CGCCGCCTGCCA	CCCACCTGCCATCTAGG	-
646-CGCCGCCTGCCA	CTCFL_HUMAN.H11MO.0.A	3	0.000505838	0.388989	0.193271	12	CGCCGCCTGCCA	CGGCGCCCCCTGGCGGC	-
646-CGCCGCCTGCCA	HES7_HUMAN.H11MO.0.D	0	0.000552616	0.424961	0.193271	12	CGCCGCCTGCCA	CGGCACGTGCCA	-
646-CGCCGCCTGCCA	HES5_HUMAN.H11MO.0.D	0	0.000654981	0.50368	0.193271	12	CGCCGCCTGCCA	CGGCACGTGCCA	-
646-CGCCGCCTGCCA	HEY1_HUMAN.H11MO.0.D	0	0.00141811	1.09053	0.295969	12	CGCCGCCTGCCA	CGACACGTGCCA	-
646-CGCCGCCTGCCA	NFIA_HUMAN.H11MO.0.C	2	0.00162539	1.24993	0.295969	12	CGCCGCCTGCCA	TTGGCACCGTGCCAA	-
646-CGCCGCCTGCCA	ZN770_HUMAN.H11MO.1.C	0	0.0018078	1.3902	0.295969	11	CGCCGCCTGCCA	CTCAGCCTCCC	-
646-CGCCGCCTGCCA	ZN335_HUMAN.H11MO.1.A	-3	0.00198333	1.52518	0.295969	7	CGCCGCCTGCCA	TGCCTGA	+
646-CGCCGCCTGCCA	SP2_HUMAN.H11MO.0.A	10	0.00200603	1.54264	0.295969	12	CGCCGCCTGCCA	CCCCCGGCCCCGCCCCCCCCCC	-
646-CGCCGCCTGCCA	SP4_HUMAN.H11MO.0.A	8	0.00257428	1.97962	0.311726	12	CGCCGCCTGCCA	CCCGGCCCCGCCCCCTTCCC	-
646-CGCCGCCTGCCA	SP2_HUMAN.H11MO.1.B	1	0.00267732	2.05886	0.311726	11	CGCCGCCTGCCA	GCCCCGCCCCCT	-
646-CGCCGCCTGCCA	ZFX_HUMAN.H11MO.0.A	0	0.00274668	2.1122	0.311726	10	CGCCGCCTGCCA	CGGGGCCTGG	-
646-CGCCGCCTGCCA	NFIC_HUMAN.H11MO.0.A	3	0.00340665	2.61971	0.351497	12	CGCCGCCTGCCA	CTTGGCTCCCTGCCAAG	+
646-CGCCGCCTGCCA	ID4_HUMAN.H11MO.0.D	0	0.00383048	2.94564	0.351497	11	CGCCGCCTGCCA	TTACACCTGTC	-
646-CGCCGCCTGCCA	ZN770_HUMAN.H11MO.0.C	11	0.00400047	3.07636	0.351497	11	CGCCGCCTGCCA	GATCCTCCCGCCTCAGCCTCCC	-
646-CGCCGCCTGCCA	ITF2_HUMAN.H11MO.0.C	-1	0.00427264	3.28566	0.351497	10	CGCCGCCTGCCA	CCCAGCTGCC	-
646-CGCCGCCTGCCA	PTF1A_HUMAN.H11MO.1.B	-2	0.0046485	3.5747	0.351497	9	CGCCGCCTGCCA	CCAGCTGCT	-
646-CGCCGCCTGCCA	SNAI1_HUMAN.H11MO.0.C	-2	0.00465929	3.58299	0.351497	8	CGCCGCCTGCCA	CCACCTGG	-
646-CGCCGCCTGCCA	CR3L1_HUMAN.H11MO.0.D	-1	0.00496566	3.81859	0.351497	11	CGCCGCCTGCCA	GCCACGTGGCA	+
646-CGCCGCCTGCCA	SP1_HUMAN.H11MO.1.A	3	0.00528857	4.06691	0.351497	11	CGCCGCCTGCCA	CGGCCCCGCCCCCC	-
646-CGCCGCCTGCCA	WT1_HUMAN.H11MO.0.C	3	0.00558617	4.29577	0.351497	12	CGCCGCCTGCCA	CCCCCCCTCCTCCCCCGCCC	-
646-CGCCGCCTGCCA	KAISO_HUMAN.H11MO.2.A	-1	0.00601654	4.62672	0.351497	11	CGCCGCCTGCCA	TCTTCCTGCGAG	-
646-CGCCGCCTGCCA	MESP1_HUMAN.H11MO.0.D	1	0.00609234	4.68501	0.351497	10	CGCCGCCTGCCA	TCCACACCTGC	-
646-CGCCGCCTGCCA	SNAI2_HUMAN.H11MO.0.A	-1	0.00622176	4.78453	0.351497	10	CGCCGCCTGCCA	TGCACCTGCC	-
646-CGCCGCCTGCCA	HEY2_HUMAN.H11MO.0.D	3	0.0062294	4.79041	0.351497	12	CGCCGCCTGCCA	TAATGCCACGTGCCCCC	-
646-CGCCGCCTGCCA	ASCL1_HUMAN.H11MO.0.A	0	0.00643247	4.94657	0.351497	12	CGCCGCCTGCCA	CTGCACCTGCTCCC	+
646-CGCCGCCTGCCA	KLF9_HUMAN.H11MO.0.C	5	0.00676751	5.20421	0.354622	10	CGCCGCCTGCCA	GGCCACGCCCCCTCC	-
646-CGCCGCCTGCCA	ZN219_HUMAN.H11MO.0.D	-1	0.00697037	5.36021	0.354622	11	CGCCGCCTGCCA	TCCGCCCCCCTC	-
646-CGCCGCCTGCCA	WT1_HUMAN.H11MO.1.B	-2	0.00745366	5.73186	0.366569	10	CGCCGCCTGCCA	CCTCCTCCCAC	-
646-CGCCGCCTGCCA	ASCL2_HUMAN.H11MO.0.D	-2	0.00858507	6.60192	0.3849	9	CGCCGCCTGCCA	CCAGCTGCT	+
646-CGCCGCCTGCCA	MYF6_HUMAN.H11MO.0.C	-3	0.00864702	6.64956	0.3849	7	CGCCGCCTGCCA	CAGCTGC	+
646-CGCCGCCTGCCA	CTCF_HUMAN.H11MO.0.A	3	0.00913079	7.02158	0.3849	12	CGCCGCCTGCCA	TGGCGCCCCCTGGTGGCCA	-
646-CGCCGCCTGCCA	TGIF1_HUMAN.H11MO.0.A	-5	0.00979873	7.53523	0.393804	7	CGCCGCCTGCCA	GCTGTCA	-
646-CGCCGCCTGCCA	TAF1_HUMAN.H11MO.0.A	4	0.01062	8.16676	0.393804	12	CGCCGCCTGCCA	CCGCCGCCGCCATCTT	-
646-CGCCGCCTGCCA	NDF2_HUMAN.H11MO.0.B	-2	0.0106524	8.19166	0.393804	9	CGCCGCCTGCCA	CCATCTGTT	-
646-CGCCGCCTGCCA	KLF8_HUMAN.H11MO.0.C	0	0.0112361	8.64057	0.393804	9	CGCCGCCTGCCA	CACCCCCTG	-
646-CGCCGCCTGCCA	MAX_HUMAN.H11MO.0.A	-2	0.0115746	8.90089	0.393804	10	CGCCGCCTGCCA	CCACGTGCTC	-
646-CGCCGCCTGCCA	TBX1_HUMAN.H11MO.0.D	4	0.0116464	8.95607	0.393804	12	CGCCGCCTGCCA	CCGCCCACCCCTGCCCACCC	-
646-CGCCGCCTGCCA	SMAD4_HUMAN.H11MO.0.B	-2	0.0119589	9.19637	0.393804	10	CGCCGCCTGCCA	CTGTCTGGCACCT	+
646-CGCCGCCTGCCA	ZIC3_HUMAN.H11MO.0.B	0	0.0119761	9.20966	0.393804	12	CGCCGCCTGCCA	GGCCCCCTGCTGTGA	+
646-CGCCGCCTGCCA	FIGLA_HUMAN.H11MO.0.D	-1	0.0127898	9.83532	0.393804	11	CGCCGCCTGCCA	AACACCTGTTA	-
646-CGCCGCCTGCCA	SP4_HUMAN.H11MO.1.A	3	0.0134157	10.3167	0.393804	12	CGCCGCCTGCCA	CGGCCCCGCCCCCTCC	-
646-CGCCGCCTGCCA	TFDP1_HUMAN.H11MO.0.C	3	0.0137122	10.5447	0.393804	11	CGCCGCCTGCCA	TTTTCCCGCCCCCC	-
646-CGCCGCCTGCCA	ZN148_HUMAN.H11MO.0.D	3	0.0137615	10.5826	0.393804	12	CGCCGCCTGCCA	CCCCTCCCCCACCCC	-
646-CGCCGCCTGCCA	SP3_HUMAN.H11MO.0.B	6	0.0140722	10.8215	0.393804	12	CGCCGCCTGCCA	CCCCGGCCCCGCCCCCCCCC	-
646-CGCCGCCTGCCA	NFIA_HUMAN.H11MO.1.D	-7	0.0141249	10.8621	0.393804	5	CGCCGCCTGCCA	TGCCAAG	-
646-CGCCGCCTGCCA	AP2B_HUMAN.H11MO.0.B	-1	0.0141417	10.8749	0.393804	10	CGCCGCCTGCCA	GCCCCCGGGC	-
646-CGCCGCCTGCCA	ATOH1_HUMAN.H11MO.0.B	-2	0.0146223	11.2446	0.393804	9	CGCCGCCTGCCA	CCATCTGCT	-
646-CGCCGCCTGCCA	ZN281_HUMAN.H11MO.0.A	4	0.0150847	11.6002	0.393804	11	CGCCGCCTGCCA	TCCCCTCCCCCACCC	-
646-CGCCGCCTGCCA	PATZ1_HUMAN.H11MO.1.C	-3	0.0154033	11.8452	0.393804	9	CGCCGCCTGCCA	CCCCTCCCT	-
646-CGCCGCCTGCCA	MAZ_HUMAN.H11MO.1.A	-2	0.0154809	11.9048	0.393804	10	CGCCGCCTGCCA	CCCCCTCCCTC	-
646-CGCCGCCTGCCA	ZIC2_HUMAN.H11MO.0.D	0	0.0157894	12.1421	0.393804	12	CGCCGCCTGCCA	GGCCCCCTGCTGTGA	+
646-CGCCGCCTGCCA	MAZ_HUMAN.H11MO.0.A	9	0.0159431	12.2602	0.393804	12	CGCCGCCTGCCA	CCCCCCCCCCCCCCCCTCCCCC	-
646-CGCCGCCTGCCA	SP1_HUMAN.H11MO.0.A	11	0.0159431	12.2602	0.393804	11	CGCCGCCTGCCA	CCCCCCCCCGGCCCCGCCCCCC	-
646-CGCCGCCTGCCA	NFIB_HUMAN.H11MO.0.D	-6	0.0162226	12.4751	0.393804	6	CGCCGCCTGCCA	CTGCCAGGG	-
646-CGCCGCCTGCCA	P63_HUMAN.H11MO.1.A	-2	0.0162306	12.4813	0.393804	10	CGCCGCCTGCCA	GAGCATGCCTG	+
646-CGCCGCCTGCCA	NDF1_HUMAN.H11MO.0.A	-1	0.0163988	12.6106	0.393804	10	CGCCGCCTGCCA	ACCATCTGTC	-
646-CGCCGCCTGCCA	ZN335_HUMAN.H11MO.0.A	12	0.0167066	12.8473	0.393804	10	CGCCGCCTGCCA	GGCTGTCCTCGGCGCTGCCTGA	+
646-CGCCGCCTGCCA	ZSC22_HUMAN.H11MO.0.C	1	0.0168763	12.9779	0.393804	12	CGCCGCCTGCCA	CCTCCTCCCTCAGACC	-
646-CGCCGCCTGCCA	ARNT2_HUMAN.H11MO.0.D	-4	0.0171157	13.162	0.393804	8	CGCCGCCTGCCA	GCCTCCCACGCC	-
646-CGCCGCCTGCCA	THAP1_HUMAN.H11MO.0.C	0	0.0175034	13.4601	0.393804	12	CGCCGCCTGCCA	CGCCGCCATCTTGGCTGCGGGC	+
646-CGCCGCCTGCCA	ZFX_HUMAN.H11MO.1.A	1	0.0184822	14.2128	0.393804	12	CGCCGCCTGCCA	CCCCGGCCTCCGCCCCC	-
646-CGCCGCCTGCCA	KLF12_HUMAN.H11MO.0.C	1	0.018684	14.368	0.393804	10	CGCCGCCTGCCA	GCCCCGCCCCT	-
646-CGCCGCCTGCCA	KLF13_HUMAN.H11MO.0.D	2	0.018684	14.368	0.393804	9	CGCCGCCTGCCA	CACGCCCCCCT	-
646-CGCCGCCTGCCA	EGR4_HUMAN.H11MO.0.D	4	0.018684	14.368	0.393804	7	CGCCGCCTGCCA	GCCCTGCCGCC	-
646-CGCCGCCTGCCA	RFX1_HUMAN.H11MO.0.B	1	0.0192026	14.7668	0.399033	12	CGCCGCCTGCCA	GCCCCGGTTGCCATGGCGACGG	+
646-CGCCGCCTGCCA	HES1_HUMAN.H11MO.0.D	0	0.0197639	15.1984	0.402501	12	CGCCGCCTGCCA	GGGCTCGTGGCGG	-
646-CGCCGCCTGCCA	NFIC_HUMAN.H11MO.1.A	-6	0.0199151	15.3147	0.402501	6	CGCCGCCTGCCA	CTGCCAAGA	-
646-CGCCGCCTGCCA	AP2D_HUMAN.H11MO.0.D	3	0.0206085	15.8479	0.410887	11	CGCCGCCTGCCA	ACGCGCCTCGGGCG	-
646-CGCCGCCTGCCA	KLF16_HUMAN.H11MO.0.D	0	0.0211852	16.2914	0.413824	12	CGCCGCCTGCCA	CCCCCCCCCCCCCGCCCCC	-
646-CGCCGCCTGCCA	PLAL1_HUMAN.H11MO.0.D	1	0.0219308	16.8648	0.413824	9	CGCCGCCTGCCA	GGGCCCCCCG	-
646-CGCCGCCTGCCA	PBX3_HUMAN.H11MO.0.A	-1	0.022484	17.2902	0.413824	11	CGCCGCCTGCCA	CCTGTCAATCA	-
646-CGCCGCCTGCCA	ZN467_HUMAN.H11MO.0.C	10	0.0230614	17.7342	0.413824	12	CGCCGCCTGCCA	CCCCCCCCCCCCTCCCCTCCCC	-
646-CGCCGCCTGCCA	E2F1_HUMAN.H11MO.0.A	3	0.0235361	18.0992	0.413824	11	CGCCGCCTGCCA	CTTTCCCGCCCCCC	-
646-CGCCGCCTGCCA	MXI1_HUMAN.H11MO.1.A	-1	0.0235383	18.101	0.413824	11	CGCCGCCTGCCA	CCCACGTGCTC	+
646-CGCCGCCTGCCA	TGIF2_HUMAN.H11MO.0.D	-2	0.0235383	18.101	0.413824	10	CGCCGCCTGCCA	ACAGCTGTCAT	-
646-CGCCGCCTGCCA	VEZF1_HUMAN.H11MO.0.C	3	0.0241307	18.5565	0.413824	12	CGCCGCCTGCCA	CCCCTCCCCCTCCCCCCTCCCC	-
646-CGCCGCCTGCCA	SMAD2_HUMAN.H11MO.0.A	-3	0.024544	18.8743	0.413824	9	CGCCGCCTGCCA	TGTCTGTCACCT	+
646-CGCCGCCTGCCA	E2F6_HUMAN.H11MO.0.A	0	0.0246716	18.9724	0.413824	12	CGCCGCCTGCCA	CCCTTCCCGCCCC	-
646-CGCCGCCTGCCA	SMAD1_HUMAN.H11MO.0.D	1	0.0256557	19.7292	0.413824	11	CGCCGCCTGCCA	AGCCTGTCTGCC	+
646-CGCCGCCTGCCA	ERG_HUMAN.H11MO.0.A	1	0.0257777	19.8231	0.413824	12	CGCCGCCTGCCA	CCACTTCCTGCCC	-
646-CGCCGCCTGCCA	MEIS2_HUMAN.H11MO.0.B	0	0.0257777	19.8231	0.413824	12	CGCCGCCTGCCA	TGACAGCTGTCAA	-
646-CGCCGCCTGCCA	MYC_HUMAN.H11MO.0.A	-1	0.0257834	19.8275	0.413824	11	CGCCGCCTGCCA	GCCACGTGCTC	+
646-CGCCGCCTGCCA	MEIS3_HUMAN.H11MO.0.D	-3	0.0257834	19.8275	0.413824	9	CGCCGCCTGCCA	CACCTGTCAAA	-
646-CGCCGCCTGCCA	MYBA_HUMAN.H11MO.0.D	1	0.0258045	19.8437	0.413824	12	CGCCGCCTGCCA	TCTCCAACTGCCACT	-
646-CGCCGCCTGCCA	ZEB1_HUMAN.H11MO.0.A	-1	0.0265159	20.3907	0.413862	10	CGCCGCCTGCCA	CTCACCTGTC	-
646-CGCCGCCTGCCA	ZN263_HUMAN.H11MO.0.A	9	0.0266834	20.5195	0.413862	11	CGCCGCCTGCCA	CTCCTCCTCTCCCTCCTCCC	-
646-CGCCGCCTGCCA	KLF14_HUMAN.H11MO.0.D	4	0.0269289	20.7083	0.413862	9	CGCCGCCTGCCA	GCCACGCCCCCCT	-
646-CGCCGCCTGCCA	NGN2_HUMAN.H11MO.0.D	-1	0.0280179	21.5458	0.423764	11	CGCCGCCTGCCA	GCCATCTGCTCC	-
646-CGCCGCCTGCCA	MBD2_HUMAN.H11MO.0.B	-2	0.0282219	21.7026	0.423764	10	CGCCGCCTGCCA	CCTCCGGCCCC	-
646-CGCCGCCTGCCA	EGR2_HUMAN.H11MO.0.A	3	0.0284349	21.8664	0.423764	12	CGCCGCCTGCCA	CCCCTCCCACACCCCCCC	-
646-CGCCGCCTGCCA	PKNX1_HUMAN.H11MO.0.B	-1	0.0295181	22.6994	0.435085	11	CGCCGCCTGCCA	CCTGTCAATCA	-
646-CGCCGCCTGCCA	ZN322_HUMAN.H11MO.0.B	10	0.0304651	23.4276	0.435085	10	CGCCGCCTGCCA	GAGCCTGGTACAGAGCCTGG	+
646-CGCCGCCTGCCA	BHE40_HUMAN.H11MO.0.A	-1	0.0305108	23.4628	0.435085	10	CGCCGCCTGCCA	GTCACGTGCC	-
646-CGCCGCCTGCCA	MYCN_HUMAN.H11MO.0.A	0	0.0305766	23.5134	0.435085	12	CGCCGCCTGCCA	GGCCACGTGGGC	+
646-CGCCGCCTGCCA	E2F7_HUMAN.H11MO.0.B	0	0.030669	23.5845	0.435085	12	CGCCGCCTGCCA	CCTTTCCCGCCCC	-
646-CGCCGCCTGCCA	PURA_HUMAN.H11MO.0.D	0	0.031441	24.1781	0.438546	12	CGCCGCCTGCCA	CCCTGCCCCCCCCTTCC	-
646-CGCCGCCTGCCA	IKZF1_HUMAN.H11MO.0.C	-5	0.0315539	24.265	0.438546	7	CGCCGCCTGCCA	TCTCCCAA	-
646-CGCCGCCTGCCA	ZN563_HUMAN.H11MO.0.C	2	0.0318047	24.4578	0.438546	12	CGCCGCCTGCCA	GCAGCTGCCAGTGAGGATCCC	-
646-CGCCGCCTGCCA	PROX1_HUMAN.H11MO.0.D	4	0.0328269	25.2439	0.444189	12	CGCCGCCTGCCA	CCCAACCCGCCTTACCC	-
646-CGCCGCCTGCCA	KLF15_HUMAN.H11MO.0.A	7	0.032989	25.3686	0.444189	12	CGCCGCCTGCCA	CCCCCCCCTGCTCCTCCCC	-
646-CGCCGCCTGCCA	AP2C_HUMAN.H11MO.0.A	1	0.0332923	25.6018	0.444189	12	CGCCGCCTGCCA	TGGCCTCAGGGCAT	-
646-CGCCGCCTGCCA	E2F4_HUMAN.H11MO.0.A	3	0.0334182	25.6986	0.444189	10	CGCCGCCTGCCA	ATTTCCCGCCCCC	-
646-CGCCGCCTGCCA	PATZ1_HUMAN.H11MO.0.C	10	0.0344485	26.4909	0.453795	12	CGCCGCCTGCCA	CCTCCCCCCCCGCCCCCTCCCC	-
646-CGCCGCCTGCCA	HIC2_HUMAN.H11MO.0.D	-4	0.0352616	27.1162	0.460396	8	CGCCGCCTGCCA	CCATGCCAGGC	+
646-CGCCGCCTGCCA	AHR_HUMAN.H11MO.0.B	-1	0.0360435	27.7175	0.466232	9	CGCCGCCTGCCA	GTTGCGTGC	+
646-CGCCGCCTGCCA	CENPB_HUMAN.H11MO.0.D	1	0.0389394	29.9444	0.494118	12	CGCCGCCTGCCA	AACCCGCATCGTACGAA	-
646-CGCCGCCTGCCA	KLF3_HUMAN.H11MO.0.B	5	0.039184	30.1325	0.494118	12	CGCCGCCTGCCA	CCCGGCCCCGCCCCTCCCC	-
646-CGCCGCCTGCCA	TFE2_HUMAN.H11MO.0.A	-1	0.0402147	30.9251	0.498592	11	CGCCGCCTGCCA	CACAGCTGCAG	+
646-CGCCGCCTGCCA	ETV1_HUMAN.H11MO.0.A	0	0.0402147	30.9251	0.498592	11	CGCCGCCTGCCA	CACTTCCGGCC	-
646-CGCCGCCTGCCA	GLIS2_HUMAN.H11MO.0.D	0	0.0411189	31.6204	0.499369	12	CGCCGCCTGCCA	GACCCCCCGCGAAG	-
646-CGCCGCCTGCCA	ZN563_HUMAN.H11MO.1.C	3	0.0412899	31.7519	0.499369	9	CGCCGCCTGCCA	CTGTGCTGCCTG	-
646-CGCCGCCTGCCA	FLI1_HUMAN.H11MO.1.A	1	0.0412927	31.7541	0.499369	12	CGCCGCCTGCCA	CCACTTCCTGCCT	-
646-CGCCGCCTGCCA	ZSC31_HUMAN.H11MO.0.C	0	0.0418741	32.2012	0.499734	12	CGCCGCCTGCCA	GGCAGCAGGGCAGTTATG	+
646-CGCCGCCTGCCA	ZN784_HUMAN.H11MO.0.D	-2	0.0420004	32.2983	0.499734	10	CGCCGCCTGCCA	GTACCTACCTC	-
650-CGGCCCAGGAAG	ZF64A_HUMAN.H11MO.0.D	1	0.000203369	0.156391	0.139128	12	CGGCCCAGGAAG	GGGGCCCGGGAACCTG	+
650-CGGCCCAGGAAG	ZN586_HUMAN.H11MO.0.C	0	0.000253477	0.194924	0.139128	12	CGGCCCAGGAAG	AGGCCTAGGAGGAAAAAATG	+
650-CGGCCCAGGAAG	ETV7_HUMAN.H11MO.0.D	-5	0.000273401	0.210245	0.139128	7	CGGCCCAGGAAG	CAGGAAG	+
650-CGGCCCAGGAAG	ZN680_HUMAN.H11MO.0.C	1	0.00058496	0.449835	0.223255	12	CGGCCCAGGAAG	CATGTCCAAGAAGAATGAGG	+
650-CGGCCCAGGAAG	ETV6_HUMAN.H11MO.0.D	-4	0.000812098	0.624503	0.247955	8	CGGCCCAGGAAG	ACAGGAAGT	+
650-CGGCCCAGGAAG	ETV4_HUMAN.H11MO.0.B	-3	0.00139029	1.06913	0.353744	9	CGGCCCAGGAAG	AACAGGAAGGG	+
650-CGGCCCAGGAAG	ELF1_HUMAN.H11MO.0.A	-1	0.00227858	1.75223	0.375602	11	CGGCCCAGGAAG	GAACCCGGAAGTGG	+
650-CGGCCCAGGAAG	ERG_HUMAN.H11MO.0.A	-2	0.00228002	1.75334	0.375602	10	CGGCCCAGGAAG	GGGCAGGAAGTGG	+
650-CGGCCCAGGAAG	FLI1_HUMAN.H11MO.0.A	0	0.00261136	2.00814	0.375602	12	CGGCCCAGGAAG	GGAGGAAGGAAGGAGGGA	+
650-CGGCCCAGGAAG	ELK3_HUMAN.H11MO.0.D	-3	0.00272863	2.09832	0.375602	9	CGGCCCAGGAAG	CCCAGGAAGTGC	+
650-CGGCCCAGGAAG	ELF5_HUMAN.H11MO.0.A	0	0.00280471	2.15683	0.375602	12	CGGCCCAGGAAG	GGAAGGAGGAAGTGG	+
650-CGGCCCAGGAAG	ETV2_HUMAN.H11MO.0.B	0	0.0030045	2.31046	0.375602	12	CGGCCCAGGAAG	GGAAACAGGAAGTGGG	+
650-CGGCCCAGGAAG	ELF3_HUMAN.H11MO.0.A	-1	0.00344199	2.64689	0.375602	11	CGGCCCAGGAAG	GAACCAGGAAGTGG	+
650-CGGCCCAGGAAG	EHF_HUMAN.H11MO.0.B	-1	0.00344446	2.64879	0.375602	11	CGGCCCAGGAAG	GAACCAGGAAGTGGC	+
650-CGGCCCAGGAAG	ZN768_HUMAN.H11MO.0.C	1	0.0039972	3.07385	0.386513	12	CGGCCCAGGAAG	GAGGCTCAGAGAGGTTAAGT	+
650-CGGCCCAGGAAG	GABPA_HUMAN.H11MO.0.A	-1	0.00421321	3.23996	0.386513	11	CGGCCCAGGAAG	GGAACCGGAAGTGG	+
650-CGGCCCAGGAAG	ETS1_HUMAN.H11MO.0.A	-2	0.00466026	3.58374	0.386513	10	CGGCCCAGGAAG	AGACAGGAAGTGG	+
650-CGGCCCAGGAAG	FLI1_HUMAN.H11MO.1.A	-2	0.00466026	3.58374	0.386513	10	CGGCCCAGGAAG	AGGCAGGAAGTGG	+
650-CGGCCCAGGAAG	BCL6_HUMAN.H11MO.0.A	2	0.00489825	3.76675	0.386513	11	CGGCCCAGGAAG	TGCTTTCTAGGAA	+
650-CGGCCCAGGAAG	ETV1_HUMAN.H11MO.0.A	-3	0.00506359	3.8939	0.386513	9	CGGCCCAGGAAG	GGCCGGAAGTG	+
650-CGGCCCAGGAAG	ETV5_HUMAN.H11MO.0.C	-2	0.00657492	5.05611	0.477421	10	CGGCCCAGGAAG	GAGCAGGAAGTGAG	+
650-CGGCCCAGGAAG	STAT6_HUMAN.H11MO.0.B	-1	0.00688002	5.29073	0.477421	11	CGGCCCAGGAAG	TTCTCAGGAAA	+
651-CGGCTGTGC	ZN708_HUMAN.H11MO.1.D	-2	0.000203615	0.15658	0.30727	7	CGGCTGTGC	GCTGTACCT	-
651-CGGCTGTGC	ZIC3_HUMAN.H11MO.0.B	6	0.000468026	0.359912	0.30727	9	CGGCTGTGC	GGCCCCCTGCTGTGA	+
651-CGGCTGTGC	ZN341_HUMAN.H11MO.1.C	-1	0.00060105	0.462207	0.30727	8	CGGCTGTGC	GGCTGTTCC	-
651-CGGCTGTGC	ZN331_HUMAN.H11MO.0.C	5	0.0010944	0.841596	0.338882	9	CGGCTGTGC	CCACCCAGCTGAGCCCAGCC	-
651-CGGCTGTGC	ZIC2_HUMAN.H11MO.0.D	6	0.00135143	1.03925	0.338882	9	CGGCTGTGC	GGCCCCCTGCTGTGA	+
651-CGGCTGTGC	ZN708_HUMAN.H11MO.0.C	-2	0.00142559	1.09628	0.338882	7	CGGCTGTGC	GCTGTACCTGCTTATTAGGC	-
651-CGGCTGTGC	ZN449_HUMAN.H11MO.0.C	0	0.00165992	1.27648	0.338882	9	CGGCTGTGC	TGGTTGGGCTT	+
651-CGGCTGTGC	HTF4_HUMAN.H11MO.0.A	2	0.00176769	1.35936	0.338882	8	CGGCTGTGC	TGCAGCTGTG	+
651-CGGCTGTGC	TFAP4_HUMAN.H11MO.0.A	1	0.00253709	1.95102	0.411481	9	CGGCTGTGC	CCAGCTGTTT	+
651-CGGCTGTGC	ZIC4_HUMAN.H11MO.0.D	6	0.00268299	2.06322	0.411481	9	CGGCTGTGC	GACCCCCCGCTGTGC	-
651-CGGCTGTGC	ZN554_HUMAN.H11MO.1.D	0	0.00304642	2.3427	0.424745	9	CGGCTGTGC	TGGCTCTGC	-
652-CGGGCCGCGCGC	AP2D_HUMAN.H11MO.0.D	1	0.000126559	0.0973235	0.19359	12	CGGGCCGCGCGC	ACGCGCCTCGGGCG	-
652-CGGGCCGCGCGC	SP1_HUMAN.H11MO.0.A	7	0.000289625	0.222722	0.196012	12	CGGGCCGCGCGC	CCCCCCCCCGGCCCCGCCCCCC	-
652-CGGGCCGCGCGC	MTF1_HUMAN.H11MO.0.C	0	0.000384426	0.295623	0.196012	12	CGGGCCGCGCGC	AGTGCCGTGTGCAAAAC	+
652-CGGGCCGCGCGC	ZBT14_HUMAN.H11MO.0.C	-3	0.000698598	0.537222	0.23739	9	CGGGCCGCGCGC	GGAGCGCGC	+
652-CGGGCCGCGCGC	SP1_HUMAN.H11MO.1.A	-1	0.000954412	0.733943	0.23739	11	CGGGCCGCGCGC	CGGCCCCGCCCCCC	-
652-CGGGCCGCGCGC	KLF1_HUMAN.H11MO.0.A	1	0.00100784	0.775026	0.23739	12	CGGGCCGCGCGC	CCCGGCCCCGCCCC	-
652-CGGGCCGCGCGC	PLAL1_HUMAN.H11MO.0.D	-1	0.00108635	0.835403	0.23739	10	CGGGCCGCGCGC	GGGCCCCCCG	-
652-CGGGCCGCGCGC	KLF12_HUMAN.H11MO.0.C	-3	0.00200608	1.54268	0.340955	9	CGGGCCGCGCGC	GCCCCGCCCCT	-
652-CGGGCCGCGCGC	HEY2_HUMAN.H11MO.0.D	1	0.00292568	2.24985	0.447526	12	CGGGCCGCGCGC	TAATGCCACGTGCCCCC	-
652-CGGGCCGCGCGC	KLF3_HUMAN.H11MO.0.B	1	0.00392324	3.01697	0.450591	12	CGGGCCGCGCGC	CCCGGCCCCGCCCCTCCCC	-
652-CGGGCCGCGCGC	KLF9_HUMAN.H11MO.0.C	-2	0.004124	3.17136	0.450591	10	CGGGCCGCGCGC	GGCCACGCCCCCTCC	-
652-CGGGCCGCGCGC	SP2_HUMAN.H11MO.0.A	10	0.00468472	3.60255	0.475368	12	CGGGCCGCGCGC	GGGGGGGGGGCGGGGCCGGGGG	+
652-CGGGCCGCGCGC	AP2B_HUMAN.H11MO.0.B	-2	0.00497231	3.82371	0.475368	10	CGGGCCGCGCGC	GCCCGGGGGC	+
652-CGGGCCGCGCGC	ZFX_HUMAN.H11MO.0.A	1	0.00553249	4.25448	0.497809	9	CGGGCCGCGCGC	CCAGGCCCCG	+
653-CGGGGCCCGCT	SP1_HUMAN.H11MO.0.A	6	0.000319081	0.245374	0.285054	11	CGGGGCCCGCT	GGGGGGCGGGGCCGGGGGGGGG	+
653-CGGGGCCCGCT	PLAL1_HUMAN.H11MO.0.D	-2	0.000619754	0.476591	0.285054	9	CGGGGCCCGCT	GGGCCCCCCG	-
653-CGGGGCCCGCT	CTCFL_HUMAN.H11MO.0.A	0	0.000706993	0.543678	0.285054	11	CGGGGCCCGCT	CGGCGCCCCCTGGCGGC	-
653-CGGGGCCCGCT	AP2D_HUMAN.H11MO.0.D	4	0.00111437	0.85695	0.289982	10	CGGGGCCCGCT	CGCCCGAGGCGCGT	+
653-CGGGGCCCGCT	ZBT14_HUMAN.H11MO.0.C	-1	0.00130936	1.0069	0.289982	9	CGGGGCCCGCT	GGAGCGCGC	+
653-CGGGGCCCGCT	SP1_HUMAN.H11MO.1.A	6	0.00147721	1.13597	0.289982	8	CGGGGCCCGCT	GGGGGGCGGGGCCG	+
653-CGGGGCCCGCT	ZFX_HUMAN.H11MO.0.A	0	0.00151361	1.16396	0.289982	10	CGGGGCCCGCT	CGGGGCCTGG	-
653-CGGGGCCCGCT	SP2_HUMAN.H11MO.0.A	10	0.00244381	1.87929	0.340504	11	CGGGGCCCGCT	GGGGGGGGGGCGGGGCCGGGGG	+
653-CGGGGCCCGCT	CTCF_HUMAN.H11MO.0.A	0	0.00345317	2.65549	0.441046	11	CGGGGCCCGCT	TGGCGCCCCCTGGTGGCCA	-
661-CTGAAGGCCAST	NR4A2_HUMAN.H11MO.0.C	-2	0.000281724	0.216646	0.201152	9	CTGAAGGCCAGT	AAAGGTCAC	+
661-CTGAAGGCCAST	STF1_HUMAN.H11MO.0.B	1	0.000343278	0.263981	0.201152	10	CTGAAGGCCAGT	GCTCAAGGCCA	+
661-CTGAAGGCCAST	ERR2_HUMAN.H11MO.0.A	-1	0.000394506	0.303375	0.201152	9	CTGAAGGCCAGT	TCAAGGTCA	+
661-CTGAAGGCCAST	ERR1_HUMAN.H11MO.0.A	0	0.000674407	0.518619	0.218379	12	CTGAAGGCCAGT	CTCAAGGTCACACAG	+
661-CTGAAGGCCAST	NR5A2_HUMAN.H11MO.0.B	1	0.000713821	0.548929	0.218379	10	CTGAAGGCCAGT	GTTCAAGGCCA	+
661-CTGAAGGCCAST	ERR3_HUMAN.H11MO.0.B	-1	0.000861746	0.662683	0.219695	9	CTGAAGGCCAGT	TCAAGGTCA	+
661-CTGAAGGCCAST	ESR2_HUMAN.H11MO.1.A	-4	0.00148598	1.14272	0.3133	7	CTGAAGGCCAGT	AGGTCAC	+
661-CTGAAGGCCAST	PPARA_HUMAN.H11MO.1.B	-2	0.00204814	1.57502	0.3133	9	CTGAAGGCCAGT	AAAGGTCAG	+
661-CTGAAGGCCAST	RARG_HUMAN.H11MO.1.B	-3	0.00207711	1.5973	0.3133	8	CTGAAGGCCAGT	GAGGTCAG	+
661-CTGAAGGCCAST	NR1H4_HUMAN.H11MO.1.B	-4	0.00221323	1.70197	0.3133	8	CTGAAGGCCAGT	AGGTCAGT	+
661-CTGAAGGCCAST	NR1H3_HUMAN.H11MO.1.B	-2	0.002253	1.73256	0.3133	10	CTGAAGGCCAGT	AAAGGTCAGA	+
661-CTGAAGGCCAST	ZSC31_HUMAN.H11MO.0.C	2	0.00256935	1.97583	0.327516	12	CTGAAGGCCAGT	GGCAGCAGGGCAGTTATG	+
661-CTGAAGGCCAST	NR4A3_HUMAN.H11MO.0.D	-1	0.0029868	2.29685	0.351442	10	CTGAAGGCCAGT	CAAAGGTCAG	+
661-CTGAAGGCCAST	NR4A1_HUMAN.H11MO.0.A	-2	0.0032843	2.52563	0.358845	9	CTGAAGGCCAGT	AAAGGTCAG	+
661-CTGAAGGCCAST	ZFX_HUMAN.H11MO.0.A	-2	0.00439331	3.37845	0.441638	10	CTGAAGGCCAGT	CCAGGCCCCG	+
661-CTGAAGGCCAST	NR1H4_HUMAN.H11MO.0.B	1	0.0046195	3.5524	0.441638	12	CTGAAGGCCAGT	CCTCGGGGTCATTGACCCC	-
661-CTGAAGGCCAST	RARA_HUMAN.H11MO.1.A	-3	0.00516702	3.97343	0.464924	9	CTGAAGGCCAGT	AAGGTCAGGG	+
663-CTGCAGCAAACAAA	FOXP1_HUMAN.H11MO.0.A	-5	0.0007287	0.56037	0.410389	9	CTGCAGCAAACAAA	ATAAACAAA	-
663-CTGCAGCAAACAAA	FOXO4_HUMAN.H11MO.0.C	-4	0.00123711	0.951341	0.410389	9	CTGCAGCAAACAAA	AATAAACAA	-
663-CTGCAGCAAACAAA	FOXM1_HUMAN.H11MO.0.A	0	0.00126292	0.971182	0.410389	12	CTGCAGCAAACAAA	GCAAAGCAAACA	-
663-CTGCAGCAAACAAA	FOXO3_HUMAN.H11MO.0.B	-4	0.00178496	1.37264	0.410389	10	CTGCAGCAAACAAA	TGTAAACAAG	-
663-CTGCAGCAAACAAA	FOXD1_HUMAN.H11MO.0.D	0	0.00191587	1.4733	0.410389	14	CTGCAGCAAACAAA	CTTAAGTAAACAAAG	-
663-CTGCAGCAAACAAA	OZF_HUMAN.H11MO.0.C	9	0.00215568	1.65772	0.410389	14	CTGCAGCAAACAAA	TGGAATACTATGCAGCCATGAAAA	-
663-CTGCAGCAAACAAA	FOXD3_HUMAN.H11MO.0.D	1	0.0024513	1.88505	0.410389	14	CTGCAGCAAACAAA	TGCTAAGTAAACAAA	-
663-CTGCAGCAAACAAA	ZN260_HUMAN.H11MO.0.C	9	0.00250816	1.92877	0.410389	14	CTGCAGCAAACAAA	TGGAATACTATGCAGCCATAAAAA	-
663-CTGCAGCAAACAAA	FOXP2_HUMAN.H11MO.0.C	-4	0.00263916	2.02952	0.410389	9	CTGCAGCAAACAAA	TGTAAACAG	-
663-CTGCAGCAAACAAA	FOXC1_HUMAN.H11MO.0.C	0	0.00270249	2.07822	0.410389	14	CTGCAGCAAACAAA	CTTAAGTAAACAACG	-
663-CTGCAGCAAACAAA	SRY_HUMAN.H11MO.0.B	-6	0.00316957	2.4374	0.410389	8	CTGCAGCAAACAAA	AAAACAAAA	-
663-CTGCAGCAAACAAA	FOXK1_HUMAN.H11MO.0.A	-2	0.0033803	2.59945	0.410389	10	CTGCAGCAAACAAA	AAAGTAAACA	-
663-CTGCAGCAAACAAA	HXB6_HUMAN.H11MO.0.D	-1	0.00348547	2.68033	0.410389	13	CTGCAGCAAACAAA	TGCATCAATCATT	-
663-CTGCAGCAAACAAA	CDX2_HUMAN.H11MO.0.A	-2	0.00446581	3.43421	0.488258	12	CTGCAGCAAACAAA	ACAGCAATAAAA	-
672-GAAGGCATCCC	ZN436_HUMAN.H11MO.0.C	10	6.61017e-05	0.0508322	0.101664	11	GAAGGCATCCC	CCTCCTCCAGGAAGCCTTCCCTGA	-
672-GAAGGCATCCC	ZN528_HUMAN.H11MO.0.C	6	0.000246272	0.189383	0.142915	11	GAAGGCATCCC	CCCAGGGAAGCCATTTCTGA	+
672-GAAGGCATCCC	HIC1_HUMAN.H11MO.0.C	-2	0.00067964	0.522643	0.261322	9	GAAGGCATCCC	GGGCAACCC	-
672-GAAGGCATCCC	PRDM4_HUMAN.H11MO.0.D	3	0.00110757	0.851724	0.340689	11	GAAGGCATCCC	TTTCAAGGCCCCCCAC	-
674-GACACCTCC	EOMES_HUMAN.H11MO.0.D	2	0.000833037	0.640606	0.431301	9	GACACCTCC	TTAACACCTCCT	-
674-GACACCTCC	TBX5_HUMAN.H11MO.0.D	1	0.00122192	0.939654	0.431301	7	GACACCTCC	TCACACCT	-
674-GACACCTCC	ID4_HUMAN.H11MO.0.D	1	0.00123971	0.953335	0.431301	9	GACACCTCC	TTACACCTGTC	-
674-GACACCTCC	TBR1_HUMAN.H11MO.0.D	4	0.00139459	1.07244	0.431301	9	GACACCTCC	TTTTCACACCTTT	-
674-GACACCTCC	XBP1_HUMAN.H11MO.0.D	0	0.00149584	1.1503	0.431301	9	GACACCTCC	GCCACGTCAGC	-
674-GACACCTCC	TBX4_HUMAN.H11MO.0.D	12	0.00176013	1.35354	0.431301	8	GACACCTCC	GGTGTGAAATTTCACACCTT	-
674-GACACCTCC	PATZ1_HUMAN.H11MO.1.C	-2	0.00217812	1.67498	0.431301	7	GACACCTCC	CCCCTCCCT	-
674-GACACCTCC	TBX3_HUMAN.H11MO.0.C	2	0.00229708	1.76646	0.431301	9	GACACCTCC	TTCCCACCTCC	-
674-GACACCTCC	MESP1_HUMAN.H11MO.0.D	2	0.00259047	1.99207	0.432345	9	GACACCTCC	TCCACACCTGC	-
674-GACACCTCC	REST_HUMAN.H11MO.0.A	12	0.00318477	2.44909	0.434891	9	GACACCTCC	TTCAGCACCATGGACAGCGCCC	+
674-GACACCTCC	THA11_HUMAN.H11MO.0.B	4	0.00318477	2.44909	0.434891	9	GACACCTCC	GAACTACAACTCCCAGCATGCC	-
674-GACACCTCC	ZN143_HUMAN.H11MO.0.A	4	0.00408165	3.13879	0.437056	9	GACACCTCC	GAACTACAATTCCCAGAATGCC	-
674-GACACCTCC	TBX21_HUMAN.H11MO.0.A	2	0.00442077	3.39957	0.437056	9	GACACCTCC	TTCACACCTCCAC	-
674-GACACCTCC	MYF6_HUMAN.H11MO.0.C	-2	0.00503621	3.87284	0.437056	7	GACACCTCC	CAGCTGC	+
674-GACACCTCC	WT1_HUMAN.H11MO.0.C	4	0.00572265	4.40071	0.437056	9	GACACCTCC	CCCCCCCTCCTCCCCCGCCC	-
674-GACACCTCC	SNAI1_HUMAN.H11MO.0.C	-1	0.0058863	4.52656	0.437056	8	GACACCTCC	CCACCTGG	-
674-GACACCTCC	ITF2_HUMAN.H11MO.0.C	0	0.0065189	5.01303	0.437056	9	GACACCTCC	CCCAGCTGCC	-
674-GACACCTCC	SNAI2_HUMAN.H11MO.0.A	0	0.0065189	5.01303	0.437056	9	GACACCTCC	TGCACCTGCC	-
674-GACACCTCC	TGIF2_HUMAN.H11MO.0.D	2	0.00729699	5.61139	0.437056	9	GACACCTCC	ATGACAGCTGT	+
674-GACACCTCC	MAZ_HUMAN.H11MO.1.A	-1	0.00729699	5.61139	0.437056	8	GACACCTCC	CCCCCTCCCTC	-
674-GACACCTCC	HES5_HUMAN.H11MO.0.D	1	0.00813638	6.25688	0.437056	9	GACACCTCC	CGGCACGTGCCA	-
674-GACACCTCC	ZNF76_HUMAN.H11MO.0.C	2	0.00836734	6.43449	0.437056	9	GACACCTCC	ACTACAATTCCCAGAATGCCCC	-
674-GACACCTCC	FIGLA_HUMAN.H11MO.0.D	0	0.00908366	6.98534	0.437056	9	GACACCTCC	AACACCTGTTA	-
674-GACACCTCC	ASCL2_HUMAN.H11MO.0.D	-1	0.00921286	7.08469	0.437056	8	GACACCTCC	CCAGCTGCT	+
674-GACACCTCC	WT1_HUMAN.H11MO.1.B	-1	0.00958916	7.37407	0.437056	8	GACACCTCC	CCTCCTCCCAC	-
674-GACACCTCC	SPI1_HUMAN.H11MO.0.A	1	0.00984848	7.57348	0.437056	9	GACACCTCC	TTTCACTTCCTCTTTTT	-
674-GACACCTCC	TBX19_HUMAN.H11MO.0.D	4	0.00995038	7.65184	0.437056	9	GACACCTCC	ATTTCACACCTACGTGTGAAAT	-
674-GACACCTCC	ELK1_HUMAN.H11MO.0.B	-1	0.0101204	7.78262	0.437056	8	GACACCTCC	CCACTTCCGGT	-
674-GACACCTCC	ZN281_HUMAN.H11MO.0.A	-1	0.0104031	8.00002	0.437056	8	GACACCTCC	TCCCCTCCCCCACCC	-
674-GACACCTCC	MGAP_HUMAN.H11MO.0.D	9	0.0104755	8.05569	0.437056	7	GACACCTCC	GTGAAAATTCACACCT	-
674-GACACCTCC	HIF1A_HUMAN.H11MO.0.C	-1	0.0105497	8.11275	0.437056	8	GACACCTCC	GCACGTCC	-
674-GACACCTCC	KLF15_HUMAN.H11MO.0.A	8	0.0105665	8.12566	0.437056	9	GACACCTCC	CCCCCCCCTGCTCCTCCCC	-
674-GACACCTCC	VEZF1_HUMAN.H11MO.1.C	-1	0.0106823	8.21468	0.437056	8	GACACCTCC	CCCCCTCCCCCT	-
674-GACACCTCC	TFE2_HUMAN.H11MO.0.A	0	0.0112654	8.66306	0.437056	9	GACACCTCC	CACAGCTGCAG	+
674-GACACCTCC	ASCL1_HUMAN.H11MO.0.A	1	0.0113403	8.72072	0.437056	9	GACACCTCC	CTGCACCTGCTCCC	+
674-GACACCTCC	GLIS1_HUMAN.H11MO.0.D	-1	0.0114605	8.8131	0.437056	8	GACACCTCC	AGACCCCCCACGA	-
674-GACACCTCC	KLF8_HUMAN.H11MO.0.C	-2	0.0114618	8.81409	0.437056	7	GACACCTCC	CACCCCCTG	-
674-GACACCTCC	ZIC1_HUMAN.H11MO.0.B	-2	0.0114618	8.81409	0.437056	7	GACACCTCC	GACCACCCC	-
674-GACACCTCC	ZN467_HUMAN.H11MO.0.C	11	0.011804	9.07727	0.437056	9	GACACCTCC	CCCCCCCCCCCCTCCCCTCCCC	-
674-GACACCTCC	ZN263_HUMAN.H11MO.1.A	-1	0.0118817	9.137	0.437056	8	GACACCTCC	CCTCCTCCCTC	-
674-GACACCTCC	SP4_HUMAN.H11MO.1.A	1	0.0123536	9.49993	0.437056	9	GACACCTCC	CGGCCCCGCCCCCTCC	-
674-GACACCTCC	EPAS1_HUMAN.H11MO.0.B	0	0.0127655	9.81668	0.437056	9	GACACCTCC	GGCACGTAC	-
674-GACACCTCC	TBX1_HUMAN.H11MO.0.D	5	0.0128025	9.84515	0.437056	9	GACACCTCC	CCGCCCACCCCTGCCCACCC	-
674-GACACCTCC	ZN263_HUMAN.H11MO.0.A	10	0.0128025	9.84515	0.437056	9	GACACCTCC	CTCCTCCTCTCCCTCCTCCC	-
674-GACACCTCC	TBX2_HUMAN.H11MO.0.D	9	0.0141656	10.8933	0.472822	9	GACACCTCC	GTCGCTTCTCACACCTCTGATGGCA	-
674-GACACCTCC	SPIB_HUMAN.H11MO.0.A	1	0.0144798	11.1349	0.472822	9	GACACCTCC	TTTCACTTCCTCTTTTT	-
674-GACACCTCC	TF2LX_HUMAN.H11MO.0.D	5	0.0151963	11.6859	0.485661	9	GACACCTCC	ACTATGACAGCTGTC	+
674-GACACCTCC	HTF4_HUMAN.H11MO.0.A	0	0.0162693	12.5111	0.489981	9	GACACCTCC	CACAGCTGCA	-
674-GACACCTCC	MYOD1_HUMAN.H11MO.1.A	0	0.0162859	12.5239	0.489981	9	GACACCTCC	GACAGCTGCAG	-
674-GACACCTCC	HEY1_HUMAN.H11MO.0.D	1	0.01631	12.5424	0.489981	9	GACACCTCC	CGACACGTGCCA	-
676-GACACTTA	NKX32_HUMAN.H11MO.0.C	1	0.000107189	0.0824285	0.164857	8	GACACTTA	AAACACTTAA	-
677-GACCGGAAA	ELK4_HUMAN.H11MO.0.A	0	0.000201388	0.154867	0.308591	9	GACCGGAAA	GACCGGAAGTGG	+
677-GACCGGAAA	ETV1_HUMAN.H11MO.0.A	0	0.000584813	0.449721	0.448061	9	GACCGGAAA	GGCCGGAAGTG	+
677-GACCGGAAA	ELK1_HUMAN.H11MO.0.B	-1	0.000924422	0.710881	0.472171	8	GACCGGAAA	ACCGGAAGTGG	+
680-GAGAGGAGGGGC	SP2_HUMAN.H11MO.1.B	0	9.87343e-05	0.0759266	0.0920844	12	GAGAGGAGGGGC	AGGGGGCGGGGC	+
680-GAGAGGAGGGGC	SP1_HUMAN.H11MO.1.A	0	0.000170285	0.13095	0.0920844	12	GAGAGGAGGGGC	GGGGGGCGGGGCCG	+
680-GAGAGGAGGGGC	KLF12_HUMAN.H11MO.0.C	-1	0.000182815	0.140584	0.0920844	11	GAGAGGAGGGGC	AGGGGCGGGGC	+
680-GAGAGGAGGGGC	SP4_HUMAN.H11MO.1.A	2	0.000258822	0.199034	0.097777	12	GAGAGGAGGGGC	GGAGGGGGCGGGGCCG	+
680-GAGAGGAGGGGC	MAZ_HUMAN.H11MO.1.A	-1	0.000340098	0.261536	0.0982745	11	GAGAGGAGGGGC	GAGGGAGGGGG	+
680-GAGAGGAGGGGC	VEZF1_HUMAN.H11MO.1.C	0	0.000471289	0.362421	0.0982745	12	GAGAGGAGGGGC	AGGGGGAGGGGG	+
680-GAGAGGAGGGGC	ZN281_HUMAN.H11MO.0.A	3	0.000518109	0.398426	0.0982745	12	GAGAGGAGGGGC	GGGTGGGGGAGGGGA	+
680-GAGAGGAGGGGC	TBX1_HUMAN.H11MO.0.D	2	0.000520277	0.400093	0.0982745	12	GAGAGGAGGGGC	GGGTGGGCAGGGGTGGGCGG	+
680-GAGAGGAGGGGC	SP1_HUMAN.H11MO.0.A	0	0.000663287	0.510067	0.107264	12	GAGAGGAGGGGC	GGGGGGCGGGGCCGGGGGGGGG	+
680-GAGAGGAGGGGC	PATZ1_HUMAN.H11MO.1.C	-2	0.000753322	0.579305	0.107264	9	GAGAGGAGGGGC	AGGGAGGGG	+
680-GAGAGGAGGGGC	ZN263_HUMAN.H11MO.0.A	0	0.000780819	0.60045	0.107264	12	GAGAGGAGGGGC	GGGAGGAGGGAGAGGAGGAG	+
680-GAGAGGAGGGGC	SP3_HUMAN.H11MO.0.B	3	0.00098041	0.753935	0.122167	12	GAGAGGAGGGGC	GGGGGGGGGCGGGGCCGGGG	+
680-GAGAGGAGGGGC	SP2_HUMAN.H11MO.0.A	4	0.00105099	0.808214	0.122167	12	GAGAGGAGGGGC	GGGGGGGGGGCGGGGCCGGGGG	+
680-GAGAGGAGGGGC	WT1_HUMAN.H11MO.0.C	6	0.00122718	0.943701	0.132457	12	GAGAGGAGGGGC	GGGCGGGGGAGGAGGGGGGG	+
680-GAGAGGAGGGGC	KLF6_HUMAN.H11MO.0.A	1	0.00153921	1.18366	0.155062	12	GAGAGGAGGGGC	GGAAGGGCGGGGCCGGGGG	+
680-GAGAGGAGGGGC	SP4_HUMAN.H11MO.0.A	4	0.00180433	1.38753	0.169336	12	GAGAGGAGGGGC	GGGAAGGGGGCGGGGCCGGG	+
680-GAGAGGAGGGGC	ZN768_HUMAN.H11MO.0.C	8	0.00190503	1.46497	0.169336	12	GAGAGGAGGGGC	GAGGCTCAGAGAGGTTAAGT	+
680-GAGAGGAGGGGC	KLF3_HUMAN.H11MO.0.B	3	0.00237014	1.82264	0.198975	12	GAGAGGAGGGGC	GGGGAGGGGCGGGGCCGGG	+
680-GAGAGGAGGGGC	ZN263_HUMAN.H11MO.1.A	2	0.00254252	1.9552	0.202212	9	GAGAGGAGGGGC	GAGGGAGGAGG	+
680-GAGAGGAGGGGC	KLF16_HUMAN.H11MO.0.D	4	0.00325103	2.50004	0.228787	12	GAGAGGAGGGGC	GGGGGCGGGGGGGGGGGGG	+
680-GAGAGGAGGGGC	MAZ_HUMAN.H11MO.0.A	-1	0.00331556	2.54966	0.228787	11	GAGAGGAGGGGC	GGGGGAGGGGGGGGGGGGGGGG	+
680-GAGAGGAGGGGC	EGR4_HUMAN.H11MO.0.D	-1	0.00350405	2.69461	0.228787	11	GAGAGGAGGGGC	GGCGGCAGGGC	+
680-GAGAGGAGGGGC	VEZF1_HUMAN.H11MO.0.C	5	0.00388046	2.98407	0.228787	12	GAGAGGAGGGGC	GGGGAGGGGGGAGGGGGAGGGG	+
680-GAGAGGAGGGGC	ZN219_HUMAN.H11MO.0.D	0	0.00390689	3.0044	0.228787	12	GAGAGGAGGGGC	GAGGGGGGCGGA	+
680-GAGAGGAGGGGC	TBX15_HUMAN.H11MO.0.D	7	0.00399894	3.07519	0.228787	12	GAGAGGAGGGGC	GGGGGGGGGGGGGTGGGGG	+
680-GAGAGGAGGGGC	ZN148_HUMAN.H11MO.0.D	4	0.00400857	3.08259	0.228787	11	GAGAGGAGGGGC	GGGGTGGGGGAGGGG	+
680-GAGAGGAGGGGC	ZN467_HUMAN.H11MO.0.C	-2	0.00408788	3.14358	0.228787	10	GAGAGGAGGGGC	GGGGAGGGGAGGGGGGGGGGGG	+
680-GAGAGGAGGGGC	ZSC22_HUMAN.H11MO.0.C	7	0.00429375	3.3019	0.231726	9	GAGAGGAGGGGC	GGTCTGAGGGAGGAGG	+
680-GAGAGGAGGGGC	KLF15_HUMAN.H11MO.0.A	-2	0.00466198	3.58506	0.242685	10	GAGAGGAGGGGC	GGGGAGGAGCAGGGGGGGG	+
680-GAGAGGAGGGGC	ETV4_HUMAN.H11MO.0.B	0	0.00505186	3.88488	0.242685	11	GAGAGGAGGGGC	AACAGGAAGGG	+
680-GAGAGGAGGGGC	WT1_HUMAN.H11MO.1.B	2	0.00505186	3.88488	0.242685	9	GAGAGGAGGGGC	GTGGGAGGAGG	+
680-GAGAGGAGGGGC	ZN740_HUMAN.H11MO.0.D	-1	0.00513921	3.95205	0.242685	11	GAGAGGAGGGGC	GGGGGGGGGGTGGG	+
680-GAGAGGAGGGGC	ERG_HUMAN.H11MO.0.A	1	0.00596191	4.58471	0.266612	12	GAGAGGAGGGGC	GGGCAGGAAGTGG	+
680-GAGAGGAGGGGC	ZBT17_HUMAN.H11MO.0.A	5	0.00599878	4.61306	0.266612	12	GAGAGGAGGGGC	GAGGGTGGGGGAGGGGAAG	+
680-GAGAGGAGGGGC	KLF4_HUMAN.H11MO.0.A	-2	0.00668385	5.13988	0.288573	10	GAGAGGAGGGGC	AGGGTGTGGC	+
680-GAGAGGAGGGGC	CTCFL_HUMAN.H11MO.0.A	3	0.0073768	5.67276	0.301146	12	GAGAGGAGGGGC	GCCGCCAGGGGGCGCCG	+
680-GAGAGGAGGGGC	GLIS1_HUMAN.H11MO.0.D	0	0.00760352	5.84711	0.301146	12	GAGAGGAGGGGC	TCGTGGGGGGTCT	+
680-GAGAGGAGGGGC	SPI1_HUMAN.H11MO.0.A	3	0.00774504	5.95594	0.301146	12	GAGAGGAGGGGC	AAAAAGAGGAAGTGAAA	+
680-GAGAGGAGGGGC	FLI1_HUMAN.H11MO.0.A	3	0.00796139	6.12231	0.301146	12	GAGAGGAGGGGC	GGAGGAAGGAAGGAGGGA	+
680-GAGAGGAGGGGC	KLF1_HUMAN.H11MO.0.A	-2	0.00797151	6.1301	0.301146	10	GAGAGGAGGGGC	GGGGCGGGGCCGGG	+
680-GAGAGGAGGGGC	KLF5_HUMAN.H11MO.0.A	-2	0.00877221	6.74583	0.323312	10	GAGAGGAGGGGC	AGGGTGGGGCTGGG	+
680-GAGAGGAGGGGC	ZN140_HUMAN.H11MO.0.C	3	0.0091851	7.06334	0.330469	12	GAGAGGAGGGGC	TAGGAGCGGAATTGCTGGGTCATA	-
680-GAGAGGAGGGGC	FLI1_HUMAN.H11MO.1.A	1	0.0101258	7.78676	0.35129	12	GAGAGGAGGGGC	AGGCAGGAAGTGG	+
680-GAGAGGAGGGGC	ZN449_HUMAN.H11MO.0.C	-3	0.0102287	7.86591	0.35129	9	GAGAGGAGGGGC	TGGTTGGGCTT	+
680-GAGAGGAGGGGC	SPIB_HUMAN.H11MO.0.A	3	0.0108395	8.33554	0.363992	12	GAGAGGAGGGGC	AAAAAGAGGAAGTGAAA	+
680-GAGAGGAGGGGC	TFDP1_HUMAN.H11MO.0.C	0	0.0121993	9.38128	0.394655	12	GAGAGGAGGGGC	GGGGGGCGGGAAAA	+
680-GAGAGGAGGGGC	ZN341_HUMAN.H11MO.0.C	10	0.0122749	9.43942	0.394655	12	GAGAGGAGGGGC	GGGGGGGGGGGGAGGGAAGAGC	+
680-GAGAGGAGGGGC	ZN770_HUMAN.H11MO.1.C	0	0.0130471	10.0332	0.403009	11	GAGAGGAGGGGC	GGGAGGCTGAG	+
680-GAGAGGAGGGGC	PLAL1_HUMAN.H11MO.0.D	-4	0.0130682	10.0494	0.403009	8	GAGAGGAGGGGC	CGGGGGGCCC	+
680-GAGAGGAGGGGC	PLAG1_HUMAN.H11MO.0.D	6	0.0137096	10.5427	0.414335	11	GAGAGGAGGGGC	GGGGGCATCAGGAGGGG	+
680-GAGAGGAGGGGC	SALL4_HUMAN.H11MO.0.B	0	0.0144426	11.1064	0.42793	10	GAGAGGAGGGGC	GGAGGGTGGG	+
680-GAGAGGAGGGGC	ETS1_HUMAN.H11MO.0.A	1	0.0161135	12.3913	0.460379	12	GAGAGGAGGGGC	AGACAGGAAGTGG	+
680-GAGAGGAGGGGC	ZIC4_HUMAN.H11MO.0.D	3	0.0161471	12.4171	0.460379	12	GAGAGGAGGGGC	GCACAGCGGGGGGTC	+
680-GAGAGGAGGGGC	GLIS3_HUMAN.H11MO.0.D	-2	0.0167538	12.8836	0.462395	10	GAGAGGAGGGGC	GTGGGGGGTA	+
680-GAGAGGAGGGGC	ETV5_HUMAN.H11MO.0.C	1	0.0168298	12.9421	0.462395	12	GAGAGGAGGGGC	GAGCAGGAAGTGAG	+
680-GAGAGGAGGGGC	ETV6_HUMAN.H11MO.0.D	-1	0.0174754	13.4386	0.463197	9	GAGAGGAGGGGC	ACAGGAAGT	+
680-GAGAGGAGGGGC	KLF9_HUMAN.H11MO.0.C	2	0.0176834	13.5985	0.463197	12	GAGAGGAGGGGC	GGAGGGGGCGTGGCC	+
680-GAGAGGAGGGGC	EGR2_HUMAN.H11MO.0.A	4	0.0177786	13.6717	0.463197	12	GAGAGGAGGGGC	GGGGGGGTGTGGGAGGGG	+
680-GAGAGGAGGGGC	ZN770_HUMAN.H11MO.0.C	10	0.0187669	14.4317	0.475749	12	GAGAGGAGGGGC	GGGAGGCTGAGGCGGGAGGATC	+
680-GAGAGGAGGGGC	ZN436_HUMAN.H11MO.0.C	15	0.01889	14.5264	0.475749	9	GAGAGGAGGGGC	TCAGGGAAGGCTTCCTGGAGGAGG	+
680-GAGAGGAGGGGC	EGR2_HUMAN.H11MO.1.A	3	0.0197731	15.2055	0.489826	12	GAGAGGAGGGGC	GGGGCGTGGGCGGGGG	+
681-GAGCCCCGGCCYCGS	SP1_HUMAN.H11MO.1.A	0	1.50252e-05	0.0115544	0.0114941	14	GAGCCCCGGCCCCGG	CGGCCCCGCCCCCC	-
681-GAGCCCCGGCCYCGS	KLF12_HUMAN.H11MO.0.C	-2	1.52184e-05	0.0117029	0.0114941	11	GAGCCCCGGCCCCGG	GCCCCGCCCCT	-
681-GAGCCCCGGCCYCGS	SP1_HUMAN.H11MO.0.A	8	5.18891e-05	0.0399027	0.0261271	14	GAGCCCCGGCCCCGG	CCCCCCCCCGGCCCCGCCCCCC	-
681-GAGCCCCGGCCYCGS	ZF64A_HUMAN.H11MO.0.D	1	0.000104056	0.0800192	0.0360803	15	GAGCCCCGGCCCCGG	GGGGCCCGGGAACCTG	+
681-GAGCCCCGGCCYCGS	SP2_HUMAN.H11MO.1.B	-2	0.000140661	0.108168	0.0360803	12	GAGCCCCGGCCCCGG	GCCCCGCCCCCT	-
681-GAGCCCCGGCCYCGS	AP2D_HUMAN.H11MO.0.D	2	0.000155446	0.119538	0.0360803	12	GAGCCCCGGCCCCGG	ACGCGCCTCGGGCG	-
681-GAGCCCCGGCCYCGS	SP2_HUMAN.H11MO.0.A	4	0.000167199	0.128576	0.0360803	15	GAGCCCCGGCCCCGG	CCCCCGGCCCCGCCCCCCCCCC	-
681-GAGCCCCGGCCYCGS	MAZ_HUMAN.H11MO.1.A	-2	0.000235307	0.180951	0.0444305	11	GAGCCCCGGCCCCGG	CCCCCTCCCTC	-
681-GAGCCCCGGCCYCGS	SP3_HUMAN.H11MO.0.B	3	0.000383316	0.29477	0.0626753	15	GAGCCCCGGCCCCGG	CCCCGGCCCCGCCCCCCCCC	-
681-GAGCCCCGGCCYCGS	KLF3_HUMAN.H11MO.0.B	2	0.000439703	0.338132	0.0626753	15	GAGCCCCGGCCCCGG	CCCGGCCCCGCCCCTCCCC	-
681-GAGCCCCGGCCYCGS	KLF9_HUMAN.H11MO.0.C	-1	0.000485194	0.373114	0.0626753	14	GAGCCCCGGCCCCGG	GGCCACGCCCCCTCC	-
681-GAGCCCCGGCCYCGS	GLIS2_HUMAN.H11MO.0.D	0	0.00052263	0.401902	0.0626753	14	GAGCCCCGGCCCCGG	GACCCCCCGCGAAG	-
681-GAGCCCCGGCCYCGS	SP4_HUMAN.H11MO.1.A	0	0.000631241	0.485424	0.0681088	15	GAGCCCCGGCCCCGG	CGGCCCCGCCCCCTCC	-
681-GAGCCCCGGCCYCGS	ZIC4_HUMAN.H11MO.0.D	0	0.00117135	0.900769	0.107228	15	GAGCCCCGGCCCCGG	GACCCCCCGCTGTGC	-
681-GAGCCCCGGCCYCGS	KLF4_HUMAN.H11MO.0.A	-2	0.00119374	0.917985	0.107228	10	GAGCCCCGGCCCCGG	GCCACACCCT	-
681-GAGCCCCGGCCYCGS	KLF1_HUMAN.H11MO.0.A	2	0.00120676	0.928001	0.107228	12	GAGCCCCGGCCCCGG	CCCGGCCCCGCCCC	-
681-GAGCCCCGGCCYCGS	ZFX_HUMAN.H11MO.0.A	-4	0.00134292	1.0327	0.112697	10	GAGCCCCGGCCCCGG	CCAGGCCCCG	+
681-GAGCCCCGGCCYCGS	ZN331_HUMAN.H11MO.0.C	10	0.00148739	1.1438	0.118251	10	GAGCCCCGGCCCCGG	CCACCCAGCTGAGCCCAGCC	-
681-GAGCCCCGGCCYCGS	KLF6_HUMAN.H11MO.0.A	4	0.0016008	1.23102	0.120905	15	GAGCCCCGGCCCCGG	CCCCCGGCCCCGCCCTTCC	-
681-GAGCCCCGGCCYCGS	MBD2_HUMAN.H11MO.0.B	-2	0.00192676	1.48167	0.137176	11	GAGCCCCGGCCCCGG	CCTCCGGCCCC	-
681-GAGCCCCGGCCYCGS	EGR4_HUMAN.H11MO.0.D	-2	0.00203521	1.56507	0.137176	11	GAGCCCCGGCCCCGG	GCCCTGCCGCC	-
681-GAGCCCCGGCCYCGS	ZN281_HUMAN.H11MO.0.A	-2	0.00212947	1.63757	0.137176	13	GAGCCCCGGCCCCGG	TCCCCTCCCCCACCC	-
681-GAGCCCCGGCCYCGS	SP4_HUMAN.H11MO.0.A	2	0.00221284	1.70167	0.137176	15	GAGCCCCGGCCCCGG	CCCGGCCCCGCCCCCTTCCC	-
681-GAGCCCCGGCCYCGS	KLF14_HUMAN.H11MO.0.D	-2	0.00227029	1.74585	0.137176	13	GAGCCCCGGCCCCGG	GCCACGCCCCCCT	-
681-GAGCCCCGGCCYCGS	MECP2_HUMAN.H11MO.0.C	-3	0.00286601	2.20396	0.16651	7	GAGCCCCGGCCCCGG	CTCCGGG	-
681-GAGCCCCGGCCYCGS	KLF5_HUMAN.H11MO.0.A	2	0.00359301	2.76302	0.201016	12	GAGCCCCGGCCCCGG	CCCAGCCCCACCCT	-
681-GAGCCCCGGCCYCGS	ZN770_HUMAN.H11MO.0.C	7	0.00383359	2.94803	0.202408	15	GAGCCCCGGCCCCGG	GATCCTCCCGCCTCAGCCTCCC	-
681-GAGCCCCGGCCYCGS	ZFX_HUMAN.H11MO.1.A	2	0.00395868	3.04423	0.202408	15	GAGCCCCGGCCCCGG	GGGGGCGGAGGCCGGGG	+
681-GAGCCCCGGCCYCGS	AP2B_HUMAN.H11MO.0.B	-1	0.00416271	3.20113	0.202408	10	GAGCCCCGGCCCCGG	GCCCCCGGGC	-
681-GAGCCCCGGCCYCGS	XBP1_HUMAN.H11MO.0.D	-2	0.00452538	3.48001	0.202408	11	GAGCCCCGGCCCCGG	GCCACGTCAGC	-
681-GAGCCCCGGCCYCGS	E2F4_HUMAN.H11MO.0.A	0	0.00455486	3.50269	0.202408	13	GAGCCCCGGCCCCGG	ATTTCCCGCCCCC	-
681-GAGCCCCGGCCYCGS	ZN148_HUMAN.H11MO.0.D	-3	0.00480111	3.69205	0.207209	12	GAGCCCCGGCCCCGG	CCCCTCCCCCACCCC	-
681-GAGCCCCGGCCYCGS	ZN770_HUMAN.H11MO.1.C	-4	0.00501858	3.85929	0.210579	11	GAGCCCCGGCCCCGG	CTCAGCCTCCC	-
681-GAGCCCCGGCCYCGS	ZBT7A_HUMAN.H11MO.0.A	0	0.00651036	5.00646	0.26579	9	GAGCCCCGGCCCCGG	GAGACCCCC	-
681-GAGCCCCGGCCYCGS	HEN1_HUMAN.H11MO.0.C	7	0.0075576	5.81179	0.299182	13	GAGCCCCGGCCCCGG	TGGGGAGCAGCTGCGTCCCT	+
681-GAGCCCCGGCCYCGS	ZN449_HUMAN.H11MO.0.C	0	0.00792245	6.09236	0.299182	11	GAGCCCCGGCCCCGG	AAGCCCAACCA	-
681-GAGCCCCGGCCYCGS	GLIS1_HUMAN.H11MO.0.D	1	0.00846388	6.50872	0.311832	12	GAGCCCCGGCCCCGG	AGACCCCCCACGA	-
681-GAGCCCCGGCCYCGS	TFDP1_HUMAN.H11MO.0.C	0	0.00872945	6.71295	0.31396	14	GAGCCCCGGCCCCGG	TTTTCCCGCCCCCC	-
681-GAGCCCCGGCCYCGS	NR1H4_HUMAN.H11MO.0.B	2	0.00919922	7.0742	0.323161	15	GAGCCCCGGCCCCGG	GGGGTCAATGACCCCGAGG	+
681-GAGCCCCGGCCYCGS	GLIS3_HUMAN.H11MO.0.D	0	0.00969686	7.45689	0.332901	10	GAGCCCCGGCCCCGG	TACCCCCCAC	-
681-GAGCCCCGGCCYCGS	E2F7_HUMAN.H11MO.0.B	0	0.0101889	7.83525	0.339242	13	GAGCCCCGGCCCCGG	CCTTTCCCGCCCC	-
681-GAGCCCCGGCCYCGS	KLF16_HUMAN.H11MO.0.D	0	0.0105121	8.08377	0.339242	15	GAGCCCCGGCCCCGG	CCCCCCCCCCCCCGCCCCC	-
681-GAGCCCCGGCCYCGS	SALL4_HUMAN.H11MO.0.B	-4	0.0107385	8.25794	0.339242	10	GAGCCCCGGCCCCGG	CCCACCCTCC	-
681-GAGCCCCGGCCYCGS	EGR1_HUMAN.H11MO.0.A	-2	0.0107799	8.28975	0.339242	13	GAGCCCCGGCCCCGG	CCCCCGCCCACGCCCTC	-
681-GAGCCCCGGCCYCGS	CTCFL_HUMAN.H11MO.0.A	2	0.0112644	8.66229	0.347253	15	GAGCCCCGGCCCCGG	CGGCGCCCCCTGGCGGC	-
681-GAGCCCCGGCCYCGS	CREB3_HUMAN.H11MO.0.D	-1	0.0122357	9.40926	0.369654	13	GAGCCCCGGCCCCGG	TGCCACGTCACCA	-
681-GAGCCCCGGCCYCGS	ZN524_HUMAN.H11MO.0.D	4	0.0125318	9.63694	0.371175	14	GAGCCCCGGCCCCGG	ACTCGAACCCTCGAACCC	-
681-GAGCCCCGGCCYCGS	EGR2_HUMAN.H11MO.1.A	-2	0.0146194	11.2423	0.424679	13	GAGCCCCGGCCCCGG	CCCCCGCCCACGCCCC	-
681-GAGCCCCGGCCYCGS	ZN257_HUMAN.H11MO.0.C	-2	0.0150239	11.5534	0.428195	12	GAGCCCCGGCCCCGG	GCTCTTGCCTCT	+
681-GAGCCCCGGCCYCGS	ZN320_HUMAN.H11MO.0.C	5	0.0174609	13.4274	0.479556	15	GAGCCCCGGCCCCGG	CACTGGCCCCCTGGTCCCAC	-
681-GAGCCCCGGCCYCGS	RFX1_HUMAN.H11MO.0.B	3	0.0179096	13.7725	0.483096	15	GAGCCCCGGCCCCGG	CCGTCGCCATGGCAACCGGGGC	-
681-GAGCCCCGGCCYCGS	COT1_HUMAN.H11MO.1.C	-3	0.0183072	14.0782	0.483186	12	GAGCCCCGGCCCCGG	CCCTGACCTCTGC	-
681-GAGCCCCGGCCYCGS	PLAL1_HUMAN.H11MO.0.D	0	0.0185527	14.267	0.483186	10	GAGCCCCGGCCCCGG	GGGCCCCCCG	-
681-GAGCCCCGGCCYCGS	WT1_HUMAN.H11MO.0.C	3	0.019013	14.621	0.485045	15	GAGCCCCGGCCCCGG	CCCCCCCTCCTCCCCCGCCC	-
681-GAGCCCCGGCCYCGS	ZBT17_HUMAN.H11MO.0.A	0	0.0192663	14.8158	0.485045	15	GAGCCCCGGCCCCGG	CTTCCCCTCCCCCACCCTC	-
681-GAGCCCCGGCCYCGS	ASCL1_HUMAN.H11MO.0.A	0	0.0201627	15.5051	0.488075	14	GAGCCCCGGCCCCGG	CTGCACCTGCTCCC	+
681-GAGCCCCGGCCYCGS	ZN740_HUMAN.H11MO.0.D	1	0.0201627	15.5051	0.488075	13	GAGCCCCGGCCCCGG	CCCACCCCCCCCCC	-
681-GAGCCCCGGCCYCGS	PATZ1_HUMAN.H11MO.0.C	9	0.0203559	15.6537	0.488075	13	GAGCCCCGGCCCCGG	CCTCCCCCCCCGCCCCCTCCCC	-
681-GAGCCCCGGCCYCGS	KLF13_HUMAN.H11MO.0.D	-4	0.0207325	15.9433	0.489337	11	GAGCCCCGGCCCCGG	CACGCCCCCCT	-
681-GAGCCCCGGCCYCGS	ZBTB6_HUMAN.H11MO.0.C	0	0.0218096	16.7716	0.499161	13	GAGCCCCGGCCCCGG	CGGCTCCAGCACC	-
683-GAGCGCAGCCCGGC	ZN331_HUMAN.H11MO.0.C	5	0.000626771	0.481987	0.490361	14	GAGCGCAGCCCGGC	CCACCCAGCTGAGCCCAGCC	-
683-GAGCGCAGCCCGGC	ZN449_HUMAN.H11MO.0.C	0	0.000652225	0.501561	0.490361	11	GAGCGCAGCCCGGC	AAGCCCAACCA	-
684-GAGGCCGACGC	ZN770_HUMAN.H11MO.0.C	2	0.000112426	0.0864555	0.172911	11	GAGGCCGACGC	GGGAGGCTGAGGCGGGAGGATC	+
689-GCAGAGGGCGCYWT	CTCFL_HUMAN.H11MO.0.A	4	1.01106e-05	0.00777502	0.0155062	13	GCAGAGGGCGCCTT	GCCGCCAGGGGGCGCCG	+
689-GCAGAGGGCGCYWT	CTCF_HUMAN.H11MO.0.A	6	0.000109253	0.0840154	0.0837788	13	GCAGAGGGCGCCTT	TGGCCACCAGGGGGCGCCA	+
689-GCAGAGGGCGCYWT	ZBT14_HUMAN.H11MO.0.C	-2	0.000429045	0.329935	0.219337	9	GCAGAGGGCGCCTT	GGAGCGCGC	+
689-GCAGAGGGCGCYWT	KLF13_HUMAN.H11MO.0.D	-1	0.00111042	0.853913	0.425754	11	GCAGAGGGCGCCTT	AGGGGGGCGTG	+
689-GCAGAGGGCGCYWT	PLAL1_HUMAN.H11MO.0.D	-1	0.00205072	1.577	0.460935	10	GCAGAGGGCGCCTT	CGGGGGGCCC	+
689-GCAGAGGGCGCYWT	NDF2_HUMAN.H11MO.0.B	1	0.00206501	1.58799	0.460935	8	GCAGAGGGCGCCTT	AACAGATGG	+
689-GCAGAGGGCGCYWT	INSM1_HUMAN.H11MO.0.C	2	0.00210381	1.61783	0.460935	10	GCAGAGGGCGCCTT	TGTCAGGGGGCA	+
690-GCCCACTTCCTGTCC	ETS1_HUMAN.H11MO.0.A	-2	3.87636e-06	0.00298092	0.00583244	13	GCCCACTTCCTGTCC	CCACTTCCTGTCT	-
690-GCCCACTTCCTGTCC	ERG_HUMAN.H11MO.0.A	-2	1.16758e-05	0.00897873	0.00878383	13	GCCCACTTCCTGTCC	CCACTTCCTGCCC	-
690-GCCCACTTCCTGTCC	FLI1_HUMAN.H11MO.1.A	-2	2.92442e-05	0.0224888	0.0129948	13	GCCCACTTCCTGTCC	CCACTTCCTGCCT	-
690-GCCCACTTCCTGTCC	ELK1_HUMAN.H11MO.0.B	-2	3.45465e-05	0.0265663	0.0129948	11	GCCCACTTCCTGTCC	CCACTTCCGGT	-
690-GCCCACTTCCTGTCC	ETV2_HUMAN.H11MO.0.B	-1	4.94423e-05	0.0380211	0.0148783	14	GCCCACTTCCTGTCC	CCCACTTCCTGTTTCC	-
690-GCCCACTTCCTGTCC	ETV5_HUMAN.H11MO.0.C	-1	9.24132e-05	0.0710657	0.0203854	14	GCCCACTTCCTGTCC	CTCACTTCCTGCTC	-
690-GCCCACTTCCTGTCC	ETV4_HUMAN.H11MO.0.B	-3	9.74919e-05	0.0749713	0.0203854	11	GCCCACTTCCTGTCC	CCCTTCCTGTT	-
690-GCCCACTTCCTGTCC	ETV1_HUMAN.H11MO.0.A	-3	0.000119115	0.0915996	0.0203854	11	GCCCACTTCCTGTCC	CACTTCCGGCC	-
690-GCCCACTTCCTGTCC	ELK4_HUMAN.H11MO.0.A	-2	0.000121937	0.0937695	0.0203854	12	GCCCACTTCCTGTCC	CCACTTCCGGTC	-
690-GCCCACTTCCTGTCC	ETV6_HUMAN.H11MO.0.D	-4	0.00015239	0.117188	0.0218007	9	GCCCACTTCCTGTCC	ACTTCCTGT	-
690-GCCCACTTCCTGTCC	FLI1_HUMAN.H11MO.0.A	1	0.000159381	0.122564	0.0218007	15	GCCCACTTCCTGTCC	TCCCTCCTTCCTTCCTCC	-
690-GCCCACTTCCTGTCC	ELF2_HUMAN.H11MO.0.C	-2	0.000307516	0.23648	0.0365172	13	GCCCACTTCCTGTCC	CCACTTCCGGGTT	-
690-GCCCACTTCCTGTCC	SPI1_HUMAN.H11MO.0.A	0	0.000337995	0.259918	0.0365172	15	GCCCACTTCCTGTCC	TTTCACTTCCTCTTTTT	-
690-GCCCACTTCCTGTCC	GABPA_HUMAN.H11MO.0.A	-2	0.000354621	0.272703	0.0365172	13	GCCCACTTCCTGTCC	CCACTTCCGGTTCC	-
690-GCCCACTTCCTGTCC	ETV7_HUMAN.H11MO.0.D	-5	0.000364052	0.279956	0.0365172	7	GCCCACTTCCTGTCC	CTTCCTG	-
690-GCCCACTTCCTGTCC	ELK3_HUMAN.H11MO.0.D	-2	0.000578853	0.445138	0.0535228	12	GCCCACTTCCTGTCC	GCACTTCCTGGG	-
690-GCCCACTTCCTGTCC	ELF1_HUMAN.H11MO.0.A	-2	0.000604732	0.465039	0.0535228	13	GCCCACTTCCTGTCC	CCACTTCCGGGTTC	-
690-GCCCACTTCCTGTCC	SPIB_HUMAN.H11MO.0.A	0	0.000848999	0.65288	0.0709676	15	GCCCACTTCCTGTCC	TTTCACTTCCTCTTTTT	-
690-GCCCACTTCCTGTCC	EHF_HUMAN.H11MO.0.B	-1	0.000965003	0.742087	0.0764189	14	GCCCACTTCCTGTCC	GCCACTTCCTGGTTC	-
690-GCCCACTTCCTGTCC	ELF3_HUMAN.H11MO.0.A	-2	0.00124503	0.957429	0.0936647	13	GCCCACTTCCTGTCC	CCACTTCCTGGTTC	-
690-GCCCACTTCCTGTCC	ZN549_HUMAN.H11MO.0.C	5	0.00134492	1.03424	0.096361	15	GCCCACTTCCTGTCC	GTGCTGCCCAATTCATGAAT	-
690-GCCCACTTCCTGTCC	BC11A_HUMAN.H11MO.0.A	1	0.00168516	1.29589	0.115251	15	GCCCACTTCCTGTCC	TTTTCACTTCCTCTTTT	-
690-GCCCACTTCCTGTCC	ETS2_HUMAN.H11MO.0.B	-1	0.00259945	1.99898	0.167695	13	GCCCACTTCCTGTCC	TCCTCTTCCTTCC	-
690-GCCCACTTCCTGTCC	ELF5_HUMAN.H11MO.0.A	-2	0.00267489	2.05699	0.167695	13	GCCCACTTCCTGTCC	CCACTTCCTCCTTCC	-
690-GCCCACTTCCTGTCC	NKX23_HUMAN.H11MO.0.D	0	0.00339658	2.61197	0.204422	11	GCCCACTTCCTGTCC	AACCACTTAAC	-
690-GCCCACTTCCTGTCC	ZN394_HUMAN.H11MO.1.D	-5	0.00360001	2.76841	0.208332	9	GCCCACTTCCTGTCC	ATTCCATTC	-
690-GCCCACTTCCTGTCC	TGIF1_HUMAN.H11MO.0.A	-8	0.00425967	3.27568	0.237376	7	GCCCACTTCCTGTCC	GCTGTCA	-
690-GCCCACTTCCTGTCC	FEV_HUMAN.H11MO.0.B	-3	0.00489994	3.76805	0.263304	10	GCCCACTTCCTGTCC	CGCTTCCCGC	-
690-GCCCACTTCCTGTCC	RARA_HUMAN.H11MO.2.A	1	0.00587394	4.51706	0.298046	15	GCCCACTTCCTGTCC	TGACCTCTCGGTGACCT	-
690-GCCCACTTCCTGTCC	PRGR_HUMAN.H11MO.1.A	-7	0.00612086	4.70694	0.298046	8	GCCCACTTCCTGTCC	TTCTGTTCT	-
690-GCCCACTTCCTGTCC	CTCFL_HUMAN.H11MO.0.A	4	0.00614073	4.72222	0.298046	13	GCCCACTTCCTGTCC	CGGCGCCCCCTGGCGGC	-
690-GCCCACTTCCTGTCC	PRGR_HUMAN.H11MO.0.A	-1	0.0076807	5.90646	0.343129	14	GCCCACTTCCTGTCC	AGAACATTCTGTTCTT	+
690-GCCCACTTCCTGTCC	KLF8_HUMAN.H11MO.0.C	-3	0.00769574	5.91802	0.343129	9	GCCCACTTCCTGTCC	CACCCCCTG	-
690-GCCCACTTCCTGTCC	ZN816_HUMAN.H11MO.0.C	-3	0.00775374	5.96263	0.343129	12	GCCCACTTCCTGTCC	CCCTGCATGTCCCCCTTTTTT	-
690-GCCCACTTCCTGTCC	MXI1_HUMAN.H11MO.1.A	-1	0.00823947	6.33615	0.354206	11	GCCCACTTCCTGTCC	CCCACGTGCTC	+
690-GCCCACTTCCTGTCC	INSM1_HUMAN.H11MO.0.C	1	0.00847696	6.51878	0.354293	11	GCCCACTTCCTGTCC	TGCCCCCTGACA	-
690-GCCCACTTCCTGTCC	PATZ1_HUMAN.H11MO.1.C	-2	0.00911177	7.00695	0.370533	9	GCCCACTTCCTGTCC	CCCCTCCCT	-
690-GCCCACTTCCTGTCC	ZBTB4_HUMAN.H11MO.0.D	-1	0.00992394	7.63151	0.39294	14	GCCCACTTCCTGTCC	CCCACCTGCCATCTAGG	-
690-GCCCACTTCCTGTCC	KLF13_HUMAN.H11MO.0.D	3	0.0116766	8.9793	0.423163	8	GCCCACTTCCTGTCC	CACGCCCCCCT	-
690-GCCCACTTCCTGTCC	ZN140_HUMAN.H11MO.0.C	7	0.0117851	9.06275	0.423163	15	GCCCACTTCCTGTCC	TATGACCCAGCAATTCCGCTCCTA	+
690-GCCCACTTCCTGTCC	ZIC3_HUMAN.H11MO.0.B	0	0.0118122	9.08359	0.423163	15	GCCCACTTCCTGTCC	GGCCCCCTGCTGTGA	+
690-GCCCACTTCCTGTCC	KLF9_HUMAN.H11MO.0.C	0	0.0118122	9.08359	0.423163	15	GCCCACTTCCTGTCC	GGCCACGCCCCCTCC	-
690-GCCCACTTCCTGTCC	XBP1_HUMAN.H11MO.0.D	-1	0.0122635	9.43067	0.429115	11	GCCCACTTCCTGTCC	GCCACGTCAGC	-
690-GCCCACTTCCTGTCC	RXRA_HUMAN.H11MO.0.A	4	0.0126415	9.72135	0.432288	15	GCCCACTTCCTGTCC	CTCTGACCTCTGCCTCCCCC	-
690-GCCCACTTCCTGTCC	NFAT5_HUMAN.H11MO.0.D	-2	0.0135196	10.3966	0.444835	11	GCCCACTTCCTGTCC	CCTTTTCCTCT	-
690-GCCCACTTCCTGTCC	CTCF_HUMAN.H11MO.0.A	4	0.0137131	10.5454	0.444835	15	GCCCACTTCCTGTCC	TGGCGCCCCCTGGTGGCCA	-
690-GCCCACTTCCTGTCC	MAZ_HUMAN.H11MO.1.A	-1	0.014191	10.9129	0.444835	11	GCCCACTTCCTGTCC	CCCCCTCCCTC	-
690-GCCCACTTCCTGTCC	EGR3_HUMAN.H11MO.0.D	2	0.014191	10.9129	0.444835	9	GCCCACTTCCTGTCC	ACACCCACTCT	-
690-GCCCACTTCCTGTCC	EGR2_HUMAN.H11MO.0.A	4	0.0152098	11.6963	0.467038	14	GCCCACTTCCTGTCC	CCCCTCCCACACCCCCCC	-
690-GCCCACTTCCTGTCC	VEZF1_HUMAN.H11MO.1.C	-2	0.0163572	12.5787	0.479541	12	GCCCACTTCCTGTCC	CCCCCTCCCCCT	-
690-GCCCACTTCCTGTCC	IRF4_HUMAN.H11MO.0.A	2	0.0165257	12.7083	0.479541	15	GCCCACTTCCTGTCC	AGTTTCACTTCCTCTTTT	-
690-GCCCACTTCCTGTCC	GCR_HUMAN.H11MO.0.A	-1	0.0165731	12.7447	0.479541	14	GCCCACTTCCTGTCC	AGAACATTCTGTTCT	-
690-GCCCACTTCCTGTCC	ZN816_HUMAN.H11MO.1.C	-6	0.0169079	13.0022	0.479997	9	GCCCACTTCCTGTCC	TGCATGTCCCCCTT	-
690-GCCCACTTCCTGTCC	SP2_HUMAN.H11MO.0.A	7	0.0178287	13.7103	0.483988	15	GCCCACTTCCTGTCC	CCCCCGGCCCCGCCCCCCCCCC	-
690-GCCCACTTCCTGTCC	ZN467_HUMAN.H11MO.0.C	5	0.0178287	13.7103	0.483988	15	GCCCACTTCCTGTCC	CCCCCCCCCCCCTCCCCTCCCC	-
690-GCCCACTTCCTGTCC	ZN148_HUMAN.H11MO.0.D	0	0.0180134	13.8523	0.483988	15	GCCCACTTCCTGTCC	CCCCTCCCCCACCCC	-
691-GCCCCSGGGGC	ZN320_HUMAN.H11MO.0.C	4	8.11368e-05	0.0623942	0.0618108	11	GCCCCCGGGGC	GTGGGACCAGGGGGCCAGTG	+
691-GCCCCSGGGGC	AP2B_HUMAN.H11MO.0.B	0	0.000465109	0.357669	0.177162	10	GCCCCCGGGGC	GCCCGGGGGC	+
691-GCCCCSGGGGC	ZF64A_HUMAN.H11MO.0.D	2	0.0011337	0.871819	0.249508	11	GCCCCCGGGGC	GGGGCCCGGGAACCTG	+
691-GCCCCSGGGGC	AP2D_HUMAN.H11MO.0.D	1	0.00152793	1.17498	0.249508	11	GCCCCCGGGGC	CGCCCGAGGCGCGT	+
691-GCCCCSGGGGC	COE1_HUMAN.H11MO.0.A	3	0.0016376	1.25932	0.249508	11	GCCCCCGGGGC	AAGTCCCCAGGGACC	+
691-GCCCCSGGGGC	AP2C_HUMAN.H11MO.0.A	1	0.00227127	1.7466	0.260947	11	GCCCCCGGGGC	ATGCCCTGAGGCCA	+
691-GCCCCSGGGGC	PLAL1_HUMAN.H11MO.0.D	-3	0.0027317	2.10068	0.260947	8	GCCCCCGGGGC	CGGGGGGCCC	+
691-GCCCCSGGGGC	NR1H4_HUMAN.H11MO.0.B	9	0.00274029	2.10728	0.260947	10	GCCCCCGGGGC	GGGGTCAATGACCCCGAGG	+
691-GCCCCSGGGGC	ZIC4_HUMAN.H11MO.0.D	2	0.00378468	2.91042	0.320356	11	GCCCCCGGGGC	GCACAGCGGGGGGTC	+
691-GCCCCSGGGGC	SP2_HUMAN.H11MO.0.A	0	0.00422014	3.24528	0.321494	11	GCCCCCGGGGC	GGGGGGGGGGCGGGGCCGGGGG	+
691-GCCCCSGGGGC	REST_HUMAN.H11MO.0.A	4	0.00498367	3.83244	0.345146	11	GCCCCCGGGGC	TTCAGCACCATGGACAGCGCCC	+
691-GCCCCSGGGGC	NR2C2_HUMAN.H11MO.0.B	0	0.00631788	4.85845	0.401085	11	GCCCCCGGGGC	GGTTCCGGGTCA	+
691-GCCCCSGGGGC	AP2A_HUMAN.H11MO.0.A	1	0.00715595	5.50293	0.419344	11	GCCCCCGGGGC	ATGCCCTGAGGCCAT	+
692-GCCCGGGCGGCWSY	ZF64A_HUMAN.H11MO.0.D	3	8.80316e-05	0.0676963	0.133499	13	GCCCGGGCGGCTGC	GGGGCCCGGGAACCTG	+
693-GCCCTCAGCC	AP2B_HUMAN.H11MO.0.B	0	0.000194479	0.149555	0.269433	10	GCCCTCAGCC	GCCCCCGGGC	-
693-GCCCTCAGCC	ZSC22_HUMAN.H11MO.0.C	5	0.000436338	0.335544	0.269433	10	GCCCTCAGCC	CCTCCTCCCTCAGACC	-
693-GCCCTCAGCC	ZN770_HUMAN.H11MO.0.C	8	0.000527848	0.405915	0.269433	10	GCCCTCAGCC	GATCCTCCCGCCTCAGCCTCCC	-
698-GCTCCCCGCCYTSCM	TFDP1_HUMAN.H11MO.0.C	0	3.57831e-05	0.0275172	0.0274182	14	GCTCCCCGCCCTGCC	TTTTCCCGCCCCCC	-
698-GCTCCCCGCCYTSCM	E2F4_HUMAN.H11MO.0.A	0	5.4225e-05	0.041699	0.0274182	13	GCTCCCCGCCCTGCC	ATTTCCCGCCCCC	-
698-GCTCCCCGCCYTSCM	E2F1_HUMAN.H11MO.0.A	0	5.55571e-05	0.0427234	0.0274182	14	GCTCCCCGCCCTGCC	CTTTCCCGCCCCCC	-
698-GCTCCCCGCCYTSCM	SP2_HUMAN.H11MO.1.B	-2	7.30661e-05	0.0561878	0.0274182	12	GCTCCCCGCCCTGCC	GCCCCGCCCCCT	-
698-GCTCCCCGCCYTSCM	SP1_HUMAN.H11MO.1.A	0	0.000130413	0.100288	0.0341411	14	GCTCCCCGCCCTGCC	CGGCCCCGCCCCCC	-
698-GCTCCCCGCCYTSCM	KLF12_HUMAN.H11MO.0.C	-2	0.000136473	0.104947	0.0341411	11	GCTCCCCGCCCTGCC	GCCCCGCCCCT	-
698-GCTCCCCGCCYTSCM	SP2_HUMAN.H11MO.0.A	4	0.000188714	0.145121	0.040466	15	GCTCCCCGCCCTGCC	CCCCCGGCCCCGCCCCCCCCCC	-
698-GCTCCCCGCCYTSCM	E2F3_HUMAN.H11MO.0.A	-1	0.000277406	0.213325	0.0492782	11	GCTCCCCGCCCTGCC	TTTCCCGCCCT	-
698-GCTCCCCGCCYTSCM	MAZ_HUMAN.H11MO.1.A	-2	0.00029547	0.227217	0.0492782	11	GCTCCCCGCCCTGCC	CCCCCTCCCTC	-
698-GCTCCCCGCCYTSCM	SP4_HUMAN.H11MO.1.A	0	0.000343784	0.26437	0.0516023	15	GCTCCCCGCCCTGCC	CGGCCCCGCCCCCTCC	-
698-GCTCCCCGCCYTSCM	SP3_HUMAN.H11MO.0.B	3	0.00040102	0.308384	0.0547214	15	GCTCCCCGCCCTGCC	CCCCGGCCCCGCCCCCCCCC	-
698-GCTCCCCGCCYTSCM	KLF3_HUMAN.H11MO.0.B	2	0.000440577	0.338804	0.0551093	15	GCTCCCCGCCCTGCC	CCCGGCCCCGCCCCTCCCC	-
698-GCTCCCCGCCYTSCM	E2F6_HUMAN.H11MO.0.A	1	0.000546794	0.420485	0.06134	12	GCTCCCCGCCCTGCC	CCCTTCCCGCCCC	-
698-GCTCCCCGCCYTSCM	E2F7_HUMAN.H11MO.0.B	1	0.000578907	0.44518	0.06134	12	GCTCCCCGCCCTGCC	CCTTTCCCGCCCC	-
698-GCTCCCCGCCYTSCM	KLF6_HUMAN.H11MO.0.A	4	0.000612987	0.471387	0.06134	15	GCTCCCCGCCCTGCC	CCCCCGGCCCCGCCCTTCC	-
698-GCTCCCCGCCYTSCM	SP4_HUMAN.H11MO.0.A	4	0.000696118	0.535315	0.065305	15	GCTCCCCGCCCTGCC	CCCGGCCCCGCCCCCTTCCC	-
698-GCTCCCCGCCYTSCM	E2F2_HUMAN.H11MO.0.B	0	0.000903425	0.694734	0.0786775	10	GCTCCCCGCCCTGCC	GTTTCGCGCC	-
698-GCTCCCCGCCYTSCM	TBX15_HUMAN.H11MO.0.D	3	0.000943495	0.725548	0.0786775	15	GCTCCCCGCCCTGCC	CCCCCACCCCCCCCCCCCC	-
698-GCTCCCCGCCYTSCM	SP1_HUMAN.H11MO.0.A	8	0.00112739	0.866966	0.0883183	14	GCTCCCCGCCCTGCC	CCCCCCCCCGGCCCCGCCCCCC	-
698-GCTCCCCGCCYTSCM	PROX1_HUMAN.H11MO.0.D	1	0.00117679	0.904948	0.0883183	15	GCTCCCCGCCCTGCC	CCCAACCCGCCTTACCC	-
698-GCTCCCCGCCYTSCM	ZN740_HUMAN.H11MO.0.D	1	0.00179204	1.37808	0.128089	13	GCTCCCCGCCCTGCC	CCCACCCCCCCCCC	-
698-GCTCCCCGCCYTSCM	KLF4_HUMAN.H11MO.0.A	-2	0.00206504	1.58802	0.140893	10	GCTCCCCGCCCTGCC	GCCACACCCT	-
698-GCTCCCCGCCYTSCM	ZN281_HUMAN.H11MO.0.A	0	0.00264584	2.03465	0.160466	15	GCTCCCCGCCCTGCC	TCCCCTCCCCCACCC	-
698-GCTCCCCGCCYTSCM	ZN219_HUMAN.H11MO.0.D	0	0.00267731	2.05885	0.160466	12	GCTCCCCGCCCTGCC	TCCGCCCCCCTC	-
698-GCTCCCCGCCYTSCM	ZIC4_HUMAN.H11MO.0.D	1	0.00278187	2.13925	0.160466	14	GCTCCCCGCCCTGCC	GACCCCCCGCTGTGC	-
698-GCTCCCCGCCYTSCM	GLIS2_HUMAN.H11MO.0.D	1	0.00298939	2.29884	0.160466	13	GCTCCCCGCCCTGCC	GACCCCCCGCGAAG	-
698-GCTCCCCGCCYTSCM	E2F4_HUMAN.H11MO.1.A	4	0.00298939	2.29884	0.160466	10	GCTCCCCGCCCTGCC	TCAAATTTCCCGCC	-
698-GCTCCCCGCCYTSCM	TBX1_HUMAN.H11MO.0.D	0	0.00299335	2.30188	0.160466	15	GCTCCCCGCCCTGCC	CCGCCCACCCCTGCCCACCC	-
698-GCTCCCCGCCYTSCM	PATZ1_HUMAN.H11MO.1.C	-3	0.00324745	2.49729	0.168084	9	GCTCCCCGCCCTGCC	CCCCTCCCT	-
698-GCTCCCCGCCYTSCM	PLAL1_HUMAN.H11MO.0.D	2	0.00405854	3.12102	0.201469	8	GCTCCCCGCCCTGCC	GGGCCCCCCG	-
698-GCTCCCCGCCYTSCM	SALL4_HUMAN.H11MO.0.B	-4	0.00428775	3.29728	0.201469	10	GCTCCCCGCCCTGCC	CCCACCCTCC	-
698-GCTCCCCGCCYTSCM	ZN148_HUMAN.H11MO.0.D	-1	0.00433864	3.33641	0.201469	14	GCTCCCCGCCCTGCC	CCCCTCCCCCACCCC	-
698-GCTCCCCGCCYTSCM	VEZF1_HUMAN.H11MO.1.C	-2	0.00451676	3.47339	0.201469	12	GCTCCCCGCCCTGCC	CCCCCTCCCCCT	-
698-GCTCCCCGCCYTSCM	KLF16_HUMAN.H11MO.0.D	-3	0.00456356	3.50938	0.201469	12	GCTCCCCGCCCTGCC	CCCCCCCCCCCCCGCCCCC	-
698-GCTCCCCGCCYTSCM	KLF1_HUMAN.H11MO.0.A	2	0.00490981	3.77564	0.210025	12	GCTCCCCGCCCTGCC	CCCGGCCCCGCCCC	-
698-GCTCCCCGCCYTSCM	WT1_HUMAN.H11MO.0.C	-1	0.00513505	3.94885	0.210025	14	GCTCCCCGCCCTGCC	CCCCCCCTCCTCCCCCGCCC	-
698-GCTCCCCGCCYTSCM	ZN467_HUMAN.H11MO.0.C	6	0.00517713	3.98121	0.210025	15	GCTCCCCGCCCTGCC	CCCCCCCCCCCCTCCCCTCCCC	-
698-GCTCCCCGCCYTSCM	VEZF1_HUMAN.H11MO.0.C	8	0.00570238	4.38513	0.225245	14	GCTCCCCGCCCTGCC	CCCCTCCCCCTCCCCCCTCCCC	-
698-GCTCCCCGCCYTSCM	KLF5_HUMAN.H11MO.0.A	2	0.00596186	4.58467	0.228431	12	GCTCCCCGCCCTGCC	CCCAGCCCCACCCT	-
698-GCTCCCCGCCYTSCM	KLF15_HUMAN.H11MO.0.A	7	0.00608739	4.6812	0.228431	12	GCTCCCCGCCCTGCC	CCCCCCCCTGCTCCTCCCC	-
698-GCTCCCCGCCYTSCM	KLF9_HUMAN.H11MO.0.C	1	0.00637526	4.90258	0.233398	14	GCTCCCCGCCCTGCC	GGCCACGCCCCCTCC	-
698-GCTCCCCGCCYTSCM	EGR2_HUMAN.H11MO.0.A	2	0.00676547	5.20264	0.241047	15	GCTCCCCGCCCTGCC	CCCCTCCCACACCCCCCC	-
698-GCTCCCCGCCYTSCM	ZN341_HUMAN.H11MO.0.C	3	0.00690537	5.31023	0.241047	15	GCTCCCCGCCCTGCC	GCTCTTCCCTCCCCCCCCCCCC	-
698-GCTCCCCGCCYTSCM	KLF14_HUMAN.H11MO.0.D	-2	0.00728527	5.60237	0.246319	13	GCTCCCCGCCCTGCC	GCCACGCCCCCCT	-
698-GCTCCCCGCCYTSCM	PATZ1_HUMAN.H11MO.0.C	0	0.0075919	5.83817	0.246319	15	GCTCCCCGCCCTGCC	CCTCCCCCCCCGCCCCCTCCCC	-
698-GCTCCCCGCCYTSCM	EGR4_HUMAN.H11MO.0.D	-2	0.00795406	6.11667	0.246319	11	GCTCCCCGCCCTGCC	GCCCTGCCGCC	-
698-GCTCCCCGCCYTSCM	NFIC_HUMAN.H11MO.0.A	4	0.00809371	6.22406	0.246319	13	GCTCCCCGCCCTGCC	CTTGGCTCCCTGCCAAG	+
698-GCTCCCCGCCYTSCM	PTF1A_HUMAN.H11MO.0.B	3	0.00815952	6.27467	0.246319	15	GCTCCCCGCCCTGCC	CCAGCTGCCCCCTTTCCC	+
698-GCTCCCCGCCYTSCM	PRDM4_HUMAN.H11MO.0.D	7	0.00821239	6.31533	0.246319	9	GCTCCCCGCCCTGCC	TTTCAAGGCCCCCCAC	-
698-GCTCCCCGCCYTSCM	ZN263_HUMAN.H11MO.0.A	2	0.00825417	6.34745	0.246319	15	GCTCCCCGCCCTGCC	CTCCTCCTCTCCCTCCTCCC	-
698-GCTCCCCGCCYTSCM	GCM2_HUMAN.H11MO.0.D	-1	0.0083692	6.43592	0.246319	11	GCTCCCCGCCCTGCC	ATACCCGCATC	-
698-GCTCCCCGCCYTSCM	ZBT17_HUMAN.H11MO.0.A	0	0.00886325	6.81584	0.255843	15	GCTCCCCGCCCTGCC	CTTCCCCTCCCCCACCCTC	-
698-GCTCCCCGCCYTSCM	GLIS3_HUMAN.H11MO.0.D	1	0.0100393	7.7202	0.284322	9	GCTCCCCGCCCTGCC	TACCCCCCAC	-
698-GCTCCCCGCCYTSCM	FLI1_HUMAN.H11MO.0.A	5	0.0107587	8.27343	0.299054	13	GCTCCCCGCCCTGCC	TCCCTCCTTCCTTCCTCC	-
698-GCTCCCCGCCYTSCM	ETV1_HUMAN.H11MO.0.A	1	0.0113108	8.69798	0.308683	10	GCTCCCCGCCCTGCC	CACTTCCGGCC	-
698-GCTCCCCGCCYTSCM	ZSC31_HUMAN.H11MO.0.C	0	0.0117833	9.06139	0.312974	15	GCTCCCCGCCCTGCC	CATAACTGCCCTGCTGCC	-
698-GCTCCCCGCCYTSCM	TYY2_HUMAN.H11MO.0.D	-4	0.011885	9.13958	0.312974	11	GCTCCCCGCCCTGCC	GCCGCCATTTT	-
698-GCTCCCCGCCYTSCM	ZBTB4_HUMAN.H11MO.0.D	-4	0.0122282	9.40346	0.316459	11	GCTCCCCGCCCTGCC	CCCACCTGCCATCTAGG	-
698-GCTCCCCGCCYTSCM	PURA_HUMAN.H11MO.0.D	-3	0.0133805	10.2896	0.340412	12	GCTCCCCGCCCTGCC	CCCTGCCCCCCCCTTCC	-
698-GCTCCCCGCCYTSCM	ZN770_HUMAN.H11MO.0.C	7	0.015154	11.6535	0.373538	15	GCTCCCCGCCCTGCC	GATCCTCCCGCCTCAGCCTCCC	-
698-GCTCCCCGCCYTSCM	ZN263_HUMAN.H11MO.1.A	3	0.0151803	11.6737	0.373538	8	GCTCCCCGCCCTGCC	CCTCCTCCCTC	-
698-GCTCCCCGCCYTSCM	ZSC22_HUMAN.H11MO.0.C	-2	0.0155227	11.937	0.375802	13	GCTCCCCGCCCTGCC	CCTCCTCCCTCAGACC	-
698-GCTCCCCGCCYTSCM	ZF64A_HUMAN.H11MO.0.D	2	0.0162267	12.4784	0.386611	14	GCTCCCCGCCCTGCC	CAGGTTCCCGGGCCCC	-
698-GCTCCCCGCCYTSCM	MAZ_HUMAN.H11MO.0.A	5	0.0173278	13.3251	0.406393	15	GCTCCCCGCCCTGCC	CCCCCCCCCCCCCCCCTCCCCC	-
698-GCTCCCCGCCYTSCM	INSM1_HUMAN.H11MO.0.C	1	0.0177863	13.6776	0.410728	11	GCTCCCCGCCCTGCC	TGCCCCCTGACA	-
698-GCTCCCCGCCYTSCM	WT1_HUMAN.H11MO.1.B	3	0.0183992	14.149	0.418445	8	GCTCCCCGCCCTGCC	CCTCCTCCCAC	-
698-GCTCCCCGCCYTSCM	EGR1_HUMAN.H11MO.0.A	3	0.0190684	14.6636	0.427191	14	GCTCCCCGCCCTGCC	CCCCCGCCCACGCCCTC	-
698-GCTCCCCGCCYTSCM	SRBP2_HUMAN.H11MO.0.B	2	0.0195233	15.0134	0.430952	11	GCTCCCCGCCCTGCC	CCTCACCCCACCC	-
698-GCTCCCCGCCYTSCM	KLF13_HUMAN.H11MO.0.D	-1	0.0202328	15.559	0.437949	11	GCTCCCCGCCCTGCC	CACGCCCCCCT	-
698-GCTCCCCGCCYTSCM	GLIS1_HUMAN.H11MO.0.D	2	0.0204239	15.706	0.437949	11	GCTCCCCGCCCTGCC	AGACCCCCCACGA	-
698-GCTCCCCGCCYTSCM	AP2B_HUMAN.H11MO.0.B	0	0.0223168	17.1616	0.463834	10	GCTCCCCGCCCTGCC	GCCCCCGGGC	-
698-GCTCCCCGCCYTSCM	FLI1_HUMAN.H11MO.1.A	2	0.0223401	17.1795	0.463834	11	GCTCCCCGCCCTGCC	CCACTTCCTGCCT	-
698-GCTCCCCGCCYTSCM	ZFX_HUMAN.H11MO.1.A	-3	0.0226804	17.4412	0.463834	12	GCTCCCCGCCCTGCC	CCCCGGCCTCCGCCCCC	-
698-GCTCCCCGCCYTSCM	IKZF1_HUMAN.H11MO.0.C	0	0.023165	17.8139	0.463834	8	GCTCCCCGCCCTGCC	TCTCCCAA	-
698-GCTCCCCGCCYTSCM	SUH_HUMAN.H11MO.0.A	0	0.023298	17.9161	0.463834	11	GCTCCCCGCCCTGCC	TTTCCCACGCC	-
698-GCTCCCCGCCYTSCM	ZN816_HUMAN.H11MO.0.C	7	0.0234851	18.0601	0.463834	14	GCTCCCCGCCCTGCC	CCCTGCATGTCCCCCTTTTTT	-
698-GCTCCCCGCCYTSCM	ERG_HUMAN.H11MO.0.A	2	0.0255238	19.6278	0.485482	11	GCTCCCCGCCCTGCC	CCACTTCCTGCCC	-
698-GCTCCCCGCCYTSCM	Z324A_HUMAN.H11MO.0.C	8	0.025584	19.6741	0.485482	15	GCTCCCCGCCCTGCC	TATCAAACCATCCTTTGCTGCCA	+
698-GCTCCCCGCCYTSCM	ZNF76_HUMAN.H11MO.0.C	6	0.0256858	19.7524	0.485482	15	GCTCCCCGCCCTGCC	ACTACAATTCCCAGAATGCCCC	-
698-GCTCCCCGCCYTSCM	ZIC2_HUMAN.H11MO.0.D	1	0.0258749	19.8978	0.485482	14	GCTCCCCGCCCTGCC	GGCCCCCTGCTGTGA	+
698-GCTCCCCGCCYTSCM	ZIC1_HUMAN.H11MO.0.B	2	0.026658	20.5	0.494	7	GCTCCCCGCCCTGCC	GACCACCCC	-
699-GCTGCCCCTCC	ZN708_HUMAN.H11MO.1.D	0	0.000166361	0.127932	0.0971085	9	GCTGCCCCTCC	GCTGTACCT	-
699-GCTGCCCCTCC	KLF5_HUMAN.H11MO.0.A	1	0.000288837	0.222116	0.0971085	11	GCTGCCCCTCC	CCCAGCCCCACCCT	-
699-GCTGCCCCTCC	MAZ_HUMAN.H11MO.1.A	-3	0.000451068	0.346871	0.0971085	8	GCTGCCCCTCC	CCCCCTCCCTC	-
699-GCTGCCCCTCC	ZN708_HUMAN.H11MO.0.C	0	0.000451201	0.346974	0.0971085	11	GCTGCCCCTCC	GCTGTACCTGCTTATTAGGC	-
699-GCTGCCCCTCC	SP1_HUMAN.H11MO.1.A	-1	0.000499571	0.38417	0.0971085	10	GCTGCCCCTCC	CGGCCCCGCCCCCC	-
699-GCTGCCCCTCC	PATZ1_HUMAN.H11MO.1.C	-4	0.000534565	0.41108	0.0971085	7	GCTGCCCCTCC	CCCCTCCCT	-
699-GCTGCCCCTCC	ZN467_HUMAN.H11MO.0.C	9	0.000535441	0.411754	0.0971085	11	GCTGCCCCTCC	CCCCCCCCCCCCTCCCCTCCCC	-
699-GCTGCCCCTCC	WT1_HUMAN.H11MO.0.C	2	0.000693499	0.533301	0.0971085	11	GCTGCCCCTCC	CCCCCCCTCCTCCCCCGCCC	-
699-GCTGCCCCTCC	SP4_HUMAN.H11MO.1.A	-1	0.000705749	0.542721	0.0971085	10	GCTGCCCCTCC	CGGCCCCGCCCCCTCC	-
699-GCTGCCCCTCC	KLF1_HUMAN.H11MO.0.A	1	0.000712949	0.548258	0.0971085	11	GCTGCCCCTCC	CCCGGCCCCGCCCC	-
699-GCTGCCCCTCC	KLF12_HUMAN.H11MO.0.C	-3	0.000916089	0.704472	0.0971085	8	GCTGCCCCTCC	GCCCCGCCCCT	-
699-GCTGCCCCTCC	ZN281_HUMAN.H11MO.0.A	-3	0.000964071	0.74137	0.0971085	8	GCTGCCCCTCC	TCCCCTCCCCCACCC	-
699-GCTGCCCCTCC	PBX3_HUMAN.H11MO.0.A	0	0.000970536	0.746342	0.0971085	11	GCTGCCCCTCC	CCTGTCAATCA	-
699-GCTGCCCCTCC	MAZ_HUMAN.H11MO.0.A	8	0.000984721	0.757251	0.0971085	11	GCTGCCCCTCC	CCCCCCCCCCCCCCCCTCCCCC	-
699-GCTGCCCCTCC	KLF3_HUMAN.H11MO.0.B	1	0.00101494	0.780487	0.0971085	11	GCTGCCCCTCC	CCCGGCCCCGCCCCTCCCC	-
699-GCTGCCCCTCC	SP1_HUMAN.H11MO.0.A	7	0.00104526	0.803805	0.0971085	11	GCTGCCCCTCC	CCCCCCCCCGGCCCCGCCCCCC	-
699-GCTGCCCCTCC	SP3_HUMAN.H11MO.0.B	2	0.00118556	0.911696	0.0972638	11	GCTGCCCCTCC	CCCCGGCCCCGCCCCCCCCC	-
699-GCTGCCCCTCC	KLF6_HUMAN.H11MO.0.A	3	0.0012099	0.930411	0.0972638	11	GCTGCCCCTCC	CCCCCGGCCCCGCCCTTCC	-
699-GCTGCCCCTCC	KLF15_HUMAN.H11MO.0.A	6	0.0013588	1.04492	0.0972638	11	GCTGCCCCTCC	CCCCCCCCTGCTCCTCCCC	-
699-GCTGCCCCTCC	PKNX1_HUMAN.H11MO.0.B	0	0.00136658	1.0509	0.0972638	11	GCTGCCCCTCC	CCTGTCAATCA	-
699-GCTGCCCCTCC	ZN740_HUMAN.H11MO.0.D	0	0.00142023	1.09216	0.0972638	11	GCTGCCCCTCC	CCCACCCCCCCCCC	-
699-GCTGCCCCTCC	ZBT17_HUMAN.H11MO.0.A	-1	0.00143953	1.107	0.0972638	10	GCTGCCCCTCC	CTTCCCCTCCCCCACCCTC	-
699-GCTGCCCCTCC	PBX1_HUMAN.H11MO.0.A	-1	0.00161498	1.24192	0.104374	10	GCTGCCCCTCC	CTGTCAATCA	-
699-GCTGCCCCTCC	SP2_HUMAN.H11MO.1.B	-3	0.00209911	1.61422	0.13001	8	GCTGCCCCTCC	GCCCCGCCCCCT	-
699-GCTGCCCCTCC	TBX1_HUMAN.H11MO.0.D	9	0.00278709	2.14327	0.154216	11	GCTGCCCCTCC	CCGCCCACCCCTGCCCACCC	-
699-GCTGCCCCTCC	KLF4_HUMAN.H11MO.0.A	-3	0.00285783	2.19767	0.154216	8	GCTGCCCCTCC	GCCACACCCT	-
699-GCTGCCCCTCC	ZN219_HUMAN.H11MO.0.D	0	0.00290193	2.23158	0.154216	11	GCTGCCCCTCC	TCCGCCCCCCTC	-
699-GCTGCCCCTCC	VEZF1_HUMAN.H11MO.0.C	2	0.00294704	2.26627	0.154216	11	GCTGCCCCTCC	CCCCTCCCCCTCCCCCCTCCCC	-
699-GCTGCCCCTCC	HEN1_HUMAN.H11MO.0.C	9	0.00311243	2.39346	0.154216	11	GCTGCCCCTCC	TGGGGAGCAGCTGCGTCCCT	+
699-GCTGCCCCTCC	ZN549_HUMAN.H11MO.0.C	2	0.00311243	2.39346	0.154216	11	GCTGCCCCTCC	GTGCTGCCCAATTCATGAAT	-
699-GCTGCCCCTCC	SP2_HUMAN.H11MO.0.A	3	0.00367585	2.82673	0.17075	11	GCTGCCCCTCC	CCCCCGGCCCCGCCCCCCCCCC	-
699-GCTGCCCCTCC	SP4_HUMAN.H11MO.0.A	1	0.00408707	3.14296	0.184099	11	GCTGCCCCTCC	CCCGGCCCCGCCCCCTTCCC	-
699-GCTGCCCCTCC	MYOD1_HUMAN.H11MO.0.A	3	0.0045056	3.46481	0.195511	11	GCTGCCCCTCC	GCAGCTGTTCCTGCC	+
699-GCTGCCCCTCC	HIC1_HUMAN.H11MO.0.C	2	0.00460348	3.54008	0.195511	7	GCTGCCCCTCC	GGGTTGCCC	+
699-GCTGCCCCTCC	VEZF1_HUMAN.H11MO.1.C	-3	0.00516535	3.97215	0.21328	8	GCTGCCCCTCC	CCCCCTCCCCCT	-
699-GCTGCCCCTCC	KLF16_HUMAN.H11MO.0.D	5	0.00569542	4.37977	0.228811	11	GCTGCCCCTCC	CCCCCCCCCCCCCGCCCCC	-
699-GCTGCCCCTCC	CTCFL_HUMAN.H11MO.0.A	2	0.0076858	5.91038	0.296613	11	GCTGCCCCTCC	CGGCGCCCCCTGGCGGC	-
699-GCTGCCCCTCC	ZN449_HUMAN.H11MO.0.C	-1	0.00795798	6.11969	0.296613	10	GCTGCCCCTCC	AAGCCCAACCA	-
699-GCTGCCCCTCC	PTF1A_HUMAN.H11MO.0.B	3	0.00818235	6.29223	0.296613	11	GCTGCCCCTCC	CCAGCTGCCCCCTTTCCC	+
699-GCTGCCCCTCC	ZN148_HUMAN.H11MO.0.D	-4	0.00832527	6.40213	0.296613	7	GCTGCCCCTCC	CCCCTCCCCCACCCC	-
699-GCTGCCCCTCC	MAFA_HUMAN.H11MO.0.D	2	0.00838082	6.44485	0.296613	11	GCTGCCCCTCC	GTGCTGACCCCGCAGCCTTCG	+
699-GCTGCCCCTCC	PAX5_HUMAN.H11MO.0.A	10	0.00882237	6.78441	0.304979	11	GCTGCCCCTCC	GTCACGCTCTGCTGCCCAGGC	-
699-GCTGCCCCTCC	EGR4_HUMAN.H11MO.0.D	-3	0.00924969	7.11301	0.306999	8	GCTGCCCCTCC	GCCCTGCCGCC	-
699-GCTGCCCCTCC	NR1H4_HUMAN.H11MO.1.B	0	0.00929387	7.14698	0.306999	8	GCTGCCCCTCC	ACTGACCT	-
699-GCTGCCCCTCC	ZN563_HUMAN.H11MO.1.C	4	0.00993177	7.63753	0.320938	8	GCTGCCCCTCC	CTGTGCTGCCTG	-
699-GCTGCCCCTCC	PATZ1_HUMAN.H11MO.0.C	9	0.0105634	8.12324	0.32903	11	GCTGCCCCTCC	CCTCCCCCCCCGCCCCCTCCCC	-
699-GCTGCCCCTCC	OSR2_HUMAN.H11MO.0.C	3	0.0106249	8.17053	0.32903	11	GCTGCCCCTCC	GCTGCTGCTTCTGCTG	+
699-GCTGCCCCTCC	ZN263_HUMAN.H11MO.0.A	5	0.0115532	8.88438	0.350475	11	GCTGCCCCTCC	CTCCTCCTCTCCCTCCTCCC	-
699-GCTGCCCCTCC	MAFK_HUMAN.H11MO.1.A	1	0.0120672	9.2797	0.358749	11	GCTGCCCCTCC	TGCTGACTCAGCA	-
699-GCTGCCCCTCC	BHA15_HUMAN.H11MO.0.B	3	0.012434	9.56178	0.362406	8	GCTGCCCCTCC	CCAGCTGCTGC	-
699-GCTGCCCCTCC	ZN341_HUMAN.H11MO.1.C	1	0.013019	10.0116	0.372157	8	GCTGCCCCTCC	GGCTGTTCC	-
699-GCTGCCCCTCC	ZSC31_HUMAN.H11MO.0.C	4	0.013472	10.36	0.373276	11	GCTGCCCCTCC	CATAACTGCCCTGCTGCC	-
699-GCTGCCCCTCC	ZN770_HUMAN.H11MO.1.C	-1	0.0137024	10.5372	0.373276	10	GCTGCCCCTCC	CTCAGCCTCCC	-
699-GCTGCCCCTCC	RARG_HUMAN.H11MO.1.B	-1	0.0138115	10.621	0.373276	8	GCTGCCCCTCC	CTGACCTC	-
699-GCTGCCCCTCC	ZBT7A_HUMAN.H11MO.0.A	-1	0.0144581	11.1183	0.377042	9	GCTGCCCCTCC	GAGACCCCC	-
699-GCTGCCCCTCC	PTF1A_HUMAN.H11MO.1.B	3	0.0144581	11.1183	0.377042	6	GCTGCCCCTCC	CCAGCTGCT	-
699-GCTGCCCCTCC	ZN770_HUMAN.H11MO.0.C	10	0.0149945	11.5308	0.379833	11	GCTGCCCCTCC	GATCCTCCCGCCTCAGCCTCCC	-
699-GCTGCCCCTCC	WT1_HUMAN.H11MO.1.B	-3	0.0150891	11.6035	0.379833	8	GCTGCCCCTCC	CCTCCTCCCAC	-
699-GCTGCCCCTCC	MYOG_HUMAN.H11MO.0.B	5	0.0153323	11.7905	0.379833	8	GCTGCCCCTCC	CCGCAGCTGTCCC	+
699-GCTGCCCCTCC	EGR2_HUMAN.H11MO.0.A	2	0.0155873	11.9866	0.379833	11	GCTGCCCCTCC	CCCCTCCCACACCCCCCC	-
699-GCTGCCCCTCC	PLAL1_HUMAN.H11MO.0.D	-1	0.016225	12.477	0.384226	10	GCTGCCCCTCC	GGGCCCCCCG	-
699-GCTGCCCCTCC	ZN335_HUMAN.H11MO.0.A	1	0.016543	12.7216	0.384226	11	GCTGCCCCTCC	GGCTGTCCTCGGCGCTGCCTGA	+
699-GCTGCCCCTCC	ZNF76_HUMAN.H11MO.0.C	0	0.016543	12.7216	0.384226	11	GCTGCCCCTCC	ACTACAATTCCCAGAATGCCCC	-
699-GCTGCCCCTCC	PPARA_HUMAN.H11MO.1.B	-1	0.0168943	12.9917	0.38635	9	GCTGCCCCTCC	CTGACCTTT	-
699-GCTGCCCCTCC	ZBTB6_HUMAN.H11MO.0.C	2	0.0176626	13.5825	0.397798	11	GCTGCCCCTCC	CGGCTCCAGCACC	-
699-GCTGCCCCTCC	ZN768_HUMAN.H11MO.0.C	0	0.0188535	14.4983	0.418283	11	GCTGCCCCTCC	ACTTAACCTCTCTGAGCCTC	-
699-GCTGCCCCTCC	E2F7_HUMAN.H11MO.0.B	0	0.0203132	15.6208	0.43943	11	GCTGCCCCTCC	CCTTTCCCGCCCC	-
699-GCTGCCCCTCC	ASCL1_HUMAN.H11MO.0.A	5	0.0203979	15.686	0.43943	9	GCTGCCCCTCC	CTGCACCTGCTCCC	+
699-GCTGCCCCTCC	GLIS1_HUMAN.H11MO.0.D	-2	0.0212744	16.3601	0.449422	9	GCTGCCCCTCC	AGACCCCCCACGA	-
699-GCTGCCCCTCC	ZN341_HUMAN.H11MO.0.C	0	0.0221089	17.0018	0.449422	11	GCTGCCCCTCC	GCTCTTCCCTCCCCCCCCCCCC	-
699-GCTGCCCCTCC	E2F6_HUMAN.H11MO.0.A	0	0.022277	17.1311	0.449422	11	GCTGCCCCTCC	CCCTTCCCGCCCC	-
699-GCTGCCCCTCC	RORA_HUMAN.H11MO.0.C	1	0.022277	17.1311	0.449422	11	GCTGCCCCTCC	CCCTGACCTAGTT	-
699-GCTGCCCCTCC	TFDP1_HUMAN.H11MO.0.C	-1	0.0223735	17.2052	0.449422	10	GCTGCCCCTCC	TTTTCCCGCCCCCC	-
699-GCTGCCCCTCC	KLF9_HUMAN.H11MO.0.C	4	0.023931	18.4029	0.463136	11	GCTGCCCCTCC	GGCCACGCCCCCTCC	-
699-GCTGCCCCTCC	MYF6_HUMAN.H11MO.0.C	2	0.0240139	18.4667	0.463136	5	GCTGCCCCTCC	CAGCTGC	+
699-GCTGCCCCTCC	ZN317_HUMAN.H11MO.0.C	10	0.0250543	19.2668	0.463136	10	GCTGCCCCTCC	TGAGAAGTCAGCTGTCATTC	-
699-GCTGCCCCTCC	ESR1_HUMAN.H11MO.1.A	0	0.0250796	19.2862	0.463136	10	GCTGCCCCTCC	GGTGACCTTG	-
699-GCTGCCCCTCC	GLIS3_HUMAN.H11MO.0.D	-2	0.0250796	19.2862	0.463136	9	GCTGCCCCTCC	TACCCCCCAC	-
699-GCTGCCCCTCC	MAFF_HUMAN.H11MO.1.B	1	0.0253277	19.477	0.463136	8	GCTGCCCCTCC	TGCTGAGTC	+
699-GCTGCCCCTCC	ESR2_HUMAN.H11MO.1.A	-1	0.0253925	19.5269	0.463136	7	GCTGCCCCTCC	GTGACCT	-
699-GCTGCCCCTCC	E2F4_HUMAN.H11MO.0.A	-1	0.0255488	19.647	0.463136	10	GCTGCCCCTCC	ATTTCCCGCCCCC	-
699-GCTGCCCCTCC	EGR2_HUMAN.H11MO.1.A	3	0.0262266	20.1683	0.464386	11	GCTGCCCCTCC	CCCCCGCCCACGCCCC	-
699-GCTGCCCCTCC	NR4A2_HUMAN.H11MO.0.C	-1	0.0266144	20.4665	0.464386	9	GCTGCCCCTCC	GTGACCTTT	-
699-GCTGCCCCTCC	ZN143_HUMAN.H11MO.0.A	2	0.0267165	20.545	0.464386	11	GCTGCCCCTCC	GAACTACAATTCCCAGAATGCC	-
699-GCTGCCCCTCC	NR0B1_HUMAN.H11MO.0.D	0	0.0275715	21.2025	0.464386	10	GCTGCCCCTCC	TCTCCCACGC	-
699-GCTGCCCCTCC	ZN263_HUMAN.H11MO.1.A	0	0.0277307	21.3249	0.464386	11	GCTGCCCCTCC	CCTCCTCCCTC	-
699-GCTGCCCCTCC	ZEP2_HUMAN.H11MO.0.D	3	0.0280974	21.6069	0.464386	11	GCTGCCCCTCC	GGGGTTTCCCTACC	-
699-GCTGCCCCTCC	NRF1_HUMAN.H11MO.0.A	1	0.0282701	21.7397	0.464386	11	GCTGCCCCTCC	CACTGCGCATGCGCAGG	+
699-GCTGCCCCTCC	RARA_HUMAN.H11MO.1.A	1	0.0288999	22.2241	0.464386	9	GCTGCCCCTCC	CCCTGACCTT	-
699-GCTGCCCCTCC	NKX21_HUMAN.H11MO.0.A	-3	0.0288999	22.2241	0.464386	8	GCTGCCCCTCC	GCCACTCAAG	-
699-GCTGCCCCTCC	NRL_HUMAN.H11MO.0.D	1	0.0290226	22.3184	0.464386	10	GCTGCCCCTCC	TGCTGACGCAG	+
699-GCTGCCCCTCC	SMAD2_HUMAN.H11MO.0.A	2	0.0292969	22.5293	0.464386	10	GCTGCCCCTCC	TGTCTGTCACCT	+
699-GCTGCCCCTCC	ASCL2_HUMAN.H11MO.0.D	3	0.0293666	22.583	0.464386	6	GCTGCCCCTCC	CCAGCTGCT	+
699-GCTGCCCCTCC	TBX15_HUMAN.H11MO.0.D	2	0.0302547	23.2659	0.473394	11	GCTGCCCCTCC	CCCCCACCCCCCCCCCCCC	-
699-GCTGCCCCTCC	NKX22_HUMAN.H11MO.0.D	-3	0.0308013	23.6862	0.476926	8	GCTGCCCCTCC	GCCACTCA	-
699-GCTGCCCCTCC	TAF1_HUMAN.H11MO.0.A	0	0.0314426	24.1793	0.481836	11	GCTGCCCCTCC	CCGCCGCCGCCATCTT	-
699-GCTGCCCCTCC	COT1_HUMAN.H11MO.1.C	1	0.0319836	24.5954	0.485125	11	GCTGCCCCTCC	CCCTGACCTCTGC	-
699-GCTGCCCCTCC	MAFB_HUMAN.H11MO.0.B	1	0.0332362	25.5586	0.494096	10	GCTGCCCCTCC	TGCTGACTCAG	+
699-GCTGCCCCTCC	ITF2_HUMAN.H11MO.0.C	4	0.0332398	25.5614	0.494096	6	GCTGCCCCTCC	CCCAGCTGCC	-
700-GCTGCGCGCCC	E2F2_HUMAN.H11MO.0.B	0	5.66874e-05	0.0435926	0.0870536	10	GCTGCGCGCCC	GTTTCGCGCC	-
700-GCTGCGCGCCC	ZBT14_HUMAN.H11MO.0.C	-3	0.000123024	0.0946051	0.0944623	8	GCTGCGCGCCC	GCGCGCTCC	-
700-GCTGCGCGCCC	HEN1_HUMAN.H11MO.0.C	9	0.000368002	0.282993	0.141283	11	GCTGCGCGCCC	TGGGGAGCAGCTGCGTCCCT	+
700-GCTGCGCGCCC	SP1_HUMAN.H11MO.1.A	2	0.00173729	1.33598	0.444653	11	GCTGCGCGCCC	CGGCCCCGCCCCCC	-
701-GCTGGGACA	BACH1_HUMAN.H11MO.0.A	1	0.000399698	0.307368	0.213751	9	GCTGGGACA	TGCTGAGTCATGC	+
701-GCTGGGACA	NFE2_HUMAN.H11MO.0.A	1	0.000490855	0.377467	0.213751	9	GCTGGGACA	TGCTGAGTCATGC	-
701-GCTGGGACA	BACH2_HUMAN.H11MO.0.A	1	0.000538385	0.414018	0.213751	9	GCTGGGACA	TGCTGAGTCAT	+
701-GCTGGGACA	MAFK_HUMAN.H11MO.1.A	1	0.000561961	0.432148	0.213751	9	GCTGGGACA	TGCTGAGTCAGCA	+
701-GCTGGGACA	NF2L2_HUMAN.H11MO.0.A	4	0.000923627	0.710269	0.214121	9	GCTGGGACA	AACTGCTGAGTCAT	+
701-GCTGGGACA	IKZF1_HUMAN.H11MO.0.C	-1	0.00101892	0.783551	0.214121	8	GCTGGGACA	TTGGGAGA	+
701-GCTGGGACA	ZN554_HUMAN.H11MO.1.D	0	0.0010411	0.800603	0.214121	9	GCTGGGACA	GCAGAGCCA	+
701-GCTGGGACA	THA11_HUMAN.H11MO.0.B	5	0.00112587	0.865791	0.214121	9	GCTGGGACA	GGCATGCTGGGAGTTGTAGTTC	+
701-GCTGGGACA	ZNF76_HUMAN.H11MO.0.C	7	0.00157251	1.20926	0.255535	9	GCTGGGACA	GGGGCATTCTGGGAATTGTAGT	+
701-GCTGGGACA	ZN143_HUMAN.H11MO.0.A	5	0.00167953	1.29156	0.255535	9	GCTGGGACA	GGCATTCTGGGAATTGTAGTTC	+
702-GCTTAGGCA	NFE2_HUMAN.H11MO.0.A	1	0.000608752	0.46813	0.269846	9	GCTTAGGCA	TGCTGAGTCATGC	-
702-GCTTAGGCA	BACH1_HUMAN.H11MO.0.A	1	0.000651055	0.500661	0.269846	9	GCTTAGGCA	TGCTGAGTCATGC	+
702-GCTTAGGCA	BACH2_HUMAN.H11MO.0.A	1	0.000665514	0.51178	0.269846	9	GCTTAGGCA	TGCTGAGTCAT	+
702-GCTTAGGCA	MAFK_HUMAN.H11MO.1.A	1	0.000794886	0.611267	0.269846	9	GCTTAGGCA	TGCTGAGTCAGCA	+
702-GCTTAGGCA	NF2L2_HUMAN.H11MO.0.A	4	0.000877262	0.674614	0.269846	9	GCTTAGGCA	AACTGCTGAGTCAT	+
703-GGAAGGAGGAAA	ELF5_HUMAN.H11MO.0.A	0	0.000367498	0.282606	0.236904	12	GGAAGGAGGAAA	GGAAGGAGGAAGTGG	+
703-GGAAGGAGGAAA	ZN586_HUMAN.H11MO.0.C	3	0.000462054	0.355319	0.236904	12	GGAAGGAGGAAA	AGGCCTAGGAGGAAAAAATG	+
703-GGAAGGAGGAAA	ELF3_HUMAN.H11MO.0.A	-1	0.000661802	0.508925	0.236904	11	GGAAGGAGGAAA	GAACCAGGAAGTGG	+
703-GGAAGGAGGAAA	SPI1_HUMAN.H11MO.0.A	0	0.000918576	0.706385	0.236904	12	GGAAGGAGGAAA	AAAAAGAGGAAGTGAAA	+
703-GGAAGGAGGAAA	ZN263_HUMAN.H11MO.0.A	0	0.000932727	0.717267	0.236904	12	GGAAGGAGGAAA	GGGAGGAGGGAGAGGAGGAG	+
703-GGAAGGAGGAAA	ETV2_HUMAN.H11MO.0.B	0	0.0011668	0.897269	0.236904	12	GGAAGGAGGAAA	GGAAACAGGAAGTGGG	+
703-GGAAGGAGGAAA	SPIB_HUMAN.H11MO.0.A	0	0.00121569	0.934862	0.236904	12	GGAAGGAGGAAA	AAAAAGAGGAAGTGAAA	+
703-GGAAGGAGGAAA	FLI1_HUMAN.H11MO.0.A	7	0.00124145	0.954673	0.236904	11	GGAAGGAGGAAA	GGAGGAAGGAAGGAGGGA	+
703-GGAAGGAGGAAA	ETV5_HUMAN.H11MO.0.C	-2	0.00209614	1.61193	0.303169	10	GGAAGGAGGAAA	GAGCAGGAAGTGAG	+
703-GGAAGGAGGAAA	ZN263_HUMAN.H11MO.1.A	2	0.00235958	1.81452	0.303169	9	GGAAGGAGGAAA	GAGGGAGGAGG	+
703-GGAAGGAGGAAA	TFDP1_HUMAN.H11MO.0.C	0	0.00245541	1.88821	0.303169	12	GGAAGGAGGAAA	GGGGGGCGGGAAAA	+
703-GGAAGGAGGAAA	ZSC22_HUMAN.H11MO.0.C	4	0.00262333	2.01734	0.303169	12	GGAAGGAGGAAA	GGTCTGAGGGAGGAGG	+
703-GGAAGGAGGAAA	ETV7_HUMAN.H11MO.0.D	-5	0.00266263	2.04756	0.303169	7	GGAAGGAGGAAA	CAGGAAG	+
703-GGAAGGAGGAAA	ETV6_HUMAN.H11MO.0.D	-4	0.00294202	2.26241	0.303169	8	GGAAGGAGGAAA	ACAGGAAGT	+
703-GGAAGGAGGAAA	WT1_HUMAN.H11MO.0.C	3	0.00313582	2.41144	0.303169	12	GGAAGGAGGAAA	GGGCGGGGGAGGAGGGGGGG	+
703-GGAAGGAGGAAA	VEZF1_HUMAN.H11MO.1.C	0	0.00328219	2.524	0.303169	12	GGAAGGAGGAAA	AGGGGGAGGGGG	+
703-GGAAGGAGGAAA	BC11A_HUMAN.H11MO.0.A	-1	0.00337598	2.59613	0.303169	11	GGAAGGAGGAAA	AAAAGAGGAAGTGAAAA	+
703-GGAAGGAGGAAA	WT1_HUMAN.H11MO.1.B	-1	0.00363453	2.79495	0.308255	11	GGAAGGAGGAAA	GTGGGAGGAGG	+
703-GGAAGGAGGAAA	EHF_HUMAN.H11MO.0.B	-1	0.00390748	3.00485	0.313963	11	GGAAGGAGGAAA	GAACCAGGAAGTGGC	+
703-GGAAGGAGGAAA	IRF4_HUMAN.H11MO.0.A	-1	0.00671013	5.16009	0.486496	11	GGAAGGAGGAAA	AAAAGAGGAAGTGAAACT	+
703-GGAAGGAGGAAA	E2F1_HUMAN.H11MO.0.A	0	0.00711068	5.46812	0.486496	12	GGAAGGAGGAAA	GGGGGGCGGGAAAG	+
703-GGAAGGAGGAAA	ETV4_HUMAN.H11MO.0.B	-3	0.00714612	5.49537	0.486496	9	GGAAGGAGGAAA	AACAGGAAGGG	+
703-GGAAGGAGGAAA	ZN770_HUMAN.H11MO.0.C	10	0.00732947	5.63636	0.486496	12	GGAAGGAGGAAA	GGGAGGCTGAGGCGGGAGGATC	+
703-GGAAGGAGGAAA	IRF3_HUMAN.H11MO.0.B	5	0.00789545	6.0716	0.488293	12	GGAAGGAGGAAA	GAAAGGGAAAGGGAAAGTGA	+
703-GGAAGGAGGAAA	ZN219_HUMAN.H11MO.0.D	2	0.00812541	6.24844	0.488293	10	GGAAGGAGGAAA	GAGGGGGGCGGA	+
703-GGAAGGAGGAAA	NFAT5_HUMAN.H11MO.0.D	-4	0.00831609	6.39507	0.488293	8	GGAAGGAGGAAA	AGAGGAAAAGG	+
704-GGAAGTGCCC	NFKB1_HUMAN.H11MO.1.B	1	0.000132231	0.101685	0.0981147	10	GGAAGTGCCC	GGGAAATTCCC	+
704-GGAAGTGCCC	TF65_HUMAN.H11MO.0.A	2	0.000136003	0.104586	0.0981147	10	GGAAGTGCCC	CTGGAAATTCCCTG	-
704-GGAAGTGCCC	ZN341_HUMAN.H11MO.1.C	0	0.000193955	0.149152	0.0981147	9	GGAAGTGCCC	GGAACAGCC	+
704-GGAAGTGCCC	ELK1_HUMAN.H11MO.0.B	3	0.000355852	0.273651	0.126714	8	GGAAGTGCCC	ACCGGAAGTGG	+
704-GGAAGTGCCC	SPI1_HUMAN.H11MO.0.A	7	0.000500984	0.385257	0.126714	10	GGAAGTGCCC	AAAAAGAGGAAGTGAAA	+
704-GGAAGTGCCC	ELK3_HUMAN.H11MO.0.D	4	0.000800334	0.615457	0.168782	8	GGAAGTGCCC	CCCAGGAAGTGC	+
704-GGAAGTGCCC	SPIB_HUMAN.H11MO.0.A	7	0.000889738	0.684209	0.168782	10	GGAAGTGCCC	AAAAAGAGGAAGTGAAA	+
704-GGAAGTGCCC	ZEP1_HUMAN.H11MO.0.D	2	0.00102026	0.784583	0.172038	10	GGAAGTGCCC	TGGGAAATCCCC	+
704-GGAAGTGCCC	NFKB2_HUMAN.H11MO.0.B	1	0.00122164	0.939444	0.173247	10	GGAAGTGCCC	GGGAAAGCCCC	+
704-GGAAGTGCCC	ELF1_HUMAN.H11MO.0.A	6	0.00129716	0.997517	0.173247	8	GGAAGTGCCC	GAACCCGGAAGTGG	+
704-GGAAGTGCCC	GABPA_HUMAN.H11MO.0.A	6	0.00137721	1.05907	0.173247	8	GGAAGTGCCC	GGAACCGGAAGTGG	+
704-GGAAGTGCCC	REL_HUMAN.H11MO.0.B	1	0.0015203	1.16911	0.173247	10	GGAAGTGCCC	TGGAATTTCCCTTCA	-
704-GGAAGTGCCC	ELK4_HUMAN.H11MO.0.A	4	0.00163907	1.26044	0.173247	8	GGAAGTGCCC	GACCGGAAGTGG	+
704-GGAAGTGCCC	EHF_HUMAN.H11MO.0.B	6	0.00171239	1.31683	0.173247	9	GGAAGTGCCC	GAACCAGGAAGTGGC	+
704-GGAAGTGCCC	ELF2_HUMAN.H11MO.0.C	5	0.0019407	1.4924	0.184074	8	GGAAGTGCCC	AACCCGGAAGTGG	+
704-GGAAGTGCCC	RELB_HUMAN.H11MO.0.C	1	0.00218791	1.6825	0.195314	10	GGAAGTGCCC	GGGAAATCCCCC	-
704-GGAAGTGCCC	HIF1A_HUMAN.H11MO.0.C	0	0.002483	1.90943	0.196733	8	GGAAGTGCCC	GGACGTGC	+
704-GGAAGTGCCC	ETS1_HUMAN.H11MO.0.A	5	0.002586	1.98863	0.196733	8	GGAAGTGCCC	AGACAGGAAGTGG	+
704-GGAAGTGCCC	ETV1_HUMAN.H11MO.0.A	4	0.00259271	1.99379	0.196733	7	GGAAGTGCCC	GGCCGGAAGTG	+
704-GGAAGTGCCC	HES7_HUMAN.H11MO.0.D	2	0.0029049	2.23387	0.200383	10	GGAAGTGCCC	TGGCACGTGCCG	+
704-GGAAGTGCCC	XBP1_HUMAN.H11MO.0.D	2	0.00404936	3.11396	0.245811	9	GGAAGTGCCC	GCTGACGTGGC	+
704-GGAAGTGCCC	ELF5_HUMAN.H11MO.0.A	7	0.0045305	3.48395	0.254645	8	GGAAGTGCCC	GGAAGGAGGAAGTGG	+
704-GGAAGTGCCC	ELF3_HUMAN.H11MO.0.A	6	0.00484505	3.72584	0.2626	8	GGAAGTGCCC	GAACCAGGAAGTGG	+
704-GGAAGTGCCC	HES5_HUMAN.H11MO.0.D	2	0.00561538	4.31822	0.288435	10	GGAAGTGCCC	CGGCACGTGCCA	-
704-GGAAGTGCCC	EPAS1_HUMAN.H11MO.0.B	0	0.00583043	4.4836	0.288435	9	GGAAGTGCCC	GTACGTGCC	+
704-GGAAGTGCCC	ERG_HUMAN.H11MO.0.A	5	0.00624932	4.80572	0.288435	8	GGAAGTGCCC	GGGCAGGAAGTGG	+
704-GGAAGTGCCC	ETV5_HUMAN.H11MO.0.C	5	0.00635302	4.88548	0.288435	9	GGAAGTGCCC	GAGCAGGAAGTGAG	+
704-GGAAGTGCCC	ZSC31_HUMAN.H11MO.0.C	1	0.00646209	4.96935	0.288435	10	GGAAGTGCCC	CATAACTGCCCTGCTGCC	-
704-GGAAGTGCCC	BC11A_HUMAN.H11MO.0.A	6	0.00805599	6.19505	0.349305	10	GGAAGTGCCC	AAAAGAGGAAGTGAAAA	+
704-GGAAGTGCCC	ETV7_HUMAN.H11MO.0.D	2	0.00876984	6.74401	0.359703	5	GGAAGTGCCC	CAGGAAG	+
704-GGAAGTGCCC	ZN140_HUMAN.H11MO.0.C	7	0.00976871	7.51214	0.388872	10	GGAAGTGCCC	TAGGAGCGGAATTGCTGGGTCATA	-
704-GGAAGTGCCC	ETV4_HUMAN.H11MO.0.B	4	0.0099935	7.685	0.388872	7	GGAAGTGCCC	AACAGGAAGGG	+
704-GGAAGTGCCC	FLI1_HUMAN.H11MO.1.A	5	0.0105536	8.1157	0.395067	8	GGAAGTGCCC	AGGCAGGAAGTGG	+
704-GGAAGTGCCC	KLF9_HUMAN.H11MO.0.C	5	0.0106734	8.20781	0.395067	10	GGAAGTGCCC	GGAGGGGGCGTGGCC	+
704-GGAAGTGCCC	ZN341_HUMAN.H11MO.0.C	14	0.011204	8.61589	0.396848	8	GGAAGTGCCC	GGGGGGGGGGGGAGGGAAGAGC	+
704-GGAAGTGCCC	ARNT_HUMAN.H11MO.0.B	0	0.0112445	8.64699	0.396848	9	GGAAGTGCCC	GTACGTGCC	+
704-GGAAGTGCCC	NKX23_HUMAN.H11MO.0.D	1	0.0116474	8.95682	0.401725	10	GGAAGTGCCC	GTTAAGTGGTT	+
704-GGAAGTGCCC	ETV2_HUMAN.H11MO.0.B	7	0.0121437	9.33854	0.409538	9	GGAAGTGCCC	GGAAACAGGAAGTGGG	+
704-GGAAGTGCCC	ETV3_HUMAN.H11MO.0.D	-1	0.0131863	10.1403	0.434748	9	GGAAGTGCCC	GAAGTGCAAACGTA	-
704-GGAAGTGCCC	NR1H4_HUMAN.H11MO.0.B	3	0.0134642	10.354	0.434748	10	GGAAGTGCCC	GGGGTCAATGACCCCGAGG	+
704-GGAAGTGCCC	HIC1_HUMAN.H11MO.0.C	-1	0.0146568	11.2711	0.459801	9	GGAAGTGCCC	GGGTTGCCC	+
704-GGAAGTGCCC	FEV_HUMAN.H11MO.0.B	3	0.0153509	11.8049	0.459801	7	GGAAGTGCCC	GCGGGAAGCG	+
704-GGAAGTGCCC	ETV6_HUMAN.H11MO.0.D	3	0.0154442	11.8766	0.459801	6	GGAAGTGCCC	ACAGGAAGT	+
704-GGAAGTGCCC	NR1H4_HUMAN.H11MO.1.B	-3	0.0156034	11.999	0.459801	7	GGAAGTGCCC	ACTGACCT	-
704-GGAAGTGCCC	NKX31_HUMAN.H11MO.0.C	1	0.015755	12.1156	0.459801	10	GGAAGTGCCC	GTTAAGTGCTTT	+
704-GGAAGTGCCC	HEY1_HUMAN.H11MO.0.D	2	0.0165525	12.7289	0.47396	10	GGAAGTGCCC	CGACACGTGCCA	-
705-GGAATTAYCC	NFKB1_HUMAN.H11MO.1.B	1	7.82105e-05	0.0601438	0.116865	10	GGAATTACCC	GGGAATTTCCC	-
705-GGAATTAYCC	DLX3_HUMAN.H11MO.0.C	1	0.000307615	0.236556	0.206154	9	GGAATTACCC	TGTAATTATC	-
705-GGAATTAYCC	TF65_HUMAN.H11MO.0.A	2	0.000478306	0.367818	0.206154	10	GGAATTACCC	CTGGAAATTCCCTG	-
705-GGAATTAYCC	ZEP1_HUMAN.H11MO.0.D	1	0.000551862	0.424382	0.206154	10	GGAATTACCC	GGGGATTTCCCA	-
705-GGAATTAYCC	NFKB2_HUMAN.H11MO.0.B	1	0.00091637	0.704689	0.234323	10	GGAATTACCC	GGGGCTTTCCC	-
705-GGAATTAYCC	REL_HUMAN.H11MO.0.B	1	0.000940904	0.723555	0.234323	10	GGAATTACCC	TGGAATTTCCCTTCA	-
705-GGAATTAYCC	DPRX_HUMAN.H11MO.0.D	1	0.00124589	0.958089	0.237027	10	GGAATTACCC	ACGGATTATCC	+
705-GGAATTAYCC	MSX2_HUMAN.H11MO.0.D	0	0.00153961	1.18396	0.237027	7	GGAATTACCC	ACAATTA	-
705-GGAATTAYCC	MIXL1_HUMAN.H11MO.0.D	2	0.00158627	1.21984	0.237027	9	GGAATTACCC	ATCTAATTAAC	-
705-GGAATTAYCC	ZBT49_HUMAN.H11MO.0.D	0	0.00269446	2.07204	0.334783	10	GGAATTACCC	CCAATTAGCGC	-
705-GGAATTAYCC	HXD3_HUMAN.H11MO.0.D	1	0.00302352	2.32509	0.334783	10	GGAATTACCC	CCTAATTAACC	-
705-GGAATTAYCC	PRRX2_HUMAN.H11MO.0.C	-1	0.00313668	2.41211	0.334783	7	GGAATTACCC	CAATTAA	-
705-GGAATTAYCC	HXA2_HUMAN.H11MO.0.D	1	0.00424882	3.26734	0.407452	10	GGAATTACCC	GGTAATTAGCG	+
705-GGAATTAYCC	DLX2_HUMAN.H11MO.0.D	0	0.0043629	3.35507	0.407452	8	GGAATTACCC	ATAATTAT	-
705-GGAATTAYCC	NOBOX_HUMAN.H11MO.0.C	1	0.00530551	4.07994	0.466336	8	GGAATTACCC	ACCAATTAG	-
707-GGAGGAGCCCAAT	ZN341_HUMAN.H11MO.1.C	0	0.000304713	0.234324	0.468648	9	GGAGGAGCCCAAT	GGAACAGCC	+
708-GGAGGCGGGCCC	SP2_HUMAN.H11MO.0.A	5	8.57239e-06	0.00659217	0.00762981	12	GGAGGCGGGCCC	GGGGGGGGGGCGGGGCCGGGGG	+
708-GGAGGCGGGCCC	SP1_HUMAN.H11MO.1.A	1	1.00742e-05	0.00774707	0.00762981	12	GGAGGCGGGCCC	GGGGGGCGGGGCCG	+
708-GGAGGCGGGCCC	SP1_HUMAN.H11MO.0.A	1	2.87183e-05	0.0220844	0.0113967	12	GGAGGCGGGCCC	GGGGGGCGGGGCCGGGGGGGGG	+
708-GGAGGCGGGCCC	SP2_HUMAN.H11MO.1.B	1	3.00959e-05	0.0231437	0.0113967	11	GGAGGCGGGCCC	AGGGGGCGGGGC	+
708-GGAGGCGGGCCC	PLAL1_HUMAN.H11MO.0.D	-2	0.000250376	0.192539	0.0732384	10	GGAGGCGGGCCC	CGGGGGGCCC	+
708-GGAGGCGGGCCC	SP4_HUMAN.H11MO.0.A	5	0.000330888	0.254453	0.0732384	12	GGAGGCGGGCCC	GGGAAGGGGGCGGGGCCGGG	+
708-GGAGGCGGGCCC	EGR4_HUMAN.H11MO.0.D	0	0.000415306	0.31937	0.0732384	11	GGAGGCGGGCCC	GGCGGCAGGGC	+
708-GGAGGCGGGCCC	KLF9_HUMAN.H11MO.0.C	3	0.000418652	0.321944	0.0732384	12	GGAGGCGGGCCC	GGAGGGGGCGTGGCC	+
708-GGAGGCGGGCCC	KLF12_HUMAN.H11MO.0.C	0	0.000496621	0.381901	0.0732384	11	GGAGGCGGGCCC	AGGGGCGGGGC	+
708-GGAGGCGGGCCC	SP3_HUMAN.H11MO.0.B	4	0.000530528	0.407976	0.0732384	12	GGAGGCGGGCCC	GGGGGGGGGCGGGGCCGGGG	+
708-GGAGGCGGGCCC	E2F4_HUMAN.H11MO.0.A	0	0.000560356	0.430914	0.0732384	12	GGAGGCGGGCCC	GGGGGCGGGAAAT	+
708-GGAGGCGGGCCC	SP4_HUMAN.H11MO.1.A	3	0.000596754	0.458904	0.0732384	12	GGAGGCGGGCCC	GGAGGGGGCGGGGCCG	+
708-GGAGGCGGGCCC	ZN770_HUMAN.H11MO.1.C	1	0.000628564	0.483366	0.0732384	10	GGAGGCGGGCCC	GGGAGGCTGAG	+
708-GGAGGCGGGCCC	TFDP1_HUMAN.H11MO.0.C	1	0.00078299	0.602119	0.0847151	12	GGAGGCGGGCCC	GGGGGGCGGGAAAA	+
708-GGAGGCGGGCCC	ZN770_HUMAN.H11MO.0.C	1	0.00185564	1.42699	0.187385	12	GGAGGCGGGCCC	GGGAGGCTGAGGCGGGAGGATC	+
708-GGAGGCGGGCCC	E2F7_HUMAN.H11MO.0.B	-1	0.00296069	2.27677	0.280289	11	GGAGGCGGGCCC	GGGGCGGGAAAGG	+
708-GGAGGCGGGCCC	E2F1_HUMAN.H11MO.0.A	1	0.00344872	2.65207	0.307286	12	GGAGGCGGGCCC	GGGGGGCGGGAAAG	+
708-GGAGGCGGGCCC	KLF14_HUMAN.H11MO.0.D	2	0.00443237	3.4085	0.372989	11	GGAGGCGGGCCC	AGGGGGGCGTGGC	+
708-GGAGGCGGGCCC	ZSC22_HUMAN.H11MO.0.C	8	0.00499999	3.845	0.37793	8	GGAGGCGGGCCC	GGTCTGAGGGAGGAGG	+
708-GGAGGCGGGCCC	ZN281_HUMAN.H11MO.0.A	4	0.00541464	4.16386	0.37793	11	GGAGGCGGGCCC	GGGTGGGGGAGGGGA	+
708-GGAGGCGGGCCC	ZN219_HUMAN.H11MO.0.D	-1	0.00583355	4.486	0.37793	11	GGAGGCGGGCCC	GAGGGGGGCGGA	+
708-GGAGGCGGGCCC	PATZ1_HUMAN.H11MO.1.C	2	0.00629247	4.83891	0.37793	7	GGAGGCGGGCCC	AGGGAGGGG	+
708-GGAGGCGGGCCC	GCM2_HUMAN.H11MO.0.D	-1	0.0065176	5.01204	0.37793	11	GGAGGCGGGCCC	GATGCGGGTAT	+
708-GGAGGCGGGCCC	ZN148_HUMAN.H11MO.0.D	5	0.00658393	5.06304	0.37793	10	GGAGGCGGGCCC	GGGGTGGGGGAGGGG	+
708-GGAGGCGGGCCC	ZN257_HUMAN.H11MO.0.C	0	0.0067587	5.19744	0.37793	12	GGAGGCGGGCCC	AGAGGCAAGAGC	-
708-GGAGGCGGGCCC	GLIS1_HUMAN.H11MO.0.D	1	0.00689212	5.30004	0.37793	12	GGAGGCGGGCCC	TCGTGGGGGGTCT	+
708-GGAGGCGGGCCC	ZN263_HUMAN.H11MO.0.A	1	0.00698613	5.37233	0.37793	12	GGAGGCGGGCCC	GGGAGGAGGGAGAGGAGGAG	+
708-GGAGGCGGGCCC	ZBT14_HUMAN.H11MO.0.C	-4	0.00742784	5.71201	0.387969	8	GGAGGCGGGCCC	GCGCGCTCC	-
708-GGAGGCGGGCCC	CENPB_HUMAN.H11MO.0.D	6	0.00774303	5.95439	0.389163	11	GGAGGCGGGCCC	TTCGTACGATGCGGGTT	+
708-GGAGGCGGGCCC	MAZ_HUMAN.H11MO.1.A	3	0.00796454	6.12473	0.389163	8	GGAGGCGGGCCC	GAGGGAGGGGG	+
708-GGAGGCGGGCCC	WT1_HUMAN.H11MO.0.C	7	0.00849988	6.53641	0.402342	12	GGAGGCGGGCCC	GGGCGGGGGAGGAGGGGGGG	+
708-GGAGGCGGGCCC	KLF3_HUMAN.H11MO.0.B	4	0.00889557	6.84069	0.408312	12	GGAGGCGGGCCC	GGGGAGGGGCGGGGCCGGG	+
708-GGAGGCGGGCCC	ZBTB4_HUMAN.H11MO.0.D	8	0.00938321	7.21569	0.415309	9	GGAGGCGGGCCC	CCTAGATGGCAGGTGGG	+
708-GGAGGCGGGCCC	TBX15_HUMAN.H11MO.0.D	8	0.00979451	7.53198	0.415309	11	GGAGGCGGGCCC	GGGGGGGGGGGGGTGGGGG	+
708-GGAGGCGGGCCC	GLIS3_HUMAN.H11MO.0.D	-1	0.0101004	7.76719	0.415309	10	GGAGGCGGGCCC	GTGGGGGGTA	+
708-GGAGGCGGGCCC	ZN436_HUMAN.H11MO.0.C	16	0.0101447	7.8013	0.415309	8	GGAGGCGGGCCC	TCAGGGAAGGCTTCCTGGAGGAGG	+
708-GGAGGCGGGCCC	KLF1_HUMAN.H11MO.0.A	-1	0.011075	8.51664	0.429948	11	GGAGGCGGGCCC	GGGGCGGGGCCGGG	+
708-GGAGGCGGGCCC	WT1_HUMAN.H11MO.1.B	3	0.011235	8.63969	0.429948	8	GGAGGCGGGCCC	GTGGGAGGAGG	+
708-GGAGGCGGGCCC	PRDM4_HUMAN.H11MO.0.D	-1	0.0113539	8.73111	0.429948	11	GGAGGCGGGCCC	GTGGGGGGCCTTGAAA	+
708-GGAGGCGGGCCC	KLF13_HUMAN.H11MO.0.D	2	0.0117925	9.06845	0.435668	9	GGAGGCGGGCCC	AGGGGGGCGTG	+
708-GGAGGCGGGCCC	KLF15_HUMAN.H11MO.0.A	5	0.0124218	9.5524	0.447991	12	GGAGGCGGGCCC	GGGGAGGAGCAGGGGGGGG	+
708-GGAGGCGGGCCC	ZN263_HUMAN.H11MO.1.A	3	0.0136221	10.4754	0.470445	8	GGAGGCGGGCCC	GAGGGAGGAGG	+
708-GGAGGCGGGCCC	TAF1_HUMAN.H11MO.0.A	5	0.0136737	10.5151	0.470445	11	GGAGGCGGGCCC	AAGATGGCGGCGGCGG	+
708-GGAGGCGGGCCC	E2F6_HUMAN.H11MO.0.A	-1	0.0139762	10.7477	0.470445	11	GGAGGCGGGCCC	GGGGCGGGAAGGG	+
708-GGAGGCGGGCCC	E2F3_HUMAN.H11MO.0.A	-1	0.0142878	10.9873	0.470478	11	GGAGGCGGGCCC	AGGGCGGGAAA	+
708-GGAGGCGGGCCC	VEZF1_HUMAN.H11MO.1.C	4	0.0151479	11.6487	0.488187	8	GGAGGCGGGCCC	AGGGGGAGGGGG	+
708-GGAGGCGGGCCC	KLF16_HUMAN.H11MO.0.D	0	0.0156857	12.0623	0.494989	12	GGAGGCGGGCCC	GGGGGCGGGGGGGGGGGGG	+
709-GGAGTCTGA	ZN770_HUMAN.H11MO.1.C	1	0.000223161	0.171611	0.194148	9	GGAGTCTGA	GGGAGGCTGAG	+
709-GGAGTCTGA	ZN770_HUMAN.H11MO.0.C	1	0.000252468	0.194148	0.194148	9	GGAGTCTGA	GGGAGGCTGAGGCGGGAGGATC	+
710-GGCCCACGTGA	USF2_HUMAN.H11MO.0.A	5	2.78583e-05	0.021423	0.0323276	11	GGCCCACGTGA	CGCCGCGGCCACGTGACCC	-
710-GGCCCACGTGA	USF1_HUMAN.H11MO.0.A	-1	4.29877e-05	0.0330575	0.0323276	10	GGCCCACGTGA	GGTCACGTGACC	-
710-GGCCCACGTGA	MYCN_HUMAN.H11MO.0.A	-1	0.000132908	0.102207	0.0409544	10	GGCCCACGTGA	GCCCACGTGGCC	-
710-GGCCCACGTGA	TFEB_HUMAN.H11MO.0.C	-4	0.000139709	0.107436	0.0409544	7	GGCCCACGTGA	CACGTGACC	-
710-GGCCCACGTGA	MXI1_HUMAN.H11MO.1.A	-2	0.000142281	0.109414	0.0409544	9	GGCCCACGTGA	CCCACGTGCTC	+
710-GGCCCACGTGA	TFE3_HUMAN.H11MO.0.B	-1	0.000178342	0.137145	0.0409544	10	GGCCCACGTGA	GGTCACGTGA	+
710-GGCCCACGTGA	MITF_HUMAN.H11MO.0.A	-3	0.000248084	0.190776	0.046641	8	GGCCCACGTGA	TCACGTGACC	+
710-GGCCCACGTGA	BMAL1_HUMAN.H11MO.0.A	-2	0.00032232	0.247864	0.053754	9	GGCCCACGTGA	GCCACGTGACT	+
710-GGCCCACGTGA	BHE40_HUMAN.H11MO.0.A	-2	0.000415247	0.319325	0.053754	9	GGCCCACGTGA	GGCACGTGAC	+
710-GGCCCACGTGA	MXI1_HUMAN.H11MO.0.A	4	0.000429137	0.330006	0.053754	11	GGCCCACGTGA	CCCGCCGCCACGTGC	-
710-GGCCCACGTGA	MLX_HUMAN.H11MO.0.D	-3	0.000464617	0.35729	0.053754	8	GGCCCACGTGA	GCACGTGATCA	-
710-GGCCCACGTGA	MAX_HUMAN.H11MO.0.A	-3	0.00068411	0.526081	0.0624987	8	GGCCCACGTGA	CCACGTGCTC	-
710-GGCCCACGTGA	MYC_HUMAN.H11MO.0.A	-2	0.000747969	0.575189	0.0624987	9	GGCCCACGTGA	GCCACGTGCTC	+
710-GGCCCACGTGA	BHE41_HUMAN.H11MO.0.D	3	0.0013619	1.0473	0.0948208	11	GGCCCACGTGA	ACCGGGTCACGTGCAGAGGG	+
710-GGCCCACGTGA	ATF6A_HUMAN.H11MO.0.B	-3	0.00138697	1.06658	0.0948208	8	GGCCCACGTGA	CCACGTCACCAC	-
710-GGCCCACGTGA	CR3L2_HUMAN.H11MO.0.D	-1	0.00240575	1.85002	0.147655	10	GGCCCACGTGA	TGCCACGTCATCA	-
710-GGCCCACGTGA	ATF3_HUMAN.H11MO.0.A	-2	0.00288956	2.22207	0.152891	9	GGCCCACGTGA	ATCACGTCACC	-
710-GGCCCACGTGA	HEY1_HUMAN.H11MO.0.D	-1	0.00298735	2.29727	0.152891	10	GGCCCACGTGA	CGACACGTGCCA	-
710-GGCCCACGTGA	XBP1_HUMAN.H11MO.0.D	-2	0.0030496	2.34514	0.152891	9	GGCCCACGTGA	GCCACGTCAGC	-
710-GGCCCACGTGA	MESP1_HUMAN.H11MO.0.D	0	0.00321792	2.47458	0.156125	11	GGCCCACGTGA	TCCACACCTGC	-
710-GGCCCACGTGA	CLOCK_HUMAN.H11MO.0.C	0	0.00368752	2.8357	0.173318	11	GGCCCACGTGA	TGTTCACGTGTCTG	-
710-GGCCCACGTGA	CR3L1_HUMAN.H11MO.0.D	-1	0.00419834	3.22852	0.18572	10	GGCCCACGTGA	TGCCACGTGGC	-
710-GGCCCACGTGA	NKX23_HUMAN.H11MO.0.D	-1	0.00466377	3.58644	0.18987	10	GGCCCACGTGA	AACCACTTAAC	-
710-GGCCCACGTGA	EPAS1_HUMAN.H11MO.0.B	-3	0.00477452	3.67161	0.18987	8	GGCCCACGTGA	GTACGTGCC	+
710-GGCCCACGTGA	CREB3_HUMAN.H11MO.0.D	-1	0.00504851	3.88231	0.194697	10	GGCCCACGTGA	TGCCACGTCACCA	-
710-GGCCCACGTGA	ESR1_HUMAN.H11MO.0.A	1	0.00631237	4.85421	0.226049	11	GGCCCACGTGA	AGGTCACCCTGACCT	+
710-GGCCCACGTGA	HIF1A_HUMAN.H11MO.0.C	-3	0.0071944	5.53249	0.251643	8	GGCCCACGTGA	GGACGTGC	+
710-GGCCCACGTGA	PLAL1_HUMAN.H11MO.0.D	1	0.00784105	6.02977	0.268029	9	GGCCCACGTGA	GGGCCCCCCG	-
710-GGCCCACGTGA	SNAI1_HUMAN.H11MO.0.C	-3	0.0085728	6.59249	0.280301	8	GGCCCACGTGA	CCAGGTGG	+
710-GGCCCACGTGA	ESR2_HUMAN.H11MO.0.A	1	0.00993154	7.63736	0.304846	11	GGCCCACGTGA	AGGTCACCCTGACCT	+
710-GGCCCACGTGA	ARNT_HUMAN.H11MO.0.B	-3	0.010911	8.39052	0.321775	8	GGCCCACGTGA	GTACGTGCC	+
710-GGCCCACGTGA	HEY2_HUMAN.H11MO.0.D	1	0.0117785	9.05769	0.334253	11	GGCCCACGTGA	GGGGGCACGTGGCATTA	+
710-GGCCCACGTGA	ID4_HUMAN.H11MO.0.D	-1	0.0141309	10.8667	0.391851	10	GGCCCACGTGA	TTACACCTGTC	-
710-GGCCCACGTGA	ZN320_HUMAN.H11MO.0.C	4	0.0144553	11.1161	0.391851	11	GGCCCACGTGA	CACTGGCCCCCTGGTCCCAC	-
710-GGCCCACGTGA	FIGLA_HUMAN.H11MO.0.D	-1	0.0148297	11.404	0.391851	10	GGCCCACGTGA	TAACAGGTGTT	+
710-GGCCCACGTGA	MTF1_HUMAN.H11MO.0.C	4	0.0165574	12.7326	0.408422	11	GGCCCACGTGA	GTTTTGCACACGGCACT	-
710-GGCCCACGTGA	ARNT2_HUMAN.H11MO.0.D	2	0.0165645	12.7381	0.408422	10	GGCCCACGTGA	GCCTCCCACGCC	-
710-GGCCCACGTGA	ZEB1_HUMAN.H11MO.0.A	-2	0.0203865	15.6772	0.486496	9	GGCCCACGTGA	GACAGGTGAG	+
710-GGCCCACGTGA	RARG_HUMAN.H11MO.0.B	4	0.0213131	16.3898	0.486496	11	GGCCCACGTGA	CCCAGGTCACTCTGACCT	-
710-GGCCCACGTGA	AP2B_HUMAN.H11MO.0.B	-1	0.0213957	16.4533	0.486496	10	GGCCCACGTGA	GCCCCCGGGC	-
710-GGCCCACGTGA	COE1_HUMAN.H11MO.0.A	2	0.0214101	16.4643	0.486496	11	GGCCCACGTGA	AAGTCCCCAGGGACC	+
712-GGCGGTGCCCA	SP1_HUMAN.H11MO.1.A	4	0.000187168	0.143933	0.286302	10	GGCGGTGCCCA	GGGGGGCGGGGCCG	+
712-GGCGGTGCCCA	HIC1_HUMAN.H11MO.0.C	-1	0.000418207	0.321601	0.309526	9	GGCGGTGCCCA	GGGTTGCCC	+
712-GGCGGTGCCCA	SP1_HUMAN.H11MO.0.A	4	0.000607053	0.466824	0.309526	11	GGCGGTGCCCA	GGGGGGCGGGGCCGGGGGGGGG	+
712-GGCGGTGCCCA	KLF12_HUMAN.H11MO.0.C	3	0.000979671	0.753367	0.346382	8	GGCGGTGCCCA	AGGGGCGGGGC	+
712-GGCGGTGCCCA	SP4_HUMAN.H11MO.0.A	8	0.00133507	1.02667	0.346382	11	GGCGGTGCCCA	GGGAAGGGGGCGGGGCCGGG	+
712-GGCGGTGCCCA	SP2_HUMAN.H11MO.0.A	8	0.0014063	1.08145	0.346382	11	GGCGGTGCCCA	GGGGGGGGGGCGGGGCCGGGGG	+
712-GGCGGTGCCCA	ZN331_HUMAN.H11MO.0.C	6	0.00158795	1.22114	0.346382	11	GGCGGTGCCCA	CCACCCAGCTGAGCCCAGCC	-
712-GGCGGTGCCCA	ZN708_HUMAN.H11MO.1.D	-1	0.00181156	1.39309	0.346382	9	GGCGGTGCCCA	GCTGTACCT	-
712-GGCGGTGCCCA	SP3_HUMAN.H11MO.0.B	7	0.00329424	2.53327	0.434513	11	GGCGGTGCCCA	GGGGGGGGGCGGGGCCGGGG	+
712-GGCGGTGCCCA	SP4_HUMAN.H11MO.1.A	6	0.00343522	2.64168	0.434513	10	GGCGGTGCCCA	GGAGGGGGCGGGGCCG	+
712-GGCGGTGCCCA	SP2_HUMAN.H11MO.1.B	4	0.00360727	2.77399	0.434513	8	GGCGGTGCCCA	AGGGGGCGGGGC	+
712-GGCGGTGCCCA	ZN341_HUMAN.H11MO.1.C	0	0.00369279	2.83975	0.434513	9	GGCGGTGCCCA	GGCTGTTCC	-
712-GGCGGTGCCCA	REST_HUMAN.H11MO.0.A	1	0.00457689	3.51963	0.456447	11	GGCGGTGCCCA	GGGCGCTGTCCATGGTGCTGAA	-
712-GGCGGTGCCCA	PLAL1_HUMAN.H11MO.0.D	0	0.0047356	3.64167	0.456447	10	GGCGGTGCCCA	CGGGGGGCCC	+
712-GGCGGTGCCCA	KLF3_HUMAN.H11MO.0.B	7	0.00487103	3.74582	0.456447	11	GGCGGTGCCCA	GGGGAGGGGCGGGGCCGGG	+
712-GGCGGTGCCCA	ZN549_HUMAN.H11MO.0.C	-1	0.0050728	3.90098	0.456447	10	GGCGGTGCCCA	GTGCTGCCCAATTCATGAAT	-
712-GGCGGTGCCCA	KLF1_HUMAN.H11MO.0.A	2	0.00575313	4.42416	0.478563	11	GGCGGTGCCCA	GGGGCGGGGCCGGG	+
712-GGCGGTGCCCA	ZN121_HUMAN.H11MO.0.C	8	0.00594431	4.57117	0.478563	11	GGCGGTGCCCA	GGTCTTGCTATGTTGCCCAG	-
713-GGGGCTTCCA	NFKB2_HUMAN.H11MO.0.B	0	0.000213308	0.164034	0.328068	10	GGGGCTTCCA	GGGGCTTTCCC	-
714-GGGGTGGCA	KLF4_HUMAN.H11MO.0.A	2	0.000650875	0.500523	0.200082	8	GGGGTGGCA	AGGGTGTGGC	+
714-GGGGTGGCA	ZIC1_HUMAN.H11MO.0.B	0	0.000695153	0.534572	0.200082	9	GGGGTGGCA	GGGGTGGTC	+
714-GGGGTGGCA	ZN219_HUMAN.H11MO.0.D	4	0.000723574	0.556428	0.200082	8	GGGGTGGCA	GAGGGGGGCGGA	+
714-GGGGTGGCA	TBX1_HUMAN.H11MO.0.D	9	0.000896219	0.689192	0.200082	9	GGGGTGGCA	GGGTGGGCAGGGGTGGGCGG	+
714-GGGGTGGCA	KLF9_HUMAN.H11MO.0.C	6	0.000919489	0.707087	0.200082	9	GGGGTGGCA	GGAGGGGGCGTGGCC	+
714-GGGGTGGCA	KLF5_HUMAN.H11MO.0.A	2	0.000971295	0.746926	0.200082	9	GGGGTGGCA	AGGGTGGGGCTGGG	+
714-GGGGTGGCA	ZN740_HUMAN.H11MO.0.D	3	0.00103625	0.79688	0.200082	9	GGGGTGGCA	GGGGGGGGGGTGGG	+
714-GGGGTGGCA	ARNT2_HUMAN.H11MO.0.D	0	0.00106455	0.818642	0.200082	9	GGGGTGGCA	GGCGTGGGAGGC	+
714-GGGGTGGCA	KLF1_HUMAN.H11MO.0.A	2	0.00142618	1.09673	0.238265	9	GGGGTGGCA	GGGGCGGGGCCGGG	+
714-GGGGTGGCA	TBX3_HUMAN.H11MO.0.C	1	0.00167091	1.28493	0.251236	9	GGGGTGGCA	GGAGGTGGGAA	+
714-GGGGTGGCA	TBX15_HUMAN.H11MO.0.D	9	0.00282434	2.17192	0.382404	9	GGGGTGGCA	GGGGGGGGGGGGGTGGGGG	+
714-GGGGTGGCA	KLF14_HUMAN.H11MO.0.D	5	0.00305193	2.34693	0.382404	8	GGGGTGGCA	AGGGGGGCGTGGC	+
714-GGGGTGGCA	KLF12_HUMAN.H11MO.0.C	3	0.00342769	2.6359	0.396449	8	GGGGTGGCA	AGGGGCGGGGC	+
714-GGGGTGGCA	HIC1_HUMAN.H11MO.0.C	0	0.00389183	2.99282	0.405917	9	GGGGTGGCA	GGGTTGCCC	+
714-GGGGTGGCA	GLI1_HUMAN.H11MO.0.D	2	0.00405461	3.11799	0.405917	9	GGGGTGGCA	CCTGGGTGGTCT	+
714-GGGGTGGCA	KLF8_HUMAN.H11MO.0.C	3	0.00462434	3.55612	0.405917	6	GGGGTGGCA	CAGGGGGTG	+
714-GGGGTGGCA	ZN148_HUMAN.H11MO.0.D	6	0.00517674	3.98091	0.405917	9	GGGGTGGCA	GGGGTGGGGGAGGGG	+
714-GGGGTGGCA	ZN350_HUMAN.H11MO.1.D	1	0.00546719	4.20427	0.405917	9	GGGGTGGCA	ACGGGGCGCAGGGATTTGTTGCCC	+
714-GGGGTGGCA	SALL4_HUMAN.H11MO.0.B	2	0.00573033	4.40663	0.405917	8	GGGGTGGCA	GGAGGGTGGG	+
714-GGGGTGGCA	XBP1_HUMAN.H11MO.0.D	3	0.00573432	4.40969	0.405917	8	GGGGTGGCA	GCTGACGTGGC	+
714-GGGGTGGCA	E2F6_HUMAN.H11MO.0.A	0	0.00578704	4.45024	0.405917	9	GGGGTGGCA	GGGGCGGGAAGGG	+
714-GGGGTGGCA	EGR1_HUMAN.H11MO.0.A	7	0.00612204	4.70785	0.405917	9	GGGGTGGCA	GAGGGCGTGGGCGGGGG	+
714-GGGGTGGCA	EGR2_HUMAN.H11MO.0.A	9	0.00636086	4.8915	0.405917	9	GGGGTGGCA	GGGGGGGTGTGGGAGGGG	+
714-GGGGTGGCA	GLIS1_HUMAN.H11MO.0.D	4	0.00647917	4.98248	0.405917	9	GGGGTGGCA	TCGTGGGGGGTCT	+
714-GGGGTGGCA	GLIS3_HUMAN.H11MO.0.D	1	0.00715158	5.49957	0.430122	9	GGGGTGGCA	GTGGGGGGTA	+
714-GGGGTGGCA	ZN423_HUMAN.H11MO.0.D	7	0.00772047	5.93704	0.440578	8	GGGGTGGCA	GCACCCTTGGGTGCC	-
714-GGGGTGGCA	SMAD2_HUMAN.H11MO.0.A	-1	0.00797901	6.13586	0.440578	8	GGGGTGGCA	AGGTGACAGACA	-
714-GGGGTGGCA	NFIA_HUMAN.H11MO.1.D	-2	0.00927999	7.13631	0.440578	7	GGGGTGGCA	CTTGGCA	+
714-GGGGTGGCA	SP1_HUMAN.H11MO.1.A	4	0.00943176	7.25302	0.440578	9	GGGGTGGCA	GGGGGGCGGGGCCG	+
714-GGGGTGGCA	CREB3_HUMAN.H11MO.0.D	4	0.00954431	7.33957	0.440578	9	GGGGTGGCA	TGGTGACGTGGCA	+
714-GGGGTGGCA	GLI3_HUMAN.H11MO.0.B	1	0.00992169	7.62978	0.440578	9	GGGGTGGCA	CTGGGTGGTCC	+
714-GGGGTGGCA	HIC2_HUMAN.H11MO.0.D	-1	0.00992169	7.62978	0.440578	8	GGGGTGGCA	GCCTGGCATGG	-
714-GGGGTGGCA	EGR4_HUMAN.H11MO.0.D	-2	0.00992169	7.62978	0.440578	7	GGGGTGGCA	GGCGGCAGGGC	+
714-GGGGTGGCA	TFDP1_HUMAN.H11MO.0.C	2	0.0099626	7.66124	0.440578	9	GGGGTGGCA	GGGGGGCGGGAAAA	+
714-GGGGTGGCA	KLF3_HUMAN.H11MO.0.B	7	0.0109488	8.41964	0.458043	9	GGGGTGGCA	GGGGAGGGGCGGGGCCGGG	+
714-GGGGTGGCA	SRBP2_HUMAN.H11MO.0.B	4	0.0112255	8.63241	0.458043	9	GGGGTGGCA	GGGTGGGGTGAGG	+
714-GGGGTGGCA	EGR2_HUMAN.H11MO.1.A	6	0.0114543	8.80833	0.458043	9	GGGGTGGCA	GGGGCGTGGGCGGGGG	+
714-GGGGTGGCA	KLF6_HUMAN.H11MO.0.A	5	0.011576	8.90198	0.458043	9	GGGGTGGCA	GGAAGGGCGGGGCCGGGGG	+
714-GGGGTGGCA	HEN1_HUMAN.H11MO.0.C	0	0.0125376	9.64141	0.467469	9	GGGGTGGCA	TGGGGAGCAGCTGCGTCCCT	+
714-GGGGTGGCA	SP2_HUMAN.H11MO.1.B	2	0.0136498	10.4967	0.467469	9	GGGGTGGCA	AGGGGGCGGGGC	+
714-GGGGTGGCA	E2F7_HUMAN.H11MO.0.B	0	0.0138886	10.6804	0.467469	9	GGGGTGGCA	GGGGCGGGAAAGG	+
714-GGGGTGGCA	TBX20_HUMAN.H11MO.0.D	2	0.0145133	11.1607	0.467469	9	GGGGTGGCA	AGGTGCTGACAGGT	+
714-GGGGTGGCA	PLAL1_HUMAN.H11MO.0.D	0	0.0151273	11.6329	0.467469	9	GGGGTGGCA	CGGGGGGCCC	+
714-GGGGTGGCA	KLF16_HUMAN.H11MO.0.D	1	0.0152332	11.7143	0.467469	9	GGGGTGGCA	GGGGGCGGGGGGGGGGGGG	+
714-GGGGTGGCA	SP3_HUMAN.H11MO.0.B	5	0.0156187	12.0108	0.467469	9	GGGGTGGCA	GGGGGGGGGCGGGGCCGGGG	+
714-GGGGTGGCA	ZN281_HUMAN.H11MO.0.A	5	0.0156811	12.0588	0.467469	9	GGGGTGGCA	GGGTGGGGGAGGGGA	+
714-GGGGTGGCA	PRDM4_HUMAN.H11MO.0.D	1	0.0158286	12.1722	0.467469	9	GGGGTGGCA	GTGGGGGGCCTTGAAA	+
714-GGGGTGGCA	CR3L1_HUMAN.H11MO.0.D	2	0.0159431	12.2602	0.467469	9	GGGGTGGCA	GCCACGTGGCA	+
714-GGGGTGGCA	EOMES_HUMAN.H11MO.0.D	2	0.0159635	12.2759	0.467469	9	GGGGTGGCA	AGGAGGTGTTAA	+
714-GGGGTGGCA	E2F4_HUMAN.H11MO.0.A	1	0.0162521	12.4979	0.467469	9	GGGGTGGCA	GGGGGCGGGAAAT	+
714-GGGGTGGCA	SMAD4_HUMAN.H11MO.0.B	-1	0.0162521	12.4979	0.467469	8	GGGGTGGCA	AGGTGCCAGACAG	-
714-GGGGTGGCA	SP4_HUMAN.H11MO.1.A	4	0.0166903	12.8348	0.467469	9	GGGGTGGCA	GGAGGGGGCGGGGCCG	+
714-GGGGTGGCA	PBX1_HUMAN.H11MO.0.A	0	0.0167801	12.9039	0.467469	9	GGGGTGGCA	TGATTGACAG	+
714-GGGGTGGCA	SUH_HUMAN.H11MO.0.A	0	0.0167887	12.9105	0.467469	9	GGGGTGGCA	GGCGTGGGAAA	+
714-GGGGTGGCA	PURA_HUMAN.H11MO.0.D	5	0.017553	13.4983	0.479864	9	GGGGTGGCA	GGAAGGGGGGGGCAGGG	+
714-GGGGTGGCA	E2F1_HUMAN.H11MO.0.A	2	0.0178964	13.7623	0.480515	9	GGGGTGGCA	GGGGGGCGGGAAAG	+
715-GGGGTGGGAGARRT	E2F6_HUMAN.H11MO.0.A	0	3.44777e-05	0.0265134	0.0513841	13	GGGGTGGGAGAGGT	GGGGCGGGAAGGG	+
715-GGGGTGGGAGARRT	EGR2_HUMAN.H11MO.1.A	2	0.000152485	0.117261	0.0663671	14	GGGGTGGGAGAGGT	GGGGCGTGGGCGGGGG	+
715-GGGGTGGGAGARRT	E2F7_HUMAN.H11MO.0.B	0	0.000203054	0.156149	0.0663671	13	GGGGTGGGAGAGGT	GGGGCGGGAAAGG	+
715-GGGGTGGGAGARRT	TBX1_HUMAN.H11MO.0.D	9	0.000275514	0.211871	0.0663671	11	GGGGTGGGAGAGGT	GGGTGGGCAGGGGTGGGCGG	+
715-GGGGTGGGAGARRT	WT1_HUMAN.H11MO.0.C	1	0.000327485	0.251836	0.0663671	14	GGGGTGGGAGAGGT	GGGCGGGGGAGGAGGGGGGG	+
715-GGGGTGGGAGARRT	IKZF1_HUMAN.H11MO.0.C	-3	0.000336245	0.258572	0.0663671	8	GGGGTGGGAGAGGT	TTGGGAGA	+
715-GGGGTGGGAGARRT	EGR1_HUMAN.H11MO.0.A	3	0.000352852	0.271343	0.0663671	14	GGGGTGGGAGAGGT	GAGGGCGTGGGCGGGGG	+
715-GGGGTGGGAGARRT	EGR2_HUMAN.H11MO.0.A	5	0.000372356	0.286341	0.0663671	13	GGGGTGGGAGAGGT	GGGGGGGTGTGGGAGGGG	+
715-GGGGTGGGAGARRT	TFDP1_HUMAN.H11MO.0.C	2	0.000509955	0.392156	0.0663671	12	GGGGTGGGAGAGGT	GGGGGGCGGGAAAA	+
715-GGGGTGGGAGARRT	TBX15_HUMAN.H11MO.0.D	9	0.000537552	0.413378	0.0663671	10	GGGGTGGGAGAGGT	GGGGGGGGGGGGGTGGGGG	+
715-GGGGTGGGAGARRT	WT1_HUMAN.H11MO.1.B	-3	0.000588438	0.452509	0.0663671	11	GGGGTGGGAGAGGT	GTGGGAGGAGG	+
715-GGGGTGGGAGARRT	E2F4_HUMAN.H11MO.0.A	1	0.000617709	0.475018	0.0663671	12	GGGGTGGGAGAGGT	GGGGGCGGGAAAT	+
715-GGGGTGGGAGARRT	ZN740_HUMAN.H11MO.0.D	2	0.000673124	0.517633	0.0663671	12	GGGGTGGGAGAGGT	GGGGGGGGGGTGGG	+
715-GGGGTGGGAGARRT	MAZ_HUMAN.H11MO.0.A	1	0.000710975	0.54674	0.0663671	14	GGGGTGGGAGAGGT	GGGGGAGGGGGGGGGGGGGGGG	+
715-GGGGTGGGAGARRT	ARNT2_HUMAN.H11MO.0.D	0	0.00074002	0.569075	0.0663671	12	GGGGTGGGAGAGGT	GGCGTGGGAGGC	+
715-GGGGTGGGAGARRT	E2F1_HUMAN.H11MO.0.A	2	0.000751299	0.577749	0.0663671	12	GGGGTGGGAGAGGT	GGGGGGCGGGAAAG	+
715-GGGGTGGGAGARRT	SALL4_HUMAN.H11MO.0.B	2	0.000757028	0.582155	0.0663671	8	GGGGTGGGAGAGGT	GGAGGGTGGG	+
715-GGGGTGGGAGARRT	SUH_HUMAN.H11MO.0.A	0	0.000884442	0.680136	0.0694044	11	GGGGTGGGAGAGGT	GGCGTGGGAAA	+
715-GGGGTGGGAGARRT	KLF5_HUMAN.H11MO.0.A	0	0.000884812	0.68042	0.0694044	14	GGGGTGGGAGAGGT	AGGGTGGGGCTGGG	+
715-GGGGTGGGAGARRT	MAZ_HUMAN.H11MO.1.A	1	0.000991902	0.762772	0.0739143	10	GGGGTGGGAGAGGT	GAGGGAGGGGG	+
715-GGGGTGGGAGARRT	NR0B1_HUMAN.H11MO.0.D	-1	0.00114944	0.883916	0.0815747	10	GGGGTGGGAGAGGT	GCGTGGGAGA	+
715-GGGGTGGGAGARRT	E2F3_HUMAN.H11MO.0.A	0	0.00124469	0.957169	0.0820297	11	GGGGTGGGAGAGGT	AGGGCGGGAAA	+
715-GGGGTGGGAGARRT	ZIC1_HUMAN.H11MO.0.B	0	0.00126593	0.973499	0.0820297	9	GGGGTGGGAGAGGT	GGGGTGGTC	+
715-GGGGTGGGAGARRT	TBX3_HUMAN.H11MO.0.C	1	0.00139271	1.07099	0.0864847	10	GGGGTGGGAGAGGT	GGAGGTGGGAA	+
715-GGGGTGGGAGARRT	ZN467_HUMAN.H11MO.0.C	0	0.00159846	1.22922	0.089692	14	GGGGTGGGAGAGGT	GGGGAGGGGAGGGGGGGGGGGG	+
715-GGGGTGGGAGARRT	SP3_HUMAN.H11MO.0.B	5	0.00160617	1.23515	0.089692	14	GGGGTGGGAGAGGT	GGGGGGGGGCGGGGCCGGGG	+
715-GGGGTGGGAGARRT	ZN148_HUMAN.H11MO.0.D	0	0.0016249	1.24955	0.089692	14	GGGGTGGGAGAGGT	GGGGTGGGGGAGGGG	+
715-GGGGTGGGAGARRT	KLF16_HUMAN.H11MO.0.D	1	0.00175469	1.34935	0.0926305	14	GGGGTGGGAGAGGT	GGGGGCGGGGGGGGGGGGG	+
715-GGGGTGGGAGARRT	ZN281_HUMAN.H11MO.0.A	5	0.00180244	1.38608	0.0926305	10	GGGGTGGGAGAGGT	GGGTGGGGGAGGGGA	+
715-GGGGTGGGAGARRT	ZN219_HUMAN.H11MO.0.D	0	0.00211809	1.62881	0.105223	12	GGGGTGGGAGAGGT	GAGGGGGGCGGA	+
715-GGGGTGGGAGARRT	SP1_HUMAN.H11MO.1.A	2	0.00266857	2.05213	0.128294	12	GGGGTGGGAGAGGT	GGGGGGCGGGGCCG	+
715-GGGGTGGGAGARRT	BRAC_HUMAN.H11MO.1.B	-1	0.00283885	2.18308	0.131278	11	GGGGTGGGAGAGGT	AGGTGTGAAAT	+
715-GGGGTGGGAGARRT	SP2_HUMAN.H11MO.1.B	2	0.00291192	2.23927	0.131278	10	GGGGTGGGAGAGGT	AGGGGGCGGGGC	+
715-GGGGTGGGAGARRT	KLF13_HUMAN.H11MO.0.D	-1	0.00299489	2.30307	0.131278	11	GGGGTGGGAGAGGT	AGGGGGGCGTG	+
715-GGGGTGGGAGARRT	TBX4_HUMAN.H11MO.0.D	0	0.00346093	2.66146	0.146608	14	GGGGTGGGAGAGGT	AAGGTGTGAAATTTCACACC	+
715-GGGGTGGGAGARRT	KLF1_HUMAN.H11MO.0.A	0	0.00361085	2.77675	0.146608	14	GGGGTGGGAGAGGT	GGGGCGGGGCCGGG	+
715-GGGGTGGGAGARRT	VEZF1_HUMAN.H11MO.0.C	7	0.00363973	2.79895	0.146608	14	GGGGTGGGAGAGGT	GGGGAGGGGGGAGGGGGAGGGG	+
715-GGGGTGGGAGARRT	SMAD2_HUMAN.H11MO.0.A	-1	0.00397769	3.05884	0.156005	12	GGGGTGGGAGAGGT	AGGTGACAGACA	-
715-GGGGTGGGAGARRT	TBR1_HUMAN.H11MO.0.D	1	0.00424371	3.26341	0.16217	12	GGGGTGGGAGAGGT	AAAGGTGTGAAAA	+
715-GGGGTGGGAGARRT	SP2_HUMAN.H11MO.0.A	6	0.0044421	3.41597	0.165508	14	GGGGTGGGAGAGGT	GGGGGGGGGGCGGGGCCGGGGG	+
715-GGGGTGGGAGARRT	SP4_HUMAN.H11MO.1.A	4	0.00473641	3.6423	0.172169	12	GGGGTGGGAGAGGT	GGAGGGGGCGGGGCCG	+
715-GGGGTGGGAGARRT	PATZ1_HUMAN.H11MO.1.C	-4	0.00492657	3.78853	0.174818	9	GGGGTGGGAGAGGT	AGGGAGGGG	+
715-GGGGTGGGAGARRT	SP4_HUMAN.H11MO.0.A	6	0.00539174	4.14625	0.183158	14	GGGGTGGGAGAGGT	GGGAAGGGGGCGGGGCCGGG	+
715-GGGGTGGGAGARRT	ZN770_HUMAN.H11MO.0.C	8	0.00540741	4.1583	0.183158	14	GGGGTGGGAGAGGT	GGGAGGCTGAGGCGGGAGGATC	+
715-GGGGTGGGAGARRT	TBX5_HUMAN.H11MO.0.D	-1	0.0056382	4.33578	0.186116	8	GGGGTGGGAGAGGT	AGGTGTGA	+
715-GGGGTGGGAGARRT	KLF4_HUMAN.H11MO.0.A	0	0.00582388	4.47856	0.186116	10	GGGGTGGGAGAGGT	AGGGTGTGGC	+
715-GGGGTGGGAGARRT	EGR3_HUMAN.H11MO.0.D	0	0.00590705	4.54252	0.186116	11	GGGGTGGGAGAGGT	AGAGTGGGTGT	+
715-GGGGTGGGAGARRT	SMAD4_HUMAN.H11MO.0.B	-1	0.006014	4.62476	0.186116	13	GGGGTGGGAGAGGT	AGGTGCCAGACAG	-
715-GGGGTGGGAGARRT	ZBT17_HUMAN.H11MO.0.A	1	0.00611915	4.70563	0.186116	14	GGGGTGGGAGAGGT	GAGGGTGGGGGAGGGGAAG	+
715-GGGGTGGGAGARRT	ZN350_HUMAN.H11MO.1.D	1	0.00702826	5.40473	0.207383	14	GGGGTGGGAGAGGT	ACGGGGCGCAGGGATTTGTTGCCC	+
715-GGGGTGGGAGARRT	TBX2_HUMAN.H11MO.0.D	8	0.00720554	5.54106	0.207383	14	GGGGTGGGAGAGGT	TGCCATCAGAGGTGTGAGAAGCGAC	+
715-GGGGTGGGAGARRT	KLF12_HUMAN.H11MO.0.C	1	0.0072358	5.56433	0.207383	10	GGGGTGGGAGAGGT	AGGGGCGGGGC	+
715-GGGGTGGGAGARRT	KLF3_HUMAN.H11MO.0.B	5	0.0077634	5.97005	0.214263	14	GGGGTGGGAGAGGT	GGGGAGGGGCGGGGCCGGG	+
715-GGGGTGGGAGARRT	KLF15_HUMAN.H11MO.0.A	6	0.0077634	5.97005	0.214263	13	GGGGTGGGAGAGGT	GGGGAGGAGCAGGGGGGGG	+
715-GGGGTGGGAGARRT	KLF8_HUMAN.H11MO.0.C	3	0.00810274	6.23101	0.219563	6	GGGGTGGGAGAGGT	CAGGGGGTG	+
715-GGGGTGGGAGARRT	ZN524_HUMAN.H11MO.0.D	7	0.00864924	6.65127	0.230186	11	GGGGTGGGAGAGGT	GGGTTCGAGGGTTCGAGT	+
715-GGGGTGGGAGARRT	SMAD3_HUMAN.H11MO.0.B	0	0.00886243	6.81521	0.231722	12	GGGGTGGGAGAGGT	CAGGTGACAGAG	-
715-GGGGTGGGAGARRT	KLF6_HUMAN.H11MO.0.A	3	0.00936517	7.20181	0.240645	14	GGGGTGGGAGAGGT	GGAAGGGCGGGGCCGGGGG	+
715-GGGGTGGGAGARRT	ZN263_HUMAN.H11MO.0.A	2	0.0104754	8.05557	0.264611	14	GGGGTGGGAGAGGT	GGGAGGAGGGAGAGGAGGAG	+
715-GGGGTGGGAGARRT	VEZF1_HUMAN.H11MO.1.C	-2	0.0107529	8.26895	0.267093	12	GGGGTGGGAGAGGT	AGGGGGAGGGGG	+
715-GGGGTGGGAGARRT	ZN784_HUMAN.H11MO.0.D	0	0.0113024	8.69157	0.276142	11	GGGGTGGGAGAGGT	GAGGTAGGTAC	+
715-GGGGTGGGAGARRT	ZNF18_HUMAN.H11MO.0.C	-2	0.0124082	9.54191	0.293534	12	GGGGTGGGAGAGGT	GGTGTGAACTGG	+
715-GGGGTGGGAGARRT	E2F8_HUMAN.H11MO.0.D	1	0.0124082	9.54191	0.293534	11	GGGGTGGGAGAGGT	TTTGGCGGGAAA	+
715-GGGGTGGGAGARRT	MGAP_HUMAN.H11MO.0.D	-1	0.0126992	9.76572	0.295725	13	GGGGTGGGAGAGGT	AGGTGTGAATTTTCAC	+
715-GGGGTGGGAGARRT	GLI3_HUMAN.H11MO.0.B	1	0.0130715	10.052	0.299711	10	GGGGTGGGAGAGGT	CTGGGTGGTCC	+
715-GGGGTGGGAGARRT	ZBTB6_HUMAN.H11MO.0.C	0	0.013556	10.4246	0.301942	13	GGGGTGGGAGAGGT	GGTGCTGGAGCCG	+
715-GGGGTGGGAGARRT	FLI1_HUMAN.H11MO.0.A	2	0.0136945	10.531	0.301942	14	GGGGTGGGAGAGGT	GGAGGAAGGAAGGAGGGA	+
715-GGGGTGGGAGARRT	KLF9_HUMAN.H11MO.0.C	0	0.0137766	10.5942	0.301942	14	GGGGTGGGAGAGGT	GGAGGGGGCGTGGCC	+
715-GGGGTGGGAGARRT	KLF14_HUMAN.H11MO.0.D	-1	0.0141985	10.9187	0.306679	13	GGGGTGGGAGAGGT	AGGGGGGCGTGGC	+
715-GGGGTGGGAGARRT	PATZ1_HUMAN.H11MO.0.C	6	0.0145579	11.195	0.309949	14	GGGGTGGGAGAGGT	GGGGAGGGGGCGGGGGGGGAGG	+
715-GGGGTGGGAGARRT	ETV5_HUMAN.H11MO.0.C	0	0.0150451	11.5697	0.315811	14	GGGGTGGGAGAGGT	GAGCAGGAAGTGAG	+
715-GGGGTGGGAGARRT	SP1_HUMAN.H11MO.0.A	2	0.0159389	12.257	0.329925	14	GGGGTGGGAGAGGT	GGGGGGCGGGGCCGGGGGGGGG	+
715-GGGGTGGGAGARRT	ZN449_HUMAN.H11MO.0.C	0	0.0165964	12.7626	0.338829	11	GGGGTGGGAGAGGT	TGGTTGGGCTT	+
715-GGGGTGGGAGARRT	E2F4_HUMAN.H11MO.1.A	-2	0.0172189	13.2413	0.346787	12	GGGGTGGGAGAGGT	GGCGGGAAATTTGA	+
715-GGGGTGGGAGARRT	GLIS1_HUMAN.H11MO.0.D	2	0.0178525	13.7286	0.352969	11	GGGGTGGGAGAGGT	TCGTGGGGGGTCT	+
715-GGGGTGGGAGARRT	GLI1_HUMAN.H11MO.0.D	2	0.0180385	13.8716	0.352969	10	GGGGTGGGAGAGGT	CCTGGGTGGTCT	+
715-GGGGTGGGAGARRT	EGR4_HUMAN.H11MO.0.D	1	0.0182363	14.0237	0.352969	10	GGGGTGGGAGAGGT	GGCGGCAGGGC	+
715-GGGGTGGGAGARRT	SRBP2_HUMAN.H11MO.0.B	0	0.0186797	14.3647	0.356915	13	GGGGTGGGAGAGGT	GGGTGGGGTGAGG	+
715-GGGGTGGGAGARRT	ZNF76_HUMAN.H11MO.0.C	5	0.0190693	14.6643	0.359747	14	GGGGTGGGAGAGGT	GGGGCATTCTGGGAATTGTAGT	+
715-GGGGTGGGAGARRT	ERG_HUMAN.H11MO.0.A	0	0.0213766	16.4386	0.393318	13	GGGGTGGGAGAGGT	GGGCAGGAAGTGG	+
715-GGGGTGGGAGARRT	ETS2_HUMAN.H11MO.0.B	-1	0.0213766	16.4386	0.393318	13	GGGGTGGGAGAGGT	GGAAGGAAGAGGA	+
715-GGGGTGGGAGARRT	ZN263_HUMAN.H11MO.1.A	0	0.0219705	16.8953	0.394504	11	GGGGTGGGAGAGGT	GAGGGAGGAGG	+
715-GGGGTGGGAGARRT	ZN770_HUMAN.H11MO.1.C	-1	0.0219705	16.8953	0.394504	11	GGGGTGGGAGAGGT	GGGAGGCTGAG	+
715-GGGGTGGGAGARRT	ZN768_HUMAN.H11MO.0.C	1	0.0225054	17.3067	0.399298	14	GGGGTGGGAGAGGT	GAGGCTCAGAGAGGTTAAGT	+
715-GGGGTGGGAGARRT	EOMES_HUMAN.H11MO.0.D	2	0.0237064	18.2302	0.415658	10	GGGGTGGGAGAGGT	AGGAGGTGTTAA	+
715-GGGGTGGGAGARRT	ZN282_HUMAN.H11MO.0.D	3	0.024504	18.8436	0.424648	11	GGGGTGGGAGAGGT	CGTGTTATGGGAAA	+
715-GGGGTGGGAGARRT	FLI1_HUMAN.H11MO.1.A	0	0.0255266	19.63	0.437284	13	GGGGTGGGAGAGGT	AGGCAGGAAGTGG	+
715-GGGGTGGGAGARRT	ZN143_HUMAN.H11MO.0.A	3	0.0259352	19.9441	0.439234	14	GGGGTGGGAGAGGT	GGCATTCTGGGAATTGTAGTTC	+
715-GGGGTGGGAGARRT	MZF1_HUMAN.H11MO.0.B	-1	0.0266729	20.5115	0.44169	13	GGGGTGGGAGAGGT	GGAGGGGATTGGG	+
715-GGGGTGGGAGARRT	TBX21_HUMAN.H11MO.0.A	3	0.0266729	20.5115	0.44169	10	GGGGTGGGAGAGGT	GTGGAGGTGTGAA	+
715-GGGGTGGGAGARRT	GLIS3_HUMAN.H11MO.0.D	1	0.0300884	23.1379	0.492773	9	GGGGTGGGAGAGGT	GTGGGGGGTA	+
715-GGGGTGGGAGARRT	ZN586_HUMAN.H11MO.0.C	1	0.0304207	23.3935	0.492801	14	GGGGTGGGAGAGGT	AGGCCTAGGAGGAAAAAATG	+
718-GGTTTCCCA	NFKB1_HUMAN.H11MO.1.B	3	0.000623088	0.479154	0.324321	8	GGTTTCCCA	GGGAATTTCCC	-
718-GGTTTCCCA	NFAC3_HUMAN.H11MO.0.B	0	0.000763226	0.586921	0.324321	9	GGTTTCCCA	AGTTTTCCA	-
718-GGTTTCCCA	IKZF1_HUMAN.H11MO.0.C	-2	0.000838343	0.644686	0.324321	7	GGTTTCCCA	TCTCCCAA	-
718-GGTTTCCCA	ZEP1_HUMAN.H11MO.0.D	3	0.000849125	0.652977	0.324321	9	GGTTTCCCA	GGGGATTTCCCA	-
718-GGTTTCCCA	HIC1_HUMAN.H11MO.0.C	1	0.00105595	0.812028	0.324321	8	GGTTTCCCA	GGGTTGCCC	+
718-GGTTTCCCA	SUH_HUMAN.H11MO.0.A	-2	0.00173136	1.33142	0.366757	7	GGTTTCCCA	TTTCCCACGCC	-
718-GGTTTCCCA	ZN121_HUMAN.H11MO.0.C	10	0.00178986	1.37641	0.366757	9	GGTTTCCCA	GGTCTTGCTATGTTGCCCAG	-
718-GGTTTCCCA	NFKB2_HUMAN.H11MO.0.B	2	0.00195843	1.50603	0.366757	9	GGTTTCCCA	GGGGCTTTCCC	-
718-GGTTTCCCA	ZEP2_HUMAN.H11MO.0.D	2	0.00214941	1.6529	0.366757	9	GGTTTCCCA	GGGGTTTCCCTACC	-
719-GTAAACACAA	FOXP1_HUMAN.H11MO.0.A	0	5.01874e-05	0.0385941	0.0499908	9	GTAAACACAA	ATAAACAAA	-
719-GTAAACACAA	FOXP2_HUMAN.H11MO.0.C	1	8.6522e-05	0.0665354	0.0499908	8	GTAAACACAA	TGTAAACAG	-
719-GTAAACACAA	FOXO3_HUMAN.H11MO.0.B	1	9.84968e-05	0.075744	0.0499908	9	GTAAACACAA	TGTAAACAAG	-
719-GTAAACACAA	FOXD1_HUMAN.H11MO.0.D	5	0.00016786	0.129084	0.0514447	10	GTAAACACAA	CTTAAGTAAACAAAG	-
719-GTAAACACAA	ZN250_HUMAN.H11MO.0.C	0	0.000180765	0.139008	0.0514447	10	GTAAACACAA	GTAATCAAAACAGCATGGTA	-
719-GTAAACACAA	FOXO6_HUMAN.H11MO.0.D	2	0.000202723	0.155894	0.0514447	10	GTAAACACAA	ACGTAAACAAGTT	-
719-GTAAACACAA	FOXC1_HUMAN.H11MO.0.C	5	0.00060533	0.465499	0.131669	10	GTAAACACAA	CTTAAGTAAACAACG	-
719-GTAAACACAA	FOXF2_HUMAN.H11MO.0.D	4	0.000820703	0.631121	0.138832	7	GTAAACACAA	AAAAGTAAACA	-
719-GTAAACACAA	FOXJ3_HUMAN.H11MO.1.B	-1	0.000855019	0.65751	0.138832	9	GTAAACACAA	TAAACAAAAACAA	-
719-GTAAACACAA	FOXO1_HUMAN.H11MO.0.A	1	0.000922716	0.709569	0.138832	10	GTAAACACAA	AGTAAACAGGAA	-
719-GTAAACACAA	FOXA2_HUMAN.H11MO.0.A	5	0.00110939	0.853118	0.138832	7	GTAAACACAA	GCTAAGTAAACA	-
719-GTAAACACAA	FOXA3_HUMAN.H11MO.0.B	4	0.00116484	0.895759	0.138832	9	GTAAACACAA	CAAAGTAAACAAG	-
719-GTAAACACAA	RUNX1_HUMAN.H11MO.0.A	0	0.00118534	0.911527	0.138832	10	GTAAACACAA	GAAACCACAGA	-
719-GTAAACACAA	FOXK1_HUMAN.H11MO.0.A	3	0.00135176	1.03951	0.147015	7	GTAAACACAA	AAAGTAAACA	-
719-GTAAACACAA	FOXA1_HUMAN.H11MO.0.A	5	0.00159267	1.22476	0.158021	7	GTAAACACAA	CCAAAGTAAACA	-
719-GTAAACACAA	FOXD3_HUMAN.H11MO.0.D	6	0.00175156	1.34695	0.158021	9	GTAAACACAA	TGCTAAGTAAACAAA	-
719-GTAAACACAA	ANDR_HUMAN.H11MO.0.A	1	0.00186382	1.43328	0.158021	10	GTAAACACAA	AGCAAACAAAAAAGAACA	-
719-GTAAACACAA	ZSC16_HUMAN.H11MO.0.D	4	0.0018681	1.43657	0.158021	10	GTAAACACAA	AAGTGTTAACAGAACACCTC	-
719-GTAAACACAA	FOXO4_HUMAN.H11MO.0.C	1	0.00242754	1.86678	0.186164	8	GTAAACACAA	AATAAACAA	-
719-GTAAACACAA	RUNX3_HUMAN.H11MO.0.A	-1	0.00244533	1.88046	0.186164	9	GTAAACACAA	AAACCACAAA	-
719-GTAAACACAA	SRY_HUMAN.H11MO.0.B	-1	0.00392017	3.01461	0.271314	9	GTAAACACAA	AAAACAAAA	-
719-GTAAACACAA	FOXM1_HUMAN.H11MO.0.A	5	0.00499716	3.84281	0.330815	7	GTAAACACAA	GCAAAGCAAACA	-
719-GTAAACACAA	PEBB_HUMAN.H11MO.0.C	0	0.00622772	4.78912	0.389047	10	GTAAACACAA	CAAACCACAGA	-
719-GTAAACACAA	FOXG1_HUMAN.H11MO.0.D	8	0.00638782	4.91223	0.389047	9	GTAAACACAA	AAAAAAATATAAACAAT	-
719-GTAAACACAA	FOXJ3_HUMAN.H11MO.0.A	-1	0.00690583	5.31058	0.404419	9	GTAAACACAA	AAAAAATAAACAA	-
721-GTCAACAAG	NR2E1_HUMAN.H11MO.0.D	2	8.44755e-06	0.00649617	0.0128986	9	GTCAACAAG	AAGTCAAAAAGTCAATT	+
721-GTCAACAAG	FOXA3_HUMAN.H11MO.0.B	4	0.000230019	0.176884	0.133351	9	GTCAACAAG	CAAAGTAAACAAG	-
721-GTCAACAAG	FOXO3_HUMAN.H11MO.0.B	1	0.000262004	0.201481	0.133351	9	GTCAACAAG	TGTAAACAAG	-
721-GTCAACAAG	FOXO6_HUMAN.H11MO.0.D	2	0.000536398	0.41249	0.204757	9	GTCAACAAG	ACGTAAACAAGTT	-
721-GTCAACAAG	FOXP2_HUMAN.H11MO.0.C	1	0.000936172	0.719917	0.285889	8	GTCAACAAG	TGTAAACAG	-
721-GTCAACAAG	TBX20_HUMAN.H11MO.0.D	4	0.00140247	1.0785	0.314782	9	GTCAACAAG	ACCTGTCAGCACCT	-
721-GTCAACAAG	SCRT1_HUMAN.H11MO.0.D	-1	0.0014431	1.10974	0.314782	8	GTCAACAAG	GCAACAGGTGGTT	+
721-GTCAACAAG	FOXO4_HUMAN.H11MO.0.C	1	0.0021334	1.64058	0.377387	8	GTCAACAAG	AATAAACAA	-
721-GTCAACAAG	FOXO1_HUMAN.H11MO.0.A	1	0.00222443	1.71058	0.377387	9	GTCAACAAG	AGTAAACAGGAA	-
721-GTCAACAAG	ZN490_HUMAN.H11MO.0.C	8	0.00255287	1.96316	0.389799	9	GTCAACAAG	GATATGCTGCCTTCAAGAGACCCA	-
721-GTCAACAAG	FOXD1_HUMAN.H11MO.0.D	5	0.00362561	2.7881	0.480331	9	GTCAACAAG	CTTAAGTAAACAAAG	-
721-GTCAACAAG	MAF_HUMAN.H11MO.1.B	1	0.00378768	2.91273	0.480331	7	GTCAACAAG	AGTCAGCA	-
721-GTCAACAAG	FOXC1_HUMAN.H11MO.0.C	5	0.00408952	3.14484	0.480331	9	GTCAACAAG	CTTAAGTAAACAACG	-
723-GTGCTGGAGA	ZBTB6_HUMAN.H11MO.0.C	1	0.000159589	0.122724	0.245448	10	GTGCTGGAGA	GGTGCTGGAGCCG	+
725-NTGTTTAAACAN	FOXD1_HUMAN.H11MO.0.D	2	0.0007392	0.568445	0.264299	12	CTGTTTAAACAC	CTTTGTTTACTTAAG	+
725-NTGTTTAAACAN	FOXP2_HUMAN.H11MO.0.C	0	0.000939026	0.722111	0.264299	9	CTGTTTAAACAC	CTGTTTACA	+
725-NTGTTTAAACAN	FOXA2_HUMAN.H11MO.0.A	-1	0.00118759	0.913256	0.264299	11	CTGTTTAAACAC	TGTTTACTTAGC	+
725-NTGTTTAAACAN	FOXC1_HUMAN.H11MO.0.C	2	0.00175511	1.34968	0.264299	12	CTGTTTAAACAC	CGTTGTTTACTTAAG	+
725-NTGTTTAAACAN	FOXA3_HUMAN.H11MO.0.B	1	0.00183487	1.41102	0.264299	12	CTGTTTAAACAC	CTTGTTTACTTTG	+
725-NTGTTTAAACAN	FOXO3_HUMAN.H11MO.0.B	1	0.00230376	1.77159	0.264299	9	CTGTTTAAACAC	CTTGTTTACA	+
725-NTGTTTAAACAN	FOXA1_HUMAN.H11MO.0.A	-1	0.00242855	1.86756	0.264299	11	CTGTTTAAACAC	TGTTTACTTTGG	+
725-NTGTTTAAACAN	FOXP1_HUMAN.H11MO.0.A	1	0.0030039	2.31	0.28605	8	CTGTTTAAACAC	TTTGTTTAT	+
725-NTGTTTAAACAN	FOXF1_HUMAN.H11MO.0.D	0	0.00444672	3.41953	0.325719	11	CTGTTTAAACAC	ATGTTTATTTT	+
725-NTGTTTAAACAN	FOXB1_HUMAN.H11MO.0.D	4	0.00462069	3.55331	0.325719	12	CTGTTTAAACAC	GTCAATATTTACATAAC	+
725-NTGTTTAAACAN	FOXF2_HUMAN.H11MO.0.D	-1	0.00470316	3.61673	0.325719	11	CTGTTTAAACAC	TGTTTACTTTT	+
725-NTGTTTAAACAN	FOXD3_HUMAN.H11MO.0.D	1	0.00554877	4.26701	0.352259	12	CTGTTTAAACAC	TTTGTTTACTTAGCA	+
725-NTGTTTAAACAN	HXD12_HUMAN.H11MO.0.D	0	0.00730501	5.61755	0.428079	11	CTGTTTAAACAC	AATTTTATTAC	+
725-NTGTTTAAACAN	FOXO6_HUMAN.H11MO.0.D	3	0.00836855	6.43542	0.455374	10	CTGTTTAAACAC	AACTTGTTTACGT	+
725-NTGTTTAAACAN	FOXK1_HUMAN.H11MO.0.A	-1	0.0096135	7.39278	0.488244	10	CTGTTTAAACAC	TGTTTACTTT	+
726-RTCTAATCT	GATA6_HUMAN.H11MO.0.A	2	0.000305256	0.234742	0.468161	9	GTCTAATCT	TTATCTTATCTGT	-
730-TCCCCGCGCAGAGC	ZIC4_HUMAN.H11MO.0.D	1	0.00015817	0.121633	0.243265	14	TCCCCGCGCAGAGC	GACCCCCCGCTGTGC	-
730-TCCCCGCGCAGAGC	GLIS2_HUMAN.H11MO.0.D	1	0.000697536	0.536405	0.488245	13	TCCCCGCGCAGAGC	GACCCCCCGCGAAG	-
730-TCCCCGCGCAGAGC	ZN331_HUMAN.H11MO.0.C	0	0.00123442	0.949267	0.488245	14	TCCCCGCGCAGAGC	CCACCCAGCTGAGCCCAGCC	-
730-TCCCCGCGCAGAGC	KLF12_HUMAN.H11MO.0.C	0	0.00126982	0.97649	0.488245	11	TCCCCGCGCAGAGC	GCCCCGCCCCT	-
731-TCCTGGGGCAG	ZN436_HUMAN.H11MO.0.C	12	5.69787e-05	0.0438166	0.0876154	11	TCCTGGGGCAG	TCAGGGAAGGCTTCCTGGAGGAGG	+
731-TCCTGGGGCAG	AP2C_HUMAN.H11MO.0.A	3	0.000378123	0.290777	0.290718	11	TCCTGGGGCAG	ATGCCCTGAGGCCA	+
731-TCCTGGGGCAG	MAFK_HUMAN.H11MO.1.A	0	0.000782054	0.6014	0.400852	11	TCCTGGGGCAG	TGCTGAGTCAGCA	+
732-TGCCTTCCA	ZN528_HUMAN.H11MO.0.C	7	0.000316288	0.243226	0.486451	9	TGCCTTCCA	TCAGAAATGGCTTCCCTGGG	-
736-TTCTGGAAAA	HSF1_HUMAN.H11MO.1.A	0	4.43336e-07	0.000340925	0.000674138	9	TTCTGGAAAA	TTCTGGAAA	+
736-TTCTGGAAAA	NFAC3_HUMAN.H11MO.0.B	-3	0.000188384	0.144868	0.143229	7	TTCTGGAAAA	TGGAAAACT	+
736-TTCTGGAAAA	NFAC2_HUMAN.H11MO.0.B	-3	0.000309605	0.238087	0.156929	7	TTCTGGAAAA	TGGAAAATT	+
736-TTCTGGAAAA	NFAC1_HUMAN.H11MO.1.B	-1	0.0004745	0.364891	0.180382	9	TTCTGGAAAA	AATGGAAAAT	+
736-TTCTGGAAAA	HSF1_HUMAN.H11MO.0.A	0	0.000648282	0.498529	0.187844	10	TTCTGGAAAA	TTCTAGAACCTTCCA	-
736-TTCTGGAAAA	HSF4_HUMAN.H11MO.0.D	0	0.000837304	0.643887	0.187844	10	TTCTGGAAAA	TTCTAGAACGTTCTA	-
736-TTCTGGAAAA	STAT3_HUMAN.H11MO.0.A	0	0.000988261	0.759972	0.187844	10	TTCTGGAAAA	TTCCGGGAAATG	-
736-TTCTGGAAAA	HXB2_HUMAN.H11MO.0.D	0	0.00114589	0.88119	0.193605	10	TTCTGGAAAA	TTCTAGAATGTTCTA	-
736-TTCTGGAAAA	STA5A_HUMAN.H11MO.0.A	0	0.00128937	0.991527	0.196062	10	TTCTGGAAAA	TTCTAGGAAA	+
736-TTCTGGAAAA	STA5B_HUMAN.H11MO.0.A	1	0.00151067	1.16171	0.208831	10	TTCTGGAAAA	TTTCTTAGAAAT	+
736-TTCTGGAAAA	BCL6_HUMAN.H11MO.0.A	1	0.00168308	1.29429	0.213274	10	TTCTGGAAAA	TTCCTAGAAAGCA	-
736-TTCTGGAAAA	ZN282_HUMAN.H11MO.0.D	4	0.00227995	1.75328	0.243756	10	TTCTGGAAAA	CGTGTTATGGGAAA	+
736-TTCTGGAAAA	HSF2_HUMAN.H11MO.0.A	0	0.00241762	1.85915	0.243756	10	TTCTGGAAAA	TTCTAGAACATTCT	-
736-TTCTGGAAAA	DBP_HUMAN.H11MO.0.B	1	0.00272514	2.09563	0.243756	10	TTCTGGAAAA	GTTATGTAACA	+
736-TTCTGGAAAA	STAT6_HUMAN.H11MO.0.B	1	0.00272514	2.09563	0.243756	10	TTCTGGAAAA	TTTCCTGAGAA	-
736-TTCTGGAAAA	STAT1_HUMAN.H11MO.0.A	5	0.00373974	2.87586	0.286682	10	TTCTGGAAAA	GTGATTTCCAGGAAAGGGG	-
736-TTCTGGAAAA	NFAC4_HUMAN.H11MO.0.C	-3	0.00391599	3.01139	0.286682	7	TTCTGGAAAA	AGGAAAATTT	+
736-TTCTGGAAAA	NFAC1_HUMAN.H11MO.0.B	-2	0.00398764	3.0665	0.286682	8	TTCTGGAAAA	ATGGAAAAAAAGAAA	+
736-TTCTGGAAAA	THA11_HUMAN.H11MO.0.B	4	0.00449684	3.45807	0.286682	10	TTCTGGAAAA	GGCATGCTGGGAGTTGTAGTTC	+
736-TTCTGGAAAA	ZN143_HUMAN.H11MO.0.A	4	0.005051	3.88422	0.295406	10	TTCTGGAAAA	GGCATTCTGGGAATTGTAGTTC	+
736-TTCTGGAAAA	ZNF76_HUMAN.H11MO.0.C	6	0.0056676	4.35839	0.319192	10	TTCTGGAAAA	GGGGCATTCTGGGAATTGTAGT	+
736-TTCTGGAAAA	STAT4_HUMAN.H11MO.0.A	1	0.00594876	4.5746	0.323061	10	TTCTGGAAAA	TTTCCTGGAAG	+
738-AGCCCGCTC	ZBT14_HUMAN.H11MO.0.C	-1	0.000225565	0.173459	0.346918	8	AGCCCGCTC	GCGCGCTCC	-
739-GCCTCGAA	ZKSC3_HUMAN.H11MO.0.D	3	6.66074e-05	0.0512211	0.102442	8	GCCTCGAA	CTAGCCTCGAA	-
739-GCCTCGAA	PRDM4_HUMAN.H11MO.0.D	7	0.000374984	0.288363	0.288363	8	GCCTCGAA	GTGGGGGGCCTTGAAA	+
741-TCCAGCCCA	E2F3_HUMAN.H11MO.0.A	2	0.000487594	0.374959	0.357379	9	TCCAGCCCA	TTTCCCGCCCT	-
741-TCCAGCCCA	ZN449_HUMAN.H11MO.0.C	-2	0.000723251	0.55618	0.357379	7	TCCAGCCCA	AAGCCCAACCA	-
741-TCCAGCCCA	E2F1_HUMAN.H11MO.0.A	3	0.0008916	0.685641	0.357379	9	TCCAGCCCA	CTTTCCCGCCCCCC	-
741-TCCAGCCCA	TFDP1_HUMAN.H11MO.0.C	3	0.0011557	0.888736	0.357379	9	TCCAGCCCA	TTTTCCCGCCCCCC	-
741-TCCAGCCCA	E2F6_HUMAN.H11MO.0.A	4	0.00126867	0.975603	0.357379	9	TCCAGCCCA	CCCTTCCCGCCCC	-
741-TCCAGCCCA	E2F4_HUMAN.H11MO.0.A	3	0.00163223	1.25518	0.357379	9	TCCAGCCCA	ATTTCCCGCCCCC	-
741-TCCAGCCCA	ZN410_HUMAN.H11MO.0.D	-1	0.00163223	1.25518	0.357379	8	TCCAGCCCA	CCATCCCATAATA	-
742-ACAAACAT	OLIG1_HUMAN.H11MO.0.D	1	0.000247451	0.19029	0.22623	8	ACAAACAT	AAAAAACATATGGT	-
742-ACAAACAT	FOXF1_HUMAN.H11MO.0.D	3	0.000294439	0.226424	0.22623	8	ACAAACAT	AAAATAAACAT	-
742-ACAAACAT	BHE22_HUMAN.H11MO.0.D	0	0.000539829	0.415128	0.276515	8	ACAAACAT	AAAAACATATGGT	-
742-ACAAACAT	FOXJ2_HUMAN.H11MO.0.C	3	0.00106331	0.817685	0.408493	7	ACAAACAT	TAAATAAACA	-
746-CACCCAGTC	GLI1_HUMAN.H11MO.0.D	4	0.000419947	0.32294	0.288441	8	CACCCAGTC	AGACCACCCAGG	-
746-CACCCAGTC	EGR3_HUMAN.H11MO.0.D	1	0.000526374	0.404782	0.288441	9	CACCCAGTC	ACACCCACTCT	-
746-CACCCAGTC	GLI3_HUMAN.H11MO.0.B	4	0.000562629	0.432662	0.288441	7	CACCCAGTC	GGACCACCCAG	-
748-CCGCCGCGCCG	GLIS2_HUMAN.H11MO.0.D	3	0.000475054	0.365317	0.410256	11	CCGCCGCGCCG	GACCCCCCGCGAAG	-
748-CCGCCGCGCCG	SP1_HUMAN.H11MO.1.A	0	0.000535469	0.411776	0.410256	11	CCGCCGCGCCG	CGGCCCCGCCCCCC	-
753-GCCTCTGGCC	AP2C_HUMAN.H11MO.0.A	2	0.000286485	0.220307	0.218863	10	GCCTCTGGCC	TGGCCTCAGGGCAT	-
753-GCCTCTGGCC	AP2D_HUMAN.H11MO.0.D	4	0.000286485	0.220307	0.218863	10	GCCTCTGGCC	ACGCGCCTCGGGCG	-
754-TGGCCCCCA	PLAL1_HUMAN.H11MO.0.D	0	0.000106092	0.0815846	0.163169	9	TGGCCCCCA	GGGCCCCCCG	-
756-AAGCCTTAGCAACCG	RFX2_HUMAN.H11MO.1.A	-3	1.1919e-05	0.00916571	0.0183038	12	AAGCCTTAGCAACCG	CCATGGCAACCG	-
756-AAGCCTTAGCAACCG	RFX1_HUMAN.H11MO.1.B	-3	2.62774e-05	0.0202073	0.0201768	11	AAGCCTTAGCAACCG	CCATGGCAACC	-
756-AAGCCTTAGCAACCG	RFX5_HUMAN.H11MO.1.A	-4	0.000113463	0.0872533	0.0580811	11	AAGCCTTAGCAACCG	CCTAGCAACAG	-
756-AAGCCTTAGCAACCG	RFX2_HUMAN.H11MO.0.A	3	0.000167199	0.128576	0.064191	15	AAGCCTTAGCAACCG	CCGTTGCCATGGCAACCG	-
756-AAGCCTTAGCAACCG	RFX1_HUMAN.H11MO.0.B	3	0.000280706	0.215863	0.0862147	15	AAGCCTTAGCAACCG	CCGTCGCCATGGCAACCGGGGC	-
756-AAGCCTTAGCAACCG	ZBT7B_HUMAN.H11MO.0.D	4	0.000384286	0.295516	0.0983566	15	AAGCCTTAGCAACCG	CCCGTTGCCATGGCAACGGCG	-
756-AAGCCTTAGCAACCG	RFX4_HUMAN.H11MO.0.D	1	0.000973146	0.74835	0.213491	14	AAGCCTTAGCAACCG	GTTACCATGGCAACG	-
756-AAGCCTTAGCAACCG	RFX3_HUMAN.H11MO.0.B	0	0.00170636	1.31219	0.327553	14	AAGCCTTAGCAACCG	TTACCATGGCAACC	-
756-AAGCCTTAGCAACCG	MAFF_HUMAN.H11MO.1.B	-2	0.00226825	1.74428	0.387033	9	AAGCCTTAGCAACCG	GACTCAGCA	-
756-AAGCCTTAGCAACCG	RFX5_HUMAN.H11MO.0.A	0	0.00277733	2.13577	0.426509	15	AAGCCTTAGCAACCG	TCTGCCTAGCAACAGCTGAC	-
757-AAGCGGCTG	BHA15_HUMAN.H11MO.0.B	1	0.000576832	0.443584	0.443055	9	AAGCGGCTG	GCAGCAGCTGG	+
757-AAGCGGCTG	PTF1A_HUMAN.H11MO.1.B	-1	0.000623472	0.47945	0.443055	8	AAGCGGCTG	AGCAGCTGG	+
757-AAGCGGCTG	ASCL2_HUMAN.H11MO.0.D	-1	0.000864956	0.665151	0.443055	8	AAGCGGCTG	AGCAGCTGG	-
760-ACACCTTC	TBR1_HUMAN.H11MO.0.D	5	4.11868e-05	0.0316726	0.063084	8	ACACCTTC	TTTTCACACCTTT	-
760-ACACCTTC	TBX4_HUMAN.H11MO.0.D	13	0.000248866	0.191378	0.190589	7	ACACCTTC	GGTGTGAAATTTCACACCTT	-
760-ACACCTTC	TBX5_HUMAN.H11MO.0.D	2	0.00100786	0.775043	0.326624	6	ACACCTTC	TCACACCT	-
760-ACACCTTC	EOMES_HUMAN.H11MO.0.D	3	0.00110732	0.851525	0.326624	8	ACACCTTC	TTAACACCTCCT	-
760-ACACCTTC	ID4_HUMAN.H11MO.0.D	2	0.0011154	0.85774	0.326624	8	ACACCTTC	TTACACCTGTC	-
760-ACACCTTC	MESP1_HUMAN.H11MO.0.D	3	0.00127949	0.983928	0.326624	8	ACACCTTC	TCCACACCTGC	-
760-ACACCTTC	TBX1_HUMAN.H11MO.0.D	6	0.00166982	1.28409	0.358841	8	ACACCTTC	CCGCCCACCCCTGCCCACCC	-
760-ACACCTTC	TBX3_HUMAN.H11MO.0.C	3	0.00191466	1.47237	0.358841	8	ACACCTTC	TTCCCACCTCC	-
760-ACACCTTC	TBX21_HUMAN.H11MO.0.A	3	0.00210854	1.62147	0.358841	8	ACACCTTC	TTCACACCTCCAC	-
760-ACACCTTC	TBX19_HUMAN.H11MO.0.D	5	0.00237003	1.82255	0.363007	8	ACACCTTC	ATTTCACACCTACGTGTGAAAT	-
760-ACACCTTC	MGAP_HUMAN.H11MO.0.D	10	0.00268878	2.06767	0.374389	6	ACACCTTC	GTGAAAATTCACACCT	-
760-ACACCTTC	SNAI1_HUMAN.H11MO.0.C	0	0.00420068	3.23032	0.479699	8	ACACCTTC	CCACCTGG	-
760-ACACCTTC	MYF6_HUMAN.H11MO.0.C	-1	0.00427111	3.28449	0.479699	7	ACACCTTC	CAGCTGC	+
760-ACACCTTC	FIGLA_HUMAN.H11MO.0.D	1	0.00438465	3.37179	0.479699	8	ACACCTTC	AACACCTGTTA	-
762-ACATAAATA	CDX1_HUMAN.H11MO.0.C	0	0.00015169	0.11665	0.229115	8	ACATAAATA	ACATAAAT	-
762-ACATAAATA	HXA10_HUMAN.H11MO.0.C	0	0.000457482	0.351803	0.327128	9	ACATAAATA	TCATAAATCATC	-
762-ACATAAATA	FOXJ3_HUMAN.H11MO.0.A	3	0.000902021	0.693654	0.327128	9	ACATAAATA	AAAAAATAAACAA	-
762-ACATAAATA	HXA9_HUMAN.H11MO.0.B	0	0.00098725	0.759195	0.327128	9	ACATAAATA	CCATAAATCAT	-
762-ACATAAATA	FOXJ2_HUMAN.H11MO.0.C	1	0.00146615	1.12747	0.327128	9	ACATAAATA	TAAATAAACA	-
762-ACATAAATA	FOXQ1_HUMAN.H11MO.0.C	0	0.00162556	1.25005	0.327128	9	ACATAAATA	AAATAAACAATG	-
762-ACATAAATA	FOXF1_HUMAN.H11MO.0.D	1	0.00199416	1.53351	0.327128	9	ACATAAATA	AAAATAAACAT	-
762-ACATAAATA	TEF_HUMAN.H11MO.0.D	5	0.00217522	1.67274	0.327128	9	ACATAAATA	CATTTACATAAACA	-
762-ACATAAATA	MEF2C_HUMAN.H11MO.0.A	1	0.00238046	1.83058	0.327128	9	ACATAAATA	GCTAAAAATAGCA	-
762-ACATAAATA	FOXL1_HUMAN.H11MO.0.D	2	0.00243181	1.87006	0.327128	9	ACATAAATA	AAAAGTAAACAAACAAACA	-
762-ACATAAATA	MEF2B_HUMAN.H11MO.0.A	0	0.00262665	2.01989	0.327128	9	ACATAAATA	CCAAAAATAGCAAC	-
762-ACATAAATA	MEF2A_HUMAN.H11MO.0.A	1	0.00269566	2.07296	0.327128	9	ACATAAATA	GCTAAAAATAGAA	-
762-ACATAAATA	PO6F1_HUMAN.H11MO.0.D	1	0.00286743	2.20505	0.327128	9	ACATAAATA	TGCATAAATTATG	-
762-ACATAAATA	MEF2D_HUMAN.H11MO.0.A	0	0.00303214	2.33172	0.327128	9	ACATAAATA	CTAAAAATAGCA	-
762-ACATAAATA	MEIS1_HUMAN.H11MO.0.A	1	0.00342375	2.63286	0.344752	9	ACATAAATA	GCCATAAATCAT	-
762-ACATAAATA	FOXG1_HUMAN.H11MO.0.D	6	0.00429544	3.30319	0.389602	9	ACATAAATA	AAAAAAATATAAACAAT	-
762-ACATAAATA	FOXJ3_HUMAN.H11MO.1.B	3	0.00438504	3.3721	0.389602	9	ACATAAATA	TAAACAAAAACAA	-
762-ACATAAATA	NFIL3_HUMAN.H11MO.0.D	3	0.00493766	3.79706	0.414329	8	ACATAAATA	ATTACATAACT	-
762-ACATAAATA	FOXF2_HUMAN.H11MO.0.D	2	0.00587592	4.51858	0.462618	9	ACATAAATA	AAAAGTAAACA	-
762-ACATAAATA	PO4F1_HUMAN.H11MO.0.D	-1	0.0061257	4.71066	0.462618	8	ACATAAATA	CATTAATTATTCAT	+
762-ACATAAATA	FOXD2_HUMAN.H11MO.0.D	1	0.0069988	5.38208	0.481454	9	ACATAAATA	TATGTAAATATTTATTTAA	+
762-ACATAAATA	DLX2_HUMAN.H11MO.0.D	-2	0.00719439	5.53249	0.481454	7	ACATAAATA	ATAATTAT	+
762-ACATAAATA	HXB6_HUMAN.H11MO.0.D	1	0.00741995	5.70594	0.481454	9	ACATAAATA	TGCATCAATCATT	-
762-ACATAAATA	HXD11_HUMAN.H11MO.0.D	2	0.0078098	6.00574	0.481454	9	ACATAAATA	AGTAATAAAAA	-
762-ACATAAATA	FOXB1_HUMAN.H11MO.0.D	3	0.00828764	6.3732	0.481454	9	ACATAAATA	GTTATGTAAATATTGAC	-
762-ACATAAATA	PO3F3_HUMAN.H11MO.0.D	6	0.00828764	6.3732	0.481454	9	ACATAAATA	AAATTTGCATAATTTAT	-
763-ACCATGGCG	RFX4_HUMAN.H11MO.0.D	3	0.000138929	0.106836	0.12734	9	ACCATGGCG	GTTACCATGGCAACG	-
763-ACCATGGCG	TYY2_HUMAN.H11MO.0.D	0	0.000166386	0.127951	0.12734	9	ACCATGGCG	AAAATGGCGGC	+
763-ACCATGGCG	RFX3_HUMAN.H11MO.0.B	2	0.000333384	0.256372	0.170098	9	ACCATGGCG	TTACCATGGCAACC	-
763-ACCATGGCG	TYY1_HUMAN.H11MO.0.A	1	0.000643738	0.495035	0.190896	9	ACCATGGCG	CAAGATGGCGGC	+
763-ACCATGGCG	RFX2_HUMAN.H11MO.1.A	-1	0.000836478	0.643252	0.190896	8	ACCATGGCG	CCATGGCAACCG	-
763-ACCATGGCG	RFX2_HUMAN.H11MO.0.A	5	0.000873009	0.671344	0.190896	9	ACCATGGCG	CCGTTGCCATGGCAACCG	-
763-ACCATGGCG	ZBT7B_HUMAN.H11MO.0.D	6	0.00190262	1.46311	0.303098	9	ACCATGGCG	CCCGTTGCCATGGCAACGGCG	-
763-ACCATGGCG	RFX1_HUMAN.H11MO.0.B	5	0.00191408	1.47193	0.303098	9	ACCATGGCG	CCGTCGCCATGGCAACCGGGGC	-
763-ACCATGGCG	SOX17_HUMAN.H11MO.0.C	3	0.00204365	1.57157	0.303098	8	ACCATGGCG	AAAACAATGGC	-
763-ACCATGGCG	RFX1_HUMAN.H11MO.1.B	-1	0.00329783	2.53603	0.420653	8	ACCATGGCG	CCATGGCAACC	-
763-ACCATGGCG	ZFP42_HUMAN.H11MO.0.A	0	0.00368201	2.83146	0.433529	9	ACCATGGCG	AAAATGGCTGCC	-
764-ACCCTCGCG	KAISO_HUMAN.H11MO.1.A	-1	0.000497053	0.382234	0.402876	8	ACCCTCGCG	TTCTCGCGAGA	-
764-ACCCTCGCG	KAISO_HUMAN.H11MO.0.A	-1	0.000805903	0.619739	0.402876	8	ACCCTCGCG	TTCTCGCGAGATTTG	-
764-ACCCTCGCG	ZN423_HUMAN.H11MO.0.D	2	0.00104779	0.805753	0.402876	9	ACCCTCGCG	GCACCCTTGGGTGCC	-
765-ACCTACCA	ZN784_HUMAN.H11MO.0.D	2	6.50839e-06	0.00500495	0.0100099	8	ACCTACCA	GTACCTACCTC	-
766-ACCTCATC	ATF2_HUMAN.H11MO.0.B	3	0.000303686	0.233534	0.245835	8	ACCTCATC	ATGACGTCATC	-
766-ACCTCATC	JDP2_HUMAN.H11MO.0.D	3	0.000321639	0.24734	0.245835	8	ACCTCATC	ATGACGTCATCA	-
766-ACCTCATC	ATF2_HUMAN.H11MO.1.B	8	0.000934739	0.718814	0.397999	8	ACCTCATC	AAATGATGACATCATCATTT	-
766-ACCTCATC	THB_HUMAN.H11MO.1.D	2	0.00182743	1.40529	0.397999	8	ACCTCATC	TGACCTGACC	-
766-ACCTCATC	CREB5_HUMAN.H11MO.0.D	3	0.00265185	2.03927	0.397999	8	ACCTCATC	ATGACGTCATC	-
766-ACCTCATC	CR3L2_HUMAN.H11MO.0.D	4	0.00293149	2.25432	0.397999	8	ACCTCATC	TGCCACGTCATCA	-
766-ACCTCATC	ATF7_HUMAN.H11MO.0.D	3	0.00301319	2.31714	0.397999	8	ACCTCATC	ATGACGTCATC	-
766-ACCTCATC	ATF2_HUMAN.H11MO.2.C	3	0.00321024	2.46868	0.397999	8	ACCTCATC	GTGACGTCATC	-
766-ACCTCATC	RXRB_HUMAN.H11MO.0.C	4	0.00345973	2.66053	0.397999	6	ACCTCATC	TGTGACCTCA	-
766-ACCTCATC	CREB3_HUMAN.H11MO.0.D	4	0.00355656	2.73499	0.397999	8	ACCTCATC	TGCCACGTCACCA	-
766-ACCTCATC	CREB1_HUMAN.H11MO.0.A	2	0.00364017	2.79929	0.397999	8	ACCTCATC	TGACGTCATCG	-
766-ACCTCATC	XBP1_HUMAN.H11MO.0.D	3	0.00387434	2.97937	0.397999	8	ACCTCATC	GCCACGTCAGC	-
766-ACCTCATC	DUX4_HUMAN.H11MO.0.A	2	0.00412226	3.17002	0.397999	8	ACCTCATC	TAACCTAATCA	-
766-ACCTCATC	THB_HUMAN.H11MO.0.C	2	0.00413135	3.17701	0.397999	8	ACCTCATC	TGACCTGACCTGACCTC	-
766-ACCTCATC	ZN436_HUMAN.H11MO.0.C	-1	0.0043218	3.32347	0.397999	7	ACCTCATC	CCTCCTCCAGGAAGCCTTCCCTGA	-
766-ACCTCATC	RUNX3_HUMAN.H11MO.0.A	2	0.00442613	3.40369	0.397999	8	ACCTCATC	AAACCACAAA	-
767-ACCTGCCGCT	ASCL1_HUMAN.H11MO.0.A	4	0.000551391	0.42402	0.485974	10	ACCTGCCGCT	CTGCACCTGCTCCC	+
767-ACCTGCCGCT	ZN784_HUMAN.H11MO.0.D	2	0.000638671	0.491138	0.485974	9	ACCTGCCGCT	GTACCTACCTC	-
769-ACMTCTGGGAST	IKZF1_HUMAN.H11MO.0.C	-4	0.000641089	0.492998	0.447982	8	ACATCTGGGAGT	TTGGGAGA	+
769-ACMTCTGGGAST	ZBT18_HUMAN.H11MO.0.C	2	0.000794808	0.611207	0.447982	9	ACATCTGGGAGT	CCACATCTGGA	-
769-ACMTCTGGGAST	TWST1_HUMAN.H11MO.1.A	1	0.00106484	0.81886	0.447982	9	ACATCTGGGAGT	CACATCTGGT	+
769-ACMTCTGGGAST	ZN143_HUMAN.H11MO.0.A	2	0.0011661	0.896732	0.447982	12	ACATCTGGGAGT	GGCATTCTGGGAATTGTAGTTC	+
771-AGAAAAAGGC	ZN713_HUMAN.H11MO.0.D	2	0.000308537	0.237265	0.47453	10	AGAAAAAGGC	ATAGAAAAAAGACACGAAA	+
775-AGCCGCCCGCCGGC	AP2B_HUMAN.H11MO.0.B	-4	0.000253843	0.195205	0.275061	10	AGCCGCCCGCCGGC	GCCCCCGGGC	-
775-AGCCGCCCGCCGGC	CTCFL_HUMAN.H11MO.0.A	3	0.00052542	0.404048	0.275061	14	AGCCGCCCGCCGGC	CGGCGCCCCCTGGCGGC	-
775-AGCCGCCCGCCGGC	ZN219_HUMAN.H11MO.0.D	-1	0.000540656	0.415764	0.275061	12	AGCCGCCCGCCGGC	TCCGCCCCCCTC	-
775-AGCCGCCCGCCGGC	KLF13_HUMAN.H11MO.0.D	-1	0.00198276	1.52475	0.446367	11	AGCCGCCCGCCGGC	CACGCCCCCCT	-
775-AGCCGCCCGCCGGC	SP2_HUMAN.H11MO.0.A	7	0.00240581	1.85007	0.446367	14	AGCCGCCCGCCGGC	CCCCCGGCCCCGCCCCCCCCCC	-
775-AGCCGCCCGCCGGC	ZIC4_HUMAN.H11MO.0.D	0	0.00250513	1.92644	0.446367	14	AGCCGCCCGCCGGC	GACCCCCCGCTGTGC	-
775-AGCCGCCCGCCGGC	E2F4_HUMAN.H11MO.0.A	-1	0.00320556	2.46508	0.446367	13	AGCCGCCCGCCGGC	ATTTCCCGCCCCC	-
775-AGCCGCCCGCCGGC	CTCF_HUMAN.H11MO.0.A	3	0.00323258	2.48586	0.446367	14	AGCCGCCCGCCGGC	TGGCGCCCCCTGGTGGCCA	-
775-AGCCGCCCGCCGGC	E2F1_HUMAN.H11MO.0.A	-1	0.00328733	2.52795	0.446367	13	AGCCGCCCGCCGGC	CTTTCCCGCCCCCC	-
775-AGCCGCCCGCCGGC	HEY2_HUMAN.H11MO.0.D	3	0.00383934	2.95245	0.446367	14	AGCCGCCCGCCGGC	TAATGCCACGTGCCCCC	-
775-AGCCGCCCGCCGGC	SP1_HUMAN.H11MO.0.A	-2	0.0040944	3.14859	0.446367	12	AGCCGCCCGCCGGC	CCCCCCCCCGGCCCCGCCCCCC	-
775-AGCCGCCCGCCGGC	TFDP1_HUMAN.H11MO.0.C	-1	0.00457366	3.51714	0.450255	13	AGCCGCCCGCCGGC	TTTTCCCGCCCCCC	-
775-AGCCGCCCGCCGGC	ZSC31_HUMAN.H11MO.0.C	3	0.00472008	3.62974	0.450255	14	AGCCGCCCGCCGGC	CATAACTGCCCTGCTGCC	-
777-AGGCCGGGGAG	ZN586_HUMAN.H11MO.0.C	0	3.54547e-05	0.0272646	0.0538266	11	AGGCCGGGGAG	AGGCCTAGGAGGAAAAAATG	+
777-AGGCCGGGGAG	ZN770_HUMAN.H11MO.0.C	3	0.000444996	0.342202	0.298899	11	AGGCCGGGGAG	GGGAGGCTGAGGCGGGAGGATC	+
777-AGGCCGGGGAG	WT1_HUMAN.H11MO.0.C	0	0.000738787	0.568128	0.298899	11	AGGCCGGGGAG	GGGCGGGGGAGGAGGGGGGG	+
777-AGGCCGGGGAG	ZFX_HUMAN.H11MO.1.A	8	0.000968642	0.744886	0.298899	9	AGGCCGGGGAG	GGGGGCGGAGGCCGGGG	+
777-AGGCCGGGGAG	KLF12_HUMAN.H11MO.0.C	1	0.000984399	0.757003	0.298899	10	AGGCCGGGGAG	AGGGGCGGGGC	+
777-AGGCCGGGGAG	ZN281_HUMAN.H11MO.0.A	0	0.00121949	0.937788	0.308568	11	AGGCCGGGGAG	GGGTGGGGGAGGGGA	+
777-AGGCCGGGGAG	AP2B_HUMAN.H11MO.0.B	-1	0.00146916	1.12979	0.315015	10	AGGCCGGGGAG	GCCCGGGGGC	+
777-AGGCCGGGGAG	SP1_HUMAN.H11MO.1.A	2	0.00178624	1.37362	0.315015	11	AGGCCGGGGAG	GGGGGGCGGGGCCG	+
777-AGGCCGGGGAG	TBX1_HUMAN.H11MO.0.D	-1	0.00211305	1.62493	0.315015	10	AGGCCGGGGAG	GGGTGGGCAGGGGTGGGCGG	+
777-AGGCCGGGGAG	ZF64A_HUMAN.H11MO.0.D	1	0.00222671	1.71234	0.315015	11	AGGCCGGGGAG	GGGGCCCGGGAACCTG	+
777-AGGCCGGGGAG	MAZ_HUMAN.H11MO.1.A	1	0.00228245	1.7552	0.315015	10	AGGCCGGGGAG	GAGGGAGGGGG	+
777-AGGCCGGGGAG	SP1_HUMAN.H11MO.0.A	8	0.00295397	2.2716	0.33333	11	AGGCCGGGGAG	GGGGGGCGGGGCCGGGGGGGGG	+
777-AGGCCGGGGAG	ZFX_HUMAN.H11MO.0.A	2	0.00307977	2.36834	0.33333	8	AGGCCGGGGAG	CCAGGCCCCG	+
777-AGGCCGGGGAG	E2F4_HUMAN.H11MO.0.A	1	0.00325251	2.50118	0.33333	11	AGGCCGGGGAG	GGGGGCGGGAAAT	+
777-AGGCCGGGGAG	MECP2_HUMAN.H11MO.0.C	-2	0.00340335	2.61717	0.33333	7	AGGCCGGGGAG	CCCGGAG	+
777-AGGCCGGGGAG	MBD2_HUMAN.H11MO.0.B	1	0.00351294	2.70145	0.33333	10	AGGCCGGGGAG	CGGGCCGGAGG	+
777-AGGCCGGGGAG	ZN148_HUMAN.H11MO.0.D	1	0.00386661	2.97342	0.339166	11	AGGCCGGGGAG	GGGGTGGGGGAGGGG	+
777-AGGCCGGGGAG	ZN770_HUMAN.H11MO.1.C	3	0.00433994	3.33741	0.339166	8	AGGCCGGGGAG	GGGAGGCTGAG	+
777-AGGCCGGGGAG	AP2D_HUMAN.H11MO.0.D	0	0.00469146	3.60773	0.339166	11	AGGCCGGGGAG	CGCCCGAGGCGCGT	+
777-AGGCCGGGGAG	E2F1_HUMAN.H11MO.0.A	2	0.00469146	3.60773	0.339166	11	AGGCCGGGGAG	GGGGGGCGGGAAAG	+
777-AGGCCGGGGAG	TFDP1_HUMAN.H11MO.0.C	2	0.00469146	3.60773	0.339166	11	AGGCCGGGGAG	GGGGGGCGGGAAAA	+
777-AGGCCGGGGAG	EGR1_HUMAN.H11MO.0.A	2	0.00566648	4.35752	0.363751	11	AGGCCGGGGAG	GAGGGCGTGGGCGGGGG	+
777-AGGCCGGGGAG	SP4_HUMAN.H11MO.1.A	4	0.00582101	4.47636	0.363751	11	AGGCCGGGGAG	GGAGGGGGCGGGGCCG	+
777-AGGCCGGGGAG	KLF4_HUMAN.H11MO.0.A	0	0.00623693	4.7962	0.363751	10	AGGCCGGGGAG	AGGGTGTGGC	+
777-AGGCCGGGGAG	SP2_HUMAN.H11MO.1.B	2	0.00672074	5.16825	0.363751	10	AGGCCGGGGAG	AGGGGGCGGGGC	+
777-AGGCCGGGGAG	E2F3_HUMAN.H11MO.0.A	0	0.00690984	5.31366	0.363751	11	AGGCCGGGGAG	AGGGCGGGAAA	+
777-AGGCCGGGGAG	ESR2_HUMAN.H11MO.0.A	0	0.00719199	5.53064	0.363751	11	AGGCCGGGGAG	AGGTCAGGGTGACCT	-
777-AGGCCGGGGAG	KLF3_HUMAN.H11MO.0.B	5	0.00740714	5.69609	0.363751	11	AGGCCGGGGAG	GGGGAGGGGCGGGGCCGGG	+
777-AGGCCGGGGAG	KLF6_HUMAN.H11MO.0.A	3	0.00740714	5.69609	0.363751	11	AGGCCGGGGAG	GGAAGGGCGGGGCCGGGGG	+
777-AGGCCGGGGAG	TAF1_HUMAN.H11MO.0.A	4	0.00751686	5.78047	0.363751	11	AGGCCGGGGAG	AAGATGGCGGCGGCGG	+
777-AGGCCGGGGAG	SP3_HUMAN.H11MO.0.B	0	0.00771836	5.93542	0.363751	11	AGGCCGGGGAG	GGGGGGGGGCGGGGCCGGGG	+
777-AGGCCGGGGAG	E2F6_HUMAN.H11MO.0.A	0	0.00780271	6.00028	0.363751	11	AGGCCGGGGAG	GGGGCGGGAAGGG	+
777-AGGCCGGGGAG	EGR2_HUMAN.H11MO.1.A	1	0.00790669	6.08024	0.363751	11	AGGCCGGGGAG	GGGGCGTGGGCGGGGG	+
777-AGGCCGGGGAG	E2F7_HUMAN.H11MO.0.B	1	0.00905652	6.96447	0.404396	11	AGGCCGGGGAG	GGGGCGGGAAAGG	+
777-AGGCCGGGGAG	ZN263_HUMAN.H11MO.0.A	6	0.00947043	7.28276	0.410795	11	AGGCCGGGGAG	GGGAGGAGGGAGAGGAGGAG	+
777-AGGCCGGGGAG	EGR2_HUMAN.H11MO.0.A	4	0.0100433	7.72329	0.411385	11	AGGCCGGGGAG	GGGGGGGTGTGGGAGGGG	+
777-AGGCCGGGGAG	KLF16_HUMAN.H11MO.0.D	1	0.010051	7.7292	0.411385	11	AGGCCGGGGAG	GGGGGCGGGGGGGGGGGGG	+
777-AGGCCGGGGAG	PATZ1_HUMAN.H11MO.1.C	0	0.0107227	8.24577	0.411385	9	AGGCCGGGGAG	AGGGAGGGG	+
777-AGGCCGGGGAG	KLF1_HUMAN.H11MO.0.A	0	0.0110408	8.49038	0.411385	11	AGGCCGGGGAG	GGGGCGGGGCCGGG	+
777-AGGCCGGGGAG	KLF5_HUMAN.H11MO.0.A	0	0.0110408	8.49038	0.411385	11	AGGCCGGGGAG	AGGGTGGGGCTGGG	+
777-AGGCCGGGGAG	ZBT17_HUMAN.H11MO.0.A	2	0.0111099	8.54349	0.411385	11	AGGCCGGGGAG	GAGGGTGGGGGAGGGGAAG	+
777-AGGCCGGGGAG	TBX15_HUMAN.H11MO.0.D	4	0.0135423	10.414	0.482536	11	AGGCCGGGGAG	GGGGGGGGGGGGGTGGGGG	+
777-AGGCCGGGGAG	NR0B1_HUMAN.H11MO.0.D	-2	0.0141696	10.8964	0.482536	9	AGGCCGGGGAG	GCGTGGGAGA	+
777-AGGCCGGGGAG	KLF15_HUMAN.H11MO.0.A	7	0.0142225	10.9371	0.482536	11	AGGCCGGGGAG	GGGGAGGAGCAGGGGGGGG	+
777-AGGCCGGGGAG	SP2_HUMAN.H11MO.0.A	6	0.0143027	10.9988	0.482536	11	AGGCCGGGGAG	GGGGGGGGGGCGGGGCCGGGGG	+
777-AGGCCGGGGAG	RARA_HUMAN.H11MO.1.A	1	0.0148896	11.4501	0.491414	9	AGGCCGGGGAG	AAGGTCAGGG	+
779-AGGGGCGGGACC	SP1_HUMAN.H11MO.1.A	1	6.90369e-07	0.000530894	0.00104631	12	AGGGGCGGGACC	GGGGGGCGGGGCCG	+
779-AGGGGCGGGACC	SP1_HUMAN.H11MO.0.A	1	4.73346e-06	0.00364003	0.00254793	12	AGGGGCGGGACC	GGGGGGCGGGGCCGGGGGGGGG	+
779-AGGGGCGGGACC	KLF12_HUMAN.H11MO.0.C	0	5.04348e-06	0.00387844	0.00254793	11	AGGGGCGGGACC	AGGGGCGGGGC	+
779-AGGGGCGGGACC	SP2_HUMAN.H11MO.0.A	5	1.77797e-05	0.0136726	0.00673661	12	AGGGGCGGGACC	GGGGGGGGGGCGGGGCCGGGGG	+
779-AGGGGCGGGACC	SP2_HUMAN.H11MO.1.B	1	3.52533e-05	0.0271098	0.0106858	11	AGGGGCGGGACC	AGGGGGCGGGGC	+
779-AGGGGCGGGACC	TFDP1_HUMAN.H11MO.0.C	1	5.83436e-05	0.0448662	0.0127518	12	AGGGGCGGGACC	GGGGGGCGGGAAAA	+
779-AGGGGCGGGACC	E2F4_HUMAN.H11MO.0.A	0	5.88967e-05	0.0452916	0.0127518	12	AGGGGCGGGACC	GGGGGCGGGAAAT	+
779-AGGGGCGGGACC	SP4_HUMAN.H11MO.1.A	3	0.000115246	0.0886242	0.0203345	12	AGGGGCGGGACC	GGAGGGGGCGGGGCCG	+
779-AGGGGCGGGACC	E2F1_HUMAN.H11MO.0.A	1	0.000123944	0.0953133	0.0203345	12	AGGGGCGGGACC	GGGGGGCGGGAAAG	+
779-AGGGGCGGGACC	SP3_HUMAN.H11MO.0.B	4	0.00013417	0.103177	0.0203345	12	AGGGGCGGGACC	GGGGGGGGGCGGGGCCGGGG	+
779-AGGGGCGGGACC	SP4_HUMAN.H11MO.0.A	5	0.000162006	0.124582	0.0223211	12	AGGGGCGGGACC	GGGAAGGGGGCGGGGCCGGG	+
779-AGGGGCGGGACC	KLF9_HUMAN.H11MO.0.C	3	0.000199252	0.153225	0.0232814	12	AGGGGCGGGACC	GGAGGGGGCGTGGCC	+
779-AGGGGCGGGACC	E2F6_HUMAN.H11MO.0.A	-1	0.000202594	0.155795	0.0232814	11	AGGGGCGGGACC	GGGGCGGGAAGGG	+
779-AGGGGCGGGACC	E2F7_HUMAN.H11MO.0.B	-1	0.000215059	0.165381	0.0232814	11	AGGGGCGGGACC	GGGGCGGGAAAGG	+
779-AGGGGCGGGACC	TBX1_HUMAN.H11MO.0.D	8	0.000299481	0.230301	0.0302591	12	AGGGGCGGGACC	GGGTGGGCAGGGGTGGGCGG	+
779-AGGGGCGGGACC	KLF3_HUMAN.H11MO.0.B	4	0.000322216	0.247784	0.0305214	12	AGGGGCGGGACC	GGGGAGGGGCGGGGCCGGG	+
779-AGGGGCGGGACC	KLF1_HUMAN.H11MO.0.A	-1	0.000484846	0.372846	0.0409691	11	AGGGGCGGGACC	GGGGCGGGGCCGGG	+
779-AGGGGCGGGACC	E2F3_HUMAN.H11MO.0.A	-1	0.000486576	0.374177	0.0409691	11	AGGGGCGGGACC	AGGGCGGGAAA	+
779-AGGGGCGGGACC	MAZ_HUMAN.H11MO.1.A	0	0.000924771	0.711149	0.0737665	11	AGGGGCGGGACC	GAGGGAGGGGG	+
779-AGGGGCGGGACC	KLF6_HUMAN.H11MO.0.A	2	0.00135285	1.04034	0.102518	12	AGGGGCGGGACC	GGAAGGGCGGGGCCGGGGG	+
779-AGGGGCGGGACC	KLF16_HUMAN.H11MO.0.D	0	0.00168308	1.29429	0.121468	12	AGGGGCGGGACC	GGGGGCGGGGGGGGGGGGG	+
779-AGGGGCGGGACC	KLF4_HUMAN.H11MO.0.A	-1	0.0018568	1.42788	0.127915	10	AGGGGCGGGACC	AGGGTGTGGC	+
779-AGGGGCGGGACC	KLF14_HUMAN.H11MO.0.D	2	0.00235845	1.81365	0.15541	11	AGGGGCGGGACC	AGGGGGGCGTGGC	+
779-AGGGGCGGGACC	E2F2_HUMAN.H11MO.0.B	-1	0.0038517	2.96196	0.237376	10	AGGGGCGGGACC	GGCGCGAAAC	+
779-AGGGGCGGGACC	TBX15_HUMAN.H11MO.0.D	8	0.0039156	3.0111	0.237376	11	AGGGGCGGGACC	GGGGGGGGGGGGGTGGGGG	+
779-AGGGGCGGGACC	E2F4_HUMAN.H11MO.1.A	-3	0.0041291	3.17528	0.240691	9	AGGGGCGGGACC	GGCGGGAAATTTGA	+
779-AGGGGCGGGACC	KLF5_HUMAN.H11MO.0.A	-1	0.00434099	3.33822	0.243671	11	AGGGGCGGGACC	AGGGTGGGGCTGGG	+
779-AGGGGCGGGACC	SALL4_HUMAN.H11MO.0.B	1	0.00478766	3.68171	0.250621	9	AGGGGCGGGACC	GGAGGGTGGG	+
779-AGGGGCGGGACC	ZN740_HUMAN.H11MO.0.D	1	0.00479555	3.68777	0.250621	12	AGGGGCGGGACC	GGGGGGGGGGTGGG	+
779-AGGGGCGGGACC	ZIC1_HUMAN.H11MO.0.B	-1	0.00496884	3.82104	0.251022	9	AGGGGCGGGACC	GGGGTGGTC	+
779-AGGGGCGGGACC	ZN148_HUMAN.H11MO.0.D	5	0.0055698	4.28318	0.272305	10	AGGGGCGGGACC	GGGGTGGGGGAGGGG	+
779-AGGGGCGGGACC	PATZ1_HUMAN.H11MO.1.C	0	0.00588483	4.52544	0.273885	9	AGGGGCGGGACC	AGGGAGGGG	+
779-AGGGGCGGGACC	EGR4_HUMAN.H11MO.0.D	0	0.00611138	4.69965	0.273885	11	AGGGGCGGGACC	GGCGGCAGGGC	+
779-AGGGGCGGGACC	ZN281_HUMAN.H11MO.0.A	4	0.00614426	4.72494	0.273885	11	AGGGGCGGGACC	GGGTGGGGGAGGGGA	+
779-AGGGGCGGGACC	GLIS1_HUMAN.H11MO.0.D	1	0.00710681	5.46514	0.307741	12	AGGGGCGGGACC	TCGTGGGGGGTCT	+
779-AGGGGCGGGACC	SMAD2_HUMAN.H11MO.0.A	0	0.00769802	5.91978	0.324082	12	AGGGGCGGGACC	AGGTGACAGACA	-
779-AGGGGCGGGACC	PLAL1_HUMAN.H11MO.0.D	-2	0.0081289	6.25113	0.327644	10	AGGGGCGGGACC	CGGGGGGCCC	+
779-AGGGGCGGGACC	ZIC4_HUMAN.H11MO.0.D	4	0.008215	6.31734	0.327644	11	AGGGGCGGGACC	GCACAGCGGGGGGTC	+
779-AGGGGCGGGACC	ZN219_HUMAN.H11MO.0.D	2	0.00889735	6.84206	0.34576	10	AGGGGCGGGACC	GAGGGGGGCGGA	+
779-AGGGGCGGGACC	ZN257_HUMAN.H11MO.0.C	0	0.0093343	7.17807	0.353671	12	AGGGGCGGGACC	AGAGGCAAGAGC	-
779-AGGGGCGGGACC	E2F8_HUMAN.H11MO.0.D	0	0.00979112	7.52937	0.361932	12	AGGGGCGGGACC	TTTGGCGGGAAA	+
779-AGGGGCGGGACC	PATZ1_HUMAN.H11MO.0.C	5	0.0108994	8.38167	0.392421	12	AGGGGCGGGACC	GGGGAGGGGGCGGGGGGGGAGG	+
779-AGGGGCGGGACC	SMAD4_HUMAN.H11MO.0.B	0	0.0114309	8.79036	0.392421	12	AGGGGCGGGACC	AGGTGCCAGACAG	-
779-AGGGGCGGGACC	KLF13_HUMAN.H11MO.0.D	2	0.0116483	8.95756	0.392421	9	AGGGGCGGGACC	AGGGGGGCGTG	+
779-AGGGGCGGGACC	WT1_HUMAN.H11MO.0.C	9	0.0116516	8.9601	0.392421	11	AGGGGCGGGACC	GGGCGGGGGAGGAGGGGGGG	+
779-AGGGGCGGGACC	ZBTB6_HUMAN.H11MO.0.C	-1	0.0119768	9.21016	0.394604	11	AGGGGCGGGACC	GGTGCTGGAGCCG	+
779-AGGGGCGGGACC	GLIS3_HUMAN.H11MO.0.D	-1	0.0128605	9.88972	0.414704	10	AGGGGCGGGACC	GTGGGGGGTA	+
779-AGGGGCGGGACC	EGR1_HUMAN.H11MO.0.A	6	0.0134113	10.3133	0.423457	11	AGGGGCGGGACC	GAGGGCGTGGGCGGGGG	+
779-AGGGGCGGGACC	ZN341_HUMAN.H11MO.0.C	7	0.0152176	11.7024	0.470684	12	AGGGGCGGGACC	GGGGGGGGGGGGAGGGAAGAGC	+
779-AGGGGCGGGACC	MAZ_HUMAN.H11MO.0.A	0	0.0159493	12.265	0.474372	12	AGGGGCGGGACC	GGGGGAGGGGGGGGGGGGGGGG	+
779-AGGGGCGGGACC	SUH_HUMAN.H11MO.0.A	-1	0.0162797	12.5191	0.474372	11	AGGGGCGGGACC	GGCGTGGGAAA	+
779-AGGGGCGGGACC	KLF15_HUMAN.H11MO.0.A	-1	0.0168737	12.9759	0.474372	11	AGGGGCGGGACC	GGGGAGGAGCAGGGGGGGG	+
779-AGGGGCGGGACC	OSR2_HUMAN.H11MO.0.C	4	0.0168899	12.9884	0.474372	12	AGGGGCGGGACC	CAGCAGAAGCAGCAGC	-
779-AGGGGCGGGACC	ZN816_HUMAN.H11MO.0.C	2	0.0169019	12.9975	0.474372	12	AGGGGCGGGACC	AAAAAAGGGGGACATGCAGGG	+
779-AGGGGCGGGACC	ZN467_HUMAN.H11MO.0.C	4	0.0175103	13.4654	0.482514	12	AGGGGCGGGACC	GGGGAGGGGAGGGGGGGGGGGG	+
780-AGGGGCGGGCG	TBX1_HUMAN.H11MO.0.D	8	2.63689e-05	0.0202777	0.0348835	11	AGGGGCGGGCG	GGGTGGGCAGGGGTGGGCGG	+
780-AGGGGCGGGCG	SP1_HUMAN.H11MO.1.A	1	4.63096e-05	0.0356121	0.0348835	11	AGGGGCGGGCG	GGGGGGCGGGGCCG	+
780-AGGGGCGGGCG	KLF12_HUMAN.H11MO.0.C	0	9.37858e-05	0.0721213	0.0470971	11	AGGGGCGGGCG	AGGGGCGGGGC	+
780-AGGGGCGGGCG	SP2_HUMAN.H11MO.0.A	5	0.00020293	0.156053	0.0728458	11	AGGGGCGGGCG	GGGGGGGGGGCGGGGCCGGGGG	+
780-AGGGGCGGGCG	SP2_HUMAN.H11MO.1.B	1	0.000241767	0.185918	0.0728458	11	AGGGGCGGGCG	AGGGGGCGGGGC	+
780-AGGGGCGGGCG	ZN219_HUMAN.H11MO.0.D	-1	0.00034876	0.268196	0.079542	10	AGGGGCGGGCG	GAGGGGGGCGGA	+
780-AGGGGCGGGCG	MAZ_HUMAN.H11MO.1.A	0	0.000421728	0.324309	0.079542	11	AGGGGCGGGCG	GAGGGAGGGGG	+
780-AGGGGCGGGCG	SP3_HUMAN.H11MO.0.B	4	0.000473114	0.363825	0.079542	11	AGGGGCGGGCG	GGGGGGGGGCGGGGCCGGGG	+
780-AGGGGCGGGCG	SP1_HUMAN.H11MO.0.A	1	0.000527497	0.405645	0.079542	11	AGGGGCGGGCG	GGGGGGCGGGGCCGGGGGGGGG	+
780-AGGGGCGGGCG	E2F4_HUMAN.H11MO.0.A	0	0.000527981	0.406017	0.079542	11	AGGGGCGGGCG	GGGGGCGGGAAAT	+
780-AGGGGCGGGCG	KLF16_HUMAN.H11MO.0.D	0	0.000619416	0.476331	0.0834442	11	AGGGGCGGGCG	GGGGGCGGGGGGGGGGGGG	+
780-AGGGGCGGGCG	TBX15_HUMAN.H11MO.0.D	4	0.000698762	0.537348	0.0834442	11	AGGGGCGGGCG	GGGGGGGGGGGGGTGGGGG	+
780-AGGGGCGGGCG	TFDP1_HUMAN.H11MO.0.C	1	0.000789341	0.607003	0.0834442	11	AGGGGCGGGCG	GGGGGGCGGGAAAA	+
780-AGGGGCGGGCG	SP4_HUMAN.H11MO.1.A	3	0.000828965	0.637474	0.0834442	11	AGGGGCGGGCG	GGAGGGGGCGGGGCCG	+
780-AGGGGCGGGCG	KLF9_HUMAN.H11MO.0.C	-1	0.000844828	0.649672	0.0834442	10	AGGGGCGGGCG	GGAGGGGGCGTGGCC	+
780-AGGGGCGGGCG	ZN740_HUMAN.H11MO.0.D	1	0.000886212	0.681497	0.0834442	11	AGGGGCGGGCG	GGGGGGGGGGTGGG	+
780-AGGGGCGGGCG	E2F6_HUMAN.H11MO.0.A	-1	0.00105895	0.814336	0.0870926	10	AGGGGCGGGCG	GGGGCGGGAAGGG	+
780-AGGGGCGGGCG	KLF13_HUMAN.H11MO.0.D	-2	0.00107696	0.828182	0.0870926	9	AGGGGCGGGCG	AGGGGGGCGTG	+
780-AGGGGCGGGCG	E2F1_HUMAN.H11MO.0.A	1	0.00111437	0.85695	0.0870926	11	AGGGGCGGGCG	GGGGGGCGGGAAAG	+
780-AGGGGCGGGCG	ZBT14_HUMAN.H11MO.0.C	-1	0.0011562	0.889117	0.0870926	9	AGGGGCGGGCG	GGAGCGCGC	+
780-AGGGGCGGGCG	EGR1_HUMAN.H11MO.0.A	2	0.00126712	0.974419	0.0909031	11	AGGGGCGGGCG	GAGGGCGTGGGCGGGGG	+
780-AGGGGCGGGCG	EGR2_HUMAN.H11MO.1.A	1	0.00139204	1.07048	0.09192	11	AGGGGCGGGCG	GGGGCGTGGGCGGGGG	+
780-AGGGGCGGGCG	E2F7_HUMAN.H11MO.0.B	-1	0.00140333	1.07916	0.09192	10	AGGGGCGGGCG	GGGGCGGGAAAGG	+
780-AGGGGCGGGCG	WT1_HUMAN.H11MO.0.C	9	0.00155622	1.19674	0.094908	11	AGGGGCGGGCG	GGGCGGGGGAGGAGGGGGGG	+
780-AGGGGCGGGCG	ZIC1_HUMAN.H11MO.0.B	-1	0.00157494	1.21113	0.094908	9	AGGGGCGGGCG	GGGGTGGTC	+
780-AGGGGCGGGCG	SP4_HUMAN.H11MO.0.A	5	0.00195432	1.50287	0.11324	11	AGGGGCGGGCG	GGGAAGGGGGCGGGGCCGGG	+
780-AGGGGCGGGCG	KLF14_HUMAN.H11MO.0.D	-2	0.00217974	1.67622	0.121624	9	AGGGGCGGGCG	AGGGGGGCGTGGC	+
780-AGGGGCGGGCG	EGR2_HUMAN.H11MO.0.A	4	0.00236594	1.81941	0.127299	11	AGGGGCGGGCG	GGGGGGGTGTGGGAGGGG	+
780-AGGGGCGGGCG	KLF3_HUMAN.H11MO.0.B	4	0.00248583	1.9116	0.128445	11	AGGGGCGGGCG	GGGGAGGGGCGGGGCCGGG	+
780-AGGGGCGGGCG	KLF5_HUMAN.H11MO.0.A	0	0.00255775	1.96691	0.128445	11	AGGGGCGGGCG	AGGGTGGGGCTGGG	+
780-AGGGGCGGGCG	ZN467_HUMAN.H11MO.0.C	4	0.00273319	2.10182	0.132004	11	AGGGGCGGGCG	GGGGAGGGGAGGGGGGGGGGGG	+
780-AGGGGCGGGCG	KLF4_HUMAN.H11MO.0.A	0	0.00282839	2.17503	0.132004	10	AGGGGCGGGCG	AGGGTGTGGC	+
780-AGGGGCGGGCG	ZN148_HUMAN.H11MO.0.D	5	0.0028915	2.22356	0.132004	10	AGGGGCGGGCG	GGGGTGGGGGAGGGG	+
780-AGGGGCGGGCG	ZN281_HUMAN.H11MO.0.A	4	0.00321838	2.47494	0.140785	11	AGGGGCGGGCG	GGGTGGGGGAGGGGA	+
780-AGGGGCGGGCG	KLF6_HUMAN.H11MO.0.A	2	0.00327074	2.5152	0.140785	11	AGGGGCGGGCG	GGAAGGGCGGGGCCGGGGG	+
780-AGGGGCGGGCG	MAZ_HUMAN.H11MO.0.A	0	0.00360247	2.7703	0.150757	11	AGGGGCGGGCG	GGGGGAGGGGGGGGGGGGGGGG	+
780-AGGGGCGGGCG	SALL4_HUMAN.H11MO.0.B	1	0.00372782	2.86669	0.151786	9	AGGGGCGGGCG	GGAGGGTGGG	+
780-AGGGGCGGGCG	PATZ1_HUMAN.H11MO.1.C	0	0.0048115	3.70005	0.189102	9	AGGGGCGGGCG	AGGGAGGGG	+
780-AGGGGCGGGCG	E2F3_HUMAN.H11MO.0.A	-1	0.00493736	3.79683	0.189102	10	AGGGGCGGGCG	AGGGCGGGAAA	+
780-AGGGGCGGGCG	KLF15_HUMAN.H11MO.0.A	4	0.00502086	3.86104	0.189102	11	AGGGGCGGGCG	GGGGAGGAGCAGGGGGGGG	+
780-AGGGGCGGGCG	PURA_HUMAN.H11MO.0.D	3	0.00553037	4.25286	0.20163	11	AGGGGCGGGCG	GGAAGGGGGGGGCAGGG	+
780-AGGGGCGGGCG	KLF1_HUMAN.H11MO.0.A	-1	0.00562115	4.32267	0.20163	10	AGGGGCGGGCG	GGGGCGGGGCCGGG	+
780-AGGGGCGGGCG	MTF1_HUMAN.H11MO.0.C	0	0.00645647	4.96502	0.226207	11	AGGGGCGGGCG	AGTGCCGTGTGCAAAAC	+
780-AGGGGCGGGCG	PATZ1_HUMAN.H11MO.0.C	5	0.00684512	5.26389	0.234373	11	AGGGGCGGGCG	GGGGAGGGGGCGGGGGGGGAGG	+
780-AGGGGCGGGCG	MBD2_HUMAN.H11MO.0.B	-1	0.00908329	6.98505	0.304095	10	AGGGGCGGGCG	CGGGCCGGAGG	+
780-AGGGGCGGGCG	ZIC4_HUMAN.H11MO.0.D	4	0.00994243	7.64573	0.325622	11	AGGGGCGGGCG	GCACAGCGGGGGGTC	+
780-AGGGGCGGGCG	ZN449_HUMAN.H11MO.0.C	-1	0.0105358	8.10203	0.337385	10	AGGGGCGGGCG	TGGTTGGGCTT	+
780-AGGGGCGGGCG	ZN320_HUMAN.H11MO.0.C	9	0.0107495	8.26638	0.337385	11	AGGGGCGGGCG	GTGGGACCAGGGGGCCAGTG	+
780-AGGGGCGGGCG	CTCFL_HUMAN.H11MO.0.A	3	0.011789	9.06575	0.36246	11	AGGGGCGGGCG	GCCGCCAGGGGGCGCCG	+
780-AGGGGCGGGCG	EGR3_HUMAN.H11MO.0.D	-1	0.0122005	9.38218	0.367609	10	AGGGGCGGGCG	AGAGTGGGTGT	+
780-AGGGGCGGGCG	ZN770_HUMAN.H11MO.0.C	7	0.0126344	9.71584	0.373218	11	AGGGGCGGGCG	GGGAGGCTGAGGCGGGAGGATC	+
780-AGGGGCGGGCG	GLIS3_HUMAN.H11MO.0.D	-1	0.0144346	11.1002	0.418197	10	AGGGGCGGGCG	GTGGGGGGTA	+
780-AGGGGCGGGCG	EGR4_HUMAN.H11MO.0.D	0	0.0147984	11.3799	0.419379	11	AGGGGCGGGCG	GGCGGCAGGGC	+
780-AGGGGCGGGCG	VEZF1_HUMAN.H11MO.1.C	1	0.0150322	11.5597	0.419379	11	AGGGGCGGGCG	AGGGGGAGGGGG	+
780-AGGGGCGGGCG	GLI1_HUMAN.H11MO.0.D	1	0.0181446	13.9532	0.497008	11	AGGGGCGGGCG	CCTGGGTGGTCT	+
782-AGTGGGGCSCC	PLAL1_HUMAN.H11MO.0.D	0	0.000235748	0.18129	0.36258	10	AGTGGGGCCCC	CGGGGGGCCC	+
785-ATTCCGGGG	ZF64A_HUMAN.H11MO.0.D	3	0.000264873	0.203687	0.30375	9	ATTCCGGGG	CAGGTTCCCGGGCCCC	-
785-ATTCCGGGG	TEAD2_HUMAN.H11MO.0.D	4	0.000493506	0.379506	0.30375	8	ATTCCGGGG	CCACATTCCAGG	+
785-ATTCCGGGG	MECP2_HUMAN.H11MO.0.C	-1	0.000593385	0.456313	0.30375	7	ATTCCGGGG	CTCCGGG	-
785-ATTCCGGGG	ELK4_HUMAN.H11MO.0.A	3	0.00123084	0.946514	0.403971	9	ATTCCGGGG	CCACTTCCGGTC	-
785-ATTCCGGGG	TEAD4_HUMAN.H11MO.0.A	2	0.00131529	1.01146	0.403971	9	ATTCCGGGG	ACATTCCTGGCAT	+
785-ATTCCGGGG	TEAD1_HUMAN.H11MO.0.A	2	0.00179141	1.37759	0.458505	9	ATTCCGGGG	ACATTCCAGCCA	+
786-ATTTTTAC	HXC13_HUMAN.H11MO.0.D	0	9.12168e-05	0.0701457	0.138888	8	ATTTTTAC	ATTTTTACGAG	+
786-ATTTTTAC	ZN586_HUMAN.H11MO.0.C	1	0.000203455	0.156457	0.143142	8	ATTTTTAC	CATTTTTTCCTCCTAGGCCT	-
786-ATTTTTAC	FOXD1_HUMAN.H11MO.0.D	2	0.000435661	0.335023	0.143142	8	ATTTTTAC	CTTTGTTTACTTAAG	+
786-ATTTTTAC	MEF2D_HUMAN.H11MO.0.A	4	0.000474797	0.365119	0.143142	8	ATTTTTAC	TGCTATTTTTAG	+
786-ATTTTTAC	FOXB1_HUMAN.H11MO.0.D	4	0.000540993	0.416023	0.143142	8	ATTTTTAC	GTCAATATTTACATAAC	+
786-ATTTTTAC	MEF2C_HUMAN.H11MO.0.A	4	0.000564065	0.433766	0.143142	8	ATTTTTAC	TGCTATTTTTAGC	+
786-ATTTTTAC	MEF2A_HUMAN.H11MO.0.A	4	0.000705035	0.542172	0.153356	8	ATTTTTAC	TTCTATTTTTAGC	+
786-ATTTTTAC	MEF2B_HUMAN.H11MO.0.A	6	0.00156154	1.20082	0.288599	8	ATTTTTAC	GTTGCTATTTTTGG	+
786-ATTTTTAC	ONEC3_HUMAN.H11MO.0.D	5	0.0019905	1.5307	0.288599	7	ATTTTTAC	TATTGATTTTTT	+
786-ATTTTTAC	FOXO6_HUMAN.H11MO.0.D	3	0.00205151	1.57761	0.288599	8	ATTTTTAC	AACTTGTTTACGT	+
786-ATTTTTAC	FOXA3_HUMAN.H11MO.0.B	1	0.00268854	2.06749	0.288599	8	ATTTTTAC	CTTGTTTACTTTG	+
786-ATTTTTAC	HXD12_HUMAN.H11MO.0.D	0	0.00297246	2.28582	0.288599	8	ATTTTTAC	AATTTTATTAC	+
786-ATTTTTAC	SOX5_HUMAN.H11MO.0.C	1	0.00303002	2.33008	0.288599	7	ATTTTTAC	TATTGTTA	+
786-ATTTTTAC	FOXP2_HUMAN.H11MO.0.C	0	0.00303649	2.33506	0.288599	8	ATTTTTAC	CTGTTTACA	+
786-ATTTTTAC	NFAC3_HUMAN.H11MO.0.B	0	0.00303649	2.33506	0.288599	8	ATTTTTAC	AGTTTTCCA	-
786-ATTTTTAC	HXA11_HUMAN.H11MO.0.D	3	0.00307096	2.36156	0.288599	8	ATTTTTAC	TAAAATTTTATGA	+
786-ATTTTTAC	FOXO3_HUMAN.H11MO.0.B	1	0.00322222	2.47789	0.288599	8	ATTTTTAC	CTTGTTTACA	+
786-ATTTTTAC	HXC11_HUMAN.H11MO.0.D	-1	0.00384386	2.95593	0.297906	7	ATTTTTAC	TTTTTACGACC	+
786-ATTTTTAC	NFAC2_HUMAN.H11MO.0.B	0	0.00390478	3.00278	0.297906	8	ATTTTTAC	AATTTTCCA	-
786-ATTTTTAC	FOXF2_HUMAN.H11MO.0.D	-1	0.00409514	3.14917	0.297906	7	ATTTTTAC	TGTTTACTTTT	+
786-ATTTTTAC	HXC12_HUMAN.H11MO.0.D	-1	0.00410875	3.15963	0.297906	7	ATTTTTAC	TTTTTATGACCT	+
786-ATTTTTAC	FOXA2_HUMAN.H11MO.0.A	-1	0.00466458	3.58706	0.322834	7	ATTTTTAC	TGTTTACTTAGC	+
786-ATTTTTAC	FOXA1_HUMAN.H11MO.0.A	-1	0.00496731	3.81986	0.328838	7	ATTTTTAC	TGTTTACTTTGG	+
786-ATTTTTAC	MGAP_HUMAN.H11MO.0.D	8	0.00617437	4.74809	0.382694	8	ATTTTTAC	AGGTGTGAATTTTCAC	+
786-ATTTTTAC	FOXC1_HUMAN.H11MO.0.C	2	0.00628351	4.83202	0.382694	8	ATTTTTAC	CGTTGTTTACTTAAG	+
786-ATTTTTAC	FOXD2_HUMAN.H11MO.0.D	8	0.00667939	5.13645	0.391159	8	ATTTTTAC	TTAAATAAATATTTACATA	-
786-ATTTTTAC	ZN384_HUMAN.H11MO.0.C	4	0.00718998	5.52909	0.405465	8	ATTTTTAC	CCGATTTTTTCC	-
786-ATTTTTAC	NR2E3_HUMAN.H11MO.0.C	3	0.00759156	5.83791	0.412822	8	ATTTTTAC	TGACTTTTGACTTT	-
786-ATTTTTAC	FOXJ3_HUMAN.H11MO.0.A	6	0.00794016	6.10599	0.41689	7	ATTTTTAC	TTGTTTATTTTTT	+
787-CAAGGGGAC	ZN816_HUMAN.H11MO.1.C	0	0.000410218	0.315457	0.401463	9	CAAGGGGAC	AAGGGGGACATGCA	+
787-CAAGGGGAC	ZN816_HUMAN.H11MO.0.C	4	0.000522847	0.40207	0.401463	9	CAAGGGGAC	AAAAAAGGGGGACATGCAGGG	+
788-CAGAGGGCGCGC	CTCFL_HUMAN.H11MO.0.A	5	5.89502e-05	0.0453327	0.0877068	12	CAGAGGGCGCGC	GCCGCCAGGGGGCGCCG	+
788-CAGAGGGCGCGC	ZBT14_HUMAN.H11MO.0.C	-3	0.000114702	0.0882061	0.0877068	9	CAGAGGGCGCGC	GGAGCGCGC	+
788-CAGAGGGCGCGC	CTCF_HUMAN.H11MO.0.A	7	0.000285119	0.219256	0.145343	12	CAGAGGGCGCGC	TGGCCACCAGGGGGCGCCA	+
788-CAGAGGGCGCGC	KLF13_HUMAN.H11MO.0.D	0	0.000913278	0.702311	0.349167	11	CAGAGGGCGCGC	AGGGGGGCGTG	+
788-CAGAGGGCGCGC	KLF9_HUMAN.H11MO.0.C	1	0.00162086	1.24644	0.354759	12	CAGAGGGCGCGC	GGAGGGGGCGTGGCC	+
788-CAGAGGGCGCGC	KLF14_HUMAN.H11MO.0.D	0	0.00162383	1.24873	0.354759	12	CAGAGGGCGCGC	AGGGGGGCGTGGC	+
789-CAGGTGTTC	MESP1_HUMAN.H11MO.0.D	1	3.36322e-05	0.0258632	0.0251548	9	CAGGTGTTC	GCAGGTGTGGA	+
789-CAGGTGTTC	FIGLA_HUMAN.H11MO.0.D	3	3.36322e-05	0.0258632	0.0251548	8	CAGGTGTTC	TAACAGGTGTT	+
789-CAGGTGTTC	ID4_HUMAN.H11MO.0.D	2	6.80541e-05	0.0523336	0.0339335	9	CAGGTGTTC	GACAGGTGTAA	+
789-CAGGTGTTC	SNAI1_HUMAN.H11MO.0.C	1	0.000192249	0.14784	0.0718953	7	CAGGTGTTC	CCAGGTGG	+
789-CAGGTGTTC	ZSC16_HUMAN.H11MO.0.D	0	0.000252193	0.193937	0.07545	9	CAGGTGTTC	GAGGTGTTCTGTTAACACTA	+
789-CAGGTGTTC	SCRT1_HUMAN.H11MO.0.D	4	0.000462398	0.355584	0.115282	9	CAGGTGTTC	GCAACAGGTGGTT	+
789-CAGGTGTTC	ZBT18_HUMAN.H11MO.0.C	2	0.000707875	0.544356	0.142083	9	CAGGTGTTC	TCCAGATGTGG	+
789-CAGGTGTTC	SNAI2_HUMAN.H11MO.0.A	2	0.000759866	0.584337	0.142083	8	CAGGTGTTC	GGCAGGTGCA	+
789-CAGGTGTTC	MYF6_HUMAN.H11MO.0.C	1	0.00113644	0.873925	0.188886	6	CAGGTGTTC	GCAGCTG	-
789-CAGGTGTTC	TFAP4_HUMAN.H11MO.0.A	1	0.00153091	1.17727	0.212287	9	CAGGTGTTC	CCAGCTGTTT	+
789-CAGGTGTTC	MEIS2_HUMAN.H11MO.0.B	4	0.00161069	1.23862	0.212287	9	CAGGTGTTC	TTGACAGCTGTCA	+
789-CAGGTGTTC	BHA15_HUMAN.H11MO.0.B	1	0.00183682	1.41252	0.212287	9	CAGGTGTTC	CCAGCTGCTGC	-
789-CAGGTGTTC	ASCL1_HUMAN.H11MO.0.A	5	0.00201629	1.55053	0.212287	9	CAGGTGTTC	GGGAGCAGGTGCAG	-
789-CAGGTGTTC	MYC_HUMAN.H11MO.0.A	2	0.00234541	1.80362	0.212287	9	CAGGTGTTC	GCCACGTGCTC	+
789-CAGGTGTTC	HTF4_HUMAN.H11MO.0.A	2	0.00235141	1.80823	0.212287	8	CAGGTGTTC	TGCAGCTGTG	+
789-CAGGTGTTC	ZEB1_HUMAN.H11MO.0.A	2	0.00235141	1.80823	0.212287	8	CAGGTGTTC	GACAGGTGAG	+
789-CAGGTGTTC	MXI1_HUMAN.H11MO.1.A	2	0.00249155	1.916	0.212287	9	CAGGTGTTC	CCCACGTGCTC	+
789-CAGGTGTTC	TAL1_HUMAN.H11MO.1.A	7	0.00278911	2.14482	0.212287	8	CAGGTGTTC	CAGGAAGCAGATGTG	+
789-CAGGTGTTC	SCRT2_HUMAN.H11MO.0.D	6	0.00280772	2.15914	0.212287	7	CAGGTGTTC	ATGCAACAGGTGG	+
789-CAGGTGTTC	ZN341_HUMAN.H11MO.1.C	-1	0.00283829	2.18265	0.212287	8	CAGGTGTTC	GGCTGTTCC	-
789-CAGGTGTTC	TBX5_HUMAN.H11MO.0.D	-1	0.00308697	2.37388	0.21556	8	CAGGTGTTC	AGGTGTGA	+
789-CAGGTGTTC	ITF2_HUMAN.H11MO.0.C	2	0.00317026	2.43793	0.21556	8	CAGGTGTTC	GGCAGCTGGG	+
789-CAGGTGTTC	MLX_HUMAN.H11MO.0.D	1	0.00356142	2.73873	0.217913	9	CAGGTGTTC	GCACGTGATCA	-
789-CAGGTGTTC	ASCL2_HUMAN.H11MO.0.D	2	0.00359901	2.76764	0.217913	7	CAGGTGTTC	AGCAGCTGG	-
789-CAGGTGTTC	TGIF2_HUMAN.H11MO.0.D	4	0.00377651	2.90414	0.217913	7	CAGGTGTTC	ATGACAGCTGT	+
789-CAGGTGTTC	MYOG_HUMAN.H11MO.0.B	3	0.00378758	2.91265	0.217913	9	CAGGTGTTC	CCGCAGCTGTCCC	+
789-CAGGTGTTC	TFE2_HUMAN.H11MO.0.A	3	0.00400355	3.07873	0.221808	8	CAGGTGTTC	CTGCAGCTGTG	-
789-CAGGTGTTC	MYOD1_HUMAN.H11MO.1.A	3	0.00424312	3.26296	0.226685	8	CAGGTGTTC	CTGCAGCTGTC	+
789-CAGGTGTTC	MAX_HUMAN.H11MO.0.A	1	0.00504325	3.87826	0.251469	9	CAGGTGTTC	CCACGTGCTC	-
789-CAGGTGTTC	TWST1_HUMAN.H11MO.1.A	2	0.00504325	3.87826	0.251469	8	CAGGTGTTC	ACCAGATGTG	-
789-CAGGTGTTC	BMAL1_HUMAN.H11MO.0.A	2	0.0053394	4.106	0.257648	9	CAGGTGTTC	GCCACGTGACT	+
789-CAGGTGTTC	MYOD1_HUMAN.H11MO.0.A	1	0.0057113	4.39199	0.264749	9	CAGGTGTTC	GCAGCTGTTCCTGCC	+
789-CAGGTGTTC	TBX4_HUMAN.H11MO.0.D	0	0.00584054	4.49138	0.264749	9	CAGGTGTTC	AAGGTGTGAAATTTCACACC	+
789-CAGGTGTTC	HEN1_HUMAN.H11MO.0.C	7	0.00784142	6.03005	0.33708	9	CAGGTGTTC	AGGGACGCAGCTGCTCCCCA	-
789-CAGGTGTTC	EOMES_HUMAN.H11MO.0.D	2	0.00788688	6.06501	0.33708	9	CAGGTGTTC	AGGAGGTGTTAA	+
789-CAGGTGTTC	MYCN_HUMAN.H11MO.0.A	3	0.00833568	6.41014	0.342405	9	CAGGTGTTC	GGCCACGTGGGC	+
789-CAGGTGTTC	PTF1A_HUMAN.H11MO.1.B	2	0.00846927	6.51287	0.342405	7	CAGGTGTTC	AGCAGCTGG	+
789-CAGGTGTTC	TBR1_HUMAN.H11MO.0.D	1	0.00893832	6.87357	0.342836	9	CAGGTGTTC	AAAGGTGTGAAAA	+
789-CAGGTGTTC	BHE40_HUMAN.H11MO.0.A	2	0.00930057	7.15214	0.347813	8	CAGGTGTTC	GTCACGTGCC	-
789-CAGGTGTTC	NDF1_HUMAN.H11MO.0.A	2	0.0115405	8.87467	0.399791	8	CAGGTGTTC	GACAGATGGT	+
789-CAGGTGTTC	TF2LX_HUMAN.H11MO.0.D	2	0.0118877	9.14165	0.399791	9	CAGGTGTTC	GACAGCTGTCATAGT	-
789-CAGGTGTTC	ZIC2_HUMAN.H11MO.0.D	6	0.0125539	9.65394	0.399791	9	CAGGTGTTC	TCACAGCAGGGGGCC	-
789-CAGGTGTTC	ZIC3_HUMAN.H11MO.0.B	6	0.0125539	9.65394	0.399791	9	CAGGTGTTC	TCACAGCAGGGGGCC	-
789-CAGGTGTTC	OLIG2_HUMAN.H11MO.0.B	1	0.0130958	10.0707	0.399791	9	CAGGTGTTC	CCAGCTGTTTCCCTTCTG	+
789-CAGGTGTTC	PTF1A_HUMAN.H11MO.0.B	1	0.0130958	10.0707	0.399791	9	CAGGTGTTC	CCAGCTGCCCCCTTTCCC	+
789-CAGGTGTTC	MITF_HUMAN.H11MO.0.A	1	0.0135402	10.4124	0.405089	9	CAGGTGTTC	TCACGTGACC	+
789-CAGGTGTTC	HEY1_HUMAN.H11MO.0.D	3	0.0142992	10.9961	0.411343	9	CAGGTGTTC	CGACACGTGCCA	-
789-CAGGTGTTC	ANDR_HUMAN.H11MO.2.A	-1	0.0142992	10.9961	0.411343	8	CAGGTGTTC	CTCTGTTCTTTT	+
789-CAGGTGTTC	TFE3_HUMAN.H11MO.0.B	1	0.0150472	11.5713	0.424693	9	CAGGTGTTC	TCACGTGACC	-
789-CAGGTGTTC	OLIG2_HUMAN.H11MO.1.B	1	0.0158573	12.1943	0.439269	9	CAGGTGTTC	CCATCTGTTT	+
789-CAGGTGTTC	USF1_HUMAN.H11MO.0.A	3	0.0176256	13.5541	0.462558	9	CAGGTGTTC	GGTCACGTGACC	+
789-CAGGTGTTC	ATOH1_HUMAN.H11MO.0.B	2	0.0189983	14.6097	0.489985	7	CAGGTGTTC	AGCAGATGG	+
789-CAGGTGTTC	MGAP_HUMAN.H11MO.0.D	-1	0.0194296	14.9413	0.492614	8	CAGGTGTTC	AGGTGTGAATTTTCAC	+
789-CAGGTGTTC	ZN524_HUMAN.H11MO.0.D	5	0.0212855	16.3685	0.494855	9	CAGGTGTTC	GGGTTCGAGGGTTCGAGT	+
789-CAGGTGTTC	GLI3_HUMAN.H11MO.0.B	1	0.0216143	16.6214	0.494855	9	CAGGTGTTC	CTGGGTGGTCC	+
789-CAGGTGTTC	TBX3_HUMAN.H11MO.0.C	1	0.0216143	16.6214	0.494855	9	CAGGTGTTC	GGAGGTGGGAA	+
789-CAGGTGTTC	NGN2_HUMAN.H11MO.0.D	2	0.0216496	16.6485	0.494855	9	CAGGTGTTC	GCCATCTGCTCC	-
789-CAGGTGTTC	OLIG3_HUMAN.H11MO.0.D	2	0.0227391	17.4863	0.494855	9	CAGGTGTTC	ACCATATGTTT	+
789-CAGGTGTTC	ZN708_HUMAN.H11MO.1.D	-2	0.0233506	17.9566	0.494855	7	CAGGTGTTC	GCTGTACCT	-
789-CAGGTGTTC	TFEB_HUMAN.H11MO.0.C	0	0.0245709	18.8951	0.494855	9	CAGGTGTTC	CACGTGACC	-
789-CAGGTGTTC	ZN317_HUMAN.H11MO.0.C	8	0.0250757	19.2832	0.494855	9	CAGGTGTTC	TGAGAAGTCAGCTGTCATTC	-
789-CAGGTGTTC	TWST1_HUMAN.H11MO.0.A	10	0.0251736	19.3585	0.494855	7	CAGGTGTTC	TAATTAAAACCAGATGT	-
789-CAGGTGTTC	CLOCK_HUMAN.H11MO.0.C	4	0.0255325	19.6345	0.494855	9	CAGGTGTTC	TGTTCACGTGTCTG	-
789-CAGGTGTTC	NDF2_HUMAN.H11MO.0.B	2	0.0258484	19.8774	0.494855	7	CAGGTGTTC	AACAGATGG	+
789-CAGGTGTTC	USF2_HUMAN.H11MO.0.A	4	0.0271125	20.8495	0.494855	9	CAGGTGTTC	GGGTCACGTGGCCGCGGCG	+
789-CAGGTGTTC	MXI1_HUMAN.H11MO.0.A	8	0.0275728	21.2035	0.494855	7	CAGGTGTTC	CCCGCCGCCACGTGC	-
789-CAGGTGTTC	LYL1_HUMAN.H11MO.0.A	1	0.028242	21.7181	0.497018	9	CAGGTGTTC	CCAGCTGTTTCCTG	+
792-CCCCTCACAA	GLIS1_HUMAN.H11MO.0.D	3	6.87678e-05	0.0528825	0.105765	10	CCCCTCACAA	AGACCCCCCACGA	-
792-CCCCTCACAA	INSM1_HUMAN.H11MO.0.C	3	0.0001529	0.11758	0.11758	9	CCCCTCACAA	TGCCCCCTGACA	-
792-CCCCTCACAA	PATZ1_HUMAN.H11MO.1.C	0	0.00114944	0.883919	0.464919	9	CCCCTCACAA	CCCCTCCCT	-
792-CCCCTCACAA	MAZ_HUMAN.H11MO.1.A	1	0.00169012	1.2997	0.464919	10	CCCCTCACAA	CCCCCTCCCTC	-
792-CCCCTCACAA	GLIS2_HUMAN.H11MO.0.D	2	0.00179015	1.37663	0.464919	10	CCCCTCACAA	GACCCCCCGCGAAG	-
792-CCCCTCACAA	GLIS3_HUMAN.H11MO.0.D	2	0.00181373	1.39476	0.464919	8	CCCCTCACAA	TACCCCCCAC	-
793-CCCCTGCCCTC	TBX1_HUMAN.H11MO.0.D	7	1.27139e-06	0.000977696	0.0018647	11	CCCCTGCCCTC	CCGCCCACCCCTGCCCACCC	-
793-CCCCTGCCCTC	ZBTB4_HUMAN.H11MO.0.D	2	5.88491e-05	0.0452549	0.043156	11	CCCCTGCCCTC	CCCACCTGCCATCTAGG	-
793-CCCCTGCCCTC	MAZ_HUMAN.H11MO.1.A	0	0.000157696	0.121268	0.0592064	11	CCCCTGCCCTC	CCCCCTCCCTC	-
793-CCCCTGCCCTC	RARA_HUMAN.H11MO.1.A	-1	0.000161472	0.124172	0.0592064	10	CCCCTGCCCTC	CCCTGACCTT	-
793-CCCCTGCCCTC	ZSC22_HUMAN.H11MO.0.C	0	0.000206141	0.158522	0.0604679	11	CCCCTGCCCTC	CCTCCTCCCTCAGACC	-
793-CCCCTGCCCTC	EGR4_HUMAN.H11MO.0.D	0	0.000277418	0.213335	0.0678133	11	CCCCTGCCCTC	GCCCTGCCGCC	-
793-CCCCTGCCCTC	COT1_HUMAN.H11MO.1.C	-1	0.000373656	0.287341	0.0765272	10	CCCCTGCCCTC	CCCTGACCTCTGC	-
793-CCCCTGCCCTC	SP1_HUMAN.H11MO.1.A	2	0.000417421	0.320997	0.0765272	11	CCCCTGCCCTC	CGGCCCCGCCCCCC	-
793-CCCCTGCCCTC	ZN281_HUMAN.H11MO.0.A	1	0.000503981	0.387562	0.0821303	11	CCCCTGCCCTC	TCCCCTCCCCCACCC	-
793-CCCCTGCCCTC	COT1_HUMAN.H11MO.0.C	-1	0.00080932	0.622367	0.108982	10	CCCCTGCCCTC	CCCTGACCTCTGACCCC	-
793-CCCCTGCCCTC	KLF12_HUMAN.H11MO.0.C	0	0.000817362	0.628551	0.108982	11	CCCCTGCCCTC	GCCCCGCCCCT	-
793-CCCCTGCCCTC	PATZ1_HUMAN.H11MO.1.C	0	0.00102555	0.788647	0.112065	9	CCCCTGCCCTC	CCCCTCCCT	-
793-CCCCTGCCCTC	KLF16_HUMAN.H11MO.0.D	4	0.00107691	0.828147	0.112065	11	CCCCTGCCCTC	CCCCCCCCCCCCCGCCCCC	-
793-CCCCTGCCCTC	ZN467_HUMAN.H11MO.0.C	8	0.00117738	0.905409	0.112065	11	CCCCTGCCCTC	CCCCCCCCCCCCTCCCCTCCCC	-
793-CCCCTGCCCTC	RARG_HUMAN.H11MO.1.B	-3	0.00119264	0.917144	0.112065	8	CCCCTGCCCTC	CTGACCTC	-
793-CCCCTGCCCTC	RARB_HUMAN.H11MO.0.D	0	0.00122253	0.940122	0.112065	11	CCCCTGCCCTC	GCCCTGACCTC	-
793-CCCCTGCCCTC	COT2_HUMAN.H11MO.0.A	0	0.00142725	1.09755	0.121305	11	CCCCTGCCCTC	CCTCTGACCTTTG	-
793-CCCCTGCCCTC	SP1_HUMAN.H11MO.0.A	10	0.00148875	1.14485	0.121305	11	CCCCTGCCCTC	CCCCCCCCCGGCCCCGCCCCCC	-
793-CCCCTGCCCTC	SP2_HUMAN.H11MO.1.B	0	0.00178302	1.37115	0.132027	11	CCCCTGCCCTC	GCCCCGCCCCCT	-
793-CCCCTGCCCTC	ZN148_HUMAN.H11MO.0.D	0	0.00190429	1.4644	0.132027	11	CCCCTGCCCTC	CCCCTCCCCCACCCC	-
793-CCCCTGCCCTC	SP4_HUMAN.H11MO.1.A	3	0.00198587	1.52713	0.132027	11	CCCCTGCCCTC	CGGCCCCGCCCCCTCC	-
793-CCCCTGCCCTC	WT1_HUMAN.H11MO.0.C	1	0.00223024	1.71505	0.132027	11	CCCCTGCCCTC	CCCCCCCTCCTCCCCCGCCC	-
793-CCCCTGCCCTC	ZN320_HUMAN.H11MO.0.C	7	0.00223024	1.71505	0.132027	11	CCCCTGCCCTC	CACTGGCCCCCTGGTCCCAC	-
793-CCCCTGCCCTC	PPARA_HUMAN.H11MO.1.B	-3	0.00228617	1.75806	0.132027	8	CCCCTGCCCTC	CTGACCTTT	-
793-CCCCTGCCCTC	SP2_HUMAN.H11MO.0.A	6	0.00235564	1.81149	0.132027	11	CCCCTGCCCTC	CCCCCGGCCCCGCCCCCCCCCC	-
793-CCCCTGCCCTC	SP3_HUMAN.H11MO.0.B	5	0.00235901	1.81408	0.132027	11	CCCCTGCCCTC	CCCCGGCCCCGCCCCCCCCC	-
793-CCCCTGCCCTC	ASCL1_HUMAN.H11MO.0.A	3	0.00260668	2.00453	0.132027	11	CCCCTGCCCTC	CTGCACCTGCTCCC	+
793-CCCCTGCCCTC	ZN219_HUMAN.H11MO.0.D	1	0.00261002	2.0071	0.132027	11	CCCCTGCCCTC	TCCGCCCCCCTC	-
793-CCCCTGCCCTC	RORA_HUMAN.H11MO.0.C	-1	0.00261053	2.0075	0.132027	10	CCCCTGCCCTC	CCCTGACCTAGTT	-
793-CCCCTGCCCTC	RXRA_HUMAN.H11MO.0.A	-1	0.00278821	2.14414	0.136313	10	CCCCTGCCCTC	CTCTGACCTCTGCCTCCCCC	-
793-CCCCTGCCCTC	INSM1_HUMAN.H11MO.0.C	3	0.00323146	2.48499	0.152886	9	CCCCTGCCCTC	TGCCCCCTGACA	-
793-CCCCTGCCCTC	KLF6_HUMAN.H11MO.0.A	7	0.00352435	2.71022	0.159231	11	CCCCTGCCCTC	CCCCCGGCCCCGCCCTTCC	-
793-CCCCTGCCCTC	PURA_HUMAN.H11MO.0.D	-1	0.00390651	3.0041	0.159231	10	CCCCTGCCCTC	CCCTGCCCCCCCCTTCC	-
793-CCCCTGCCCTC	KLF15_HUMAN.H11MO.0.A	5	0.00392694	3.01981	0.159231	11	CCCCTGCCCTC	CCCCCCCCTGCTCCTCCCC	-
793-CCCCTGCCCTC	KLF3_HUMAN.H11MO.0.B	4	0.00392694	3.01981	0.159231	11	CCCCTGCCCTC	CCCGGCCCCGCCCCTCCCC	-
793-CCCCTGCCCTC	RXRB_HUMAN.H11MO.0.C	-2	0.00399128	3.0693	0.159231	9	CCCCTGCCCTC	TGTGACCTCA	-
793-CCCCTGCCCTC	ESR2_HUMAN.H11MO.1.A	-3	0.00402364	3.09418	0.159231	7	CCCCTGCCCTC	GTGACCT	-
793-CCCCTGCCCTC	NR1H3_HUMAN.H11MO.1.B	-2	0.00421543	3.24166	0.159231	9	CCCCTGCCCTC	TCTGACCTTT	-
793-CCCCTGCCCTC	EGR1_HUMAN.H11MO.0.A	0	0.00434487	3.3412	0.159231	11	CCCCTGCCCTC	CCCCCGCCCACGCCCTC	-
793-CCCCTGCCCTC	TBX15_HUMAN.H11MO.0.D	6	0.00437196	3.36204	0.159231	11	CCCCTGCCCTC	CCCCCACCCCCCCCCCCCC	-
793-CCCCTGCCCTC	SALL4_HUMAN.H11MO.0.B	-1	0.00445124	3.42301	0.159231	10	CCCCTGCCCTC	CCCACCCTCC	-
793-CCCCTGCCCTC	COT2_HUMAN.H11MO.1.A	-1	0.0045808	3.52263	0.159964	10	CCCCTGCCCTC	CCCTGACCTTTGACCCC	-
793-CCCCTGCCCTC	MAZ_HUMAN.H11MO.0.A	7	0.0048244	3.70996	0.160953	11	CCCCTGCCCTC	CCCCCCCCCCCCCCCCTCCCCC	-
793-CCCCTGCCCTC	PPARG_HUMAN.H11MO.0.A	3	0.00482858	3.71318	0.160953	11	CCCCTGCCCTC	TGACCTTTGCCCCACTT	-
793-CCCCTGCCCTC	VEZF1_HUMAN.H11MO.1.C	1	0.00517001	3.97573	0.163181	11	CCCCTGCCCTC	CCCCCTCCCCCT	-
793-CCCCTGCCCTC	E2F4_HUMAN.H11MO.0.A	2	0.00517202	3.97728	0.163181	11	CCCCTGCCCTC	ATTTCCCGCCCCC	-
793-CCCCTGCCCTC	EGR2_HUMAN.H11MO.1.A	0	0.00522921	4.02126	0.163181	11	CCCCTGCCCTC	CCCCCGCCCACGCCCC	-
793-CCCCTGCCCTC	KLF4_HUMAN.H11MO.0.A	0	0.00582572	4.47998	0.177677	10	CCCCTGCCCTC	GCCACACCCT	-
793-CCCCTGCCCTC	RARA_HUMAN.H11MO.0.A	-1	0.00593603	4.56481	0.177677	10	CCCCTGCCCTC	CCTTGACCTCTTGATCCCCC	-
793-CCCCTGCCCTC	VDR_HUMAN.H11MO.0.A	5	0.00642863	4.94362	0.187575	11	CCCCTGCCCTC	TGAACCCACTGACCCC	-
793-CCCCTGCCCTC	NR1H4_HUMAN.H11MO.1.B	-2	0.00652248	5.01579	0.187575	8	CCCCTGCCCTC	ACTGACCT	-
793-CCCCTGCCCTC	PPARD_HUMAN.H11MO.0.D	3	0.00668407	5.14005	0.188525	11	CCCCTGCCCTC	TGACCTTTGTCCTA	-
793-CCCCTGCCCTC	MYF6_HUMAN.H11MO.0.C	0	0.00724024	5.56774	0.198622	7	CCCCTGCCCTC	CAGCTGC	+
793-CCCCTGCCCTC	SP4_HUMAN.H11MO.0.A	4	0.00731289	5.62362	0.198622	11	CCCCTGCCCTC	CCCGGCCCCGCCCCCTTCCC	-
793-CCCCTGCCCTC	KLF14_HUMAN.H11MO.0.D	0	0.00815439	6.27073	0.207007	11	CCCCTGCCCTC	GCCACGCCCCCCT	-
793-CCCCTGCCCTC	VEZF1_HUMAN.H11MO.0.C	6	0.0081779	6.2888	0.207007	11	CCCCTGCCCTC	CCCCTCCCCCTCCCCCCTCCCC	-
793-CCCCTGCCCTC	ZSC31_HUMAN.H11MO.0.C	2	0.00818565	6.29477	0.207007	11	CCCCTGCCCTC	CATAACTGCCCTGCTGCC	-
793-CCCCTGCCCTC	ZBT17_HUMAN.H11MO.0.A	2	0.0081862	6.29519	0.207007	11	CCCCTGCCCTC	CTTCCCCTCCCCCACCCTC	-
793-CCCCTGCCCTC	RXRA_HUMAN.H11MO.1.A	-3	0.00841761	6.47314	0.209251	8	CCCCTGCCCTC	CTGACCTCTG	-
793-CCCCTGCCCTC	ZN257_HUMAN.H11MO.0.C	0	0.00856987	6.59023	0.209486	11	CCCCTGCCCTC	GCTCTTGCCTCT	+
793-CCCCTGCCCTC	ESR2_HUMAN.H11MO.0.A	5	0.00875605	6.7334	0.210528	10	CCCCTGCCCTC	AGGTCACCCTGACCT	+
793-CCCCTGCCCTC	TFDP1_HUMAN.H11MO.0.C	2	0.00902703	6.94179	0.212127	11	CCCCTGCCCTC	TTTTCCCGCCCCCC	-
793-CCCCTGCCCTC	TAF1_HUMAN.H11MO.0.A	3	0.00915905	7.04331	0.212127	11	CCCCTGCCCTC	CCGCCGCCGCCATCTT	-
793-CCCCTGCCCTC	ID4_HUMAN.H11MO.0.D	3	0.00925644	7.1182	0.212127	8	CCCCTGCCCTC	TTACACCTGTC	-
793-CCCCTGCCCTC	PPARA_HUMAN.H11MO.0.B	3	0.00940782	7.23462	0.212279	11	CCCCTGCCCTC	TGACCTTTGCCCCAGTT	-
793-CCCCTGCCCTC	KLF1_HUMAN.H11MO.0.A	4	0.00996358	7.66199	0.221413	10	CCCCTGCCCTC	CCCGGCCCCGCCCC	-
793-CCCCTGCCCTC	SNAI2_HUMAN.H11MO.0.A	2	0.0103404	7.95175	0.226357	8	CCCCTGCCCTC	TGCACCTGCC	-
793-CCCCTGCCCTC	NR1H4_HUMAN.H11MO.0.B	8	0.0105417	8.1066	0.227371	11	CCCCTGCCCTC	CCTCGGGGTCATTGACCCC	-
793-CCCCTGCCCTC	AP2B_HUMAN.H11MO.0.B	2	0.0120395	9.25837	0.252256	8	CCCCTGCCCTC	GCCCCCGGGC	-
793-CCCCTGCCCTC	THA_HUMAN.H11MO.1.D	-3	0.0120395	9.25837	0.252256	8	CCCCTGCCCTC	CTGACCTGAG	-
793-CCCCTGCCCTC	PATZ1_HUMAN.H11MO.0.C	6	0.0122927	9.45308	0.253933	11	CCCCTGCCCTC	CCTCCCCCCCCGCCCCCTCCCC	-
793-CCCCTGCCCTC	CTCFL_HUMAN.H11MO.0.A	6	0.0126594	9.73505	0.255387	11	CCCCTGCCCTC	CGGCGCCCCCTGGCGGC	-
793-CCCCTGCCCTC	E2F1_HUMAN.H11MO.0.A	2	0.0127113	9.77498	0.255387	11	CCCCTGCCCTC	CTTTCCCGCCCCCC	-
793-CCCCTGCCCTC	PPARG_HUMAN.H11MO.1.A	-4	0.0137255	10.5549	0.272037	7	CCCCTGCCCTC	TGACCTTTG	-
793-CCCCTGCCCTC	EGR2_HUMAN.H11MO.0.A	5	0.0141505	10.8817	0.27672	11	CCCCTGCCCTC	CCCCTCCCACACCCCCCC	-
793-CCCCTGCCCTC	ZFX_HUMAN.H11MO.1.A	-1	0.0146475	11.2639	0.279598	10	CCCCTGCCCTC	CCCCGGCCTCCGCCCCC	-
793-CCCCTGCCCTC	KLF5_HUMAN.H11MO.0.A	4	0.0146789	11.2881	0.279598	10	CCCCTGCCCTC	CCCAGCCCCACCCT	-
793-CCCCTGCCCTC	E2F6_HUMAN.H11MO.0.A	-1	0.0153389	11.7956	0.283298	10	CCCCTGCCCTC	CCCTTCCCGCCCC	-
793-CCCCTGCCCTC	SNAI1_HUMAN.H11MO.0.C	1	0.0153769	11.8248	0.283298	7	CCCCTGCCCTC	CCACCTGG	-
793-CCCCTGCCCTC	KLF9_HUMAN.H11MO.0.C	1	0.0157141	12.0841	0.283298	11	CCCCTGCCCTC	GGCCACGCCCCCTCC	-
793-CCCCTGCCCTC	ZN770_HUMAN.H11MO.0.C	10	0.0157553	12.1158	0.283298	11	CCCCTGCCCTC	GATCCTCCCGCCTCAGCCTCCC	-
793-CCCCTGCCCTC	ASCL2_HUMAN.H11MO.0.D	1	0.016046	12.3393	0.283298	8	CCCCTGCCCTC	CCAGCTGCT	+
793-CCCCTGCCCTC	NR4A1_HUMAN.H11MO.0.A	-3	0.016046	12.3393	0.283298	8	CCCCTGCCCTC	CTGACCTTT	-
793-CCCCTGCCCTC	ZN768_HUMAN.H11MO.0.C	-1	0.0163155	12.5466	0.283298	10	CCCCTGCCCTC	ACTTAACCTCTCTGAGCCTC	-
793-CCCCTGCCCTC	CREM_HUMAN.H11MO.0.C	-1	0.0166116	12.7743	0.283298	10	CCCCTGCCCTC	CACTGACGTCA	+
793-CCCCTGCCCTC	E2F3_HUMAN.H11MO.0.A	1	0.0166116	12.7743	0.283298	10	CCCCTGCCCTC	TTTCCCGCCCT	-
793-CCCCTGCCCTC	ITF2_HUMAN.H11MO.0.C	2	0.0170489	13.1106	0.287414	8	CCCCTGCCCTC	CCCAGCTGCC	-
793-CCCCTGCCCTC	ZN263_HUMAN.H11MO.0.A	4	0.017973	13.8213	0.298467	11	CCCCTGCCCTC	CTCCTCCTCTCCCTCCTCCC	-
793-CCCCTGCCCTC	ESR1_HUMAN.H11MO.0.A	5	0.0181115	13.9278	0.298467	10	CCCCTGCCCTC	AGGTCACCCTGACCT	+
793-CCCCTGCCCTC	PTF1A_HUMAN.H11MO.1.B	1	0.0196993	15.1488	0.32059	8	CCCCTGCCCTC	CCAGCTGCT	-
793-CCCCTGCCCTC	ZIC4_HUMAN.H11MO.0.D	3	0.0198911	15.2963	0.32059	11	CCCCTGCCCTC	GACCCCCCGCTGTGC	-
793-CCCCTGCCCTC	HEY2_HUMAN.H11MO.0.D	6	0.0204482	15.7247	0.325987	11	CCCCTGCCCTC	TAATGCCACGTGCCCCC	-
793-CCCCTGCCCTC	MAX_HUMAN.H11MO.0.A	1	0.0227997	17.533	0.359566	9	CCCCTGCCCTC	CCACGTGCTC	-
793-CCCCTGCCCTC	SRBP2_HUMAN.H11MO.0.B	0	0.0233302	17.9409	0.36061	11	CCCCTGCCCTC	CCTCACCCCACCC	-
793-CCCCTGCCCTC	HES5_HUMAN.H11MO.0.D	3	0.0233577	17.9621	0.36061	9	CCCCTGCCCTC	CGGCACGTGCCA	-
793-CCCCTGCCCTC	FLI1_HUMAN.H11MO.0.A	3	0.023896	18.3761	0.365078	11	CCCCTGCCCTC	TCCCTCCTTCCTTCCTCC	-
793-CCCCTGCCCTC	FIGLA_HUMAN.H11MO.0.D	2	0.0241708	18.5873	0.365468	9	CCCCTGCCCTC	AACACCTGTTA	-
793-CCCCTGCCCTC	ZN524_HUMAN.H11MO.0.D	7	0.0250324	19.2499	0.367707	11	CCCCTGCCCTC	ACTCGAACCCTCGAACCC	-
793-CCCCTGCCCTC	ESR1_HUMAN.H11MO.1.A	-2	0.0250829	19.2887	0.367707	9	CCCCTGCCCTC	GGTGACCTTG	-
793-CCCCTGCCCTC	MESP1_HUMAN.H11MO.0.D	4	0.0253099	19.4633	0.367707	7	CCCCTGCCCTC	TCCACACCTGC	-
793-CCCCTGCCCTC	NR4A2_HUMAN.H11MO.0.C	-3	0.0253216	19.4723	0.367707	8	CCCCTGCCCTC	GTGACCTTT	-
793-CCCCTGCCCTC	ZIC2_HUMAN.H11MO.0.D	3	0.0262301	20.1709	0.370915	11	CCCCTGCCCTC	GGCCCCCTGCTGTGA	+
793-CCCCTGCCCTC	ZEB1_HUMAN.H11MO.0.A	2	0.0263013	20.2257	0.370915	8	CCCCTGCCCTC	CTCACCTGTC	-
793-CCCCTGCCCTC	THB_HUMAN.H11MO.1.D	-4	0.0263013	20.2257	0.370915	7	CCCCTGCCCTC	TGACCTGACC	-
793-CCCCTGCCCTC	ZN784_HUMAN.H11MO.0.D	1	0.0277368	21.3296	0.379897	10	CCCCTGCCCTC	GTACCTACCTC	-
793-CCCCTGCCCTC	KLF8_HUMAN.H11MO.0.C	3	0.0279512	21.4945	0.379897	6	CCCCTGCCCTC	CACCCCCTG	-
793-CCCCTGCCCTC	NR2C1_HUMAN.H11MO.0.C	-3	0.0279742	21.5122	0.379897	8	CCCCTGCCCTC	CTGACCTCTGGCC	-
793-CCCCTGCCCTC	ATF2_HUMAN.H11MO.0.B	-3	0.0290283	22.3228	0.38661	8	CCCCTGCCCTC	ATGACGTCATC	-
793-CCCCTGCCCTC	ZKSC3_HUMAN.H11MO.0.D	-3	0.0290283	22.3228	0.38661	8	CCCCTGCCCTC	CTAGCCTCGAA	-
793-CCCCTGCCCTC	E2F7_HUMAN.H11MO.0.B	3	0.0292593	22.5004	0.38661	10	CCCCTGCCCTC	CCTTTCCCGCCCC	-
793-CCCCTGCCCTC	PAX5_HUMAN.H11MO.0.A	8	0.0298484	22.9534	0.390872	11	CCCCTGCCCTC	GTCACGCTCTGCTGCCCAGGC	-
793-CCCCTGCCCTC	GLIS2_HUMAN.H11MO.0.D	3	0.0307446	23.6426	0.395544	11	CCCCTGCCCTC	GACCCCCCGCGAAG	-
793-CCCCTGCCCTC	ZN740_HUMAN.H11MO.0.D	4	0.0307446	23.6426	0.395544	10	CCCCTGCCCTC	CCCACCCCCCCCCC	-
793-CCCCTGCCCTC	WT1_HUMAN.H11MO.1.B	1	0.0317781	24.4374	0.405173	10	CCCCTGCCCTC	CCTCCTCCCAC	-
793-CCCCTGCCCTC	SMAD3_HUMAN.H11MO.0.B	-1	0.0320455	24.643	0.405173	10	CCCCTGCCCTC	CTCTGTCACCTG	+
793-CCCCTGCCCTC	ZIC3_HUMAN.H11MO.0.B	3	0.0328564	25.2666	0.411875	11	CCCCTGCCCTC	GGCCCCCTGCTGTGA	+
793-CCCCTGCCCTC	CTCF_HUMAN.H11MO.0.A	-1	0.0331473	25.4902	0.412	10	CCCCTGCCCTC	TGGCGCCCCCTGGTGGCCA	-
793-CCCCTGCCCTC	ZN549_HUMAN.H11MO.0.C	0	0.0345981	26.6059	0.418839	11	CCCCTGCCCTC	GTGCTGCCCAATTCATGAAT	-
793-CCCCTGCCCTC	MBD2_HUMAN.H11MO.0.B	1	0.0347643	26.7337	0.418839	10	CCCCTGCCCTC	CCTCCGGCCCC	-
793-CCCCTGCCCTC	KLF13_HUMAN.H11MO.0.D	-2	0.0347643	26.7337	0.418839	9	CCCCTGCCCTC	CACGCCCCCCT	-
793-CCCCTGCCCTC	HES7_HUMAN.H11MO.0.D	3	0.0350172	26.9282	0.418839	9	CCCCTGCCCTC	TGGCACGTGCCG	+
793-CCCCTGCCCTC	AP2D_HUMAN.H11MO.0.D	5	0.0351253	27.0114	0.418839	9	CCCCTGCCCTC	ACGCGCCTCGGGCG	-
793-CCCCTGCCCTC	HEY1_HUMAN.H11MO.0.D	3	0.0365948	28.1414	0.432842	9	CCCCTGCCCTC	CGACACGTGCCA	-
793-CCCCTGCCCTC	ZN263_HUMAN.H11MO.1.A	1	0.0380039	29.225	0.445912	10	CCCCTGCCCTC	CCTCCTCCCTC	-
793-CCCCTGCCCTC	ZN816_HUMAN.H11MO.1.C	0	0.0383502	29.4913	0.446405	11	CCCCTGCCCTC	TGCATGTCCCCCTT	-
793-CCCCTGCCCTC	ZIC1_HUMAN.H11MO.0.B	0	0.039207	30.1502	0.449247	9	CCCCTGCCCTC	GACCACCCC	-
793-CCCCTGCCCTC	VDR_HUMAN.H11MO.1.A	-3	0.039207	30.1502	0.449247	8	CCCCTGCCCTC	CTGAACCCA	-
793-CCCCTGCCCTC	NR1H2_HUMAN.H11MO.0.D	6	0.0396749	30.51	0.450658	11	CCCCTGCCCTC	CGTTGACCTTTGACCTTTA	-
793-CCCCTGCCCTC	ZN770_HUMAN.H11MO.1.C	-1	0.0415139	31.9242	0.462492	10	CCCCTGCCCTC	CTCAGCCTCCC	-
793-CCCCTGCCCTC	MZF1_HUMAN.H11MO.0.B	1	0.0416242	32.009	0.462492	11	CCCCTGCCCTC	CCCAATCCCCTCC	-
793-CCCCTGCCCTC	PLAG1_HUMAN.H11MO.0.D	0	0.0422897	32.5208	0.466352	11	CCCCTGCCCTC	CCCCTCCTGATGCCCCC	-
793-CCCCTGCCCTC	FEZF1_HUMAN.H11MO.0.C	-2	0.0454917	34.9831	0.493086	9	CCCCTGCCCTC	GCTGCTCTTTTT	+
793-CCCCTGCCCTC	HNF4G_HUMAN.H11MO.0.B	3	0.0456084	35.0728	0.493086	11	CCCCTGCCCTC	TGGACTTTGGACTC	-
793-CCCCTGCCCTC	PLAL1_HUMAN.H11MO.0.D	4	0.0457225	35.1606	0.493086	6	CCCCTGCCCTC	GGGCCCCCCG	-
793-CCCCTGCCCTC	ZN350_HUMAN.H11MO.1.D	10	0.0462046	35.5313	0.494648	11	CCCCTGCCCTC	GGGCAACAAATCCCTGCGCCCCGT	-
795-CCCTGGTCC	ZN320_HUMAN.H11MO.0.C	8	0.000136704	0.105125	0.210251	9	CCCTGGTCC	CACTGGCCCCCTGGTCCCAC	-
795-CCCTGGTCC	REST_HUMAN.H11MO.0.A	9	0.00033644	0.258722	0.258722	9	CCCTGGTCC	GGGCGCTGTCCATGGTGCTGAA	-
798-CCGCGCCCCTCCRS	KLF12_HUMAN.H11MO.0.C	1	3.015e-05	0.0231853	0.0410473	10	CCGCGCCCCTCCGG	GCCCCGCCCCT	-
798-CCGCGCCCCTCCRS	SP1_HUMAN.H11MO.1.A	3	6.23429e-05	0.0479417	0.0410473	11	CCGCGCCCCTCCGG	CGGCCCCGCCCCCC	-
798-CCGCGCCCCTCCRS	ZN219_HUMAN.H11MO.0.D	1	8.61581e-05	0.0662556	0.0410473	11	CCGCGCCCCTCCGG	TCCGCCCCCCTC	-
798-CCGCGCCCCTCCRS	KLF3_HUMAN.H11MO.0.B	5	0.000108695	0.0835863	0.0410473	14	CCGCGCCCCTCCGG	CCCGGCCCCGCCCCTCCCC	-
798-CCGCGCCCCTCCRS	SP3_HUMAN.H11MO.0.B	6	0.000220345	0.169446	0.0509355	14	CCGCGCCCCTCCGG	CCCCGGCCCCGCCCCCCCCC	-
798-CCGCGCCCCTCCRS	SP1_HUMAN.H11MO.0.A	11	0.000224321	0.172503	0.0509355	11	CCGCGCCCCTCCGG	CCCCCCCCCGGCCCCGCCCCCC	-
798-CCGCGCCCCTCCRS	KLF14_HUMAN.H11MO.0.D	1	0.000247435	0.190277	0.0509355	12	CCGCGCCCCTCCGG	GCCACGCCCCCCT	-
798-CCGCGCCCCTCCRS	KLF15_HUMAN.H11MO.0.A	5	0.000312542	0.240345	0.0509355	14	CCGCGCCCCTCCGG	CCCCCCCCTGCTCCTCCCC	-
798-CCGCGCCCCTCCRS	SP2_HUMAN.H11MO.0.A	7	0.000317982	0.244528	0.0509355	14	CCGCGCCCCTCCGG	CCCCCGGCCCCGCCCCCCCCCC	-
798-CCGCGCCCCTCCRS	ZSC22_HUMAN.H11MO.0.C	0	0.000337198	0.259305	0.0509355	14	CCGCGCCCCTCCGG	CCTCCTCCCTCAGACC	-
798-CCGCGCCCCTCCRS	KLF9_HUMAN.H11MO.0.C	2	0.00040973	0.315082	0.0559465	13	CCGCGCCCCTCCGG	GGCCACGCCCCCTCC	-
798-CCGCGCCCCTCCRS	ZBT14_HUMAN.H11MO.0.C	0	0.000444445	0.341778	0.0559465	9	CCGCGCCCCTCCGG	GCGCGCTCC	-
798-CCGCGCCCCTCCRS	KLF6_HUMAN.H11MO.0.A	7	0.000548237	0.421594	0.0616596	12	CCGCGCCCCTCCGG	CCCCCGGCCCCGCCCTTCC	-
798-CCGCGCCCCTCCRS	SP2_HUMAN.H11MO.1.B	1	0.00058907	0.452995	0.0616596	11	CCGCGCCCCTCCGG	GCCCCGCCCCCT	-
798-CCGCGCCCCTCCRS	ZN467_HUMAN.H11MO.0.C	8	0.000739767	0.568881	0.0616596	14	CCGCGCCCCTCCGG	CCCCCCCCCCCCTCCCCTCCCC	-
798-CCGCGCCCCTCCRS	TBX1_HUMAN.H11MO.0.D	2	0.000762262	0.586179	0.0616596	14	CCGCGCCCCTCCGG	CCGCCCACCCCTGCCCACCC	-
798-CCGCGCCCCTCCRS	ZN148_HUMAN.H11MO.0.D	0	0.00078803	0.605995	0.0616596	14	CCGCGCCCCTCCGG	CCCCTCCCCCACCCC	-
798-CCGCGCCCCTCCRS	SP4_HUMAN.H11MO.1.A	3	0.000811451	0.624006	0.0616596	13	CCGCGCCCCTCCGG	CGGCCCCGCCCCCTCC	-
798-CCGCGCCCCTCCRS	KLF4_HUMAN.H11MO.0.A	1	0.000814961	0.626705	0.0616596	9	CCGCGCCCCTCCGG	GCCACACCCT	-
798-CCGCGCCCCTCCRS	KLF1_HUMAN.H11MO.0.A	0	0.000816385	0.6278	0.0616596	14	CCGCGCCCCTCCGG	CCCGGCCCCGCCCC	-
798-CCGCGCCCCTCCRS	WT1_HUMAN.H11MO.0.C	1	0.00089702	0.689809	0.0645237	14	CCGCGCCCCTCCGG	CCCCCCCTCCTCCCCCGCCC	-
798-CCGCGCCCCTCCRS	TBX15_HUMAN.H11MO.0.D	1	0.00105215	0.809106	0.0714101	14	CCGCGCCCCTCCGG	CCCCCACCCCCCCCCCCCC	-
798-CCGCGCCCCTCCRS	KLF16_HUMAN.H11MO.0.D	4	0.00110969	0.85335	0.0714101	14	CCGCGCCCCTCCGG	CCCCCCCCCCCCCGCCCCC	-
798-CCGCGCCCCTCCRS	KLF5_HUMAN.H11MO.0.A	0	0.00118185	0.908846	0.0714101	14	CCGCGCCCCTCCGG	CCCAGCCCCACCCT	-
798-CCGCGCCCCTCCRS	ZN740_HUMAN.H11MO.0.D	-1	0.00118185	0.908846	0.0714101	13	CCGCGCCCCTCCGG	CCCACCCCCCCCCC	-
798-CCGCGCCCCTCCRS	KLF13_HUMAN.H11MO.0.D	-1	0.00163926	1.26059	0.0885513	11	CCGCGCCCCTCCGG	CACGCCCCCCT	-
798-CCGCGCCCCTCCRS	MAZ_HUMAN.H11MO.1.A	-4	0.00163926	1.26059	0.0885513	10	CCGCGCCCCTCCGG	CCCCCTCCCTC	-
798-CCGCGCCCCTCCRS	ZN281_HUMAN.H11MO.0.A	1	0.00164141	1.26224	0.0885513	14	CCGCGCCCCTCCGG	TCCCCTCCCCCACCC	-
798-CCGCGCCCCTCCRS	PATZ1_HUMAN.H11MO.1.C	-5	0.0018734	1.44064	0.0975815	9	CCGCGCCCCTCCGG	CCCCTCCCT	-
798-CCGCGCCCCTCCRS	MAZ_HUMAN.H11MO.0.A	7	0.00214815	1.65193	0.108163	14	CCGCGCCCCTCCGG	CCCCCCCCCCCCCCCCTCCCCC	-
798-CCGCGCCCCTCCRS	ZBT7A_HUMAN.H11MO.0.A	-2	0.00223848	1.72139	0.109076	9	CCGCGCCCCTCCGG	GAGACCCCC	-
798-CCGCGCCCCTCCRS	SP4_HUMAN.H11MO.0.A	7	0.00282848	2.1751	0.133518	13	CCGCGCCCCTCCGG	CCCGGCCCCGCCCCCTTCCC	-
798-CCGCGCCCCTCCRS	ZN263_HUMAN.H11MO.0.A	7	0.00381677	2.9351	0.17471	13	CCGCGCCCCTCCGG	CTCCTCCTCTCCCTCCTCCC	-
798-CCGCGCCCCTCCRS	PLAL1_HUMAN.H11MO.0.D	-2	0.00417467	3.21032	0.185472	10	CCGCGCCCCTCCGG	GGGCCCCCCG	-
798-CCGCGCCCCTCCRS	ZN331_HUMAN.H11MO.0.C	8	0.00442425	3.40225	0.190945	12	CCGCGCCCCTCCGG	CCACCCAGCTGAGCCCAGCC	-
798-CCGCGCCCCTCCRS	VEZF1_HUMAN.H11MO.0.C	1	0.00584293	4.49321	0.245168	14	CCGCGCCCCTCCGG	CCCCTCCCCCTCCCCCCTCCCC	-
798-CCGCGCCCCTCCRS	ZN449_HUMAN.H11MO.0.C	-2	0.00601103	4.62248	0.245405	11	CCGCGCCCCTCCGG	AAGCCCAACCA	-
798-CCGCGCCCCTCCRS	EGR1_HUMAN.H11MO.0.A	1	0.00642453	4.94046	0.255384	14	CCGCGCCCCTCCGG	CCCCCGCCCACGCCCTC	-
798-CCGCGCCCCTCCRS	EGR4_HUMAN.H11MO.0.D	-4	0.00663868	5.10515	0.25713	10	CCGCGCCCCTCCGG	GCCCTGCCGCC	-
798-CCGCGCCCCTCCRS	EGR2_HUMAN.H11MO.1.A	1	0.00770779	5.92729	0.291076	14	CCGCGCCCCTCCGG	CCCCCGCCCACGCCCC	-
798-CCGCGCCCCTCCRS	SALL4_HUMAN.H11MO.0.B	-1	0.00822291	6.32342	0.295606	10	CCGCGCCCCTCCGG	CCCACCCTCC	-
798-CCGCGCCCCTCCRS	SRBP2_HUMAN.H11MO.0.B	0	0.00835021	6.42131	0.295606	13	CCGCGCCCCTCCGG	CCTCACCCCACCC	-
798-CCGCGCCCCTCCRS	PATZ1_HUMAN.H11MO.0.C	8	0.00856433	6.58597	0.295606	14	CCGCGCCCCTCCGG	CCTCCCCCCCCGCCCCCTCCCC	-
798-CCGCGCCCCTCCRS	E2F2_HUMAN.H11MO.0.B	3	0.00865123	6.6528	0.295606	7	CCGCGCCCCTCCGG	GTTTCGCGCC	-
798-CCGCGCCCCTCCRS	EGR2_HUMAN.H11MO.0.A	6	0.00880624	6.772	0.295606	12	CCGCGCCCCTCCGG	CCCCTCCCACACCCCCCC	-
798-CCGCGCCCCTCCRS	GLIS1_HUMAN.H11MO.0.D	0	0.00916164	7.0453	0.298184	13	CCGCGCCCCTCCGG	AGACCCCCCACGA	-
798-CCGCGCCCCTCCRS	VEZF1_HUMAN.H11MO.1.C	-4	0.00927782	7.13464	0.298184	10	CCGCGCCCCTCCGG	CCCCCTCCCCCT	-
798-CCGCGCCCCTCCRS	NKX21_HUMAN.H11MO.0.A	-4	0.010579	8.13525	0.332919	10	CCGCGCCCCTCCGG	GCCACTCAAG	-
798-CCGCGCCCCTCCRS	CTCFL_HUMAN.H11MO.0.A	0	0.0122701	9.43573	0.374487	14	CCGCGCCCCTCCGG	CGGCGCCCCCTGGCGGC	-
798-CCGCGCCCCTCCRS	ZBT17_HUMAN.H11MO.0.A	5	0.0123957	9.53229	0.374487	14	CCGCGCCCCTCCGG	CTTCCCCTCCCCCACCCTC	-
798-CCGCGCCCCTCCRS	HEN1_HUMAN.H11MO.0.C	10	0.0143378	11.0258	0.415826	10	CCGCGCCCCTCCGG	TGGGGAGCAGCTGCGTCCCT	+
798-CCGCGCCCCTCCRS	ZF64A_HUMAN.H11MO.0.D	7	0.0145754	11.2085	0.415826	9	CCGCGCCCCTCCGG	CAGGTTCCCGGGCCCC	-
798-CCGCGCCCCTCCRS	TFDP1_HUMAN.H11MO.0.C	3	0.0145899	11.2196	0.415826	11	CCGCGCCCCTCCGG	TTTTCCCGCCCCCC	-
798-CCGCGCCCCTCCRS	HEY2_HUMAN.H11MO.0.D	5	0.015348	11.8026	0.423097	12	CCGCGCCCCTCCGG	TAATGCCACGTGCCCCC	-
798-CCGCGCCCCTCCRS	GLIS3_HUMAN.H11MO.0.D	-4	0.0156731	12.0526	0.423097	10	CCGCGCCCCTCCGG	TACCCCCCAC	-
798-CCGCGCCCCTCCRS	ZN320_HUMAN.H11MO.0.C	9	0.0156853	12.062	0.423097	11	CCGCGCCCCTCCGG	CACTGGCCCCCTGGTCCCAC	-
798-CCGCGCCCCTCCRS	E2F4_HUMAN.H11MO.0.A	5	0.0164968	12.686	0.437179	8	CCGCGCCCCTCCGG	ATTTCCCGCCCCC	-
798-CCGCGCCCCTCCRS	PBX3_HUMAN.H11MO.0.A	-1	0.0172621	13.2746	0.438219	11	CCGCGCCCCTCCGG	CCTGTCAATCA	-
798-CCGCGCCCCTCCRS	GLIS2_HUMAN.H11MO.0.D	-1	0.0174063	13.3855	0.438219	13	CCGCGCCCCTCCGG	GACCCCCCGCGAAG	-
798-CCGCGCCCCTCCRS	E2F1_HUMAN.H11MO.0.A	3	0.0174063	13.3855	0.438219	11	CCGCGCCCCTCCGG	CTTTCCCGCCCCCC	-
798-CCGCGCCCCTCCRS	INSM1_HUMAN.H11MO.0.C	-1	0.0192404	14.7959	0.476454	12	CCGCGCCCCTCCGG	TGCCCCCTGACA	-
801-CGAAGATGGC	TYY1_HUMAN.H11MO.0.A	-1	7.57551e-05	0.0582557	0.116488	9	CGAAGATGGC	CAAGATGGCGGC	+
801-CGAAGATGGC	ZFP42_HUMAN.H11MO.0.A	-2	0.000494463	0.380242	0.316461	8	CGAAGATGGC	AAAATGGCTGCC	-
801-CGAAGATGGC	ZBTB4_HUMAN.H11MO.0.D	0	0.00061741	0.474788	0.316461	10	CGAAGATGGC	CCTAGATGGCAGGTGGG	+
801-CGAAGATGGC	THAP1_HUMAN.H11MO.0.C	8	0.00125786	0.967296	0.48355	10	CGAAGATGGC	GCCCGCAGCCAAGATGGCGGCG	-
802-CGAGGGGGCGGGGC	SP1_HUMAN.H11MO.1.A	-2	1.01392e-07	7.79701e-05	8.07813e-05	12	CGAGGGGGCGGGGC	GGGGGGCGGGGCCG	+
802-CGAGGGGGCGGGGC	KLF12_HUMAN.H11MO.0.C	-3	1.16984e-07	8.99608e-05	8.07813e-05	11	CGAGGGGGCGGGGC	AGGGGCGGGGC	+
802-CGAGGGGGCGGGGC	SP2_HUMAN.H11MO.1.B	-2	1.70559e-07	0.00013116	8.07813e-05	12	CGAGGGGGCGGGGC	AGGGGGCGGGGC	+
802-CGAGGGGGCGGGGC	SP1_HUMAN.H11MO.0.A	-2	2.1673e-07	0.000166666	8.07813e-05	12	CGAGGGGGCGGGGC	GGGGGGCGGGGCCGGGGGGGGG	+
802-CGAGGGGGCGGGGC	SP2_HUMAN.H11MO.0.A	2	1.0515e-06	0.000808604	0.000265871	14	CGAGGGGGCGGGGC	GGGGGGGGGGCGGGGCCGGGGG	+
802-CGAGGGGGCGGGGC	KLF9_HUMAN.H11MO.0.C	0	1.06997e-06	0.000822806	0.000265871	14	CGAGGGGGCGGGGC	GGAGGGGGCGTGGCC	+
802-CGAGGGGGCGGGGC	SP3_HUMAN.H11MO.0.B	1	2.57738e-06	0.00198201	0.000548949	14	CGAGGGGGCGGGGC	GGGGGGGGGCGGGGCCGGGG	+
802-CGAGGGGGCGGGGC	SP4_HUMAN.H11MO.1.A	0	3.60711e-06	0.00277387	0.000621588	14	CGAGGGGGCGGGGC	GGAGGGGGCGGGGCCG	+
802-CGAGGGGGCGGGGC	EGR4_HUMAN.H11MO.0.D	-3	3.93109e-06	0.00302301	0.000621588	11	CGAGGGGGCGGGGC	GGCGGCAGGGC	+
802-CGAGGGGGCGGGGC	ZN281_HUMAN.H11MO.0.A	1	4.16919e-06	0.0032061	0.000621588	14	CGAGGGGGCGGGGC	GGGTGGGGGAGGGGA	+
802-CGAGGGGGCGGGGC	ZN148_HUMAN.H11MO.0.D	2	5.78661e-06	0.00444991	0.000784301	13	CGAGGGGGCGGGGC	GGGGTGGGGGAGGGG	+
802-CGAGGGGGCGGGGC	KLF14_HUMAN.H11MO.0.D	-1	9.82986e-06	0.00755916	0.00122129	13	CGAGGGGGCGGGGC	AGGGGGGCGTGGC	+
802-CGAGGGGGCGGGGC	SP4_HUMAN.H11MO.0.A	2	1.35953e-05	0.0104548	0.00155918	14	CGAGGGGGCGGGGC	GGGAAGGGGGCGGGGCCGGG	+
802-CGAGGGGGCGGGGC	MAZ_HUMAN.H11MO.1.A	-3	2.17898e-05	0.0167564	0.00232048	11	CGAGGGGGCGGGGC	GAGGGAGGGGG	+
802-CGAGGGGGCGGGGC	KLF3_HUMAN.H11MO.0.B	1	2.68002e-05	0.0206093	0.00266378	14	CGAGGGGGCGGGGC	GGGGAGGGGCGGGGCCGGG	+
802-CGAGGGGGCGGGGC	KLF4_HUMAN.H11MO.0.A	-4	6.32877e-05	0.0486682	0.00589726	10	CGAGGGGGCGGGGC	AGGGTGTGGC	+
802-CGAGGGGGCGGGGC	EGR2_HUMAN.H11MO.0.A	5	8.06194e-05	0.0619963	0.00707036	13	CGAGGGGGCGGGGC	GGGGGGGTGTGGGAGGGG	+
802-CGAGGGGGCGGGGC	EGR1_HUMAN.H11MO.0.A	3	8.96549e-05	0.0689446	0.0070858	14	CGAGGGGGCGGGGC	GAGGGCGTGGGCGGGGG	+
802-CGAGGGGGCGGGGC	EGR2_HUMAN.H11MO.1.A	2	9.03008e-05	0.0694413	0.0070858	14	CGAGGGGGCGGGGC	GGGGCGTGGGCGGGGG	+
802-CGAGGGGGCGGGGC	KLF13_HUMAN.H11MO.0.D	-1	0.000111429	0.085689	0.00830654	11	CGAGGGGGCGGGGC	AGGGGGGCGTG	+
802-CGAGGGGGCGGGGC	KLF6_HUMAN.H11MO.0.A	-1	0.000220757	0.169762	0.0153226	13	CGAGGGGGCGGGGC	GGAAGGGCGGGGCCGGGGG	+
802-CGAGGGGGCGGGGC	WT1_HUMAN.H11MO.0.C	1	0.000238375	0.18331	0.0153226	14	CGAGGGGGCGGGGC	GGGCGGGGGAGGAGGGGGGG	+
802-CGAGGGGGCGGGGC	KLF1_HUMAN.H11MO.0.A	-4	0.00023862	0.183499	0.0153226	10	CGAGGGGGCGGGGC	GGGGCGGGGCCGGG	+
802-CGAGGGGGCGGGGC	CTCFL_HUMAN.H11MO.0.A	4	0.000246656	0.189679	0.0153226	13	CGAGGGGGCGGGGC	GCCGCCAGGGGGCGCCG	+
802-CGAGGGGGCGGGGC	PATZ1_HUMAN.H11MO.0.C	2	0.000266241	0.204739	0.0158777	14	CGAGGGGGCGGGGC	GGGGAGGGGGCGGGGGGGGAGG	+
802-CGAGGGGGCGGGGC	ZN219_HUMAN.H11MO.0.D	-1	0.000282317	0.217101	0.0160615	12	CGAGGGGGCGGGGC	GAGGGGGGCGGA	+
802-CGAGGGGGCGGGGC	ZBT17_HUMAN.H11MO.0.A	3	0.000290869	0.223678	0.0160615	14	CGAGGGGGCGGGGC	GAGGGTGGGGGAGGGGAAG	+
802-CGAGGGGGCGGGGC	TBX15_HUMAN.H11MO.0.D	5	0.00038173	0.293551	0.0203259	14	CGAGGGGGCGGGGC	GGGGGGGGGGGGGTGGGGG	+
802-CGAGGGGGCGGGGC	E2F4_HUMAN.H11MO.0.A	-3	0.000441349	0.339397	0.02269	11	CGAGGGGGCGGGGC	GGGGGCGGGAAAT	+
802-CGAGGGGGCGGGGC	TFDP1_HUMAN.H11MO.0.C	-2	0.000626973	0.482143	0.0311587	12	CGAGGGGGCGGGGC	GGGGGGCGGGAAAA	+
802-CGAGGGGGCGGGGC	KLF16_HUMAN.H11MO.0.D	5	0.000649827	0.499717	0.0312527	14	CGAGGGGGCGGGGC	GGGGGCGGGGGGGGGGGGG	+
802-CGAGGGGGCGGGGC	MAZ_HUMAN.H11MO.0.A	3	0.000785069	0.603718	0.0365771	14	CGAGGGGGCGGGGC	GGGGGAGGGGGGGGGGGGGGGG	+
802-CGAGGGGGCGGGGC	KLF5_HUMAN.H11MO.0.A	-4	0.00105072	0.808007	0.0474707	10	CGAGGGGGCGGGGC	AGGGTGGGGCTGGG	+
802-CGAGGGGGCGGGGC	CTCF_HUMAN.H11MO.0.A	6	0.00120593	0.927364	0.0525325	13	CGAGGGGGCGGGGC	TGGCCACCAGGGGGCGCCA	+
802-CGAGGGGGCGGGGC	ZN467_HUMAN.H11MO.0.C	2	0.00125129	0.962246	0.0525325	14	CGAGGGGGCGGGGC	GGGGAGGGGAGGGGGGGGGGGG	+
802-CGAGGGGGCGGGGC	KLF15_HUMAN.H11MO.0.A	2	0.00126847	0.975452	0.0525325	14	CGAGGGGGCGGGGC	GGGGAGGAGCAGGGGGGGG	+
802-CGAGGGGGCGGGGC	INSM1_HUMAN.H11MO.0.C	2	0.00143195	1.10117	0.0577003	10	CGAGGGGGCGGGGC	TGTCAGGGGGCA	+
802-CGAGGGGGCGGGGC	PATZ1_HUMAN.H11MO.1.C	-4	0.00152235	1.17069	0.0597286	9	CGAGGGGGCGGGGC	AGGGAGGGG	+
802-CGAGGGGGCGGGGC	SALL4_HUMAN.H11MO.0.B	-2	0.0016088	1.23717	0.061502	10	CGAGGGGGCGGGGC	GGAGGGTGGG	+
802-CGAGGGGGCGGGGC	E2F1_HUMAN.H11MO.0.A	-2	0.00182397	1.40263	0.0679844	12	CGAGGGGGCGGGGC	GGGGGGCGGGAAAG	+
802-CGAGGGGGCGGGGC	ZN740_HUMAN.H11MO.0.D	-3	0.00201268	1.54775	0.0731884	11	CGAGGGGGCGGGGC	GGGGGGGGGGTGGG	+
802-CGAGGGGGCGGGGC	TBX1_HUMAN.H11MO.0.D	5	0.00248196	1.90863	0.0881043	14	CGAGGGGGCGGGGC	GGGTGGGCAGGGGTGGGCGG	+
802-CGAGGGGGCGGGGC	ZN770_HUMAN.H11MO.1.C	-2	0.00271388	2.08698	0.0940965	11	CGAGGGGGCGGGGC	GGGAGGCTGAG	+
802-CGAGGGGGCGGGGC	VEZF1_HUMAN.H11MO.0.C	9	0.00278059	2.13827	0.0942183	13	CGAGGGGGCGGGGC	GGGGAGGGGGGAGGGGGAGGGG	+
802-CGAGGGGGCGGGGC	EGR3_HUMAN.H11MO.0.D	0	0.00286322	2.20182	0.0948623	11	CGAGGGGGCGGGGC	AGAGTGGGTGT	+
802-CGAGGGGGCGGGGC	XBP1_HUMAN.H11MO.0.D	-3	0.0030202	2.32253	0.0978879	11	CGAGGGGGCGGGGC	GCTGACGTGGC	+
802-CGAGGGGGCGGGGC	ZSC22_HUMAN.H11MO.0.C	4	0.0034721	2.67004	0.11014	12	CGAGGGGGCGGGGC	GGTCTGAGGGAGGAGG	+
802-CGAGGGGGCGGGGC	E2F7_HUMAN.H11MO.0.B	-4	0.00385935	2.96784	0.119874	10	CGAGGGGGCGGGGC	GGGGCGGGAAAGG	+
802-CGAGGGGGCGGGGC	GLIS2_HUMAN.H11MO.0.D	0	0.00394778	3.03584	0.120118	14	CGAGGGGGCGGGGC	CTTCGCGGGGGGTC	+
802-CGAGGGGGCGGGGC	VEZF1_HUMAN.H11MO.1.C	-2	0.00423656	3.25791	0.126326	12	CGAGGGGGCGGGGC	AGGGGGAGGGGG	+
802-CGAGGGGGCGGGGC	ZSC31_HUMAN.H11MO.0.C	-3	0.00516246	3.96993	0.150917	11	CGAGGGGGCGGGGC	GGCAGCAGGGCAGTTATG	+
802-CGAGGGGGCGGGGC	ZIC1_HUMAN.H11MO.0.B	-4	0.00534351	4.10916	0.153205	9	CGAGGGGGCGGGGC	GGGGTGGTC	+
802-CGAGGGGGCGGGGC	ZN524_HUMAN.H11MO.0.D	5	0.00592494	4.55628	0.163805	13	CGAGGGGGCGGGGC	GGGTTCGAGGGTTCGAGT	+
802-CGAGGGGGCGGGGC	GLIS1_HUMAN.H11MO.0.D	1	0.00593294	4.56243	0.163805	12	CGAGGGGGCGGGGC	TCGTGGGGGGTCT	+
802-CGAGGGGGCGGGGC	PLAL1_HUMAN.H11MO.0.D	-1	0.00615023	4.72953	0.166717	10	CGAGGGGGCGGGGC	CGGGGGGCCC	+
802-CGAGGGGGCGGGGC	TAF1_HUMAN.H11MO.0.A	-1	0.00662403	5.09388	0.176354	13	CGAGGGGGCGGGGC	AAGATGGCGGCGGCGG	+
802-CGAGGGGGCGGGGC	ZN263_HUMAN.H11MO.0.A	4	0.00765955	5.8902	0.200346	14	CGAGGGGGCGGGGC	GGGAGGAGGGAGAGGAGGAG	+
802-CGAGGGGGCGGGGC	KLF8_HUMAN.H11MO.0.C	-1	0.00791956	6.09014	0.202496	9	CGAGGGGGCGGGGC	CAGGGGGTG	+
802-CGAGGGGGCGGGGC	ZN320_HUMAN.H11MO.0.C	-1	0.0080134	6.16231	0.202496	13	CGAGGGGGCGGGGC	GTGGGACCAGGGGGCCAGTG	+
802-CGAGGGGGCGGGGC	ZN449_HUMAN.H11MO.0.C	-5	0.0084454	6.49451	0.209855	9	CGAGGGGGCGGGGC	TGGTTGGGCTT	+
802-CGAGGGGGCGGGGC	ZBT7A_HUMAN.H11MO.0.A	-2	0.00884167	6.79925	0.216101	9	CGAGGGGGCGGGGC	GGGGGTCTC	+
802-CGAGGGGGCGGGGC	WT1_HUMAN.H11MO.1.B	-3	0.00932274	7.16919	0.224183	11	CGAGGGGGCGGGGC	GTGGGAGGAGG	+
802-CGAGGGGGCGGGGC	HEY2_HUMAN.H11MO.0.D	-1	0.0103807	7.98274	0.245661	13	CGAGGGGGCGGGGC	GGGGGCACGTGGCATTA	+
802-CGAGGGGGCGGGGC	E2F6_HUMAN.H11MO.0.A	-4	0.0108105	8.3133	0.251836	10	CGAGGGGGCGGGGC	GGGGCGGGAAGGG	+
802-CGAGGGGGCGGGGC	ZBT48_HUMAN.H11MO.0.C	0	0.0116508	8.95945	0.259434	12	CGAGGGGGCGGGGC	TTAGGGACCGTG	+
802-CGAGGGGGCGGGGC	THAP1_HUMAN.H11MO.0.C	9	0.0117347	9.02396	0.259434	13	CGAGGGGGCGGGGC	GCCCGCAGCCAAGATGGCGGCG	-
802-CGAGGGGGCGGGGC	COT1_HUMAN.H11MO.1.C	0	0.0118297	9.09701	0.259434	13	CGAGGGGGCGGGGC	GCAGAGGTCAGGG	+
802-CGAGGGGGCGGGGC	PURA_HUMAN.H11MO.0.D	4	0.0118327	9.09937	0.259434	13	CGAGGGGGCGGGGC	GGAAGGGGGGGGCAGGG	+
802-CGAGGGGGCGGGGC	E2F3_HUMAN.H11MO.0.A	-4	0.0124859	9.60169	0.269788	10	CGAGGGGGCGGGGC	AGGGCGGGAAA	+
802-CGAGGGGGCGGGGC	MXI1_HUMAN.H11MO.0.A	3	0.0146683	11.2799	0.312415	12	CGAGGGGGCGGGGC	GCACGTGGCGGCGGG	+
802-CGAGGGGGCGGGGC	ZBTB4_HUMAN.H11MO.0.D	1	0.015317	11.7788	0.32153	14	CGAGGGGGCGGGGC	CCTAGATGGCAGGTGGG	+
802-CGAGGGGGCGGGGC	GLIS3_HUMAN.H11MO.0.D	-5	0.0155275	11.9407	0.32153	9	CGAGGGGGCGGGGC	GTGGGGGGTA	+
802-CGAGGGGGCGGGGC	ZIC4_HUMAN.H11MO.0.D	1	0.017388	13.3714	0.355122	14	CGAGGGGGCGGGGC	GCACAGCGGGGGGTC	+
802-CGAGGGGGCGGGGC	ZN770_HUMAN.H11MO.0.C	7	0.0181227	13.9363	0.365125	14	CGAGGGGGCGGGGC	GGGAGGCTGAGGCGGGAGGATC	+
802-CGAGGGGGCGGGGC	SRBP2_HUMAN.H11MO.0.B	0	0.0192117	14.7738	0.381906	13	CGAGGGGGCGGGGC	GGGTGGGGTGAGG	+
802-CGAGGGGGCGGGGC	NR0B1_HUMAN.H11MO.0.D	-1	0.021854	16.8057	0.428714	10	CGAGGGGGCGGGGC	GCGTGGGAGA	+
802-CGAGGGGGCGGGGC	ZBT14_HUMAN.H11MO.0.C	0	0.0228084	17.5396	0.43943	9	CGAGGGGGCGGGGC	GGAGCGCGC	+
802-CGAGGGGGCGGGGC	ZN263_HUMAN.H11MO.1.A	-3	0.0229897	17.6791	0.43943	11	CGAGGGGGCGGGGC	GAGGGAGGAGG	+
802-CGAGGGGGCGGGGC	ZN816_HUMAN.H11MO.1.C	-1	0.0233316	17.942	0.44032	13	CGAGGGGGCGGGGC	AAGGGGGACATGCA	+
802-CGAGGGGGCGGGGC	TYY1_HUMAN.H11MO.0.A	0	0.0250753	19.2829	0.465458	12	CGAGGGGGCGGGGC	CAAGATGGCGGC	+
802-CGAGGGGGCGGGGC	ZN423_HUMAN.H11MO.0.D	6	0.025288	19.4465	0.465458	9	CGAGGGGGCGGGGC	GGCACCCAAGGGTGC	+
802-CGAGGGGGCGGGGC	ATF6A_HUMAN.H11MO.0.B	-1	0.0273557	21.0366	0.497377	12	CGAGGGGGCGGGGC	GTGGTGACGTGG	+
803-CGCCGCTTCCC	TBX1_HUMAN.H11MO.0.D	5	0.000255194	0.196244	0.384632	11	CGCCGCTTCCC	CCGCCCACCCCTGCCCACCC	-
803-CGCCGCTTCCC	ZN770_HUMAN.H11MO.1.C	0	0.0013628	1.04799	0.475236	11	CGCCGCTTCCC	CTCAGCCTCCC	-
803-CGCCGCTTCCC	ZN770_HUMAN.H11MO.0.C	11	0.00187468	1.44163	0.475236	11	CGCCGCTTCCC	GATCCTCCCGCCTCAGCCTCCC	-
803-CGCCGCTTCCC	WT1_HUMAN.H11MO.0.C	3	0.0023571	1.81261	0.475236	11	CGCCGCTTCCC	CCCCCCCTCCTCCCCCGCCC	-
803-CGCCGCTTCCC	SP4_HUMAN.H11MO.0.A	8	0.0027859	2.14235	0.475236	11	CGCCGCTTCCC	CCCGGCCCCGCCCCCTTCCC	-
803-CGCCGCTTCCC	SP2_HUMAN.H11MO.0.A	10	0.00347809	2.67465	0.475236	11	CGCCGCTTCCC	CCCCCGGCCCCGCCCCCCCCCC	-
803-CGCCGCTTCCC	PATZ1_HUMAN.H11MO.1.C	-3	0.00361892	2.78295	0.475236	8	CGCCGCTTCCC	CCCCTCCCT	-
803-CGCCGCTTCCC	ZN467_HUMAN.H11MO.0.C	10	0.00367448	2.82567	0.475236	11	CGCCGCTTCCC	CCCCCCCCCCCCTCCCCTCCCC	-
803-CGCCGCTTCCC	XBP1_HUMAN.H11MO.0.D	-1	0.00384759	2.95879	0.475236	10	CGCCGCTTCCC	GCCACGTCAGC	-
803-CGCCGCTTCCC	SP2_HUMAN.H11MO.1.B	1	0.00418964	3.22183	0.475236	11	CGCCGCTTCCC	GCCCCGCCCCCT	-
803-CGCCGCTTCCC	ZN281_HUMAN.H11MO.0.A	-1	0.00499537	3.84144	0.475236	10	CGCCGCTTCCC	TCCCCTCCCCCACCC	-
803-CGCCGCTTCCC	PATZ1_HUMAN.H11MO.0.C	10	0.00536624	4.12664	0.475236	11	CGCCGCTTCCC	CCTCCCCCCCCGCCCCCTCCCC	-
803-CGCCGCTTCCC	VEZF1_HUMAN.H11MO.0.C	3	0.00565992	4.35248	0.475236	11	CGCCGCTTCCC	CCCCTCCCCCTCCCCCCTCCCC	-
803-CGCCGCTTCCC	KLF12_HUMAN.H11MO.0.C	-1	0.00614972	4.72913	0.475236	10	CGCCGCTTCCC	GCCCCGCCCCT	-
803-CGCCGCTTCCC	TAF1_HUMAN.H11MO.0.A	1	0.00641943	4.93654	0.475236	11	CGCCGCTTCCC	CCGCCGCCGCCATCTT	-
803-CGCCGCTTCCC	ETS1_HUMAN.H11MO.0.A	-2	0.00665611	5.11855	0.475236	9	CGCCGCTTCCC	CCACTTCCTGTCT	-
803-CGCCGCTTCCC	SP1_HUMAN.H11MO.1.A	3	0.00701661	5.39577	0.475236	11	CGCCGCTTCCC	CGGCCCCGCCCCCC	-
803-CGCCGCTTCCC	SP4_HUMAN.H11MO.1.A	6	0.00747955	5.75177	0.475236	10	CGCCGCTTCCC	CGGCCCCGCCCCCTCC	-
803-CGCCGCTTCCC	ZNF76_HUMAN.H11MO.0.C	1	0.0077587	5.96644	0.475236	11	CGCCGCTTCCC	ACTACAATTCCCAGAATGCCCC	-
803-CGCCGCTTCCC	ERG_HUMAN.H11MO.0.A	-2	0.00813423	6.25522	0.475236	9	CGCCGCTTCCC	CCACTTCCTGCCC	-
803-CGCCGCTTCCC	FEV_HUMAN.H11MO.0.B	-3	0.00836336	6.43142	0.475236	8	CGCCGCTTCCC	CGCTTCCCGC	-
803-CGCCGCTTCCC	SPI1_HUMAN.H11MO.0.A	0	0.00849774	6.53476	0.475236	11	CGCCGCTTCCC	TTTCACTTCCTCTTTTT	-
803-CGCCGCTTCCC	HEN1_HUMAN.H11MO.0.C	5	0.00897202	6.89948	0.475236	11	CGCCGCTTCCC	AGGGACGCAGCTGCTCCCCA	-
803-CGCCGCTTCCC	ZSC22_HUMAN.H11MO.0.C	-2	0.00914587	7.03317	0.475236	9	CGCCGCTTCCC	CCTCCTCCCTCAGACC	-
803-CGCCGCTTCCC	NFKB2_HUMAN.H11MO.0.B	-1	0.00921685	7.08776	0.475236	10	CGCCGCTTCCC	GGGGCTTTCCC	-
803-CGCCGCTTCCC	ELK1_HUMAN.H11MO.0.B	-2	0.00921685	7.08776	0.475236	9	CGCCGCTTCCC	CCACTTCCGGT	-
803-CGCCGCTTCCC	ELF2_HUMAN.H11MO.0.C	-2	0.00943669	7.25681	0.475236	9	CGCCGCTTCCC	CCACTTCCGGGTT	-
803-CGCCGCTTCCC	FLI1_HUMAN.H11MO.0.A	1	0.0100042	7.69321	0.475236	11	CGCCGCTTCCC	TCCCTCCTTCCTTCCTCC	-
803-CGCCGCTTCCC	ETV7_HUMAN.H11MO.0.D	-5	0.010389	7.98913	0.475236	6	CGCCGCTTCCC	CTTCCTG	-
803-CGCCGCTTCCC	ZN341_HUMAN.H11MO.1.C	-1	0.0104375	8.02644	0.475236	9	CGCCGCTTCCC	GGCTGTTCC	-
803-CGCCGCTTCCC	MAZ_HUMAN.H11MO.0.A	9	0.0105582	8.11927	0.475236	11	CGCCGCTTCCC	CCCCCCCCCCCCCCCCTCCCCC	-
803-CGCCGCTTCCC	ETS2_HUMAN.H11MO.0.B	-1	0.0114743	8.8237	0.475236	10	CGCCGCTTCCC	TCCTCTTCCTTCC	-
803-CGCCGCTTCCC	MAZ_HUMAN.H11MO.1.A	-2	0.0117992	9.07357	0.475236	9	CGCCGCTTCCC	CCCCCTCCCTC	-
803-CGCCGCTTCCC	ETV1_HUMAN.H11MO.0.A	-3	0.0117992	9.07357	0.475236	8	CGCCGCTTCCC	CACTTCCGGCC	-
803-CGCCGCTTCCC	CTCFL_HUMAN.H11MO.0.A	3	0.0120386	9.2577	0.475236	11	CGCCGCTTCCC	CGGCGCCCCCTGGCGGC	-
803-CGCCGCTTCCC	ELK4_HUMAN.H11MO.0.A	-2	0.01204	9.25873	0.475236	9	CGCCGCTTCCC	CCACTTCCGGTC	-
803-CGCCGCTTCCC	VEZF1_HUMAN.H11MO.1.C	-2	0.01204	9.25873	0.475236	9	CGCCGCTTCCC	CCCCCTCCCCCT	-
803-CGCCGCTTCCC	FLI1_HUMAN.H11MO.1.A	-2	0.0120436	9.26149	0.475236	9	CGCCGCTTCCC	CCACTTCCTGCCT	-
803-CGCCGCTTCCC	ZF64A_HUMAN.H11MO.0.D	-2	0.012297	9.45638	0.475236	9	CGCCGCTTCCC	CAGGTTCCCGGGCCCC	-
803-CGCCGCTTCCC	ELF1_HUMAN.H11MO.0.A	-2	0.0126855	9.75515	0.475482	9	CGCCGCTTCCC	CCACTTCCGGGTTC	-
803-CGCCGCTTCCC	SP3_HUMAN.H11MO.0.B	9	0.0134008	10.3052	0.475482	11	CGCCGCTTCCC	CCCCGGCCCCGCCCCCCCCC	-
803-CGCCGCTTCCC	ZN219_HUMAN.H11MO.0.D	-1	0.0139101	10.6969	0.475482	10	CGCCGCTTCCC	TCCGCCCCCCTC	-
803-CGCCGCTTCCC	ZN263_HUMAN.H11MO.0.A	9	0.0140774	10.8255	0.475482	11	CGCCGCTTCCC	CTCCTCCTCTCCCTCCTCCC	-
803-CGCCGCTTCCC	E2F6_HUMAN.H11MO.0.A	-3	0.0145912	11.2206	0.475482	8	CGCCGCTTCCC	CCCTTCCCGCCCC	-
803-CGCCGCTTCCC	SP1_HUMAN.H11MO.0.A	11	0.0149866	11.5247	0.475482	11	CGCCGCTTCCC	CCCCCCCCCGGCCCCGCCCCCC	-
803-CGCCGCTTCCC	KLF4_HUMAN.H11MO.0.A	-1	0.015362	11.8134	0.475482	10	CGCCGCTTCCC	GCCACACCCT	-
803-CGCCGCTTCCC	KLF9_HUMAN.H11MO.0.C	0	0.0156871	12.0634	0.475482	11	CGCCGCTTCCC	GGCCACGCCCCCTCC	-
803-CGCCGCTTCCC	ZN143_HUMAN.H11MO.0.A	3	0.0157429	12.1063	0.475482	11	CGCCGCTTCCC	GAACTACAATTCCCAGAATGCC	-
803-CGCCGCTTCCC	WT1_HUMAN.H11MO.1.B	-2	0.0157735	12.1298	0.475482	9	CGCCGCTTCCC	CCTCCTCCCAC	-
803-CGCCGCTTCCC	KLF5_HUMAN.H11MO.0.A	3	0.0161095	12.3882	0.476089	11	CGCCGCTTCCC	CCCAGCCCCACCCT	-
803-CGCCGCTTCCC	KLF1_HUMAN.H11MO.0.A	3	0.0168888	12.9875	0.48938	11	CGCCGCTTCCC	CCCGGCCCCGCCCC	-
803-CGCCGCTTCCC	KLF15_HUMAN.H11MO.0.A	7	0.0172086	13.2334	0.48938	11	CGCCGCTTCCC	CCCCCCCCTGCTCCTCCCC	-
805-CGCGCTCAG	ZBT14_HUMAN.H11MO.0.C	1	5.50726e-05	0.0423509	0.0847017	8	CGCGCTCAG	GCGCGCTCC	-
807-CGCTCGCGAGAG	KAISO_HUMAN.H11MO.1.A	-1	4.19181e-06	0.0032235	0.006447	11	CGCTCGCGAGAG	TCTCGCGAGAA	+
807-CGCTCGCGAGAG	KAISO_HUMAN.H11MO.0.A	3	1.1442e-05	0.0087989	0.0087989	12	CGCTCGCGAGAG	CAAATCTCGCGAGAA	+
809-CGGGGCGGCCC	SP1_HUMAN.H11MO.1.A	1	0.000123153	0.0947046	0.116464	11	CGGGGCGGCCC	GGGGGGCGGGGCCG	+
809-CGGGGCGGCCC	KLF12_HUMAN.H11MO.0.C	0	0.000152411	0.117204	0.116464	11	CGGGGCGGCCC	AGGGGCGGGGC	+
809-CGGGGCGGCCC	PLAL1_HUMAN.H11MO.0.D	-1	0.000246853	0.18983	0.125754	10	CGGGGCGGCCC	CGGGGGGCCC	+
809-CGGGGCGGCCC	SP1_HUMAN.H11MO.0.A	1	0.000746434	0.574008	0.257291	11	CGGGGCGGCCC	GGGGGGCGGGGCCGGGGGGGGG	+
809-CGGGGCGGCCC	SP2_HUMAN.H11MO.0.A	5	0.000841765	0.647317	0.257291	11	CGGGGCGGCCC	GGGGGGGGGGCGGGGCCGGGGG	+
809-CGGGGCGGCCC	SP2_HUMAN.H11MO.1.B	1	0.00115439	0.887725	0.294039	11	CGGGGCGGCCC	AGGGGGCGGGGC	+
809-CGGGGCGGCCC	SP3_HUMAN.H11MO.0.B	4	0.00152146	1.17	0.332175	11	CGGGGCGGCCC	GGGGGGGGGCGGGGCCGGGG	+
809-CGGGGCGGCCC	GLI1_HUMAN.H11MO.0.D	1	0.00189985	1.46098	0.362938	11	CGGGGCGGCCC	CCTGGGTGGTCT	+
809-CGGGGCGGCCC	ZIC1_HUMAN.H11MO.0.B	-1	0.00258803	1.9902	0.372317	9	CGGGGCGGCCC	GGGGTGGTC	+
809-CGGGGCGGCCC	HIC1_HUMAN.H11MO.0.C	-2	0.00291074	2.23836	0.372317	9	CGGGGCGGCCC	GGGTTGCCC	+
809-CGGGGCGGCCC	ZN219_HUMAN.H11MO.0.D	3	0.00421539	3.24164	0.457875	9	CGGGGCGGCCC	GAGGGGGGCGGA	+
809-CGGGGCGGCCC	SP4_HUMAN.H11MO.0.A	5	0.0043497	3.34492	0.457875	11	CGGGGCGGCCC	GGGAAGGGGGCGGGGCCGGG	+
809-CGGGGCGGCCC	SP4_HUMAN.H11MO.1.A	3	0.00449401	3.4559	0.457875	11	CGGGGCGGCCC	GGAGGGGGCGGGGCCG	+
810-CTCAGAAAG	ZN768_HUMAN.H11MO.0.C	4	0.000201454	0.154918	0.309836	9	CTCAGAAAG	GAGGCTCAGAGAGGTTAAGT	+
812-CTCCTCCTCCCKCC	WT1_HUMAN.H11MO.0.C	3	4.40043e-06	0.00338393	0.00518857	14	CTCCTCCTCCCGCC	CCCCCCCTCCTCCCCCGCCC	-
812-CTCCTCCTCCCKCC	ZN263_HUMAN.H11MO.1.A	-2	6.94616e-06	0.0053416	0.00518857	11	CTCCTCCTCCCGCC	CCTCCTCCCTC	-
812-CTCCTCCTCCCKCC	WT1_HUMAN.H11MO.1.B	-2	1.82691e-05	0.014049	0.00909766	11	CTCCTCCTCCCGCC	CCTCCTCCCAC	-
812-CTCCTCCTCCCKCC	ZSC22_HUMAN.H11MO.0.C	-2	3.25505e-05	0.0250314	0.0121571	12	CTCCTCCTCCCGCC	CCTCCTCCCTCAGACC	-
812-CTCCTCCTCCCKCC	ZN281_HUMAN.H11MO.0.A	1	5.34679e-05	0.0411168	0.0159756	14	CTCCTCCTCCCGCC	TCCCCTCCCCCACCC	-
812-CTCCTCCTCCCKCC	ZN263_HUMAN.H11MO.0.A	9	6.63508e-05	0.0510237	0.0165118	11	CTCCTCCTCCCGCC	CTCCTCCTCTCCCTCCTCCC	-
812-CTCCTCCTCCCKCC	MAZ_HUMAN.H11MO.1.A	-2	7.90715e-05	0.060806	0.0165118	11	CTCCTCCTCCCGCC	CCCCCTCCCTC	-
812-CTCCTCCTCCCKCC	VEZF1_HUMAN.H11MO.0.C	3	8.842e-05	0.067995	0.0165118	14	CTCCTCCTCCCGCC	CCCCTCCCCCTCCCCCCTCCCC	-
812-CTCCTCCTCCCKCC	PATZ1_HUMAN.H11MO.1.C	-3	0.000118209	0.0909024	0.0185624	9	CTCCTCCTCCCGCC	CCCCTCCCT	-
812-CTCCTCCTCCCKCC	E2F6_HUMAN.H11MO.0.A	-3	0.000124252	0.0955495	0.0185624	11	CTCCTCCTCCCGCC	CCCTTCCCGCCCC	-
812-CTCCTCCTCCCKCC	ZN219_HUMAN.H11MO.0.D	-1	0.000162091	0.124648	0.0220139	12	CTCCTCCTCCCGCC	TCCGCCCCCCTC	-
812-CTCCTCCTCCCKCC	ZN148_HUMAN.H11MO.0.D	0	0.000255555	0.196522	0.0318153	14	CTCCTCCTCCCGCC	CCCCTCCCCCACCCC	-
812-CTCCTCCTCCCKCC	KLF16_HUMAN.H11MO.0.D	2	0.000330726	0.254328	0.0380065	14	CTCCTCCTCCCGCC	CCCCCCCCCCCCCGCCCCC	-
812-CTCCTCCTCCCKCC	TBX1_HUMAN.H11MO.0.D	5	0.000398548	0.306484	0.0390743	14	CTCCTCCTCCCGCC	CCGCCCACCCCTGCCCACCC	-
812-CTCCTCCTCCCKCC	VEZF1_HUMAN.H11MO.1.C	-2	0.000427152	0.32848	0.0390743	12	CTCCTCCTCCCGCC	CCCCCTCCCCCT	-
812-CTCCTCCTCCCKCC	ZN341_HUMAN.H11MO.0.C	1	0.000444639	0.341927	0.0390743	14	CTCCTCCTCCCGCC	GCTCTTCCCTCCCCCCCCCCCC	-
812-CTCCTCCTCCCKCC	MAZ_HUMAN.H11MO.0.A	9	0.000444639	0.341927	0.0390743	13	CTCCTCCTCCCGCC	CCCCCCCCCCCCCCCCTCCCCC	-
812-CTCCTCCTCCCKCC	ZN770_HUMAN.H11MO.1.C	0	0.000471438	0.362536	0.0391278	11	CTCCTCCTCCCGCC	CTCAGCCTCCC	-
812-CTCCTCCTCCCKCC	EGR2_HUMAN.H11MO.0.A	3	0.000520067	0.399932	0.040892	14	CTCCTCCTCCCGCC	CCCCTCCCACACCCCCCC	-
812-CTCCTCCTCCCKCC	SP4_HUMAN.H11MO.0.A	5	0.000686616	0.528008	0.0507387	14	CTCCTCCTCCCGCC	CCCGGCCCCGCCCCCTTCCC	-
812-CTCCTCCTCCCKCC	ZN467_HUMAN.H11MO.0.C	10	0.000726474	0.558659	0.0507387	12	CTCCTCCTCCCGCC	CCCCCCCCCCCCTCCCCTCCCC	-
812-CTCCTCCTCCCKCC	TBX15_HUMAN.H11MO.0.D	4	0.000747187	0.574587	0.0507387	14	CTCCTCCTCCCGCC	CCCCCACCCCCCCCCCCCC	-
812-CTCCTCCTCCCKCC	KLF15_HUMAN.H11MO.0.A	3	0.000830712	0.638818	0.0518705	14	CTCCTCCTCCCGCC	CCCCCCCCTGCTCCTCCCC	-
812-CTCCTCCTCCCKCC	SP4_HUMAN.H11MO.1.A	3	0.000833294	0.640803	0.0518705	13	CTCCTCCTCCCGCC	CGGCCCCGCCCCCTCC	-
812-CTCCTCCTCCCKCC	ZBT17_HUMAN.H11MO.0.A	3	0.000922997	0.709784	0.055156	14	CTCCTCCTCCCGCC	CTTCCCCTCCCCCACCCTC	-
812-CTCCTCCTCCCKCC	SP2_HUMAN.H11MO.0.A	7	0.00136983	1.0534	0.0757942	14	CTCCTCCTCCCGCC	CCCCCGGCCCCGCCCCCCCCCC	-
812-CTCCTCCTCCCKCC	ZN770_HUMAN.H11MO.0.C	11	0.00136983	1.0534	0.0757942	11	CTCCTCCTCCCGCC	GATCCTCCCGCCTCAGCCTCCC	-
812-CTCCTCCTCCCKCC	FLI1_HUMAN.H11MO.0.A	4	0.00148493	1.14191	0.0792283	14	CTCCTCCTCCCGCC	TCCCTCCTTCCTTCCTCC	-
812-CTCCTCCTCCCKCC	SP3_HUMAN.H11MO.0.B	6	0.00158615	1.21975	0.0817108	14	CTCCTCCTCCCGCC	CCCCGGCCCCGCCCCCCCCC	-
812-CTCCTCCTCCCKCC	E2F7_HUMAN.H11MO.0.B	-3	0.00174677	1.34327	0.0868958	11	CTCCTCCTCCCGCC	CCTTTCCCGCCCC	-
812-CTCCTCCTCCCKCC	KLF6_HUMAN.H11MO.0.A	4	0.00180313	1.38661	0.0868958	14	CTCCTCCTCCCGCC	CCCCCGGCCCCGCCCTTCC	-
812-CTCCTCCTCCCKCC	EGR4_HUMAN.H11MO.0.D	-3	0.00190278	1.46324	0.0888323	11	CTCCTCCTCCCGCC	GCCCTGCCGCC	-
812-CTCCTCCTCCCKCC	ZN436_HUMAN.H11MO.0.C	-2	0.00211265	1.62463	0.093667	12	CTCCTCCTCCCGCC	CCTCCTCCAGGAAGCCTTCCCTGA	-
812-CTCCTCCTCCCKCC	SP2_HUMAN.H11MO.1.B	1	0.00217649	1.67372	0.093667	11	CTCCTCCTCCCGCC	GCCCCGCCCCCT	-
812-CTCCTCCTCCCKCC	EGR2_HUMAN.H11MO.1.A	-2	0.00219443	1.68752	0.093667	12	CTCCTCCTCCCGCC	CCCCCGCCCACGCCCC	-
812-CTCCTCCTCCCKCC	E2F4_HUMAN.H11MO.1.A	0	0.00267915	2.06027	0.11118	14	CTCCTCCTCCCGCC	TCAAATTTCCCGCC	-
812-CTCCTCCTCCCKCC	E2F1_HUMAN.H11MO.0.A	-4	0.00295732	2.27418	0.119407	10	CTCCTCCTCCCGCC	CTTTCCCGCCCCCC	-
812-CTCCTCCTCCCKCC	PLAG1_HUMAN.H11MO.0.D	3	0.00339889	2.61375	0.129581	14	CTCCTCCTCCCGCC	CCCCTCCTGATGCCCCC	-
812-CTCCTCCTCCCKCC	TFDP1_HUMAN.H11MO.0.C	-4	0.00342593	2.63454	0.129581	10	CTCCTCCTCCCGCC	TTTTCCCGCCCCCC	-
812-CTCCTCCTCCCKCC	E2F3_HUMAN.H11MO.0.A	-5	0.00346952	2.66806	0.129581	9	CTCCTCCTCCCGCC	TTTCCCGCCCT	-
812-CTCCTCCTCCCKCC	KLF3_HUMAN.H11MO.0.B	2	0.00360392	2.77142	0.131318	14	CTCCTCCTCCCGCC	CCCGGCCCCGCCCCTCCCC	-
812-CTCCTCCTCCCKCC	PATZ1_HUMAN.H11MO.0.C	0	0.00433771	3.3357	0.154292	14	CTCCTCCTCCCGCC	CCTCCCCCCCCGCCCCCTCCCC	-
812-CTCCTCCTCCCKCC	E2F4_HUMAN.H11MO.0.A	-4	0.00481167	3.70017	0.167171	10	CTCCTCCTCCCGCC	ATTTCCCGCCCCC	-
812-CTCCTCCTCCCKCC	SALL4_HUMAN.H11MO.0.B	-4	0.00516013	3.96814	0.173301	10	CTCCTCCTCCCGCC	CCCACCCTCC	-
812-CTCCTCCTCCCKCC	EGR1_HUMAN.H11MO.0.A	-2	0.00522012	4.01427	0.173301	12	CTCCTCCTCCCGCC	CCCCCGCCCACGCCCTC	-
812-CTCCTCCTCCCKCC	SP1_HUMAN.H11MO.0.A	4	0.00551358	4.23994	0.179064	14	CTCCTCCTCCCGCC	CCCCCCCCCGGCCCCGCCCCCC	-
812-CTCCTCCTCCCKCC	ZNF76_HUMAN.H11MO.0.C	1	0.00578191	4.44629	0.180829	14	CTCCTCCTCCCGCC	ACTACAATTCCCAGAATGCCCC	-
812-CTCCTCCTCCCKCC	SP1_HUMAN.H11MO.1.A	0	0.00581001	4.4679	0.180829	14	CTCCTCCTCCCGCC	CGGCCCCGCCCCCC	-
812-CTCCTCCTCCCKCC	ERG_HUMAN.H11MO.0.A	1	0.00644063	4.95285	0.196366	12	CTCCTCCTCCCGCC	CCACTTCCTGCCC	-
812-CTCCTCCTCCCKCC	ELF5_HUMAN.H11MO.0.A	1	0.00667617	5.13397	0.199476	14	CTCCTCCTCCCGCC	CCACTTCCTCCTTCC	-
812-CTCCTCCTCCCKCC	FEV_HUMAN.H11MO.0.B	-3	0.00712703	5.48069	0.208772	10	CTCCTCCTCCCGCC	CGCTTCCCGC	-
812-CTCCTCCTCCCKCC	TAF1_HUMAN.H11MO.0.A	1	0.0075845	5.83248	0.217348	14	CTCCTCCTCCCGCC	CCGCCGCCGCCATCTT	-
812-CTCCTCCTCCCKCC	ETS2_HUMAN.H11MO.0.B	-1	0.00779799	5.99665	0.217348	13	CTCCTCCTCCCGCC	TCCTCTTCCTTCC	-
812-CTCCTCCTCCCKCC	THA11_HUMAN.H11MO.0.B	3	0.00802975	6.17488	0.217348	14	CTCCTCCTCCCGCC	GAACTACAACTCCCAGCATGCC	-
812-CTCCTCCTCCCKCC	CTCFL_HUMAN.H11MO.0.A	3	0.00829433	6.37834	0.217348	14	CTCCTCCTCCCGCC	CGGCGCCCCCTGGCGGC	-
812-CTCCTCCTCCCKCC	ZN784_HUMAN.H11MO.0.D	-2	0.0083906	6.45237	0.217348	11	CTCCTCCTCCCGCC	GTACCTACCTC	-
812-CTCCTCCTCCCKCC	ZN143_HUMAN.H11MO.0.A	3	0.00841039	6.46759	0.217348	14	CTCCTCCTCCCGCC	GAACTACAATTCCCAGAATGCC	-
812-CTCCTCCTCCCKCC	ASCL1_HUMAN.H11MO.0.A	0	0.0084382	6.48897	0.217348	14	CTCCTCCTCCCGCC	CTGCACCTGCTCCC	+
812-CTCCTCCTCCCKCC	ETS1_HUMAN.H11MO.0.A	-2	0.00986885	7.58914	0.249889	12	CTCCTCCTCCCGCC	CCACTTCCTGTCT	-
812-CTCCTCCTCCCKCC	ETV4_HUMAN.H11MO.0.B	0	0.0102474	7.88022	0.255149	11	CTCCTCCTCCCGCC	CCCTTCCTGTT	-
812-CTCCTCCTCCCKCC	ZN740_HUMAN.H11MO.0.D	-1	0.011096	8.53284	0.271751	13	CTCCTCCTCCCGCC	CCCACCCCCCCCCC	-
812-CTCCTCCTCCCKCC	FLI1_HUMAN.H11MO.1.A	1	0.0118815	9.13691	0.286295	12	CTCCTCCTCCCGCC	CCACTTCCTGCCT	-
812-CTCCTCCTCCCKCC	KLF5_HUMAN.H11MO.0.A	2	0.0121424	9.33747	0.287936	12	CTCCTCCTCCCGCC	CCCAGCCCCACCCT	-
812-CTCCTCCTCCCKCC	GLIS3_HUMAN.H11MO.0.D	-3	0.0126303	9.71269	0.294826	10	CTCCTCCTCCCGCC	TACCCCCCAC	-
812-CTCCTCCTCCCKCC	ZBTB6_HUMAN.H11MO.0.C	3	0.0130248	10.016	0.299357	10	CTCCTCCTCCCGCC	CGGCTCCAGCACC	-
812-CTCCTCCTCCCKCC	ETV5_HUMAN.H11MO.0.C	2	0.0132796	10.212	0.30059	12	CTCCTCCTCCCGCC	CTCACTTCCTGCTC	-
812-CTCCTCCTCCCKCC	ZN320_HUMAN.H11MO.0.C	7	0.0154866	11.9092	0.345315	13	CTCCTCCTCCCGCC	CACTGGCCCCCTGGTCCCAC	-
812-CTCCTCCTCCCKCC	SRBP2_HUMAN.H11MO.0.B	-2	0.0163423	12.5672	0.359035	12	CTCCTCCTCCCGCC	CCTCACCCCACCC	-
812-CTCCTCCTCCCKCC	IKZF1_HUMAN.H11MO.0.C	-5	0.0173625	13.3518	0.375921	8	CTCCTCCTCCCGCC	TCTCCCAA	-
812-CTCCTCCTCCCKCC	OSR2_HUMAN.H11MO.0.C	1	0.0176593	13.58	0.376884	14	CTCCTCCTCCCGCC	GCTGCTGCTTCTGCTG	+
812-CTCCTCCTCCCKCC	KLF1_HUMAN.H11MO.0.A	-2	0.0180835	13.9062	0.380502	12	CTCCTCCTCCCGCC	CCCGGCCCCGCCCC	-
812-CTCCTCCTCCCKCC	E2F8_HUMAN.H11MO.0.D	-5	0.0184067	14.1548	0.381924	9	CTCCTCCTCCCGCC	TTTCCCGCCAAA	-
812-CTCCTCCTCCCKCC	ETV7_HUMAN.H11MO.0.D	-2	0.0204771	15.7469	0.419063	7	CTCCTCCTCCCGCC	CTTCCTG	-
812-CTCCTCCTCCCKCC	ZBTB4_HUMAN.H11MO.0.D	-1	0.0209245	16.091	0.420555	13	CTCCTCCTCCCGCC	CCCACCTGCCATCTAGG	-
812-CTCCTCCTCCCKCC	KLF12_HUMAN.H11MO.0.C	-2	0.0211131	16.236	0.420555	11	CTCCTCCTCCCGCC	GCCCCGCCCCT	-
812-CTCCTCCTCCCKCC	SPI1_HUMAN.H11MO.0.A	3	0.0227754	17.5143	0.445442	14	CTCCTCCTCCCGCC	TTTCACTTCCTCTTTTT	-
812-CTCCTCCTCCCKCC	GLIS1_HUMAN.H11MO.0.D	-2	0.0233016	17.9189	0.445442	12	CTCCTCCTCCCGCC	AGACCCCCCACGA	-
812-CTCCTCCTCCCKCC	ZIC1_HUMAN.H11MO.0.B	-3	0.0235551	18.1139	0.445442	9	CTCCTCCTCCCGCC	GACCACCCC	-
812-CTCCTCCTCCCKCC	ZN341_HUMAN.H11MO.1.C	2	0.0235551	18.1139	0.445442	7	CTCCTCCTCCCGCC	GGCTGTTCC	-
812-CTCCTCCTCCCKCC	SPIB_HUMAN.H11MO.0.A	3	0.0247752	19.0521	0.462658	14	CTCCTCCTCCCGCC	TTTCACTTCCTCTTTTT	-
812-CTCCTCCTCCCKCC	ETV1_HUMAN.H11MO.0.A	-3	0.0254184	19.5467	0.468809	11	CTCCTCCTCCCGCC	CACTTCCGGCC	-
812-CTCCTCCTCCCKCC	MZF1_HUMAN.H11MO.0.B	-2	0.0277165	21.314	0.499609	12	CTCCTCCTCCCGCC	CCCAATCCCCTCC	-
812-CTCCTCCTCCCKCC	GLIS2_HUMAN.H11MO.0.D	-3	0.0277572	21.3453	0.499609	11	CTCCTCCTCCCGCC	GACCCCCCGCGAAG	-
813-CTCCTGCGCC	ZN586_HUMAN.H11MO.0.C	9	0.000150637	0.11584	0.230008	10	CTCCTGCGCC	CATTTTTTCCTCCTAGGCCT	-
816-CTGCGTCCA	HEN1_HUMAN.H11MO.0.C	10	4.09269e-05	0.0314728	0.0629456	9	CTGCGTCCA	TGGGGAGCAGCTGCGTCCCT	+
817-CTGGGATTGGC	FOXI1_HUMAN.H11MO.0.B	0	0.000184341	0.141758	0.281353	11	CTGGGATTGGC	CTCTGATTGGTC	+
817-CTGGGATTGGC	NFYC_HUMAN.H11MO.0.A	0	0.000550762	0.423536	0.304825	11	CTGGGATTGGC	CTCTGATTGGCTAG	-
817-CTGGGATTGGC	NFYB_HUMAN.H11MO.0.A	0	0.000889953	0.684374	0.304825	11	CTGGGATTGGC	CTCTGATTGGCTG	-
817-CTGGGATTGGC	NFYA_HUMAN.H11MO.0.A	0	0.00105209	0.809059	0.304825	11	CTGGGATTGGC	TTCTGATTGGCTGA	-
817-CTGGGATTGGC	PBX3_HUMAN.H11MO.1.A	-3	0.00120463	0.926357	0.304825	8	CTGGGATTGGC	TGATTGGCA	+
817-CTGGGATTGGC	THA11_HUMAN.H11MO.0.B	6	0.00146026	1.12294	0.304825	11	CTGGGATTGGC	GGCATGCTGGGAGTTGTAGTTC	+
817-CTGGGATTGGC	ZNF76_HUMAN.H11MO.0.C	8	0.00154845	1.19076	0.304825	11	CTGGGATTGGC	GGGGCATTCTGGGAATTGTAGT	+
817-CTGGGATTGGC	ZN143_HUMAN.H11MO.0.A	6	0.00173996	1.33803	0.304825	11	CTGGGATTGGC	GGCATTCTGGGAATTGTAGTTC	+
817-CTGGGATTGGC	NFIA_HUMAN.H11MO.1.D	-5	0.00195486	1.50329	0.304825	6	CTGGGATTGGC	CTTGGCA	+
817-CTGGGATTGGC	CEBPZ_HUMAN.H11MO.0.D	-1	0.0019972	1.53585	0.304825	10	CTGGGATTGGC	GCTGATTGGCT	+
817-CTGGGATTGGC	KLF4_HUMAN.H11MO.0.A	-1	0.00238267	1.83227	0.330598	10	CTGGGATTGGC	AGGGTGTGGC	+
817-CTGGGATTGGC	PITX2_HUMAN.H11MO.0.D	-1	0.00266964	2.05295	0.339547	10	CTGGGATTGGC	TGGGATTAAA	+
817-CTGGGATTGGC	ZN331_HUMAN.H11MO.0.C	2	0.00325142	2.50034	0.381733	11	CTGGGATTGGC	GGCTGGGCTCAGCTGGGTGG	+
817-CTGGGATTGGC	IKZF1_HUMAN.H11MO.0.C	0	0.00372171	2.86199	0.405736	8	CTGGGATTGGC	TTGGGAGA	+
817-CTGGGATTGGC	GFI1B_HUMAN.H11MO.0.A	1	0.00547849	4.21296	0.469847	9	CTGGGATTGGC	GCTGTGATTT	+
817-CTGGGATTGGC	GSC2_HUMAN.H11MO.0.D	0	0.00554114	4.26114	0.469847	11	CTGGGATTGGC	AGCGGATTAGG	+
817-CTGGGATTGGC	GSC_HUMAN.H11MO.0.D	0	0.00554114	4.26114	0.469847	11	CTGGGATTGGC	AAGGGATTAGC	+
817-CTGGGATTGGC	OTX2_HUMAN.H11MO.0.A	0	0.00554114	4.26114	0.469847	11	CTGGGATTGGC	AGGGGATTAAC	+
817-CTGGGATTGGC	PITX1_HUMAN.H11MO.0.D	-1	0.00604873	4.65148	0.475759	9	CTGGGATTGGC	AGGGATTAA	+
817-CTGGGATTGGC	RHXF1_HUMAN.H11MO.0.D	0	0.00681192	5.23837	0.475759	11	CTGGGATTGGC	CGGGGATTAAC	+
817-CTGGGATTGGC	KLF5_HUMAN.H11MO.0.A	-1	0.00700552	5.38725	0.475759	10	CTGGGATTGGC	AGGGTGGGGCTGGG	+
817-CTGGGATTGGC	PATZ1_HUMAN.H11MO.1.C	-1	0.00715241	5.5002	0.475759	9	CTGGGATTGGC	AGGGAGGGG	+
817-CTGGGATTGGC	DPRX_HUMAN.H11MO.0.D	-1	0.00716945	5.51331	0.475759	10	CTGGGATTGGC	ACGGATTATCC	+
817-CTGGGATTGGC	GFI1_HUMAN.H11MO.0.C	1	0.00754337	5.80085	0.479715	9	CTGGGATTGGC	GCTGTGATTT	+
817-CTGGGATTGGC	ZEP1_HUMAN.H11MO.0.D	-1	0.00813243	6.25384	0.496382	10	CTGGGATTGGC	GGGGATTTCCCA	-
817-CTGGGATTGGC	KLF12_HUMAN.H11MO.0.C	0	0.00878113	6.75269	0.496382	11	CTGGGATTGGC	AGGGGCGGGGC	+
817-CTGGGATTGGC	ZN449_HUMAN.H11MO.0.C	-2	0.00878113	6.75269	0.496382	9	CTGGGATTGGC	TGGTTGGGCTT	+
820-GAACTGTA	ZN143_HUMAN.H11MO.0.A	10	0.000364358	0.280191	0.386431	8	GAACTGTA	GGCATTCTGGGAATTGTAGTTC	+
820-GAACTGTA	THA11_HUMAN.H11MO.0.B	10	0.000502511	0.386431	0.386431	8	GAACTGTA	GGCATGCTGGGAGTTGTAGTTC	+
822-GAGAGAGAC	SMAD2_HUMAN.H11MO.0.A	2	0.00037836	0.290959	0.469906	9	GAGAGAGAC	AGGTGACAGACA	-
822-GAGAGAGAC	ZN121_HUMAN.H11MO.0.C	10	0.000745129	0.573004	0.469906	9	GAGAGAGAC	CTGGGCAACATAGCAAGACC	+
822-GAGAGAGAC	ZN274_HUMAN.H11MO.0.A	7	0.000916592	0.704859	0.469906	9	GAGAGAGAC	CATACTGGAGAGAAACCCTA	+
827-GCCGCCGCCTCAGCC	ZN770_HUMAN.H11MO.0.C	3	5.25411e-05	0.0404041	0.0784899	15	GCCGCCGCCTCAGCC	GATCCTCCCGCCTCAGCCTCCC	-
827-GCCGCCGCCTCAGCC	XBP1_HUMAN.H11MO.0.D	-3	0.000451686	0.347346	0.212281	11	GCCGCCGCCTCAGCC	GCCACGTCAGC	-
827-GCCGCCGCCTCAGCC	MAFK_HUMAN.H11MO.1.A	-2	0.000530495	0.407951	0.212281	13	GCCGCCGCCTCAGCC	TGCTGACTCAGCA	-
827-GCCGCCGCCTCAGCC	ZFX_HUMAN.H11MO.1.A	-1	0.000832679	0.64033	0.212281	14	GCCGCCGCCTCAGCC	CCCCGGCCTCCGCCCCC	-
827-GCCGCCGCCTCAGCC	EGR2_HUMAN.H11MO.0.A	1	0.000967252	0.743817	0.212281	15	GCCGCCGCCTCAGCC	CCCCTCCCACACCCCCCC	-
827-GCCGCCGCCTCAGCC	SP2_HUMAN.H11MO.0.A	5	0.0010712	0.823754	0.212281	15	GCCGCCGCCTCAGCC	CCCCCGGCCCCGCCCCCCCCCC	-
827-GCCGCCGCCTCAGCC	BACH1_HUMAN.H11MO.0.A	-2	0.00124415	0.956754	0.212281	13	GCCGCCGCCTCAGCC	GCATGACTCAGCA	-
827-GCCGCCGCCTCAGCC	KLF5_HUMAN.H11MO.0.A	-2	0.00134823	1.03679	0.212281	13	GCCGCCGCCTCAGCC	CCCAGCCCCACCCT	-
827-GCCGCCGCCTCAGCC	WT1_HUMAN.H11MO.0.C	1	0.00138286	1.06342	0.212281	15	GCCGCCGCCTCAGCC	CCCCCCCTCCTCCCCCGCCC	-
827-GCCGCCGCCTCAGCC	MAFA_HUMAN.H11MO.0.D	5	0.00142101	1.09275	0.212281	15	GCCGCCGCCTCAGCC	CGAAGGCTGCGGGGTCAGCAC	-
827-GCCGCCGCCTCAGCC	MAFF_HUMAN.H11MO.1.B	-6	0.0020293	1.56053	0.242257	9	GCCGCCGCCTCAGCC	GACTCAGCA	-
827-GCCGCCGCCTCAGCC	SP4_HUMAN.H11MO.1.A	1	0.00209166	1.60849	0.242257	15	GCCGCCGCCTCAGCC	CGGCCCCGCCCCCTCC	-
827-GCCGCCGCCTCAGCC	THAP1_HUMAN.H11MO.0.C	1	0.00212053	1.63069	0.242257	15	GCCGCCGCCTCAGCC	CGCCGCCATCTTGGCTGCGGGC	+
827-GCCGCCGCCTCAGCC	KLF16_HUMAN.H11MO.0.D	2	0.00246034	1.892	0.242257	15	GCCGCCGCCTCAGCC	CCCCCCCCCCCCCGCCCCC	-
827-GCCGCCGCCTCAGCC	EGR1_HUMAN.H11MO.0.A	2	0.00251878	1.93694	0.242257	15	GCCGCCGCCTCAGCC	CCCCCGCCCACGCCCTC	-
827-GCCGCCGCCTCAGCC	SP4_HUMAN.H11MO.0.A	3	0.00269757	2.07443	0.242257	15	GCCGCCGCCTCAGCC	CCCGGCCCCGCCCCCTTCCC	-
827-GCCGCCGCCTCAGCC	ZN554_HUMAN.H11MO.1.D	-5	0.00275684	2.12001	0.242257	9	GCCGCCGCCTCAGCC	TGGCTCTGC	-
827-GCCGCCGCCTCAGCC	SP1_HUMAN.H11MO.1.A	1	0.0029456	2.26517	0.244465	13	GCCGCCGCCTCAGCC	CGGCCCCGCCCCCC	-
827-GCCGCCGCCTCAGCC	SP3_HUMAN.H11MO.0.B	4	0.00340293	2.61685	0.258378	15	GCCGCCGCCTCAGCC	CCCCGGCCCCGCCCCCCCCC	-
827-GCCGCCGCCTCAGCC	EGR2_HUMAN.H11MO.1.A	2	0.00382142	2.93867	0.258378	14	GCCGCCGCCTCAGCC	CCCCCGCCCACGCCCC	-
827-GCCGCCGCCTCAGCC	TAF1_HUMAN.H11MO.0.A	2	0.00382142	2.93867	0.258378	14	GCCGCCGCCTCAGCC	CCGCCGCCGCCATCTT	-
827-GCCGCCGCCTCAGCC	PATZ1_HUMAN.H11MO.0.C	5	0.0040868	3.14275	0.258378	15	GCCGCCGCCTCAGCC	CCTCCCCCCCCGCCCCCTCCCC	-
827-GCCGCCGCCTCAGCC	KLF15_HUMAN.H11MO.0.A	2	0.00447636	3.44232	0.258378	15	GCCGCCGCCTCAGCC	CCCCCCCCTGCTCCTCCCC	-
827-GCCGCCGCCTCAGCC	MAFG_HUMAN.H11MO.1.A	-7	0.00461151	3.54625	0.258378	8	GCCGCCGCCTCAGCC	ACTCAGCA	-
827-GCCGCCGCCTCAGCC	KLF1_HUMAN.H11MO.0.A	-2	0.00471501	3.62584	0.258378	13	GCCGCCGCCTCAGCC	CCCGGCCCCGCCCC	-
827-GCCGCCGCCTCAGCC	HEN1_HUMAN.H11MO.0.C	3	0.00512643	3.94222	0.258378	15	GCCGCCGCCTCAGCC	AGGGACGCAGCTGCTCCCCA	-
827-GCCGCCGCCTCAGCC	ZN331_HUMAN.H11MO.0.C	0	0.00512643	3.94222	0.258378	15	GCCGCCGCCTCAGCC	CCACCCAGCTGAGCCCAGCC	-
827-GCCGCCGCCTCAGCC	MAFG_HUMAN.H11MO.0.A	3	0.00524491	4.03334	0.258378	15	GCCGCCGCCTCAGCC	AAAATTGCTGACTCAGCA	+
827-GCCGCCGCCTCAGCC	ATF6A_HUMAN.H11MO.0.B	-4	0.00530186	4.07713	0.258378	11	GCCGCCGCCTCAGCC	CCACGTCACCAC	-
827-GCCGCCGCCTCAGCC	SP2_HUMAN.H11MO.1.B	2	0.00530186	4.07713	0.258378	10	GCCGCCGCCTCAGCC	GCCCCGCCCCCT	-
827-GCCGCCGCCTCAGCC	ZN263_HUMAN.H11MO.0.A	4	0.00536169	4.12314	0.258378	15	GCCGCCGCCTCAGCC	CTCCTCCTCTCCCTCCTCCC	-
827-GCCGCCGCCTCAGCC	NRL_HUMAN.H11MO.0.D	-4	0.00588975	4.52922	0.270055	11	GCCGCCGCCTCAGCC	CTGCGTCAGCA	-
827-GCCGCCGCCTCAGCC	MAFF_HUMAN.H11MO.0.B	3	0.00599259	4.6083	0.270055	15	GCCGCCGCCTCAGCC	AAAAATGCTGACTCAGCA	-
827-GCCGCCGCCTCAGCC	SP1_HUMAN.H11MO.0.A	3	0.00642528	4.94104	0.270055	15	GCCGCCGCCTCAGCC	CCCCCCCCCGGCCCCGCCCCCC	-
827-GCCGCCGCCTCAGCC	ZN770_HUMAN.H11MO.1.C	-2	0.00652344	5.01652	0.270055	11	GCCGCCGCCTCAGCC	CTCAGCCTCCC	-
827-GCCGCCGCCTCAGCC	MAFB_HUMAN.H11MO.0.B	-4	0.00686348	5.27801	0.270055	11	GCCGCCGCCTCAGCC	CTGAGTCAGCA	-
827-GCCGCCGCCTCAGCC	ZN148_HUMAN.H11MO.0.D	1	0.00710243	5.46177	0.270055	14	GCCGCCGCCTCAGCC	CCCCTCCCCCACCCC	-
827-GCCGCCGCCTCAGCC	EGR4_HUMAN.H11MO.0.D	2	0.00721989	5.5521	0.270055	9	GCCGCCGCCTCAGCC	GCCCTGCCGCC	-
827-GCCGCCGCCTCAGCC	INSM1_HUMAN.H11MO.0.C	-2	0.00783034	6.02153	0.270055	12	GCCGCCGCCTCAGCC	TGCCCCCTGACA	-
827-GCCGCCGCCTCAGCC	TBX15_HUMAN.H11MO.0.D	2	0.0079664	6.12616	0.270055	15	GCCGCCGCCTCAGCC	CCCCCACCCCCCCCCCCCC	-
827-GCCGCCGCCTCAGCC	ZN322_HUMAN.H11MO.0.B	2	0.00833736	6.41143	0.270055	15	GCCGCCGCCTCAGCC	GAGCCTGGTACAGAGCCTGG	+
827-GCCGCCGCCTCAGCC	KLF13_HUMAN.H11MO.0.D	0	0.00839472	6.45554	0.270055	11	GCCGCCGCCTCAGCC	CACGCCCCCCT	-
827-GCCGCCGCCTCAGCC	NFE2_HUMAN.H11MO.0.A	-2	0.00840736	6.46526	0.270055	13	GCCGCCGCCTCAGCC	GCATGACTCAGCA	+
827-GCCGCCGCCTCAGCC	CREB3_HUMAN.H11MO.0.D	-2	0.00840736	6.46526	0.270055	13	GCCGCCGCCTCAGCC	TGCCACGTCACCA	-
827-GCCGCCGCCTCAGCC	SPZ1_HUMAN.H11MO.0.D	0	0.0084964	6.53373	0.270055	15	GCCGCCGCCTCAGCC	CCCAGGGTAACAGCCG	-
827-GCCGCCGCCTCAGCC	BACH2_HUMAN.H11MO.0.A	-4	0.00927374	7.1315	0.283761	11	GCCGCCGCCTCAGCC	ATGACTCAGCA	-
827-GCCGCCGCCTCAGCC	AP2D_HUMAN.H11MO.0.D	-2	0.00930751	7.15747	0.283761	13	GCCGCCGCCTCAGCC	ACGCGCCTCGGGCG	-
827-GCCGCCGCCTCAGCC	MAF_HUMAN.H11MO.0.A	-1	0.00988549	7.60194	0.289563	14	GCCGCCGCCTCAGCC	TTGCTGAGTCAGCAGATTC	-
827-GCCGCCGCCTCAGCC	MAZ_HUMAN.H11MO.0.A	7	0.0118367	9.10243	0.315883	15	GCCGCCGCCTCAGCC	CCCCCCCCCCCCCCCCTCCCCC	-
827-GCCGCCGCCTCAGCC	ZN281_HUMAN.H11MO.0.A	0	0.0119511	9.19042	0.315883	15	GCCGCCGCCTCAGCC	TCCCCTCCCCCACCC	-
827-GCCGCCGCCTCAGCC	AP2B_HUMAN.H11MO.0.B	-5	0.0123318	9.48314	0.315883	10	GCCGCCGCCTCAGCC	GCCCCCGGGC	-
827-GCCGCCGCCTCAGCC	KLF4_HUMAN.H11MO.0.A	-6	0.0123318	9.48314	0.315883	9	GCCGCCGCCTCAGCC	GCCACACCCT	-
827-GCCGCCGCCTCAGCC	ZN335_HUMAN.H11MO.0.A	4	0.0123523	9.49888	0.315883	15	GCCGCCGCCTCAGCC	GGCTGTCCTCGGCGCTGCCTGA	+
827-GCCGCCGCCTCAGCC	KLF9_HUMAN.H11MO.0.C	1	0.0124704	9.58975	0.315883	14	GCCGCCGCCTCAGCC	GGCCACGCCCCCTCC	-
827-GCCGCCGCCTCAGCC	MAFK_HUMAN.H11MO.0.A	-2	0.0124757	9.59379	0.315883	13	GCCGCCGCCTCAGCC	TGCTGACTCAGCAATTTT	-
827-GCCGCCGCCTCAGCC	MAF_HUMAN.H11MO.1.B	-7	0.0134867	10.3712	0.33579	8	GCCGCCGCCTCAGCC	AGTCAGCA	-
827-GCCGCCGCCTCAGCC	CR3L2_HUMAN.H11MO.0.D	-2	0.0138256	10.6319	0.338586	13	GCCGCCGCCTCAGCC	TGCCACGTCATCA	-
827-GCCGCCGCCTCAGCC	KLF6_HUMAN.H11MO.0.A	0	0.0150734	11.5915	0.352458	15	GCCGCCGCCTCAGCC	CCCCCGGCCCCGCCCTTCC	-
827-GCCGCCGCCTCAGCC	KLF12_HUMAN.H11MO.0.C	-1	0.0150893	11.6037	0.352458	11	GCCGCCGCCTCAGCC	GCCCCGCCCCT	-
827-GCCGCCGCCTCAGCC	ZN219_HUMAN.H11MO.0.D	0	0.0150998	11.6118	0.352458	12	GCCGCCGCCTCAGCC	TCCGCCCCCCTC	-
827-GCCGCCGCCTCAGCC	TBX1_HUMAN.H11MO.0.D	0	0.0157717	12.1284	0.352643	15	GCCGCCGCCTCAGCC	CCGCCCACCCCTGCCCACCC	-
827-GCCGCCGCCTCAGCC	ZSC22_HUMAN.H11MO.0.C	0	0.0160245	12.3229	0.352643	15	GCCGCCGCCTCAGCC	CCTCCTCCCTCAGACC	-
827-GCCGCCGCCTCAGCC	MYOD1_HUMAN.H11MO.0.A	0	0.016052	12.344	0.352643	15	GCCGCCGCCTCAGCC	GCAGCTGTTCCTGCC	+
827-GCCGCCGCCTCAGCC	VEZF1_HUMAN.H11MO.0.C	1	0.0165848	12.7537	0.359067	15	GCCGCCGCCTCAGCC	CCCCTCCCCCTCCCCCCTCCCC	-
827-GCCGCCGCCTCAGCC	AP2C_HUMAN.H11MO.0.A	-4	0.0170776	13.1327	0.364455	11	GCCGCCGCCTCAGCC	TGGCCTCAGGGCAT	-
827-GCCGCCGCCTCAGCC	ZIC3_HUMAN.H11MO.0.B	1	0.018945	14.5687	0.393076	14	GCCGCCGCCTCAGCC	GGCCCCCTGCTGTGA	+
827-GCCGCCGCCTCAGCC	PROX1_HUMAN.H11MO.0.D	2	0.0195659	15.0462	0.396717	15	GCCGCCGCCTCAGCC	CCCAACCCGCCTTACCC	-
827-GCCGCCGCCTCAGCC	TYY1_HUMAN.H11MO.0.A	0	0.0198096	15.2336	0.396717	12	GCCGCCGCCTCAGCC	GCCGCCATCTTG	-
827-GCCGCCGCCTCAGCC	KLF3_HUMAN.H11MO.0.B	3	0.0200935	15.4519	0.396717	15	GCCGCCGCCTCAGCC	CCCGGCCCCGCCCCTCCCC	-
827-GCCGCCGCCTCAGCC	ZN547_HUMAN.H11MO.0.C	5	0.0201827	15.5205	0.396717	15	GCCGCCGCCTCAGCC	GTATGCCTGCTGCATTAGCA	-
827-GCCGCCGCCTCAGCC	ZN740_HUMAN.H11MO.0.D	0	0.0228973	17.608	0.432985	14	GCCGCCGCCTCAGCC	CCCACCCCCCCCCC	-
827-GCCGCCGCCTCAGCC	OSR2_HUMAN.H11MO.0.C	0	0.0250523	19.2652	0.459554	15	GCCGCCGCCTCAGCC	GCTGCTGCTTCTGCTG	+
827-GCCGCCGCCTCAGCC	JUNB_HUMAN.H11MO.0.A	-3	0.0252253	19.3982	0.459554	11	GCCGCCGCCTCAGCC	GGTGACTCAGA	-
827-GCCGCCGCCTCAGCC	TFDP1_HUMAN.H11MO.0.C	4	0.0259087	19.9238	0.466319	10	GCCGCCGCCTCAGCC	TTTTCCCGCCCCCC	-
827-GCCGCCGCCTCAGCC	CTCFL_HUMAN.H11MO.0.A	1	0.0269595	20.7318	0.479454	15	GCCGCCGCCTCAGCC	CGGCGCCCCCTGGCGGC	-
828-GCCGCTGCCA	TAF1_HUMAN.H11MO.0.A	2	0.00112566	0.865634	0.380725	10	GCCGCTGCCA	CCGCCGCCGCCATCTT	-
828-GCCGCTGCCA	RFX1_HUMAN.H11MO.0.B	3	0.00129735	0.997663	0.380725	10	GCCGCTGCCA	GCCCCGGTTGCCATGGCGACGG	+
828-GCCGCTGCCA	PTF1A_HUMAN.H11MO.1.B	0	0.00132818	1.02137	0.380725	9	GCCGCTGCCA	CCAGCTGCT	-
828-GCCGCTGCCA	ZBT7B_HUMAN.H11MO.0.D	1	0.00144838	1.1138	0.380725	10	GCCGCTGCCA	CGCCGTTGCCATGGCAACGGG	+
828-GCCGCTGCCA	RFX2_HUMAN.H11MO.1.A	-1	0.00203623	1.56586	0.380725	9	GCCGCTGCCA	CGGTTGCCATGG	+
828-GCCGCTGCCA	ASCL2_HUMAN.H11MO.0.D	0	0.00203745	1.5668	0.380725	9	GCCGCTGCCA	CCAGCTGCT	+
828-GCCGCTGCCA	ZN563_HUMAN.H11MO.1.C	1	0.00241556	1.85756	0.380725	10	GCCGCTGCCA	CTGTGCTGCCTG	-
828-GCCGCTGCCA	HEN1_HUMAN.H11MO.0.C	6	0.00327078	2.51523	0.380725	10	GCCGCTGCCA	AGGGACGCAGCTGCTCCCCA	-
828-GCCGCTGCCA	MYF6_HUMAN.H11MO.0.C	-1	0.0033018	2.53908	0.380725	7	GCCGCTGCCA	CAGCTGC	+
828-GCCGCTGCCA	MYOG_HUMAN.H11MO.0.B	2	0.00376461	2.89499	0.380725	10	GCCGCTGCCA	CCGCAGCTGTCCC	+
828-GCCGCTGCCA	ITF2_HUMAN.H11MO.0.C	1	0.00384403	2.95606	0.380725	9	GCCGCTGCCA	CCCAGCTGCC	-
828-GCCGCTGCCA	ZN563_HUMAN.H11MO.0.C	0	0.00397836	3.05936	0.380725	10	GCCGCTGCCA	GCAGCTGCCAGTGAGGATCCC	-
828-GCCGCTGCCA	TGIF1_HUMAN.H11MO.0.A	-3	0.00403635	3.10395	0.380725	7	GCCGCTGCCA	GCTGTCA	-
828-GCCGCTGCCA	MYOD1_HUMAN.H11MO.1.A	2	0.00445034	3.42231	0.381171	9	GCCGCTGCCA	CTGCAGCTGTC	+
828-GCCGCTGCCA	RFX2_HUMAN.H11MO.0.A	-1	0.00454622	3.49604	0.381171	9	GCCGCTGCCA	CGGTTGCCATGGCAACGG	+
828-GCCGCTGCCA	TGIF2_HUMAN.H11MO.0.D	0	0.00495913	3.81357	0.393907	10	GCCGCTGCCA	ACAGCTGTCAT	-
828-GCCGCTGCCA	AP2D_HUMAN.H11MO.0.D	4	0.00657659	5.0574	0.443205	10	GCCGCTGCCA	ACGCGCCTCGGGCG	-
828-GCCGCTGCCA	KLF4_HUMAN.H11MO.0.A	0	0.00697559	5.36423	0.443205	10	GCCGCTGCCA	GCCACACCCT	-
828-GCCGCTGCCA	KLF5_HUMAN.H11MO.0.A	4	0.0090222	6.93807	0.443205	10	GCCGCTGCCA	CCCAGCCCCACCCT	-
828-GCCGCTGCCA	BHA15_HUMAN.H11MO.0.B	0	0.00933095	7.1755	0.443205	10	GCCGCTGCCA	CCAGCTGCTGC	-
828-GCCGCTGCCA	NFIA_HUMAN.H11MO.1.D	-5	0.00983433	7.5626	0.443205	5	GCCGCTGCCA	TGCCAAG	-
828-GCCGCTGCCA	RFX4_HUMAN.H11MO.0.D	-2	0.00993095	7.6369	0.443205	8	GCCGCTGCCA	CGTTGCCATGGTAAC	+
828-GCCGCTGCCA	NFIB_HUMAN.H11MO.0.D	-4	0.0099834	7.67724	0.443205	6	GCCGCTGCCA	CTGCCAGGG	-
828-GCCGCTGCCA	RFX1_HUMAN.H11MO.1.B	-2	0.0103375	7.94952	0.443205	8	GCCGCTGCCA	GGTTGCCATGG	+
828-GCCGCTGCCA	HES7_HUMAN.H11MO.0.D	2	0.0103399	7.95138	0.443205	10	GCCGCTGCCA	CGGCACGTGCCA	-
828-GCCGCTGCCA	ZIC4_HUMAN.H11MO.0.D	5	0.0104593	8.04321	0.443205	10	GCCGCTGCCA	GACCCCCCGCTGTGC	-
828-GCCGCTGCCA	AP2B_HUMAN.H11MO.0.B	1	0.0105885	8.14252	0.443205	9	GCCGCTGCCA	GCCCCCGGGC	-
828-GCCGCTGCCA	PTF1A_HUMAN.H11MO.0.B	0	0.0108189	8.31972	0.443205	10	GCCGCTGCCA	CCAGCTGCCCCCTTTCCC	+
828-GCCGCTGCCA	ZFP42_HUMAN.H11MO.0.A	-2	0.0114465	8.80234	0.443205	8	GCCGCTGCCA	GGCAGCCATTTT	+
828-GCCGCTGCCA	TYY1_HUMAN.H11MO.0.A	-3	0.0114465	8.80234	0.443205	7	GCCGCTGCCA	GCCGCCATCTTG	-
828-GCCGCTGCCA	ASCL1_HUMAN.H11MO.0.A	2	0.0122831	9.44572	0.443205	10	GCCGCTGCCA	CTGCACCTGCTCCC	+
828-GCCGCTGCCA	TBX20_HUMAN.H11MO.0.D	1	0.0122831	9.44572	0.443205	10	GCCGCTGCCA	AGGTGCTGACAGGT	+
828-GCCGCTGCCA	ZN554_HUMAN.H11MO.1.D	1	0.0123518	9.49856	0.443205	8	GCCGCTGCCA	TGGCTCTGC	-
828-GCCGCTGCCA	NFIC_HUMAN.H11MO.1.A	-4	0.0123518	9.49856	0.443205	6	GCCGCTGCCA	CTGCCAAGA	-
828-GCCGCTGCCA	ZSC31_HUMAN.H11MO.0.C	9	0.0126485	9.72672	0.443205	9	GCCGCTGCCA	CATAACTGCCCTGCTGCC	-
828-GCCGCTGCCA	PATZ1_HUMAN.H11MO.1.C	-1	0.0137222	10.5523	0.443205	9	GCCGCTGCCA	CCCCTCCCT	-
828-GCCGCTGCCA	TFE2_HUMAN.H11MO.0.A	2	0.0139876	10.7565	0.443205	9	GCCGCTGCCA	CTGCAGCTGTG	-
828-GCCGCTGCCA	ZN335_HUMAN.H11MO.0.A	10	0.0142798	10.9812	0.443205	10	GCCGCTGCCA	GGCTGTCCTCGGCGCTGCCTGA	+
828-GCCGCTGCCA	INSM1_HUMAN.H11MO.0.C	2	0.0147055	11.3085	0.443205	10	GCCGCTGCCA	TGCCCCCTGACA	-
828-GCCGCTGCCA	NFIA_HUMAN.H11MO.0.C	4	0.0149445	11.4923	0.443205	10	GCCGCTGCCA	TTGGCACGGTGCCAA	+
828-GCCGCTGCCA	KLF12_HUMAN.H11MO.0.C	0	0.015446	11.878	0.443205	10	GCCGCTGCCA	GCCCCGCCCCT	-
828-GCCGCTGCCA	TBX1_HUMAN.H11MO.0.D	6	0.0159047	12.2308	0.443205	10	GCCGCTGCCA	CCGCCCACCCCTGCCCACCC	-
828-GCCGCTGCCA	MAZ_HUMAN.H11MO.1.A	0	0.0162265	12.4782	0.443205	10	GCCGCTGCCA	CCCCCTCCCTC	-
828-GCCGCTGCCA	MYOD1_HUMAN.H11MO.0.A	0	0.0165165	12.7012	0.443205	10	GCCGCTGCCA	GCAGCTGTTCCTGCC	+
828-GCCGCTGCCA	KLF1_HUMAN.H11MO.0.A	4	0.0165946	12.7613	0.443205	10	GCCGCTGCCA	CCCGGCCCCGCCCC	-
828-GCCGCTGCCA	ZN549_HUMAN.H11MO.0.C	-1	0.0167393	12.8725	0.443205	9	GCCGCTGCCA	GTGCTGCCCAATTCATGAAT	-
828-GCCGCTGCCA	HTF4_HUMAN.H11MO.0.A	1	0.0175291	13.4799	0.449229	9	GCCGCTGCCA	CACAGCTGCA	-
828-GCCGCTGCCA	THAP1_HUMAN.H11MO.0.C	-2	0.0175622	13.5053	0.449229	8	GCCGCTGCCA	CGCCGCCATCTTGGCTGCGGGC	+
829-GCGGGAGGSGGCC	MAZ_HUMAN.H11MO.1.A	0	1.08031e-05	0.00830758	0.0160628	11	GCGGGAGGGGGCC	GAGGGAGGGGG	+
829-GCGGGAGGSGGCC	PATZ1_HUMAN.H11MO.1.C	-1	3.4659e-05	0.0266527	0.0257667	9	GCGGGAGGGGGCC	AGGGAGGGG	+
829-GCGGGAGGSGGCC	WT1_HUMAN.H11MO.1.B	0	9.03299e-05	0.0694637	0.0447696	11	GCGGGAGGGGGCC	GTGGGAGGAGG	+
829-GCGGGAGGSGGCC	ZN281_HUMAN.H11MO.0.A	4	0.000138383	0.106416	0.0472014	11	GCGGGAGGGGGCC	GGGTGGGGGAGGGGA	+
829-GCGGGAGGSGGCC	WT1_HUMAN.H11MO.0.C	4	0.00017516	0.134698	0.0472014	13	GCGGGAGGGGGCC	GGGCGGGGGAGGAGGGGGGG	+
829-GCGGGAGGSGGCC	VEZF1_HUMAN.H11MO.1.C	1	0.000288478	0.22184	0.0472014	11	GCGGGAGGGGGCC	AGGGGGAGGGGG	+
829-GCGGGAGGSGGCC	E2F6_HUMAN.H11MO.0.A	3	0.000297312	0.228633	0.0472014	10	GCGGGAGGGGGCC	GGGGCGGGAAGGG	+
829-GCGGGAGGSGGCC	CTCFL_HUMAN.H11MO.0.A	1	0.000314057	0.24151	0.0472014	13	GCGGGAGGGGGCC	GCCGCCAGGGGGCGCCG	+
829-GCGGGAGGSGGCC	ZSC22_HUMAN.H11MO.0.C	5	0.000328573	0.252673	0.0472014	11	GCGGGAGGGGGCC	GGTCTGAGGGAGGAGG	+
829-GCGGGAGGSGGCC	ZN219_HUMAN.H11MO.0.D	0	0.00034456	0.264966	0.0472014	12	GCGGGAGGGGGCC	GAGGGGGGCGGA	+
829-GCGGGAGGSGGCC	SP1_HUMAN.H11MO.1.A	0	0.0003492	0.268535	0.0472014	13	GCGGGAGGGGGCC	GGGGGGCGGGGCCG	+
829-GCGGGAGGSGGCC	ZN263_HUMAN.H11MO.1.A	0	0.000420742	0.323551	0.0521323	11	GCGGGAGGGGGCC	GAGGGAGGAGG	+
829-GCGGGAGGSGGCC	EGR2_HUMAN.H11MO.1.A	5	0.000678234	0.521562	0.0685597	11	GCGGGAGGGGGCC	GGGGCGTGGGCGGGGG	+
829-GCGGGAGGSGGCC	KLF12_HUMAN.H11MO.0.C	-1	0.000682846	0.525109	0.0685597	11	GCGGGAGGGGGCC	AGGGGCGGGGC	+
829-GCGGGAGGSGGCC	PLAL1_HUMAN.H11MO.0.D	-4	0.000691652	0.531881	0.0685597	9	GCGGGAGGGGGCC	CGGGGGGCCC	+
829-GCGGGAGGSGGCC	ZN148_HUMAN.H11MO.0.D	5	0.000890297	0.684638	0.0818992	10	GCGGGAGGGGGCC	GGGGTGGGGGAGGGG	+
829-GCGGGAGGSGGCC	SP1_HUMAN.H11MO.0.A	0	0.000954054	0.733667	0.0818992	13	GCGGGAGGGGGCC	GGGGGGCGGGGCCGGGGGGGGG	+
829-GCGGGAGGSGGCC	VEZF1_HUMAN.H11MO.0.C	6	0.00100788	0.775058	0.0818992	13	GCGGGAGGGGGCC	GGGGAGGGGGGAGGGGGAGGGG	+
829-GCGGGAGGSGGCC	SP3_HUMAN.H11MO.0.B	4	0.00108442	0.833917	0.0818992	13	GCGGGAGGGGGCC	GGGGGGGGGCGGGGCCGGGG	+
829-GCGGGAGGSGGCC	SP4_HUMAN.H11MO.1.A	3	0.00110163	0.847156	0.0818992	13	GCGGGAGGGGGCC	GGAGGGGGCGGGGCCG	+
829-GCGGGAGGSGGCC	MAZ_HUMAN.H11MO.0.A	0	0.00132263	1.0171	0.0936468	13	GCGGGAGGGGGCC	GGGGGAGGGGGGGGGGGGGGGG	+
829-GCGGGAGGSGGCC	INSM1_HUMAN.H11MO.0.C	-1	0.00150018	1.15364	0.10139	12	GCGGGAGGGGGCC	TGTCAGGGGGCA	+
829-GCGGGAGGSGGCC	E2F1_HUMAN.H11MO.0.A	5	0.0015893	1.22217	0.102743	9	GCGGGAGGGGGCC	GGGGGGCGGGAAAG	+
829-GCGGGAGGSGGCC	ZN467_HUMAN.H11MO.0.C	-1	0.0020248	1.55707	0.123642	12	GCGGGAGGGGGCC	GGGGAGGGGAGGGGGGGGGGGG	+
829-GCGGGAGGSGGCC	EGR1_HUMAN.H11MO.0.A	6	0.00209816	1.61349	0.123642	11	GCGGGAGGGGGCC	GAGGGCGTGGGCGGGGG	+
829-GCGGGAGGSGGCC	EGR4_HUMAN.H11MO.0.D	1	0.00216206	1.66262	0.123642	10	GCGGGAGGGGGCC	GGCGGCAGGGC	+
829-GCGGGAGGSGGCC	SP2_HUMAN.H11MO.0.A	9	0.00249502	1.91867	0.137399	13	GCGGGAGGGGGCC	GGGGGGGGGGCGGGGCCGGGGG	+
829-GCGGGAGGSGGCC	KLF16_HUMAN.H11MO.0.D	4	0.00262509	2.0187	0.139399	13	GCGGGAGGGGGCC	GGGGGCGGGGGGGGGGGGG	+
829-GCGGGAGGSGGCC	E2F7_HUMAN.H11MO.0.B	3	0.00285549	2.19587	0.145294	10	GCGGGAGGGGGCC	GGGGCGGGAAAGG	+
829-GCGGGAGGSGGCC	ZIC3_HUMAN.H11MO.0.B	2	0.00293155	2.25436	0.145294	13	GCGGGAGGGGGCC	TCACAGCAGGGGGCC	-
829-GCGGGAGGSGGCC	EGR2_HUMAN.H11MO.0.A	8	0.00313165	2.40824	0.146224	10	GCGGGAGGGGGCC	GGGGGGGTGTGGGAGGGG	+
829-GCGGGAGGSGGCC	E2F4_HUMAN.H11MO.0.A	4	0.0031585	2.42889	0.146224	9	GCGGGAGGGGGCC	GGGGGCGGGAAAT	+
829-GCGGGAGGSGGCC	KLF3_HUMAN.H11MO.0.B	4	0.00338202	2.60077	0.146224	13	GCGGGAGGGGGCC	GGGGAGGGGCGGGGCCGGG	+
829-GCGGGAGGSGGCC	ZN263_HUMAN.H11MO.0.A	-2	0.00342395	2.63302	0.146224	11	GCGGGAGGGGGCC	GGGAGGAGGGAGAGGAGGAG	+
829-GCGGGAGGSGGCC	SP2_HUMAN.H11MO.1.B	1	0.00349772	2.68974	0.146224	11	GCGGGAGGGGGCC	AGGGGGCGGGGC	+
829-GCGGGAGGSGGCC	ZN770_HUMAN.H11MO.1.C	-2	0.00354036	2.72254	0.146224	11	GCGGGAGGGGGCC	GGGAGGCTGAG	+
829-GCGGGAGGSGGCC	TBX15_HUMAN.H11MO.0.D	8	0.00373847	2.87488	0.150089	11	GCGGGAGGGGGCC	GGGGGGGGGGGGGTGGGGG	+
829-GCGGGAGGSGGCC	KLF6_HUMAN.H11MO.0.A	2	0.00392959	3.02185	0.150089	13	GCGGGAGGGGGCC	GGAAGGGCGGGGCCGGGGG	+
829-GCGGGAGGSGGCC	SALL4_HUMAN.H11MO.0.B	1	0.00393678	3.02739	0.150089	9	GCGGGAGGGGGCC	GGAGGGTGGG	+
829-GCGGGAGGSGGCC	E2F4_HUMAN.H11MO.1.A	1	0.00435197	3.34667	0.150465	13	GCGGGAGGGGGCC	GGCGGGAAATTTGA	+
829-GCGGGAGGSGGCC	TFDP1_HUMAN.H11MO.0.C	5	0.00435197	3.34667	0.150465	9	GCGGGAGGGGGCC	GGGGGGCGGGAAAA	+
829-GCGGGAGGSGGCC	ZIC2_HUMAN.H11MO.0.D	2	0.00435231	3.34693	0.150465	13	GCGGGAGGGGGCC	TCACAGCAGGGGGCC	-
829-GCGGGAGGSGGCC	FEV_HUMAN.H11MO.0.B	0	0.00440633	3.38847	0.150465	10	GCGGGAGGGGGCC	GCGGGAAGCG	+
829-GCGGGAGGSGGCC	NFIC_HUMAN.H11MO.0.A	1	0.00445263	3.42407	0.150465	13	GCGGGAGGGGGCC	CTTGGCAGGGAGCCAAG	-
829-GCGGGAGGSGGCC	ZBT17_HUMAN.H11MO.0.A	6	0.00455917	3.506	0.150642	13	GCGGGAGGGGGCC	GAGGGTGGGGGAGGGGAAG	+
829-GCGGGAGGSGGCC	KLF1_HUMAN.H11MO.0.A	-2	0.0050354	3.87222	0.159172	11	GCGGGAGGGGGCC	GGGGCGGGGCCGGG	+
829-GCGGGAGGSGGCC	TBX1_HUMAN.H11MO.0.D	2	0.00509897	3.92111	0.159172	13	GCGGGAGGGGGCC	GGGTGGGCAGGGGTGGGCGG	+
829-GCGGGAGGSGGCC	ZN436_HUMAN.H11MO.0.C	13	0.00513848	3.95149	0.159172	11	GCGGGAGGGGGCC	TCAGGGAAGGCTTCCTGGAGGAGG	+
829-GCGGGAGGSGGCC	ZIC4_HUMAN.H11MO.0.D	2	0.00528367	4.06314	0.160329	13	GCGGGAGGGGGCC	GCACAGCGGGGGGTC	+
829-GCGGGAGGSGGCC	ZFX_HUMAN.H11MO.1.A	0	0.00540934	4.15978	0.16086	13	GCGGGAGGGGGCC	GGGGGCGGAGGCCGGGG	+
829-GCGGGAGGSGGCC	CTCF_HUMAN.H11MO.0.A	3	0.00554572	4.26466	0.161681	13	GCGGGAGGGGGCC	TGGCCACCAGGGGGCGCCA	+
829-GCGGGAGGSGGCC	GLIS3_HUMAN.H11MO.0.D	0	0.00581683	4.47314	0.166324	10	GCGGGAGGGGGCC	GTGGGGGGTA	+
829-GCGGGAGGSGGCC	E2F3_HUMAN.H11MO.0.A	3	0.00601414	4.62487	0.168721	8	GCGGGAGGGGGCC	AGGGCGGGAAA	+
829-GCGGGAGGSGGCC	GLIS1_HUMAN.H11MO.0.D	0	0.00629137	4.83806	0.17323	13	GCGGGAGGGGGCC	TCGTGGGGGGTCT	+
829-GCGGGAGGSGGCC	KLF4_HUMAN.H11MO.0.A	-2	0.00649005	4.99085	0.175452	10	GCGGGAGGGGGCC	AGGGTGTGGC	+
829-GCGGGAGGSGGCC	KLF15_HUMAN.H11MO.0.A	-1	0.00672843	5.17416	0.177416	12	GCGGGAGGGGGCC	GGGGAGGAGCAGGGGGGGG	+
829-GCGGGAGGSGGCC	PATZ1_HUMAN.H11MO.0.C	-1	0.00680988	5.2368	0.177416	12	GCGGGAGGGGGCC	GGGGAGGGGGCGGGGGGGGAGG	+
829-GCGGGAGGSGGCC	ZN740_HUMAN.H11MO.0.D	-1	0.00703999	5.41375	0.177416	12	GCGGGAGGGGGCC	GGGGGGGGGGTGGG	+
829-GCGGGAGGSGGCC	GLIS2_HUMAN.H11MO.0.D	4	0.00703999	5.41375	0.177416	10	GCGGGAGGGGGCC	CTTCGCGGGGGGTC	+
829-GCGGGAGGSGGCC	XBP1_HUMAN.H11MO.0.D	-1	0.00778296	5.9851	0.192054	11	GCGGGAGGGGGCC	GCTGACGTGGC	+
829-GCGGGAGGSGGCC	IKZF1_HUMAN.H11MO.0.C	0	0.00808011	6.21361	0.192054	8	GCGGGAGGGGGCC	TTGGGAGA	+
829-GCGGGAGGSGGCC	KLF9_HUMAN.H11MO.0.C	2	0.0081015	6.23006	0.192054	13	GCGGGAGGGGGCC	GGAGGGGGCGTGGCC	+
829-GCGGGAGGSGGCC	ZN784_HUMAN.H11MO.0.D	0	0.00819015	6.29823	0.192054	11	GCGGGAGGGGGCC	GAGGTAGGTAC	+
829-GCGGGAGGSGGCC	ZN320_HUMAN.H11MO.0.C	3	0.00826665	6.35706	0.192054	13	GCGGGAGGGGGCC	GTGGGACCAGGGGGCCAGTG	+
829-GCGGGAGGSGGCC	ZIC1_HUMAN.H11MO.0.B	-1	0.00840958	6.46697	0.192368	9	GCGGGAGGGGGCC	GGGGTGGTC	+
829-GCGGGAGGSGGCC	SP4_HUMAN.H11MO.0.A	5	0.00952611	7.32558	0.214607	13	GCGGGAGGGGGCC	GGGAAGGGGGCGGGGCCGGG	+
829-GCGGGAGGSGGCC	PRDM4_HUMAN.H11MO.0.D	-3	0.0107445	8.26249	0.238442	10	GCGGGAGGGGGCC	GTGGGGGGCCTTGAAA	+
829-GCGGGAGGSGGCC	KLF5_HUMAN.H11MO.0.A	-1	0.0112202	8.62831	0.245337	12	GCGGGAGGGGGCC	AGGGTGGGGCTGGG	+
829-GCGGGAGGSGGCC	TAF1_HUMAN.H11MO.0.A	2	0.011775	9.05494	0.253736	13	GCGGGAGGGGGCC	AAGATGGCGGCGGCGG	+
829-GCGGGAGGSGGCC	KAISO_HUMAN.H11MO.2.A	3	0.0120629	9.27633	0.256227	9	GCGGGAGGGGGCC	CTCGCAGGAAGA	+
829-GCGGGAGGSGGCC	ETS1_HUMAN.H11MO.0.A	2	0.0133413	10.2594	0.279391	11	GCGGGAGGGGGCC	AGACAGGAAGTGG	+
829-GCGGGAGGSGGCC	ETV1_HUMAN.H11MO.0.A	1	0.0141748	10.9004	0.292723	10	GCGGGAGGGGGCC	GGCCGGAAGTG	+
829-GCGGGAGGSGGCC	NFIA_HUMAN.H11MO.0.C	0	0.0147005	11.3047	0.29942	13	GCGGGAGGGGGCC	TTGGCACGGTGCCAA	+
829-GCGGGAGGSGGCC	AP2B_HUMAN.H11MO.0.B	0	0.0184976	14.2246	0.366713	10	GCGGGAGGGGGCC	GCCCGGGGGC	+
829-GCGGGAGGSGGCC	ZFX_HUMAN.H11MO.0.A	-6	0.0184976	14.2246	0.366713	7	GCGGGAGGGGGCC	CGGGGCCTGG	-
829-GCGGGAGGSGGCC	ELK1_HUMAN.H11MO.0.B	0	0.0198602	15.2725	0.388546	11	GCGGGAGGGGGCC	ACCGGAAGTGG	+
829-GCGGGAGGSGGCC	ELK4_HUMAN.H11MO.0.A	1	0.0201282	15.4786	0.388675	11	GCGGGAGGGGGCC	GACCGGAAGTGG	+
829-GCGGGAGGSGGCC	NR0B1_HUMAN.H11MO.0.D	2	0.0204441	15.7215	0.389713	8	GCGGGAGGGGGCC	GCGTGGGAGA	+
829-GCGGGAGGSGGCC	GCM2_HUMAN.H11MO.0.D	3	0.0208248	16.0143	0.391946	8	GCGGGAGGGGGCC	GATGCGGGTAT	+
829-GCGGGAGGSGGCC	ZN770_HUMAN.H11MO.0.C	-2	0.0217751	16.7451	0.40471	11	GCGGGAGGGGGCC	GGGAGGCTGAGGCGGGAGGATC	+
829-GCGGGAGGSGGCC	ERG_HUMAN.H11MO.0.A	2	0.0228533	17.5742	0.414948	11	GCGGGAGGGGGCC	GGGCAGGAAGTGG	+
829-GCGGGAGGSGGCC	NFKB1_HUMAN.H11MO.1.B	-2	0.0228841	17.5979	0.414948	11	GCGGGAGGGGGCC	GGGAAATTCCC	+
829-GCGGGAGGSGGCC	ELF2_HUMAN.H11MO.0.C	3	0.0238775	18.3618	0.424153	10	GCGGGAGGGGGCC	AACCCGGAAGTGG	+
829-GCGGGAGGSGGCC	ZF64A_HUMAN.H11MO.0.D	5	0.0239623	18.427	0.424153	11	GCGGGAGGGGGCC	GGGGCCCGGGAACCTG	+
829-GCGGGAGGSGGCC	MESP1_HUMAN.H11MO.0.D	0	0.0251287	19.324	0.439565	11	GCGGGAGGGGGCC	GCAGGTGTGGA	+
829-GCGGGAGGSGGCC	ZBTB4_HUMAN.H11MO.0.D	8	0.0255732	19.6658	0.441909	9	GCGGGAGGGGGCC	CCTAGATGGCAGGTGGG	+
829-GCGGGAGGSGGCC	ZBT14_HUMAN.H11MO.0.C	-3	0.0261543	20.1126	0.441909	9	GCGGGAGGGGGCC	GGAGCGCGC	+
829-GCGGGAGGSGGCC	HIC1_HUMAN.H11MO.0.C	-5	0.0261543	20.1126	0.441909	8	GCGGGAGGGGGCC	GGGTTGCCC	+
830-GCTCGCGCCC	ZBT14_HUMAN.H11MO.0.C	0	0.000772932	0.594385	0.329446	9	GCTCGCGCCC	GCGCGCTCC	-
830-GCTCGCGCCC	E2F6_HUMAN.H11MO.0.A	2	0.00123785	0.951905	0.329446	10	GCTCGCGCCC	CCCTTCCCGCCCC	-
830-GCTCGCGCCC	E2F1_HUMAN.H11MO.0.A	1	0.00158282	1.21719	0.329446	10	GCTCGCGCCC	CTTTCCCGCCCCCC	-
830-GCTCGCGCCC	KAISO_HUMAN.H11MO.1.A	1	0.00166836	1.28297	0.329446	10	GCTCGCGCCC	TTCTCGCGAGA	-
830-GCTCGCGCCC	ZN524_HUMAN.H11MO.0.D	0	0.00187094	1.43875	0.329446	10	GCTCGCGCCC	ACTCGAACCCTCGAACCC	-
830-GCTCGCGCCC	E2F4_HUMAN.H11MO.0.A	1	0.00209085	1.60786	0.329446	10	GCTCGCGCCC	ATTTCCCGCCCCC	-
830-GCTCGCGCCC	HES7_HUMAN.H11MO.0.D	2	0.00222241	1.70903	0.329446	10	GCTCGCGCCC	TGGCACGTGCCG	+
830-GCTCGCGCCC	E2F2_HUMAN.H11MO.0.B	1	0.0022458	1.72702	0.329446	9	GCTCGCGCCC	GTTTCGCGCC	-
830-GCTCGCGCCC	SP1_HUMAN.H11MO.1.A	1	0.00237337	1.82512	0.329446	10	GCTCGCGCCC	CGGCCCCGCCCCCC	-
830-GCTCGCGCCC	TFDP1_HUMAN.H11MO.0.C	1	0.00237337	1.82512	0.329446	10	GCTCGCGCCC	TTTTCCCGCCCCCC	-
830-GCTCGCGCCC	HES5_HUMAN.H11MO.0.D	2	0.00432776	3.32805	0.460959	10	GCTCGCGCCC	CGGCACGTGCCA	-
830-GCTCGCGCCC	HEY2_HUMAN.H11MO.0.D	4	0.00498805	3.83581	0.460959	10	GCTCGCGCCC	GGGGGCACGTGGCATTA	+
830-GCTCGCGCCC	E2F3_HUMAN.H11MO.0.A	0	0.00536268	4.1239	0.460959	10	GCTCGCGCCC	TTTCCCGCCCT	-
830-GCTCGCGCCC	KLF14_HUMAN.H11MO.0.D	1	0.00536711	4.12731	0.460959	10	GCTCGCGCCC	GCCACGCCCCCCT	-
830-GCTCGCGCCC	KAISO_HUMAN.H11MO.0.A	1	0.00539631	4.14976	0.460959	10	GCTCGCGCCC	TTCTCGCGAGATTTG	-
830-GCTCGCGCCC	KLF13_HUMAN.H11MO.0.D	-1	0.00565658	4.34991	0.460959	9	GCTCGCGCCC	CACGCCCCCCT	-
830-GCTCGCGCCC	E2F4_HUMAN.H11MO.1.A	5	0.00607254	4.66978	0.460959	9	GCTCGCGCCC	TCAAATTTCCCGCC	-
830-GCTCGCGCCC	SP2_HUMAN.H11MO.0.A	5	0.00621542	4.77966	0.460959	10	GCTCGCGCCC	CCCCCGGCCCCGCCCCCCCCCC	-
830-GCTCGCGCCC	E2F7_HUMAN.H11MO.0.B	2	0.00664161	5.1074	0.460959	10	GCTCGCGCCC	CCTTTCCCGCCCC	-
830-GCTCGCGCCC	KLF9_HUMAN.H11MO.0.C	0	0.00705804	5.42763	0.468563	10	GCTCGCGCCC	GGCCACGCCCCCTCC	-
831-GGAATTGA	ZN502_HUMAN.H11MO.0.C	4	6.54334e-05	0.0503183	0.066976	8	GGAATTGA	GAATGGAATCGAATGGAATC	+
831-GGAATTGA	IRF4_HUMAN.H11MO.0.A	6	8.77863e-05	0.0675077	0.066976	8	GGAATTGA	AAAAGAGGAAGTGAAACT	+
831-GGAATTGA	IRF8_HUMAN.H11MO.0.B	6	0.000147667	0.113556	0.075108	8	GGAATTGA	AAAAGAGGAAGTGAAAGTAA	+
831-GGAATTGA	ZN140_HUMAN.H11MO.0.C	7	0.000249553	0.191906	0.0951975	8	GGAATTGA	TAGGAGCGGAATTGCTGGGTCATA	-
831-GGAATTGA	SPIB_HUMAN.H11MO.0.A	7	0.000427548	0.328785	0.130478	8	GGAATTGA	AAAAAGAGGAAGTGAAA	+
831-GGAATTGA	BC11A_HUMAN.H11MO.0.A	6	0.000675916	0.519779	0.171895	8	GGAATTGA	AAAAGAGGAAGTGAAAA	+
831-GGAATTGA	SPI1_HUMAN.H11MO.0.A	7	0.000845002	0.649807	0.184197	8	GGAATTGA	AAAAAGAGGAAGTGAAA	+
831-GGAATTGA	SOX8_HUMAN.H11MO.0.D	5	0.00102278	0.786516	0.19508	8	GGAATTGA	TCACTGCAATTGATGC	+
831-GGAATTGA	ELK1_HUMAN.H11MO.0.B	3	0.00158662	1.22011	0.269001	8	GGAATTGA	ACCGGAAGTGG	+
831-GGAATTGA	ZN143_HUMAN.H11MO.0.A	9	0.00316168	2.43133	0.482437	8	GGAATTGA	GGCATTCTGGGAATTGTAGTTC	+
831-GGAATTGA	THA11_HUMAN.H11MO.0.B	9	0.00362507	2.78768	0.492912	8	GGAATTGA	GGCATGCTGGGAGTTGTAGTTC	+
831-GGAATTGA	SMCA5_HUMAN.H11MO.0.C	4	0.00387639	2.98095	0.492912	8	GGAATTGA	GAATGGAATGGAATC	+
838-GTCTGTCACG	SMAD2_HUMAN.H11MO.0.A	1	7.06315e-05	0.0543156	0.0563672	10	GTCTGTCACG	TGTCTGTCACCT	+
838-GTCTGTCACG	SMAD4_HUMAN.H11MO.0.B	2	7.35064e-05	0.0565264	0.0563672	10	GTCTGTCACG	CTGTCTGGCACCT	+
838-GTCTGTCACG	TGIF1_HUMAN.H11MO.0.A	-1	0.000270057	0.207674	0.138059	7	GTCTGTCACG	GCTGTCA	-
838-GTCTGTCACG	MEIS1_HUMAN.H11MO.1.B	-1	0.000765216	0.588451	0.293397	9	GTCTGTCACG	GCTGTCAGC	-
838-GTCTGTCACG	TFE3_HUMAN.H11MO.0.B	-3	0.00159356	1.22545	0.488798	7	GTCTGTCACG	GGTCACGTGA	+
842-TCTCAGGAA	STAT6_HUMAN.H11MO.0.B	1	8.06255e-06	0.0062001	0.0123626	9	TCTCAGGAA	TTCTCAGGAAA	+
842-TCTCAGGAA	ETV6_HUMAN.H11MO.0.D	-2	0.0011654	0.896191	0.499836	7	TCTCAGGAA	ACAGGAAGT	+
842-TCTCAGGAA	ETV4_HUMAN.H11MO.0.B	-1	0.00121928	0.937627	0.499836	8	TCTCAGGAA	AACAGGAAGGG	+
842-TCTCAGGAA	ETV7_HUMAN.H11MO.0.D	-3	0.00130392	1.00271	0.499836	6	TCTCAGGAA	CAGGAAG	+
843-TCTGAWTGGTTT	FOXI1_HUMAN.H11MO.0.B	1	5.10036e-05	0.0392218	0.0784435	11	TCTGAATGGTTT	CTCTGATTGGTC	+
843-TCTGAWTGGTTT	CEBPZ_HUMAN.H11MO.0.D	0	0.000284155	0.218515	0.218515	11	TCTGAATGGTTT	GCTGATTGGCT	+
843-TCTGAWTGGTTT	NFYA_HUMAN.H11MO.0.A	1	0.00072314	0.556095	0.235567	12	TCTGAATGGTTT	TTCTGATTGGCTGA	-
843-TCTGAWTGGTTT	NFYB_HUMAN.H11MO.0.A	1	0.000724377	0.557046	0.235567	12	TCTGAATGGTTT	CTCTGATTGGCTG	-
843-TCTGAWTGGTTT	NFYC_HUMAN.H11MO.0.A	1	0.000765822	0.588917	0.235567	12	TCTGAATGGTTT	CTCTGATTGGCTAG	-
843-TCTGAWTGGTTT	DUX4_HUMAN.H11MO.0.A	-2	0.00153492	1.18036	0.393452	10	TCTGAATGGTTT	TGATTAGGTTA	+
847-CCCCGGGGAG	COE1_HUMAN.H11MO.0.A	3	0.000168603	0.129656	0.181259	10	CCCCGGGGAG	GGTCCCTGGGGACTT	-
847-CCCCGGGGAG	MECP2_HUMAN.H11MO.0.C	-1	0.00083435	0.641615	0.255394	7	CCCCGGGGAG	CCCGGAG	+
847-CCCCGGGGAG	GLIS2_HUMAN.H11MO.0.D	4	0.000936145	0.719896	0.255394	10	CCCCGGGGAG	GACCCCCCGCGAAG	-
847-CCCCGGGGAG	ZF64A_HUMAN.H11MO.0.D	3	0.00111449	0.857041	0.255394	10	CCCCGGGGAG	GGGGCCCGGGAACCTG	+
847-CCCCGGGGAG	ZIC4_HUMAN.H11MO.0.D	4	0.00116644	0.896992	0.255394	10	CCCCGGGGAG	GACCCCCCGCTGTGC	-
852-GGGCTCGGGA	ZF64A_HUMAN.H11MO.0.D	1	0.000141049	0.108467	0.216934	10	GGGCTCGGGA	GGGGCCCGGGAACCTG	+
853-AAAACAGAGGGGA	PPARG_HUMAN.H11MO.1.A	-4	0.00102097	0.785124	0.474207	9	AAAACAGAGGGGA	CAAAGGTCA	+
853-AAAACAGAGGGGA	NDF2_HUMAN.H11MO.0.B	-2	0.00109283	0.840389	0.474207	9	AAAACAGAGGGGA	AACAGATGG	+
853-AAAACAGAGGGGA	ZN250_HUMAN.H11MO.0.C	6	0.00111598	0.858187	0.474207	13	AAAACAGAGGGGA	GTAATCAAAACAGCATGGTA	-
853-AAAACAGAGGGGA	ZN816_HUMAN.H11MO.0.C	-1	0.0012376	0.951717	0.474207	12	AAAACAGAGGGGA	AAAAAAGGGGGACATGCAGGG	+
857-AAAGCCCAGCGATC	ZN449_HUMAN.H11MO.0.C	-1	8.29796e-05	0.0638113	0.127623	11	AAAGCCCAGCGATC	AAGCCCAACCA	-
858-AAAGGCTCGGGGCC	SP1_HUMAN.H11MO.1.A	-1	0.000159692	0.122803	0.245557	13	AAAGGCTCGGGGCC	GGGGGGCGGGGCCG	+
858-AAAGGCTCGGGGCC	KLF12_HUMAN.H11MO.0.C	-2	0.000505947	0.389073	0.35706	11	AAAGGCTCGGGGCC	AGGGGCGGGGC	+
858-AAAGGCTCGGGGCC	SP1_HUMAN.H11MO.0.A	-1	0.000696618	0.535699	0.35706	13	AAAGGCTCGGGGCC	GGGGGGCGGGGCCGGGGGGGGG	+
862-AACAGGAAGTTCCGC	PRGR_HUMAN.H11MO.0.A	3	0.000146489	0.11265	0.0964429	13	AACAGGAAGTTCCGC	AAGAACAGAATGTTCT	-
862-AACAGGAAGTTCCGC	ETV6_HUMAN.H11MO.0.D	-1	0.000172991	0.13303	0.0964429	9	AACAGGAAGTTCCGC	ACAGGAAGT	+
862-AACAGGAAGTTCCGC	ELK3_HUMAN.H11MO.0.D	0	0.000217214	0.167037	0.0964429	12	AACAGGAAGTTCCGC	CCCAGGAAGTGC	+
862-AACAGGAAGTTCCGC	ETV4_HUMAN.H11MO.0.B	0	0.000296387	0.227921	0.0964429	11	AACAGGAAGTTCCGC	AACAGGAAGGG	+
862-AACAGGAAGTTCCGC	EHF_HUMAN.H11MO.0.B	2	0.000316911	0.243705	0.0964429	13	AACAGGAAGTTCCGC	GAACCAGGAAGTGGC	+
862-AACAGGAAGTTCCGC	ETV7_HUMAN.H11MO.0.D	-2	0.000415098	0.319211	0.105269	7	AACAGGAAGTTCCGC	CAGGAAG	+
862-AACAGGAAGTTCCGC	ELF3_HUMAN.H11MO.0.A	2	0.000551903	0.424413	0.107841	12	AACAGGAAGTTCCGC	GAACCAGGAAGTGG	+
862-AACAGGAAGTTCCGC	ELK1_HUMAN.H11MO.0.B	-1	0.000566985	0.436011	0.107841	11	AACAGGAAGTTCCGC	ACCGGAAGTGG	+
862-AACAGGAAGTTCCGC	ETV2_HUMAN.H11MO.0.B	3	0.000686375	0.527822	0.116044	13	AACAGGAAGTTCCGC	GGAAACAGGAAGTGGG	+
862-AACAGGAAGTTCCGC	SPI1_HUMAN.H11MO.0.A	3	0.00114162	0.877902	0.173709	14	AACAGGAAGTTCCGC	AAAAAGAGGAAGTGAAA	+
862-AACAGGAAGTTCCGC	ETS1_HUMAN.H11MO.0.A	1	0.00129907	0.998988	0.178105	12	AACAGGAAGTTCCGC	AGACAGGAAGTGG	+
862-AACAGGAAGTTCCGC	ERG_HUMAN.H11MO.0.A	1	0.00144877	1.11411	0.178105	12	AACAGGAAGTTCCGC	GGGCAGGAAGTGG	+
862-AACAGGAAGTTCCGC	GCR_HUMAN.H11MO.0.A	2	0.00156282	1.20181	0.178105	13	AACAGGAAGTTCCGC	AGAACAGAATGTTCT	+
862-AACAGGAAGTTCCGC	ELF5_HUMAN.H11MO.0.A	3	0.0018194	1.39912	0.178105	12	AACAGGAAGTTCCGC	GGAAGGAGGAAGTGG	+
862-AACAGGAAGTTCCGC	ETV5_HUMAN.H11MO.0.C	1	0.00198851	1.52916	0.178105	13	AACAGGAAGTTCCGC	GAGCAGGAAGTGAG	+
862-AACAGGAAGTTCCGC	FLI1_HUMAN.H11MO.1.A	1	0.00211015	1.6227	0.178105	12	AACAGGAAGTTCCGC	AGGCAGGAAGTGG	+
862-AACAGGAAGTTCCGC	ELF1_HUMAN.H11MO.0.A	2	0.00220332	1.69435	0.178105	12	AACAGGAAGTTCCGC	GAACCCGGAAGTGG	+
862-AACAGGAAGTTCCGC	ANDR_HUMAN.H11MO.1.A	2	0.00234101	1.80024	0.178105	14	AACAGGAAGTTCCGC	GGAACAGTGTGTTCTT	+
862-AACAGGAAGTTCCGC	ETV1_HUMAN.H11MO.0.A	0	0.00257043	1.97666	0.180221	11	AACAGGAAGTTCCGC	GGCCGGAAGTG	+
862-AACAGGAAGTTCCGC	ELF2_HUMAN.H11MO.0.C	1	0.00260571	2.00379	0.180221	12	AACAGGAAGTTCCGC	AACCCGGAAGTGG	+
862-AACAGGAAGTTCCGC	ELK4_HUMAN.H11MO.0.A	0	0.00444507	3.41826	0.294072	12	AACAGGAAGTTCCGC	GACCGGAAGTGG	+
862-AACAGGAAGTTCCGC	GABPA_HUMAN.H11MO.0.A	2	0.00466025	3.58373	0.295461	12	AACAGGAAGTTCCGC	GGAACCGGAAGTGG	+
862-AACAGGAAGTTCCGC	SPIB_HUMAN.H11MO.0.A	3	0.00523252	4.02381	0.318474	14	AACAGGAAGTTCCGC	AAAAAGAGGAAGTGAAA	+
862-AACAGGAAGTTCCGC	TF65_HUMAN.H11MO.0.A	-2	0.00593531	4.56425	0.347354	13	AACAGGAAGTTCCGC	CTGGAAATTCCCTG	-
862-AACAGGAAGTTCCGC	NFKB1_HUMAN.H11MO.1.B	-4	0.00776138	5.9685	0.415044	11	AACAGGAAGTTCCGC	GGGAATTTCCC	-
862-AACAGGAAGTTCCGC	SCRT1_HUMAN.H11MO.0.D	2	0.00791023	6.08297	0.415044	11	AACAGGAAGTTCCGC	GCAACAGGTGGTT	+
862-AACAGGAAGTTCCGC	BC11A_HUMAN.H11MO.0.A	2	0.00868168	6.67621	0.429446	15	AACAGGAAGTTCCGC	AAAAGAGGAAGTGAAAA	+
862-AACAGGAAGTTCCGC	ZN341_HUMAN.H11MO.1.C	-4	0.00904561	6.95607	0.429446	9	AACAGGAAGTTCCGC	GGCTGTTCC	-
862-AACAGGAAGTTCCGC	ZN140_HUMAN.H11MO.0.C	4	0.00910387	7.00088	0.429446	15	AACAGGAAGTTCCGC	TATGACCCAGCAATTCCGCTCCTA	+
862-AACAGGAAGTTCCGC	RELB_HUMAN.H11MO.0.C	-3	0.0100817	7.7528	0.429446	12	AACAGGAAGTTCCGC	GGGAAATCCCCC	-
862-AACAGGAAGTTCCGC	REL_HUMAN.H11MO.0.B	1	0.0101712	7.82169	0.429446	14	AACAGGAAGTTCCGC	TGAAGGGAAATTCCA	+
862-AACAGGAAGTTCCGC	ZN335_HUMAN.H11MO.0.A	-1	0.0104426	8.03034	0.429446	14	AACAGGAAGTTCCGC	TCAGGCAGCGCCGAGGACAGCC	-
862-AACAGGAAGTTCCGC	FLI1_HUMAN.H11MO.0.A	3	0.0123679	9.51092	0.49524	15	AACAGGAAGTTCCGC	GGAGGAAGGAAGGAGGGA	+
862-AACAGGAAGTTCCGC	ZN394_HUMAN.H11MO.1.D	0	0.0127988	9.8423	0.499354	9	AACAGGAAGTTCCGC	GAATGGAAT	+
865-AAGACAAGTTTTCCT	NFAC4_HUMAN.H11MO.0.C	-5	0.000263014	0.202257	0.384497	10	AAGACAAGTTTTCCT	AAATTTTCCT	-
865-AAGACAAGTTTTCCT	NFAC3_HUMAN.H11MO.0.B	-6	0.000499996	0.384497	0.384497	9	AAGACAAGTTTTCCT	AGTTTTCCA	-
866-AAGCCCCGCCCCCGC	SP1_HUMAN.H11MO.1.A	0	4.78894e-08	3.6827e-05	7.19063e-05	14	AAGCCCCGCCCCCGC	CGGCCCCGCCCCCC	-
866-AAGCCCCGCCCCCGC	KLF12_HUMAN.H11MO.0.C	-2	1.66073e-07	0.00012771	0.00012468	11	AAGCCCCGCCCCCGC	GCCCCGCCCCT	-
866-AAGCCCCGCCCCCGC	SP1_HUMAN.H11MO.0.A	8	6.27434e-07	0.000482497	0.000310617	14	AAGCCCCGCCCCCGC	CCCCCCCCCGGCCCCGCCCCCC	-
866-AAGCCCCGCCCCCGC	SP2_HUMAN.H11MO.1.B	-2	8.27479e-07	0.000636332	0.000310617	12	AAGCCCCGCCCCCGC	GCCCCGCCCCCT	-
866-AAGCCCCGCCCCCGC	SP2_HUMAN.H11MO.0.A	4	2.4715e-06	0.00190058	0.000742194	15	AAGCCCCGCCCCCGC	CCCCCGGCCCCGCCCCCCCCCC	-
866-AAGCCCCGCCCCCGC	SP3_HUMAN.H11MO.0.B	3	4.33938e-06	0.00333698	0.00108594	15	AAGCCCCGCCCCCGC	CCCCGGCCCCGCCCCCCCCC	-
866-AAGCCCCGCCCCCGC	EGR4_HUMAN.H11MO.0.D	-2	5.41175e-06	0.00416163	0.00116083	11	AAGCCCCGCCCCCGC	GCCCTGCCGCC	-
866-AAGCCCCGCCCCCGC	SP4_HUMAN.H11MO.1.A	0	6.27361e-06	0.00482441	0.00117748	15	AAGCCCCGCCCCCGC	CGGCCCCGCCCCCTCC	-
866-AAGCCCCGCCCCCGC	KLF9_HUMAN.H11MO.0.C	-1	1.08355e-05	0.00833252	0.00180774	14	AAGCCCCGCCCCCGC	GGCCACGCCCCCTCC	-
866-AAGCCCCGCCCCCGC	ZN281_HUMAN.H11MO.0.A	-2	1.58619e-05	0.0121978	0.00216516	13	AAGCCCCGCCCCCGC	TCCCCTCCCCCACCC	-
866-AAGCCCCGCCCCCGC	ZN148_HUMAN.H11MO.0.D	-3	1.58619e-05	0.0121978	0.00216516	12	AAGCCCCGCCCCCGC	CCCCTCCCCCACCCC	-
866-AAGCCCCGCCCCCGC	MAZ_HUMAN.H11MO.1.A	-2	3.42384e-05	0.0263293	0.0042841	11	AAGCCCCGCCCCCGC	CCCCCTCCCTC	-
866-AAGCCCCGCCCCCGC	KLF14_HUMAN.H11MO.0.D	-2	4.17992e-05	0.0321436	0.00452115	13	AAGCCCCGCCCCCGC	GCCACGCCCCCCT	-
866-AAGCCCCGCCCCCGC	KLF3_HUMAN.H11MO.0.B	2	4.2155e-05	0.0324172	0.00452115	15	AAGCCCCGCCCCCGC	CCCGGCCCCGCCCCTCCCC	-
866-AAGCCCCGCCCCCGC	SP4_HUMAN.H11MO.0.A	2	4.63134e-05	0.035615	0.00463599	15	AAGCCCCGCCCCCGC	CCCGGCCCCGCCCCCTTCCC	-
866-AAGCCCCGCCCCCGC	EGR1_HUMAN.H11MO.0.A	-2	6.13186e-05	0.047154	0.0057544	13	AAGCCCCGCCCCCGC	CCCCCGCCCACGCCCTC	-
866-AAGCCCCGCCCCCGC	KLF6_HUMAN.H11MO.0.A	4	9.67274e-05	0.0743834	0.00808345	15	AAGCCCCGCCCCCGC	CCCCCGGCCCCGCCCTTCC	-
866-AAGCCCCGCCCCCGC	KLF4_HUMAN.H11MO.0.A	-2	9.6904e-05	0.0745191	0.00808345	10	AAGCCCCGCCCCCGC	GCCACACCCT	-
866-AAGCCCCGCCCCCGC	EGR2_HUMAN.H11MO.1.A	-2	0.000111394	0.0856617	0.00880308	13	AAGCCCCGCCCCCGC	CCCCCGCCCACGCCCC	-
866-AAGCCCCGCCCCCGC	KLF1_HUMAN.H11MO.0.A	2	0.000168861	0.129854	0.0126773	12	AAGCCCCGCCCCCGC	CCCGGCCCCGCCCC	-
866-AAGCCCCGCCCCCGC	E2F4_HUMAN.H11MO.0.A	0	0.000222639	0.17121	0.0153789	13	AAGCCCCGCCCCCGC	ATTTCCCGCCCCC	-
866-AAGCCCCGCCCCCGC	EGR2_HUMAN.H11MO.0.A	-3	0.000225331	0.17328	0.0153789	12	AAGCCCCGCCCCCGC	CCCCTCCCACACCCCCCC	-
866-AAGCCCCGCCCCCGC	PATZ1_HUMAN.H11MO.0.C	4	0.000284616	0.21887	0.0185806	15	AAGCCCCGCCCCCGC	CCTCCCCCCCCGCCCCCTCCCC	-
866-AAGCCCCGCCCCCGC	KLF16_HUMAN.H11MO.0.D	0	0.000352489	0.271064	0.021492	15	AAGCCCCGCCCCCGC	CCCCCCCCCCCCCGCCCCC	-
866-AAGCCCCGCCCCCGC	ZN449_HUMAN.H11MO.0.C	0	0.000370904	0.285225	0.021492	11	AAGCCCCGCCCCCGC	AAGCCCAACCA	-
866-AAGCCCCGCCCCCGC	ZBT17_HUMAN.H11MO.0.A	0	0.000372154	0.286186	0.021492	15	AAGCCCCGCCCCCGC	CTTCCCCTCCCCCACCCTC	-
866-AAGCCCCGCCCCCGC	WT1_HUMAN.H11MO.0.C	3	0.000563335	0.433205	0.0306384	15	AAGCCCCGCCCCCGC	CCCCCCCTCCTCCCCCGCCC	-
866-AAGCCCCGCCCCCGC	TBX15_HUMAN.H11MO.0.D	-2	0.000571342	0.439362	0.0306384	13	AAGCCCCGCCCCCGC	CCCCCACCCCCCCCCCCCC	-
866-AAGCCCCGCCCCCGC	KLF13_HUMAN.H11MO.0.D	-4	0.000611703	0.4704	0.0316716	11	AAGCCCCGCCCCCGC	CACGCCCCCCT	-
866-AAGCCCCGCCCCCGC	KLF5_HUMAN.H11MO.0.A	2	0.000682217	0.524625	0.0341451	12	AAGCCCCGCCCCCGC	CCCAGCCCCACCCT	-
866-AAGCCCCGCCCCCGC	TFDP1_HUMAN.H11MO.0.C	0	0.000719876	0.553584	0.0348677	14	AAGCCCCGCCCCCGC	TTTTCCCGCCCCCC	-
866-AAGCCCCGCCCCCGC	TBX1_HUMAN.H11MO.0.D	-1	0.000857962	0.659773	0.0402574	14	AAGCCCCGCCCCCGC	CCGCCCACCCCTGCCCACCC	-
866-AAGCCCCGCCCCCGC	ZN219_HUMAN.H11MO.0.D	-4	0.000993173	0.76375	0.0451896	11	AAGCCCCGCCCCCGC	TCCGCCCCCCTC	-
866-AAGCCCCGCCCCCGC	HEY2_HUMAN.H11MO.0.D	2	0.00106206	0.816728	0.0469029	15	AAGCCCCGCCCCCGC	TAATGCCACGTGCCCCC	-
866-AAGCCCCGCCCCCGC	PATZ1_HUMAN.H11MO.1.C	-3	0.00152602	1.17351	0.0654666	9	AAGCCCCGCCCCCGC	CCCCTCCCT	-
866-AAGCCCCGCCCCCGC	PRDM4_HUMAN.H11MO.0.D	4	0.0016085	1.23694	0.0670883	12	AAGCCCCGCCCCCGC	TTTCAAGGCCCCCCAC	-
866-AAGCCCCGCCCCCGC	ZN740_HUMAN.H11MO.0.D	1	0.00175194	1.34724	0.0697841	13	AAGCCCCGCCCCCGC	CCCACCCCCCCCCC	-
866-AAGCCCCGCCCCCGC	KLF15_HUMAN.H11MO.0.A	1	0.00176609	1.35812	0.0697841	15	AAGCCCCGCCCCCGC	CCCCCCCCTGCTCCTCCCC	-
866-AAGCCCCGCCCCCGC	SALL4_HUMAN.H11MO.0.B	-4	0.00182664	1.40468	0.0703259	10	AAGCCCCGCCCCCGC	CCCACCCTCC	-
866-AAGCCCCGCCCCCGC	E2F7_HUMAN.H11MO.0.B	1	0.00253995	1.95322	0.095344	12	AAGCCCCGCCCCCGC	CCTTTCCCGCCCC	-
866-AAGCCCCGCCCCCGC	E2F1_HUMAN.H11MO.0.A	0	0.00289532	2.2265	0.103801	14	AAGCCCCGCCCCCGC	CTTTCCCGCCCCCC	-
866-AAGCCCCGCCCCCGC	MAZ_HUMAN.H11MO.0.A	3	0.00296422	2.27949	0.103801	15	AAGCCCCGCCCCCGC	CCCCCCCCCCCCCCCCTCCCCC	-
866-AAGCCCCGCCCCCGC	XBP1_HUMAN.H11MO.0.D	-2	0.00297264	2.28596	0.103801	11	AAGCCCCGCCCCCGC	GCCACGTCAGC	-
866-AAGCCCCGCCCCCGC	ZN770_HUMAN.H11MO.1.C	-3	0.00486249	3.73925	0.165933	11	AAGCCCCGCCCCCGC	CTCAGCCTCCC	-
866-AAGCCCCGCCCCCGC	ZIC1_HUMAN.H11MO.0.B	-3	0.00532965	4.0985	0.177834	9	AAGCCCCGCCCCCGC	GACCACCCC	-
866-AAGCCCCGCCCCCGC	NR0B1_HUMAN.H11MO.0.D	-5	0.00654034	5.02952	0.213486	10	AAGCCCCGCCCCCGC	TCTCCCACGC	-
866-AAGCCCCGCCCCCGC	PURA_HUMAN.H11MO.0.D	-3	0.00692923	5.32858	0.221368	12	AAGCCCCGCCCCCGC	CCCTGCCCCCCCCTTCC	-
866-AAGCCCCGCCCCCGC	ZSC31_HUMAN.H11MO.0.C	5	0.00827024	6.35981	0.250533	13	AAGCCCCGCCCCCGC	CATAACTGCCCTGCTGCC	-
866-AAGCCCCGCCCCCGC	VEZF1_HUMAN.H11MO.1.C	-2	0.00830914	6.38973	0.250533	12	AAGCCCCGCCCCCGC	CCCCCTCCCCCT	-
866-AAGCCCCGCCCCCGC	GLIS1_HUMAN.H11MO.0.D	-1	0.00834271	6.41555	0.250533	13	AAGCCCCGCCCCCGC	AGACCCCCCACGA	-
866-AAGCCCCGCCCCCGC	RREB1_HUMAN.H11MO.0.D	6	0.00872435	6.70903	0.256213	15	AAGCCCCGCCCCCGC	ACCCCAAACCACCCCCCCCCCC	-
866-AAGCCCCGCCCCCGC	ZIC4_HUMAN.H11MO.0.D	-2	0.00887312	6.82343	0.256213	13	AAGCCCCGCCCCCGC	GACCCCCCGCTGTGC	-
866-AAGCCCCGCCCCCGC	TAF1_HUMAN.H11MO.0.A	-2	0.0105046	8.078	0.297598	13	AAGCCCCGCCCCCGC	CCGCCGCCGCCATCTT	-
866-AAGCCCCGCCCCCGC	WT1_HUMAN.H11MO.1.B	-2	0.0111906	8.60558	0.308984	11	AAGCCCCGCCCCCGC	CCTCCTCCCAC	-
866-AAGCCCCGCCCCCGC	ZBT7A_HUMAN.H11MO.0.A	-5	0.011318	8.70357	0.308984	9	AAGCCCCGCCCCCGC	GAGACCCCC	-
866-AAGCCCCGCCCCCGC	E2F6_HUMAN.H11MO.0.A	1	0.0115957	8.91706	0.31091	12	AAGCCCCGCCCCCGC	CCCTTCCCGCCCC	-
866-AAGCCCCGCCCCCGC	ZN524_HUMAN.H11MO.0.D	5	0.0123121	9.46803	0.324329	13	AAGCCCCGCCCCCGC	ACTCGAACCCTCGAACCC	-
866-AAGCCCCGCCCCCGC	E2F3_HUMAN.H11MO.0.A	-1	0.0130088	10.0037	0.336772	11	AAGCCCCGCCCCCGC	TTTCCCGCCCT	-
866-AAGCCCCGCCCCCGC	EGR3_HUMAN.H11MO.0.D	-5	0.0136728	10.5144	0.347962	10	AAGCCCCGCCCCCGC	ACACCCACTCT	-
866-AAGCCCCGCCCCCGC	ZN331_HUMAN.H11MO.0.C	10	0.0155179	11.9332	0.388336	10	AAGCCCCGCCCCCGC	CCACCCAGCTGAGCCCAGCC	-
866-AAGCCCCGCCCCCGC	ZN770_HUMAN.H11MO.0.C	2	0.0162029	12.46	0.398833	15	AAGCCCCGCCCCCGC	GATCCTCCCGCCTCAGCCTCCC	-
866-AAGCCCCGCCCCCGC	CTCFL_HUMAN.H11MO.0.A	-3	0.0166895	12.8342	0.404184	12	AAGCCCCGCCCCCGC	CGGCGCCCCCTGGCGGC	-
866-AAGCCCCGCCCCCGC	NFKB2_HUMAN.H11MO.0.B	4	0.0174846	13.4457	0.414308	7	AAGCCCCGCCCCCGC	GGGAAAGCCCC	+
866-AAGCCCCGCCCCCGC	VEZF1_HUMAN.H11MO.0.C	-3	0.0176594	13.5801	0.414308	12	AAGCCCCGCCCCCGC	CCCCTCCCCCTCCCCCCTCCCC	-
866-AAGCCCCGCCCCCGC	GLIS3_HUMAN.H11MO.0.D	-5	0.0189014	14.5351	0.436623	10	AAGCCCCGCCCCCGC	TACCCCCCAC	-
866-AAGCCCCGCCCCCGC	AP2D_HUMAN.H11MO.0.D	-3	0.0194207	14.9345	0.441823	12	AAGCCCCGCCCCCGC	ACGCGCCTCGGGCG	-
866-AAGCCCCGCCCCCGC	PLAL1_HUMAN.H11MO.0.D	-5	0.0198832	15.2902	0.445593	10	AAGCCCCGCCCCCGC	GGGCCCCCCG	-
866-AAGCCCCGCCCCCGC	ATF6A_HUMAN.H11MO.0.B	-3	0.0215434	16.5669	0.475699	12	AAGCCCCGCCCCCGC	CCACGTCACCAC	-
866-AAGCCCCGCCCCCGC	RELB_HUMAN.H11MO.0.C	4	0.0236033	18.1509	0.495412	8	AAGCCCCGCCCCCGC	GGGAAATCCCCC	-
866-AAGCCCCGCCCCCGC	HEN1_HUMAN.H11MO.0.C	7	0.02369	18.2176	0.495412	13	AAGCCCCGCCCCCGC	TGGGGAGCAGCTGCGTCCCT	+
866-AAGCCCCGCCCCCGC	ZSC22_HUMAN.H11MO.0.C	-2	0.0236929	18.2199	0.495412	13	AAGCCCCGCCCCCGC	CCTCCTCCCTCAGACC	-
866-AAGCCCCGCCCCCGC	ZN467_HUMAN.H11MO.0.C	4	0.0237559	18.2683	0.495412	15	AAGCCCCGCCCCCGC	CCCCCCCCCCCCTCCCCTCCCC	-
866-AAGCCCCGCCCCCGC	PITX1_HUMAN.H11MO.0.D	2	0.0241814	18.5955	0.497378	7	AAGCCCCGCCCCCGC	TTAATCCCT	-
873-AATATGGCGGAT	TYY2_HUMAN.H11MO.0.D	0	1.20125e-05	0.00923758	0.0184752	11	AATATGGCGGAT	AAAATGGCGGC	+
873-AATATGGCGGAT	TYY1_HUMAN.H11MO.0.A	1	4.10391e-05	0.0315591	0.0315591	11	AATATGGCGGAT	CAAGATGGCGGC	+
873-AATATGGCGGAT	ZFP42_HUMAN.H11MO.0.A	0	0.000320612	0.246551	0.164367	12	AATATGGCGGAT	AAAATGGCTGCC	-
874-AATGTCTT	ZN528_HUMAN.H11MO.0.C	5	0.000103328	0.079459	0.158918	8	AATGTCTT	TCAGAAATGGCTTCCCTGGG	-
875-ACAAAGGGCCGGAGC	KLF12_HUMAN.H11MO.0.C	-4	0.00040112	0.308461	0.40783	11	ACAAAGGGCCGGAGC	AGGGGCGGGGC	+
875-ACAAAGGGCCGGAGC	SP1_HUMAN.H11MO.1.A	-3	0.000897808	0.690414	0.40783	12	ACAAAGGGCCGGAGC	GGGGGGCGGGGCCG	+
875-ACAAAGGGCCGGAGC	MBD2_HUMAN.H11MO.0.B	-4	0.000960985	0.738998	0.40783	11	ACAAAGGGCCGGAGC	CGGGCCGGAGG	+
875-ACAAAGGGCCGGAGC	SP4_HUMAN.H11MO.0.A	1	0.00106647	0.820114	0.40783	15	ACAAAGGGCCGGAGC	GGGAAGGGGGCGGGGCCGGG	+
875-ACAAAGGGCCGGAGC	SP2_HUMAN.H11MO.1.B	-3	0.00233862	1.7984	0.463181	12	ACAAAGGGCCGGAGC	AGGGGGCGGGGC	+
875-ACAAAGGGCCGGAGC	NR4A3_HUMAN.H11MO.0.D	-1	0.00275252	2.11669	0.463181	10	ACAAAGGGCCGGAGC	CAAAGGTCAG	+
875-ACAAAGGGCCGGAGC	PPARG_HUMAN.H11MO.1.A	-1	0.00327854	2.52119	0.463181	9	ACAAAGGGCCGGAGC	CAAAGGTCA	+
875-ACAAAGGGCCGGAGC	E2F3_HUMAN.H11MO.0.A	-4	0.00345634	2.65793	0.463181	11	ACAAAGGGCCGGAGC	AGGGCGGGAAA	+
875-ACAAAGGGCCGGAGC	E2F1_HUMAN.H11MO.0.A	-2	0.00360225	2.77013	0.463181	13	ACAAAGGGCCGGAGC	GGGGGGCGGGAAAG	+
875-ACAAAGGGCCGGAGC	TFDP1_HUMAN.H11MO.0.C	-2	0.00378413	2.91	0.463181	13	ACAAAGGGCCGGAGC	GGGGGGCGGGAAAA	+
875-ACAAAGGGCCGGAGC	PPARA_HUMAN.H11MO.1.B	-2	0.0039511	3.03839	0.463181	9	ACAAAGGGCCGGAGC	AAAGGTCAG	+
875-ACAAAGGGCCGGAGC	MECP2_HUMAN.H11MO.0.C	-7	0.00413154	3.17715	0.463181	7	ACAAAGGGCCGGAGC	CCCGGAG	+
875-ACAAAGGGCCGGAGC	NR4A1_HUMAN.H11MO.0.A	-2	0.00446801	3.4359	0.463181	9	ACAAAGGGCCGGAGC	AAAGGTCAG	+
875-ACAAAGGGCCGGAGC	SP4_HUMAN.H11MO.1.A	-1	0.00453581	3.48804	0.463181	14	ACAAAGGGCCGGAGC	GGAGGGGGCGGGGCCG	+
875-ACAAAGGGCCGGAGC	E2F6_HUMAN.H11MO.0.A	-4	0.00454203	3.49282	0.463181	11	ACAAAGGGCCGGAGC	GGGGCGGGAAGGG	+
875-ACAAAGGGCCGGAGC	HEN1_HUMAN.H11MO.0.C	-4	0.00493904	3.79812	0.467246	11	ACAAAGGGCCGGAGC	AGGGACGCAGCTGCTCCCCA	-
875-ACAAAGGGCCGGAGC	SOX4_HUMAN.H11MO.0.B	4	0.00519281	3.99327	0.467246	8	ACAAAGGGCCGGAGC	GAGAACAAAGGA	-
875-ACAAAGGGCCGGAGC	SP1_HUMAN.H11MO.0.A	-3	0.00590856	4.54368	0.479534	12	ACAAAGGGCCGGAGC	GGGGGGCGGGGCCGGGGGGGGG	+
875-ACAAAGGGCCGGAGC	SP3_HUMAN.H11MO.0.B	0	0.00595637	4.58045	0.479534	15	ACAAAGGGCCGGAGC	GGGGGGGGGCGGGGCCGGGG	+
877-ACACTTCCTCTC	SPI1_HUMAN.H11MO.0.A	2	9.87466e-06	0.00759361	0.0147931	12	ACACTTCCTCTC	TTTCACTTCCTCTTTTT	-
877-ACACTTCCTCTC	SPIB_HUMAN.H11MO.0.A	2	1.94955e-05	0.0149921	0.0147931	12	ACACTTCCTCTC	TTTCACTTCCTCTTTTT	-
877-ACACTTCCTCTC	BC11A_HUMAN.H11MO.0.A	3	0.000106338	0.081774	0.0432101	12	ACACTTCCTCTC	TTTTCACTTCCTCTTTT	-
877-ACACTTCCTCTC	ETS1_HUMAN.H11MO.0.A	0	0.00011707	0.0900268	0.0432101	12	ACACTTCCTCTC	CCACTTCCTGTCT	-
877-ACACTTCCTCTC	ERG_HUMAN.H11MO.0.A	0	0.000142365	0.109478	0.0432101	12	ACACTTCCTCTC	CCACTTCCTGCCC	-
877-ACACTTCCTCTC	ETV4_HUMAN.H11MO.0.B	-1	0.000223064	0.171536	0.0564198	11	ACACTTCCTCTC	CCCTTCCTGTT	-
877-ACACTTCCTCTC	FLI1_HUMAN.H11MO.1.A	0	0.000286594	0.22039	0.062133	12	ACACTTCCTCTC	CCACTTCCTGCCT	-
877-ACACTTCCTCTC	ETV5_HUMAN.H11MO.0.C	1	0.000408125	0.313848	0.0721857	12	ACACTTCCTCTC	CTCACTTCCTGCTC	-
877-ACACTTCCTCTC	ETV6_HUMAN.H11MO.0.D	-2	0.000503359	0.387083	0.0721857	9	ACACTTCCTCTC	ACTTCCTGT	-
877-ACACTTCCTCTC	ZN140_HUMAN.H11MO.0.C	9	0.000507318	0.390127	0.0721857	12	ACACTTCCTCTC	TATGACCCAGCAATTCCGCTCCTA	+
877-ACACTTCCTCTC	ETV7_HUMAN.H11MO.0.D	-3	0.000523227	0.402362	0.0721857	7	ACACTTCCTCTC	CTTCCTG	-
877-ACACTTCCTCTC	IRF4_HUMAN.H11MO.0.A	4	0.000772709	0.594213	0.0977211	12	ACACTTCCTCTC	AGTTTCACTTCCTCTTTT	-
877-ACACTTCCTCTC	IRF8_HUMAN.H11MO.0.B	6	0.000967089	0.743691	0.112896	12	ACACTTCCTCTC	TTACTTTCACTTCCTCTTTT	-
877-ACACTTCCTCTC	ELK1_HUMAN.H11MO.0.B	0	0.00108244	0.832397	0.1163	11	ACACTTCCTCTC	CCACTTCCGGT	-
877-ACACTTCCTCTC	ETV1_HUMAN.H11MO.0.A	-1	0.00114953	0.883985	0.1163	11	ACACTTCCTCTC	CACTTCCGGCC	-
877-ACACTTCCTCTC	ELF5_HUMAN.H11MO.0.A	0	0.0016485	1.2677	0.140661	12	ACACTTCCTCTC	CCACTTCCTCCTTCC	-
877-ACACTTCCTCTC	FLI1_HUMAN.H11MO.0.A	3	0.00165702	1.27425	0.140661	12	ACACTTCCTCTC	TCCCTCCTTCCTTCCTCC	-
877-ACACTTCCTCTC	PRDM1_HUMAN.H11MO.0.A	0	0.00166836	1.28297	0.140661	12	ACACTTCCTCTC	TCACTTTCACTTTC	-
877-ACACTTCCTCTC	ELF3_HUMAN.H11MO.0.A	0	0.00176457	1.35695	0.140941	12	ACACTTCCTCTC	CCACTTCCTGGTTC	-
877-ACACTTCCTCTC	ZN768_HUMAN.H11MO.0.C	0	0.00195171	1.50086	0.148094	12	ACACTTCCTCTC	ACTTAACCTCTCTGAGCCTC	-
877-ACACTTCCTCTC	GABPA_HUMAN.H11MO.0.A	0	0.00245986	1.89163	0.17187	12	ACACTTCCTCTC	CCACTTCCGGTTCC	-
877-ACACTTCCTCTC	ELF2_HUMAN.H11MO.0.C	0	0.00249155	1.916	0.17187	12	ACACTTCCTCTC	CCACTTCCGGGTT	-
877-ACACTTCCTCTC	ZN274_HUMAN.H11MO.0.A	1	0.00323689	2.48917	0.206119	12	ACACTTCCTCTC	TAGGGTTTCTCTCCAGTATG	-
877-ACACTTCCTCTC	ZN394_HUMAN.H11MO.1.D	-3	0.00325969	2.5067	0.206119	9	ACACTTCCTCTC	ATTCCATTC	-
877-ACACTTCCTCTC	ELK4_HUMAN.H11MO.0.A	0	0.00340597	2.61919	0.206755	12	ACACTTCCTCTC	CCACTTCCGGTC	-
877-ACACTTCCTCTC	NFAT5_HUMAN.H11MO.0.D	0	0.00407868	3.1365	0.234834	11	ACACTTCCTCTC	CCTTTTCCTCT	-
877-ACACTTCCTCTC	EHF_HUMAN.H11MO.0.B	1	0.00417803	3.2129	0.234834	12	ACACTTCCTCTC	GCCACTTCCTGGTTC	-
877-ACACTTCCTCTC	ETV2_HUMAN.H11MO.0.B	1	0.00445422	3.42529	0.241417	12	ACACTTCCTCTC	CCCACTTCCTGTTTCC	-
877-ACACTTCCTCTC	ETS2_HUMAN.H11MO.0.B	1	0.00526059	4.04539	0.27529	12	ACACTTCCTCTC	TCCTCTTCCTTCC	-
877-ACACTTCCTCTC	ELF1_HUMAN.H11MO.0.A	0	0.00547352	4.20914	0.276885	12	ACACTTCCTCTC	CCACTTCCGGGTTC	-
877-ACACTTCCTCTC	XBP1_HUMAN.H11MO.0.D	1	0.00596951	4.59056	0.292234	10	ACACTTCCTCTC	GCCACGTCAGC	-
877-ACACTTCCTCTC	FEV_HUMAN.H11MO.0.B	-1	0.00869976	6.69012	0.401851	10	ACACTTCCTCTC	CGCTTCCCGC	-
877-ACACTTCCTCTC	ELK3_HUMAN.H11MO.0.D	0	0.00873826	6.71972	0.401851	12	ACACTTCCTCTC	GCACTTCCTGGG	-
877-ACACTTCCTCTC	EOMES_HUMAN.H11MO.0.D	3	0.00919131	7.06811	0.410253	9	ACACTTCCTCTC	TTAACACCTCCT	-
877-ACACTTCCTCTC	ZN143_HUMAN.H11MO.0.A	0	0.0106059	8.15591	0.459867	12	ACACTTCCTCTC	GAACTACAATTCCCAGAATGCC	-
877-ACACTTCCTCTC	VEZF1_HUMAN.H11MO.1.C	0	0.0118015	9.07539	0.497497	12	ACACTTCCTCTC	CCCCCTCCCCCT	-
878-ACACTTCCTTCCTCT	FLI1_HUMAN.H11MO.0.A	3	0.000112942	0.0868521	0.0931274	15	ACACTTCCTTCCTCT	TCCCTCCTTCCTTCCTCC	-
878-ACACTTCCTTCCTCT	SPI1_HUMAN.H11MO.0.A	2	0.000286548	0.220356	0.0931274	15	ACACTTCCTTCCTCT	TTTCACTTCCTCTTTTT	-
878-ACACTTCCTTCCTCT	ETS1_HUMAN.H11MO.0.A	0	0.000301707	0.232012	0.0931274	13	ACACTTCCTTCCTCT	CCACTTCCTGTCT	-
878-ACACTTCCTTCCTCT	ELF5_HUMAN.H11MO.0.A	0	0.000379712	0.291999	0.0931274	15	ACACTTCCTTCCTCT	CCACTTCCTCCTTCC	-
878-ACACTTCCTTCCTCT	SPIB_HUMAN.H11MO.0.A	2	0.00039914	0.306939	0.0931274	15	ACACTTCCTTCCTCT	TTTCACTTCCTCTTTTT	-
878-ACACTTCCTTCCTCT	ERG_HUMAN.H11MO.0.A	0	0.000405738	0.312013	0.0931274	13	ACACTTCCTTCCTCT	CCACTTCCTGCCC	-
878-ACACTTCCTTCCTCT	FLI1_HUMAN.H11MO.1.A	0	0.000430249	0.330861	0.0931274	13	ACACTTCCTTCCTCT	CCACTTCCTGCCT	-
878-ACACTTCCTTCCTCT	ETV5_HUMAN.H11MO.0.C	1	0.000630668	0.484984	0.11187	13	ACACTTCCTTCCTCT	CTCACTTCCTGCTC	-
878-ACACTTCCTTCCTCT	ELF3_HUMAN.H11MO.0.A	0	0.000743536	0.571779	0.11187	14	ACACTTCCTTCCTCT	CCACTTCCTGGTTC	-
878-ACACTTCCTTCCTCT	ETV7_HUMAN.H11MO.0.D	-7	0.000767254	0.590018	0.11187	7	ACACTTCCTTCCTCT	CTTCCTG	-
878-ACACTTCCTTCCTCT	ETV4_HUMAN.H11MO.0.B	-1	0.000812177	0.624564	0.11187	11	ACACTTCCTTCCTCT	CCCTTCCTGTT	-
878-ACACTTCCTTCCTCT	ETV6_HUMAN.H11MO.0.D	-6	0.00117806	0.905926	0.148745	9	ACACTTCCTTCCTCT	ACTTCCTGT	-
878-ACACTTCCTTCCTCT	BC11A_HUMAN.H11MO.0.A	3	0.00173696	1.33572	0.190825	14	ACACTTCCTTCCTCT	TTTTCACTTCCTCTTTT	-
878-ACACTTCCTTCCTCT	ETV2_HUMAN.H11MO.0.B	1	0.00176322	1.35592	0.190825	15	ACACTTCCTTCCTCT	CCCACTTCCTGTTTCC	-
878-ACACTTCCTTCCTCT	ETV1_HUMAN.H11MO.0.A	-1	0.00212879	1.63704	0.201834	11	ACACTTCCTTCCTCT	CACTTCCGGCC	-
878-ACACTTCCTTCCTCT	ZSC22_HUMAN.H11MO.0.C	-3	0.00226357	1.74068	0.201834	12	ACACTTCCTTCCTCT	CCTCCTCCCTCAGACC	-
878-ACACTTCCTTCCTCT	EHF_HUMAN.H11MO.0.B	1	0.00226592	1.74249	0.201834	14	ACACTTCCTTCCTCT	GCCACTTCCTGGTTC	-
878-ACACTTCCTTCCTCT	GABPA_HUMAN.H11MO.0.A	0	0.00250003	1.92253	0.201834	14	ACACTTCCTTCCTCT	CCACTTCCGGTTCC	-
878-ACACTTCCTTCCTCT	ZN341_HUMAN.H11MO.0.C	0	0.002531	1.94634	0.201834	15	ACACTTCCTTCCTCT	GCTCTTCCCTCCCCCCCCCCCC	-
878-ACACTTCCTTCCTCT	WT1_HUMAN.H11MO.1.B	-3	0.00268328	2.06344	0.203279	11	ACACTTCCTTCCTCT	CCTCCTCCCAC	-
878-ACACTTCCTTCCTCT	ELF1_HUMAN.H11MO.0.A	0	0.00306008	2.3532	0.220785	14	ACACTTCCTTCCTCT	CCACTTCCGGGTTC	-
878-ACACTTCCTTCCTCT	FEV_HUMAN.H11MO.0.B	-1	0.00359011	2.7608	0.247253	10	ACACTTCCTTCCTCT	CGCTTCCCGC	-
878-ACACTTCCTTCCTCT	ZN263_HUMAN.H11MO.1.A	-3	0.00377115	2.90002	0.248429	11	ACACTTCCTTCCTCT	CCTCCTCCCTC	-
878-ACACTTCCTTCCTCT	ELF2_HUMAN.H11MO.0.C	0	0.00472098	3.63044	0.298042	13	ACACTTCCTTCCTCT	CCACTTCCGGGTT	-
878-ACACTTCCTTCCTCT	WT1_HUMAN.H11MO.0.C	2	0.00507656	3.90388	0.307671	15	ACACTTCCTTCCTCT	CCCCCCCTCCTCCCCCGCCC	-
878-ACACTTCCTTCCTCT	IRF4_HUMAN.H11MO.0.A	4	0.00528394	4.06335	0.307922	14	ACACTTCCTTCCTCT	AGTTTCACTTCCTCTTTT	-
878-ACACTTCCTTCCTCT	ELK1_HUMAN.H11MO.0.B	0	0.0055521	4.26957	0.311566	11	ACACTTCCTTCCTCT	CCACTTCCGGT	-
878-ACACTTCCTTCCTCT	IRF8_HUMAN.H11MO.0.B	6	0.00584874	4.49768	0.31649	14	ACACTTCCTTCCTCT	TTACTTTCACTTCCTCTTTT	-
878-ACACTTCCTTCCTCT	E2F7_HUMAN.H11MO.0.B	-1	0.00606356	4.66288	0.316801	13	ACACTTCCTTCCTCT	CCTTTCCCGCCCC	-
878-ACACTTCCTTCCTCT	ZN394_HUMAN.H11MO.1.D	-3	0.00630073	4.84526	0.318219	9	ACACTTCCTTCCTCT	ATTCCATTC	-
878-ACACTTCCTTCCTCT	NFAT5_HUMAN.H11MO.0.D	-4	0.0068915	5.29956	0.332933	11	ACACTTCCTTCCTCT	CCTTTTCCTCT	-
878-ACACTTCCTTCCTCT	E2F6_HUMAN.H11MO.0.A	-1	0.00703153	5.40725	0.332933	13	ACACTTCCTTCCTCT	CCCTTCCCGCCCC	-
878-ACACTTCCTTCCTCT	E2F3_HUMAN.H11MO.0.A	-3	0.00852378	6.55479	0.360008	11	ACACTTCCTTCCTCT	TTTCCCGCCCT	-
878-ACACTTCCTTCCTCT	ZN784_HUMAN.H11MO.0.D	-3	0.00852378	6.55479	0.360008	11	ACACTTCCTTCCTCT	GTACCTACCTC	-
878-ACACTTCCTTCCTCT	ELK4_HUMAN.H11MO.0.A	0	0.0085538	6.57787	0.360008	12	ACACTTCCTTCCTCT	CCACTTCCGGTC	-
878-ACACTTCCTTCCTCT	SMCA1_HUMAN.H11MO.0.C	-3	0.0085538	6.57787	0.360008	12	ACACTTCCTTCCTCT	CATTCTTCTTGG	-
878-ACACTTCCTTCCTCT	ZN257_HUMAN.H11MO.0.C	-3	0.00899457	6.91683	0.368328	12	ACACTTCCTTCCTCT	GCTCTTGCCTCT	+
878-ACACTTCCTTCCTCT	VEZF1_HUMAN.H11MO.0.C	5	0.00965632	7.42571	0.385021	15	ACACTTCCTTCCTCT	CCCCTCCCCCTCCCCCCTCCCC	-
878-ACACTTCCTTCCTCT	ETS2_HUMAN.H11MO.0.B	1	0.0113924	8.76078	0.442596	12	ACACTTCCTTCCTCT	TCCTCTTCCTTCC	-
878-ACACTTCCTTCCTCT	TAL1_HUMAN.H11MO.1.A	1	0.0124345	9.56214	0.471004	14	ACACTTCCTTCCTCT	CACATCTGCTTCCTG	-
878-ACACTTCCTTCCTCT	VEZF1_HUMAN.H11MO.1.C	0	0.0133521	10.2678	0.485486	12	ACACTTCCTTCCTCT	CCCCCTCCCCCT	-
878-ACACTTCCTTCCTCT	TFDP1_HUMAN.H11MO.0.C	-2	0.0134577	10.3489	0.485486	13	ACACTTCCTTCCTCT	TTTTCCCGCCCCCC	-
886-ACGCTCCTCCCCT	ZN263_HUMAN.H11MO.1.A	-2	9.83488e-05	0.0756302	0.0851853	11	ACGCTCCTCCCCT	CCTCCTCCCTC	-
886-ACGCTCCTCCCCT	PATZ1_HUMAN.H11MO.1.C	-3	0.000116694	0.089738	0.0851853	9	ACGCTCCTCCCCT	CCCCTCCCT	-
886-ACGCTCCTCCCCT	KLF12_HUMAN.H11MO.0.C	-2	0.000234738	0.180514	0.0851853	11	ACGCTCCTCCCCT	GCCCCGCCCCT	-
886-ACGCTCCTCCCCT	SP4_HUMAN.H11MO.1.A	0	0.000313976	0.241448	0.0851853	13	ACGCTCCTCCCCT	CGGCCCCGCCCCCTCC	-
886-ACGCTCCTCCCCT	SP1_HUMAN.H11MO.1.A	0	0.00032498	0.249909	0.0851853	13	ACGCTCCTCCCCT	CGGCCCCGCCCCCC	-
886-ACGCTCCTCCCCT	MAZ_HUMAN.H11MO.1.A	-2	0.000345618	0.26578	0.0851853	11	ACGCTCCTCCCCT	CCCCCTCCCTC	-
886-ACGCTCCTCCCCT	WT1_HUMAN.H11MO.1.B	-2	0.000392404	0.301759	0.0851853	11	ACGCTCCTCCCCT	CCTCCTCCCAC	-
886-ACGCTCCTCCCCT	KLF15_HUMAN.H11MO.0.A	7	0.000630488	0.484845	0.112883	12	ACGCTCCTCCCCT	CCCCCCCCTGCTCCTCCCC	-
886-ACGCTCCTCCCCT	ZN263_HUMAN.H11MO.0.A	9	0.000668562	0.514124	0.112883	11	ACGCTCCTCCCCT	CTCCTCCTCTCCCTCCTCCC	-
886-ACGCTCCTCCCCT	SP3_HUMAN.H11MO.0.B	3	0.00084091	0.64666	0.126215	13	ACGCTCCTCCCCT	CCCCGGCCCCGCCCCCCCCC	-
886-ACGCTCCTCCCCT	WT1_HUMAN.H11MO.0.C	3	0.000941983	0.724385	0.126215	13	ACGCTCCTCCCCT	CCCCCCCTCCTCCCCCGCCC	-
886-ACGCTCCTCCCCT	TBX1_HUMAN.H11MO.0.D	4	0.000996697	0.76646	0.126215	13	ACGCTCCTCCCCT	CCGCCCACCCCTGCCCACCC	-
886-ACGCTCCTCCCCT	ZN467_HUMAN.H11MO.0.C	10	0.00108459	0.834047	0.12678	12	ACGCTCCTCCCCT	CCCCCCCCCCCCTCCCCTCCCC	-
886-ACGCTCCTCCCCT	KLF6_HUMAN.H11MO.0.A	4	0.00154772	1.1902	0.155992	13	ACGCTCCTCCCCT	CCCCCGGCCCCGCCCTTCC	-
886-ACGCTCCTCCCCT	ZN341_HUMAN.H11MO.1.C	-1	0.00164162	1.2624	0.155992	9	ACGCTCCTCCCCT	GGCTGTTCC	-
886-ACGCTCCTCCCCT	SP4_HUMAN.H11MO.0.A	2	0.00164245	1.26305	0.155992	13	ACGCTCCTCCCCT	CCCGGCCCCGCCCCCTTCCC	-
886-ACGCTCCTCCCCT	SP1_HUMAN.H11MO.0.A	8	0.00179001	1.37652	0.160005	13	ACGCTCCTCCCCT	CCCCCCCCCGGCCCCGCCCCCC	-
886-ACGCTCCTCCCCT	ZN281_HUMAN.H11MO.0.A	-2	0.00191193	1.47027	0.161409	11	ACGCTCCTCCCCT	TCCCCTCCCCCACCC	-
886-ACGCTCCTCCCCT	SP2_HUMAN.H11MO.1.B	-2	0.00217888	1.67556	0.174264	11	ACGCTCCTCCCCT	GCCCCGCCCCCT	-
886-ACGCTCCTCCCCT	VEZF1_HUMAN.H11MO.1.C	-2	0.0027053	2.08037	0.199589	11	ACGCTCCTCCCCT	CCCCCTCCCCCT	-
886-ACGCTCCTCCCCT	ZN341_HUMAN.H11MO.0.C	-2	0.00275821	2.12107	0.199589	11	ACGCTCCTCCCCT	GCTCTTCCCTCCCCCCCCCCCC	-
886-ACGCTCCTCCCCT	MAZ_HUMAN.H11MO.0.A	9	0.00290892	2.23696	0.200927	13	ACGCTCCTCCCCT	CCCCCCCCCCCCCCCCTCCCCC	-
886-ACGCTCCTCCCCT	ZIC1_HUMAN.H11MO.0.B	-3	0.00373366	2.87119	0.241437	9	ACGCTCCTCCCCT	GACCACCCC	-
886-ACGCTCCTCCCCT	KLF3_HUMAN.H11MO.0.B	2	0.00381317	2.93233	0.241437	13	ACGCTCCTCCCCT	CCCGGCCCCGCCCCTCCCC	-
886-ACGCTCCTCCCCT	ZN148_HUMAN.H11MO.0.D	-3	0.00436788	3.3589	0.259884	10	ACGCTCCTCCCCT	CCCCTCCCCCACCCC	-
886-ACGCTCCTCCCCT	ZBT17_HUMAN.H11MO.0.A	0	0.00444656	3.4194	0.259884	13	ACGCTCCTCCCCT	CTTCCCCTCCCCCACCCTC	-
886-ACGCTCCTCCCCT	ZN740_HUMAN.H11MO.0.D	-1	0.00540341	4.15522	0.304111	12	ACGCTCCTCCCCT	CCCACCCCCCCCCC	-
886-ACGCTCCTCCCCT	Z324A_HUMAN.H11MO.0.C	6	0.00758844	5.83551	0.396724	13	ACGCTCCTCCCCT	TATCAAACCATCCTTTGCTGCCA	+
886-ACGCTCCTCCCCT	E2F6_HUMAN.H11MO.0.A	0	0.00800379	6.15491	0.396724	13	ACGCTCCTCCCCT	CCCTTCCCGCCCC	-
886-ACGCTCCTCCCCT	TBX15_HUMAN.H11MO.0.D	5	0.00849545	6.533	0.396724	13	ACGCTCCTCCCCT	CCCCCACCCCCCCCCCCCC	-
886-ACGCTCCTCCCCT	ZBTB4_HUMAN.H11MO.0.D	-1	0.00876538	6.74058	0.396724	12	ACGCTCCTCCCCT	CCCACCTGCCATCTAGG	-
886-ACGCTCCTCCCCT	SP2_HUMAN.H11MO.0.A	4	0.00894925	6.88198	0.396724	13	ACGCTCCTCCCCT	CCCCCGGCCCCGCCCCCCCCCC	-
886-ACGCTCCTCCCCT	KLF4_HUMAN.H11MO.0.A	-2	0.00914332	7.03122	0.396724	10	ACGCTCCTCCCCT	GCCACACCCT	-
886-ACGCTCCTCCCCT	KLF1_HUMAN.H11MO.0.A	2	0.00923035	7.09814	0.396724	12	ACGCTCCTCCCCT	CCCGGCCCCGCCCC	-
886-ACGCTCCTCCCCT	ZN816_HUMAN.H11MO.1.C	-1	0.00923035	7.09814	0.396724	12	ACGCTCCTCCCCT	TGCATGTCCCCCTT	-
886-ACGCTCCTCCCCT	VEZF1_HUMAN.H11MO.0.C	3	0.00939857	7.2275	0.396724	13	ACGCTCCTCCCCT	CCCCTCCCCCTCCCCCCTCCCC	-
886-ACGCTCCTCCCCT	ZN219_HUMAN.H11MO.0.D	-4	0.00978972	7.5283	0.402066	9	ACGCTCCTCCCCT	TCCGCCCCCCTC	-
886-ACGCTCCTCCCCT	KLF5_HUMAN.H11MO.0.A	2	0.011159	8.58129	0.446243	12	ACGCTCCTCCCCT	CCCAGCCCCACCCT	-
888-ACGGCTCTGCGGGGA	ZN331_HUMAN.H11MO.0.C	3	0.000112194	0.0862768	0.172554	15	ACGGCTCTGCGGGGA	GGCTGGGCTCAGCTGGGTGG	+
888-ACGGCTCTGCGGGGA	ZN554_HUMAN.H11MO.1.D	-1	0.000261029	0.200731	0.200731	9	ACGGCTCTGCGGGGA	TGGCTCTGC	-
893-ACTGCCCGCCCCGCG	SP1_HUMAN.H11MO.1.A	0	0.000157952	0.121465	0.0946985	14	ACTGCCCGCCCCGCG	CGGCCCCGCCCCCC	-
893-ACTGCCCGCCCCGCG	E2F4_HUMAN.H11MO.0.A	0	0.000162551	0.125002	0.0946985	13	ACTGCCCGCCCCGCG	ATTTCCCGCCCCC	-
893-ACTGCCCGCCCCGCG	TFDP1_HUMAN.H11MO.0.C	0	0.000187919	0.14451	0.0946985	14	ACTGCCCGCCCCGCG	TTTTCCCGCCCCCC	-
893-ACTGCCCGCCCCGCG	E2F1_HUMAN.H11MO.0.A	0	0.000250171	0.192381	0.0946985	14	ACTGCCCGCCCCGCG	CTTTCCCGCCCCCC	-
893-ACTGCCCGCCCCGCG	KLF12_HUMAN.H11MO.0.C	-2	0.000343785	0.264371	0.104108	11	ACTGCCCGCCCCGCG	GCCCCGCCCCT	-
893-ACTGCCCGCCCCGCG	SP1_HUMAN.H11MO.0.A	3	0.000465864	0.358249	0.117133	15	ACTGCCCGCCCCGCG	CCCCCCCCCGGCCCCGCCCCCC	-
893-ACTGCCCGCCCCGCG	SP2_HUMAN.H11MO.0.A	4	0.00060956	0.468752	0.117133	15	ACTGCCCGCCCCGCG	CCCCCGGCCCCGCCCCCCCCCC	-
893-ACTGCCCGCCCCGCG	SP2_HUMAN.H11MO.1.B	-2	0.000618872	0.475913	0.117133	12	ACTGCCCGCCCCGCG	GCCCCGCCCCCT	-
893-ACTGCCCGCCCCGCG	E2F7_HUMAN.H11MO.0.B	1	0.000775469	0.596336	0.121767	12	ACTGCCCGCCCCGCG	CCTTTCCCGCCCC	-
893-ACTGCCCGCCCCGCG	SP3_HUMAN.H11MO.0.B	3	0.000856499	0.658648	0.121767	15	ACTGCCCGCCCCGCG	CCCCGGCCCCGCCCCCCCCC	-
893-ACTGCCCGCCCCGCG	ZN740_HUMAN.H11MO.0.D	0	0.000884617	0.68027	0.121767	14	ACTGCCCGCCCCGCG	CCCACCCCCCCCCC	-
893-ACTGCCCGCCCCGCG	E2F3_HUMAN.H11MO.0.A	-1	0.00104419	0.802979	0.123079	11	ACTGCCCGCCCCGCG	TTTCCCGCCCT	-
893-ACTGCCCGCCCCGCG	SALL4_HUMAN.H11MO.0.B	-4	0.00110347	0.848568	0.123079	10	ACTGCCCGCCCCGCG	CCCACCCTCC	-
893-ACTGCCCGCCCCGCG	E2F6_HUMAN.H11MO.0.A	1	0.001138	0.875126	0.123079	12	ACTGCCCGCCCCGCG	CCCTTCCCGCCCC	-
893-ACTGCCCGCCCCGCG	ZN219_HUMAN.H11MO.0.D	0	0.00123234	0.947667	0.124395	12	ACTGCCCGCCCCGCG	TCCGCCCCCCTC	-
893-ACTGCCCGCCCCGCG	KLF16_HUMAN.H11MO.0.D	1	0.00214741	1.65136	0.203218	15	ACTGCCCGCCCCGCG	CCCCCCCCCCCCCGCCCCC	-
893-ACTGCCCGCCCCGCG	ZSC31_HUMAN.H11MO.0.C	0	0.0024512	1.88497	0.203889	15	ACTGCCCGCCCCGCG	CATAACTGCCCTGCTGCC	-
893-ACTGCCCGCCCCGCG	TBX1_HUMAN.H11MO.0.D	9	0.00246754	1.89754	0.203889	11	ACTGCCCGCCCCGCG	CCGCCCACCCCTGCCCACCC	-
893-ACTGCCCGCCCCGCG	SP4_HUMAN.H11MO.1.A	0	0.00261687	2.01237	0.203889	15	ACTGCCCGCCCCGCG	CGGCCCCGCCCCCTCC	-
893-ACTGCCCGCCCCGCG	ZIC1_HUMAN.H11MO.0.B	-3	0.00269314	2.07102	0.203889	9	ACTGCCCGCCCCGCG	GACCACCCC	-
893-ACTGCCCGCCCCGCG	ZBT14_HUMAN.H11MO.0.C	-3	0.00286757	2.20516	0.206757	9	ACTGCCCGCCCCGCG	GCGCGCTCC	-
893-ACTGCCCGCCCCGCG	E2F4_HUMAN.H11MO.1.A	4	0.00350359	2.69426	0.241133	10	ACTGCCCGCCCCGCG	TCAAATTTCCCGCC	-
893-ACTGCCCGCCCCGCG	KLF6_HUMAN.H11MO.0.A	-1	0.00441083	3.39193	0.290375	14	ACTGCCCGCCCCGCG	CCCCCGGCCCCGCCCTTCC	-
893-ACTGCCCGCCCCGCG	TBX15_HUMAN.H11MO.0.D	-2	0.00507407	3.90196	0.308845	13	ACTGCCCGCCCCGCG	CCCCCACCCCCCCCCCCCC	-
893-ACTGCCCGCCCCGCG	GLIS1_HUMAN.H11MO.0.D	-1	0.00509935	3.9214	0.308845	13	ACTGCCCGCCCCGCG	AGACCCCCCACGA	-
893-ACTGCCCGCCCCGCG	EGR4_HUMAN.H11MO.0.D	-3	0.00537199	4.13106	0.312844	11	ACTGCCCGCCCCGCG	GCCCTGCCGCC	-
893-ACTGCCCGCCCCGCG	KLF3_HUMAN.H11MO.0.B	2	0.00582956	4.48293	0.321584	15	ACTGCCCGCCCCGCG	CCCGGCCCCGCCCCTCCCC	-
893-ACTGCCCGCCCCGCG	KLF5_HUMAN.H11MO.0.A	1	0.00594685	4.57312	0.321584	13	ACTGCCCGCCCCGCG	CCCAGCCCCACCCT	-
893-ACTGCCCGCCCCGCG	AP2D_HUMAN.H11MO.0.D	-2	0.00653468	5.02517	0.337577	13	ACTGCCCGCCCCGCG	CGCCCGAGGCGCGT	+
893-ACTGCCCGCCCCGCG	GLIS2_HUMAN.H11MO.0.D	1	0.00684852	5.26651	0.337577	13	ACTGCCCGCCCCGCG	GACCCCCCGCGAAG	-
893-ACTGCCCGCCCCGCG	EGR1_HUMAN.H11MO.0.A	-1	0.00691143	5.31489	0.337577	14	ACTGCCCGCCCCGCG	CCCCCGCCCACGCCCTC	-
893-ACTGCCCGCCCCGCG	MAZ_HUMAN.H11MO.1.A	-3	0.00737348	5.67021	0.34889	11	ACTGCCCGCCCCGCG	CCCCCTCCCTC	-
893-ACTGCCCGCCCCGCG	KLF1_HUMAN.H11MO.0.A	-3	0.00824977	6.34407	0.362874	12	ACTGCCCGCCCCGCG	CCCGGCCCCGCCCC	-
893-ACTGCCCGCCCCGCG	SP4_HUMAN.H11MO.0.A	2	0.00836148	6.42998	0.362874	15	ACTGCCCGCCCCGCG	CCCGGCCCCGCCCCCTTCCC	-
893-ACTGCCCGCCCCGCG	KLF15_HUMAN.H11MO.0.A	2	0.00838797	6.45035	0.362874	15	ACTGCCCGCCCCGCG	CCCCCCCCTGCTCCTCCCC	-
893-ACTGCCCGCCCCGCG	PLAL1_HUMAN.H11MO.0.D	-5	0.00951951	7.32051	0.375403	10	ACTGCCCGCCCCGCG	GGGCCCCCCG	-
893-ACTGCCCGCCCCGCG	KLF13_HUMAN.H11MO.0.D	-4	0.00954657	7.34131	0.375403	11	ACTGCCCGCCCCGCG	CACGCCCCCCT	-
893-ACTGCCCGCCCCGCG	KLF14_HUMAN.H11MO.0.D	-2	0.00954852	7.34281	0.375403	13	ACTGCCCGCCCCGCG	GCCACGCCCCCCT	-
893-ACTGCCCGCCCCGCG	ZIC4_HUMAN.H11MO.0.D	1	0.00966931	7.4357	0.375403	14	ACTGCCCGCCCCGCG	GACCCCCCGCTGTGC	-
893-ACTGCCCGCCCCGCG	ZBT17_HUMAN.H11MO.0.A	-1	0.0100273	7.71098	0.379568	14	ACTGCCCGCCCCGCG	CTTCCCCTCCCCCACCCTC	-
893-ACTGCCCGCCCCGCG	ARNT2_HUMAN.H11MO.0.D	-3	0.0105455	8.10952	0.381125	12	ACTGCCCGCCCCGCG	GCCTCCCACGCC	-
893-ACTGCCCGCCCCGCG	ZN148_HUMAN.H11MO.0.D	-3	0.0105718	8.12974	0.381125	12	ACTGCCCGCCCCGCG	CCCCTCCCCCACCCC	-
893-ACTGCCCGCCCCGCG	EGR2_HUMAN.H11MO.1.A	-1	0.0119488	9.18861	0.406443	14	ACTGCCCGCCCCGCG	CCCCCGCCCACGCCCC	-
893-ACTGCCCGCCCCGCG	ZN281_HUMAN.H11MO.0.A	-2	0.0120733	9.2844	0.406443	13	ACTGCCCGCCCCGCG	TCCCCTCCCCCACCC	-
893-ACTGCCCGCCCCGCG	GLI1_HUMAN.H11MO.0.D	-2	0.0121911	9.37497	0.406443	12	ACTGCCCGCCCCGCG	AGACCACCCAGG	-
893-ACTGCCCGCCCCGCG	GLIS3_HUMAN.H11MO.0.D	-2	0.0124238	9.55393	0.406443	10	ACTGCCCGCCCCGCG	TACCCCCCAC	-
893-ACTGCCCGCCCCGCG	MXI1_HUMAN.H11MO.0.A	-1	0.0126163	9.70193	0.406443	14	ACTGCCCGCCCCGCG	CCCGCCGCCACGTGC	-
894-ACTTGGGAGGAGC	WT1_HUMAN.H11MO.1.B	-2	0.000141296	0.108657	0.106331	11	ACTTGGGAGGAGC	GTGGGAGGAGG	+
894-ACTTGGGAGGAGC	PATZ1_HUMAN.H11MO.1.C	-3	0.000184727	0.142055	0.106331	9	ACTTGGGAGGAGC	AGGGAGGGG	+
894-ACTTGGGAGGAGC	IKZF1_HUMAN.H11MO.0.C	-2	0.000208451	0.160299	0.106331	8	ACTTGGGAGGAGC	TTGGGAGA	+
894-ACTTGGGAGGAGC	ZN263_HUMAN.H11MO.1.A	-2	0.000431996	0.332205	0.165271	11	ACTTGGGAGGAGC	GAGGGAGGAGG	+
894-ACTTGGGAGGAGC	MAZ_HUMAN.H11MO.1.A	-2	0.00185402	1.42574	0.439973	11	ACTTGGGAGGAGC	GAGGGAGGGGG	+
894-ACTTGGGAGGAGC	ZN263_HUMAN.H11MO.0.A	-4	0.00193027	1.48438	0.439973	9	ACTTGGGAGGAGC	GGGAGGAGGGAGAGGAGGAG	+
894-ACTTGGGAGGAGC	ZN341_HUMAN.H11MO.1.C	-5	0.00201255	1.54765	0.439973	8	ACTTGGGAGGAGC	GGAACAGCC	+
898-AGAGAGGCAGGG	ZN768_HUMAN.H11MO.0.C	7	0.000349487	0.268755	0.260414	12	AGAGAGGCAGGG	GAGGCTCAGAGAGGTTAAGT	+
898-AGAGAGGCAGGG	ZN770_HUMAN.H11MO.1.C	-1	0.000579975	0.446001	0.260414	11	AGAGAGGCAGGG	GGGAGGCTGAG	+
898-AGAGAGGCAGGG	ZN257_HUMAN.H11MO.0.C	-2	0.000975419	0.750097	0.260414	10	AGAGAGGCAGGG	AGAGGCAAGAGC	-
898-AGAGAGGCAGGG	EGR4_HUMAN.H11MO.0.D	-2	0.00133892	1.02963	0.260414	10	AGAGAGGCAGGG	GGCGGCAGGGC	+
898-AGAGAGGCAGGG	SPI1_HUMAN.H11MO.0.A	2	0.00136721	1.05138	0.260414	12	AGAGAGGCAGGG	AAAAAGAGGAAGTGAAA	+
898-AGAGAGGCAGGG	PBX3_HUMAN.H11MO.0.A	0	0.00141908	1.09127	0.260414	11	AGAGAGGCAGGG	TGATTGACAGG	+
898-AGAGAGGCAGGG	SPIB_HUMAN.H11MO.0.A	2	0.00144662	1.11245	0.260414	12	AGAGAGGCAGGG	AAAAAGAGGAAGTGAAA	+
898-AGAGAGGCAGGG	ZN770_HUMAN.H11MO.0.C	-1	0.00147952	1.13775	0.260414	11	AGAGAGGCAGGG	GGGAGGCTGAGGCGGGAGGATC	+
898-AGAGAGGCAGGG	SP2_HUMAN.H11MO.1.B	-1	0.00171372	1.31785	0.260414	11	AGAGAGGCAGGG	AGGGGGCGGGGC	+
898-AGAGAGGCAGGG	SP1_HUMAN.H11MO.1.A	-1	0.00183482	1.41098	0.260414	11	AGAGAGGCAGGG	GGGGGGCGGGGCCG	+
898-AGAGAGGCAGGG	PKNX1_HUMAN.H11MO.0.B	0	0.00189187	1.45485	0.260414	11	AGAGAGGCAGGG	TGATTGACAGG	+
898-AGAGAGGCAGGG	ZN281_HUMAN.H11MO.0.A	1	0.00226425	1.74121	0.267757	12	AGAGAGGCAGGG	GGGTGGGGGAGGGGA	+
898-AGAGAGGCAGGG	WT1_HUMAN.H11MO.0.C	1	0.00229888	1.76784	0.267757	12	AGAGAGGCAGGG	GGGCGGGGGAGGAGGGGGGG	+
898-AGAGAGGCAGGG	PBX1_HUMAN.H11MO.0.A	0	0.00264642	2.0351	0.283115	10	AGAGAGGCAGGG	TGATTGACAG	+
898-AGAGAGGCAGGG	MAZ_HUMAN.H11MO.1.A	-3	0.00280471	2.15682	0.283115	9	AGAGAGGCAGGG	GAGGGAGGGGG	+
898-AGAGAGGCAGGG	ERG_HUMAN.H11MO.0.A	0	0.00334349	2.57114	0.288788	12	AGAGAGGCAGGG	GGGCAGGAAGTGG	+
898-AGAGAGGCAGGG	KLF12_HUMAN.H11MO.0.C	-2	0.00349633	2.68868	0.288788	10	AGAGAGGCAGGG	AGGGGCGGGGC	+
898-AGAGAGGCAGGG	FLI1_HUMAN.H11MO.0.A	2	0.00394994	3.0375	0.288788	12	AGAGAGGCAGGG	GGAGGAAGGAAGGAGGGA	+
898-AGAGAGGCAGGG	ZN148_HUMAN.H11MO.0.D	2	0.004065	3.12598	0.288788	12	AGAGAGGCAGGG	GGGGTGGGGGAGGGG	+
898-AGAGAGGCAGGG	BC11A_HUMAN.H11MO.0.A	1	0.00429169	3.30031	0.288788	12	AGAGAGGCAGGG	AAAAGAGGAAGTGAAAA	+
898-AGAGAGGCAGGG	SP4_HUMAN.H11MO.0.A	3	0.00440861	3.39022	0.288788	12	AGAGAGGCAGGG	GGGAAGGGGGCGGGGCCGGG	+
898-AGAGAGGCAGGG	SP2_HUMAN.H11MO.0.A	3	0.00448905	3.45208	0.288788	12	AGAGAGGCAGGG	GGGGGGGGGGCGGGGCCGGGGG	+
898-AGAGAGGCAGGG	TBX1_HUMAN.H11MO.0.D	0	0.00464841	3.57463	0.288788	12	AGAGAGGCAGGG	GGGTGGGCAGGGGTGGGCGG	+
898-AGAGAGGCAGGG	FLI1_HUMAN.H11MO.1.A	0	0.00481404	3.702	0.288788	12	AGAGAGGCAGGG	AGGCAGGAAGTGG	+
898-AGAGAGGCAGGG	EGR2_HUMAN.H11MO.0.A	5	0.00487481	3.74873	0.288788	12	AGAGAGGCAGGG	GGGGGGGTGTGGGAGGGG	+
898-AGAGAGGCAGGG	PATZ1_HUMAN.H11MO.1.C	-4	0.00495891	3.8134	0.288788	8	AGAGAGGCAGGG	AGGGAGGGG	+
898-AGAGAGGCAGGG	SMAD1_HUMAN.H11MO.0.D	3	0.00554669	4.2654	0.29246	9	AGAGAGGCAGGG	GGCAGACAGGCT	-
898-AGAGAGGCAGGG	SALL4_HUMAN.H11MO.0.B	-2	0.00555075	4.26853	0.29246	10	AGAGAGGCAGGG	GGAGGGTGGG	+
898-AGAGAGGCAGGG	KLF5_HUMAN.H11MO.0.A	2	0.0058546	4.50219	0.29246	12	AGAGAGGCAGGG	AGGGTGGGGCTGGG	+
898-AGAGAGGCAGGG	ETV4_HUMAN.H11MO.0.B	-1	0.00598168	4.59991	0.29246	11	AGAGAGGCAGGG	AACAGGAAGGG	+
898-AGAGAGGCAGGG	ETV5_HUMAN.H11MO.0.C	0	0.00615866	4.73601	0.29246	12	AGAGAGGCAGGG	GAGCAGGAAGTGAG	+
898-AGAGAGGCAGGG	SP4_HUMAN.H11MO.1.A	1	0.00622315	4.7856	0.29246	12	AGAGAGGCAGGG	GGAGGGGGCGGGGCCG	+
898-AGAGAGGCAGGG	ZBT17_HUMAN.H11MO.0.A	3	0.00637403	4.90163	0.29246	12	AGAGAGGCAGGG	GAGGGTGGGGGAGGGGAAG	+
898-AGAGAGGCAGGG	ZSC31_HUMAN.H11MO.0.C	-2	0.00664507	5.11006	0.29533	10	AGAGAGGCAGGG	GGCAGCAGGGCAGTTATG	+
898-AGAGAGGCAGGG	ZFX_HUMAN.H11MO.1.A	4	0.00682668	5.24971	0.29533	12	AGAGAGGCAGGG	GGGGGCGGAGGCCGGGG	+
898-AGAGAGGCAGGG	EGR2_HUMAN.H11MO.1.A	2	0.00724234	5.56936	0.304609	12	AGAGAGGCAGGG	GGGGCGTGGGCGGGGG	+
898-AGAGAGGCAGGG	KLF1_HUMAN.H11MO.0.A	2	0.00752753	5.78867	0.308047	12	AGAGAGGCAGGG	GGGGCGGGGCCGGG	+
898-AGAGAGGCAGGG	ETS1_HUMAN.H11MO.0.A	0	0.00880985	6.77477	0.351036	12	AGAGAGGCAGGG	AGACAGGAAGTGG	+
898-AGAGAGGCAGGG	SP1_HUMAN.H11MO.0.A	-1	0.00930408	7.15484	0.361223	11	AGAGAGGCAGGG	GGGGGGCGGGGCCGGGGGGGGG	+
898-AGAGAGGCAGGG	EGR1_HUMAN.H11MO.0.A	3	0.0106942	8.22387	0.395697	12	AGAGAGGCAGGG	GAGGGCGTGGGCGGGGG	+
898-AGAGAGGCAGGG	E2F6_HUMAN.H11MO.0.A	0	0.0107147	8.2396	0.395697	12	AGAGAGGCAGGG	GGGGCGGGAAGGG	+
898-AGAGAGGCAGGG	ZN816_HUMAN.H11MO.0.C	9	0.0110041	8.46216	0.396709	12	AGAGAGGCAGGG	AAAAAAGGGGGACATGCAGGG	+
898-AGAGAGGCAGGG	SP3_HUMAN.H11MO.0.B	2	0.0128694	9.89655	0.434868	12	AGAGAGGCAGGG	GGGGGGGGGCGGGGCCGGGG	+
898-AGAGAGGCAGGG	VEZF1_HUMAN.H11MO.1.C	-2	0.0129476	9.95669	0.434868	10	AGAGAGGCAGGG	AGGGGGAGGGGG	+
898-AGAGAGGCAGGG	KLF15_HUMAN.H11MO.0.A	2	0.0134956	10.3781	0.434868	12	AGAGAGGCAGGG	GGGGAGGAGCAGGGGGGGG	+
898-AGAGAGGCAGGG	KLF6_HUMAN.H11MO.0.A	5	0.0134956	10.3781	0.434868	12	AGAGAGGCAGGG	GGAAGGGCGGGGCCGGGGG	+
898-AGAGAGGCAGGG	NKX22_HUMAN.H11MO.0.D	0	0.0134986	10.3804	0.434868	8	AGAGAGGCAGGG	TGAGTGGC	+
898-AGAGAGGCAGGG	TFDP1_HUMAN.H11MO.0.C	-1	0.0148548	11.4233	0.467464	11	AGAGAGGCAGGG	GGGGGGCGGGAAAA	+
898-AGAGAGGCAGGG	KLF16_HUMAN.H11MO.0.D	3	0.0155989	11.9956	0.467464	12	AGAGAGGCAGGG	GGGGGCGGGGGGGGGGGGG	+
898-AGAGAGGCAGGG	ZSC22_HUMAN.H11MO.0.C	2	0.0158091	12.1572	0.467464	12	AGAGAGGCAGGG	GGTCTGAGGGAGGAGG	+
898-AGAGAGGCAGGG	PATZ1_HUMAN.H11MO.0.C	2	0.0160541	12.3456	0.467464	12	AGAGAGGCAGGG	GGGGAGGGGGCGGGGGGGGAGG	+
898-AGAGAGGCAGGG	VEZF1_HUMAN.H11MO.0.C	3	0.0160541	12.3456	0.467464	12	AGAGAGGCAGGG	GGGGAGGGGGGAGGGGGAGGGG	+
898-AGAGAGGCAGGG	MAZ_HUMAN.H11MO.0.A	3	0.0176827	13.598	0.496099	12	AGAGAGGCAGGG	GGGGGAGGGGGGGGGGGGGGGG	+
898-AGAGAGGCAGGG	OSR2_HUMAN.H11MO.0.C	2	0.0182046	13.9994	0.496099	12	AGAGAGGCAGGG	CAGCAGAAGCAGCAGC	-
898-AGAGAGGCAGGG	ZN335_HUMAN.H11MO.0.A	-2	0.0185524	14.2668	0.496099	10	AGAGAGGCAGGG	TCAGGCAGCGCCGAGGACAGCC	-
898-AGAGAGGCAGGG	ZN335_HUMAN.H11MO.1.A	-2	0.0187672	14.432	0.496099	7	AGAGAGGCAGGG	TCAGGCA	-
898-AGAGAGGCAGGG	RORA_HUMAN.H11MO.0.C	1	0.0189537	14.5754	0.496099	12	AGAGAGGCAGGG	AACTAGGTCAGGG	+
898-AGAGAGGCAGGG	ETV6_HUMAN.H11MO.0.D	-2	0.0190034	14.6136	0.496099	9	AGAGAGGCAGGG	ACAGGAAGT	+
899-AGATAATT	DLX3_HUMAN.H11MO.0.C	-1	0.00079193	0.608994	0.325707	7	AGATAATT	GATAATTACA	+
899-AGATAATT	DLX2_HUMAN.H11MO.0.D	-2	0.000846449	0.65092	0.325707	6	AGATAATT	ATAATTAT	+
899-AGATAATT	VSX2_HUMAN.H11MO.0.D	2	0.00156279	1.20178	0.325707	8	AGATAATT	GAAGCTAATTAA	-
899-AGATAATT	EVI1_HUMAN.H11MO.0.B	6	0.00173811	1.33661	0.325707	8	AGATAATT	AAGATAAGATAAGATA	+
899-AGATAATT	GATA3_HUMAN.H11MO.0.A	2	0.00211987	1.63018	0.325707	8	AGATAATT	AAAGATAAGAA	+
899-AGATAATT	GATA2_HUMAN.H11MO.1.A	2	0.00227493	1.74942	0.325707	8	AGATAATT	ACAGATAAGAA	+
899-AGATAATT	HXD3_HUMAN.H11MO.0.D	0	0.00227493	1.74942	0.325707	8	AGATAATT	GGTTAATTAGG	+
899-AGATAATT	MIXL1_HUMAN.H11MO.0.D	-1	0.0024403	1.87659	0.325707	7	AGATAATT	GTTAATTAGAT	+
899-AGATAATT	VSX1_HUMAN.H11MO.0.D	5	0.0030509	2.34614	0.325707	8	AGATAATT	AAATTAGCTAATTA	-
899-AGATAATT	EMX1_HUMAN.H11MO.0.D	3	0.00341097	2.62304	0.325707	8	AGATAATT	ATTAGCTAATTA	-
899-AGATAATT	ZBT49_HUMAN.H11MO.0.D	1	0.0034444	2.64874	0.325707	8	AGATAATT	GCGCTAATTGG	+
899-AGATAATT	RAX2_HUMAN.H11MO.0.D	2	0.00390963	3.0065	0.325707	8	AGATAATT	TAATTTAATTAG	-
899-AGATAATT	ALX3_HUMAN.H11MO.0.D	2	0.00394207	3.03145	0.325707	8	AGATAATT	TAATTTAATTA	-
899-AGATAATT	PO6F1_HUMAN.H11MO.0.D	-1	0.00401712	3.08916	0.325707	7	AGATAATT	CATAATTTATGCA	+
899-AGATAATT	DLX6_HUMAN.H11MO.0.D	6	0.00425801	3.27441	0.325707	8	AGATAATT	AAATTAAGGTAATTA	+
899-AGATAATT	PRRX2_HUMAN.H11MO.0.C	-2	0.00443749	3.41243	0.325707	6	AGATAATT	TTAATTG	+
899-AGATAATT	MEOX2_HUMAN.H11MO.0.D	1	0.00450411	3.46366	0.325707	8	AGATAATT	ATCATAATTAA	-
899-AGATAATT	GATA5_HUMAN.H11MO.0.D	4	0.00457009	3.5144	0.325707	8	AGATAATT	TAAGAGATAACTTAGAT	+
899-AGATAATT	MSX2_HUMAN.H11MO.0.D	-3	0.00476329	3.66297	0.325707	5	AGATAATT	TAATTGT	+
899-AGATAATT	GATA1_HUMAN.H11MO.1.A	2	0.00481147	3.70002	0.325707	8	AGATAATT	ACAGATAAGAA	+
899-AGATAATT	EMX2_HUMAN.H11MO.0.D	3	0.00511087	3.93026	0.325707	8	AGATAATT	ATTAGCTAATTA	-
899-AGATAATT	GATA4_HUMAN.H11MO.0.A	2	0.005263	4.04724	0.325707	8	AGATAATT	ACAGATAAGA	+
899-AGATAATT	BSH_HUMAN.H11MO.0.D	5	0.00529215	4.06966	0.325707	8	AGATAATT	TAATGAGTTAATTG	+
899-AGATAATT	PAX4_HUMAN.H11MO.0.D	1	0.00582892	4.48244	0.325707	8	AGATAATT	TAACTAATTCGC	+
899-AGATAATT	NOBOX_HUMAN.H11MO.0.C	-2	0.00608279	4.67767	0.325707	6	AGATAATT	CTAATTGGT	+
899-AGATAATT	VAX2_HUMAN.H11MO.0.D	4	0.00667276	5.13135	0.325707	8	AGATAATT	ATTAGGGTAATTAGTG	+
899-AGATAATT	GATA1_HUMAN.H11MO.0.A	11	0.00667814	5.13549	0.325707	8	AGATAATT	CTGGCGGGGACAGATAAGA	+
899-AGATAATT	HXA2_HUMAN.H11MO.0.D	0	0.00708887	5.45134	0.325707	8	AGATAATT	CGCTAATTACC	-
899-AGATAATT	GATA2_HUMAN.H11MO.0.A	11	0.00714731	5.49628	0.325707	8	AGATAATT	CTGGGGGGTGGAGATAAGG	+
899-AGATAATT	MEOX1_HUMAN.H11MO.0.D	-1	0.00762029	5.86001	0.325707	7	AGATAATT	GGTAATTAGCGTTAAT	+
899-AGATAATT	PO6F2_HUMAN.H11MO.0.D	-1	0.00804165	6.18403	0.325707	7	AGATAATT	GTTAATTAGCT	+
899-AGATAATT	ZN333_HUMAN.H11MO.0.D	0	0.00832883	6.40487	0.325707	8	AGATAATT	CGATAATGA	+
899-AGATAATT	LHX4_HUMAN.H11MO.0.D	1	0.00856052	6.58304	0.325707	8	AGATAATT	AAGTTAATTAG	+
899-AGATAATT	NOTO_HUMAN.H11MO.0.D	0	0.00856052	6.58304	0.325707	8	AGATAATT	ACCTAATTAAC	-
899-AGATAATT	ALX1_HUMAN.H11MO.0.B	-2	0.00856287	6.58485	0.325707	6	AGATAATT	ATAATTGGATTA	+
899-AGATAATT	LMX1B_HUMAN.H11MO.0.D	9	0.00860362	6.61619	0.325707	8	AGATAATT	AAATAAATCAATTAATTA	-
899-AGATAATT	DLX1_HUMAN.H11MO.0.D	7	0.00868784	6.68095	0.325707	8	AGATAATT	TAAATTATGCTAATTA	+
899-AGATAATT	HXB3_HUMAN.H11MO.0.D	4	0.00952674	7.32606	0.325707	8	AGATAATT	TAAAAACTAATTAA	-
899-AGATAATT	HMX3_HUMAN.H11MO.0.D	0	0.00969112	7.45247	0.325707	8	AGATAATT	CGTTAATTGCT	+
899-AGATAATT	HNF1B_HUMAN.H11MO.1.A	0	0.00969112	7.45247	0.325707	8	AGATAATT	AGTTAATGATT	+
899-AGATAATT	LBX2_HUMAN.H11MO.0.D	-1	0.00969112	7.45247	0.325707	7	AGATAATT	GTTAATTAGGT	+
899-AGATAATT	LHX3_HUMAN.H11MO.0.C	2	0.0100347	7.71667	0.326979	8	AGATAATT	AAAATTAATTAAT	+
899-AGATAATT	DLX5_HUMAN.H11MO.0.D	2	0.0103063	7.92555	0.32853	8	AGATAATT	ACCTATAATTA	-
899-AGATAATT	PO4F3_HUMAN.H11MO.0.D	2	0.0107491	8.26604	0.330891	8	AGATAATT	ATGAATAATTAATGA	-
899-AGATAATT	PO4F1_HUMAN.H11MO.0.D	2	0.0115043	8.84682	0.330891	8	AGATAATT	ATGAATAATTAATG	-
899-AGATAATT	GATA6_HUMAN.H11MO.0.A	2	0.0120866	9.29457	0.330891	8	AGATAATT	ACAGATAAGATAA	+
899-AGATAATT	PHX2B_HUMAN.H11MO.0.D	2	0.0123739	9.51553	0.330891	8	AGATAATT	TAATTTAATTA	+
899-AGATAATT	UNC4_HUMAN.H11MO.0.D	-3	0.0123739	9.51553	0.330891	5	AGATAATT	TAATTTAATTA	+
899-AGATAATT	LHX2_HUMAN.H11MO.0.A	0	0.0124113	9.54432	0.330891	8	AGATAATT	AACTAATTAAAA	-
899-AGATAATT	PHX2A_HUMAN.H11MO.0.D	2	0.0131438	10.1076	0.33341	8	AGATAATT	TAATTTAATTA	+
899-AGATAATT	ESX1_HUMAN.H11MO.0.D	-1	0.0140428	10.7989	0.343187	7	AGATAATT	GCTAATTAGCAATAATT	+
899-AGATAATT	TAL1_HUMAN.H11MO.0.A	11	0.0146714	11.2823	0.347714	8	AGATAATT	CTGGGGGGGGCAGATAAGG	+
899-AGATAATT	DMBX1_HUMAN.H11MO.0.D	0	0.0148459	11.4165	0.347714	8	AGATAATT	ACTTAATTAGATTATAATTA	-
899-AGATAATT	LHX9_HUMAN.H11MO.0.D	8	0.0153373	11.7944	0.347714	8	AGATAATT	TAATTAATAGCTAATTAG	-
899-AGATAATT	PAX3_HUMAN.H11MO.0.D	-1	0.0154137	11.8531	0.347714	7	AGATAATT	GATAATCGATTAA	+
899-AGATAATT	PDX1_HUMAN.H11MO.1.A	-2	0.0162234	12.4758	0.358605	6	AGATAATT	ATAATTAAT	-
899-AGATAATT	GSX1_HUMAN.H11MO.0.D	6	0.0165774	12.748	0.358605	8	AGATAATT	ATTAAAAACTAATTA	-
899-AGATAATT	LMX1A_HUMAN.H11MO.0.D	6	0.0166301	12.7886	0.358605	8	AGATAATT	ATAATTACATAATTAATTA	-
899-AGATAATT	PROP1_HUMAN.H11MO.0.D	2	0.0176962	13.6083	0.371793	8	AGATAATT	TAATTCAATTA	-
899-AGATAATT	HXD4_HUMAN.H11MO.0.D	-2	0.0178881	13.7559	0.371793	6	AGATAATT	TTAATTGA	+
899-AGATAATT	MSX1_HUMAN.H11MO.0.D	8	0.01846	14.1958	0.371793	8	AGATAATT	TAATTGGTTTTTAATTGG	+
899-AGATAATT	DRGX_HUMAN.H11MO.0.D	2	0.0187631	14.4288	0.371793	8	AGATAATT	TAATTTAATTA	+
899-AGATAATT	ISL2_HUMAN.H11MO.0.D	0	0.0187631	14.4288	0.371793	8	AGATAATT	CGTTAATTGCT	+
899-AGATAATT	RX_HUMAN.H11MO.0.D	1	0.0187631	14.4288	0.371793	8	AGATAATT	TTGCTAATTAA	-
899-AGATAATT	DLX4_HUMAN.H11MO.0.D	7	0.0195794	15.0565	0.38079	8	AGATAATT	AAATTTAGGGTAATTA	-
899-AGATAATT	ALX4_HUMAN.H11MO.0.D	2	0.0199962	15.3771	0.38079	8	AGATAATT	TAATTTAATTAA	-
899-AGATAATT	VAX1_HUMAN.H11MO.0.D	-1	0.0208469	16.0313	0.384412	7	AGATAATT	GGTAATTAGGGTTAATTA	+
899-AGATAATT	NFIL3_HUMAN.H11MO.0.D	3	0.0210723	16.2046	0.384412	8	AGATAATT	ATTACATAACT	-
899-AGATAATT	ARX_HUMAN.H11MO.0.D	3	0.021983	16.9049	0.384412	8	AGATAATT	TTAATTTAATTAG	+
899-AGATAATT	GSX2_HUMAN.H11MO.0.D	6	0.0220608	16.9648	0.384412	8	AGATAATT	ATTAAAAACTAATTAA	-
899-AGATAATT	HNF1B_HUMAN.H11MO.0.A	0	0.022345	17.1833	0.384412	8	AGATAATT	GGTTAATCATTAACC	-
899-AGATAATT	GBX2_HUMAN.H11MO.0.D	7	0.0228695	17.5866	0.385448	8	AGATAATT	AATTAAAGGCTAATTAG	-
899-AGATAATT	PO4F2_HUMAN.H11MO.0.D	1	0.0232967	17.9152	0.387557	8	AGATAATT	CAGCTCATTAATA	-
899-AGATAATT	HSF1_HUMAN.H11MO.0.A	4	0.0236957	18.222	0.387557	8	AGATAATT	TTCTAGAACCTTCCA	-
899-AGATAATT	NKX62_HUMAN.H11MO.0.D	0	0.0250143	19.236	0.392969	8	AGATAATT	AATTAATTACC	+
899-AGATAATT	ISX_HUMAN.H11MO.0.D	6	0.026316	20.237	0.392969	8	AGATAATT	AATTTAAGCTAATTAA	-
899-AGATAATT	HNF1A_HUMAN.H11MO.0.C	0	0.02662	20.4708	0.392969	8	AGATAATT	GGTTAATGATTAACT	+
899-AGATAATT	SHOX2_HUMAN.H11MO.0.D	7	0.0272927	20.9881	0.392969	8	AGATAATT	TAAAATTAACTAATTAG	-
899-AGATAATT	HSF2_HUMAN.H11MO.0.A	4	0.0281544	21.6507	0.392969	8	AGATAATT	TTCTAGAACATTCT	-
899-AGATAATT	GBX1_HUMAN.H11MO.0.D	7	0.0289292	22.2466	0.392969	8	AGATAATT	AAATTTTAGCTAATTAG	-
899-AGATAATT	ZFP82_HUMAN.H11MO.0.C	4	0.0294385	22.6382	0.392969	8	AGATAATT	GAAGAGAGAATTAGTGAAATGGAA	-
899-AGATAATT	SHOX_HUMAN.H11MO.0.D	7	0.0306531	23.5722	0.392969	8	AGATAATT	AAAAATTAACTAATTAG	-
899-AGATAATT	HME1_HUMAN.H11MO.0.D	-1	0.0306531	23.5722	0.392969	7	AGATAATT	GCTAATTACCCAATTAT	+
899-AGATAATT	HMX1_HUMAN.H11MO.0.D	-1	0.0306531	23.5722	0.392969	7	AGATAATT	GTTAATTGCTTTTTAAT	+
899-AGATAATT	DPRX_HUMAN.H11MO.0.D	0	0.0312869	24.0596	0.392969	8	AGATAATT	GGATAATCCGT	-
899-AGATAATT	HXB2_HUMAN.H11MO.0.D	1	0.0316157	24.3125	0.392969	8	AGATAATT	TAGAACATTCTAGAA	+
899-AGATAATT	BARX2_HUMAN.H11MO.0.D	1	0.0316236	24.3186	0.392969	8	AGATAATT	TCATTAATTG	+
899-AGATAATT	HMX2_HUMAN.H11MO.0.D	-1	0.0330586	25.4221	0.407349	7	AGATAATT	TTTAATTGGTT	+
899-AGATAATT	ZFHX3_HUMAN.H11MO.0.D	2	0.0349188	26.8526	0.416278	8	AGATAATT	ATTAATAATTA	+
899-AGATAATT	HXA9_HUMAN.H11MO.0.B	0	0.0389196	29.9292	0.442393	8	AGATAATT	CCATAAATCAT	-
899-AGATAATT	HXA10_HUMAN.H11MO.0.C	-1	0.0414763	31.8953	0.46074	7	AGATAATT	GATGATTTATGA	+
899-AGATAATT	ZN136_HUMAN.H11MO.0.C	8	0.0419289	32.2434	0.462265	8	AGATAATT	TGCTGGATATAGTATTCTTGGTTG	+
899-AGATAATT	BARX1_HUMAN.H11MO.0.D	2	0.0437635	33.6541	0.471848	8	AGATAATT	AAAAACAATTAG	-
900-AGATGGCGGCTGCCG	TYY1_HUMAN.H11MO.0.A	2	1.17835e-05	0.00906148	0.0180085	10	AGATGGCGGCTGCCG	CAAGATGGCGGC	+
900-AGATGGCGGCTGCCG	TAF1_HUMAN.H11MO.0.A	1	5.79758e-05	0.0445834	0.0443017	15	AGATGGCGGCTGCCG	AAGATGGCGGCGGCGG	+
900-AGATGGCGGCTGCCG	TYY2_HUMAN.H11MO.0.D	1	0.000167225	0.128596	0.0851888	10	AGATGGCGGCTGCCG	AAAATGGCGGC	+
900-AGATGGCGGCTGCCG	ZFP42_HUMAN.H11MO.0.A	1	0.000249785	0.192085	0.0954356	11	AGATGGCGGCTGCCG	AAAATGGCTGCC	-
900-AGATGGCGGCTGCCG	ZBTB4_HUMAN.H11MO.0.D	3	0.000825961	0.635164	0.25246	14	AGATGGCGGCTGCCG	CCTAGATGGCAGGTGGG	+
903-AGCAGGCGGCGGAG	TAF1_HUMAN.H11MO.0.A	1	4.0003e-05	0.0307623	0.0599637	14	AGCAGGCGGCGGAG	AAGATGGCGGCGGCGG	+
903-AGCAGGCGGCGGAG	SP4_HUMAN.H11MO.0.A	1	0.000109982	0.0845758	0.08243	14	AGCAGGCGGCGGAG	GGGAAGGGGGCGGGGCCGGG	+
903-AGCAGGCGGCGGAG	CTCFL_HUMAN.H11MO.0.A	3	0.00033589	0.258299	0.124414	14	AGCAGGCGGCGGAG	GCCGCCAGGGGGCGCCG	+
903-AGCAGGCGGCGGAG	SP2_HUMAN.H11MO.0.A	1	0.000526737	0.405061	0.124414	14	AGCAGGCGGCGGAG	GGGGGGGGGGCGGGGCCGGGGG	+
903-AGCAGGCGGCGGAG	ZSC22_HUMAN.H11MO.0.C	1	0.000530795	0.408181	0.124414	14	AGCAGGCGGCGGAG	GGTCTGAGGGAGGAGG	+
903-AGCAGGCGGCGGAG	SP4_HUMAN.H11MO.1.A	-1	0.000592206	0.455406	0.124414	13	AGCAGGCGGCGGAG	GGAGGGGGCGGGGCCG	+
903-AGCAGGCGGCGGAG	SP2_HUMAN.H11MO.1.B	-3	0.000663833	0.510488	0.124414	11	AGCAGGCGGCGGAG	AGGGGGCGGGGC	+
903-AGCAGGCGGCGGAG	CTCF_HUMAN.H11MO.0.A	5	0.000684949	0.526726	0.124414	14	AGCAGGCGGCGGAG	TGGCCACCAGGGGGCGCCA	+
903-AGCAGGCGGCGGAG	EGR4_HUMAN.H11MO.0.D	-4	0.000820675	0.631099	0.124414	10	AGCAGGCGGCGGAG	GGCGGCAGGGC	+
903-AGCAGGCGGCGGAG	ZIC3_HUMAN.H11MO.0.B	4	0.000829989	0.638262	0.124414	11	AGCAGGCGGCGGAG	TCACAGCAGGGGGCC	-
903-AGCAGGCGGCGGAG	ZN563_HUMAN.H11MO.1.C	-2	0.00105242	0.809309	0.138214	12	AGCAGGCGGCGGAG	CAGGCAGCACAG	+
903-AGCAGGCGGCGGAG	ZN263_HUMAN.H11MO.0.A	3	0.0011365	0.873969	0.138214	14	AGCAGGCGGCGGAG	GGGAGGAGGGAGAGGAGGAG	+
903-AGCAGGCGGCGGAG	WT1_HUMAN.H11MO.0.C	6	0.00119867	0.92178	0.138214	14	AGCAGGCGGCGGAG	GGGCGGGGGAGGAGGGGGGG	+
903-AGCAGGCGGCGGAG	SP3_HUMAN.H11MO.0.B	0	0.00133274	1.02487	0.142696	14	AGCAGGCGGCGGAG	GGGGGGGGGCGGGGCCGGGG	+
903-AGCAGGCGGCGGAG	ZN770_HUMAN.H11MO.0.C	0	0.00165044	1.26919	0.152467	14	AGCAGGCGGCGGAG	GGGAGGCTGAGGCGGGAGGATC	+
903-AGCAGGCGGCGGAG	ZN770_HUMAN.H11MO.1.C	-3	0.00166942	1.28379	0.152467	11	AGCAGGCGGCGGAG	GGGAGGCTGAG	+
903-AGCAGGCGGCGGAG	ZIC2_HUMAN.H11MO.0.D	4	0.00172913	1.3297	0.152467	11	AGCAGGCGGCGGAG	TCACAGCAGGGGGCC	-
903-AGCAGGCGGCGGAG	ZN219_HUMAN.H11MO.0.D	-1	0.00183943	1.41452	0.153181	12	AGCAGGCGGCGGAG	GAGGGGGGCGGA	+
903-AGCAGGCGGCGGAG	SP1_HUMAN.H11MO.1.A	-3	0.00200356	1.54073	0.158068	11	AGCAGGCGGCGGAG	GGGGGGCGGGGCCG	+
903-AGCAGGCGGCGGAG	ZN281_HUMAN.H11MO.0.A	0	0.00259409	1.99486	0.194425	14	AGCAGGCGGCGGAG	GGGTGGGGGAGGGGA	+
903-AGCAGGCGGCGGAG	ZN335_HUMAN.H11MO.1.A	-1	0.00322389	2.47917	0.225502	7	AGCAGGCGGCGGAG	TCAGGCA	-
903-AGCAGGCGGCGGAG	EGR2_HUMAN.H11MO.0.A	1	0.00330962	2.5451	0.225502	14	AGCAGGCGGCGGAG	GGGGGGGTGTGGGAGGGG	+
903-AGCAGGCGGCGGAG	ZN148_HUMAN.H11MO.0.D	1	0.00445879	3.42881	0.267622	14	AGCAGGCGGCGGAG	GGGGTGGGGGAGGGG	+
903-AGCAGGCGGCGGAG	ZN134_HUMAN.H11MO.1.C	5	0.0045976	3.53556	0.267622	12	AGCAGGCGGCGGAG	ACCTAATCAGGTGAAGG	+
903-AGCAGGCGGCGGAG	PTF1A_HUMAN.H11MO.1.B	0	0.00471906	3.62895	0.267622	9	AGCAGGCGGCGGAG	AGCAGCTGG	+
903-AGCAGGCGGCGGAG	ZFX_HUMAN.H11MO.0.A	-1	0.00479832	3.68991	0.267622	10	AGCAGGCGGCGGAG	CCAGGCCCCG	+
903-AGCAGGCGGCGGAG	MESP1_HUMAN.H11MO.0.D	-1	0.00482048	3.70695	0.267622	11	AGCAGGCGGCGGAG	GCAGGTGTGGA	+
903-AGCAGGCGGCGGAG	ASCL2_HUMAN.H11MO.0.D	0	0.00531981	4.09093	0.284796	9	AGCAGGCGGCGGAG	AGCAGCTGG	-
903-AGCAGGCGGCGGAG	ZBT17_HUMAN.H11MO.0.A	-1	0.00589182	4.53081	0.296005	13	AGCAGGCGGCGGAG	GAGGGTGGGGGAGGGGAAG	+
903-AGCAGGCGGCGGAG	TFDP1_HUMAN.H11MO.0.C	0	0.00595979	4.58308	0.296005	14	AGCAGGCGGCGGAG	GGGGGGCGGGAAAA	+
903-AGCAGGCGGCGGAG	SP1_HUMAN.H11MO.0.A	-3	0.0061216	4.70751	0.296005	11	AGCAGGCGGCGGAG	GGGGGGCGGGGCCGGGGGGGGG	+
903-AGCAGGCGGCGGAG	KLF15_HUMAN.H11MO.0.A	4	0.00648149	4.98427	0.29687	14	AGCAGGCGGCGGAG	GGGGAGGAGCAGGGGGGGG	+
903-AGCAGGCGGCGGAG	KLF9_HUMAN.H11MO.0.C	-1	0.00653558	5.02586	0.29687	13	AGCAGGCGGCGGAG	GGAGGGGGCGTGGCC	+
903-AGCAGGCGGCGGAG	VEZF1_HUMAN.H11MO.0.C	5	0.00707059	5.43728	0.299525	14	AGCAGGCGGCGGAG	GGGGAGGGGGGAGGGGGAGGGG	+
903-AGCAGGCGGCGGAG	KLF12_HUMAN.H11MO.0.C	-4	0.00736413	5.66302	0.299525	10	AGCAGGCGGCGGAG	AGGGGCGGGGC	+
903-AGCAGGCGGCGGAG	ITF2_HUMAN.H11MO.0.C	0	0.00791085	6.08344	0.299525	10	AGCAGGCGGCGGAG	GGCAGCTGGG	+
903-AGCAGGCGGCGGAG	SNAI1_HUMAN.H11MO.0.C	-1	0.00806293	6.20039	0.299525	8	AGCAGGCGGCGGAG	CCAGGTGG	+
903-AGCAGGCGGCGGAG	EGR1_HUMAN.H11MO.0.A	-1	0.00812095	6.24501	0.299525	13	AGCAGGCGGCGGAG	GAGGGCGTGGGCGGGGG	+
903-AGCAGGCGGCGGAG	ZFX_HUMAN.H11MO.1.A	5	0.00850671	6.54166	0.299525	12	AGCAGGCGGCGGAG	GGGGGCGGAGGCCGGGG	+
903-AGCAGGCGGCGGAG	ZN335_HUMAN.H11MO.0.A	-1	0.00854916	6.57431	0.299525	13	AGCAGGCGGCGGAG	TCAGGCAGCGCCGAGGACAGCC	-
903-AGCAGGCGGCGGAG	E2F1_HUMAN.H11MO.0.A	0	0.00869875	6.68934	0.299525	14	AGCAGGCGGCGGAG	GGGGGGCGGGAAAG	+
903-AGCAGGCGGCGGAG	TYY1_HUMAN.H11MO.0.A	2	0.00878201	6.75337	0.299525	10	AGCAGGCGGCGGAG	CAAGATGGCGGC	+
903-AGCAGGCGGCGGAG	ZN322_HUMAN.H11MO.0.B	-1	0.00882031	6.78282	0.299525	13	AGCAGGCGGCGGAG	CCAGGCTCTGTACCAGGCTC	-
903-AGCAGGCGGCGGAG	MAZ_HUMAN.H11MO.0.A	2	0.00896117	6.89114	0.299525	14	AGCAGGCGGCGGAG	GGGGGAGGGGGGGGGGGGGGGG	+
903-AGCAGGCGGCGGAG	ID4_HUMAN.H11MO.0.D	0	0.00905759	6.96529	0.299525	11	AGCAGGCGGCGGAG	GACAGGTGTAA	+
903-AGCAGGCGGCGGAG	SMAD3_HUMAN.H11MO.0.B	-2	0.00922559	7.09448	0.299525	12	AGCAGGCGGCGGAG	CAGGTGACAGAG	-
903-AGCAGGCGGCGGAG	THAP1_HUMAN.H11MO.0.C	11	0.00939152	7.22208	0.299525	11	AGCAGGCGGCGGAG	GCCCGCAGCCAAGATGGCGGCG	-
903-AGCAGGCGGCGGAG	EGR2_HUMAN.H11MO.1.A	1	0.0123046	9.46223	0.384257	14	AGCAGGCGGCGGAG	GGGGCGTGGGCGGGGG	+
903-AGCAGGCGGCGGAG	KLF8_HUMAN.H11MO.0.C	-2	0.0126119	9.69858	0.385817	9	AGCAGGCGGCGGAG	CAGGGGGTG	+
903-AGCAGGCGGCGGAG	E2F4_HUMAN.H11MO.0.A	-1	0.0128743	9.90032	0.385965	13	AGCAGGCGGCGGAG	GGGGGCGGGAAAT	+
903-AGCAGGCGGCGGAG	TBX1_HUMAN.H11MO.0.D	5	0.0133394	10.258	0.388604	14	AGCAGGCGGCGGAG	GGGTGGGCAGGGGTGGGCGG	+
903-AGCAGGCGGCGGAG	MAX_HUMAN.H11MO.0.A	1	0.0134894	10.3733	0.388604	9	AGCAGGCGGCGGAG	GAGCACGTGG	+
903-AGCAGGCGGCGGAG	PATZ1_HUMAN.H11MO.0.C	1	0.0142203	10.9354	0.388604	14	AGCAGGCGGCGGAG	GGGGAGGGGGCGGGGGGGGAGG	+
903-AGCAGGCGGCGGAG	ZN134_HUMAN.H11MO.0.C	10	0.0142203	10.9354	0.388604	12	AGCAGGCGGCGGAG	GCCTCACCTAATCAGTTGAAGG	+
903-AGCAGGCGGCGGAG	INSM1_HUMAN.H11MO.0.C	1	0.0142585	10.9648	0.388604	11	AGCAGGCGGCGGAG	TGTCAGGGGGCA	+
903-AGCAGGCGGCGGAG	ASCL1_HUMAN.H11MO.0.A	3	0.0150615	11.5823	0.403159	11	AGCAGGCGGCGGAG	GGGAGCAGGTGCAG	-
903-AGCAGGCGGCGGAG	ATOH1_HUMAN.H11MO.0.B	0	0.0157103	12.0812	0.407323	9	AGCAGGCGGCGGAG	AGCAGATGG	+
903-AGCAGGCGGCGGAG	SNAI2_HUMAN.H11MO.0.A	0	0.0157605	12.1199	0.407323	10	AGCAGGCGGCGGAG	GGCAGGTGCA	+
903-AGCAGGCGGCGGAG	MYF6_HUMAN.H11MO.0.C	-1	0.0162558	12.5007	0.413003	7	AGCAGGCGGCGGAG	GCAGCTG	-
903-AGCAGGCGGCGGAG	NDF2_HUMAN.H11MO.0.B	0	0.0165859	12.7546	0.414366	9	AGCAGGCGGCGGAG	AACAGATGG	+
903-AGCAGGCGGCGGAG	AP2B_HUMAN.H11MO.0.B	-4	0.0174631	13.4291	0.421757	10	AGCAGGCGGCGGAG	GCCCGGGGGC	+
903-AGCAGGCGGCGGAG	E2F7_HUMAN.H11MO.0.B	-2	0.0177445	13.6456	0.421757	12	AGCAGGCGGCGGAG	GGGGCGGGAAAGG	+
903-AGCAGGCGGCGGAG	KLF3_HUMAN.H11MO.0.B	0	0.0185519	14.2664	0.421757	14	AGCAGGCGGCGGAG	GGGGAGGGGCGGGGCCGGG	+
903-AGCAGGCGGCGGAG	MXI1_HUMAN.H11MO.0.A	-1	0.0185952	14.2997	0.421757	13	AGCAGGCGGCGGAG	GCACGTGGCGGCGGG	+
903-AGCAGGCGGCGGAG	VEZF1_HUMAN.H11MO.1.C	0	0.0189074	14.5398	0.421757	12	AGCAGGCGGCGGAG	AGGGGGAGGGGG	+
903-AGCAGGCGGCGGAG	ZN586_HUMAN.H11MO.0.C	-3	0.0190597	14.6569	0.421757	11	AGCAGGCGGCGGAG	AGGCCTAGGAGGAAAAAATG	+
903-AGCAGGCGGCGGAG	KLF13_HUMAN.H11MO.0.D	-2	0.0191327	14.713	0.421757	11	AGCAGGCGGCGGAG	AGGGGGGCGTG	+
903-AGCAGGCGGCGGAG	ZN263_HUMAN.H11MO.1.A	-4	0.0191327	14.713	0.421757	10	AGCAGGCGGCGGAG	GAGGGAGGAGG	+
903-AGCAGGCGGCGGAG	ZN467_HUMAN.H11MO.0.C	1	0.0194577	14.963	0.422706	14	AGCAGGCGGCGGAG	GGGGAGGGGAGGGGGGGGGGGG	+
903-AGCAGGCGGCGGAG	MYC_HUMAN.H11MO.0.A	1	0.0210664	16.2001	0.442157	10	AGCAGGCGGCGGAG	GAGCACGTGGC	-
903-AGCAGGCGGCGGAG	ZSC31_HUMAN.H11MO.0.C	3	0.0211854	16.2916	0.442157	14	AGCAGGCGGCGGAG	GGCAGCAGGGCAGTTATG	+
903-AGCAGGCGGCGGAG	ZBTB6_HUMAN.H11MO.0.C	-4	0.021238	16.332	0.442157	10	AGCAGGCGGCGGAG	GGTGCTGGAGCCG	+
903-AGCAGGCGGCGGAG	PAX5_HUMAN.H11MO.0.A	1	0.0220713	16.9728	0.447642	14	AGCAGGCGGCGGAG	GCCTGGGCAGCAGAGCGTGAC	+
903-AGCAGGCGGCGGAG	MXI1_HUMAN.H11MO.1.A	1	0.0220987	16.9939	0.447642	10	AGCAGGCGGCGGAG	GAGCACGTGGG	-
903-AGCAGGCGGCGGAG	NRF1_HUMAN.H11MO.0.A	5	0.0247398	19.0249	0.489596	12	AGCAGGCGGCGGAG	CACTGCGCATGCGCAGG	+
903-AGCAGGCGGCGGAG	NR0B1_HUMAN.H11MO.0.D	-5	0.0248231	19.089	0.489596	9	AGCAGGCGGCGGAG	GCGTGGGAGA	+
904-AGCCAATGAGGCGGG	CEBPZ_HUMAN.H11MO.0.D	0	2.37464e-05	0.018261	0.0364192	11	AGCCAATGAGGCGGG	AGCCAATCAGC	-
904-AGCCAATGAGGCGGG	NFYB_HUMAN.H11MO.0.A	1	0.000648605	0.498777	0.309583	12	AGCCAATGAGGCGGG	CAGCCAATCAGAG	+
904-AGCCAATGAGGCGGG	NFYC_HUMAN.H11MO.0.A	2	0.00109575	0.84263	0.309583	12	AGCCAATGAGGCGGG	CTAGCCAATCAGAG	+
904-AGCCAATGAGGCGGG	PBX3_HUMAN.H11MO.1.A	0	0.00111422	0.856833	0.309583	9	AGCCAATGAGGCGGG	TGCCAATCA	-
904-AGCCAATGAGGCGGG	SP2_HUMAN.H11MO.0.A	-1	0.00115526	0.888394	0.309583	14	AGCCAATGAGGCGGG	GGGGGGGGGGCGGGGCCGGGGG	+
904-AGCCAATGAGGCGGG	SP2_HUMAN.H11MO.1.B	-5	0.00121115	0.931371	0.309583	10	AGCCAATGAGGCGGG	AGGGGGCGGGGC	+
904-AGCCAATGAGGCGGG	SP4_HUMAN.H11MO.0.A	-1	0.00152298	1.17117	0.314503	14	AGCCAATGAGGCGGG	GGGAAGGGGGCGGGGCCGGG	+
904-AGCCAATGAGGCGGG	NFIA_HUMAN.H11MO.1.D	0	0.00164053	1.26156	0.314503	7	AGCCAATGAGGCGGG	TGCCAAG	-
905-AGCCTCCGCCTCC	ZN770_HUMAN.H11MO.0.C	8	3.79748e-06	0.00292026	0.00574609	13	AGCCTCCGCCTCC	GATCCTCCCGCCTCAGCCTCCC	-
905-AGCCTCCGCCTCC	ZN770_HUMAN.H11MO.1.C	-3	6.77342e-05	0.0520876	0.0512454	10	AGCCTCCGCCTCC	CTCAGCCTCCC	-
905-AGCCTCCGCCTCC	ZFX_HUMAN.H11MO.1.A	4	0.000296095	0.227697	0.0840101	13	AGCCTCCGCCTCC	CCCCGGCCTCCGCCCCC	-
905-AGCCTCCGCCTCC	SP4_HUMAN.H11MO.0.A	2	0.000329927	0.253714	0.0840101	13	AGCCTCCGCCTCC	CCCGGCCCCGCCCCCTTCCC	-
905-AGCCTCCGCCTCC	SP1_HUMAN.H11MO.1.A	0	0.000341653	0.262731	0.0840101	13	AGCCTCCGCCTCC	CGGCCCCGCCCCCC	-
905-AGCCTCCGCCTCC	SP2_HUMAN.H11MO.0.A	4	0.000358005	0.275306	0.0840101	13	AGCCTCCGCCTCC	CCCCCGGCCCCGCCCCCCCCCC	-
905-AGCCTCCGCCTCC	WT1_HUMAN.H11MO.0.C	0	0.000418567	0.321878	0.0840101	13	AGCCTCCGCCTCC	CCCCCCCTCCTCCCCCGCCC	-
905-AGCCTCCGCCTCC	ZSC22_HUMAN.H11MO.0.C	-2	0.000444166	0.341563	0.0840101	11	AGCCTCCGCCTCC	CCTCCTCCCTCAGACC	-
905-AGCCTCCGCCTCC	SP2_HUMAN.H11MO.1.B	-2	0.000775315	0.596217	0.118682	11	AGCCTCCGCCTCC	GCCCCGCCCCCT	-
905-AGCCTCCGCCTCC	TAF1_HUMAN.H11MO.0.A	1	0.000784349	0.603164	0.118682	13	AGCCTCCGCCTCC	CCGCCGCCGCCATCTT	-
905-AGCCTCCGCCTCC	SP4_HUMAN.H11MO.1.A	0	0.00109355	0.840941	0.150426	13	AGCCTCCGCCTCC	CGGCCCCGCCCCCTCC	-
905-AGCCTCCGCCTCC	MAZ_HUMAN.H11MO.0.A	6	0.0012102	0.930648	0.15245	13	AGCCTCCGCCTCC	CCCCCCCCCCCCCCCCTCCCCC	-
905-AGCCTCCGCCTCC	ZN263_HUMAN.H11MO.0.A	3	0.00131189	1.00885	0.15245	13	AGCCTCCGCCTCC	CTCCTCCTCTCCCTCCTCCC	-
905-AGCCTCCGCCTCC	SP1_HUMAN.H11MO.0.A	8	0.00143008	1.09973	0.15245	13	AGCCTCCGCCTCC	CCCCCCCCCGGCCCCGCCCCCC	-
905-AGCCTCCGCCTCC	VEZF1_HUMAN.H11MO.0.C	0	0.00151134	1.16222	0.15245	13	AGCCTCCGCCTCC	CCCCTCCCCCTCCCCCCTCCCC	-
905-AGCCTCCGCCTCC	ZN281_HUMAN.H11MO.0.A	1	0.00161202	1.23964	0.15245	13	AGCCTCCGCCTCC	TCCCCTCCCCCACCC	-
905-AGCCTCCGCCTCC	SP3_HUMAN.H11MO.0.B	3	0.00182085	1.40023	0.158837	13	AGCCTCCGCCTCC	CCCCGGCCCCGCCCCCCCCC	-
905-AGCCTCCGCCTCC	EGR2_HUMAN.H11MO.0.A	0	0.00208096	1.60026	0.158837	13	AGCCTCCGCCTCC	CCCCTCCCACACCCCCCC	-
905-AGCCTCCGCCTCC	ZN467_HUMAN.H11MO.0.C	7	0.00209724	1.61278	0.158837	13	AGCCTCCGCCTCC	CCCCCCCCCCCCTCCCCTCCCC	-
905-AGCCTCCGCCTCC	ZBTB6_HUMAN.H11MO.0.C	0	0.00209945	1.61448	0.158837	13	AGCCTCCGCCTCC	CGGCTCCAGCACC	-
905-AGCCTCCGCCTCC	ZN263_HUMAN.H11MO.1.A	-2	0.00243889	1.87551	0.171415	11	AGCCTCCGCCTCC	CCTCCTCCCTC	-
905-AGCCTCCGCCTCC	KLF15_HUMAN.H11MO.0.A	4	0.00249227	1.91656	0.171415	13	AGCCTCCGCCTCC	CCCCCCCCTGCTCCTCCCC	-
905-AGCCTCCGCCTCC	ZBT17_HUMAN.H11MO.0.A	3	0.00291745	2.24352	0.191934	13	AGCCTCCGCCTCC	CTTCCCCTCCCCCACCCTC	-
905-AGCCTCCGCCTCC	ZN219_HUMAN.H11MO.0.D	-4	0.00327598	2.51923	0.19828	9	AGCCTCCGCCTCC	TCCGCCCCCCTC	-
905-AGCCTCCGCCTCC	ZN148_HUMAN.H11MO.0.D	0	0.00334751	2.57423	0.19828	13	AGCCTCCGCCTCC	CCCCTCCCCCACCCC	-
905-AGCCTCCGCCTCC	EGR4_HUMAN.H11MO.0.D	-2	0.00340704	2.62001	0.19828	11	AGCCTCCGCCTCC	GCCCTGCCGCC	-
905-AGCCTCCGCCTCC	PATZ1_HUMAN.H11MO.0.C	7	0.00416841	3.2055	0.233605	13	AGCCTCCGCCTCC	CCTCCCCCCCCGCCCCCTCCCC	-
905-AGCCTCCGCCTCC	EGR2_HUMAN.H11MO.1.A	1	0.00523547	4.02608	0.276497	13	AGCCTCCGCCTCC	CCCCCGCCCACGCCCC	-
905-AGCCTCCGCCTCC	E2F4_HUMAN.H11MO.0.A	0	0.00529922	4.0751	0.276497	13	AGCCTCCGCCTCC	ATTTCCCGCCCCC	-
905-AGCCTCCGCCTCC	TBX15_HUMAN.H11MO.0.D	5	0.00566738	4.35821	0.28585	13	AGCCTCCGCCTCC	CCCCCACCCCCCCCCCCCC	-
905-AGCCTCCGCCTCC	ZN554_HUMAN.H11MO.1.D	0	0.00667194	5.13072	0.324006	9	AGCCTCCGCCTCC	TGGCTCTGC	-
905-AGCCTCCGCCTCC	ZKSC3_HUMAN.H11MO.0.D	2	0.00721891	5.55134	0.324006	9	AGCCTCCGCCTCC	CTAGCCTCGAA	-
905-AGCCTCCGCCTCC	TBX1_HUMAN.H11MO.0.D	1	0.00734047	5.64482	0.324006	13	AGCCTCCGCCTCC	CCGCCCACCCCTGCCCACCC	-
905-AGCCTCCGCCTCC	EGR1_HUMAN.H11MO.0.A	-2	0.0074897	5.75958	0.324006	11	AGCCTCCGCCTCC	CCCCCGCCCACGCCCTC	-
905-AGCCTCCGCCTCC	PATZ1_HUMAN.H11MO.1.C	-6	0.00749454	5.7633	0.324006	7	AGCCTCCGCCTCC	CCCCTCCCT	-
905-AGCCTCCGCCTCC	KLF12_HUMAN.H11MO.0.C	-2	0.00843566	6.48703	0.354563	11	AGCCTCCGCCTCC	GCCCCGCCCCT	-
905-AGCCTCCGCCTCC	HINFP_HUMAN.H11MO.0.C	1	0.00894525	6.8789	0.36582	13	AGCCTCCGCCTCC	TAACGTCCGCTAGCGC	-
905-AGCCTCCGCCTCC	MAZ_HUMAN.H11MO.1.A	-2	0.00934959	7.18984	0.367413	11	AGCCTCCGCCTCC	CCCCCTCCCTC	-
905-AGCCTCCGCCTCC	AP2D_HUMAN.H11MO.0.D	3	0.00952646	7.32585	0.367413	11	AGCCTCCGCCTCC	ACGCGCCTCGGGCG	-
905-AGCCTCCGCCTCC	KLF6_HUMAN.H11MO.0.A	1	0.00971266	7.46904	0.367413	13	AGCCTCCGCCTCC	CCCCCGGCCCCGCCCTTCC	-
905-AGCCTCCGCCTCC	E2F7_HUMAN.H11MO.0.B	1	0.0100021	7.69158	0.369132	12	AGCCTCCGCCTCC	CCTTTCCCGCCCC	-
905-AGCCTCCGCCTCC	GABPA_HUMAN.H11MO.0.A	1	0.0104733	8.05398	0.377322	13	AGCCTCCGCCTCC	CCACTTCCGGTTCC	-
905-AGCCTCCGCCTCC	TFDP1_HUMAN.H11MO.0.C	0	0.0115067	8.84866	0.404911	13	AGCCTCCGCCTCC	TTTTCCCGCCCCCC	-
906-AGCGGGGCGGGGCCT	SP1_HUMAN.H11MO.1.A	-1	2.78188e-08	2.13927e-05	4.18125e-05	14	AGCGGGGCGGGGCCT	GGGGGGCGGGGCCG	+
906-AGCGGGGCGGGGCCT	KLF12_HUMAN.H11MO.0.C	-2	6.82379e-08	5.24749e-05	5.12818e-05	11	AGCGGGGCGGGGCCT	AGGGGCGGGGC	+
906-AGCGGGGCGGGGCCT	SP1_HUMAN.H11MO.0.A	-1	6.29455e-07	0.000484051	0.000315363	14	AGCGGGGCGGGGCCT	GGGGGGCGGGGCCGGGGGGGGG	+
906-AGCGGGGCGGGGCCT	SP2_HUMAN.H11MO.1.B	-1	6.1304e-06	0.00471428	0.00230354	12	AGCGGGGCGGGGCCT	AGGGGGCGGGGC	+
906-AGCGGGGCGGGGCCT	SP2_HUMAN.H11MO.0.A	3	1.0978e-05	0.00844209	0.00313841	15	AGCGGGGCGGGGCCT	GGGGGGGGGGCGGGGCCGGGGG	+
906-AGCGGGGCGGGGCCT	SP3_HUMAN.H11MO.0.B	2	1.25283e-05	0.00963427	0.00313841	15	AGCGGGGCGGGGCCT	GGGGGGGGGCGGGGCCGGGG	+
906-AGCGGGGCGGGGCCT	SP4_HUMAN.H11MO.1.A	1	1.87351e-05	0.0144073	0.00402278	15	AGCGGGGCGGGGCCT	GGAGGGGGCGGGGCCG	+
906-AGCGGGGCGGGGCCT	KLF3_HUMAN.H11MO.0.B	2	2.15217e-05	0.0165502	0.00404347	15	AGCGGGGCGGGGCCT	GGGGAGGGGCGGGGCCGGG	+
906-AGCGGGGCGGGGCCT	SP4_HUMAN.H11MO.0.A	3	4.64909e-05	0.0357515	0.00776414	15	AGCGGGGCGGGGCCT	GGGAAGGGGGCGGGGCCGGG	+
906-AGCGGGGCGGGGCCT	KLF1_HUMAN.H11MO.0.A	-3	7.97961e-05	0.0613632	0.0112737	12	AGCGGGGCGGGGCCT	GGGGCGGGGCCGGG	+
906-AGCGGGGCGGGGCCT	KLF9_HUMAN.H11MO.0.C	1	8.25074e-05	0.0634482	0.0112737	14	AGCGGGGCGGGGCCT	GGAGGGGGCGTGGCC	+
906-AGCGGGGCGGGGCCT	KLF4_HUMAN.H11MO.0.A	-3	9.82051e-05	0.0755197	0.0123004	10	AGCGGGGCGGGGCCT	AGGGTGTGGC	+
906-AGCGGGGCGGGGCCT	KLF6_HUMAN.H11MO.0.A	0	0.0001538	0.118272	0.0172861	15	AGCGGGGCGGGGCCT	GGAAGGGCGGGGCCGGGGG	+
906-AGCGGGGCGGGGCCT	MAZ_HUMAN.H11MO.1.A	-2	0.000161012	0.123818	0.0172861	11	AGCGGGGCGGGGCCT	GAGGGAGGGGG	+
906-AGCGGGGCGGGGCCT	EGR4_HUMAN.H11MO.0.D	-2	0.000351915	0.270622	0.0352626	11	AGCGGGGCGGGGCCT	GGCGGCAGGGC	+
906-AGCGGGGCGGGGCCT	KLF14_HUMAN.H11MO.0.D	0	0.000381434	0.293323	0.0358317	13	AGCGGGGCGGGGCCT	AGGGGGGCGTGGC	+
906-AGCGGGGCGGGGCCT	E2F4_HUMAN.H11MO.0.A	-2	0.000452874	0.34826	0.0400402	13	AGCGGGGCGGGGCCT	GGGGGCGGGAAAT	+
906-AGCGGGGCGGGGCCT	ZN219_HUMAN.H11MO.0.D	1	0.000530522	0.407971	0.0442994	11	AGCGGGGCGGGGCCT	GAGGGGGGCGGA	+
906-AGCGGGGCGGGGCCT	TFDP1_HUMAN.H11MO.0.C	-1	0.00111279	0.855739	0.0845226	14	AGCGGGGCGGGGCCT	GGGGGGCGGGAAAA	+
906-AGCGGGGCGGGGCCT	SALL4_HUMAN.H11MO.0.B	-1	0.0011247	0.864891	0.0845226	10	AGCGGGGCGGGGCCT	GGAGGGTGGG	+
906-AGCGGGGCGGGGCCT	KLF5_HUMAN.H11MO.0.A	-3	0.00123505	0.949753	0.0883961	12	AGCGGGGCGGGGCCT	AGGGTGGGGCTGGG	+
906-AGCGGGGCGGGGCCT	ZN281_HUMAN.H11MO.0.A	2	0.00132087	1.01575	0.0902414	13	AGCGGGGCGGGGCCT	GGGTGGGGGAGGGGA	+
906-AGCGGGGCGGGGCCT	PATZ1_HUMAN.H11MO.1.C	-3	0.00153945	1.18383	0.100602	9	AGCGGGGCGGGGCCT	AGGGAGGGG	+
906-AGCGGGGCGGGGCCT	ZN148_HUMAN.H11MO.0.D	3	0.00161521	1.2421	0.101155	12	AGCGGGGCGGGGCCT	GGGGTGGGGGAGGGG	+
906-AGCGGGGCGGGGCCT	PRDM4_HUMAN.H11MO.0.D	-4	0.00187665	1.44315	0.10893	11	AGCGGGGCGGGGCCT	GTGGGGGGCCTTGAAA	+
906-AGCGGGGCGGGGCCT	PLAL1_HUMAN.H11MO.0.D	-5	0.00195678	1.50476	0.10893	10	AGCGGGGCGGGGCCT	CGGGGGGCCC	+
906-AGCGGGGCGGGGCCT	ZFX_HUMAN.H11MO.0.A	-7	0.00195678	1.50476	0.10893	8	AGCGGGGCGGGGCCT	CGGGGCCTGG	-
906-AGCGGGGCGGGGCCT	E2F7_HUMAN.H11MO.0.B	-3	0.00219416	1.68731	0.117782	12	AGCGGGGCGGGGCCT	GGGGCGGGAAAGG	+
906-AGCGGGGCGGGGCCT	KLF16_HUMAN.H11MO.0.D	3	0.00238065	1.83072	0.123386	15	AGCGGGGCGGGGCCT	GGGGGCGGGGGGGGGGGGG	+
906-AGCGGGGCGGGGCCT	E2F1_HUMAN.H11MO.0.A	-1	0.00278145	2.13894	0.139353	14	AGCGGGGCGGGGCCT	GGGGGGCGGGAAAG	+
906-AGCGGGGCGGGGCCT	GLIS1_HUMAN.H11MO.0.D	-1	0.00314317	2.4171	0.152396	13	AGCGGGGCGGGGCCT	TCGTGGGGGGTCT	+
906-AGCGGGGCGGGGCCT	ZSC31_HUMAN.H11MO.0.C	3	0.00329086	2.53067	0.154571	15	AGCGGGGCGGGGCCT	GGCAGCAGGGCAGTTATG	+
906-AGCGGGGCGGGGCCT	TBX15_HUMAN.H11MO.0.D	6	0.00350025	2.69169	0.159424	13	AGCGGGGCGGGGCCT	GGGGGGGGGGGGGTGGGGG	+
906-AGCGGGGCGGGGCCT	ZN740_HUMAN.H11MO.0.D	-2	0.00411404	3.1637	0.181635	13	AGCGGGGCGGGGCCT	GGGGGGGGGGTGGG	+
906-AGCGGGGCGGGGCCT	KLF15_HUMAN.H11MO.0.A	7	0.0042296	3.25256	0.181635	12	AGCGGGGCGGGGCCT	GGGGAGGAGCAGGGGGGGG	+
906-AGCGGGGCGGGGCCT	KLF13_HUMAN.H11MO.0.D	0	0.00489645	3.76537	0.196744	11	AGCGGGGCGGGGCCT	AGGGGGGCGTG	+
906-AGCGGGGCGGGGCCT	ZFX_HUMAN.H11MO.1.A	-1	0.00504792	3.88185	0.196744	14	AGCGGGGCGGGGCCT	GGGGGCGGAGGCCGGGG	+
906-AGCGGGGCGGGGCCT	ZIC4_HUMAN.H11MO.0.D	4	0.00514998	3.96034	0.196744	11	AGCGGGGCGGGGCCT	GCACAGCGGGGGGTC	+
906-AGCGGGGCGGGGCCT	ZN331_HUMAN.H11MO.0.C	10	0.005313	4.0857	0.196744	10	AGCGGGGCGGGGCCT	GGCTGGGCTCAGCTGGGTGG	+
906-AGCGGGGCGGGGCCT	ZIC1_HUMAN.H11MO.0.B	-3	0.00536682	4.12709	0.196744	9	AGCGGGGCGGGGCCT	GGGGTGGTC	+
906-AGCGGGGCGGGGCCT	ZN708_HUMAN.H11MO.1.D	-6	0.00536682	4.12709	0.196744	9	AGCGGGGCGGGGCCT	GCTGTACCT	-
906-AGCGGGGCGGGGCCT	GLIS2_HUMAN.H11MO.0.D	-2	0.00631796	4.85851	0.223245	13	AGCGGGGCGGGGCCT	CTTCGCGGGGGGTC	+
906-AGCGGGGCGGGGCCT	ZN449_HUMAN.H11MO.0.C	-4	0.00638679	4.91144	0.223245	11	AGCGGGGCGGGGCCT	TGGTTGGGCTT	+
906-AGCGGGGCGGGGCCT	PAX5_HUMAN.H11MO.0.A	8	0.00718796	5.52754	0.240128	13	AGCGGGGCGGGGCCT	GCCTGGGCAGCAGAGCGTGAC	+
906-AGCGGGGCGGGGCCT	PATZ1_HUMAN.H11MO.0.C	-3	0.00728688	5.60361	0.240128	12	AGCGGGGCGGGGCCT	GGGGAGGGGGCGGGGGGGGAGG	+
906-AGCGGGGCGGGGCCT	GLIS3_HUMAN.H11MO.0.D	-4	0.00734906	5.65143	0.240128	10	AGCGGGGCGGGGCCT	GTGGGGGGTA	+
906-AGCGGGGCGGGGCCT	EGR1_HUMAN.H11MO.0.A	3	0.00832957	6.40544	0.266375	14	AGCGGGGCGGGGCCT	GAGGGCGTGGGCGGGGG	+
906-AGCGGGGCGGGGCCT	P63_HUMAN.H11MO.0.A	1	0.00881394	6.77792	0.275992	15	AGCGGGGCGGGGCCT	GGGCATGCCTGGACATGCC	-
906-AGCGGGGCGGGGCCT	E2F6_HUMAN.H11MO.0.A	-3	0.00967946	7.4435	0.296908	12	AGCGGGGCGGGGCCT	GGGGCGGGAAGGG	+
906-AGCGGGGCGGGGCCT	HEY2_HUMAN.H11MO.0.D	0	0.00995178	7.65292	0.299157	15	AGCGGGGCGGGGCCT	GGGGGCACGTGGCATTA	+
906-AGCGGGGCGGGGCCT	E2F3_HUMAN.H11MO.0.A	-3	0.0118367	9.10242	0.346394	11	AGCGGGGCGGGGCCT	AGGGCGGGAAA	+
906-AGCGGGGCGGGGCCT	TBX1_HUMAN.H11MO.0.D	1	0.0119841	9.21577	0.346394	15	AGCGGGGCGGGGCCT	GGGTGGGCAGGGGTGGGCGG	+
906-AGCGGGGCGGGGCCT	EGR2_HUMAN.H11MO.1.A	2	0.0131304	10.0972	0.372365	14	AGCGGGGCGGGGCCT	GGGGCGTGGGCGGGGG	+
906-AGCGGGGCGGGGCCT	VEZF1_HUMAN.H11MO.1.C	-1	0.0135779	10.4414	0.377925	12	AGCGGGGCGGGGCCT	AGGGGGAGGGGG	+
906-AGCGGGGCGGGGCCT	VEZF1_HUMAN.H11MO.0.C	4	0.0162342	12.4841	0.443644	15	AGCGGGGCGGGGCCT	GGGGAGGGGGGAGGGGGAGGGG	+
906-AGCGGGGCGGGGCCT	ZBT17_HUMAN.H11MO.0.A	4	0.0184747	14.2071	0.487159	15	AGCGGGGCGGGGCCT	GAGGGTGGGGGAGGGGAAG	+
906-AGCGGGGCGGGGCCT	SRBP2_HUMAN.H11MO.0.B	1	0.0192487	14.8022	0.49095	12	AGCGGGGCGGGGCCT	GGGTGGGGTGAGG	+
906-AGCGGGGCGGGGCCT	P73_HUMAN.H11MO.0.A	0	0.0192718	14.82	0.49095	15	AGCGGGGCGGGGCCT	GGCATGTCTGGGCATGTCT	-
910-AGGAAGAGGCGGAGG	ZN263_HUMAN.H11MO.0.A	3	9.88501e-05	0.0760157	0.0797914	15	AGGAAGAGGCGGAGG	GGGAGGAGGGAGAGGAGGAG	+
910-AGGAAGAGGCGGAGG	SP4_HUMAN.H11MO.0.A	1	0.000221734	0.170514	0.0797914	15	AGGAAGAGGCGGAGG	GGGAAGGGGGCGGGGCCGGG	+
910-AGGAAGAGGCGGAGG	EGR2_HUMAN.H11MO.0.A	1	0.000296333	0.22788	0.0797914	15	AGGAAGAGGCGGAGG	GGGGGGGTGTGGGAGGGG	+
910-AGGAAGAGGCGGAGG	WT1_HUMAN.H11MO.0.C	3	0.000310281	0.238606	0.0797914	15	AGGAAGAGGCGGAGG	GGGCGGGGGAGGAGGGGGGG	+
910-AGGAAGAGGCGGAGG	ZFX_HUMAN.H11MO.1.A	2	0.000316582	0.243451	0.0797914	15	AGGAAGAGGCGGAGG	GGGGGCGGAGGCCGGGG	+
910-AGGAAGAGGCGGAGG	ZN770_HUMAN.H11MO.0.C	3	0.000317243	0.24396	0.0797914	15	AGGAAGAGGCGGAGG	GGGAGGCTGAGGCGGGAGGATC	+
910-AGGAAGAGGCGGAGG	SP4_HUMAN.H11MO.1.A	-1	0.000398864	0.306727	0.0859889	14	AGGAAGAGGCGGAGG	GGAGGGGGCGGGGCCG	+
910-AGGAAGAGGCGGAGG	TAF1_HUMAN.H11MO.0.A	1	0.000645445	0.496347	0.114278	15	AGGAAGAGGCGGAGG	AAGATGGCGGCGGCGG	+
910-AGGAAGAGGCGGAGG	ZN341_HUMAN.H11MO.1.C	-1	0.000681535	0.5241	0.114278	9	AGGAAGAGGCGGAGG	GGAACAGCC	+
910-AGGAAGAGGCGGAGG	KLF15_HUMAN.H11MO.0.A	4	0.000875846	0.673526	0.132173	15	AGGAAGAGGCGGAGG	GGGGAGGAGCAGGGGGGGG	+
910-AGGAAGAGGCGGAGG	ZN770_HUMAN.H11MO.1.C	-3	0.00150956	1.16085	0.182116	11	AGGAAGAGGCGGAGG	GGGAGGCTGAG	+
910-AGGAAGAGGCGGAGG	VEZF1_HUMAN.H11MO.0.C	5	0.00157487	1.21108	0.182116	15	AGGAAGAGGCGGAGG	GGGGAGGGGGGAGGGGGAGGGG	+
910-AGGAAGAGGCGGAGG	PATZ1_HUMAN.H11MO.0.C	1	0.00183399	1.41034	0.182116	15	AGGAAGAGGCGGAGG	GGGGAGGGGGCGGGGGGGGAGG	+
910-AGGAAGAGGCGGAGG	ZBT17_HUMAN.H11MO.0.A	-1	0.00197955	1.52227	0.182116	14	AGGAAGAGGCGGAGG	GAGGGTGGGGGAGGGGAAG	+
910-AGGAAGAGGCGGAGG	SP2_HUMAN.H11MO.1.B	-3	0.00205819	1.58275	0.182116	12	AGGAAGAGGCGGAGG	AGGGGGCGGGGC	+
910-AGGAAGAGGCGGAGG	SP2_HUMAN.H11MO.0.A	1	0.00213275	1.64008	0.182116	15	AGGAAGAGGCGGAGG	GGGGGGGGGGCGGGGCCGGGGG	+
910-AGGAAGAGGCGGAGG	ZN148_HUMAN.H11MO.0.D	-2	0.00230071	1.76924	0.182116	13	AGGAAGAGGCGGAGG	GGGGTGGGGGAGGGG	+
910-AGGAAGAGGCGGAGG	SP3_HUMAN.H11MO.0.B	0	0.00239257	1.83988	0.182116	15	AGGAAGAGGCGGAGG	GGGGGGGGGCGGGGCCGGGG	+
910-AGGAAGAGGCGGAGG	ZN467_HUMAN.H11MO.0.C	1	0.00247673	1.90461	0.182116	15	AGGAAGAGGCGGAGG	GGGGAGGGGAGGGGGGGGGGGG	+
910-AGGAAGAGGCGGAGG	ETV7_HUMAN.H11MO.0.D	1	0.00256508	1.97255	0.182116	6	AGGAAGAGGCGGAGG	CAGGAAG	+
910-AGGAAGAGGCGGAGG	MAZ_HUMAN.H11MO.0.A	-1	0.0026025	2.00133	0.182116	14	AGGAAGAGGCGGAGG	GGGGGAGGGGGGGGGGGGGGGG	+
910-AGGAAGAGGCGGAGG	KLF5_HUMAN.H11MO.0.A	0	0.00265494	2.04165	0.182116	14	AGGAAGAGGCGGAGG	AGGGTGGGGCTGGG	+
910-AGGAAGAGGCGGAGG	ZN281_HUMAN.H11MO.0.A	-3	0.002801	2.15397	0.183781	12	AGGAAGAGGCGGAGG	GGGTGGGGGAGGGGA	+
910-AGGAAGAGGCGGAGG	ZN335_HUMAN.H11MO.0.A	2	0.00349197	2.68533	0.211632	15	AGGAAGAGGCGGAGG	TCAGGCAGCGCCGAGGACAGCC	-
910-AGGAAGAGGCGGAGG	FLI1_HUMAN.H11MO.0.A	6	0.00350596	2.69608	0.211632	12	AGGAAGAGGCGGAGG	GGAGGAAGGAAGGAGGGA	+
910-AGGAAGAGGCGGAGG	KLF16_HUMAN.H11MO.0.D	1	0.00373215	2.87002	0.216621	15	AGGAAGAGGCGGAGG	GGGGGCGGGGGGGGGGGGG	+
910-AGGAAGAGGCGGAGG	TBX1_HUMAN.H11MO.0.D	4	0.00470461	3.61784	0.258651	15	AGGAAGAGGCGGAGG	GGGTGGGCAGGGGTGGGCGG	+
910-AGGAAGAGGCGGAGG	EGR1_HUMAN.H11MO.0.A	-1	0.00490413	3.77128	0.258651	14	AGGAAGAGGCGGAGG	GAGGGCGTGGGCGGGGG	+
910-AGGAAGAGGCGGAGG	ERG_HUMAN.H11MO.0.A	4	0.00497046	3.82228	0.258651	9	AGGAAGAGGCGGAGG	GGGCAGGAAGTGG	+
910-AGGAAGAGGCGGAGG	EGR2_HUMAN.H11MO.1.A	-2	0.00545259	4.19304	0.274282	13	AGGAAGAGGCGGAGG	GGGGCGTGGGCGGGGG	+
910-AGGAAGAGGCGGAGG	PATZ1_HUMAN.H11MO.1.C	0	0.00622598	4.78778	0.295472	9	AGGAAGAGGCGGAGG	AGGGAGGGG	+
910-AGGAAGAGGCGGAGG	ZSC22_HUMAN.H11MO.0.C	1	0.00626544	4.81812	0.295472	15	AGGAAGAGGCGGAGG	GGTCTGAGGGAGGAGG	+
910-AGGAAGAGGCGGAGG	KLF1_HUMAN.H11MO.0.A	0	0.00670926	5.15942	0.302979	14	AGGAAGAGGCGGAGG	GGGGCGGGGCCGGG	+
910-AGGAAGAGGCGGAGG	KLF12_HUMAN.H11MO.0.C	-4	0.00685867	5.27432	0.302979	11	AGGAAGAGGCGGAGG	AGGGGCGGGGC	+
910-AGGAAGAGGCGGAGG	ETV5_HUMAN.H11MO.0.C	4	0.00703395	5.40911	0.302979	10	AGGAAGAGGCGGAGG	GAGCAGGAAGTGAG	+
910-AGGAAGAGGCGGAGG	ETS1_HUMAN.H11MO.0.A	4	0.00737081	5.66815	0.302979	9	AGGAAGAGGCGGAGG	AGACAGGAAGTGG	+
910-AGGAAGAGGCGGAGG	SPI1_HUMAN.H11MO.0.A	0	0.00742845	5.71248	0.302979	15	AGGAAGAGGCGGAGG	AAAAAGAGGAAGTGAAA	+
910-AGGAAGAGGCGGAGG	KLF6_HUMAN.H11MO.0.A	3	0.00787155	6.05322	0.304587	15	AGGAAGAGGCGGAGG	GGAAGGGCGGGGCCGGGGG	+
910-AGGAAGAGGCGGAGG	TBX15_HUMAN.H11MO.0.D	1	0.00787155	6.05322	0.304587	15	AGGAAGAGGCGGAGG	GGGGGGGGGGGGGTGGGGG	+
910-AGGAAGAGGCGGAGG	SP1_HUMAN.H11MO.1.A	-3	0.00888856	6.8353	0.321212	12	AGGAAGAGGCGGAGG	GGGGGGCGGGGCCG	+
910-AGGAAGAGGCGGAGG	ZN263_HUMAN.H11MO.1.A	-4	0.00892097	6.86023	0.321212	11	AGGAAGAGGCGGAGG	GAGGGAGGAGG	+
910-AGGAAGAGGCGGAGG	FLI1_HUMAN.H11MO.1.A	4	0.00893976	6.87468	0.321212	9	AGGAAGAGGCGGAGG	AGGCAGGAAGTGG	+
910-AGGAAGAGGCGGAGG	ETV4_HUMAN.H11MO.0.B	3	0.00989552	7.60966	0.341636	8	AGGAAGAGGCGGAGG	AACAGGAAGGG	+
910-AGGAAGAGGCGGAGG	ZN708_HUMAN.H11MO.1.D	0	0.00996096	7.65998	0.341636	9	AGGAAGAGGCGGAGG	AGGTACAGC	+
910-AGGAAGAGGCGGAGG	ETV6_HUMAN.H11MO.0.D	2	0.0132374	10.1795	0.44296	7	AGGAAGAGGCGGAGG	ACAGGAAGT	+
910-AGGAAGAGGCGGAGG	NKX25_HUMAN.H11MO.0.B	-1	0.0135023	10.3832	0.44296	8	AGGAAGAGGCGGAGG	TGGAGAGG	+
910-AGGAAGAGGCGGAGG	ZN341_HUMAN.H11MO.0.C	1	0.0146258	11.2472	0.461109	15	AGGAAGAGGCGGAGG	GGGGGGGGGGGGAGGGAAGAGC	+
910-AGGAAGAGGCGGAGG	KLF3_HUMAN.H11MO.0.B	0	0.0146666	11.2786	0.461109	15	AGGAAGAGGCGGAGG	GGGGAGGGGCGGGGCCGGG	+
910-AGGAAGAGGCGGAGG	Z324A_HUMAN.H11MO.0.C	0	0.015371	11.8203	0.473394	15	AGGAAGAGGCGGAGG	TGGCAGCAAAGGATGGTTTGATA	-
910-AGGAAGAGGCGGAGG	VEZF1_HUMAN.H11MO.1.C	0	0.0160255	12.3236	0.48368	12	AGGAAGAGGCGGAGG	AGGGGGAGGGGG	+
910-AGGAAGAGGCGGAGG	ZN322_HUMAN.H11MO.0.B	2	0.0166732	12.8217	0.493362	15	AGGAAGAGGCGGAGG	CCAGGCTCTGTACCAGGCTC	-
911-AGGAGGCGGGGGCG	SP1_HUMAN.H11MO.1.A	0	1.02935e-05	0.00791567	0.00678406	14	AGGAGGCGGGGGCG	GGGGGGCGGGGCCG	+
911-AGGAGGCGGGGGCG	ZN770_HUMAN.H11MO.0.C	0	1.10811e-05	0.00852137	0.00678406	14	AGGAGGCGGGGGCG	GGGAGGCTGAGGCGGGAGGATC	+
911-AGGAGGCGGGGGCG	SP2_HUMAN.H11MO.0.A	4	1.35727e-05	0.0104374	0.00678406	14	AGGAGGCGGGGGCG	GGGGGGGGGGCGGGGCCGGGGG	+
911-AGGAGGCGGGGGCG	SP2_HUMAN.H11MO.1.B	0	2.17896e-05	0.0167562	0.00816837	12	AGGAGGCGGGGGCG	AGGGGGCGGGGC	+
911-AGGAGGCGGGGGCG	WT1_HUMAN.H11MO.0.C	6	3.28095e-05	0.0252305	0.0085914	14	AGGAGGCGGGGGCG	GGGCGGGGGAGGAGGGGGGG	+
911-AGGAGGCGGGGGCG	SP4_HUMAN.H11MO.0.A	4	4.22884e-05	0.0325198	0.0085914	14	AGGAGGCGGGGGCG	GGGAAGGGGGCGGGGCCGGG	+
911-AGGAGGCGGGGGCG	TAF1_HUMAN.H11MO.0.A	1	4.93745e-05	0.037969	0.0085914	14	AGGAGGCGGGGGCG	AAGATGGCGGCGGCGG	+
911-AGGAGGCGGGGGCG	SP1_HUMAN.H11MO.0.A	0	5.3173e-05	0.0408901	0.0085914	14	AGGAGGCGGGGGCG	GGGGGGCGGGGCCGGGGGGGGG	+
911-AGGAGGCGGGGGCG	ZN263_HUMAN.H11MO.0.A	3	5.43316e-05	0.041781	0.0085914	14	AGGAGGCGGGGGCG	GGGAGGAGGGAGAGGAGGAG	+
911-AGGAGGCGGGGGCG	ZN770_HUMAN.H11MO.1.C	0	6.00086e-05	0.0461466	0.0085914	11	AGGAGGCGGGGGCG	GGGAGGCTGAG	+
911-AGGAGGCGGGGGCG	SP4_HUMAN.H11MO.1.A	2	6.30247e-05	0.048466	0.0085914	14	AGGAGGCGGGGGCG	GGAGGGGGCGGGGCCG	+
911-AGGAGGCGGGGGCG	KLF15_HUMAN.H11MO.0.A	4	7.29626e-05	0.0561082	0.00911727	14	AGGAGGCGGGGGCG	GGGGAGGAGCAGGGGGGGG	+
911-AGGAGGCGGGGGCG	SP3_HUMAN.H11MO.0.B	3	0.000127451	0.0980099	0.0145669	14	AGGAGGCGGGGGCG	GGGGGGGGGCGGGGCCGGGG	+
911-AGGAGGCGGGGGCG	EGR2_HUMAN.H11MO.0.A	1	0.000136003	0.104586	0.0145669	14	AGGAGGCGGGGGCG	GGGGGGGTGTGGGAGGGG	+
911-AGGAGGCGGGGGCG	EGR4_HUMAN.H11MO.0.D	-1	0.000192029	0.147671	0.0191965	11	AGGAGGCGGGGGCG	GGCGGCAGGGC	+
911-AGGAGGCGGGGGCG	EGR1_HUMAN.H11MO.0.A	-1	0.000269398	0.207167	0.0252476	13	AGGAGGCGGGGGCG	GAGGGCGTGGGCGGGGG	+
911-AGGAGGCGGGGGCG	PATZ1_HUMAN.H11MO.0.C	4	0.000403176	0.310043	0.0355343	14	AGGAGGCGGGGGCG	GGGGAGGGGGCGGGGGGGGAGG	+
911-AGGAGGCGGGGGCG	MAZ_HUMAN.H11MO.0.A	2	0.000426554	0.32802	0.0355343	14	AGGAGGCGGGGGCG	GGGGGAGGGGGGGGGGGGGGGG	+
911-AGGAGGCGGGGGCG	TBX15_HUMAN.H11MO.0.D	1	0.000725239	0.557708	0.0549024	14	AGGAGGCGGGGGCG	GGGGGGGGGGGGGTGGGGG	+
911-AGGAGGCGGGGGCG	ZN281_HUMAN.H11MO.0.A	0	0.000732278	0.563122	0.0549024	14	AGGAGGCGGGGGCG	GGGTGGGGGAGGGGA	+
911-AGGAGGCGGGGGCG	E2F4_HUMAN.H11MO.0.A	-1	0.000825996	0.635191	0.0562569	13	AGGAGGCGGGGGCG	GGGGGCGGGAAAT	+
911-AGGAGGCGGGGGCG	ZN467_HUMAN.H11MO.0.C	1	0.000827604	0.636428	0.0562569	14	AGGAGGCGGGGGCG	GGGGAGGGGAGGGGGGGGGGGG	+
911-AGGAGGCGGGGGCG	TFDP1_HUMAN.H11MO.0.C	0	0.000883835	0.679669	0.0562569	14	AGGAGGCGGGGGCG	GGGGGGCGGGAAAA	+
911-AGGAGGCGGGGGCG	EGR2_HUMAN.H11MO.1.A	-2	0.000900411	0.692416	0.0562569	12	AGGAGGCGGGGGCG	GGGGCGTGGGCGGGGG	+
911-AGGAGGCGGGGGCG	VEZF1_HUMAN.H11MO.0.C	8	0.00102657	0.789436	0.0604232	14	AGGAGGCGGGGGCG	GGGGAGGGGGGAGGGGGAGGGG	+
911-AGGAGGCGGGGGCG	KLF12_HUMAN.H11MO.0.C	-1	0.00104769	0.805671	0.0604232	11	AGGAGGCGGGGGCG	AGGGGCGGGGC	+
911-AGGAGGCGGGGGCG	MAZ_HUMAN.H11MO.1.A	-1	0.00117998	0.907406	0.0655326	11	AGGAGGCGGGGGCG	GAGGGAGGGGG	+
911-AGGAGGCGGGGGCG	ZN148_HUMAN.H11MO.0.D	1	0.00123838	0.952317	0.0663198	14	AGGAGGCGGGGGCG	GGGGTGGGGGAGGGG	+
911-AGGAGGCGGGGGCG	E2F1_HUMAN.H11MO.0.A	0	0.00174102	1.33885	0.087679	14	AGGAGGCGGGGGCG	GGGGGGCGGGAAAG	+
911-AGGAGGCGGGGGCG	E2F7_HUMAN.H11MO.0.B	-2	0.00175417	1.34896	0.087679	12	AGGAGGCGGGGGCG	GGGGCGGGAAAGG	+
911-AGGAGGCGGGGGCG	TBX1_HUMAN.H11MO.0.D	5	0.00211645	1.62755	0.102375	14	AGGAGGCGGGGGCG	GGGTGGGCAGGGGTGGGCGG	+
911-AGGAGGCGGGGGCG	KLF16_HUMAN.H11MO.0.D	-1	0.00240227	1.84734	0.107612	13	AGGAGGCGGGGGCG	GGGGGCGGGGGGGGGGGGG	+
911-AGGAGGCGGGGGCG	VEZF1_HUMAN.H11MO.1.C	0	0.00247022	1.8996	0.107612	12	AGGAGGCGGGGGCG	AGGGGGAGGGGG	+
911-AGGAGGCGGGGGCG	KLF9_HUMAN.H11MO.0.C	2	0.00251882	1.93698	0.107612	13	AGGAGGCGGGGGCG	GGAGGGGGCGTGGCC	+
911-AGGAGGCGGGGGCG	KLF3_HUMAN.H11MO.0.B	3	0.00252582	1.94236	0.107612	14	AGGAGGCGGGGGCG	GGGGAGGGGCGGGGCCGGG	+
911-AGGAGGCGGGGGCG	ZSC22_HUMAN.H11MO.0.C	4	0.0026325	2.02439	0.107612	12	AGGAGGCGGGGGCG	GGTCTGAGGGAGGAGG	+
911-AGGAGGCGGGGGCG	ZBT17_HUMAN.H11MO.0.A	5	0.00265532	2.04194	0.107612	14	AGGAGGCGGGGGCG	GAGGGTGGGGGAGGGGAAG	+
911-AGGAGGCGGGGGCG	KLF6_HUMAN.H11MO.0.A	1	0.00293319	2.25562	0.115745	14	AGGAGGCGGGGGCG	GGAAGGGCGGGGCCGGGGG	+
911-AGGAGGCGGGGGCG	ZFX_HUMAN.H11MO.1.A	5	0.00353063	2.71506	0.135748	12	AGGAGGCGGGGGCG	GGGGGCGGAGGCCGGGG	+
911-AGGAGGCGGGGGCG	ZN740_HUMAN.H11MO.0.D	-2	0.00426859	3.28254	0.159404	12	AGGAGGCGGGGGCG	GGGGGGGGGGTGGG	+
911-AGGAGGCGGGGGCG	AP2D_HUMAN.H11MO.0.D	0	0.00448036	3.4454	0.159404	14	AGGAGGCGGGGGCG	ACGCGCCTCGGGCG	-
911-AGGAGGCGGGGGCG	CTCFL_HUMAN.H11MO.0.A	6	0.00449514	3.45676	0.159404	11	AGGAGGCGGGGGCG	GCCGCCAGGGGGCGCCG	+
911-AGGAGGCGGGGGCG	KLF14_HUMAN.H11MO.0.D	1	0.00463145	3.56158	0.159404	12	AGGAGGCGGGGGCG	AGGGGGGCGTGGC	+
911-AGGAGGCGGGGGCG	KLF4_HUMAN.H11MO.0.A	-3	0.00481042	3.69921	0.159404	10	AGGAGGCGGGGGCG	AGGGTGTGGC	+
911-AGGAGGCGGGGGCG	ZN219_HUMAN.H11MO.0.D	-4	0.00489003	3.76043	0.159404	10	AGGAGGCGGGGGCG	GAGGGGGGCGGA	+
911-AGGAGGCGGGGGCG	KLF13_HUMAN.H11MO.0.D	-5	0.0051146	3.93313	0.163177	9	AGGAGGCGGGGGCG	AGGGGGGCGTG	+
911-AGGAGGCGGGGGCG	SALL4_HUMAN.H11MO.0.B	-1	0.00673612	5.18008	0.207991	10	AGGAGGCGGGGGCG	GGAGGGTGGG	+
911-AGGAGGCGGGGGCG	ZBTB4_HUMAN.H11MO.0.D	3	0.00687772	5.28897	0.207991	14	AGGAGGCGGGGGCG	CCTAGATGGCAGGTGGG	+
911-AGGAGGCGGGGGCG	FLI1_HUMAN.H11MO.0.A	6	0.00700599	5.38761	0.207991	12	AGGAGGCGGGGGCG	GGAGGAAGGAAGGAGGGA	+
911-AGGAGGCGGGGGCG	ZN320_HUMAN.H11MO.0.C	2	0.00718049	5.5218	0.207991	14	AGGAGGCGGGGGCG	GTGGGACCAGGGGGCCAGTG	+
911-AGGAGGCGGGGGCG	KLF1_HUMAN.H11MO.0.A	-2	0.00721276	5.54661	0.207991	12	AGGAGGCGGGGGCG	GGGGCGGGGCCGGG	+
911-AGGAGGCGGGGGCG	KLF5_HUMAN.H11MO.0.A	0	0.00755842	5.81242	0.213846	14	AGGAGGCGGGGGCG	AGGGTGGGGCTGGG	+
911-AGGAGGCGGGGGCG	ZN257_HUMAN.H11MO.0.C	-1	0.00770703	5.9267	0.214012	12	AGGAGGCGGGGGCG	AGAGGCAAGAGC	-
911-AGGAGGCGGGGGCG	E2F6_HUMAN.H11MO.0.A	-2	0.00791358	6.08554	0.215753	12	AGGAGGCGGGGGCG	GGGGCGGGAAGGG	+
911-AGGAGGCGGGGGCG	PURA_HUMAN.H11MO.0.D	0	0.00949457	7.30133	0.254234	14	AGGAGGCGGGGGCG	GGAAGGGGGGGGCAGGG	+
911-AGGAGGCGGGGGCG	PATZ1_HUMAN.H11MO.1.C	1	0.0109481	8.41909	0.284019	8	AGGAGGCGGGGGCG	AGGGAGGGG	+
911-AGGAGGCGGGGGCG	AP2B_HUMAN.H11MO.0.B	-4	0.0109858	8.44804	0.284019	10	AGGAGGCGGGGGCG	GCCCGGGGGC	+
911-AGGAGGCGGGGGCG	CTCF_HUMAN.H11MO.0.A	5	0.01212	9.32028	0.308032	14	AGGAGGCGGGGGCG	TGGCCACCAGGGGGCGCCA	+
911-AGGAGGCGGGGGCG	PROX1_HUMAN.H11MO.0.D	2	0.0130117	10.006	0.325185	14	AGGAGGCGGGGGCG	GGGTAAGGCGGGTTGGG	+
911-AGGAGGCGGGGGCG	ASCL1_HUMAN.H11MO.0.A	-1	0.014333	11.0221	0.352333	13	AGGAGGCGGGGGCG	GGGAGCAGGTGCAG	-
911-AGGAGGCGGGGGCG	HEN1_HUMAN.H11MO.0.C	1	0.0149135	11.4685	0.36069	14	AGGAGGCGGGGGCG	AGGGACGCAGCTGCTCCCCA	-
911-AGGAGGCGGGGGCG	CENPB_HUMAN.H11MO.0.D	5	0.0162235	12.4759	0.386145	12	AGGAGGCGGGGGCG	TTCGTACGATGCGGGTT	+
911-AGGAGGCGGGGGCG	ZN263_HUMAN.H11MO.1.A	2	0.0166561	12.8085	0.390246	9	AGGAGGCGGGGGCG	GAGGGAGGAGG	+
911-AGGAGGCGGGGGCG	INSM1_HUMAN.H11MO.0.C	4	0.0183385	14.1023	0.422945	8	AGGAGGCGGGGGCG	TGTCAGGGGGCA	+
911-AGGAGGCGGGGGCG	ZIC3_HUMAN.H11MO.0.B	4	0.0186158	14.3156	0.422945	11	AGGAGGCGGGGGCG	TCACAGCAGGGGGCC	-
911-AGGAGGCGGGGGCG	THAP1_HUMAN.H11MO.0.C	8	0.019037	14.6395	0.426059	14	AGGAGGCGGGGGCG	GCCCGCAGCCAAGATGGCGGCG	-
911-AGGAGGCGGGGGCG	SMAD3_HUMAN.H11MO.0.B	1	0.0201213	15.4733	0.439654	11	AGGAGGCGGGGGCG	CAGGTGACAGAG	-
911-AGGAGGCGGGGGCG	TBX3_HUMAN.H11MO.0.C	-1	0.0202309	15.5575	0.439654	11	AGGAGGCGGGGGCG	GGAGGTGGGAA	+
911-AGGAGGCGGGGGCG	ERG_HUMAN.H11MO.0.A	4	0.0208616	16.0426	0.446885	9	AGGAGGCGGGGGCG	GGGCAGGAAGTGG	+
911-AGGAGGCGGGGGCG	ZBTB6_HUMAN.H11MO.0.C	-1	0.0227953	17.5296	0.479772	13	AGGAGGCGGGGGCG	GGTGCTGGAGCCG	+
911-AGGAGGCGGGGGCG	WT1_HUMAN.H11MO.1.B	2	0.0233567	17.9613	0.479772	9	AGGAGGCGGGGGCG	GTGGGAGGAGG	+
911-AGGAGGCGGGGGCG	GCM2_HUMAN.H11MO.0.D	-2	0.0244924	18.8347	0.496302	11	AGGAGGCGGGGGCG	GATGCGGGTAT	+
913-AGGCGCCTGCGCAGA	NRF1_HUMAN.H11MO.0.A	1	9.96686e-07	0.000766451	0.0015329	15	AGGCGCCTGCGCAGA	CCTGCGCATGCGCAGTG	-
914-AGGGAGGAGGAACGC	PATZ1_HUMAN.H11MO.1.C	0	3.63294e-05	0.0279373	0.0340171	9	AGGGAGGAGGAACGC	AGGGAGGGG	+
914-AGGGAGGAGGAACGC	ZN263_HUMAN.H11MO.1.A	1	4.45355e-05	0.0342478	0.0340171	10	AGGGAGGAGGAACGC	GAGGGAGGAGG	+
914-AGGGAGGAGGAACGC	ZSC22_HUMAN.H11MO.0.C	6	9.78314e-05	0.0752323	0.0400173	10	AGGGAGGAGGAACGC	GGTCTGAGGGAGGAGG	+
914-AGGGAGGAGGAACGC	ZN263_HUMAN.H11MO.0.A	-1	0.000104782	0.0805774	0.0400173	14	AGGGAGGAGGAACGC	GGGAGGAGGGAGAGGAGGAG	+
914-AGGGAGGAGGAACGC	WT1_HUMAN.H11MO.1.B	1	0.00017073	0.131291	0.0521628	10	AGGGAGGAGGAACGC	GTGGGAGGAGG	+
914-AGGGAGGAGGAACGC	MAZ_HUMAN.H11MO.1.A	1	0.000332336	0.255566	0.0846148	10	AGGGAGGAGGAACGC	GAGGGAGGGGG	+
914-AGGGAGGAGGAACGC	ZN219_HUMAN.H11MO.0.D	1	0.000423221	0.325457	0.0923613	11	AGGGAGGAGGAACGC	GAGGGGGGCGGA	+
914-AGGGAGGAGGAACGC	KLF15_HUMAN.H11MO.0.A	0	0.000874899	0.672798	0.167066	15	AGGGAGGAGGAACGC	GGGGAGGAGCAGGGGGGGG	+
914-AGGGAGGAGGAACGC	ZN770_HUMAN.H11MO.0.C	9	0.00134946	1.03773	0.201114	13	AGGGAGGAGGAACGC	GGGAGGCTGAGGCGGGAGGATC	+
914-AGGGAGGAGGAACGC	ZN467_HUMAN.H11MO.0.C	0	0.00142062	1.09246	0.201114	15	AGGGAGGAGGAACGC	GGGGAGGGGAGGGGGGGGGGGG	+
914-AGGGAGGAGGAACGC	WT1_HUMAN.H11MO.0.C	5	0.00144815	1.11363	0.201114	15	AGGGAGGAGGAACGC	GGGCGGGGGAGGAGGGGGGG	+
914-AGGGAGGAGGAACGC	VEZF1_HUMAN.H11MO.0.C	7	0.00202679	1.5586	0.250417	15	AGGGAGGAGGAACGC	GGGGAGGGGGGAGGGGGAGGGG	+
914-AGGGAGGAGGAACGC	MAZ_HUMAN.H11MO.0.A	1	0.00213102	1.63875	0.250417	15	AGGGAGGAGGAACGC	GGGGGAGGGGGGGGGGGGGGGG	+
914-AGGGAGGAGGAACGC	VEZF1_HUMAN.H11MO.1.C	2	0.00297142	2.28503	0.324233	10	AGGGAGGAGGAACGC	AGGGGGAGGGGG	+
914-AGGGAGGAGGAACGC	ELF5_HUMAN.H11MO.0.A	-1	0.00323018	2.48401	0.32897	14	AGGGAGGAGGAACGC	GGAAGGAGGAAGTGG	+
914-AGGGAGGAGGAACGC	ZBT17_HUMAN.H11MO.0.A	1	0.00390925	3.00622	0.373245	15	AGGGAGGAGGAACGC	GAGGGTGGGGGAGGGGAAG	+
914-AGGGAGGAGGAACGC	KLF6_HUMAN.H11MO.0.A	3	0.00450713	3.46598	0.394847	15	AGGGAGGAGGAACGC	GGAAGGGCGGGGCCGGGGG	+
914-AGGGAGGAGGAACGC	FLI1_HUMAN.H11MO.0.A	2	0.00465244	3.57773	0.394847	15	AGGGAGGAGGAACGC	GGAGGAAGGAAGGAGGGA	+
914-AGGGAGGAGGAACGC	SP2_HUMAN.H11MO.1.B	-1	0.00589086	4.53007	0.463619	12	AGGGAGGAGGAACGC	AGGGGGCGGGGC	+
914-AGGGAGGAGGAACGC	ETV5_HUMAN.H11MO.0.C	-3	0.00606975	4.66764	0.463619	12	AGGGAGGAGGAACGC	GAGCAGGAAGTGAG	+
916-AGGGGTGGAAAATGG	NFAC2_HUMAN.H11MO.0.B	-5	0.000204286	0.157096	0.312281	9	AGGGGTGGAAAATGG	TGGAAAATT	+
916-AGGGGTGGAAAATGG	NFAC3_HUMAN.H11MO.0.B	-5	0.000586149	0.450749	0.335121	9	AGGGGTGGAAAATGG	TGGAAAACT	+
916-AGGGGTGGAAAATGG	NFAC1_HUMAN.H11MO.1.B	-3	0.000657684	0.505759	0.335121	10	AGGGGTGGAAAATGG	AATGGAAAAT	+
916-AGGGGTGGAAAATGG	ZN586_HUMAN.H11MO.0.C	6	0.00107268	0.824892	0.345798	14	AGGGGTGGAAAATGG	AGGCCTAGGAGGAAAAAATG	+
916-AGGGGTGGAAAATGG	E2F3_HUMAN.H11MO.0.A	0	0.00125711	0.96672	0.345798	11	AGGGGTGGAAAATGG	AGGGCGGGAAA	+
916-AGGGGTGGAAAATGG	TBR1_HUMAN.H11MO.0.D	2	0.00151278	1.16333	0.345798	11	AGGGGTGGAAAATGG	AAAGGTGTGAAAA	+
916-AGGGGTGGAAAATGG	E2F7_HUMAN.H11MO.0.B	-1	0.00168573	1.29633	0.345798	13	AGGGGTGGAAAATGG	GGGGCGGGAAAGG	+
916-AGGGGTGGAAAATGG	KLF15_HUMAN.H11MO.0.A	-1	0.0018097	1.39166	0.345798	14	AGGGGTGGAAAATGG	GGGGAGGAGCAGGGGGGGG	+
916-AGGGGTGGAAAATGG	ZIC1_HUMAN.H11MO.0.B	-1	0.00247792	1.90552	0.385289	9	AGGGGTGGAAAATGG	GGGGTGGTC	+
916-AGGGGTGGAAAATGG	NFAC4_HUMAN.H11MO.0.C	-5	0.00252046	1.93824	0.385289	10	AGGGGTGGAAAATGG	AGGAAAATTT	+
916-AGGGGTGGAAAATGG	TBX1_HUMAN.H11MO.0.D	8	0.00309505	2.3801	0.385611	12	AGGGGTGGAAAATGG	GGGTGGGCAGGGGTGGGCGG	+
916-AGGGGTGGAAAATGG	TBX3_HUMAN.H11MO.0.C	0	0.00320893	2.46767	0.385611	11	AGGGGTGGAAAATGG	GGAGGTGGGAA	+
916-AGGGGTGGAAAATGG	TBX4_HUMAN.H11MO.0.D	1	0.00341157	2.6235	0.385611	15	AGGGGTGGAAAATGG	AAGGTGTGAAATTTCACACC	+
916-AGGGGTGGAAAATGG	E2F6_HUMAN.H11MO.0.A	-1	0.00371076	2.85357	0.385611	13	AGGGGTGGAAAATGG	GGGGCGGGAAGGG	+
916-AGGGGTGGAAAATGG	KLF6_HUMAN.H11MO.0.A	2	0.00378385	2.90978	0.385611	15	AGGGGTGGAAAATGG	GGAAGGGCGGGGCCGGGGG	+
916-AGGGGTGGAAAATGG	NFAT5_HUMAN.H11MO.0.D	-3	0.00424898	3.26747	0.396725	11	AGGGGTGGAAAATGG	AGAGGAAAAGG	+
916-AGGGGTGGAAAATGG	TFDP1_HUMAN.H11MO.0.C	1	0.00441197	3.39281	0.396725	13	AGGGGTGGAAAATGG	GGGGGGCGGGAAAA	+
916-AGGGGTGGAAAATGG	SUH_HUMAN.H11MO.0.A	-1	0.00529735	4.07366	0.437839	11	AGGGGTGGAAAATGG	GGCGTGGGAAA	+
916-AGGGGTGGAAAATGG	ZN219_HUMAN.H11MO.0.D	3	0.00544204	4.18493	0.437839	9	AGGGGTGGAAAATGG	GAGGGGGGCGGA	+
917-AGGTGGGGCGAGGCG	KLF12_HUMAN.H11MO.0.C	-3	1.91247e-05	0.0147069	0.0214704	11	AGGTGGGGCGAGGCG	AGGGGCGGGGC	+
917-AGGTGGGGCGAGGCG	SP1_HUMAN.H11MO.1.A	-2	2.85017e-05	0.0219178	0.0214704	13	AGGTGGGGCGAGGCG	GGGGGGCGGGGCCG	+
917-AGGTGGGGCGAGGCG	SRBP2_HUMAN.H11MO.0.B	0	8.12903e-05	0.0625122	0.0408239	13	AGGTGGGGCGAGGCG	GGGTGGGGTGAGG	+
917-AGGTGGGGCGAGGCG	SP3_HUMAN.H11MO.0.B	1	0.000262664	0.201989	0.0506469	15	AGGTGGGGCGAGGCG	GGGGGGGGGCGGGGCCGGGG	+
917-AGGTGGGGCGAGGCG	ZN281_HUMAN.H11MO.0.A	-1	0.000281695	0.216623	0.0506469	14	AGGTGGGGCGAGGCG	GGGTGGGGGAGGGGA	+
917-AGGTGGGGCGAGGCG	KLF9_HUMAN.H11MO.0.C	0	0.000297635	0.228881	0.0506469	15	AGGTGGGGCGAGGCG	GGAGGGGGCGTGGCC	+
917-AGGTGGGGCGAGGCG	SP1_HUMAN.H11MO.0.A	3	0.00035451	0.272618	0.0506469	15	AGGTGGGGCGAGGCG	GGGGGGCGGGGCCGGGGGGGGG	+
917-AGGTGGGGCGAGGCG	SP2_HUMAN.H11MO.1.B	-2	0.000356209	0.273925	0.0506469	12	AGGTGGGGCGAGGCG	AGGGGGCGGGGC	+
917-AGGTGGGGCGAGGCG	ZN148_HUMAN.H11MO.0.D	0	0.000391033	0.300704	0.0506469	15	AGGTGGGGCGAGGCG	GGGGTGGGGGAGGGG	+
917-AGGTGGGGCGAGGCG	KLF3_HUMAN.H11MO.0.B	1	0.000392233	0.301628	0.0506469	15	AGGTGGGGCGAGGCG	GGGGAGGGGCGGGGCCGGG	+
917-AGGTGGGGCGAGGCG	KLF4_HUMAN.H11MO.0.A	-4	0.000412212	0.316991	0.0506469	10	AGGTGGGGCGAGGCG	AGGGTGTGGC	+
917-AGGTGGGGCGAGGCG	KLF16_HUMAN.H11MO.0.D	2	0.000414053	0.318407	0.0506469	15	AGGTGGGGCGAGGCG	GGGGGCGGGGGGGGGGGGG	+
917-AGGTGGGGCGAGGCG	KLF15_HUMAN.H11MO.0.A	1	0.000437017	0.336066	0.0506469	15	AGGTGGGGCGAGGCG	GGGGAGGAGCAGGGGGGGG	+
917-AGGTGGGGCGAGGCG	KLF14_HUMAN.H11MO.0.D	-1	0.000550654	0.423453	0.0559304	13	AGGTGGGGCGAGGCG	AGGGGGGCGTGGC	+
917-AGGTGGGGCGAGGCG	KLF5_HUMAN.H11MO.0.A	1	0.000574335	0.441663	0.0559304	13	AGGTGGGGCGAGGCG	AGGGTGGGGCTGGG	+
917-AGGTGGGGCGAGGCG	TBX1_HUMAN.H11MO.0.D	0	0.000593978	0.456769	0.0559304	15	AGGTGGGGCGAGGCG	GGGTGGGCAGGGGTGGGCGG	+
917-AGGTGGGGCGAGGCG	TBX15_HUMAN.H11MO.0.D	0	0.000634879	0.488222	0.0562652	15	AGGTGGGGCGAGGCG	GGGGGGGGGGGGGTGGGGG	+
917-AGGTGGGGCGAGGCG	SP2_HUMAN.H11MO.0.A	2	0.000679176	0.522286	0.056847	15	AGGTGGGGCGAGGCG	GGGGGGGGGGCGGGGCCGGGGG	+
917-AGGTGGGGCGAGGCG	SP4_HUMAN.H11MO.1.A	0	0.000789394	0.607044	0.0616726	15	AGGTGGGGCGAGGCG	GGAGGGGGCGGGGCCG	+
917-AGGTGGGGCGAGGCG	ZN219_HUMAN.H11MO.0.D	-2	0.000818699	0.62958	0.0616726	12	AGGTGGGGCGAGGCG	GAGGGGGGCGGA	+
917-AGGTGGGGCGAGGCG	KLF1_HUMAN.H11MO.0.A	1	0.00121307	0.932852	0.0852674	13	AGGTGGGGCGAGGCG	GGGGCGGGGCCGGG	+
917-AGGTGGGGCGAGGCG	KLF6_HUMAN.H11MO.0.A	4	0.00124511	0.95749	0.0852674	15	AGGTGGGGCGAGGCG	GGAAGGGCGGGGCCGGGGG	+
917-AGGTGGGGCGAGGCG	ZBT17_HUMAN.H11MO.0.A	1	0.00160236	1.23221	0.104344	15	AGGTGGGGCGAGGCG	GAGGGTGGGGGAGGGGAAG	+
917-AGGTGGGGCGAGGCG	SRBP1_HUMAN.H11MO.0.A	-1	0.00166219	1.27823	0.104344	11	AGGTGGGGCGAGGCG	GGTGGGGTGAG	+
917-AGGTGGGGCGAGGCG	WT1_HUMAN.H11MO.0.C	-1	0.00184455	1.41846	0.11116	14	AGGTGGGGCGAGGCG	GGGCGGGGGAGGAGGGGGGG	+
917-AGGTGGGGCGAGGCG	ZN320_HUMAN.H11MO.0.C	-2	0.00224877	1.72931	0.130308	13	AGGTGGGGCGAGGCG	GTGGGACCAGGGGGCCAGTG	+
917-AGGTGGGGCGAGGCG	MAZ_HUMAN.H11MO.0.A	2	0.00269973	2.07609	0.150645	15	AGGTGGGGCGAGGCG	GGGGGAGGGGGGGGGGGGGGGG	+
917-AGGTGGGGCGAGGCG	HEY2_HUMAN.H11MO.0.D	-1	0.00315066	2.42286	0.169528	14	AGGTGGGGCGAGGCG	GGGGGCACGTGGCATTA	+
917-AGGTGGGGCGAGGCG	MESP1_HUMAN.H11MO.0.D	2	0.00483252	3.71621	0.243663	9	AGGTGGGGCGAGGCG	GCAGGTGTGGA	+
917-AGGTGGGGCGAGGCG	SP4_HUMAN.H11MO.0.A	7	0.00485192	3.73113	0.243663	13	AGGTGGGGCGAGGCG	GGGAAGGGGGCGGGGCCGGG	+
917-AGGTGGGGCGAGGCG	GLIS1_HUMAN.H11MO.0.D	0	0.00537262	4.13154	0.252946	13	AGGTGGGGCGAGGCG	TCGTGGGGGGTCT	+
917-AGGTGGGGCGAGGCG	ZN449_HUMAN.H11MO.0.C	0	0.00538264	4.13925	0.252946	11	AGGTGGGGCGAGGCG	TGGTTGGGCTT	+
917-AGGTGGGGCGAGGCG	VEZF1_HUMAN.H11MO.0.C	1	0.00554045	4.2606	0.252946	15	AGGTGGGGCGAGGCG	GGGGAGGGGGGAGGGGGAGGGG	+
917-AGGTGGGGCGAGGCG	ZN770_HUMAN.H11MO.0.C	3	0.00580556	4.46447	0.257254	15	AGGTGGGGCGAGGCG	GGGAGGCTGAGGCGGGAGGATC	+
917-AGGTGGGGCGAGGCG	KLF13_HUMAN.H11MO.0.D	-1	0.0063174	4.85808	0.271937	11	AGGTGGGGCGAGGCG	AGGGGGGCGTG	+
917-AGGTGGGGCGAGGCG	ZN740_HUMAN.H11MO.0.D	2	0.00688594	5.29528	0.281361	12	AGGTGGGGCGAGGCG	GGGGGGGGGGTGGG	+
917-AGGTGGGGCGAGGCG	E2F2_HUMAN.H11MO.0.B	-4	0.00690984	5.31367	0.281361	10	AGGTGGGGCGAGGCG	GGCGCGAAAC	+
917-AGGTGGGGCGAGGCG	TBX5_HUMAN.H11MO.0.D	0	0.00745121	5.72998	0.295421	8	AGGTGGGGCGAGGCG	AGGTGTGA	+
917-AGGTGGGGCGAGGCG	MAZ_HUMAN.H11MO.1.A	-3	0.00779803	5.99669	0.300356	11	AGGTGGGGCGAGGCG	GAGGGAGGGGG	+
917-AGGTGGGGCGAGGCG	ZFX_HUMAN.H11MO.1.A	-2	0.00797442	6.13233	0.300356	13	AGGTGGGGCGAGGCG	GGGGGCGGAGGCCGGGG	+
917-AGGTGGGGCGAGGCG	SNAI1_HUMAN.H11MO.0.C	2	0.00843689	6.48797	0.310025	6	AGGTGGGGCGAGGCG	CCAGGTGG	+
917-AGGTGGGGCGAGGCG	EGR4_HUMAN.H11MO.0.D	-3	0.00911216	7.00725	0.321987	11	AGGTGGGGCGAGGCG	GGCGGCAGGGC	+
917-AGGTGGGGCGAGGCG	ZN467_HUMAN.H11MO.0.C	4	0.00918987	7.06701	0.321987	15	AGGTGGGGCGAGGCG	GGGGAGGGGAGGGGGGGGGGGG	+
917-AGGTGGGGCGAGGCG	ZN816_HUMAN.H11MO.1.C	-1	0.00997843	7.67341	0.338097	14	AGGTGGGGCGAGGCG	AAGGGGGACATGCA	+
917-AGGTGGGGCGAGGCG	ZSC22_HUMAN.H11MO.0.C	0	0.0100985	7.76573	0.338097	15	AGGTGGGGCGAGGCG	GGTCTGAGGGAGGAGG	+
917-AGGTGGGGCGAGGCG	WT1_HUMAN.H11MO.1.B	-2	0.0111829	8.59967	0.366265	11	AGGTGGGGCGAGGCG	GTGGGAGGAGG	+
917-AGGTGGGGCGAGGCG	EGR2_HUMAN.H11MO.0.A	3	0.0123924	9.52979	0.397244	15	AGGTGGGGCGAGGCG	GGGGGGGTGTGGGAGGGG	+
917-AGGTGGGGCGAGGCG	E2F6_HUMAN.H11MO.0.A	-2	0.0133156	10.2397	0.402234	13	AGGTGGGGCGAGGCG	GGGGCGGGAAGGG	+
917-AGGTGGGGCGAGGCG	PATZ1_HUMAN.H11MO.1.C	-4	0.0134621	10.3524	0.402234	9	AGGTGGGGCGAGGCG	AGGGAGGGG	+
917-AGGTGGGGCGAGGCG	PROX1_HUMAN.H11MO.0.D	0	0.0135508	10.4206	0.402234	15	AGGTGGGGCGAGGCG	GGGTAAGGCGGGTTGGG	+
917-AGGTGGGGCGAGGCG	TBX20_HUMAN.H11MO.0.D	0	0.0136965	10.5326	0.402234	14	AGGTGGGGCGAGGCG	AGGTGCTGACAGGT	+
917-AGGTGGGGCGAGGCG	SALL4_HUMAN.H11MO.0.B	-2	0.0139342	10.7154	0.402234	10	AGGTGGGGCGAGGCG	GGAGGGTGGG	+
917-AGGTGGGGCGAGGCG	PURA_HUMAN.H11MO.0.D	-1	0.01415	10.8814	0.402234	14	AGGTGGGGCGAGGCG	GGAAGGGGGGGGCAGGG	+
917-AGGTGGGGCGAGGCG	ZN263_HUMAN.H11MO.0.A	3	0.0149741	11.5151	0.417776	15	AGGTGGGGCGAGGCG	GGGAGGAGGGAGAGGAGGAG	+
917-AGGTGGGGCGAGGCG	GLIS3_HUMAN.H11MO.0.D	-2	0.0154673	11.8944	0.419683	10	AGGTGGGGCGAGGCG	GTGGGGGGTA	+
917-AGGTGGGGCGAGGCG	ZEP2_HUMAN.H11MO.0.D	-1	0.0156523	12.0366	0.419683	14	AGGTGGGGCGAGGCG	GGTAGGGAAACCCC	+
917-AGGTGGGGCGAGGCG	CEBPD_HUMAN.H11MO.0.C	-1	0.0158781	12.2103	0.419683	11	AGGTGGGGCGAGGCG	GGTTGTGCAAT	-
917-AGGTGGGGCGAGGCG	PATZ1_HUMAN.H11MO.0.C	1	0.0163312	12.5587	0.424216	15	AGGTGGGGCGAGGCG	GGGGAGGGGGCGGGGGGGGAGG	+
917-AGGTGGGGCGAGGCG	KAISO_HUMAN.H11MO.0.A	1	0.0172431	13.26	0.440313	14	AGGTGGGGCGAGGCG	CAAATCTCGCGAGAA	+
917-AGGTGGGGCGAGGCG	RORA_HUMAN.H11MO.0.C	0	0.0183257	14.0925	0.460158	13	AGGTGGGGCGAGGCG	AACTAGGTCAGGG	+
917-AGGTGGGGCGAGGCG	TFDP1_HUMAN.H11MO.0.C	0	0.0194926	14.9898	0.466977	14	AGGTGGGGCGAGGCG	GGGGGGCGGGAAAA	+
917-AGGTGGGGCGAGGCG	SMAD2_HUMAN.H11MO.0.A	-3	0.0196649	15.1223	0.466977	12	AGGTGGGGCGAGGCG	AGGTGACAGACA	-
917-AGGTGGGGCGAGGCG	EGR1_HUMAN.H11MO.0.A	3	0.019901	15.3039	0.466977	14	AGGTGGGGCGAGGCG	GAGGGCGTGGGCGGGGG	+
917-AGGTGGGGCGAGGCG	ID4_HUMAN.H11MO.0.D	3	0.0202714	15.5887	0.466977	8	AGGTGGGGCGAGGCG	GACAGGTGTAA	+
917-AGGTGGGGCGAGGCG	E2F1_HUMAN.H11MO.0.A	0	0.0203577	15.6551	0.466977	14	AGGTGGGGCGAGGCG	GGGGGGCGGGAAAG	+
917-AGGTGGGGCGAGGCG	MXI1_HUMAN.H11MO.0.A	2	0.020457	15.7314	0.466977	13	AGGTGGGGCGAGGCG	GCACGTGGCGGCGGG	+
919-ATACATCCAATCA	NFYC_HUMAN.H11MO.0.A	-2	0.00128015	0.984436	0.494104	11	ATACATCCAATCA	CTAGCCAATCAGAG	+
919-ATACATCCAATCA	ZNF8_HUMAN.H11MO.0.C	4	0.00135725	1.04372	0.494104	13	ATACATCCAATCA	TGTGGTATATCCATACAATGGA	+
919-ATACATCCAATCA	PBX3_HUMAN.H11MO.1.A	-4	0.0013573	1.04377	0.494104	9	ATACATCCAATCA	TGCCAATCA	-
919-ATACATCCAATCA	CEBPZ_HUMAN.H11MO.0.D	-4	0.00145359	1.11781	0.494104	9	ATACATCCAATCA	AGCCAATCAGC	-
919-ATACATCCAATCA	NFYB_HUMAN.H11MO.0.A	-3	0.00186471	1.43396	0.494104	10	ATACATCCAATCA	CAGCCAATCAGAG	+
919-ATACATCCAATCA	ZN410_HUMAN.H11MO.0.D	-2	0.00219456	1.68762	0.494104	11	ATACATCCAATCA	CCATCCCATAATA	-
919-ATACATCCAATCA	FOXI1_HUMAN.H11MO.0.B	-4	0.0022493	1.72971	0.494104	9	ATACATCCAATCA	GACCAATCAGAG	-
919-ATACATCCAATCA	NFYA_HUMAN.H11MO.0.A	-2	0.00259102	1.9925	0.498023	11	ATACATCCAATCA	TCAGCCAATCAGAA	+
927-ATGGAGCGGATTG	ZN502_HUMAN.H11MO.0.C	2	0.000225028	0.173046	0.346093	13	ATGGAGCGGATTG	GAATGGAATCGAATGGAATC	+
928-ATTCGAGAACGCT	HSF1_HUMAN.H11MO.1.A	0	0.000220022	0.169197	0.31465	9	ATTCGAGAACGCT	TTTCCAGAA	-
928-ATTCGAGAACGCT	HSF2_HUMAN.H11MO.0.A	-1	0.000409167	0.31465	0.31465	12	ATTCGAGAACGCT	TTCTAGAACATTCT	-
928-ATTCGAGAACGCT	HSF1_HUMAN.H11MO.0.A	-1	0.000758699	0.58344	0.345591	12	ATTCGAGAACGCT	TTCTAGAACCTTCCA	-
928-ATTCGAGAACGCT	HSF4_HUMAN.H11MO.0.D	-1	0.000898805	0.691181	0.345591	12	ATTCGAGAACGCT	TTCTAGAACGTTCTA	-
928-ATTCGAGAACGCT	HXB2_HUMAN.H11MO.0.D	-1	0.00132594	1.01965	0.407859	12	ATTCGAGAACGCT	TTCTAGAATGTTCTA	-
929-CAAAAGGGTGAA	ZN652_HUMAN.H11MO.0.D	-2	3.32474e-05	0.0255672	0.0511345	10	CAAAAGGGTGAA	AAAGGGTTAAT	+
929-CAAAAGGGTGAA	TBR1_HUMAN.H11MO.0.D	-1	0.000497678	0.382715	0.382715	11	CAAAAGGGTGAA	AAAGGTGTGAAAA	+
931-CAATGCCAGC	HIC2_HUMAN.H11MO.0.D	0	0.000214847	0.165218	0.329507	10	CAATGCCAGC	CCATGCCAGGC	+
932-CAGCCCCGCCCT	SP1_HUMAN.H11MO.1.A	0	8.9586e-07	0.000688917	0.000807163	12	CAGCCCCGCCCT	CGGCCCCGCCCCCC	-
932-CAGCCCCGCCCT	KLF12_HUMAN.H11MO.0.C	-2	1.07155e-06	0.000824023	0.000807163	10	CAGCCCCGCCCT	GCCCCGCCCCT	-
932-CAGCCCCGCCCT	SP1_HUMAN.H11MO.0.A	8	4.96414e-06	0.00381742	0.00203553	12	CAGCCCCGCCCT	CCCCCCCCCGGCCCCGCCCCCC	-
932-CAGCCCCGCCCT	KLF5_HUMAN.H11MO.0.A	2	6.00759e-06	0.00461984	0.00203553	12	CAGCCCCGCCCT	CCCAGCCCCACCCT	-
932-CAGCCCCGCCCT	KLF3_HUMAN.H11MO.0.B	2	7.41129e-06	0.00569928	0.00203553	12	CAGCCCCGCCCT	CCCGGCCCCGCCCCTCCCC	-
932-CAGCCCCGCCCT	KLF1_HUMAN.H11MO.0.A	2	8.10683e-06	0.00623415	0.00203553	12	CAGCCCCGCCCT	CCCGGCCCCGCCCC	-
932-CAGCCCCGCCCT	KLF6_HUMAN.H11MO.0.A	4	1.96703e-05	0.0151265	0.00397993	12	CAGCCCCGCCCT	CCCCCGGCCCCGCCCTTCC	-
932-CAGCCCCGCCCT	KLF4_HUMAN.H11MO.0.A	-2	2.11343e-05	0.0162522	0.00397993	10	CAGCCCCGCCCT	GCCACACCCT	-
932-CAGCCCCGCCCT	SP4_HUMAN.H11MO.1.A	0	2.4413e-05	0.0187736	0.00408655	12	CAGCCCCGCCCT	CGGCCCCGCCCCCTCC	-
932-CAGCCCCGCCCT	SP3_HUMAN.H11MO.0.B	3	2.93753e-05	0.0225896	0.00442549	12	CAGCCCCGCCCT	CCCCGGCCCCGCCCCCCCCC	-
932-CAGCCCCGCCCT	SP2_HUMAN.H11MO.0.A	4	4.72472e-05	0.0363331	0.00647085	12	CAGCCCCGCCCT	CCCCCGGCCCCGCCCCCCCCCC	-
932-CAGCCCCGCCCT	MAZ_HUMAN.H11MO.1.A	-2	5.30295e-05	0.0407797	0.00665756	10	CAGCCCCGCCCT	CCCCCTCCCTC	-
932-CAGCCCCGCCCT	SP2_HUMAN.H11MO.1.B	-2	7.01071e-05	0.0539124	0.00812452	10	CAGCCCCGCCCT	GCCCCGCCCCCT	-
932-CAGCCCCGCCCT	SP4_HUMAN.H11MO.0.A	2	8.96179e-05	0.0689161	0.00964373	12	CAGCCCCGCCCT	CCCGGCCCCGCCCCCTTCCC	-
932-CAGCCCCGCCCT	KLF16_HUMAN.H11MO.0.D	6	0.00021558	0.165781	0.0216519	12	CAGCCCCGCCCT	CCCCCCCCCCCCCGCCCCC	-
932-CAGCCCCGCCCT	PATZ1_HUMAN.H11MO.1.C	-3	0.000278033	0.213808	0.0261791	9	CAGCCCCGCCCT	CCCCTCCCT	-
932-CAGCCCCGCCCT	ZN449_HUMAN.H11MO.0.C	0	0.000321915	0.247553	0.028528	11	CAGCCCCGCCCT	AAGCCCAACCA	-
932-CAGCCCCGCCCT	KLF15_HUMAN.H11MO.0.A	7	0.000485643	0.373459	0.0406465	12	CAGCCCCGCCCT	CCCCCCCCTGCTCCTCCCC	-
932-CAGCCCCGCCCT	HEN1_HUMAN.H11MO.0.C	7	0.000540157	0.415381	0.0428297	12	CAGCCCCGCCCT	TGGGGAGCAGCTGCGTCCCT	+
932-CAGCCCCGCCCT	E2F4_HUMAN.H11MO.0.A	0	0.000605435	0.46558	0.0452536	12	CAGCCCCGCCCT	ATTTCCCGCCCCC	-
932-CAGCCCCGCCCT	TBX1_HUMAN.H11MO.0.D	5	0.000647762	0.498129	0.0452536	12	CAGCCCCGCCCT	CCGCCCACCCCTGCCCACCC	-
932-CAGCCCCGCCCT	KLF9_HUMAN.H11MO.0.C	-1	0.000660842	0.508187	0.0452536	11	CAGCCCCGCCCT	GGCCACGCCCCCTCC	-
932-CAGCCCCGCCCT	ZN219_HUMAN.H11MO.0.D	1	0.00105466	0.811034	0.0667528	11	CAGCCCCGCCCT	TCCGCCCCCCTC	-
932-CAGCCCCGCCCT	TFDP1_HUMAN.H11MO.0.C	0	0.00106341	0.817766	0.0667528	12	CAGCCCCGCCCT	TTTTCCCGCCCCCC	-
932-CAGCCCCGCCCT	ZN740_HUMAN.H11MO.0.D	1	0.00140918	1.08366	0.0849189	12	CAGCCCCGCCCT	CCCACCCCCCCCCC	-
932-CAGCCCCGCCCT	E2F1_HUMAN.H11MO.0.A	0	0.00175904	1.3527	0.0958336	12	CAGCCCCGCCCT	CTTTCCCGCCCCCC	-
932-CAGCCCCGCCCT	MAZ_HUMAN.H11MO.0.A	9	0.00176566	1.35779	0.0958336	12	CAGCCCCGCCCT	CCCCCCCCCCCCCCCCTCCCCC	-
932-CAGCCCCGCCCT	E2F7_HUMAN.H11MO.0.B	1	0.00178114	1.36969	0.0958336	12	CAGCCCCGCCCT	CCTTTCCCGCCCC	-
932-CAGCCCCGCCCT	E2F6_HUMAN.H11MO.0.A	1	0.00198748	1.52837	0.103248	12	CAGCCCCGCCCT	CCCTTCCCGCCCC	-
932-CAGCCCCGCCCT	EGR1_HUMAN.H11MO.0.A	4	0.00227523	1.74965	0.114257	12	CAGCCCCGCCCT	CCCCCGCCCACGCCCTC	-
932-CAGCCCCGCCCT	ZN331_HUMAN.H11MO.0.C	10	0.00273057	2.09981	0.132388	10	CAGCCCCGCCCT	CCACCCAGCTGAGCCCAGCC	-
932-CAGCCCCGCCCT	EGR4_HUMAN.H11MO.0.D	-2	0.00289455	2.22591	0.132388	10	CAGCCCCGCCCT	GCCCTGCCGCC	-
932-CAGCCCCGCCCT	KLF14_HUMAN.H11MO.0.D	-2	0.0028999	2.23002	0.132388	10	CAGCCCCGCCCT	GCCACGCCCCCCT	-
932-CAGCCCCGCCCT	WT1_HUMAN.H11MO.0.C	3	0.00358497	2.75684	0.155031	12	CAGCCCCGCCCT	CCCCCCCTCCTCCCCCGCCC	-
932-CAGCCCCGCCCT	ZN770_HUMAN.H11MO.0.C	7	0.0036414	2.80024	0.155031	12	CAGCCCCGCCCT	GATCCTCCCGCCTCAGCCTCCC	-
932-CAGCCCCGCCCT	ZN148_HUMAN.H11MO.0.D	3	0.00370461	2.84885	0.155031	12	CAGCCCCGCCCT	CCCCTCCCCCACCCC	-
932-CAGCCCCGCCCT	ZBT17_HUMAN.H11MO.0.A	0	0.00446078	3.43034	0.176374	12	CAGCCCCGCCCT	CTTCCCCTCCCCCACCCTC	-
932-CAGCCCCGCCCT	E2F3_HUMAN.H11MO.0.A	-1	0.00448005	3.44516	0.176374	11	CAGCCCCGCCCT	TTTCCCGCCCT	-
932-CAGCCCCGCCCT	ZN281_HUMAN.H11MO.0.A	-2	0.00456583	3.51113	0.176374	10	CAGCCCCGCCCT	TCCCCTCCCCCACCC	-
932-CAGCCCCGCCCT	ZN467_HUMAN.H11MO.0.C	10	0.005027	3.86577	0.187556	12	CAGCCCCGCCCT	CCCCCCCCCCCCTCCCCTCCCC	-
932-CAGCCCCGCCCT	TBX15_HUMAN.H11MO.0.D	8	0.00522347	4.01685	0.187556	11	CAGCCCCGCCCT	CCCCCACCCCCCCCCCCCC	-
932-CAGCCCCGCCCT	PATZ1_HUMAN.H11MO.0.C	9	0.00530084	4.07635	0.187556	12	CAGCCCCGCCCT	CCTCCCCCCCCGCCCCCTCCCC	-
932-CAGCCCCGCCCT	EGR2_HUMAN.H11MO.0.A	3	0.00545861	4.19767	0.187556	12	CAGCCCCGCCCT	CCCCTCCCACACCCCCCC	-
932-CAGCCCCGCCCT	SALL4_HUMAN.H11MO.0.B	-4	0.00547778	4.21241	0.187556	8	CAGCCCCGCCCT	CCCACCCTCC	-
932-CAGCCCCGCCCT	EGR2_HUMAN.H11MO.1.A	4	0.00568241	4.36978	0.188282	12	CAGCCCCGCCCT	CCCCCGCCCACGCCCC	-
932-CAGCCCCGCCCT	ZSC31_HUMAN.H11MO.0.C	0	0.00574893	4.42093	0.188282	12	CAGCCCCGCCCT	CATAACTGCCCTGCTGCC	-
932-CAGCCCCGCCCT	RREB1_HUMAN.H11MO.0.D	9	0.00589057	4.52985	0.188816	12	CAGCCCCGCCCT	ACCCCAAACCACCCCCCCCCCC	-
932-CAGCCCCGCCCT	ZSC22_HUMAN.H11MO.0.C	-2	0.00732673	5.63426	0.229957	10	CAGCCCCGCCCT	CCTCCTCCCTCAGACC	-
932-CAGCCCCGCCCT	TAF1_HUMAN.H11MO.0.A	1	0.00940284	7.23078	0.289096	12	CAGCCCCGCCCT	CCGCCGCCGCCATCTT	-
932-CAGCCCCGCCCT	PRDM4_HUMAN.H11MO.0.D	4	0.0120111	9.23654	0.354807	12	CAGCCCCGCCCT	TTTCAAGGCCCCCCAC	-
932-CAGCCCCGCCCT	ZBT7A_HUMAN.H11MO.0.A	0	0.0129136	9.93054	0.362402	9	CAGCCCCGCCCT	GAGACCCCC	-
932-CAGCCCCGCCCT	GLIS3_HUMAN.H11MO.0.D	-1	0.0129269	9.94081	0.362402	10	CAGCCCCGCCCT	TACCCCCCAC	-
932-CAGCCCCGCCCT	ZN263_HUMAN.H11MO.0.A	2	0.0129899	9.98924	0.362402	12	CAGCCCCGCCCT	CTCCTCCTCTCCCTCCTCCC	-
932-CAGCCCCGCCCT	TYY2_HUMAN.H11MO.0.D	-4	0.0146715	11.2824	0.401875	8	CAGCCCCGCCCT	GCCGCCATTTT	-
932-CAGCCCCGCCCT	PROX1_HUMAN.H11MO.0.D	1	0.0151809	11.6741	0.408403	12	CAGCCCCGCCCT	CCCAACCCGCCTTACCC	-
932-CAGCCCCGCCCT	VEZF1_HUMAN.H11MO.1.C	-2	0.0160445	12.3382	0.424063	10	CAGCCCCGCCCT	CCCCCTCCCCCT	-
932-CAGCCCCGCCCT	RARA_HUMAN.H11MO.1.A	-3	0.0167068	12.8476	0.431678	9	CAGCCCCGCCCT	CCCTGACCTT	-
932-CAGCCCCGCCCT	ZIC1_HUMAN.H11MO.0.B	-3	0.0169057	13.0005	0.431678	9	CAGCCCCGCCCT	GACCACCCC	-
932-CAGCCCCGCCCT	XBP1_HUMAN.H11MO.0.D	-2	0.0178444	13.7224	0.448053	10	CAGCCCCGCCCT	GCCACGTCAGC	-
932-CAGCCCCGCCCT	E2F4_HUMAN.H11MO.1.A	4	0.0190847	14.6761	0.47134	10	CAGCCCCGCCCT	TCAAATTTCCCGCC	-
932-CAGCCCCGCCCT	VEZF1_HUMAN.H11MO.0.C	3	0.0196393	15.1026	0.476543	12	CAGCCCCGCCCT	CCCCTCCCCCTCCCCCCTCCCC	-
932-CAGCCCCGCCCT	ZBTB4_HUMAN.H11MO.1.D	1	0.019928	15.3247	0.476543	12	CAGCCCCGCCCT	CCACCACCGCTATTG	-
932-CAGCCCCGCCCT	ARNT2_HUMAN.H11MO.0.D	2	0.0203162	15.6232	0.478234	10	CAGCCCCGCCCT	GCCTCCCACGCC	-
932-CAGCCCCGCCCT	ZIC4_HUMAN.H11MO.0.D	-1	0.020872	16.0506	0.481969	11	CAGCCCCGCCCT	GACCCCCCGCTGTGC	-
932-CAGCCCCGCCCT	ZFX_HUMAN.H11MO.1.A	-3	0.0211147	16.2372	0.481969	9	CAGCCCCGCCCT	CCCCGGCCTCCGCCCCC	-
935-CAGCTTTGACCAT	RXRG_HUMAN.H11MO.0.B	2	0.000293495	0.225698	0.401602	11	CAGCTTTGACCAT	GTGACCTTTGACC	-
935-CAGCTTTGACCAT	NR1H2_HUMAN.H11MO.0.D	4	0.000523484	0.402559	0.401602	13	CAGCTTTGACCAT	CGTTGACCTTTGACCTTTA	-
938-CATTCCATTTGATTC	ZN502_HUMAN.H11MO.0.C	0	4.60501e-08	3.54125e-05	7.06256e-05	15	CATTCCATTTGATTC	GATTCCATTCGATTCCATTC	-
938-CATTCCATTTGATTC	SMCA5_HUMAN.H11MO.0.C	0	1.82283e-06	0.00140175	0.00139781	15	CATTCCATTTGATTC	GATTCCATTCCATTC	-
938-CATTCCATTTGATTC	ZN582_HUMAN.H11MO.0.C	8	9.33586e-05	0.0717928	0.047727	15	CATTCCATTTGATTC	GTTGATTGCATTCGATTCCATTCG	-
938-CATTCCATTTGATTC	ZN394_HUMAN.H11MO.1.D	-1	0.000243532	0.187276	0.0933743	9	CATTCCATTTGATTC	ATTCCATTC	-
938-CATTCCATTTGATTC	PO2F1_HUMAN.H11MO.0.C	2	0.000422941	0.325242	0.12973	14	CATTCCATTTGATTC	TTATTTGCATTCGATT	-
938-CATTCCATTTGATTC	ZFP82_HUMAN.H11MO.0.C	-2	0.000931224	0.716112	0.21357	13	CATTCCATTTGATTC	TTCCATTTCACTAATTCTCTCTTC	+
938-CATTCCATTTGATTC	ZN394_HUMAN.H11MO.0.C	-1	0.000974782	0.749607	0.21357	14	CATTCCATTTGATTC	ATTCCATTCTATTCCATTCT	-
938-CATTCCATTTGATTC	FOXP3_HUMAN.H11MO.0.D	-5	0.00133077	1.02336	0.25512	9	CATTCCATTTGATTC	AATTTGTTT	+
938-CATTCCATTTGATTC	SOX8_HUMAN.H11MO.0.D	1	0.00194793	1.49796	0.296401	15	CATTCCATTTGATTC	TCACTGCAATTGATGC	+
938-CATTCCATTTGATTC	BATF3_HUMAN.H11MO.0.B	2	0.00202189	1.55483	0.296401	15	CATTCCATTTGATTC	CAGTTTCATTATGACTC	+
938-CATTCCATTTGATTC	PO3F2_HUMAN.H11MO.0.A	2	0.00212589	1.63481	0.296401	15	CATTCCATTTGATTC	TTCATGCATATTCATTC	+
939-CATTGGGGCAGGAAC	E2F3_HUMAN.H11MO.0.A	-4	0.000524994	0.40372	0.481309	11	CATTGGGGCAGGAAC	AGGGCGGGAAA	+
939-CATTGGGGCAGGAAC	NR1D1_HUMAN.H11MO.0.B	4	0.000639958	0.492128	0.481309	15	CATTGGGGCAGGAAC	AGGGAAGTGGGTCAGAAGG	+
939-CATTGGGGCAGGAAC	ZN257_HUMAN.H11MO.0.C	-3	0.00136106	1.04666	0.481309	12	CATTGGGGCAGGAAC	AGAGGCAAGAGC	-
939-CATTGGGGCAGGAAC	E2F7_HUMAN.H11MO.0.B	-4	0.00171393	1.31801	0.481309	11	CATTGGGGCAGGAAC	GGGGCGGGAAAGG	+
939-CATTGGGGCAGGAAC	TFDP1_HUMAN.H11MO.0.C	-2	0.00178592	1.37337	0.481309	13	CATTGGGGCAGGAAC	GGGGGGCGGGAAAA	+
939-CATTGGGGCAGGAAC	E2F4_HUMAN.H11MO.0.A	-3	0.00201182	1.54709	0.481309	12	CATTGGGGCAGGAAC	GGGGGCGGGAAAT	+
939-CATTGGGGCAGGAAC	E2F1_HUMAN.H11MO.0.A	-2	0.00219392	1.68713	0.481309	13	CATTGGGGCAGGAAC	GGGGGGCGGGAAAG	+
943-CCCCTCGCCCTG	ZN281_HUMAN.H11MO.0.A	1	1.49044e-05	0.0114615	0.0224701	12	CCCCTCGCCCTG	TCCCCTCCCCCACCC	-
943-CCCCTCGCCCTG	ZN148_HUMAN.H11MO.0.D	0	0.000171108	0.131582	0.128983	12	CCCCTCGCCCTG	CCCCTCCCCCACCCC	-
943-CCCCTCGCCCTG	SP1_HUMAN.H11MO.0.A	4	0.000371159	0.285421	0.145322	12	CCCCTCGCCCTG	CCCCCCCCCGGCCCCGCCCCCC	-
943-CCCCTCGCCCTG	MAZ_HUMAN.H11MO.1.A	1	0.000399613	0.307303	0.145322	10	CCCCTCGCCCTG	CCCCCTCCCTC	-
943-CCCCTCGCCCTG	KLF12_HUMAN.H11MO.0.C	-1	0.00048196	0.370627	0.145322	11	CCCCTCGCCCTG	GCCCCGCCCCT	-
943-CCCCTCGCCCTG	ZBT17_HUMAN.H11MO.0.A	3	0.00061587	0.473604	0.147475	12	CCCCTCGCCCTG	CTTCCCCTCCCCCACCCTC	-
943-CCCCTCGCCCTG	SP1_HUMAN.H11MO.1.A	3	0.000837181	0.643792	0.147475	11	CCCCTCGCCCTG	CGGCCCCGCCCCCC	-
943-CCCCTCGCCCTG	SP2_HUMAN.H11MO.1.B	1	0.000870662	0.669539	0.147475	11	CCCCTCGCCCTG	GCCCCGCCCCCT	-
943-CCCCTCGCCCTG	GLIS2_HUMAN.H11MO.0.D	2	0.000994204	0.764543	0.147475	12	CCCCTCGCCCTG	GACCCCCCGCGAAG	-
943-CCCCTCGCCCTG	KLF4_HUMAN.H11MO.0.A	-1	0.00101664	0.781794	0.147475	10	CCCCTCGCCCTG	GCCACACCCT	-
943-CCCCTCGCCCTG	PATZ1_HUMAN.H11MO.1.C	0	0.00111657	0.858646	0.147475	9	CCCCTCGCCCTG	CCCCTCCCT	-
943-CCCCTCGCCCTG	SP4_HUMAN.H11MO.1.A	3	0.00117637	0.904626	0.147475	12	CCCCTCGCCCTG	CGGCCCCGCCCCCTCC	-
943-CCCCTCGCCCTG	KLF16_HUMAN.H11MO.0.D	7	0.0013212	1.01601	0.147475	12	CCCCTCGCCCTG	CCCCCCCCCCCCCGCCCCC	-
943-CCCCTCGCCCTG	ZIC4_HUMAN.H11MO.0.D	2	0.00138153	1.06239	0.147475	12	CCCCTCGCCCTG	GACCCCCCGCTGTGC	-
943-CCCCTCGCCCTG	SP3_HUMAN.H11MO.0.B	6	0.0014673	1.12835	0.147475	12	CCCCTCGCCCTG	CCCCGGCCCCGCCCCCCCCC	-
943-CCCCTCGCCCTG	WT1_HUMAN.H11MO.0.C	6	0.00164449	1.26462	0.154954	12	CCCCTCGCCCTG	CCCCCCCTCCTCCCCCGCCC	-
943-CCCCTCGCCCTG	VEZF1_HUMAN.H11MO.1.C	1	0.00296733	2.28188	0.234459	11	CCCCTCGCCCTG	CCCCCTCCCCCT	-
943-CCCCTCGCCCTG	KLF6_HUMAN.H11MO.0.A	5	0.00305098	2.3462	0.234459	12	CCCCTCGCCCTG	CCCCCGGCCCCGCCCTTCC	-
943-CCCCTCGCCCTG	KLF8_HUMAN.H11MO.0.C	-3	0.00309609	2.3809	0.234459	9	CCCCTCGCCCTG	CACCCCCTG	-
943-CCCCTCGCCCTG	EGR1_HUMAN.H11MO.0.A	5	0.0031318	2.40835	0.234459	12	CCCCTCGCCCTG	CCCCCGCCCACGCCCTC	-
943-CCCCTCGCCCTG	KLF3_HUMAN.H11MO.0.B	3	0.0033995	2.61421	0.234459	12	CCCCTCGCCCTG	CCCGGCCCCGCCCCTCCCC	-
943-CCCCTCGCCCTG	KLF1_HUMAN.H11MO.0.A	3	0.00350673	2.69667	0.234459	11	CCCCTCGCCCTG	CCCGGCCCCGCCCC	-
943-CCCCTCGCCCTG	PLAG1_HUMAN.H11MO.0.D	0	0.00367583	2.82671	0.234459	12	CCCCTCGCCCTG	CCCCTCCTGATGCCCCC	-
943-CCCCTCGCCCTG	MAZ_HUMAN.H11MO.0.A	6	0.00383072	2.94582	0.234459	12	CCCCTCGCCCTG	CCCCCCCCCCCCCCCCTCCCCC	-
943-CCCCTCGCCCTG	ZBT7B_HUMAN.H11MO.0.D	0	0.00391847	3.0133	0.234459	12	CCCCTCGCCCTG	CCCGTTGCCATGGCAACGGCG	-
943-CCCCTCGCCCTG	SP2_HUMAN.H11MO.0.A	7	0.00404343	3.1094	0.234459	12	CCCCTCGCCCTG	CCCCCGGCCCCGCCCCCCCCCC	-
943-CCCCTCGCCCTG	EGR2_HUMAN.H11MO.0.A	0	0.00440478	3.38727	0.245116	12	CCCCTCGCCCTG	CCCCTCCCACACCCCCCC	-
943-CCCCTCGCCCTG	KLF5_HUMAN.H11MO.0.A	3	0.00455238	3.50078	0.245116	11	CCCCTCGCCCTG	CCCAGCCCCACCCT	-
943-CCCCTCGCCCTG	VEZF1_HUMAN.H11MO.0.C	6	0.00500909	3.85199	0.252037	12	CCCCTCGCCCTG	CCCCTCCCCCTCCCCCCTCCCC	-
943-CCCCTCGCCCTG	ZSC22_HUMAN.H11MO.0.C	1	0.00509106	3.91502	0.252037	12	CCCCTCGCCCTG	CCTCCTCCCTCAGACC	-
943-CCCCTCGCCCTG	SP4_HUMAN.H11MO.0.A	5	0.00518246	3.98531	0.252037	12	CCCCTCGCCCTG	CCCGGCCCCGCCCCCTTCCC	-
943-CCCCTCGCCCTG	GLIS3_HUMAN.H11MO.0.D	2	0.00561092	4.3148	0.260775	8	CCCCTCGCCCTG	TACCCCCCAC	-
943-CCCCTCGCCCTG	EGR4_HUMAN.H11MO.0.D	1	0.00570808	4.38951	0.260775	10	CCCCTCGCCCTG	GCCCTGCCGCC	-
943-CCCCTCGCCCTG	ZSC31_HUMAN.H11MO.0.C	1	0.00602165	4.63065	0.261135	12	CCCCTCGCCCTG	CATAACTGCCCTGCTGCC	-
943-CCCCTCGCCCTG	ZN586_HUMAN.H11MO.0.C	9	0.00606238	4.66197	0.261135	11	CCCCTCGCCCTG	CATTTTTTCCTCCTAGGCCT	-
943-CCCCTCGCCCTG	KLF9_HUMAN.H11MO.0.C	2	0.00681867	5.24356	0.279748	12	CCCCTCGCCCTG	GGCCACGCCCCCTCC	-
943-CCCCTCGCCCTG	ZN467_HUMAN.H11MO.0.C	13	0.00686559	5.27964	0.279748	9	CCCCTCGCCCTG	CCCCCCCCCCCCTCCCCTCCCC	-
943-CCCCTCGCCCTG	ZN320_HUMAN.H11MO.0.C	7	0.00707923	5.44393	0.280862	12	CCCCTCGCCCTG	CACTGGCCCCCTGGTCCCAC	-
943-CCCCTCGCCCTG	AP2B_HUMAN.H11MO.0.B	0	0.00779872	5.99722	0.301473	10	CCCCTCGCCCTG	GCCCCCGGGC	-
943-CCCCTCGCCCTG	ZN263_HUMAN.H11MO.0.A	3	0.00825216	6.34591	0.310273	12	CCCCTCGCCCTG	CTCCTCCTCTCCCTCCTCCC	-
943-CCCCTCGCCCTG	RFX1_HUMAN.H11MO.0.B	-1	0.00843795	6.48879	0.310273	11	CCCCTCGCCCTG	CCGTCGCCATGGCAACCGGGGC	-
943-CCCCTCGCCCTG	ZN770_HUMAN.H11MO.0.C	8	0.00887999	6.82871	0.318752	12	CCCCTCGCCCTG	GATCCTCCCGCCTCAGCCTCCC	-
943-CCCCTCGCCCTG	TBX1_HUMAN.H11MO.0.D	7	0.0100963	7.76407	0.353985	12	CCCCTCGCCCTG	CCGCCCACCCCTGCCCACCC	-
943-CCCCTCGCCCTG	E2F4_HUMAN.H11MO.0.A	1	0.0113203	8.70534	0.383166	12	CCCCTCGCCCTG	ATTTCCCGCCCCC	-
943-CCCCTCGCCCTG	WT1_HUMAN.H11MO.1.B	1	0.0117694	9.05066	0.383166	10	CCCCTCGCCCTG	CCTCCTCCCAC	-
943-CCCCTCGCCCTG	ZN219_HUMAN.H11MO.0.D	0	0.0118331	9.09964	0.383166	12	CCCCTCGCCCTG	TCCGCCCCCCTC	-
943-CCCCTCGCCCTG	SALL4_HUMAN.H11MO.0.B	-1	0.0119452	9.18588	0.383166	10	CCCCTCGCCCTG	CCCACCCTCC	-
943-CCCCTCGCCCTG	EGR2_HUMAN.H11MO.1.A	5	0.0131413	10.1056	0.409513	11	CCCCTCGCCCTG	CCCCCGCCCACGCCCC	-
943-CCCCTCGCCCTG	GLIS1_HUMAN.H11MO.0.D	3	0.0137254	10.5549	0.409513	10	CCCCTCGCCCTG	AGACCCCCCACGA	-
943-CCCCTCGCCCTG	ESR2_HUMAN.H11MO.0.A	4	0.0142289	10.942	0.409513	11	CCCCTCGCCCTG	AGGTCACCCTGACCT	+
943-CCCCTCGCCCTG	KLF15_HUMAN.H11MO.0.A	3	0.014243	10.9528	0.409513	12	CCCCTCGCCCTG	CCCCCCCCTGCTCCTCCCC	-
943-CCCCTCGCCCTG	PPARG_HUMAN.H11MO.0.A	3	0.0143869	11.0635	0.409513	12	CCCCTCGCCCTG	TGACCTTTGCCCCACTT	-
943-CCCCTCGCCCTG	E2F6_HUMAN.H11MO.0.A	2	0.0143964	11.0708	0.409513	11	CCCCTCGCCCTG	CCCTTCCCGCCCC	-
943-CCCCTCGCCCTG	KLF14_HUMAN.H11MO.0.D	-1	0.0150975	11.61	0.421503	11	CCCCTCGCCCTG	GCCACGCCCCCCT	-
943-CCCCTCGCCCTG	TBX15_HUMAN.H11MO.0.D	6	0.0164578	12.6561	0.451128	12	CCCCTCGCCCTG	CCCCCACCCCCCCCCCCCC	-
943-CCCCTCGCCCTG	RFX2_HUMAN.H11MO.0.A	-1	0.0170404	13.104	0.458755	11	CCCCTCGCCCTG	CCGTTGCCATGGCAACCG	-
943-CCCCTCGCCCTG	ZFX_HUMAN.H11MO.1.A	-2	0.0174054	13.3847	0.460362	10	CCCCTCGCCCTG	CCCCGGCCTCCGCCCCC	-
943-CCCCTCGCCCTG	E2F1_HUMAN.H11MO.0.A	1	0.018912	14.5433	0.491586	12	CCCCTCGCCCTG	CTTTCCCGCCCCCC	-
943-CCCCTCGCCCTG	PATZ1_HUMAN.H11MO.0.C	7	0.0195699	15.0493	0.497779	12	CCCCTCGCCCTG	CCTCCCCCCCCGCCCCCTCCCC	-
943-CCCCTCGCCCTG	PPARD_HUMAN.H11MO.0.D	2	0.0198106	15.2344	0.497779	12	CCCCTCGCCCTG	TGACCTTTGTCCTA	-
944-CCCCTTACC	INSM1_HUMAN.H11MO.0.C	3	0.000258806	0.199022	0.398044	9	CCCCTTACC	TGCCCCCTGACA	-
944-CCCCTTACC	TBX1_HUMAN.H11MO.0.D	7	0.000541378	0.416319	0.416319	9	CCCCTTACC	CCGCCCACCCCTGCCCACCC	-
945-CCCGCGCGCGCCCCC	KLF16_HUMAN.H11MO.0.D	4	2.60216e-05	0.0200106	0.0287143	15	CCCGCGCGCGCCCCC	CCCCCCCCCCCCCGCCCCC	-
945-CCCGCGCGCGCCCCC	ZBT14_HUMAN.H11MO.0.C	-5	5.04799e-05	0.0388191	0.0287143	9	CCCGCGCGCGCCCCC	GCGCGCTCC	-
945-CCCGCGCGCGCCCCC	SP1_HUMAN.H11MO.0.A	6	5.99368e-05	0.0460914	0.0287143	15	CCCGCGCGCGCCCCC	CCCCCCCCCGGCCCCGCCCCCC	-
945-CCCGCGCGCGCCCCC	TBX15_HUMAN.H11MO.0.D	2	7.64674e-05	0.0588035	0.0287143	15	CCCGCGCGCGCCCCC	CCCCCACCCCCCCCCCCCC	-
945-CCCGCGCGCGCCCCC	SP2_HUMAN.H11MO.0.A	2	0.000101921	0.0783776	0.030618	15	CCCGCGCGCGCCCCC	CCCCCGGCCCCGCCCCCCCCCC	-
945-CCCGCGCGCGCCCCC	SP1_HUMAN.H11MO.1.A	-2	0.000320994	0.246844	0.0544753	13	CCCGCGCGCGCCCCC	CGGCCCCGCCCCCC	-
945-CCCGCGCGCGCCCCC	SP3_HUMAN.H11MO.0.B	1	0.000325149	0.250039	0.0544753	15	CCCGCGCGCGCCCCC	CCCCGGCCCCGCCCCCCCCC	-
945-CCCGCGCGCGCCCCC	EGR2_HUMAN.H11MO.0.A	1	0.000326408	0.251007	0.0544753	15	CCCGCGCGCGCCCCC	CCCCTCCCACACCCCCCC	-
945-CCCGCGCGCGCCCCC	EGR1_HUMAN.H11MO.0.A	2	0.000366232	0.281632	0.0550095	15	CCCGCGCGCGCCCCC	CCCCCGCCCACGCCCTC	-
945-CCCGCGCGCGCCCCC	TBX1_HUMAN.H11MO.0.D	3	0.000586156	0.450754	0.0800392	15	CCCGCGCGCGCCCCC	CCGCCCACCCCTGCCCACCC	-
945-CCCGCGCGCGCCCCC	KLF1_HUMAN.H11MO.0.A	0	0.000653655	0.502661	0.0818181	14	CCCGCGCGCGCCCCC	CCCGGCCCCGCCCC	-
945-CCCGCGCGCGCCCCC	EGR2_HUMAN.H11MO.1.A	2	0.000995205	0.765313	0.114988	14	CCCGCGCGCGCCCCC	CCCCCGCCCACGCCCC	-
945-CCCGCGCGCGCCCCC	PATZ1_HUMAN.H11MO.0.C	2	0.00124972	0.961037	0.123439	15	CCCGCGCGCGCCCCC	CCTCCCCCCCCGCCCCCTCCCC	-
945-CCCGCGCGCGCCCCC	ZN148_HUMAN.H11MO.0.D	1	0.00126705	0.974359	0.123439	14	CCCGCGCGCGCCCCC	CCCCTCCCCCACCCC	-
945-CCCGCGCGCGCCCCC	MAZ_HUMAN.H11MO.0.A	7	0.00131489	1.01115	0.123439	15	CCCGCGCGCGCCCCC	CCCCCCCCCCCCCCCCTCCCCC	-
945-CCCGCGCGCGCCCCC	KLF13_HUMAN.H11MO.0.D	-6	0.00147593	1.13499	0.130406	9	CCCGCGCGCGCCCCC	CACGCCCCCCT	-
945-CCCGCGCGCGCCCCC	WT1_HUMAN.H11MO.0.C	1	0.00189455	1.45691	0.143313	15	CCCGCGCGCGCCCCC	CCCCCCCTCCTCCCCCGCCC	-
945-CCCGCGCGCGCCCCC	KLF15_HUMAN.H11MO.0.A	2	0.00190825	1.46744	0.143313	15	CCCGCGCGCGCCCCC	CCCCCCCCTGCTCCTCCCC	-
945-CCCGCGCGCGCCCCC	KLF6_HUMAN.H11MO.0.A	2	0.00190825	1.46744	0.143313	15	CCCGCGCGCGCCCCC	CCCCCGGCCCCGCCCTTCC	-
945-CCCGCGCGCGCCCCC	KLF14_HUMAN.H11MO.0.D	-4	0.00216513	1.66499	0.154863	11	CCCGCGCGCGCCCCC	GCCACGCCCCCCT	-
945-CCCGCGCGCGCCCCC	KLF3_HUMAN.H11MO.0.B	0	0.00231989	1.78399	0.15698	15	CCCGCGCGCGCCCCC	CCCGGCCCCGCCCCTCCCC	-
945-CCCGCGCGCGCCCCC	PLAG1_HUMAN.H11MO.0.D	1	0.00240376	1.84849	0.15698	15	CCCGCGCGCGCCCCC	CCCCTCCTGATGCCCCC	-
945-CCCGCGCGCGCCCCC	ZN770_HUMAN.H11MO.0.C	6	0.00263742	2.02818	0.160184	15	CCCGCGCGCGCCCCC	GATCCTCCCGCCTCAGCCTCCC	-
945-CCCGCGCGCGCCCCC	SP4_HUMAN.H11MO.0.A	0	0.00266611	2.05024	0.160184	15	CCCGCGCGCGCCCCC	CCCGGCCCCGCCCCCTTCCC	-
945-CCCGCGCGCGCCCCC	CTCFL_HUMAN.H11MO.0.A	-5	0.00320233	2.46259	0.179231	10	CCCGCGCGCGCCCCC	CGGCGCCCCCTGGCGGC	-
945-CCCGCGCGCGCCCCC	KLF9_HUMAN.H11MO.0.C	-3	0.00322178	2.47755	0.179231	12	CCCGCGCGCGCCCCC	GGCCACGCCCCCTCC	-
945-CCCGCGCGCGCCCCC	ZBT17_HUMAN.H11MO.0.A	4	0.00340536	2.61872	0.182678	15	CCCGCGCGCGCCCCC	CTTCCCCTCCCCCACCCTC	-
945-CCCGCGCGCGCCCCC	ZN816_HUMAN.H11MO.0.C	-1	0.00364723	2.80472	0.187343	14	CCCGCGCGCGCCCCC	CCCTGCATGTCCCCCTTTTTT	-
945-CCCGCGCGCGCCCCC	PLAL1_HUMAN.H11MO.0.D	-7	0.00384659	2.95803	0.187343	8	CCCGCGCGCGCCCCC	GGGCCCCCCG	-
945-CCCGCGCGCGCCCCC	NRF1_HUMAN.H11MO.0.A	0	0.00386648	2.97333	0.187343	15	CCCGCGCGCGCCCCC	CCTGCGCATGCGCAGTG	-
945-CCCGCGCGCGCCCCC	VEZF1_HUMAN.H11MO.0.C	1	0.00426048	3.27631	0.199982	15	CCCGCGCGCGCCCCC	CCCCTCCCCCTCCCCCCTCCCC	-
945-CCCGCGCGCGCCCCC	HEY2_HUMAN.H11MO.0.D	2	0.00465812	3.58209	0.212021	15	CCCGCGCGCGCCCCC	TAATGCCACGTGCCCCC	-
945-CCCGCGCGCGCCCCC	AP2B_HUMAN.H11MO.0.B	1	0.00540716	4.1581	0.235639	9	CCCGCGCGCGCCCCC	GCCCCCGGGC	-
945-CCCGCGCGCGCCCCC	SP2_HUMAN.H11MO.1.B	-4	0.00549078	4.22241	0.235639	11	CCCGCGCGCGCCCCC	GCCCCGCCCCCT	-
945-CCCGCGCGCGCCCCC	ZN740_HUMAN.H11MO.0.D	-4	0.00570775	4.38926	0.238147	11	CCCGCGCGCGCCCCC	CCCACCCCCCCCCC	-
945-CCCGCGCGCGCCCCC	KLF5_HUMAN.H11MO.0.A	0	0.00598315	4.60104	0.24289	14	CCCGCGCGCGCCCCC	CCCAGCCCCACCCT	-
945-CCCGCGCGCGCCCCC	ZN467_HUMAN.H11MO.0.C	2	0.00618811	4.75865	0.243243	15	CCCGCGCGCGCCCCC	CCCCCCCCCCCCTCCCCTCCCC	-
945-CCCGCGCGCGCCCCC	ZN320_HUMAN.H11MO.0.C	6	0.00650534	5.0026	0.243243	14	CCCGCGCGCGCCCCC	CACTGGCCCCCTGGTCCCAC	-
945-CCCGCGCGCGCCCCC	E2F4_HUMAN.H11MO.0.A	-2	0.00651519	5.01018	0.243243	13	CCCGCGCGCGCCCCC	ATTTCCCGCCCCC	-
945-CCCGCGCGCGCCCCC	ZN341_HUMAN.H11MO.0.C	6	0.00678355	5.21655	0.243243	15	CCCGCGCGCGCCCCC	GCTCTTCCCTCCCCCCCCCCCC	-
945-CCCGCGCGCGCCCCC	KAISO_HUMAN.H11MO.0.A	0	0.00680155	5.23039	0.243243	15	CCCGCGCGCGCCCCC	TTCTCGCGAGATTTG	-
945-CCCGCGCGCGCCCCC	ZN263_HUMAN.H11MO.0.A	4	0.00712451	5.47875	0.24864	15	CCCGCGCGCGCCCCC	CTCCTCCTCTCCCTCCTCCC	-
945-CCCGCGCGCGCCCCC	ZBT7A_HUMAN.H11MO.0.A	-7	0.00738433	5.67855	0.24864	8	CCCGCGCGCGCCCCC	GAGACCCCC	-
945-CCCGCGCGCGCCCCC	ZN281_HUMAN.H11MO.0.A	0	0.00744906	5.72833	0.24864	15	CCCGCGCGCGCCCCC	TCCCCTCCCCCACCC	-
945-CCCGCGCGCGCCCCC	E2F7_HUMAN.H11MO.0.B	-1	0.00999728	7.68791	0.32474	13	CCCGCGCGCGCCCCC	CCTTTCCCGCCCC	-
945-CCCGCGCGCGCCCCC	KLF12_HUMAN.H11MO.0.C	-4	0.0104422	8.03004	0.32474	11	CCCGCGCGCGCCCCC	GCCCCGCCCCT	-
945-CCCGCGCGCGCCCCC	E2F6_HUMAN.H11MO.0.A	-1	0.010476	8.05603	0.32474	13	CCCGCGCGCGCCCCC	CCCTTCCCGCCCC	-
945-CCCGCGCGCGCCCCC	SP4_HUMAN.H11MO.1.A	-2	0.0105937	8.14659	0.32474	13	CCCGCGCGCGCCCCC	CGGCCCCGCCCCCTCC	-
945-CCCGCGCGCGCCCCC	HES7_HUMAN.H11MO.0.D	-1	0.0109884	8.45005	0.330099	12	CCCGCGCGCGCCCCC	CGGCACGTGCCA	-
945-CCCGCGCGCGCCCCC	E2F1_HUMAN.H11MO.0.A	4	0.0136279	10.4799	0.38622	10	CCCGCGCGCGCCCCC	CTTTCCCGCCCCCC	-
945-CCCGCGCGCGCCCCC	HES5_HUMAN.H11MO.0.D	-1	0.0139587	10.7342	0.388269	12	CCCGCGCGCGCCCCC	CGGCACGTGCCA	-
945-CCCGCGCGCGCCCCC	INSM1_HUMAN.H11MO.0.C	-8	0.0153415	11.7976	0.403495	7	CCCGCGCGCGCCCCC	TGCCCCCTGACA	-
945-CCCGCGCGCGCCCCC	TFDP1_HUMAN.H11MO.0.C	-2	0.0155597	11.9654	0.403495	13	CCCGCGCGCGCCCCC	TTTTCCCGCCCCCC	-
945-CCCGCGCGCGCCCCC	MXI1_HUMAN.H11MO.1.A	0	0.0155628	11.9678	0.403495	11	CCCGCGCGCGCCCCC	CCCACGTGCTC	+
945-CCCGCGCGCGCCCCC	HES1_HUMAN.H11MO.0.D	0	0.0158437	12.1838	0.403495	13	CCCGCGCGCGCCCCC	CCGCCACGAGCCC	+
945-CCCGCGCGCGCCCCC	MAX_HUMAN.H11MO.0.A	-1	0.0158493	12.1881	0.403495	10	CCCGCGCGCGCCCCC	CCACGTGCTC	-
945-CCCGCGCGCGCCCCC	AP2D_HUMAN.H11MO.0.D	-5	0.0169848	13.0613	0.415749	10	CCCGCGCGCGCCCCC	ACGCGCCTCGGGCG	-
945-CCCGCGCGCGCCCCC	MAZ_HUMAN.H11MO.1.A	-4	0.017161	13.1968	0.415749	11	CCCGCGCGCGCCCCC	CCCCCTCCCTC	-
945-CCCGCGCGCGCCCCC	PURA_HUMAN.H11MO.0.D	1	0.0175608	13.5043	0.418684	15	CCCGCGCGCGCCCCC	CCCTGCCCCCCCCTTCC	-
945-CCCGCGCGCGCCCCC	ZIC1_HUMAN.H11MO.0.B	-5	0.0190539	14.6524	0.442341	9	CCCGCGCGCGCCCCC	GACCACCCC	-
945-CCCGCGCGCGCCCCC	ZN219_HUMAN.H11MO.0.D	-6	0.019368	14.894	0.442341	9	CCCGCGCGCGCCCCC	TCCGCCCCCCTC	-
945-CCCGCGCGCGCCCCC	SALL4_HUMAN.H11MO.0.B	-6	0.0194365	14.9467	0.442341	9	CCCGCGCGCGCCCCC	CCCACCCTCC	-
945-CCCGCGCGCGCCCCC	MYCN_HUMAN.H11MO.0.A	-1	0.0222273	17.0928	0.48386	12	CCCGCGCGCGCCCCC	GCCCACGTGGCC	-
946-CCCGCGCGGCCCCGC	SP1_HUMAN.H11MO.0.A	2	4.92074e-07	0.000378405	0.000746354	15	CCCGCGCGGCCCCGC	CCCCCCCCCGGCCCCGCCCCCC	-
946-CCCGCGCGGCCCCGC	SP1_HUMAN.H11MO.1.A	-1	0.000182308	0.140195	0.112238	14	CCCGCGCGGCCCCGC	CGGCCCCGCCCCCC	-
946-CCCGCGCGGCCCCGC	KLF16_HUMAN.H11MO.0.D	0	0.000251184	0.19316	0.112238	15	CCCGCGCGGCCCCGC	CCCCCCCCCCCCCGCCCCC	-
946-CCCGCGCGGCCCCGC	TBX15_HUMAN.H11MO.0.D	2	0.000295995	0.22762	0.112238	15	CCCGCGCGGCCCCGC	CCCCCACCCCCCCCCCCCC	-
946-CCCGCGCGGCCCCGC	KLF15_HUMAN.H11MO.0.A	1	0.000409308	0.314758	0.122604	15	CCCGCGCGGCCCCGC	CCCCCCCCTGCTCCTCCCC	-
946-CCCGCGCGGCCCCGC	SP2_HUMAN.H11MO.0.A	-2	0.0004877	0.375041	0.122604	13	CCCGCGCGGCCCCGC	CCCCCGGCCCCGCCCCCCCCCC	-
946-CCCGCGCGGCCCCGC	KLF12_HUMAN.H11MO.0.C	-3	0.000565831	0.435124	0.122604	11	CCCGCGCGGCCCCGC	GCCCCGCCCCT	-
946-CCCGCGCGGCCCCGC	SP3_HUMAN.H11MO.0.B	2	0.000651149	0.500734	0.123454	15	CCCGCGCGGCCCCGC	CCCCGGCCCCGCCCCCCCCC	-
946-CCCGCGCGGCCCCGC	KLF1_HUMAN.H11MO.0.A	-4	0.000899477	0.691698	0.151587	11	CCCGCGCGGCCCCGC	CCCGGCCCCGCCCC	-
946-CCCGCGCGGCCCCGC	ZN331_HUMAN.H11MO.0.C	4	0.00109167	0.839493	0.165579	15	CCCGCGCGGCCCCGC	CCACCCAGCTGAGCCCAGCC	-
946-CCCGCGCGGCCCCGC	TBX1_HUMAN.H11MO.0.D	3	0.00127102	0.977413	0.175256	15	CCCGCGCGGCCCCGC	CCGCCCACCCCTGCCCACCC	-
946-CCCGCGCGGCCCCGC	KLF3_HUMAN.H11MO.0.B	1	0.00156605	1.20429	0.197943	15	CCCGCGCGGCCCCGC	CCCGGCCCCGCCCCTCCCC	-
946-CCCGCGCGGCCCCGC	PLAL1_HUMAN.H11MO.0.D	-2	0.00201461	1.54924	0.235051	10	CCCGCGCGGCCCCGC	CGGGGGGCCC	+
946-CCCGCGCGGCCCCGC	ZN320_HUMAN.H11MO.0.C	5	0.00230498	1.77253	0.242456	15	CCCGCGCGGCCCCGC	CACTGGCCCCCTGGTCCCAC	-
946-CCCGCGCGGCCCCGC	KLF6_HUMAN.H11MO.0.A	3	0.0025557	1.96534	0.242456	15	CCCGCGCGGCCCCGC	CCCCCGGCCCCGCCCTTCC	-
946-CCCGCGCGGCCCCGC	ZBT14_HUMAN.H11MO.0.C	-3	0.00318586	2.44992	0.284244	9	CCCGCGCGGCCCCGC	GCGCGCTCC	-
946-CCCGCGCGGCCCCGC	ZN554_HUMAN.H11MO.0.C	5	0.00355322	2.73243	0.293895	15	CCCGCGCGGCCCCGC	AGCACCCCACATGGCTCAGC	-
946-CCCGCGCGGCCCCGC	PATZ1_HUMAN.H11MO.0.C	4	0.00369519	2.8416	0.293895	15	CCCGCGCGGCCCCGC	CCTCCCCCCCCGCCCCCTCCCC	-
946-CCCGCGCGGCCCCGC	MAZ_HUMAN.H11MO.0.A	3	0.00387532	2.98012	0.293895	15	CCCGCGCGGCCCCGC	CCCCCCCCCCCCCCCCTCCCCC	-
946-CCCGCGCGGCCCCGC	ZN816_HUMAN.H11MO.0.C	1	0.00483842	3.72075	0.3245	15	CCCGCGCGGCCCCGC	CCCTGCATGTCCCCCTTTTTT	-
946-CCCGCGCGGCCCCGC	ZN770_HUMAN.H11MO.0.C	7	0.00490587	3.77261	0.3245	15	CCCGCGCGGCCCCGC	GATCCTCCCGCCTCAGCCTCCC	-
946-CCCGCGCGGCCCCGC	EGR2_HUMAN.H11MO.0.A	5	0.00510022	3.92207	0.3245	13	CCCGCGCGGCCCCGC	CCCCTCCCACACCCCCCC	-
946-CCCGCGCGGCCCCGC	SP4_HUMAN.H11MO.0.A	1	0.0051699	3.97565	0.3245	15	CCCGCGCGGCCCCGC	CCCGGCCCCGCCCCCTTCCC	-
946-CCCGCGCGGCCCCGC	ZSC31_HUMAN.H11MO.0.C	-1	0.00559104	4.29951	0.3245	14	CCCGCGCGGCCCCGC	CATAACTGCCCTGCTGCC	-
946-CCCGCGCGGCCCCGC	SP4_HUMAN.H11MO.1.A	-1	0.00565483	4.34857	0.3245	14	CCCGCGCGGCCCCGC	CGGCCCCGCCCCCTCC	-
946-CCCGCGCGGCCCCGC	MYCN_HUMAN.H11MO.0.A	1	0.00577649	4.44212	0.3245	11	CCCGCGCGGCCCCGC	GCCCACGTGGCC	-
946-CCCGCGCGGCCCCGC	SP2_HUMAN.H11MO.1.B	-3	0.00638981	4.91376	0.343704	12	CCCGCGCGGCCCCGC	GCCCCGCCCCCT	-
946-CCCGCGCGGCCCCGC	KLF5_HUMAN.H11MO.0.A	-4	0.00657156	5.05353	0.343704	11	CCCGCGCGGCCCCGC	CCCAGCCCCACCCT	-
946-CCCGCGCGGCCCCGC	ZIC4_HUMAN.H11MO.0.D	3	0.00680155	5.23039	0.343875	12	CCCGCGCGGCCCCGC	GACCCCCCGCTGTGC	-
946-CCCGCGCGGCCCCGC	KAISO_HUMAN.H11MO.0.A	2	0.00779398	5.99357	0.38134	13	CCCGCGCGGCCCCGC	TTCTCGCGAGATTTG	-
946-CCCGCGCGGCCCCGC	ZFX_HUMAN.H11MO.0.A	-4	0.00988073	7.59828	0.468332	10	CCCGCGCGGCCCCGC	CCAGGCCCCG	+
946-CCCGCGCGGCCCCGC	PLAG1_HUMAN.H11MO.0.D	1	0.0114392	8.79672	0.485827	15	CCCGCGCGGCCCCGC	CCCCTCCTGATGCCCCC	-
946-CCCGCGCGGCCCCGC	ZN219_HUMAN.H11MO.0.D	-5	0.0115311	8.8674	0.485827	10	CCCGCGCGGCCCCGC	TCCGCCCCCCTC	-
947-CCCGCTGGCCCAC	ZN320_HUMAN.H11MO.0.C	6	0.000418776	0.322039	0.297597	13	CCCGCTGGCCCAC	CACTGGCCCCCTGGTCCCAC	-
947-CCCGCTGGCCCAC	AP2B_HUMAN.H11MO.0.B	1	0.000566122	0.435347	0.297597	9	CCCGCTGGCCCAC	GCCCCCGGGC	-
947-CCCGCTGGCCCAC	NR1D1_HUMAN.H11MO.0.B	0	0.000592699	0.455785	0.297597	13	CCCGCTGGCCCAC	CCTTCTGACCCACTTCCCT	-
949-CCGCCTCGCCCCTAG	KLF12_HUMAN.H11MO.0.C	-2	4.95729e-06	0.00381216	0.00752401	11	CCGCCTCGCCCCTAG	GCCCCGCCCCT	-
949-CCGCCTCGCCCCTAG	SP1_HUMAN.H11MO.1.A	0	1.04962e-05	0.00807159	0.0079654	14	CCGCCTCGCCCCTAG	CGGCCCCGCCCCCC	-
949-CCGCCTCGCCCCTAG	SP1_HUMAN.H11MO.0.A	8	0.000143209	0.110128	0.0724526	14	CCGCCTCGCCCCTAG	CCCCCCCCCGGCCCCGCCCCCC	-
949-CCGCCTCGCCCCTAG	KLF16_HUMAN.H11MO.0.D	6	0.000314269	0.241673	0.0814209	13	CCGCCTCGCCCCTAG	CCCCCCCCCCCCCGCCCCC	-
949-CCGCCTCGCCCCTAG	KLF1_HUMAN.H11MO.0.A	2	0.000386008	0.29684	0.0814209	12	CCGCCTCGCCCCTAG	CCCGGCCCCGCCCC	-
949-CCGCCTCGCCCCTAG	KLF4_HUMAN.H11MO.0.A	-2	0.000407764	0.31357	0.0814209	10	CCGCCTCGCCCCTAG	GCCACACCCT	-
949-CCGCCTCGCCCCTAG	SP2_HUMAN.H11MO.1.B	-2	0.000426605	0.328059	0.0814209	12	CCGCCTCGCCCCTAG	GCCCCGCCCCCT	-
949-CCGCCTCGCCCCTAG	SP3_HUMAN.H11MO.0.B	3	0.000429162	0.330025	0.0814209	15	CCGCCTCGCCCCTAG	CCCCGGCCCCGCCCCCCCCC	-
949-CCGCCTCGCCCCTAG	KLF3_HUMAN.H11MO.0.B	2	0.000632852	0.486663	0.0986046	15	CCGCCTCGCCCCTAG	CCCGGCCCCGCCCCTCCCC	-
949-CCGCCTCGCCCCTAG	KLF9_HUMAN.H11MO.0.C	-1	0.000698448	0.537107	0.0986046	14	CCGCCTCGCCCCTAG	GGCCACGCCCCCTCC	-
949-CCGCCTCGCCCCTAG	SP2_HUMAN.H11MO.0.A	4	0.000714636	0.549555	0.0986046	15	CCGCCTCGCCCCTAG	CCCCCGGCCCCGCCCCCCCCCC	-
949-CCGCCTCGCCCCTAG	SP4_HUMAN.H11MO.1.A	0	0.000916994	0.705168	0.103533	15	CCGCCTCGCCCCTAG	CGGCCCCGCCCCCTCC	-
949-CCGCCTCGCCCCTAG	KLF5_HUMAN.H11MO.0.A	2	0.000923278	0.71	0.103533	12	CCGCCTCGCCCCTAG	CCCAGCCCCACCCT	-
949-CCGCCTCGCCCCTAG	ZBTB4_HUMAN.H11MO.0.D	1	0.000954995	0.734391	0.103533	15	CCGCCTCGCCCCTAG	CCCACCTGCCATCTAGG	-
949-CCGCCTCGCCCCTAG	KLF6_HUMAN.H11MO.0.A	4	0.00117983	0.907293	0.119381	15	CCGCCTCGCCCCTAG	CCCCCGGCCCCGCCCTTCC	-
949-CCGCCTCGCCCCTAG	ZN219_HUMAN.H11MO.0.D	-2	0.00144462	1.11091	0.137037	12	CCGCCTCGCCCCTAG	TCCGCCCCCCTC	-
949-CCGCCTCGCCCCTAG	SP4_HUMAN.H11MO.0.A	2	0.00175041	1.34607	0.154147	15	CCGCCTCGCCCCTAG	CCCGGCCCCGCCCCCTTCCC	-
949-CCGCCTCGCCCCTAG	KLF14_HUMAN.H11MO.0.D	-2	0.00182811	1.40582	0.154147	13	CCGCCTCGCCCCTAG	GCCACGCCCCCCT	-
949-CCGCCTCGCCCCTAG	ZN281_HUMAN.H11MO.0.A	0	0.00194292	1.4941	0.155205	15	CCGCCTCGCCCCTAG	TCCCCTCCCCCACCC	-
949-CCGCCTCGCCCCTAG	MAZ_HUMAN.H11MO.1.A	-2	0.00366272	2.81663	0.277958	11	CCGCCTCGCCCCTAG	CCCCCTCCCTC	-
949-CCGCCTCGCCCCTAG	ZFX_HUMAN.H11MO.1.A	3	0.00417392	3.20974	0.301668	14	CCGCCTCGCCCCTAG	CCCCGGCCTCCGCCCCC	-
949-CCGCCTCGCCCCTAG	SMAD4_HUMAN.H11MO.0.B	0	0.00484512	3.7259	0.312162	13	CCGCCTCGCCCCTAG	CTGTCTGGCACCT	+
949-CCGCCTCGCCCCTAG	ZSC22_HUMAN.H11MO.0.C	0	0.00485864	3.73629	0.312162	15	CCGCCTCGCCCCTAG	CCTCCTCCCTCAGACC	-
949-CCGCCTCGCCCCTAG	VEZF1_HUMAN.H11MO.0.C	5	0.00503496	3.87188	0.312162	15	CCGCCTCGCCCCTAG	CCCCTCCCCCTCCCCCCTCCCC	-
949-CCGCCTCGCCCCTAG	SMAD2_HUMAN.H11MO.0.A	-1	0.00523722	4.02742	0.312162	12	CCGCCTCGCCCCTAG	TGTCTGTCACCT	+
949-CCGCCTCGCCCCTAG	ZN148_HUMAN.H11MO.0.D	-1	0.00534747	4.1122	0.312162	14	CCGCCTCGCCCCTAG	CCCCTCCCCCACCCC	-
949-CCGCCTCGCCCCTAG	TBX15_HUMAN.H11MO.0.D	3	0.00559366	4.30152	0.314439	15	CCGCCTCGCCCCTAG	CCCCCACCCCCCCCCCCCC	-
949-CCGCCTCGCCCCTAG	WT1_HUMAN.H11MO.0.C	5	0.0066995	5.15192	0.353933	15	CCGCCTCGCCCCTAG	CCCCCCCTCCTCCCCCGCCC	-
949-CCGCCTCGCCCCTAG	E2F2_HUMAN.H11MO.0.B	-2	0.00686398	5.2784	0.353933	10	CCGCCTCGCCCCTAG	GTTTCGCGCC	-
949-CCGCCTCGCCCCTAG	WT1_HUMAN.H11MO.1.B	0	0.00699579	5.37977	0.353933	11	CCGCCTCGCCCCTAG	CCTCCTCCCAC	-
949-CCGCCTCGCCCCTAG	ZN320_HUMAN.H11MO.0.C	6	0.00880014	6.76731	0.430636	14	CCGCCTCGCCCCTAG	CACTGGCCCCCTGGTCCCAC	-
949-CCGCCTCGCCCCTAG	EGR4_HUMAN.H11MO.0.D	-2	0.00907935	6.98202	0.430636	11	CCGCCTCGCCCCTAG	GCCCTGCCGCC	-
949-CCGCCTCGCCCCTAG	ZN263_HUMAN.H11MO.1.A	0	0.0105904	8.14403	0.473445	11	CCGCCTCGCCCCTAG	CCTCCTCCCTC	-
949-CCGCCTCGCCCCTAG	TBX1_HUMAN.H11MO.0.D	-1	0.0110018	8.46037	0.473445	14	CCGCCTCGCCCCTAG	CCGCCCACCCCTGCCCACCC	-
949-CCGCCTCGCCCCTAG	VEZF1_HUMAN.H11MO.1.C	0	0.0110917	8.52953	0.473445	12	CCGCCTCGCCCCTAG	CCCCCTCCCCCT	-
949-CCGCCTCGCCCCTAG	PATZ1_HUMAN.H11MO.0.C	9	0.0114808	8.8287	0.473445	13	CCGCCTCGCCCCTAG	CCTCCCCCCCCGCCCCCTCCCC	-
949-CCGCCTCGCCCCTAG	E2F4_HUMAN.H11MO.0.A	0	0.0115416	8.8755	0.473445	13	CCGCCTCGCCCCTAG	ATTTCCCGCCCCC	-
949-CCGCCTCGCCCCTAG	SRBP2_HUMAN.H11MO.0.B	-3	0.0120928	9.29939	0.481169	12	CCGCCTCGCCCCTAG	CCTCACCCCACCC	-
949-CCGCCTCGCCCCTAG	EGR2_HUMAN.H11MO.0.A	5	0.012364	9.50789	0.481169	13	CCGCCTCGCCCCTAG	CCCCTCCCACACCCCCCC	-
949-CCGCCTCGCCCCTAG	XBP1_HUMAN.H11MO.0.D	1	0.0129665	9.97125	0.482488	10	CCGCCTCGCCCCTAG	GCCACGTCAGC	-
949-CCGCCTCGCCCCTAG	ZN740_HUMAN.H11MO.0.D	1	0.0130336	10.0229	0.482488	13	CCGCCTCGCCCCTAG	CCCACCCCCCCCCC	-
949-CCGCCTCGCCCCTAG	PATZ1_HUMAN.H11MO.1.C	-3	0.0133806	10.2897	0.48354	9	CCGCCTCGCCCCTAG	CCCCTCCCT	-
950-CCGGGGCGGAGT	SP1_HUMAN.H11MO.1.A	0	0.00012811	0.0985164	0.1195	12	CCGGGGCGGAGT	GGGGGGCGGGGCCG	+
950-CCGGGGCGGAGT	KLF12_HUMAN.H11MO.0.C	-1	0.000156347	0.120231	0.1195	11	CCGGGGCGGAGT	AGGGGCGGGGC	+
950-CCGGGGCGGAGT	SP3_HUMAN.H11MO.0.B	3	0.000647125	0.497639	0.329741	12	CCGGGGCGGAGT	GGGGGGGGGCGGGGCCGGGG	+
950-CCGGGGCGGAGT	SP1_HUMAN.H11MO.0.A	0	0.00117732	0.905362	0.371083	12	CCGGGGCGGAGT	GGGGGGCGGGGCCGGGGGGGGG	+
950-CCGGGGCGGAGT	SP4_HUMAN.H11MO.0.A	4	0.00155848	1.19847	0.371083	12	CCGGGGCGGAGT	GGGAAGGGGGCGGGGCCGGG	+
950-CCGGGGCGGAGT	SP2_HUMAN.H11MO.1.B	0	0.00174205	1.33964	0.371083	12	CCGGGGCGGAGT	AGGGGGCGGGGC	+
950-CCGGGGCGGAGT	ZN263_HUMAN.H11MO.1.A	-1	0.00193859	1.49078	0.371083	11	CCGGGGCGGAGT	GAGGGAGGAGG	+
950-CCGGGGCGGAGT	SP2_HUMAN.H11MO.0.A	4	0.00209128	1.6082	0.371083	12	CCGGGGCGGAGT	GGGGGGGGGGCGGGGCCGGGGG	+
950-CCGGGGCGGAGT	SP4_HUMAN.H11MO.1.A	2	0.00218478	1.6801	0.371083	12	CCGGGGCGGAGT	GGAGGGGGCGGGGCCG	+
950-CCGGGGCGGAGT	KLF3_HUMAN.H11MO.0.B	3	0.00289962	2.22981	0.372486	12	CCGGGGCGGAGT	GGGGAGGGGCGGGGCCGGG	+
950-CCGGGGCGGAGT	ZN219_HUMAN.H11MO.0.D	2	0.00317091	2.43843	0.372486	10	CCGGGGCGGAGT	GAGGGGGGCGGA	+
950-CCGGGGCGGAGT	KLF15_HUMAN.H11MO.0.A	-2	0.00323212	2.4855	0.372486	10	CCGGGGCGGAGT	GGGGAGGAGCAGGGGGGGG	+
950-CCGGGGCGGAGT	ZN148_HUMAN.H11MO.0.D	4	0.00332589	2.55761	0.372486	11	CCGGGGCGGAGT	GGGGTGGGGGAGGGG	+
950-CCGGGGCGGAGT	KLF6_HUMAN.H11MO.0.A	1	0.00341139	2.62336	0.372486	12	CCGGGGCGGAGT	GGAAGGGCGGGGCCGGGGG	+
950-CCGGGGCGGAGT	EGR1_HUMAN.H11MO.0.A	5	0.00369213	2.83924	0.376263	12	CCGGGGCGGAGT	GAGGGCGTGGGCGGGGG	+
950-CCGGGGCGGAGT	MAZ_HUMAN.H11MO.1.A	-1	0.003993	3.07062	0.381492	11	CCGGGGCGGAGT	GAGGGAGGGGG	+
950-CCGGGGCGGAGT	PATZ1_HUMAN.H11MO.1.C	-2	0.00458844	3.52851	0.412593	9	CCGGGGCGGAGT	AGGGAGGGG	+
952-CCTAACCTGG	PRRX1_HUMAN.H11MO.0.D	-2	0.000274271	0.210914	0.421829	7	CCTAACCTGG	TAATCTG	+
956-CGCCCGCCGCGGCCC	TBX1_HUMAN.H11MO.0.D	1	0.000100095	0.0769727	0.0682069	15	CGCCCGCCGCGGCCC	CCGCCCACCCCTGCCCACCC	-
956-CGCCCGCCGCGGCCC	SP1_HUMAN.H11MO.0.A	5	0.000101921	0.0783776	0.0682069	15	CGCCCGCCGCGGCCC	CCCCCCCCCGGCCCCGCCCCCC	-
956-CGCCCGCCGCGGCCC	KLF16_HUMAN.H11MO.0.D	3	0.000170314	0.130971	0.0682069	15	CGCCCGCCGCGGCCC	CCCCCCCCCCCCCGCCCCC	-
956-CGCCCGCCGCGGCCC	ZN770_HUMAN.H11MO.0.C	4	0.00018091	0.13912	0.0682069	15	CGCCCGCCGCGGCCC	GATCCTCCCGCCTCAGCCTCCC	-
956-CGCCCGCCGCGGCCC	AP2D_HUMAN.H11MO.0.D	-1	0.000379153	0.291569	0.0943476	14	CGCCCGCCGCGGCCC	ACGCGCCTCGGGCG	-
956-CGCCCGCCGCGGCCC	TBX15_HUMAN.H11MO.0.D	4	0.000409308	0.314758	0.0943476	15	CGCCCGCCGCGGCCC	CCCCCACCCCCCCCCCCCC	-
956-CGCCCGCCGCGGCCC	SP2_HUMAN.H11MO.0.A	6	0.00043793	0.336768	0.0943476	15	CGCCCGCCGCGGCCC	CCCCCGGCCCCGCCCCCCCCCC	-
956-CGCCCGCCGCGGCCC	SP1_HUMAN.H11MO.1.A	-3	0.000586938	0.451355	0.103328	12	CGCCCGCCGCGGCCC	CGGCCCCGCCCCCC	-
956-CGCCCGCCGCGGCCC	ZIC4_HUMAN.H11MO.0.D	0	0.000616645	0.4742	0.103328	15	CGCCCGCCGCGGCCC	GACCCCCCGCTGTGC	-
956-CGCCCGCCGCGGCCC	SP3_HUMAN.H11MO.0.B	0	0.000802096	0.616812	0.120963	15	CGCCCGCCGCGGCCC	CCCCGGCCCCGCCCCCCCCC	-
956-CGCCCGCCGCGGCCC	KLF12_HUMAN.H11MO.0.C	-5	0.000977117	0.751403	0.124358	10	CGCCCGCCGCGGCCC	GCCCCGCCCCT	-
956-CGCCCGCCGCGGCCC	KLF15_HUMAN.H11MO.0.A	3	0.00104743	0.805475	0.124358	15	CGCCCGCCGCGGCCC	CCCCCCCCTGCTCCTCCCC	-
956-CGCCCGCCGCGGCCC	PATZ1_HUMAN.H11MO.0.C	6	0.00107199	0.824364	0.124358	15	CGCCCGCCGCGGCCC	CCTCCCCCCCCGCCCCCTCCCC	-
956-CGCCCGCCGCGGCCC	KLF1_HUMAN.H11MO.0.A	-1	0.00185408	1.42579	0.187584	14	CGCCCGCCGCGGCCC	CCCGGCCCCGCCCC	-
956-CGCCCGCCGCGGCCC	KLF6_HUMAN.H11MO.0.A	0	0.00190825	1.46744	0.187584	15	CGCCCGCCGCGGCCC	CCCCCGGCCCCGCCCTTCC	-
956-CGCCCGCCGCGGCCC	HEN1_HUMAN.H11MO.0.C	4	0.00199017	1.53044	0.187584	15	CGCCCGCCGCGGCCC	TGGGGAGCAGCTGCGTCCCT	+
956-CGCCCGCCGCGGCCC	ARNT2_HUMAN.H11MO.0.D	-1	0.00294536	2.26499	0.253837	12	CGCCCGCCGCGGCCC	GCCTCCCACGCC	-
956-CGCCCGCCGCGGCCC	ZN219_HUMAN.H11MO.0.D	2	0.00310539	2.38804	0.253837	10	CGCCCGCCGCGGCCC	TCCGCCCCCCTC	-
956-CGCCCGCCGCGGCCC	CTCFL_HUMAN.H11MO.0.A	3	0.00320233	2.46259	0.253837	14	CGCCCGCCGCGGCCC	CGGCGCCCCCTGGCGGC	-
956-CGCCCGCCGCGGCCC	KLF5_HUMAN.H11MO.0.A	-1	0.00336636	2.58873	0.253837	14	CGCCCGCCGCGGCCC	CCCAGCCCCACCCT	-
956-CGCCCGCCGCGGCCC	GLIS2_HUMAN.H11MO.0.D	0	0.00389461	2.99496	0.258262	14	CGCCCGCCGCGGCCC	GACCCCCCGCGAAG	-
956-CGCCCGCCGCGGCCC	ZSC22_HUMAN.H11MO.0.C	1	0.00390334	3.00166	0.258262	15	CGCCCGCCGCGGCCC	CCTCCTCCCTCAGACC	-
956-CGCCCGCCGCGGCCC	AP2B_HUMAN.H11MO.0.B	-4	0.00407359	3.13259	0.258262	10	CGCCCGCCGCGGCCC	GCCCCCGGGC	-
956-CGCCCGCCGCGGCCC	EGR1_HUMAN.H11MO.0.A	0	0.00424505	3.26444	0.258262	15	CGCCCGCCGCGGCCC	CCCCCGCCCACGCCCTC	-
956-CGCCCGCCGCGGCCC	ZN148_HUMAN.H11MO.0.D	-1	0.00428131	3.29232	0.258262	14	CGCCCGCCGCGGCCC	CCCCTCCCCCACCCC	-
956-CGCCCGCCGCGGCCC	TAF1_HUMAN.H11MO.0.A	-3	0.00449002	3.45283	0.260178	12	CGCCCGCCGCGGCCC	CCGCCGCCGCCATCTT	-
956-CGCCCGCCGCGGCCC	PURA_HUMAN.H11MO.0.D	3	0.00465812	3.58209	0.260178	14	CGCCCGCCGCGGCCC	CCCTGCCCCCCCCTTCC	-
956-CGCCCGCCGCGGCCC	EGR2_HUMAN.H11MO.1.A	0	0.004926	3.78809	0.263321	15	CGCCCGCCGCGGCCC	CCCCCGCCCACGCCCC	-
956-CGCCCGCCGCGGCCC	KLF3_HUMAN.H11MO.0.B	-1	0.00518807	3.98963	0.263321	14	CGCCCGCCGCGGCCC	CCCGGCCCCGCCCCTCCCC	-
956-CGCCCGCCGCGGCCC	PAX5_HUMAN.H11MO.0.A	2	0.00531031	4.08363	0.263321	15	CGCCCGCCGCGGCCC	GTCACGCTCTGCTGCCCAGGC	-
956-CGCCCGCCGCGGCCC	ZN320_HUMAN.H11MO.0.C	3	0.00566998	4.36021	0.263321	15	CGCCCGCCGCGGCCC	CACTGGCCCCCTGGTCCCAC	-
956-CGCCCGCCGCGGCCC	EGR2_HUMAN.H11MO.0.A	3	0.00585268	4.50071	0.263321	15	CGCCCGCCGCGGCCC	CCCCTCCCACACCCCCCC	-
956-CGCCCGCCGCGGCCC	ZN331_HUMAN.H11MO.0.C	1	0.00593662	4.56526	0.263321	15	CGCCCGCCGCGGCCC	CCACCCAGCTGAGCCCAGCC	-
956-CGCCCGCCGCGGCCC	ZF64A_HUMAN.H11MO.0.D	0	0.00619548	4.76432	0.266951	15	CGCCCGCCGCGGCCC	CAGGTTCCCGGGCCCC	-
956-CGCCCGCCGCGGCCC	MAZ_HUMAN.H11MO.0.A	5	0.00647946	4.9827	0.271432	15	CGCCCGCCGCGGCCC	CCCCCCCCCCCCCCCCTCCCCC	-
956-CGCCCGCCGCGGCCC	SP4_HUMAN.H11MO.0.A	4	0.00712451	5.47875	0.290387	15	CGCCCGCCGCGGCCC	CCCGGCCCCGCCCCCTTCCC	-
956-CGCCCGCCGCGGCCC	CTCF_HUMAN.H11MO.0.A	3	0.00747125	5.74539	0.296506	15	CGCCCGCCGCGGCCC	TGGCGCCCCCTGGTGGCCA	-
956-CGCCCGCCGCGGCCC	WT1_HUMAN.H11MO.0.C	5	0.0077982	5.99682	0.299915	15	CGCCCGCCGCGGCCC	CCCCCCCTCCTCCCCCGCCC	-
956-CGCCCGCCGCGGCCC	ZFX_HUMAN.H11MO.1.A	0	0.00803851	6.18161	0.299915	15	CGCCCGCCGCGGCCC	CCCCGGCCTCCGCCCCC	-
956-CGCCCGCCGCGGCCC	ZN281_HUMAN.H11MO.0.A	0	0.00815376	6.27024	0.299915	15	CGCCCGCCGCGGCCC	TCCCCTCCCCCACCC	-
956-CGCCCGCCGCGGCCC	E2F4_HUMAN.H11MO.0.A	2	0.00868009	6.67499	0.311673	11	CGCCCGCCGCGGCCC	ATTTCCCGCCCCC	-
956-CGCCCGCCGCGGCCC	HINFP_HUMAN.H11MO.0.C	3	0.00928115	7.13721	0.323281	13	CGCCCGCCGCGGCCC	TAACGTCCGCTAGCGC	-
956-CGCCCGCCGCGGCCC	KLF13_HUMAN.H11MO.0.D	2	0.00943209	7.25328	0.323281	9	CGCCCGCCGCGGCCC	CACGCCCCCCT	-
956-CGCCCGCCGCGGCCC	GLIS1_HUMAN.H11MO.0.D	1	0.00999728	7.68791	0.332373	12	CGCCCGCCGCGGCCC	AGACCCCCCACGA	-
956-CGCCCGCCGCGGCCC	SP4_HUMAN.H11MO.1.A	2	0.0101382	7.79625	0.332373	14	CGCCCGCCGCGGCCC	CGGCCCCGCCCCCTCC	-
956-CGCCCGCCGCGGCCC	SP2_HUMAN.H11MO.1.B	0	0.0109884	8.45005	0.352582	12	CGCCCGCCGCGGCCC	GCCCCGCCCCCT	-
956-CGCCCGCCGCGGCCC	KLF9_HUMAN.H11MO.0.C	-4	0.0121638	9.35393	0.382165	11	CGCCCGCCGCGGCCC	GGCCACGCCCCCTCC	-
956-CGCCCGCCGCGGCCC	KLF4_HUMAN.H11MO.0.A	-5	0.0128764	9.90193	0.388372	10	CGCCCGCCGCGGCCC	GCCACACCCT	-
956-CGCCCGCCGCGGCCC	TFDP1_HUMAN.H11MO.0.C	2	0.0136279	10.4799	0.40298	12	CGCCCGCCGCGGCCC	TTTTCCCGCCCCCC	-
956-CGCCCGCCGCGGCCC	GLIS3_HUMAN.H11MO.0.D	0	0.0142923	10.9907	0.407112	10	CGCCCGCCGCGGCCC	TACCCCCCAC	-
956-CGCCCGCCGCGGCCC	E2F1_HUMAN.H11MO.0.A	2	0.0148893	11.4499	0.407112	12	CGCCCGCCGCGGCCC	CTTTCCCGCCCCCC	-
956-CGCCCGCCGCGGCCC	PLAL1_HUMAN.H11MO.0.D	1	0.0150524	11.5753	0.407112	9	CGCCCGCCGCGGCCC	GGGCCCCCCG	-
956-CGCCCGCCGCGGCCC	ZN467_HUMAN.H11MO.0.C	6	0.0151109	11.6203	0.407112	15	CGCCCGCCGCGGCCC	CCCCCCCCCCCCTCCCCTCCCC	-
956-CGCCCGCCGCGGCCC	ESR2_HUMAN.H11MO.0.A	0	0.0151174	11.6253	0.407112	15	CGCCCGCCGCGGCCC	AGGTCACCCTGACCT	+
956-CGCCCGCCGCGGCCC	ZIC2_HUMAN.H11MO.0.D	3	0.0164747	12.6691	0.430986	12	CGCCCGCCGCGGCCC	GGCCCCCTGCTGTGA	+
956-CGCCCGCCGCGGCCC	E2F7_HUMAN.H11MO.0.B	3	0.0165755	12.7466	0.430986	10	CGCCCGCCGCGGCCC	CCTTTCCCGCCCC	-
956-CGCCCGCCGCGGCCC	ZN816_HUMAN.H11MO.0.C	-2	0.0169023	12.9979	0.431335	13	CGCCCGCCGCGGCCC	CCCTGCATGTCCCCCTTTTTT	-
956-CGCCCGCCGCGGCCC	EGR4_HUMAN.H11MO.0.D	-3	0.017161	13.1968	0.431335	11	CGCCCGCCGCGGCCC	GCCCTGCCGCC	-
956-CGCCCGCCGCGGCCC	XBP1_HUMAN.H11MO.0.D	-5	0.018908	14.5403	0.459916	10	CGCCCGCCGCGGCCC	GCCACGTCAGC	-
956-CGCCCGCCGCGGCCC	E2F6_HUMAN.H11MO.0.A	3	0.0198246	15.2451	0.467532	10	CGCCCGCCGCGGCCC	CCCTTCCCGCCCC	-
956-CGCCCGCCGCGGCCC	BHA15_HUMAN.H11MO.0.B	-2	0.0198411	15.2578	0.467532	11	CGCCCGCCGCGGCCC	CCAGCTGCTGC	-
956-CGCCCGCCGCGGCCC	ZBT17_HUMAN.H11MO.0.A	2	0.0211422	16.2584	0.490526	15	CGCCCGCCGCGGCCC	CTTCCCCTCCCCCACCCTC	-
956-CGCCCGCCGCGGCCC	KLF14_HUMAN.H11MO.0.D	4	0.0216595	16.6562	0.491469	9	CGCCCGCCGCGGCCC	GCCACGCCCCCCT	-
959-CGGACAAAGGCGC	SOX3_HUMAN.H11MO.0.B	0	0.000259697	0.199707	0.280801	11	CGGACAAAGGCGC	GGGACAAAGGC	-
959-CGGACAAAGGCGC	SOX4_HUMAN.H11MO.0.B	1	0.000365151	0.280801	0.280801	11	CGGACAAAGGCGC	GAGAACAAAGGA	-
959-CGGACAAAGGCGC	SOX10_HUMAN.H11MO.1.A	1	0.000963469	0.740908	0.493939	12	CGGACAAAGGCGC	GAGAACAAAGGAA	-
961-CGGCGCGCGCCAGGC	ZBT14_HUMAN.H11MO.0.C	-1	4.70456e-05	0.0361781	0.0275627	9	CGGCGCGCGCCAGGC	GGAGCGCGC	+
961-CGGCGCGCGCCAGGC	HES7_HUMAN.H11MO.0.D	0	5.38095e-05	0.0413795	0.0275627	12	CGGCGCGCGCCAGGC	CGGCACGTGCCA	-
961-CGGCGCGCGCCAGGC	HES5_HUMAN.H11MO.0.D	0	0.00036484	0.280562	0.116719	12	CGGCGCGCGCCAGGC	CGGCACGTGCCA	-
961-CGGCGCGCGCCAGGC	AP2D_HUMAN.H11MO.0.D	-2	0.000379775	0.292047	0.116719	13	CGGCGCGCGCCAGGC	ACGCGCCTCGGGCG	-
961-CGGCGCGCGCCAGGC	HEY1_HUMAN.H11MO.0.D	0	0.00240412	1.84877	0.461797	12	CGGCGCGCGCCAGGC	CGACACGTGCCA	-
962-CGGCGCGCGCCG	ZBT14_HUMAN.H11MO.0.C	-1	2.95896e-05	0.0227544	0.0226903	9	CGGCGCGCGCCG	GGAGCGCGC	+
962-CGGCGCGCGCCG	HES7_HUMAN.H11MO.0.D	0	0.000161616	0.124283	0.0619663	12	CGGCGCGCGCCG	TGGCACGTGCCG	+
962-CGGCGCGCGCCG	HES5_HUMAN.H11MO.0.D	0	0.000318681	0.245066	0.0814586	12	CGGCGCGCGCCG	TGGCACGTGCCG	+
962-CGGCGCGCGCCG	HEY1_HUMAN.H11MO.0.D	0	0.00263192	2.02395	0.477835	12	CGGCGCGCGCCG	TGGCACGTGTCG	+
962-CGGCGCGCGCCG	E2F2_HUMAN.H11MO.0.B	-1	0.00311564	2.39592	0.477835	10	CGGCGCGCGCCG	GGCGCGAAAC	+
962-CGGCGCGCGCCG	HEY2_HUMAN.H11MO.0.D	2	0.00473131	3.63838	0.493853	12	CGGCGCGCGCCG	GGGGGCACGTGGCATTA	+
962-CGGCGCGCGCCG	HES1_HUMAN.H11MO.0.D	1	0.00501567	3.85705	0.493853	12	CGGCGCGCGCCG	CCGCCACGAGCCC	+
962-CGGCGCGCGCCG	KLF12_HUMAN.H11MO.0.C	0	0.00530745	4.08143	0.493853	11	CGGCGCGCGCCG	AGGGGCGGGGC	+
962-CGGCGCGCGCCG	SP1_HUMAN.H11MO.1.A	1	0.00579613	4.45723	0.493853	12	CGGCGCGCGCCG	GGGGGGCGGGGCCG	+
964-CGGGCCGCGCCG	SP1_HUMAN.H11MO.0.A	7	0.000354358	0.272501	0.379119	12	CGGGCCGCGCCG	CCCCCCCCCGGCCCCGCCCCCC	-
964-CGGGCCGCGCCG	SP1_HUMAN.H11MO.1.A	2	0.000496794	0.382034	0.379119	12	CGGGCCGCGCCG	GGGGGGCGGGGCCG	+
964-CGGGCCGCGCCG	KLF1_HUMAN.H11MO.0.A	1	0.00117507	0.903628	0.426566	12	CGGGCCGCGCCG	CCCGGCCCCGCCCC	-
964-CGGGCCGCGCCG	SP2_HUMAN.H11MO.0.A	3	0.00140203	1.07816	0.426566	12	CGGGCCGCGCCG	CCCCCGGCCCCGCCCCCCCCCC	-
964-CGGGCCGCGCCG	ZBT14_HUMAN.H11MO.0.C	-1	0.00195639	1.50446	0.426566	9	CGGGCCGCGCCG	GGAGCGCGC	+
964-CGGGCCGCGCCG	KLF12_HUMAN.H11MO.0.C	-3	0.00262593	2.01934	0.493313	9	CGGGCCGCGCCG	GCCCCGCCCCT	-
964-CGGGCCGCGCCG	E2F2_HUMAN.H11MO.0.B	-1	0.00294144	2.26196	0.493313	10	CGGGCCGCGCCG	GTTTCGCGCC	-
964-CGGGCCGCGCCG	KLF3_HUMAN.H11MO.0.B	1	0.00417566	3.21108	0.493313	12	CGGGCCGCGCCG	CCCGGCCCCGCCCCTCCCC	-
964-CGGGCCGCGCCG	ZN563_HUMAN.H11MO.1.C	0	0.00423458	3.25639	0.493313	12	CGGGCCGCGCCG	CAGGCAGCACAG	+
964-CGGGCCGCGCCG	HES7_HUMAN.H11MO.0.D	0	0.00423458	3.25639	0.493313	12	CGGGCCGCGCCG	CGGCACGTGCCA	-
964-CGGGCCGCGCCG	KLF9_HUMAN.H11MO.0.C	-2	0.00521826	4.01284	0.496454	10	CGGGCCGCGCCG	GGCCACGCCCCCTCC	-
964-CGGGCCGCGCCG	SP4_HUMAN.H11MO.0.A	1	0.00569773	4.38155	0.496454	12	CGGGCCGCGCCG	CCCGGCCCCGCCCCCTTCCC	-
964-CGGGCCGCGCCG	PLAL1_HUMAN.H11MO.0.D	-1	0.00610858	4.6975	0.496454	10	CGGGCCGCGCCG	GGGCCCCCCG	-
964-CGGGCCGCGCCG	SP3_HUMAN.H11MO.0.B	2	0.00665005	5.11389	0.496454	12	CGGGCCGCGCCG	CCCCGGCCCCGCCCCCCCCC	-
964-CGGGCCGCGCCG	ZFX_HUMAN.H11MO.0.A	1	0.00719218	5.53079	0.496454	9	CGGGCCGCGCCG	CCAGGCCCCG	+
964-CGGGCCGCGCCG	KLF6_HUMAN.H11MO.0.A	3	0.00775325	5.96225	0.496454	12	CGGGCCGCGCCG	CCCCCGGCCCCGCCCTTCC	-
964-CGGGCCGCGCCG	HES5_HUMAN.H11MO.0.D	0	0.00780658	6.00326	0.496454	12	CGGGCCGCGCCG	TGGCACGTGCCG	+
965-CGGGGAGGCGGGGAG	SP2_HUMAN.H11MO.1.B	-2	1.45496e-05	0.0111887	0.017985	12	CGGGGAGGCGGGGAG	AGGGGGCGGGGC	+
965-CGGGGAGGCGGGGAG	MAZ_HUMAN.H11MO.0.A	0	3.64124e-05	0.0280011	0.017985	15	CGGGGAGGCGGGGAG	GGGGGAGGGGGGGGGGGGGGGG	+
965-CGGGGAGGCGGGGAG	SP2_HUMAN.H11MO.0.A	2	4.11806e-05	0.0316679	0.017985	15	CGGGGAGGCGGGGAG	GGGGGGGGGGCGGGGCCGGGGG	+
965-CGGGGAGGCGGGGAG	ZN770_HUMAN.H11MO.1.C	-2	5.27096e-05	0.0405337	0.017985	11	CGGGGAGGCGGGGAG	GGGAGGCTGAG	+
965-CGGGGAGGCGGGGAG	WT1_HUMAN.H11MO.0.C	4	7.87986e-05	0.0605962	0.017985	15	CGGGGAGGCGGGGAG	GGGCGGGGGAGGAGGGGGGG	+
965-CGGGGAGGCGGGGAG	EGR4_HUMAN.H11MO.0.D	-3	8.0579e-05	0.0619653	0.017985	11	CGGGGAGGCGGGGAG	GGCGGCAGGGC	+
965-CGGGGAGGCGGGGAG	TBX15_HUMAN.H11MO.0.D	0	8.54712e-05	0.0657274	0.017985	15	CGGGGAGGCGGGGAG	GGGGGGGGGGGGGTGGGGG	+
965-CGGGGAGGCGGGGAG	SP1_HUMAN.H11MO.1.A	-2	9.6275e-05	0.0740355	0.017985	13	CGGGGAGGCGGGGAG	GGGGGGCGGGGCCG	+
965-CGGGGAGGCGGGGAG	TFDP1_HUMAN.H11MO.0.C	-2	0.000108452	0.0833998	0.0180088	13	CGGGGAGGCGGGGAG	GGGGGGCGGGAAAA	+
965-CGGGGAGGCGGGGAG	ZN467_HUMAN.H11MO.0.C	-1	0.000127894	0.0983503	0.0191134	14	CGGGGAGGCGGGGAG	GGGGAGGGGAGGGGGGGGGGGG	+
965-CGGGGAGGCGGGGAG	SP3_HUMAN.H11MO.0.B	1	0.000140859	0.108321	0.0191373	15	CGGGGAGGCGGGGAG	GGGGGGGGGCGGGGCCGGGG	+
965-CGGGGAGGCGGGGAG	SP4_HUMAN.H11MO.1.A	0	0.000172823	0.132901	0.0215233	15	CGGGGAGGCGGGGAG	GGAGGGGGCGGGGCCG	+
965-CGGGGAGGCGGGGAG	ZN281_HUMAN.H11MO.0.A	1	0.000235988	0.181475	0.0229689	14	CGGGGAGGCGGGGAG	GGGTGGGGGAGGGGA	+
965-CGGGGAGGCGGGGAG	ZN148_HUMAN.H11MO.0.D	2	0.000235988	0.181475	0.0229689	13	CGGGGAGGCGGGGAG	GGGGTGGGGGAGGGG	+
965-CGGGGAGGCGGGGAG	SP1_HUMAN.H11MO.0.A	6	0.000239537	0.184204	0.0229689	15	CGGGGAGGCGGGGAG	GGGGGGCGGGGCCGGGGGGGGG	+
965-CGGGGAGGCGGGGAG	VEZF1_HUMAN.H11MO.0.C	6	0.000267904	0.206018	0.0229689	15	CGGGGAGGCGGGGAG	GGGGAGGGGGGAGGGGGAGGGG	+
965-CGGGGAGGCGGGGAG	E2F4_HUMAN.H11MO.0.A	-3	0.000271024	0.208417	0.0229689	12	CGGGGAGGCGGGGAG	GGGGGCGGGAAAT	+
965-CGGGGAGGCGGGGAG	TBX1_HUMAN.H11MO.0.D	3	0.000276646	0.212741	0.0229689	15	CGGGGAGGCGGGGAG	GGGTGGGCAGGGGTGGGCGG	+
965-CGGGGAGGCGGGGAG	KLF16_HUMAN.H11MO.0.D	2	0.000349992	0.269144	0.0264979	15	CGGGGAGGCGGGGAG	GGGGGCGGGGGGGGGGGGG	+
965-CGGGGAGGCGGGGAG	E2F1_HUMAN.H11MO.0.A	-2	0.000363218	0.279315	0.0264979	13	CGGGGAGGCGGGGAG	GGGGGGCGGGAAAG	+
965-CGGGGAGGCGGGGAG	PATZ1_HUMAN.H11MO.1.C	-1	0.000389284	0.299359	0.0264979	9	CGGGGAGGCGGGGAG	AGGGAGGGG	+
965-CGGGGAGGCGGGGAG	KLF15_HUMAN.H11MO.0.A	-1	0.000390074	0.299967	0.0264979	14	CGGGGAGGCGGGGAG	GGGGAGGAGCAGGGGGGGG	+
965-CGGGGAGGCGGGGAG	KLF12_HUMAN.H11MO.0.C	-3	0.000546657	0.420379	0.0347757	11	CGGGGAGGCGGGGAG	AGGGGCGGGGC	+
965-CGGGGAGGCGGGGAG	ZN770_HUMAN.H11MO.0.C	-2	0.000575822	0.442807	0.0347757	13	CGGGGAGGCGGGGAG	GGGAGGCTGAGGCGGGAGGATC	+
965-CGGGGAGGCGGGGAG	MAZ_HUMAN.H11MO.1.A	0	0.000581739	0.447357	0.0347757	11	CGGGGAGGCGGGGAG	GAGGGAGGGGG	+
965-CGGGGAGGCGGGGAG	ZBT17_HUMAN.H11MO.0.A	3	0.000630517	0.484867	0.0362419	15	CGGGGAGGCGGGGAG	GAGGGTGGGGGAGGGGAAG	+
965-CGGGGAGGCGGGGAG	SP4_HUMAN.H11MO.0.A	2	0.000768316	0.590835	0.0425269	15	CGGGGAGGCGGGGAG	GGGAAGGGGGCGGGGCCGGG	+
965-CGGGGAGGCGGGGAG	E2F7_HUMAN.H11MO.0.B	-4	0.000847432	0.651675	0.0452308	11	CGGGGAGGCGGGGAG	GGGGCGGGAAAGG	+
965-CGGGGAGGCGGGGAG	ZN219_HUMAN.H11MO.0.D	0	0.000901321	0.693116	0.0464482	12	CGGGGAGGCGGGGAG	GAGGGGGGCGGA	+
965-CGGGGAGGCGGGGAG	ZN263_HUMAN.H11MO.1.A	0	0.00100748	0.774755	0.0501886	11	CGGGGAGGCGGGGAG	GAGGGAGGAGG	+
965-CGGGGAGGCGGGGAG	WT1_HUMAN.H11MO.1.B	0	0.00113539	0.873116	0.0547358	11	CGGGGAGGCGGGGAG	GTGGGAGGAGG	+
965-CGGGGAGGCGGGGAG	E2F3_HUMAN.H11MO.0.A	-4	0.00152481	1.17258	0.0712119	11	CGGGGAGGCGGGGAG	AGGGCGGGAAA	+
965-CGGGGAGGCGGGGAG	KLF14_HUMAN.H11MO.0.D	-1	0.00162291	1.24802	0.0715672	13	CGGGGAGGCGGGGAG	AGGGGGGCGTGGC	+
965-CGGGGAGGCGGGGAG	PATZ1_HUMAN.H11MO.0.C	2	0.00162819	1.25208	0.0715672	15	CGGGGAGGCGGGGAG	GGGGAGGGGGCGGGGGGGGAGG	+
965-CGGGGAGGCGGGGAG	ZN263_HUMAN.H11MO.0.A	-2	0.00233965	1.79919	0.0978242	13	CGGGGAGGCGGGGAG	GGGAGGAGGGAGAGGAGGAG	+
965-CGGGGAGGCGGGGAG	KLF6_HUMAN.H11MO.0.A	2	0.00235647	1.81212	0.0978242	15	CGGGGAGGCGGGGAG	GGAAGGGCGGGGCCGGGGG	+
965-CGGGGAGGCGGGGAG	KLF3_HUMAN.H11MO.0.B	1	0.0024741	1.90258	0.0982316	15	CGGGGAGGCGGGGAG	GGGGAGGGGCGGGGCCGGG	+
965-CGGGGAGGCGGGGAG	EGR2_HUMAN.H11MO.0.A	5	0.00255811	1.96718	0.0982316	13	CGGGGAGGCGGGGAG	GGGGGGGTGTGGGAGGGG	+
965-CGGGGAGGCGGGGAG	KLF5_HUMAN.H11MO.0.A	1	0.00256347	1.97131	0.0982316	13	CGGGGAGGCGGGGAG	AGGGTGGGGCTGGG	+
965-CGGGGAGGCGGGGAG	EGR2_HUMAN.H11MO.1.A	2	0.00272272	2.09377	0.101726	14	CGGGGAGGCGGGGAG	GGGGCGTGGGCGGGGG	+
965-CGGGGAGGCGGGGAG	EGR1_HUMAN.H11MO.0.A	3	0.00311143	2.39269	0.108947	14	CGGGGAGGCGGGGAG	GAGGGCGTGGGCGGGGG	+
965-CGGGGAGGCGGGGAG	ZFX_HUMAN.H11MO.1.A	3	0.00311143	2.39269	0.108947	14	CGGGGAGGCGGGGAG	GGGGGCGGAGGCCGGGG	+
965-CGGGGAGGCGGGGAG	KLF9_HUMAN.H11MO.0.C	0	0.0031378	2.41297	0.108947	15	CGGGGAGGCGGGGAG	GGAGGGGGCGTGGCC	+
965-CGGGGAGGCGGGGAG	VEZF1_HUMAN.H11MO.1.C	1	0.0032076	2.46665	0.108947	11	CGGGGAGGCGGGGAG	AGGGGGAGGGGG	+
965-CGGGGAGGCGGGGAG	KLF1_HUMAN.H11MO.0.A	1	0.00344947	2.65264	0.114559	13	CGGGGAGGCGGGGAG	GGGGCGGGGCCGGG	+
965-CGGGGAGGCGGGGAG	ZNF76_HUMAN.H11MO.0.C	0	0.00357936	2.75253	0.115186	15	CGGGGAGGCGGGGAG	GGGGCATTCTGGGAATTGTAGT	+
965-CGGGGAGGCGGGGAG	ZN740_HUMAN.H11MO.0.D	2	0.00362251	2.78571	0.115186	12	CGGGGAGGCGGGGAG	GGGGGGGGGGTGGG	+
965-CGGGGAGGCGGGGAG	E2F6_HUMAN.H11MO.0.A	-4	0.00410724	3.15847	0.127878	11	CGGGGAGGCGGGGAG	GGGGCGGGAAGGG	+
965-CGGGGAGGCGGGGAG	ZIC1_HUMAN.H11MO.0.B	-1	0.00427369	3.28647	0.130345	9	CGGGGAGGCGGGGAG	GGGGTGGTC	+
965-CGGGGAGGCGGGGAG	GCM2_HUMAN.H11MO.0.D	-4	0.00469591	3.61116	0.140358	11	CGGGGAGGCGGGGAG	GATGCGGGTAT	+
965-CGGGGAGGCGGGGAG	PROX1_HUMAN.H11MO.0.D	0	0.00498064	3.83011	0.145949	15	CGGGGAGGCGGGGAG	GGGTAAGGCGGGTTGGG	+
965-CGGGGAGGCGGGGAG	ZN341_HUMAN.H11MO.0.C	4	0.00548264	4.21615	0.155597	15	CGGGGAGGCGGGGAG	GGGGGGGGGGGGAGGGAAGAGC	+
965-CGGGGAGGCGGGGAG	KLF13_HUMAN.H11MO.0.D	-1	0.00551811	4.24342	0.155597	11	CGGGGAGGCGGGGAG	AGGGGGGCGTG	+
965-CGGGGAGGCGGGGAG	SALL4_HUMAN.H11MO.0.B	-3	0.00666921	5.12862	0.184573	10	CGGGGAGGCGGGGAG	GGAGGGTGGG	+
965-CGGGGAGGCGGGGAG	TAF1_HUMAN.H11MO.0.A	2	0.00726542	5.58711	0.197418	14	CGGGGAGGCGGGGAG	AAGATGGCGGCGGCGG	+
965-CGGGGAGGCGGGGAG	PURA_HUMAN.H11MO.0.D	4	0.00751611	5.77988	0.200582	13	CGGGGAGGCGGGGAG	GGAAGGGGGGGGCAGGG	+
965-CGGGGAGGCGGGGAG	E2F4_HUMAN.H11MO.1.A	-6	0.00892406	6.8626	0.233978	9	CGGGGAGGCGGGGAG	GGCGGGAAATTTGA	+
965-CGGGGAGGCGGGGAG	ZN320_HUMAN.H11MO.0.C	-1	0.00996001	7.65925	0.256637	14	CGGGGAGGCGGGGAG	GTGGGACCAGGGGGCCAGTG	+
965-CGGGGAGGCGGGGAG	ZBTB4_HUMAN.H11MO.0.D	5	0.0112151	8.62438	0.284078	12	CGGGGAGGCGGGGAG	CCTAGATGGCAGGTGGG	+
965-CGGGGAGGCGGGGAG	XBP1_HUMAN.H11MO.0.D	-1	0.0114306	8.79015	0.284713	11	CGGGGAGGCGGGGAG	GCTGACGTGGC	+
965-CGGGGAGGCGGGGAG	FLI1_HUMAN.H11MO.0.A	1	0.011698	8.99576	0.286596	15	CGGGGAGGCGGGGAG	GGAGGAAGGAAGGAGGGA	+
965-CGGGGAGGCGGGGAG	THA11_HUMAN.H11MO.0.B	-2	0.0124133	9.54584	0.299215	13	CGGGGAGGCGGGGAG	GGCATGCTGGGAGTTGTAGTTC	+
965-CGGGGAGGCGGGGAG	ZSC22_HUMAN.H11MO.0.C	5	0.0147311	11.3282	0.345349	11	CGGGGAGGCGGGGAG	GGTCTGAGGGAGGAGG	+
965-CGGGGAGGCGGGGAG	ZN143_HUMAN.H11MO.0.A	-2	0.0147894	11.3731	0.345349	13	CGGGGAGGCGGGGAG	GGCATTCTGGGAATTGTAGTTC	+
965-CGGGGAGGCGGGGAG	GLIS3_HUMAN.H11MO.0.D	-7	0.0157435	12.1068	0.361974	8	CGGGGAGGCGGGGAG	GTGGGGGGTA	+
965-CGGGGAGGCGGGGAG	ZN816_HUMAN.H11MO.0.C	6	0.0172906	13.2965	0.39152	15	CGGGGAGGCGGGGAG	AAAAAAGGGGGACATGCAGGG	+
965-CGGGGAGGCGGGGAG	GLIS2_HUMAN.H11MO.0.D	-3	0.0182875	14.0631	0.399684	12	CGGGGAGGCGGGGAG	CTTCGCGGGGGGTC	+
965-CGGGGAGGCGGGGAG	ATF6A_HUMAN.H11MO.0.B	-1	0.0183261	14.0928	0.399684	12	CGGGGAGGCGGGGAG	GTGGTGACGTGG	+
965-CGGGGAGGCGGGGAG	ZIC4_HUMAN.H11MO.0.D	-2	0.0184535	14.1907	0.399684	13	CGGGGAGGCGGGGAG	GCACAGCGGGGGGTC	+
965-CGGGGAGGCGGGGAG	ETV5_HUMAN.H11MO.0.C	-1	0.0191018	14.6893	0.406931	14	CGGGGAGGCGGGGAG	GAGCAGGAAGTGAG	+
965-CGGGGAGGCGGGGAG	PLAL1_HUMAN.H11MO.0.D	0	0.0193326	14.8668	0.406931	10	CGGGGAGGCGGGGAG	CGGGGGGCCC	+
965-CGGGGAGGCGGGGAG	SRBP2_HUMAN.H11MO.0.B	-2	0.0205152	15.7762	0.425824	13	CGGGGAGGCGGGGAG	GGGTGGGGTGAGG	+
965-CGGGGAGGCGGGGAG	ZN350_HUMAN.H11MO.1.D	0	0.0209926	16.1433	0.429765	15	CGGGGAGGCGGGGAG	ACGGGGCGCAGGGATTTGTTGCCC	+
965-CGGGGAGGCGGGGAG	CTCFL_HUMAN.H11MO.0.A	1	0.0222143	17.0828	0.448631	15	CGGGGAGGCGGGGAG	GCCGCCAGGGGGCGCCG	+
965-CGGGGAGGCGGGGAG	IKZF1_HUMAN.H11MO.0.C	0	0.0234233	18.0125	0.466739	8	CGGGGAGGCGGGGAG	TTGGGAGA	+
965-CGGGGAGGCGGGGAG	ZSC31_HUMAN.H11MO.0.C	-2	0.0241053	18.537	0.47401	13	CGGGGAGGCGGGGAG	GGCAGCAGGGCAGTTATG	+
965-CGGGGAGGCGGGGAG	E2F2_HUMAN.H11MO.0.B	-6	0.0248579	19.1158	0.481862	9	CGGGGAGGCGGGGAG	GGCGCGAAAC	+
965-CGGGGAGGCGGGGAG	PLAG1_HUMAN.H11MO.0.D	-1	0.0251495	19.34	0.481862	14	CGGGGAGGCGGGGAG	GGGGGCATCAGGAGGGG	+
965-CGGGGAGGCGGGGAG	MXI1_HUMAN.H11MO.0.A	3	0.0258465	19.876	0.484269	12	CGGGGAGGCGGGGAG	GCACGTGGCGGCGGG	+
965-CGGGGAGGCGGGGAG	ZN436_HUMAN.H11MO.0.C	13	0.0259232	19.935	0.484269	11	CGGGGAGGCGGGGAG	TCAGGGAAGGCTTCCTGGAGGAGG	+
965-CGGGGAGGCGGGGAG	GLIS1_HUMAN.H11MO.0.D	-2	0.0267159	20.5445	0.492916	13	CGGGGAGGCGGGGAG	TCGTGGGGGGTCT	+
967-CTAACCGCGGGGCCC	PLAL1_HUMAN.H11MO.0.D	-5	3.52795e-05	0.02713	0.0542599	10	CTAACCGCGGGGCCC	CGGGGGGCCC	+
970-CTACGGCCCTCCGGC	AP2D_HUMAN.H11MO.0.D	-2	0.000122145	0.0939295	0.157106	13	CTACGGCCCTCCGGC	ACGCGCCTCGGGCG	-
970-CTACGGCCCTCCGGC	AP2B_HUMAN.H11MO.0.B	-5	0.000204299	0.157106	0.157106	10	CTACGGCCCTCCGGC	GCCCCCGGGC	-
970-CTACGGCCCTCCGGC	PLAL1_HUMAN.H11MO.0.D	-3	0.000355981	0.273749	0.182499	10	CTACGGCCCTCCGGC	GGGCCCCCCG	-
970-CTACGGCCCTCCGGC	ZSC31_HUMAN.H11MO.0.C	2	0.000506129	0.389213	0.194607	15	CTACGGCCCTCCGGC	CATAACTGCCCTGCTGCC	-
970-CTACGGCCCTCCGGC	ZSC22_HUMAN.H11MO.0.C	0	0.00160135	1.23144	0.492576	15	CTACGGCCCTCCGGC	CCTCCTCCCTCAGACC	-
978-GAAGTGAGAAGT	NR2E3_HUMAN.H11MO.0.C	0	0.000203201	0.156262	0.311643	12	GAAGTGAGAAGT	AAAGTCAAAAGTCA	+
978-GAAGTGAGAAGT	IRF4_HUMAN.H11MO.0.A	7	0.00110066	0.846411	0.382244	11	GAAGTGAGAAGT	AAAAGAGGAAGTGAAACT	+
978-GAAGTGAGAAGT	EOMES_HUMAN.H11MO.0.D	2	0.00117745	0.905458	0.382244	10	GAAGTGAGAAGT	AGGAGGTGTTAA	+
978-GAAGTGAGAAGT	BC11A_HUMAN.H11MO.0.A	7	0.00136905	1.0528	0.382244	10	GAAGTGAGAAGT	AAAAGAGGAAGTGAAAA	+
978-GAAGTGAGAAGT	BRAC_HUMAN.H11MO.0.A	8	0.00145887	1.12187	0.382244	12	GAAGTGAGAAGT	TTAGCAGGGAGGTGTGAAAT	+
978-GAAGTGAGAAGT	BRAC_HUMAN.H11MO.1.B	-1	0.00164464	1.26473	0.382244	11	GAAGTGAGAAGT	AGGTGTGAAAT	+
978-GAAGTGAGAAGT	ZFP82_HUMAN.H11MO.0.C	0	0.00204131	1.56977	0.382244	12	GAAGTGAGAAGT	GAAGAGAGAATTAGTGAAATGGAA	-
978-GAAGTGAGAAGT	SPIB_HUMAN.H11MO.0.A	8	0.00204311	1.57115	0.382244	9	GAAGTGAGAAGT	AAAAAGAGGAAGTGAAA	+
978-GAAGTGAGAAGT	TBX5_HUMAN.H11MO.0.D	-1	0.00239799	1.84405	0.382244	8	GAAGTGAGAAGT	AGGTGTGA	+
978-GAAGTGAGAAGT	TBR1_HUMAN.H11MO.0.D	1	0.00264044	2.0305	0.382244	12	GAAGTGAGAAGT	AAAGGTGTGAAAA	+
978-GAAGTGAGAAGT	IRF8_HUMAN.H11MO.0.B	7	0.00274158	2.10828	0.382244	12	GAAGTGAGAAGT	AAAAGAGGAAGTGAAAGTAA	+
978-GAAGTGAGAAGT	SPI1_HUMAN.H11MO.0.A	8	0.00336648	2.58882	0.430255	9	GAAGTGAGAAGT	AAAAAGAGGAAGTGAAA	+
980-GATGGGCCCAATTGG	ZN331_HUMAN.H11MO.0.C	1	0.000292475	0.224913	0.449826	15	GATGGGCCCAATTGG	GGCTGGGCTCAGCTGGGTGG	+
982-GCCCTGGCCCCGCCT	SP1_HUMAN.H11MO.0.A	4	1.30342e-06	0.00100233	0.00193149	15	GCCCTGGCCCCGCCT	CCCCCCCCCGGCCCCGCCCCCC	-
982-GCCCTGGCCCCGCCT	SP2_HUMAN.H11MO.0.A	0	5.62837e-06	0.00432822	0.00417025	15	GCCCTGGCCCCGCCT	CCCCCGGCCCCGCCCCCCCCCC	-
982-GCCCTGGCCCCGCCT	SP3_HUMAN.H11MO.0.B	-1	0.000133522	0.102678	0.0463946	14	GCCCTGGCCCCGCCT	CCCCGGCCCCGCCCCCCCCC	-
982-GCCCTGGCCCCGCCT	SP1_HUMAN.H11MO.1.A	-4	0.000166558	0.128083	0.0463946	11	GCCCTGGCCCCGCCT	CGGCCCCGCCCCCC	-
982-GCCCTGGCCCCGCCT	EGR4_HUMAN.H11MO.0.D	0	0.000174159	0.133928	0.0463946	11	GCCCTGGCCCCGCCT	GCCCTGCCGCC	-
982-GCCCTGGCCCCGCCT	SP4_HUMAN.H11MO.0.A	-2	0.000187849	0.144456	0.0463946	13	GCCCTGGCCCCGCCT	CCCGGCCCCGCCCCCTTCCC	-
982-GCCCTGGCCCCGCCT	KLF1_HUMAN.H11MO.0.A	-2	0.000222095	0.170791	0.0470165	13	GCCCTGGCCCCGCCT	CCCGGCCCCGCCCC	-
982-GCCCTGGCCCCGCCT	KLF12_HUMAN.H11MO.0.C	-6	0.000258724	0.198959	0.0479242	9	GCCCTGGCCCCGCCT	GCCCCGCCCCT	-
982-GCCCTGGCCCCGCCT	KLF6_HUMAN.H11MO.0.A	0	0.000351453	0.270267	0.0578673	15	GCCCTGGCCCCGCCT	CCCCCGGCCCCGCCCTTCC	-
982-GCCCTGGCCCCGCCT	KLF15_HUMAN.H11MO.0.A	3	0.0004856	0.373426	0.0700834	15	GCCCTGGCCCCGCCT	CCCCCCCCTGCTCCTCCCC	-
982-GCCCTGGCCCCGCCT	SP2_HUMAN.H11MO.1.B	-6	0.000540472	0.415623	0.0700834	9	GCCCTGGCCCCGCCT	GCCCCGCCCCCT	-
982-GCCCTGGCCCCGCCT	ZN281_HUMAN.H11MO.0.A	0	0.000567528	0.436429	0.0700834	15	GCCCTGGCCCCGCCT	TCCCCTCCCCCACCC	-
982-GCCCTGGCCCCGCCT	ZN320_HUMAN.H11MO.0.C	7	0.000812274	0.624638	0.0925908	13	GCCCTGGCCCCGCCT	CACTGGCCCCCTGGTCCCAC	-
982-GCCCTGGCCCCGCCT	KLF3_HUMAN.H11MO.0.B	-2	0.00111929	0.860737	0.118474	13	GCCCTGGCCCCGCCT	CCCGGCCCCGCCCCTCCCC	-
982-GCCCTGGCCCCGCCT	KLF9_HUMAN.H11MO.0.C	1	0.00136754	1.05164	0.125661	14	GCCCTGGCCCCGCCT	GGCCACGCCCCCTCC	-
982-GCCCTGGCCCCGCCT	ZN148_HUMAN.H11MO.0.D	-1	0.00136754	1.05164	0.125661	14	GCCCTGGCCCCGCCT	CCCCTCCCCCACCCC	-
982-GCCCTGGCCCCGCCT	KLF16_HUMAN.H11MO.0.D	2	0.00144158	1.10858	0.125661	15	GCCCTGGCCCCGCCT	CCCCCCCCCCCCCGCCCCC	-
982-GCCCTGGCCCCGCCT	ZN554_HUMAN.H11MO.1.D	-4	0.00168776	1.29789	0.127201	9	GCCCTGGCCCCGCCT	TGGCTCTGC	-
982-GCCCTGGCCCCGCCT	PATZ1_HUMAN.H11MO.0.C	6	0.00171677	1.32019	0.127201	15	GCCCTGGCCCCGCCT	CCTCCCCCCCCGCCCCCTCCCC	-
982-GCCCTGGCCCCGCCT	ZN770_HUMAN.H11MO.0.C	4	0.00171677	1.32019	0.127201	15	GCCCTGGCCCCGCCT	GATCCTCCCGCCTCAGCCTCCC	-
982-GCCCTGGCCCCGCCT	SP4_HUMAN.H11MO.1.A	2	0.0018549	1.42642	0.130891	14	GCCCTGGCCCCGCCT	CGGCCCCGCCCCCTCC	-
982-GCCCTGGCCCCGCCT	E2F7_HUMAN.H11MO.0.B	-3	0.00236895	1.82172	0.15524	12	GCCCTGGCCCCGCCT	CCTTTCCCGCCCC	-
982-GCCCTGGCCCCGCCT	PURA_HUMAN.H11MO.0.D	-1	0.00245841	1.89052	0.15524	14	GCCCTGGCCCCGCCT	CCCTGCCCCCCCCTTCC	-
982-GCCCTGGCCCCGCCT	ZN335_HUMAN.H11MO.0.A	5	0.00255438	1.96432	0.15524	15	GCCCTGGCCCCGCCT	GGCTGTCCTCGGCGCTGCCTGA	+
982-GCCCTGGCCCCGCCT	PLAL1_HUMAN.H11MO.0.D	-4	0.0027047	2.07991	0.15524	10	GCCCTGGCCCCGCCT	GGGCCCCCCG	-
982-GCCCTGGCCCCGCCT	KLF5_HUMAN.H11MO.0.A	-2	0.00272375	2.09457	0.15524	13	GCCCTGGCCCCGCCT	CCCAGCCCCACCCT	-
982-GCCCTGGCCCCGCCT	ZBT17_HUMAN.H11MO.0.A	2	0.0031607	2.43058	0.171574	15	GCCCTGGCCCCGCCT	CTTCCCCTCCCCCACCCTC	-
982-GCCCTGGCCCCGCCT	ZN257_HUMAN.H11MO.0.C	0	0.0032419	2.49302	0.171574	12	GCCCTGGCCCCGCCT	GCTCTTGCCTCT	+
982-GCCCTGGCCCCGCCT	ZFX_HUMAN.H11MO.0.A	-2	0.00342097	2.63073	0.174808	10	GCCCTGGCCCCGCCT	CCAGGCCCCG	+
982-GCCCTGGCCCCGCCT	COT1_HUMAN.H11MO.1.C	-1	0.00375137	2.8848	0.179952	13	GCCCTGGCCCCGCCT	CCCTGACCTCTGC	-
982-GCCCTGGCCCCGCCT	RFX1_HUMAN.H11MO.0.B	5	0.00376453	2.89492	0.179952	15	GCCCTGGCCCCGCCT	CCGTCGCCATGGCAACCGGGGC	-
982-GCCCTGGCCCCGCCT	TBX15_HUMAN.H11MO.0.D	5	0.00400891	3.08285	0.185646	14	GCCCTGGCCCCGCCT	CCCCCACCCCCCCCCCCCC	-
982-GCCCTGGCCCCGCCT	ZFX_HUMAN.H11MO.1.A	-1	0.00435153	3.34633	0.195406	14	GCCCTGGCCCCGCCT	CCCCGGCCTCCGCCCCC	-
982-GCCCTGGCCCCGCCT	EGR1_HUMAN.H11MO.0.A	0	0.00500346	3.84766	0.218072	15	GCCCTGGCCCCGCCT	CCCCCGCCCACGCCCTC	-
982-GCCCTGGCCCCGCCT	ZBT7B_HUMAN.H11MO.0.D	6	0.00517543	3.9799	0.219122	15	GCCCTGGCCCCGCCT	CCCGTTGCCATGGCAACGGCG	-
982-GCCCTGGCCCCGCCT	TBX1_HUMAN.H11MO.0.D	6	0.00553422	4.25581	0.223378	14	GCCCTGGCCCCGCCT	CCGCCCACCCCTGCCCACCC	-
982-GCCCTGGCCCCGCCT	HAND1_HUMAN.H11MO.1.D	0	0.00562005	4.32182	0.223378	7	GCCCTGGCCCCGCCT	GGCCTGG	+
982-GCCCTGGCCCCGCCT	RFX2_HUMAN.H11MO.0.A	5	0.00572816	4.40495	0.223378	13	GCCCTGGCCCCGCCT	CGGTTGCCATGGCAACGG	+
982-GCCCTGGCCCCGCCT	KLF4_HUMAN.H11MO.0.A	-6	0.00605084	4.6531	0.227133	9	GCCCTGGCCCCGCCT	GCCACACCCT	-
982-GCCCTGGCCCCGCCT	ZF64A_HUMAN.H11MO.0.D	5	0.00637279	4.90067	0.227133	11	GCCCTGGCCCCGCCT	CAGGTTCCCGGGCCCC	-
982-GCCCTGGCCCCGCCT	RORA_HUMAN.H11MO.0.C	-1	0.0064617	4.96905	0.227133	13	GCCCTGGCCCCGCCT	CCCTGACCTAGTT	-
982-GCCCTGGCCCCGCCT	AP2D_HUMAN.H11MO.0.D	1	0.00650101	4.99927	0.227133	13	GCCCTGGCCCCGCCT	CGCCCGAGGCGCGT	+
982-GCCCTGGCCCCGCCT	ZN816_HUMAN.H11MO.1.C	0	0.0068133	5.23943	0.227133	14	GCCCTGGCCCCGCCT	TGCATGTCCCCCTT	-
982-GCCCTGGCCCCGCCT	RFX1_HUMAN.H11MO.1.B	-1	0.00689737	5.30408	0.227133	11	GCCCTGGCCCCGCCT	CCATGGCAACC	-
982-GCCCTGGCCCCGCCT	MAZ_HUMAN.H11MO.0.A	5	0.00725431	5.57857	0.233694	15	GCCCTGGCCCCGCCT	CCCCCCCCCCCCCCCCTCCCCC	-
982-GCCCTGGCCCCGCCT	E2F4_HUMAN.H11MO.0.A	-4	0.00862089	6.62946	0.258866	11	GCCCTGGCCCCGCCT	ATTTCCCGCCCCC	-
982-GCCCTGGCCCCGCCT	ZN322_HUMAN.H11MO.0.B	4	0.00873448	6.71681	0.258866	15	GCCCTGGCCCCGCCT	CCAGGCTCTGTACCAGGCTC	-
982-GCCCTGGCCCCGCCT	NFIB_HUMAN.H11MO.0.D	-1	0.00935589	7.19468	0.271846	9	GCCCTGGCCCCGCCT	CCCTGGCAG	+
982-GCCCTGGCCCCGCCT	TFCP2_HUMAN.H11MO.0.D	-1	0.00955853	7.35051	0.272393	14	GCCCTGGCCCCGCCT	GCCTGAACTGGCCAGA	+
982-GCCCTGGCCCCGCCT	THB_HUMAN.H11MO.0.C	1	0.0103139	7.9314	0.276361	15	GCCCTGGCCCCGCCT	TGACCTGACCTGACCTC	-
982-GCCCTGGCCCCGCCT	TFDP1_HUMAN.H11MO.0.C	-4	0.0103243	7.93938	0.276361	11	GCCCTGGCCCCGCCT	TTTTCCCGCCCCCC	-
982-GCCCTGGCCCCGCCT	WT1_HUMAN.H11MO.0.C	-1	0.0104414	8.02947	0.276361	14	GCCCTGGCCCCGCCT	CCCCCCCTCCTCCCCCGCCC	-
982-GCCCTGGCCCCGCCT	EGR2_HUMAN.H11MO.1.A	0	0.0104438	8.03125	0.276361	15	GCCCTGGCCCCGCCT	CCCCCGCCCACGCCCC	-
982-GCCCTGGCCCCGCCT	BACH1_HUMAN.H11MO.0.A	-1	0.0109131	8.39219	0.277025	13	GCCCTGGCCCCGCCT	GCATGACTCAGCA	-
982-GCCCTGGCCCCGCCT	RFX2_HUMAN.H11MO.1.A	-1	0.0109505	8.42093	0.277025	12	GCCCTGGCCCCGCCT	CCATGGCAACCG	-
982-GCCCTGGCCCCGCCT	RARA_HUMAN.H11MO.1.A	-1	0.0110297	8.48181	0.277025	10	GCCCTGGCCCCGCCT	CCCTGACCTT	-
982-GCCCTGGCCCCGCCT	PPARG_HUMAN.H11MO.0.A	1	0.0117653	9.04752	0.290577	15	GCCCTGGCCCCGCCT	TGACCTTTGCCCCACTT	-
982-GCCCTGGCCCCGCCT	MAZ_HUMAN.H11MO.1.A	-6	0.0121416	9.3369	0.294955	9	GCCCTGGCCCCGCCT	CCCCCTCCCTC	-
982-GCCCTGGCCCCGCCT	THA_HUMAN.H11MO.0.C	2	0.0134041	10.3078	0.313598	15	GCCCTGGCCCCGCCT	CTGACCTGAAGTGACCC	-
982-GCCCTGGCCCCGCCT	E2F4_HUMAN.H11MO.1.A	0	0.0135299	10.4045	0.313598	14	GCCCTGGCCCCGCCT	TCAAATTTCCCGCC	-
982-GCCCTGGCCCCGCCT	ZN554_HUMAN.H11MO.0.C	7	0.0135884	10.4495	0.313598	13	GCCCTGGCCCCGCCT	AGCACCCCACATGGCTCAGC	-
982-GCCCTGGCCCCGCCT	E2F6_HUMAN.H11MO.0.A	-3	0.0137586	10.5804	0.313598	12	GCCCTGGCCCCGCCT	CCCTTCCCGCCCC	-
982-GCCCTGGCCCCGCCT	EGR2_HUMAN.H11MO.0.A	-1	0.0139672	10.7408	0.313598	14	GCCCTGGCCCCGCCT	CCCCTCCCACACCCCCCC	-
982-GCCCTGGCCCCGCCT	COT1_HUMAN.H11MO.0.C	-1	0.0146114	11.2361	0.322271	14	GCCCTGGCCCCGCCT	CCCTGACCTCTGACCCC	-
982-GCCCTGGCCCCGCCT	ZN740_HUMAN.H11MO.0.D	-3	0.0147884	11.3723	0.322271	12	GCCCTGGCCCCGCCT	CCCACCCCCCCCCC	-
982-GCCCTGGCCCCGCCT	ZN467_HUMAN.H11MO.0.C	6	0.016876	12.9776	0.358544	15	GCCCTGGCCCCGCCT	CCCCCCCCCCCCTCCCCTCCCC	-
982-GCCCTGGCCCCGCCT	SRBP2_HUMAN.H11MO.0.B	-2	0.0172752	13.2846	0.358544	13	GCCCTGGCCCCGCCT	CCTCACCCCACCC	-
982-GCCCTGGCCCCGCCT	ZN816_HUMAN.H11MO.0.C	3	0.0173318	13.3282	0.358544	15	GCCCTGGCCCCGCCT	CCCTGCATGTCCCCCTTTTTT	-
982-GCCCTGGCCCCGCCT	TBX20_HUMAN.H11MO.0.D	-1	0.0176357	13.5619	0.358544	14	GCCCTGGCCCCGCCT	ACCTGTCAGCACCT	-
982-GCCCTGGCCCCGCCT	PLAG1_HUMAN.H11MO.0.D	0	0.0180823	13.9053	0.358544	15	GCCCTGGCCCCGCCT	CCCCTCCTGATGCCCCC	-
982-GCCCTGGCCCCGCCT	RXRA_HUMAN.H11MO.0.A	4	0.0183562	14.1159	0.358544	15	GCCCTGGCCCCGCCT	CTCTGACCTCTGCCTCCCCC	-
982-GCCCTGGCCCCGCCT	RFX4_HUMAN.H11MO.0.D	3	0.0185587	14.2717	0.358544	12	GCCCTGGCCCCGCCT	GTTACCATGGCAACG	-
982-GCCCTGGCCCCGCCT	ZSC31_HUMAN.H11MO.0.C	7	0.0188274	14.4783	0.358544	11	GCCCTGGCCCCGCCT	CATAACTGCCCTGCTGCC	-
982-GCCCTGGCCCCGCCT	CTCFL_HUMAN.H11MO.0.A	-4	0.0188618	14.5047	0.358544	11	GCCCTGGCCCCGCCT	CGGCGCCCCCTGGCGGC	-
982-GCCCTGGCCCCGCCT	HIC2_HUMAN.H11MO.0.D	-1	0.0189385	14.5637	0.358544	11	GCCCTGGCCCCGCCT	GCCTGGCATGG	-
982-GCCCTGGCCCCGCCT	TAF1_HUMAN.H11MO.0.A	-3	0.0191144	14.699	0.358544	12	GCCCTGGCCCCGCCT	CCGCCGCCGCCATCTT	-
982-GCCCTGGCCCCGCCT	ZN449_HUMAN.H11MO.0.C	-4	0.0218831	16.8281	0.395461	11	GCCCTGGCCCCGCCT	AAGCCCAACCA	-
982-GCCCTGGCCCCGCCT	KLF14_HUMAN.H11MO.0.D	-1	0.0225777	17.3623	0.399672	13	GCCCTGGCCCCGCCT	GCCACGCCCCCCT	-
982-GCCCTGGCCCCGCCT	ZN329_HUMAN.H11MO.0.C	3	0.0226555	17.4221	0.399672	15	GCCCTGGCCCCGCCT	CTGGATCCAGCCATGCCTGA	+
982-GCCCTGGCCCCGCCT	ZKSC3_HUMAN.H11MO.0.D	-3	0.0229536	17.6513	0.400167	11	GCCCTGGCCCCGCCT	CTAGCCTCGAA	-
982-GCCCTGGCCCCGCCT	P73_HUMAN.H11MO.0.A	1	0.023613	18.1584	0.406876	15	GCCCTGGCCCCGCCT	AGACATGCCCAGACATGCC	+
982-GCCCTGGCCCCGCCT	PPARA_HUMAN.H11MO.0.B	1	0.0242244	18.6286	0.412613	15	GCCCTGGCCCCGCCT	TGACCTTTGCCCCAGTT	-
982-GCCCTGGCCCCGCCT	NFIA_HUMAN.H11MO.1.D	-2	0.0250104	19.233	0.421159	7	GCCCTGGCCCCGCCT	CTTGGCA	+
982-GCCCTGGCCCCGCCT	ZN263_HUMAN.H11MO.0.A	2	0.025659	19.7318	0.427226	15	GCCCTGGCCCCGCCT	CTCCTCCTCTCCCTCCTCCC	-
982-GCCCTGGCCCCGCCT	ZN770_HUMAN.H11MO.1.C	-7	0.0264571	20.3455	0.435621	8	GCCCTGGCCCCGCCT	CTCAGCCTCCC	-
982-GCCCTGGCCCCGCCT	SMAD3_HUMAN.H11MO.0.B	-1	0.027876	21.4367	0.445862	12	GCCCTGGCCCCGCCT	CTCTGTCACCTG	+
982-GCCCTGGCCCCGCCT	ZN219_HUMAN.H11MO.0.D	-4	0.027876	21.4367	0.445862	11	GCCCTGGCCCCGCCT	TCCGCCCCCCTC	-
982-GCCCTGGCCCCGCCT	VEZF1_HUMAN.H11MO.0.C	-1	0.0279818	21.518	0.445862	14	GCCCTGGCCCCGCCT	CCCCTCCCCCTCCCCCCTCCCC	-
982-GCCCTGGCCCCGCCT	P53_HUMAN.H11MO.0.A	1	0.0290216	22.3176	0.453218	15	GCCCTGGCCCCGCCT	AGACATGCCCAGACATGCCC	+
982-GCCCTGGCCCCGCCT	E2F3_HUMAN.H11MO.0.A	-5	0.0290551	22.3433	0.453218	10	GCCCTGGCCCCGCCT	TTTCCCGCCCT	-
982-GCCCTGGCCCCGCCT	E2F1_HUMAN.H11MO.0.A	-4	0.030733	23.6337	0.466111	11	GCCCTGGCCCCGCCT	CTTTCCCGCCCCCC	-
982-GCCCTGGCCCCGCCT	NR1H4_HUMAN.H11MO.1.B	-2	0.0312454	24.0277	0.466111	8	GCCCTGGCCCCGCCT	ACTGACCT	-
982-GCCCTGGCCCCGCCT	NR1H4_HUMAN.H11MO.0.B	4	0.0314489	24.1842	0.466111	15	GCCCTGGCCCCGCCT	GGGGTCAATGACCCCGAGG	+
982-GCCCTGGCCCCGCCT	ZN341_HUMAN.H11MO.0.C	0	0.0316442	24.3344	0.466111	15	GCCCTGGCCCCGCCT	GCTCTTCCCTCCCCCCCCCCCC	-
982-GCCCTGGCCCCGCCT	RARB_HUMAN.H11MO.0.D	0	0.0318815	24.5168	0.466111	11	GCCCTGGCCCCGCCT	GCCCTGACCTC	-
982-GCCCTGGCCCCGCCT	PPARD_HUMAN.H11MO.0.D	1	0.0320397	24.6385	0.466111	13	GCCCTGGCCCCGCCT	TGACCTTTGTCCTA	-
982-GCCCTGGCCCCGCCT	THB_HUMAN.H11MO.1.D	1	0.0320834	24.6721	0.466111	9	GCCCTGGCCCCGCCT	TGACCTGACC	-
982-GCCCTGGCCCCGCCT	NFIC_HUMAN.H11MO.1.A	-1	0.0324475	24.9522	0.466331	9	GCCCTGGCCCCGCCT	TCTTGGCAG	+
982-GCCCTGGCCCCGCCT	NR1H3_HUMAN.H11MO.0.B	1	0.0327435	25.1798	0.466331	15	GCCCTGGCCCCGCCT	TGACCTGCAGTGACCTCTG	-
982-GCCCTGGCCCCGCCT	MAFK_HUMAN.H11MO.1.A	-1	0.0333573	25.6518	0.466331	13	GCCCTGGCCCCGCCT	TGCTGACTCAGCA	-
982-GCCCTGGCCCCGCCT	VDR_HUMAN.H11MO.1.A	-3	0.0341416	26.2549	0.472835	9	GCCCTGGCCCCGCCT	CTGAACCCA	-
982-GCCCTGGCCCCGCCT	RARG_HUMAN.H11MO.1.B	-3	0.0348278	26.7825	0.477871	8	GCCCTGGCCCCGCCT	CTGACCTC	-
982-GCCCTGGCCCCGCCT	THAP1_HUMAN.H11MO.0.C	0	0.0357363	27.4812	0.485838	15	GCCCTGGCCCCGCCT	GCCCGCAGCCAAGATGGCGGCG	-
982-GCCCTGGCCCCGCCT	STF1_HUMAN.H11MO.0.B	1	0.0365868	28.1353	0.492879	10	GCCCTGGCCCCGCCT	TGGCCTTGAGC	-
984-GCGAGTTCCGGG	STAT1_HUMAN.H11MO.0.A	0	0.000825064	0.634474	0.495945	12	GCGAGTTCCGGG	GTGATTTCCAGGAAAGGGG	-
984-GCGAGTTCCGGG	ELK1_HUMAN.H11MO.0.B	-1	0.000925086	0.711391	0.495945	11	GCGAGTTCCGGG	CCACTTCCGGT	-
984-GCGAGTTCCGGG	ELK4_HUMAN.H11MO.0.A	-1	0.000967579	0.744068	0.495945	11	GCGAGTTCCGGG	CCACTTCCGGTC	-
986-GCGGCAGCCATTCGG	ZFP42_HUMAN.H11MO.0.A	-2	0.000218238	0.167825	0.335649	12	GCGGCAGCCATTCGG	GGCAGCCATTTT	+
987-GGAATAATTACGA	DLX2_HUMAN.H11MO.0.D	-3	0.000193442	0.148757	0.291266	8	GGAATAATTACGA	ATAATTAT	+
987-GGAATAATTACGA	HXA2_HUMAN.H11MO.0.D	-1	0.00119824	0.921449	0.45253	11	GGAATAATTACGA	CGCTAATTACC	-
987-GGAATAATTACGA	MEOX2_HUMAN.H11MO.0.D	-3	0.00143679	1.10489	0.45253	10	GGAATAATTACGA	TTAATTATGAT	+
987-GGAATAATTACGA	MSX2_HUMAN.H11MO.0.D	-3	0.00187861	1.44465	0.45253	7	GGAATAATTACGA	ACAATTA	-
987-GGAATAATTACGA	HXD3_HUMAN.H11MO.0.D	-1	0.00205261	1.57845	0.45253	11	GGAATAATTACGA	GGTTAATTAGG	+
987-GGAATAATTACGA	PDX1_HUMAN.H11MO.1.A	-2	0.00325534	2.50336	0.45253	9	GGAATAATTACGA	ATTAATTAT	+
987-GGAATAATTACGA	DLX3_HUMAN.H11MO.0.C	-2	0.00348519	2.68011	0.45253	10	GGAATAATTACGA	GATAATTACA	+
987-GGAATAATTACGA	LHX2_HUMAN.H11MO.0.A	-1	0.00414199	3.18519	0.45253	12	GGAATAATTACGA	AACTAATTAAAA	-
987-GGAATAATTACGA	PRRX2_HUMAN.H11MO.0.C	-3	0.00434381	3.34039	0.45253	7	GGAATAATTACGA	TTAATTG	+
987-GGAATAATTACGA	HNF1B_HUMAN.H11MO.1.A	-2	0.00456669	3.51178	0.45253	11	GGAATAATTACGA	AATCATTAACT	-
987-GGAATAATTACGA	ZN680_HUMAN.H11MO.0.C	8	0.00456874	3.51336	0.45253	12	GGAATAATTACGA	CATGTCCAAGAAGAATGAGG	+
987-GGAATAATTACGA	PO4F3_HUMAN.H11MO.0.D	1	0.00518117	3.98432	0.45253	13	GGAATAATTACGA	ATGAATAATTAATGA	-
987-GGAATAATTACGA	FUBP1_HUMAN.H11MO.0.D	-1	0.00568857	4.37451	0.45253	12	GGAATAATTACGA	AAAAAAACACAA	-
987-GGAATAATTACGA	PO4F1_HUMAN.H11MO.0.D	1	0.00579671	4.45767	0.45253	13	GGAATAATTACGA	ATGAATAATTAATG	-
987-GGAATAATTACGA	NKX62_HUMAN.H11MO.0.D	-1	0.00601089	4.62238	0.45253	11	GGAATAATTACGA	AATTAATTACC	+
987-GGAATAATTACGA	NOBOX_HUMAN.H11MO.0.C	-3	0.00687594	5.2876	0.493005	9	GGAATAATTACGA	CTAATTGGT	+
996-TACTACAA	THA11_HUMAN.H11MO.0.B	1	0.000158935	0.122221	0.161919	8	TACTACAA	GAACTACAACTCCCAGCATGCC	-
996-TACTACAA	ZN143_HUMAN.H11MO.0.A	1	0.000210557	0.161919	0.161919	8	TACTACAA	GAACTACAATTCCCAGAATGCC	-
998-TCGAATGGAATGGAA	ZN502_HUMAN.H11MO.0.C	3	3.12015e-09	2.3994e-06	4.79468e-06	15	TCGAATGGAATGGAA	GAATGGAATCGAATGGAATC	+
998-TCGAATGGAATGGAA	SMCA5_HUMAN.H11MO.0.C	-2	2.41427e-07	0.000185657	0.000185499	13	TCGAATGGAATGGAA	GAATGGAATGGAATC	+
998-TCGAATGGAATGGAA	ZN582_HUMAN.H11MO.0.C	4	1.69441e-05	0.01303	0.00867924	15	TCGAATGGAATGGAA	CGAATGGAATCGAATGCAATCAAC	+
998-TCGAATGGAATGGAA	ZN394_HUMAN.H11MO.1.D	-2	4.15966e-05	0.0319878	0.0159802	9	TCGAATGGAATGGAA	GAATGGAAT	+
998-TCGAATGGAATGGAA	ZN394_HUMAN.H11MO.0.C	4	0.000311832	0.239799	0.0958374	15	TCGAATGGAATGGAA	AGAATGGAATAGAATGGAAT	+
998-TCGAATGGAATGGAA	PO2F1_HUMAN.H11MO.0.C	-3	0.000429685	0.330428	0.110048	12	TCGAATGGAATGGAA	AATCGAATGCAAATAA	+
998-TCGAATGGAATGGAA	ZFP82_HUMAN.H11MO.0.C	9	0.00128566	0.988676	0.282237	15	TCGAATGGAATGGAA	GAAGAGAGAATTAGTGAAATGGAA	-
998-TCGAATGGAATGGAA	TEAD1_HUMAN.H11MO.0.A	-1	0.00256578	1.97308	0.492849	12	TCGAATGGAATGGAA	TGGCTGGAATGT	-

# Tomtom (Motif Comparison Tool): Version 5.4.1 compiled on Jun 16 2022 at 10:42:36
# The format of this file is described at https://meme-suite.org/meme/doc/tomtom-output-format.html.
# tomtom -oc /home/okishinya/yoshimura/suzuki_rna/meme_bed10/TOMTOM.DRX129555.10.uniq_20220712 /home/okishinya/yoshimura/suzuki_rna/meme_bed10/STREME.DRX129555.10.uniq_20220712/streme.txt /home/yuka/reference/HOCOMOCOv11_full_HUMAN_mono_meme_format.meme
